,Start,Duration,End
0,32,10,42
1,268,80,348
2,352,42,394
3,596,79,675
4,690,62,752
5,762,48,810
6,843,14,857
7,889,160,1049
8,1067,6,1073
9,1081,39,1120
10,1150,27,1177
11,1269,11,1280
12,1343,26,1369
13,1517,15,1532
14,1633,102,1735
15,1873,60,1933
16,2038,13,2051
17,2169,47,2216
18,2255,13,2268
19,2287,5,2292
20,2474,11,2485
21,2687,111,2798
22,2871,104,2975
23,3296,2,3298
24,3356,34,3390
25,3495,26,3521
26,3608,43,3651
27,3686,29,3715
28,3819,1,3820
29,3920,74,3994
30,4039,29,4068
31,4116,8,4124
32,4150,7,4157
33,4177,128,4305
34,4338,56,4394
35,4506,9,4515
36,4517,75,4592
37,4643,69,4712
38,4859,77,4936
39,5226,1,5227
40,5274,30,5304
41,5379,28,5407
42,5422,22,5444
43,5480,40,5520
44,5603,16,5619
45,6002,40,6042
46,6140,5,6145
47,6181,74,6255
48,6476,32,6508
49,6565,124,6689
50,6840,29,6869
51,6873,123,6996
52,7007,13,7020
53,7180,66,7246
54,7284,9,7293
55,7363,17,7380
56,7445,5,7450
57,7558,73,7631
58,7755,89,7844
59,7881,107,7988
60,8164,4,8168
61,8196,38,8234
62,8286,32,8318
63,8452,67,8519
64,8583,45,8628
65,8768,58,8826
66,8840,101,8941
67,9049,62,9111
68,9512,125,9637
69,9786,2,9788
70,9979,7,9986
71,10261,65,10326
72,10338,10,10348
73,10502,7,10509
74,10527,47,10574
75,10785,5,10790
76,10860,57,10917
77,11013,215,11228
78,11329,3,11332
79,11386,6,11392
80,11394,23,11417
81,11419,38,11457
82,11659,77,11736
83,11872,122,11994
84,12060,148,12208
85,12271,30,12301
86,12400,30,12430
87,12450,12,12462
88,12621,59,12680
89,12697,30,12727
90,12782,37,12819
91,12878,55,12933
92,12987,8,12995
93,13089,8,13097
94,13205,83,13288
95,13349,2,13351
96,13377,74,13451
97,13543,142,13685
98,13917,126,14043
99,14391,114,14505
100,14689,11,14700
101,14754,3,14757
102,14766,30,14796
103,14826,67,14893
104,15282,110,15392
105,15560,31,15591
106,15628,24,15652
107,15674,20,15694
108,15702,34,15736
109,15867,92,15959
110,16008,55,16063
111,16102,45,16147
112,16215,50,16265
113,16294,7,16301
114,16308,106,16414
115,16541,4,16545
116,16708,86,16794
117,16832,25,16857
118,16865,51,16916
119,17197,14,17211
120,17222,7,17229
121,17315,38,17353
122,17444,41,17485
123,17512,32,17544
124,17591,29,17620
125,17755,1,17756
126,17757,78,17835
127,17850,34,17884
128,17900,19,17919
129,17968,117,18085
130,18165,103,18268
131,18299,26,18325
132,18334,21,18355
133,18379,10,18389
134,18522,100,18622
135,18648,41,18689
136,18774,1,18775
137,18827,31,18858
138,18938,88,19026
139,19469,44,19513
140,19552,17,19569
141,19610,54,19664
142,19693,150,19843
143,20040,24,20064
144,20182,77,20259
145,20318,35,20353
146,20491,44,20535
147,20536,37,20573
148,20602,7,20609
149,20697,188,20885
150,21062,6,21068
151,21092,103,21195
152,21197,91,21288
153,21409,2,21411
154,21652,20,21672
155,21711,64,21775
156,21792,53,21845
157,22028,91,22119
158,22230,20,22250
159,22362,18,22380
160,22496,80,22576
161,22733,59,22792
162,23148,11,23159
163,23221,11,23232
164,23296,3,23299
165,23436,46,23482
166,23622,26,23648
167,23697,95,23792
168,23924,28,23952
169,24055,7,24062
170,24067,8,24075
171,24129,13,24142
172,24292,172,24464
173,24472,95,24567
174,25095,68,25163
175,25198,30,25228
176,25286,24,25310
177,25315,133,25448
178,25484,179,25663
179,25743,23,25766
180,25782,73,25855
181,26120,20,26140
182,26313,45,26358
183,26455,16,26471
184,26484,10,26494
185,26724,90,26814
186,27004,3,27007
187,27405,10,27415
188,27423,18,27441
189,27506,1,27507
190,27595,23,27618
191,27694,7,27701
192,27721,51,27772
193,27986,16,28002
194,28212,6,28218
195,28357,159,28516
196,28653,39,28692
197,28742,27,28769
198,28851,81,28932
199,29068,142,29210
200,29386,30,29416
201,29435,29,29464
202,29827,29,29856
203,29966,272,30238
204,30299,44,30343
205,30648,12,30660
206,30736,101,30837
207,30874,53,30927
208,30953,33,30986
209,31217,48,31265
210,31648,21,31669
211,31687,80,31767
212,31859,89,31948
213,31956,6,31962
214,32036,34,32070
215,32227,47,32274
216,32312,49,32361
217,32474,30,32504
218,32569,61,32630
219,32881,9,32890
220,32919,48,32967
221,33028,77,33105
222,33115,12,33127
223,33414,30,33444
224,33476,9,33485
225,33507,1,33508
226,33611,106,33717
227,33733,28,33761
228,33792,94,33886
229,33959,40,33999
230,34511,220,34731
231,34741,34,34775
232,34830,18,34848
233,35037,43,35080
234,35292,36,35328
235,35337,24,35361
236,35371,109,35480
237,35577,28,35605
238,35691,153,35844
239,35895,147,36042
240,36142,37,36179
241,36393,34,36427
242,36595,13,36608
243,36719,19,36738
244,36888,34,36922
245,37052,270,37322
246,37680,42,37722
247,37735,39,37774
248,38048,42,38090
249,38439,30,38469
250,38656,28,38684
251,39099,5,39104
252,39171,123,39294
253,39510,7,39517
254,39576,14,39590
255,39606,72,39678
256,39821,7,39828
257,39934,45,39979
258,40124,14,40138
259,40404,15,40419
260,40520,116,40636
261,40805,42,40847
262,40953,89,41042
263,41066,101,41167
264,41556,22,41578
265,41621,13,41634
266,41732,27,41759
267,41895,43,41938
268,41955,241,42196
269,42325,28,42353
270,42383,2,42385
271,42494,24,42518
272,42610,81,42691
273,42697,17,42714
274,42733,45,42778
275,42780,10,42790
276,42804,29,42833
277,43030,102,43132
278,43182,15,43197
279,43262,113,43375
280,43404,68,43472
281,43551,11,43562
282,43697,36,43733
283,43735,10,43745
284,43768,39,43807
285,43838,15,43853
286,44395,52,44447
287,44495,8,44503
288,44599,31,44630
289,44651,59,44710
290,44728,31,44759
291,44840,17,44857
292,44866,6,44872
293,45051,13,45064
294,45098,19,45117
295,45197,11,45208
296,45375,75,45450
297,45658,68,45726
298,45736,76,45812
299,46114,73,46187
300,46193,113,46306
301,46640,42,46682
302,46770,6,46776
303,47370,111,47481
304,47491,8,47499
305,47632,8,47640
306,47667,64,47731
307,47858,78,47936
308,47992,24,48016
309,48257,120,48377
310,48438,56,48494
311,48513,61,48574
312,48643,118,48761
313,48845,21,48866
314,48932,15,48947
315,49011,191,49202
316,49252,54,49306
317,49323,13,49336
318,49382,27,49409
319,49655,8,49663
320,49683,8,49691
321,49748,1,49749
322,49768,147,49915
323,49955,11,49966
324,50107,84,50191
325,50528,32,50560
326,50677,47,50724
327,50729,44,50773
328,50953,64,51017
329,51154,65,51219
330,51246,24,51270
331,51336,30,51366
332,51375,19,51394
333,51440,87,51527
334,51651,13,51664
335,51832,43,51875
336,51941,60,52001
337,52225,52,52277
338,52577,2,52579
339,52663,8,52671
340,52706,124,52830
341,53246,10,53256
342,53562,61,53623
343,53684,16,53700
344,53737,22,53759
345,53803,12,53815
346,53825,87,53912
347,53992,28,54020
348,54169,6,54175
349,54231,53,54284
350,54430,160,54590
351,54626,82,54708
352,54752,13,54765
353,54946,31,54977
354,55016,6,55022
355,55070,11,55081
356,55274,44,55318
357,55319,26,55345
358,55428,31,55459
359,55497,23,55520
360,55648,3,55651
361,55671,98,55769
362,55829,185,56014
363,56099,29,56128
364,56233,72,56305
365,56657,84,56741
366,56848,89,56937
367,57006,29,57035
368,57090,122,57212
369,57304,25,57329
370,57345,129,57474
371,57542,67,57609
372,57820,3,57823
373,57885,15,57900
374,57992,92,58084
375,58091,60,58151
376,58276,28,58304
377,58379,68,58447
378,58463,142,58605
379,58680,20,58700
380,59133,6,59139
381,59173,8,59181
382,59216,7,59223
383,59246,42,59288
384,59339,337,59676
385,59743,33,59776
386,59837,30,59867
387,59892,8,59900
388,60083,16,60099
389,60176,33,60209
390,60245,52,60297
391,60561,116,60677
392,60757,22,60779
393,60912,142,61054
394,61106,68,61174
395,61380,46,61426
396,61648,98,61746
397,61892,17,61909
398,61937,7,61944
399,62138,97,62235
400,62278,62,62340
401,62345,8,62353
402,62429,124,62553
403,62610,8,62618
404,62803,62,62865
405,62906,88,62994
406,63117,19,63136
407,63216,49,63265
408,63360,34,63394
409,63437,11,63448
410,63512,16,63528
411,63888,14,63902
412,63951,60,64011
413,64092,9,64101
414,64124,19,64143
415,64247,41,64288
416,64466,76,64542
417,64773,22,64795
418,64845,59,64904
419,64939,26,64965
420,65014,19,65033
421,65118,1,65119
422,65229,32,65261
423,65353,22,65375
424,65389,46,65435
425,65540,35,65575
426,65730,30,65760
427,65855,309,66164
428,66402,58,66460
429,66528,10,66538
430,66621,159,66780
431,66798,25,66823
432,66884,132,67016
433,67069,8,67077
434,67738,46,67784
435,67895,60,67955
436,68067,26,68093
437,68115,60,68175
438,68330,59,68389
439,68450,26,68476
440,68519,31,68550
441,68564,265,68829
442,68935,132,69067
443,69194,74,69268
444,69289,8,69297
445,69304,15,69319
446,69389,18,69407
447,69472,116,69588
448,69663,1,69664
449,69803,11,69814
450,70092,93,70185
451,70321,36,70357
452,70423,45,70468
453,70636,72,70708
454,70737,57,70794
455,70806,29,70835
456,71015,46,71061
457,71171,54,71225
458,71247,41,71288
459,71384,12,71396
460,71404,27,71431
461,71435,156,71591
462,71625,57,71682
463,71956,40,71996
464,72014,17,72031
465,72069,71,72140
466,72179,128,72307
467,72335,200,72535
468,72575,62,72637
469,72644,75,72719
470,72791,24,72815
471,72841,11,72852
472,73382,64,73446
473,73531,62,73593
474,73687,89,73776
475,74022,2,74024
476,74238,22,74260
477,74373,31,74404
478,74693,27,74720
479,74771,47,74818
480,74870,117,74987
481,75011,58,75069
482,75079,20,75099
483,75269,17,75286
484,75362,41,75403
485,75491,22,75513
486,75521,25,75546
487,75589,70,75659
488,75726,101,75827
489,75909,106,76015
490,76204,17,76221
491,76426,136,76562
492,76593,73,76666
493,76730,163,76893
494,76917,2,76919
495,76971,188,77159
496,77394,227,77621
497,77666,32,77698
498,77722,12,77734
499,77880,81,77961
500,78660,6,78666
501,78765,17,78782
502,78853,5,78858
503,79053,51,79104
504,79186,150,79336
505,79371,44,79415
506,79462,18,79480
507,79514,23,79537
508,79543,36,79579
509,79597,24,79621
510,79626,48,79674
511,79818,142,79960
512,80014,31,80045
513,80085,4,80089
514,80090,16,80106
515,80261,32,80293
516,80335,43,80378
517,80501,25,80526
518,80548,56,80604
519,80630,1,80631
520,80633,7,80640
521,80729,62,80791
522,80828,1,80829
523,80986,29,81015
524,81150,12,81162
525,81280,53,81333
526,81356,25,81381
527,81466,31,81497
528,81561,60,81621
529,81649,87,81736
530,81764,21,81785
531,81916,9,81925
532,81939,1,81940
533,82072,15,82087
534,82247,14,82261
535,82283,178,82461
536,82468,33,82501
537,82504,102,82606
538,82630,2,82632
539,82633,6,82639
540,82677,31,82708
541,82821,75,82896
542,82934,85,83019
543,83039,9,83048
544,83056,21,83077
545,83134,9,83143
546,83223,3,83226
547,83248,19,83267
548,83309,57,83366
549,83367,49,83416
550,83520,26,83546
551,83583,27,83610
552,83642,28,83670
553,83702,130,83832
554,83838,38,83876
555,83886,113,83999
556,84051,36,84087
557,84403,52,84455
558,84487,2,84489
559,84582,4,84586
560,84725,41,84766
561,84782,13,84795
562,84996,62,85058
563,85091,22,85113
564,85150,39,85189
565,85240,133,85373
566,85494,21,85515
567,85570,55,85625
568,85641,40,85681
569,85910,129,86039
570,86081,34,86115
571,86166,8,86174
572,86236,28,86264
573,86354,47,86401
574,86685,28,86713
575,86919,103,87022
576,87051,4,87055
577,87090,10,87100
578,87113,204,87317
579,87840,97,87937
580,87961,4,87965
581,87977,4,87981
582,88078,68,88146
583,88162,111,88273
584,88474,32,88506
585,88518,33,88551
586,88590,62,88652
587,88656,226,88882
588,89006,37,89043
589,89093,71,89164
590,89257,119,89376
591,89377,105,89482
592,89533,166,89699
593,89718,72,89790
594,89846,79,89925
595,89964,17,89981
596,90038,15,90053
597,90175,52,90227
598,90580,13,90593
599,90641,129,90770
600,90790,44,90834
601,90877,22,90899
602,91244,128,91372
603,91473,2,91475
604,91713,46,91759
605,91915,39,91954
606,91987,78,92065
607,92130,44,92174
608,92216,72,92288
609,92349,57,92406
610,92455,4,92459
611,92503,43,92546
612,92643,16,92659
613,92764,48,92812
614,92960,2,92962
615,93082,14,93096
616,93166,48,93214
617,93303,14,93317
618,93466,20,93486
619,93513,44,93557
620,93653,11,93664
621,93749,116,93865
622,93932,25,93957
623,93960,54,94014
624,94092,35,94127
625,94144,26,94170
626,94415,2,94417
627,94676,33,94709
628,94822,167,94989
629,95016,143,95159
630,95259,82,95341
631,95461,55,95516
632,95562,19,95581
633,95776,18,95794
634,95955,12,95967
635,96021,50,96071
636,96124,57,96181
637,96391,88,96479
638,96507,49,96556
639,96588,80,96668
640,96888,106,96994
641,97054,134,97188
642,97551,160,97711
643,97714,180,97894
644,97962,82,98044
645,98147,28,98175
646,98191,1,98192
647,98655,92,98747
648,98815,6,98821
649,98887,2,98889
650,98923,14,98937
651,98971,98,99069
652,99075,87,99162
653,99166,97,99263
654,99396,26,99422
655,99524,15,99539
656,99598,30,99628
657,99685,249,99934
658,99963,156,100119
659,100183,107,100290
660,100394,84,100478
661,100580,85,100665
662,100728,61,100789
663,100849,60,100909
664,101029,12,101041
665,101072,147,101219
666,101292,30,101322
667,101612,15,101627
668,101765,54,101819
669,102009,92,102101
670,102130,83,102213
671,102350,117,102467
672,102640,186,102826
673,102970,41,103011
674,103233,14,103247
675,103305,88,103393
676,103425,1,103426
677,103611,101,103712
678,103750,71,103821
679,103858,14,103872
680,103914,114,104028
681,104213,116,104329
682,104344,28,104372
683,104506,48,104554
684,104819,13,104832
685,104843,4,104847
686,105097,50,105147
687,105299,107,105406
688,105443,13,105456
689,105457,50,105507
690,105523,212,105735
691,105754,36,105790
692,105918,58,105976
693,106112,80,106192
694,106218,63,106281
695,106379,134,106513
696,106613,32,106645
697,106669,93,106762
698,106977,8,106985
699,107028,41,107069
700,107208,23,107231
701,107280,21,107301
702,107527,132,107659
703,107703,17,107720
704,107721,6,107727
705,107869,7,107876
706,108248,98,108346
707,108702,60,108762
708,108799,34,108833
709,108856,120,108976
710,109394,54,109448
711,109553,34,109587
712,109657,44,109701
713,109892,91,109983
714,110220,75,110295
715,110401,31,110432
716,110518,15,110533
717,110578,11,110589
718,110685,75,110760
719,110880,22,110902
720,110944,20,110964
721,110968,6,110974
722,111034,90,111124
723,111485,56,111541
724,111744,12,111756
725,111820,83,111903
726,112122,1,112123
727,112430,90,112520
728,112531,93,112624
729,112639,71,112710
730,112721,212,112933
731,112974,117,113091
732,113164,5,113169
733,113328,30,113358
734,113372,10,113382
735,113410,37,113447
736,113524,93,113617
737,113785,65,113850
738,113860,11,113871
739,113927,8,113935
740,114014,224,114238
741,114336,49,114385
742,114430,81,114511
743,114517,8,114525
744,114545,60,114605
745,114676,34,114710
746,114760,38,114798
747,114898,25,114923
748,114993,3,114996
749,115016,102,115118
750,115335,2,115337
751,115385,39,115424
752,115430,14,115444
753,115457,9,115466
754,115662,36,115698
755,115779,17,115796
756,115853,11,115864
757,115885,123,116008
758,116063,32,116095
759,116519,42,116561
760,116722,255,116977
761,117056,24,117080
762,117103,3,117106
763,117143,7,117150
764,117174,55,117229
765,117249,192,117441
766,117488,1,117489
767,117535,48,117583
768,117787,130,117917
769,118014,11,118025
770,118463,43,118506
771,118600,69,118669
772,118704,40,118744
773,118912,34,118946
774,119526,3,119529
775,119593,51,119644
776,119942,4,119946
777,119969,6,119975
778,119985,13,119998
779,120052,164,120216
780,120236,2,120238
781,120266,123,120389
782,120509,53,120562
783,120582,177,120759
784,120872,59,120931
785,120941,8,120949
786,120963,76,121039
787,121179,19,121198
788,121292,35,121327
789,121407,12,121419
790,121422,128,121550
791,121639,57,121696
792,121745,11,121756
793,121884,40,121924
794,121978,1,121979
795,122071,53,122124
796,122199,23,122222
797,122316,81,122397
798,122477,34,122511
799,122582,120,122702
800,122881,8,122889
801,122906,61,122967
802,123418,6,123424
803,123702,29,123731
804,123788,26,123814
805,123830,234,124064
806,124113,34,124147
807,124155,2,124157
808,124257,106,124363
809,124434,24,124458
810,124634,14,124648
811,124902,13,124915
812,125112,16,125128
813,125378,89,125467
814,125681,3,125684
815,125815,16,125831
816,125846,5,125851
817,125914,63,125977
818,126054,60,126114
819,126185,63,126248
820,126313,9,126322
821,126340,7,126347
822,126469,64,126533
823,126643,5,126648
824,126651,86,126737
825,126760,18,126778
826,126780,2,126782
827,126818,40,126858
828,126932,91,127023
829,127030,86,127116
830,127167,42,127209
831,127214,90,127304
832,127306,89,127395
833,127411,56,127467
834,127571,42,127613
835,127620,4,127624
836,127722,50,127772
837,127877,4,127881
838,127885,159,128044
839,128088,51,128139
840,128199,37,128236
841,128343,51,128394
842,128481,101,128582
843,128595,22,128617
844,128626,17,128643
845,128840,1,128841
846,128871,2,128873
847,129077,9,129086
848,129093,24,129117
849,129165,27,129192
850,129274,23,129297
851,129349,64,129413
852,129414,51,129465
853,129670,95,129765
854,129933,73,130006
855,130048,38,130086
856,130150,12,130162
857,130179,39,130218
858,130364,10,130374
859,130481,160,130641
860,130797,32,130829
861,130905,28,130933
862,131076,31,131107
863,131116,49,131165
864,131193,11,131204
865,131319,14,131333
866,131470,139,131609
867,131738,160,131898
868,131985,24,132009
869,132023,83,132106
870,132147,40,132187
871,132223,59,132282
872,132692,63,132755
873,132786,137,132923
874,133010,30,133040
875,133244,23,133267
876,133380,17,133397
877,133442,13,133455
878,133837,221,134058
879,134513,40,134553
880,134564,10,134574
881,134593,30,134623
882,134675,65,134740
883,134780,14,134794
884,134800,43,134843
885,134931,8,134939
886,135035,10,135045
887,135057,44,135101
888,135118,29,135147
889,135242,48,135290
890,135361,26,135387
891,135482,68,135550
892,135766,68,135834
893,135854,5,135859
894,135961,27,135988
895,136148,7,136155
896,136195,31,136226
897,136240,27,136267
898,136517,31,136548
899,136627,6,136633
900,136679,104,136783
901,136928,11,136939
902,136971,70,137041
903,137088,5,137093
904,137140,7,137147
905,137276,30,137306
906,137389,31,137420
907,137455,12,137467
908,137473,42,137515
909,137871,80,137951
910,138075,63,138138
911,138432,54,138486
912,138526,219,138745
913,138831,84,138915
914,139249,35,139284
915,139318,13,139331
916,139443,42,139485
917,139675,18,139693
918,139737,58,139795
919,140064,45,140109
920,140137,3,140140
921,140349,2,140351
922,140385,257,140642
923,140710,1,140711
924,140863,13,140876
925,141072,5,141077
926,141232,12,141244
927,141246,47,141293
928,141512,80,141592
929,141681,51,141732
930,141760,37,141797
931,141834,52,141886
932,141907,62,141969
933,141985,276,142261
934,142320,80,142400
935,142426,111,142537
936,142548,156,142704
937,142719,21,142740
938,142791,25,142816
939,142854,24,142878
940,142884,59,142943
941,142964,211,143175
942,143198,21,143219
943,143386,40,143426
944,143517,113,143630
945,143865,105,143970
946,144117,36,144153
947,144241,14,144255
948,144271,18,144289
949,144306,6,144312
950,144439,9,144448
951,144472,32,144504
952,144573,7,144580
953,144643,151,144794
954,144829,61,144890
955,144934,48,144982
956,145036,4,145040
957,145062,84,145146
958,145154,18,145172
959,145201,13,145214
960,145296,17,145313
961,145393,26,145419
962,145588,23,145611
963,145760,48,145808
964,145827,31,145858
965,145936,179,146115
966,146254,53,146307
967,146312,40,146352
968,146362,23,146385
969,146436,24,146460
970,146536,29,146565
971,146570,31,146601
972,146697,16,146713
973,146887,36,146923
974,146952,11,146963
975,147047,19,147066
976,147073,5,147078
977,147095,103,147198
978,147206,11,147217
979,147219,87,147306
980,147349,101,147450
981,147680,55,147735
982,147844,88,147932
983,147999,29,148028
984,148061,52,148113
985,148138,73,148211
986,148446,21,148467
987,148536,15,148551
988,148651,21,148672
989,148689,65,148754
990,148759,193,148952
991,149048,101,149149
992,149153,50,149203
993,149326,95,149421
994,149434,19,149453
995,149514,13,149527
996,149871,33,149904
997,149914,195,150109
998,150145,76,150221
999,150394,71,150465
1000,150519,96,150615
1001,150710,19,150729
1002,150761,68,150829
1003,150878,131,151009
1004,151115,125,151240
1005,151331,23,151354
1006,151360,86,151446
1007,151462,139,151601
1008,151677,3,151680
1009,151792,1,151793
1010,151883,70,151953
1011,152041,90,152131
1012,152142,84,152226
1013,152314,109,152423
1014,152435,6,152441
1015,152479,2,152481
1016,152510,11,152521
1017,152611,65,152676
1018,152715,60,152775
1019,152787,73,152860
1020,153005,20,153025
1021,153044,76,153120
1022,153394,38,153432
1023,153541,27,153568
1024,153625,16,153641
1025,153647,127,153774
1026,153886,22,153908
1027,153909,55,153964
1028,154070,141,154211
1029,154241,3,154244
1030,154247,37,154284
1031,154314,83,154397
1032,154535,46,154581
1033,154630,83,154713
1034,154816,25,154841
1035,154872,23,154895
1036,154921,35,154956
1037,155296,124,155420
1038,155440,8,155448
1039,155494,15,155509
1040,155516,97,155613
1041,155733,24,155757
1042,155769,73,155842
1043,155947,20,155967
1044,156076,7,156083
1045,156093,12,156105
1046,156226,34,156260
1047,156302,14,156316
1048,156409,69,156478
1049,156646,22,156668
1050,156841,10,156851
1051,156903,39,156942
1052,157009,58,157067
1053,157084,152,157236
1054,157242,49,157291
1055,157377,7,157384
1056,157573,15,157588
1057,157993,66,158059
1058,158069,9,158078
1059,158081,17,158098
1060,158133,220,158353
1061,158471,40,158511
1062,159004,80,159084
1063,159089,44,159133
1064,159169,129,159298
1065,159439,35,159474
1066,159549,56,159605
1067,159629,119,159748
1068,159757,53,159810
1069,159923,191,160114
1070,160165,15,160180
1071,160197,49,160246
1072,160268,26,160294
1073,160378,86,160464
1074,160762,124,160886
1075,160997,9,161006
1076,161120,183,161303
1077,161479,163,161642
1078,161745,59,161804
1079,161816,78,161894
1080,161904,16,161920
1081,161973,31,162004
1082,162035,200,162235
1083,162262,2,162264
1084,162287,68,162355
1085,162524,23,162547
1086,162566,11,162577
1087,162606,13,162619
1088,162630,1,162631
1089,162656,4,162660
1090,162811,62,162873
1091,162882,18,162900
1092,162950,37,162987
1093,162999,284,163283
1094,163513,7,163520
1095,163655,38,163693
1096,163743,99,163842
1097,163891,77,163968
1098,164010,229,164239
1099,164511,29,164540
1100,164651,66,164717
1101,164869,71,164940
1102,165030,14,165044
1103,165088,159,165247
1104,165358,24,165382
1105,165399,48,165447
1106,165461,17,165478
1107,165523,6,165529
1108,165546,46,165592
1109,165755,45,165800
1110,166338,86,166424
1111,166512,38,166550
1112,166764,3,166767
1113,166794,26,166820
1114,166947,35,166982
1115,167043,47,167090
1116,167125,86,167211
1117,167287,14,167301
1118,167306,34,167340
1119,167412,53,167465
1120,167532,51,167583
1121,168012,21,168033
1122,168078,81,168159
1123,168177,132,168309
1124,168576,66,168642
1125,168934,132,169066
1126,169081,116,169197
1127,169354,76,169430
1128,169568,68,169636
1129,169784,97,169881
1130,169984,8,169992
1131,170032,68,170100
1132,170113,9,170122
1133,170151,6,170157
1134,170186,16,170202
1135,170278,1,170279
1136,170292,41,170333
1137,170706,30,170736
1138,170822,11,170833
1139,170865,53,170918
1140,170988,61,171049
1141,171076,29,171105
1142,171322,125,171447
1143,171485,78,171563
1144,171600,46,171646
1145,171739,143,171882
1146,172002,140,172142
1147,172167,144,172311
1148,172799,27,172826
1149,173098,108,173206
1150,173400,308,173708
1151,173733,14,173747
1152,173864,44,173908
1153,174174,7,174181
1154,174248,14,174262
1155,174286,119,174405
1156,174434,24,174458
1157,174576,133,174709
1158,174823,16,174839
1159,174965,50,175015
1160,175327,55,175382
1161,175395,63,175458
1162,175686,25,175711
1163,175870,24,175894
1164,175919,38,175957
1165,175981,2,175983
1166,176080,24,176104
1167,176135,204,176339
1168,176448,173,176621
1169,176716,2,176718
1170,176721,26,176747
1171,176772,18,176790
1172,176974,21,176995
1173,177058,127,177185
1174,177253,47,177300
1175,177498,70,177568
1176,177573,21,177594
1177,177647,5,177652
1178,177848,38,177886
1179,177942,106,178048
1180,178116,9,178125
1181,178225,99,178324
1182,178422,22,178444
1183,178476,28,178504
1184,178580,24,178604
1185,178616,22,178638
1186,178741,20,178761
1187,178910,34,178944
1188,179062,83,179145
1189,179180,35,179215
1190,179273,47,179320
1191,179339,66,179405
1192,179452,42,179494
1193,179560,104,179664
1194,179892,52,179944
1195,179951,18,179969
1196,179974,62,180036
1197,180340,70,180410
1198,180717,68,180785
1199,181008,7,181015
1200,181304,40,181344
1201,181410,2,181412
1202,181419,40,181459
1203,181503,22,181525
1204,181604,12,181616
1205,181688,5,181693
1206,181752,61,181813
1207,181866,14,181880
1208,181938,45,181983
1209,181995,7,182002
1210,182032,39,182071
1211,182152,185,182337
1212,182392,60,182452
1213,182465,46,182511
1214,182665,4,182669
1215,182697,81,182778
1216,182912,14,182926
1217,182971,1,182972
1218,183365,44,183409
1219,183756,77,183833
1220,183952,95,184047
1221,184077,1,184078
1222,184703,73,184776
1223,184783,14,184797
1224,184824,38,184862
1225,184889,92,184981
1226,185019,24,185043
1227,185048,38,185086
1228,185090,29,185119
1229,185320,128,185448
1230,185513,12,185525
1231,185616,67,185683
1232,185749,109,185858
1233,185893,13,185906
1234,185946,82,186028
1235,186284,20,186304
1236,186362,39,186401
1237,186477,29,186506
1238,186629,1,186630
1239,186659,26,186685
1240,186757,13,186770
1241,186923,17,186940
1242,187021,108,187129
1243,187254,9,187263
1244,187804,16,187820
1245,187853,135,187988
1246,188259,43,188302
1247,188578,52,188630
1248,188785,69,188854
1249,188983,48,189031
1250,189054,75,189129
1251,189197,99,189296
1252,189384,32,189416
1253,189721,135,189856
1254,190080,71,190151
1255,190193,45,190238
1256,190367,28,190395
1257,190503,11,190514
1258,190572,85,190657
1259,190742,65,190807
1260,191036,67,191103
1261,191154,4,191158
1262,191245,158,191403
1263,191432,18,191450
1264,191526,27,191553
1265,191615,31,191646
1266,191712,13,191725
1267,191776,1,191777
1268,191862,3,191865
1269,191894,8,191902
1270,192085,27,192112
1271,192168,65,192233
1272,192339,16,192355
1273,192408,93,192501
1274,192505,25,192530
1275,192656,42,192698
1276,192776,12,192788
1277,192809,63,192872
1278,192901,90,192991
1279,192996,1,192997
1280,193092,41,193133
1281,193139,16,193155
1282,193249,105,193354
1283,193357,103,193460
1284,193471,93,193564
1285,193815,4,193819
1286,193890,23,193913
1287,193977,27,194004
1288,194336,43,194379
1289,194543,95,194638
1290,194694,53,194747
1291,194794,61,194855
1292,194920,70,194990
1293,195194,23,195217
1294,195348,83,195431
1295,195497,89,195586
1296,195662,48,195710
1297,195802,57,195859
1298,195942,54,195996
1299,196027,3,196030
1300,196074,53,196127
1301,196146,12,196158
1302,196283,31,196314
1303,196381,7,196388
1304,196401,13,196414
1305,196504,19,196523
1306,196614,94,196708
1307,196940,28,196968
1308,196970,5,196975
1309,197347,59,197406
1310,197410,27,197437
1311,197578,5,197583
1312,197646,1,197647
1313,197790,6,197796
1314,198049,21,198070
1315,198194,46,198240
1316,198271,29,198300
1317,198422,35,198457
1318,198495,243,198738
1319,198769,21,198790
1320,198961,43,199004
1321,199010,48,199058
1322,199142,52,199194
1323,199322,58,199380
1324,199567,38,199605
1325,199741,46,199787
1326,200103,67,200170
1327,200254,20,200274
1328,200330,83,200413
1329,200457,159,200616
1330,200666,44,200710
1331,200830,20,200850
1332,200989,30,201019
1333,201323,71,201394
1334,201475,88,201563
1335,201711,77,201788
1336,201891,27,201918
1337,201923,41,201964
1338,201999,3,202002
1339,202034,58,202092
1340,202111,17,202128
1341,202315,33,202348
1342,202420,22,202442
1343,202992,40,203032
1344,203099,54,203153
1345,203161,12,203173
1346,203221,21,203242
1347,203390,32,203422
1348,203435,139,203574
1349,203606,4,203610
1350,203691,10,203701
1351,203716,27,203743
1352,203817,6,203823
1353,203855,7,203862
1354,204055,36,204091
1355,204117,63,204180
1356,204293,66,204359
1357,204395,118,204513
1358,204656,28,204684
1359,204725,19,204744
1360,204841,77,204918
1361,204963,56,205019
1362,205249,34,205283
1363,205347,15,205362
1364,205403,56,205459
1365,205692,64,205756
1366,205773,16,205789
1367,205867,85,205952
1368,205956,107,206063
1369,206204,42,206246
1370,206254,51,206305
1371,206339,46,206385
1372,206538,31,206569
1373,206725,6,206731
1374,206785,13,206798
1375,206912,67,206979
1376,207216,53,207269
1377,207503,56,207559
1378,207598,9,207607
1379,207716,9,207725
1380,208022,71,208093
1381,208333,16,208349
1382,208393,12,208405
1383,208435,21,208456
1384,208627,48,208675
1385,208909,33,208942
1386,208961,16,208977
1387,209168,10,209178
1388,209241,11,209252
1389,209288,23,209311
1390,209401,59,209460
1391,209485,20,209505
1392,209569,87,209656
1393,209698,5,209703
1394,209846,308,210154
1395,210344,80,210424
1396,210688,51,210739
1397,210781,49,210830
1398,210915,63,210978
1399,211026,63,211089
1400,211257,23,211280
1401,211317,6,211323
1402,211364,71,211435
1403,211499,133,211632
1404,211699,4,211703
1405,211875,16,211891
1406,212076,20,212096
1407,212188,134,212322
1408,212335,56,212391
1409,212412,19,212431
1410,212461,92,212553
1411,212576,50,212626
1412,212648,75,212723
1413,212923,25,212948
1414,212986,179,213165
1415,213274,72,213346
1416,213460,91,213551
1417,213636,16,213652
1418,213676,47,213723
1419,213736,31,213767
1420,213809,34,213843
1421,213879,18,213897
1422,213910,56,213966
1423,214025,10,214035
1424,214204,58,214262
1425,214345,108,214453
1426,214465,23,214488
1427,214523,37,214560
1428,214723,84,214807
1429,214891,9,214900
1430,214945,67,215012
1431,215026,44,215070
1432,215217,25,215242
1433,215255,85,215340
1434,215804,4,215808
1435,215830,16,215846
1436,215956,454,216410
1437,216411,67,216478
1438,216565,101,216666
1439,216694,88,216782
1440,216816,6,216822
1441,216830,12,216842
1442,216972,98,217070
1443,217095,2,217097
1444,217211,131,217342
1445,217389,13,217402
1446,217472,29,217501
1447,217505,12,217517
1448,217535,8,217543
1449,217725,8,217733
1450,217979,8,217987
1451,217993,23,218016
1452,218317,38,218355
1453,218550,29,218579
1454,218629,35,218664
1455,218704,10,218714
1456,218756,4,218760
1457,218769,4,218773
1458,218898,37,218935
1459,219047,29,219076
1460,219252,81,219333
1461,219501,55,219556
1462,219582,76,219658
1463,219804,33,219837
1464,220126,42,220168
1465,220171,13,220184
1466,220199,25,220224
1467,220312,132,220444
1468,220485,23,220508
1469,220725,20,220745
1470,220811,34,220845
1471,220896,54,220950
1472,220983,23,221006
1473,221277,30,221307
1474,221412,151,221563
1475,221699,8,221707
1476,221712,42,221754
1477,221935,15,221950
1478,222010,39,222049
1479,222121,51,222172
1480,222187,34,222221
1481,222246,1,222247
1482,222341,51,222392
1483,222418,8,222426
1484,222520,50,222570
1485,222634,100,222734
1486,222853,4,222857
1487,222951,40,222991
1488,222993,105,223098
1489,223162,206,223368
1490,223433,16,223449
1491,223637,102,223739
1492,223823,95,223918
1493,223930,2,223932
1494,224058,71,224129
1495,224210,89,224299
1496,224446,176,224622
1497,224828,6,224834
1498,224995,23,225018
1499,225122,18,225140
1500,225184,50,225234
1501,225348,54,225402
1502,225683,11,225694
1503,225705,8,225713
1504,225757,16,225773
1505,225776,25,225801
1506,225983,50,226033
1507,226035,28,226063
1508,226078,27,226105
1509,226209,20,226229
1510,226254,61,226315
1511,226381,91,226472
1512,226479,9,226488
1513,226490,5,226495
1514,226613,7,226620
1515,226697,169,226866
1516,227053,70,227123
1517,227130,11,227141
1518,227169,152,227321
1519,227469,92,227561
1520,227688,3,227691
1521,227720,138,227858
1522,227900,29,227929
1523,227971,14,227985
1524,228017,113,228130
1525,228526,71,228597
1526,228678,43,228721
1527,228760,34,228794
1528,229082,4,229086
1529,229291,27,229318
1530,229339,23,229362
1531,229557,14,229571
1532,229692,65,229757
1533,230013,29,230042
1534,230056,87,230143
1535,230164,17,230181
1536,230325,9,230334
1537,230443,181,230624
1538,230641,42,230683
1539,230710,42,230752
1540,231035,148,231183
1541,231238,5,231243
1542,231344,1,231345
1543,231633,25,231658
1544,231745,2,231747
1545,231840,18,231858
1546,231965,14,231979
1547,231998,4,232002
1548,232083,17,232100
1549,232161,68,232229
1550,232389,2,232391
1551,232421,40,232461
1552,232465,58,232523
1553,232539,13,232552
1554,232725,36,232761
1555,232834,41,232875
1556,232974,9,232983
1557,233131,27,233158
1558,233298,17,233315
1559,233338,19,233357
1560,233371,108,233479
1561,233502,14,233516
1562,233541,66,233607
1563,233609,9,233618
1564,233662,145,233807
1565,234027,5,234032
1566,234156,2,234158
1567,234499,129,234628
1568,234823,15,234838
1569,235372,9,235381
1570,235408,20,235428
1571,235475,42,235517
1572,235539,11,235550
1573,235663,2,235665
1574,235691,32,235723
1575,235757,60,235817
1576,236074,12,236086
1577,236128,2,236130
1578,236191,49,236240
1579,236260,186,236446
1580,236568,44,236612
1581,236700,19,236719
1582,236961,10,236971
1583,237327,43,237370
1584,237411,12,237423
1585,237425,92,237517
1586,237660,24,237684
1587,237700,27,237727
1588,237861,3,237864
1589,237867,78,237945
1590,237982,3,237985
1591,237991,115,238106
1592,238157,5,238162
1593,238384,188,238572
1594,238584,35,238619
1595,238814,57,238871
1596,238885,26,238911
1597,238931,90,239021
1598,239156,7,239163
1599,239230,126,239356
1600,239370,13,239383
1601,239471,23,239494
1602,239532,34,239566
1603,239638,19,239657
1604,239685,66,239751
1605,239758,16,239774
1606,239975,4,239979
1607,240006,3,240009
1608,240165,23,240188
1609,240232,36,240268
1610,240527,101,240628
1611,240684,4,240688
1612,240770,23,240793
1613,241167,26,241193
1614,241214,102,241316
1615,241339,65,241404
1616,241479,78,241557
1617,241597,25,241622
1618,241634,10,241644
1619,241668,1,241669
1620,241840,27,241867
1621,242008,3,242011
1622,242191,5,242196
1623,242199,6,242205
1624,242282,23,242305
1625,242345,52,242397
1626,242417,109,242526
1627,242543,58,242601
1628,242768,65,242833
1629,243299,27,243326
1630,243366,61,243427
1631,243619,27,243646
1632,244048,170,244218
1633,244262,57,244319
1634,244325,28,244353
1635,244422,3,244425
1636,244500,41,244541
1637,244580,10,244590
1638,244648,17,244665
1639,244792,37,244829
1640,244928,30,244958
1641,245056,20,245076
1642,245200,126,245326
1643,245548,30,245578
1644,245680,126,245806
1645,246111,32,246143
1646,246150,88,246238
1647,246416,80,246496
1648,246649,19,246668
1649,246729,98,246827
1650,246853,85,246938
1651,247080,66,247146
1652,247286,23,247309
1653,247324,18,247342
1654,247448,194,247642
1655,247694,67,247761
1656,248072,80,248152
1657,248214,69,248283
1658,248351,6,248357
1659,248400,10,248410
1660,248416,9,248425
1661,248694,24,248718
1662,248739,16,248755
1663,248823,114,248937
1664,249100,27,249127
1665,249352,41,249393
1666,249441,30,249471
1667,249547,10,249557
1668,249574,67,249641
1669,249867,42,249909
1670,250287,49,250336
1671,250437,11,250448
1672,250470,46,250516
1673,250629,27,250656
1674,250747,5,250752
1675,250770,6,250776
1676,250825,166,250991
1677,251092,55,251147
1678,251401,21,251422
1679,251766,85,251851
1680,252138,46,252184
1681,252255,39,252294
1682,252332,26,252358
1683,252493,98,252591
1684,252622,65,252687
1685,252723,4,252727
1686,252754,60,252814
1687,253022,146,253168
1688,253230,6,253236
1689,253249,124,253373
1690,253410,18,253428
1691,253639,7,253646
1692,253652,55,253707
1693,253723,17,253740
1694,253763,101,253864
1695,253987,9,253996
1696,254047,5,254052
1697,254117,24,254141
1698,254143,421,254564
1699,254650,18,254668
1700,254850,53,254903
1701,254951,13,254964
1702,255062,67,255129
1703,255202,110,255312
1704,255641,24,255665
1705,255767,9,255776
1706,255859,6,255865
1707,255900,55,255955
1708,256009,15,256024
1709,256107,51,256158
1710,256333,101,256434
1711,256495,98,256593
1712,256642,20,256662
1713,256748,21,256769
1714,256782,63,256845
1715,257075,11,257086
1716,257097,29,257126
1717,257240,21,257261
1718,257399,32,257431
1719,257434,164,257598
1720,257604,50,257654
1721,257719,113,257832
1722,258058,23,258081
1723,258130,7,258137
1724,258485,94,258579
1725,258682,6,258688
1726,258696,37,258733
1727,258739,197,258936
1728,258973,43,259016
1729,259018,88,259106
1730,259129,38,259167
1731,259230,6,259236
1732,259267,10,259277
1733,259388,22,259410
1734,259545,87,259632
1735,259684,27,259711
1736,259739,1,259740
1737,259893,73,259966
1738,260008,86,260094
1739,260119,92,260211
1740,260228,110,260338
1741,260450,77,260527
1742,260594,88,260682
1743,260758,5,260763
1744,260817,112,260929
1745,260995,85,261080
1746,261115,25,261140
1747,261160,13,261173
1748,261232,11,261243
1749,261277,7,261284
1750,261291,58,261349
1751,261401,21,261422
1752,261486,23,261509
1753,261523,43,261566
1754,261588,83,261671
1755,261733,98,261831
1756,261883,2,261885
1757,262010,108,262118
1758,262290,23,262313
1759,262318,7,262325
1760,262408,54,262462
1761,262489,463,262952
1762,262960,25,262985
1763,263037,91,263128
1764,263430,22,263452
1765,263521,45,263566
1766,263580,10,263590
1767,263629,16,263645
1768,263678,22,263700
1769,263807,37,263844
1770,263943,40,263983
1771,264608,34,264642
1772,264653,52,264705
1773,264817,19,264836
1774,264964,11,264975
1775,265178,134,265312
1776,265435,25,265460
1777,265544,86,265630
1778,265672,4,265676
1779,265685,12,265697
1780,265934,57,265991
1781,266109,83,266192
1782,266448,16,266464
1783,266481,82,266563
1784,266797,20,266817
1785,266853,96,266949
1786,267021,72,267093
1787,267217,14,267231
1788,267384,54,267438
1789,267521,165,267686
1790,267898,66,267964
1791,268010,20,268030
1792,268063,28,268091
1793,268131,30,268161
1794,268162,17,268179
1795,268408,55,268463
1796,268489,13,268502
1797,268532,20,268552
1798,268596,8,268604
1799,268870,86,268956
1800,268971,17,268988
1801,269026,64,269090
1802,269114,5,269119
1803,269245,107,269352
1804,269354,11,269365
1805,269409,14,269423
1806,269513,5,269518
1807,269528,16,269544
1808,269614,152,269766
1809,270052,24,270076
1810,270092,6,270098
1811,270154,6,270160
1812,270237,5,270242
1813,270270,97,270367
1814,270387,106,270493
1815,270494,9,270503
1816,270631,32,270663
1817,270683,39,270722
1818,270766,105,270871
1819,270923,50,270973
1820,271058,20,271078
1821,271080,16,271096
1822,271282,11,271293
1823,271302,3,271305
1824,271341,81,271422
1825,271445,142,271587
1826,271855,25,271880
1827,272069,45,272114
1828,272119,18,272137
1829,272280,103,272383
1830,272474,13,272487
1831,272498,51,272549
1832,272587,67,272654
1833,272697,6,272703
1834,272732,17,272749
1835,272794,66,272860
1836,272877,4,272881
1837,272914,27,272941
1838,273054,39,273093
1839,273201,56,273257
1840,273344,5,273349
1841,273676,5,273681
1842,273742,35,273777
1843,273807,100,273907
1844,273919,2,273921
1845,274262,7,274269
1846,274323,16,274339
1847,274380,91,274471
1848,274520,69,274589
1849,274621,20,274641
1850,274851,186,275037
1851,275198,74,275272
1852,275384,81,275465
1853,275625,10,275635
1854,275648,112,275760
1855,275775,19,275794
1856,275910,45,275955
1857,275988,55,276043
1858,276093,95,276188
1859,276243,78,276321
1860,276322,126,276448
1861,276500,46,276546
1862,276704,72,276776
1863,276806,8,276814
1864,276889,149,277038
1865,277138,4,277142
1866,277143,131,277274
1867,277353,8,277361
1868,277382,27,277409
1869,277890,16,277906
1870,277928,82,278010
1871,278044,60,278104
1872,278214,72,278286
1873,278348,21,278369
1874,278451,338,278789
1875,278884,43,278927
1876,278962,32,278994
1877,279046,23,279069
1878,279072,53,279125
1879,279152,49,279201
1880,279285,39,279324
1881,279340,70,279410
1882,279566,51,279617
1883,279692,1,279693
1884,279801,17,279818
1885,280391,23,280414
1886,280419,53,280472
1887,280723,32,280755
1888,280766,27,280793
1889,280839,111,280950
1890,281103,93,281196
1891,281600,48,281648
1892,281670,62,281732
1893,281831,9,281840
1894,282023,50,282073
1895,282348,3,282351
1896,282415,27,282442
1897,282506,153,282659
1898,282683,5,282688
1899,282723,134,282857
1900,282869,50,282919
1901,282937,150,283087
1902,283110,49,283159
1903,283255,6,283261
1904,283382,1,283383
1905,283472,60,283532
1906,283641,17,283658
1907,283819,118,283937
1908,284182,2,284184
1909,284302,4,284306
1910,284531,1,284532
1911,284605,59,284664
1912,284673,30,284703
1913,285175,45,285220
1914,285367,91,285458
1915,285600,11,285611
1916,285683,63,285746
1917,285795,2,285797
1918,285940,38,285978
1919,286365,13,286378
1920,286394,47,286441
1921,286457,30,286487
1922,286520,31,286551
1923,286597,23,286620
1924,286675,87,286762
1925,286772,15,286787
1926,286792,25,286817
1927,286889,71,286960
1928,286987,12,286999
1929,287003,217,287220
1930,287390,54,287444
1931,287459,84,287543
1932,287867,16,287883
1933,287907,34,287941
1934,288034,24,288058
1935,288226,17,288243
1936,288448,33,288481
1937,288623,139,288762
1938,288784,33,288817
1939,288927,1,288928
1940,288996,41,289037
1941,289044,27,289071
1942,289117,94,289211
1943,289557,35,289592
1944,289669,45,289714
1945,289838,3,289841
1946,289980,61,290041
1947,290270,9,290279
1948,290459,86,290545
1949,290657,216,290873
1950,291043,81,291124
1951,291242,34,291276
1952,291391,140,291531
1953,291626,37,291663
1954,291717,10,291727
1955,291754,233,291987
1956,292190,309,292499
1957,292623,70,292693
1958,292696,24,292720
1959,292875,10,292885
1960,293019,5,293024
1961,293131,207,293338
1962,293359,51,293410
1963,293539,46,293585
1964,293814,15,293829
1965,294111,6,294117
1966,294177,214,294391
1967,294698,65,294763
1968,294881,3,294884
1969,294970,28,294998
1970,295082,10,295092
1971,295105,17,295122
1972,295136,97,295233
1973,295248,140,295388
1974,295395,160,295555
1975,295720,46,295766
1976,295778,107,295885
1977,295977,24,296001
1978,296031,73,296104
1979,296258,14,296272
1980,296379,113,296492
1981,296738,124,296862
1982,296874,44,296918
1983,296926,10,296936
1984,297054,19,297073
1985,297106,163,297269
1986,297368,9,297377
1987,297416,1,297417
1988,297475,53,297528
1989,297572,44,297616
1990,297661,8,297669
1991,297814,18,297832
1992,297858,80,297938
1993,297998,15,298013
1994,298090,26,298116
1995,298151,25,298176
1996,298205,44,298249
1997,298677,7,298684
1998,298852,42,298894
1999,298918,41,298959
2000,298996,100,299096
2001,299238,32,299270
2002,299378,58,299436
2003,299606,52,299658
2004,299944,23,299967
2005,300134,14,300148
2006,300210,39,300249
2007,300391,39,300430
2008,300527,85,300612
2009,300676,88,300764
2010,301113,15,301128
2011,301318,69,301387
2012,301504,65,301569
2013,301644,6,301650
2014,301747,195,301942
2015,302009,23,302032
2016,302121,97,302218
2017,302309,21,302330
2018,302349,74,302423
2019,302430,94,302524
2020,302530,1,302531
2021,302535,98,302633
2022,302638,18,302656
2023,302811,42,302853
2024,302876,12,302888
2025,303046,10,303056
2026,303298,9,303307
2027,303455,28,303483
2028,303587,13,303600
2029,303665,40,303705
2030,303822,48,303870
2031,303912,10,303922
2032,304047,39,304086
2033,304090,49,304139
2034,304191,11,304202
2035,304532,98,304630
2036,305015,46,305061
2037,305113,127,305240
2038,305343,99,305442
2039,305539,66,305605
2040,305827,52,305879
2041,305976,2,305978
2042,306143,2,306145
2043,306303,24,306327
2044,306357,1,306358
2045,306605,108,306713
2046,306945,34,306979
2047,307136,37,307173
2048,307183,18,307201
2049,307265,1,307266
2050,307278,10,307288
2051,307392,58,307450
2052,307465,2,307467
2053,307562,45,307607
2054,307697,9,307706
2055,307968,38,308006
2056,308062,43,308105
2057,308109,166,308275
2058,308296,4,308300
2059,308628,11,308639
2060,308799,72,308871
2061,309349,37,309386
2062,309448,171,309619
2063,309639,16,309655
2064,309702,87,309789
2065,309802,51,309853
2066,310188,196,310384
2067,310541,88,310629
2068,310961,253,311214
2069,311237,34,311271
2070,311272,85,311357
2071,311429,16,311445
2072,311509,33,311542
2073,311696,133,311829
2074,311962,1,311963
2075,311969,9,311978
2076,312021,29,312050
2077,312125,36,312161
2078,312261,81,312342
2079,312448,16,312464
2080,312569,102,312671
2081,312919,20,312939
2082,312942,21,312963
2083,312976,6,312982
2084,313137,35,313172
2085,313328,18,313346
2086,313462,3,313465
2087,313536,60,313596
2088,313627,29,313656
2089,313707,27,313734
2090,313766,116,313882
2091,313926,42,313968
2092,313974,30,314004
2093,314052,117,314169
2094,314458,104,314562
2095,314887,30,314917
2096,314994,104,315098
2097,315147,20,315167
2098,315182,62,315244
2099,315497,45,315542
2100,315772,37,315809
2101,315811,10,315821
2102,315915,89,316004
2103,316053,6,316059
2104,316083,59,316142
2105,316181,26,316207
2106,316325,54,316379
2107,316402,116,316518
2108,316532,8,316540
2109,316631,23,316654
2110,316714,50,316764
2111,316807,75,316882
2112,316897,223,317120
2113,317125,89,317214
2114,317572,10,317582
2115,317699,17,317716
2116,317718,115,317833
2117,317906,107,318013
2118,318026,8,318034
2119,318113,39,318152
2120,318419,69,318488
2121,318617,77,318694
2122,318815,40,318855
2123,318965,104,319069
2124,319121,1,319122
2125,319125,20,319145
2126,319159,12,319171
2127,319221,4,319225
2128,319479,55,319534
2129,319622,34,319656
2130,319659,79,319738
2131,319753,55,319808
2132,319860,10,319870
2133,319910,7,319917
2134,320020,2,320022
2135,320116,29,320145
2136,320159,88,320247
2137,320264,1,320265
2138,320441,3,320444
2139,320493,175,320668
2140,320717,15,320732
2141,320796,59,320855
2142,320936,34,320970
2143,320989,34,321023
2144,321099,60,321159
2145,321309,70,321379
2146,321395,6,321401
2147,321428,96,321524
2148,321596,121,321717
2149,321842,53,321895
2150,321925,47,321972
2151,322237,2,322239
2152,322254,98,322352
2153,322435,28,322463
2154,322561,33,322594
2155,322626,2,322628
2156,322683,23,322706
2157,322867,95,322962
2158,323043,36,323079
2159,323125,94,323219
2160,323299,35,323334
2161,323345,4,323349
2162,323584,28,323612
2163,323642,29,323671
2164,323891,89,323980
2165,324050,21,324071
2166,324093,47,324140
2167,324210,68,324278
2168,324298,6,324304
2169,324331,115,324446
2170,324583,1,324584
2171,324723,215,324938
2172,325142,3,325145
2173,325168,18,325186
2174,325260,23,325283
2175,325339,15,325354
2176,325412,64,325476
2177,325713,3,325716
2178,325734,30,325764
2179,325973,37,326010
2180,326011,32,326043
2181,326123,45,326168
2182,326300,288,326588
2183,327217,143,327360
2184,327433,175,327608
2185,327655,5,327660
2186,327768,3,327771
2187,327868,24,327892
2188,328378,76,328454
2189,328478,8,328486
2190,328505,39,328544
2191,328558,28,328586
2192,328913,7,328920
2193,328947,39,328986
2194,329011,12,329023
2195,329043,77,329120
2196,329129,64,329193
2197,329227,150,329377
2198,329387,78,329465
2199,330015,12,330027
2200,330150,108,330258
2201,330276,155,330431
2202,330462,10,330472
2203,330575,32,330607
2204,330628,14,330642
2205,330749,61,330810
2206,330818,143,330961
2207,331089,51,331140
2208,331232,11,331243
2209,331271,82,331353
2210,331450,26,331476
2211,331545,10,331555
2212,331797,17,331814
2213,331888,80,331968
2214,332034,67,332101
2215,332125,14,332139
2216,332267,85,332352
2217,332545,54,332599
2218,332742,3,332745
2219,333131,18,333149
2220,333158,20,333178
2221,333269,77,333346
2222,333362,15,333377
2223,333600,1,333601
2224,333954,58,334012
2225,334125,14,334139
2226,334174,91,334265
2227,334357,1,334358
2228,334388,25,334413
2229,334447,30,334477
2230,334532,24,334556
2231,334598,43,334641
2232,334810,29,334839
2233,334841,8,334849
2234,334874,14,334888
2235,334918,51,334969
2236,334981,23,335004
2237,335057,7,335064
2238,335101,6,335107
2239,335119,188,335307
2240,335318,117,335435
2241,335500,11,335511
2242,335618,182,335800
2243,335904,129,336033
2244,336130,110,336240
2245,336262,68,336330
2246,336404,79,336483
2247,336854,30,336884
2248,336946,25,336971
2249,336998,111,337109
2250,337296,24,337320
2251,337362,30,337392
2252,337531,12,337543
2253,337593,119,337712
2254,337833,102,337935
2255,337952,5,337957
2256,337973,76,338049
2257,338122,32,338154
2258,338168,74,338242
2259,338442,11,338453
2260,338517,17,338534
2261,338787,138,338925
2262,339133,115,339248
2263,339309,7,339316
2264,339655,81,339736
2265,339777,27,339804
2266,339933,2,339935
2267,339949,50,339999
2268,340179,119,340298
2269,340344,125,340469
2270,340795,93,340888
2271,340897,1,340898
2272,340958,156,341114
2273,341253,46,341299
2274,341661,32,341693
2275,341728,35,341763
2276,342328,135,342463
2277,342515,17,342532
2278,342686,10,342696
2279,342759,39,342798
2280,342813,125,342938
2281,342954,61,343015
2282,343126,11,343137
2283,343153,34,343187
2284,343279,6,343285
2285,343336,126,343462
2286,343465,34,343499
2287,343630,18,343648
2288,343782,53,343835
2289,343893,53,343946
2290,344041,2,344043
2291,344053,128,344181
2292,344378,51,344429
2293,344875,76,344951
2294,345382,43,345425
2295,345540,4,345544
2296,345547,71,345618
2297,345748,7,345755
2298,345776,19,345795
2299,345894,141,346035
2300,346138,8,346146
2301,346175,32,346207
2302,346261,35,346296
2303,346427,57,346484
2304,346579,23,346602
2305,346633,76,346709
2306,346730,48,346778
2307,346824,92,346916
2308,346956,52,347008
2309,347011,39,347050
2310,347124,88,347212
2311,347253,61,347314
2312,347466,103,347569
2313,347744,118,347862
2314,347977,2,347979
2315,348088,35,348123
2316,348143,60,348203
2317,348270,56,348326
2318,348782,37,348819
2319,349067,43,349110
2320,349126,8,349134
2321,349207,1,349208
2322,349372,41,349413
2323,349438,103,349541
2324,349802,4,349806
2325,349843,97,349940
2326,350067,8,350075
2327,350081,51,350132
2328,350207,24,350231
2329,350345,73,350418
2330,350533,22,350555
2331,350591,67,350658
2332,350798,12,350810
2333,350828,52,350880
2334,351038,10,351048
2335,351198,72,351270
2336,351298,78,351376
2337,351430,37,351467
2338,351504,9,351513
2339,351526,40,351566
2340,351647,76,351723
2341,351875,12,351887
2342,351992,12,352004
2343,352014,46,352060
2344,352065,53,352118
2345,352178,3,352181
2346,352305,75,352380
2347,352419,1,352420
2348,352645,97,352742
2349,352868,83,352951
2350,352960,2,352962
2351,353000,102,353102
2352,353225,56,353281
2353,353371,50,353421
2354,353510,42,353552
2355,353586,7,353593
2356,353955,31,353986
2357,354058,12,354070
2358,354143,12,354155
2359,354194,78,354272
2360,354316,25,354341
2361,354527,92,354619
2362,354805,47,354852
2363,354965,33,354998
2364,355061,1,355062
2365,355148,27,355175
2366,355246,97,355343
2367,355446,19,355465
2368,355501,1,355502
2369,355681,16,355697
2370,355702,48,355750
2371,356286,4,356290
2372,356335,6,356341
2373,356569,45,356614
2374,356630,33,356663
2375,356687,50,356737
2376,356802,4,356806
2377,356926,37,356963
2378,357007,67,357074
2379,357156,1,357157
2380,357174,36,357210
2381,357245,77,357322
2382,357332,22,357354
2383,357380,1,357381
2384,357424,36,357460
2385,357572,244,357816
2386,357899,61,357960
2387,358015,6,358021
2388,358050,58,358108
2389,358282,70,358352
2390,358374,21,358395
2391,358398,33,358431
2392,358439,14,358453
2393,358470,23,358493
2394,358742,94,358836
2395,358888,77,358965
2396,359049,14,359063
2397,359119,79,359198
2398,359332,66,359398
2399,359446,13,359459
2400,359593,10,359603
2401,359811,50,359861
2402,359983,2,359985
2403,360075,360,360435
2404,360448,63,360511
2405,360669,29,360698
2406,360734,51,360785
2407,360855,297,361152
2408,361192,43,361235
2409,361240,11,361251
2410,361278,8,361286
2411,361473,27,361500
2412,361504,11,361515
2413,361676,64,361740
2414,361999,37,362036
2415,362059,19,362078
2416,362278,36,362314
2417,362368,41,362409
2418,362410,17,362427
2419,362454,121,362575
2420,362833,43,362876
2421,362987,11,362998
2422,363015,8,363023
2423,363116,62,363178
2424,363184,38,363222
2425,363247,69,363316
2426,363457,11,363468
2427,363473,14,363487
2428,363681,38,363719
2429,364056,34,364090
2430,364114,9,364123
2431,364213,21,364234
2432,364262,78,364340
2433,364382,109,364491
2434,364525,16,364541
2435,364690,4,364694
2436,364788,7,364795
2437,364993,24,365017
2438,365142,70,365212
2439,365281,89,365370
2440,365460,1,365461
2441,365511,1,365512
2442,365610,91,365701
2443,365826,19,365845
2444,365875,16,365891
2445,365986,35,366021
2446,366047,59,366106
2447,366318,89,366407
2448,366541,6,366547
2449,366722,16,366738
2450,366886,12,366898
2451,366981,27,367008
2452,367166,63,367229
2453,367331,49,367380
2454,367401,69,367470
2455,367533,27,367560
2456,367775,27,367802
2457,367824,60,367884
2458,367895,3,367898
2459,367937,128,368065
2460,368211,30,368241
2461,368758,131,368889
2462,368917,185,369102
2463,369411,92,369503
2464,369574,77,369651
2465,369733,49,369782
2466,370117,6,370123
2467,370379,41,370420
2468,370594,164,370758
2469,371252,7,371259
2470,371309,26,371335
2471,371407,19,371426
2472,371467,143,371610
2473,371932,122,372054
2474,372144,53,372197
2475,372587,96,372683
2476,372757,56,372813
2477,372825,22,372847
2478,372944,125,373069
2479,373168,16,373184
2480,373257,55,373312
2481,373413,30,373443
2482,373482,15,373497
2483,373499,89,373588
2484,373668,158,373826
2485,373924,28,373952
2486,374056,57,374113
2487,374596,5,374601
2488,374758,22,374780
2489,374813,17,374830
2490,374881,48,374929
2491,374934,29,374963
2492,374987,9,374996
2493,375129,26,375155
2494,375201,6,375207
2495,375374,33,375407
2496,375524,110,375634
2497,375637,29,375666
2498,375668,22,375690
2499,375836,5,375841
2500,375928,120,376048
2501,376220,32,376252
2502,376273,60,376333
2503,376400,27,376427
2504,376490,52,376542
2505,376561,21,376582
2506,376601,27,376628
2507,376641,1,376642
2508,376689,9,376698
2509,376713,45,376758
2510,376791,68,376859
2511,376878,40,376918
2512,377029,209,377238
2513,377339,77,377416
2514,377418,39,377457
2515,377562,1,377563
2516,377602,68,377670
2517,377689,14,377703
2518,377837,10,377847
2519,377903,87,377990
2520,378256,64,378320
2521,378340,126,378466
2522,378612,7,378619
2523,378665,6,378671
2524,378925,72,378997
2525,379042,22,379064
2526,379212,100,379312
2527,379320,17,379337
2528,379361,42,379403
2529,379457,89,379546
2530,379602,59,379661
2531,379664,28,379692
2532,379863,56,379919
2533,379937,46,379983
2534,380276,35,380311
2535,380320,109,380429
2536,380570,24,380594
2537,380608,29,380637
2538,380967,10,380977
2539,381054,46,381100
2540,381235,99,381334
2541,381375,49,381424
2542,381626,180,381806
2543,382046,63,382109
2544,382131,42,382173
2545,382282,63,382345
2546,382457,89,382546
2547,382629,58,382687
2548,382693,14,382707
2549,383031,6,383037
2550,383115,23,383138
2551,383157,59,383216
2552,383234,9,383243
2553,383442,10,383452
2554,383488,3,383491
2555,383504,13,383517
2556,383571,25,383596
2557,383598,27,383625
2558,383703,35,383738
2559,383897,42,383939
2560,384164,33,384197
2561,384204,84,384288
2562,384335,90,384425
2563,384554,27,384581
2564,384629,21,384650
2565,384884,44,384928
2566,384991,58,385049
2567,385116,16,385132
2568,385269,33,385302
2569,385334,165,385499
2570,385509,20,385529
2571,385660,21,385681
2572,385725,7,385732
2573,385754,26,385780
2574,386055,27,386082
2575,386298,33,386331
2576,386365,20,386385
2577,386454,13,386467
2578,386525,176,386701
2579,386820,9,386829
2580,386981,90,387071
2581,387225,30,387255
2582,387354,68,387422
2583,387434,18,387452
2584,387504,27,387531
2585,387706,37,387743
2586,387838,29,387867
2587,387919,43,387962
2588,388104,135,388239
2589,388257,20,388277
2590,388301,15,388316
2591,388446,127,388573
2592,388589,25,388614
2593,388701,73,388774
2594,388823,6,388829
2595,388901,20,388921
2596,389247,191,389438
2597,389473,13,389486
2598,389662,77,389739
2599,389757,175,389932
2600,389951,108,390059
2601,390064,28,390092
2602,390416,208,390624
2603,390723,36,390759
2604,390773,58,390831
2605,390834,31,390865
2606,390921,9,390930
2607,391280,3,391283
2608,391350,38,391388
2609,391407,52,391459
2610,391482,60,391542
2611,391577,17,391594
2612,391625,63,391688
2613,391807,18,391825
2614,391845,11,391856
2615,391977,1,391978
2616,392015,11,392026
2617,392213,81,392294
2618,392330,21,392351
2619,392775,148,392923
2620,393027,9,393036
2621,393072,3,393075
2622,393118,139,393257
2623,393310,24,393334
2624,393496,109,393605
2625,393706,29,393735
2626,393737,4,393741
2627,393839,5,393844
2628,393859,84,393943
2629,393965,15,393980
2630,394084,8,394092
2631,394217,117,394334
2632,394342,32,394374
2633,394436,22,394458
2634,394541,87,394628
2635,394702,62,394764
2636,395158,8,395166
2637,395239,126,395365
2638,395378,50,395428
2639,395647,29,395676
2640,395977,5,395982
2641,396009,37,396046
2642,396102,232,396334
2643,396375,86,396461
2644,396611,139,396750
2645,396804,61,396865
2646,397089,118,397207
2647,397223,18,397241
2648,397308,36,397344
2649,397439,112,397551
2650,397870,208,398078
2651,398093,2,398095
2652,398209,1,398210
2653,398211,15,398226
2654,398233,8,398241
2655,398512,12,398524
2656,398539,4,398543
2657,398654,33,398687
2658,398904,26,398930
2659,399217,34,399251
2660,399509,18,399527
2661,399550,91,399641
2662,399677,33,399710
2663,399807,9,399816
2664,399884,7,399891
2665,400120,3,400123
2666,400191,2,400193
2667,400319,171,400490
2668,400603,50,400653
2669,400683,105,400788
2670,400804,123,400927
2671,400964,25,400989
2672,401006,61,401067
2673,401186,22,401208
2674,401430,14,401444
2675,401701,3,401704
2676,402054,7,402061
2677,402111,11,402122
2678,402405,1,402406
2679,402766,3,402769
2680,402819,20,402839
2681,403087,191,403278
2682,403380,43,403423
2683,403530,7,403537
2684,403664,32,403696
2685,403763,27,403790
2686,403856,12,403868
2687,403982,82,404064
2688,404073,60,404133
2689,404243,1,404244
2690,404291,13,404304
2691,404397,20,404417
2692,404476,68,404544
2693,404920,140,405060
2694,405132,8,405140
2695,405247,5,405252
2696,405316,96,405412
2697,405666,16,405682
2698,405699,30,405729
2699,405812,43,405855
2700,405895,54,405949
2701,406023,45,406068
2702,406099,27,406126
2703,406169,38,406207
2704,406219,3,406222
2705,406370,27,406397
2706,406461,28,406489
2707,406694,34,406728
2708,406773,29,406802
2709,407095,4,407099
2710,407263,176,407439
2711,407516,7,407523
2712,407595,23,407618
2713,407770,58,407828
2714,407850,23,407873
2715,407958,3,407961
2716,408169,29,408198
2717,408237,41,408278
2718,408298,51,408349
2719,408383,78,408461
2720,408566,35,408601
2721,408613,61,408674
2722,408696,10,408706
2723,408786,47,408833
2724,408909,1,408910
2725,408992,60,409052
2726,409469,16,409485
2727,409543,90,409633
2728,409645,71,409716
2729,409722,143,409865
2730,409994,12,410006
2731,410036,76,410112
2732,410359,196,410555
2733,410652,39,410691
2734,411005,44,411049
2735,411091,39,411130
2736,411506,62,411568
2737,411638,20,411658
2738,411734,64,411798
2739,412137,9,412146
2740,412370,90,412460
2741,412506,177,412683
2742,412734,27,412761
2743,412842,36,412878
2744,412914,63,412977
2745,413026,77,413103
2746,413141,3,413144
2747,413168,5,413173
2748,413231,48,413279
2749,413408,36,413444
2750,413455,7,413462
2751,413490,36,413526
2752,413583,40,413623
2753,413785,23,413808
2754,413822,8,413830
2755,413842,6,413848
2756,414022,52,414074
2757,414220,1,414221
2758,414226,43,414269
2759,414320,1,414321
2760,414395,29,414424
2761,414456,58,414514
2762,414717,63,414780
2763,414886,45,414931
2764,414956,77,415033
2765,415108,61,415169
2766,415250,141,415391
2767,415394,117,415511
2768,415523,23,415546
2769,415714,26,415740
2770,415786,48,415834
2771,415930,56,415986
2772,416141,6,416147
2773,416259,32,416291
2774,416312,60,416372
2775,416379,25,416404
2776,416418,3,416421
2777,416479,27,416506
2778,416561,1,416562
2779,416622,6,416628
2780,416670,103,416773
2781,416845,28,416873
2782,416938,7,416945
2783,417001,35,417036
2784,417145,26,417171
2785,417225,95,417320
2786,417431,9,417440
2787,417453,18,417471
2788,417515,23,417538
2789,417628,65,417693
2790,417725,5,417730
2791,417747,173,417920
2792,417985,10,417995
2793,418222,4,418226
2794,418274,48,418322
2795,418340,9,418349
2796,418705,26,418731
2797,418926,71,418997
2798,419004,98,419102
2799,419147,10,419157
2800,419190,64,419254
2801,419270,98,419368
2802,419418,29,419447
2803,419477,13,419490
2804,419555,1,419556
2805,419578,34,419612
2806,419733,12,419745
2807,419881,110,419991
2808,420093,239,420332
2809,420440,102,420542
2810,420565,228,420793
2811,420874,72,420946
2812,420999,37,421036
2813,421183,19,421202
2814,421209,10,421219
2815,421500,56,421556
2816,421728,15,421743
2817,421843,16,421859
2818,421869,37,421906
2819,422043,94,422137
2820,422265,79,422344
2821,422354,4,422358
2822,422475,69,422544
2823,422730,68,422798
2824,422858,56,422914
2825,423109,96,423205
2826,423282,110,423392
2827,423402,1,423403
2828,423611,101,423712
2829,423746,84,423830
2830,423913,37,423950
2831,423979,36,424015
2832,424062,72,424134
2833,424173,45,424218
2834,424251,64,424315
2835,424318,7,424325
2836,424348,44,424392
2837,424490,20,424510
2838,424525,22,424547
2839,424655,52,424707
2840,424735,127,424862
2841,424963,27,424990
2842,425060,9,425069
2843,425116,52,425168
2844,425510,121,425631
2845,425813,8,425821
2846,426095,15,426110
2847,426129,18,426147
2848,426166,51,426217
2849,426434,79,426513
2850,426618,55,426673
2851,426686,79,426765
2852,426897,16,426913
2853,427215,15,427230
2854,427253,23,427276
2855,427385,15,427400
2856,427550,7,427557
2857,427563,46,427609
2858,427652,61,427713
2859,427737,8,427745
2860,427778,59,427837
2861,427872,3,427875
2862,428202,65,428267
2863,428486,34,428520
2864,428600,38,428638
2865,428672,46,428718
2866,428757,33,428790
2867,429069,23,429092
2868,429115,19,429134
2869,429322,99,429421
2870,429454,70,429524
2871,429608,42,429650
2872,429664,32,429696
2873,429796,62,429858
2874,430040,5,430045
2875,430080,79,430159
2876,430192,188,430380
2877,430597,27,430624
2878,430672,26,430698
2879,430722,9,430731
2880,430767,42,430809
2881,430876,14,430890
2882,430936,52,430988
2883,431069,27,431096
2884,431469,192,431661
2885,431714,9,431723
2886,431849,90,431939
2887,432053,67,432120
2888,432124,1,432125
2889,432147,52,432199
2890,432244,20,432264
2891,432886,34,432920
2892,433026,49,433075
2893,433385,215,433600
2894,433881,2,433883
2895,433898,134,434032
2896,434038,28,434066
2897,434095,20,434115
2898,434169,23,434192
2899,434379,26,434405
2900,434524,58,434582
2901,434704,6,434710
2902,434872,36,434908
2903,434936,118,435054
2904,435228,66,435294
2905,435548,53,435601
2906,435614,168,435782
2907,435838,47,435885
2908,435921,99,436020
2909,436031,20,436051
2910,436276,49,436325
2911,436501,10,436511
2912,436575,90,436665
2913,436864,86,436950
2914,437002,52,437054
2915,437080,57,437137
2916,437379,72,437451
2917,437494,55,437549
2918,437666,104,437770
2919,437797,31,437828
2920,437889,2,437891
2921,438100,110,438210
2922,438440,7,438447
2923,438525,43,438568
2924,438595,57,438652
2925,438673,15,438688
2926,438732,54,438786
2927,439057,37,439094
2928,439116,35,439151
2929,439186,145,439331
2930,439353,46,439399
2931,439403,37,439440
2932,439482,137,439619
2933,439773,100,439873
2934,439918,21,439939
2935,440124,123,440247
2936,440292,15,440307
2937,440399,14,440413
2938,440439,61,440500
2939,440695,21,440716
2940,440855,38,440893
2941,441035,34,441069
2942,441107,22,441129
2943,441181,3,441184
2944,441186,52,441238
2945,441300,20,441320
2946,441332,8,441340
2947,441565,7,441572
2948,441670,26,441696
2949,441725,26,441751
2950,441828,18,441846
2951,441892,48,441940
2952,442017,38,442055
2953,442201,13,442214
2954,442237,7,442244
2955,442248,132,442380
2956,442638,29,442667
2957,442765,114,442879
2958,443031,24,443055
2959,443057,57,443114
2960,443306,3,443309
2961,443326,25,443351
2962,443358,56,443414
2963,443417,19,443436
2964,443873,4,443877
2965,443916,7,443923
2966,444173,47,444220
2967,444339,56,444395
2968,444458,5,444463
2969,444500,35,444535
2970,444758,3,444761
2971,444826,35,444861
2972,445105,67,445172
2973,445529,104,445633
2974,445648,23,445671
2975,445785,16,445801
2976,445920,1,445921
2977,445929,133,446062
2978,446100,143,446243
2979,446416,205,446621
2980,446652,55,446707
2981,446742,89,446831
2982,447081,18,447099
2983,447359,46,447405
2984,447756,43,447799
2985,447823,2,447825
2986,447857,34,447891
2987,447973,73,448046
2988,448074,57,448131
2989,448232,95,448327
2990,448382,45,448427
2991,448626,34,448660
2992,448750,74,448824
2993,449003,86,449089
2994,449231,77,449308
2995,449353,35,449388
2996,449418,48,449466
2997,449514,9,449523
2998,449702,46,449748
2999,449768,33,449801
3000,449952,40,449992
3001,450042,13,450055
3002,450171,47,450218
3003,450264,27,450291
3004,450453,44,450497
3005,450557,1,450558
3006,450750,12,450762
3007,450951,55,451006
3008,451068,85,451153
3009,451295,8,451303
3010,451334,15,451349
3011,451382,57,451439
3012,451502,10,451512
3013,451611,4,451615
3014,451693,27,451720
3015,451725,50,451775
3016,451796,38,451834
3017,451855,12,451867
3018,451990,140,452130
3019,452165,115,452280
3020,452593,26,452619
3021,452626,47,452673
3022,452680,99,452779
3023,452815,60,452875
3024,452884,118,453002
3025,453081,21,453102
3026,453110,98,453208
3027,453255,16,453271
3028,453454,83,453537
3029,453541,2,453543
3030,453606,33,453639
3031,453856,93,453949
3032,453997,204,454201
3033,454309,46,454355
3034,454457,19,454476
3035,454497,2,454499
3036,454575,70,454645
3037,454811,99,454910
3038,454930,34,454964
3039,454975,10,454985
3040,455052,17,455069
3041,455102,4,455106
3042,455209,54,455263
3043,455331,133,455464
3044,455497,144,455641
3045,455676,4,455680
3046,455851,178,456029
3047,456085,14,456099
3048,456249,135,456384
3049,456903,62,456965
3050,457026,42,457068
3051,457159,28,457187
3052,457269,14,457283
3053,457289,31,457320
3054,457550,23,457573
3055,457611,89,457700
3056,457984,21,458005
3057,458182,44,458226
3058,458327,25,458352
3059,458358,119,458477
3060,458488,30,458518
3061,458575,121,458696
3062,458790,92,458882
3063,458977,5,458982
3064,458988,33,459021
3065,459094,13,459107
3066,459135,98,459233
3067,459599,35,459634
3068,459775,149,459924
3069,459981,166,460147
3070,460182,17,460199
3071,460285,7,460292
3072,460419,19,460438
3073,460612,20,460632
3074,460708,34,460742
3075,460776,75,460851
3076,460978,1,460979
3077,461051,10,461061
3078,461145,5,461150
3079,461184,127,461311
3080,461492,27,461519
3081,461958,132,462090
3082,462124,73,462197
3083,462288,17,462305
3084,462412,9,462421
3085,462732,25,462757
3086,462900,13,462913
3087,463083,38,463121
3088,463220,17,463237
3089,463265,26,463291
3090,463582,52,463634
3091,463705,7,463712
3092,463849,68,463917
3093,463986,130,464116
3094,464136,8,464144
3095,464167,94,464261
3096,464399,253,464652
3097,464693,22,464715
3098,464842,160,465002
3099,465032,27,465059
3100,465117,46,465163
3101,465186,17,465203
3102,465374,12,465386
3103,465390,70,465460
3104,465702,18,465720
3105,465740,5,465745
3106,465810,87,465897
3107,465935,24,465959
3108,465962,34,465996
3109,466032,25,466057
3110,466145,62,466207
3111,466233,14,466247
3112,466340,99,466439
3113,466671,31,466702
3114,466737,51,466788
3115,466940,170,467110
3116,467174,43,467217
3117,467413,15,467428
3118,467457,103,467560
3119,467773,9,467782
3120,467886,5,467891
3121,467967,25,467992
3122,468411,5,468416
3123,468447,7,468454
3124,468738,28,468766
3125,468772,53,468825
3126,468943,83,469026
3127,469127,110,469237
3128,469536,27,469563
3129,469676,11,469687
3130,469869,69,469938
3131,470097,90,470187
3132,470335,82,470417
3133,470561,8,470569
3134,470571,25,470596
3135,470623,40,470663
3136,470868,25,470893
3137,471037,87,471124
3138,471173,9,471182
3139,471235,8,471243
3140,471273,208,471481
3141,471576,23,471599
3142,471708,46,471754
3143,472050,55,472105
3144,472418,29,472447
3145,472587,23,472610
3146,472819,106,472925
3147,472999,17,473016
3148,473021,11,473032
3149,473092,53,473145
3150,473231,4,473235
3151,473237,6,473243
3152,473270,82,473352
3153,473363,69,473432
3154,473434,28,473462
3155,473690,52,473742
3156,473905,150,474055
3157,474056,8,474064
3158,474382,11,474393
3159,474395,116,474511
3160,474539,67,474606
3161,474659,151,474810
3162,474849,52,474901
3163,474948,3,474951
3164,475040,21,475061
3165,475350,106,475456
3166,475531,15,475546
3167,475990,75,476065
3168,476128,19,476147
3169,476212,67,476279
3170,476398,39,476437
3171,476451,18,476469
3172,476686,112,476798
3173,476859,29,476888
3174,476927,89,477016
3175,477073,73,477146
3176,477236,40,477276
3177,477294,77,477371
3178,477410,63,477473
3179,477861,37,477898
3180,477986,124,478110
3181,478302,4,478306
3182,478322,19,478341
3183,478397,23,478420
3184,478434,52,478486
3185,478524,32,478556
3186,478786,67,478853
3187,478895,18,478913
3188,478944,6,478950
3189,478957,2,478959
3190,479058,23,479081
3191,479111,5,479116
3192,479179,15,479194
3193,479249,31,479280
3194,479296,10,479306
3195,479360,20,479380
3196,479553,8,479561
3197,479675,61,479736
3198,479951,30,479981
3199,480372,62,480434
3200,480525,36,480561
3201,480608,47,480655
3202,480751,12,480763
3203,480872,8,480880
3204,480891,71,480962
3205,480972,69,481041
3206,481067,27,481094
3207,481180,20,481200
3208,481255,53,481308
3209,481332,94,481426
3210,481520,22,481542
3211,481543,35,481578
3212,481668,28,481696
3213,481734,12,481746
3214,481778,1,481779
3215,482268,58,482326
3216,482392,4,482396
3217,482411,51,482462
3218,482486,29,482515
3219,482752,6,482758
3220,482813,157,482970
3221,483022,88,483110
3222,483901,41,483942
3223,484179,137,484316
3224,484336,30,484366
3225,484379,241,484620
3226,484735,27,484762
3227,484780,89,484869
3228,485179,54,485233
3229,485302,29,485331
3230,485340,20,485360
3231,485727,10,485737
3232,485902,35,485937
3233,486011,91,486102
3234,486209,59,486268
3235,486348,77,486425
3236,486502,47,486549
3237,486810,4,486814
3238,486826,8,486834
3239,486901,5,486906
3240,487005,52,487057
3241,487336,116,487452
3242,487521,58,487579
3243,487614,158,487772
3244,487843,14,487857
3245,487890,47,487937
3246,488149,75,488224
3247,488424,44,488468
3248,488745,30,488775
3249,488789,260,489049
3250,489090,21,489111
3251,489170,31,489201
3252,489445,11,489456
3253,489639,10,489649
3254,489902,14,489916
3255,489919,4,489923
3256,489951,47,489998
3257,490045,110,490155
3258,490173,40,490213
3259,490230,29,490259
3260,490400,6,490406
3261,490506,24,490530
3262,490739,5,490744
3263,490784,37,490821
3264,490899,37,490936
3265,491030,31,491061
3266,491195,19,491214
3267,491338,13,491351
3268,491367,9,491376
3269,491419,41,491460
3270,491608,41,491649
3271,491876,12,491888
3272,491892,74,491966
3273,491978,20,491998
3274,492611,60,492671
3275,492810,66,492876
3276,492897,8,492905
3277,493070,40,493110
3278,493166,85,493251
3279,493399,23,493422
3280,493479,30,493509
3281,493586,16,493602
3282,493725,99,493824
3283,493949,5,493954
3284,493959,61,494020
3285,494321,109,494430
3286,494451,33,494484
3287,494555,28,494583
3288,494627,85,494712
3289,494785,72,494857
3290,495208,3,495211
3291,495248,19,495267
3292,495311,96,495407
3293,495470,161,495631
3294,495722,72,495794
3295,495806,43,495849
3296,495879,16,495895
3297,495948,66,496014
3298,496066,30,496096
3299,496114,34,496148
3300,496177,129,496306
3301,496439,34,496473
3302,496527,33,496560
3303,496591,77,496668
3304,496709,144,496853
3305,496915,127,497042
3306,497359,133,497492
3307,497702,52,497754
3308,497934,52,497986
3309,498054,48,498102
3310,498115,10,498125
3311,498172,272,498444
3312,498477,72,498549
3313,498612,21,498633
3314,498704,1,498705
3315,498734,21,498755
3316,498790,16,498806
3317,498811,15,498826
3318,498895,13,498908
3319,499212,23,499235
3320,499254,77,499331
3321,499389,43,499432
3322,499469,20,499489
3323,499530,117,499647
3324,499744,13,499757
3325,499875,10,499885
3326,500029,97,500126
3327,500162,3,500165
3328,500174,33,500207
3329,500244,27,500271
3330,500309,27,500336
3331,500438,278,500716
3332,500804,241,501045
3333,501115,2,501117
3334,501215,182,501397
3335,501401,37,501438
3336,501490,127,501617
3337,501767,55,501822
3338,501866,118,501984
3339,501985,53,502038
3340,502067,68,502135
3341,502316,50,502366
3342,502663,24,502687
3343,503302,78,503380
3344,503414,19,503433
3345,503467,76,503543
3346,503607,66,503673
3347,503730,27,503757
3348,503761,12,503773
3349,503819,46,503865
3350,504146,83,504229
3351,504397,34,504431
3352,504434,43,504477
3353,504572,16,504588
3354,504760,59,504819
3355,504826,30,504856
3356,505238,174,505412
3357,505430,54,505484
3358,505664,57,505721
3359,505834,44,505878
3360,505979,81,506060
3361,506202,74,506276
3362,506513,89,506602
3363,506728,12,506740
3364,506991,50,507041
3365,507137,6,507143
3366,507146,29,507175
3367,507493,23,507516
3368,507583,147,507730
3369,507732,36,507768
3370,507772,6,507778
3371,508004,54,508058
3372,508229,34,508263
3373,508616,68,508684
3374,508744,13,508757
3375,508999,8,509007
3376,509114,3,509117
3377,509408,3,509411
3378,509495,39,509534
3379,509697,51,509748
3380,509772,50,509822
3381,509950,105,510055
3382,510084,74,510158
3383,510275,27,510302
3384,510367,10,510377
3385,510386,23,510409
3386,510697,30,510727
3387,510780,35,510815
3388,510823,6,510829
3389,510988,119,511107
3390,511234,31,511265
3391,511313,42,511355
3392,511424,73,511497
3393,511511,36,511547
3394,511592,28,511620
3395,511674,16,511690
3396,511806,41,511847
3397,512183,7,512190
3398,512257,1,512258
3399,512369,77,512446
3400,512635,16,512651
3401,513191,6,513197
3402,513243,17,513260
3403,513282,6,513288
3404,513426,1,513427
3405,513456,7,513463
3406,513558,210,513768
3407,513777,55,513832
3408,513909,86,513995
3409,514079,114,514193
3410,514251,43,514294
3411,514330,9,514339
3412,514343,122,514465
3413,514599,75,514674
3414,514778,24,514802
3415,515034,44,515078
3416,515257,45,515302
3417,515769,31,515800
3418,515838,24,515862
3419,515931,123,516054
3420,516094,46,516140
3421,516146,70,516216
3422,516235,63,516298
3423,516299,25,516324
3424,516326,86,516412
3425,516631,53,516684
3426,516746,158,516904
3427,516912,56,516968
3428,517132,8,517140
3429,517235,11,517246
3430,517268,94,517362
3431,517379,54,517433
3432,517454,25,517479
3433,517495,8,517503
3434,517572,8,517580
3435,517716,35,517751
3436,517850,114,517964
3437,517991,17,518008
3438,518014,40,518054
3439,518091,7,518098
3440,518163,140,518303
3441,518597,10,518607
3442,518815,68,518883
3443,519115,46,519161
3444,519220,116,519336
3445,519434,12,519446
3446,519541,55,519596
3447,519619,5,519624
3448,519829,6,519835
3449,519899,57,519956
3450,520133,55,520188
3451,520218,24,520242
3452,520579,419,520998
3453,521056,55,521111
3454,521142,14,521156
3455,521163,28,521191
3456,521334,21,521355
3457,521371,29,521400
3458,521466,41,521507
3459,521548,26,521574
3460,521599,19,521618
3461,521789,8,521797
3462,521916,31,521947
3463,522051,75,522126
3464,522208,7,522215
3465,522225,26,522251
3466,522356,20,522376
3467,522437,30,522467
3468,522468,28,522496
3469,522510,61,522571
3470,522660,23,522683
3471,522797,83,522880
3472,522899,47,522946
3473,523037,5,523042
3474,523151,50,523201
3475,523242,37,523279
3476,523384,40,523424
3477,523432,26,523458
3478,523656,9,523665
3479,523970,26,523996
3480,524013,54,524067
3481,524224,42,524266
3482,524335,21,524356
3483,524439,45,524484
3484,524894,45,524939
3485,525099,81,525180
3486,525210,12,525222
3487,525475,2,525477
3488,525774,6,525780
3489,525999,1,526000
3490,526079,40,526119
3491,526145,25,526170
3492,526278,23,526301
3493,526330,2,526332
3494,526384,14,526398
3495,526423,29,526452
3496,526463,26,526489
3497,526605,36,526641
3498,526669,33,526702
3499,526749,49,526798
3500,526942,30,526972
3501,527224,5,527229
3502,527236,50,527286
3503,527300,73,527373
3504,527498,30,527528
3505,527533,70,527603
3506,527670,64,527734
3507,527757,56,527813
3508,528108,42,528150
3509,528209,102,528311
3510,528371,39,528410
3511,528775,9,528784
3512,528861,56,528917
3513,529003,9,529012
3514,529037,24,529061
3515,529063,88,529151
3516,529199,49,529248
3517,529295,112,529407
3518,529443,88,529531
3519,529739,28,529767
3520,529841,141,529982
3521,530015,7,530022
3522,530243,41,530284
3523,530295,66,530361
3524,530400,2,530402
3525,530419,17,530436
3526,530440,44,530484
3527,530511,40,530551
3528,530559,21,530580
3529,530594,89,530683
3530,530814,3,530817
3531,530922,206,531128
3532,531152,51,531203
3533,531271,6,531277
3534,531387,32,531419
3535,531523,66,531589
3536,531609,98,531707
3537,531806,140,531946
3538,532081,184,532265
3539,532314,44,532358
3540,532513,34,532547
3541,532773,34,532807
3542,532987,1,532988
3543,533086,39,533125
3544,533261,21,533282
3545,533568,30,533598
3546,533605,81,533686
3547,533724,141,533865
3548,533960,8,533968
3549,534032,62,534094
3550,534187,20,534207
3551,534622,64,534686
3552,534724,44,534768
3553,534822,249,535071
3554,535227,81,535308
3555,535325,40,535365
3556,535415,5,535420
3557,535479,82,535561
3558,535609,72,535681
3559,536145,113,536258
3560,536267,2,536269
3561,536387,11,536398
3562,536617,45,536662
3563,536695,3,536698
3564,536813,12,536825
3565,536977,91,537068
3566,537357,71,537428
3567,537456,15,537471
3568,537619,1,537620
3569,537672,30,537702
3570,537873,22,537895
3571,537907,36,537943
3572,538003,15,538018
3573,538021,93,538114
3574,538258,2,538260
3575,538293,75,538368
3576,538611,13,538624
3577,538679,9,538688
3578,538787,30,538817
3579,539109,47,539156
3580,539437,67,539504
3581,539615,3,539618
3582,539619,88,539707
3583,539780,17,539797
3584,539854,91,539945
3585,540008,15,540023
3586,540131,28,540159
3587,540211,133,540344
3588,540357,5,540362
3589,540373,31,540404
3590,540629,83,540712
3591,540939,86,541025
3592,541231,14,541245
3593,541315,28,541343
3594,541403,28,541431
3595,541534,51,541585
3596,541752,77,541829
3597,542207,59,542266
3598,542338,62,542400
3599,542536,57,542593
3600,542662,18,542680
3601,542796,12,542808
3602,542862,94,542956
3603,543059,122,543181
3604,543319,19,543338
3605,543346,15,543361
3606,543391,76,543467
3607,543519,152,543671
3608,543725,50,543775
3609,543830,6,543836
3610,543916,60,543976
3611,544047,33,544080
3612,544109,30,544139
3613,544184,46,544230
3614,544234,86,544320
3615,544482,67,544549
3616,544578,42,544620
3617,544760,122,544882
3618,544959,20,544979
3619,545045,18,545063
3620,545206,5,545211
3621,545223,37,545260
3622,545368,126,545494
3623,545580,190,545770
3624,545784,87,545871
3625,546028,56,546084
3626,546370,65,546435
3627,546493,69,546562
3628,546569,8,546577
3629,546925,21,546946
3630,547076,26,547102
3631,547224,1,547225
3632,547259,32,547291
3633,547313,163,547476
3634,547599,25,547624
3635,547704,3,547707
3636,547805,91,547896
3637,548158,13,548171
3638,548314,89,548403
3639,548512,88,548600
3640,548975,80,549055
3641,549160,8,549168
3642,549544,26,549570
3643,549641,6,549647
3644,549689,62,549751
3645,549869,99,549968
3646,550041,26,550067
3647,550074,34,550108
3648,550179,14,550193
3649,550249,31,550280
3650,550345,19,550364
3651,550581,59,550640
3652,550723,11,550734
3653,550739,1,550740
3654,550889,26,550915
3655,550933,77,551010
3656,551024,23,551047
3657,551135,14,551149
3658,551168,20,551188
3659,551267,21,551288
3660,551552,37,551589
3661,551611,51,551662
3662,551851,95,551946
3663,551960,56,552016
3664,552561,95,552656
3665,552882,15,552897
3666,553195,36,553231
3667,553429,70,553499
3668,553527,93,553620
3669,553690,4,553694
3670,553695,48,553743
3671,553921,74,553995
3672,554078,47,554125
3673,554363,28,554391
3674,554424,12,554436
3675,554457,23,554480
3676,554567,15,554582
3677,554652,12,554664
3678,554694,41,554735
3679,554915,51,554966
3680,555163,183,555346
3681,555430,22,555452
3682,555454,136,555590
3683,555591,77,555668
3684,555688,10,555698
3685,555714,32,555746
3686,556007,145,556152
3687,556326,32,556358
3688,556442,37,556479
3689,557193,6,557199
3690,557208,41,557249
3691,557335,46,557381
3692,557607,3,557610
3693,557748,59,557807
3694,557812,28,557840
3695,557901,42,557943
3696,557959,48,558007
3697,558020,47,558067
3698,558223,48,558271
3699,558312,25,558337
3700,558449,166,558615
3701,558633,50,558683
3702,558841,51,558892
3703,558993,1,558994
3704,559010,32,559042
3705,559425,2,559427
3706,559561,110,559671
3707,559720,31,559751
3708,559822,16,559838
3709,559846,38,559884
3710,560020,39,560059
3711,560229,5,560234
3712,560450,29,560479
3713,560481,7,560488
3714,560566,21,560587
3715,560648,27,560675
3716,560790,107,560897
3717,560952,152,561104
3718,561179,80,561259
3719,561398,62,561460
3720,561511,34,561545
3721,561707,23,561730
3722,561808,48,561856
3723,561876,104,561980
3724,562240,15,562255
3725,562363,23,562386
3726,562485,2,562487
3727,562531,39,562570
3728,562630,106,562736
3729,562793,1,562794
3730,562857,13,562870
3731,562919,7,562926
3732,563016,48,563064
3733,563338,87,563425
3734,563474,173,563647
3735,563826,25,563851
3736,564109,56,564165
3737,564256,32,564288
3738,564743,24,564767
3739,564796,107,564903
3740,565004,174,565178
3741,565200,36,565236
3742,565290,23,565313
3743,565512,68,565580
3744,565645,179,565824
3745,566027,77,566104
3746,566158,92,566250
3747,566462,73,566535
3748,566580,35,566615
3749,566747,17,566764
3750,566860,17,566877
3751,567044,21,567065
3752,567250,5,567255
3753,567379,272,567651
3754,567679,2,567681
3755,567769,60,567829
3756,568274,12,568286
3757,568432,37,568469
3758,568570,14,568584
3759,568603,121,568724
3760,568730,38,568768
3761,568845,25,568870
3762,569102,11,569113
3763,569124,28,569152
3764,569252,7,569259
3765,569326,31,569357
3766,569372,30,569402
3767,569465,4,569469
3768,569651,3,569654
3769,569677,12,569689
3770,569924,5,569929
3771,569940,41,569981
3772,570012,1,570013
3773,570018,2,570020
3774,570049,49,570098
3775,570205,52,570257
3776,570290,9,570299
3777,570392,78,570470
3778,570514,29,570543
3779,570627,61,570688
3780,570706,11,570717
3781,570808,29,570837
3782,570926,8,570934
3783,571232,30,571262
3784,571361,48,571409
3785,571555,147,571702
3786,571932,14,571946
3787,571972,16,571988
3788,572015,72,572087
3789,572203,6,572209
3790,572650,12,572662
3791,572760,13,572773
3792,573003,93,573096
3793,573143,19,573162
3794,573340,1,573341
3795,573382,6,573388
3796,573410,84,573494
3797,573637,45,573682
3798,573693,110,573803
3799,574433,19,574452
3800,574653,9,574662
3801,574916,31,574947
3802,574952,17,574969
3803,575178,20,575198
3804,575223,2,575225
3805,575250,1,575251
3806,575383,48,575431
3807,575490,5,575495
3808,575554,7,575561
3809,575565,8,575573
3810,575630,83,575713
3811,575949,48,575997
3812,576114,61,576175
3813,576249,41,576290
3814,576412,10,576422
3815,576767,2,576769
3816,576878,14,576892
3817,577203,31,577234
3818,577284,64,577348
3819,577380,68,577448
3820,577567,186,577753
3821,577788,28,577816
3822,577839,85,577924
3823,577938,296,578234
3824,578562,50,578612
3825,578896,22,578918
3826,578956,120,579076
3827,579093,17,579110
3828,579228,80,579308
3829,579351,62,579413
3830,579452,34,579486
3831,580141,22,580163
3832,580232,77,580309
3833,580377,54,580431
3834,580483,65,580548
3835,580582,12,580594
3836,580682,16,580698
3837,580718,5,580723
3838,580727,18,580745
3839,580840,48,580888
3840,580910,51,580961
3841,581023,46,581069
3842,581085,130,581215
3843,581309,57,581366
3844,581606,58,581664
3845,581692,41,581733
3846,581764,20,581784
3847,581922,29,581951
3848,581954,57,582011
3849,582432,30,582462
3850,582490,32,582522
3851,582558,24,582582
3852,582600,8,582608
3853,582659,27,582686
3854,582754,6,582760
3855,582784,24,582808
3856,582924,77,583001
3857,583006,4,583010
3858,583022,107,583129
3859,583265,31,583296
3860,583338,33,583371
3861,583398,98,583496
3862,583556,25,583581
3863,583594,36,583630
3864,583651,136,583787
3865,583957,43,584000
3866,584046,81,584127
3867,584221,2,584223
3868,584486,4,584490
3869,584694,43,584737
3870,584746,19,584765
3871,584822,92,584914
3872,584951,35,584986
3873,585089,59,585148
3874,585350,4,585354
3875,585396,23,585419
3876,585420,29,585449
3877,585494,142,585636
3878,585638,86,585724
3879,585746,23,585769
3880,585826,152,585978
3881,585998,8,586006
3882,586023,22,586045
3883,586154,162,586316
3884,586415,54,586469
3885,586525,30,586555
3886,586662,22,586684
3887,586734,53,586787
3888,586796,4,586800
3889,587038,18,587056
3890,587122,51,587173
3891,587181,5,587186
3892,587248,75,587323
3893,587325,30,587355
3894,587383,29,587412
3895,587791,129,587920
3896,587993,81,588074
3897,588081,14,588095
3898,588252,237,588489
3899,588509,68,588577
3900,588584,23,588607
3901,588613,217,588830
3902,588987,25,589012
3903,589202,75,589277
3904,589314,35,589349
3905,589657,3,589660
3906,589686,29,589715
3907,589780,59,589839
3908,589953,23,589976
3909,589977,4,589981
3910,590005,54,590059
3911,590094,2,590096
3912,590195,121,590316
3913,590320,152,590472
3914,590582,18,590600
3915,590678,2,590680
3916,590687,13,590700
3917,590881,28,590909
3918,590928,7,590935
3919,591494,11,591505
3920,591681,132,591813
3921,591847,37,591884
3922,591895,89,591984
3923,592011,2,592013
3924,592128,35,592163
3925,592211,9,592220
3926,592423,140,592563
3927,592748,12,592760
3928,592890,155,593045
3929,593215,45,593260
3930,593343,58,593401
3931,593490,3,593493
3932,593542,43,593585
3933,593819,17,593836
3934,593890,58,593948
3935,593965,20,593985
3936,594145,46,594191
3937,594214,89,594303
3938,594382,20,594402
3939,594454,26,594480
3940,594497,38,594535
3941,594669,14,594683
3942,594710,66,594776
3943,594958,1,594959
3944,595020,37,595057
3945,595173,4,595177
3946,595247,2,595249
3947,595308,1,595309
3948,595316,4,595320
3949,595329,83,595412
3950,595867,29,595896
3951,595961,36,595997
3952,596018,92,596110
3953,596234,14,596248
3954,596432,13,596445
3955,596656,131,596787
3956,596996,241,597237
3957,597271,82,597353
3958,597583,101,597684
3959,597852,123,597975
3960,598080,69,598149
3961,598484,26,598510
3962,598577,88,598665
3963,598863,53,598916
3964,598927,53,598980
3965,599005,210,599215
3966,599396,11,599407
3967,599511,20,599531
3968,599781,80,599861
3969,599997,4,600001
3970,600116,6,600122
3971,600129,13,600142
3972,600289,37,600326
3973,600580,44,600624
3974,600758,36,600794
3975,600914,20,600934
3976,600950,25,600975
3977,600997,52,601049
3978,601070,38,601108
3979,601267,35,601302
3980,601313,31,601344
3981,601526,37,601563
3982,601652,20,601672
3983,601742,19,601761
3984,601775,64,601839
3985,602040,86,602126
3986,602231,12,602243
3987,602302,13,602315
3988,602335,81,602416
3989,602427,18,602445
3990,602502,23,602525
3991,602589,26,602615
3992,602740,104,602844
3993,602851,35,602886
3994,603082,2,603084
3995,603116,19,603135
3996,603150,62,603212
3997,603221,17,603238
3998,603285,28,603313
3999,603360,118,603478
4000,603498,57,603555
4001,603708,47,603755
4002,603767,6,603773
4003,603810,79,603889
4004,603913,48,603961
4005,604200,207,604407
4006,604410,39,604449
4007,604480,4,604484
4008,604502,116,604618
4009,604720,147,604867
4010,605002,72,605074
4011,605222,217,605439
4012,605463,3,605466
4013,605505,22,605527
4014,605563,36,605599
4015,605728,44,605772
4016,605788,64,605852
4017,605863,187,606050
4018,606084,29,606113
4019,606136,42,606178
4020,606214,113,606327
4021,606385,14,606399
4022,606441,155,606596
4023,606624,45,606669
4024,606910,44,606954
4025,607172,76,607248
4026,607454,31,607485
4027,607764,54,607818
4028,607889,72,607961
4029,607997,146,608143
4030,608154,2,608156
4031,608303,8,608311
4032,608519,45,608564
4033,608774,23,608797
4034,608874,3,608877
4035,609109,49,609158
4036,609278,37,609315
4037,609447,48,609495
4038,609504,76,609580
4039,609607,110,609717
4040,609970,82,610052
4041,610111,16,610127
4042,610211,57,610268
4043,610344,18,610362
4044,610578,68,610646
4045,610751,8,610759
4046,610872,63,610935
4047,611018,6,611024
4048,611099,122,611221
4049,611342,44,611386
4050,611414,44,611458
4051,611531,71,611602
4052,611887,42,611929
4053,611979,39,612018
4054,612070,38,612108
4055,612122,26,612148
4056,612202,26,612228
4057,612364,10,612374
4058,613122,36,613158
4059,613299,32,613331
4060,613343,41,613384
4061,613410,46,613456
4062,613544,41,613585
4063,613871,3,613874
4064,614062,39,614101
4065,614102,53,614155
4066,614157,83,614240
4067,614265,91,614356
4068,614631,30,614661
4069,614824,59,614883
4070,614984,74,615058
4071,615084,32,615116
4072,615209,19,615228
4073,615402,24,615426
4074,615526,32,615558
4075,615617,5,615622
4076,615713,77,615790
4077,615854,65,615919
4078,616107,59,616166
4079,616184,6,616190
4080,616384,46,616430
4081,616753,22,616775
4082,616809,46,616855
4083,617021,75,617096
4084,617178,149,617327
4085,617331,4,617335
4086,617375,25,617400
4087,617432,18,617450
4088,617682,13,617695
4089,617788,25,617813
4090,617814,5,617819
4091,617863,221,618084
4092,618086,5,618091
4093,618133,58,618191
4094,618239,93,618332
4095,618411,108,618519
4096,618645,61,618706
4097,618748,57,618805
4098,618842,36,618878
4099,618910,170,619080
4100,619136,35,619171
4101,619222,9,619231
4102,619274,66,619340
4103,619431,62,619493
4104,619577,44,619621
4105,619698,17,619715
4106,620053,1,620054
4107,620234,14,620248
4108,620316,37,620353
4109,620585,69,620654
4110,620668,43,620711
4111,620724,56,620780
4112,621100,19,621119
4113,621132,7,621139
4114,621182,53,621235
4115,621361,191,621552
4116,621715,58,621773
4117,621820,32,621852
4118,621894,92,621986
4119,621996,5,622001
4120,622002,238,622240
4121,622313,122,622435
4122,622573,95,622668
4123,622736,29,622765
4124,622808,25,622833
4125,622906,13,622919
4126,623094,54,623148
4127,623223,19,623242
4128,623287,58,623345
4129,623439,231,623670
4130,623820,26,623846
4131,623856,2,623858
4132,623968,2,623970
4133,624059,1,624060
4134,624161,84,624245
4135,624260,20,624280
4136,624343,67,624410
4137,624485,47,624532
4138,624617,23,624640
4139,624642,19,624661
4140,624697,149,624846
4141,624864,70,624934
4142,624945,16,624961
4143,625016,58,625074
4144,625151,13,625164
4145,625454,236,625690
4146,625796,22,625818
4147,626069,118,626187
4148,626346,44,626390
4149,626402,18,626420
4150,626430,84,626514
4151,626624,13,626637
4152,627069,25,627094
4153,627170,29,627199
4154,627218,8,627226
4155,627243,7,627250
4156,627263,19,627282
4157,627711,14,627725
4158,627768,13,627781
4159,627788,90,627878
4160,628121,136,628257
4161,628259,44,628303
4162,628727,17,628744
4163,628815,50,628865
4164,628971,2,628973
4165,629041,32,629073
4166,629178,1,629179
4167,629236,17,629253
4168,629369,1,629370
4169,629411,18,629429
4170,629506,1,629507
4171,629539,60,629599
4172,629629,55,629684
4173,629746,40,629786
4174,629802,16,629818
4175,629965,86,630051
4176,630268,38,630306
4177,630467,249,630716
4178,630783,5,630788
4179,630833,73,630906
4180,630930,10,630940
4181,631139,138,631277
4182,631405,5,631410
4183,631451,12,631463
4184,631550,61,631611
4185,631747,61,631808
4186,631997,5,632002
4187,632231,37,632268
4188,632377,35,632412
4189,632414,53,632467
4190,632475,113,632588
4191,632671,78,632749
4192,632787,95,632882
4193,633444,204,633648
4194,633835,28,633863
4195,633864,106,633970
4196,634059,27,634086
4197,634209,51,634260
4198,634280,18,634298
4199,634317,84,634401
4200,634470,22,634492
4201,634728,14,634742
4202,634846,82,634928
4203,635103,46,635149
4204,635183,2,635185
4205,635262,2,635264
4206,635411,28,635439
4207,635542,35,635577
4208,635658,28,635686
4209,635762,12,635774
4210,635799,6,635805
4211,635807,6,635813
4212,635983,51,636034
4213,636120,38,636158
4214,636266,14,636280
4215,636442,27,636469
4216,636541,182,636723
4217,636733,52,636785
4218,636899,32,636931
4219,637124,29,637153
4220,637204,96,637300
4221,637365,67,637432
4222,637554,18,637572
4223,637650,78,637728
4224,637857,69,637926
4225,637929,14,637943
4226,638328,112,638440
4227,638470,8,638478
4228,638488,4,638492
4229,638555,3,638558
4230,638699,100,638799
4231,638801,39,638840
4232,638863,47,638910
4233,639141,73,639214
4234,639340,52,639392
4235,639406,39,639445
4236,639574,8,639582
4237,639679,25,639704
4238,639863,40,639903
4239,639934,152,640086
4240,640111,7,640118
4241,640176,128,640304
4242,640438,3,640441
4243,640507,35,640542
4244,640572,86,640658
4245,640776,138,640914
4246,641268,49,641317
4247,641380,19,641399
4248,641459,27,641486
4249,641586,15,641601
4250,641645,34,641679
4251,641696,42,641738
4252,641830,7,641837
4253,641921,73,641994
4254,642203,83,642286
4255,642488,94,642582
4256,642609,142,642751
4257,642896,76,642972
4258,643002,169,643171
4259,643172,33,643205
4260,643434,18,643452
4261,643477,118,643595
4262,643879,32,643911
4263,643955,99,644054
4264,644125,146,644271
4265,644328,12,644340
4266,644361,125,644486
4267,644747,45,644792
4268,645226,16,645242
4269,645559,59,645618
4270,645621,15,645636
4271,645748,73,645821
4272,645846,11,645857
4273,646192,146,646338
4274,646421,25,646446
4275,646459,5,646464
4276,646476,12,646488
4277,646519,167,646686
4278,646710,73,646783
4279,646901,56,646957
4280,646962,29,646991
4281,647239,48,647287
4282,647299,47,647346
4283,647438,28,647466
4284,647505,2,647507
4285,647596,47,647643
4286,647759,2,647761
4287,647914,31,647945
4288,648058,31,648089
4289,648158,86,648244
4290,648266,70,648336
4291,648347,33,648380
4292,648667,15,648682
4293,648686,103,648789
4294,649007,77,649084
4295,649173,3,649176
4296,649259,39,649298
4297,649486,34,649520
4298,649568,87,649655
4299,649900,48,649948
4300,649985,6,649991
4301,650082,5,650087
4302,650113,15,650128
4303,650275,173,650448
4304,650572,56,650628
4305,650719,10,650729
4306,650849,9,650858
4307,650878,65,650943
4308,651012,29,651041
4309,651080,68,651148
4310,651265,33,651298
4311,651369,36,651405
4312,651425,1,651426
4313,651540,247,651787
4314,651859,7,651866
4315,651927,44,651971
4316,651972,28,652000
4317,652024,26,652050
4318,652097,11,652108
4319,652244,58,652302
4320,652322,18,652340
4321,652428,117,652545
4322,652683,20,652703
4323,652828,65,652893
4324,652961,16,652977
4325,652992,11,653003
4326,653017,32,653049
4327,653275,40,653315
4328,653423,23,653446
4329,653460,33,653493
4330,653749,19,653768
4331,653806,66,653872
4332,654106,19,654125
4333,654219,10,654229
4334,654232,176,654408
4335,654444,8,654452
4336,654542,14,654556
4337,654578,72,654650
4338,654720,6,654726
4339,654909,18,654927
4340,654968,41,655009
4341,655117,81,655198
4342,655252,60,655312
4343,655367,42,655409
4344,655439,35,655474
4345,655521,71,655592
4346,655600,37,655637
4347,655688,51,655739
4348,655761,15,655776
4349,656151,9,656160
4350,656338,10,656348
4351,656350,10,656360
4352,656511,153,656664
4353,656760,79,656839
4354,656858,27,656885
4355,656910,239,657149
4356,657153,7,657160
4357,657171,44,657215
4358,657233,88,657321
4359,657381,21,657402
4360,657555,289,657844
4361,657995,171,658166
4362,658193,32,658225
4363,658309,80,658389
4364,658488,14,658502
4365,658578,12,658590
4366,658607,106,658713
4367,658795,26,658821
4368,658996,7,659003
4369,659062,5,659067
4370,659268,149,659417
4371,659602,31,659633
4372,659658,3,659661
4373,659850,33,659883
4374,660177,10,660187
4375,660286,17,660303
4376,660410,99,660509
4377,660647,90,660737
4378,660783,128,660911
4379,660913,14,660927
4380,661037,53,661090
4381,661091,37,661128
4382,661151,8,661159
4383,661337,16,661353
4384,661572,124,661696
4385,661848,2,661850
4386,661984,217,662201
4387,662510,9,662519
4388,662578,121,662699
4389,662707,68,662775
4390,662966,36,663002
4391,663281,11,663292
4392,663366,8,663374
4393,663383,60,663443
4394,663669,11,663680
4395,663730,64,663794
4396,663811,65,663876
4397,663929,35,663964
4398,664084,3,664087
4399,664177,44,664221
4400,664314,24,664338
4401,664339,36,664375
4402,664410,11,664421
4403,664529,24,664553
4404,664611,34,664645
4405,664691,70,664761
4406,664831,7,664838
4407,665071,51,665122
4408,665195,22,665217
4409,665266,10,665276
4410,665316,135,665451
4411,665506,87,665593
4412,665779,55,665834
4413,666143,37,666180
4414,666270,16,666286
4415,666298,72,666370
4416,666377,25,666402
4417,666451,13,666464
4418,666544,61,666605
4419,666705,24,666729
4420,666745,7,666752
4421,667004,37,667041
4422,667110,132,667242
4423,667302,50,667352
4424,667382,29,667411
4425,667610,47,667657
4426,667664,18,667682
4427,667691,35,667726
4428,667729,114,667843
4429,668012,52,668064
4430,668073,41,668114
4431,668247,90,668337
4432,668361,147,668508
4433,668535,49,668584
4434,668635,48,668683
4435,668707,73,668780
4436,668844,47,668891
4437,669061,17,669078
4438,669255,15,669270
4439,669291,2,669293
4440,669433,92,669525
4441,669624,13,669637
4442,669832,5,669837
4443,669965,131,670096
4444,670214,41,670255
4445,670356,123,670479
4446,670504,67,670571
4447,670719,19,670738
4448,670836,29,670865
4449,671451,5,671456
4450,671622,35,671657
4451,671665,148,671813
4452,671814,3,671817
4453,671960,134,672094
4454,672104,135,672239
4455,672311,47,672358
4456,672385,18,672403
4457,672428,29,672457
4458,672631,16,672647
4459,672797,28,672825
4460,672856,72,672928
4461,673027,37,673064
4462,673289,19,673308
4463,673344,70,673414
4464,673478,52,673530
4465,673542,73,673615
4466,673626,111,673737
4467,673783,46,673829
4468,673953,3,673956
4469,674063,36,674099
4470,674139,172,674311
4471,674497,96,674593
4472,674621,261,674882
4473,674956,68,675024
4474,675205,19,675224
4475,675226,16,675242
4476,675253,56,675309
4477,675341,11,675352
4478,675359,23,675382
4479,675488,12,675500
4480,675615,136,675751
4481,675755,95,675850
4482,675858,73,675931
4483,676052,3,676055
4484,676057,68,676125
4485,676218,39,676257
4486,676654,2,676656
4487,676852,7,676859
4488,677038,68,677106
4489,677129,9,677138
4490,677285,105,677390
4491,677392,17,677409
4492,677419,11,677430
4493,677433,14,677447
4494,677794,24,677818
4495,677831,55,677886
4496,677986,15,678001
4497,678149,91,678240
4498,678290,12,678302
4499,678317,1,678318
4500,678394,60,678454
4501,678516,45,678561
4502,678706,55,678761
4503,678927,64,678991
4504,679039,85,679124
4505,679285,93,679378
4506,679383,305,679688
4507,679752,99,679851
4508,679964,40,680004
4509,680072,26,680098
4510,680151,30,680181
4511,680186,104,680290
4512,680386,97,680483
4513,680658,31,680689
4514,680698,47,680745
4515,680751,99,680850
4516,680921,4,680925
4517,681141,159,681300
4518,681523,48,681571
4519,681605,116,681721
4520,681903,26,681929
4521,681931,44,681975
4522,682028,48,682076
4523,682292,31,682323
4524,682351,59,682410
4525,682508,33,682541
4526,682637,3,682640
4527,682682,11,682693
4528,682899,77,682976
4529,683052,34,683086
4530,683146,42,683188
4531,683198,58,683256
4532,683319,3,683322
4533,683449,8,683457
4534,683462,55,683517
4535,683703,9,683712
4536,683734,101,683835
4537,683860,36,683896
4538,684086,11,684097
4539,684432,90,684522
4540,684536,19,684555
4541,684576,12,684588
4542,684593,109,684702
4543,684925,126,685051
4544,685432,160,685592
4545,685658,2,685660
4546,685729,11,685740
4547,685792,6,685798
4548,685811,9,685820
4549,685854,7,685861
4550,685932,1,685933
4551,686063,50,686113
4552,686188,58,686246
4553,686552,26,686578
4554,686670,6,686676
4555,686694,7,686701
4556,686731,114,686845
4557,686867,67,686934
4558,686938,28,686966
4559,687055,20,687075
4560,687344,33,687377
4561,687686,36,687722
4562,687841,128,687969
4563,688183,33,688216
4564,688319,35,688354
4565,688573,23,688596
4566,688847,11,688858
4567,688958,22,688980
4568,689084,11,689095
4569,689229,74,689303
4570,689523,5,689528
4571,689605,7,689612
4572,689649,8,689657
4573,689740,1,689741
4574,689991,104,690095
4575,690102,43,690145
4576,690237,131,690368
4577,690420,13,690433
4578,690560,50,690610
4579,690671,32,690703
4580,690730,56,690786
4581,690894,29,690923
4582,691037,44,691081
4583,691170,30,691200
4584,691208,25,691233
4585,691352,137,691489
4586,691719,51,691770
4587,691783,32,691815
4588,691861,36,691897
4589,692046,43,692089
4590,692099,5,692104
4591,692130,30,692160
4592,692213,27,692240
4593,692399,37,692436
4594,692446,43,692489
4595,692552,25,692577
4596,692786,102,692888
4597,692963,6,692969
4598,693034,13,693047
4599,693156,5,693161
4600,693451,37,693488
4601,693501,67,693568
4602,693689,53,693742
4603,693753,31,693784
4604,693846,50,693896
4605,693925,3,693928
4606,693972,22,693994
4607,694009,6,694015
4608,694122,11,694133
4609,694169,16,694185
4610,694304,16,694320
4611,694399,61,694460
4612,694507,79,694586
4613,694729,20,694749
4614,694756,17,694773
4615,694809,7,694816
4616,694924,37,694961
4617,694968,5,694973
4618,694981,8,694989
4619,695020,20,695040
4620,695106,41,695147
4621,695155,36,695191
4622,695274,3,695277
4623,695332,65,695397
4624,695406,37,695443
4625,695762,15,695777
4626,695781,22,695803
4627,695947,19,695966
4628,695981,42,696023
4629,696085,72,696157
4630,696282,140,696422
4631,696636,14,696650
4632,696699,138,696837
4633,696996,13,697009
4634,697039,57,697096
4635,697223,130,697353
4636,697397,2,697399
4637,697876,135,698011
4638,698022,17,698039
4639,698040,143,698183
4640,698196,7,698203
4641,698341,15,698356
4642,698377,4,698381
4643,698440,49,698489
4644,698613,8,698621
4645,698711,220,698931
4646,699173,12,699185
4647,699204,27,699231
4648,699323,137,699460
4649,699578,47,699625
4650,699733,30,699763
4651,699920,107,700027
4652,700337,32,700369
4653,700505,27,700532
4654,700586,1,700587
4655,700729,39,700768
4656,700852,45,700897
4657,700926,27,700953
4658,701013,25,701038
4659,701054,31,701085
4660,701205,105,701310
4661,701335,76,701411
4662,702029,103,702132
4663,702184,49,702233
4664,702256,76,702332
4665,702475,11,702486
4666,702511,10,702521
4667,702547,23,702570
4668,702637,10,702647
4669,702648,25,702673
4670,702833,74,702907
4671,703034,51,703085
4672,703224,8,703232
4673,703245,35,703280
4674,703408,33,703441
4675,703515,20,703535
4676,703621,36,703657
4677,703679,73,703752
4678,703801,8,703809
4679,704025,186,704211
4680,704258,24,704282
4681,704296,4,704300
4682,704332,14,704346
4683,704373,14,704387
4684,704430,21,704451
4685,704626,48,704674
4686,704676,14,704690
4687,704822,6,704828
4688,704834,78,704912
4689,704932,27,704959
4690,704984,41,705025
4691,705037,39,705076
4692,705080,54,705134
4693,705235,8,705243
4694,705266,61,705327
4695,705405,102,705507
4696,705666,21,705687
4697,705743,72,705815
4698,705878,32,705910
4699,706094,11,706105
4700,706155,32,706187
4701,706367,73,706440
4702,706590,7,706597
4703,706633,8,706641
4704,706723,82,706805
4705,706913,40,706953
4706,706986,75,707061
4707,707090,4,707094
4708,707215,17,707232
4709,707315,21,707336
4710,707475,39,707514
4711,707748,8,707756
4712,707807,133,707940
4713,707957,81,708038
4714,708279,65,708344
4715,708414,37,708451
4716,708457,196,708653
4717,708689,9,708698
4718,708726,50,708776
4719,709023,15,709038
4720,709042,102,709144
4721,709165,228,709393
4722,709410,201,709611
4723,709723,28,709751
4724,709772,10,709782
4725,709950,39,709989
4726,710009,79,710088
4727,710168,34,710202
4728,710579,67,710646
4729,710742,23,710765
4730,711080,38,711118
4731,711146,4,711150
4732,711340,106,711446
4733,711456,302,711758
4734,712110,67,712177
4735,712196,62,712258
4736,712361,43,712404
4737,712538,3,712541
4738,712620,143,712763
4739,712950,55,713005
4740,713038,1,713039
4741,713131,26,713157
4742,713303,35,713338
4743,713508,118,713626
4744,713673,51,713724
4745,713906,41,713947
4746,714185,87,714272
4747,714366,92,714458
4748,714530,100,714630
4749,714658,47,714705
4750,714850,5,714855
4751,714905,7,714912
4752,714988,39,715027
4753,715029,12,715041
4754,715224,10,715234
4755,715294,11,715305
4756,715313,31,715344
4757,715362,70,715432
4758,715565,148,715713
4759,715722,32,715754
4760,715874,137,716011
4761,716109,104,716213
4762,716272,30,716302
4763,716414,1,716415
4764,716451,143,716594
4765,716744,30,716774
4766,716824,44,716868
4767,717017,24,717041
4768,717059,237,717296
4769,717378,5,717383
4770,717446,3,717449
4771,717633,7,717640
4772,718090,32,718122
4773,718423,7,718430
4774,718435,10,718445
4775,718463,15,718478
4776,718689,36,718725
4777,718759,97,718856
4778,718896,12,718908
4779,718947,43,718990
4780,719347,4,719351
4781,719455,34,719489
4782,719804,4,719808
4783,719867,76,719943
4784,720008,81,720089
4785,720136,7,720143
4786,720198,11,720209
4787,720257,170,720427
4788,720571,124,720695
4789,720700,145,720845
4790,721080,28,721108
4791,721117,11,721128
4792,721139,43,721182
4793,721188,6,721194
4794,721296,115,721411
4795,721442,80,721522
4796,721523,54,721577
4797,721682,10,721692
4798,721731,35,721766
4799,721795,24,721819
4800,721981,25,722006
4801,722025,136,722161
4802,722379,113,722492
4803,722838,59,722897
4804,723069,184,723253
4805,723276,30,723306
4806,723334,8,723342
4807,723355,49,723404
4808,723502,43,723545
4809,723621,5,723626
4810,723629,5,723634
4811,723849,54,723903
4812,724017,23,724040
4813,724167,50,724217
4814,724281,50,724331
4815,724371,14,724385
4816,724525,161,724686
4817,724710,78,724788
4818,724879,2,724881
4819,724917,22,724939
4820,725045,30,725075
4821,725189,41,725230
4822,725329,7,725336
4823,725372,10,725382
4824,725463,3,725466
4825,725588,68,725656
4826,725682,104,725786
4827,725837,26,725863
4828,726018,76,726094
4829,726099,19,726118
4830,726250,62,726312
4831,726357,52,726409
4832,726694,68,726762
4833,726786,40,726826
4834,726980,21,727001
4835,727102,153,727255
4836,727321,9,727330
4837,727381,25,727406
4838,727465,64,727529
4839,727543,224,727767
4840,727848,57,727905
4841,727946,10,727956
4842,728026,110,728136
4843,728186,54,728240
4844,728417,11,728428
4845,728576,49,728625
4846,728626,16,728642
4847,728648,10,728658
4848,728714,106,728820
4849,729028,6,729034
4850,729227,119,729346
4851,729562,1,729563
4852,729626,43,729669
4853,729707,28,729735
4854,729757,41,729798
4855,729860,17,729877
4856,730051,45,730096
4857,730099,21,730120
4858,730140,77,730217
4859,730289,12,730301
4860,730445,41,730486
4861,730505,94,730599
4862,730654,16,730670
4863,730708,33,730741
4864,730896,26,730922
4865,730923,3,730926
4866,731241,2,731243
4867,731267,20,731287
4868,731343,293,731636
4869,731703,12,731715
4870,731795,28,731823
4871,731942,42,731984
4872,732015,127,732142
4873,732172,36,732208
4874,732290,1,732291
4875,732398,4,732402
4876,732460,112,732572
4877,732658,13,732671
4878,733304,13,733317
4879,733616,7,733623
4880,733883,49,733932
4881,733982,96,734078
4882,734134,125,734259
4883,734416,21,734437
4884,734478,56,734534
4885,734535,18,734553
4886,734641,79,734720
4887,734865,62,734927
4888,735024,111,735135
4889,735339,133,735472
4890,735535,24,735559
4891,735598,19,735617
4892,735688,65,735753
4893,735960,204,736164
4894,736181,37,736218
4895,736221,1,736222
4896,736286,15,736301
4897,736465,5,736470
4898,736477,57,736534
4899,736606,127,736733
4900,736766,165,736931
4901,737018,156,737174
4902,737356,31,737387
4903,737511,35,737546
4904,737593,83,737676
4905,737734,10,737744
4906,737920,7,737927
4907,738184,94,738278
4908,738297,58,738355
4909,738426,201,738627
4910,738887,1,738888
4911,738897,46,738943
4912,739045,14,739059
4913,739116,97,739213
4914,739247,135,739382
4915,739479,31,739510
4916,739522,12,739534
4917,739601,27,739628
4918,739676,4,739680
4919,739745,82,739827
4920,739946,104,740050
4921,740072,8,740080
4922,740149,30,740179
4923,740321,4,740325
4924,740436,41,740477
4925,740481,52,740533
4926,740770,119,740889
4927,740939,13,740952
4928,741032,34,741066
4929,741150,35,741185
4930,741361,50,741411
4931,741489,62,741551
4932,741593,106,741699
4933,741854,14,741868
4934,741895,158,742053
4935,742115,15,742130
4936,742154,83,742237
4937,742270,41,742311
4938,742382,25,742407
4939,742463,19,742482
4940,742623,21,742644
4941,742660,62,742722
4942,742798,13,742811
4943,742865,22,742887
4944,743055,20,743075
4945,743285,43,743328
4946,743440,29,743469
4947,743489,58,743547
4948,743786,4,743790
4949,743872,6,743878
4950,743879,33,743912
4951,743954,120,744074
4952,744097,116,744213
4953,744383,22,744405
4954,744413,5,744418
4955,744450,92,744542
4956,744585,44,744629
4957,744685,1,744686
4958,744754,23,744777
4959,744820,7,744827
4960,744962,105,745067
4961,745115,72,745187
4962,745219,128,745347
4963,745477,63,745540
4964,745689,27,745716
4965,745750,14,745764
4966,745826,10,745836
4967,745907,7,745914
4968,746035,46,746081
4969,746171,26,746197
4970,746199,237,746436
4971,746444,27,746471
4972,746571,18,746589
4973,746702,17,746719
4974,746912,88,747000
4975,747443,68,747511
4976,747590,144,747734
4977,747793,47,747840
4978,748059,31,748090
4979,748166,2,748168
4980,748206,43,748249
4981,748269,38,748307
4982,748320,12,748332
4983,748375,95,748470
4984,748702,37,748739
4985,748891,9,748900
4986,748927,23,748950
4987,749085,89,749174
4988,749231,6,749237
4989,749522,88,749610
4990,749661,77,749738
4991,749792,7,749799
4992,749827,64,749891
4993,749967,20,749987
4994,750183,17,750200
4995,750226,15,750241
4996,750382,195,750577
4997,750622,97,750719
4998,750739,25,750764
4999,750844,97,750941
5000,750955,50,751005
5001,751060,56,751116
5002,751132,2,751134
5003,751177,116,751293
5004,751392,49,751441
5005,751682,51,751733
5006,751770,35,751805
5007,751826,56,751882
5008,751894,48,751942
5009,751985,38,752023
5010,752129,5,752134
5011,752166,12,752178
5012,752255,94,752349
5013,752356,97,752453
5014,752489,99,752588
5015,752655,90,752745
5016,752760,21,752781
5017,752833,1,752834
5018,752837,159,752996
5019,753242,81,753323
5020,753442,10,753452
5021,753636,30,753666
5022,753709,20,753729
5023,753788,40,753828
5024,753929,88,754017
5025,754027,70,754097
5026,754212,50,754262
5027,754317,23,754340
5028,754376,24,754400
5029,754417,19,754436
5030,754448,5,754453
5031,754478,61,754539
5032,754795,40,754835
5033,754852,19,754871
5034,754948,56,755004
5035,755101,4,755105
5036,755188,59,755247
5037,755265,77,755342
5038,755512,40,755552
5039,755601,57,755658
5040,755703,33,755736
5041,755775,16,755791
5042,755865,11,755876
5043,755940,266,756206
5044,756337,1,756338
5045,756409,127,756536
5046,756652,9,756661
5047,756730,62,756792
5048,757006,26,757032
5049,757047,27,757074
5050,757104,55,757159
5051,757309,115,757424
5052,757495,69,757564
5053,757633,7,757640
5054,757770,84,757854
5055,758041,38,758079
5056,758081,83,758164
5057,758184,5,758189
5058,758281,143,758424
5059,758444,65,758509
5060,758600,29,758629
5061,758646,94,758740
5062,758881,10,758891
5063,758990,24,759014
5064,759027,6,759033
5065,759050,20,759070
5066,759110,16,759126
5067,759382,119,759501
5068,759545,130,759675
5069,759815,40,759855
5070,759933,41,759974
5071,760006,51,760057
5072,760107,5,760112
5073,760335,98,760433
5074,760475,29,760504
5075,760757,156,760913
5076,760952,20,760972
5077,761104,112,761216
5078,761391,12,761403
5079,761412,44,761456
5080,761517,12,761529
5081,761700,275,761975
5082,762012,83,762095
5083,762124,98,762222
5084,762308,22,762330
5085,762362,127,762489
5086,762938,50,762988
5087,763017,31,763048
5088,763059,22,763081
5089,763263,9,763272
5090,763420,36,763456
5091,763511,29,763540
5092,763741,4,763745
5093,764098,41,764139
5094,764145,17,764162
5095,764306,127,764433
5096,764494,40,764534
5097,764638,19,764657
5098,764706,105,764811
5099,764906,52,764958
5100,764982,139,765121
5101,765143,17,765160
5102,765234,7,765241
5103,765359,111,765470
5104,765509,95,765604
5105,765669,46,765715
5106,765720,2,765722
5107,765967,43,766010
5108,766146,48,766194
5109,766250,34,766284
5110,766289,23,766312
5111,766344,113,766457
5112,766503,21,766524
5113,766643,6,766649
5114,766708,47,766755
5115,766934,18,766952
5116,767134,76,767210
5117,767272,91,767363
5118,767377,22,767399
5119,767448,57,767505
5120,767552,24,767576
5121,767608,97,767705
5122,767974,216,768190
5123,768210,22,768232
5124,768272,13,768285
5125,768584,2,768586
5126,768664,28,768692
5127,768732,20,768752
5128,768772,16,768788
5129,768835,4,768839
5130,768866,33,768899
5131,768900,29,768929
5132,769011,121,769132
5133,769287,40,769327
5134,769396,6,769402
5135,769821,53,769874
5136,770087,5,770092
5137,770365,27,770392
5138,770393,4,770397
5139,770451,63,770514
5140,770529,100,770629
5141,770744,63,770807
5142,770887,141,771028
5143,771044,12,771056
5144,771067,122,771189
5145,771243,50,771293
5146,771294,4,771298
5147,771379,39,771418
5148,771455,23,771478
5149,771556,44,771600
5150,771637,36,771673
5151,771798,23,771821
5152,771895,4,771899
5153,771915,44,771959
5154,772263,32,772295
5155,772297,9,772306
5156,772468,15,772483
5157,772493,41,772534
5158,772542,9,772551
5159,772562,72,772634
5160,772971,170,773141
5161,773236,12,773248
5162,773266,48,773314
5163,773337,143,773480
5164,773768,45,773813
5165,773968,82,774050
5166,774056,51,774107
5167,774118,14,774132
5168,774228,208,774436
5169,774583,53,774636
5170,774691,11,774702
5171,774745,85,774830
5172,774911,27,774938
5173,775036,27,775063
5174,775091,17,775108
5175,775225,33,775258
5176,775343,19,775362
5177,775382,19,775401
5178,775460,15,775475
5179,775476,27,775503
5180,775594,26,775620
5181,775658,72,775730
5182,775835,23,775858
5183,775932,71,776003
5184,776063,15,776078
5185,776192,43,776235
5186,776246,18,776264
5187,776298,1,776299
5188,776301,14,776315
5189,776490,69,776559
5190,776583,22,776605
5191,776657,165,776822
5192,777012,26,777038
5193,777236,54,777290
5194,777495,30,777525
5195,777613,43,777656
5196,777679,61,777740
5197,777748,4,777752
5198,777941,23,777964
5199,778091,34,778125
5200,778411,27,778438
5201,778583,23,778606
5202,778607,10,778617
5203,778631,5,778636
5204,778765,29,778794
5205,778795,113,778908
5206,778926,3,778929
5207,778993,55,779048
5208,779078,89,779167
5209,779442,12,779454
5210,779566,59,779625
5211,779646,60,779706
5212,779715,34,779749
5213,779784,8,779792
5214,779998,30,780028
5215,780109,5,780114
5216,780168,26,780194
5217,780389,3,780392
5218,780721,38,780759
5219,780882,16,780898
5220,780935,170,781105
5221,781159,96,781255
5222,781510,165,781675
5223,781704,107,781811
5224,781836,41,781877
5225,781978,2,781980
5226,782005,44,782049
5227,782135,45,782180
5228,782193,183,782376
5229,782381,40,782421
5230,782659,19,782678
5231,782765,43,782808
5232,782899,6,782905
5233,782911,44,782955
5234,782993,10,783003
5235,783046,31,783077
5236,783163,105,783268
5237,783361,14,783375
5238,783468,8,783476
5239,783644,91,783735
5240,784091,135,784226
5241,784446,9,784455
5242,784467,11,784478
5243,784583,123,784706
5244,784962,10,784972
5245,784994,25,785019
5246,785045,93,785138
5247,785194,11,785205
5248,785368,81,785449
5249,785599,44,785643
5250,785677,45,785722
5251,785859,63,785922
5252,785944,73,786017
5253,786032,57,786089
5254,786102,206,786308
5255,786353,34,786387
5256,786508,28,786536
5257,786634,2,786636
5258,786735,14,786749
5259,786760,115,786875
5260,786881,37,786918
5261,786993,15,787008
5262,787021,3,787024
5263,787048,45,787093
5264,787265,5,787270
5265,787417,7,787424
5266,787519,69,787588
5267,787669,102,787771
5268,787964,76,788040
5269,788088,78,788166
5270,788269,62,788331
5271,788430,18,788448
5272,788490,93,788583
5273,788590,21,788611
5274,788620,155,788775
5275,788788,12,788800
5276,788823,81,788904
5277,788997,13,789010
5278,789049,170,789219
5279,789349,11,789360
5280,789712,20,789732
5281,789780,139,789919
5282,790074,159,790233
5283,790267,33,790300
5284,790343,71,790414
5285,790488,15,790503
5286,790626,65,790691
5287,790833,36,790869
5288,790876,107,790983
5289,791212,21,791233
5290,791275,139,791414
5291,791550,42,791592
5292,791818,23,791841
5293,791882,178,792060
5294,792160,4,792164
5295,792251,35,792286
5296,792452,3,792455
5297,792526,121,792647
5298,792698,19,792717
5299,792726,51,792777
5300,792949,54,793003
5301,793330,12,793342
5302,793378,47,793425
5303,793471,108,793579
5304,793657,57,793714
5305,793785,5,793790
5306,794028,31,794059
5307,794104,24,794128
5308,794149,36,794185
5309,794201,26,794227
5310,794513,139,794652
5311,794744,32,794776
5312,794815,7,794822
5313,794845,32,794877
5314,795439,33,795472
5315,795655,186,795841
5316,796077,8,796085
5317,796139,42,796181
5318,796297,79,796376
5319,796404,78,796482
5320,796534,165,796699
5321,797316,22,797338
5322,797545,28,797573
5323,797646,50,797696
5324,797937,105,798042
5325,798054,57,798111
5326,798118,4,798122
5327,798319,4,798323
5328,798329,8,798337
5329,798365,153,798518
5330,798535,15,798550
5331,798592,32,798624
5332,798772,68,798840
5333,799042,54,799096
5334,799363,27,799390
5335,799557,12,799569
5336,799718,5,799723
5337,799759,59,799818
5338,800047,16,800063
5339,800102,88,800190
5340,800361,20,800381
5341,800407,14,800421
5342,800659,26,800685
5343,800712,28,800740
5344,800780,28,800808
5345,800826,45,800871
5346,800942,102,801044
5347,801125,18,801143
5348,801290,80,801370
5349,801532,7,801539
5350,801562,92,801654
5351,801954,49,802003
5352,802040,23,802063
5353,802126,8,802134
5354,802224,69,802293
5355,802378,4,802382
5356,802670,51,802721
5357,802729,53,802782
5358,802802,27,802829
5359,802859,3,802862
5360,802902,65,802967
5361,803142,9,803151
5362,803192,18,803210
5363,803388,18,803406
5364,803510,3,803513
5365,803586,19,803605
5366,803630,3,803633
5367,803676,35,803711
5368,804039,26,804065
5369,804195,17,804212
5370,804271,56,804327
5371,804492,38,804530
5372,804743,35,804778
5373,804954,7,804961
5374,805067,7,805074
5375,805078,21,805099
5376,805177,25,805202
5377,805432,64,805496
5378,805548,11,805559
5379,805718,79,805797
5380,805823,140,805963
5381,806217,57,806274
5382,806461,11,806472
5383,806621,41,806662
5384,806788,95,806883
5385,806915,7,806922
5386,807110,89,807199
5387,807345,26,807371
5388,807430,14,807444
5389,807514,31,807545
5390,807665,4,807669
5391,807737,86,807823
5392,807871,26,807897
5393,807929,76,808005
5394,808200,37,808237
5395,808273,13,808286
5396,808290,186,808476
5397,808755,83,808838
5398,808918,86,809004
5399,809174,117,809291
5400,809667,3,809670
5401,809762,37,809799
5402,809835,59,809894
5403,809999,222,810221
5404,810506,24,810530
5405,810570,133,810703
5406,810704,15,810719
5407,810834,11,810845
5408,810888,16,810904
5409,810980,50,811030
5410,811034,23,811057
5411,811065,22,811087
5412,811144,141,811285
5413,811351,1,811352
5414,811658,88,811746
5415,811758,115,811873
5416,812012,11,812023
5417,812033,5,812038
5418,812069,68,812137
5419,812203,52,812255
5420,812327,17,812344
5421,812436,1,812437
5422,812475,88,812563
5423,812620,24,812644
5424,813134,38,813172
5425,813235,26,813261
5426,813347,87,813434
5427,813510,29,813539
5428,813541,8,813549
5429,813552,26,813578
5430,813600,22,813622
5431,813790,78,813868
5432,814003,23,814026
5433,814042,44,814086
5434,814216,151,814367
5435,814464,16,814480
5436,814535,29,814564
5437,814600,99,814699
5438,814708,87,814795
5439,814920,27,814947
5440,814992,21,815013
5441,815086,114,815200
5442,815239,72,815311
5443,815313,1,815314
5444,815490,28,815518
5445,815600,19,815619
5446,815623,66,815689
5447,815979,60,816039
5448,816048,22,816070
5449,816097,103,816200
5450,816389,16,816405
5451,816411,175,816586
5452,816612,150,816762
5453,816801,21,816822
5454,816940,39,816979
5455,817095,9,817104
5456,817114,48,817162
5457,817244,3,817247
5458,817293,5,817298
5459,817470,22,817492
5460,817533,20,817553
5461,817601,15,817616
5462,817628,68,817696
5463,817784,42,817826
5464,817890,22,817912
5465,817924,31,817955
5466,818013,58,818071
5467,818413,1,818414
5468,818519,49,818568
5469,818622,34,818656
5470,818769,16,818785
5471,818843,105,818948
5472,818955,220,819175
5473,819183,14,819197
5474,819232,23,819255
5475,819573,149,819722
5476,819910,3,819913
5477,820022,14,820036
5478,820128,42,820170
5479,820299,19,820318
5480,820332,108,820440
5481,820460,11,820471
5482,820524,2,820526
5483,820553,16,820569
5484,820684,5,820689
5485,820708,75,820783
5486,820833,34,820867
5487,820908,8,820916
5488,820957,21,820978
5489,820996,5,821001
5490,821193,76,821269
5491,821426,15,821441
5492,821528,23,821551
5493,821678,10,821688
5494,821750,131,821881
5495,821929,11,821940
5496,821953,24,821977
5497,821980,8,821988
5498,822122,30,822152
5499,822171,31,822202
5500,822273,47,822320
5501,822324,64,822388
5502,822504,51,822555
5503,822625,7,822632
5504,822682,2,822684
5505,822996,60,823056
5506,823081,23,823104
5507,823224,9,823233
5508,823255,161,823416
5509,823431,13,823444
5510,823547,176,823723
5511,823740,20,823760
5512,823763,39,823802
5513,823860,8,823868
5514,824013,26,824039
5515,824044,106,824150
5516,824177,109,824286
5517,824338,9,824347
5518,824506,16,824522
5519,824873,5,824878
5520,824939,145,825084
5521,825158,75,825233
5522,825240,11,825251
5523,825262,17,825279
5524,825372,6,825378
5525,825441,4,825445
5526,825538,4,825542
5527,825637,18,825655
5528,825801,61,825862
5529,825912,9,825921
5530,826013,85,826098
5531,826251,76,826327
5532,826424,7,826431
5533,826567,17,826584
5534,826638,54,826692
5535,826729,20,826749
5536,826821,53,826874
5537,826908,35,826943
5538,827019,132,827151
5539,827184,77,827261
5540,827279,94,827373
5541,827560,17,827577
5542,827611,66,827677
5543,827930,54,827984
5544,828027,161,828188
5545,828210,14,828224
5546,828489,71,828560
5547,828832,29,828861
5548,828927,77,829004
5549,829005,6,829011
5550,829069,4,829073
5551,829092,5,829097
5552,829117,40,829157
5553,829453,174,829627
5554,829770,7,829777
5555,829876,17,829893
5556,830199,2,830201
5557,830203,36,830239
5558,830240,4,830244
5559,830251,24,830275
5560,830380,18,830398
5561,830540,41,830581
5562,830595,66,830661
5563,831192,18,831210
5564,831301,10,831311
5565,831326,166,831492
5566,831509,50,831559
5567,831632,129,831761
5568,831853,22,831875
5569,831879,58,831937
5570,832111,11,832122
5571,832205,43,832248
5572,832317,37,832354
5573,832397,16,832413
5574,832626,36,832662
5575,832951,5,832956
5576,833032,33,833065
5577,833122,24,833146
5578,833476,50,833526
5579,833689,61,833750
5580,833815,7,833822
5581,833883,12,833895
5582,834059,31,834090
5583,834123,93,834216
5584,834255,24,834279
5585,834292,101,834393
5586,834519,14,834533
5587,834596,53,834649
5588,834807,26,834833
5589,834908,7,834915
5590,834970,7,834977
5591,834988,25,835013
5592,835047,293,835340
5593,835886,12,835898
5594,836018,76,836094
5595,836228,9,836237
5596,836262,127,836389
5597,836403,50,836453
5598,836644,112,836756
5599,837045,23,837068
5600,837136,27,837163
5601,837264,30,837294
5602,837520,56,837576
5603,837704,61,837765
5604,837852,49,837901
5605,838121,56,838177
5606,838180,3,838183
5607,838374,39,838413
5608,838431,41,838472
5609,838595,56,838651
5610,838699,59,838758
5611,838812,10,838822
5612,838950,28,838978
5613,839030,17,839047
5614,839249,79,839328
5615,839395,94,839489
5616,839686,2,839688
5617,839705,16,839721
5618,839723,33,839756
5619,839764,113,839877
5620,839898,31,839929
5621,839937,32,839969
5622,840013,46,840059
5623,840264,62,840326
5624,840369,43,840412
5625,840443,13,840456
5626,840640,78,840718
5627,840915,42,840957
5628,841057,238,841295
5629,841301,12,841313
5630,841506,9,841515
5631,841674,55,841729
5632,841730,79,841809
5633,841882,190,842072
5634,842233,11,842244
5635,842610,49,842659
5636,842666,16,842682
5637,842750,17,842767
5638,842967,99,843066
5639,843158,87,843245
5640,843304,21,843325
5641,843456,19,843475
5642,843511,8,843519
5643,843604,42,843646
5644,843685,48,843733
5645,843749,214,843963
5646,844049,18,844067
5647,844125,68,844193
5648,844269,172,844441
5649,844499,12,844511
5650,844529,58,844587
5651,844642,37,844679
5652,845081,49,845130
5653,845276,111,845387
5654,845456,68,845524
5655,845548,207,845755
5656,845852,20,845872
5657,845883,126,846009
5658,846178,4,846182
5659,846262,99,846361
5660,846376,30,846406
5661,846431,31,846462
5662,846467,7,846474
5663,846585,65,846650
5664,846652,23,846675
5665,846732,30,846762
5666,846767,31,846798
5667,846812,3,846815
5668,846989,51,847040
5669,847042,2,847044
5670,847359,41,847400
5671,847448,49,847497
5672,847656,175,847831
5673,847925,150,848075
5674,848098,34,848132
5675,848175,89,848264
5676,848295,2,848297
5677,848348,16,848364
5678,848457,60,848517
5679,848531,5,848536
5680,848572,27,848599
5681,848656,19,848675
5682,848858,24,848882
5683,848911,34,848945
5684,848989,13,849002
5685,849055,65,849120
5686,849208,13,849221
5687,849242,119,849361
5688,849540,27,849567
5689,849794,1,849795
5690,849883,17,849900
5691,850013,99,850112
5692,850158,50,850208
5693,850226,12,850238
5694,850505,20,850525
5695,850594,44,850638
5696,851013,4,851017
5697,851032,55,851087
5698,851088,2,851090
5699,851098,32,851130
5700,851143,91,851234
5701,851407,48,851455
5702,851618,13,851631
5703,851825,25,851850
5704,851886,48,851934
5705,851948,57,852005
5706,852031,79,852110
5707,852124,44,852168
5708,852660,73,852733
5709,852820,3,852823
5710,852912,49,852961
5711,853100,6,853106
5712,853182,54,853236
5713,853333,124,853457
5714,853487,76,853563
5715,853578,71,853649
5716,853819,31,853850
5717,853899,33,853932
5718,853933,57,853990
5719,854065,52,854117
5720,854138,196,854334
5721,854583,9,854592
5722,854668,19,854687
5723,854711,131,854842
5724,854874,128,855002
5725,855085,17,855102
5726,855111,12,855123
5727,855136,11,855147
5728,855164,20,855184
5729,855235,76,855311
5730,855355,103,855458
5731,855580,17,855597
5732,855647,23,855670
5733,855754,70,855824
5734,855836,1,855837
5735,856010,93,856103
5736,856298,54,856352
5737,856524,73,856597
5738,856764,91,856855
5739,856951,76,857027
5740,857085,1,857086
5741,857128,2,857130
5742,857257,46,857303
5743,857495,75,857570
5744,857728,121,857849
5745,857976,79,858055
5746,858140,76,858216
5747,858396,8,858404
5748,858434,125,858559
5749,858882,11,858893
5750,858968,28,858996
5751,859080,28,859108
5752,859316,113,859429
5753,859432,19,859451
5754,859550,12,859562
5755,859655,72,859727
5756,859757,15,859772
5757,859803,10,859813
5758,859828,20,859848
5759,859951,7,859958
5760,860187,179,860366
5761,860423,20,860443
5762,860491,30,860521
5763,860809,9,860818
5764,860858,49,860907
5765,860966,57,861023
5766,861064,3,861067
5767,861157,89,861246
5768,861337,103,861440
5769,861533,12,861545
5770,861903,142,862045
5771,862093,22,862115
5772,862189,52,862241
5773,862334,21,862355
5774,862366,36,862402
5775,862594,12,862606
5776,862738,62,862800
5777,862912,59,862971
5778,862981,39,863020
5779,863066,58,863124
5780,863288,14,863302
5781,863475,65,863540
5782,863818,32,863850
5783,864109,43,864152
5784,864353,3,864356
5785,864465,51,864516
5786,864804,37,864841
5787,864982,3,864985
5788,865067,260,865327
5789,865337,66,865403
5790,865480,6,865486
5791,865521,22,865543
5792,865768,59,865827
5793,865903,30,865933
5794,865947,10,865957
5795,866180,99,866279
5796,866361,129,866490
5797,866567,20,866587
5798,866590,47,866637
5799,867026,8,867034
5800,867072,129,867201
5801,867383,2,867385
5802,867441,102,867543
5803,867662,127,867789
5804,868074,11,868085
5805,868096,69,868165
5806,868210,45,868255
5807,868396,26,868422
5808,868455,47,868502
5809,868534,63,868597
5810,869069,53,869122
5811,869205,64,869269
5812,869393,1,869394
5813,869480,32,869512
5814,869666,58,869724
5815,869744,44,869788
5816,869969,52,870021
5817,870185,6,870191
5818,870384,11,870395
5819,870417,32,870449
5820,870511,40,870551
5821,870655,44,870699
5822,870799,96,870895
5823,871134,86,871220
5824,871450,84,871534
5825,871651,39,871690
5826,871754,38,871792
5827,872033,19,872052
5828,872081,7,872088
5829,872162,55,872217
5830,872277,61,872338
5831,872776,5,872781
5832,872796,36,872832
5833,872846,20,872866
5834,872968,29,872997
5835,873013,31,873044
5836,873082,7,873089
5837,873232,25,873257
5838,873277,32,873309
5839,873313,26,873339
5840,873372,96,873468
5841,873688,28,873716
5842,874002,90,874092
5843,874104,4,874108
5844,874195,24,874219
5845,874233,6,874239
5846,874285,73,874358
5847,874360,12,874372
5848,874470,37,874507
5849,874533,74,874607
5850,874694,56,874750
5851,874785,11,874796
5852,874801,142,874943
5853,874992,27,875019
5854,875052,43,875095
5855,875254,145,875399
5856,875428,78,875506
5857,875512,96,875608
5858,875740,256,875996
5859,876012,10,876022
5860,876120,22,876142
5861,876236,15,876251
5862,876351,6,876357
5863,876412,43,876455
5864,876753,13,876766
5865,876787,126,876913
5866,876936,54,876990
5867,877096,46,877142
5868,877443,12,877455
5869,877534,58,877592
5870,877604,17,877621
5871,877671,142,877813
5872,877898,134,878032
5873,878072,120,878192
5874,878210,85,878295
5875,878372,5,878377
5876,878494,7,878501
5877,878890,29,878919
5878,879062,5,879067
5879,879203,46,879249
5880,879278,181,879459
5881,879488,104,879592
5882,879608,20,879628
5883,879663,175,879838
5884,880459,23,880482
5885,880485,43,880528
5886,880633,162,880795
5887,880798,41,880839
5888,881000,121,881121
5889,881396,1,881397
5890,881487,79,881566
5891,881759,85,881844
5892,881916,17,881933
5893,882086,46,882132
5894,882154,145,882299
5895,882434,21,882455
5896,882637,30,882667
5897,882710,54,882764
5898,882900,17,882917
5899,882938,80,883018
5900,883123,35,883158
5901,883455,17,883472
5902,883584,97,883681
5903,883907,11,883918
5904,884012,81,884093
5905,884216,188,884404
5906,884555,12,884567
5907,884628,52,884680
5908,884789,44,884833
5909,884840,28,884868
5910,884884,9,884893
5911,884940,9,884949
5912,885011,2,885013
5913,885037,21,885058
5914,885086,41,885127
5915,885142,155,885297
5916,885530,49,885579
5917,885583,63,885646
5918,885701,23,885724
5919,885743,122,885865
5920,885910,8,885918
5921,886010,42,886052
5922,886193,3,886196
5923,886323,31,886354
5924,886439,106,886545
5925,886690,41,886731
5926,886763,34,886797
5927,886991,71,887062
5928,887159,33,887192
5929,887209,1,887210
5930,887309,9,887318
5931,887419,114,887533
5932,887612,14,887626
5933,887744,91,887835
5934,887874,42,887916
5935,888111,7,888118
5936,888323,16,888339
5937,888513,10,888523
5938,888791,21,888812
5939,888988,132,889120
5940,889123,142,889265
5941,889301,12,889313
5942,889330,64,889394
5943,889502,37,889539
5944,889542,1,889543
5945,889562,37,889599
5946,889607,4,889611
5947,889617,10,889627
5948,889728,29,889757
5949,889851,59,889910
5950,890011,72,890083
5951,890104,66,890170
5952,890233,8,890241
5953,890306,33,890339
5954,890384,24,890408
5955,890621,9,890630
5956,890754,128,890882
5957,891138,26,891164
5958,891190,62,891252
5959,891288,9,891297
5960,891526,9,891535
5961,891638,50,891688
5962,891718,52,891770
5963,891806,25,891831
5964,892023,12,892035
5965,892124,13,892137
5966,892145,17,892162
5967,892176,28,892204
5968,892282,8,892290
5969,892301,4,892305
5970,892434,6,892440
5971,892497,3,892500
5972,892558,66,892624
5973,892769,16,892785
5974,892798,4,892802
5975,892808,49,892857
5976,892875,77,892952
5977,893075,1,893076
5978,893120,76,893196
5979,893206,40,893246
5980,893273,9,893282
5981,893291,60,893351
5982,893352,194,893546
5983,893647,10,893657
5984,894001,52,894053
5985,894113,45,894158
5986,894350,93,894443
5987,894472,222,894694
5988,894715,53,894768
5989,894816,9,894825
5990,894918,163,895081
5991,895115,37,895152
5992,895194,4,895198
5993,895258,97,895355
5994,895405,38,895443
5995,895446,3,895449
5996,895596,28,895624
5997,895802,47,895849
5998,895886,139,896025
5999,896070,15,896085
6000,896373,29,896402
6001,896454,17,896471
6002,896681,45,896726
6003,896818,11,896829
6004,896841,130,896971
6005,897042,41,897083
6006,897121,15,897136
6007,897233,25,897258
6008,897405,12,897417
6009,897515,113,897628
6010,897645,55,897700
6011,897859,45,897904
6012,897998,5,898003
6013,898160,23,898183
6014,898288,4,898292
6015,898316,82,898398
6016,898451,2,898453
6017,898473,10,898483
6018,898521,68,898589
6019,898715,22,898737
6020,898931,30,898961
6021,899014,14,899028
6022,899112,44,899156
6023,899177,46,899223
6024,899290,56,899346
6025,899498,123,899621
6026,899902,47,899949
6027,899983,4,899987
6028,900201,44,900245
6029,900600,60,900660
6030,900749,54,900803
6031,900855,20,900875
6032,901055,145,901200
6033,901342,82,901424
6034,901462,38,901500
6035,901683,1,901684
6036,901728,1,901729
6037,901836,11,901847
6038,901859,67,901926
6039,901996,218,902214
6040,902319,74,902393
6041,902413,37,902450
6042,902496,23,902519
6043,902576,26,902602
6044,902721,14,902735
6045,902764,60,902824
6046,902928,39,902967
6047,903073,53,903126
6048,903266,34,903300
6049,903429,58,903487
6050,903489,18,903507
6051,903616,40,903656
6052,903692,50,903742
6053,903819,6,903825
6054,903833,29,903862
6055,904156,63,904219
6056,904277,100,904377
6057,904496,89,904585
6058,904611,71,904682
6059,905051,63,905114
6060,905261,49,905310
6061,905364,55,905419
6062,905578,22,905600
6063,906027,21,906048
6064,906064,15,906079
6065,906118,43,906161
6066,906175,8,906183
6067,906288,72,906360
6068,906454,53,906507
6069,906526,27,906553
6070,906679,80,906759
6071,906888,17,906905
6072,907031,16,907047
6073,907088,72,907160
6074,907167,40,907207
6075,907272,22,907294
6076,907298,15,907313
6077,907372,85,907457
6078,907510,21,907531
6079,907557,45,907602
6080,907853,88,907941
6081,907996,68,908064
6082,908225,8,908233
6083,908310,9,908319
6084,908328,1,908329
6085,908348,47,908395
6086,908469,211,908680
6087,908752,54,908806
6088,908830,29,908859
6089,908870,22,908892
6090,909026,77,909103
6091,909127,148,909275
6092,909360,26,909386
6093,909561,23,909584
6094,909695,34,909729
6095,909776,8,909784
6096,909926,90,910016
6097,910286,16,910302
6098,910727,118,910845
6099,910988,111,911099
6100,911122,50,911172
6101,911397,16,911413
6102,911439,4,911443
6103,911593,6,911599
6104,911841,6,911847
6105,912026,41,912067
6106,912150,6,912156
6107,912499,19,912518
6108,912681,59,912740
6109,912768,135,912903
6110,912919,33,912952
6111,912994,12,913006
6112,913087,18,913105
6113,913223,16,913239
6114,913500,15,913515
6115,913770,21,913791
6116,913976,11,913987
6117,914015,6,914021
6118,914527,7,914534
6119,914670,105,914775
6120,914841,13,914854
6121,914873,38,914911
6122,914914,57,914971
6123,915028,6,915034
6124,915156,113,915269
6125,915291,21,915312
6126,915382,77,915459
6127,915490,47,915537
6128,915668,6,915674
6129,915783,9,915792
6130,915872,10,915882
6131,915912,146,916058
6132,916122,2,916124
6133,916272,90,916362
6134,916402,80,916482
6135,916486,18,916504
6136,916521,5,916526
6137,916624,11,916635
6138,916779,77,916856
6139,916897,17,916914
6140,916972,23,916995
6141,917009,14,917023
6142,917051,47,917098
6143,917107,153,917260
6144,917284,53,917337
6145,917456,17,917473
6146,917546,2,917548
6147,917683,17,917700
6148,917736,10,917746
6149,917749,14,917763
6150,917803,3,917806
6151,917851,9,917860
6152,917890,70,917960
6153,918159,207,918366
6154,918554,114,918668
6155,918687,33,918720
6156,918744,92,918836
6157,919061,47,919108
6158,919113,20,919133
6159,919177,98,919275
6160,919291,58,919349
6161,919442,103,919545
6162,919669,70,919739
6163,919824,26,919850
6164,920000,8,920008
6165,920130,2,920132
6166,920148,37,920185
6167,920316,92,920408
6168,920514,74,920588
6169,920603,33,920636
6170,920716,6,920722
6171,920766,40,920806
6172,920889,57,920946
6173,921055,18,921073
6174,921159,73,921232
6175,921266,40,921306
6176,921327,51,921378
6177,921520,8,921528
6178,921549,66,921615
6179,921739,51,921790
6180,921922,53,921975
6181,922004,45,922049
6182,922114,69,922183
6183,922280,44,922324
6184,922438,29,922467
6185,922859,38,922897
6186,923315,21,923336
6187,923420,118,923538
6188,923560,161,923721
6189,923733,18,923751
6190,923770,36,923806
6191,923815,41,923856
6192,923938,2,923940
6193,923961,22,923983
6194,923990,50,924040
6195,924147,43,924190
6196,924373,15,924388
6197,924401,53,924454
6198,924542,72,924614
6199,924654,7,924661
6200,924730,74,924804
6201,924936,54,924990
6202,925124,18,925142
6203,925162,139,925301
6204,925475,106,925581
6205,925637,80,925717
6206,926176,44,926220
6207,926355,136,926491
6208,926600,22,926622
6209,926671,69,926740
6210,926791,43,926834
6211,927303,176,927479
6212,927586,74,927660
6213,927706,55,927761
6214,927779,12,927791
6215,927838,52,927890
6216,928134,29,928163
6217,928222,4,928226
6218,928344,94,928438
6219,928644,70,928714
6220,928801,4,928805
6221,928884,53,928937
6222,928962,226,929188
6223,929413,6,929419
6224,929496,12,929508
6225,929637,34,929671
6226,929676,40,929716
6227,930005,35,930040
6228,930436,54,930490
6229,930545,96,930641
6230,930747,20,930767
6231,930801,146,930947
6232,931067,85,931152
6233,931203,41,931244
6234,931388,83,931471
6235,931499,23,931522
6236,931543,3,931546
6237,931793,22,931815
6238,931875,1,931876
6239,932072,102,932174
6240,932239,102,932341
6241,932354,42,932396
6242,932457,10,932467
6243,932547,104,932651
6244,933053,19,933072
6245,933192,23,933215
6246,933233,71,933304
6247,933346,9,933355
6248,933468,28,933496
6249,933624,68,933692
6250,933702,39,933741
6251,934064,44,934108
6252,934206,31,934237
6253,934403,15,934418
6254,934477,19,934496
6255,934620,124,934744
6256,934767,49,934816
6257,934835,78,934913
6258,934951,23,934974
6259,935225,4,935229
6260,935329,100,935429
6261,935568,13,935581
6262,936161,20,936181
6263,936222,27,936249
6264,936435,45,936480
6265,936623,376,936999
6266,937021,63,937084
6267,937122,99,937221
6268,937224,24,937248
6269,937249,77,937326
6270,937357,46,937403
6271,937520,44,937564
6272,937660,7,937667
6273,937998,51,938049
6274,938248,65,938313
6275,938503,5,938508
6276,938560,11,938571
6277,938643,28,938671
6278,938693,15,938708
6279,938763,19,938782
6280,938953,73,939026
6281,939208,7,939215
6282,939257,35,939292
6283,939411,17,939428
6284,939559,61,939620
6285,939721,31,939752
6286,939790,10,939800
6287,939852,10,939862
6288,939888,21,939909
6289,940239,14,940253
6290,940383,3,940386
6291,940681,65,940746
6292,940808,85,940893
6293,940942,90,941032
6294,941071,45,941116
6295,941275,16,941291
6296,941430,34,941464
6297,941495,79,941574
6298,941583,7,941590
6299,941728,65,941793
6300,942026,38,942064
6301,942083,75,942158
6302,942257,31,942288
6303,942301,101,942402
6304,942711,1,942712
6305,942719,83,942802
6306,943080,22,943102
6307,943173,13,943186
6308,943191,7,943198
6309,943481,49,943530
6310,943554,177,943731
6311,943736,211,943947
6312,944069,11,944080
6313,944177,29,944206
6314,944223,78,944301
6315,944312,9,944321
6316,944333,28,944361
6317,944422,12,944434
6318,944469,72,944541
6319,944693,28,944721
6320,944789,7,944796
6321,944832,36,944868
6322,944875,9,944884
6323,944934,48,944982
6324,944999,19,945018
6325,945027,10,945037
6326,945190,138,945328
6327,945366,79,945445
6328,945669,85,945754
6329,945984,23,946007
6330,946080,4,946084
6331,946097,22,946119
6332,946186,85,946271
6333,946281,26,946307
6334,946357,38,946395
6335,946578,64,946642
6336,946644,92,946736
6337,946852,52,946904
6338,946996,33,947029
6339,947084,65,947149
6340,947266,169,947435
6341,947654,14,947668
6342,947741,3,947744
6343,947806,48,947854
6344,947914,51,947965
6345,947966,101,948067
6346,948252,33,948285
6347,948343,66,948409
6348,948630,68,948698
6349,948725,68,948793
6350,949029,64,949093
6351,949180,8,949188
6352,949266,121,949387
6353,949473,144,949617
6354,949765,8,949773
6355,949799,101,949900
6356,949945,115,950060
6357,950214,15,950229
6358,950260,38,950298
6359,950338,67,950405
6360,950806,4,950810
6361,950897,48,950945
6362,950970,6,950976
6363,951053,70,951123
6364,951210,23,951233
6365,951355,74,951429
6366,951595,37,951632
6367,951641,49,951690
6368,951799,5,951804
6369,951806,106,951912
6370,951930,66,951996
6371,952105,11,952116
6372,952479,108,952587
6373,952682,41,952723
6374,952797,13,952810
6375,952846,79,952925
6376,952955,31,952986
6377,953032,97,953129
6378,953140,74,953214
6379,953296,139,953435
6380,953439,40,953479
6381,953482,115,953597
6382,953941,5,953946
6383,953984,24,954008
6384,954144,20,954164
6385,954343,89,954432
6386,954460,80,954540
6387,954701,122,954823
6388,955001,133,955134
6389,955314,9,955323
6390,955342,28,955370
6391,955406,185,955591
6392,955640,35,955675
6393,955857,11,955868
6394,955883,32,955915
6395,956014,36,956050
6396,956071,21,956092
6397,956127,129,956256
6398,956455,38,956493
6399,956524,31,956555
6400,956617,72,956689
6401,956894,17,956911
6402,957170,20,957190
6403,957284,53,957337
6404,957428,181,957609
6405,957714,42,957756
6406,957767,121,957888
6407,957945,44,957989
6408,958089,195,958284
6409,958351,47,958398
6410,958453,6,958459
6411,958736,36,958772
6412,958929,90,959019
6413,959140,21,959161
6414,959304,191,959495
6415,959635,40,959675
6416,959740,107,959847
6417,960052,147,960199
6418,960291,27,960318
6419,960609,56,960665
6420,960681,30,960711
6421,960785,22,960807
6422,960874,72,960946
6423,960953,56,961009
6424,961032,161,961193
6425,961267,24,961291
6426,961482,25,961507
6427,961707,82,961789
6428,962008,11,962019
6429,962078,104,962182
6430,962307,33,962340
6431,962399,6,962405
6432,962512,128,962640
6433,962642,6,962648
6434,962693,50,962743
6435,962771,57,962828
6436,962924,29,962953
6437,962964,25,962989
6438,963155,63,963218
6439,963416,7,963423
6440,963607,10,963617
6441,963758,76,963834
6442,963837,55,963892
6443,963980,23,964003
6444,964243,2,964245
6445,964331,23,964354
6446,964412,1,964413
6447,964674,21,964695
6448,964778,9,964787
6449,964803,72,964875
6450,964961,20,964981
6451,965389,1,965390
6452,965407,33,965440
6453,965576,105,965681
6454,965814,8,965822
6455,965874,12,965886
6456,966080,35,966115
6457,966265,271,966536
6458,966576,28,966604
6459,966648,53,966701
6460,966773,264,967037
6461,967102,25,967127
6462,967130,60,967190
6463,967191,13,967204
6464,967281,26,967307
6465,967397,16,967413
6466,967477,26,967503
6467,967534,31,967565
6468,967659,85,967744
6469,967798,54,967852
6470,967948,31,967979
6471,968096,42,968138
6472,968255,84,968339
6473,968482,27,968509
6474,968626,27,968653
6475,968846,77,968923
6476,968930,41,968971
6477,968994,206,969200
6478,969205,137,969342
6479,969360,35,969395
6480,969713,19,969732
6481,969915,30,969945
6482,970011,31,970042
6483,970124,48,970172
6484,970180,4,970184
6485,970226,32,970258
6486,970266,60,970326
6487,970333,72,970405
6488,970491,306,970797
6489,970798,128,970926
6490,970986,68,971054
6491,971111,7,971118
6492,971194,52,971246
6493,971270,35,971305
6494,971552,95,971647
6495,971666,9,971675
6496,971715,44,971759
6497,971778,71,971849
6498,972065,154,972219
6499,972406,93,972499
6500,972856,44,972900
6501,973031,71,973102
6502,973113,58,973171
6503,973289,29,973318
6504,973372,16,973388
6505,973400,34,973434
6506,973472,63,973535
6507,973562,60,973622
6508,973683,73,973756
6509,973894,25,973919
6510,973975,59,974034
6511,974050,14,974064
6512,974178,171,974349
6513,974826,66,974892
6514,974950,207,975157
6515,975220,28,975248
6516,975271,155,975426
6517,975444,7,975451
6518,975723,23,975746
6519,975811,25,975836
6520,975901,16,975917
6521,976100,29,976129
6522,976133,60,976193
6523,976305,75,976380
6524,976396,77,976473
6525,976505,36,976541
6526,976582,14,976596
6527,976721,38,976759
6528,976889,65,976954
6529,977017,52,977069
6530,977155,64,977219
6531,977245,76,977321
6532,977539,41,977580
6533,977618,96,977714
6534,977715,67,977782
6535,977838,132,977970
6536,978088,102,978190
6537,978253,11,978264
6538,978442,31,978473
6539,978595,18,978613
6540,979233,34,979267
6541,979361,4,979365
6542,979947,25,979972
6543,980235,34,980269
6544,980286,20,980306
6545,980307,13,980320
6546,980483,62,980545
6547,980591,61,980652
6548,980733,84,980817
6549,980892,6,980898
6550,980988,36,981024
6551,981090,31,981121
6552,981179,112,981291
6553,981304,18,981322
6554,981610,1,981611
6555,981800,83,981883
6556,981937,19,981956
6557,981960,23,981983
6558,982003,3,982006
6559,982150,53,982203
6560,982291,17,982308
6561,982388,41,982429
6562,982433,28,982461
6563,982490,102,982592
6564,982707,31,982738
6565,982807,1,982808
6566,983388,22,983410
6567,983626,51,983677
6568,983686,83,983769
6569,983854,102,983956
6570,984052,5,984057
6571,984072,1,984073
6572,984191,62,984253
6573,984416,614,985030
6574,985119,21,985140
6575,985153,27,985180
6576,985194,150,985344
6577,985378,6,985384
6578,985445,22,985467
6579,985543,25,985568
6580,985582,89,985671
6581,985846,100,985946
6582,986041,50,986091
6583,986120,31,986151
6584,986168,133,986301
6585,986308,101,986409
6586,986472,35,986507
6587,986672,96,986768
6588,986845,1,986846
6589,986928,38,986966
6590,987009,37,987046
6591,987163,127,987290
6592,987300,64,987364
6593,987387,125,987512
6594,987786,20,987806
6595,987867,70,987937
6596,987958,89,988047
6597,988164,8,988172
6598,988176,116,988292
6599,988506,143,988649
6600,988706,62,988768
6601,988847,66,988913
6602,989116,4,989120
6603,989163,32,989195
6604,989314,12,989326
6605,989328,2,989330
6606,989362,67,989429
6607,989545,44,989589
6608,989593,19,989612
6609,989767,29,989796
6610,989822,6,989828
6611,989830,33,989863
6612,990060,93,990153
6613,990538,8,990546
6614,990610,160,990770
6615,990856,27,990883
6616,990900,25,990925
6617,991163,3,991166
6618,991235,5,991240
6619,991274,27,991301
6620,991451,95,991546
6621,991573,35,991608
6622,991830,65,991895
6623,991932,18,991950
6624,992001,21,992022
6625,992033,17,992050
6626,992072,129,992201
6627,992227,32,992259
6628,992316,139,992455
6629,992496,68,992564
6630,992655,20,992675
6631,992713,40,992753
6632,992774,42,992816
6633,992864,2,992866
6634,992965,178,993143
6635,993481,27,993508
6636,993801,12,993813
6637,993819,27,993846
6638,994021,52,994073
6639,994115,32,994147
6640,994190,95,994285
6641,994323,13,994336
6642,994342,16,994358
6643,994425,49,994474
6644,994594,40,994634
6645,994809,10,994819
6646,994859,14,994873
6647,995209,5,995214
6648,995236,106,995342
6649,995492,189,995681
6650,995731,38,995769
6651,995953,50,996003
6652,996053,7,996060
6653,996240,87,996327
6654,996563,13,996576
6655,996650,12,996662
6656,996922,34,996956
6657,997179,18,997197
6658,997377,80,997457
6659,997575,5,997580
6660,997851,86,997937
6661,998140,196,998336
6662,998541,44,998585
6663,998615,12,998627
6664,998659,70,998729
6665,998761,149,998910
6666,998972,29,999001
6667,999032,214,999246
6668,999283,45,999328
6669,999508,25,999533
6670,999571,82,999653
6671,999656,69,999725
6672,999753,161,999914
6673,999973,12,999985
6674,1000027,96,1000123
6675,1000583,191,1000774
6676,1000870,71,1000941
6677,1000977,74,1001051
6678,1001326,13,1001339
6679,1001348,21,1001369
6680,1001379,57,1001436
6681,1001732,83,1001815
6682,1001960,62,1002022
6683,1002032,57,1002089
6684,1002133,119,1002252
6685,1002259,60,1002319
6686,1002426,12,1002438
6687,1002443,10,1002453
6688,1002631,51,1002682
6689,1002729,76,1002805
6690,1002993,126,1003119
6691,1003140,64,1003204
6692,1003239,8,1003247
6693,1003308,77,1003385
6694,1003437,70,1003507
6695,1003554,105,1003659
6696,1003684,70,1003754
6697,1003963,13,1003976
6698,1003988,47,1004035
6699,1004195,1,1004196
6700,1004322,28,1004350
6701,1004353,91,1004444
6702,1004584,10,1004594
6703,1004634,19,1004653
6704,1004679,29,1004708
6705,1004817,23,1004840
6706,1005046,2,1005048
6707,1005116,8,1005124
6708,1005168,41,1005209
6709,1005628,10,1005638
6710,1005708,131,1005839
6711,1005843,8,1005851
6712,1005883,54,1005937
6713,1005974,15,1005989
6714,1006292,81,1006373
6715,1006427,6,1006433
6716,1006610,31,1006641
6717,1006668,85,1006753
6718,1006897,27,1006924
6719,1007068,80,1007148
6720,1007166,1,1007167
6721,1007259,53,1007312
6722,1007343,110,1007453
6723,1007620,71,1007691
6724,1007705,24,1007729
6725,1007770,131,1007901
6726,1007925,80,1008005
6727,1008091,52,1008143
6728,1008297,38,1008335
6729,1008596,10,1008606
6730,1009178,36,1009214
6731,1009457,57,1009514
6732,1009644,11,1009655
6733,1009776,105,1009881
6734,1009883,73,1009956
6735,1009963,14,1009977
6736,1009978,8,1009986
6737,1010285,73,1010358
6738,1010363,20,1010383
6739,1010506,40,1010546
6740,1010724,15,1010739
6741,1010788,28,1010816
6742,1010860,17,1010877
6743,1010889,39,1010928
6744,1011225,72,1011297
6745,1011470,302,1011772
6746,1011937,75,1012012
6747,1012079,7,1012086
6748,1012217,13,1012230
6749,1012244,79,1012323
6750,1012394,18,1012412
6751,1012415,110,1012525
6752,1012577,55,1012632
6753,1012766,3,1012769
6754,1012867,11,1012878
6755,1012915,42,1012957
6756,1013021,56,1013077
6757,1013092,51,1013143
6758,1013222,20,1013242
6759,1013331,39,1013370
6760,1013400,51,1013451
6761,1013523,58,1013581
6762,1013586,5,1013591
6763,1013609,111,1013720
6764,1013881,1,1013882
6765,1013891,26,1013917
6766,1014008,43,1014051
6767,1014154,54,1014208
6768,1014324,103,1014427
6769,1014572,26,1014598
6770,1014670,5,1014675
6771,1014715,104,1014819
6772,1014836,61,1014897
6773,1014983,12,1014995
6774,1015136,19,1015155
6775,1015474,56,1015530
6776,1015542,21,1015563
6777,1015757,52,1015809
6778,1015819,38,1015857
6779,1015891,21,1015912
6780,1015967,21,1015988
6781,1016073,103,1016176
6782,1016281,93,1016374
6783,1016447,45,1016492
6784,1016591,140,1016731
6785,1016769,47,1016816
6786,1016847,43,1016890
6787,1016924,55,1016979
6788,1017039,11,1017050
6789,1017077,63,1017140
6790,1017145,8,1017153
6791,1017340,94,1017434
6792,1017467,11,1017478
6793,1017498,5,1017503
6794,1017642,127,1017769
6795,1017944,8,1017952
6796,1017972,9,1017981
6797,1018016,91,1018107
6798,1018126,5,1018131
6799,1018249,92,1018341
6800,1018537,11,1018548
6801,1018826,10,1018836
6802,1018920,60,1018980
6803,1019227,146,1019373
6804,1019391,83,1019474
6805,1019492,46,1019538
6806,1019599,24,1019623
6807,1019739,13,1019752
6808,1019767,16,1019783
6809,1019856,94,1019950
6810,1020177,84,1020261
6811,1020401,132,1020533
6812,1020809,132,1020941
6813,1021191,25,1021216
6814,1021416,13,1021429
6815,1021572,40,1021612
6816,1021847,21,1021868
6817,1021891,91,1021982
6818,1022198,67,1022265
6819,1022367,50,1022417
6820,1022467,44,1022511
6821,1022527,19,1022546
6822,1022887,6,1022893
6823,1022959,12,1022971
6824,1023108,123,1023231
6825,1023254,51,1023305
6826,1023341,48,1023389
6827,1023590,50,1023640
6828,1023706,58,1023764
6829,1023879,45,1023924
6830,1024046,92,1024138
6831,1024328,19,1024347
6832,1024502,27,1024529
6833,1024543,20,1024563
6834,1024604,13,1024617
6835,1024735,35,1024770
6836,1024942,85,1025027
6837,1025106,4,1025110
6838,1025132,37,1025169
6839,1025266,32,1025298
6840,1025351,66,1025417
6841,1025583,28,1025611
6842,1025671,52,1025723
6843,1025785,18,1025803
6844,1025814,48,1025862
6845,1025919,5,1025924
6846,1025976,7,1025983
6847,1026016,7,1026023
6848,1026079,84,1026163
6849,1026463,116,1026579
6850,1026950,98,1027048
6851,1027149,6,1027155
6852,1027291,33,1027324
6853,1027395,76,1027471
6854,1027537,11,1027548
6855,1027716,19,1027735
6856,1027922,95,1028017
6857,1028030,161,1028191
6858,1028245,17,1028262
6859,1028428,21,1028449
6860,1028457,114,1028571
6861,1028788,73,1028861
6862,1028941,83,1029024
6863,1029161,18,1029179
6864,1029213,18,1029231
6865,1029363,55,1029418
6866,1029986,6,1029992
6867,1030018,36,1030054
6868,1030123,48,1030171
6869,1030197,9,1030206
6870,1030236,2,1030238
6871,1030309,1,1030310
6872,1030412,28,1030440
6873,1030602,45,1030647
6874,1031279,4,1031283
6875,1031333,71,1031404
6876,1031459,63,1031522
6877,1031532,88,1031620
6878,1031647,84,1031731
6879,1031781,9,1031790
6880,1031811,12,1031823
6881,1031980,153,1032133
6882,1032284,23,1032307
6883,1032348,85,1032433
6884,1032454,8,1032462
6885,1032476,12,1032488
6886,1032501,28,1032529
6887,1032567,1,1032568
6888,1032623,45,1032668
6889,1032719,20,1032739
6890,1032917,22,1032939
6891,1032942,57,1032999
6892,1033017,48,1033065
6893,1033408,44,1033452
6894,1033456,45,1033501
6895,1033613,15,1033628
6896,1033682,26,1033708
6897,1033711,110,1033821
6898,1033931,39,1033970
6899,1033979,16,1033995
6900,1034011,7,1034018
6901,1034260,10,1034270
6902,1034316,29,1034345
6903,1034439,32,1034471
6904,1034485,28,1034513
6905,1034557,2,1034559
6906,1034582,2,1034584
6907,1034733,8,1034741
6908,1035293,146,1035439
6909,1035492,52,1035544
6910,1035585,124,1035709
6911,1035756,15,1035771
6912,1035886,31,1035917
6913,1035944,4,1035948
6914,1036017,11,1036028
6915,1036039,14,1036053
6916,1036122,26,1036148
6917,1036223,140,1036363
6918,1036507,24,1036531
6919,1036736,117,1036853
6920,1036915,29,1036944
6921,1036954,62,1037016
6922,1037133,34,1037167
6923,1037170,132,1037302
6924,1037310,287,1037597
6925,1037609,62,1037671
6926,1037690,27,1037717
6927,1037888,6,1037894
6928,1037969,3,1037972
6929,1038082,31,1038113
6930,1038457,2,1038459
6931,1038664,66,1038730
6932,1039010,9,1039019
6933,1039153,30,1039183
6934,1039315,55,1039370
6935,1039534,47,1039581
6936,1039723,16,1039739
6937,1039981,79,1040060
6938,1040092,45,1040137
6939,1040214,47,1040261
6940,1040419,19,1040438
6941,1040484,2,1040486
6942,1040549,3,1040552
6943,1040576,3,1040579
6944,1040590,12,1040602
6945,1040791,71,1040862
6946,1040898,4,1040902
6947,1041041,13,1041054
6948,1041176,45,1041221
6949,1041285,6,1041291
6950,1041298,282,1041580
6951,1042019,32,1042051
6952,1042131,19,1042150
6953,1042173,89,1042262
6954,1042306,111,1042417
6955,1042437,4,1042441
6956,1042630,15,1042645
6957,1042898,110,1043008
6958,1043082,44,1043126
6959,1043187,61,1043248
6960,1043580,40,1043620
6961,1043682,10,1043692
6962,1043774,39,1043813
6963,1043880,25,1043905
6964,1043931,94,1044025
6965,1044131,27,1044158
6966,1044329,4,1044333
6967,1044437,37,1044474
6968,1044520,35,1044555
6969,1044580,8,1044588
6970,1044600,62,1044662
6971,1044827,19,1044846
6972,1044883,40,1044923
6973,1045074,65,1045139
6974,1045186,37,1045223
6975,1045274,51,1045325
6976,1045524,58,1045582
6977,1045640,161,1045801
6978,1045820,9,1045829
6979,1045911,12,1045923
6980,1046029,7,1046036
6981,1046159,8,1046167
6982,1046410,2,1046412
6983,1046429,87,1046516
6984,1046578,3,1046581
6985,1046599,26,1046625
6986,1046723,14,1046737
6987,1046753,48,1046801
6988,1046921,15,1046936
6989,1046945,159,1047104
6990,1047225,76,1047301
6991,1047342,17,1047359
6992,1047371,4,1047375
6993,1047457,49,1047506
6994,1047519,10,1047529
6995,1047574,13,1047587
6996,1047682,93,1047775
6997,1047844,39,1047883
6998,1047914,81,1047995
6999,1048143,35,1048178
7000,1048302,15,1048317
7001,1048538,41,1048579
7002,1048797,107,1048904
7003,1049039,18,1049057
7004,1049076,29,1049105
7005,1049151,37,1049188
7006,1049338,15,1049353
7007,1049420,24,1049444
7008,1049594,28,1049622
7009,1049744,14,1049758
7010,1049760,24,1049784
7011,1049811,15,1049826
7012,1049884,9,1049893
7013,1049913,47,1049960
7014,1050238,63,1050301
7015,1050421,226,1050647
7016,1050691,47,1050738
7017,1050781,1,1050782
7018,1051148,221,1051369
7019,1051415,99,1051514
7020,1051551,144,1051695
7021,1051850,11,1051861
7022,1051990,29,1052019
7023,1052030,206,1052236
7024,1052605,8,1052613
7025,1052727,100,1052827
7026,1052965,18,1052983
7027,1053127,60,1053187
7028,1053232,55,1053287
7029,1053289,30,1053319
7030,1053758,44,1053802
7031,1053819,14,1053833
7032,1053928,2,1053930
7033,1053935,26,1053961
7034,1053966,74,1054040
7035,1054158,19,1054177
7036,1054211,35,1054246
7037,1054281,34,1054315
7038,1054343,74,1054417
7039,1054533,15,1054548
7040,1054552,22,1054574
7041,1055195,35,1055230
7042,1055237,35,1055272
7043,1055494,20,1055514
7044,1055571,13,1055584
7045,1055593,46,1055639
7046,1055701,14,1055715
7047,1055837,36,1055873
7048,1056150,13,1056163
7049,1056246,118,1056364
7050,1056632,32,1056664
7051,1056698,86,1056784
7052,1056877,13,1056890
7053,1056910,254,1057164
7054,1057183,18,1057201
7055,1057309,71,1057380
7056,1057388,28,1057416
7057,1057843,44,1057887
7058,1057979,26,1058005
7059,1058025,242,1058267
7060,1058429,97,1058526
7061,1058533,11,1058544
7062,1058548,5,1058553
7063,1058568,6,1058574
7064,1058588,30,1058618
7065,1058724,22,1058746
7066,1058759,98,1058857
7067,1058911,179,1059090
7068,1059179,68,1059247
7069,1059251,27,1059278
7070,1059552,162,1059714
7071,1059790,12,1059802
7072,1059839,107,1059946
7073,1059948,28,1059976
7074,1060210,194,1060404
7075,1060649,47,1060696
7076,1060732,165,1060897
7077,1060922,57,1060979
7078,1061056,70,1061126
7079,1061191,23,1061214
7080,1061280,11,1061291
7081,1061371,19,1061390
7082,1061470,50,1061520
7083,1061981,69,1062050
7084,1062062,36,1062098
7085,1062146,51,1062197
7086,1062266,89,1062355
7087,1062378,63,1062441
7088,1062498,175,1062673
7089,1062782,6,1062788
7090,1062797,136,1062933
7091,1063098,75,1063173
7092,1063245,71,1063316
7093,1063363,120,1063483
7094,1063575,2,1063577
7095,1064036,53,1064089
7096,1064260,33,1064293
7097,1064459,4,1064463
7098,1064808,35,1064843
7099,1064931,14,1064945
7100,1065270,14,1065284
7101,1065409,37,1065446
7102,1065552,52,1065604
7103,1066191,30,1066221
7104,1066325,18,1066343
7105,1066391,56,1066447
7106,1066454,23,1066477
7107,1066534,32,1066566
7108,1066620,5,1066625
7109,1066641,28,1066669
7110,1066886,1,1066887
7111,1067014,99,1067113
7112,1067119,12,1067131
7113,1067439,61,1067500
7114,1067626,8,1067634
7115,1067640,148,1067788
7116,1067811,12,1067823
7117,1067853,4,1067857
7118,1067940,31,1067971
7119,1068000,48,1068048
7120,1068199,64,1068263
7121,1068282,29,1068311
7122,1068570,38,1068608
7123,1068763,41,1068804
7124,1068863,94,1068957
7125,1069039,4,1069043
7126,1069123,265,1069388
7127,1069396,24,1069420
7128,1069433,12,1069445
7129,1069531,15,1069546
7130,1069694,68,1069762
7131,1069921,77,1069998
7132,1070024,219,1070243
7133,1070441,90,1070531
7134,1070752,113,1070865
7135,1071030,13,1071043
7136,1071135,5,1071140
7137,1071185,8,1071193
7138,1071575,31,1071606
7139,1071781,217,1071998
7140,1072177,5,1072182
7141,1072247,99,1072346
7142,1072483,25,1072508
7143,1072556,70,1072626
7144,1072714,49,1072763
7145,1072794,45,1072839
7146,1072880,16,1072896
7147,1073040,86,1073126
7148,1073142,6,1073148
7149,1073218,10,1073228
7150,1073420,175,1073595
7151,1073625,20,1073645
7152,1073944,74,1074018
7153,1074111,3,1074114
7154,1074160,59,1074219
7155,1074296,32,1074328
7156,1074465,28,1074493
7157,1075062,32,1075094
7158,1075148,24,1075172
7159,1075195,24,1075219
7160,1075231,28,1075259
7161,1075522,19,1075541
7162,1075766,8,1075774
7163,1075782,37,1075819
7164,1075820,12,1075832
7165,1075833,23,1075856
7166,1076024,68,1076092
7167,1076120,123,1076243
7168,1076393,57,1076450
7169,1076532,14,1076546
7170,1076559,93,1076652
7171,1076796,47,1076843
7172,1077040,9,1077049
7173,1077070,54,1077124
7174,1077274,45,1077319
7175,1077348,211,1077559
7176,1077682,105,1077787
7177,1078116,73,1078189
7178,1078212,44,1078256
7179,1078382,232,1078614
7180,1078800,20,1078820
7181,1078850,37,1078887
7182,1079141,180,1079321
7183,1079344,4,1079348
7184,1079375,41,1079416
7185,1079745,44,1079789
7186,1079799,15,1079814
7187,1079954,77,1080031
7188,1080112,12,1080124
7189,1080126,39,1080165
7190,1080172,65,1080237
7191,1080282,57,1080339
7192,1080416,10,1080426
7193,1080529,65,1080594
7194,1080606,63,1080669
7195,1080713,44,1080757
7196,1080837,41,1080878
7197,1080933,36,1080969
7198,1081008,29,1081037
7199,1081386,25,1081411
7200,1081417,84,1081501
7201,1081646,19,1081665
7202,1081761,50,1081811
7203,1081842,2,1081844
7204,1081998,105,1082103
7205,1082199,10,1082209
7206,1082474,6,1082480
7207,1082603,51,1082654
7208,1082679,96,1082775
7209,1082824,71,1082895
7210,1083119,20,1083139
7211,1083245,28,1083273
7212,1083274,148,1083422
7213,1083478,56,1083534
7214,1083551,12,1083563
7215,1083645,9,1083654
7216,1083688,8,1083696
7217,1083879,128,1084007
7218,1084016,37,1084053
7219,1084343,12,1084355
7220,1084358,1,1084359
7221,1084366,1,1084367
7222,1084370,79,1084449
7223,1084590,18,1084608
7224,1084717,64,1084781
7225,1085010,53,1085063
7226,1085096,38,1085134
7227,1085148,36,1085184
7228,1085200,13,1085213
7229,1085392,143,1085535
7230,1085580,47,1085627
7231,1085985,49,1086034
7232,1086137,49,1086186
7233,1086359,78,1086437
7234,1086477,107,1086584
7235,1086623,164,1086787
7236,1086878,93,1086971
7237,1086974,14,1086988
7238,1087173,2,1087175
7239,1087292,59,1087351
7240,1087403,75,1087478
7241,1087487,3,1087490
7242,1087608,3,1087611
7243,1087613,6,1087619
7244,1087714,28,1087742
7245,1087771,35,1087806
7246,1087859,1,1087860
7247,1088021,5,1088026
7248,1088494,16,1088510
7249,1088511,4,1088515
7250,1088743,7,1088750
7251,1088755,155,1088910
7252,1089448,49,1089497
7253,1089632,156,1089788
7254,1089967,89,1090056
7255,1090165,5,1090170
7256,1090204,54,1090258
7257,1090266,77,1090343
7258,1090437,25,1090462
7259,1090671,67,1090738
7260,1090775,12,1090787
7261,1090943,57,1091000
7262,1091197,19,1091216
7263,1091440,40,1091480
7264,1091537,20,1091557
7265,1091606,53,1091659
7266,1091827,5,1091832
7267,1091963,7,1091970
7268,1092121,27,1092148
7269,1092361,18,1092379
7270,1092407,26,1092433
7271,1092509,53,1092562
7272,1092578,115,1092693
7273,1092716,91,1092807
7274,1093049,26,1093075
7275,1093156,190,1093346
7276,1093413,23,1093436
7277,1093886,89,1093975
7278,1093986,12,1093998
7279,1094032,42,1094074
7280,1094127,32,1094159
7281,1094163,18,1094181
7282,1094301,58,1094359
7283,1094439,16,1094455
7284,1094999,30,1095029
7285,1095075,54,1095129
7286,1095443,25,1095468
7287,1095497,36,1095533
7288,1095730,71,1095801
7289,1095818,48,1095866
7290,1095949,53,1096002
7291,1096179,74,1096253
7292,1096339,11,1096350
7293,1096461,60,1096521
7294,1096601,128,1096729
7295,1096872,3,1096875
7296,1096881,60,1096941
7297,1096956,50,1097006
7298,1097019,6,1097025
7299,1097100,25,1097125
7300,1097231,274,1097505
7301,1097509,15,1097524
7302,1097601,6,1097607
7303,1097641,41,1097682
7304,1097749,53,1097802
7305,1097826,238,1098064
7306,1098090,52,1098142
7307,1098150,57,1098207
7308,1098244,3,1098247
7309,1098463,5,1098468
7310,1098489,12,1098501
7311,1098533,24,1098557
7312,1098736,120,1098856
7313,1098989,147,1099136
7314,1099204,74,1099278
7315,1099354,73,1099427
7316,1099463,28,1099491
7317,1099501,17,1099518
7318,1099644,11,1099655
7319,1099675,7,1099682
7320,1099735,13,1099748
7321,1099863,35,1099898
7322,1100251,41,1100292
7323,1100336,5,1100341
7324,1100544,71,1100615
7325,1100660,42,1100702
7326,1100867,6,1100873
7327,1101098,39,1101137
7328,1101270,60,1101330
7329,1101589,48,1101637
7330,1101647,29,1101676
7331,1101700,95,1101795
7332,1102042,127,1102169
7333,1102258,1,1102259
7334,1102363,58,1102421
7335,1102537,27,1102564
7336,1102815,47,1102862
7337,1102898,211,1103109
7338,1103457,14,1103471
7339,1103684,81,1103765
7340,1103779,36,1103815
7341,1103818,25,1103843
7342,1103925,67,1103992
7343,1104100,3,1104103
7344,1104306,31,1104337
7345,1104442,78,1104520
7346,1104672,50,1104722
7347,1104881,167,1105048
7348,1105066,62,1105128
7349,1105143,9,1105152
7350,1105191,36,1105227
7351,1105247,22,1105269
7352,1105270,38,1105308
7353,1105407,33,1105440
7354,1105758,10,1105768
7355,1105817,25,1105842
7356,1105901,97,1105998
7357,1106084,6,1106090
7358,1106125,18,1106143
7359,1106154,48,1106202
7360,1106257,10,1106267
7361,1106418,39,1106457
7362,1106776,68,1106844
7363,1106888,73,1106961
7364,1107044,9,1107053
7365,1107288,1,1107289
7366,1107292,85,1107377
7367,1107455,29,1107484
7368,1107567,34,1107601
7369,1107852,53,1107905
7370,1107914,1,1107915
7371,1107962,3,1107965
7372,1108231,288,1108519
7373,1108701,7,1108708
7374,1108863,17,1108880
7375,1109136,4,1109140
7376,1109308,12,1109320
7377,1109333,32,1109365
7378,1109432,200,1109632
7379,1109774,17,1109791
7380,1109830,2,1109832
7381,1109841,107,1109948
7382,1110130,14,1110144
7383,1110191,27,1110218
7384,1110379,39,1110418
7385,1110468,71,1110539
7386,1110583,12,1110595
7387,1110622,178,1110800
7388,1110848,34,1110882
7389,1111140,43,1111183
7390,1111190,73,1111263
7391,1111570,31,1111601
7392,1111797,96,1111893
7393,1112059,68,1112127
7394,1112322,30,1112352
7395,1112452,18,1112470
7396,1112574,25,1112599
7397,1112667,19,1112686
7398,1112748,5,1112753
7399,1112792,20,1112812
7400,1112899,75,1112974
7401,1113004,90,1113094
7402,1113101,14,1113115
7403,1113299,105,1113404
7404,1113616,69,1113685
7405,1113784,29,1113813
7406,1114004,155,1114159
7407,1114204,41,1114245
7408,1114346,64,1114410
7409,1114476,20,1114496
7410,1114570,60,1114630
7411,1114650,70,1114720
7412,1114847,46,1114893
7413,1114905,49,1114954
7414,1114957,33,1114990
7415,1115084,4,1115088
7416,1115141,26,1115167
7417,1115407,75,1115482
7418,1115612,53,1115665
7419,1115702,155,1115857
7420,1115919,31,1115950
7421,1116097,43,1116140
7422,1116252,6,1116258
7423,1116471,48,1116519
7424,1116553,8,1116561
7425,1116567,10,1116577
7426,1116612,127,1116739
7427,1117223,22,1117245
7428,1117428,29,1117457
7429,1117556,190,1117746
7430,1117844,118,1117962
7431,1118069,6,1118075
7432,1118088,55,1118143
7433,1118164,31,1118195
7434,1118230,12,1118242
7435,1118675,41,1118716
7436,1118719,7,1118726
7437,1118733,8,1118741
7438,1118824,71,1118895
7439,1118991,4,1118995
7440,1119054,13,1119067
7441,1119160,52,1119212
7442,1119216,9,1119225
7443,1119287,50,1119337
7444,1119446,13,1119459
7445,1119513,1,1119514
7446,1119588,36,1119624
7447,1119662,43,1119705
7448,1119935,51,1119986
7449,1120180,60,1120240
7450,1120276,30,1120306
7451,1120321,8,1120329
7452,1120475,10,1120485
7453,1120517,3,1120520
7454,1120590,33,1120623
7455,1120667,82,1120749
7456,1120774,18,1120792
7457,1120793,30,1120823
7458,1120881,7,1120888
7459,1120910,50,1120960
7460,1121052,6,1121058
7461,1121137,23,1121160
7462,1121220,58,1121278
7463,1121354,80,1121434
7464,1121538,1,1121539
7465,1121583,16,1121599
7466,1121624,11,1121635
7467,1121697,45,1121742
7468,1121762,44,1121806
7469,1121889,2,1121891
7470,1121955,22,1121977
7471,1122045,77,1122122
7472,1122147,52,1122199
7473,1122275,87,1122362
7474,1122407,12,1122419
7475,1122447,189,1122636
7476,1122646,8,1122654
7477,1122682,83,1122765
7478,1122800,6,1122806
7479,1122842,14,1122856
7480,1122902,117,1123019
7481,1123041,5,1123046
7482,1123098,55,1123153
7483,1123235,17,1123252
7484,1123273,96,1123369
7485,1123457,11,1123468
7486,1123564,25,1123589
7487,1124266,58,1124324
7488,1124338,7,1124345
7489,1124373,88,1124461
7490,1124481,67,1124548
7491,1124720,110,1124830
7492,1124876,157,1125033
7493,1125099,52,1125151
7494,1125298,85,1125383
7495,1125493,17,1125510
7496,1125527,114,1125641
7497,1125668,33,1125701
7498,1125777,208,1125985
7499,1126004,49,1126053
7500,1126094,13,1126107
7501,1126117,136,1126253
7502,1126406,46,1126452
7503,1126515,21,1126536
7504,1126597,47,1126644
7505,1126739,50,1126789
7506,1126970,48,1127018
7507,1127394,5,1127399
7508,1127426,100,1127526
7509,1127734,60,1127794
7510,1127848,24,1127872
7511,1127885,27,1127912
7512,1127941,9,1127950
7513,1128101,168,1128269
7514,1128280,23,1128303
7515,1128470,76,1128546
7516,1128662,7,1128669
7517,1128766,23,1128789
7518,1128879,47,1128926
7519,1129002,89,1129091
7520,1129277,24,1129301
7521,1129720,15,1129735
7522,1129819,1,1129820
7523,1129925,38,1129963
7524,1129967,2,1129969
7525,1130106,88,1130194
7526,1130247,24,1130271
7527,1130377,35,1130412
7528,1130464,9,1130473
7529,1130489,13,1130502
7530,1130575,24,1130599
7531,1130720,1,1130721
7532,1130740,70,1130810
7533,1130850,25,1130875
7534,1130977,17,1130994
7535,1131014,30,1131044
7536,1131187,15,1131202
7537,1131426,112,1131538
7538,1131549,49,1131598
7539,1131649,28,1131677
7540,1131729,106,1131835
7541,1132029,14,1132043
7542,1132059,58,1132117
7543,1132126,98,1132224
7544,1132381,4,1132385
7545,1132386,96,1132482
7546,1132542,54,1132596
7547,1132877,7,1132884
7548,1132894,82,1132976
7549,1133022,59,1133081
7550,1133187,115,1133302
7551,1133448,30,1133478
7552,1133674,48,1133722
7553,1133751,36,1133787
7554,1134097,37,1134134
7555,1134235,16,1134251
7556,1134340,109,1134449
7557,1134928,13,1134941
7558,1134976,62,1135038
7559,1135197,7,1135204
7560,1135737,62,1135799
7561,1135843,55,1135898
7562,1135924,22,1135946
7563,1136477,65,1136542
7564,1136727,61,1136788
7565,1136874,9,1136883
7566,1136930,1,1136931
7567,1136942,57,1136999
7568,1137020,28,1137048
7569,1137075,78,1137153
7570,1137250,50,1137300
7571,1137526,3,1137529
7572,1137608,100,1137708
7573,1137785,54,1137839
7574,1137848,42,1137890
7575,1137936,3,1137939
7576,1138223,6,1138229
7577,1138250,77,1138327
7578,1138351,21,1138372
7579,1138387,10,1138397
7580,1138445,34,1138479
7581,1138534,54,1138588
7582,1138633,6,1138639
7583,1138790,45,1138835
7584,1138924,52,1138976
7585,1139042,91,1139133
7586,1139247,1,1139248
7587,1139387,72,1139459
7588,1139509,52,1139561
7589,1139690,52,1139742
7590,1139808,49,1139857
7591,1139939,22,1139961
7592,1139977,64,1140041
7593,1140165,71,1140236
7594,1140332,55,1140387
7595,1140401,37,1140438
7596,1140516,131,1140647
7597,1140859,46,1140905
7598,1140907,16,1140923
7599,1140929,27,1140956
7600,1141004,21,1141025
7601,1141198,16,1141214
7602,1141381,111,1141492
7603,1141543,52,1141595
7604,1141680,1,1141681
7605,1141706,11,1141717
7606,1141773,109,1141882
7607,1142033,7,1142040
7608,1142107,11,1142118
7609,1142150,22,1142172
7610,1142262,9,1142271
7611,1142369,25,1142394
7612,1142539,12,1142551
7613,1142670,9,1142679
7614,1142756,28,1142784
7615,1142863,35,1142898
7616,1142925,2,1142927
7617,1142967,6,1142973
7618,1142987,20,1143007
7619,1143011,159,1143170
7620,1143374,47,1143421
7621,1143506,11,1143517
7622,1143549,50,1143599
7623,1143606,47,1143653
7624,1143695,67,1143762
7625,1143954,1,1143955
7626,1144024,31,1144055
7627,1144217,78,1144295
7628,1144302,20,1144322
7629,1144358,95,1144453
7630,1144558,1,1144559
7631,1144563,46,1144609
7632,1144675,75,1144750
7633,1144910,19,1144929
7634,1144983,25,1145008
7635,1145072,90,1145162
7636,1145196,83,1145279
7637,1145405,7,1145412
7638,1145687,2,1145689
7639,1145712,32,1145744
7640,1145791,45,1145836
7641,1145862,17,1145879
7642,1145908,48,1145956
7643,1146051,26,1146077
7644,1146259,45,1146304
7645,1146341,42,1146383
7646,1146460,54,1146514
7647,1146795,7,1146802
7648,1146829,46,1146875
7649,1146902,14,1146916
7650,1146948,96,1147044
7651,1147147,25,1147172
7652,1147230,42,1147272
7653,1147335,20,1147355
7654,1147502,30,1147532
7655,1147582,43,1147625
7656,1147780,68,1147848
7657,1147924,22,1147946
7658,1148087,36,1148123
7659,1148156,30,1148186
7660,1148268,23,1148291
7661,1148345,1,1148346
7662,1148393,158,1148551
7663,1148606,74,1148680
7664,1148837,81,1148918
7665,1149134,45,1149179
7666,1149322,30,1149352
7667,1150098,45,1150143
7668,1150154,35,1150189
7669,1150193,8,1150201
7670,1150247,72,1150319
7671,1150322,223,1150545
7672,1150723,157,1150880
7673,1150915,90,1151005
7674,1151068,90,1151158
7675,1151162,74,1151236
7676,1151311,2,1151313
7677,1151540,17,1151557
7678,1151567,8,1151575
7679,1151620,40,1151660
7680,1151666,56,1151722
7681,1151820,13,1151833
7682,1152003,3,1152006
7683,1152175,20,1152195
7684,1152338,96,1152434
7685,1152498,8,1152506
7686,1152523,20,1152543
7687,1152553,62,1152615
7688,1152679,96,1152775
7689,1152818,7,1152825
7690,1153017,103,1153120
7691,1153224,14,1153238
7692,1153260,157,1153417
7693,1153421,8,1153429
7694,1153791,26,1153817
7695,1153842,79,1153921
7696,1153943,43,1153986
7697,1154011,42,1154053
7698,1154070,22,1154092
7699,1154108,114,1154222
7700,1154289,39,1154328
7701,1154394,98,1154492
7702,1154528,1,1154529
7703,1154530,67,1154597
7704,1154734,108,1154842
7705,1155109,70,1155179
7706,1155204,60,1155264
7707,1155269,50,1155319
7708,1155485,85,1155570
7709,1155901,75,1155976
7710,1156182,4,1156186
7711,1156367,4,1156371
7712,1156436,9,1156445
7713,1156465,26,1156491
7714,1156497,10,1156507
7715,1156603,48,1156651
7716,1156652,35,1156687
7717,1156825,161,1156986
7718,1156988,21,1157009
7719,1157144,101,1157245
7720,1157484,25,1157509
7721,1157539,89,1157628
7722,1157653,204,1157857
7723,1158012,49,1158061
7724,1158069,20,1158089
7725,1158198,43,1158241
7726,1158286,47,1158333
7727,1158365,38,1158403
7728,1158489,8,1158497
7729,1158585,21,1158606
7730,1158736,11,1158747
7731,1158874,5,1158879
7732,1158900,24,1158924
7733,1159006,142,1159148
7734,1159233,9,1159242
7735,1159258,20,1159278
7736,1159281,9,1159290
7737,1159433,5,1159438
7738,1159445,44,1159489
7739,1159497,5,1159502
7740,1159571,104,1159675
7741,1159780,63,1159843
7742,1159952,6,1159958
7743,1159976,95,1160071
7744,1160091,43,1160134
7745,1160187,24,1160211
7746,1160346,35,1160381
7747,1160463,93,1160556
7748,1160653,16,1160669
7749,1160675,39,1160714
7750,1160744,23,1160767
7751,1160878,131,1161009
7752,1161169,13,1161182
7753,1161191,36,1161227
7754,1161236,118,1161354
7755,1161611,58,1161669
7756,1161730,42,1161772
7757,1161850,30,1161880
7758,1161923,39,1161962
7759,1161988,25,1162013
7760,1162133,31,1162164
7761,1162179,128,1162307
7762,1162530,5,1162535
7763,1162545,56,1162601
7764,1162637,57,1162694
7765,1162914,122,1163036
7766,1163111,59,1163170
7767,1163369,17,1163386
7768,1163432,84,1163516
7769,1163665,39,1163704
7770,1164015,18,1164033
7771,1164047,23,1164070
7772,1164155,33,1164188
7773,1164295,2,1164297
7774,1164619,3,1164622
7775,1164697,104,1164801
7776,1164890,39,1164929
7777,1165113,15,1165128
7778,1165164,29,1165193
7779,1165425,35,1165460
7780,1165483,2,1165485
7781,1165791,26,1165817
7782,1165849,45,1165894
7783,1165909,13,1165922
7784,1165930,111,1166041
7785,1166045,1,1166046
7786,1166120,34,1166154
7787,1166161,8,1166169
7788,1166374,4,1166378
7789,1166410,19,1166429
7790,1166433,6,1166439
7791,1166489,25,1166514
7792,1166772,60,1166832
7793,1166834,20,1166854
7794,1166970,13,1166983
7795,1167046,68,1167114
7796,1167135,79,1167214
7797,1167427,38,1167465
7798,1167493,6,1167499
7799,1167739,137,1167876
7800,1168391,37,1168428
7801,1168497,60,1168557
7802,1168774,5,1168779
7803,1168823,47,1168870
7804,1169181,37,1169218
7805,1169395,66,1169461
7806,1169658,10,1169668
7807,1169836,25,1169861
7808,1169981,77,1170058
7809,1170066,27,1170093
7810,1170299,21,1170320
7811,1170363,7,1170370
7812,1170384,34,1170418
7813,1170492,65,1170557
7814,1170698,17,1170715
7815,1170840,4,1170844
7816,1170918,192,1171110
7817,1171435,214,1171649
7818,1171691,91,1171782
7819,1171959,22,1171981
7820,1172031,10,1172041
7821,1172190,33,1172223
7822,1172288,38,1172326
7823,1172654,10,1172664
7824,1172692,55,1172747
7825,1172832,44,1172876
7826,1172963,5,1172968
7827,1173025,12,1173037
7828,1173080,52,1173132
7829,1173302,21,1173323
7830,1173351,69,1173420
7831,1173480,29,1173509
7832,1173578,110,1173688
7833,1173759,3,1173762
7834,1173921,93,1174014
7835,1174041,168,1174209
7836,1174238,61,1174299
7837,1174390,139,1174529
7838,1174532,7,1174539
7839,1174601,22,1174623
7840,1174748,71,1174819
7841,1174917,26,1174943
7842,1175022,152,1175174
7843,1175294,32,1175326
7844,1175453,26,1175479
7845,1175497,3,1175500
7846,1175587,66,1175653
7847,1175688,2,1175690
7848,1175812,21,1175833
7849,1175851,35,1175886
7850,1175889,36,1175925
7851,1176063,87,1176150
7852,1176228,25,1176253
7853,1176284,26,1176310
7854,1176546,10,1176556
7855,1176713,15,1176728
7856,1177110,62,1177172
7857,1177254,27,1177281
7858,1177293,94,1177387
7859,1177397,8,1177405
7860,1177636,43,1177679
7861,1177681,36,1177717
7862,1177825,21,1177846
7863,1177893,120,1178013
7864,1178069,53,1178122
7865,1178216,37,1178253
7866,1178384,26,1178410
7867,1178428,135,1178563
7868,1178652,9,1178661
7869,1178735,227,1178962
7870,1179042,51,1179093
7871,1179112,133,1179245
7872,1179479,1,1179480
7873,1179625,24,1179649
7874,1179720,7,1179727
7875,1179765,7,1179772
7876,1179823,130,1179953
7877,1180318,100,1180418
7878,1180539,23,1180562
7879,1180575,62,1180637
7880,1180866,4,1180870
7881,1180927,44,1180971
7882,1180995,123,1181118
7883,1181233,36,1181269
7884,1181300,29,1181329
7885,1181336,15,1181351
7886,1181362,9,1181371
7887,1181705,131,1181836
7888,1181952,22,1181974
7889,1182011,45,1182056
7890,1182317,93,1182410
7891,1182442,54,1182496
7892,1182549,14,1182563
7893,1182725,20,1182745
7894,1182746,44,1182790
7895,1182914,53,1182967
7896,1183097,67,1183164
7897,1183328,132,1183460
7898,1183614,17,1183631
7899,1183695,5,1183700
7900,1183737,13,1183750
7901,1183763,30,1183793
7902,1184002,19,1184021
7903,1184029,21,1184050
7904,1184172,25,1184197
7905,1184206,56,1184262
7906,1184459,28,1184487
7907,1184529,20,1184549
7908,1184667,2,1184669
7909,1184757,33,1184790
7910,1184895,7,1184902
7911,1184966,62,1185028
7912,1185170,39,1185209
7913,1185246,222,1185468
7914,1185513,33,1185546
7915,1185568,13,1185581
7916,1185644,68,1185712
7917,1186146,10,1186156
7918,1186168,34,1186202
7919,1186396,36,1186432
7920,1186449,67,1186516
7921,1186597,44,1186641
7922,1186645,26,1186671
7923,1186799,17,1186816
7924,1186937,15,1186952
7925,1186966,54,1187020
7926,1187227,16,1187243
7927,1187348,33,1187381
7928,1187506,86,1187592
7929,1187688,18,1187706
7930,1187810,93,1187903
7931,1188786,13,1188799
7932,1188861,10,1188871
7933,1188959,8,1188967
7934,1189181,24,1189205
7935,1189217,23,1189240
7936,1189295,26,1189321
7937,1189379,5,1189384
7938,1189411,20,1189431
7939,1189777,20,1189797
7940,1189818,246,1190064
7941,1190104,147,1190251
7942,1190307,24,1190331
7943,1190484,10,1190494
7944,1190503,86,1190589
7945,1190634,28,1190662
7946,1191030,93,1191123
7947,1191141,8,1191149
7948,1191288,40,1191328
7949,1191511,58,1191569
7950,1191748,18,1191766
7951,1191996,51,1192047
7952,1192048,27,1192075
7953,1192083,15,1192098
7954,1192129,32,1192161
7955,1192480,40,1192520
7956,1192566,30,1192596
7957,1192681,124,1192805
7958,1192892,74,1192966
7959,1193023,49,1193072
7960,1193087,102,1193189
7961,1193399,44,1193443
7962,1193476,39,1193515
7963,1193543,74,1193617
7964,1193766,200,1193966
7965,1193969,23,1193992
7966,1194049,61,1194110
7967,1194224,7,1194231
7968,1194246,43,1194289
7969,1194409,13,1194422
7970,1194559,47,1194606
7971,1194808,90,1194898
7972,1194918,46,1194964
7973,1195056,55,1195111
7974,1195132,59,1195191
7975,1195256,15,1195271
7976,1195444,12,1195456
7977,1195700,121,1195821
7978,1195822,16,1195838
7979,1195868,37,1195905
7980,1196044,127,1196171
7981,1196221,14,1196235
7982,1196566,95,1196661
7983,1196754,139,1196893
7984,1196931,14,1196945
7985,1196961,21,1196982
7986,1197158,50,1197208
7987,1197276,32,1197308
7988,1197324,275,1197599
7989,1197647,13,1197660
7990,1197688,6,1197694
7991,1197720,2,1197722
7992,1197737,1,1197738
7993,1197943,55,1197998
7994,1198044,54,1198098
7995,1198245,98,1198343
7996,1198670,8,1198678
7997,1198706,51,1198757
7998,1198804,66,1198870
7999,1199033,13,1199046
8000,1199173,77,1199250
8001,1199280,131,1199411
8002,1199781,18,1199799
8003,1200049,30,1200079
8004,1200231,114,1200345
8005,1200740,239,1200979
8006,1201564,36,1201600
8007,1201956,24,1201980
8008,1202012,81,1202093
8009,1202137,13,1202150
8010,1202275,32,1202307
8011,1202350,5,1202355
8012,1202451,46,1202497
8013,1202501,30,1202531
8014,1202548,45,1202593
8015,1202602,50,1202652
8016,1202872,22,1202894
8017,1203149,69,1203218
8018,1203259,20,1203279
8019,1203478,122,1203600
8020,1203619,19,1203638
8021,1203675,50,1203725
8022,1203884,14,1203898
8023,1203981,25,1204006
8024,1204048,13,1204061
8025,1204215,47,1204262
8026,1204351,44,1204395
8027,1204562,10,1204572
8028,1204780,106,1204886
8029,1205128,18,1205146
8030,1205272,7,1205279
8031,1205461,139,1205600
8032,1205753,21,1205774
8033,1206155,19,1206174
8034,1206266,26,1206292
8035,1206399,25,1206424
8036,1206446,46,1206492
8037,1206497,9,1206506
8038,1206523,79,1206602
8039,1206740,75,1206815
8040,1207202,98,1207300
8041,1207336,8,1207344
8042,1207394,16,1207410
8043,1207479,20,1207499
8044,1207529,59,1207588
8045,1207596,39,1207635
8046,1207743,60,1207803
8047,1207936,22,1207958
8048,1208144,57,1208201
8049,1208246,37,1208283
8050,1208397,7,1208404
8051,1208441,78,1208519
8052,1208541,231,1208772
8053,1208816,22,1208838
8054,1208876,10,1208886
8055,1208979,5,1208984
8056,1208987,35,1209022
8057,1209206,67,1209273
8058,1209461,34,1209495
8059,1209574,27,1209601
8060,1209833,14,1209847
8061,1210221,19,1210240
8062,1210299,42,1210341
8063,1210670,6,1210676
8064,1210949,131,1211080
8065,1211096,9,1211105
8066,1211122,63,1211185
8067,1211188,1,1211189
8068,1211265,150,1211415
8069,1211418,2,1211420
8070,1211599,21,1211620
8071,1211678,21,1211699
8072,1211811,115,1211926
8073,1211942,14,1211956
8074,1211974,101,1212075
8075,1212143,10,1212153
8076,1212187,2,1212189
8077,1212215,57,1212272
8078,1212419,70,1212489
8079,1212658,37,1212695
8080,1212755,14,1212769
8081,1212835,53,1212888
8082,1213085,142,1213227
8083,1213327,142,1213469
8084,1213563,75,1213638
8085,1214023,65,1214088
8086,1214343,25,1214368
8087,1214497,15,1214512
8088,1214516,19,1214535
8089,1214562,106,1214668
8090,1214772,60,1214832
8091,1214884,47,1214931
8092,1215205,73,1215278
8093,1215291,13,1215304
8094,1215327,57,1215384
8095,1215526,23,1215549
8096,1215559,7,1215566
8097,1215600,81,1215681
8098,1215758,14,1215772
8099,1215773,18,1215791
8100,1215962,21,1215983
8101,1216028,44,1216072
8102,1216081,27,1216108
8103,1216122,107,1216229
8104,1216393,85,1216478
8105,1216637,290,1216927
8106,1216968,25,1216993
8107,1217077,71,1217148
8108,1217154,10,1217164
8109,1217463,18,1217481
8110,1217491,10,1217501
8111,1217628,59,1217687
8112,1217730,3,1217733
8113,1217829,4,1217833
8114,1217920,46,1217966
8115,1217981,60,1218041
8116,1218097,2,1218099
8117,1218183,7,1218190
8118,1218216,51,1218267
8119,1218379,60,1218439
8120,1218596,40,1218636
8121,1218664,76,1218740
8122,1218795,2,1218797
8123,1218882,67,1218949
8124,1219035,12,1219047
8125,1219142,67,1219209
8126,1219262,38,1219300
8127,1219672,33,1219705
8128,1219725,16,1219741
8129,1220036,17,1220053
8130,1220252,7,1220259
8131,1220358,10,1220368
8132,1220442,19,1220461
8133,1220491,4,1220495
8134,1220607,67,1220674
8135,1220795,29,1220824
8136,1220910,69,1220979
8137,1221025,7,1221032
8138,1221114,121,1221235
8139,1221306,83,1221389
8140,1221395,15,1221410
8141,1221413,20,1221433
8142,1221496,9,1221505
8143,1221532,52,1221584
8144,1221628,26,1221654
8145,1221661,53,1221714
8146,1221717,19,1221736
8147,1221930,10,1221940
8148,1221991,45,1222036
8149,1222096,75,1222171
8150,1222238,13,1222251
8151,1222318,7,1222325
8152,1222385,265,1222650
8153,1222695,213,1222908
8154,1222942,114,1223056
8155,1223090,137,1223227
8156,1223328,33,1223361
8157,1223451,17,1223468
8158,1223518,41,1223559
8159,1223601,72,1223673
8160,1223689,110,1223799
8161,1223835,43,1223878
8162,1223947,174,1224121
8163,1224262,40,1224302
8164,1224436,38,1224474
8165,1224541,118,1224659
8166,1224715,123,1224838
8167,1224962,70,1225032
8168,1225097,75,1225172
8169,1225302,20,1225322
8170,1225481,41,1225522
8171,1225523,64,1225587
8172,1225623,56,1225679
8173,1225704,4,1225708
8174,1225752,75,1225827
8175,1225893,90,1225983
8176,1226361,29,1226390
8177,1226727,24,1226751
8178,1226780,4,1226784
8179,1226845,4,1226849
8180,1226934,151,1227085
8181,1227273,6,1227279
8182,1227403,95,1227498
8183,1227571,81,1227652
8184,1227747,35,1227782
8185,1227906,27,1227933
8186,1227936,30,1227966
8187,1228104,86,1228190
8188,1228195,29,1228224
8189,1228396,9,1228405
8190,1228409,55,1228464
8191,1228531,50,1228581
8192,1228648,13,1228661
8193,1228840,8,1228848
8194,1228954,2,1228956
8195,1229099,3,1229102
8196,1229313,176,1229489
8197,1229642,80,1229722
8198,1229855,182,1230037
8199,1230055,70,1230125
8200,1230146,103,1230249
8201,1230325,95,1230420
8202,1230488,65,1230553
8203,1230595,34,1230629
8204,1230639,15,1230654
8205,1230703,1,1230704
8206,1230921,28,1230949
8207,1231112,49,1231161
8208,1231236,17,1231253
8209,1231320,30,1231350
8210,1231414,25,1231439
8211,1231441,23,1231464
8212,1231572,9,1231581
8213,1231921,4,1231925
8214,1231968,41,1232009
8215,1232031,17,1232048
8216,1232082,66,1232148
8217,1232378,45,1232423
8218,1232659,57,1232716
8219,1232878,158,1233036
8220,1233155,51,1233206
8221,1233251,244,1233495
8222,1233517,14,1233531
8223,1233532,35,1233567
8224,1233777,3,1233780
8225,1233825,58,1233883
8226,1233906,11,1233917
8227,1233955,27,1233982
8228,1234038,56,1234094
8229,1234471,161,1234632
8230,1234876,4,1234880
8231,1234957,104,1235061
8232,1235090,17,1235107
8233,1235153,28,1235181
8234,1235303,128,1235431
8235,1235745,132,1235877
8236,1235942,36,1235978
8237,1236023,17,1236040
8238,1236165,15,1236180
8239,1236313,18,1236331
8240,1236368,35,1236403
8241,1236414,166,1236580
8242,1236755,135,1236890
8243,1237343,75,1237418
8244,1237481,61,1237542
8245,1237552,21,1237573
8246,1237624,83,1237707
8247,1237769,150,1237919
8248,1238049,111,1238160
8249,1238327,23,1238350
8250,1238356,31,1238387
8251,1238409,101,1238510
8252,1238526,1,1238527
8253,1238591,43,1238634
8254,1238721,163,1238884
8255,1238931,30,1238961
8256,1239017,63,1239080
8257,1239111,24,1239135
8258,1239276,183,1239459
8259,1239486,56,1239542
8260,1239586,172,1239758
8261,1239788,1,1239789
8262,1239988,38,1240026
8263,1240126,5,1240131
8264,1240224,81,1240305
8265,1240579,116,1240695
8266,1240704,187,1240891
8267,1241119,5,1241124
8268,1241125,106,1241231
8269,1241314,40,1241354
8270,1241706,19,1241725
8271,1241833,63,1241896
8272,1241945,57,1242002
8273,1242048,24,1242072
8274,1242165,3,1242168
8275,1242170,38,1242208
8276,1242382,281,1242663
8277,1242747,252,1242999
8278,1243118,97,1243215
8279,1243242,12,1243254
8280,1243408,25,1243433
8281,1243634,5,1243639
8282,1243850,32,1243882
8283,1243994,47,1244041
8284,1244163,69,1244232
8285,1244285,57,1244342
8286,1244347,205,1244552
8287,1244640,60,1244700
8288,1244758,48,1244806
8289,1244874,29,1244903
8290,1244958,14,1244972
8291,1245021,115,1245136
8292,1245181,5,1245186
8293,1245209,20,1245229
8294,1245295,51,1245346
8295,1245501,12,1245513
8296,1245656,90,1245746
8297,1245749,2,1245751
8298,1246012,32,1246044
8299,1246048,8,1246056
8300,1246227,113,1246340
8301,1246352,82,1246434
8302,1246625,62,1246687
8303,1246727,19,1246746
8304,1246883,29,1246912
8305,1247009,9,1247018
8306,1247025,18,1247043
8307,1247195,61,1247256
8308,1247288,102,1247390
8309,1247400,34,1247434
8310,1247489,201,1247690
8311,1248026,30,1248056
8312,1248426,60,1248486
8313,1248590,80,1248670
8314,1248865,17,1248882
8315,1248976,137,1249113
8316,1249126,34,1249160
8317,1249164,8,1249172
8318,1249277,8,1249285
8319,1249291,16,1249307
8320,1249383,10,1249393
8321,1249410,1,1249411
8322,1249468,9,1249477
8323,1249571,126,1249697
8324,1249786,24,1249810
8325,1249913,37,1249950
8326,1250004,10,1250014
8327,1250418,21,1250439
8328,1250451,4,1250455
8329,1251133,21,1251154
8330,1251311,55,1251366
8331,1251433,53,1251486
8332,1251652,74,1251726
8333,1251848,29,1251877
8334,1251880,1,1251881
8335,1252233,39,1252272
8336,1252340,24,1252364
8337,1252418,18,1252436
8338,1252594,46,1252640
8339,1252665,24,1252689
8340,1252731,5,1252736
8341,1252741,13,1252754
8342,1252758,68,1252826
8343,1252898,20,1252918
8344,1253118,33,1253151
8345,1253263,92,1253355
8346,1253483,55,1253538
8347,1253718,54,1253772
8348,1253821,31,1253852
8349,1253880,27,1253907
8350,1254012,8,1254020
8351,1254039,26,1254065
8352,1254082,18,1254100
8353,1254178,38,1254216
8354,1254253,34,1254287
8355,1254329,9,1254338
8356,1254354,17,1254371
8357,1254375,46,1254421
8358,1254594,113,1254707
8359,1254767,46,1254813
8360,1254909,9,1254918
8361,1254954,44,1254998
8362,1255024,22,1255046
8363,1255278,19,1255297
8364,1255303,46,1255349
8365,1255377,6,1255383
8366,1255501,23,1255524
8367,1255629,47,1255676
8368,1255818,68,1255886
8369,1256309,51,1256360
8370,1256411,37,1256448
8371,1256597,3,1256600
8372,1256861,40,1256901
8373,1256968,38,1257006
8374,1257043,51,1257094
8375,1257108,73,1257181
8376,1257258,5,1257263
8377,1257480,76,1257556
8378,1257579,31,1257610
8379,1257692,130,1257822
8380,1257910,26,1257936
8381,1257937,15,1257952
8382,1257978,78,1258056
8383,1258110,44,1258154
8384,1258172,3,1258175
8385,1258275,167,1258442
8386,1258552,111,1258663
8387,1258961,3,1258964
8388,1259039,3,1259042
8389,1259045,37,1259082
8390,1259163,25,1259188
8391,1259192,133,1259325
8392,1259705,23,1259728
8393,1259798,42,1259840
8394,1259876,33,1259909
8395,1259935,20,1259955
8396,1260270,4,1260274
8397,1260304,35,1260339
8398,1260820,224,1261044
8399,1261086,77,1261163
8400,1261354,6,1261360
8401,1261375,44,1261419
8402,1261447,25,1261472
8403,1261534,77,1261611
8404,1261673,118,1261791
8405,1261797,3,1261800
8406,1261818,50,1261868
8407,1262084,10,1262094
8408,1262146,28,1262174
8409,1262302,30,1262332
8410,1262832,61,1262893
8411,1262977,28,1263005
8412,1263352,122,1263474
8413,1263652,106,1263758
8414,1264287,28,1264315
8415,1264380,87,1264467
8416,1264566,34,1264600
8417,1264738,8,1264746
8418,1264759,45,1264804
8419,1264812,20,1264832
8420,1264833,47,1264880
8421,1264881,34,1264915
8422,1265047,66,1265113
8423,1265125,5,1265130
8424,1265204,159,1265363
8425,1265409,32,1265441
8426,1265468,76,1265544
8427,1265586,4,1265590
8428,1265621,4,1265625
8429,1265629,39,1265668
8430,1265712,47,1265759
8431,1265858,34,1265892
8432,1265930,42,1265972
8433,1266010,35,1266045
8434,1266084,23,1266107
8435,1266136,90,1266226
8436,1266425,83,1266508
8437,1266787,49,1266836
8438,1266978,78,1267056
8439,1267111,134,1267245
8440,1267266,13,1267279
8441,1267363,1,1267364
8442,1267406,12,1267418
8443,1267519,34,1267553
8444,1267564,54,1267618
8445,1267635,20,1267655
8446,1267720,26,1267746
8447,1267859,88,1267947
8448,1268029,35,1268064
8449,1268262,5,1268267
8450,1268321,168,1268489
8451,1268554,3,1268557
8452,1268576,27,1268603
8453,1268691,18,1268709
8454,1268722,7,1268729
8455,1268840,11,1268851
8456,1268852,97,1268949
8457,1268952,93,1269045
8458,1269310,29,1269339
8459,1269444,103,1269547
8460,1270113,22,1270135
8461,1270232,7,1270239
8462,1270256,76,1270332
8463,1270477,75,1270552
8464,1270718,137,1270855
8465,1271142,311,1271453
8466,1271633,4,1271637
8467,1271748,21,1271769
8468,1271813,3,1271816
8469,1271867,129,1271996
8470,1271999,32,1272031
8471,1272098,79,1272177
8472,1272220,143,1272363
8473,1272470,38,1272508
8474,1272624,44,1272668
8475,1272776,56,1272832
8476,1272880,54,1272934
8477,1273108,78,1273186
8478,1273491,1,1273492
8479,1273579,77,1273656
8480,1273667,33,1273700
8481,1273745,33,1273778
8482,1274072,6,1274078
8483,1274079,49,1274128
8484,1274364,60,1274424
8485,1274461,40,1274501
8486,1274689,8,1274697
8487,1274877,3,1274880
8488,1275231,47,1275278
8489,1275289,317,1275606
8490,1275695,77,1275772
8491,1275907,23,1275930
8492,1276288,24,1276312
8493,1276517,63,1276580
8494,1276610,51,1276661
8495,1276743,19,1276762
8496,1277038,142,1277180
8497,1277218,4,1277222
8498,1277277,54,1277331
8499,1277437,88,1277525
8500,1277620,4,1277624
8501,1277648,46,1277694
8502,1277828,187,1278015
8503,1278072,28,1278100
8504,1278419,151,1278570
8505,1278591,63,1278654
8506,1278657,26,1278683
8507,1278741,27,1278768
8508,1278779,2,1278781
8509,1278801,32,1278833
8510,1278865,24,1278889
8511,1279041,68,1279109
8512,1279184,43,1279227
8513,1279284,25,1279309
8514,1279506,72,1279578
8515,1279796,88,1279884
8516,1279904,30,1279934
8517,1280188,24,1280212
8518,1280363,18,1280381
8519,1280403,9,1280412
8520,1280563,81,1280644
8521,1280832,87,1280919
8522,1280926,159,1281085
8523,1281138,43,1281181
8524,1281302,30,1281332
8525,1281351,63,1281414
8526,1281441,141,1281582
8527,1281635,136,1281771
8528,1281819,43,1281862
8529,1282005,47,1282052
8530,1282109,9,1282118
8531,1282119,21,1282140
8532,1282207,18,1282225
8533,1282468,19,1282487
8534,1282530,47,1282577
8535,1282602,25,1282627
8536,1282782,29,1282811
8537,1282957,87,1283044
8538,1283186,43,1283229
8539,1283281,57,1283338
8540,1283357,45,1283402
8541,1283457,24,1283481
8542,1283520,54,1283574
8543,1283758,16,1283774
8544,1283896,182,1284078
8545,1284177,44,1284221
8546,1284273,78,1284351
8547,1284418,60,1284478
8548,1284482,28,1284510
8549,1284600,25,1284625
8550,1284763,61,1284824
8551,1284827,5,1284832
8552,1284852,2,1284854
8553,1284855,87,1284942
8554,1285193,13,1285206
8555,1285241,39,1285280
8556,1285286,50,1285336
8557,1285377,11,1285388
8558,1285467,26,1285493
8559,1285567,15,1285582
8560,1285786,58,1285844
8561,1285975,4,1285979
8562,1285989,48,1286037
8563,1286047,95,1286142
8564,1286257,4,1286261
8565,1286279,175,1286454
8566,1286471,75,1286546
8567,1286562,73,1286635
8568,1286654,44,1286698
8569,1286827,55,1286882
8570,1286885,62,1286947
8571,1287054,69,1287123
8572,1287167,2,1287169
8573,1287224,131,1287355
8574,1287373,30,1287403
8575,1287582,4,1287586
8576,1287609,539,1288148
8577,1288202,16,1288218
8578,1288451,98,1288549
8579,1288674,109,1288783
8580,1289081,2,1289083
8581,1289096,24,1289120
8582,1289729,104,1289833
8583,1289892,52,1289944
8584,1289986,79,1290065
8585,1290152,197,1290349
8586,1290713,75,1290788
8587,1290884,62,1290946
8588,1290996,10,1291006
8589,1291033,92,1291125
8590,1291634,10,1291644
8591,1291708,70,1291778
8592,1291854,10,1291864
8593,1292067,32,1292099
8594,1292153,151,1292304
8595,1292340,4,1292344
8596,1292416,42,1292458
8597,1292542,61,1292603
8598,1292669,39,1292708
8599,1292713,7,1292720
8600,1292752,51,1292803
8601,1292930,6,1292936
8602,1292941,45,1292986
8603,1293082,47,1293129
8604,1293161,30,1293191
8605,1293361,35,1293396
8606,1293471,111,1293582
8607,1293790,7,1293797
8608,1294046,4,1294050
8609,1294372,12,1294384
8610,1294577,25,1294602
8611,1294764,24,1294788
8612,1294802,81,1294883
8613,1295002,4,1295006
8614,1295456,73,1295529
8615,1295567,31,1295598
8616,1295756,33,1295789
8617,1295897,78,1295975
8618,1296115,52,1296167
8619,1296345,7,1296352
8620,1296388,26,1296414
8621,1296448,20,1296468
8622,1296758,8,1296766
8623,1296768,24,1296792
8624,1296887,7,1296894
8625,1297153,7,1297160
8626,1297165,54,1297219
8627,1297385,81,1297466
8628,1297512,65,1297577
8629,1297580,23,1297603
8630,1297848,96,1297944
8631,1297947,1,1297948
8632,1298062,144,1298206
8633,1298242,123,1298365
8634,1298414,111,1298525
8635,1298646,33,1298679
8636,1298695,22,1298717
8637,1298786,24,1298810
8638,1298854,21,1298875
8639,1298946,25,1298971
8640,1299027,68,1299095
8641,1299151,4,1299155
8642,1299211,89,1299300
8643,1299305,3,1299308
8644,1299339,29,1299368
8645,1299523,93,1299616
8646,1299695,24,1299719
8647,1299808,42,1299850
8648,1300182,27,1300209
8649,1300290,50,1300340
8650,1300388,1,1300389
8651,1300398,24,1300422
8652,1300446,25,1300471
8653,1300495,3,1300498
8654,1300586,75,1300661
8655,1300693,60,1300753
8656,1300909,10,1300919
8657,1301157,40,1301197
8658,1301234,67,1301301
8659,1301373,41,1301414
8660,1301581,5,1301586
8661,1301663,6,1301669
8662,1301748,53,1301801
8663,1301941,59,1302000
8664,1302068,72,1302140
8665,1302176,123,1302299
8666,1302593,124,1302717
8667,1302883,176,1303059
8668,1303067,52,1303119
8669,1303146,83,1303229
8670,1303271,1,1303272
8671,1303512,11,1303523
8672,1303535,18,1303553
8673,1303594,57,1303651
8674,1303723,48,1303771
8675,1303784,36,1303820
8676,1303865,42,1303907
8677,1303919,23,1303942
8678,1304144,9,1304153
8679,1304184,4,1304188
8680,1304211,19,1304230
8681,1304419,2,1304421
8682,1304429,36,1304465
8683,1304564,1,1304565
8684,1304594,25,1304619
8685,1304638,8,1304646
8686,1304796,63,1304859
8687,1304874,20,1304894
8688,1304934,99,1305033
8689,1305038,109,1305147
8690,1305397,14,1305411
8691,1305476,14,1305490
8692,1305516,16,1305532
8693,1305599,87,1305686
8694,1305730,34,1305764
8695,1305843,2,1305845
8696,1305856,19,1305875
8697,1306217,11,1306228
8698,1306405,6,1306411
8699,1306474,39,1306513
8700,1306571,17,1306588
8701,1306696,164,1306860
8702,1306968,2,1306970
8703,1307072,5,1307077
8704,1307091,34,1307125
8705,1307241,112,1307353
8706,1307363,23,1307386
8707,1307427,85,1307512
8708,1307582,46,1307628
8709,1307742,8,1307750
8710,1308000,11,1308011
8711,1308022,4,1308026
8712,1308194,18,1308212
8713,1308340,198,1308538
8714,1308709,26,1308735
8715,1308762,32,1308794
8716,1308832,32,1308864
8717,1309049,87,1309136
8718,1309146,63,1309209
8719,1309259,21,1309280
8720,1309326,21,1309347
8721,1309354,42,1309396
8722,1309447,60,1309507
8723,1309511,84,1309595
8724,1309780,68,1309848
8725,1310275,54,1310329
8726,1310536,11,1310547
8727,1310553,32,1310585
8728,1310654,73,1310727
8729,1310796,79,1310875
8730,1311056,28,1311084
8731,1311215,62,1311277
8732,1311306,53,1311359
8733,1311378,1,1311379
8734,1311451,32,1311483
8735,1311527,44,1311571
8736,1311596,26,1311622
8737,1311692,62,1311754
8738,1311777,5,1311782
8739,1311811,51,1311862
8740,1311905,7,1311912
8741,1311951,72,1312023
8742,1312210,122,1312332
8743,1312367,43,1312410
8744,1312631,123,1312754
8745,1312998,56,1313054
8746,1313582,9,1313591
8747,1313630,3,1313633
8748,1313730,201,1313931
8749,1314050,17,1314067
8750,1314109,90,1314199
8751,1314376,2,1314378
8752,1315050,136,1315186
8753,1315208,37,1315245
8754,1315268,38,1315306
8755,1315353,15,1315368
8756,1315508,37,1315545
8757,1315630,20,1315650
8758,1315684,5,1315689
8759,1316072,31,1316103
8760,1316175,6,1316181
8761,1316208,28,1316236
8762,1316241,28,1316269
8763,1316342,27,1316369
8764,1316424,84,1316508
8765,1316658,6,1316664
8766,1316687,44,1316731
8767,1316746,13,1316759
8768,1316872,23,1316895
8769,1317143,133,1317276
8770,1317327,32,1317359
8771,1317601,1,1317602
8772,1317654,14,1317668
8773,1317683,12,1317695
8774,1317833,53,1317886
8775,1318067,47,1318114
8776,1318218,76,1318294
8777,1318398,56,1318454
8778,1318515,3,1318518
8779,1318636,66,1318702
8780,1319027,20,1319047
8781,1319071,229,1319300
8782,1319341,239,1319580
8783,1319599,24,1319623
8784,1319684,1,1319685
8785,1319804,31,1319835
8786,1319856,76,1319932
8787,1319954,19,1319973
8788,1320035,34,1320069
8789,1320120,47,1320167
8790,1320172,9,1320181
8791,1320271,179,1320450
8792,1320462,54,1320516
8793,1320544,164,1320708
8794,1320724,49,1320773
8795,1321134,102,1321236
8796,1321423,9,1321432
8797,1321445,65,1321510
8798,1321602,19,1321621
8799,1321933,16,1321949
8800,1322000,6,1322006
8801,1322040,51,1322091
8802,1322128,50,1322178
8803,1322476,22,1322498
8804,1322532,20,1322552
8805,1322686,28,1322714
8806,1322724,87,1322811
8807,1323032,30,1323062
8808,1323064,25,1323089
8809,1323106,17,1323123
8810,1323193,31,1323224
8811,1323255,10,1323265
8812,1323365,3,1323368
8813,1323560,98,1323658
8814,1323672,30,1323702
8815,1323792,65,1323857
8816,1323976,30,1324006
8817,1324117,39,1324156
8818,1324192,15,1324207
8819,1324506,52,1324558
8820,1324599,56,1324655
8821,1324817,69,1324886
8822,1324958,174,1325132
8823,1325308,88,1325396
8824,1325416,134,1325550
8825,1325649,81,1325730
8826,1325950,101,1326051
8827,1326114,14,1326128
8828,1326197,8,1326205
8829,1326289,33,1326322
8830,1326332,121,1326453
8831,1326684,3,1326687
8832,1326702,69,1326771
8833,1326794,12,1326806
8834,1326851,25,1326876
8835,1327198,6,1327204
8836,1327276,56,1327332
8837,1327464,37,1327501
8838,1327592,2,1327594
8839,1327600,4,1327604
8840,1327625,155,1327780
8841,1327836,1,1327837
8842,1327875,56,1327931
8843,1327936,29,1327965
8844,1328020,101,1328121
8845,1328255,64,1328319
8846,1328329,29,1328358
8847,1328368,144,1328512
8848,1328551,2,1328553
8849,1328673,112,1328785
8850,1328804,32,1328836
8851,1328974,32,1329006
8852,1329149,140,1329289
8853,1329766,189,1329955
8854,1329993,4,1329997
8855,1330097,37,1330134
8856,1330322,90,1330412
8857,1330525,20,1330545
8858,1330610,97,1330707
8859,1330900,51,1330951
8860,1330984,22,1331006
8861,1331010,20,1331030
8862,1331035,2,1331037
8863,1331114,9,1331123
8864,1331289,54,1331343
8865,1331373,49,1331422
8866,1331679,61,1331740
8867,1331796,11,1331807
8868,1331825,67,1331892
8869,1331992,113,1332105
8870,1332233,9,1332242
8871,1332340,2,1332342
8872,1332435,21,1332456
8873,1332590,42,1332632
8874,1332649,27,1332676
8875,1332687,66,1332753
8876,1332778,10,1332788
8877,1332808,1,1332809
8878,1332842,12,1332854
8879,1332944,115,1333059
8880,1333123,19,1333142
8881,1333183,54,1333237
8882,1333258,88,1333346
8883,1333359,64,1333423
8884,1333495,51,1333546
8885,1333555,46,1333601
8886,1333703,70,1333773
8887,1333809,42,1333851
8888,1333933,220,1334153
8889,1334162,28,1334190
8890,1334205,14,1334219
8891,1334247,53,1334300
8892,1334460,9,1334469
8893,1334514,63,1334577
8894,1334623,38,1334661
8895,1334750,3,1334753
8896,1334789,214,1335003
8897,1335142,20,1335162
8898,1335195,47,1335242
8899,1335320,51,1335371
8900,1335397,21,1335418
8901,1335705,29,1335734
8902,1335771,7,1335778
8903,1335787,64,1335851
8904,1335912,8,1335920
8905,1335926,65,1335991
8906,1336221,15,1336236
8907,1336399,8,1336407
8908,1336624,11,1336635
8909,1336650,31,1336681
8910,1336796,15,1336811
8911,1337117,55,1337172
8912,1337311,87,1337398
8913,1337408,79,1337487
8914,1337717,39,1337756
8915,1337887,16,1337903
8916,1337930,3,1337933
8917,1337936,109,1338045
8918,1338071,130,1338201
8919,1338205,44,1338249
8920,1338329,15,1338344
8921,1338474,58,1338532
8922,1338651,37,1338688
8923,1338693,82,1338775
8924,1338804,6,1338810
8925,1338914,85,1338999
8926,1339022,22,1339044
8927,1339287,64,1339351
8928,1339428,21,1339449
8929,1339579,116,1339695
8930,1339808,165,1339973
8931,1340038,20,1340058
8932,1340154,73,1340227
8933,1340298,245,1340543
8934,1340640,5,1340645
8935,1340943,25,1340968
8936,1341046,92,1341138
8937,1341328,47,1341375
8938,1341464,11,1341475
8939,1341549,35,1341584
8940,1341856,26,1341882
8941,1341894,285,1342179
8942,1342197,5,1342202
8943,1342300,51,1342351
8944,1342368,25,1342393
8945,1342418,66,1342484
8946,1342583,133,1342716
8947,1342738,8,1342746
8948,1342752,285,1343037
8949,1343052,18,1343070
8950,1343091,105,1343196
8951,1343250,1,1343251
8952,1343256,25,1343281
8953,1343309,8,1343317
8954,1343328,45,1343373
8955,1343412,46,1343458
8956,1343520,5,1343525
8957,1343544,26,1343570
8958,1343625,2,1343627
8959,1343798,47,1343845
8960,1343878,85,1343963
8961,1343972,10,1343982
8962,1344016,42,1344058
8963,1344080,19,1344099
8964,1344128,106,1344234
8965,1344249,21,1344270
8966,1344277,10,1344287
8967,1344519,26,1344545
8968,1344607,46,1344653
8969,1344666,25,1344691
8970,1344701,2,1344703
8971,1344780,54,1344834
8972,1344846,95,1344941
8973,1344944,43,1344987
8974,1345004,8,1345012
8975,1345082,98,1345180
8976,1345191,14,1345205
8977,1345221,108,1345329
8978,1345419,93,1345512
8979,1345704,6,1345710
8980,1345967,59,1346026
8981,1346034,123,1346157
8982,1346285,17,1346302
8983,1346448,52,1346500
8984,1346715,191,1346906
8985,1346961,4,1346965
8986,1347032,52,1347084
8987,1347163,22,1347185
8988,1347186,37,1347223
8989,1347573,77,1347650
8990,1347736,122,1347858
8991,1347866,255,1348121
8992,1348193,21,1348214
8993,1348369,11,1348380
8994,1348416,101,1348517
8995,1348533,75,1348608
8996,1348615,23,1348638
8997,1348700,110,1348810
8998,1348875,46,1348921
8999,1349005,9,1349014
9000,1349055,82,1349137
9001,1349350,27,1349377
9002,1349521,13,1349534
9003,1349594,58,1349652
9004,1350002,34,1350036
9005,1350138,58,1350196
9006,1350207,54,1350261
9007,1350352,72,1350424
9008,1350425,120,1350545
9009,1350650,1,1350651
9010,1350712,17,1350729
9011,1350839,35,1350874
9012,1350954,20,1350974
9013,1350992,67,1351059
9014,1351110,29,1351139
9015,1351159,11,1351170
9016,1351212,31,1351243
9017,1351331,8,1351339
9018,1351365,9,1351374
9019,1351413,38,1351451
9020,1351718,171,1351889
9021,1352221,102,1352323
9022,1352660,13,1352673
9023,1352776,42,1352818
9024,1352835,61,1352896
9025,1352985,14,1352999
9026,1353100,51,1353151
9027,1353320,56,1353376
9028,1353534,21,1353555
9029,1353569,4,1353573
9030,1353764,22,1353786
9031,1353995,35,1354030
9032,1354218,56,1354274
9033,1354371,23,1354394
9034,1354435,9,1354444
9035,1354544,95,1354639
9036,1354754,37,1354791
9037,1354841,6,1354847
9038,1354879,17,1354896
9039,1354907,29,1354936
9040,1355042,84,1355126
9041,1355145,300,1355445
9042,1355613,18,1355631
9043,1355675,43,1355718
9044,1355867,12,1355879
9045,1355985,73,1356058
9046,1356132,57,1356189
9047,1356282,48,1356330
9048,1356342,20,1356362
9049,1356433,2,1356435
9050,1356481,6,1356487
9051,1356488,27,1356515
9052,1356533,37,1356570
9053,1356584,151,1356735
9054,1356892,152,1357044
9055,1357049,10,1357059
9056,1357134,60,1357194
9057,1357250,82,1357332
9058,1357358,150,1357508
9059,1357727,122,1357849
9060,1357886,20,1357906
9061,1357994,32,1358026
9062,1358042,28,1358070
9063,1358199,14,1358213
9064,1358439,53,1358492
9065,1358542,8,1358550
9066,1358575,15,1358590
9067,1358789,53,1358842
9068,1358999,92,1359091
9069,1359151,11,1359162
9070,1359233,19,1359252
9071,1359294,30,1359324
9072,1359330,4,1359334
9073,1359584,31,1359615
9074,1359686,18,1359704
9075,1359755,34,1359789
9076,1359861,20,1359881
9077,1360005,123,1360128
9078,1360231,9,1360240
9079,1360337,39,1360376
9080,1360412,21,1360433
9081,1360479,67,1360546
9082,1360668,21,1360689
9083,1360752,11,1360763
9084,1361123,12,1361135
9085,1361155,23,1361178
9086,1361295,56,1361351
9087,1361412,34,1361446
9088,1361485,13,1361498
9089,1361517,10,1361527
9090,1361722,10,1361732
9091,1361844,60,1361904
9092,1362221,74,1362295
9093,1362402,105,1362507
9094,1362584,104,1362688
9095,1362722,74,1362796
9096,1362882,35,1362917
9097,1362963,153,1363116
9098,1363131,8,1363139
9099,1363166,38,1363204
9100,1363372,36,1363408
9101,1363440,61,1363501
9102,1363551,26,1363577
9103,1363579,9,1363588
9104,1363630,84,1363714
9105,1363809,109,1363918
9106,1364298,34,1364332
9107,1364372,52,1364424
9108,1364484,150,1364634
9109,1364795,4,1364799
9110,1364827,165,1364992
9111,1365027,98,1365125
9112,1365129,169,1365298
9113,1365352,107,1365459
9114,1365710,131,1365841
9115,1365846,21,1365867
9116,1365947,86,1366033
9117,1366038,79,1366117
9118,1366241,10,1366251
9119,1366319,109,1366428
9120,1366501,89,1366590
9121,1366667,93,1366760
9122,1366830,74,1366904
9123,1366910,138,1367048
9124,1367218,63,1367281
9125,1367348,143,1367491
9126,1367592,9,1367601
9127,1367660,98,1367758
9128,1367786,12,1367798
9129,1367905,11,1367916
9130,1368014,10,1368024
9131,1368233,4,1368237
9132,1368311,4,1368315
9133,1368416,21,1368437
9134,1369186,9,1369195
9135,1369291,83,1369374
9136,1369530,95,1369625
9137,1369638,30,1369668
9138,1369729,11,1369740
9139,1370029,34,1370063
9140,1370105,10,1370115
9141,1370148,32,1370180
9142,1370181,13,1370194
9143,1370474,9,1370483
9144,1370637,41,1370678
9145,1370759,13,1370772
9146,1371077,120,1371197
9147,1371210,116,1371326
9148,1371328,19,1371347
9149,1371448,32,1371480
9150,1371598,60,1371658
9151,1371917,66,1371983
9152,1372281,17,1372298
9153,1372326,3,1372329
9154,1372423,35,1372458
9155,1372481,45,1372526
9156,1372544,140,1372684
9157,1372740,18,1372758
9158,1372859,33,1372892
9159,1373034,7,1373041
9160,1373062,74,1373136
9161,1373294,34,1373328
9162,1373372,49,1373421
9163,1373453,56,1373509
9164,1373542,15,1373557
9165,1373569,16,1373585
9166,1373772,64,1373836
9167,1374000,3,1374003
9168,1374047,54,1374101
9169,1374141,42,1374183
9170,1374255,54,1374309
9171,1374518,3,1374521
9172,1374663,5,1374668
9173,1375047,37,1375084
9174,1375197,43,1375240
9175,1375311,3,1375314
9176,1375450,36,1375486
9177,1375596,11,1375607
9178,1375747,10,1375757
9179,1375761,49,1375810
9180,1375820,38,1375858
9181,1375892,15,1375907
9182,1375930,80,1376010
9183,1376056,106,1376162
9184,1376237,6,1376243
9185,1376333,32,1376365
9186,1376390,29,1376419
9187,1376422,86,1376508
9188,1376515,5,1376520
9189,1376632,11,1376643
9190,1377029,8,1377037
9191,1377047,40,1377087
9192,1377444,21,1377465
9193,1377470,33,1377503
9194,1377698,11,1377709
9195,1377876,2,1377878
9196,1377893,79,1377972
9197,1378098,19,1378117
9198,1378321,86,1378407
9199,1378477,3,1378480
9200,1378489,69,1378558
9201,1378826,4,1378830
9202,1378861,12,1378873
9203,1379052,51,1379103
9204,1379188,49,1379237
9205,1379278,8,1379286
9206,1379421,25,1379446
9207,1379463,82,1379545
9208,1379599,19,1379618
9209,1379620,44,1379664
9210,1379695,31,1379726
9211,1379825,53,1379878
9212,1380050,57,1380107
9213,1380157,75,1380232
9214,1380314,10,1380324
9215,1380325,66,1380391
9216,1380526,13,1380539
9217,1380678,22,1380700
9218,1380906,6,1380912
9219,1380931,73,1381004
9220,1381067,110,1381177
9221,1381405,143,1381548
9222,1381600,155,1381755
9223,1381831,39,1381870
9224,1382077,19,1382096
9225,1382226,34,1382260
9226,1382316,6,1382322
9227,1382329,27,1382356
9228,1382514,18,1382532
9229,1382704,62,1382766
9230,1382858,43,1382901
9231,1382929,35,1382964
9232,1383216,119,1383335
9233,1383414,60,1383474
9234,1383503,26,1383529
9235,1383559,9,1383568
9236,1383679,12,1383691
9237,1383723,98,1383821
9238,1383844,45,1383889
9239,1383911,10,1383921
9240,1383945,7,1383952
9241,1383980,17,1383997
9242,1384133,54,1384187
9243,1384214,20,1384234
9244,1384314,57,1384371
9245,1384547,102,1384649
9246,1384707,100,1384807
9247,1384824,1,1384825
9248,1384894,140,1385034
9249,1385134,4,1385138
9250,1385301,38,1385339
9251,1385474,15,1385489
9252,1385499,24,1385523
9253,1385583,2,1385585
9254,1385590,20,1385610
9255,1385726,9,1385735
9256,1385870,31,1385901
9257,1386067,7,1386074
9258,1386323,37,1386360
9259,1386385,32,1386417
9260,1386545,15,1386560
9261,1386702,55,1386757
9262,1386785,45,1386830
9263,1386838,51,1386889
9264,1387094,23,1387117
9265,1387143,52,1387195
9266,1387295,20,1387315
9267,1387375,84,1387459
9268,1387483,1,1387484
9269,1387746,11,1387757
9270,1387762,27,1387789
9271,1387798,3,1387801
9272,1387902,43,1387945
9273,1388072,21,1388093
9274,1388139,59,1388198
9275,1388455,106,1388561
9276,1388608,37,1388645
9277,1388732,17,1388749
9278,1388762,83,1388845
9279,1389011,5,1389016
9280,1389018,41,1389059
9281,1389416,15,1389431
9282,1389438,26,1389464
9283,1389519,34,1389553
9284,1389700,6,1389706
9285,1389776,306,1390082
9286,1390218,115,1390333
9287,1390357,11,1390368
9288,1390409,42,1390451
9289,1390553,43,1390596
9290,1390622,3,1390625
9291,1390676,6,1390682
9292,1390993,12,1391005
9293,1391244,44,1391288
9294,1391438,17,1391455
9295,1391520,23,1391543
9296,1391628,43,1391671
9297,1391715,36,1391751
9298,1391757,53,1391810
9299,1392177,65,1392242
9300,1392266,24,1392290
9301,1392550,139,1392689
9302,1392742,125,1392867
9303,1392904,11,1392915
9304,1392972,40,1393012
9305,1393156,183,1393339
9306,1393378,44,1393422
9307,1393443,36,1393479
9308,1393620,285,1393905
9309,1393989,6,1393995
9310,1394355,57,1394412
9311,1394452,49,1394501
9312,1394667,73,1394740
9313,1394755,46,1394801
9314,1395244,56,1395300
9315,1395398,8,1395406
9316,1395448,67,1395515
9317,1395783,78,1395861
9318,1395867,16,1395883
9319,1395989,58,1396047
9320,1396073,10,1396083
9321,1396109,38,1396147
9322,1396173,101,1396274
9323,1396429,130,1396559
9324,1396725,1,1396726
9325,1396755,50,1396805
9326,1396952,43,1396995
9327,1397051,96,1397147
9328,1397245,65,1397310
9329,1397397,59,1397456
9330,1397571,2,1397573
9331,1397630,3,1397633
9332,1397636,51,1397687
9333,1397714,22,1397736
9334,1397779,38,1397817
9335,1397830,139,1397969
9336,1398051,37,1398088
9337,1398144,58,1398202
9338,1398243,27,1398270
9339,1398464,98,1398562
9340,1398585,35,1398620
9341,1398739,38,1398777
9342,1398786,149,1398935
9343,1398969,39,1399008
9344,1399080,47,1399127
9345,1399154,177,1399331
9346,1399367,14,1399381
9347,1399464,7,1399471
9348,1399510,252,1399762
9349,1399799,81,1399880
9350,1399906,27,1399933
9351,1400055,11,1400066
9352,1400150,34,1400184
9353,1400291,44,1400335
9354,1400607,6,1400613
9355,1400667,45,1400712
9356,1401081,44,1401125
9357,1401138,12,1401150
9358,1401170,32,1401202
9359,1401296,6,1401302
9360,1401324,51,1401375
9361,1401409,125,1401534
9362,1401549,76,1401625
9363,1401662,33,1401695
9364,1401718,37,1401755
9365,1401924,18,1401942
9366,1402203,195,1402398
9367,1402399,54,1402453
9368,1402614,6,1402620
9369,1402626,85,1402711
9370,1402712,29,1402741
9371,1402985,49,1403034
9372,1403064,73,1403137
9373,1403178,111,1403289
9374,1403316,3,1403319
9375,1403364,20,1403384
9376,1403411,9,1403420
9377,1403627,5,1403632
9378,1403657,65,1403722
9379,1403799,63,1403862
9380,1403897,22,1403919
9381,1403964,19,1403983
9382,1404109,104,1404213
9383,1404262,30,1404292
9384,1404317,29,1404346
9385,1404390,2,1404392
9386,1404859,23,1404882
9387,1405087,1,1405088
9388,1405247,79,1405326
9389,1405380,57,1405437
9390,1405489,26,1405515
9391,1405571,39,1405610
9392,1405772,23,1405795
9393,1405934,18,1405952
9394,1406142,29,1406171
9395,1406356,4,1406360
9396,1406521,30,1406551
9397,1406594,28,1406622
9398,1406700,1,1406701
9399,1406742,16,1406758
9400,1406798,24,1406822
9401,1406861,44,1406905
9402,1407195,45,1407240
9403,1407246,73,1407319
9404,1407480,31,1407511
9405,1407678,38,1407716
9406,1407738,129,1407867
9407,1408010,37,1408047
9408,1408155,129,1408284
9409,1408293,167,1408460
9410,1408471,35,1408506
9411,1408541,22,1408563
9412,1408606,88,1408694
9413,1408729,54,1408783
9414,1408805,3,1408808
9415,1408932,18,1408950
9416,1409019,18,1409037
9417,1409217,3,1409220
9418,1409252,86,1409338
9419,1409546,160,1409706
9420,1409820,1,1409821
9421,1409835,12,1409847
9422,1410065,10,1410075
9423,1410221,61,1410282
9424,1410305,55,1410360
9425,1410501,77,1410578
9426,1410605,132,1410737
9427,1410855,109,1410964
9428,1411002,88,1411090
9429,1411106,104,1411210
9430,1411273,50,1411323
9431,1411402,27,1411429
9432,1411517,24,1411541
9433,1411608,20,1411628
9434,1411858,21,1411879
9435,1412043,59,1412102
9436,1412268,4,1412272
9437,1412306,62,1412368
9438,1412456,16,1412472
9439,1412487,118,1412605
9440,1412612,98,1412710
9441,1412739,59,1412798
9442,1412801,109,1412910
9443,1412993,48,1413041
9444,1413108,11,1413119
9445,1413232,20,1413252
9446,1413379,166,1413545
9447,1413750,7,1413757
9448,1413948,5,1413953
9449,1414274,10,1414284
9450,1414410,27,1414437
9451,1414579,83,1414662
9452,1414809,7,1414816
9453,1414848,5,1414853
9454,1414910,112,1415022
9455,1415099,9,1415108
9456,1415297,38,1415335
9457,1415341,77,1415418
9458,1415541,82,1415623
9459,1415839,15,1415854
9460,1416118,63,1416181
9461,1416192,85,1416277
9462,1416340,5,1416345
9463,1416418,30,1416448
9464,1416482,12,1416494
9465,1416605,3,1416608
9466,1416627,61,1416688
9467,1416821,14,1416835
9468,1416893,16,1416909
9469,1416932,49,1416981
9470,1417348,20,1417368
9471,1417383,5,1417388
9472,1417544,3,1417547
9473,1417844,16,1417860
9474,1417992,111,1418103
9475,1418229,13,1418242
9476,1418336,72,1418408
9477,1418438,38,1418476
9478,1418542,101,1418643
9479,1418739,99,1418838
9480,1419024,9,1419033
9481,1419035,21,1419056
9482,1419165,14,1419179
9483,1419263,94,1419357
9484,1419373,11,1419384
9485,1419443,42,1419485
9486,1419531,145,1419676
9487,1419692,9,1419701
9488,1419967,3,1419970
9489,1420288,27,1420315
9490,1420357,37,1420394
9491,1420407,16,1420423
9492,1420505,32,1420537
9493,1420618,47,1420665
9494,1420834,28,1420862
9495,1421002,21,1421023
9496,1421207,36,1421243
9497,1421245,46,1421291
9498,1421293,92,1421385
9499,1421386,52,1421438
9500,1421499,33,1421532
9501,1421565,60,1421625
9502,1421707,6,1421713
9503,1421844,36,1421880
9504,1422073,57,1422130
9505,1422192,33,1422225
9506,1422310,22,1422332
9507,1422557,34,1422591
9508,1422704,40,1422744
9509,1423119,20,1423139
9510,1423166,82,1423248
9511,1423299,1,1423300
9512,1423459,42,1423501
9513,1423641,6,1423647
9514,1423870,60,1423930
9515,1423989,44,1424033
9516,1424053,144,1424197
9517,1424283,29,1424312
9518,1424416,21,1424437
9519,1424461,59,1424520
9520,1424614,7,1424621
9521,1424668,31,1424699
9522,1424916,59,1424975
9523,1425049,4,1425053
9524,1425159,6,1425165
9525,1425174,7,1425181
9526,1425203,36,1425239
9527,1425322,69,1425391
9528,1425483,21,1425504
9529,1425514,8,1425522
9530,1425660,37,1425697
9531,1425790,19,1425809
9532,1425911,102,1426013
9533,1426027,19,1426046
9534,1426069,21,1426090
9535,1426254,19,1426273
9536,1426308,87,1426395
9537,1426700,31,1426731
9538,1426779,79,1426858
9539,1426916,176,1427092
9540,1427141,54,1427195
9541,1427250,3,1427253
9542,1427286,15,1427301
9543,1427369,2,1427371
9544,1427389,12,1427401
9545,1427498,53,1427551
9546,1427649,120,1427769
9547,1428176,36,1428212
9548,1428249,22,1428271
9549,1428286,97,1428383
9550,1428414,13,1428427
9551,1428605,27,1428632
9552,1428803,150,1428953
9553,1429002,13,1429015
9554,1429017,23,1429040
9555,1429048,2,1429050
9556,1429070,80,1429150
9557,1429215,35,1429250
9558,1429476,45,1429521
9559,1429542,2,1429544
9560,1429565,35,1429600
9561,1429726,62,1429788
9562,1429799,57,1429856
9563,1429876,119,1429995
9564,1430047,32,1430079
9565,1430213,33,1430246
9566,1430301,11,1430312
9567,1430327,1,1430328
9568,1430341,105,1430446
9569,1430489,4,1430493
9570,1430551,10,1430561
9571,1430564,28,1430592
9572,1430612,15,1430627
9573,1430680,15,1430695
9574,1430696,26,1430722
9575,1430724,58,1430782
9576,1430942,77,1431019
9577,1431068,61,1431129
9578,1431155,12,1431167
9579,1431197,27,1431224
9580,1431597,31,1431628
9581,1431715,124,1431839
9582,1431912,52,1431964
9583,1432019,143,1432162
9584,1432203,137,1432340
9585,1432389,10,1432399
9586,1432529,65,1432594
9587,1432602,12,1432614
9588,1432729,39,1432768
9589,1432804,53,1432857
9590,1433106,5,1433111
9591,1433213,8,1433221
9592,1433304,51,1433355
9593,1433442,74,1433516
9594,1433637,56,1433693
9595,1433761,80,1433841
9596,1433849,20,1433869
9597,1434468,24,1434492
9598,1434761,35,1434796
9599,1434857,2,1434859
9600,1434861,4,1434865
9601,1434920,14,1434934
9602,1435379,62,1435441
9603,1435508,163,1435671
9604,1435846,53,1435899
9605,1435982,5,1435987
9606,1436010,13,1436023
9607,1436426,78,1436504
9608,1436534,22,1436556
9609,1436560,81,1436641
9610,1436756,102,1436858
9611,1436889,8,1436897
9612,1436917,3,1436920
9613,1437015,8,1437023
9614,1437093,50,1437143
9615,1437344,5,1437349
9616,1437393,215,1437608
9617,1437656,37,1437693
9618,1437776,38,1437814
9619,1437883,55,1437938
9620,1438122,38,1438160
9621,1438213,16,1438229
9622,1438265,125,1438390
9623,1438550,3,1438553
9624,1438574,1,1438575
9625,1438597,34,1438631
9626,1438637,53,1438690
9627,1438726,12,1438738
9628,1438818,31,1438849
9629,1439062,43,1439105
9630,1439147,43,1439190
9631,1439201,27,1439228
9632,1439300,48,1439348
9633,1439413,47,1439460
9634,1439506,86,1439592
9635,1439619,4,1439623
9636,1439649,12,1439661
9637,1439691,43,1439734
9638,1439900,105,1440005
9639,1440059,3,1440062
9640,1440284,6,1440290
9641,1440386,48,1440434
9642,1440501,32,1440533
9643,1440548,27,1440575
9644,1440599,17,1440616
9645,1440639,117,1440756
9646,1440775,98,1440873
9647,1441007,199,1441206
9648,1441454,32,1441486
9649,1441489,66,1441555
9650,1441723,4,1441727
9651,1441751,10,1441761
9652,1441814,6,1441820
9653,1441821,13,1441834
9654,1441925,37,1441962
9655,1442046,35,1442081
9656,1442099,84,1442183
9657,1442258,67,1442325
9658,1442334,165,1442499
9659,1442724,32,1442756
9660,1442814,1,1442815
9661,1442817,23,1442840
9662,1443197,47,1443244
9663,1443394,10,1443404
9664,1443463,75,1443538
9665,1443599,204,1443803
9666,1443891,87,1443978
9667,1443983,45,1444028
9668,1444052,42,1444094
9669,1444216,4,1444220
9670,1444331,38,1444369
9671,1444390,68,1444458
9672,1444727,26,1444753
9673,1444759,8,1444767
9674,1444773,19,1444792
9675,1444828,107,1444935
9676,1445357,32,1445389
9677,1445685,2,1445687
9678,1445722,40,1445762
9679,1445897,13,1445910
9680,1446026,53,1446079
9681,1446240,43,1446283
9682,1446319,21,1446340
9683,1446365,21,1446386
9684,1446450,17,1446467
9685,1446470,34,1446504
9686,1446520,24,1446544
9687,1446673,10,1446683
9688,1446832,2,1446834
9689,1446859,26,1446885
9690,1446987,40,1447027
9691,1447174,90,1447264
9692,1447389,61,1447450
9693,1447482,41,1447523
9694,1447994,20,1448014
9695,1448039,4,1448043
9696,1448141,205,1448346
9697,1448406,125,1448531
9698,1448674,17,1448691
9699,1448745,38,1448783
9700,1449066,88,1449154
9701,1449213,6,1449219
9702,1449260,8,1449268
9703,1449303,17,1449320
9704,1449366,25,1449391
9705,1449407,47,1449454
9706,1449488,4,1449492
9707,1449501,37,1449538
9708,1449546,26,1449572
9709,1449649,20,1449669
9710,1449696,14,1449710
9711,1449823,12,1449835
9712,1450101,48,1450149
9713,1450270,61,1450331
9714,1450475,6,1450481
9715,1450545,6,1450551
9716,1450603,46,1450649
9717,1450727,52,1450779
9718,1450934,1,1450935
9719,1451002,73,1451075
9720,1451230,10,1451240
9721,1451283,36,1451319
9722,1451329,95,1451424
9723,1451522,47,1451569
9724,1451689,9,1451698
9725,1451708,140,1451848
9726,1451883,15,1451898
9727,1452114,111,1452225
9728,1452378,136,1452514
9729,1452528,78,1452606
9730,1452653,75,1452728
9731,1452743,54,1452797
9732,1452960,64,1453024
9733,1453256,35,1453291
9734,1453357,36,1453393
9735,1453468,19,1453487
9736,1453511,34,1453545
9737,1453574,81,1453655
9738,1453758,42,1453800
9739,1453831,26,1453857
9740,1454088,44,1454132
9741,1454133,43,1454176
9742,1454224,98,1454322
9743,1454402,124,1454526
9744,1454653,138,1454791
9745,1454872,18,1454890
9746,1454911,6,1454917
9747,1454928,10,1454938
9748,1454948,35,1454983
9749,1455023,26,1455049
9750,1455073,1,1455074
9751,1455215,141,1455356
9752,1455542,77,1455619
9753,1455649,51,1455700
9754,1455761,26,1455787
9755,1455807,129,1455936
9756,1455964,29,1455993
9757,1456139,10,1456149
9758,1456152,9,1456161
9759,1456298,22,1456320
9760,1456367,10,1456377
9761,1456484,33,1456517
9762,1456604,11,1456615
9763,1456724,38,1456762
9764,1457029,21,1457050
9765,1457077,84,1457161
9766,1457294,34,1457328
9767,1457602,14,1457616
9768,1457955,28,1457983
9769,1458141,43,1458184
9770,1458214,52,1458266
9771,1458273,85,1458358
9772,1458382,41,1458423
9773,1458455,87,1458542
9774,1458763,9,1458772
9775,1458803,156,1458959
9776,1459041,37,1459078
9777,1459160,3,1459163
9778,1459181,31,1459212
9779,1459374,28,1459402
9780,1459488,48,1459536
9781,1459545,19,1459564
9782,1459875,24,1459899
9783,1460165,33,1460198
9784,1460212,13,1460225
9785,1460240,6,1460246
9786,1460284,16,1460300
9787,1460324,68,1460392
9788,1460521,116,1460637
9789,1460677,51,1460728
9790,1460731,44,1460775
9791,1460945,32,1460977
9792,1460978,135,1461113
9793,1461140,7,1461147
9794,1461362,34,1461396
9795,1461433,114,1461547
9796,1461550,119,1461669
9797,1461729,64,1461793
9798,1461813,36,1461849
9799,1461974,11,1461985
9800,1462013,9,1462022
9801,1462209,25,1462234
9802,1462278,8,1462286
9803,1462355,28,1462383
9804,1462620,113,1462733
9805,1462802,93,1462895
9806,1462945,24,1462969
9807,1463296,205,1463501
9808,1463533,38,1463571
9809,1463626,59,1463685
9810,1463702,133,1463835
9811,1463878,6,1463884
9812,1463885,70,1463955
9813,1464015,126,1464141
9814,1464199,29,1464228
9815,1464348,23,1464371
9816,1464372,51,1464423
9817,1464545,19,1464564
9818,1464649,9,1464658
9819,1464790,74,1464864
9820,1464880,14,1464894
9821,1465328,62,1465390
9822,1465428,41,1465469
9823,1465495,3,1465498
9824,1465728,443,1466171
9825,1466293,14,1466307
9826,1466476,75,1466551
9827,1466627,78,1466705
9828,1466720,21,1466741
9829,1466774,71,1466845
9830,1466929,85,1467014
9831,1467112,96,1467208
9832,1467492,2,1467494
9833,1467916,11,1467927
9834,1468127,6,1468133
9835,1468311,26,1468337
9836,1468425,2,1468427
9837,1468552,37,1468589
9838,1468798,4,1468802
9839,1468811,71,1468882
9840,1469086,22,1469108
9841,1469134,64,1469198
9842,1469565,16,1469581
9843,1469746,55,1469801
9844,1469964,2,1469966
9845,1470168,5,1470173
9846,1470238,69,1470307
9847,1470353,18,1470371
9848,1470442,69,1470511
9849,1470518,4,1470522
9850,1470538,11,1470549
9851,1470591,12,1470603
9852,1470606,10,1470616
9853,1470643,3,1470646
9854,1470761,33,1470794
9855,1471269,3,1471272
9856,1471419,49,1471468
9857,1471680,28,1471708
9858,1471740,10,1471750
9859,1471752,12,1471764
9860,1471829,109,1471938
9861,1472100,68,1472168
9862,1472258,20,1472278
9863,1472310,21,1472331
9864,1472374,5,1472379
9865,1472481,17,1472498
9866,1472648,35,1472683
9867,1472836,36,1472872
9868,1473049,39,1473088
9869,1473188,47,1473235
9870,1473304,39,1473343
9871,1473439,19,1473458
9872,1473460,40,1473500
9873,1473526,43,1473569
9874,1473679,1,1473680
9875,1473791,9,1473800
9876,1473821,46,1473867
9877,1474165,30,1474195
9878,1474260,95,1474355
9879,1474424,10,1474434
9880,1474441,3,1474444
9881,1474667,26,1474693
9882,1474703,35,1474738
9883,1474739,13,1474752
9884,1474817,28,1474845
9885,1474990,31,1475021
9886,1475038,168,1475206
9887,1475364,19,1475383
9888,1475396,69,1475465
9889,1475690,52,1475742
9890,1475889,44,1475933
9891,1475968,99,1476067
9892,1476083,165,1476248
9893,1476313,49,1476362
9894,1476533,43,1476576
9895,1476591,194,1476785
9896,1476832,45,1476877
9897,1477138,22,1477160
9898,1477227,50,1477277
9899,1477390,40,1477430
9900,1477730,122,1477852
9901,1477984,5,1477989
9902,1478050,44,1478094
9903,1478110,136,1478246
9904,1478252,19,1478271
9905,1478416,57,1478473
9906,1478505,137,1478642
9907,1478733,139,1478872
9908,1478967,26,1478993
9909,1479148,78,1479226
9910,1479240,34,1479274
9911,1479395,11,1479406
9912,1479448,19,1479467
9913,1479567,221,1479788
9914,1479839,23,1479862
9915,1480012,152,1480164
9916,1480303,50,1480353
9917,1480390,8,1480398
9918,1480469,4,1480473
9919,1480502,53,1480555
9920,1480651,29,1480680
9921,1480708,40,1480748
9922,1480782,35,1480817
9923,1480922,35,1480957
9924,1481004,49,1481053
9925,1481066,139,1481205
9926,1481380,12,1481392
9927,1481425,5,1481430
9928,1481447,132,1481579
9929,1481596,19,1481615
9930,1481976,123,1482099
9931,1482144,73,1482217
9932,1482301,14,1482315
9933,1482591,69,1482660
9934,1482937,63,1483000
9935,1483087,63,1483150
9936,1483456,15,1483471
9937,1483535,6,1483541
9938,1483565,17,1483582
9939,1483622,141,1483763
9940,1483848,43,1483891
9941,1483926,25,1483951
9942,1483956,75,1484031
9943,1484041,55,1484096
9944,1484327,7,1484334
9945,1484877,3,1484880
9946,1485256,29,1485285
9947,1485375,69,1485444
9948,1485456,52,1485508
9949,1485774,93,1485867
9950,1485873,88,1485961
9951,1486039,11,1486050
9952,1486104,20,1486124
9953,1486157,24,1486181
9954,1486260,14,1486274
9955,1486280,45,1486325
9956,1486686,8,1486694
9957,1486760,8,1486768
9958,1486951,4,1486955
9959,1487156,45,1487201
9960,1487305,18,1487323
9961,1487449,47,1487496
9962,1487510,62,1487572
9963,1487626,23,1487649
9964,1487811,9,1487820
9965,1487886,62,1487948
9966,1488118,133,1488251
9967,1488330,248,1488578
9968,1488719,5,1488724
9969,1488817,43,1488860
9970,1488901,94,1488995
9971,1489190,4,1489194
9972,1489435,35,1489470
9973,1489655,6,1489661
9974,1489714,61,1489775
9975,1489867,10,1489877
9976,1489995,11,1490006
9977,1490100,138,1490238
9978,1490336,56,1490392
9979,1490706,18,1490724
9980,1490802,102,1490904
9981,1490915,99,1491014
9982,1491373,50,1491423
9983,1491519,81,1491600
9984,1491663,96,1491759
9985,1491847,90,1491937
9986,1492044,70,1492114
9987,1492600,65,1492665
9988,1492731,65,1492796
9989,1492984,48,1493032
9990,1493251,10,1493261
9991,1493654,102,1493756
9992,1493774,22,1493796
9993,1493867,53,1493920
9994,1494070,57,1494127
9995,1494304,13,1494317
9996,1494400,52,1494452
9997,1494464,16,1494480
9998,1494528,55,1494583
9999,1494628,85,1494713
10000,1494742,4,1494746
10001,1494814,4,1494818
10002,1494977,76,1495053
10003,1495087,73,1495160
10004,1495316,85,1495401
10005,1495602,15,1495617
10006,1496188,4,1496192
10007,1496408,40,1496448
10008,1496511,2,1496513
10009,1496538,22,1496560
10010,1496821,2,1496823
10011,1496929,86,1497015
10012,1497044,103,1497147
10013,1497148,75,1497223
10014,1497241,20,1497261
10015,1497345,74,1497419
10016,1497491,30,1497521
10017,1497591,49,1497640
10018,1497664,20,1497684
10019,1497888,21,1497909
10020,1497938,163,1498101
10021,1498246,82,1498328
10022,1498381,28,1498409
10023,1498559,99,1498658
10024,1498731,18,1498749
10025,1498769,36,1498805
10026,1498820,19,1498839
10027,1499459,27,1499486
10028,1499556,16,1499572
10029,1499610,57,1499667
10030,1499825,20,1499845
10031,1499979,14,1499993
