,Start,Duration,End
0,52,30,82
1,134,68,202
2,304,31,335
3,384,81,465
4,555,45,600
5,807,19,826
6,832,12,844
7,875,2,877
8,1023,55,1078
9,1103,69,1172
10,1434,77,1511
11,1656,19,1675
12,1723,26,1749
13,2113,21,2134
14,2323,7,2330
15,2333,133,2466
16,2651,94,2745
17,2754,62,2816
18,2835,22,2857
19,2863,40,2903
20,2956,28,2984
21,2993,12,3005
22,3099,147,3246
23,3491,1,3492
24,3552,28,3580
25,3839,174,4013
26,4097,2,4099
27,4255,29,4284
28,4380,53,4433
29,4574,65,4639
30,4683,51,4734
31,4863,16,4879
32,4903,28,4931
33,5039,55,5094
34,5101,8,5109
35,5145,69,5214
36,5333,62,5395
37,5456,5,5461
38,5513,58,5571
39,5755,16,5771
40,5807,91,5898
41,6119,9,6128
42,6160,3,6163
43,6192,16,6208
44,6253,124,6377
45,6527,14,6541
46,6575,137,6712
47,6862,20,6882
48,6894,19,6913
49,7108,46,7154
50,7676,24,7700
51,7825,5,7830
52,7838,73,7911
53,7952,7,7959
54,8020,56,8076
55,8192,1,8193
56,8275,5,8280
57,8632,18,8650
58,8767,39,8806
59,8979,7,8986
60,9013,4,9017
61,9037,22,9059
62,9133,57,9190
63,9223,84,9307
64,9485,23,9508
65,9622,28,9650
66,9798,11,9809
67,9944,6,9950
68,10366,46,10412
69,10430,9,10439
70,10484,11,10495
71,10499,12,10511
72,10603,29,10632
73,10645,41,10686
74,10883,29,10912
75,10917,51,10968
76,11010,1,11011
77,11093,133,11226
78,11280,43,11323
79,11527,3,11530
80,11615,22,11637
81,11669,16,11685
82,11690,50,11740
83,11760,68,11828
84,11863,18,11881
85,11907,27,11934
86,12020,156,12176
87,12248,163,12411
88,12667,2,12669
89,12761,106,12867
90,12926,88,13014
91,13237,164,13401
92,13406,26,13432
93,13524,165,13689
94,13693,95,13788
95,13877,88,13965
96,13967,16,13983
97,14008,3,14011
98,14047,4,14051
99,14052,1,14053
100,14193,163,14356
101,14448,16,14464
102,14502,77,14579
103,14655,9,14664
104,14718,6,14724
105,15043,29,15072
106,15159,26,15185
107,15247,17,15264
108,15368,24,15392
109,15452,187,15639
110,15809,82,15891
111,16021,7,16028
112,16216,1,16217
113,16277,7,16284
114,16295,23,16318
115,16462,131,16593
116,16647,58,16705
117,16717,47,16764
118,16982,77,17059
119,17195,2,17197
120,17226,95,17321
121,17389,40,17429
122,17537,13,17550
123,17691,81,17772
124,17882,181,18063
125,18084,54,18138
126,18145,26,18171
127,18277,51,18328
128,18404,67,18471
129,18518,7,18525
130,18616,76,18692
131,18777,51,18828
132,19006,25,19031
133,19194,28,19222
134,19240,9,19249
135,19445,2,19447
136,19469,47,19516
137,19712,5,19717
138,19756,11,19767
139,19958,11,19969
140,20012,71,20083
141,20109,39,20148
142,20206,7,20213
143,20228,42,20270
144,20331,82,20413
145,20596,125,20721
146,20942,97,21039
147,21108,11,21119
148,21159,52,21211
149,21296,47,21343
150,21390,7,21397
151,21508,21,21529
152,21553,8,21561
153,21570,16,21586
154,21776,26,21802
155,21829,106,21935
156,22102,93,22195
157,22460,9,22469
158,22731,82,22813
159,22934,46,22980
160,22987,100,23087
161,23234,8,23242
162,23277,27,23304
163,23319,23,23342
164,23470,11,23481
165,23501,14,23515
166,23588,22,23610
167,23694,26,23720
168,23846,19,23865
169,23898,50,23948
170,24094,41,24135
171,24183,55,24238
172,24242,92,24334
173,24342,38,24380
174,24714,75,24789
175,24903,8,24911
176,24913,77,24990
177,25159,3,25162
178,25181,45,25226
179,25271,3,25274
180,25300,46,25346
181,25368,19,25387
182,25413,9,25422
183,25548,25,25573
184,25589,30,25619
185,25668,42,25710
186,25830,78,25908
187,25937,95,26032
188,26073,29,26102
189,26113,43,26156
190,26182,304,26486
191,26511,73,26584
192,26620,68,26688
193,26744,67,26811
194,26912,17,26929
195,27067,28,27095
196,27107,80,27187
197,27245,27,27272
198,27304,95,27399
199,27433,8,27441
200,27444,82,27526
201,27722,174,27896
202,27943,60,28003
203,28076,42,28118
204,28155,53,28208
205,28257,43,28300
206,28356,7,28363
207,28583,2,28585
208,28670,37,28707
209,28979,19,28998
210,29153,50,29203
211,29208,21,29229
212,29269,5,29274
213,29364,46,29410
214,29432,19,29451
215,29455,5,29460
216,29599,37,29636
217,29685,57,29742
218,29769,73,29842
219,29973,30,30003
220,30040,10,30050
221,30090,22,30112
222,30141,4,30145
223,30160,3,30163
224,30269,1,30270
225,30290,19,30309
226,30321,13,30334
227,30405,180,30585
228,30610,26,30636
229,30661,57,30718
230,30748,39,30787
231,30806,38,30844
232,30848,80,30928
233,31008,192,31200
234,31360,60,31420
235,31426,3,31429
236,31472,63,31535
237,31681,71,31752
238,31785,25,31810
239,31957,56,32013
240,32081,14,32095
241,32178,6,32184
242,32223,39,32262
243,32319,115,32434
244,32510,47,32557
245,32604,92,32696
246,32881,60,32941
247,33042,65,33107
248,33130,18,33148
249,33258,129,33387
250,33393,15,33408
251,33519,107,33626
252,33805,35,33840
253,33850,169,34019
254,34057,44,34101
255,34218,50,34268
256,34291,62,34353
257,34378,27,34405
258,34489,16,34505
259,34600,34,34634
260,34653,36,34689
261,34788,2,34790
262,34835,51,34886
263,35037,10,35047
264,35086,22,35108
265,35207,33,35240
266,35271,124,35395
267,35489,186,35675
268,35764,107,35871
269,35923,4,35927
270,35989,13,36002
271,36073,46,36119
272,36141,70,36211
273,36450,136,36586
274,36597,29,36626
275,36728,39,36767
276,36842,17,36859
277,36992,17,37009
278,37118,32,37150
279,37268,33,37301
280,37357,48,37405
281,37701,72,37773
282,37785,38,37823
283,37880,45,37925
284,37958,9,37967
285,38067,179,38246
286,38384,5,38389
287,38393,37,38430
288,38493,1,38494
289,38514,20,38534
290,38604,4,38608
291,38759,30,38789
292,38798,54,38852
293,39011,37,39048
294,39086,2,39088
295,39106,33,39139
296,39184,28,39212
297,39372,69,39441
298,39483,44,39527
299,39700,61,39761
300,39790,59,39849
301,39881,21,39902
302,40000,1,40001
303,40026,173,40199
304,40223,16,40239
305,40448,116,40564
306,40598,46,40644
307,40651,18,40669
308,40881,30,40911
309,40975,126,41101
310,41118,25,41143
311,41326,15,41341
312,41346,46,41392
313,41421,3,41424
314,41438,141,41579
315,41671,7,41678
316,42001,13,42014
317,42221,66,42287
318,42310,34,42344
319,42405,68,42473
320,42540,28,42568
321,42589,29,42618
322,42699,50,42749
323,42870,75,42945
324,42967,26,42993
325,43035,19,43054
326,43062,35,43097
327,43224,10,43234
328,43246,5,43251
329,43308,102,43410
330,43568,12,43580
331,43739,137,43876
332,44008,36,44044
333,44213,139,44352
334,44406,198,44604
335,44606,89,44695
336,44918,15,44933
337,44993,54,45047
338,45149,38,45187
339,45188,173,45361
340,45532,10,45542
341,45591,26,45617
342,45715,86,45801
343,45964,50,46014
344,46089,19,46108
345,46418,60,46478
346,46648,11,46659
347,46815,52,46867
348,46939,33,46972
349,47074,3,47077
350,47087,117,47204
351,47300,9,47309
352,47328,117,47445
353,47465,36,47501
354,47615,147,47762
355,47945,94,48039
356,48102,30,48132
357,48166,9,48175
358,48176,35,48211
359,48284,15,48299
360,48330,9,48339
361,48440,86,48526
362,48538,44,48582
363,48773,17,48790
364,48951,34,48985
365,49275,28,49303
366,49378,118,49496
367,49799,80,49879
368,49956,40,49996
369,49999,227,50226
370,50351,33,50384
371,50412,118,50530
372,50547,140,50687
373,50800,56,50856
374,50917,35,50952
375,50992,34,51026
376,51077,47,51124
377,51177,57,51234
378,51241,6,51247
379,51472,6,51478
380,51669,33,51702
381,51787,127,51914
382,51967,37,52004
383,52011,53,52064
384,52108,1,52109
385,52114,40,52154
386,52157,1,52158
387,52225,18,52243
388,52385,16,52401
389,52900,162,53062
390,53507,4,53511
391,53623,9,53632
392,53636,42,53678
393,53722,92,53814
394,53905,129,54034
395,54104,89,54193
396,54279,7,54286
397,54309,38,54347
398,54485,27,54512
399,54515,24,54539
400,54555,33,54588
401,54786,3,54789
402,54844,229,55073
403,55118,41,55159
404,55172,43,55215
405,55456,156,55612
406,55658,33,55691
407,55709,3,55712
408,55720,41,55761
409,56032,27,56059
410,56236,5,56241
411,56283,81,56364
412,56552,20,56572
413,56624,36,56660
414,56772,97,56869
415,56894,23,56917
416,56992,7,56999
417,57000,23,57023
418,57142,17,57159
419,57198,67,57265
420,57356,28,57384
421,57449,40,57489
422,57533,18,57551
423,57659,112,57771
424,57830,16,57846
425,57991,117,58108
426,58215,50,58265
427,58606,61,58667
428,58689,124,58813
429,58985,65,59050
430,59072,17,59089
431,59200,6,59206
432,59357,27,59384
433,59553,82,59635
434,59682,16,59698
435,59858,135,59993
436,60030,2,60032
437,60249,25,60274
438,60436,61,60497
439,60543,49,60592
440,60621,46,60667
441,60673,35,60708
442,61017,17,61034
443,61096,91,61187
444,61311,12,61323
445,61594,1,61595
446,61607,4,61611
447,61621,7,61628
448,61711,16,61727
449,61786,85,61871
450,62007,77,62084
451,62148,43,62191
452,62257,2,62259
453,62266,57,62323
454,62393,54,62447
455,62496,18,62514
456,62616,51,62667
457,62696,35,62731
458,62772,50,62822
459,62862,24,62886
460,62954,57,63011
461,63054,52,63106
462,63240,12,63252
463,63477,15,63492
464,63578,10,63588
465,63604,56,63660
466,64041,19,64060
467,64118,157,64275
468,64393,135,64528
469,64582,58,64640
470,64919,220,65139
471,65214,121,65335
472,65575,115,65690
473,65712,85,65797
474,65889,25,65914
475,65923,15,65938
476,65996,7,66003
477,66297,27,66324
478,66346,90,66436
479,66440,59,66499
480,66545,15,66560
481,66628,186,66814
482,66856,57,66913
483,66917,4,66921
484,66936,143,67079
485,67096,35,67131
486,67200,88,67288
487,67393,149,67542
488,67548,119,67667
489,67778,4,67782
490,67814,9,67823
491,68054,47,68101
492,68316,35,68351
493,68376,101,68477
494,68602,10,68612
495,68622,14,68636
496,68649,12,68661
497,68980,32,69012
498,69160,56,69216
499,69327,33,69360
500,69369,101,69470
501,69503,9,69512
502,69516,184,69700
503,69736,125,69861
504,69868,81,69949
505,70035,9,70044
506,70368,19,70387
507,70786,18,70804
508,70830,41,70871
509,70947,41,70988
510,71052,35,71087
511,71149,4,71153
512,71165,54,71219
513,71406,20,71426
514,71516,80,71596
515,71693,59,71752
516,71857,40,71897
517,72036,4,72040
518,72123,92,72215
519,72329,71,72400
520,72486,78,72564
521,72791,113,72904
522,72917,127,73044
523,73049,65,73114
524,73171,11,73182
525,73391,127,73518
526,73584,7,73591
527,73789,4,73793
528,73822,58,73880
529,73946,65,74011
530,74012,17,74029
531,74196,8,74204
532,74339,13,74352
533,74380,186,74566
534,74681,57,74738
535,74971,33,75004
536,75053,18,75071
537,75322,14,75336
538,75361,50,75411
539,75434,105,75539
540,75729,55,75784
541,75963,79,76042
542,76055,81,76136
543,76494,43,76537
544,76550,38,76588
545,76629,23,76652
546,76790,46,76836
547,76902,106,77008
548,77091,32,77123
549,77202,89,77291
550,77431,30,77461
551,77494,45,77539
552,77567,125,77692
553,78270,15,78285
554,78321,13,78334
555,78505,11,78516
556,78856,56,78912
557,78989,8,78997
558,79092,10,79102
559,79120,71,79191
560,79385,52,79437
561,79517,137,79654
562,79932,22,79954
563,79967,76,80043
564,80165,54,80219
565,80389,34,80423
566,80461,48,80509
567,80528,22,80550
568,80841,39,80880
569,81071,6,81077
570,81175,46,81221
571,81454,15,81469
572,81582,25,81607
573,81666,17,81683
574,81690,6,81696
575,81920,12,81932
576,82175,151,82326
577,82365,89,82454
578,82463,45,82508
579,82543,4,82547
580,82597,32,82629
581,82684,19,82703
582,82722,16,82738
583,82844,70,82914
584,82982,42,83024
585,83084,85,83169
586,83297,13,83310
587,83359,22,83381
588,83477,11,83488
589,83498,95,83593
590,83745,51,83796
591,83802,7,83809
592,84229,21,84250
593,84329,61,84390
594,84401,8,84409
595,84481,2,84483
596,84606,36,84642
597,84695,155,84850
598,84986,6,84992
599,85030,76,85106
600,85145,31,85176
601,85181,36,85217
602,85292,161,85453
603,85468,30,85498
604,85520,17,85537
605,85663,2,85665
606,85685,206,85891
607,86155,16,86171
608,86199,100,86299
609,86331,46,86377
610,86384,10,86394
611,86530,27,86557
612,86763,29,86792
613,86846,22,86868
614,86956,4,86960
615,87183,156,87339
616,87375,14,87389
617,87469,30,87499
618,87523,39,87562
619,87676,45,87721
620,87756,46,87802
621,87926,32,87958
622,88227,65,88292
623,88311,43,88354
624,88410,10,88420
625,88858,21,88879
626,89018,21,89039
627,89066,26,89092
628,89225,30,89255
629,89366,34,89400
630,89450,24,89474
631,89506,4,89510
632,89515,23,89538
633,89647,17,89664
634,89670,20,89690
635,89716,11,89727
636,89831,74,89905
637,90408,112,90520
638,90885,18,90903
639,90931,23,90954
640,91053,37,91090
641,91156,25,91181
642,91452,42,91494
643,91495,1,91496
644,91547,20,91567
645,91590,62,91652
646,91759,15,91774
647,91794,32,91826
648,91827,31,91858
649,91903,86,91989
650,92081,27,92108
651,92126,9,92135
652,92284,26,92310
653,92512,92,92604
654,92643,34,92677
655,92702,12,92714
656,92776,37,92813
657,92816,53,92869
658,93064,9,93073
659,93465,8,93473
660,93512,34,93546
661,93582,2,93584
662,93661,33,93694
663,94084,18,94102
664,94251,3,94254
665,94293,25,94318
666,94392,45,94437
667,94446,15,94461
668,94620,84,94704
669,94751,38,94789
670,94798,25,94823
671,94840,32,94872
672,94891,43,94934
673,95077,47,95124
674,95154,119,95273
675,95355,196,95551
676,95562,49,95611
677,95754,29,95783
678,95897,130,96027
679,96125,29,96154
680,96307,21,96328
681,96354,182,96536
682,96555,15,96570
683,96592,25,96617
684,96751,75,96826
685,96852,66,96918
686,96922,2,96924
687,97125,13,97138
688,97228,201,97429
689,97462,10,97472
690,97529,49,97578
691,97735,12,97747
692,97875,80,97955
693,98196,2,98198
694,98215,17,98232
695,98290,38,98328
696,98366,26,98392
697,98485,24,98509
698,98542,53,98595
699,98652,48,98700
700,98734,64,98798
701,98815,13,98828
702,98834,166,99000
703,99041,16,99057
704,99101,25,99126
705,99131,37,99168
706,99175,51,99226
707,99246,59,99305
708,99492,35,99527
709,99771,56,99827
710,100007,17,100024
711,100096,34,100130
712,100185,139,100324
713,100405,6,100411
714,100419,72,100491
715,100639,93,100732
716,100745,96,100841
717,100954,1,100955
718,101062,16,101078
719,101146,63,101209
720,101392,70,101462
721,101502,13,101515
722,101523,26,101549
723,101722,52,101774
724,101792,8,101800
725,101811,252,102063
726,102076,14,102090
727,102267,166,102433
728,102533,66,102599
729,102621,170,102791
730,102840,23,102863
731,102986,46,103032
732,103162,5,103167
733,103586,32,103618
734,103716,41,103757
735,103816,9,103825
736,103887,37,103924
737,103951,27,103978
738,104166,69,104235
739,104284,25,104309
740,104400,3,104403
741,104452,6,104458
742,104533,72,104605
743,104787,36,104823
744,104890,131,105021
745,105029,65,105094
746,105343,10,105353
747,105388,2,105390
748,105445,106,105551
749,105556,1,105557
750,105636,23,105659
751,105939,21,105960
752,105965,7,105972
753,106042,128,106170
754,106199,10,106209
755,106283,64,106347
756,106392,128,106520
757,106789,102,106891
758,107023,106,107129
759,107194,147,107341
760,107412,191,107603
761,107605,5,107610
762,107900,13,107913
763,108037,11,108048
764,108241,14,108255
765,108279,46,108325
766,108444,24,108468
767,108547,13,108560
768,108572,63,108635
769,108672,17,108689
770,108702,39,108741
771,108759,25,108784
772,108910,74,108984
773,109002,9,109011
774,109036,48,109084
775,109104,104,109208
776,109319,29,109348
777,109360,44,109404
778,109579,60,109639
779,109799,3,109802
780,109868,9,109877
781,109927,2,109929
782,109956,226,110182
783,110191,3,110194
784,110308,6,110314
785,110378,113,110491
786,110543,15,110558
787,110669,5,110674
788,110771,3,110774
789,110804,14,110818
790,111095,8,111103
791,111191,65,111256
792,111552,89,111641
793,111663,78,111741
794,111769,227,111996
795,112039,34,112073
796,112117,1,112118
797,112211,170,112381
798,112405,78,112483
799,112515,52,112567
800,112794,34,112828
801,112849,76,112925
802,113174,8,113182
803,113307,26,113333
804,113462,119,113581
805,113591,13,113604
806,113649,6,113655
807,113681,37,113718
808,113754,235,113989
809,114095,1,114096
810,114282,48,114330
811,114382,91,114473
812,115383,4,115387
813,115402,47,115449
814,115724,73,115797
815,115840,16,115856
816,115894,25,115919
817,115937,78,116015
818,116107,22,116129
819,116170,47,116217
820,116292,31,116323
821,116356,117,116473
822,116584,16,116600
823,116631,30,116661
824,116681,16,116697
825,116808,26,116834
826,116869,9,116878
827,117392,265,117657
828,118138,20,118158
829,118206,75,118281
830,118517,30,118547
831,118758,134,118892
832,118932,23,118955
833,119011,61,119072
834,119100,112,119212
835,119276,105,119381
836,119518,37,119555
837,119695,42,119737
838,119874,36,119910
839,120116,48,120164
840,120211,70,120281
841,120324,6,120330
842,120363,7,120370
843,120399,81,120480
844,120612,1,120613
845,120638,7,120645
846,120716,44,120760
847,120904,35,120939
848,121071,6,121077
849,121103,26,121129
850,121243,2,121245
851,121250,7,121257
852,121355,26,121381
853,121577,104,121681
854,121712,36,121748
855,121749,20,121769
856,121777,44,121821
857,121839,21,121860
858,121868,10,121878
859,121979,26,122005
860,122012,11,122023
861,122118,72,122190
862,122297,54,122351
863,122371,45,122416
864,122423,3,122426
865,122680,147,122827
866,122844,40,122884
867,122896,263,123159
868,123200,22,123222
869,123279,9,123288
870,123623,25,123648
871,123879,61,123940
872,123945,135,124080
873,124193,56,124249
874,124333,41,124374
875,124560,110,124670
876,124690,50,124740
877,124994,80,125074
878,125177,7,125184
879,125199,64,125263
880,125376,5,125381
881,125463,38,125501
882,125509,49,125558
883,125622,142,125764
884,125916,11,125927
885,125937,11,125948
886,126327,81,126408
887,126448,1,126449
888,126475,19,126494
889,126606,89,126695
890,126776,7,126783
891,126815,6,126821
892,126830,57,126887
893,126933,123,127056
894,127222,2,127224
895,127302,31,127333
896,127367,116,127483
897,127808,9,127817
898,128017,13,128030
899,128076,97,128173
900,128210,104,128314
901,128347,95,128442
902,128450,40,128490
903,128604,13,128617
904,128641,64,128705
905,128770,9,128779
906,128841,89,128930
907,129104,53,129157
908,129165,68,129233
909,129573,108,129681
910,129716,85,129801
911,129839,11,129850
912,129882,96,129978
913,130048,36,130084
914,130102,40,130142
915,130335,4,130339
916,130423,61,130484
917,130520,5,130525
918,130543,21,130564
919,130671,206,130877
920,130915,19,130934
921,131139,36,131175
922,131187,57,131244
923,131268,68,131336
924,131571,5,131576
925,131580,2,131582
926,131610,61,131671
927,131722,67,131789
928,131874,57,131931
929,131941,61,132002
930,132175,54,132229
931,132360,50,132410
932,132508,10,132518
933,132551,20,132571
934,132629,24,132653
935,132746,42,132788
936,133045,79,133124
937,133238,83,133321
938,133532,76,133608
939,133681,131,133812
940,133858,23,133881
941,133969,76,134045
942,134304,107,134411
943,134489,29,134518
944,134536,15,134551
945,134590,21,134611
946,134659,24,134683
947,134718,58,134776
948,135066,85,135151
949,135197,60,135257
950,135383,7,135390
951,135394,48,135442
952,135469,55,135524
953,135821,12,135833
954,135903,3,135906
955,136305,58,136363
956,136426,14,136440
957,136495,6,136501
958,136822,29,136851
959,136864,12,136876
960,137093,41,137134
961,137143,60,137203
962,137286,8,137294
963,137298,2,137300
964,137331,19,137350
965,137383,1,137384
966,137402,7,137409
967,137490,10,137500
968,137595,45,137640
969,137661,6,137667
970,137684,13,137697
971,137750,28,137778
972,137784,6,137790
973,137849,9,137858
974,138154,61,138215
975,138233,87,138320
976,138491,83,138574
977,138672,102,138774
978,138885,64,138949
979,139149,133,139282
980,139386,88,139474
981,139477,34,139511
982,139625,88,139713
983,139747,91,139838
984,139944,13,139957
985,140042,72,140114
986,140220,111,140331
987,140849,216,141065
988,141120,14,141134
989,141413,22,141435
990,141537,6,141543
991,141549,12,141561
992,141580,90,141670
993,141796,51,141847
994,141968,28,141996
995,142026,179,142205
996,142241,76,142317
997,142514,150,142664
998,142677,55,142732
999,142807,1,142808
1000,142868,67,142935
1001,142979,56,143035
1002,143146,61,143207
1003,143226,3,143229
1004,143293,122,143415
1005,143461,50,143511
1006,143526,26,143552
1007,143582,116,143698
1008,143714,5,143719
1009,143795,16,143811
1010,143946,20,143966
1011,143997,28,144025
1012,144200,19,144219
1013,144236,40,144276
1014,144305,31,144336
1015,144360,22,144382
1016,144423,87,144510
1017,144647,4,144651
1018,144787,14,144801
1019,144804,107,144911
1020,145102,7,145109
1021,145231,14,145245
1022,145339,22,145361
1023,145389,62,145451
1024,145533,9,145542
1025,145570,70,145640
1026,145666,9,145675
1027,145688,27,145715
1028,146148,43,146191
1029,146345,26,146371
1030,146735,67,146802
1031,146856,1,146857
1032,146979,42,147021
1033,147092,133,147225
1034,147361,138,147499
1035,147522,72,147594
1036,147726,4,147730
1037,147764,8,147772
1038,148009,49,148058
1039,148242,29,148271
1040,148329,23,148352
1041,148416,18,148434
1042,148551,80,148631
1043,148633,77,148710
1044,148958,14,148972
1045,149191,96,149287
1046,149307,46,149353
1047,149362,102,149464
1048,149491,84,149575
1049,149620,63,149683
1050,149721,53,149774
1051,149879,33,149912
1052,150491,5,150496
1053,150800,102,150902
1054,150911,212,151123
1055,151168,14,151182
1056,151459,154,151613
1057,151637,54,151691
1058,151740,19,151759
1059,151760,4,151764
1060,151840,67,151907
1061,152228,197,152425
1062,152759,163,152922
1063,152934,11,152945
1064,153073,40,153113
1065,153131,105,153236
1066,153441,19,153460
1067,153464,9,153473
1068,153595,32,153627
1069,153669,6,153675
1070,153693,41,153734
1071,153844,108,153952
1072,153965,150,154115
1073,154608,87,154695
1074,154818,37,154855
1075,154932,58,154990
1076,155030,21,155051
1077,155133,4,155137
1078,155152,78,155230
1079,155236,134,155370
1080,155399,143,155542
1081,155554,7,155561
1082,155606,136,155742
1083,155826,79,155905
1084,155976,100,156076
1085,156124,1,156125
1086,156346,34,156380
1087,156397,10,156407
1088,156518,34,156552
1089,156676,107,156783
1090,156817,70,156887
1091,156893,69,156962
1092,156971,20,156991
1093,157006,17,157023
1094,157145,60,157205
1095,157241,110,157351
1096,157425,12,157437
1097,157492,27,157519
1098,157677,118,157795
1099,157881,10,157891
1100,158024,134,158158
1101,158629,94,158723
1102,158775,102,158877
1103,158896,114,159010
1104,159174,8,159182
1105,159353,17,159370
1106,159467,25,159492
1107,159493,30,159523
1108,159576,8,159584
1109,159692,61,159753
1110,160061,104,160165
1111,160217,47,160264
1112,160281,66,160347
1113,160445,22,160467
1114,160512,168,160680
1115,160810,24,160834
1116,160949,19,160968
1117,161047,9,161056
1118,161066,118,161184
1119,161261,24,161285
1120,161296,19,161315
1121,161404,129,161533
1122,161625,44,161669
1123,161874,15,161889
1124,161911,3,161914
1125,161927,15,161942
1126,162013,34,162047
1127,162124,8,162132
1128,162280,59,162339
1129,162596,93,162689
1130,162703,17,162720
1131,162765,31,162796
1132,162820,18,162838
1133,162980,18,162998
1134,163066,111,163177
1135,163262,145,163407
1136,163492,154,163646
1137,164110,17,164127
1138,164509,8,164517
1139,164654,83,164737
1140,164822,64,164886
1141,164963,91,165054
1142,165230,23,165253
1143,165293,120,165413
1144,165473,68,165541
1145,165706,10,165716
1146,165753,46,165799
1147,166210,36,166246
1148,166304,67,166371
1149,166396,38,166434
1150,166490,143,166633
1151,166696,6,166702
1152,166705,70,166775
1153,166951,52,167003
1154,167239,116,167355
1155,167362,21,167383
1156,167422,149,167571
1157,167626,10,167636
1158,167650,15,167665
1159,167741,27,167768
1160,167866,70,167936
1161,168140,11,168151
1162,168369,19,168388
1163,168521,102,168623
1164,169018,30,169048
1165,169097,5,169102
1166,169239,19,169258
1167,169323,51,169374
1168,169416,11,169427
1169,169725,35,169760
1170,170073,53,170126
1171,170333,42,170375
1172,170401,4,170405
1173,170560,16,170576
1174,170603,81,170684
1175,170696,6,170702
1176,170833,24,170857
1177,170897,68,170965
1178,171215,5,171220
1179,171264,85,171349
1180,171358,11,171369
1181,171376,164,171540
1182,171591,11,171602
1183,171825,20,171845
1184,171906,2,171908
1185,172137,76,172213
1186,172338,9,172347
1187,172358,23,172381
1188,172475,62,172537
1189,172579,17,172596
1190,172620,60,172680
1191,172689,26,172715
1192,172736,20,172756
1193,172758,14,172772
1194,172780,72,172852
1195,172869,32,172901
1196,173040,4,173044
1197,173210,8,173218
1198,173369,56,173425
1199,173442,1,173443
1200,173468,26,173494
1201,173586,109,173695
1202,173726,68,173794
1203,173816,43,173859
1204,173868,10,173878
1205,173972,69,174041
1206,174143,38,174181
1207,174290,32,174322
1208,174369,40,174409
1209,174542,15,174557
1210,174599,12,174611
1211,174634,18,174652
1212,174859,28,174887
1213,174915,21,174936
1214,175027,224,175251
1215,175473,7,175480
1216,175694,8,175702
1217,175780,21,175801
1218,175832,36,175868
1219,175919,8,175927
1220,176088,30,176118
1221,176277,77,176354
1222,176383,6,176389
1223,176434,21,176455
1224,176494,80,176574
1225,176584,130,176714
1226,176756,7,176763
1227,176978,272,177250
1228,177626,68,177694
1229,177703,19,177722
1230,177761,64,177825
1231,177849,161,178010
1232,178130,177,178307
1233,178336,48,178384
1234,178423,48,178471
1235,178532,144,178676
1236,178734,31,178765
1237,178963,95,179058
1238,179121,298,179419
1239,179439,15,179454
1240,179588,6,179594
1241,179720,40,179760
1242,179790,32,179822
1243,179844,31,179875
1244,179971,9,179980
1245,179994,3,179997
1246,180132,95,180227
1247,180240,158,180398
1248,180426,3,180429
1249,180579,6,180585
1250,180678,19,180697
1251,180708,10,180718
1252,180809,9,180818
1253,180861,202,181063
1254,181191,22,181213
1255,181244,60,181304
1256,181472,62,181534
1257,181638,8,181646
1258,181770,58,181828
1259,181972,36,182008
1260,182037,290,182327
1261,182356,57,182413
1262,182774,67,182841
1263,183055,28,183083
1264,183438,111,183549
1265,183894,29,183923
1266,183963,17,183980
1267,184364,62,184426
1268,184693,95,184788
1269,184989,92,185081
1270,185177,5,185182
1271,185341,17,185358
1272,185384,40,185424
1273,185435,10,185445
1274,185461,10,185471
1275,185535,72,185607
1276,185812,30,185842
1277,185851,102,185953
1278,186014,7,186021
1279,186103,7,186110
1280,186128,4,186132
1281,186177,114,186291
1282,186321,15,186336
1283,186381,97,186478
1284,186798,47,186845
1285,186884,34,186918
1286,186992,20,187012
1287,187022,29,187051
1288,187114,49,187163
1289,187164,102,187266
1290,187379,17,187396
1291,187411,47,187458
1292,187564,1,187565
1293,187686,50,187736
1294,187859,25,187884
1295,188020,17,188037
1296,188089,36,188125
1297,188142,100,188242
1298,188555,46,188601
1299,188702,4,188706
1300,188800,14,188814
1301,188960,35,188995
1302,189179,172,189351
1303,189552,108,189660
1304,189661,70,189731
1305,189736,44,189780
1306,189799,27,189826
1307,189903,33,189936
1308,189955,10,189965
1309,190052,74,190126
1310,190208,5,190213
1311,190224,167,190391
1312,190467,6,190473
1313,190507,14,190521
1314,190573,26,190599
1315,190802,175,190977
1316,190978,14,190992
1317,191012,10,191022
1318,191376,9,191385
1319,191521,49,191570
1320,191580,28,191608
1321,191670,13,191683
1322,191752,12,191764
1323,191931,15,191946
1324,192242,5,192247
1325,192311,8,192319
1326,192472,46,192518
1327,192574,185,192759
1328,192824,63,192887
1329,193096,107,193203
1330,193262,112,193374
1331,193437,75,193512
1332,193630,28,193658
1333,193670,26,193696
1334,193770,145,193915
1335,193944,27,193971
1336,194050,17,194067
1337,194245,25,194270
1338,194668,4,194672
1339,194694,14,194708
1340,194767,135,194902
1341,194925,5,194930
1342,195033,13,195046
1343,195109,23,195132
1344,195378,52,195430
1345,195445,2,195447
1346,195579,34,195613
1347,195657,34,195691
1348,195761,16,195777
1349,195942,18,195960
1350,196169,83,196252
1351,196294,7,196301
1352,196320,23,196343
1353,196372,82,196454
1354,196697,13,196710
1355,196859,41,196900
1356,196996,43,197039
1357,197080,62,197142
1358,197209,7,197216
1359,197505,97,197602
1360,197662,172,197834
1361,197932,28,197960
1362,198150,116,198266
1363,198360,19,198379
1364,198380,191,198571
1365,198578,250,198828
1366,198859,40,198899
1367,198903,74,198977
1368,199013,9,199022
1369,199147,61,199208
1370,199220,3,199223
1371,199275,63,199338
1372,199340,73,199413
1373,199438,90,199528
1374,199546,93,199639
1375,199896,95,199991
1376,200068,36,200104
1377,200425,43,200468
1378,200522,9,200531
1379,200567,141,200708
1380,200721,41,200762
1381,200843,45,200888
1382,200961,100,201061
1383,201235,17,201252
1384,201276,42,201318
1385,201480,54,201534
1386,201661,29,201690
1387,201702,14,201716
1388,201731,84,201815
1389,201820,36,201856
1390,201878,9,201887
1391,201910,16,201926
1392,202020,66,202086
1393,202235,49,202284
1394,202436,54,202490
1395,202598,4,202602
1396,202725,14,202739
1397,202795,2,202797
1398,202820,102,202922
1399,203034,193,203227
1400,203295,49,203344
1401,203368,16,203384
1402,203517,60,203577
1403,203636,69,203705
1404,203751,6,203757
1405,204075,39,204114
1406,204237,14,204251
1407,204420,208,204628
1408,204891,16,204907
1409,204982,71,205053
1410,205234,9,205243
1411,205428,23,205451
1412,205508,70,205578
1413,205634,89,205723
1414,205779,84,205863
1415,205997,17,206014
1416,206061,94,206155
1417,206330,20,206350
1418,206467,43,206510
1419,206545,15,206560
1420,206580,12,206592
1421,206660,16,206676
1422,206753,31,206784
1423,206927,151,207078
1424,207174,24,207198
1425,207228,39,207267
1426,207464,57,207521
1427,207678,148,207826
1428,207869,2,207871
1429,207883,5,207888
1430,207951,2,207953
1431,208046,98,208144
1432,208219,32,208251
1433,208297,97,208394
1434,208452,50,208502
1435,208579,38,208617
1436,208640,103,208743
1437,208851,5,208856
1438,209126,73,209199
1439,209246,18,209264
1440,209266,3,209269
1441,209323,112,209435
1442,209479,4,209483
1443,209548,42,209590
1444,209639,22,209661
1445,209673,11,209684
1446,209703,23,209726
1447,209741,112,209853
1448,209867,26,209893
1449,210010,11,210021
1450,210066,60,210126
1451,210144,190,210334
1452,210416,77,210493
1453,210551,217,210768
1454,211038,21,211059
1455,211069,51,211120
1456,211333,1,211334
1457,211408,12,211420
1458,211555,67,211622
1459,211709,16,211725
1460,211745,15,211760
1461,211946,1,211947
1462,212017,51,212068
1463,212187,25,212212
1464,212383,69,212452
1465,212740,73,212813
1466,212909,20,212929
1467,213028,16,213044
1468,213153,15,213168
1469,213173,20,213193
1470,213228,98,213326
1471,213471,13,213484
1472,213534,101,213635
1473,213699,8,213707
1474,213764,26,213790
1475,214230,5,214235
1476,214337,33,214370
1477,214466,37,214503
1478,214667,91,214758
1479,214965,71,215036
1480,215191,14,215205
1481,215538,51,215589
1482,215601,7,215608
1483,215652,93,215745
1484,215758,159,215917
1485,216221,65,216286
1486,216435,44,216479
1487,216506,5,216511
1488,216532,30,216562
1489,216641,32,216673
1490,216722,9,216731
1491,216903,12,216915
1492,217062,82,217144
1493,217288,16,217304
1494,217416,79,217495
1495,217525,32,217557
1496,217636,55,217691
1497,217798,25,217823
1498,217830,15,217845
1499,218022,45,218067
1500,218108,5,218113
1501,218114,34,218148
1502,218298,15,218313
1503,218472,35,218507
1504,218560,56,218616
1505,218648,219,218867
1506,219050,40,219090
1507,219251,40,219291
1508,219366,59,219425
1509,219459,1,219460
1510,219568,161,219729
1511,219903,80,219983
1512,220043,118,220161
1513,220214,57,220271
1514,220360,19,220379
1515,220744,39,220783
1516,220874,35,220909
1517,220953,51,221004
1518,221027,127,221154
1519,221160,44,221204
1520,221789,43,221832
1521,221933,27,221960
1522,221963,185,222148
1523,222180,14,222194
1524,222325,127,222452
1525,222477,20,222497
1526,222665,20,222685
1527,222717,39,222756
1528,222928,207,223135
1529,223252,41,223293
1530,223303,61,223364
1531,223381,3,223384
1532,223573,17,223590
1533,223600,2,223602
1534,223627,50,223677
1535,223796,78,223874
1536,223995,7,224002
1537,224020,35,224055
1538,224104,151,224255
1539,224462,68,224530
1540,224586,1,224587
1541,224649,24,224673
1542,224936,23,224959
1543,224972,87,225059
1544,225067,1,225068
1545,225269,10,225279
1546,225307,88,225395
1547,225434,33,225467
1548,225496,59,225555
1549,225890,2,225892
1550,225936,17,225953
1551,226156,33,226189
1552,226217,70,226287
1553,226396,121,226517
1554,226848,34,226882
1555,227000,58,227058
1556,227076,141,227217
1557,227293,2,227295
1558,227347,92,227439
1559,227485,40,227525
1560,227548,134,227682
1561,227975,36,228011
1562,228144,2,228146
1563,228216,26,228242
1564,228252,4,228256
1565,228281,38,228319
1566,228488,40,228528
1567,228537,87,228624
1568,228628,77,228705
1569,228727,34,228761
1570,228924,72,228996
1571,229068,4,229072
1572,229219,18,229237
1573,229250,3,229253
1574,229270,18,229288
1575,229294,85,229379
1576,229841,40,229881
1577,229961,22,229983
1578,230362,146,230508
1579,230833,198,231031
1580,231106,4,231110
1581,231195,35,231230
1582,231305,9,231314
1583,231376,21,231397
1584,231398,38,231436
1585,231534,35,231569
1586,231612,10,231622
1587,231845,13,231858
1588,231930,38,231968
1589,232080,14,232094
1590,232359,31,232390
1591,232680,64,232744
1592,232811,119,232930
1593,232995,16,233011
1594,233015,191,233206
1595,233246,39,233285
1596,233579,7,233586
1597,233763,122,233885
1598,234138,92,234230
1599,234593,122,234715
1600,235015,20,235035
1601,235099,71,235170
1602,235274,4,235278
1603,235325,38,235363
1604,235371,24,235395
1605,235420,32,235452
1606,235518,65,235583
1607,235593,9,235602
1608,235713,94,235807
1609,236014,165,236179
1610,236466,22,236488
1611,236586,140,236726
1612,236913,132,237045
1613,237198,111,237309
1614,237432,8,237440
1615,237535,79,237614
1616,237674,57,237731
1617,237784,51,237835
1618,237959,9,237968
1619,238068,9,238077
1620,238196,66,238262
1621,238306,2,238308
1622,238313,7,238320
1623,238353,14,238367
1624,238402,29,238431
1625,238460,94,238554
1626,238724,116,238840
1627,238897,38,238935
1628,239199,88,239287
1629,239325,36,239361
1630,239433,52,239485
1631,239519,42,239561
1632,239631,3,239634
1633,239803,51,239854
1634,239902,11,239913
1635,239966,41,240007
1636,240077,12,240089
1637,240129,14,240143
1638,240174,8,240182
1639,240353,105,240458
1640,240629,90,240719
1641,240915,47,240962
1642,241325,52,241377
1643,241584,47,241631
1644,241739,96,241835
1645,241901,4,241905
1646,241928,9,241937
1647,241975,3,241978
1648,242029,39,242068
1649,242099,58,242157
1650,242188,4,242192
1651,242256,54,242310
1652,242482,13,242495
1653,242553,29,242582
1654,242805,5,242810
1655,243034,19,243053
1656,243308,2,243310
1657,243368,27,243395
1658,243433,30,243463
1659,243475,43,243518
1660,243649,170,243819
1661,244204,3,244207
1662,244400,229,244629
1663,244712,28,244740
1664,245010,12,245022
1665,245123,3,245126
1666,245469,81,245550
1667,245736,35,245771
1668,245792,33,245825
1669,245926,40,245966
1670,246046,37,246083
1671,246296,29,246325
1672,246500,357,246857
1673,246871,1,246872
1674,246921,53,246974
1675,247007,39,247046
1676,247091,15,247106
1677,247195,67,247262
1678,247483,4,247487
1679,247658,117,247775
1680,248064,5,248069
1681,248075,140,248215
1682,248255,2,248257
1683,248308,110,248418
1684,248777,119,248896
1685,249096,26,249122
1686,249127,137,249264
1687,249267,37,249304
1688,249491,37,249528
1689,249726,19,249745
1690,249761,80,249841
1691,249894,65,249959
1692,250010,36,250046
1693,250072,9,250081
1694,250090,41,250131
1695,250321,26,250347
1696,250432,94,250526
1697,250558,82,250640
1698,250800,92,250892
1699,250916,7,250923
1700,250978,47,251025
1701,251087,86,251173
1702,251221,89,251310
1703,251482,41,251523
1704,251694,9,251703
1705,251982,40,252022
1706,252163,19,252182
1707,252352,29,252381
1708,252428,148,252576
1709,252774,35,252809
1710,252822,63,252885
1711,253123,5,253128
1712,253131,36,253167
1713,253265,46,253311
1714,253395,105,253500
1715,253507,49,253556
1716,253643,10,253653
1717,253702,44,253746
1718,253793,10,253803
1719,253813,37,253850
1720,253858,12,253870
1721,254006,31,254037
1722,254064,10,254074
1723,254465,14,254479
1724,254578,7,254585
1725,254614,142,254756
1726,254775,24,254799
1727,254854,33,254887
1728,255044,35,255079
1729,255120,90,255210
1730,255214,39,255253
1731,255357,13,255370
1732,255412,230,255642
1733,255965,1,255966
1734,256052,14,256066
1735,256124,11,256135
1736,256194,4,256198
1737,256203,4,256207
1738,256612,96,256708
1739,256824,16,256840
1740,256936,86,257022
1741,257274,10,257284
1742,257416,93,257509
1743,257523,28,257551
1744,257585,42,257627
1745,257670,99,257769
1746,257898,16,257914
1747,257940,50,257990
1748,258264,4,258268
1749,258290,76,258366
1750,258584,22,258606
1751,258694,22,258716
1752,258769,25,258794
1753,258847,1,258848
1754,258915,11,258926
1755,258927,6,258933
1756,258961,5,258966
1757,259040,56,259096
1758,259182,79,259261
1759,259276,42,259318
1760,259345,55,259400
1761,259406,8,259414
1762,259420,8,259428
1763,259539,129,259668
1764,259933,34,259967
1765,260159,74,260233
1766,260352,87,260439
1767,260528,27,260555
1768,260563,70,260633
1769,260645,26,260671
1770,260931,35,260966
1771,260969,123,261092
1772,261109,75,261184
1773,261635,36,261671
1774,261782,162,261944
1775,262116,8,262124
1776,262186,22,262208
1777,262260,5,262265
1778,262435,9,262444
1779,262526,40,262566
1780,262604,22,262626
1781,262713,8,262721
1782,263356,203,263559
1783,263632,83,263715
1784,263743,4,263747
1785,263785,11,263796
1786,263843,72,263915
1787,263953,68,264021
1788,264051,27,264078
1789,264139,20,264159
1790,264166,42,264208
1791,264345,27,264372
1792,264388,72,264460
1793,264695,28,264723
1794,264831,62,264893
1795,265007,100,265107
1796,265225,10,265235
1797,265356,81,265437
1798,265484,25,265509
1799,265555,4,265559
1800,265588,73,265661
1801,265759,20,265779
1802,265782,34,265816
1803,265884,103,265987
1804,266032,13,266045
1805,266050,24,266074
1806,266220,16,266236
1807,266390,18,266408
1808,266413,4,266417
1809,266533,49,266582
1810,266642,52,266694
1811,266703,19,266722
1812,266766,17,266783
1813,266867,43,266910
1814,266967,145,267112
1815,267145,153,267298
1816,267307,40,267347
1817,267402,19,267421
1818,267515,42,267557
1819,267845,12,267857
1820,268473,16,268489
1821,268521,9,268530
1822,268782,17,268799
1823,268834,21,268855
1824,268947,69,269016
1825,269061,16,269077
1826,269110,58,269168
1827,269234,11,269245
1828,269525,43,269568
1829,269597,37,269634
1830,269645,39,269684
1831,269763,77,269840
1832,269857,54,269911
1833,269913,31,269944
1834,269985,8,269993
1835,269999,47,270046
1836,270222,10,270232
1837,270354,108,270462
1838,270561,15,270576
1839,270693,33,270726
1840,270748,235,270983
1841,271124,3,271127
1842,271184,60,271244
1843,271307,115,271422
1844,271446,21,271467
1845,271651,15,271666
1846,271724,33,271757
1847,271930,8,271938
1848,271950,10,271960
1849,271971,47,272018
1850,272258,11,272269
1851,272276,29,272305
1852,272405,14,272419
1853,272474,43,272517
1854,272567,78,272645
1855,272688,44,272732
1856,272846,89,272935
1857,272976,120,273096
1858,273111,140,273251
1859,273385,17,273402
1860,273408,85,273493
1861,273509,2,273511
1862,273866,15,273881
1863,273955,110,274065
1864,274074,29,274103
1865,274180,32,274212
1866,274228,3,274231
1867,274240,12,274252
1868,274486,24,274510
1869,274515,2,274517
1870,274544,156,274700
1871,274855,50,274905
1872,274915,47,274962
1873,275131,26,275157
1874,275365,5,275370
1875,275639,14,275653
1876,275655,1,275656
1877,275679,57,275736
1878,275814,14,275828
1879,275831,3,275834
1880,275912,20,275932
1881,275949,16,275965
1882,276162,8,276170
1883,276321,3,276324
1884,276367,29,276396
1885,276406,26,276432
1886,276530,44,276574
1887,276749,19,276768
1888,276938,90,277028
1889,277247,61,277308
1890,277440,84,277524
1891,277534,86,277620
1892,277688,30,277718
1893,277720,2,277722
1894,277860,40,277900
1895,278107,16,278123
1896,278175,57,278232
1897,278276,30,278306
1898,278782,13,278795
1899,278837,27,278864
1900,279032,176,279208
1901,279225,41,279266
1902,279314,162,279476
1903,279846,200,280046
1904,280117,57,280174
1905,280322,43,280365
1906,280368,26,280394
1907,280456,74,280530
1908,280663,56,280719
1909,280847,47,280894
1910,281026,23,281049
1911,281055,6,281061
1912,281326,11,281337
1913,281378,65,281443
1914,281754,220,281974
1915,282067,15,282082
1916,282322,7,282329
1917,282361,79,282440
1918,282456,18,282474
1919,282758,65,282823
1920,282971,19,282990
1921,283023,28,283051
1922,283186,53,283239
1923,283634,52,283686
1924,284009,136,284145
1925,284257,13,284270
1926,284303,47,284350
1927,284352,36,284388
1928,284477,76,284553
1929,284562,63,284625
1930,284877,49,284926
1931,285049,4,285053
1932,285183,51,285234
1933,285266,86,285352
1934,285513,98,285611
1935,285802,34,285836
1936,285873,2,285875
1937,285890,3,285893
1938,285894,99,285993
1939,286099,10,286109
1940,286189,212,286401
1941,286504,23,286527
1942,286550,7,286557
1943,286709,12,286721
1944,286880,3,286883
1945,287051,47,287098
1946,287169,128,287297
1947,287385,69,287454
1948,287591,200,287791
1949,287869,9,287878
1950,287938,27,287965
1951,288014,50,288064
1952,288278,200,288478
1953,288569,14,288583
1954,288611,43,288654
1955,288676,48,288724
1956,288768,68,288836
1957,288916,35,288951
1958,289110,67,289177
1959,289181,172,289353
1960,289677,6,289683
1961,289706,71,289777
1962,289943,27,289970
1963,289983,20,290003
1964,290063,68,290131
1965,290477,49,290526
1966,290641,15,290656
1967,290695,9,290704
1968,290886,11,290897
1969,291228,93,291321
1970,291491,5,291496
1971,291499,48,291547
1972,291576,143,291719
1973,291721,8,291729
1974,291736,63,291799
1975,291862,25,291887
1976,291988,13,292001
1977,292120,23,292143
1978,292145,13,292158
1979,292213,15,292228
1980,292487,139,292626
1981,292829,44,292873
1982,292901,16,292917
1983,292942,58,293000
1984,293027,49,293076
1985,293365,16,293381
1986,293452,16,293468
1987,293812,33,293845
1988,293923,12,293935
1989,294513,6,294519
1990,294864,35,294899
1991,294930,29,294959
1992,294993,70,295063
1993,295065,54,295119
1994,295195,27,295222
1995,295465,19,295484
1996,295485,59,295544
1997,295796,29,295825
1998,295916,2,295918
1999,296108,79,296187
2000,296289,61,296350
2001,296368,109,296477
2002,296655,28,296683
2003,296814,78,296892
2004,297049,86,297135
2005,297157,29,297186
2006,297402,14,297416
2007,297430,94,297524
2008,297599,8,297607
2009,297648,125,297773
2010,297793,49,297842
2011,298026,97,298123
2012,298328,3,298331
2013,298377,47,298424
2014,298530,1,298531
2015,298612,66,298678
2016,298730,25,298755
2017,298926,38,298964
2018,299163,137,299300
2019,299408,74,299482
2020,299618,16,299634
2021,299676,71,299747
2022,299927,122,300049
2023,300066,44,300110
2024,300139,146,300285
2025,300291,30,300321
2026,300343,17,300360
2027,300415,32,300447
2028,300459,71,300530
2029,300540,128,300668
2030,300711,74,300785
2031,300794,16,300810
2032,300870,25,300895
2033,300914,7,300921
2034,300972,49,301021
2035,301110,131,301241
2036,301368,29,301397
2037,301402,90,301492
2038,301673,92,301765
2039,301810,74,301884
2040,301961,23,301984
2041,302069,72,302141
2042,302153,10,302163
2043,302527,82,302609
2044,302661,76,302737
2045,302761,49,302810
2046,303098,28,303126
2047,303129,26,303155
2048,303164,102,303266
2049,303277,83,303360
2050,303410,18,303428
2051,303451,86,303537
2052,303680,34,303714
2053,303734,44,303778
2054,304034,46,304080
2055,304102,21,304123
2056,304134,108,304242
2057,304360,164,304524
2058,304854,7,304861
2059,304868,51,304919
2060,304979,29,305008
2061,305021,36,305057
2062,305222,15,305237
2063,305550,24,305574
2064,305726,107,305833
2065,305959,48,306007
2066,306055,16,306071
2067,306221,35,306256
2068,306332,206,306538
2069,306724,43,306767
2070,306953,9,306962
2071,307088,47,307135
2072,307267,47,307314
2073,307364,9,307373
2074,307382,154,307536
2075,307920,29,307949
2076,308056,64,308120
2077,308180,1,308181
2078,308187,8,308195
2079,308250,2,308252
2080,308307,139,308446
2081,308599,26,308625
2082,308668,13,308681
2083,308868,41,308909
2084,308923,22,308945
2085,308961,53,309014
2086,309057,74,309131
2087,309183,345,309528
2088,309584,46,309630
2089,309762,1,309763
2090,309810,62,309872
2091,309927,12,309939
2092,309974,67,310041
2093,310240,70,310310
2094,310503,28,310531
2095,310570,11,310581
2096,310867,12,310879
2097,311051,39,311090
2098,311116,46,311162
2099,311231,41,311272
2100,311290,10,311300
2101,311326,2,311328
2102,311345,22,311367
2103,311449,24,311473
2104,311681,8,311689
2105,311692,17,311709
2106,311898,19,311917
2107,311957,69,312026
2108,312062,40,312102
2109,312202,90,312292
2110,312293,122,312415
2111,312437,81,312518
2112,312582,234,312816
2113,312950,51,313001
2114,313012,50,313062
2115,313144,33,313177
2116,313379,25,313404
2117,313469,81,313550
2118,313557,97,313654
2119,313729,160,313889
2120,313986,13,313999
2121,314184,11,314195
2122,314286,57,314343
2123,314378,174,314552
2124,314633,13,314646
2125,314801,59,314860
2126,314989,55,315044
2127,315233,72,315305
2128,315329,10,315339
2129,315491,43,315534
2130,315553,14,315567
2131,315583,27,315610
2132,316027,5,316032
2133,316248,34,316282
2134,316428,8,316436
2135,316816,70,316886
2136,316962,109,317071
2137,317137,24,317161
2138,317264,13,317277
2139,317384,40,317424
2140,317492,10,317502
2141,317651,23,317674
2142,317768,93,317861
2143,318013,78,318091
2144,318312,9,318321
2145,318336,74,318410
2146,318590,1,318591
2147,318616,40,318656
2148,318750,36,318786
2149,318836,50,318886
2150,319173,13,319186
2151,319244,16,319260
2152,319450,221,319671
2153,319709,48,319757
2154,319861,24,319885
2155,319945,24,319969
2156,320154,20,320174
2157,320240,7,320247
2158,320252,68,320320
2159,320321,64,320385
2160,320418,87,320505
2161,320540,28,320568
2162,320598,31,320629
2163,320643,17,320660
2164,320727,43,320770
2165,320787,64,320851
2166,321068,137,321205
2167,321333,41,321374
2168,321437,17,321454
2169,321642,7,321649
2170,321710,7,321717
2171,321768,51,321819
2172,322133,126,322259
2173,322425,31,322456
2174,322498,183,322681
2175,322693,60,322753
2176,322828,70,322898
2177,323249,30,323279
2178,323283,113,323396
2179,323404,29,323433
2180,323866,5,323871
2181,323874,57,323931
2182,324135,4,324139
2183,324347,15,324362
2184,324417,11,324428
2185,324458,35,324493
2186,324536,24,324560
2187,324565,36,324601
2188,324695,104,324799
2189,324837,22,324859
2190,324945,27,324972
2191,324980,4,324984
2192,325093,73,325166
2193,325196,80,325276
2194,325288,11,325299
2195,325421,136,325557
2196,325685,24,325709
2197,325960,84,326044
2198,326204,56,326260
2199,326314,4,326318
2200,326346,120,326466
2201,326679,8,326687
2202,326823,26,326849
2203,326883,86,326969
2204,327088,56,327144
2205,327245,45,327290
2206,327296,5,327301
2207,327360,58,327418
2208,327505,145,327650
2209,327722,36,327758
2210,328104,26,328130
2211,328233,10,328243
2212,328330,10,328340
2213,328447,17,328464
2214,328481,1,328482
2215,328519,1,328520
2216,328611,80,328691
2217,328833,58,328891
2218,328944,64,329008
2219,329071,60,329131
2220,329174,7,329181
2221,329249,25,329274
2222,329279,25,329304
2223,329340,9,329349
2224,329428,27,329455
2225,329477,79,329556
2226,329721,26,329747
2227,329768,41,329809
2228,329840,78,329918
2229,330001,184,330185
2230,330278,2,330280
2231,330334,12,330346
2232,330519,58,330577
2233,330632,46,330678
2234,330794,83,330877
2235,330934,111,331045
2236,331204,41,331245
2237,331312,29,331341
2238,331438,57,331495
2239,331528,74,331602
2240,331620,19,331639
2241,331706,2,331708
2242,331724,37,331761
2243,331896,81,331977
2244,331998,20,332018
2245,332068,22,332090
2246,332194,45,332239
2247,332285,56,332341
2248,332357,18,332375
2249,332535,58,332593
2250,332623,10,332633
2251,332706,3,332709
2252,332872,74,332946
2253,332966,5,332971
2254,333346,78,333424
2255,333436,18,333454
2256,333468,20,333488
2257,333769,18,333787
2258,333867,54,333921
2259,333965,125,334090
2260,334914,12,334926
2261,334953,56,335009
2262,335200,16,335216
2263,335242,8,335250
2264,335305,40,335345
2265,335388,6,335394
2266,335588,33,335621
2267,335661,122,335783
2268,335808,26,335834
2269,336005,7,336012
2270,336116,118,336234
2271,336449,70,336519
2272,336839,35,336874
2273,336875,50,336925
2274,337002,14,337016
2275,337131,104,337235
2276,337284,100,337384
2277,337844,67,337911
2278,337951,56,338007
2279,338054,37,338091
2280,338105,61,338166
2281,338241,24,338265
2282,338422,3,338425
2283,338514,3,338517
2284,338584,21,338605
2285,338618,100,338718
2286,338847,62,338909
2287,338948,146,339094
2288,339128,92,339220
2289,339328,28,339356
2290,339447,49,339496
2291,339522,27,339549
2292,339637,52,339689
2293,339722,115,339837
2294,340125,27,340152
2295,340166,81,340247
2296,340299,1,340300
2297,340404,24,340428
2298,340461,49,340510
2299,340720,52,340772
2300,340825,18,340843
2301,340909,57,340966
2302,341033,13,341046
2303,341055,181,341236
2304,341448,24,341472
2305,341737,69,341806
2306,341898,94,341992
2307,342366,95,342461
2308,342500,5,342505
2309,342587,19,342606
2310,342704,51,342755
2311,342801,43,342844
2312,343062,20,343082
2313,343109,4,343113
2314,343143,219,343362
2315,343426,57,343483
2316,343517,56,343573
2317,343641,105,343746
2318,343768,29,343797
2319,343813,100,343913
2320,343994,47,344041
2321,344141,27,344168
2322,344419,7,344426
2323,344896,73,344969
2324,344990,68,345058
2325,345424,36,345460
2326,345724,49,345773
2327,345797,116,345913
2328,345942,13,345955
2329,345984,77,346061
2330,346107,25,346132
2331,346338,68,346406
2332,346415,87,346502
2333,346591,17,346608
2334,346669,113,346782
2335,346880,22,346902
2336,347017,17,347034
2337,347050,105,347155
2338,347224,42,347266
2339,347383,4,347387
2340,347550,22,347572
2341,347698,38,347736
2342,347751,14,347765
2343,347778,50,347828
2344,347832,16,347848
2345,347850,48,347898
2346,347906,14,347920
2347,348103,150,348253
2348,348573,45,348618
2349,348687,55,348742
2350,349181,2,349183
2351,349336,26,349362
2352,349365,73,349438
2353,349460,62,349522
2354,349542,98,349640
2355,349694,11,349705
2356,349819,6,349825
2357,349867,35,349902
2358,349926,5,349931
2359,350060,7,350067
2360,350126,50,350176
2361,350443,58,350501
2362,350683,244,350927
2363,350973,39,351012
2364,351133,35,351168
2365,351290,150,351440
2366,351585,37,351622
2367,351624,46,351670
2368,351834,16,351850
2369,351851,157,352008
2370,352300,59,352359
2371,352386,10,352396
2372,352480,15,352495
2373,352503,11,352514
2374,352533,11,352544
2375,352735,181,352916
2376,352992,22,353014
2377,353200,10,353210
2378,353244,13,353257
2379,353357,7,353364
2380,353367,5,353372
2381,353484,5,353489
2382,353755,13,353768
2383,353867,175,354042
2384,354251,245,354496
2385,354577,180,354757
2386,354810,1,354811
2387,354999,90,355089
2388,355211,35,355246
2389,355350,40,355390
2390,355471,1,355472
2391,355493,36,355529
2392,355581,11,355592
2393,355776,53,355829
2394,355927,26,355953
2395,355962,13,355975
2396,356025,16,356041
2397,356451,52,356503
2398,356764,35,356799
2399,357302,19,357321
2400,357349,64,357413
2401,357529,23,357552
2402,357674,79,357753
2403,357973,64,358037
2404,358278,32,358310
2405,358367,4,358371
2406,358386,88,358474
2407,358545,115,358660
2408,358747,52,358799
2409,358959,10,358969
2410,359001,12,359013
2411,359041,114,359155
2412,359303,15,359318
2413,359543,1,359544
2414,359713,23,359736
2415,359824,1,359825
2416,360015,43,360058
2417,360070,28,360098
2418,360133,8,360141
2419,360151,7,360158
2420,360197,79,360276
2421,360307,63,360370
2422,360557,6,360563
2423,360568,64,360632
2424,360742,12,360754
2425,360832,62,360894
2426,360959,4,360963
2427,361039,64,361103
2428,361115,34,361149
2429,361329,168,361497
2430,361511,15,361526
2431,361619,1,361620
2432,361645,16,361661
2433,361792,58,361850
2434,362123,39,362162
2435,362213,28,362241
2436,362400,243,362643
2437,362649,91,362740
2438,362743,32,362775
2439,362818,82,362900
2440,363002,17,363019
2441,363083,56,363139
2442,363294,22,363316
2443,363335,43,363378
2444,363406,27,363433
2445,363497,153,363650
2446,363701,19,363720
2447,363812,24,363836
2448,363891,28,363919
2449,364119,76,364195
2450,364216,75,364291
2451,364624,3,364627
2452,364735,27,364762
2453,364875,50,364925
2454,365022,110,365132
2455,365458,144,365602
2456,365685,8,365693
2457,365740,51,365791
2458,365899,26,365925
2459,365927,40,365967
2460,365984,14,365998
2461,365999,8,366007
2462,366084,124,366208
2463,366293,45,366338
2464,366365,2,366367
2465,366423,202,366625
2466,366630,7,366637
2467,366700,161,366861
2468,367144,45,367189
2469,367200,3,367203
2470,367418,25,367443
2471,367489,28,367517
2472,367731,3,367734
2473,367740,83,367823
2474,367865,32,367897
2475,368040,101,368141
2476,368156,72,368228
2477,368366,15,368381
2478,368385,43,368428
2479,368581,155,368736
2480,368763,11,368774
2481,368786,85,368871
2482,368900,26,368926
2483,369180,36,369216
2484,369235,54,369289
2485,369348,25,369373
2486,369380,53,369433
2487,369510,88,369598
2488,369604,153,369757
2489,369927,21,369948
2490,370080,45,370125
2491,370190,53,370243
2492,370546,44,370590
2493,370594,17,370611
2494,370702,22,370724
2495,370795,40,370835
2496,370845,42,370887
2497,370982,12,370994
2498,371177,102,371279
2499,371379,131,371510
2500,371566,16,371582
2501,371597,6,371603
2502,371620,7,371627
2503,371695,65,371760
2504,371800,39,371839
2505,372190,49,372239
2506,372434,42,372476
2507,372554,30,372584
2508,372597,171,372768
2509,373106,82,373188
2510,373544,57,373601
2511,373660,35,373695
2512,373709,27,373736
2513,373825,70,373895
2514,373928,6,373934
2515,374041,70,374111
2516,374225,27,374252
2517,374276,99,374375
2518,374518,76,374594
2519,374766,53,374819
2520,374845,167,375012
2521,375280,71,375351
2522,375396,76,375472
2523,375519,27,375546
2524,375885,126,376011
2525,376195,44,376239
2526,376295,111,376406
2527,376611,28,376639
2528,376658,23,376681
2529,376727,36,376763
2530,376961,37,376998
2531,377044,134,377178
2532,377181,81,377262
2533,377269,16,377285
2534,377416,52,377468
2535,377470,71,377541
2536,377831,18,377849
2537,378079,8,378087
2538,378197,51,378248
2539,378389,19,378408
2540,378453,43,378496
2541,378503,76,378579
2542,378617,97,378714
2543,378716,1,378717
2544,378860,8,378868
2545,378940,5,378945
2546,379028,10,379038
2547,379159,29,379188
2548,379209,151,379360
2549,379608,71,379679
2550,379843,17,379860
2551,379862,8,379870
2552,379979,31,380010
2553,380017,25,380042
2554,380298,31,380329
2555,380779,1,380780
2556,380896,31,380927
2557,381036,29,381065
2558,381270,16,381286
2559,381362,44,381406
2560,381674,3,381677
2561,381687,85,381772
2562,381818,89,381907
2563,381957,3,381960
2564,381979,89,382068
2565,382089,32,382121
2566,382301,35,382336
2567,382388,95,382483
2568,382541,38,382579
2569,382622,70,382692
2570,382932,9,382941
2571,383022,45,383067
2572,383174,43,383217
2573,383239,62,383301
2574,383394,85,383479
2575,383525,42,383567
2576,383569,73,383642
2577,383681,89,383770
2578,384049,42,384091
2579,384094,16,384110
2580,384116,61,384177
2581,384239,110,384349
2582,384422,59,384481
2583,384564,57,384621
2584,384649,16,384665
2585,384721,9,384730
2586,384749,120,384869
2587,384943,66,385009
2588,385120,47,385167
2589,385257,56,385313
2590,385338,49,385387
2591,385416,59,385475
2592,385600,19,385619
2593,385691,39,385730
2594,385757,20,385777
2595,385831,27,385858
2596,385872,47,385919
2597,385950,30,385980
2598,386322,79,386401
2599,386440,12,386452
2600,386471,6,386477
2601,386569,30,386599
2602,386643,61,386704
2603,386736,30,386766
2604,386807,12,386819
2605,386838,71,386909
2606,387003,43,387046
2607,387118,46,387164
2608,387620,8,387628
2609,387629,14,387643
2610,387817,3,387820
2611,387942,122,388064
2612,388082,43,388125
2613,388324,47,388371
2614,388397,63,388460
2615,388482,125,388607
2616,388724,259,388983
2617,389031,2,389033
2618,389122,53,389175
2619,389191,157,389348
2620,389407,32,389439
2621,389443,172,389615
2622,389667,36,389703
2623,389712,10,389722
2624,389740,42,389782
2625,389902,95,389997
2626,390034,91,390125
2627,390234,70,390304
2628,390378,17,390395
2629,390621,13,390634
2630,390645,70,390715
2631,391144,58,391202
2632,391283,48,391331
2633,391494,9,391503
2634,391635,7,391642
2635,391749,8,391757
2636,391936,132,392068
2637,392182,31,392213
2638,392244,50,392294
2639,392320,102,392422
2640,392427,87,392514
2641,392565,89,392654
2642,392722,40,392762
2643,392981,23,393004
2644,393109,30,393139
2645,393213,126,393339
2646,393363,33,393396
2647,393511,38,393549
2648,393738,60,393798
2649,394031,31,394062
2650,394203,15,394218
2651,394245,39,394284
2652,394303,4,394307
2653,394418,22,394440
2654,394464,34,394498
2655,394535,35,394570
2656,394609,10,394619
2657,394687,36,394723
2658,394860,21,394881
2659,394974,18,394992
2660,395022,5,395027
2661,395109,79,395188
2662,395404,18,395422
2663,395456,198,395654
2664,395664,41,395705
2665,395782,25,395807
2666,395997,16,396013
2667,396080,132,396212
2668,396296,40,396336
2669,396505,7,396512
2670,396907,49,396956
2671,396984,110,397094
2672,397361,5,397366
2673,397395,58,397453
2674,397538,15,397553
2675,397697,1,397698
2676,397725,13,397738
2677,397881,215,398096
2678,398205,16,398221
2679,398283,16,398299
2680,398304,73,398377
2681,398412,17,398429
2682,398863,41,398904
2683,398922,65,398987
2684,399177,28,399205
2685,399313,11,399324
2686,399340,104,399444
2687,399514,51,399565
2688,399649,109,399758
2689,399809,30,399839
2690,399851,5,399856
2691,399963,70,400033
2692,400107,11,400118
2693,400144,156,400300
2694,400312,20,400332
2695,400476,1,400477
2696,400572,71,400643
2697,400666,27,400693
2698,400782,49,400831
2699,400848,39,400887
2700,400985,2,400987
2701,401013,9,401022
2702,401056,68,401124
2703,401220,53,401273
2704,401298,7,401305
2705,401337,100,401437
2706,401512,18,401530
2707,401649,33,401682
2708,401703,60,401763
2709,401837,19,401856
2710,402148,92,402240
2711,402441,170,402611
2712,402713,155,402868
2713,403018,19,403037
2714,403081,29,403110
2715,403521,129,403650
2716,403712,30,403742
2717,404022,31,404053
2718,404073,220,404293
2719,404297,11,404308
2720,404537,24,404561
2721,404606,132,404738
2722,404747,91,404838
2723,404981,10,404991
2724,405130,53,405183
2725,405298,58,405356
2726,405371,49,405420
2727,405422,97,405519
2728,405547,88,405635
2729,405740,87,405827
2730,405860,37,405897
2731,405994,90,406084
2732,406136,108,406244
2733,406341,21,406362
2734,406453,124,406577
2735,406719,56,406775
2736,406873,97,406970
2737,407059,145,407204
2738,407358,22,407380
2739,407497,130,407627
2740,407768,22,407790
2741,407806,19,407825
2742,407937,22,407959
2743,408084,46,408130
2744,408149,52,408201
2745,408226,8,408234
2746,408292,73,408365
2747,408440,26,408466
2748,408677,106,408783
2749,408822,54,408876
2750,408925,35,408960
2751,408975,51,409026
2752,409034,46,409080
2753,409193,3,409196
2754,409285,291,409576
2755,409659,8,409667
2756,409799,86,409885
2757,410274,46,410320
2758,410586,7,410593
2759,410750,65,410815
2760,411069,43,411112
2761,411314,91,411405
2762,411534,275,411809
2763,411816,13,411829
2764,411873,12,411885
2765,411889,15,411904
2766,411906,7,411913
2767,412020,125,412145
2768,412184,33,412217
2769,412265,4,412269
2770,412388,16,412404
2771,412440,38,412478
2772,412537,18,412555
2773,412607,20,412627
2774,412691,31,412722
2775,412726,13,412739
2776,412804,32,412836
2777,412883,7,412890
2778,412901,1,412902
2779,413084,24,413108
2780,413149,78,413227
2781,413642,12,413654
2782,413778,63,413841
2783,413904,50,413954
2784,414238,43,414281
2785,414589,85,414674
2786,414806,5,414811
2787,414887,6,414893
2788,415002,53,415055
2789,415324,77,415401
2790,415430,6,415436
2791,415526,12,415538
2792,415626,27,415653
2793,415748,3,415751
2794,415934,26,415960
2795,415981,144,416125
2796,416271,32,416303
2797,416582,77,416659
2798,416741,41,416782
2799,416792,26,416818
2800,416839,114,416953
2801,417053,11,417064
2802,417206,57,417263
2803,417494,108,417602
2804,417626,32,417658
2805,417724,22,417746
2806,417868,41,417909
2807,417959,2,417961
2808,418309,13,418322
2809,418497,178,418675
2810,418796,33,418829
2811,418892,17,418909
2812,419005,5,419010
2813,419024,12,419036
2814,419149,1,419150
2815,419204,16,419220
2816,419409,42,419451
2817,419477,49,419526
2818,419572,90,419662
2819,419673,15,419688
2820,419955,12,419967
2821,420007,13,420020
2822,420132,15,420147
2823,420152,210,420362
2824,420435,134,420569
2825,420625,172,420797
2826,420821,45,420866
2827,420889,10,420899
2828,421009,25,421034
2829,421047,3,421050
2830,421230,80,421310
2831,421349,18,421367
2832,421523,61,421584
2833,421669,28,421697
2834,421864,2,421866
2835,421872,1,421873
2836,421899,94,421993
2837,422156,94,422250
2838,422278,127,422405
2839,422422,113,422535
2840,422578,130,422708
2841,422847,29,422876
2842,422916,52,422968
2843,423126,48,423174
2844,423233,10,423243
2845,423342,23,423365
2846,423391,23,423414
2847,423425,7,423432
2848,423444,76,423520
2849,423635,118,423753
2850,423845,20,423865
2851,423894,125,424019
2852,424133,31,424164
2853,424462,76,424538
2854,424569,34,424603
2855,424664,60,424724
2856,424922,33,424955
2857,425007,19,425026
2858,425122,8,425130
2859,425252,7,425259
2860,425350,47,425397
2861,425529,22,425551
2862,425649,3,425652
2863,425915,67,425982
2864,425991,24,426015
2865,426060,36,426096
2866,426133,27,426160
2867,426191,5,426196
2868,426220,3,426223
2869,426226,32,426258
2870,426287,10,426297
2871,426352,15,426367
2872,426402,31,426433
2873,426671,55,426726
2874,426804,51,426855
2875,426930,21,426951
2876,427115,37,427152
2877,427659,103,427762
2878,427817,110,427927
2879,427931,56,427987
2880,428072,14,428086
2881,428146,19,428165
2882,428225,61,428286
2883,428340,43,428383
2884,428395,5,428400
2885,428534,2,428536
2886,428599,127,428726
2887,428734,52,428786
2888,428910,8,428918
2889,428927,19,428946
2890,429066,91,429157
2891,429300,101,429401
2892,429403,6,429409
2893,429519,44,429563
2894,429604,2,429606
2895,429766,14,429780
2896,429908,51,429959
2897,430153,5,430158
2898,430297,7,430304
2899,430372,8,430380
2900,430504,8,430512
2901,430534,102,430636
2902,430649,3,430652
2903,430792,1,430793
2904,430887,83,430970
2905,430978,28,431006
2906,431088,13,431101
2907,431129,36,431165
2908,431264,3,431267
2909,431411,42,431453
2910,431493,57,431550
2911,431596,12,431608
2912,431632,112,431744
2913,431854,29,431883
2914,431892,202,432094
2915,432269,43,432312
2916,432398,24,432422
2917,432484,8,432492
2918,432587,14,432601
2919,432637,129,432766
2920,432817,42,432859
2921,432938,59,432997
2922,433096,137,433233
2923,433263,13,433276
2924,433324,38,433362
2925,433363,33,433396
2926,433532,43,433575
2927,433641,2,433643
2928,433654,148,433802
2929,433876,10,433886
2930,434206,25,434231
2931,434274,44,434318
2932,434340,95,434435
2933,434518,45,434563
2934,434635,127,434762
2935,434892,169,435061
2936,435389,4,435393
2937,435540,17,435557
2938,435807,44,435851
2939,435897,45,435942
2940,435960,28,435988
2941,435993,26,436019
2942,436060,36,436096
2943,436109,36,436145
2944,436224,14,436238
2945,436289,64,436353
2946,436385,32,436417
2947,436516,17,436533
2948,436626,23,436649
2949,436664,222,436886
2950,436951,36,436987
2951,437093,33,437126
2952,437326,5,437331
2953,437353,36,437389
2954,437391,2,437393
2955,437405,100,437505
2956,437578,58,437636
2957,437732,97,437829
2958,437998,14,438012
2959,438101,130,438231
2960,438256,11,438267
2961,438376,3,438379
2962,438448,21,438469
2963,438514,55,438569
2964,438576,6,438582
2965,438622,8,438630
2966,438972,12,438984
2967,439018,3,439021
2968,439115,193,439308
2969,439338,41,439379
2970,439461,81,439542
2971,439564,38,439602
2972,439630,45,439675
2973,439695,44,439739
2974,439810,82,439892
2975,440142,83,440225
2976,440240,66,440306
2977,440467,125,440592
2978,440622,34,440656
2979,440698,35,440733
2980,441061,139,441200
2981,441217,10,441227
2982,441349,36,441385
2983,441418,56,441474
2984,441481,6,441487
2985,441511,40,441551
2986,441586,71,441657
2987,441743,31,441774
2988,441779,111,441890
2989,441894,55,441949
2990,442288,48,442336
2991,442358,48,442406
2992,442462,2,442464
2993,442698,124,442822
2994,442935,65,443000
2995,443342,104,443446
2996,443643,26,443669
2997,443798,15,443813
2998,443843,60,443903
2999,443924,70,443994
3000,444003,6,444009
3001,444279,31,444310
3002,444352,24,444376
3003,444432,52,444484
3004,444620,78,444698
3005,444816,109,444925
3006,444991,40,445031
3007,445104,29,445133
3008,445154,35,445189
3009,445272,93,445365
3010,445498,29,445527
3011,445589,165,445754
3012,445810,14,445824
3013,445977,66,446043
3014,446467,25,446492
3015,446562,10,446572
3016,446751,69,446820
3017,446865,1,446866
3018,446879,10,446889
3019,446901,85,446986
3020,447033,11,447044
3021,447109,8,447117
3022,447213,285,447498
3023,447512,26,447538
3024,447816,184,448000
3025,448023,2,448025
3026,448052,122,448174
3027,448240,42,448282
3028,448315,135,448450
3029,448671,24,448695
3030,448739,84,448823
3031,448835,53,448888
3032,449005,29,449034
3033,449046,2,449048
3034,449071,84,449155
3035,449159,10,449169
3036,449199,14,449213
3037,449414,22,449436
3038,449477,117,449594
3039,449688,67,449755
3040,449858,46,449904
3041,449924,32,449956
3042,450033,11,450044
3043,450053,6,450059
3044,450094,38,450132
3045,450186,4,450190
3046,450293,30,450323
3047,450512,16,450528
3048,450531,150,450681
3049,450692,37,450729
3050,450779,14,450793
3051,450829,165,450994
3052,451082,73,451155
3053,451308,10,451318
3054,451507,25,451532
3055,451576,23,451599
3056,451619,72,451691
3057,451791,21,451812
3058,451818,22,451840
3059,452176,27,452203
3060,452205,15,452220
3061,452323,6,452329
3062,452402,31,452433
3063,452441,29,452470
3064,452472,14,452486
3065,452490,1,452491
3066,452617,43,452660
3067,452718,37,452755
3068,452827,68,452895
3069,452944,117,453061
3070,453199,83,453282
3071,453516,7,453523
3072,453649,101,453750
3073,453849,52,453901
3074,453936,74,454010
3075,454029,9,454038
3076,454064,11,454075
3077,454086,31,454117
3078,454204,9,454213
3079,454810,23,454833
3080,454941,170,455111
3081,455220,100,455320
3082,455360,9,455369
3083,455471,18,455489
3084,455742,58,455800
3085,456020,14,456034
3086,456132,78,456210
3087,456459,20,456479
3088,456510,43,456553
3089,456715,48,456763
3090,456818,67,456885
3091,457191,101,457292
3092,457400,7,457407
3093,457431,148,457579
3094,457811,1,457812
3095,457868,3,457871
3096,457908,4,457912
3097,458232,25,458257
3098,458328,12,458340
3099,458351,30,458381
3100,458458,71,458529
3101,458938,23,458961
3102,458981,72,459053
3103,459082,8,459090
3104,459175,119,459294
3105,459325,4,459329
3106,459434,31,459465
3107,459567,6,459573
3108,459644,27,459671
3109,459697,60,459757
3110,459767,32,459799
3111,459886,95,459981
3112,459985,61,460046
3113,460056,109,460165
3114,460211,46,460257
3115,460288,29,460317
3116,460335,45,460380
3117,460426,1,460427
3118,460846,86,460932
3119,460959,48,461007
3120,461077,27,461104
3121,461113,26,461139
3122,461184,7,461191
3123,461311,36,461347
3124,461354,181,461535
3125,461579,15,461594
3126,461873,11,461884
3127,461966,10,461976
3128,462278,19,462297
3129,462372,17,462389
3130,462430,106,462536
3131,462610,119,462729
3132,462819,18,462837
3133,462840,43,462883
3134,462912,22,462934
3135,462971,79,463050
3136,463063,112,463175
3137,463185,58,463243
3138,463685,109,463794
3139,463824,10,463834
3140,463937,217,464154
3141,464249,32,464281
3142,464459,85,464544
3143,464562,48,464610
3144,464645,13,464658
3145,464688,92,464780
3146,464886,82,464968
3147,465023,20,465043
3148,465101,9,465110
3149,465208,49,465257
3150,465267,108,465375
3151,465449,195,465644
3152,465686,50,465736
3153,466187,9,466196
3154,466298,83,466381
3155,466556,11,466567
3156,466656,37,466693
3157,466725,22,466747
3158,466844,8,466852
3159,466881,5,466886
3160,466934,221,467155
3161,467180,36,467216
3162,467310,134,467444
3163,467534,3,467537
3164,467590,63,467653
3165,467812,1,467813
3166,467915,11,467926
3167,467971,12,467983
3168,468058,74,468132
3169,468253,14,468267
3170,468452,21,468473
3171,468740,28,468768
3172,468772,35,468807
3173,468959,129,469088
3174,469202,13,469215
3175,469331,36,469367
3176,469375,42,469417
3177,469504,54,469558
3178,469680,79,469759
3179,469835,73,469908
3180,469937,46,469983
3181,470095,43,470138
3182,470363,7,470370
3183,470495,8,470503
3184,470509,100,470609
3185,470635,61,470696
3186,470765,95,470860
3187,470863,12,470875
3188,470914,127,471041
3189,471054,73,471127
3190,471159,6,471165
3191,471206,2,471208
3192,471262,22,471284
3193,471359,12,471371
3194,471461,16,471477
3195,471560,35,471595
3196,471684,44,471728
3197,471785,9,471794
3198,472183,2,472185
3199,472331,44,472375
3200,472473,48,472521
3201,472607,42,472649
3202,472716,38,472754
3203,472823,25,472848
3204,472951,77,473028
3205,473180,72,473252
3206,473388,166,473554
3207,473632,21,473653
3208,473675,32,473707
3209,473810,44,473854
3210,473957,46,474003
3211,474040,3,474043
3212,474496,27,474523
3213,474595,9,474604
3214,474696,18,474714
3215,474883,16,474899
3216,474971,20,474991
3217,475153,9,475162
3218,475233,2,475235
3219,475321,5,475326
3220,475523,135,475658
3221,475732,28,475760
3222,475921,96,476017
3223,476198,57,476255
3224,476355,24,476379
3225,476541,40,476581
3226,476597,9,476606
3227,476768,32,476800
3228,476953,43,476996
3229,477219,62,477281
3230,477537,4,477541
3231,477582,50,477632
3232,477661,99,477760
3233,477763,67,477830
3234,477854,91,477945
3235,478054,61,478115
3236,478176,26,478202
3237,478255,28,478283
3238,478446,1,478447
3239,478721,51,478772
3240,478807,19,478826
3241,478841,51,478892
3242,478903,5,478908
3243,479022,11,479033
3244,479062,45,479107
3245,479339,46,479385
3246,479415,30,479445
3247,479520,11,479531
3248,479622,3,479625
3249,479858,46,479904
3250,479960,9,479969
3251,480251,49,480300
3252,480342,8,480350
3253,480612,30,480642
3254,480777,188,480965
3255,481014,57,481071
3256,481122,11,481133
3257,481275,32,481307
3258,481394,191,481585
3259,481679,3,481682
3260,481740,3,481743
3261,481779,3,481782
3262,481864,70,481934
3263,481988,38,482026
3264,482066,64,482130
3265,482153,26,482179
3266,482264,32,482296
3267,482484,160,482644
3268,482812,2,482814
3269,482975,20,482995
3270,483008,55,483063
3271,483383,52,483435
3272,483475,228,483703
3273,483784,120,483904
3274,483924,16,483940
3275,484029,180,484209
3276,484230,77,484307
3277,484351,49,484400
3278,484426,86,484512
3279,484876,3,484879
3280,485020,1,485021
3281,485030,200,485230
3282,485362,38,485400
3283,485776,6,485782
3284,486038,79,486117
3285,486146,13,486159
3286,486273,285,486558
3287,486570,15,486585
3288,486690,37,486727
3289,486826,48,486874
3290,486914,44,486958
3291,486972,39,487011
3292,487069,38,487107
3293,487116,1,487117
3294,487242,46,487288
3295,487432,113,487545
3296,487871,45,487916
3297,487927,48,487975
3298,488147,21,488168
3299,488199,55,488254
3300,488339,41,488380
3301,488458,65,488523
3302,488575,1,488576
3303,488642,22,488664
3304,488768,10,488778
3305,488911,89,489000
3306,489012,59,489071
3307,489139,13,489152
3308,489176,25,489201
3309,489389,29,489418
3310,489512,24,489536
3311,489545,20,489565
3312,489634,10,489644
3313,489715,44,489759
3314,489879,186,490065
3315,490082,5,490087
3316,490465,4,490469
3317,490562,68,490630
3318,490668,25,490693
3319,490863,146,491009
3320,491107,39,491146
3321,491166,3,491169
3322,491236,10,491246
3323,491249,28,491277
3324,491410,14,491424
3325,491513,209,491722
3326,491754,28,491782
3327,492222,15,492237
3328,492362,68,492430
3329,492688,2,492690
3330,492884,3,492887
3331,492890,50,492940
3332,492969,56,493025
3333,493154,268,493422
3334,493445,1,493446
3335,493582,70,493652
3336,493741,159,493900
3337,493902,29,493931
3338,493969,36,494005
3339,494063,41,494104
3340,494318,11,494329
3341,494430,62,494492
3342,494499,33,494532
3343,494604,23,494627
3344,494685,96,494781
3345,494812,94,494906
3346,494929,141,495070
3347,495158,49,495207
3348,495434,80,495514
3349,495541,41,495582
3350,495848,36,495884
3351,496191,2,496193
3352,496246,19,496265
3353,496613,5,496618
3354,496790,63,496853
3355,496880,39,496919
3356,496945,6,496951
3357,496955,35,496990
3358,497008,104,497112
3359,497290,114,497404
3360,497481,18,497499
3361,497542,3,497545
3362,497561,40,497601
3363,497685,13,497698
3364,497825,4,497829
3365,497844,1,497845
3366,497970,103,498073
3367,498147,5,498152
3368,498433,97,498530
3369,499038,8,499046
3370,499410,111,499521
3371,499582,62,499644
3372,499661,1,499662
3373,499703,33,499736
3374,499775,9,499784
3375,500108,156,500264
3376,500270,101,500371
3377,500404,17,500421
3378,500488,86,500574
3379,500697,24,500721
3380,500951,33,500984
3381,501180,5,501185
3382,501539,96,501635
3383,501969,46,502015
3384,502047,5,502052
3385,502181,1,502182
3386,502350,50,502400
3387,502576,9,502585
3388,502586,5,502591
3389,502744,41,502785
3390,502807,26,502833
3391,502920,36,502956
3392,503172,13,503185
3393,503286,31,503317
3394,503640,1,503641
3395,503771,214,503985
3396,504070,72,504142
3397,504241,24,504265
3398,504372,13,504385
3399,504803,2,504805
3400,504823,10,504833
3401,504847,33,504880
3402,504998,24,505022
3403,505023,17,505040
3404,505192,16,505208
3405,505331,13,505344
3406,505618,51,505669
3407,505778,9,505787
3408,505904,66,505970
3409,506075,14,506089
3410,506137,26,506163
3411,506178,20,506198
3412,506260,3,506263
3413,506321,62,506383
3414,506428,23,506451
3415,506527,73,506600
3416,506630,14,506644
3417,506661,49,506710
3418,506738,2,506740
3419,506762,96,506858
3420,506983,8,506991
3421,507070,22,507092
3422,507155,27,507182
3423,507248,34,507282
3424,507293,2,507295
3425,507300,72,507372
3426,507467,2,507469
3427,507502,11,507513
3428,507527,6,507533
3429,507639,45,507684
3430,507733,6,507739
3431,507823,92,507915
3432,508314,102,508416
3433,508469,30,508499
3434,508503,65,508568
3435,508651,30,508681
3436,508743,19,508762
3437,508824,12,508836
3438,508838,131,508969
3439,509052,62,509114
3440,509120,160,509280
3441,509282,94,509376
3442,509858,53,509911
3443,509918,31,509949
3444,510097,8,510105
3445,510316,67,510383
3446,510402,9,510411
3447,510477,29,510506
3448,510655,5,510660
3449,510884,85,510969
3450,511082,45,511127
3451,511505,21,511526
3452,511555,75,511630
3453,511794,28,511822
3454,511839,7,511846
3455,511949,21,511970
3456,512045,4,512049
3457,512133,27,512160
3458,512353,42,512395
3459,512474,13,512487
3460,512572,38,512610
3461,512714,34,512748
3462,512827,49,512876
3463,512912,71,512983
3464,513131,24,513155
3465,513179,66,513245
3466,513326,3,513329
3467,513376,51,513427
3468,513619,153,513772
3469,513786,72,513858
3470,513924,42,513966
3471,513997,7,514004
3472,514062,31,514093
3473,514294,79,514373
3474,514662,95,514757
3475,514852,8,514860
3476,514904,13,514917
3477,514969,36,515005
3478,515062,25,515087
3479,515191,7,515198
3480,515537,156,515693
3481,515957,169,516126
3482,516144,28,516172
3483,516183,25,516208
3484,516216,1,516217
3485,516304,7,516311
3486,516378,25,516403
3487,516623,25,516648
3488,516824,23,516847
3489,516949,70,517019
3490,517106,30,517136
3491,517167,68,517235
3492,517301,33,517334
3493,517359,22,517381
3494,517539,18,517557
3495,517705,56,517761
3496,517882,34,517916
3497,517939,15,517954
3498,518000,32,518032
3499,518041,36,518077
3500,518108,13,518121
3501,518146,75,518221
3502,518355,197,518552
3503,518610,10,518620
3504,518621,37,518658
3505,518701,7,518708
3506,518766,5,518771
3507,518883,52,518935
3508,518973,46,519019
3509,519091,11,519102
3510,519123,80,519203
3511,519230,145,519375
3512,519574,16,519590
3513,519680,18,519698
3514,519753,126,519879
3515,519982,23,520005
3516,520117,47,520164
3517,520191,31,520222
3518,520404,21,520425
3519,520426,3,520429
3520,520720,29,520749
3521,521004,29,521033
3522,521122,1,521123
3523,521273,41,521314
3524,521403,1,521404
3525,521478,2,521480
3526,521598,20,521618
3527,521710,2,521712
3528,521807,129,521936
3529,522089,52,522141
3530,522246,30,522276
3531,522421,37,522458
3532,522908,49,522957
3533,522976,37,523013
3534,523037,21,523058
3535,523064,57,523121
3536,523132,12,523144
3537,523185,25,523210
3538,523331,83,523414
3539,523593,105,523698
3540,523723,18,523741
3541,523792,35,523827
3542,523853,42,523895
3543,523914,20,523934
3544,524214,49,524263
3545,524296,39,524335
3546,524516,7,524523
3547,524870,6,524876
3548,524896,10,524906
3549,525064,38,525102
3550,525245,74,525319
3551,525505,5,525510
3552,525596,54,525650
3553,525685,6,525691
3554,525700,10,525710
3555,525731,152,525883
3556,525958,35,525993
3557,525998,124,526122
3558,526140,37,526177
3559,526520,16,526536
3560,526572,9,526581
3561,526603,99,526702
3562,526841,34,526875
3563,527116,5,527121
3564,527231,91,527322
3565,527340,30,527370
3566,527434,43,527477
3567,527548,51,527599
3568,527748,28,527776
3569,527807,78,527885
3570,528217,93,528310
3571,528523,48,528571
3572,528964,23,528987
3573,529222,42,529264
3574,529361,12,529373
3575,529445,137,529582
3576,529615,10,529625
3577,529657,29,529686
3578,529735,71,529806
3579,529955,24,529979
3580,530026,87,530113
3581,530354,94,530448
3582,530533,9,530542
3583,530570,48,530618
3584,530974,113,531087
3585,531249,28,531277
3586,531752,22,531774
3587,531790,31,531821
3588,531953,64,532017
3589,532038,43,532081
3590,532235,14,532249
3591,532300,31,532331
3592,532348,8,532356
3593,532379,21,532400
3594,532584,139,532723
3595,533076,63,533139
3596,533182,6,533188
3597,533212,91,533303
3598,533326,35,533361
3599,533608,70,533678
3600,533684,14,533698
3601,533706,75,533781
3602,533784,53,533837
3603,533936,32,533968
3604,534226,29,534255
3605,534282,218,534500
3606,534633,20,534653
3607,534782,11,534793
3608,535080,20,535100
3609,535154,91,535245
3610,535246,6,535252
3611,535259,15,535274
3612,535649,69,535718
3613,535930,48,535978
3614,536106,5,536111
3615,536316,101,536417
3616,536436,88,536524
3617,536607,15,536622
3618,536669,2,536671
3619,536706,13,536719
3620,536760,10,536770
3621,536781,7,536788
3622,537101,70,537171
3623,537331,335,537666
3624,537729,42,537771
3625,537905,89,537994
3626,538027,12,538039
3627,538046,47,538093
3628,538190,81,538271
3629,538329,32,538361
3630,538369,32,538401
3631,538517,67,538584
3632,538680,24,538704
3633,538744,158,538902
3634,539021,26,539047
3635,539325,11,539336
3636,539392,26,539418
3637,539439,50,539489
3638,539679,22,539701
3639,539751,13,539764
3640,540207,19,540226
3641,540398,52,540450
3642,540599,42,540641
3643,540667,65,540732
3644,540936,105,541041
3645,541323,24,541347
3646,541474,2,541476
3647,541595,88,541683
3648,541813,5,541818
3649,541960,61,542021
3650,542120,32,542152
3651,542263,82,542345
3652,542382,168,542550
3653,542673,196,542869
3654,543152,80,543232
3655,543390,108,543498
3656,543539,5,543544
3657,543642,16,543658
3658,543659,52,543711
3659,543744,20,543764
3660,543803,61,543864
3661,544012,16,544028
3662,544152,27,544179
3663,544223,20,544243
3664,544489,58,544547
3665,544559,73,544632
3666,544715,261,544976
3667,545119,62,545181
3668,545478,13,545491
3669,545500,10,545510
3670,545532,37,545569
3671,545739,196,545935
3672,546004,10,546014
3673,546047,48,546095
3674,546176,56,546232
3675,546235,10,546245
3676,546600,135,546735
3677,546884,35,546919
3678,546981,22,547003
3679,547121,24,547145
3680,547213,61,547274
3681,547347,48,547395
3682,547503,3,547506
3683,547563,52,547615
3684,547673,18,547691
3685,547871,71,547942
3686,548182,2,548184
3687,548201,35,548236
3688,548248,134,548382
3689,548479,211,548690
3690,548833,10,548843
3691,548939,129,549068
3692,549358,21,549379
3693,549518,1,549519
3694,549701,12,549713
3695,549748,41,549789
3696,549910,56,549966
3697,550058,84,550142
3698,550387,70,550457
3699,550565,7,550572
3700,550592,74,550666
3701,550687,12,550699
3702,550837,99,550936
3703,551025,9,551034
3704,551076,60,551136
3705,551242,20,551262
3706,551490,46,551536
3707,551635,5,551640
3708,551682,43,551725
3709,551856,48,551904
3710,552050,73,552123
3711,552282,33,552315
3712,552445,18,552463
3713,552519,102,552621
3714,553242,14,553256
3715,553355,19,553374
3716,553431,45,553476
3717,553539,66,553605
3718,553781,10,553791
3719,553827,1,553828
3720,553950,152,554102
3721,554121,6,554127
3722,554383,58,554441
3723,554476,3,554479
3724,554778,19,554797
3725,554931,39,554970
3726,555098,74,555172
3727,555356,46,555402
3728,555411,91,555502
3729,555663,47,555710
3730,555823,83,555906
3731,555960,52,556012
3732,556013,3,556016
3733,556099,53,556152
3734,556246,171,556417
3735,556562,8,556570
3736,556610,26,556636
3737,556684,82,556766
3738,556773,111,556884
3739,556943,18,556961
3740,557003,159,557162
3741,557500,132,557632
3742,557684,48,557732
3743,558024,41,558065
3744,558208,20,558228
3745,558240,41,558281
3746,558325,14,558339
3747,558351,23,558374
3748,558507,66,558573
3749,558634,28,558662
3750,558664,193,558857
3751,558920,8,558928
3752,558959,147,559106
3753,559221,40,559261
3754,559651,39,559690
3755,559745,6,559751
3756,559873,32,559905
3757,559998,44,560042
3758,560060,91,560151
3759,560356,75,560431
3760,560485,59,560544
3761,560643,2,560645
3762,560727,1,560728
3763,560847,5,560852
3764,561013,9,561022
3765,561074,2,561076
3766,561081,111,561192
3767,561399,76,561475
3768,561482,1,561483
3769,561827,77,561904
3770,561970,14,561984
3771,562293,3,562296
3772,562416,15,562431
3773,562622,98,562720
3774,562849,137,562986
3775,563069,80,563149
3776,563166,79,563245
3777,563481,15,563496
3778,563540,99,563639
3779,563739,12,563751
3780,563778,40,563818
3781,563820,4,563824
3782,563960,6,563966
3783,564051,11,564062
3784,564145,141,564286
3785,564294,47,564341
3786,564376,36,564412
3787,564801,10,564811
3788,564818,11,564829
3789,565501,47,565548
3790,565615,19,565634
3791,565722,145,565867
3792,566050,65,566115
3793,566250,81,566331
3794,566438,11,566449
3795,566670,3,566673
3796,566798,68,566866
3797,566872,86,566958
3798,567045,48,567093
3799,567105,4,567109
3800,567582,22,567604
3801,567829,39,567868
3802,567930,133,568063
3803,568194,17,568211
3804,568269,98,568367
3805,568556,4,568560
3806,569172,23,569195
3807,569300,14,569314
3808,569340,90,569430
3809,569687,2,569689
3810,569726,128,569854
3811,569990,34,570024
3812,570160,58,570218
3813,570281,47,570328
3814,570397,14,570411
3815,570492,11,570503
3816,570522,51,570573
3817,570651,11,570662
3818,570767,12,570779
3819,570871,27,570898
3820,571054,40,571094
3821,571102,8,571110
3822,571155,6,571161
3823,571333,78,571411
3824,571462,11,571473
3825,571598,32,571630
3826,571833,6,571839
3827,571882,14,571896
3828,571922,187,572109
3829,572140,49,572189
3830,572235,29,572264
3831,572670,105,572775
3832,572819,19,572838
3833,572849,193,573042
3834,573102,80,573182
3835,573197,13,573210
3836,573229,16,573245
3837,573284,31,573315
3838,573482,2,573484
3839,573998,21,574019
3840,574289,15,574304
3841,574668,50,574718
3842,574724,6,574730
3843,574851,5,574856
3844,574861,15,574876
3845,574909,136,575045
3846,575086,11,575097
3847,575211,108,575319
3848,575344,9,575353
3849,575391,101,575492
3850,575529,100,575629
3851,575636,31,575667
3852,576091,17,576108
3853,576144,41,576185
3854,576260,25,576285
3855,576302,26,576328
3856,576490,71,576561
3857,576611,61,576672
3858,577060,7,577067
3859,577128,33,577161
3860,577289,100,577389
3861,577556,60,577616
3862,578085,20,578105
3863,578133,102,578235
3864,578279,78,578357
3865,578457,4,578461
3866,578514,34,578548
3867,578557,34,578591
3868,578662,253,578915
3869,578972,33,579005
3870,579014,52,579066
3871,579171,69,579240
3872,579271,39,579310
3873,579339,6,579345
3874,579555,16,579571
3875,579618,37,579655
3876,579828,41,579869
3877,580064,17,580081
3878,580203,63,580266
3879,580325,55,580380
3880,580401,1,580402
3881,580441,16,580457
3882,580608,120,580728
3883,580814,56,580870
3884,581006,58,581064
3885,581149,27,581176
3886,581204,15,581219
3887,581327,31,581358
3888,581360,97,581457
3889,581725,49,581774
3890,581824,4,581828
3891,581855,63,581918
3892,581991,2,581993
3893,582140,33,582173
3894,582353,25,582378
3895,582396,34,582430
3896,582465,106,582571
3897,582589,9,582598
3898,582624,4,582628
3899,582660,7,582667
3900,582679,77,582756
3901,582968,56,583024
3902,583101,48,583149
3903,583281,42,583323
3904,583475,2,583477
3905,583506,54,583560
3906,583616,187,583803
3907,583843,10,583853
3908,583897,17,583914
3909,584099,12,584111
3910,584305,64,584369
3911,584372,104,584476
3912,584519,251,584770
3913,585032,11,585043
3914,585174,4,585178
3915,585383,34,585417
3916,585551,84,585635
3917,585738,7,585745
3918,585756,18,585774
3919,585784,37,585821
3920,585944,1,585945
3921,585956,25,585981
3922,586040,42,586082
3923,586276,96,586372
3924,586511,73,586584
3925,586748,5,586753
3926,586774,41,586815
3927,587018,15,587033
3928,587110,73,587183
3929,587305,141,587446
3930,587560,29,587589
3931,587627,44,587671
3932,587865,91,587956
3933,587964,27,587991
3934,588037,32,588069
3935,588341,71,588412
3936,588482,50,588532
3937,588716,4,588720
3938,588779,81,588860
3939,588871,48,588919
3940,589046,20,589066
3941,589127,23,589150
3942,589496,28,589524
3943,589593,61,589654
3944,589804,65,589869
3945,590330,3,590333
3946,590431,23,590454
3947,590542,106,590648
3948,590764,47,590811
3949,590812,72,590884
3950,591124,6,591130
3951,591178,23,591201
3952,591254,7,591261
3953,591265,38,591303
3954,591389,18,591407
3955,591683,10,591693
3956,591885,34,591919
3957,591989,33,592022
3958,592114,39,592153
3959,592181,90,592271
3960,592315,16,592331
3961,592439,47,592486
3962,592618,283,592901
3963,592943,50,592993
3964,593034,35,593069
3965,593154,79,593233
3966,593376,145,593521
3967,593523,3,593526
3968,593541,41,593582
3969,593670,12,593682
3970,593830,3,593833
3971,593867,193,594060
3972,594073,49,594122
3973,594142,4,594146
3974,594152,45,594197
3975,594334,83,594417
3976,594462,8,594470
3977,594678,5,594683
3978,594804,63,594867
3979,595190,12,595202
3980,595462,6,595468
3981,595482,63,595545
3982,595560,238,595798
3983,595833,31,595864
3984,595928,6,595934
3985,595987,9,595996
3986,596010,70,596080
3987,596162,108,596270
3988,596290,48,596338
3989,596392,13,596405
3990,596548,12,596560
3991,596646,56,596702
3992,596901,5,596906
3993,596948,71,597019
3994,597025,10,597035
3995,597063,17,597080
3996,597222,14,597236
3997,597296,64,597360
3998,597412,16,597428
3999,597593,24,597617
4000,597631,23,597654
4001,597867,22,597889
4002,597909,16,597925
4003,597975,37,598012
4004,598087,93,598180
4005,598240,76,598316
4006,598375,24,598399
4007,598677,7,598684
4008,598881,81,598962
4009,599097,56,599153
4010,599307,27,599334
4011,599479,1,599480
4012,599548,25,599573
4013,599576,18,599594
4014,599639,110,599749
4015,599782,43,599825
4016,599944,31,599975
4017,600036,47,600083
4018,600217,44,600261
4019,600439,34,600473
4020,600651,3,600654
4021,600666,83,600749
4022,600817,36,600853
4023,601126,6,601132
4024,601287,48,601335
4025,601636,243,601879
4026,602046,20,602066
4027,602138,8,602146
4028,602155,33,602188
4029,602221,6,602227
4030,602653,2,602655
4031,602794,48,602842
4032,602890,12,602902
4033,603014,4,603018
4034,603030,6,603036
4035,603041,3,603044
4036,603274,138,603412
4037,603492,41,603533
4038,603994,72,604066
4039,604076,24,604100
4040,604339,10,604349
4041,604379,9,604388
4042,604454,226,604680
4043,604755,35,604790
4044,605364,16,605380
4045,605501,8,605509
4046,605510,74,605584
4047,605718,98,605816
4048,605864,58,605922
4049,606235,23,606258
4050,606360,7,606367
4051,606412,82,606494
4052,606515,33,606548
4053,606601,81,606682
4054,606819,257,607076
4055,607212,43,607255
4056,607437,2,607439
4057,607440,242,607682
4058,608283,41,608324
4059,608358,25,608383
4060,608439,34,608473
4061,608506,18,608524
4062,608765,31,608796
4063,608946,16,608962
4064,609008,20,609028
4065,609101,18,609119
4066,609155,21,609176
4067,609193,12,609205
4068,609401,1,609402
4069,609641,2,609643
4070,609704,11,609715
4071,609723,70,609793
4072,609872,1,609873
4073,609896,131,610027
4074,610044,79,610123
4075,610208,36,610244
4076,610292,81,610373
4077,610444,200,610644
4078,610719,43,610762
4079,610868,98,610966
4080,611033,83,611116
4081,611133,24,611157
4082,611410,111,611521
4083,611536,44,611580
4084,611584,87,611671
4085,611729,25,611754
4086,611780,16,611796
4087,611893,60,611953
4088,611989,31,612020
4089,612045,75,612120
4090,612378,121,612499
4091,612559,24,612583
4092,612701,15,612716
4093,612755,12,612767
4094,613017,116,613133
4095,613302,20,613322
4096,613395,18,613413
4097,614150,4,614154
4098,614303,12,614315
4099,614330,1,614331
4100,614360,42,614402
4101,614438,92,614530
4102,614555,57,614612
4103,614631,93,614724
4104,614874,68,614942
4105,614943,52,614995
4106,615013,32,615045
4107,615089,69,615158
4108,615247,66,615313
4109,615318,86,615404
4110,615508,68,615576
4111,615608,122,615730
4112,615797,20,615817
4113,615852,23,615875
4114,615999,20,616019
4115,616076,228,616304
4116,616420,8,616428
4117,616577,15,616592
4118,616699,18,616717
4119,616763,133,616896
4120,616924,29,616953
4121,616985,21,617006
4122,617098,109,617207
4123,617232,4,617236
4124,617291,1,617292
4125,617349,4,617353
4126,617436,173,617609
4127,617856,43,617899
4128,617922,29,617951
4129,617993,11,618004
4130,618238,101,618339
4131,618480,4,618484
4132,618773,10,618783
4133,618806,114,618920
4134,618925,17,618942
4135,619081,29,619110
4136,619142,47,619189
4137,619227,24,619251
4138,619255,80,619335
4139,619341,58,619399
4140,619403,36,619439
4141,619573,38,619611
4142,619641,57,619698
4143,619992,110,620102
4144,620125,9,620134
4145,620315,11,620326
4146,620443,1,620444
4147,620473,39,620512
4148,620675,34,620709
4149,620804,105,620909
4150,621069,12,621081
4151,621192,26,621218
4152,621242,32,621274
4153,621647,68,621715
4154,621717,1,621718
4155,621797,122,621919
4156,622048,74,622122
4157,622172,94,622266
4158,622286,69,622355
4159,622565,4,622569
4160,622661,129,622790
4161,622952,1,622953
4162,623046,145,623191
4163,623197,10,623207
4164,623231,11,623242
4165,623405,85,623490
4166,623550,8,623558
4167,623585,12,623597
4168,623631,2,623633
4169,623938,27,623965
4170,624446,42,624488
4171,624545,10,624555
4172,624958,54,625012
4173,625047,37,625084
4174,625085,93,625178
4175,625193,13,625206
4176,625422,40,625462
4177,625542,21,625563
4178,625586,36,625622
4179,625654,6,625660
4180,625880,51,625931
4181,626010,4,626014
4182,626235,12,626247
4183,626248,114,626362
4184,626499,55,626554
4185,626947,22,626969
4186,627215,64,627279
4187,627365,62,627427
4188,627514,14,627528
4189,627570,36,627606
4190,627627,226,627853
4191,627854,67,627921
4192,627922,67,627989
4193,628072,59,628131
4194,628161,47,628208
4195,628256,15,628271
4196,628317,21,628338
4197,628368,27,628395
4198,628779,36,628815
4199,628817,2,628819
4200,629132,64,629196
4201,629220,62,629282
4202,629288,116,629404
4203,629445,35,629480
4204,629543,76,629619
4205,629742,7,629749
4206,629767,45,629812
4207,629931,55,629986
4208,630381,38,630419
4209,630424,92,630516
4210,630696,82,630778
4211,630887,90,630977
4212,631265,73,631338
4213,631434,1,631435
4214,631641,49,631690
4215,631769,22,631791
4216,632120,99,632219
4217,632228,120,632348
4218,632413,4,632417
4219,632577,85,632662
4220,632669,113,632782
4221,633279,4,633283
4222,633310,119,633429
4223,633568,54,633622
4224,633625,87,633712
4225,633835,8,633843
4226,633884,56,633940
4227,634049,128,634177
4228,634767,110,634877
4229,634914,26,634940
4230,634958,14,634972
4231,634986,177,635163
4232,635205,43,635248
4233,635274,2,635276
4234,635733,123,635856
4235,635953,41,635994
4236,636140,18,636158
4237,636238,17,636255
4238,636363,152,636515
4239,636587,16,636603
4240,636605,177,636782
4241,636839,18,636857
4242,637022,5,637027
4243,637060,112,637172
4244,637191,63,637254
4245,637353,70,637423
4246,637496,91,637587
4247,637777,165,637942
4248,638038,3,638041
4249,638048,105,638153
4250,638168,91,638259
4251,638375,23,638398
4252,638429,21,638450
4253,638626,14,638640
4254,638841,92,638933
4255,639026,79,639105
4256,639246,11,639257
4257,639292,23,639315
4258,639411,23,639434
4259,639493,27,639520
4260,639655,52,639707
4261,639924,19,639943
4262,640116,141,640257
4263,640333,104,640437
4264,640481,6,640487
4265,640522,62,640584
4266,640605,25,640630
4267,640640,35,640675
4268,640698,7,640705
4269,640770,82,640852
4270,640959,12,640971
4271,641142,156,641298
4272,641374,43,641417
4273,641765,15,641780
4274,641794,18,641812
4275,641947,22,641969
4276,642020,19,642039
4277,642072,23,642095
4278,642181,18,642199
4279,642285,113,642398
4280,642400,1,642401
4281,642428,37,642465
4282,642555,16,642571
4283,642622,11,642633
4284,642641,166,642807
4285,643058,37,643095
4286,643231,11,643242
4287,643384,25,643409
4288,643433,33,643466
4289,643597,8,643605
4290,643806,17,643823
4291,643869,13,643882
4292,643948,50,643998
4293,644073,19,644092
4294,644107,81,644188
4295,644320,13,644333
4296,644371,51,644422
4297,644569,14,644583
4298,644669,24,644693
4299,644737,14,644751
4300,644772,146,644918
4301,645115,54,645169
4302,645183,167,645350
4303,645396,88,645484
4304,645627,46,645673
4305,645742,57,645799
4306,645989,27,646016
4307,646247,31,646278
4308,646360,74,646434
4309,646438,157,646595
4310,646675,56,646731
4311,646740,4,646744
4312,646774,17,646791
4313,646813,31,646844
4314,647129,81,647210
4315,647338,172,647510
4316,647558,37,647595
4317,647685,2,647687
4318,647881,6,647887
4319,648013,10,648023
4320,648191,22,648213
4321,648347,48,648395
4322,648453,48,648501
4323,648529,30,648559
4324,648606,61,648667
4325,648943,13,648956
4326,649019,10,649029
4327,649297,5,649302
4328,649357,141,649498
4329,649506,5,649511
4330,649514,85,649599
4331,649697,15,649712
4332,649893,18,649911
4333,650145,56,650201
4334,650360,73,650433
4335,650475,9,650484
4336,650551,121,650672
4337,650678,87,650765
4338,651045,1,651046
4339,651264,160,651424
4340,651501,108,651609
4341,651630,39,651669
4342,651759,62,651821
4343,651853,82,651935
4344,652082,48,652130
4345,652217,24,652241
4346,652266,73,652339
4347,652521,6,652527
4348,652535,14,652549
4349,652658,54,652712
4350,652825,14,652839
4351,652906,123,653029
4352,653089,28,653117
4353,653171,10,653181
4354,653286,24,653310
4355,653564,73,653637
4356,653753,27,653780
4357,653830,100,653930
4358,653968,36,654004
4359,654054,4,654058
4360,654090,52,654142
4361,654354,79,654433
4362,654445,72,654517
4363,654617,141,654758
4364,655023,31,655054
4365,655079,34,655113
4366,655147,32,655179
4367,655324,37,655361
4368,655418,25,655443
4369,655444,186,655630
4370,655693,12,655705
4371,655845,84,655929
4372,655951,46,655997
4373,656085,130,656215
4374,656259,46,656305
4375,656386,24,656410
4376,656490,128,656618
4377,656646,13,656659
4378,656748,21,656769
4379,656798,11,656809
4380,656855,4,656859
4381,656897,13,656910
4382,656945,2,656947
4383,657047,38,657085
4384,657137,159,657296
4385,657527,12,657539
4386,657563,63,657626
4387,657760,26,657786
4388,657794,89,657883
4389,657952,28,657980
4390,658073,26,658099
4391,658163,118,658281
4392,658383,86,658469
4393,658491,17,658508
4394,658544,173,658717
4395,658748,16,658764
4396,658790,32,658822
4397,658831,30,658861
4398,658885,27,658912
4399,659004,56,659060
4400,659160,27,659187
4401,659419,93,659512
4402,659600,22,659622
4403,659731,23,659754
4404,659910,6,659916
4405,660382,63,660445
4406,660513,35,660548
4407,660701,15,660716
4408,660802,76,660878
4409,660897,365,661262
4410,661414,28,661442
4411,661490,24,661514
4412,661610,60,661670
4413,661749,80,661829
4414,661874,43,661917
4415,661965,24,661989
4416,662243,16,662259
4417,662389,111,662500
4418,662591,149,662740
4419,662761,92,662853
4420,662966,70,663036
4421,663039,9,663048
4422,663271,11,663282
4423,663464,31,663495
4424,663645,14,663659
4425,663725,164,663889
4426,663979,143,664122
4427,664181,72,664253
4428,664436,9,664445
4429,664464,47,664511
4430,664563,41,664604
4431,664828,40,664868
4432,664889,16,664905
4433,664910,69,664979
4434,664983,65,665048
4435,665096,24,665120
4436,665220,52,665272
4437,665436,76,665512
4438,665535,12,665547
4439,665614,322,665936
4440,666135,6,666141
4441,666227,98,666325
4442,666343,8,666351
4443,666476,2,666478
4444,666576,24,666600
4445,666614,66,666680
4446,666714,128,666842
4447,667092,7,667099
4448,667234,23,667257
4449,667313,22,667335
4450,667387,49,667436
4451,667738,27,667765
4452,667826,11,667837
4453,667920,2,667922
4454,668035,5,668040
4455,668172,81,668253
4456,668279,3,668282
4457,668319,86,668405
4458,668430,22,668452
4459,668591,63,668654
4460,668810,105,668915
4461,669100,59,669159
4462,669223,6,669229
4463,669260,4,669264
4464,669773,6,669779
4465,669833,23,669856
4466,669922,70,669992
4467,670032,26,670058
4468,670079,107,670186
4469,670303,108,670411
4470,670423,128,670551
4471,670632,14,670646
4472,670648,7,670655
4473,670688,70,670758
4474,670825,70,670895
4475,670932,76,671008
4476,671067,11,671078
4477,671147,80,671227
4478,671228,6,671234
4479,671422,9,671431
4480,671437,59,671496
4481,671501,16,671517
4482,671556,331,671887
4483,671910,20,671930
4484,672271,101,672372
4485,672418,64,672482
4486,672489,71,672560
4487,672764,13,672777
4488,672793,15,672808
4489,672813,26,672839
4490,673022,159,673181
4491,673298,19,673317
4492,673356,65,673421
4493,673533,3,673536
4494,673566,143,673709
4495,673731,28,673759
4496,673800,233,674033
4497,674074,51,674125
4498,674157,65,674222
4499,674278,74,674352
4500,674355,7,674362
4501,674400,35,674435
4502,674614,157,674771
4503,674805,64,674869
4504,674892,58,674950
4505,675142,58,675200
4506,675277,17,675294
4507,675372,128,675500
4508,675720,11,675731
4509,675905,22,675927
4510,675932,7,675939
4511,675978,91,676069
4512,676077,40,676117
4513,676202,17,676219
4514,676240,39,676279
4515,676348,230,676578
4516,676612,92,676704
4517,676705,57,676762
4518,676804,49,676853
4519,676855,1,676856
4520,676858,182,677040
4521,677140,4,677144
4522,677414,96,677510
4523,677617,150,677767
4524,678064,92,678156
4525,678160,81,678241
4526,678309,9,678318
4527,678335,51,678386
4528,678449,50,678499
4529,678566,51,678617
4530,678640,15,678655
4531,678657,22,678679
4532,678935,52,678987
4533,679083,25,679108
4534,679358,28,679386
4535,679491,50,679541
4536,679593,87,679680
4537,679694,2,679696
4538,679765,48,679813
4539,679942,57,679999
4540,680045,39,680084
4541,680130,53,680183
4542,680271,11,680282
4543,680311,27,680338
4544,680618,125,680743
4545,680814,22,680836
4546,680956,19,680975
4547,681035,3,681038
4548,681303,99,681402
4549,681440,21,681461
4550,681617,12,681629
4551,681630,184,681814
4552,682209,39,682248
4553,682316,75,682391
4554,682415,14,682429
4555,682444,13,682457
4556,682474,18,682492
4557,682711,57,682768
4558,682876,13,682889
4559,682900,34,682934
4560,683123,45,683168
4561,683200,142,683342
4562,683632,113,683745
4563,683769,32,683801
4564,683842,8,683850
4565,684076,54,684130
4566,684229,23,684252
4567,684473,24,684497
4568,684604,25,684629
4569,684687,56,684743
4570,684861,5,684866
4571,684936,133,685069
4572,685115,4,685119
4573,685241,14,685255
4574,685355,11,685366
4575,685408,24,685432
4576,685478,132,685610
4577,685757,32,685789
4578,685807,12,685819
4579,686289,31,686320
4580,686370,30,686400
4581,686401,99,686500
4582,686512,6,686518
4583,686613,58,686671
4584,686728,10,686738
4585,686998,30,687028
4586,687156,128,687284
4587,687616,18,687634
4588,687642,55,687697
4589,687886,4,687890
4590,688003,71,688074
4591,688236,78,688314
4592,688386,42,688428
4593,688549,5,688554
4594,688588,77,688665
4595,688743,73,688816
4596,688824,15,688839
4597,688842,88,688930
4598,689062,17,689079
4599,689236,78,689314
4600,689622,31,689653
4601,689707,5,689712
4602,689748,16,689764
4603,689953,22,689975
4604,690016,15,690031
4605,690064,1,690065
4606,690088,37,690125
4607,690197,28,690225
4608,690454,7,690461
4609,690792,142,690934
4610,691046,4,691050
4611,691226,41,691267
4612,691409,46,691455
4613,691466,32,691498
4614,691567,113,691680
4615,691896,116,692012
4616,692305,103,692408
4617,692581,4,692585
4618,692709,55,692764
4619,692804,260,693064
4620,693103,72,693175
4621,693356,34,693390
4622,693525,10,693535
4623,693549,8,693557
4624,693574,39,693613
4625,693626,125,693751
4626,693950,20,693970
4627,694036,6,694042
4628,694117,113,694230
4629,694516,64,694580
4630,694663,30,694693
4631,694744,79,694823
4632,694936,136,695072
4633,695110,4,695114
4634,695131,36,695167
4635,695600,8,695608
4636,695714,2,695716
4637,695743,61,695804
4638,695895,253,696148
4639,696255,71,696326
4640,696529,175,696704
4641,696748,27,696775
4642,697010,25,697035
4643,697264,19,697283
4644,697391,27,697418
4645,697475,109,697584
4646,697597,39,697636
4647,697658,26,697684
4648,697794,27,697821
4649,697844,5,697849
4650,698062,17,698079
4651,698089,11,698100
4652,698215,76,698291
4653,698406,32,698438
4654,698446,32,698478
4655,698487,25,698512
4656,698733,41,698774
4657,698786,56,698842
4658,698873,1,698874
4659,698895,55,698950
4660,699055,7,699062
4661,699318,59,699377
4662,699449,30,699479
4663,699506,54,699560
4664,699598,5,699603
4665,699789,20,699809
4666,699880,21,699901
4667,700097,16,700113
4668,700161,64,700225
4669,700232,18,700250
4670,700251,8,700259
4671,700752,21,700773
4672,700863,32,700895
4673,700980,25,701005
4674,701009,21,701030
4675,701115,85,701200
4676,701332,34,701366
4677,701457,65,701522
4678,701570,4,701574
4679,701579,14,701593
4680,701597,295,701892
4681,701916,132,702048
4682,702052,21,702073
4683,702248,58,702306
4684,702687,12,702699
4685,703123,10,703133
4686,703179,19,703198
4687,703247,58,703305
4688,703308,197,703505
4689,703535,140,703675
4690,703807,12,703819
4691,703820,97,703917
4692,703975,17,703992
4693,704052,25,704077
4694,704136,8,704144
4695,704172,42,704214
4696,704225,3,704228
4697,704334,66,704400
4698,704517,101,704618
4699,704677,29,704706
4700,704737,3,704740
4701,704829,43,704872
4702,705009,166,705175
4703,705256,16,705272
4704,705300,30,705330
4705,705427,83,705510
4706,705572,18,705590
4707,705620,56,705676
4708,705740,7,705747
4709,705808,111,705919
4710,705991,22,706013
4711,706139,59,706198
4712,706392,1,706393
4713,706516,85,706601
4714,706811,103,706914
4715,706951,1,706952
4716,706956,38,706994
4717,707008,45,707053
4718,707114,41,707155
4719,707342,5,707347
4720,707370,2,707372
4721,707604,99,707703
4722,707739,14,707753
4723,708042,44,708086
4724,708103,13,708116
4725,708262,63,708325
4726,708392,13,708405
4727,708437,90,708527
4728,708770,74,708844
4729,708920,140,709060
4730,709181,4,709185
4731,709233,45,709278
4732,709307,21,709328
4733,709353,24,709377
4734,709427,1,709428
4735,709441,46,709487
4736,709995,82,710077
4737,710106,76,710182
4738,710287,13,710300
4739,710361,58,710419
4740,710486,11,710497
4741,710622,147,710769
4742,710839,16,710855
4743,710893,122,711015
4744,711091,20,711111
4745,711121,84,711205
4746,711219,132,711351
4747,711424,16,711440
4748,711484,168,711652
4749,711738,33,711771
4750,711917,4,711921
4751,712095,12,712107
4752,712138,5,712143
4753,712255,35,712290
4754,712493,92,712585
4755,712756,6,712762
4756,712911,131,713042
4757,713331,8,713339
4758,713438,80,713518
4759,713543,51,713594
4760,713597,50,713647
4761,713731,164,713895
4762,714006,41,714047
4763,714380,11,714391
4764,714545,14,714559
4765,714918,22,714940
4766,714978,183,715161
4767,715218,50,715268
4768,715390,4,715394
4769,715424,123,715547
4770,715652,16,715668
4771,715770,20,715790
4772,715920,1,715921
4773,715959,22,715981
4774,716223,36,716259
4775,716321,211,716532
4776,716648,11,716659
4777,716735,70,716805
4778,716872,124,716996
4779,717031,1,717032
4780,717203,53,717256
4781,717369,18,717387
4782,717673,29,717702
4783,717779,36,717815
4784,717818,52,717870
4785,718034,60,718094
4786,718230,29,718259
4787,718262,224,718486
4788,718529,59,718588
4789,718659,77,718736
4790,718962,6,718968
4791,718999,46,719045
4792,719086,45,719131
4793,719192,114,719306
4794,719449,24,719473
4795,719561,90,719651
4796,719657,8,719665
4797,719982,29,720011
4798,720065,7,720072
4799,720198,9,720207
4800,720302,37,720339
4801,720525,6,720531
4802,720750,98,720848
4803,720855,7,720862
4804,720957,18,720975
4805,721036,5,721041
4806,721196,30,721226
4807,721319,22,721341
4808,721541,85,721626
4809,721740,10,721750
4810,721797,88,721885
4811,721977,131,722108
4812,722208,12,722220
4813,722294,13,722307
4814,722426,14,722440
4815,722891,7,722898
4816,723049,13,723062
4817,723274,63,723337
4818,723392,167,723559
4819,723576,144,723720
4820,723771,24,723795
4821,723846,110,723956
4822,724130,5,724135
4823,724307,11,724318
4824,724354,44,724398
4825,724600,77,724677
4826,724753,45,724798
4827,724806,53,724859
4828,725138,7,725145
4829,725285,4,725289
4830,725361,22,725383
4831,725399,68,725467
4832,725531,17,725548
4833,725614,31,725645
4834,725668,19,725687
4835,726050,10,726060
4836,726094,44,726138
4837,726147,124,726271
4838,726669,11,726680
4839,726707,26,726733
4840,726787,44,726831
4841,726970,4,726974
4842,727142,105,727247
4843,727255,26,727281
4844,727469,2,727471
4845,727618,33,727651
4846,727732,9,727741
4847,727747,12,727759
4848,727984,55,728039
4849,728069,1,728070
4850,728188,37,728225
4851,728296,24,728320
4852,728339,53,728392
4853,728505,17,728522
4854,728601,36,728637
4855,728789,8,728797
4856,728814,19,728833
4857,728933,2,728935
4858,729027,8,729035
4859,729400,70,729470
4860,729571,62,729633
4861,729654,152,729806
4862,729890,65,729955
4863,730379,87,730466
4864,730666,49,730715
4865,730794,20,730814
4866,730832,17,730849
4867,730865,22,730887
4868,730900,11,730911
4869,731009,36,731045
4870,731133,9,731142
4871,731383,5,731388
4872,731407,32,731439
4873,731445,46,731491
4874,731758,20,731778
4875,731781,56,731837
4876,731859,114,731973
4877,731991,57,732048
4878,732050,1,732051
4879,732094,14,732108
4880,732172,4,732176
4881,732192,28,732220
4882,732554,26,732580
4883,732727,175,732902
4884,733128,55,733183
4885,733255,135,733390
4886,733435,136,733571
4887,733696,3,733699
4888,733868,10,733878
4889,733965,275,734240
4890,734254,25,734279
4891,734329,44,734373
4892,734433,9,734442
4893,734480,27,734507
4894,734545,5,734550
4895,734889,99,734988
4896,735145,114,735259
4897,735315,12,735327
4898,735612,7,735619
4899,735763,212,735975
4900,736052,9,736061
4901,736235,93,736328
4902,736586,33,736619
4903,736701,11,736712
4904,736802,16,736818
4905,736933,13,736946
4906,737032,64,737096
4907,737127,26,737153
4908,737201,66,737267
4909,737338,173,737511
4910,737519,63,737582
4911,737641,20,737661
4912,737691,40,737731
4913,737957,97,738054
4914,738343,4,738347
4915,738348,9,738357
4916,738531,114,738645
4917,738683,10,738693
4918,738926,27,738953
4919,738993,76,739069
4920,739153,9,739162
4921,739309,48,739357
4922,739443,103,739546
4923,739637,46,739683
4924,739818,92,739910
4925,740057,50,740107
4926,740136,34,740170
4927,740303,78,740381
4928,740434,8,740442
4929,740474,141,740615
4930,740743,113,740856
4931,740944,10,740954
4932,741063,32,741095
4933,741129,45,741174
4934,741211,214,741425
4935,741454,63,741517
4936,741611,52,741663
4937,741744,50,741794
4938,741875,136,742011
4939,742017,34,742051
4940,742159,31,742190
4941,742218,25,742243
4942,742268,35,742303
4943,742512,12,742524
4944,742687,154,742841
4945,742980,11,742991
4946,743009,36,743045
4947,743062,32,743094
4948,743113,45,743158
4949,743378,17,743395
4950,743686,43,743729
4951,743804,30,743834
4952,744067,98,744165
4953,744177,72,744249
4954,744367,24,744391
4955,744409,25,744434
4956,744616,91,744707
4957,744775,28,744803
4958,745070,12,745082
4959,745259,60,745319
4960,745348,22,745370
4961,745487,32,745519
4962,745561,9,745570
4963,745606,25,745631
4964,745659,69,745728
4965,745769,30,745799
4966,745958,72,746030
4967,746271,50,746321
4968,746642,79,746721
4969,746779,25,746804
4970,746810,9,746819
4971,746910,43,746953
4972,747077,38,747115
4973,747156,9,747165
4974,747276,23,747299
4975,747477,119,747596
4976,747606,1,747607
4977,747682,307,747989
4978,748094,29,748123
4979,748181,82,748263
4980,748397,14,748411
4981,748415,3,748418
4982,748433,79,748512
4983,748526,18,748544
4984,748730,22,748752
4985,748836,31,748867
4986,749066,15,749081
4987,749369,109,749478
4988,749566,24,749590
4989,749643,74,749717
4990,749735,15,749750
4991,749820,24,749844
4992,749923,16,749939
4993,749946,52,749998
4994,750205,3,750208
4995,750249,14,750263
4996,750462,117,750579
4997,750970,28,750998
4998,751055,4,751059
4999,751067,10,751077
5000,751133,100,751233
5001,751384,9,751393
5002,751407,13,751420
5003,751720,174,751894
5004,751942,11,751953
5005,752156,56,752212
5006,752334,40,752374
5007,752670,48,752718
5008,752746,57,752803
5009,752903,21,752924
5010,752966,1,752967
5011,753031,44,753075
5012,753228,41,753269
5013,753466,20,753486
5014,753516,6,753522
5015,753808,166,753974
5016,754583,67,754650
5017,754755,18,754773
5018,754943,3,754946
5019,755036,214,755250
5020,755312,49,755361
5021,755573,42,755615
5022,755663,67,755730
5023,755986,96,756082
5024,756136,39,756175
5025,756176,36,756212
5026,756238,19,756257
5027,756470,28,756498
5028,756563,19,756582
5029,756727,56,756783
5030,756943,13,756956
5031,757134,12,757146
5032,757297,71,757368
5033,757390,19,757409
5034,757733,206,757939
5035,758039,29,758068
5036,758093,81,758174
5037,758778,56,758834
5038,758934,30,758964
5039,759259,88,759347
5040,759349,134,759483
5041,759571,262,759833
5042,759850,63,759913
5043,759998,61,760059
5044,760441,126,760567
5045,760599,24,760623
5046,760697,1,760698
5047,760845,112,760957
5048,761183,10,761193
5049,761380,43,761423
5050,761529,25,761554
5051,761857,40,761897
5052,761948,50,761998
5053,762197,19,762216
5054,762464,47,762511
5055,762527,24,762551
5056,762745,7,762752
5057,762773,13,762786
5058,762891,31,762922
5059,763013,24,763037
5060,763093,123,763216
5061,763264,3,763267
5062,763462,148,763610
5063,763855,17,763872
5064,763991,18,764009
5065,764052,155,764207
5066,764288,59,764347
5067,764485,1,764486
5068,764632,50,764682
5069,764684,7,764691
5070,764716,94,764810
5071,764934,42,764976
5072,765093,75,765168
5073,765290,67,765357
5074,765458,23,765481
5075,765659,18,765677
5076,765698,29,765727
5077,765888,41,765929
5078,766160,39,766199
5079,766434,9,766443
5080,766583,95,766678
5081,766763,121,766884
5082,766920,11,766931
5083,767030,51,767081
5084,767154,8,767162
5085,767259,257,767516
5086,767945,10,767955
5087,768012,25,768037
5088,768078,19,768097
5089,768107,14,768121
5090,768204,1,768205
5091,768239,118,768357
5092,768359,68,768427
5093,768654,27,768681
5094,768702,32,768734
5095,768795,36,768831
5096,768835,45,768880
5097,768928,59,768987
5098,769040,87,769127
5099,769149,54,769203
5100,769308,84,769392
5101,769596,17,769613
5102,769645,14,769659
5103,769737,33,769770
5104,769856,26,769882
5105,769985,34,770019
5106,770026,71,770097
5107,770154,4,770158
5108,770209,4,770213
5109,770300,25,770325
5110,770328,146,770474
5111,770550,131,770681
5112,770688,59,770747
5113,770789,14,770803
5114,770852,101,770953
5115,771149,49,771198
5116,771267,18,771285
5117,771464,22,771486
5118,771605,19,771624
5119,771714,8,771722
5120,771724,23,771747
5121,771759,6,771765
5122,771772,76,771848
5123,771948,58,772006
5124,772069,19,772088
5125,772195,22,772217
5126,772229,64,772293
5127,772454,189,772643
5128,772646,211,772857
5129,772863,24,772887
5130,772994,79,773073
5131,773420,37,773457
5132,773507,2,773509
5133,773517,2,773519
5134,773610,27,773637
5135,773717,5,773722
5136,773817,16,773833
5137,774007,59,774066
5138,774071,30,774101
5139,774126,43,774169
5140,774328,118,774446
5141,774618,37,774655
5142,774744,130,774874
5143,774966,7,774973
5144,775058,55,775113
5145,775301,1,775302
5146,775344,1,775345
5147,775499,96,775595
5148,775627,70,775697
5149,775727,6,775733
5150,776001,113,776114
5151,776226,7,776233
5152,776290,2,776292
5153,776377,111,776488
5154,776555,31,776586
5155,776664,53,776717
5156,777036,11,777047
5157,777108,22,777130
5158,777162,19,777181
5159,777210,20,777230
5160,777409,12,777421
5161,777623,15,777638
5162,777674,15,777689
5163,777735,19,777754
5164,777846,7,777853
5165,778065,145,778210
5166,778291,119,778410
5167,778465,209,778674
5168,778739,4,778743
5169,778747,18,778765
5170,778801,161,778962
5171,778981,12,778993
5172,779000,27,779027
5173,779052,1,779053
5174,779091,25,779116
5175,779188,27,779215
5176,779237,6,779243
5177,779396,63,779459
5178,779594,21,779615
5179,779656,13,779669
5180,779680,65,779745
5181,779938,101,780039
5182,780082,143,780225
5183,780243,49,780292
5184,780343,6,780349
5185,780410,161,780571
5186,780808,7,780815
5187,780833,18,780851
5188,780892,13,780905
5189,780980,89,781069
5190,781254,11,781265
5191,781275,69,781344
5192,781355,55,781410
5193,781526,42,781568
5194,781716,35,781751
5195,781785,13,781798
5196,781834,86,781920
5197,781948,2,781950
5198,781960,164,782124
5199,782156,98,782254
5200,782293,129,782422
5201,782544,25,782569
5202,782733,28,782761
5203,782844,12,782856
5204,782978,9,782987
5205,783131,42,783173
5206,783418,1,783419
5207,783448,42,783490
5208,783521,16,783537
5209,783853,63,783916
5210,783959,7,783966
5211,784030,154,784184
5212,784219,48,784267
5213,784345,5,784350
5214,784638,22,784660
5215,784693,42,784735
5216,784778,15,784793
5217,784961,88,785049
5218,785110,8,785118
5219,785167,78,785245
5220,785453,55,785508
5221,785578,10,785588
5222,785675,179,785854
5223,786010,139,786149
5224,786320,11,786331
5225,786398,37,786435
5226,786451,18,786469
5227,786542,95,786637
5228,786643,6,786649
5229,786661,14,786675
5230,786723,34,786757
5231,786977,136,787113
5232,787256,101,787357
5233,787696,62,787758
5234,787821,25,787846
5235,787872,3,787875
5236,788002,45,788047
5237,788113,5,788118
5238,788304,97,788401
5239,788481,18,788499
5240,788566,41,788607
5241,788671,71,788742
5242,788758,15,788773
5243,788813,7,788820
5244,788837,2,788839
5245,788914,67,788981
5246,789023,6,789029
5247,789054,73,789127
5248,789360,7,789367
5249,789793,80,789873
5250,789881,39,789920
5251,789943,40,789983
5252,790109,27,790136
5253,790160,117,790277
5254,790308,14,790322
5255,790477,52,790529
5256,790555,39,790594
5257,790613,5,790618
5258,790697,33,790730
5259,790757,11,790768
5260,790814,24,790838
5261,790858,16,790874
5262,791019,34,791053
5263,791104,13,791117
5264,791203,62,791265
5265,791295,71,791366
5266,791689,14,791703
5267,791763,36,791799
5268,791996,30,792026
5269,792116,26,792142
5270,792149,22,792171
5271,792630,120,792750
5272,792805,15,792820
5273,792866,16,792882
5274,792916,12,792928
5275,792957,23,792980
5276,793124,127,793251
5277,793324,206,793530
5278,793762,75,793837
5279,793920,12,793932
5280,793956,1,793957
5281,793995,1,793996
5282,794174,60,794234
5283,794658,140,794798
5284,794919,3,794922
5285,795212,53,795265
5286,795512,4,795516
5287,795599,32,795631
5288,795673,7,795680
5289,795712,38,795750
5290,795758,53,795811
5291,795893,5,795898
5292,795941,105,796046
5293,796146,54,796200
5294,796229,49,796278
5295,796306,8,796314
5296,796424,42,796466
5297,796551,24,796575
5298,796653,6,796659
5299,796674,38,796712
5300,796742,1,796743
5301,796746,23,796769
5302,796808,85,796893
5303,797002,35,797037
5304,797054,99,797153
5305,797168,53,797221
5306,797534,29,797563
5307,797653,11,797664
5308,797761,64,797825
5309,797867,63,797930
5310,797942,5,797947
5311,797993,4,797997
5312,798217,28,798245
5313,798258,41,798299
5314,798325,31,798356
5315,798414,18,798432
5316,798502,13,798515
5317,798720,189,798909
5318,798944,14,798958
5319,798988,25,799013
5320,799179,56,799235
5321,799455,30,799485
5322,799609,71,799680
5323,799844,20,799864
5324,799879,36,799915
5325,800154,8,800162
5326,800175,128,800303
5327,800309,40,800349
5328,800404,125,800529
5329,800606,121,800727
5330,800788,80,800868
5331,800980,88,801068
5332,801089,27,801116
5333,801182,61,801243
5334,801280,140,801420
5335,801493,3,801496
5336,801517,30,801547
5337,801803,3,801806
5338,801912,33,801945
5339,801986,33,802019
5340,802193,89,802282
5341,802579,48,802627
5342,802714,46,802760
5343,802804,41,802845
5344,802848,6,802854
5345,803004,11,803015
5346,803024,18,803042
5347,803440,96,803536
5348,803573,66,803639
5349,803758,158,803916
5350,803965,23,803988
5351,803999,127,804126
5352,804668,24,804692
5353,804720,28,804748
5354,804781,79,804860
5355,805114,105,805219
5356,805295,29,805324
5357,805345,24,805369
5358,805387,50,805437
5359,805551,100,805651
5360,805683,16,805699
5361,805820,66,805886
5362,806102,127,806229
5363,806346,76,806422
5364,806562,9,806571
5365,806712,42,806754
5366,806836,2,806838
5367,806903,12,806915
5368,807062,2,807064
5369,807101,58,807159
5370,807488,6,807494
5371,807530,34,807564
5372,807756,66,807822
5373,808086,15,808101
5374,808397,73,808470
5375,808666,103,808769
5376,809020,30,809050
5377,809095,32,809127
5378,809203,228,809431
5379,809603,49,809652
5380,809906,27,809933
5381,809935,4,809939
5382,810135,21,810156
5383,810208,18,810226
5384,810243,105,810348
5385,810618,26,810644
5386,810752,137,810889
5387,810916,3,810919
5388,810986,75,811061
5389,811256,126,811382
5390,811520,79,811599
5391,811878,11,811889
5392,811940,58,811998
5393,812170,65,812235
5394,812409,31,812440
5395,812465,7,812472
5396,812620,8,812628
5397,812720,8,812728
5398,812739,179,812918
5399,812949,1,812950
5400,812951,23,812974
5401,813129,22,813151
5402,813171,29,813200
5403,813239,70,813309
5404,813356,1,813357
5405,813414,27,813441
5406,813543,20,813563
5407,813704,39,813743
5408,813950,3,813953
5409,813962,21,813983
5410,814004,70,814074
5411,814104,91,814195
5412,814206,39,814245
5413,814639,2,814641
5414,814771,38,814809
5415,814821,28,814849
5416,814958,28,814986
5417,815030,10,815040
5418,815135,4,815139
5419,815275,80,815355
5420,815364,55,815419
5421,815864,25,815889
5422,815908,129,816037
5423,816146,203,816349
5424,816418,19,816437
5425,816479,209,816688
5426,816809,25,816834
5427,816848,25,816873
5428,817032,76,817108
5429,817109,37,817146
5430,817167,95,817262
5431,817271,2,817273
5432,817379,24,817403
5433,817422,96,817518
5434,817699,28,817727
5435,817761,60,817821
5436,817968,6,817974
5437,818012,152,818164
5438,818265,200,818465
5439,818494,233,818727
5440,818773,111,818884
5441,819016,35,819051
5442,819189,1,819190
5443,819215,52,819267
5444,819280,28,819308
5445,819316,29,819345
5446,819356,77,819433
5447,819462,1,819463
5448,819582,69,819651
5449,819731,2,819733
5450,819788,53,819841
5451,819889,2,819891
5452,819994,7,820001
5453,820425,65,820490
5454,820527,70,820597
5455,821047,47,821094
5456,821123,22,821145
5457,821207,113,821320
5458,821483,27,821510
5459,821576,52,821628
5460,821669,14,821683
5461,821791,23,821814
5462,821929,74,822003
5463,822004,57,822061
5464,822379,43,822422
5465,822492,19,822511
5466,822609,163,822772
5467,822802,2,822804
5468,822845,122,822967
5469,823038,2,823040
5470,823050,6,823056
5471,823312,67,823379
5472,823466,10,823476
5473,823492,95,823587
5474,823626,148,823774
5475,823815,10,823825
5476,823999,23,824022
5477,824287,11,824298
5478,824479,61,824540
5479,824582,32,824614
5480,824621,24,824645
5481,824711,11,824722
5482,825020,12,825032
5483,825095,18,825113
5484,825158,60,825218
5485,825632,22,825654
5486,825850,8,825858
5487,826171,39,826210
5488,826339,40,826379
5489,826597,127,826724
5490,826787,25,826812
5491,826855,145,827000
5492,827024,70,827094
5493,827267,20,827287
5494,827463,30,827493
5495,827562,61,827623
5496,827693,65,827758
5497,827799,1,827800
5498,827965,117,828082
5499,828150,48,828198
5500,828262,32,828294
5501,828379,137,828516
5502,828674,43,828717
5503,828766,65,828831
5504,828936,38,828974
5505,829037,43,829080
5506,829420,5,829425
5507,829447,148,829595
5508,829757,6,829763
5509,829786,41,829827
5510,829918,101,830019
5511,830037,9,830046
5512,830055,24,830079
5513,830333,175,830508
5514,830557,9,830566
5515,830671,97,830768
5516,830804,34,830838
5517,830977,39,831016
5518,831020,28,831048
5519,831171,4,831175
5520,831241,9,831250
5521,831310,32,831342
5522,831554,37,831591
5523,831631,210,831841
5524,831982,61,832043
5525,832115,84,832199
5526,832222,1,832223
5527,832227,99,832326
5528,832369,24,832393
5529,832775,4,832779
5530,832909,67,832976
5531,833000,34,833034
5532,833054,23,833077
5533,833123,33,833156
5534,833251,31,833282
5535,833288,52,833340
5536,833532,48,833580
5537,833612,23,833635
5538,833698,10,833708
5539,833720,6,833726
5540,833767,7,833774
5541,833924,49,833973
5542,834277,92,834369
5543,834656,33,834689
5544,834738,54,834792
5545,834952,24,834976
5546,835343,4,835347
5547,835377,62,835439
5548,835448,45,835493
5549,835564,38,835602
5550,835707,12,835719
5551,835755,128,835883
5552,835981,80,836061
5553,836524,18,836542
5554,836550,13,836563
5555,836574,26,836600
5556,836668,90,836758
5557,836810,85,836895
5558,837018,4,837022
5559,837085,32,837117
5560,837203,26,837229
5561,837264,101,837365
5562,837489,4,837493
5563,837565,6,837571
5564,837921,24,837945
5565,837946,3,837949
5566,838146,20,838166
5567,838177,104,838281
5568,838292,37,838329
5569,838348,22,838370
5570,838406,14,838420
5571,838438,5,838443
5572,838632,87,838719
5573,838884,72,838956
5574,838969,8,838977
5575,839014,7,839021
5576,839181,17,839198
5577,839207,42,839249
5578,839341,45,839386
5579,839395,27,839422
5580,839470,34,839504
5581,839524,33,839557
5582,839596,52,839648
5583,839670,35,839705
5584,839854,3,839857
5585,840155,87,840242
5586,840358,10,840368
5587,840738,55,840793
5588,840832,238,841070
5589,841129,67,841196
5590,841244,7,841251
5591,841301,18,841319
5592,841441,142,841583
5593,841604,37,841641
5594,841952,7,841959
5595,841996,29,842025
5596,842036,9,842045
5597,842116,66,842182
5598,842183,106,842289
5599,842329,176,842505
5600,842558,128,842686
5601,842940,8,842948
5602,842979,119,843098
5603,843121,63,843184
5604,843231,24,843255
5605,843283,17,843300
5606,843478,95,843573
5607,843774,36,843810
5608,843871,19,843890
5609,843908,27,843935
5610,843936,9,843945
5611,844077,16,844093
5612,844110,95,844205
5613,844441,71,844512
5614,844614,57,844671
5615,844686,7,844693
5616,844858,17,844875
5617,844979,154,845133
5618,845151,3,845154
5619,845240,3,845243
5620,845328,10,845338
5621,845364,73,845437
5622,845592,29,845621
5623,845710,16,845726
5624,845920,17,845937
5625,845986,70,846056
5626,846077,47,846124
5627,846140,39,846179
5628,846429,80,846509
5629,846521,30,846551
5630,846597,23,846620
5631,846633,53,846686
5632,846976,64,847040
5633,847166,13,847179
5634,847199,25,847224
5635,847278,62,847340
5636,847419,11,847430
5637,847741,19,847760
5638,847793,11,847804
5639,847918,30,847948
5640,848252,67,848319
5641,848367,14,848381
5642,848548,20,848568
5643,848569,29,848598
5644,848667,3,848670
5645,849052,52,849104
5646,849107,104,849211
5647,849457,18,849475
5648,849739,49,849788
5649,849827,9,849836
5650,849845,16,849861
5651,849883,176,850059
5652,850120,78,850198
5653,850359,29,850388
5654,850431,2,850433
5655,850463,9,850472
5656,850711,4,850715
5657,850776,59,850835
5658,850954,1,850955
5659,851328,6,851334
5660,851345,36,851381
5661,851491,19,851510
5662,851525,32,851557
5663,851601,81,851682
5664,851719,45,851764
5665,851805,4,851809
5666,851815,62,851877
5667,851977,18,851995
5668,852009,21,852030
5669,852354,93,852447
5670,852652,122,852774
5671,852854,97,852951
5672,853058,73,853131
5673,853163,62,853225
5674,853257,11,853268
5675,853356,14,853370
5676,853426,70,853496
5677,853695,4,853699
5678,853786,122,853908
5679,853946,64,854010
5680,854108,83,854191
5681,854224,6,854230
5682,854248,137,854385
5683,854392,39,854431
5684,855007,21,855028
5685,855076,47,855123
5686,855131,28,855159
5687,855188,54,855242
5688,855339,163,855502
5689,855579,268,855847
5690,856037,17,856054
5691,856083,70,856153
5692,856203,56,856259
5693,856481,135,856616
5694,856636,81,856717
5695,856763,104,856867
5696,856923,7,856930
5697,856946,29,856975
5698,857136,34,857170
5699,857377,10,857387
5700,857441,26,857467
5701,857542,112,857654
5702,857929,15,857944
5703,857984,11,857995
5704,858034,34,858068
5705,858109,18,858127
5706,858261,61,858322
5707,858389,15,858404
5708,858518,179,858697
5709,858851,41,858892
5710,858964,233,859197
5711,859296,185,859481
5712,859587,61,859648
5713,859689,13,859702
5714,859728,1,859729
5715,859746,159,859905
5716,859990,15,860005
5717,860017,8,860025
5718,860103,18,860121
5719,860233,52,860285
5720,860287,2,860289
5721,860426,78,860504
5722,860544,49,860593
5723,860662,19,860681
5724,861073,5,861078
5725,861122,48,861170
5726,861264,11,861275
5727,861417,184,861601
5728,861687,33,861720
5729,861750,69,861819
5730,861849,21,861870
5731,861887,31,861918
5732,861975,11,861986
5733,862002,62,862064
5734,862274,14,862288
5735,862311,15,862326
5736,862459,41,862500
5737,862638,5,862643
5738,862675,11,862686
5739,862729,102,862831
5740,862916,37,862953
5741,863068,16,863084
5742,863111,4,863115
5743,863182,1,863183
5744,863192,9,863201
5745,863324,32,863356
5746,863475,7,863482
5747,863484,30,863514
5748,863629,6,863635
5749,863683,21,863704
5750,863765,4,863769
5751,863806,60,863866
5752,863959,208,864167
5753,864250,37,864287
5754,864391,52,864443
5755,864487,72,864559
5756,864608,2,864610
5757,864660,28,864688
5758,864774,56,864830
5759,864962,72,865034
5760,865236,29,865265
5761,865605,66,865671
5762,865699,86,865785
5763,865788,50,865838
5764,865888,173,866061
5765,866188,4,866192
5766,866391,77,866468
5767,866499,21,866520
5768,866543,69,866612
5769,866646,21,866667
5770,866668,29,866697
5771,866779,35,866814
5772,866947,10,866957
5773,867253,27,867280
5774,867333,66,867399
5775,867489,89,867578
5776,867654,12,867666
5777,867801,13,867814
5778,867955,45,868000
5779,868104,29,868133
5780,868155,35,868190
5781,868236,30,868266
5782,868427,30,868457
5783,868631,17,868648
5784,868818,16,868834
5785,868868,20,868888
5786,868891,13,868904
5787,869048,1,869049
5788,869086,24,869110
5789,869117,94,869211
5790,869215,35,869250
5791,869408,91,869499
5792,869540,77,869617
5793,870000,35,870035
5794,870085,29,870114
5795,870191,42,870233
5796,870237,24,870261
5797,870392,6,870398
5798,870579,46,870625
5799,870755,17,870772
5800,870963,14,870977
5801,871113,112,871225
5802,871233,16,871249
5803,871521,261,871782
5804,871787,284,872071
5805,872082,14,872096
5806,872151,8,872159
5807,872200,116,872316
5808,872417,27,872444
5809,872514,44,872558
5810,872689,112,872801
5811,872905,161,873066
5812,873094,25,873119
5813,873174,103,873277
5814,873676,12,873688
5815,873740,43,873783
5816,874153,48,874201
5817,874833,14,874847
5818,874867,23,874890
5819,874934,86,875020
5820,875104,75,875179
5821,875262,26,875288
5822,875502,125,875627
5823,875836,63,875899
5824,876020,2,876022
5825,876063,173,876236
5826,876277,38,876315
5827,876418,6,876424
5828,876442,13,876455
5829,876506,13,876519
5830,876768,64,876832
5831,876967,102,877069
5832,877153,5,877158
5833,877268,4,877272
5834,877316,132,877448
5835,877716,36,877752
5836,877957,134,878091
5837,878223,2,878225
5838,878238,33,878271
5839,878391,197,878588
5840,878737,21,878758
5841,878866,23,878889
5842,879001,9,879010
5843,879013,31,879044
5844,879075,46,879121
5845,879167,66,879233
5846,879336,15,879351
5847,879413,44,879457
5848,879503,112,879615
5849,879662,104,879766
5850,879947,114,880061
5851,880108,7,880115
5852,880245,156,880401
5853,880478,42,880520
5854,880604,53,880657
5855,880675,44,880719
5856,880866,85,880951
5857,880973,299,881272
5858,881378,111,881489
5859,881511,6,881517
5860,881545,207,881752
5861,881862,153,882015
5862,882030,10,882040
5863,882121,15,882136
5864,882316,69,882385
5865,882415,28,882443
5866,882481,160,882641
5867,882741,76,882817
5868,883199,53,883252
5869,883522,140,883662
5870,883711,49,883760
5871,883902,9,883911
5872,883922,7,883929
5873,883932,6,883938
5874,884125,127,884252
5875,884310,1,884311
5876,884550,87,884637
5877,884757,62,884819
5878,884844,29,884873
5879,884982,143,885125
5880,885837,132,885969
5881,886142,131,886273
5882,886346,4,886350
5883,886365,38,886403
5884,886500,15,886515
5885,886635,28,886663
5886,886823,7,886830
5887,886860,40,886900
5888,886975,4,886979
5889,886987,93,887080
5890,887184,14,887198
5891,887296,44,887340
5892,887451,17,887468
5893,887512,127,887639
5894,887754,110,887864
5895,887932,16,887948
5896,888082,41,888123
5897,888230,23,888253
5898,888284,29,888313
5899,888328,63,888391
5900,888405,181,888586
5901,888652,70,888722
5902,888748,47,888795
5903,888895,103,888998
5904,889015,11,889026
5905,889085,39,889124
5906,889135,137,889272
5907,889373,58,889431
5908,889466,91,889557
5909,889912,27,889939
5910,889956,85,890041
5911,890184,89,890273
5912,890339,71,890410
5913,890461,49,890510
5914,890563,51,890614
5915,890644,19,890663
5916,890680,8,890688
5917,890765,93,890858
5918,890881,32,890913
5919,891144,80,891224
5920,891243,17,891260
5921,891323,37,891360
5922,891499,3,891502
5923,891575,141,891716
5924,891801,153,891954
5925,892072,35,892107
5926,892164,3,892167
5927,892229,3,892232
5928,892284,7,892291
5929,892313,61,892374
5930,892401,17,892418
5931,892492,33,892525
5932,892585,19,892604
5933,892628,24,892652
5934,892732,5,892737
5935,892843,28,892871
5936,892889,4,892893
5937,892925,23,892948
5938,893029,33,893062
5939,893117,103,893220
5940,893278,1,893279
5941,893484,2,893486
5942,893500,28,893528
5943,893584,19,893603
5944,893609,59,893668
5945,893853,7,893860
5946,894089,5,894094
5947,894180,18,894198
5948,894289,92,894381
5949,894699,21,894720
5950,894792,78,894870
5951,894881,30,894911
5952,895157,16,895173
5953,895286,33,895319
5954,895421,43,895464
5955,895525,41,895566
5956,895653,95,895748
5957,895882,10,895892
5958,896180,167,896347
5959,896460,36,896496
5960,896531,56,896587
5961,896610,10,896620
5962,896669,94,896763
5963,896823,64,896887
5964,897310,57,897367
5965,897415,16,897431
5966,897445,10,897455
5967,897530,76,897606
5968,897692,3,897695
5969,897721,123,897844
5970,897857,65,897922
5971,897926,1,897927
5972,898251,13,898264
5973,898279,32,898311
5974,898486,33,898519
5975,898535,58,898593
5976,898631,73,898704
5977,898808,122,898930
5978,899185,287,899472
5979,899684,1,899685
5980,899738,21,899759
5981,900104,6,900110
5982,900142,9,900151
5983,900207,6,900213
5984,900431,27,900458
5985,900599,24,900623
5986,900967,28,900995
5987,901313,107,901420
5988,901497,49,901546
5989,901644,1,901645
5990,901658,6,901664
5991,901936,1,901937
5992,901989,27,902016
5993,902030,151,902181
5994,902183,35,902218
5995,902275,26,902301
5996,902414,10,902424
5997,902440,27,902467
5998,902490,71,902561
5999,902701,75,902776
6000,902836,29,902865
6001,902888,3,902891
6002,903007,6,903013
6003,903064,11,903075
6004,903079,102,903181
6005,903323,28,903351
6006,903489,71,903560
6007,903576,15,903591
6008,903729,27,903756
6009,903774,4,903778
6010,903875,26,903901
6011,903939,12,903951
6012,904120,10,904130
6013,904142,160,904302
6014,904377,26,904403
6015,904437,11,904448
6016,904493,140,904633
6017,904639,3,904642
6018,904817,81,904898
6019,905364,85,905449
6020,905490,46,905536
6021,905620,14,905634
6022,905700,66,905766
6023,905826,57,905883
6024,905894,16,905910
6025,905920,22,905942
6026,906087,112,906199
6027,906242,81,906323
6028,906537,48,906585
6029,906669,40,906709
6030,906748,21,906769
6031,906812,5,906817
6032,906819,53,906872
6033,906874,2,906876
6034,906923,58,906981
6035,907028,154,907182
6036,907215,7,907222
6037,907410,4,907414
6038,907432,232,907664
6039,907755,30,907785
6040,907903,132,908035
6041,908045,54,908099
6042,908264,10,908274
6043,908302,8,908310
6044,908355,76,908431
6045,908491,24,908515
6046,908525,17,908542
6047,908557,2,908559
6048,908581,37,908618
6049,908701,44,908745
6050,908903,19,908922
6051,908943,9,908952
6052,908993,2,908995
6053,909027,45,909072
6054,909324,16,909340
6055,909388,10,909398
6056,909417,8,909425
6057,909581,5,909586
6058,909691,172,909863
6059,909899,55,909954
6060,910010,98,910108
6061,910164,40,910204
6062,910215,37,910252
6063,910565,1,910566
6064,910812,6,910818
6065,910977,4,910981
6066,910999,13,911012
6067,911070,69,911139
6068,911365,30,911395
6069,911520,14,911534
6070,911550,82,911632
6071,911905,1,911906
6072,911919,98,912017
6073,912169,86,912255
6074,912421,65,912486
6075,912716,4,912720
6076,912998,29,913027
6077,913114,31,913145
6078,913424,53,913477
6079,913509,20,913529
6080,913545,26,913571
6081,913607,17,913624
6082,913848,4,913852
6083,913987,16,914003
6084,914052,7,914059
6085,914061,15,914076
6086,914218,40,914258
6087,914281,11,914292
6088,914365,60,914425
6089,914588,68,914656
6090,914748,35,914783
6091,914817,28,914845
6092,914906,42,914948
6093,914975,52,915027
6094,915278,24,915302
6095,915394,59,915453
6096,915481,15,915496
6097,915509,29,915538
6098,915642,38,915680
6099,915738,41,915779
6100,915985,16,916001
6101,916123,31,916154
6102,916160,22,916182
6103,916195,8,916203
6104,916266,28,916294
6105,916372,71,916443
6106,916450,84,916534
6107,916914,45,916959
6108,917130,17,917147
6109,917293,23,917316
6110,917504,20,917524
6111,917580,32,917612
6112,917639,7,917646
6113,917831,2,917833
6114,918215,37,918252
6115,918364,21,918385
6116,918398,5,918403
6117,918485,6,918491
6118,918758,19,918777
6119,918899,59,918958
6120,918986,81,919067
6121,919090,3,919093
6122,919120,14,919134
6123,919189,38,919227
6124,919395,108,919503
6125,919635,28,919663
6126,919854,8,919862
6127,919962,103,920065
6128,920394,26,920420
6129,920457,41,920498
6130,920630,109,920739
6131,920836,156,920992
6132,921180,28,921208
6133,921389,53,921442
6134,921449,126,921575
6135,921635,35,921670
6136,921686,2,921688
6137,921745,45,921790
6138,921853,68,921921
6139,921926,86,922012
6140,922110,17,922127
6141,922189,105,922294
6142,922493,54,922547
6143,922662,116,922778
6144,922906,35,922941
6145,923029,4,923033
6146,923059,137,923196
6147,923363,35,923398
6148,923868,59,923927
6149,923934,4,923938
6150,923990,29,924019
6151,924029,1,924030
6152,924189,27,924216
6153,924372,31,924403
6154,924553,10,924563
6155,924759,42,924801
6156,924843,31,924874
6157,925005,25,925030
6158,925116,47,925163
6159,925202,39,925241
6160,925425,25,925450
6161,925580,25,925605
6162,925638,36,925674
6163,925737,17,925754
6164,925773,78,925851
6165,925875,6,925881
6166,925953,45,925998
6167,926048,7,926055
6168,926077,45,926122
6169,926150,108,926258
6170,926292,77,926369
6171,926399,30,926429
6172,926635,17,926652
6173,926738,6,926744
6174,926756,83,926839
6175,927039,49,927088
6176,927183,1,927184
6177,927214,69,927283
6178,927369,35,927404
6179,927436,47,927483
6180,927524,3,927527
6181,927567,9,927576
6182,927694,23,927717
6183,927773,40,927813
6184,927860,24,927884
6185,928032,27,928059
6186,928204,41,928245
6187,928335,15,928350
6188,928359,7,928366
6189,928610,197,928807
6190,928910,41,928951
6191,928977,61,929038
6192,929256,96,929352
6193,929379,44,929423
6194,929547,103,929650
6195,929653,29,929682
6196,929746,158,929904
6197,929908,83,929991
6198,930111,23,930134
6199,930197,125,930322
6200,931018,20,931038
6201,931238,103,931341
6202,931375,69,931444
6203,931626,79,931705
6204,931749,11,931760
6205,931797,1,931798
6206,931818,13,931831
6207,931835,141,931976
6208,931978,14,931992
6209,932011,60,932071
6210,932073,61,932134
6211,932363,11,932374
6212,932419,36,932455
6213,932605,6,932611
6214,932617,6,932623
6215,932684,91,932775
6216,932788,9,932797
6217,933030,67,933097
6218,933178,39,933217
6219,933280,7,933287
6220,933340,44,933384
6221,933505,14,933519
6222,933917,13,933930
6223,934000,32,934032
6224,934077,122,934199
6225,934205,44,934249
6226,934328,24,934352
6227,934490,61,934551
6228,934668,41,934709
6229,934831,3,934834
6230,935012,84,935096
6231,935144,28,935172
6232,935416,10,935426
6233,935785,79,935864
6234,936036,66,936102
6235,936196,28,936224
6236,936227,18,936245
6237,936252,46,936298
6238,936416,1,936417
6239,936636,22,936658
6240,936667,318,936985
6241,937014,32,937046
6242,937194,5,937199
6243,937379,67,937446
6244,937635,65,937700
6245,937729,20,937749
6246,937906,76,937982
6247,937996,226,938222
6248,938230,26,938256
6249,938476,56,938532
6250,938542,12,938554
6251,938566,2,938568
6252,938589,135,938724
6253,938757,2,938759
6254,938996,110,939106
6255,939404,60,939464
6256,939667,2,939669
6257,939810,28,939838
6258,939886,156,940042
6259,940161,5,940166
6260,940183,69,940252
6261,940314,102,940416
6262,940506,54,940560
6263,940596,42,940638
6264,940813,88,940901
6265,940913,79,940992
6266,941211,12,941223
6267,941390,3,941393
6268,941424,34,941458
6269,941470,172,941642
6270,941693,6,941699
6271,941770,163,941933
6272,942000,74,942074
6273,942078,112,942190
6274,942210,70,942280
6275,942542,25,942567
6276,942620,14,942634
6277,942666,151,942817
6278,942862,51,942913
6279,943011,79,943090
6280,943113,18,943131
6281,943194,2,943196
6282,943259,4,943263
6283,943274,25,943299
6284,943349,40,943389
6285,943755,32,943787
6286,943849,25,943874
6287,943944,183,944127
6288,944205,15,944220
6289,944224,46,944270
6290,944400,5,944405
6291,944483,98,944581
6292,944698,197,944895
6293,944930,58,944988
6294,945042,54,945096
6295,945106,9,945115
6296,945278,47,945325
6297,945381,23,945404
6298,945462,32,945494
6299,945594,25,945619
6300,945696,45,945741
6301,945753,1,945754
6302,945792,81,945873
6303,945941,77,946018
6304,946126,91,946217
6305,946376,129,946505
6306,946575,33,946608
6307,946646,20,946666
6308,946869,2,946871
6309,946915,41,946956
6310,947102,52,947154
6311,947238,61,947299
6312,947317,21,947338
6313,947361,44,947405
6314,947438,23,947461
6315,947483,54,947537
6316,947564,179,947743
6317,947935,31,947966
6318,948081,76,948157
6319,948200,53,948253
6320,948379,52,948431
6321,948447,121,948568
6322,948627,17,948644
6323,948709,24,948733
6324,948770,16,948786
6325,948796,135,948931
6326,948959,84,949043
6327,949213,79,949292
6328,949672,10,949682
6329,949963,143,950106
6330,950430,73,950503
6331,950520,26,950546
6332,950770,32,950802
6333,950815,15,950830
6334,951006,1,951007
6335,951012,17,951029
6336,951339,105,951444
6337,951465,15,951480
6338,951514,53,951567
6339,951604,4,951608
6340,951634,42,951676
6341,951789,20,951809
6342,951810,8,951818
6343,952002,275,952277
6344,952345,10,952355
6345,952391,69,952460
6346,952474,110,952584
6347,952720,63,952783
6348,952932,43,952975
6349,953136,80,953216
6350,953219,14,953233
6351,953235,118,953353
6352,953377,16,953393
6353,953451,19,953470
6354,953520,56,953576
6355,953629,29,953658
6356,953730,43,953773
6357,953816,1,953817
6358,953920,8,953928
6359,954075,2,954077
6360,954157,37,954194
6361,954199,45,954244
6362,954380,130,954510
6363,954538,8,954546
6364,954553,2,954555
6365,954599,183,954782
6366,954834,13,954847
6367,954903,27,954930
6368,954949,1,954950
6369,955229,9,955238
6370,955246,103,955349
6371,955666,15,955681
6372,955817,35,955852
6373,955980,35,956015
6374,956043,51,956094
6375,956165,60,956225
6376,956337,21,956358
6377,956439,80,956519
6378,956810,64,956874
6379,957049,20,957069
6380,957109,22,957131
6381,957285,1,957286
6382,957636,9,957645
6383,957682,29,957711
6384,957870,86,957956
6385,958203,104,958307
6386,958482,15,958497
6387,958765,5,958770
6388,958816,60,958876
6389,958884,55,958939
6390,958962,15,958977
6391,958982,153,959135
6392,959180,37,959217
6393,959257,1,959258
6394,959307,34,959341
6395,959495,148,959643
6396,959995,16,960011
6397,960013,19,960032
6398,960062,8,960070
6399,960204,2,960206
6400,960218,132,960350
6401,960398,41,960439
6402,960460,36,960496
6403,960544,152,960696
6404,960857,68,960925
6405,960955,32,960987
6406,961379,69,961448
6407,961490,74,961564
6408,961686,68,961754
6409,961877,4,961881
6410,962023,13,962036
6411,962106,17,962123
6412,962390,96,962486
6413,962899,30,962929
6414,963126,27,963153
6415,963168,11,963179
6416,963391,4,963395
6417,963463,37,963500
6418,963502,58,963560
6419,963562,13,963575
6420,963601,62,963663
6421,963801,18,963819
6422,963846,79,963925
6423,964136,25,964161
6424,964282,9,964291
6425,964470,4,964474
6426,964530,9,964539
6427,964639,6,964645
6428,964657,32,964689
6429,964705,18,964723
6430,964729,57,964786
6431,964826,32,964858
6432,964923,4,964927
6433,964952,50,965002
6434,965146,120,965266
6435,965337,64,965401
6436,965438,151,965589
6437,965840,57,965897
6438,966040,39,966079
6439,966270,75,966345
6440,966390,99,966489
6441,966679,88,966767
6442,966857,12,966869
6443,967021,26,967047
6444,967081,155,967236
6445,967286,177,967463
6446,967553,35,967588
6447,967592,4,967596
6448,967888,12,967900
6449,968036,274,968310
6450,968338,91,968429
6451,968755,58,968813
6452,968819,65,968884
6453,968904,29,968933
6454,969068,15,969083
6455,969126,72,969198
6456,969264,19,969283
6457,969397,67,969464
6458,969587,112,969699
6459,969706,33,969739
6460,969810,8,969818
6461,970034,6,970040
6462,970073,21,970094
6463,970234,37,970271
6464,970272,61,970333
6465,970505,108,970613
6466,970730,206,970936
6467,970968,60,971028
6468,971203,9,971212
6469,971240,137,971377
6470,971483,19,971502
6471,971581,135,971716
6472,971757,216,971973
6473,972237,37,972274
6474,972367,16,972383
6475,972476,16,972492
6476,972545,21,972566
6477,972646,6,972652
6478,972658,8,972666
6479,972768,20,972788
6480,972800,39,972839
6481,973010,89,973099
6482,973177,14,973191
6483,973198,14,973212
6484,973313,140,973453
6485,973530,78,973608
6486,973711,16,973727
6487,973799,65,973864
6488,973875,1,973876
6489,973939,61,974000
6490,974118,51,974169
6491,974185,25,974210
6492,974261,78,974339
6493,974462,11,974473
6494,974523,28,974551
6495,974570,23,974593
6496,974833,34,974867
6497,974967,375,975342
6498,975349,5,975354
6499,975383,9,975392
6500,975481,7,975488
6501,975622,18,975640
6502,975693,10,975703
6503,975738,42,975780
6504,975797,33,975830
6505,975843,4,975847
6506,976221,43,976264
6507,976331,30,976361
6508,976431,85,976516
6509,976575,84,976659
6510,976780,30,976810
6511,976832,80,976912
6512,977153,244,977397
6513,977456,93,977549
6514,977571,50,977621
6515,977714,20,977734
6516,977738,31,977769
6517,977892,148,978040
6518,978094,10,978104
6519,978149,131,978280
6520,978695,11,978706
6521,978761,48,978809
6522,978942,13,978955
6523,979025,41,979066
6524,979194,28,979222
6525,979341,14,979355
6526,979360,16,979376
6527,979390,42,979432
6528,979605,12,979617
6529,979627,46,979673
6530,979719,43,979762
6531,980032,14,980046
6532,980090,26,980116
6533,980245,25,980270
6534,980353,39,980392
6535,980566,36,980602
6536,980750,11,980761
6537,980891,18,980909
6538,980964,17,980981
6539,981154,20,981174
6540,981311,38,981349
6541,981414,51,981465
6542,981479,50,981529
6543,981532,30,981562
6544,981921,40,981961
6545,981980,60,982040
6546,982288,70,982358
6547,982369,6,982375
6548,982389,54,982443
6549,982475,110,982585
6550,982673,112,982785
6551,982835,9,982844
6552,982872,36,982908
6553,982909,40,982949
6554,983035,13,983048
6555,983068,29,983097
6556,983187,32,983219
6557,983256,70,983326
6558,983355,48,983403
6559,983463,56,983519
6560,984264,13,984277
6561,984405,5,984410
6562,984500,87,984587
6563,984670,55,984725
6564,984763,6,984769
6565,984804,7,984811
6566,985122,125,985247
6567,985423,48,985471
6568,985510,73,985583
6569,985662,80,985742
6570,985745,5,985750
6571,985827,98,985925
6572,986059,16,986075
6573,986078,79,986157
6574,986188,353,986541
6575,986742,8,986750
6576,986821,165,986986
6577,987004,6,987010
6578,987030,129,987159
6579,987171,39,987210
6580,987309,3,987312
6581,987366,18,987384
6582,987444,7,987451
6583,987465,7,987472
6584,987735,18,987753
6585,988006,99,988105
6586,988133,56,988189
6587,988198,9,988207
6588,988214,45,988259
6589,988413,136,988549
6590,988782,35,988817
6591,988839,45,988884
6592,988971,143,989114
6593,989265,92,989357
6594,989464,43,989507
6595,989794,44,989838
6596,990081,7,990088
6597,990092,90,990182
6598,990277,9,990286
6599,990344,8,990352
6600,990593,24,990617
6601,990633,8,990641
6602,990820,138,990958
6603,991061,27,991088
6604,991126,1,991127
6605,991264,79,991343
6606,991474,33,991507
6607,991528,16,991544
6608,991770,84,991854
6609,991973,58,992031
6610,992089,44,992133
6611,992179,44,992223
6612,992418,115,992533
6613,992670,53,992723
6614,992897,51,992948
6615,993075,4,993079
6616,993182,19,993201
6617,993212,7,993219
6618,993232,30,993262
6619,993322,27,993349
6620,993512,62,993574
6621,993715,10,993725
6622,993769,17,993786
6623,994217,8,994225
6624,994250,38,994288
6625,994289,9,994298
6626,994303,66,994369
6627,994542,91,994633
6628,994764,2,994766
6629,994800,26,994826
6630,994943,64,995007
6631,995159,66,995225
6632,995257,33,995290
6633,995331,36,995367
6634,995388,38,995426
6635,995502,16,995518
6636,995528,2,995530
6637,995635,109,995744
6638,995747,184,995931
6639,995955,23,995978
6640,996318,98,996416
6641,996474,65,996539
6642,996570,70,996640
6643,996670,31,996701
6644,996725,33,996758
6645,996841,46,996887
6646,997108,44,997152
6647,997178,6,997184
6648,997189,22,997211
6649,997228,11,997239
6650,997297,80,997377
6651,997601,71,997672
6652,997809,23,997832
6653,997900,34,997934
6654,997994,6,998000
6655,998013,47,998060
6656,998068,69,998137
6657,998170,101,998271
6658,998275,64,998339
6659,998414,3,998417
6660,998611,40,998651
6661,998705,159,998864
6662,998869,35,998904
6663,999037,15,999052
6664,999061,122,999183
6665,999360,25,999385
6666,999387,13,999400
6667,999802,126,999928
6668,999952,29,999981
6669,1000115,151,1000266
6670,1000310,29,1000339
6671,1000383,8,1000391
6672,1000414,19,1000433
6673,1000434,3,1000437
6674,1000537,27,1000564
6675,1000593,65,1000658
6676,1000688,50,1000738
6677,1001039,1,1001040
6678,1001076,119,1001195
6679,1001250,10,1001260
6680,1001335,46,1001381
6681,1001435,78,1001513
6682,1001585,3,1001588
6683,1001766,52,1001818
6684,1001891,74,1001965
6685,1002369,439,1002808
6686,1002963,28,1002991
6687,1003093,34,1003127
6688,1003146,24,1003170
6689,1003179,40,1003219
6690,1003397,17,1003414
6691,1003419,14,1003433
6692,1003530,15,1003545
6693,1003551,429,1003980
6694,1004069,61,1004130
6695,1004143,13,1004156
6696,1004198,41,1004239
6697,1004360,12,1004372
6698,1004489,6,1004495
6699,1004534,30,1004564
6700,1004665,54,1004719
6701,1004826,24,1004850
6702,1004916,36,1004952
6703,1004988,28,1005016
6704,1005058,4,1005062
6705,1005307,3,1005310
6706,1005424,64,1005488
6707,1005612,28,1005640
6708,1005825,12,1005837
6709,1005929,125,1006054
6710,1006106,84,1006190
6711,1006220,74,1006294
6712,1006334,68,1006402
6713,1006479,75,1006554
6714,1006564,131,1006695
6715,1006706,115,1006821
6716,1006829,10,1006839
6717,1006852,6,1006858
6718,1007053,80,1007133
6719,1007245,25,1007270
6720,1007277,175,1007452
6721,1007463,53,1007516
6722,1007550,31,1007581
6723,1007622,47,1007669
6724,1007829,10,1007839
6725,1008309,117,1008426
6726,1008445,97,1008542
6727,1009091,79,1009170
6728,1009192,151,1009343
6729,1009431,34,1009465
6730,1009658,26,1009684
6731,1009970,76,1010046
6732,1010062,20,1010082
6733,1010119,104,1010223
6734,1010257,7,1010264
6735,1010470,78,1010548
6736,1010587,22,1010609
6737,1010726,90,1010816
6738,1010836,54,1010890
6739,1010925,7,1010932
6740,1011459,19,1011478
6741,1011529,174,1011703
6742,1011846,14,1011860
6743,1011939,61,1012000
6744,1012016,19,1012035
6745,1012049,20,1012069
6746,1012105,11,1012116
6747,1012145,40,1012185
6748,1012215,25,1012240
6749,1012368,63,1012431
6750,1012770,66,1012836
6751,1012847,17,1012864
6752,1012885,35,1012920
6753,1012925,105,1013030
6754,1013202,31,1013233
6755,1013413,25,1013438
6756,1013456,98,1013554
6757,1013761,17,1013778
6758,1013791,91,1013882
6759,1013911,2,1013913
6760,1014206,55,1014261
6761,1014276,50,1014326
6762,1014378,26,1014404
6763,1014527,116,1014643
6764,1014647,2,1014649
6765,1014894,64,1014958
6766,1015106,6,1015112
6767,1015115,3,1015118
6768,1015478,106,1015584
6769,1015659,28,1015687
6770,1015719,17,1015736
6771,1015974,42,1016016
6772,1016106,28,1016134
6773,1016294,119,1016413
6774,1016620,32,1016652
6775,1016805,19,1016824
6776,1016946,47,1016993
6777,1017132,111,1017243
6778,1017353,3,1017356
6779,1017403,55,1017458
6780,1017920,85,1018005
6781,1018182,173,1018355
6782,1018387,122,1018509
6783,1018780,14,1018794
6784,1018846,60,1018906
6785,1018959,97,1019056
6786,1019094,23,1019117
6787,1019378,85,1019463
6788,1019474,2,1019476
6789,1019706,28,1019734
6790,1020164,25,1020189
6791,1020275,58,1020333
6792,1020376,144,1020520
6793,1020569,124,1020693
6794,1020776,32,1020808
6795,1021144,19,1021163
6796,1021217,121,1021338
6797,1021499,6,1021505
6798,1021697,67,1021764
6799,1021935,244,1022179
6800,1022308,9,1022317
6801,1022333,22,1022355
6802,1022410,147,1022557
6803,1022632,283,1022915
6804,1023016,10,1023026
6805,1023029,18,1023047
6806,1023222,49,1023271
6807,1023296,122,1023418
6808,1023488,1,1023489
6809,1023825,9,1023834
6810,1024036,100,1024136
6811,1024174,40,1024214
6812,1024377,13,1024390
6813,1024411,72,1024483
6814,1024532,13,1024545
6815,1024802,43,1024845
6816,1024868,11,1024879
6817,1024953,130,1025083
6818,1025116,33,1025149
6819,1025152,22,1025174
6820,1025245,12,1025257
6821,1025308,77,1025385
6822,1025675,60,1025735
6823,1026020,29,1026049
6824,1026371,11,1026382
6825,1026482,47,1026529
6826,1026530,72,1026602
6827,1026710,105,1026815
6828,1026865,11,1026876
6829,1026976,71,1027047
6830,1027247,2,1027249
6831,1027262,35,1027297
6832,1027425,29,1027454
6833,1027496,23,1027519
6834,1027652,3,1027655
6835,1027685,306,1027991
6836,1028012,2,1028014
6837,1028019,106,1028125
6838,1028133,4,1028137
6839,1028297,34,1028331
6840,1028468,38,1028506
6841,1028540,65,1028605
6842,1028633,7,1028640
6843,1028712,46,1028758
6844,1028880,4,1028884
6845,1028976,88,1029064
6846,1029066,17,1029083
6847,1029180,53,1029233
6848,1029251,2,1029253
6849,1029469,4,1029473
6850,1029503,48,1029551
6851,1029855,42,1029897
6852,1030008,13,1030021
6853,1030254,314,1030568
6854,1030570,101,1030671
6855,1030729,1,1030730
6856,1030932,11,1030943
6857,1030950,101,1031051
6858,1031100,3,1031103
6859,1031266,11,1031277
6860,1031728,16,1031744
6861,1031821,7,1031828
6862,1031946,3,1031949
6863,1031991,37,1032028
6864,1032100,3,1032103
6865,1032149,59,1032208
6866,1032522,59,1032581
6867,1032626,6,1032632
6868,1032658,40,1032698
6869,1032731,59,1032790
6870,1032822,69,1032891
6871,1033114,43,1033157
6872,1033160,4,1033164
6873,1033636,12,1033648
6874,1033702,12,1033714
6875,1033945,21,1033966
6876,1034144,48,1034192
6877,1034356,26,1034382
6878,1034384,8,1034392
6879,1034492,10,1034502
6880,1034890,30,1034920
6881,1034985,53,1035038
6882,1035147,11,1035158
6883,1035294,53,1035347
6884,1035353,12,1035365
6885,1035564,7,1035571
6886,1035599,83,1035682
6887,1035726,54,1035780
6888,1035802,7,1035809
6889,1035847,77,1035924
6890,1036237,22,1036259
6891,1036364,53,1036417
6892,1036445,14,1036459
6893,1036474,66,1036540
6894,1036543,32,1036575
6895,1036693,2,1036695
6896,1036813,8,1036821
6897,1036829,39,1036868
6898,1036917,58,1036975
6899,1037018,14,1037032
6900,1037065,10,1037075
6901,1037187,12,1037199
6902,1037298,4,1037302
6903,1037409,32,1037441
6904,1037645,110,1037755
6905,1037774,17,1037791
6906,1037919,51,1037970
6907,1037982,3,1037985
6908,1038118,25,1038143
6909,1038181,158,1038339
6910,1038391,59,1038450
6911,1038509,173,1038682
6912,1038751,152,1038903
6913,1038937,102,1039039
6914,1039122,63,1039185
6915,1039208,51,1039259
6916,1039429,129,1039558
6917,1039664,44,1039708
6918,1039822,1,1039823
6919,1039951,103,1040054
6920,1040176,13,1040189
6921,1040237,17,1040254
6922,1040342,14,1040356
6923,1040496,14,1040510
6924,1040541,66,1040607
6925,1040627,68,1040695
6926,1040736,18,1040754
6927,1040821,146,1040967
6928,1041056,102,1041158
6929,1041199,39,1041238
6930,1041328,23,1041351
6931,1041352,44,1041396
6932,1041431,33,1041464
6933,1041498,35,1041533
6934,1041563,1,1041564
6935,1041774,139,1041913
6936,1042069,64,1042133
6937,1042135,23,1042158
6938,1042588,15,1042603
6939,1042916,79,1042995
6940,1043182,256,1043438
6941,1043451,59,1043510
6942,1043535,52,1043587
6943,1043599,35,1043634
6944,1043712,23,1043735
6945,1043932,17,1043949
6946,1043988,27,1044015
6947,1044212,85,1044297
6948,1044399,7,1044406
6949,1044434,26,1044460
6950,1044532,10,1044542
6951,1044607,60,1044667
6952,1044728,23,1044751
6953,1044821,9,1044830
6954,1044843,19,1044862
6955,1044911,125,1045036
6956,1045046,47,1045093
6957,1045115,53,1045168
6958,1045203,5,1045208
6959,1045235,46,1045281
6960,1045295,122,1045417
6961,1045421,99,1045520
6962,1046007,20,1046027
6963,1046112,221,1046333
6964,1046345,1,1046346
6965,1046367,4,1046371
6966,1046394,11,1046405
6967,1046642,22,1046664
6968,1046818,71,1046889
6969,1046980,83,1047063
6970,1047087,14,1047101
6971,1047108,10,1047118
6972,1047122,70,1047192
6973,1047270,58,1047328
6974,1047404,34,1047438
6975,1047653,72,1047725
6976,1047948,44,1047992
6977,1048080,7,1048087
6978,1048130,2,1048132
6979,1048162,283,1048445
6980,1048508,43,1048551
6981,1049045,26,1049071
6982,1049116,1,1049117
6983,1049119,3,1049122
6984,1049204,3,1049207
6985,1049266,108,1049374
6986,1049430,28,1049458
6987,1049468,103,1049571
6988,1049761,73,1049834
6989,1049876,15,1049891
6990,1049904,116,1050020
6991,1050032,61,1050093
6992,1050141,53,1050194
6993,1050288,42,1050330
6994,1050343,127,1050470
6995,1050852,14,1050866
6996,1051131,72,1051203
6997,1051456,140,1051596
6998,1051804,4,1051808
6999,1051906,53,1051959
7000,1052017,93,1052110
7001,1052211,20,1052231
7002,1052244,105,1052349
7003,1052424,76,1052500
7004,1052601,21,1052622
7005,1052637,99,1052736
7006,1052913,102,1053015
7007,1053207,82,1053289
7008,1053328,16,1053344
7009,1053598,55,1053653
7010,1053746,48,1053794
7011,1053881,38,1053919
7012,1053947,18,1053965
7013,1054013,72,1054085
7014,1054263,78,1054341
7015,1054353,17,1054370
7016,1054414,26,1054440
7017,1054492,23,1054515
7018,1054531,83,1054614
7019,1054698,299,1054997
7020,1055271,131,1055402
7021,1055592,7,1055599
7022,1055611,92,1055703
7023,1055752,18,1055770
7024,1055803,32,1055835
7025,1055851,66,1055917
7026,1055985,3,1055988
7027,1056469,165,1056634
7028,1056656,53,1056709
7029,1056805,9,1056814
7030,1056916,33,1056949
7031,1057094,18,1057112
7032,1057232,96,1057328
7033,1057471,33,1057504
7034,1057631,46,1057677
7035,1057703,18,1057721
7036,1057761,18,1057779
7037,1058122,30,1058152
7038,1058187,22,1058209
7039,1058353,16,1058369
7040,1058410,121,1058531
7041,1058547,74,1058621
7042,1058900,89,1058989
7043,1058997,68,1059065
7044,1059087,62,1059149
7045,1059158,36,1059194
7046,1059320,37,1059357
7047,1059361,7,1059368
7048,1059499,98,1059597
7049,1059649,166,1059815
7050,1059849,254,1060103
7051,1060106,16,1060122
7052,1060295,98,1060393
7053,1060406,68,1060474
7054,1060493,23,1060516
7055,1060702,130,1060832
7056,1060845,47,1060892
7057,1060896,17,1060913
7058,1060992,66,1061058
7059,1061239,14,1061253
7060,1061476,2,1061478
7061,1061620,37,1061657
7062,1061679,2,1061681
7063,1061870,1,1061871
7064,1062043,62,1062105
7065,1062354,9,1062363
7066,1062478,71,1062549
7067,1062806,19,1062825
7068,1063050,116,1063166
7069,1063173,95,1063268
7070,1063630,90,1063720
7071,1063764,2,1063766
7072,1063835,49,1063884
7073,1063933,5,1063938
7074,1063948,17,1063965
7075,1063995,3,1063998
7076,1064042,4,1064046
7077,1064161,50,1064211
7078,1064255,20,1064275
7079,1064281,37,1064318
7080,1064575,87,1064662
7081,1064792,48,1064840
7082,1065123,61,1065184
7083,1065212,1,1065213
7084,1065242,22,1065264
7085,1065380,42,1065422
7086,1065424,16,1065440
7087,1065446,180,1065626
7088,1065903,2,1065905
7089,1065909,3,1065912
7090,1065913,11,1065924
7091,1066134,19,1066153
7092,1066185,82,1066267
7093,1066545,40,1066585
7094,1066597,29,1066626
7095,1066741,2,1066743
7096,1066853,50,1066903
7097,1066918,39,1066957
7098,1066989,5,1066994
7099,1067285,9,1067294
7100,1067352,69,1067421
7101,1067451,2,1067453
7102,1067469,70,1067539
7103,1067737,19,1067756
7104,1067861,8,1067869
7105,1067997,10,1068007
7106,1068109,90,1068199
7107,1068424,65,1068489
7108,1068513,21,1068534
7109,1068611,28,1068639
7110,1068669,10,1068679
7111,1068807,20,1068827
7112,1068969,26,1068995
7113,1069135,49,1069184
7114,1069327,6,1069333
7115,1069336,6,1069342
7116,1069503,27,1069530
7117,1069631,8,1069639
7118,1069654,66,1069720
7119,1069735,53,1069788
7120,1069795,30,1069825
7121,1069861,30,1069891
7122,1070233,150,1070383
7123,1070518,229,1070747
7124,1070876,22,1070898
7125,1070966,101,1071067
7126,1071073,52,1071125
7127,1071223,99,1071322
7128,1071372,98,1071470
7129,1071484,22,1071506
7130,1071625,37,1071662
7131,1071821,8,1071829
7132,1071847,18,1071865
7133,1071896,3,1071899
7134,1072111,33,1072144
7135,1072266,90,1072356
7136,1072538,221,1072759
7137,1072918,99,1073017
7138,1073414,19,1073433
7139,1073547,26,1073573
7140,1073574,26,1073600
7141,1073620,7,1073627
7142,1073677,149,1073826
7143,1073839,34,1073873
7144,1074037,4,1074041
7145,1074070,35,1074105
7146,1074189,6,1074195
7147,1074198,131,1074329
7148,1074414,20,1074434
7149,1074440,54,1074494
7150,1074583,154,1074737
7151,1074793,35,1074828
7152,1074956,47,1075003
7153,1075104,24,1075128
7154,1075334,35,1075369
7155,1075382,5,1075387
7156,1075594,87,1075681
7157,1075776,105,1075881
7158,1075940,31,1075971
7159,1076133,61,1076194
7160,1076237,44,1076281
7161,1076458,24,1076482
7162,1076580,88,1076668
7163,1076738,13,1076751
7164,1076825,8,1076833
7165,1077117,43,1077160
7166,1077198,148,1077346
7167,1077461,88,1077549
7168,1077594,15,1077609
7169,1077667,32,1077699
7170,1077844,101,1077945
7171,1078224,9,1078233
7172,1078248,69,1078317
7173,1078367,138,1078505
7174,1078560,33,1078593
7175,1078654,14,1078668
7176,1078676,18,1078694
7177,1078696,15,1078711
7178,1078774,31,1078805
7179,1079048,34,1079082
7180,1079195,98,1079293
7181,1079303,119,1079422
7182,1079715,4,1079719
7183,1079725,106,1079831
7184,1080295,26,1080321
7185,1080346,57,1080403
7186,1080496,95,1080591
7187,1080639,74,1080713
7188,1080733,78,1080811
7189,1080848,38,1080886
7190,1081108,33,1081141
7191,1081160,14,1081174
7192,1081219,10,1081229
7193,1081542,37,1081579
7194,1081865,23,1081888
7195,1082008,104,1082112
7196,1082377,19,1082396
7197,1082407,23,1082430
7198,1082506,12,1082518
7199,1082697,378,1083075
7200,1083146,11,1083157
7201,1083161,54,1083215
7202,1083237,2,1083239
7203,1083283,57,1083340
7204,1083372,49,1083421
7205,1083897,21,1083918
7206,1083925,100,1084025
7207,1084088,31,1084119
7208,1084199,8,1084207
7209,1084268,109,1084377
7210,1084388,210,1084598
7211,1084651,248,1084899
7212,1084900,42,1084942
7213,1084950,5,1084955
7214,1085043,84,1085127
7215,1085134,16,1085150
7216,1085362,8,1085370
7217,1085493,99,1085592
7218,1085645,90,1085735
7219,1085816,88,1085904
7220,1086001,2,1086003
7221,1086193,9,1086202
7222,1086411,18,1086429
7223,1086538,3,1086541
7224,1086592,12,1086604
7225,1086736,46,1086782
7226,1086808,166,1086974
7227,1086980,27,1087007
7228,1087092,67,1087159
7229,1087254,4,1087258
7230,1087611,58,1087669
7231,1087683,41,1087724
7232,1087760,12,1087772
7233,1087795,26,1087821
7234,1087898,53,1087951
7235,1088074,82,1088156
7236,1088222,9,1088231
7237,1088297,47,1088344
7238,1088427,69,1088496
7239,1088634,41,1088675
7240,1088696,317,1089013
7241,1089121,3,1089124
7242,1089351,20,1089371
7243,1089605,17,1089622
7244,1089648,11,1089659
7245,1089661,163,1089824
7246,1089833,19,1089852
7247,1090052,31,1090083
7248,1090290,56,1090346
7249,1090479,74,1090553
7250,1090615,4,1090619
7251,1090626,39,1090665
7252,1090777,134,1090911
7253,1090947,9,1090956
7254,1091025,34,1091059
7255,1091083,108,1091191
7256,1091312,35,1091347
7257,1091406,6,1091412
7258,1091818,44,1091862
7259,1091997,77,1092074
7260,1092191,1,1092192
7261,1092337,14,1092351
7262,1092566,8,1092574
7263,1093003,136,1093139
7264,1093143,41,1093184
7265,1093503,45,1093548
7266,1093556,18,1093574
7267,1093810,53,1093863
7268,1093914,56,1093970
7269,1094100,81,1094181
7270,1094187,3,1094190
7271,1094217,200,1094417
7272,1094419,33,1094452
7273,1094606,35,1094641
7274,1094669,16,1094685
7275,1094785,3,1094788
7276,1094906,19,1094925
7277,1095041,16,1095057
7278,1095100,85,1095185
7279,1095479,37,1095516
7280,1095543,22,1095565
7281,1095690,14,1095704
7282,1095709,11,1095720
7283,1095806,45,1095851
7284,1096053,34,1096087
7285,1096176,132,1096308
7286,1096409,58,1096467
7287,1096516,61,1096577
7288,1096585,31,1096616
7289,1096797,2,1096799
7290,1096932,54,1096986
7291,1097576,122,1097698
7292,1097931,33,1097964
7293,1097997,82,1098079
7294,1098142,26,1098168
7295,1098247,10,1098257
7296,1098420,159,1098579
7297,1098932,52,1098984
7298,1099168,133,1099301
7299,1099644,42,1099686
7300,1099858,21,1099879
7301,1099965,33,1099998
7302,1100027,49,1100076
7303,1100144,26,1100170
7304,1100273,2,1100275
7305,1100309,15,1100324
7306,1100363,111,1100474
7307,1100598,56,1100654
7308,1100754,15,1100769
7309,1100852,6,1100858
7310,1101004,55,1101059
7311,1101139,13,1101152
7312,1101182,41,1101223
7313,1101293,3,1101296
7314,1101494,4,1101498
7315,1101638,28,1101666
7316,1101710,27,1101737
7317,1101759,15,1101774
7318,1101807,2,1101809
7319,1102124,40,1102164
7320,1102239,26,1102265
7321,1102319,119,1102438
7322,1102548,5,1102553
7323,1102804,59,1102863
7324,1102884,15,1102899
7325,1102974,18,1102992
7326,1103030,1,1103031
7327,1103178,9,1103187
7328,1103419,112,1103531
7329,1103562,104,1103666
7330,1103797,3,1103800
7331,1103819,66,1103885
7332,1103888,34,1103922
7333,1103936,41,1103977
7334,1103982,130,1104112
7335,1104255,73,1104328
7336,1104354,65,1104419
7337,1104456,98,1104554
7338,1104641,16,1104657
7339,1104773,149,1104922
7340,1104926,5,1104931
7341,1104983,58,1105041
7342,1105250,10,1105260
7343,1105314,3,1105317
7344,1105348,144,1105492
7345,1105611,60,1105671
7346,1105681,2,1105683
7347,1105684,31,1105715
7348,1105800,54,1105854
7349,1105924,4,1105928
7350,1106086,137,1106223
7351,1106439,26,1106465
7352,1106919,127,1107046
7353,1107152,5,1107157
7354,1107299,31,1107330
7355,1107529,90,1107619
7356,1107713,118,1107831
7357,1107973,30,1108003
7358,1108034,19,1108053
7359,1108067,29,1108096
7360,1108208,10,1108218
7361,1108313,52,1108365
7362,1108477,19,1108496
7363,1108829,49,1108878
7364,1108890,57,1108947
7365,1109129,94,1109223
7366,1109231,67,1109298
7367,1109308,98,1109406
7368,1109421,33,1109454
7369,1109558,7,1109565
7370,1109712,15,1109727
7371,1109773,47,1109820
7372,1110080,80,1110160
7373,1110199,2,1110201
7374,1110256,137,1110393
7375,1110443,12,1110455
7376,1110667,201,1110868
7377,1110871,221,1111092
7378,1111200,26,1111226
7379,1111232,173,1111405
7380,1111543,24,1111567
7381,1111591,4,1111595
7382,1111710,122,1111832
7383,1112024,18,1112042
7384,1112179,11,1112190
7385,1112206,5,1112211
7386,1112224,112,1112336
7387,1112430,8,1112438
7388,1112444,5,1112449
7389,1112600,33,1112633
7390,1112749,47,1112796
7391,1112827,7,1112834
7392,1112990,22,1113012
7393,1113294,23,1113317
7394,1113340,158,1113498
7395,1113829,111,1113940
7396,1113990,69,1114059
7397,1114155,35,1114190
7398,1114492,168,1114660
7399,1114741,37,1114778
7400,1114819,90,1114909
7401,1115146,14,1115160
7402,1115163,12,1115175
7403,1115203,127,1115330
7404,1115332,25,1115357
7405,1115405,8,1115413
7406,1115457,14,1115471
7407,1115544,21,1115565
7408,1115608,8,1115616
7409,1115641,30,1115671
7410,1115691,64,1115755
7411,1115928,43,1115971
7412,1116102,73,1116175
7413,1116259,7,1116266
7414,1116318,6,1116324
7415,1116359,29,1116388
7416,1116396,37,1116433
7417,1116637,38,1116675
7418,1116868,7,1116875
7419,1116883,19,1116902
7420,1117005,26,1117031
7421,1117142,17,1117159
7422,1117279,81,1117360
7423,1117388,143,1117531
7424,1117550,7,1117557
7425,1117577,115,1117692
7426,1117839,14,1117853
7427,1118000,30,1118030
7428,1118059,22,1118081
7429,1118164,42,1118206
7430,1118232,31,1118263
7431,1118326,49,1118375
7432,1118386,4,1118390
7433,1118400,19,1118419
7434,1118495,41,1118536
7435,1118544,49,1118593
7436,1118714,11,1118725
7437,1118740,27,1118767
7438,1118855,1,1118856
7439,1119108,12,1119120
7440,1119202,23,1119225
7441,1119296,18,1119314
7442,1119418,59,1119477
7443,1119504,89,1119593
7444,1119594,62,1119656
7445,1119697,86,1119783
7446,1119904,91,1119995
7447,1120078,27,1120105
7448,1120279,42,1120321
7449,1120324,158,1120482
7450,1120504,5,1120509
7451,1120561,19,1120580
7452,1120739,61,1120800
7453,1121021,2,1121023
7454,1121422,75,1121497
7455,1121537,156,1121693
7456,1121770,136,1121906
7457,1121929,92,1122021
7458,1122080,46,1122126
7459,1122383,72,1122455
7460,1122459,11,1122470
7461,1122517,27,1122544
7462,1122574,32,1122606
7463,1122648,29,1122677
7464,1122721,25,1122746
7465,1122839,73,1122912
7466,1122927,96,1123023
7467,1123433,141,1123574
7468,1123634,28,1123662
7469,1123667,53,1123720
7470,1123896,125,1124021
7471,1124505,7,1124512
7472,1124692,38,1124730
7473,1124780,1,1124781
7474,1124818,27,1124845
7475,1124897,12,1124909
7476,1125463,98,1125561
7477,1125601,34,1125635
7478,1125765,23,1125788
7479,1125844,73,1125917
7480,1126118,2,1126120
7481,1126170,97,1126267
7482,1126281,48,1126329
7483,1126442,40,1126482
7484,1126550,87,1126637
7485,1126784,13,1126797
7486,1127041,40,1127081
7487,1127307,18,1127325
7488,1127352,37,1127389
7489,1127513,38,1127551
7490,1127654,99,1127753
7491,1127927,12,1127939
7492,1128139,86,1128225
7493,1128288,5,1128293
7494,1128392,53,1128445
7495,1128453,155,1128608
7496,1128697,95,1128792
7497,1128933,36,1128969
7498,1128992,66,1129058
7499,1129116,16,1129132
7500,1129162,83,1129245
7501,1129349,53,1129402
7502,1129598,1,1129599
7503,1129686,160,1129846
7504,1130305,59,1130364
7505,1130584,164,1130748
7506,1131074,112,1131186
7507,1131214,30,1131244
7508,1131594,49,1131643
7509,1131644,63,1131707
7510,1131958,82,1132040
7511,1132241,10,1132251
7512,1132269,36,1132305
7513,1132389,52,1132441
7514,1132700,63,1132763
7515,1132850,33,1132883
7516,1132900,12,1132912
7517,1132931,30,1132961
7518,1132969,7,1132976
7519,1133006,3,1133009
7520,1133052,55,1133107
7521,1133322,189,1133511
7522,1133542,27,1133569
7523,1133581,26,1133607
7524,1133833,21,1133854
7525,1133891,13,1133904
7526,1134168,15,1134183
7527,1134189,80,1134269
7528,1134480,76,1134556
7529,1134573,10,1134583
7530,1134633,16,1134649
7531,1134768,14,1134782
7532,1134930,6,1134936
7533,1134996,43,1135039
7534,1135079,37,1135116
7535,1135254,43,1135297
7536,1135371,66,1135437
7537,1135978,5,1135983
7538,1136052,99,1136151
7539,1136245,14,1136259
7540,1136299,33,1136332
7541,1136392,1,1136393
7542,1136563,111,1136674
7543,1136707,34,1136741
7544,1136772,25,1136797
7545,1136816,11,1136827
7546,1136856,48,1136904
7547,1137002,160,1137162
7548,1137189,44,1137233
7549,1137273,19,1137292
7550,1137361,43,1137404
7551,1137420,46,1137466
7552,1137582,9,1137591
7553,1137594,18,1137612
7554,1137824,59,1137883
7555,1138243,21,1138264
7556,1138278,42,1138320
7557,1138466,147,1138613
7558,1138632,8,1138640
7559,1138765,87,1138852
7560,1138928,32,1138960
7561,1139098,90,1139188
7562,1139270,41,1139311
7563,1139372,33,1139405
7564,1139525,3,1139528
7565,1139566,67,1139633
7566,1139696,147,1139843
7567,1140004,28,1140032
7568,1140172,29,1140201
7569,1140404,104,1140508
7570,1140544,13,1140557
7571,1140688,24,1140712
7572,1140741,16,1140757
7573,1140866,21,1140887
7574,1140905,15,1140920
7575,1140931,13,1140944
7576,1141191,5,1141196
7577,1141207,23,1141230
7578,1141296,92,1141388
7579,1141551,18,1141569
7580,1141794,37,1141831
7581,1141989,51,1142040
7582,1142124,126,1142250
7583,1142280,21,1142301
7584,1142303,39,1142342
7585,1142423,9,1142432
7586,1142539,157,1142696
7587,1142879,35,1142914
7588,1142918,5,1142923
7589,1142952,8,1142960
7590,1143233,21,1143254
7591,1143325,101,1143426
7592,1143437,168,1143605
7593,1143607,64,1143671
7594,1143679,45,1143724
7595,1143927,39,1143966
7596,1144055,27,1144082
7597,1144097,137,1144234
7598,1144236,13,1144249
7599,1144413,23,1144436
7600,1144444,37,1144481
7601,1144551,49,1144600
7602,1144730,22,1144752
7603,1144863,126,1144989
7604,1145027,21,1145048
7605,1145204,62,1145266
7606,1145346,68,1145414
7607,1145470,133,1145603
7608,1145680,160,1145840
7609,1145929,14,1145943
7610,1146027,44,1146071
7611,1146164,19,1146183
7612,1146227,20,1146247
7613,1146546,37,1146583
7614,1146753,196,1146949
7615,1147095,17,1147112
7616,1147118,2,1147120
7617,1147157,47,1147204
7618,1147213,86,1147299
7619,1147315,4,1147319
7620,1147662,104,1147766
7621,1147999,17,1148016
7622,1148136,12,1148148
7623,1148402,152,1148554
7624,1148821,85,1148906
7625,1148956,21,1148977
7626,1149174,10,1149184
7627,1149237,14,1149251
7628,1149262,58,1149320
7629,1149363,93,1149456
7630,1149508,14,1149522
7631,1149525,133,1149658
7632,1149788,20,1149808
7633,1149976,16,1149992
7634,1150158,65,1150223
7635,1150306,84,1150390
7636,1150405,32,1150437
7637,1150490,43,1150533
7638,1150748,1,1150749
7639,1150951,1,1150952
7640,1150970,3,1150973
7641,1150975,42,1151017
7642,1151114,15,1151129
7643,1151273,18,1151291
7644,1151690,52,1151742
7645,1152104,93,1152197
7646,1152247,40,1152287
7647,1152309,1,1152310
7648,1152387,2,1152389
7649,1152396,11,1152407
7650,1152548,111,1152659
7651,1152696,22,1152718
7652,1152902,14,1152916
7653,1153029,51,1153080
7654,1153159,31,1153190
7655,1153239,31,1153270
7656,1153334,28,1153362
7657,1153462,7,1153469
7658,1153527,6,1153533
7659,1153715,47,1153762
7660,1153848,63,1153911
7661,1153994,37,1154031
7662,1154046,106,1154152
7663,1154154,1,1154155
7664,1154293,5,1154298
7665,1154395,5,1154400
7666,1154597,4,1154601
7667,1154665,43,1154708
7668,1154796,4,1154800
7669,1154850,30,1154880
7670,1155019,99,1155118
7671,1155205,4,1155209
7672,1155218,56,1155274
7673,1155295,19,1155314
7674,1155332,32,1155364
7675,1155397,2,1155399
7676,1155416,47,1155463
7677,1155807,27,1155834
7678,1155893,8,1155901
7679,1156065,171,1156236
7680,1156257,48,1156305
7681,1156319,27,1156346
7682,1156354,33,1156387
7683,1156443,21,1156464
7684,1156476,85,1156561
7685,1156624,13,1156637
7686,1156740,25,1156765
7687,1156914,85,1156999
7688,1157040,45,1157085
7689,1157187,10,1157197
7690,1157233,123,1157356
7691,1157478,31,1157509
7692,1157742,16,1157758
7693,1157869,108,1157977
7694,1158183,7,1158190
7695,1158388,56,1158444
7696,1158467,9,1158476
7697,1158947,53,1159000
7698,1159051,111,1159162
7699,1159217,71,1159288
7700,1159314,57,1159371
7701,1159468,37,1159505
7702,1159512,35,1159547
7703,1159890,57,1159947
7704,1159977,16,1159993
7705,1160413,130,1160543
7706,1160610,3,1160613
7707,1160672,9,1160681
7708,1160787,3,1160790
7709,1160845,19,1160864
7710,1161151,66,1161217
7711,1161357,24,1161381
7712,1161478,24,1161502
7713,1161824,13,1161837
7714,1161891,33,1161924
7715,1161936,111,1162047
7716,1162117,50,1162167
7717,1162211,67,1162278
7718,1162316,7,1162323
7719,1162430,18,1162448
7720,1162476,236,1162712
7721,1162720,21,1162741
7722,1162824,22,1162846
7723,1162861,8,1162869
7724,1163098,53,1163151
7725,1163188,56,1163244
7726,1163441,4,1163445
7727,1163459,59,1163518
7728,1163684,23,1163707
7729,1163876,3,1163879
7730,1163884,125,1164009
7731,1164031,133,1164164
7732,1164265,111,1164376
7733,1164415,11,1164426
7734,1164796,2,1164798
7735,1165101,141,1165242
7736,1165397,10,1165407
7737,1165414,6,1165420
7738,1165436,97,1165533
7739,1165651,67,1165718
7740,1165742,72,1165814
7741,1165826,29,1165855
7742,1165863,51,1165914
7743,1166103,27,1166130
7744,1166287,35,1166322
7745,1166330,32,1166362
7746,1166426,30,1166456
7747,1166636,82,1166718
7748,1166819,9,1166828
7749,1166859,12,1166871
7750,1166881,38,1166919
7751,1167019,4,1167023
7752,1167047,10,1167057
7753,1167286,17,1167303
7754,1167318,1,1167319
7755,1167378,23,1167401
7756,1167750,27,1167777
7757,1167825,102,1167927
7758,1168022,325,1168347
7759,1168365,199,1168564
7760,1168599,170,1168769
7761,1168783,42,1168825
7762,1168829,118,1168947
7763,1169083,77,1169160
7764,1169225,30,1169255
7765,1169526,39,1169565
7766,1169605,34,1169639
7767,1169681,50,1169731
7768,1169867,13,1169880
7769,1169965,60,1170025
7770,1170111,44,1170155
7771,1170267,10,1170277
7772,1170579,47,1170626
7773,1170645,7,1170652
7774,1170758,37,1170795
7775,1170851,3,1170854
7776,1170871,76,1170947
7777,1170953,80,1171033
7778,1171099,40,1171139
7779,1171262,12,1171274
7780,1171324,45,1171369
7781,1171453,93,1171546
7782,1171719,15,1171734
7783,1171876,4,1171880
7784,1171937,14,1171951
7785,1171964,7,1171971
7786,1172199,7,1172206
7787,1172494,116,1172610
7788,1172769,27,1172796
7789,1172803,26,1172829
7790,1172850,52,1172902
7791,1173041,190,1173231
7792,1173303,115,1173418
7793,1173462,77,1173539
7794,1173558,47,1173605
7795,1173671,207,1173878
7796,1174038,5,1174043
7797,1174175,51,1174226
7798,1174246,40,1174286
7799,1174318,3,1174321
7800,1174331,11,1174342
7801,1174494,74,1174568
7802,1174610,4,1174614
7803,1175057,19,1175076
7804,1175091,48,1175139
7805,1175226,32,1175258
7806,1175431,52,1175483
7807,1175492,10,1175502
7808,1175554,88,1175642
7809,1175693,71,1175764
7810,1175831,97,1175928
7811,1175944,47,1175991
7812,1176028,20,1176048
7813,1176058,59,1176117
7814,1176165,10,1176175
7815,1176233,96,1176329
7816,1176412,76,1176488
7817,1176525,57,1176582
7818,1176671,33,1176704
7819,1176733,27,1176760
7820,1176795,83,1176878
7821,1176888,71,1176959
7822,1177005,1,1177006
7823,1177052,56,1177108
7824,1177131,11,1177142
7825,1177410,18,1177428
7826,1177539,46,1177585
7827,1177631,19,1177650
7828,1178027,13,1178040
7829,1178085,12,1178097
7830,1178337,32,1178369
7831,1178467,92,1178559
7832,1178649,25,1178674
7833,1178991,24,1179015
7834,1179104,141,1179245
7835,1179256,4,1179260
7836,1179276,8,1179284
7837,1179318,57,1179375
7838,1179503,15,1179518
7839,1179893,65,1179958
7840,1180005,12,1180017
7841,1180061,22,1180083
7842,1180189,81,1180270
7843,1180721,87,1180808
7844,1180841,117,1180958
7845,1180999,31,1181030
7846,1181173,42,1181215
7847,1181353,42,1181395
7848,1181458,107,1181565
7849,1181826,21,1181847
7850,1181905,49,1181954
7851,1182034,18,1182052
7852,1182105,19,1182124
7853,1182160,39,1182199
7854,1182423,86,1182509
7855,1182677,69,1182746
7856,1182761,13,1182774
7857,1182787,14,1182801
7858,1182880,82,1182962
7859,1183124,25,1183149
7860,1183169,30,1183199
7861,1183204,51,1183255
7862,1183374,45,1183419
7863,1183444,80,1183524
7864,1183630,49,1183679
7865,1183794,110,1183904
7866,1183936,86,1184022
7867,1184096,36,1184132
7868,1184161,13,1184174
7869,1184186,29,1184215
7870,1184260,77,1184337
7871,1184349,5,1184354
7872,1184411,196,1184607
7873,1184729,17,1184746
7874,1184829,340,1185169
7875,1185215,39,1185254
7876,1185336,45,1185381
7877,1185409,7,1185416
7878,1185584,32,1185616
7879,1185663,103,1185766
7880,1185968,14,1185982
7881,1186050,66,1186116
7882,1186130,27,1186157
7883,1186173,37,1186210
7884,1186260,36,1186296
7885,1186348,4,1186352
7886,1186477,146,1186623
7887,1186741,26,1186767
7888,1186873,137,1187010
7889,1187093,14,1187107
7890,1187168,51,1187219
7891,1187373,61,1187434
7892,1187441,175,1187616
7893,1187779,68,1187847
7894,1187855,19,1187874
7895,1188088,45,1188133
7896,1188163,108,1188271
7897,1188319,14,1188333
7898,1188672,82,1188754
7899,1188969,79,1189048
7900,1189120,102,1189222
7901,1190000,23,1190023
7902,1190082,56,1190138
7903,1190169,2,1190171
7904,1190227,14,1190241
7905,1190243,31,1190274
7906,1190294,41,1190335
7907,1190436,30,1190466
7908,1190481,78,1190559
7909,1190963,67,1191030
7910,1191290,55,1191345
7911,1191377,8,1191385
7912,1191430,53,1191483
7913,1191610,8,1191618
7914,1191654,150,1191804
7915,1191877,120,1191997
7916,1192059,69,1192128
7917,1192294,62,1192356
7918,1192359,72,1192431
7919,1192436,13,1192449
7920,1192550,8,1192558
7921,1192604,119,1192723
7922,1192814,3,1192817
7923,1192964,80,1193044
7924,1193333,43,1193376
7925,1193649,9,1193658
7926,1193681,4,1193685
7927,1193876,29,1193905
7928,1193936,16,1193952
7929,1194094,32,1194126
7930,1194137,20,1194157
7931,1194275,34,1194309
7932,1194385,22,1194407
7933,1194645,23,1194668
7934,1194761,1,1194762
7935,1194768,71,1194839
7936,1194873,77,1194950
7937,1194984,141,1195125
7938,1195133,72,1195205
7939,1195273,11,1195284
7940,1195362,45,1195407
7941,1195421,126,1195547
7942,1195742,33,1195775
7943,1195924,19,1195943
7944,1195966,77,1196043
7945,1196149,5,1196154
7946,1196165,13,1196178
7947,1196225,71,1196296
7948,1196343,48,1196391
7949,1196776,4,1196780
7950,1196928,17,1196945
7951,1197019,61,1197080
7952,1197251,62,1197313
7953,1197423,86,1197509
7954,1197527,1,1197528
7955,1197710,63,1197773
7956,1197851,40,1197891
7957,1198009,29,1198038
7958,1198053,50,1198103
7959,1198171,23,1198194
7960,1198621,24,1198645
7961,1198760,21,1198781
7962,1198890,93,1198983
7963,1199086,35,1199121
7964,1199197,28,1199225
7965,1199235,68,1199303
7966,1199346,2,1199348
7967,1199374,40,1199414
7968,1199432,13,1199445
7969,1199455,25,1199480
7970,1199535,92,1199627
7971,1199659,33,1199692
7972,1199736,14,1199750
7973,1199757,32,1199789
7974,1199797,8,1199805
7975,1199936,27,1199963
7976,1199983,26,1200009
7977,1200042,130,1200172
7978,1200218,16,1200234
7979,1200303,58,1200361
7980,1200420,112,1200532
7981,1200746,1,1200747
7982,1200820,82,1200902
7983,1201021,63,1201084
7984,1201089,12,1201101
7985,1201144,36,1201180
7986,1201189,17,1201206
7987,1201270,42,1201312
7988,1201317,117,1201434
7989,1201454,8,1201462
7990,1201555,30,1201585
7991,1201604,26,1201630
7992,1201640,43,1201683
7993,1201732,2,1201734
7994,1201866,7,1201873
7995,1201893,22,1201915
7996,1202010,120,1202130
7997,1202228,27,1202255
7998,1202306,4,1202310
7999,1202470,2,1202472
8000,1202519,18,1202537
8001,1202742,57,1202799
8002,1202849,11,1202860
8003,1202948,68,1203016
8004,1203113,26,1203139
8005,1203410,9,1203419
8006,1203502,142,1203644
8007,1203678,24,1203702
8008,1203902,8,1203910
8009,1204003,81,1204084
8010,1204251,6,1204257
8011,1204288,29,1204317
8012,1204328,35,1204363
8013,1204687,37,1204724
8014,1204929,18,1204947
8015,1204979,177,1205156
8016,1205359,1,1205360
8017,1205406,32,1205438
8018,1205464,98,1205562
8019,1205927,25,1205952
8020,1206007,22,1206029
8021,1206087,18,1206105
8022,1206180,124,1206304
8023,1206341,58,1206399
8024,1206576,24,1206600
8025,1206671,62,1206733
8026,1206851,141,1206992
8027,1206997,15,1207012
8028,1207043,4,1207047
8029,1207281,154,1207435
8030,1207488,19,1207507
8031,1207541,58,1207599
8032,1207603,14,1207617
8033,1207870,11,1207881
8034,1207961,105,1208066
8035,1208220,69,1208289
8036,1208301,101,1208402
8037,1208411,59,1208470
8038,1208825,49,1208874
8039,1208947,5,1208952
8040,1209099,24,1209123
8041,1209305,75,1209380
8042,1209421,89,1209510
8043,1209600,96,1209696
8044,1209785,138,1209923
8045,1210019,33,1210052
8046,1210117,47,1210164
8047,1210170,64,1210234
8048,1210236,109,1210345
8049,1210379,2,1210381
8050,1210407,27,1210434
8051,1210470,38,1210508
8052,1210738,78,1210816
8053,1210879,8,1210887
8054,1210901,8,1210909
8055,1211092,6,1211098
8056,1211202,46,1211248
8057,1211406,132,1211538
8058,1211744,11,1211755
8059,1211882,7,1211889
8060,1212019,2,1212021
8061,1212070,55,1212125
8062,1212241,7,1212248
8063,1212347,54,1212401
8064,1212409,22,1212431
8065,1212535,2,1212537
8066,1212568,107,1212675
8067,1212700,8,1212708
8068,1212751,22,1212773
8069,1212988,227,1213215
8070,1213400,33,1213433
8071,1213585,34,1213619
8072,1213658,148,1213806
8073,1213829,47,1213876
8074,1213908,9,1213917
8075,1213943,7,1213950
8076,1214211,31,1214242
8077,1214250,19,1214269
8078,1214323,11,1214334
8079,1214558,27,1214585
8080,1214635,52,1214687
8081,1214745,36,1214781
8082,1214981,111,1215092
8083,1215116,4,1215120
8084,1215144,64,1215208
8085,1215246,75,1215321
8086,1215357,21,1215378
8087,1215402,10,1215412
8088,1215563,17,1215580
8089,1215645,32,1215677
8090,1215802,61,1215863
8091,1215892,15,1215907
8092,1216044,14,1216058
8093,1216098,17,1216115
8094,1216456,36,1216492
8095,1216747,250,1216997
8096,1217093,39,1217132
8097,1217301,76,1217377
8098,1217401,51,1217452
8099,1217655,22,1217677
8100,1217726,11,1217737
8101,1217853,213,1218066
8102,1218119,59,1218178
8103,1218297,5,1218302
8104,1218306,51,1218357
8105,1218411,30,1218441
8106,1218464,14,1218478
8107,1218587,139,1218726
8108,1218735,118,1218853
8109,1218872,10,1218882
8110,1218892,18,1218910
8111,1218955,38,1218993
8112,1219035,31,1219066
8113,1219220,36,1219256
8114,1219290,12,1219302
8115,1219431,138,1219569
8116,1219606,78,1219684
8117,1219806,135,1219941
8118,1219969,77,1220046
8119,1220165,10,1220175
8120,1220352,17,1220369
8121,1220702,24,1220726
8122,1220876,90,1220966
8123,1220989,69,1221058
8124,1221069,13,1221082
8125,1221205,41,1221246
8126,1221367,47,1221414
8127,1221621,46,1221667
8128,1221676,21,1221697
8129,1221784,17,1221801
8130,1221842,17,1221859
8131,1221861,40,1221901
8132,1221966,13,1221979
8133,1221982,65,1222047
8134,1222056,44,1222100
8135,1222163,38,1222201
8136,1222241,23,1222264
8137,1222269,95,1222364
8138,1222444,126,1222570
8139,1222733,17,1222750
8140,1222768,82,1222850
8141,1222872,64,1222936
8142,1223060,140,1223200
8143,1223348,83,1223431
8144,1223694,14,1223708
8145,1223847,5,1223852
8146,1223868,39,1223907
8147,1223917,272,1224189
8148,1224349,71,1224420
8149,1224466,139,1224605
8150,1224606,23,1224629
8151,1224672,20,1224692
8152,1224711,48,1224759
8153,1225170,95,1225265
8154,1225425,58,1225483
8155,1225855,4,1225859
8156,1225889,140,1226029
8157,1226136,64,1226200
8158,1226201,4,1226205
8159,1226211,16,1226227
8160,1226312,117,1226429
8161,1226586,205,1226791
8162,1226992,67,1227059
8163,1227218,45,1227263
8164,1227324,40,1227364
8165,1227445,129,1227574
8166,1227595,129,1227724
8167,1227741,4,1227745
8168,1227896,44,1227940
8169,1228041,197,1228238
8170,1228344,194,1228538
8171,1228546,8,1228554
8172,1229019,14,1229033
8173,1229106,66,1229172
8174,1229214,73,1229287
8175,1229335,42,1229377
8176,1229462,8,1229470
8177,1229499,102,1229601
8178,1229663,52,1229715
8179,1229777,38,1229815
8180,1229829,47,1229876
8181,1229916,14,1229930
8182,1229941,67,1230008
8183,1230091,37,1230128
8184,1230161,12,1230173
8185,1230215,188,1230403
8186,1230901,20,1230921
8187,1231105,23,1231128
8188,1231161,59,1231220
8189,1231622,68,1231690
8190,1231730,86,1231816
8191,1231860,62,1231922
8192,1232082,21,1232103
8193,1232387,6,1232393
8194,1232412,112,1232524
8195,1232624,39,1232663
8196,1232688,112,1232800
8197,1232871,75,1232946
8198,1233089,53,1233142
8199,1233191,75,1233266
8200,1233435,49,1233484
8201,1233505,103,1233608
8202,1233655,1,1233656
8203,1233692,58,1233750
8204,1233814,13,1233827
8205,1233940,42,1233982
8206,1234052,18,1234070
8207,1234107,64,1234171
8208,1234209,10,1234219
8209,1234245,65,1234310
8210,1234555,48,1234603
8211,1234632,27,1234659
8212,1234768,71,1234839
8213,1234958,50,1235008
8214,1235160,38,1235198
8215,1235225,17,1235242
8216,1235276,16,1235292
8217,1235516,17,1235533
8218,1235587,4,1235591
8219,1235964,18,1235982
8220,1236017,56,1236073
8221,1236106,32,1236138
8222,1236186,8,1236194
8223,1236263,86,1236349
8224,1237213,37,1237250
8225,1237380,103,1237483
8226,1237638,74,1237712
8227,1237721,6,1237727
8228,1237838,147,1237985
8229,1238075,4,1238079
8230,1238189,46,1238235
8231,1238398,68,1238466
8232,1238551,33,1238584
8233,1238608,33,1238641
8234,1238671,34,1238705
8235,1239048,63,1239111
8236,1239156,35,1239191
8237,1239281,65,1239346
8238,1239357,14,1239371
8239,1239409,90,1239499
8240,1239580,56,1239636
8241,1239768,4,1239772
8242,1239821,37,1239858
8243,1239957,15,1239972
8244,1240000,44,1240044
8245,1240107,71,1240178
8246,1240191,110,1240301
8247,1240438,86,1240524
8248,1240596,171,1240767
8249,1240837,10,1240847
8250,1240863,105,1240968
8251,1241102,50,1241152
8252,1241208,21,1241229
8253,1241248,16,1241264
8254,1241344,17,1241361
8255,1241438,6,1241444
8256,1241754,79,1241833
8257,1241895,43,1241938
8258,1241945,15,1241960
8259,1242035,48,1242083
8260,1242169,12,1242181
8261,1242365,6,1242371
8262,1242374,50,1242424
8263,1242460,18,1242478
8264,1242479,125,1242604
8265,1242655,8,1242663
8266,1242703,117,1242820
8267,1242865,12,1242877
8268,1243531,117,1243648
8269,1243685,82,1243767
8270,1243810,16,1243826
8271,1243868,8,1243876
8272,1243943,27,1243970
8273,1244052,43,1244095
8274,1244120,15,1244135
8275,1244248,28,1244276
8276,1244348,78,1244426
8277,1244464,64,1244528
8278,1244578,50,1244628
8279,1244768,61,1244829
8280,1244968,50,1245018
8281,1245139,2,1245141
8282,1245158,9,1245167
8283,1245245,5,1245250
8284,1245319,176,1245495
8285,1245553,6,1245559
8286,1245634,18,1245652
8287,1246068,2,1246070
8288,1246087,61,1246148
8289,1246153,7,1246160
8290,1246262,21,1246283
8291,1246351,130,1246481
8292,1246653,57,1246710
8293,1246777,66,1246843
8294,1246950,23,1246973
8295,1247079,122,1247201
8296,1247223,4,1247227
8297,1247257,8,1247265
8298,1247322,21,1247343
8299,1247346,88,1247434
8300,1247438,1,1247439
8301,1247586,39,1247625
8302,1247626,3,1247629
8303,1247682,36,1247718
8304,1248094,113,1248207
8305,1248221,7,1248228
8306,1248256,54,1248310
8307,1248633,39,1248672
8308,1248832,1,1248833
8309,1248912,50,1248962
8310,1249093,20,1249113
8311,1249137,43,1249180
8312,1249327,5,1249332
8313,1249347,31,1249378
8314,1249415,26,1249441
8315,1249494,41,1249535
8316,1249573,65,1249638
8317,1249762,46,1249808
8318,1249817,111,1249928
8319,1250013,108,1250121
8320,1250126,74,1250200
8321,1250216,105,1250321
8322,1250473,64,1250537
8323,1250570,74,1250644
8324,1250813,90,1250903
8325,1251093,23,1251116
8326,1251288,7,1251295
8327,1251312,8,1251320
8328,1251352,17,1251369
8329,1251447,4,1251451
8330,1251509,5,1251514
8331,1251714,5,1251719
8332,1251839,82,1251921
8333,1251941,22,1251963
8334,1251964,230,1252194
8335,1252255,18,1252273
8336,1252278,57,1252335
8337,1252390,17,1252407
8338,1252522,1,1252523
8339,1252524,36,1252560
8340,1252622,7,1252629
8341,1252744,247,1252991
8342,1253291,30,1253321
8343,1253420,5,1253425
8344,1253523,19,1253542
8345,1253636,31,1253667
8346,1253720,27,1253747
8347,1253936,6,1253942
8348,1254062,19,1254081
8349,1254152,1,1254153
8350,1254225,21,1254246
8351,1254266,71,1254337
8352,1254486,18,1254504
8353,1254511,3,1254514
8354,1254573,54,1254627
8355,1254892,10,1254902
8356,1255047,6,1255053
8357,1255056,219,1255275
8358,1255438,44,1255482
8359,1255548,3,1255551
8360,1255730,42,1255772
8361,1255957,12,1255969
8362,1256044,10,1256054
8363,1256195,21,1256216
8364,1256229,23,1256252
8365,1256256,10,1256266
8366,1256297,57,1256354
8367,1256355,12,1256367
8368,1256385,188,1256573
8369,1256874,45,1256919
8370,1257018,47,1257065
8371,1257066,13,1257079
8372,1257111,28,1257139
8373,1257259,21,1257280
8374,1257534,61,1257595
8375,1257726,23,1257749
8376,1257870,12,1257882
8377,1257905,45,1257950
8378,1258120,1,1258121
8379,1258450,44,1258494
8380,1258603,1,1258604
8381,1258627,60,1258687
8382,1258742,36,1258778
8383,1258799,33,1258832
8384,1259022,51,1259073
8385,1259271,207,1259478
8386,1259492,27,1259519
8387,1259835,64,1259899
8388,1260030,20,1260050
8389,1260250,18,1260268
8390,1260354,20,1260374
8391,1260419,16,1260435
8392,1260776,11,1260787
8393,1260848,28,1260876
8394,1261283,22,1261305
8395,1261326,13,1261339
8396,1261345,61,1261406
8397,1261518,222,1261740
8398,1262042,2,1262044
8399,1262068,27,1262095
8400,1262109,7,1262116
8401,1262136,66,1262202
8402,1262227,39,1262266
8403,1262398,76,1262474
8404,1262478,49,1262527
8405,1262591,196,1262787
8406,1262799,37,1262836
8407,1262967,17,1262984
8408,1263096,11,1263107
8409,1263181,7,1263188
8410,1263286,37,1263323
8411,1263338,3,1263341
8412,1263497,60,1263557
8413,1263585,38,1263623
8414,1263942,75,1264017
8415,1264027,74,1264101
8416,1264107,9,1264116
8417,1264156,15,1264171
8418,1264183,88,1264271
8419,1264330,166,1264496
8420,1264508,5,1264513
8421,1264528,74,1264602
8422,1264835,24,1264859
8423,1264984,92,1265076
8424,1265303,18,1265321
8425,1265323,42,1265365
8426,1265477,100,1265577
8427,1265611,19,1265630
8428,1265646,55,1265701
8429,1265736,33,1265769
8430,1266044,170,1266214
8431,1266334,27,1266361
8432,1266364,50,1266414
8433,1266461,22,1266483
8434,1266555,24,1266579
8435,1266620,11,1266631
8436,1266643,25,1266668
8437,1266731,2,1266733
8438,1266746,7,1266753
8439,1266755,46,1266801
8440,1266817,109,1266926
8441,1267187,11,1267198
8442,1267216,35,1267251
8443,1267467,80,1267547
8444,1267573,16,1267589
8445,1267675,42,1267717
8446,1267842,39,1267881
8447,1267904,23,1267927
8448,1267945,24,1267969
8449,1268236,46,1268282
8450,1268314,11,1268325
8451,1268377,31,1268408
8452,1268640,13,1268653
8453,1268690,14,1268704
8454,1268770,20,1268790
8455,1269131,117,1269248
8456,1269259,88,1269347
8457,1269614,7,1269621
8458,1269698,14,1269712
8459,1269818,71,1269889
8460,1270048,130,1270178
8461,1270629,19,1270648
8462,1270683,138,1270821
8463,1270824,36,1270860
8464,1270976,11,1270987
8465,1271229,24,1271253
8466,1271278,104,1271382
8467,1271406,3,1271409
8468,1271599,28,1271627
8469,1271936,23,1271959
8470,1271969,18,1271987
8471,1271995,26,1272021
8472,1272062,5,1272067
8473,1272171,1,1272172
8474,1272243,20,1272263
8475,1272264,3,1272267
8476,1272340,10,1272350
8477,1272603,7,1272610
8478,1272677,37,1272714
8479,1272773,28,1272801
8480,1272802,13,1272815
8481,1272818,5,1272823
8482,1273182,181,1273363
8483,1273401,6,1273407
8484,1273428,7,1273435
8485,1273557,34,1273591
8486,1273645,17,1273662
8487,1273772,48,1273820
8488,1273896,88,1273984
8489,1274027,58,1274085
8490,1274181,7,1274188
8491,1274391,4,1274395
8492,1274670,9,1274679
8493,1274699,19,1274718
8494,1274837,47,1274884
8495,1274900,73,1274973
8496,1274998,89,1275087
8497,1275129,64,1275193
8498,1275407,12,1275419
8499,1275748,4,1275752
8500,1275897,84,1275981
8501,1276190,224,1276414
8502,1276603,14,1276617
8503,1276700,3,1276703
8504,1276725,53,1276778
8505,1276898,28,1276926
8506,1276965,7,1276972
8507,1277007,28,1277035
8508,1277074,42,1277116
8509,1277231,17,1277248
8510,1277361,8,1277369
8511,1277382,76,1277458
8512,1277517,30,1277547
8513,1277554,26,1277580
8514,1277717,5,1277722
8515,1277961,51,1278012
8516,1278050,4,1278054
8517,1278129,134,1278263
8518,1278282,48,1278330
8519,1278399,52,1278451
8520,1278570,4,1278574
8521,1278589,50,1278639
8522,1278870,38,1278908
8523,1279055,35,1279090
8524,1279135,25,1279160
8525,1279289,131,1279420
8526,1279554,10,1279564
8527,1279615,202,1279817
8528,1279818,8,1279826
8529,1279855,20,1279875
8530,1280083,138,1280221
8531,1280376,89,1280465
8532,1280699,59,1280758
8533,1280902,113,1281015
8534,1281097,33,1281130
8535,1281509,97,1281606
8536,1281689,1,1281690
8537,1281736,55,1281791
8538,1281792,43,1281835
8539,1282200,70,1282270
8540,1282365,50,1282415
8541,1282507,17,1282524
8542,1282541,77,1282618
8543,1282799,23,1282822
8544,1282944,124,1283068
8545,1283204,114,1283318
8546,1283398,44,1283442
8547,1283538,34,1283572
8548,1283752,68,1283820
8549,1284000,42,1284042
8550,1284125,55,1284180
8551,1284289,4,1284293
8552,1284526,3,1284529
8553,1284598,73,1284671
8554,1284787,24,1284811
8555,1284951,19,1284970
8556,1285220,2,1285222
8557,1285299,34,1285333
8558,1285386,22,1285408
8559,1285506,86,1285592
8560,1285764,103,1285867
8561,1285905,61,1285966
8562,1285972,13,1285985
8563,1286036,9,1286045
8564,1286078,25,1286103
8565,1286419,84,1286503
8566,1286571,57,1286628
8567,1286648,63,1286711
8568,1286870,58,1286928
8569,1287418,117,1287535
8570,1287588,160,1287748
8571,1287908,19,1287927
8572,1287981,79,1288060
8573,1288107,17,1288124
8574,1288172,37,1288209
8575,1288364,37,1288401
8576,1288477,58,1288535
8577,1288771,64,1288835
8578,1288997,28,1289025
8579,1289150,33,1289183
8580,1289199,71,1289270
8581,1289338,72,1289410
8582,1289421,5,1289426
8583,1289554,70,1289624
8584,1289688,147,1289835
8585,1290030,21,1290051
8586,1290401,23,1290424
8587,1290617,12,1290629
8588,1290696,21,1290717
8589,1290728,31,1290759
8590,1290795,13,1290808
8591,1290996,53,1291049
8592,1291050,16,1291066
8593,1291135,34,1291169
8594,1291423,43,1291466
8595,1291827,42,1291869
8596,1291873,71,1291944
8597,1292323,63,1292386
8598,1292482,52,1292534
8599,1292736,143,1292879
8600,1293007,6,1293013
8601,1293043,38,1293081
8602,1293163,42,1293205
8603,1293247,7,1293254
8604,1293505,28,1293533
8605,1293569,18,1293587
8606,1293697,71,1293768
8607,1293926,5,1293931
8608,1294074,1,1294075
8609,1294088,284,1294372
8610,1294441,19,1294460
8611,1294501,183,1294684
8612,1294734,11,1294745
8613,1295017,9,1295026
8614,1295031,13,1295044
8615,1295227,69,1295296
8616,1295413,19,1295432
8617,1295559,15,1295574
8618,1295576,35,1295611
8619,1295616,35,1295651
8620,1295733,8,1295741
8621,1296009,35,1296044
8622,1296244,9,1296253
8623,1296502,45,1296547
8624,1296554,244,1296798
8625,1296818,34,1296852
8626,1297016,113,1297129
8627,1297214,1,1297215
8628,1297243,300,1297543
8629,1297702,29,1297731
8630,1297875,34,1297909
8631,1297988,50,1298038
8632,1298235,37,1298272
8633,1298316,5,1298321
8634,1298352,49,1298401
8635,1298433,113,1298546
8636,1298698,75,1298773
8637,1299197,79,1299276
8638,1299346,39,1299385
8639,1299428,4,1299432
8640,1299578,34,1299612
8641,1299643,65,1299708
8642,1299930,42,1299972
8643,1300061,28,1300089
8644,1300297,21,1300318
8645,1300369,29,1300398
8646,1300440,29,1300469
8647,1300471,75,1300546
8648,1300598,1,1300599
8649,1300617,2,1300619
8650,1300627,104,1300731
8651,1300773,12,1300785
8652,1300816,59,1300875
8653,1300893,15,1300908
8654,1301007,80,1301087
8655,1301121,17,1301138
8656,1301243,84,1301327
8657,1301378,6,1301384
8658,1301385,93,1301478
8659,1301680,184,1301864
8660,1301890,41,1301931
8661,1302062,23,1302085
8662,1302335,55,1302390
8663,1302796,141,1302937
8664,1303025,73,1303098
8665,1303252,26,1303278
8666,1303322,6,1303328
8667,1303434,49,1303483
8668,1303654,3,1303657
8669,1303661,63,1303724
8670,1303758,80,1303838
8671,1303993,52,1304045
8672,1304063,159,1304222
8673,1304261,60,1304321
8674,1304351,18,1304369
8675,1304498,16,1304514
8676,1304549,39,1304588
8677,1304702,41,1304743
8678,1304758,39,1304797
8679,1304955,16,1304971
8680,1304974,25,1304999
8681,1305153,91,1305244
8682,1305265,80,1305345
8683,1305368,93,1305461
8684,1305626,37,1305663
8685,1305689,1,1305690
8686,1305720,225,1305945
8687,1306134,16,1306150
8688,1306153,5,1306158
8689,1306434,36,1306470
8690,1306474,14,1306488
8691,1306555,88,1306643
8692,1306669,104,1306773
8693,1306873,45,1306918
8694,1307014,16,1307030
8695,1307119,32,1307151
8696,1307201,117,1307318
8697,1307391,66,1307457
8698,1307567,37,1307604
8699,1307826,21,1307847
8700,1307878,44,1307922
8701,1308177,54,1308231
8702,1308290,37,1308327
8703,1308540,47,1308587
8704,1308635,273,1308908
8705,1309051,16,1309067
8706,1309075,43,1309118
8707,1309150,4,1309154
8708,1309179,61,1309240
8709,1309611,115,1309726
8710,1309736,27,1309763
8711,1309840,68,1309908
8712,1309964,13,1309977
8713,1310070,38,1310108
8714,1310140,60,1310200
8715,1310353,29,1310382
8716,1310542,6,1310548
8717,1310631,155,1310786
8718,1310863,29,1310892
8719,1311213,72,1311285
8720,1311459,28,1311487
8721,1311782,38,1311820
8722,1311905,10,1311915
8723,1312243,12,1312255
8724,1312283,55,1312338
8725,1312348,36,1312384
8726,1312435,16,1312451
8727,1312455,55,1312510
8728,1312540,32,1312572
8729,1312576,4,1312580
8730,1312640,1,1312641
8731,1312711,5,1312716
8732,1312795,31,1312826
8733,1312976,91,1313067
8734,1313104,167,1313271
8735,1313327,4,1313331
8736,1313356,43,1313399
8737,1313579,6,1313585
8738,1313594,130,1313724
8739,1313823,16,1313839
8740,1313918,154,1314072
8741,1314100,85,1314185
8742,1314219,40,1314259
8743,1314273,257,1314530
8744,1314563,40,1314603
8745,1314614,118,1314732
8746,1314743,13,1314756
8747,1314847,130,1314977
8748,1315103,64,1315167
8749,1315199,253,1315452
8750,1315815,5,1315820
8751,1315917,18,1315935
8752,1315999,44,1316043
8753,1316084,162,1316246
8754,1316279,8,1316287
8755,1316437,43,1316480
8756,1316498,75,1316573
8757,1316942,57,1316999
8758,1317059,11,1317070
8759,1317109,11,1317120
8760,1317197,83,1317280
8761,1317485,6,1317491
8762,1317568,8,1317576
8763,1318090,136,1318226
8764,1318413,246,1318659
8765,1318711,72,1318783
8766,1319007,30,1319037
8767,1319424,124,1319548
8768,1319783,30,1319813
8769,1319961,3,1319964
8770,1320269,127,1320396
8771,1320485,8,1320493
8772,1320513,120,1320633
8773,1320670,213,1320883
8774,1320940,68,1321008
8775,1321251,26,1321277
8776,1321446,69,1321515
8777,1321595,88,1321683
8778,1321772,76,1321848
8779,1321871,40,1321911
8780,1321933,146,1322079
8781,1322080,35,1322115
8782,1322186,11,1322197
8783,1322235,12,1322247
8784,1322430,236,1322666
8785,1322691,56,1322747
8786,1322840,2,1322842
8787,1322843,27,1322870
8788,1322935,246,1323181
8789,1323707,40,1323747
8790,1323774,69,1323843
8791,1323927,69,1323996
8792,1324012,14,1324026
8793,1324170,52,1324222
8794,1324519,2,1324521
8795,1324613,50,1324663
8796,1324673,52,1324725
8797,1324746,3,1324749
8798,1324838,20,1324858
8799,1324918,106,1325024
8800,1325065,34,1325099
8801,1325116,51,1325167
8802,1325243,21,1325264
8803,1325530,29,1325559
8804,1325587,49,1325636
8805,1325678,17,1325695
8806,1325895,33,1325928
8807,1326044,11,1326055
8808,1326386,32,1326418
8809,1326520,79,1326599
8810,1326618,73,1326691
8811,1326759,48,1326807
8812,1326866,90,1326956
8813,1327065,117,1327182
8814,1327353,74,1327427
8815,1327510,3,1327513
8816,1327521,96,1327617
8817,1327836,24,1327860
8818,1327904,12,1327916
8819,1327951,11,1327962
8820,1327968,18,1327986
8821,1328032,161,1328193
8822,1328250,19,1328269
8823,1328337,15,1328352
8824,1328405,165,1328570
8825,1328790,13,1328803
8826,1328868,34,1328902
8827,1329123,14,1329137
8828,1329260,10,1329270
8829,1329332,49,1329381
8830,1329457,37,1329494
8831,1329899,10,1329909
8832,1329932,6,1329938
8833,1330041,76,1330117
8834,1330120,80,1330200
8835,1330395,6,1330401
8836,1330543,31,1330574
8837,1330587,62,1330649
8838,1330904,17,1330921
8839,1331111,108,1331219
8840,1331233,24,1331257
8841,1331420,16,1331436
8842,1331547,19,1331566
8843,1331648,86,1331734
8844,1331758,3,1331761
8845,1331820,69,1331889
8846,1331895,53,1331948
8847,1331968,119,1332087
8848,1332201,163,1332364
8849,1332451,26,1332477
8850,1332492,8,1332500
8851,1332531,89,1332620
8852,1332638,34,1332672
8853,1332749,78,1332827
8854,1332867,111,1332978
8855,1333148,49,1333197
8856,1333304,11,1333315
8857,1333354,8,1333362
8858,1333575,18,1333593
8859,1333662,2,1333664
8860,1333744,108,1333852
8861,1333867,117,1333984
8862,1334035,76,1334111
8863,1334219,21,1334240
8864,1334250,5,1334255
8865,1334259,39,1334298
8866,1334488,21,1334509
8867,1334539,17,1334556
8868,1334625,70,1334695
8869,1334812,123,1334935
8870,1335038,133,1335171
8871,1335183,7,1335190
8872,1335250,24,1335274
8873,1335304,12,1335316
8874,1335328,51,1335379
8875,1335401,19,1335420
8876,1335423,17,1335440
8877,1335474,47,1335521
8878,1335538,35,1335573
8879,1335686,24,1335710
8880,1335750,58,1335808
8881,1335845,8,1335853
8882,1336103,74,1336177
8883,1336259,17,1336276
8884,1336313,31,1336344
8885,1336584,33,1336617
8886,1336699,123,1336822
8887,1336987,18,1337005
8888,1337450,131,1337581
8889,1337639,61,1337700
8890,1337732,94,1337826
8891,1337908,241,1338149
8892,1338177,9,1338186
8893,1338299,25,1338324
8894,1338456,143,1338599
8895,1338947,2,1338949
8896,1338964,15,1338979
8897,1338997,29,1339026
8898,1339212,56,1339268
8899,1339532,28,1339560
8900,1339733,37,1339770
8901,1339919,45,1339964
8902,1339974,42,1340016
8903,1340039,24,1340063
8904,1340095,17,1340112
8905,1340148,32,1340180
8906,1340263,30,1340293
8907,1340398,12,1340410
8908,1340437,37,1340474
8909,1340490,84,1340574
8910,1340747,210,1340957
8911,1341100,149,1341249
8912,1341267,63,1341330
8913,1341377,8,1341385
8914,1341504,25,1341529
8915,1341641,10,1341651
8916,1341783,38,1341821
8917,1341838,74,1341912
8918,1341952,35,1341987
8919,1342089,67,1342156
8920,1342306,42,1342348
8921,1342461,11,1342472
8922,1342744,67,1342811
8923,1342881,69,1342950
8924,1342969,7,1342976
8925,1343073,32,1343105
8926,1343129,11,1343140
8927,1343142,34,1343176
8928,1343307,12,1343319
8929,1343442,42,1343484
8930,1343656,22,1343678
8931,1343746,29,1343775
8932,1343977,326,1344303
8933,1344305,74,1344379
8934,1344383,5,1344388
8935,1344569,5,1344574
8936,1344793,9,1344802
8937,1344838,67,1344905
8938,1344908,78,1344986
8939,1345044,91,1345135
8940,1345379,74,1345453
8941,1345849,6,1345855
8942,1345942,63,1346005
8943,1346083,28,1346111
8944,1346241,5,1346246
8945,1346566,31,1346597
8946,1346632,13,1346645
8947,1346818,18,1346836
8948,1347026,58,1347084
8949,1347146,66,1347212
8950,1347221,21,1347242
8951,1347255,247,1347502
8952,1347550,60,1347610
8953,1347623,3,1347626
8954,1347949,19,1347968
8955,1348127,25,1348152
8956,1348169,7,1348176
8957,1348219,2,1348221
8958,1348245,38,1348283
8959,1348332,93,1348425
8960,1348524,53,1348577
8961,1348680,9,1348689
8962,1348808,7,1348815
8963,1348841,15,1348856
8964,1348867,155,1349022
8965,1349039,45,1349084
8966,1349140,27,1349167
8967,1349210,79,1349289
8968,1349406,33,1349439
8969,1349465,18,1349483
8970,1349525,190,1349715
8971,1349806,84,1349890
8972,1350000,7,1350007
8973,1350023,9,1350032
8974,1350075,22,1350097
8975,1350151,25,1350176
8976,1350184,3,1350187
8977,1350248,10,1350258
8978,1350351,75,1350426
8979,1350492,56,1350548
8980,1350635,15,1350650
8981,1350727,48,1350775
8982,1350814,55,1350869
8983,1350892,84,1350976
8984,1350979,63,1351042
8985,1351133,5,1351138
8986,1351149,19,1351168
8987,1351217,14,1351231
8988,1351252,134,1351386
8989,1351392,8,1351400
8990,1351506,75,1351581
8991,1351637,5,1351642
8992,1351644,24,1351668
8993,1351687,17,1351704
8994,1351731,57,1351788
8995,1351796,15,1351811
8996,1351856,48,1351904
8997,1351997,16,1352013
8998,1352154,3,1352157
8999,1352328,53,1352381
9000,1352614,126,1352740
9001,1352751,11,1352762
9002,1352763,34,1352797
9003,1352847,52,1352899
9004,1353085,60,1353145
9005,1353195,27,1353222
9006,1353280,42,1353322
9007,1353336,213,1353549
9008,1353597,32,1353629
9009,1353741,10,1353751
9010,1353796,38,1353834
9011,1353955,126,1354081
9012,1354210,25,1354235
9013,1354268,179,1354447
9014,1354546,55,1354601
9015,1354628,10,1354638
9016,1354679,15,1354694
9017,1354780,30,1354810
9018,1355054,56,1355110
9019,1355152,48,1355200
9020,1355359,170,1355529
9021,1355558,7,1355565
9022,1355574,78,1355652
9023,1355667,6,1355673
9024,1355737,63,1355800
9025,1355867,55,1355922
9026,1355967,34,1356001
9027,1356124,8,1356132
9028,1356146,100,1356246
9029,1356293,17,1356310
9030,1356325,136,1356461
9031,1356520,27,1356547
9032,1356557,24,1356581
9033,1356622,6,1356628
9034,1356663,60,1356723
9035,1356744,4,1356748
9036,1356831,37,1356868
9037,1356897,73,1356970
9038,1357128,31,1357159
9039,1357197,223,1357420
9040,1357424,14,1357438
9041,1357455,141,1357596
9042,1357617,67,1357684
9043,1357746,47,1357793
9044,1357841,11,1357852
9045,1357956,40,1357996
9046,1358472,115,1358587
9047,1358615,34,1358649
9048,1358772,9,1358781
9049,1358784,113,1358897
9050,1359139,12,1359151
9051,1359231,199,1359430
9052,1359495,7,1359502
9053,1359582,5,1359587
9054,1359657,59,1359716
9055,1359799,155,1359954
9056,1360043,22,1360065
9057,1360117,9,1360126
9058,1360218,141,1360359
9059,1360414,23,1360437
9060,1360564,10,1360574
9061,1360670,26,1360696
9062,1361101,23,1361124
9063,1361136,118,1361254
9064,1361349,40,1361389
9065,1361493,9,1361502
9066,1361711,94,1361805
9067,1361954,13,1361967
9068,1361988,9,1361997
9069,1362388,40,1362428
9070,1362514,141,1362655
9071,1362767,84,1362851
9072,1362967,29,1362996
9073,1363106,31,1363137
9074,1363589,107,1363696
9075,1363701,98,1363799
9076,1363800,8,1363808
9077,1363945,83,1364028
9078,1364034,115,1364149
9079,1364171,92,1364263
9080,1364347,67,1364414
9081,1364479,123,1364602
9082,1364700,21,1364721
9083,1364833,31,1364864
9084,1365003,8,1365011
9085,1365108,83,1365191
9086,1365310,132,1365442
9087,1365548,26,1365574
9088,1365718,21,1365739
9089,1365750,31,1365781
9090,1366068,9,1366077
9091,1366381,19,1366400
9092,1366505,31,1366536
9093,1366565,61,1366626
9094,1366661,1,1366662
9095,1366789,9,1366798
9096,1366803,119,1366922
9097,1366932,27,1366959
9098,1366978,20,1366998
9099,1367028,7,1367035
9100,1367147,57,1367204
9101,1367373,6,1367379
9102,1367387,95,1367482
9103,1367561,15,1367576
9104,1367591,103,1367694
9105,1367825,23,1367848
9106,1367886,80,1367966
9107,1368029,182,1368211
9108,1368370,86,1368456
9109,1368598,16,1368614
9110,1368840,63,1368903
9111,1368923,264,1369187
9112,1369193,64,1369257
9113,1369309,63,1369372
9114,1369547,228,1369775
9115,1369845,9,1369854
9116,1369994,122,1370116
9117,1370200,21,1370221
9118,1370355,17,1370372
9119,1370388,6,1370394
9120,1370399,30,1370429
9121,1370523,20,1370543
9122,1370697,85,1370782
9123,1370814,20,1370834
9124,1370864,4,1370868
9125,1370905,92,1370997
9126,1371009,20,1371029
9127,1371034,60,1371094
9128,1371523,22,1371545
9129,1371623,57,1371680
9130,1371718,24,1371742
9131,1371747,53,1371800
9132,1371806,40,1371846
9133,1372041,74,1372115
9134,1372127,217,1372344
9135,1372350,51,1372401
9136,1372710,24,1372734
9137,1372841,18,1372859
9138,1373042,36,1373078
9139,1373134,36,1373170
9140,1373241,130,1373371
9141,1373383,6,1373389
9142,1373437,59,1373496
9143,1373508,12,1373520
9144,1373528,89,1373617
9145,1373638,29,1373667
9146,1373674,89,1373763
9147,1373853,6,1373859
9148,1373976,11,1373987
9149,1374032,17,1374049
9150,1374128,201,1374329
9151,1374570,4,1374574
9152,1374698,35,1374733
9153,1374756,66,1374822
9154,1375140,85,1375225
9155,1375383,16,1375399
9156,1375533,30,1375563
9157,1375627,20,1375647
9158,1375736,40,1375776
9159,1375834,51,1375885
9160,1375924,7,1375931
9161,1375994,16,1376010
9162,1376207,7,1376214
9163,1376264,89,1376353
9164,1376380,35,1376415
9165,1376538,19,1376557
9166,1376648,179,1376827
9167,1376882,33,1376915
9168,1377020,1,1377021
9169,1377082,51,1377133
9170,1377362,33,1377395
9171,1377428,9,1377437
9172,1377711,108,1377819
9173,1377912,6,1377918
9174,1377967,20,1377987
9175,1377995,5,1378000
9176,1378140,136,1378276
9177,1378386,22,1378408
9178,1378465,19,1378484
9179,1378512,20,1378532
9180,1378603,10,1378613
9181,1378667,11,1378678
9182,1378770,49,1378819
9183,1378855,260,1379115
9184,1379250,31,1379281
9185,1379353,22,1379375
9186,1379406,43,1379449
9187,1379492,103,1379595
9188,1379646,96,1379742
9189,1379768,15,1379783
9190,1379956,38,1379994
9191,1380155,10,1380165
9192,1380177,76,1380253
9193,1380342,148,1380490
9194,1380560,17,1380577
9195,1380620,6,1380626
9196,1380662,6,1380668
9197,1380715,33,1380748
9198,1380881,25,1380906
9199,1381086,20,1381106
9200,1381210,2,1381212
9201,1381341,74,1381415
9202,1381674,1,1381675
9203,1381961,50,1382011
9204,1382102,170,1382272
9205,1382288,70,1382358
9206,1382374,82,1382456
9207,1382508,108,1382616
9208,1382628,9,1382637
9209,1382662,14,1382676
9210,1382795,10,1382805
9211,1382817,274,1383091
9212,1383093,64,1383157
9213,1383204,119,1383323
9214,1383385,119,1383504
9215,1383664,16,1383680
9216,1383741,89,1383830
9217,1383834,13,1383847
9218,1383901,9,1383910
9219,1383960,53,1384013
9220,1384021,32,1384053
9221,1384296,158,1384454
9222,1384720,11,1384731
9223,1384748,71,1384819
9224,1384909,13,1384922
9225,1385304,47,1385351
9226,1385663,173,1385836
9227,1385846,10,1385856
9228,1385903,14,1385917
9229,1386115,22,1386137
9230,1386194,15,1386209
9231,1386240,49,1386289
9232,1386304,6,1386310
9233,1386361,8,1386369
9234,1386425,36,1386461
9235,1386612,41,1386653
9236,1386670,69,1386739
9237,1386796,15,1386811
9238,1386822,4,1386826
9239,1386921,18,1386939
9240,1386973,99,1387072
9241,1387210,1,1387211
9242,1387341,85,1387426
9243,1387532,16,1387548
9244,1387685,160,1387845
9245,1388007,65,1388072
9246,1388103,14,1388117
9247,1388128,3,1388131
9248,1388302,65,1388367
9249,1388404,47,1388451
9250,1388565,49,1388614
9251,1388624,30,1388654
9252,1388663,17,1388680
9253,1388886,78,1388964
9254,1389001,110,1389111
9255,1389298,116,1389414
9256,1389453,1,1389454
9257,1389494,46,1389540
9258,1389883,61,1389944
9259,1390020,39,1390059
9260,1390497,149,1390646
9261,1390826,67,1390893
9262,1390933,107,1391040
9263,1391141,15,1391156
9264,1391183,12,1391195
9265,1391263,2,1391265
9266,1391337,73,1391410
9267,1391675,56,1391731
9268,1391825,25,1391850
9269,1391931,4,1391935
9270,1391987,161,1392148
9271,1392159,14,1392173
9272,1392184,59,1392243
9273,1392319,1,1392320
9274,1392624,12,1392636
9275,1392654,79,1392733
9276,1392916,22,1392938
9277,1393000,47,1393047
9278,1393063,139,1393202
9279,1393250,51,1393301
9280,1393357,18,1393375
9281,1393697,67,1393764
9282,1393861,56,1393917
9283,1393929,41,1393970
9284,1394025,7,1394032
9285,1394303,2,1394305
9286,1394365,23,1394388
9287,1394414,77,1394491
9288,1394570,7,1394577
9289,1394664,1,1394665
9290,1394793,98,1394891
9291,1395203,2,1395205
9292,1395234,14,1395248
9293,1395319,32,1395351
9294,1395359,2,1395361
9295,1395661,32,1395693
9296,1395929,14,1395943
9297,1395946,102,1396048
9298,1396184,37,1396221
9299,1396491,13,1396504
9300,1396664,31,1396695
9301,1396737,11,1396748
9302,1396815,36,1396851
9303,1396951,33,1396984
9304,1397292,64,1397356
9305,1397418,56,1397474
9306,1397650,17,1397667
9307,1397727,57,1397784
9308,1397838,13,1397851
9309,1398119,41,1398160
9310,1398170,154,1398324
9311,1398584,122,1398706
9312,1398832,89,1398921
9313,1398976,11,1398987
9314,1399263,4,1399267
9315,1399385,69,1399454
9316,1399502,5,1399507
9317,1399552,26,1399578
9318,1399809,69,1399878
9319,1400022,9,1400031
9320,1400075,21,1400096
9321,1400154,17,1400171
9322,1400178,75,1400253
9323,1400297,23,1400320
9324,1400363,3,1400366
9325,1400383,40,1400423
9326,1400424,67,1400491
9327,1400919,72,1400991
9328,1401123,7,1401130
9329,1401134,38,1401172
9330,1401188,110,1401298
9331,1401365,20,1401385
9332,1401433,41,1401474
9333,1401526,1,1401527
9334,1401572,95,1401667
9335,1401820,19,1401839
9336,1401931,5,1401936
9337,1402015,7,1402022
9338,1402082,6,1402088
9339,1402212,57,1402269
9340,1402325,21,1402346
9341,1402355,11,1402366
9342,1402476,95,1402571
9343,1402681,114,1402795
9344,1402880,29,1402909
9345,1403115,4,1403119
9346,1403167,4,1403171
9347,1403264,21,1403285
9348,1403290,44,1403334
9349,1403355,4,1403359
9350,1403634,159,1403793
9351,1403886,94,1403980
9352,1404062,11,1404073
9353,1404118,34,1404152
9354,1404287,128,1404415
9355,1404429,19,1404448
9356,1404495,120,1404615
9357,1404703,79,1404782
9358,1404793,13,1404806
9359,1404896,29,1404925
9360,1404986,8,1404994
9361,1405020,12,1405032
9362,1405069,12,1405081
9363,1405362,4,1405366
9364,1405423,29,1405452
9365,1405688,184,1405872
9366,1405937,56,1405993
9367,1406061,31,1406092
9368,1406155,1,1406156
9369,1406172,27,1406199
9370,1406244,28,1406272
9371,1406472,36,1406508
9372,1406621,2,1406623
9373,1406635,51,1406686
9374,1406746,75,1406821
9375,1406823,42,1406865
9376,1407011,43,1407054
9377,1407095,75,1407170
9378,1407198,92,1407290
9379,1407315,34,1407349
9380,1407596,207,1407803
9381,1407813,52,1407865
9382,1408138,4,1408142
9383,1408177,114,1408291
9384,1408310,16,1408326
9385,1408506,70,1408576
9386,1408684,2,1408686
9387,1408712,32,1408744
9388,1408786,31,1408817
9389,1409013,36,1409049
9390,1409230,22,1409252
9391,1409279,19,1409298
9392,1409342,18,1409360
9393,1409619,2,1409621
9394,1409629,45,1409674
9395,1409786,39,1409825
9396,1409978,101,1410079
9397,1410173,65,1410238
9398,1410532,163,1410695
9399,1410761,58,1410819
9400,1410831,86,1410917
9401,1411413,19,1411432
9402,1411529,10,1411539
9403,1411543,54,1411597
9404,1411861,14,1411875
9405,1411884,119,1412003
9406,1412199,4,1412203
9407,1412416,76,1412492
9408,1412548,10,1412558
9409,1412583,32,1412615
9410,1412648,25,1412673
9411,1412690,111,1412801
9412,1412827,16,1412843
9413,1412924,5,1412929
9414,1412992,28,1413020
9415,1413051,111,1413162
9416,1413230,51,1413281
9417,1413455,76,1413531
9418,1413576,188,1413764
9419,1413767,22,1413789
9420,1413981,15,1413996
9421,1414010,1,1414011
9422,1414022,1,1414023
9423,1414056,59,1414115
9424,1414131,164,1414295
9425,1414356,8,1414364
9426,1414678,65,1414743
9427,1414795,20,1414815
9428,1414833,66,1414899
9429,1414941,26,1414967
9430,1415011,10,1415021
9431,1415163,4,1415167
9432,1415526,76,1415602
9433,1415680,2,1415682
9434,1415688,51,1415739
9435,1415854,199,1416053
9436,1416162,408,1416570
9437,1416739,19,1416758
9438,1416884,49,1416933
9439,1416974,10,1416984
9440,1417003,144,1417147
9441,1417196,96,1417292
9442,1417541,13,1417554
9443,1417558,65,1417623
9444,1417786,153,1417939
9445,1417991,3,1417994
9446,1418030,1,1418031
9447,1418155,10,1418165
9448,1418183,64,1418247
9449,1418341,22,1418363
9450,1418462,10,1418472
9451,1418496,36,1418532
9452,1418700,11,1418711
9453,1418717,6,1418723
9454,1418851,26,1418877
9455,1418991,36,1419027
9456,1419101,17,1419118
9457,1419169,13,1419182
9458,1419191,70,1419261
9459,1419284,13,1419297
9460,1419354,39,1419393
9461,1419698,28,1419726
9462,1419745,80,1419825
9463,1420093,13,1420106
9464,1420224,4,1420228
9465,1420351,35,1420386
9466,1420419,124,1420543
9467,1420569,2,1420571
9468,1420747,3,1420750
9469,1420797,75,1420872
9470,1420919,37,1420956
9471,1420999,104,1421103
9472,1421144,37,1421181
9473,1421232,50,1421282
9474,1421415,24,1421439
9475,1421793,11,1421804
9476,1422000,14,1422014
9477,1422073,162,1422235
9478,1422246,56,1422302
9479,1422345,23,1422368
9480,1422547,43,1422590
9481,1422751,47,1422798
9482,1422809,25,1422834
9483,1422938,10,1422948
9484,1422952,7,1422959
9485,1423058,26,1423084
9486,1423147,14,1423161
9487,1423234,64,1423298
9488,1423346,35,1423381
9489,1423482,48,1423530
9490,1423606,98,1423704
9491,1423724,61,1423785
9492,1423846,45,1423891
9493,1424549,90,1424639
9494,1424706,85,1424791
9495,1424830,52,1424882
9496,1425095,11,1425106
9497,1425107,25,1425132
9498,1425405,41,1425446
9499,1425539,18,1425557
9500,1425667,89,1425756
9501,1425833,49,1425882
9502,1425952,58,1426010
9503,1426051,84,1426135
9504,1426675,75,1426750
9505,1426771,26,1426797
9506,1426892,13,1426905
9507,1427007,29,1427036
9508,1427061,43,1427104
9509,1427127,17,1427144
9510,1427173,88,1427261
9511,1427289,235,1427524
9512,1427536,8,1427544
9513,1427546,74,1427620
9514,1427710,28,1427738
9515,1427753,35,1427788
9516,1427895,40,1427935
9517,1428027,31,1428058
9518,1428098,47,1428145
9519,1428232,44,1428276
9520,1428706,67,1428773
9521,1428896,40,1428936
9522,1428955,9,1428964
9523,1428988,16,1429004
9524,1429071,114,1429185
9525,1429263,35,1429298
9526,1429632,205,1429837
9527,1430193,26,1430219
9528,1430304,44,1430348
9529,1430435,40,1430475
9530,1430522,98,1430620
9531,1430730,122,1430852
9532,1430865,36,1430901
9533,1430976,15,1430991
9534,1431144,130,1431274
9535,1431298,160,1431458
9536,1431588,134,1431722
9537,1431769,49,1431818
9538,1431913,14,1431927
9539,1431969,70,1432039
9540,1432167,10,1432177
9541,1432213,23,1432236
9542,1432256,27,1432283
9543,1432347,53,1432400
9544,1432498,48,1432546
9545,1432582,37,1432619
9546,1432635,18,1432653
9547,1432755,31,1432786
9548,1432829,10,1432839
9549,1433062,17,1433079
9550,1433504,67,1433571
9551,1433808,8,1433816
9552,1433852,75,1433927
9553,1434103,45,1434148
9554,1434189,76,1434265
9555,1434454,30,1434484
9556,1434533,15,1434548
9557,1434565,42,1434607
9558,1434706,39,1434745
9559,1434798,39,1434837
9560,1434934,154,1435088
9561,1435107,13,1435120
9562,1435197,20,1435217
9563,1435262,12,1435274
9564,1435410,33,1435443
9565,1435455,6,1435461
9566,1435543,44,1435587
9567,1435625,37,1435662
9568,1435721,7,1435728
9569,1435757,33,1435790
9570,1436071,164,1436235
9571,1436340,42,1436382
9572,1436490,25,1436515
9573,1436517,110,1436627
9574,1436661,177,1436838
9575,1436860,120,1436980
9576,1437077,16,1437093
9577,1437143,81,1437224
9578,1437332,1,1437333
9579,1437425,181,1437606
9580,1437637,69,1437706
9581,1437742,3,1437745
9582,1437759,61,1437820
9583,1437826,114,1437940
9584,1438032,45,1438077
9585,1438085,64,1438149
9586,1438208,57,1438265
9587,1438340,27,1438367
9588,1438474,41,1438515
9589,1438536,33,1438569
9590,1438841,18,1438859
9591,1438894,43,1438937
9592,1438953,40,1438993
9593,1438999,1,1439000
9594,1439050,42,1439092
9595,1439110,30,1439140
9596,1439227,8,1439235
9597,1439247,123,1439370
9598,1439771,33,1439804
9599,1439853,96,1439949
9600,1439975,94,1440069
9601,1440133,81,1440214
9602,1440242,6,1440248
9603,1440305,7,1440312
9604,1440336,139,1440475
9605,1440526,116,1440642
9606,1440842,41,1440883
9607,1440914,58,1440972
9608,1441172,10,1441182
9609,1441186,11,1441197
9610,1441263,3,1441266
9611,1441307,13,1441320
9612,1441365,22,1441387
9613,1441616,11,1441627
9614,1441676,31,1441707
9615,1441776,3,1441779
9616,1441897,1,1441898
9617,1442030,9,1442039
9618,1442075,12,1442087
9619,1442280,108,1442388
9620,1442416,69,1442485
9621,1442752,230,1442982
9622,1443053,60,1443113
9623,1443135,6,1443141
9624,1443240,45,1443285
9625,1443440,52,1443492
9626,1443516,31,1443547
9627,1443622,7,1443629
9628,1443656,32,1443688
9629,1443707,12,1443719
9630,1443798,9,1443807
9631,1443886,20,1443906
9632,1444013,3,1444016
9633,1444025,34,1444059
9634,1444127,52,1444179
9635,1444230,8,1444238
9636,1444272,19,1444291
9637,1444376,5,1444381
9638,1444799,22,1444821
9639,1444855,41,1444896
9640,1444909,19,1444928
9641,1444945,9,1444954
9642,1444989,36,1445025
9643,1445120,52,1445172
9644,1445243,8,1445251
9645,1445304,7,1445311
9646,1445312,4,1445316
9647,1445350,7,1445357
9648,1445369,82,1445451
9649,1445519,12,1445531
9650,1445698,55,1445753
9651,1445777,13,1445790
9652,1445829,8,1445837
9653,1445934,115,1446049
9654,1446191,2,1446193
9655,1446478,60,1446538
9656,1446553,24,1446577
9657,1446801,2,1446803
9658,1446805,40,1446845
9659,1446886,35,1446921
9660,1446926,49,1446975
9661,1447038,14,1447052
9662,1447081,31,1447112
9663,1447169,40,1447209
9664,1447235,3,1447238
9665,1447269,62,1447331
9666,1447627,3,1447630
9667,1447642,205,1447847
9668,1448054,98,1448152
9669,1448218,10,1448228
9670,1448356,49,1448405
9671,1448457,21,1448478
9672,1448707,12,1448719
9673,1448849,1,1448850
9674,1448943,37,1448980
9675,1449197,72,1449269
9676,1449291,34,1449325
9677,1449336,107,1449443
9678,1449591,50,1449641
9679,1449878,64,1449942
9680,1450077,111,1450188
9681,1450553,4,1450557
9682,1450567,20,1450587
9683,1450598,17,1450615
9684,1450632,23,1450655
9685,1450687,178,1450865
9686,1450868,1,1450869
9687,1450879,98,1450977
9688,1451024,163,1451187
9689,1451314,111,1451425
9690,1451575,3,1451578
9691,1451701,40,1451741
9692,1451769,4,1451773
9693,1451844,64,1451908
9694,1452030,17,1452047
9695,1452536,137,1452673
9696,1452805,41,1452846
9697,1452850,72,1452922
9698,1452939,86,1453025
9699,1453116,29,1453145
9700,1453162,200,1453362
9701,1453371,29,1453400
9702,1453450,15,1453465
9703,1453511,138,1453649
9704,1453797,16,1453813
9705,1453818,37,1453855
9706,1453920,97,1454017
9707,1454192,20,1454212
9708,1454255,64,1454319
9709,1454322,72,1454394
9710,1454477,112,1454589
9711,1454592,17,1454609
9712,1455375,57,1455432
9713,1455481,36,1455517
9714,1455590,45,1455635
9715,1455806,38,1455844
9716,1455906,17,1455923
9717,1456093,22,1456115
9718,1456144,196,1456340
9719,1456444,86,1456530
9720,1456599,57,1456656
9721,1456691,120,1456811
9722,1456923,61,1456984
9723,1457049,28,1457077
9724,1457108,96,1457204
9725,1457535,4,1457539
9726,1457644,41,1457685
9727,1457703,7,1457710
9728,1457877,147,1458024
9729,1458361,5,1458366
9730,1458434,125,1458559
9731,1458676,30,1458706
9732,1459111,99,1459210
9733,1459375,10,1459385
9734,1459542,30,1459572
9735,1459755,39,1459794
9736,1459795,29,1459824
9737,1459841,84,1459925
9738,1459989,40,1460029
9739,1460043,140,1460183
9740,1460290,21,1460311
9741,1460342,51,1460393
9742,1460476,8,1460484
9743,1460496,7,1460503
9744,1460557,206,1460763
9745,1460821,12,1460833
9746,1460959,12,1460971
9747,1461092,23,1461115
9748,1461152,49,1461201
9749,1461376,29,1461405
9750,1461456,37,1461493
9751,1461498,75,1461573
9752,1461603,81,1461684
9753,1461760,27,1461787
9754,1462095,65,1462160
9755,1462451,89,1462540
9756,1462563,38,1462601
9757,1462953,62,1463015
9758,1463140,8,1463148
9759,1463210,49,1463259
9760,1463437,45,1463482
9761,1463679,8,1463687
9762,1463749,25,1463774
9763,1463817,5,1463822
9764,1463988,13,1464001
9765,1464483,71,1464554
9766,1464559,23,1464582
9767,1464602,43,1464645
9768,1464673,1,1464674
9769,1465169,16,1465185
9770,1465329,23,1465352
9771,1465377,147,1465524
9772,1465862,9,1465871
9773,1466078,28,1466106
9774,1466278,56,1466334
9775,1466429,61,1466490
9776,1466518,77,1466595
9777,1466597,12,1466609
9778,1466707,19,1466726
9779,1466881,13,1466894
9780,1466928,4,1466932
9781,1467119,42,1467161
9782,1467162,44,1467206
9783,1467242,45,1467287
9784,1467319,218,1467537
9785,1467595,68,1467663
9786,1467733,33,1467766
9787,1467866,38,1467904
9788,1467905,25,1467930
9789,1467977,9,1467986
9790,1468128,49,1468177
9791,1468216,50,1468266
9792,1468276,13,1468289
9793,1468410,64,1468474
9794,1468489,50,1468539
9795,1468710,12,1468722
9796,1468741,22,1468763
9797,1468959,71,1469030
9798,1469085,9,1469094
9799,1469170,29,1469199
9800,1469261,7,1469268
9801,1469295,24,1469319
9802,1469433,61,1469494
9803,1469513,29,1469542
9804,1469845,78,1469923
9805,1469952,51,1470003
9806,1470096,44,1470140
9807,1470268,13,1470281
9808,1470336,9,1470345
9809,1470527,38,1470565
9810,1470597,32,1470629
9811,1470702,42,1470744
9812,1470844,11,1470855
9813,1470953,14,1470967
9814,1471113,46,1471159
9815,1471193,3,1471196
9816,1471358,9,1471367
9817,1471385,43,1471428
9818,1471527,62,1471589
9819,1471730,40,1471770
9820,1471841,7,1471848
9821,1471978,173,1472151
9822,1472164,14,1472178
9823,1472437,57,1472494
9824,1472498,31,1472529
9825,1472574,8,1472582
9826,1472591,124,1472715
9827,1472793,28,1472821
9828,1473010,16,1473026
9829,1473115,48,1473163
9830,1473221,5,1473226
9831,1473250,226,1473476
9832,1473609,131,1473740
9833,1473811,116,1473927
9834,1473951,6,1473957
9835,1473982,218,1474200
9836,1474513,41,1474554
9837,1474613,2,1474615
9838,1474710,48,1474758
9839,1474901,16,1474917
9840,1475048,36,1475084
9841,1475153,96,1475249
9842,1475252,69,1475321
9843,1475401,89,1475490
9844,1475513,37,1475550
9845,1475631,9,1475640
9846,1475697,16,1475713
9847,1475760,17,1475777
9848,1475781,21,1475802
9849,1475854,112,1475966
9850,1475982,35,1476017
9851,1476090,45,1476135
9852,1476381,38,1476419
9853,1476519,95,1476614
9854,1476634,15,1476649
9855,1476692,41,1476733
9856,1476751,82,1476833
9857,1476983,21,1477004
9858,1477245,100,1477345
9859,1477497,28,1477525
9860,1477566,27,1477593
9861,1477647,13,1477660
9862,1477948,2,1477950
9863,1478001,22,1478023
9864,1478314,8,1478322
9865,1478409,21,1478430
9866,1478447,35,1478482
9867,1478551,12,1478563
9868,1478663,10,1478673
9869,1478733,3,1478736
9870,1478865,4,1478869
9871,1478913,15,1478928
9872,1478997,83,1479080
9873,1479246,29,1479275
9874,1479401,216,1479617
9875,1480162,51,1480213
9876,1480241,40,1480281
9877,1480623,102,1480725
9878,1481059,32,1481091
9879,1481153,6,1481159
9880,1481253,20,1481273
9881,1481354,47,1481401
9882,1481422,24,1481446
9883,1481455,22,1481477
9884,1481518,93,1481611
9885,1482042,187,1482229
9886,1482268,46,1482314
9887,1482322,35,1482357
9888,1482366,50,1482416
9889,1482432,10,1482442
9890,1482477,74,1482551
9891,1482678,16,1482694
9892,1482825,59,1482884
9893,1482927,2,1482929
9894,1482932,23,1482955
9895,1483035,8,1483043
9896,1483064,19,1483083
9897,1483103,31,1483134
9898,1483230,7,1483237
9899,1483284,30,1483314
9900,1483523,122,1483645
9901,1483680,167,1483847
9902,1484099,53,1484152
9903,1484415,33,1484448
9904,1484515,6,1484521
9905,1484661,11,1484672
9906,1484770,24,1484794
9907,1484795,11,1484806
9908,1484920,4,1484924
9909,1484979,111,1485090
9910,1485103,22,1485125
9911,1485148,25,1485173
9912,1485246,65,1485311
9913,1485371,12,1485383
9914,1485410,17,1485427
9915,1485446,43,1485489
9916,1485645,90,1485735
9917,1485892,4,1485896
9918,1485947,10,1485957
9919,1486068,17,1486085
9920,1486276,81,1486357
9921,1486434,51,1486485
9922,1486588,7,1486595
9923,1486620,84,1486704
9924,1486876,46,1486922
9925,1486947,21,1486968
9926,1487070,76,1487146
9927,1487164,1,1487165
9928,1487449,79,1487528
9929,1487550,17,1487567
9930,1487681,45,1487726
9931,1488363,102,1488465
9932,1488654,27,1488681
9933,1489206,7,1489213
9934,1489287,88,1489375
9935,1489387,14,1489401
9936,1489575,51,1489626
9937,1489707,1,1489708
9938,1489723,90,1489813
9939,1489878,48,1489926
9940,1489961,30,1489991
9941,1490002,9,1490011
9942,1490040,9,1490049
9943,1490306,120,1490426
9944,1490534,65,1490599
9945,1490697,23,1490720
9946,1490724,137,1490861
9947,1490913,75,1490988
9948,1491038,4,1491042
9949,1491052,7,1491059
9950,1491266,2,1491268
9951,1491270,23,1491293
9952,1491469,3,1491472
9953,1491546,105,1491651
9954,1491699,78,1491777
9955,1491835,59,1491894
9956,1492008,99,1492107
9957,1492212,24,1492236
9958,1492281,111,1492392
9959,1492442,22,1492464
9960,1492817,85,1492902
9961,1493057,26,1493083
9962,1493181,113,1493294
9963,1493362,49,1493411
9964,1493436,204,1493640
9965,1494023,57,1494080
9966,1494144,59,1494203
9967,1494271,86,1494357
9968,1494413,35,1494448
9969,1494463,222,1494685
9970,1494730,33,1494763
9971,1494948,33,1494981
9972,1495010,46,1495056
9973,1495174,27,1495201
9974,1495265,80,1495345
9975,1495440,40,1495480
9976,1495799,4,1495803
9977,1495829,55,1495884
9978,1496055,93,1496148
9979,1496200,46,1496246
9980,1496443,21,1496464
9981,1496523,8,1496531
9982,1496545,18,1496563
9983,1496934,64,1496998
9984,1497327,2,1497329
9985,1497459,18,1497477
9986,1497725,16,1497741
9987,1497923,124,1498047
9988,1498066,55,1498121
9989,1498159,77,1498236
9990,1498349,9,1498358
9991,1498420,87,1498507
9992,1498550,56,1498606
9993,1498723,82,1498805
9994,1498889,3,1498892
9995,1499159,46,1499205
9996,1499209,37,1499246
9997,1499408,43,1499451
9998,1499612,13,1499625
9999,1499719,58,1499777
10000,1499874,31,1499905
10001,1499955,60,1500015
10002,1500029,26,1500055
10003,1500073,78,1500151
10004,1500159,19,1500178
10005,1500242,33,1500275
10006,1500300,43,1500343
10007,1500427,334,1500761
10008,1500792,128,1500920
10009,1501081,2,1501083
10010,1501161,24,1501185
10011,1501354,30,1501384
10012,1501484,5,1501489
10013,1501551,187,1501738
10014,1501883,27,1501910
10015,1502013,18,1502031
10016,1502128,116,1502244
10017,1502452,63,1502515
10018,1502949,112,1503061
10019,1503146,42,1503188
10020,1503278,2,1503280
10021,1503316,48,1503364
10022,1503509,59,1503568
10023,1503660,146,1503806
10024,1503856,16,1503872
10025,1503896,3,1503899
10026,1504178,15,1504193
10027,1504210,92,1504302
10028,1504432,12,1504444
10029,1504498,18,1504516
10030,1504634,29,1504663
10031,1504728,6,1504734
10032,1504854,32,1504886
10033,1504924,22,1504946
10034,1504994,25,1505019
10035,1505060,129,1505189
10036,1505236,38,1505274
10037,1505318,53,1505371
10038,1505439,38,1505477
10039,1505499,18,1505517
10040,1505659,118,1505777
10041,1505884,9,1505893
10042,1505934,5,1505939
10043,1506050,24,1506074
10044,1506368,24,1506392
10045,1506403,19,1506422
10046,1506466,172,1506638
10047,1506740,5,1506745
10048,1506783,5,1506788
10049,1506852,58,1506910
10050,1506984,31,1507015
10051,1507033,2,1507035
10052,1507447,35,1507482
10053,1507603,63,1507666
10054,1507726,2,1507728
10055,1507762,34,1507796
10056,1507884,2,1507886
10057,1507891,24,1507915
10058,1507991,36,1508027
10059,1508164,23,1508187
10060,1508285,28,1508313
10061,1508382,10,1508392
10062,1508478,13,1508491
10063,1508508,2,1508510
10064,1508802,78,1508880
10065,1508886,42,1508928
10066,1509085,157,1509242
10067,1509354,30,1509384
10068,1509423,108,1509531
10069,1509698,15,1509713
10070,1509721,67,1509788
10071,1509921,75,1509996
10072,1510041,60,1510101
10073,1510211,68,1510279
10074,1510299,73,1510372
10075,1510688,95,1510783
10076,1510867,30,1510897
10077,1511115,10,1511125
10078,1511128,58,1511186
10079,1511238,102,1511340
10080,1511427,20,1511447
10081,1511455,8,1511463
10082,1511559,39,1511598
10083,1511798,20,1511818
10084,1511823,4,1511827
10085,1511839,55,1511894
10086,1511953,30,1511983
10087,1512050,18,1512068
10088,1512102,30,1512132
10089,1512237,35,1512272
10090,1512375,71,1512446
10091,1512447,27,1512474
10092,1512547,65,1512612
10093,1512781,272,1513053
10094,1513088,117,1513205
10095,1513206,4,1513210
10096,1513240,88,1513328
10097,1513352,3,1513355
10098,1513415,268,1513683
10099,1513727,12,1513739
10100,1513743,64,1513807
10101,1513810,138,1513948
10102,1514001,130,1514131
10103,1514145,30,1514175
10104,1514450,98,1514548
10105,1514609,82,1514691
10106,1514739,116,1514855
10107,1514859,19,1514878
10108,1514891,45,1514936
10109,1514983,13,1514996
10110,1515142,4,1515146
10111,1515438,6,1515444
10112,1515507,43,1515550
10113,1515566,14,1515580
10114,1515659,87,1515746
10115,1515947,66,1516013
10116,1516026,69,1516095
10117,1516267,2,1516269
10118,1516317,11,1516328
10119,1516458,5,1516463
10120,1516524,79,1516603
10121,1516622,1,1516623
10122,1516710,25,1516735
10123,1516814,25,1516839
10124,1517020,10,1517030
10125,1517173,16,1517189
10126,1517261,7,1517268
10127,1517295,150,1517445
10128,1517476,41,1517517
10129,1517536,81,1517617
10130,1517776,22,1517798
10131,1518028,28,1518056
10132,1518114,32,1518146
10133,1518222,6,1518228
10134,1518479,77,1518556
10135,1518566,13,1518579
10136,1518796,6,1518802
10137,1519019,70,1519089
10138,1519252,22,1519274
10139,1519299,22,1519321
10140,1519568,28,1519596
10141,1519622,57,1519679
10142,1519684,163,1519847
10143,1519898,63,1519961
10144,1520116,25,1520141
10145,1520155,68,1520223
10146,1520230,83,1520313
10147,1520565,53,1520618
10148,1520722,8,1520730
10149,1520808,95,1520903
10150,1520917,28,1520945
10151,1520984,62,1521046
10152,1521160,1,1521161
10153,1521209,91,1521300
10154,1521383,47,1521430
10155,1521436,14,1521450
10156,1521655,63,1521718
10157,1521857,79,1521936
10158,1522106,4,1522110
10159,1522141,90,1522231
10160,1522298,18,1522316
10161,1522348,41,1522389
10162,1522542,36,1522578
10163,1522687,41,1522728
10164,1522754,3,1522757
10165,1522951,18,1522969
10166,1523020,48,1523068
10167,1523208,27,1523235
10168,1523583,11,1523594
10169,1523632,54,1523686
10170,1523742,48,1523790
10171,1524029,46,1524075
10172,1524567,2,1524569
10173,1524640,18,1524658
10174,1524855,30,1524885
10175,1525004,17,1525021
10176,1525075,13,1525088
10177,1525178,37,1525215
10178,1525521,28,1525549
10179,1525763,67,1525830
10180,1525924,3,1525927
10181,1525993,4,1525997
10182,1526056,8,1526064
10183,1526338,68,1526406
10184,1526541,35,1526576
10185,1526588,15,1526603
10186,1526604,37,1526641
10187,1527160,36,1527196
10188,1527212,76,1527288
10189,1527342,55,1527397
10190,1527440,123,1527563
10191,1527688,19,1527707
10192,1527796,109,1527905
10193,1528111,57,1528168
10194,1528305,13,1528318
10195,1528323,50,1528373
10196,1528462,11,1528473
10197,1528556,3,1528559
10198,1528658,108,1528766
10199,1528776,7,1528783
10200,1528909,52,1528961
10201,1529053,59,1529112
10202,1529194,79,1529273
10203,1529347,144,1529491
10204,1529621,18,1529639
10205,1529760,44,1529804
10206,1530171,58,1530229
10207,1530308,60,1530368
10208,1530428,23,1530451
10209,1530505,25,1530530
10210,1530574,42,1530616
10211,1530804,12,1530816
10212,1531449,4,1531453
10213,1531558,66,1531624
10214,1531626,36,1531662
10215,1531672,110,1531782
10216,1531957,60,1532017
10217,1532047,35,1532082
10218,1532117,25,1532142
10219,1532196,65,1532261
10220,1532411,1,1532412
10221,1532415,6,1532421
10222,1532477,1,1532478
10223,1532556,53,1532609
10224,1532771,66,1532837
10225,1532896,13,1532909
10226,1532986,5,1532991
10227,1533018,19,1533037
10228,1533200,32,1533232
10229,1533413,153,1533566
10230,1533608,69,1533677
10231,1534044,105,1534149
10232,1534224,5,1534229
10233,1534265,7,1534272
10234,1534335,11,1534346
10235,1534400,38,1534438
10236,1534505,38,1534543
10237,1534619,8,1534627
10238,1534883,61,1534944
10239,1535040,24,1535064
10240,1535313,12,1535325
10241,1535410,88,1535498
10242,1535912,7,1535919
10243,1535974,129,1536103
10244,1536546,9,1536555
10245,1536641,39,1536680
10246,1536775,34,1536809
10247,1536904,2,1536906
10248,1536926,3,1536929
10249,1537005,4,1537009
10250,1537011,9,1537020
10251,1537247,10,1537257
10252,1537260,188,1537448
10253,1537457,212,1537669
10254,1537754,16,1537770
10255,1537916,26,1537942
10256,1538077,44,1538121
10257,1538279,10,1538289
10258,1538305,1,1538306
10259,1538495,35,1538530
10260,1538551,314,1538865
10261,1538977,61,1539038
10262,1539159,6,1539165
10263,1539216,27,1539243
10264,1539301,17,1539318
10265,1539501,3,1539504
10266,1539731,131,1539862
10267,1539894,31,1539925
10268,1539932,2,1539934
10269,1539962,16,1539978
10270,1540026,45,1540071
10271,1540108,40,1540148
10272,1540220,12,1540232
10273,1540499,21,1540520
10274,1540723,111,1540834
10275,1540837,17,1540854
10276,1540862,5,1540867
10277,1541163,46,1541209
10278,1541295,95,1541390
10279,1541408,43,1541451
10280,1541666,60,1541726
10281,1541732,17,1541749
10282,1541759,2,1541761
10283,1542181,72,1542253
10284,1542262,22,1542284
10285,1542387,56,1542443
10286,1542495,8,1542503
10287,1542543,40,1542583
10288,1542601,8,1542609
10289,1542656,5,1542661
10290,1542739,50,1542789
10291,1542839,3,1542842
10292,1542867,85,1542952
10293,1542986,1,1542987
10294,1543112,72,1543184
10295,1543242,29,1543271
10296,1543277,2,1543279
10297,1543286,77,1543363
10298,1543389,50,1543439
10299,1543448,42,1543490
10300,1543835,3,1543838
10301,1544124,5,1544129
10302,1544148,43,1544191
10303,1544235,37,1544272
10304,1544378,36,1544414
10305,1544625,25,1544650
10306,1544699,41,1544740
10307,1544776,37,1544813
10308,1544890,10,1544900
10309,1545144,26,1545170
10310,1545207,18,1545225
10311,1545290,37,1545327
10312,1545374,3,1545377
10313,1545419,33,1545452
10314,1545635,49,1545684
10315,1545687,107,1545794
10316,1545801,61,1545862
10317,1546087,76,1546163
10318,1546251,49,1546300
10319,1546322,61,1546383
10320,1546564,84,1546648
10321,1546661,116,1546777
10322,1546870,54,1546924
10323,1547034,27,1547061
10324,1547216,172,1547388
10325,1547428,25,1547453
10326,1547638,47,1547685
10327,1547808,1,1547809
10328,1547826,50,1547876
10329,1547992,128,1548120
10330,1548170,30,1548200
10331,1548339,53,1548392
10332,1548420,13,1548433
10333,1548751,85,1548836
10334,1548858,30,1548888
10335,1548913,30,1548943
10336,1548961,27,1548988
10337,1549178,114,1549292
10338,1549402,22,1549424
10339,1549431,8,1549439
10340,1549448,9,1549457
10341,1549532,34,1549566
10342,1549619,87,1549706
10343,1549707,106,1549813
10344,1550088,4,1550092
10345,1550316,172,1550488
10346,1550520,18,1550538
10347,1550539,45,1550584
10348,1550596,52,1550648
10349,1551220,72,1551292
10350,1551418,41,1551459
10351,1551493,12,1551505
10352,1551666,43,1551709
10353,1552096,87,1552183
10354,1552242,21,1552263
10355,1552426,14,1552440
10356,1552548,55,1552603
10357,1552630,144,1552774
10358,1552789,5,1552794
10359,1552915,45,1552960
10360,1553002,1,1553003
10361,1553197,15,1553212
10362,1553229,41,1553270
10363,1553281,28,1553309
10364,1553331,33,1553364
10365,1553380,34,1553414
10366,1553425,2,1553427
10367,1553600,80,1553680
10368,1553876,14,1553890
10369,1553960,45,1554005
10370,1554101,49,1554150
10371,1554201,24,1554225
10372,1554288,56,1554344
10373,1554532,33,1554565
10374,1554606,36,1554642
10375,1554677,54,1554731
10376,1554952,1,1554953
10377,1555015,76,1555091
10378,1555123,28,1555151
10379,1555310,13,1555323
10380,1555591,38,1555629
10381,1555712,1,1555713
10382,1555943,18,1555961
10383,1556214,12,1556226
10384,1556312,29,1556341
10385,1556419,9,1556428
10386,1556536,8,1556544
10387,1556738,38,1556776
10388,1556842,45,1556887
10389,1556936,143,1557079
10390,1557328,12,1557340
10391,1557730,30,1557760
10392,1557879,58,1557937
10393,1558011,104,1558115
10394,1558128,29,1558157
10395,1558175,79,1558254
10396,1558274,45,1558319
10397,1558360,55,1558415
10398,1558575,3,1558578
10399,1558686,39,1558725
10400,1558801,73,1558874
10401,1558937,33,1558970
10402,1558997,199,1559196
10403,1559228,35,1559263
10404,1559292,76,1559368
10405,1559847,37,1559884
10406,1560003,88,1560091
10407,1560234,138,1560372
10408,1560549,36,1560585
10409,1560887,56,1560943
10410,1561173,57,1561230
10411,1561235,31,1561266
10412,1561459,39,1561498
10413,1561509,65,1561574
10414,1561591,23,1561614
10415,1561720,36,1561756
10416,1561928,258,1562186
10417,1562287,83,1562370
10418,1562382,15,1562397
10419,1562522,52,1562574
10420,1562839,23,1562862
10421,1562877,120,1562997
10422,1563103,81,1563184
10423,1563223,22,1563245
10424,1563300,76,1563376
10425,1563477,94,1563571
10426,1563607,89,1563696
10427,1563955,27,1563982
10428,1564035,18,1564053
10429,1564070,3,1564073
10430,1564122,52,1564174
10431,1564297,55,1564352
10432,1564500,102,1564602
10433,1564612,15,1564627
10434,1564653,19,1564672
10435,1564676,81,1564757
10436,1564816,43,1564859
10437,1564926,68,1564994
10438,1565001,6,1565007
10439,1565136,51,1565187
10440,1565213,2,1565215
10441,1565244,4,1565248
10442,1565525,29,1565554
10443,1565801,65,1565866
10444,1565977,61,1566038
10445,1566039,32,1566071
10446,1566101,7,1566108
10447,1566154,4,1566158
10448,1566335,96,1566431
10449,1566599,50,1566649
10450,1566898,65,1566963
10451,1567441,48,1567489
10452,1567578,86,1567664
10453,1567773,42,1567815
10454,1567819,1,1567820
10455,1567843,5,1567848
10456,1567960,20,1567980
10457,1568125,8,1568133
10458,1568151,18,1568169
10459,1568237,5,1568242
10460,1568271,11,1568282
10461,1568311,40,1568351
10462,1568382,17,1568399
10463,1568447,54,1568501
10464,1568562,15,1568577
10465,1568596,51,1568647
10466,1568676,5,1568681
10467,1568730,58,1568788
10468,1568851,74,1568925
10469,1569124,59,1569183
10470,1569571,131,1569702
10471,1569753,4,1569757
10472,1569833,4,1569837
10473,1569999,56,1570055
10474,1570176,35,1570211
10475,1570213,5,1570218
10476,1570227,18,1570245
10477,1570509,56,1570565
10478,1570624,154,1570778
10479,1570815,22,1570837
10480,1571100,81,1571181
10481,1571182,28,1571210
10482,1571267,10,1571277
10483,1571304,89,1571393
10484,1571411,10,1571421
10485,1571542,40,1571582
10486,1571596,38,1571634
10487,1571729,107,1571836
10488,1571923,10,1571933
10489,1571980,4,1571984
10490,1572045,24,1572069
10491,1572232,21,1572253
10492,1572312,23,1572335
10493,1572481,33,1572514
10494,1572536,46,1572582
10495,1572688,28,1572716
10496,1572750,28,1572778
10497,1572966,49,1573015
10498,1573427,65,1573492
10499,1573494,30,1573524
10500,1573748,107,1573855
10501,1574165,76,1574241
10502,1574403,37,1574440
10503,1574464,20,1574484
10504,1574572,61,1574633
10505,1574659,18,1574677
10506,1574694,38,1574732
10507,1574905,1,1574906
10508,1574917,75,1574992
10509,1575106,17,1575123
10510,1575142,21,1575163
10511,1575273,54,1575327
10512,1575679,10,1575689
10513,1576009,11,1576020
10514,1576087,95,1576182
10515,1576189,44,1576233
10516,1576236,18,1576254
10517,1576266,22,1576288
10518,1576361,55,1576416
10519,1576460,240,1576700
10520,1576719,97,1576816
10521,1576918,45,1576963
10522,1576967,84,1577051
10523,1577110,69,1577179
10524,1577315,11,1577326
10525,1577427,50,1577477
10526,1577505,25,1577530
10527,1577629,8,1577637
10528,1577689,3,1577692
10529,1577969,71,1578040
10530,1578271,8,1578279
10531,1578603,14,1578617
10532,1578899,18,1578917
10533,1578988,68,1579056
10534,1579065,33,1579098
10535,1579262,60,1579322
10536,1579439,53,1579492
10537,1579565,14,1579579
10538,1579582,17,1579599
10539,1579637,116,1579753
10540,1579810,114,1579924
10541,1579927,34,1579961
10542,1579969,13,1579982
10543,1580021,55,1580076
10544,1580085,22,1580107
10545,1580272,15,1580287
10546,1580353,28,1580381
10547,1580462,10,1580472
10548,1580554,6,1580560
10549,1580591,35,1580626
10550,1580663,56,1580719
10551,1580783,19,1580802
10552,1580903,4,1580907
10553,1580929,13,1580942
10554,1580973,56,1581029
10555,1581099,8,1581107
10556,1581150,43,1581193
10557,1581217,18,1581235
10558,1581242,15,1581257
10559,1581271,87,1581358
10560,1581464,35,1581499
10561,1581504,141,1581645
10562,1581697,54,1581751
10563,1581763,92,1581855
10564,1581918,81,1581999
10565,1582153,27,1582180
10566,1582264,96,1582360
10567,1582637,24,1582661
10568,1582664,14,1582678
10569,1582886,110,1582996
10570,1583151,43,1583194
10571,1583218,126,1583344
10572,1583416,32,1583448
10573,1583705,13,1583718
10574,1583846,29,1583875
10575,1583938,7,1583945
10576,1583982,81,1584063
10577,1584122,107,1584229
10578,1584230,193,1584423
10579,1584498,20,1584518
10580,1584532,45,1584577
10581,1584652,35,1584687
10582,1584720,6,1584726
10583,1584754,18,1584772
10584,1584793,44,1584837
10585,1585094,26,1585120
10586,1585187,57,1585244
10587,1585813,74,1585887
10588,1585988,9,1585997
10589,1586070,65,1586135
10590,1586166,95,1586261
10591,1586504,5,1586509
10592,1586621,18,1586639
10593,1586679,70,1586749
10594,1586776,5,1586781
10595,1586947,21,1586968
10596,1587061,60,1587121
10597,1587157,1,1587158
10598,1587274,38,1587312
10599,1587349,8,1587357
10600,1587375,48,1587423
10601,1587833,7,1587840
10602,1588070,12,1588082
10603,1588142,64,1588206
10604,1588518,17,1588535
10605,1588573,22,1588595
10606,1588612,53,1588665
10607,1588766,45,1588811
10608,1588832,95,1588927
10609,1588969,40,1589009
10610,1589087,42,1589129
10611,1589261,28,1589289
10612,1589415,4,1589419
10613,1589473,184,1589657
10614,1589705,49,1589754
10615,1589794,21,1589815
10616,1589888,5,1589893
10617,1589957,28,1589985
10618,1590105,45,1590150
10619,1590158,212,1590370
10620,1590414,2,1590416
10621,1590460,22,1590482
10622,1590661,1,1590662
10623,1590751,22,1590773
10624,1590849,103,1590952
10625,1591032,48,1591080
10626,1591247,23,1591270
10627,1591337,169,1591506
10628,1591509,1,1591510
10629,1591671,23,1591694
10630,1591739,97,1591836
10631,1591879,1,1591880
10632,1591919,44,1591963
10633,1591974,33,1592007
10634,1592012,32,1592044
10635,1592045,16,1592061
10636,1592206,26,1592232
10637,1592262,11,1592273
10638,1592836,29,1592865
10639,1592929,48,1592977
10640,1593159,89,1593248
10641,1593534,20,1593554
10642,1593692,26,1593718
10643,1593842,127,1593969
10644,1594073,34,1594107
10645,1594214,7,1594221
10646,1594269,52,1594321
10647,1594380,15,1594395
10648,1594454,69,1594523
10649,1594532,6,1594538
10650,1594641,4,1594645
10651,1594693,2,1594695
10652,1594750,56,1594806
10653,1594872,13,1594885
10654,1595011,95,1595106
10655,1595175,33,1595208
10656,1595390,10,1595400
10657,1595480,97,1595577
10658,1596169,46,1596215
10659,1596447,149,1596596
10660,1596752,87,1596839
10661,1596904,31,1596935
10662,1597071,14,1597085
10663,1597116,77,1597193
10664,1597332,64,1597396
10665,1597463,49,1597512
10666,1597833,21,1597854
10667,1597968,59,1598027
10668,1598052,12,1598064
10669,1598079,57,1598136
10670,1598139,99,1598238
10671,1598282,14,1598296
10672,1598482,53,1598535
10673,1598622,124,1598746
10674,1598760,49,1598809
10675,1598837,71,1598908
10676,1599114,79,1599193
10677,1599336,26,1599362
10678,1599422,103,1599525
10679,1599683,95,1599778
10680,1599962,19,1599981
10681,1600111,61,1600172
10682,1600201,44,1600245
10683,1600249,21,1600270
10684,1600302,3,1600305
10685,1600335,83,1600418
10686,1600420,16,1600436
10687,1600450,53,1600503
10688,1600648,255,1600903
10689,1600929,133,1601062
10690,1601069,60,1601129
10691,1601293,77,1601370
10692,1601372,128,1601500
10693,1601514,2,1601516
10694,1601552,34,1601586
10695,1601641,2,1601643
10696,1601712,25,1601737
10697,1601788,18,1601806
10698,1601850,2,1601852
10699,1601856,65,1601921
10700,1601949,41,1601990
10701,1602051,76,1602127
10702,1602160,50,1602210
10703,1602243,86,1602329
10704,1602347,18,1602365
10705,1602397,52,1602449
10706,1602497,33,1602530
10707,1602564,92,1602656
10708,1602733,1,1602734
10709,1602845,2,1602847
10710,1602860,6,1602866
10711,1602976,114,1603090
10712,1603180,29,1603209
10713,1603284,36,1603320
10714,1603380,41,1603421
10715,1603757,38,1603795
10716,1603859,62,1603921
10717,1604185,19,1604204
10718,1604538,6,1604544
10719,1604607,20,1604627
10720,1604700,31,1604731
10721,1604808,125,1604933
10722,1605183,79,1605262
10723,1605296,186,1605482
10724,1605488,2,1605490
10725,1605538,99,1605637
10726,1605677,6,1605683
10727,1605863,40,1605903
10728,1606006,36,1606042
10729,1606178,6,1606184
10730,1606223,108,1606331
10731,1606402,6,1606408
10732,1606496,31,1606527
10733,1606541,39,1606580
10734,1606587,55,1606642
10735,1606657,33,1606690
10736,1606720,38,1606758
10737,1606799,29,1606828
10738,1606836,77,1606913
10739,1607133,7,1607140
10740,1607278,60,1607338
10741,1607463,52,1607515
10742,1607523,4,1607527
10743,1607528,16,1607544
10744,1607572,63,1607635
10745,1607662,91,1607753
10746,1607873,104,1607977
10747,1608023,40,1608063
10748,1608419,13,1608432
10749,1608450,14,1608464
10750,1608606,5,1608611
10751,1608639,1,1608640
10752,1608668,20,1608688
10753,1608806,48,1608854
10754,1609022,50,1609072
10755,1609401,66,1609467
10756,1609625,79,1609704
10757,1610054,59,1610113
10758,1610421,16,1610437
10759,1610486,31,1610517
10760,1610677,51,1610728
10761,1610742,90,1610832
10762,1610838,46,1610884
10763,1611238,66,1611304
10764,1611376,17,1611393
10765,1611517,2,1611519
10766,1611672,2,1611674
10767,1611784,244,1612028
10768,1612043,143,1612186
10769,1612193,17,1612210
10770,1612322,95,1612417
10771,1612466,55,1612521
10772,1612527,52,1612579
10773,1612624,39,1612663
10774,1612761,18,1612779
10775,1613018,6,1613024
10776,1613176,7,1613183
10777,1613234,67,1613301
10778,1613328,117,1613445
10779,1613472,71,1613543
10780,1613591,58,1613649
10781,1613676,12,1613688
10782,1613813,104,1613917
10783,1613991,287,1614278
10784,1614499,119,1614618
10785,1614823,33,1614856
10786,1614959,102,1615061
10787,1615249,259,1615508
10788,1615558,42,1615600
10789,1615847,63,1615910
10790,1616037,24,1616061
10791,1616092,20,1616112
10792,1616133,11,1616144
10793,1616329,43,1616372
10794,1616465,7,1616472
10795,1616598,146,1616744
10796,1616773,64,1616837
10797,1616892,8,1616900
10798,1616923,24,1616947
10799,1617178,46,1617224
10800,1617302,33,1617335
10801,1617534,20,1617554
10802,1617771,75,1617846
10803,1617898,77,1617975
10804,1618399,79,1618478
10805,1618665,49,1618714
10806,1618745,76,1618821
10807,1618839,65,1618904
10808,1618911,27,1618938
10809,1618953,57,1619010
10810,1619109,17,1619126
10811,1619216,9,1619225
10812,1619230,11,1619241
10813,1619251,4,1619255
10814,1619386,33,1619419
10815,1619552,2,1619554
10816,1619624,5,1619629
10817,1619670,94,1619764
10818,1620015,216,1620231
10819,1620262,7,1620269
10820,1620434,16,1620450
10821,1620517,15,1620532
10822,1620743,56,1620799
10823,1620944,44,1620988
10824,1621181,44,1621225
10825,1621226,45,1621271
10826,1621336,11,1621347
10827,1621381,90,1621471
10828,1621587,54,1621641
10829,1621790,20,1621810
10830,1621935,91,1622026
10831,1622058,223,1622281
10832,1622610,116,1622726
10833,1622747,103,1622850
10834,1622863,69,1622932
10835,1623072,23,1623095
10836,1623121,4,1623125
10837,1623166,50,1623216
10838,1623543,9,1623552
10839,1623643,14,1623657
10840,1623707,73,1623780
10841,1623834,42,1623876
10842,1623920,61,1623981
10843,1624021,31,1624052
10844,1624067,29,1624096
10845,1624146,39,1624185
10846,1624221,5,1624226
10847,1624245,114,1624359
10848,1624464,41,1624505
10849,1624766,27,1624793
10850,1625129,20,1625149
10851,1625152,72,1625224
10852,1625264,3,1625267
10853,1625277,133,1625410
10854,1625542,326,1625868
10855,1625943,7,1625950
10856,1626012,1,1626013
10857,1626046,5,1626051
10858,1626112,15,1626127
10859,1626203,22,1626225
10860,1626350,97,1626447
10861,1626505,55,1626560
10862,1626619,72,1626691
10863,1626708,9,1626717
10864,1626865,29,1626894
10865,1626932,187,1627119
10866,1627266,27,1627293
10867,1627413,131,1627544
10868,1627575,229,1627804
10869,1627823,15,1627838
10870,1627931,56,1627987
10871,1628485,80,1628565
10872,1628575,127,1628702
10873,1628746,94,1628840
10874,1628860,233,1629093
10875,1629114,41,1629155
10876,1629204,12,1629216
10877,1629361,75,1629436
10878,1629491,229,1629720
10879,1629816,40,1629856
10880,1630113,90,1630203
10881,1630271,84,1630355
10882,1630455,33,1630488
10883,1630737,58,1630795
10884,1630853,14,1630867
10885,1631222,5,1631227
10886,1631259,60,1631319
10887,1631403,82,1631485
10888,1631486,54,1631540
10889,1631563,26,1631589
10890,1631894,42,1631936
10891,1631956,4,1631960
10892,1631988,6,1631994
10893,1632107,25,1632132
10894,1632164,3,1632167
10895,1632288,13,1632301
10896,1632372,93,1632465
10897,1632636,22,1632658
10898,1632909,208,1633117
10899,1633124,126,1633250
10900,1633275,24,1633299
10901,1633337,1,1633338
10902,1633398,23,1633421
10903,1633523,19,1633542
10904,1633568,83,1633651
10905,1633685,26,1633711
10906,1633722,177,1633899
10907,1633966,23,1633989
10908,1634117,65,1634182
10909,1634400,19,1634419
10910,1634477,61,1634538
10911,1634544,54,1634598
10912,1634607,1,1634608
10913,1634645,28,1634673
10914,1634697,10,1634707
10915,1634866,12,1634878
10916,1634986,49,1635035
10917,1635038,60,1635098
10918,1635179,54,1635233
10919,1635263,82,1635345
10920,1635350,146,1635496
10921,1635573,4,1635577
10922,1635604,58,1635662
10923,1635678,50,1635728
10924,1635734,47,1635781
10925,1635799,27,1635826
10926,1635866,19,1635885
10927,1635911,30,1635941
10928,1635970,126,1636096
10929,1636109,27,1636136
10930,1636201,51,1636252
10931,1636457,16,1636473
10932,1636539,44,1636583
10933,1636592,10,1636602
10934,1636883,49,1636932
10935,1637070,100,1637170
10936,1637352,38,1637390
10937,1637394,111,1637505
10938,1637533,66,1637599
10939,1637638,19,1637657
10940,1637672,74,1637746
10941,1637911,49,1637960
10942,1638288,162,1638450
10943,1638512,15,1638527
10944,1638625,16,1638641
10945,1638686,7,1638693
10946,1638814,12,1638826
10947,1638860,213,1639073
10948,1639126,29,1639155
10949,1639234,3,1639237
10950,1639243,70,1639313
10951,1639414,17,1639431
10952,1639442,23,1639465
10953,1639718,19,1639737
10954,1639780,120,1639900
10955,1640010,159,1640169
10956,1640283,191,1640474
10957,1640479,71,1640550
10958,1640574,39,1640613
10959,1640942,55,1640997
10960,1641383,18,1641401
10961,1641600,43,1641643
10962,1641980,3,1641983
10963,1642139,71,1642210
10964,1642243,186,1642429
10965,1642737,36,1642773
10966,1642834,34,1642868
10967,1643074,11,1643085
10968,1643333,28,1643361
10969,1643467,10,1643477
10970,1643622,46,1643668
10971,1643893,46,1643939
10972,1644000,85,1644085
10973,1644093,95,1644188
10974,1644559,18,1644577
10975,1644694,258,1644952
10976,1645029,9,1645038
10977,1645127,6,1645133
10978,1645262,58,1645320
10979,1645408,39,1645447
10980,1645480,47,1645527
10981,1645690,10,1645700
10982,1645781,30,1645811
10983,1646005,18,1646023
10984,1646198,102,1646300
10985,1646322,13,1646335
10986,1646424,18,1646442
10987,1646557,58,1646615
10988,1646725,135,1646860
10989,1646899,11,1646910
10990,1646952,105,1647057
10991,1647178,32,1647210
10992,1647271,21,1647292
10993,1647373,11,1647384
10994,1647446,38,1647484
10995,1647508,156,1647664
10996,1647676,46,1647722
10997,1647873,19,1647892
10998,1647937,18,1647955
10999,1648012,74,1648086
11000,1648157,40,1648197
11001,1648305,12,1648317
11002,1648341,42,1648383
11003,1648531,108,1648639
11004,1648726,49,1648775
11005,1648817,34,1648851
11006,1648918,21,1648939
11007,1648964,59,1649023
11008,1649304,3,1649307
11009,1649471,22,1649493
11010,1649596,24,1649620
11011,1649662,206,1649868
11012,1649993,29,1650022
11013,1650025,32,1650057
11014,1650127,9,1650136
11015,1650230,14,1650244
11016,1650399,8,1650407
11017,1650424,111,1650535
11018,1650689,8,1650697
11019,1651075,7,1651082
11020,1651555,9,1651564
11021,1651738,65,1651803
11022,1651902,12,1651914
11023,1652175,207,1652382
11024,1652523,77,1652600
11025,1652634,25,1652659
11026,1652677,159,1652836
11027,1653032,7,1653039
11028,1653068,43,1653111
11029,1653163,40,1653203
11030,1653265,28,1653293
11031,1653296,76,1653372
11032,1653381,113,1653494
11033,1653631,31,1653662
11034,1653769,1,1653770
11035,1653784,32,1653816
11036,1653902,4,1653906
11037,1653954,37,1653991
11038,1654104,30,1654134
11039,1654216,18,1654234
11040,1654393,28,1654421
11041,1654571,13,1654584
11042,1654933,42,1654975
11043,1655001,187,1655188
11044,1655383,34,1655417
11045,1655477,159,1655636
11046,1655671,45,1655716
11047,1655848,33,1655881
11048,1655901,22,1655923
11049,1656035,12,1656047
11050,1656117,173,1656290
11051,1656320,32,1656352
11052,1656787,54,1656841
11053,1656867,20,1656887
11054,1656940,88,1657028
11055,1657137,72,1657209
11056,1657223,89,1657312
11057,1657447,16,1657463
11058,1657525,202,1657727
11059,1657930,17,1657947
11060,1657959,127,1658086
11061,1658110,13,1658123
11062,1658167,10,1658177
11063,1658210,98,1658308
11064,1658522,37,1658559
11065,1658718,12,1658730
11066,1658806,17,1658823
11067,1658892,14,1658906
11068,1658923,19,1658942
11069,1659205,148,1659353
11070,1659391,63,1659454
11071,1659553,125,1659678
11072,1659849,4,1659853
11073,1659939,4,1659943
11074,1659951,33,1659984
11075,1659988,27,1660015
11076,1660031,59,1660090
11077,1660113,13,1660126
11078,1660229,16,1660245
11079,1660329,16,1660345
11080,1660348,84,1660432
11081,1660538,1,1660539
11082,1660631,60,1660691
11083,1660729,25,1660754
11084,1660764,42,1660806
11085,1660968,89,1661057
11086,1661060,55,1661115
11087,1661348,59,1661407
11088,1661486,1,1661487
11089,1661492,100,1661592
11090,1661676,28,1661704
11091,1661768,1,1661769
11092,1661910,19,1661929
11093,1662048,27,1662075
11094,1662138,23,1662161
11095,1662281,104,1662385
11096,1662513,22,1662535
11097,1662731,29,1662760
11098,1662774,103,1662877
11099,1662895,36,1662931
11100,1662979,6,1662985
11101,1663110,177,1663287
11102,1663299,85,1663384
11103,1663488,20,1663508
11104,1663651,12,1663663
11105,1663675,80,1663755
11106,1663884,37,1663921
11107,1663990,103,1664093
11108,1664216,102,1664318
11109,1664414,96,1664510
11110,1664539,157,1664696
11111,1664873,58,1664931
11112,1665206,70,1665276
11113,1665279,25,1665304
11114,1665623,22,1665645
11115,1665876,91,1665967
11116,1666088,31,1666119
11117,1666142,16,1666158
11118,1666481,5,1666486
11119,1666496,46,1666542
11120,1666669,175,1666844
11121,1666904,24,1666928
11122,1667106,34,1667140
11123,1667182,214,1667396
11124,1667717,86,1667803
11125,1667931,64,1667995
11126,1668021,23,1668044
11127,1668137,177,1668314
11128,1668317,32,1668349
11129,1668385,30,1668415
11130,1668635,9,1668644
11131,1668677,33,1668710
11132,1668719,81,1668800
11133,1668804,15,1668819
11134,1669072,261,1669333
11135,1669444,12,1669456
11136,1669474,5,1669479
11137,1669505,30,1669535
11138,1669614,33,1669647
11139,1669733,61,1669794
11140,1669865,7,1669872
11141,1669985,111,1670096
11142,1670293,97,1670390
11143,1670654,109,1670763
11144,1670795,52,1670847
11145,1670949,6,1670955
11146,1671123,38,1671161
11147,1671402,49,1671451
11148,1671460,118,1671578
11149,1671736,132,1671868
11150,1672206,10,1672216
11151,1672282,37,1672319
11152,1672405,44,1672449
11153,1672540,10,1672550
11154,1672623,56,1672679
11155,1672722,41,1672763
11156,1672826,10,1672836
11157,1672881,18,1672899
11158,1672951,71,1673022
11159,1673040,49,1673089
11160,1673124,80,1673204
11161,1673376,37,1673413
11162,1673417,17,1673434
11163,1673467,231,1673698
11164,1673787,23,1673810
11165,1673973,97,1674070
11166,1674095,1,1674096
11167,1674158,66,1674224
11168,1674372,119,1674491
11169,1674562,74,1674636
11170,1674650,28,1674678
11171,1674757,13,1674770
11172,1674864,6,1674870
11173,1674890,2,1674892
11174,1675144,6,1675150
11175,1675189,45,1675234
11176,1675317,32,1675349
11177,1675539,72,1675611
11178,1675668,83,1675751
11179,1675774,84,1675858
11180,1675877,12,1675889
11181,1675973,156,1676129
11182,1676240,1,1676241
11183,1676328,49,1676377
11184,1676593,62,1676655
11185,1676680,36,1676716
11186,1676764,108,1676872
11187,1676939,31,1676970
11188,1676971,49,1677020
11189,1677171,43,1677214
11190,1677365,13,1677378
11191,1677416,113,1677529
11192,1677539,14,1677553
11193,1677613,24,1677637
11194,1677676,18,1677694
11195,1677824,36,1677860
11196,1677901,13,1677914
11197,1677996,81,1678077
11198,1678108,14,1678122
11199,1678195,21,1678216
11200,1678312,150,1678462
11201,1678567,38,1678605
11202,1678649,74,1678723
11203,1678728,35,1678763
11204,1678911,61,1678972
11205,1678985,31,1679016
11206,1679070,215,1679285
11207,1679299,21,1679320
11208,1679484,16,1679500
11209,1679561,14,1679575
11210,1679585,41,1679626
11211,1679665,47,1679712
11212,1679789,181,1679970
11213,1680338,17,1680355
11214,1680378,46,1680424
11215,1680617,15,1680632
11216,1680652,142,1680794
11217,1680866,207,1681073
11218,1681132,39,1681171
11219,1681219,30,1681249
11220,1681360,34,1681394
11221,1681461,10,1681471
11222,1681507,22,1681529
11223,1681566,57,1681623
11224,1681650,16,1681666
11225,1682123,11,1682134
11226,1682237,3,1682240
11227,1682251,36,1682287
11228,1682313,79,1682392
11229,1682399,27,1682426
11230,1682554,35,1682589
11231,1682623,33,1682656
11232,1682659,61,1682720
11233,1682758,71,1682829
11234,1682918,6,1682924
11235,1682932,110,1683042
11236,1683185,28,1683213
11237,1683272,150,1683422
11238,1683505,6,1683511
11239,1683537,49,1683586
11240,1683637,41,1683678
11241,1683737,7,1683744
11242,1683887,15,1683902
11243,1684080,39,1684119
11244,1684170,38,1684208
11245,1684280,76,1684356
11246,1684509,123,1684632
11247,1684703,22,1684725
11248,1684860,16,1684876
11249,1684942,38,1684980
11250,1685001,30,1685031
11251,1685061,15,1685076
11252,1685162,37,1685199
11253,1685289,13,1685302
11254,1685418,51,1685469
11255,1685737,41,1685778
11256,1685972,48,1686020
11257,1686041,57,1686098
11258,1686233,11,1686244
11259,1686562,26,1686588
11260,1686662,14,1686676
11261,1686744,17,1686761
11262,1686770,73,1686843
11263,1687333,142,1687475
11264,1687639,22,1687661
11265,1687674,32,1687706
11266,1687754,110,1687864
11267,1687873,148,1688021
11268,1688172,1,1688173
11269,1688252,19,1688271
11270,1688370,50,1688420
11271,1688467,24,1688491
11272,1688515,30,1688545
11273,1688672,6,1688678
11274,1689156,118,1689274
11275,1689288,132,1689420
11276,1689622,98,1689720
11277,1689749,29,1689778
11278,1689834,41,1689875
11279,1690039,285,1690324
11280,1690423,31,1690454
11281,1690502,8,1690510
11282,1690721,9,1690730
11283,1690839,46,1690885
11284,1690952,164,1691116
11285,1691124,8,1691132
11286,1691227,165,1691392
11287,1691553,172,1691725
11288,1691851,55,1691906
11289,1692134,175,1692309
11290,1692342,27,1692369
11291,1692488,34,1692522
11292,1692558,167,1692725
11293,1692906,40,1692946
11294,1693133,24,1693157
11295,1693162,55,1693217
11296,1693299,56,1693355
11297,1693438,72,1693510
11298,1693520,71,1693591
11299,1693694,11,1693705
11300,1693774,85,1693859
11301,1693887,79,1693966
11302,1693971,11,1693982
11303,1694225,120,1694345
11304,1694463,20,1694483
11305,1694626,17,1694643
11306,1694830,17,1694847
11307,1694859,157,1695016
11308,1695064,77,1695141
11309,1695167,89,1695256
11310,1695374,42,1695416
11311,1695463,18,1695481
11312,1695526,28,1695554
11313,1695728,41,1695769
11314,1695864,68,1695932
11315,1695999,205,1696204
11316,1696684,3,1696687
11317,1696696,16,1696712
11318,1696818,60,1696878
11319,1696971,28,1696999
11320,1697003,74,1697077
11321,1697112,31,1697143
11322,1697202,9,1697211
11323,1697236,23,1697259
11324,1697429,75,1697504
11325,1697513,85,1697598
11326,1697657,64,1697721
11327,1697865,3,1697868
11328,1697925,25,1697950
11329,1698115,103,1698218
11330,1698445,13,1698458
11331,1698541,35,1698576
11332,1698670,66,1698736
11333,1698801,75,1698876
11334,1698910,75,1698985
11335,1699006,36,1699042
11336,1699086,32,1699118
11337,1699181,41,1699222
11338,1699236,43,1699279
11339,1699403,71,1699474
11340,1699616,60,1699676
11341,1699685,11,1699696
11342,1699874,151,1700025
11343,1700102,79,1700181
11344,1700189,23,1700212
11345,1700220,14,1700234
11346,1700338,7,1700345
11347,1700378,19,1700397
11348,1700446,5,1700451
11349,1700483,15,1700498
11350,1700513,46,1700559
11351,1700583,19,1700602
11352,1700740,2,1700742
11353,1700781,15,1700796
11354,1701116,76,1701192
11355,1701221,149,1701370
11356,1701385,15,1701400
11357,1701457,136,1701593
11358,1701807,48,1701855
11359,1701902,65,1701967
11360,1702074,46,1702120
11361,1702192,148,1702340
11362,1702448,72,1702520
11363,1702543,20,1702563
11364,1702588,11,1702599
11365,1702661,105,1702766
11366,1702865,1,1702866
11367,1702929,22,1702951
11368,1702967,14,1702981
11369,1702992,15,1703007
11370,1703100,76,1703176
11371,1703234,4,1703238
11372,1703315,18,1703333
11373,1703349,6,1703355
11374,1703625,92,1703717
11375,1703809,22,1703831
11376,1703858,27,1703885
11377,1703962,84,1704046
11378,1704052,103,1704155
11379,1704162,14,1704176
11380,1704248,20,1704268
11381,1704312,40,1704352
11382,1704396,81,1704477
11383,1704490,6,1704496
11384,1704849,27,1704876
11385,1705087,69,1705156
11386,1705347,31,1705378
11387,1705485,68,1705553
11388,1705575,18,1705593
11389,1705610,61,1705671
11390,1705742,17,1705759
11391,1705777,35,1705812
11392,1705896,38,1705934
11393,1706112,32,1706144
11394,1706351,39,1706390
11395,1706602,120,1706722
11396,1706735,46,1706781
11397,1706821,77,1706898
11398,1706983,20,1707003
11399,1707018,25,1707043
11400,1707170,41,1707211
11401,1707246,8,1707254
11402,1707604,77,1707681
11403,1707887,5,1707892
11404,1707900,2,1707902
11405,1707903,26,1707929
11406,1707970,10,1707980
11407,1708083,30,1708113
11408,1708130,41,1708171
11409,1708267,19,1708286
11410,1708384,361,1708745
11411,1709071,61,1709132
11412,1709317,67,1709384
11413,1709434,65,1709499
11414,1709556,49,1709605
11415,1709622,110,1709732
11416,1709764,1,1709765
11417,1709806,68,1709874
11418,1709891,42,1709933
11419,1710126,43,1710169
11420,1710189,49,1710238
11421,1710316,7,1710323
11422,1710339,77,1710416
11423,1710490,76,1710566
11424,1710573,24,1710597
11425,1710640,38,1710678
11426,1710899,217,1711116
11427,1711161,82,1711243
11428,1711319,13,1711332
11429,1711470,27,1711497
11430,1711512,39,1711551
11431,1711587,62,1711649
11432,1711682,26,1711708
11433,1711741,52,1711793
11434,1711796,19,1711815
11435,1711969,9,1711978
11436,1712024,22,1712046
11437,1712070,35,1712105
11438,1712160,91,1712251
11439,1712269,45,1712314
11440,1712550,1,1712551
11441,1712631,53,1712684
11442,1712690,142,1712832
11443,1712900,60,1712960
11444,1713215,81,1713296
11445,1713342,5,1713347
11446,1713417,21,1713438
11447,1713879,27,1713906
11448,1713993,37,1714030
11449,1714275,1,1714276
11450,1714324,64,1714388
11451,1714412,121,1714533
11452,1714607,29,1714636
11453,1714764,172,1714936
11454,1715077,3,1715080
11455,1715155,41,1715196
11456,1715652,110,1715762
11457,1715771,10,1715781
11458,1715782,21,1715803
11459,1715852,32,1715884
11460,1715959,1,1715960
11461,1716043,22,1716065
11462,1716082,71,1716153
11463,1716427,73,1716500
11464,1716536,73,1716609
11465,1716635,7,1716642
11466,1716697,32,1716729
11467,1716804,32,1716836
11468,1716865,48,1716913
11469,1716926,51,1716977
11470,1717144,12,1717156
11471,1717307,76,1717383
11472,1717501,42,1717543
11473,1717704,309,1718013
11474,1718071,45,1718116
11475,1718285,12,1718297
11476,1718400,64,1718464
11477,1718749,120,1718869
11478,1718925,56,1718981
11479,1719068,54,1719122
11480,1719230,28,1719258
11481,1719287,61,1719348
11482,1719356,30,1719386
11483,1719403,24,1719427
11484,1719586,203,1719789
11485,1719790,69,1719859
11486,1719989,84,1720073
11487,1720074,24,1720098
11488,1720148,106,1720254
11489,1720273,23,1720296
11490,1720313,204,1720517
11491,1720634,15,1720649
11492,1720721,4,1720725
11493,1720863,39,1720902
11494,1720904,45,1720949
11495,1720956,40,1720996
11496,1721015,21,1721036
11497,1721316,22,1721338
11498,1721481,40,1721521
11499,1721532,6,1721538
11500,1721579,29,1721608
11501,1721692,26,1721718
11502,1721745,69,1721814
11503,1721929,117,1722046
11504,1722156,229,1722385
11505,1722981,90,1723071
11506,1723085,120,1723205
11507,1723226,175,1723401
11508,1723543,4,1723547
11509,1723595,143,1723738
11510,1723813,73,1723886
11511,1723922,121,1724043
11512,1724097,9,1724106
11513,1724317,69,1724386
11514,1724539,18,1724557
11515,1724587,46,1724633
11516,1724810,58,1724868
11517,1724907,71,1724978
11518,1724987,17,1725004
11519,1725010,27,1725037
11520,1725051,27,1725078
11521,1725079,32,1725111
11522,1725169,21,1725190
11523,1725330,17,1725347
11524,1725351,2,1725353
11525,1725383,30,1725413
11526,1725422,14,1725436
11527,1725556,53,1725609
11528,1725626,39,1725665
11529,1725744,227,1725971
11530,1726028,36,1726064
11531,1726298,142,1726440
11532,1726524,3,1726527
11533,1726655,115,1726770
11534,1727001,66,1727067
11535,1727168,52,1727220
11536,1727284,30,1727314
11537,1727544,39,1727583
11538,1727595,53,1727648
11539,1727761,44,1727805
11540,1727947,8,1727955
11541,1728017,212,1728229
11542,1728329,28,1728357
11543,1728401,89,1728490
11544,1728499,164,1728663
11545,1728720,7,1728727
11546,1728864,94,1728958
11547,1729003,8,1729011
11548,1729233,141,1729374
11549,1729477,44,1729521
11550,1729611,2,1729613
11551,1729691,7,1729698
11552,1729745,32,1729777
11553,1729783,63,1729846
11554,1729881,65,1729946
11555,1730384,18,1730402
11556,1730786,55,1730841
11557,1730907,43,1730950
11558,1731188,28,1731216
11559,1731238,119,1731357
11560,1731923,69,1731992
11561,1732076,52,1732128
11562,1732369,2,1732371
11563,1732432,51,1732483
11564,1732680,69,1732749
11565,1732820,37,1732857
11566,1732918,38,1732956
11567,1732963,54,1733017
11568,1733324,78,1733402
11569,1733445,18,1733463
11570,1733490,19,1733509
11571,1733516,81,1733597
11572,1733786,184,1733970
11573,1734082,128,1734210
11574,1734248,18,1734266
11575,1734378,1,1734379
11576,1734406,17,1734423
11577,1734429,44,1734473
11578,1734498,36,1734534
11579,1734692,82,1734774
11580,1734804,104,1734908
11581,1734946,135,1735081
11582,1735256,180,1735436
11583,1735865,7,1735872
11584,1735994,6,1736000
11585,1736302,1,1736303
11586,1736306,23,1736329
11587,1736560,11,1736571
11588,1736573,10,1736583
11589,1736896,11,1736907
11590,1737046,158,1737204
11591,1737210,55,1737265
11592,1737283,19,1737302
11593,1737638,30,1737668
11594,1737713,27,1737740
11595,1737787,122,1737909
11596,1737969,154,1738123
11597,1738372,44,1738416
11598,1738679,23,1738702
11599,1739006,20,1739026
11600,1739068,87,1739155
11601,1739260,120,1739380
11602,1739438,22,1739460
11603,1739653,87,1739740
11604,1739756,12,1739768
11605,1739894,69,1739963
11606,1739965,41,1740006
11607,1740223,20,1740243
11608,1740278,15,1740293
11609,1740577,43,1740620
11610,1740777,211,1740988
11611,1741005,25,1741030
11612,1741039,106,1741145
11613,1741193,35,1741228
11614,1741292,128,1741420
11615,1741499,40,1741539
11616,1741541,19,1741560
11617,1741562,17,1741579
11618,1741599,20,1741619
11619,1741620,10,1741630
11620,1741836,18,1741854
11621,1741865,119,1741984
11622,1742124,132,1742256
11623,1742383,16,1742399
11624,1742450,82,1742532
11625,1742557,12,1742569
11626,1742697,32,1742729
11627,1742733,110,1742843
11628,1742866,33,1742899
11629,1743045,54,1743099
11630,1743155,38,1743193
11631,1743266,92,1743358
11632,1743366,10,1743376
11633,1743497,10,1743507
11634,1743802,17,1743819
11635,1743847,28,1743875
11636,1743952,8,1743960
11637,1743993,70,1744063
11638,1744372,1,1744373
11639,1744829,34,1744863
11640,1744919,61,1744980
11641,1745329,114,1745443
11642,1745551,69,1745620
11643,1745882,59,1745941
11644,1746242,1,1746243
11645,1746325,16,1746341
11646,1746664,80,1746744
11647,1746961,19,1746980
11648,1747021,77,1747098
11649,1747117,6,1747123
11650,1747219,71,1747290
11651,1747313,40,1747353
11652,1747374,2,1747376
11653,1747467,77,1747544
11654,1747566,39,1747605
11655,1747631,70,1747701
11656,1747833,38,1747871
11657,1747896,68,1747964
11658,1748240,1,1748241
11659,1748289,39,1748328
11660,1748725,17,1748742
11661,1748880,13,1748893
11662,1748894,8,1748902
11663,1749149,23,1749172
11664,1749222,57,1749279
11665,1749394,14,1749408
11666,1749654,27,1749681
11667,1749916,106,1750022
11668,1750081,185,1750266
11669,1750378,51,1750429
11670,1750551,52,1750603
11671,1750654,130,1750784
11672,1750807,18,1750825
11673,1751009,27,1751036
11674,1751145,13,1751158
11675,1751233,45,1751278
11676,1751280,20,1751300
11677,1751333,21,1751354
11678,1751418,9,1751427
11679,1751607,33,1751640
11680,1751792,28,1751820
11681,1751872,3,1751875
11682,1752161,76,1752237
11683,1752280,46,1752326
11684,1752329,80,1752409
11685,1752855,1,1752856
11686,1753098,16,1753114
11687,1753343,9,1753352
11688,1753386,24,1753410
11689,1753436,22,1753458
11690,1753542,50,1753592
11691,1753658,10,1753668
11692,1753734,44,1753778
11693,1753847,94,1753941
11694,1753964,60,1754024
11695,1754053,16,1754069
11696,1754108,42,1754150
11697,1754168,24,1754192
11698,1754204,47,1754251
11699,1754269,25,1754294
11700,1754580,16,1754596
11701,1754614,65,1754679
11702,1754771,58,1754829
11703,1754896,29,1754925
11704,1754947,46,1754993
11705,1755008,54,1755062
11706,1755139,22,1755161
11707,1755234,37,1755271
11708,1755317,47,1755364
11709,1755410,55,1755465
11710,1755508,29,1755537
11711,1755610,48,1755658
11712,1755679,9,1755688
11713,1755724,157,1755881
11714,1755958,26,1755984
11715,1755985,2,1755987
11716,1756344,31,1756375
11717,1756540,12,1756552
11718,1756656,11,1756667
11719,1756684,10,1756694
11720,1757209,44,1757253
11721,1757264,34,1757298
11722,1757657,46,1757703
11723,1757714,11,1757725
11724,1757819,96,1757915
11725,1758004,7,1758011
11726,1758014,4,1758018
11727,1758084,9,1758093
11728,1758126,1,1758127
11729,1758135,18,1758153
11730,1758270,14,1758284
11731,1758315,4,1758319
11732,1758434,41,1758475
11733,1758489,131,1758620
11734,1758670,11,1758681
11735,1758827,16,1758843
11736,1758863,1,1758864
11737,1759247,69,1759316
11738,1759397,37,1759434
11739,1759515,17,1759532
11740,1759574,17,1759591
11741,1759635,104,1759739
11742,1759751,10,1759761
11743,1759846,10,1759856
11744,1759965,44,1760009
11745,1760027,7,1760034
11746,1760040,32,1760072
11747,1760154,25,1760179
11748,1760339,120,1760459
11749,1760615,6,1760621
11750,1760746,104,1760850
11751,1760980,27,1761007
11752,1761022,12,1761034
11753,1761082,56,1761138
11754,1761179,35,1761214
11755,1761290,23,1761313
11756,1761329,11,1761340
11757,1761352,158,1761510
11758,1761543,85,1761628
11759,1761665,15,1761680
11760,1761694,8,1761702
11761,1761773,7,1761780
11762,1761784,6,1761790
11763,1761849,29,1761878
11764,1761898,36,1761934
11765,1762027,30,1762057
11766,1762081,17,1762098
11767,1762174,2,1762176
11768,1762197,29,1762226
11769,1762384,28,1762412
11770,1762414,22,1762436
11771,1762527,2,1762529
11772,1762564,4,1762568
11773,1762580,91,1762671
11774,1762691,34,1762725
11775,1762917,195,1763112
11776,1763124,20,1763144
11777,1763203,76,1763279
11778,1763416,92,1763508
11779,1763594,21,1763615
11780,1763863,36,1763899
11781,1763936,5,1763941
11782,1764299,74,1764373
11783,1764423,106,1764529
11784,1764578,16,1764594
11785,1764609,45,1764654
11786,1764700,53,1764753
11787,1764880,34,1764914
11788,1765099,132,1765231
11789,1765406,45,1765451
11790,1765467,64,1765531
11791,1765690,88,1765778
11792,1765919,25,1765944
11793,1766168,101,1766269
11794,1766379,94,1766473
11795,1766482,21,1766503
11796,1766512,45,1766557
11797,1766591,13,1766604
11798,1766818,22,1766840
11799,1766918,215,1767133
11800,1767216,232,1767448
11801,1767501,147,1767648
11802,1767717,5,1767722
11803,1767734,248,1767982
11804,1767989,3,1767992
11805,1768097,45,1768142
11806,1768332,22,1768354
11807,1768451,91,1768542
11808,1768562,27,1768589
11809,1768633,7,1768640
11810,1768861,7,1768868
11811,1769090,31,1769121
11812,1769394,153,1769547
11813,1769555,45,1769600
11814,1769669,9,1769678
11815,1769768,64,1769832
11816,1769860,126,1769986
11817,1770020,27,1770047
11818,1770091,124,1770215
11819,1770283,3,1770286
11820,1770333,59,1770392
11821,1770554,107,1770661
11822,1770762,42,1770804
11823,1770877,11,1770888
11824,1770992,126,1771118
11825,1771309,43,1771352
11826,1771433,42,1771475
11827,1771525,18,1771543
11828,1771571,5,1771576
11829,1771741,105,1771846
11830,1772070,86,1772156
11831,1772599,18,1772617
11832,1772811,21,1772832
11833,1772847,37,1772884
11834,1772939,2,1772941
11835,1773101,147,1773248
11836,1773396,23,1773419
11837,1773441,50,1773491
11838,1773549,7,1773556
11839,1773591,66,1773657
11840,1773747,50,1773797
11841,1773860,18,1773878
11842,1773882,51,1773933
11843,1774182,25,1774207
11844,1774512,103,1774615
11845,1774624,9,1774633
11846,1774652,81,1774733
11847,1774759,54,1774813
11848,1775041,29,1775070
11849,1775090,24,1775114
11850,1775153,32,1775185
11851,1775302,24,1775326
11852,1775411,3,1775414
11853,1775555,70,1775625
11854,1775644,1,1775645
11855,1775662,57,1775719
11856,1775727,18,1775745
11857,1775751,13,1775764
11858,1775811,49,1775860
11859,1776129,76,1776205
11860,1776276,28,1776304
11861,1776525,75,1776600
11862,1776603,60,1776663
11863,1776694,100,1776794
11864,1776922,38,1776960
11865,1777193,45,1777238
11866,1777326,24,1777350
11867,1777471,9,1777480
11868,1777497,14,1777511
11869,1777533,68,1777601
11870,1777625,64,1777689
11871,1777711,18,1777729
11872,1777819,69,1777888
11873,1777983,22,1778005
11874,1778035,216,1778251
11875,1778440,18,1778458
11876,1778693,93,1778786
11877,1778980,81,1779061
11878,1779186,6,1779192
11879,1779198,27,1779225
11880,1779267,10,1779277
11881,1779550,3,1779553
11882,1779559,10,1779569
11883,1779682,158,1779840
11884,1779971,22,1779993
11885,1780069,13,1780082
11886,1780089,14,1780103
11887,1780293,4,1780297
11888,1780590,18,1780608
11889,1780710,13,1780723
11890,1780960,20,1780980
11891,1781079,103,1781182
11892,1781298,38,1781336
11893,1781409,31,1781440
11894,1781442,63,1781505
11895,1781734,25,1781759
11896,1781810,5,1781815
11897,1781894,1,1781895
11898,1781940,17,1781957
11899,1781966,76,1782042
11900,1782058,20,1782078
11901,1782103,49,1782152
11902,1782256,125,1782381
11903,1782388,60,1782448
11904,1782630,219,1782849
11905,1782913,8,1782921
11906,1783096,1,1783097
11907,1783379,7,1783386
11908,1783457,18,1783475
11909,1783618,23,1783641
11910,1783841,14,1783855
11911,1783865,90,1783955
11912,1784232,121,1784353
11913,1784445,1,1784446
11914,1784448,2,1784450
11915,1784485,134,1784619
11916,1784718,8,1784726
11917,1784730,8,1784738
11918,1784751,23,1784774
11919,1784904,13,1784917
11920,1785238,175,1785413
11921,1785530,65,1785595
11922,1785630,19,1785649
11923,1785678,30,1785708
11924,1785726,19,1785745
11925,1785803,7,1785810
11926,1786095,9,1786104
11927,1786201,74,1786275
11928,1786282,81,1786363
11929,1786421,86,1786507
11930,1786672,33,1786705
11931,1786731,31,1786762
11932,1786790,78,1786868
11933,1786937,52,1786989
11934,1787000,55,1787055
11935,1787282,163,1787445
11936,1787485,62,1787547
11937,1787668,2,1787670
11938,1787797,141,1787938
11939,1787953,48,1788001
11940,1788103,38,1788141
11941,1788459,15,1788474
11942,1788575,28,1788603
11943,1788646,90,1788736
11944,1788922,33,1788955
11945,1789054,34,1789088
11946,1789593,15,1789608
11947,1789684,37,1789721
11948,1789924,38,1789962
11949,1790348,32,1790380
11950,1790417,21,1790438
11951,1790466,72,1790538
11952,1790633,8,1790641
11953,1790757,10,1790767
11954,1790837,28,1790865
11955,1790892,6,1790898
11956,1791215,8,1791223
11957,1791293,12,1791305
11958,1791364,30,1791394
11959,1791395,28,1791423
11960,1791438,18,1791456
11961,1791510,5,1791515
11962,1791747,48,1791795
11963,1791918,81,1791999
11964,1792261,16,1792277
11965,1792314,219,1792533
11966,1792627,130,1792757
11967,1792769,64,1792833
11968,1793013,89,1793102
11969,1793303,25,1793328
11970,1793486,139,1793625
11971,1793655,42,1793697
11972,1793936,38,1793974
11973,1793976,39,1794015
11974,1794041,28,1794069
11975,1794267,5,1794272
11976,1794510,54,1794564
11977,1794573,226,1794799
11978,1794881,151,1795032
11979,1795103,30,1795133
11980,1795164,3,1795167
11981,1795196,143,1795339
11982,1795621,136,1795757
11983,1795915,59,1795974
11984,1795999,10,1796009
11985,1796286,113,1796399
11986,1796438,68,1796506
11987,1796652,20,1796672
11988,1796794,19,1796813
11989,1797061,209,1797270
11990,1797288,113,1797401
11991,1797455,41,1797496
11992,1797533,30,1797563
11993,1797584,16,1797600
11994,1797705,192,1797897
11995,1797939,2,1797941
11996,1797942,13,1797955
11997,1797961,7,1797968
11998,1797996,59,1798055
11999,1798339,10,1798349
12000,1798398,120,1798518
12001,1798579,70,1798649
12002,1798663,5,1798668
12003,1798695,26,1798721
12004,1798780,64,1798844
12005,1798852,51,1798903
12006,1799040,154,1799194
12007,1799331,11,1799342
12008,1799553,32,1799585
12009,1799661,15,1799676
12010,1799723,46,1799769
12011,1799801,42,1799843
12012,1799925,15,1799940
12013,1800013,223,1800236
12014,1800331,106,1800437
12015,1800467,55,1800522
12016,1800703,33,1800736
12017,1800858,13,1800871
12018,1800928,38,1800966
12019,1801010,41,1801051
12020,1801087,31,1801118
12021,1801146,110,1801256
12022,1801273,71,1801344
12023,1801372,35,1801407
12024,1801427,22,1801449
12025,1801532,67,1801599
12026,1801689,125,1801814
12027,1801908,31,1801939
12028,1801940,4,1801944
12029,1802012,34,1802046
12030,1802197,17,1802214
12031,1802349,183,1802532
12032,1802578,135,1802713
12033,1802714,2,1802716
12034,1803080,58,1803138
12035,1803182,105,1803287
12036,1803413,11,1803424
12037,1803464,68,1803532
12038,1803833,31,1803864
12039,1803870,7,1803877
12040,1803925,13,1803938
12041,1803941,126,1804067
12042,1804135,80,1804215
12043,1804256,138,1804394
12044,1804604,29,1804633
12045,1804909,77,1804986
12046,1805002,44,1805046
12047,1805211,79,1805290
12048,1805320,23,1805343
12049,1805520,31,1805551
12050,1805604,31,1805635
12051,1805669,19,1805688
12052,1805742,91,1805833
12053,1805880,71,1805951
12054,1805965,55,1806020
12055,1806030,14,1806044
12056,1806086,19,1806105
12057,1806252,22,1806274
12058,1806336,91,1806427
12059,1806460,141,1806601
12060,1806640,51,1806691
12061,1806739,28,1806767
12062,1806875,15,1806890
12063,1806990,85,1807075
12064,1807238,49,1807287
12065,1807360,16,1807376
12066,1807500,25,1807525
12067,1807631,79,1807710
12068,1807737,59,1807796
12069,1807962,1,1807963
12070,1808175,17,1808192
12071,1808247,141,1808388
12072,1808397,26,1808423
12073,1808695,19,1808714
12074,1808855,152,1809007
12075,1809067,61,1809128
12076,1809136,10,1809146
12077,1809240,69,1809309
12078,1809456,104,1809560
12079,1809579,194,1809773
12080,1809823,35,1809858
12081,1809968,192,1810160
12082,1810166,29,1810195
12083,1810512,3,1810515
12084,1810552,14,1810566
12085,1810656,53,1810709
12086,1810857,227,1811084
12087,1811110,49,1811159
12088,1811228,58,1811286
12089,1811301,7,1811308
12090,1811318,12,1811330
12091,1811355,4,1811359
12092,1811399,10,1811409
12093,1811472,78,1811550
12094,1811556,34,1811590
12095,1811593,6,1811599
12096,1811921,1,1811922
12097,1812023,5,1812028
12098,1812061,19,1812080
12099,1812124,65,1812189
12100,1812283,1,1812284
12101,1812409,130,1812539
12102,1812704,29,1812733
12103,1812805,63,1812868
12104,1812902,29,1812931
12105,1812964,96,1813060
12106,1813224,39,1813263
12107,1813267,71,1813338
12108,1813456,2,1813458
12109,1813534,78,1813612
12110,1813997,22,1814019
12111,1814050,11,1814061
12112,1814082,53,1814135
12113,1814158,56,1814214
12114,1814231,82,1814313
12115,1814317,18,1814335
12116,1814401,27,1814428
12117,1814619,9,1814628
12118,1814943,49,1814992
12119,1815021,12,1815033
12120,1815050,39,1815089
12121,1815092,93,1815185
12122,1815312,170,1815482
12123,1815688,66,1815754
12124,1815769,227,1815996
12125,1816002,1,1816003
12126,1816107,13,1816120
12127,1816258,8,1816266
12128,1816762,13,1816775
12129,1816822,58,1816880
12130,1816965,25,1816990
12131,1817163,2,1817165
12132,1817398,29,1817427
12133,1817640,8,1817648
12134,1817724,109,1817833
12135,1817905,52,1817957
12136,1818123,20,1818143
12137,1818175,54,1818229
12138,1818291,15,1818306
12139,1818421,46,1818467
12140,1818703,14,1818717
12141,1818756,4,1818760
12142,1818958,34,1818992
12143,1819032,85,1819117
12144,1819235,20,1819255
12145,1819592,31,1819623
12146,1819844,98,1819942
12147,1819992,20,1820012
12148,1820082,155,1820237
12149,1820365,26,1820391
12150,1820428,9,1820437
12151,1820569,46,1820615
12152,1820665,30,1820695
12153,1820703,45,1820748
12154,1820888,44,1820932
12155,1820934,48,1820982
12156,1821054,132,1821186
12157,1821220,9,1821229
12158,1821515,10,1821525
12159,1821540,157,1821697
12160,1821726,12,1821738
12161,1821794,37,1821831
12162,1821965,26,1821991
12163,1822349,16,1822365
12164,1822454,50,1822504
12165,1822895,14,1822909
12166,1822912,15,1822927
12167,1823130,7,1823137
12168,1823166,90,1823256
12169,1823413,37,1823450
12170,1823771,44,1823815
12171,1824001,55,1824056
12172,1824108,56,1824164
12173,1824211,22,1824233
12174,1824284,13,1824297
12175,1824299,107,1824406
12176,1824459,55,1824514
12177,1824547,62,1824609
12178,1824660,4,1824664
12179,1824737,23,1824760
12180,1824781,73,1824854
12181,1824947,25,1824972
12182,1825118,74,1825192
12183,1825246,73,1825319
12184,1825436,14,1825450
12185,1825490,71,1825561
12186,1825654,36,1825690
12187,1825759,15,1825774
12188,1825858,110,1825968
12189,1826020,13,1826033
12190,1826089,87,1826176
12191,1826183,8,1826191
12192,1826287,6,1826293
12193,1826373,107,1826480
12194,1826634,18,1826652
12195,1826723,6,1826729
12196,1826754,3,1826757
12197,1826857,80,1826937
12198,1826953,13,1826966
12199,1827034,58,1827092
12200,1827250,7,1827257
12201,1827264,8,1827272
12202,1827420,44,1827464
12203,1827707,92,1827799
12204,1827936,74,1828010
12205,1828122,23,1828145
12206,1828248,7,1828255
12207,1828356,14,1828370
12208,1828675,90,1828765
12209,1828810,17,1828827
12210,1828846,15,1828861
12211,1828921,18,1828939
12212,1829057,39,1829096
12213,1829156,30,1829186
12214,1829242,163,1829405
12215,1829445,75,1829520
12216,1829672,76,1829748
12217,1829826,49,1829875
12218,1829960,17,1829977
12219,1829992,41,1830033
12220,1830228,66,1830294
12221,1830323,37,1830360
12222,1830672,11,1830683
12223,1830840,74,1830914
12224,1830996,2,1830998
12225,1831296,20,1831316
12226,1831332,135,1831467
12227,1831501,96,1831597
12228,1831697,41,1831738
12229,1831949,37,1831986
12230,1832017,53,1832070
12231,1832101,1,1832102
12232,1832333,21,1832354
12233,1832390,37,1832427
12234,1832560,105,1832665
12235,1832674,56,1832730
12236,1832942,81,1833023
12237,1833080,33,1833113
12238,1833122,110,1833232
12239,1833283,68,1833351
12240,1833435,53,1833488
12241,1833672,27,1833699
12242,1833790,71,1833861
12243,1833911,19,1833930
12244,1834587,171,1834758
12245,1834884,20,1834904
12246,1835220,39,1835259
12247,1835281,35,1835316
12248,1835329,6,1835335
12249,1835440,62,1835502
12250,1835734,120,1835854
12251,1835917,2,1835919
12252,1835927,97,1836024
12253,1836031,5,1836036
12254,1836055,27,1836082
12255,1836102,25,1836127
12256,1836278,15,1836293
12257,1836360,13,1836373
12258,1836382,68,1836450
12259,1836504,47,1836551
12260,1836674,29,1836703
12261,1836864,17,1836881
12262,1836905,40,1836945
12263,1837029,78,1837107
12264,1837240,17,1837257
12265,1837295,44,1837339
12266,1837362,29,1837391
12267,1837412,11,1837423
12268,1837484,32,1837516
12269,1837588,69,1837657
12270,1837830,29,1837859
12271,1837978,48,1838026
12272,1838046,58,1838104
12273,1838253,37,1838290
12274,1838326,12,1838338
12275,1838440,4,1838444
12276,1838469,12,1838481
12277,1838679,39,1838718
12278,1838804,19,1838823
12279,1838904,52,1838956
12280,1838971,109,1839080
12281,1839153,7,1839160
12282,1839195,85,1839280
12283,1839286,32,1839318
12284,1839509,90,1839599
12285,1839716,14,1839730
12286,1839753,19,1839772
12287,1839818,94,1839912
12288,1840267,2,1840269
12289,1840462,50,1840512
12290,1840543,78,1840621
12291,1840629,225,1840854
12292,1840984,36,1841020
12293,1841049,5,1841054
12294,1841081,68,1841149
12295,1841350,114,1841464
12296,1841484,60,1841544
12297,1841609,40,1841649
12298,1841671,25,1841696
12299,1841727,57,1841784
12300,1841797,87,1841884
12301,1841994,37,1842031
12302,1842041,6,1842047
12303,1842070,1,1842071
12304,1842122,5,1842127
12305,1842148,21,1842169
12306,1842172,30,1842202
12307,1842221,42,1842263
12308,1842394,49,1842443
12309,1842467,70,1842537
12310,1842544,25,1842569
12311,1842581,5,1842586
12312,1842761,69,1842830
12313,1842873,103,1842976
12314,1842977,3,1842980
12315,1843402,78,1843480
12316,1843501,18,1843519
12317,1843556,45,1843601
12318,1843666,32,1843698
12319,1843709,55,1843764
12320,1843823,41,1843864
12321,1843936,81,1844017
12322,1844067,55,1844122
12323,1844206,23,1844229
12324,1844260,85,1844345
12325,1844363,63,1844426
12326,1844566,205,1844771
12327,1844787,61,1844848
12328,1844898,25,1844923
12329,1844939,87,1845026
12330,1845294,176,1845470
12331,1845518,10,1845528
12332,1845658,12,1845670
12333,1845806,17,1845823
12334,1846001,93,1846094
12335,1846371,85,1846456
12336,1846598,12,1846610
12337,1846803,12,1846815
12338,1846871,46,1846917
12339,1847000,13,1847013
12340,1847028,65,1847093
12341,1847213,18,1847231
12342,1847506,7,1847513
12343,1847636,16,1847652
12344,1847656,39,1847695
12345,1847810,32,1847842
12346,1847915,9,1847924
12347,1848066,8,1848074
12348,1848231,5,1848236
12349,1848270,56,1848326
12350,1848759,22,1848781
12351,1848886,16,1848902
12352,1849049,21,1849070
12353,1849226,14,1849240
12354,1849281,1,1849282
12355,1849557,49,1849606
12356,1849631,19,1849650
12357,1849825,23,1849848
12358,1849926,5,1849931
12359,1850008,121,1850129
12360,1850157,55,1850212
12361,1850232,7,1850239
12362,1850277,13,1850290
12363,1850295,46,1850341
12364,1850365,17,1850382
12365,1850527,15,1850542
12366,1850719,31,1850750
12367,1851345,48,1851393
12368,1851508,26,1851534
12369,1851713,3,1851716
12370,1851874,63,1851937
12371,1851949,43,1851992
12372,1852063,8,1852071
12373,1852110,9,1852119
12374,1852172,7,1852179
12375,1852245,3,1852248
12376,1852267,147,1852414
12377,1852456,110,1852566
12378,1852718,88,1852806
12379,1852853,71,1852924
12380,1852956,22,1852978
12381,1853260,173,1853433
12382,1853504,28,1853532
12383,1853599,67,1853666
12384,1853708,34,1853742
12385,1853794,22,1853816
12386,1853946,58,1854004
12387,1854093,40,1854133
12388,1854160,11,1854171
12389,1854352,19,1854371
12390,1854515,70,1854585
12391,1854620,20,1854640
12392,1854681,31,1854712
12393,1854726,99,1854825
12394,1854912,43,1854955
12395,1855013,96,1855109
12396,1855110,4,1855114
12397,1855213,148,1855361
12398,1855465,8,1855473
12399,1855504,32,1855536
12400,1855864,1,1855865
12401,1855905,4,1855909
12402,1855950,59,1856009
12403,1856221,31,1856252
12404,1856375,187,1856562
12405,1856583,37,1856620
12406,1856697,3,1856700
12407,1856838,4,1856842
12408,1857056,113,1857169
12409,1857344,89,1857433
12410,1857513,21,1857534
12411,1857700,13,1857713
12412,1858032,60,1858092
12413,1858101,20,1858121
12414,1858275,264,1858539
12415,1858575,111,1858686
12416,1858865,14,1858879
12417,1859180,6,1859186
12418,1859248,35,1859283
12419,1859294,30,1859324
12420,1859399,34,1859433
12421,1859582,115,1859697
12422,1859725,2,1859727
12423,1860181,51,1860232
12424,1860388,203,1860591
12425,1860708,11,1860719
12426,1860860,46,1860906
12427,1860960,8,1860968
12428,1861298,1,1861299
12429,1861370,60,1861430
12430,1861714,154,1861868
12431,1861954,41,1861995
12432,1862091,16,1862107
12433,1862115,27,1862142
12434,1862147,7,1862154
12435,1862249,20,1862269
12436,1862301,5,1862306
12437,1862607,48,1862655
12438,1862724,91,1862815
12439,1862937,97,1863034
12440,1863070,30,1863100
12441,1863216,17,1863233
12442,1863629,149,1863778
12443,1863838,108,1863946
12444,1864010,73,1864083
12445,1864146,83,1864229
12446,1864292,35,1864327
12447,1864597,10,1864607
12448,1864707,64,1864771
12449,1864817,34,1864851
12450,1864859,11,1864870
12451,1864941,144,1865085
12452,1865133,24,1865157
12453,1865202,2,1865204
12454,1865300,19,1865319
12455,1865458,88,1865546
12456,1865769,10,1865779
12457,1866232,19,1866251
12458,1866294,54,1866348
12459,1866499,65,1866564
12460,1866943,20,1866963
12461,1867117,30,1867147
12462,1867415,6,1867421
12463,1867747,84,1867831
12464,1867911,87,1867998
12465,1868025,66,1868091
12466,1868216,48,1868264
12467,1868407,208,1868615
12468,1868762,52,1868814
12469,1868865,14,1868879
12470,1868910,24,1868934
12471,1868937,95,1869032
12472,1869106,37,1869143
12473,1869155,52,1869207
12474,1869353,67,1869420
12475,1869437,22,1869459
12476,1869507,89,1869596
12477,1869598,108,1869706
12478,1869708,100,1869808
12479,1870010,34,1870044
12480,1870084,103,1870187
12481,1870240,70,1870310
12482,1870504,13,1870517
12483,1870821,84,1870905
12484,1870931,131,1871062
12485,1871144,25,1871169
12486,1871267,6,1871273
12487,1871479,69,1871548
12488,1871597,64,1871661
12489,1871858,7,1871865
12490,1871883,25,1871908
12491,1872033,33,1872066
12492,1872084,45,1872129
12493,1872156,82,1872238
12494,1872319,73,1872392
12495,1872420,135,1872555
12496,1872746,70,1872816
12497,1872865,10,1872875
12498,1872935,33,1872968
12499,1873022,32,1873054
12500,1873073,16,1873089
12501,1873132,23,1873155
12502,1873216,93,1873309
12503,1873351,53,1873404
12504,1873535,16,1873551
12505,1873616,92,1873708
12506,1873730,119,1873849
12507,1873955,16,1873971
12508,1874206,81,1874287
12509,1874681,1,1874682
12510,1874732,53,1874785
12511,1874805,35,1874840
12512,1874969,50,1875019
12513,1875135,9,1875144
12514,1875155,8,1875163
12515,1875327,31,1875358
12516,1875449,31,1875480
12517,1875775,7,1875782
12518,1875826,31,1875857
12519,1875885,1,1875886
12520,1875954,32,1875986
12521,1876220,14,1876234
12522,1876291,169,1876460
12523,1876552,99,1876651
12524,1876806,78,1876884
12525,1876944,82,1877026
12526,1877114,4,1877118
12527,1877272,12,1877284
12528,1877350,85,1877435
12529,1877448,31,1877479
12530,1877487,65,1877552
12531,1877874,33,1877907
12532,1878140,120,1878260
12533,1878288,105,1878393
12534,1878431,20,1878451
12535,1878497,21,1878518
12536,1878525,183,1878708
12537,1878773,31,1878804
12538,1878891,18,1878909
12539,1878969,176,1879145
12540,1879472,20,1879492
12541,1879512,33,1879545
12542,1879563,30,1879593
12543,1879833,26,1879859
12544,1880038,67,1880105
12545,1880185,42,1880227
12546,1880354,76,1880430
12547,1880447,8,1880455
12548,1880502,34,1880536
12549,1880541,98,1880639
12550,1880720,93,1880813
12551,1880904,31,1880935
12552,1880936,73,1881009
12553,1881196,39,1881235
12554,1881261,27,1881288
12555,1881434,6,1881440
12556,1881468,105,1881573
12557,1881918,76,1881994
12558,1882534,18,1882552
12559,1882553,79,1882632
12560,1882956,47,1883003
12561,1883176,50,1883226
12562,1883335,21,1883356
12563,1883487,26,1883513
12564,1883587,4,1883591
12565,1883643,2,1883645
12566,1883660,26,1883686
12567,1883908,9,1883917
12568,1884021,6,1884027
12569,1884131,40,1884171
12570,1884200,73,1884273
12571,1884537,39,1884576
12572,1884643,5,1884648
12573,1884673,38,1884711
12574,1884960,112,1885072
12575,1885119,48,1885167
12576,1885206,32,1885238
12577,1885324,36,1885360
12578,1885395,83,1885478
12579,1885561,182,1885743
12580,1885803,24,1885827
12581,1885878,53,1885931
12582,1885969,65,1886034
12583,1886094,16,1886110
12584,1886142,150,1886292
12585,1886325,56,1886381
12586,1886655,17,1886672
12587,1886729,166,1886895
12588,1886941,1,1886942
12589,1887194,10,1887204
12590,1887253,77,1887330
12591,1887474,24,1887498
12592,1887568,18,1887586
12593,1887594,114,1887708
12594,1887844,18,1887862
12595,1888072,72,1888144
12596,1888220,4,1888224
12597,1888274,64,1888338
12598,1888500,21,1888521
12599,1888615,25,1888640
12600,1888659,34,1888693
12601,1888752,15,1888767
12602,1888964,40,1889004
12603,1889033,38,1889071
12604,1889267,41,1889308
12605,1889570,18,1889588
12606,1889629,4,1889633
12607,1889827,24,1889851
12608,1889936,26,1889962
12609,1889974,34,1890008
12610,1890019,69,1890088
12611,1890262,65,1890327
12612,1890368,123,1890491
12613,1890518,32,1890550
12614,1890835,66,1890901
12615,1890923,23,1890946
12616,1890950,60,1891010
12617,1891120,53,1891173
12618,1891185,75,1891260
12619,1891270,6,1891276
12620,1891354,97,1891451
12621,1891779,19,1891798
12622,1891815,128,1891943
12623,1892010,20,1892030
12624,1892076,161,1892237
12625,1892366,93,1892459
12626,1892683,26,1892709
12627,1892882,69,1892951
12628,1893007,25,1893032
12629,1893208,14,1893222
12630,1893232,36,1893268
12631,1893332,4,1893336
12632,1893371,10,1893381
12633,1893402,66,1893468
12634,1893492,73,1893565
12635,1893613,23,1893636
12636,1893690,225,1893915
12637,1893924,125,1894049
12638,1894163,30,1894193
12639,1894235,79,1894314
12640,1894454,88,1894542
12641,1894563,6,1894569
12642,1894736,97,1894833
12643,1894918,43,1894961
12644,1895167,144,1895311
12645,1895344,34,1895378
12646,1895516,42,1895558
12647,1895585,224,1895809
12648,1895877,2,1895879
12649,1896011,33,1896044
12650,1896137,26,1896163
12651,1896178,61,1896239
12652,1896330,61,1896391
12653,1896516,24,1896540
12654,1896814,13,1896827
12655,1896828,93,1896921
12656,1896922,191,1897113
12657,1897151,29,1897180
12658,1897306,4,1897310
12659,1897528,49,1897577
12660,1897631,26,1897657
12661,1897691,5,1897696
12662,1897764,41,1897805
12663,1897853,188,1898041
12664,1898142,66,1898208
12665,1898228,8,1898236
12666,1898335,107,1898442
12667,1898495,27,1898522
12668,1898634,18,1898652
12669,1898670,88,1898758
12670,1898768,20,1898788
12671,1898922,3,1898925
12672,1899040,16,1899056
12673,1899152,1,1899153
12674,1899209,201,1899410
12675,1899630,23,1899653
12676,1899691,233,1899924
12677,1900045,54,1900099
12678,1900117,14,1900131
12679,1900242,20,1900262
12680,1900329,6,1900335
12681,1900349,28,1900377
12682,1900684,26,1900710
12683,1900715,27,1900742
12684,1900776,7,1900783
12685,1900866,18,1900884
12686,1901002,176,1901178
12687,1901424,94,1901518
12688,1901552,200,1901752
12689,1901827,29,1901856
12690,1901981,27,1902008
12691,1902019,39,1902058
12692,1902204,60,1902264
12693,1902422,10,1902432
12694,1902495,51,1902546
12695,1902740,71,1902811
12696,1903049,39,1903088
12697,1903168,87,1903255
12698,1903364,4,1903368
12699,1903462,1,1903463
12700,1903498,170,1903668
12701,1903751,24,1903775
12702,1903923,12,1903935
12703,1904045,184,1904229
12704,1904308,6,1904314
12705,1904340,11,1904351
12706,1904456,122,1904578
12707,1904742,11,1904753
12708,1904763,6,1904769
12709,1905210,50,1905260
12710,1905309,49,1905358
12711,1905386,141,1905527
12712,1905548,78,1905626
12713,1905688,14,1905702
12714,1905711,10,1905721
12715,1905962,107,1906069
12716,1906097,50,1906147
12717,1906281,34,1906315
12718,1906577,121,1906698
12719,1906750,6,1906756
12720,1906902,1,1906903
12721,1907115,18,1907133
12722,1907248,94,1907342
12723,1907355,67,1907422
12724,1907770,49,1907819
12725,1908015,128,1908143
12726,1908251,44,1908295
12727,1908445,33,1908478
12728,1908548,6,1908554
12729,1908622,22,1908644
12730,1908747,28,1908775
12731,1908783,17,1908800
12732,1909091,9,1909100
12733,1909357,25,1909382
12734,1909590,70,1909660
12735,1909811,30,1909841
12736,1910036,105,1910141
12737,1910251,46,1910297
12738,1910405,119,1910524
12739,1910539,76,1910615
12740,1910717,85,1910802
12741,1910983,11,1910994
12742,1911120,66,1911186
12743,1911238,1,1911239
12744,1911304,35,1911339
12745,1911505,49,1911554
12746,1911645,157,1911802
12747,1911829,51,1911880
12748,1911937,14,1911951
12749,1912417,65,1912482
12750,1912517,23,1912540
12751,1912767,34,1912801
12752,1913224,3,1913227
12753,1913300,40,1913340
12754,1913384,30,1913414
12755,1913428,13,1913441
12756,1913516,80,1913596
12757,1913688,42,1913730
12758,1913776,53,1913829
12759,1913923,49,1913972
12760,1914097,21,1914118
12761,1914141,15,1914156
12762,1914190,50,1914240
12763,1914327,3,1914330
12764,1914412,48,1914460
12765,1914892,157,1915049
12766,1915057,56,1915113
12767,1915138,50,1915188
12768,1915316,16,1915332
12769,1915431,21,1915452
12770,1915518,40,1915558
12771,1915710,41,1915751
12772,1915851,7,1915858
12773,1915862,91,1915953
12774,1915974,8,1915982
12775,1916114,33,1916147
12776,1916271,11,1916282
12777,1916285,7,1916292
12778,1916354,14,1916368
12779,1916448,45,1916493
12780,1916606,49,1916655
12781,1916678,80,1916758
12782,1916830,18,1916848
12783,1917035,19,1917054
12784,1917111,2,1917113
12785,1917186,54,1917240
12786,1917248,2,1917250
12787,1917310,27,1917337
12788,1917341,43,1917384
12789,1917458,31,1917489
12790,1917571,54,1917625
12791,1917698,20,1917718
12792,1917759,137,1917896
12793,1917999,74,1918073
12794,1918302,17,1918319
12795,1918349,137,1918486
12796,1918547,54,1918601
12797,1918773,88,1918861
12798,1919104,153,1919257
12799,1919412,56,1919468
12800,1919671,10,1919681
12801,1919731,31,1919762
12802,1919846,19,1919865
12803,1920046,50,1920096
12804,1920224,8,1920232
12805,1920320,37,1920357
12806,1920414,2,1920416
12807,1920671,15,1920686
12808,1920690,37,1920727
12809,1920900,3,1920903
12810,1920981,10,1920991
12811,1921021,68,1921089
12812,1921260,6,1921266
12813,1921405,16,1921421
12814,1921503,56,1921559
12815,1921609,53,1921662
12816,1921768,43,1921811
12817,1921825,9,1921834
12818,1921919,78,1921997
12819,1922070,1,1922071
12820,1922073,8,1922081
12821,1922090,164,1922254
12822,1922276,238,1922514
12823,1922587,103,1922690
12824,1922773,58,1922831
12825,1922861,163,1923024
12826,1923060,15,1923075
12827,1923153,30,1923183
12828,1923289,25,1923314
12829,1923446,44,1923490
12830,1923529,29,1923558
12831,1923616,48,1923664
12832,1923917,182,1924099
12833,1924125,8,1924133
12834,1924265,6,1924271
12835,1924350,112,1924462
12836,1924602,39,1924641
12837,1924711,8,1924719
12838,1924914,39,1924953
12839,1924979,188,1925167
12840,1925243,217,1925460
12841,1925547,33,1925580
12842,1925602,8,1925610
12843,1925734,16,1925750
12844,1926389,20,1926409
12845,1926852,4,1926856
12846,1926900,19,1926919
12847,1926988,36,1927024
12848,1927065,22,1927087
12849,1927211,103,1927314
12850,1927464,23,1927487
12851,1927505,123,1927628
12852,1928147,7,1928154
12853,1928243,48,1928291
12854,1928328,36,1928364
12855,1928467,91,1928558
12856,1928681,60,1928741
12857,1928949,38,1928987
12858,1929081,46,1929127
12859,1929385,61,1929446
12860,1929828,26,1929854
12861,1929991,42,1930033
12862,1930098,36,1930134
12863,1930169,77,1930246
12864,1930273,214,1930487
12865,1930503,54,1930557
12866,1930771,103,1930874
12867,1930975,5,1930980
12868,1931123,35,1931158
12869,1931160,25,1931185
12870,1931187,1,1931188
12871,1931221,7,1931228
12872,1931245,37,1931282
12873,1931367,13,1931380
12874,1931385,118,1931503
12875,1931530,142,1931672
12876,1931908,18,1931926
12877,1932012,41,1932053
12878,1932297,47,1932344
12879,1932385,5,1932390
12880,1932442,2,1932444
12881,1932474,128,1932602
12882,1932993,87,1933080
12883,1933091,27,1933118
12884,1933178,156,1933334
12885,1933442,91,1933533
12886,1933603,26,1933629
12887,1933691,36,1933727
12888,1933892,74,1933966
12889,1934091,35,1934126
12890,1934163,4,1934167
12891,1934302,21,1934323
12892,1934528,45,1934573
12893,1934585,14,1934599
12894,1934638,25,1934663
12895,1934699,56,1934755
12896,1934911,4,1934915
12897,1934968,75,1935043
12898,1935047,38,1935085
12899,1935099,221,1935320
12900,1935341,83,1935424
12901,1935552,12,1935564
12902,1935623,81,1935704
12903,1935711,4,1935715
12904,1935967,138,1936105
12905,1936275,25,1936300
12906,1936479,3,1936482
12907,1936735,169,1936904
12908,1936941,73,1937014
12909,1937074,54,1937128
12910,1937225,14,1937239
12911,1937395,13,1937408
12912,1937428,72,1937500
12913,1937611,145,1937756
12914,1937840,111,1937951
12915,1938252,28,1938280
12916,1938353,65,1938418
12917,1938429,39,1938468
12918,1938515,27,1938542
12919,1938650,19,1938669
12920,1938826,11,1938837
12921,1939081,45,1939126
12922,1939171,57,1939228
12923,1939247,67,1939314
12924,1939574,48,1939622
12925,1939706,37,1939743
12926,1939884,117,1940001
12927,1940047,1,1940048
12928,1940429,118,1940547
12929,1940610,5,1940615
12930,1940731,43,1940774
12931,1940791,43,1940834
12932,1940966,38,1941004
12933,1941094,188,1941282
12934,1941390,23,1941413
12935,1941545,7,1941552
12936,1941656,195,1941851
12937,1942158,184,1942342
12938,1942381,68,1942449
12939,1942709,12,1942721
12940,1942933,53,1942986
12941,1943180,55,1943235
12942,1943339,132,1943471
12943,1943776,25,1943801
12944,1943930,64,1943994
12945,1944060,13,1944073
12946,1944087,32,1944119
12947,1944183,5,1944188
12948,1944224,72,1944296
12949,1944361,4,1944365
12950,1944442,34,1944476
12951,1944608,47,1944655
12952,1944668,16,1944684
12953,1944758,18,1944776
12954,1944924,41,1944965
12955,1944989,92,1945081
12956,1945159,38,1945197
12957,1945727,22,1945749
12958,1945786,8,1945794
12959,1945871,22,1945893
12960,1946009,34,1946043
12961,1946104,2,1946106
12962,1946143,8,1946151
12963,1946259,27,1946286
12964,1946374,97,1946471
12965,1946515,29,1946544
12966,1946561,59,1946620
12967,1946744,47,1946791
12968,1946806,95,1946901
12969,1947337,35,1947372
12970,1947385,60,1947445
12971,1947454,56,1947510
12972,1947599,114,1947713
12973,1947823,28,1947851
12974,1947955,82,1948037
12975,1948137,13,1948150
12976,1948251,3,1948254
12977,1948295,84,1948379
12978,1948426,52,1948478
12979,1948521,8,1948529
12980,1948535,78,1948613
12981,1948920,61,1948981
12982,1949080,44,1949124
12983,1949132,171,1949303
12984,1949329,33,1949362
12985,1949487,23,1949510
12986,1949675,50,1949725
12987,1949791,58,1949849
12988,1949969,14,1949983
12989,1950212,75,1950287
12990,1950442,43,1950485
12991,1950599,2,1950601
12992,1950694,51,1950745
12993,1950814,11,1950825
12994,1950836,19,1950855
12995,1950905,48,1950953
12996,1950997,60,1951057
12997,1951274,19,1951293
12998,1951334,109,1951443
12999,1951779,112,1951891
13000,1951936,47,1951983
13001,1952090,1,1952091
13002,1952162,85,1952247
13003,1952286,13,1952299
13004,1952342,18,1952360
13005,1952474,26,1952500
13006,1952559,42,1952601
13007,1953212,10,1953222
13008,1953276,47,1953323
13009,1953483,10,1953493
13010,1953553,31,1953584
13011,1953624,24,1953648
13012,1953722,91,1953813
13013,1953884,12,1953896
13014,1953942,6,1953948
13015,1953971,136,1954107
13016,1954120,8,1954128
13017,1954232,134,1954366
13018,1954493,15,1954508
13019,1954737,95,1954832
13020,1954857,22,1954879
13021,1954938,22,1954960
13022,1955033,17,1955050
13023,1955104,6,1955110
13024,1955150,93,1955243
13025,1955246,7,1955253
13026,1955312,119,1955431
13027,1955497,42,1955539
13028,1955793,4,1955797
13029,1955804,9,1955813
13030,1955879,116,1955995
13031,1956160,143,1956303
13032,1956490,38,1956528
13033,1956723,27,1956750
13034,1956817,74,1956891
13035,1956908,136,1957044
13036,1957097,60,1957157
13037,1957501,21,1957522
13038,1957576,25,1957601
13039,1957678,18,1957696
13040,1957734,97,1957831
13041,1957952,35,1957987
13042,1958153,14,1958167
13043,1958232,7,1958239
13044,1958274,32,1958306
13045,1958437,14,1958451
13046,1958612,3,1958615
13047,1958724,4,1958728
13048,1958897,41,1958938
13049,1959128,49,1959177
13050,1959219,121,1959340
13051,1959362,33,1959395
13052,1959484,16,1959500
13053,1959562,5,1959567
13054,1959659,72,1959731
13055,1959732,10,1959742
13056,1959759,122,1959881
13057,1959993,5,1959998
13058,1960088,50,1960138
13059,1960150,39,1960189
13060,1960219,30,1960249
13061,1960407,26,1960433
13062,1960784,1,1960785
13063,1961069,3,1961072
13064,1961080,10,1961090
13065,1961102,16,1961118
13066,1961170,135,1961305
13067,1961488,46,1961534
13068,1961535,29,1961564
13069,1961747,14,1961761
13070,1961771,12,1961783
13071,1961803,68,1961871
13072,1961911,87,1961998
13073,1962001,125,1962126
13074,1962188,24,1962212
13075,1962410,26,1962436
13076,1962459,71,1962530
13077,1962531,50,1962581
13078,1962637,42,1962679
13079,1962747,13,1962760
13080,1962875,7,1962882
13081,1962897,204,1963101
13082,1963203,70,1963273
13083,1963458,55,1963513
13084,1963863,7,1963870
13085,1963970,49,1964019
13086,1964037,88,1964125
13087,1964131,53,1964184
13088,1964281,11,1964292
13089,1964310,2,1964312
13090,1964318,21,1964339
13091,1964383,158,1964541
13092,1964618,22,1964640
13093,1964681,38,1964719
13094,1964859,8,1964867
13095,1964947,1,1964948
13096,1964989,23,1965012
13097,1965163,37,1965200
13098,1965395,15,1965410
13099,1965412,45,1965457
13100,1965469,27,1965496
13101,1965579,11,1965590
13102,1965635,62,1965697
13103,1965876,67,1965943
13104,1965967,68,1966035
13105,1966054,62,1966116
13106,1966332,61,1966393
13107,1966600,19,1966619
13108,1966639,93,1966732
13109,1966797,36,1966833
13110,1966886,28,1966914
13111,1966960,51,1967011
13112,1967240,45,1967285
13113,1967372,7,1967379
13114,1967395,2,1967397
13115,1967459,18,1967477
13116,1967532,10,1967542
13117,1967626,221,1967847
13118,1967890,16,1967906
13119,1968017,35,1968052
13120,1968104,1,1968105
13121,1968165,14,1968179
13122,1968277,28,1968305
13123,1968310,17,1968327
13124,1968413,107,1968520
13125,1968694,19,1968713
13126,1968940,134,1969074
13127,1969081,37,1969118
13128,1969198,29,1969227
13129,1969269,28,1969297
13130,1969437,6,1969443
13131,1969483,66,1969549
13132,1969775,11,1969786
13133,1969871,47,1969918
13134,1970381,23,1970404
13135,1970609,68,1970677
13136,1970707,24,1970731
13137,1970818,39,1970857
13138,1971310,115,1971425
13139,1971729,47,1971776
13140,1971822,13,1971835
13141,1971878,22,1971900
13142,1971979,70,1972049
13143,1972238,52,1972290
13144,1972604,124,1972728
13145,1972783,29,1972812
13146,1972931,19,1972950
13147,1973092,7,1973099
13148,1973375,10,1973385
13149,1973412,23,1973435
13150,1973485,140,1973625
13151,1973627,25,1973652
13152,1973734,7,1973741
13153,1973742,175,1973917
13154,1973969,29,1973998
13155,1974003,13,1974016
13156,1974053,6,1974059
13157,1974221,53,1974274
13158,1974281,50,1974331
13159,1974475,66,1974541
13160,1974614,42,1974656
13161,1974723,5,1974728
13162,1974816,8,1974824
13163,1974931,55,1974986
13164,1975042,75,1975117
13165,1975157,2,1975159
13166,1975167,41,1975208
13167,1975392,57,1975449
13168,1975545,46,1975591
13169,1975636,11,1975647
13170,1975671,18,1975689
13171,1976126,9,1976135
13172,1976153,92,1976245
13173,1976288,7,1976295
13174,1976342,12,1976354
13175,1976472,23,1976495
13176,1976512,4,1976516
13177,1976521,53,1976574
13178,1976824,63,1976887
13179,1977004,17,1977021
13180,1977156,24,1977180
13181,1977380,15,1977395
13182,1977438,35,1977473
13183,1977476,28,1977504
13184,1977599,7,1977606
13185,1977813,141,1977954
13186,1978163,25,1978188
13187,1978307,104,1978411
13188,1978502,52,1978554
13189,1978591,32,1978623
13190,1978629,50,1978679
13191,1978785,4,1978789
13192,1978810,21,1978831
13193,1978897,11,1978908
13194,1978931,15,1978946
13195,1978949,47,1978996
13196,1979579,18,1979597
13197,1979674,58,1979732
13198,1979753,20,1979773
13199,1979833,14,1979847
13200,1979891,7,1979898
13201,1979925,41,1979966
13202,1980023,119,1980142
13203,1980515,13,1980528
13204,1980704,21,1980725
13205,1980759,8,1980767
13206,1980873,15,1980888
13207,1980922,40,1980962
13208,1981306,10,1981316
13209,1981339,56,1981395
13210,1981729,89,1981818
13211,1981829,49,1981878
13212,1982245,148,1982393
13213,1982542,81,1982623
13214,1982628,119,1982747
13215,1982982,23,1983005
13216,1983085,18,1983103
13217,1983111,8,1983119
13218,1983344,49,1983393
13219,1983447,3,1983450
13220,1983576,8,1983584
13221,1983591,20,1983611
13222,1983730,1,1983731
13223,1983760,137,1983897
13224,1984117,85,1984202
13225,1984235,63,1984298
13226,1984462,1,1984463
13227,1984546,99,1984645
13228,1984713,132,1984845
13229,1984913,35,1984948
13230,1984988,2,1984990
13231,1985019,29,1985048
13232,1985223,1,1985224
13233,1985393,19,1985412
13234,1985616,3,1985619
13235,1985631,35,1985666
13236,1985677,44,1985721
13237,1985735,20,1985755
13238,1985820,5,1985825
13239,1985832,103,1985935
13240,1985997,96,1986093
13241,1986211,81,1986292
13242,1986298,32,1986330
13243,1986363,37,1986400
13244,1986407,33,1986440
13245,1986448,33,1986481
13246,1986499,62,1986561
13247,1986596,49,1986645
13248,1986669,5,1986674
13249,1986738,9,1986747
13250,1986769,94,1986863
13251,1986889,15,1986904
13252,1986907,59,1986966
13253,1987003,22,1987025
13254,1987082,33,1987115
13255,1987244,42,1987286
13256,1987441,57,1987498
13257,1987608,6,1987614
13258,1987737,2,1987739
13259,1987768,134,1987902
13260,1987911,37,1987948
13261,1987984,13,1987997
13262,1988018,2,1988020
13263,1988119,60,1988179
13264,1988331,93,1988424
13265,1988484,210,1988694
13266,1988696,43,1988739
13267,1989058,30,1989088
13268,1989139,2,1989141
13269,1989472,29,1989501
13270,1989561,93,1989654
13271,1989819,4,1989823
13272,1989911,25,1989936
13273,1989959,25,1989984
13274,1990089,33,1990122
13275,1990143,13,1990156
13276,1990236,368,1990604
13277,1990682,110,1990792
13278,1990843,14,1990857
13279,1991221,101,1991322
13280,1991335,7,1991342
13281,1991376,188,1991564
13282,1991620,11,1991631
13283,1991727,3,1991730
13284,1991733,10,1991743
13285,1991745,46,1991791
13286,1991985,34,1992019
13287,1992094,87,1992181
13288,1992308,22,1992330
13289,1992353,4,1992357
13290,1992455,16,1992471
13291,1992478,34,1992512
13292,1992564,51,1992615
13293,1992674,27,1992701
13294,1992772,21,1992793
13295,1992944,216,1993160
13296,1993239,21,1993260
13297,1993335,15,1993350
13298,1993360,106,1993466
13299,1993469,20,1993489
13300,1993751,55,1993806
13301,1993870,159,1994029
13302,1994251,2,1994253
13303,1994284,58,1994342
13304,1994428,17,1994445
13305,1994488,10,1994498
13306,1994626,4,1994630
13307,1994935,1,1994936
13308,1994949,9,1994958
13309,1994962,9,1994971
13310,1995376,79,1995455
13311,1995482,108,1995590
13312,1995609,64,1995673
13313,1995869,16,1995885
13314,1995992,61,1996053
13315,1996124,13,1996137
13316,1996214,29,1996243
13317,1996470,38,1996508
13318,1996546,11,1996557
13319,1996611,58,1996669
13320,1996863,152,1997015
13321,1997311,29,1997340
13322,1997467,17,1997484
13323,1997512,9,1997521
13324,1997642,12,1997654
13325,1997784,46,1997830
13326,1997929,57,1997986
13327,1998043,47,1998090
13328,1998092,14,1998106
13329,1998221,45,1998266
13330,1998419,16,1998435
13331,1998889,71,1998960
13332,1998981,116,1999097
13333,1999139,12,1999151
13334,1999412,45,1999457
13335,1999698,200,1999898
13336,1999929,21,1999950
13337,2000103,14,2000117
13338,2000282,32,2000314
13339,2000328,52,2000380
13340,2000456,154,2000610
13341,2000648,68,2000716
13342,2001242,479,2001721
13343,2001890,29,2001919
13344,2002058,96,2002154
13345,2002265,20,2002285
13346,2002320,43,2002363
13347,2002400,24,2002424
13348,2002428,1,2002429
13349,2002547,45,2002592
13350,2002663,135,2002798
13351,2003018,20,2003038
13352,2003158,16,2003174
13353,2003465,59,2003524
13354,2003537,18,2003555
13355,2003725,101,2003826
13356,2003960,10,2003970
13357,2004124,31,2004155
13358,2004166,66,2004232
13359,2004249,32,2004281
13360,2004296,197,2004493
13361,2004610,116,2004726
13362,2004832,128,2004960
13363,2005211,53,2005264
13364,2005478,65,2005543
13365,2005628,80,2005708
13366,2005749,41,2005790
13367,2005792,13,2005805
13368,2005832,60,2005892
13369,2005956,17,2005973
13370,2005992,22,2006014
13371,2006042,44,2006086
13372,2006169,19,2006188
13373,2006355,16,2006371
13374,2006429,133,2006562
13375,2006563,3,2006566
13376,2006638,32,2006670
13377,2006711,78,2006789
13378,2006794,5,2006799
13379,2007050,68,2007118
13380,2007300,52,2007352
13381,2007356,2,2007358
13382,2007642,18,2007660
13383,2007827,32,2007859
13384,2007882,46,2007928
13385,2007960,31,2007991
13386,2008071,17,2008088
13387,2008101,22,2008123
13388,2008168,67,2008235
13389,2008406,12,2008418
13390,2008449,4,2008453
13391,2008540,57,2008597
13392,2008615,34,2008649
13393,2008665,3,2008668
13394,2008819,12,2008831
13395,2008852,49,2008901
13396,2009291,17,2009308
13397,2009445,66,2009511
13398,2009648,6,2009654
13399,2009749,11,2009760
13400,2009788,67,2009855
13401,2010050,7,2010057
13402,2010132,29,2010161
13403,2010214,41,2010255
13404,2010368,150,2010518
13405,2010746,6,2010752
13406,2010818,25,2010843
13407,2011024,14,2011038
13408,2011299,49,2011348
13409,2011370,63,2011433
13410,2011700,116,2011816
13411,2011884,19,2011903
13412,2012020,6,2012026
13413,2012083,6,2012089
13414,2012287,115,2012402
13415,2012456,25,2012481
13416,2012533,12,2012545
13417,2012617,9,2012626
13418,2012754,23,2012777
13419,2012881,21,2012902
13420,2013143,8,2013151
13421,2013156,15,2013171
13422,2013431,20,2013451
13423,2013602,29,2013631
13424,2013651,265,2013916
13425,2013953,148,2014101
13426,2014480,21,2014501
13427,2014642,4,2014646
13428,2014683,229,2014912
13429,2015149,88,2015237
13430,2015241,64,2015305
13431,2015319,6,2015325
13432,2015359,54,2015413
13433,2015497,32,2015529
13434,2015568,8,2015576
13435,2015732,65,2015797
13436,2015829,51,2015880
13437,2016039,89,2016128
13438,2016154,33,2016187
13439,2016212,8,2016220
13440,2016282,12,2016294
13441,2016459,28,2016487
13442,2017026,11,2017037
13443,2017199,18,2017217
13444,2017280,74,2017354
13445,2017497,23,2017520
13446,2017638,19,2017657
13447,2017698,13,2017711
13448,2017830,37,2017867
13449,2017987,18,2018005
13450,2018095,66,2018161
13451,2018264,11,2018275
13452,2018481,42,2018523
13453,2018616,34,2018650
13454,2018721,3,2018724
13455,2019002,12,2019014
13456,2019016,3,2019019
13457,2019062,38,2019100
13458,2019122,15,2019137
13459,2019155,6,2019161
13460,2019184,38,2019222
13461,2019372,48,2019420
13462,2019444,22,2019466
13463,2019653,119,2019772
13464,2020021,3,2020024
13465,2020199,4,2020203
13466,2020272,5,2020277
13467,2020305,12,2020317
13468,2021004,74,2021078
13469,2021098,48,2021146
13470,2021186,6,2021192
13471,2021282,33,2021315
13472,2021316,154,2021470
13473,2021477,40,2021517
13474,2021600,3,2021603
13475,2021607,23,2021630
13476,2021632,32,2021664
13477,2021670,88,2021758
13478,2021779,2,2021781
13479,2021822,20,2021842
13480,2021858,54,2021912
13481,2022184,20,2022204
13482,2022211,17,2022228
13483,2022338,56,2022394
13484,2022585,82,2022667
13485,2022680,28,2022708
13486,2022803,78,2022881
13487,2022947,64,2023011
13488,2023012,19,2023031
13489,2023086,7,2023093
13490,2023109,81,2023190
13491,2023309,12,2023321
13492,2023364,39,2023403
13493,2023423,68,2023491
13494,2023856,105,2023961
13495,2024009,24,2024033
13496,2024152,5,2024157
13497,2024254,12,2024266
13498,2024294,132,2024426
13499,2024497,40,2024537
13500,2024595,89,2024684
13501,2024685,4,2024689
13502,2024868,15,2024883
13503,2024948,17,2024965
13504,2025118,111,2025229
13505,2025315,43,2025358
13506,2025406,33,2025439
13507,2025601,65,2025666
13508,2025669,147,2025816
13509,2026034,1,2026035
13510,2026111,28,2026139
13511,2026166,15,2026181
13512,2026183,58,2026241
13513,2026332,48,2026380
13514,2026409,7,2026416
13515,2026445,1,2026446
13516,2026526,93,2026619
13517,2026919,19,2026938
13518,2026976,41,2027017
13519,2027048,10,2027058
13520,2027065,73,2027138
13521,2027377,37,2027414
13522,2027488,21,2027509
13523,2027652,145,2027797
13524,2027837,176,2028013
13525,2028048,35,2028083
13526,2028431,24,2028455
13527,2028495,16,2028511
13528,2028533,5,2028538
13529,2028584,8,2028592
13530,2028642,123,2028765
13531,2028766,6,2028772
13532,2028913,20,2028933
13533,2028950,70,2029020
13534,2029056,104,2029160
13535,2029223,77,2029300
13536,2029332,98,2029430
13537,2029513,2,2029515
13538,2029748,201,2029949
13539,2029968,48,2030016
13540,2030055,267,2030322
13541,2030536,24,2030560
13542,2030583,51,2030634
13543,2030787,28,2030815
13544,2031060,80,2031140
13545,2031292,119,2031411
13546,2031689,1,2031690
13547,2031818,17,2031835
13548,2031956,75,2032031
13549,2032032,86,2032118
13550,2032232,87,2032319
13551,2032356,12,2032368
13552,2032469,99,2032568
13553,2032849,3,2032852
13554,2032897,32,2032929
13555,2032977,126,2033103
13556,2033514,24,2033538
13557,2033560,27,2033587
13558,2033699,25,2033724
13559,2033727,34,2033761
13560,2033890,8,2033898
13561,2034332,18,2034350
13562,2034403,13,2034416
13563,2034474,88,2034562
13564,2035318,11,2035329
13565,2035509,1,2035510
13566,2035610,50,2035660
13567,2035698,7,2035705
13568,2035793,88,2035881
13569,2035990,32,2036022
13570,2036034,4,2036038
13571,2036213,18,2036231
13572,2036270,24,2036294
13573,2036344,7,2036351
13574,2036494,91,2036585
13575,2036641,21,2036662
13576,2036728,19,2036747
13577,2037030,55,2037085
13578,2037143,40,2037183
13579,2037266,10,2037276
13580,2037314,82,2037396
13581,2037408,39,2037447
13582,2037457,4,2037461
13583,2037494,38,2037532
13584,2037599,14,2037613
13585,2038035,111,2038146
13586,2038215,3,2038218
13587,2038782,3,2038785
13588,2038833,24,2038857
13589,2038979,162,2039141
13590,2039426,93,2039519
13591,2039557,4,2039561
13592,2039597,83,2039680
13593,2039730,26,2039756
13594,2039910,55,2039965
13595,2040397,120,2040517
13596,2040581,117,2040698
13597,2040790,1,2040791
13598,2040834,61,2040895
13599,2040901,44,2040945
13600,2040994,53,2041047
13601,2041115,32,2041147
13602,2041238,8,2041246
13603,2041387,16,2041403
13604,2041544,21,2041565
13605,2041582,36,2041618
13606,2041623,105,2041728
13607,2041762,26,2041788
13608,2042164,163,2042327
13609,2042336,70,2042406
13610,2042635,161,2042796
13611,2042841,37,2042878
13612,2042887,22,2042909
13613,2042932,28,2042960
13614,2042978,84,2043062
13615,2043147,5,2043152
13616,2043222,102,2043324
13617,2043353,66,2043419
13618,2043563,7,2043570
13619,2043654,30,2043684
13620,2043839,2,2043841
13621,2043916,40,2043956
13622,2043957,2,2043959
13623,2044062,8,2044070
13624,2044087,18,2044105
13625,2044272,27,2044299
13626,2044338,170,2044508
13627,2044737,22,2044759
13628,2044985,1,2044986
13629,2044988,1,2044989
13630,2045205,17,2045222
13631,2045242,110,2045352
13632,2045727,56,2045783
13633,2046042,9,2046051
13634,2046164,25,2046189
13635,2046253,11,2046264
13636,2046443,10,2046453
13637,2046626,30,2046656
13638,2046853,54,2046907
13639,2046920,8,2046928
13640,2046985,1,2046986
13641,2047420,10,2047430
13642,2047452,10,2047462
13643,2047486,19,2047505
13644,2047625,24,2047649
13645,2047706,38,2047744
13646,2047745,28,2047773
13647,2047835,8,2047843
13648,2047891,3,2047894
13649,2047973,3,2047976
13650,2048061,19,2048080
13651,2048090,91,2048181
13652,2048550,8,2048558
13653,2048564,106,2048670
13654,2049065,1,2049066
13655,2049257,104,2049361
13656,2049639,72,2049711
13657,2049840,68,2049908
13658,2050185,61,2050246
13659,2050318,33,2050351
13660,2050373,150,2050523
13661,2050800,3,2050803
13662,2050840,61,2050901
13663,2050933,51,2050984
13664,2051011,52,2051063
13665,2051115,230,2051345
13666,2051417,68,2051485
13667,2051511,22,2051533
13668,2052016,24,2052040
13669,2052109,114,2052223
13670,2052430,17,2052447
13671,2052523,163,2052686
13672,2052717,113,2052830
13673,2052884,10,2052894
13674,2053017,35,2053052
13675,2053391,10,2053401
13676,2053441,121,2053562
13677,2053712,7,2053719
13678,2053783,44,2053827
13679,2054317,47,2054364
13680,2054393,38,2054431
13681,2054548,9,2054557
13682,2054688,50,2054738
13683,2054910,56,2054966
13684,2055082,44,2055126
13685,2055267,35,2055302
13686,2055397,92,2055489
13687,2055660,19,2055679
13688,2055850,8,2055858
13689,2056079,36,2056115
13690,2056155,4,2056159
13691,2056185,35,2056220
13692,2056717,136,2056853
13693,2057022,12,2057034
13694,2057202,144,2057346
13695,2057503,42,2057545
13696,2057606,80,2057686
13697,2057766,1,2057767
13698,2057769,7,2057776
13699,2057803,87,2057890
13700,2058085,31,2058116
13701,2058426,47,2058473
13702,2058491,60,2058551
13703,2058570,32,2058602
13704,2058664,76,2058740
13705,2058770,3,2058773
13706,2058799,64,2058863
13707,2058903,181,2059084
13708,2059178,130,2059308
13709,2059337,69,2059406
13710,2059438,58,2059496
13711,2059521,87,2059608
13712,2059631,39,2059670
13713,2059685,17,2059702
13714,2059801,123,2059924
13715,2059965,8,2059973
13716,2060048,159,2060207
13717,2060228,41,2060269
13718,2060312,203,2060515
13719,2060527,16,2060543
13720,2060562,20,2060582
13721,2060660,19,2060679
13722,2060924,137,2061061
13723,2061148,62,2061210
13724,2061222,18,2061240
13725,2061482,9,2061491
13726,2061604,24,2061628
13727,2061745,86,2061831
13728,2061839,20,2061859
13729,2062017,3,2062020
13730,2062325,4,2062329
13731,2062382,89,2062471
13732,2062528,74,2062602
13733,2062737,98,2062835
13734,2062949,251,2063200
13735,2063404,4,2063408
13736,2063417,13,2063430
13737,2063713,10,2063723
13738,2063851,84,2063935
13739,2064062,16,2064078
13740,2064111,78,2064189
13741,2064501,43,2064544
13742,2064604,28,2064632
13743,2064769,27,2064796
13744,2064859,7,2064866
13745,2065017,36,2065053
13746,2065066,23,2065089
13747,2065195,104,2065299
13748,2065328,9,2065337
13749,2065447,63,2065510
13750,2065719,6,2065725
13751,2065781,50,2065831
13752,2065960,3,2065963
13753,2066153,68,2066221
13754,2066332,13,2066345
13755,2066376,12,2066388
13756,2066497,14,2066511
13757,2066534,194,2066728
13758,2066772,73,2066845
13759,2067118,44,2067162
13760,2067178,209,2067387
13761,2067443,150,2067593
13762,2067755,57,2067812
13763,2067906,111,2068017
13764,2068153,12,2068165
13765,2068171,18,2068189
13766,2068212,95,2068307
13767,2068550,161,2068711
13768,2068732,11,2068743
13769,2068847,24,2068871
13770,2068960,9,2068969
13771,2069004,25,2069029
13772,2069031,46,2069077
13773,2069131,7,2069138
13774,2069270,15,2069285
13775,2069366,10,2069376
13776,2069487,8,2069495
13777,2069664,50,2069714
13778,2069882,10,2069892
13779,2070015,10,2070025
13780,2070061,40,2070101
13781,2070107,64,2070171
13782,2070197,1,2070198
13783,2070259,149,2070408
13784,2070562,47,2070609
13785,2070642,1,2070643
13786,2070876,5,2070881
13787,2070891,54,2070945
13788,2071036,22,2071058
13789,2071068,11,2071079
13790,2071093,16,2071109
13791,2071341,25,2071366
13792,2071385,8,2071393
13793,2071437,7,2071444
13794,2071489,8,2071497
13795,2071499,28,2071527
13796,2071539,13,2071552
13797,2071568,2,2071570
13798,2071676,47,2071723
13799,2071743,14,2071757
13800,2071781,13,2071794
13801,2072007,26,2072033
13802,2072105,63,2072168
13803,2072173,28,2072201
13804,2072263,40,2072303
13805,2072429,54,2072483
13806,2072541,8,2072549
13807,2072734,11,2072745
13808,2072795,67,2072862
13809,2072908,42,2072950
13810,2072979,25,2073004
13811,2073188,3,2073191
13812,2073215,104,2073319
13813,2073645,12,2073657
13814,2073782,4,2073786
13815,2073865,77,2073942
13816,2074034,31,2074065
13817,2074275,219,2074494
13818,2074649,86,2074735
13819,2074833,47,2074880
13820,2074959,81,2075040
13821,2075158,51,2075209
13822,2075270,25,2075295
13823,2075306,185,2075491
13824,2075546,38,2075584
13825,2075696,76,2075772
13826,2075776,1,2075777
13827,2075932,10,2075942
13828,2076322,59,2076381
13829,2076550,90,2076640
13830,2076726,5,2076731
13831,2076950,79,2077029
13832,2077086,66,2077152
13833,2077213,16,2077229
13834,2077334,5,2077339
13835,2077446,22,2077468
13836,2077723,7,2077730
13837,2077811,98,2077909
13838,2078080,5,2078085
13839,2078118,55,2078173
13840,2078323,20,2078343
13841,2078447,20,2078467
13842,2078764,14,2078778
13843,2078828,58,2078886
13844,2079115,44,2079159
13845,2079419,32,2079451
13846,2079460,46,2079506
13847,2079519,35,2079554
13848,2079557,35,2079592
13849,2079621,57,2079678
13850,2079789,1,2079790
13851,2079883,30,2079913
13852,2080008,36,2080044
13853,2080069,126,2080195
13854,2080311,139,2080450
13855,2080516,39,2080555
13856,2080663,38,2080701
13857,2080735,146,2080881
13858,2080890,4,2080894
13859,2080976,1,2080977
13860,2081006,53,2081059
13861,2081128,3,2081131
13862,2081142,112,2081254
13863,2081436,31,2081467
13864,2081629,45,2081674
13865,2081847,237,2082084
13866,2082384,11,2082395
13867,2082405,38,2082443
13868,2082445,3,2082448
13869,2082687,120,2082807
13870,2082872,2,2082874
13871,2082882,1,2082883
13872,2082911,6,2082917
13873,2083049,8,2083057
13874,2083063,134,2083197
13875,2083210,36,2083246
13876,2083313,110,2083423
13877,2083435,58,2083493
13878,2083516,20,2083536
13879,2083546,3,2083549
13880,2083609,20,2083629
13881,2083679,59,2083738
13882,2083750,37,2083787
13883,2083852,25,2083877
13884,2083944,15,2083959
13885,2083968,45,2084013
13886,2084095,27,2084122
13887,2084249,54,2084303
13888,2084345,80,2084425
13889,2084440,21,2084461
13890,2084501,27,2084528
13891,2084540,24,2084564
13892,2084919,1,2084920
13893,2085146,83,2085229
13894,2085288,13,2085301
13895,2085373,1,2085374
13896,2085461,48,2085509
13897,2085552,61,2085613
13898,2085716,33,2085749
13899,2085754,90,2085844
13900,2085917,11,2085928
13901,2085990,15,2086005
13902,2086096,29,2086125
13903,2086393,62,2086455
13904,2086564,19,2086583
13905,2086768,33,2086801
13906,2086860,66,2086926
13907,2087004,8,2087012
13908,2087228,38,2087266
13909,2087267,100,2087367
13910,2087539,26,2087565
13911,2087627,62,2087689
13912,2087700,29,2087729
13913,2087841,23,2087864
13914,2087985,8,2087993
13915,2088003,151,2088154
13916,2088204,94,2088298
13917,2088465,36,2088501
13918,2088634,34,2088668
13919,2088672,10,2088682
13920,2088714,82,2088796
13921,2089045,180,2089225
13922,2089281,3,2089284
13923,2089385,12,2089397
13924,2089835,13,2089848
13925,2089893,43,2089936
13926,2089963,10,2089973
13927,2090053,81,2090134
13928,2090486,180,2090666
13929,2090757,13,2090770
13930,2090921,82,2091003
13931,2091102,6,2091108
13932,2091146,38,2091184
13933,2091341,66,2091407
13934,2091473,61,2091534
13935,2091550,27,2091577
13936,2091617,95,2091712
13937,2091765,8,2091773
13938,2091827,6,2091833
13939,2091992,46,2092038
13940,2092223,191,2092414
13941,2092527,5,2092532
13942,2092533,30,2092563
13943,2092589,20,2092609
13944,2092636,8,2092644
13945,2092797,7,2092804
13946,2092922,73,2092995
13947,2093067,2,2093069
13948,2093311,1,2093312
13949,2093486,46,2093532
13950,2093537,10,2093547
13951,2093662,48,2093710
13952,2093794,21,2093815
13953,2094074,9,2094083
13954,2094121,61,2094182
13955,2094241,2,2094243
13956,2094259,37,2094296
13957,2094382,6,2094388
13958,2094426,24,2094450
13959,2094583,12,2094595
13960,2094612,17,2094629
13961,2094688,41,2094729
13962,2094972,84,2095056
13963,2095520,30,2095550
13964,2095598,5,2095603
13965,2095894,67,2095961
13966,2096214,84,2096298
13967,2096312,48,2096360
13968,2096593,77,2096670
13969,2096731,31,2096762
13970,2096959,42,2097001
13971,2097153,21,2097174
13972,2097178,10,2097188
13973,2097207,60,2097267
13974,2097382,144,2097526
13975,2097529,43,2097572
13976,2097577,24,2097601
13977,2097626,17,2097643
13978,2098039,6,2098045
13979,2098156,94,2098250
13980,2098328,16,2098344
13981,2098442,162,2098604
13982,2098634,30,2098664
13983,2099303,11,2099314
13984,2099338,161,2099499
13985,2099509,109,2099618
13986,2099695,77,2099772
13987,2099820,91,2099911
13988,2100045,43,2100088
13989,2100147,32,2100179
13990,2100310,19,2100329
13991,2100355,7,2100362
13992,2100419,87,2100506
13993,2100535,14,2100549
13994,2100635,4,2100639
13995,2100794,9,2100803
13996,2100830,61,2100891
13997,2100908,46,2100954
13998,2100966,221,2101187
13999,2101336,3,2101339
14000,2101341,23,2101364
14001,2101420,6,2101426
14002,2101497,35,2101532
14003,2101554,51,2101605
14004,2101879,35,2101914
14005,2101950,18,2101968
14006,2102284,45,2102329
14007,2102391,51,2102442
14008,2102556,7,2102563
14009,2102681,37,2102718
14010,2103001,35,2103036
14011,2103129,53,2103182
14012,2103376,105,2103481
14013,2103815,51,2103866
14014,2103882,48,2103930
14015,2104384,38,2104422
14016,2104728,13,2104741
14017,2104805,83,2104888
14018,2104967,2,2104969
14019,2105035,42,2105077
14020,2105212,77,2105289
14021,2105350,66,2105416
14022,2105505,4,2105509
14023,2105607,26,2105633
14024,2105684,59,2105743
14025,2105792,1,2105793
14026,2106084,152,2106236
14027,2106293,48,2106341
14028,2106342,99,2106441
14029,2106468,12,2106480
14030,2106687,3,2106690
14031,2106737,52,2106789
14032,2107290,38,2107328
14033,2107402,108,2107510
14034,2107547,4,2107551
14035,2107595,28,2107623
14036,2107726,21,2107747
14037,2107783,53,2107836
14038,2107900,101,2108001
14039,2108184,236,2108420
14040,2108489,3,2108492
14041,2108499,32,2108531
14042,2108879,56,2108935
14043,2109076,95,2109171
14044,2109289,184,2109473
14045,2109549,75,2109624
14046,2109882,32,2109914
14047,2110129,248,2110377
14048,2110378,79,2110457
14049,2110495,16,2110511
14050,2110752,2,2110754
14051,2110786,8,2110794
14052,2110808,122,2110930
14053,2110933,25,2110958
14054,2111190,165,2111355
14055,2111458,29,2111487
14056,2111506,68,2111574
14057,2111615,32,2111647
14058,2111866,260,2112126
14059,2112203,79,2112282
14060,2112353,26,2112379
14061,2112392,61,2112453
14062,2112635,27,2112662
14063,2112684,25,2112709
14064,2112932,89,2113021
14065,2113110,85,2113195
14066,2113227,161,2113388
14067,2113436,9,2113445
14068,2113514,142,2113656
14069,2113662,34,2113696
14070,2113718,57,2113775
14071,2113950,43,2113993
14072,2114013,4,2114017
14073,2114218,216,2114434
14074,2114461,81,2114542
14075,2114764,27,2114791
14076,2114969,9,2114978
14077,2115252,9,2115261
14078,2115315,25,2115340
14079,2115355,40,2115395
14080,2115451,9,2115460
14081,2115758,57,2115815
14082,2115825,54,2115879
14083,2115979,41,2116020
14084,2116100,54,2116154
14085,2116259,173,2116432
14086,2116554,102,2116656
14087,2116677,1,2116678
14088,2116759,51,2116810
14089,2117038,2,2117040
14090,2117077,64,2117141
14091,2117169,36,2117205
14092,2117215,65,2117280
14093,2117354,34,2117388
14094,2117474,78,2117552
14095,2117570,6,2117576
14096,2117623,60,2117683
14097,2117904,12,2117916
14098,2118315,26,2118341
14099,2118380,11,2118391
14100,2118412,143,2118555
14101,2118603,33,2118636
14102,2118660,162,2118822
14103,2119063,34,2119097
14104,2119184,29,2119213
14105,2119243,70,2119313
14106,2119447,37,2119484
14107,2119614,9,2119623
14108,2119625,51,2119676
14109,2119683,35,2119718
14110,2119770,186,2119956
14111,2119986,50,2120036
14112,2120309,19,2120328
14113,2120334,6,2120340
14114,2120416,2,2120418
14115,2120444,55,2120499
14116,2120605,138,2120743
14117,2120787,124,2120911
14118,2121155,102,2121257
14119,2121363,13,2121376
14120,2121448,10,2121458
14121,2121493,18,2121511
14122,2121543,17,2121560
14123,2121641,2,2121643
14124,2121868,45,2121913
14125,2122000,133,2122133
14126,2122362,4,2122366
14127,2122479,24,2122503
14128,2122544,12,2122556
14129,2122605,70,2122675
14130,2122703,96,2122799
14131,2122876,87,2122963
14132,2123333,32,2123365
14133,2123389,10,2123399
14134,2123510,44,2123554
14135,2123581,75,2123656
14136,2123658,48,2123706
14137,2123772,113,2123885
14138,2123934,1,2123935
14139,2123997,1,2123998
14140,2124000,38,2124038
14141,2124136,76,2124212
14142,2124284,92,2124376
14143,2124434,28,2124462
14144,2124535,25,2124560
14145,2124673,164,2124837
14146,2125046,181,2125227
14147,2125230,9,2125239
14148,2125405,157,2125562
14149,2125693,53,2125746
14150,2125805,11,2125816
14151,2125829,37,2125866
14152,2126080,3,2126083
14153,2126166,82,2126248
14154,2126363,78,2126441
14155,2126558,40,2126598
14156,2126752,36,2126788
14157,2126799,6,2126805
14158,2127096,8,2127104
14159,2127145,3,2127148
14160,2127214,39,2127253
14161,2127493,56,2127549
14162,2127572,18,2127590
14163,2127677,154,2127831
14164,2127832,79,2127911
14165,2128291,24,2128315
14166,2128698,34,2128732
14167,2128868,118,2128986
14168,2128992,73,2129065
14169,2129222,58,2129280
14170,2129318,51,2129369
14171,2129769,53,2129822
14172,2129905,89,2129994
14173,2130193,37,2130230
14174,2130371,81,2130452
14175,2130469,35,2130504
14176,2130505,115,2130620
14177,2130704,138,2130842
14178,2130889,25,2130914
14179,2130952,66,2131018
14180,2131069,29,2131098
14181,2131171,24,2131195
14182,2131354,25,2131379
14183,2131584,48,2131632
14184,2131774,139,2131913
14185,2132238,19,2132257
14186,2132261,12,2132273
14187,2132563,28,2132591
14188,2132665,109,2132774
14189,2132970,18,2132988
14190,2133003,57,2133060
14191,2133068,146,2133214
14192,2133347,158,2133505
14193,2133566,18,2133584
14194,2133594,58,2133652
14195,2133850,17,2133867
14196,2133880,174,2134054
14197,2134119,11,2134130
14198,2134190,416,2134606
14199,2135021,6,2135027
14200,2135141,49,2135190
14201,2135726,124,2135850
14202,2136210,250,2136460
14203,2136717,26,2136743
14204,2136921,41,2136962
14205,2136981,4,2136985
14206,2136993,49,2137042
14207,2137051,69,2137120
14208,2137155,37,2137192
14209,2137325,201,2137526
14210,2137687,2,2137689
14211,2137710,37,2137747
14212,2137795,8,2137803
14213,2137983,8,2137991
14214,2137999,41,2138040
14215,2138051,10,2138061
14216,2138090,98,2138188
14217,2138407,1,2138408
14218,2138410,114,2138524
14219,2138603,17,2138620
14220,2138680,256,2138936
14221,2138965,55,2139020
14222,2139099,11,2139110
14223,2139130,25,2139155
14224,2139174,107,2139281
14225,2139343,22,2139365
14226,2139475,20,2139495
14227,2139567,75,2139642
14228,2139665,80,2139745
14229,2139885,60,2139945
14230,2140191,6,2140197
14231,2140199,111,2140310
14232,2140322,24,2140346
14233,2140353,2,2140355
14234,2140512,62,2140574
14235,2140651,6,2140657
14236,2140659,161,2140820
14237,2140847,17,2140864
14238,2140917,2,2140919
14239,2140929,6,2140935
14240,2140954,66,2141020
14241,2141029,28,2141057
14242,2141103,3,2141106
14243,2141140,2,2141142
14244,2141160,3,2141163
14245,2141259,24,2141283
14246,2141322,121,2141443
14247,2141628,34,2141662
14248,2141830,16,2141846
14249,2142033,37,2142070
14250,2142326,22,2142348
14251,2142544,2,2142546
14252,2142609,16,2142625
14253,2142804,14,2142818
14254,2142819,97,2142916
14255,2142944,178,2143122
14256,2143237,13,2143250
14257,2143359,105,2143464
14258,2143500,20,2143520
14259,2143605,18,2143623
14260,2143648,46,2143694
14261,2143750,33,2143783
14262,2143821,62,2143883
14263,2143999,46,2144045
14264,2144105,18,2144123
14265,2144338,29,2144367
14266,2144387,8,2144395
14267,2144506,16,2144522
14268,2144844,19,2144863
14269,2145096,25,2145121
14270,2145171,147,2145318
14271,2145374,168,2145542
14272,2145562,8,2145570
14273,2145609,116,2145725
14274,2145906,62,2145968
14275,2145978,90,2146068
14276,2146124,10,2146134
14277,2146317,12,2146329
14278,2146417,13,2146430
14279,2146523,8,2146531
14280,2146617,5,2146622
14281,2146760,316,2147076
14282,2147089,24,2147113
14283,2147193,3,2147196
14284,2147334,21,2147355
14285,2147455,10,2147465
14286,2147500,56,2147556
14287,2147601,59,2147660
14288,2147819,50,2147869
14289,2147954,9,2147963
14290,2148031,53,2148084
14291,2148114,47,2148161
14292,2148392,103,2148495
14293,2148593,21,2148614
14294,2148653,65,2148718
14295,2148804,117,2148921
14296,2148977,28,2149005
14297,2149043,55,2149098
14298,2149121,139,2149260
14299,2149298,76,2149374
14300,2149390,10,2149400
14301,2149504,43,2149547
14302,2149601,87,2149688
14303,2149747,15,2149762
14304,2149946,93,2150039
14305,2150046,45,2150091
14306,2150176,5,2150181
14307,2150182,146,2150328
14308,2150387,84,2150471
14309,2150531,21,2150552
14310,2150581,76,2150657
14311,2150683,43,2150726
14312,2150854,43,2150897
14313,2151207,25,2151232
14314,2151288,54,2151342
14315,2151622,13,2151635
14316,2151646,28,2151674
14317,2151820,8,2151828
14318,2152103,116,2152219
14319,2152281,40,2152321
14320,2152390,22,2152412
14321,2152435,162,2152597
14322,2152927,1,2152928
14323,2153015,93,2153108
14324,2153196,87,2153283
14325,2153309,56,2153365
14326,2153561,8,2153569
14327,2153575,57,2153632
14328,2153701,131,2153832
14329,2153839,167,2154006
14330,2154156,6,2154162
14331,2154204,60,2154264
14332,2154310,77,2154387
14333,2154708,124,2154832
14334,2154854,37,2154891
14335,2154970,51,2155021
14336,2155120,13,2155133
14337,2155253,54,2155307
14338,2155311,46,2155357
14339,2155536,39,2155575
14340,2155738,57,2155795
14341,2155812,4,2155816
14342,2155821,18,2155839
14343,2156142,52,2156194
14344,2156355,148,2156503
14345,2156548,37,2156585
14346,2156705,106,2156811
14347,2156826,15,2156841
14348,2156880,34,2156914
14349,2156936,13,2156949
14350,2156995,132,2157127
14351,2157348,88,2157436
14352,2157465,93,2157558
14353,2157693,94,2157787
14354,2158023,16,2158039
14355,2158146,134,2158280
14356,2158339,87,2158426
14357,2158484,53,2158537
14358,2158671,96,2158767
14359,2158887,123,2159010
14360,2159073,220,2159293
14361,2159322,12,2159334
14362,2159395,3,2159398
14363,2159507,58,2159565
14364,2159592,54,2159646
14365,2159698,64,2159762
14366,2159775,88,2159863
14367,2159935,37,2159972
14368,2160130,54,2160184
14369,2160300,28,2160328
14370,2160512,105,2160617
14371,2160839,85,2160924
14372,2161037,31,2161068
14373,2161246,19,2161265
14374,2161278,49,2161327
14375,2161901,8,2161909
14376,2162098,84,2162182
14377,2162242,39,2162281
14378,2162512,43,2162555
14379,2162656,39,2162695
14380,2162793,42,2162835
14381,2162980,28,2163008
14382,2163086,18,2163104
14383,2163192,169,2163361
14384,2163460,275,2163735
14385,2163974,14,2163988
14386,2164113,21,2164134
14387,2164171,44,2164215
14388,2164286,1,2164287
14389,2164405,37,2164442
14390,2164472,287,2164759
14391,2164774,1,2164775
14392,2164784,2,2164786
14393,2164794,20,2164814
14394,2164871,48,2164919
14395,2165106,306,2165412
14396,2165449,25,2165474
14397,2165482,39,2165521
14398,2165529,35,2165564
14399,2165696,173,2165869
14400,2165962,7,2165969
14401,2166048,31,2166079
14402,2166099,69,2166168
14403,2166173,16,2166189
14404,2166313,13,2166326
14405,2166470,4,2166474
14406,2166494,85,2166579
14407,2166772,148,2166920
14408,2167064,14,2167078
14409,2167187,15,2167202
14410,2167273,3,2167276
14411,2167448,53,2167501
14412,2167539,77,2167616
14413,2167772,44,2167816
14414,2167855,43,2167898
14415,2167956,34,2167990
14416,2168149,10,2168159
14417,2168171,11,2168182
14418,2168187,10,2168197
14419,2168276,4,2168280
14420,2168367,43,2168410
14421,2168422,7,2168429
14422,2168432,72,2168504
14423,2169163,115,2169278
14424,2169298,39,2169337
14425,2169370,28,2169398
14426,2169426,9,2169435
14427,2169600,10,2169610
14428,2169612,150,2169762
14429,2170047,45,2170092
14430,2170185,128,2170313
14431,2170559,97,2170656
14432,2170696,9,2170705
14433,2170990,146,2171136
14434,2171142,20,2171162
14435,2171191,35,2171226
14436,2171339,64,2171403
14437,2171426,29,2171455
14438,2171542,10,2171552
14439,2171716,110,2171826
14440,2171923,19,2171942
14441,2171960,37,2171997
14442,2172057,29,2172086
14443,2172179,5,2172184
14444,2172209,7,2172216
14445,2172225,103,2172328
14446,2172500,192,2172692
14447,2172722,34,2172756
14448,2172811,22,2172833
14449,2172835,105,2172940
14450,2172960,72,2173032
14451,2173151,25,2173176
14452,2173241,5,2173246
14453,2173303,16,2173319
14454,2173326,3,2173329
14455,2173475,25,2173500
14456,2173832,37,2173869
14457,2174013,7,2174020
14458,2174032,24,2174056
14459,2174181,82,2174263
14460,2174326,22,2174348
14461,2174401,21,2174422
14462,2174423,78,2174501
14463,2174647,9,2174656
14464,2174666,23,2174689
14465,2174721,66,2174787
14466,2174873,150,2175023
14467,2175028,203,2175231
14468,2175317,23,2175340
14469,2175421,5,2175426
14470,2175521,4,2175525
14471,2175639,88,2175727
14472,2175838,28,2175866
14473,2175934,66,2176000
14474,2176002,3,2176005
14475,2176117,48,2176165
14476,2176466,87,2176553
14477,2176697,29,2176726
14478,2176760,134,2176894
14479,2176895,5,2176900
14480,2177091,55,2177146
14481,2177200,23,2177223
14482,2177520,10,2177530
14483,2177593,87,2177680
14484,2177725,27,2177752
14485,2177902,33,2177935
14486,2177975,1,2177976
14487,2177979,8,2177987
14488,2178107,9,2178116
14489,2178501,45,2178546
14490,2178641,19,2178660
14491,2178736,159,2178895
14492,2178979,26,2179005
14493,2179040,290,2179330
14494,2179528,46,2179574
14495,2179676,5,2179681
14496,2179723,82,2179805
14497,2179870,17,2179887
14498,2180007,154,2180161
14499,2180165,168,2180333
14500,2180431,39,2180470
14501,2180527,91,2180618
14502,2180741,56,2180797
14503,2180802,5,2180807
14504,2180829,120,2180949
14505,2180963,33,2180996
14506,2181260,18,2181278
14507,2181749,17,2181766
14508,2181802,33,2181835
14509,2181862,107,2181969
14510,2181986,78,2182064
14511,2182373,27,2182400
14512,2182745,76,2182821
14513,2182908,68,2182976
14514,2183124,22,2183146
14515,2183372,12,2183384
14516,2183489,94,2183583
14517,2183731,83,2183814
14518,2183948,3,2183951
14519,2183969,36,2184005
14520,2184110,49,2184159
14521,2184166,3,2184169
14522,2184284,6,2184290
14523,2184357,23,2184380
14524,2184382,31,2184413
14525,2184481,22,2184503
14526,2184654,44,2184698
14527,2184782,97,2184879
14528,2185060,4,2185064
14529,2185068,13,2185081
14530,2185085,80,2185165
14531,2185291,58,2185349
14532,2185718,12,2185730
14533,2185763,5,2185768
14534,2185829,8,2185837
14535,2185888,8,2185896
14536,2186060,67,2186127
14537,2186197,33,2186230
14538,2186243,22,2186265
14539,2186643,5,2186648
14540,2186756,9,2186765
14541,2186772,9,2186781
14542,2186967,259,2187226
14543,2187391,43,2187434
14544,2187446,11,2187457
14545,2188165,19,2188184
14546,2188286,20,2188306
14547,2188547,10,2188557
14548,2188568,66,2188634
14549,2188815,13,2188828
14550,2188902,46,2188948
14551,2189284,21,2189305
14552,2189382,15,2189397
14553,2189402,52,2189454
14554,2189482,91,2189573
14555,2189655,27,2189682
14556,2189822,43,2189865
14557,2189955,10,2189965
14558,2190067,6,2190073
14559,2190087,55,2190142
14560,2190145,26,2190171
14561,2190177,18,2190195
14562,2190219,21,2190240
14563,2190442,30,2190472
14564,2190647,78,2190725
14565,2190841,61,2190902
14566,2190924,150,2191074
14567,2191149,171,2191320
14568,2191362,7,2191369
14569,2191395,10,2191405
14570,2191663,55,2191718
14571,2191862,14,2191876
14572,2191906,12,2191918
14573,2192153,37,2192190
14574,2192254,36,2192290
14575,2192316,38,2192354
14576,2192398,136,2192534
14577,2192577,25,2192602
14578,2192634,25,2192659
14579,2192728,6,2192734
14580,2192800,67,2192867
14581,2192963,2,2192965
14582,2192982,8,2192990
14583,2193050,11,2193061
14584,2193081,15,2193096
14585,2193132,8,2193140
14586,2193213,22,2193235
14587,2193346,58,2193404
14588,2193419,5,2193424
14589,2193644,47,2193691
14590,2193693,12,2193705
14591,2193859,1,2193860
14592,2193889,7,2193896
14593,2193993,19,2194012
14594,2194404,138,2194542
14595,2194598,39,2194637
14596,2194642,12,2194654
14597,2194756,7,2194763
14598,2194780,80,2194860
14599,2194996,16,2195012
14600,2195042,115,2195157
14601,2195242,113,2195355
14602,2195550,82,2195632
14603,2195658,67,2195725
14604,2195775,16,2195791
14605,2195812,1,2195813
14606,2196209,66,2196275
14607,2196379,119,2196498
14608,2196517,19,2196536
14609,2196564,21,2196585
14610,2196642,43,2196685
14611,2196824,25,2196849
14612,2196906,38,2196944
14613,2197019,21,2197040
14614,2197090,42,2197132
14615,2197344,9,2197353
14616,2197468,16,2197484
14617,2197715,174,2197889
14618,2197986,30,2198016
14619,2198088,23,2198111
14620,2198134,80,2198214
14621,2198325,10,2198335
14622,2198526,20,2198546
14623,2198648,29,2198677
14624,2198744,34,2198778
14625,2198815,15,2198830
14626,2199253,38,2199291
14627,2199449,27,2199476
14628,2199683,18,2199701
14629,2199775,25,2199800
14630,2199869,15,2199884
14631,2200001,8,2200009
14632,2200232,14,2200246
14633,2200407,6,2200413
14634,2200502,37,2200539
14635,2200563,64,2200627
14636,2200651,68,2200719
14637,2200750,2,2200752
14638,2200849,74,2200923
14639,2200969,12,2200981
14640,2201022,138,2201160
14641,2201230,2,2201232
14642,2201281,11,2201292
14643,2201332,12,2201344
14644,2201505,85,2201590
14645,2201600,39,2201639
14646,2201660,3,2201663
14647,2201910,62,2201972
14648,2202022,18,2202040
14649,2202123,35,2202158
14650,2202261,12,2202273
14651,2202418,23,2202441
14652,2202596,92,2202688
14653,2202704,67,2202771
14654,2202897,119,2203016
14655,2203133,24,2203157
14656,2203523,6,2203529
14657,2203574,36,2203610
14658,2203883,35,2203918
14659,2204043,4,2204047
14660,2204089,25,2204114
14661,2204167,14,2204181
14662,2204189,30,2204219
14663,2204266,33,2204299
14664,2204359,66,2204425
14665,2204585,10,2204595
14666,2204599,20,2204619
14667,2204704,152,2204856
14668,2204923,10,2204933
14669,2204964,41,2205005
14670,2205011,91,2205102
14671,2205169,38,2205207
14672,2205374,50,2205424
14673,2205448,17,2205465
14674,2205484,31,2205515
14675,2205615,56,2205671
14676,2205692,103,2205795
14677,2205850,65,2205915
14678,2205929,18,2205947
14679,2206019,44,2206063
14680,2206123,53,2206176
14681,2206240,80,2206320
14682,2206457,142,2206599
14683,2206675,107,2206782
14684,2206829,14,2206843
14685,2206890,23,2206913
14686,2206936,18,2206954
14687,2207032,5,2207037
14688,2207084,87,2207171
14689,2207309,68,2207377
14690,2207502,30,2207532
14691,2207539,5,2207544
14692,2207560,3,2207563
14693,2207713,64,2207777
14694,2207808,25,2207833
14695,2208057,2,2208059
14696,2208225,32,2208257
14697,2208258,158,2208416
14698,2208459,42,2208501
14699,2208618,91,2208709
14700,2208800,64,2208864
14701,2208937,8,2208945
14702,2208992,51,2209043
14703,2209075,20,2209095
14704,2209452,51,2209503
14705,2209671,26,2209697
14706,2209773,15,2209788
14707,2210028,85,2210113
14708,2210162,119,2210281
14709,2210528,13,2210541
14710,2210542,7,2210549
14711,2210619,114,2210733
14712,2210754,27,2210781
14713,2210844,64,2210908
14714,2210924,1,2210925
14715,2210928,14,2210942
14716,2211396,16,2211412
14717,2211425,87,2211512
14718,2211731,13,2211744
14719,2211765,142,2211907
14720,2211932,78,2212010
14721,2212044,94,2212138
14722,2212195,24,2212219
14723,2212243,8,2212251
14724,2212572,2,2212574
14725,2212619,81,2212700
14726,2212707,6,2212713
14727,2212835,85,2212920
14728,2212960,16,2212976
14729,2213287,92,2213379
14730,2213421,1,2213422
14731,2213491,8,2213499
14732,2213541,25,2213566
14733,2213576,90,2213666
14734,2213668,13,2213681
14735,2213743,68,2213811
14736,2213924,47,2213971
14737,2213997,37,2214034
14738,2214046,58,2214104
14739,2214111,75,2214186
14740,2214215,56,2214271
14741,2214410,29,2214439
14742,2214466,2,2214468
14743,2214578,47,2214625
14744,2214714,5,2214719
14745,2214850,38,2214888
14746,2215401,58,2215459
14747,2215461,49,2215510
14748,2215601,38,2215639
14749,2215668,56,2215724
14750,2215761,131,2215892
14751,2216090,64,2216154
14752,2216209,46,2216255
14753,2216345,51,2216396
14754,2216606,9,2216615
14755,2216773,26,2216799
14756,2216969,5,2216974
14757,2217034,125,2217159
14758,2217163,78,2217241
14759,2217280,78,2217358
14760,2217669,94,2217763
14761,2217961,11,2217972
14762,2218002,69,2218071
14763,2218075,39,2218114
14764,2218119,155,2218274
14765,2218280,1,2218281
14766,2218323,19,2218342
14767,2218415,26,2218441
14768,2218586,81,2218667
14769,2218687,51,2218738
14770,2218903,35,2218938
14771,2219127,58,2219185
14772,2219487,47,2219534
14773,2219539,30,2219569
14774,2219584,93,2219677
14775,2219714,19,2219733
14776,2219760,76,2219836
14777,2219875,5,2219880
14778,2219945,22,2219967
14779,2220065,3,2220068
14780,2220069,199,2220268
14781,2220331,2,2220333
14782,2220341,77,2220418
14783,2220424,109,2220533
14784,2220535,7,2220542
14785,2220723,33,2220756
14786,2220934,43,2220977
14787,2220988,54,2221042
14788,2221188,7,2221195
14789,2221275,6,2221281
14790,2221300,26,2221326
14791,2221333,65,2221398
14792,2221408,133,2221541
14793,2221546,100,2221646
14794,2221712,4,2221716
14795,2221781,235,2222016
14796,2222044,57,2222101
14797,2222156,25,2222181
14798,2222214,5,2222219
14799,2222335,23,2222358
14800,2222402,87,2222489
14801,2222592,56,2222648
14802,2222806,46,2222852
14803,2223246,112,2223358
14804,2223616,73,2223689
14805,2223707,83,2223790
14806,2223792,43,2223835
14807,2223861,143,2224004
14808,2224142,8,2224150
14809,2224591,11,2224602
14810,2224611,27,2224638
14811,2224736,96,2224832
14812,2224851,61,2224912
14813,2225028,37,2225065
14814,2225139,75,2225214
14815,2225221,107,2225328
14816,2225334,70,2225404
14817,2225487,118,2225605
14818,2225615,11,2225626
14819,2225633,11,2225644
14820,2225648,5,2225653
14821,2225686,46,2225732
14822,2225757,14,2225771
14823,2225807,57,2225864
14824,2225901,43,2225944
14825,2225984,35,2226019
14826,2226041,89,2226130
14827,2226132,64,2226196
14828,2226216,56,2226272
14829,2226480,11,2226491
14830,2226633,30,2226663
14831,2226795,10,2226805
14832,2226832,33,2226865
14833,2227108,24,2227132
14834,2227155,50,2227205
14835,2227593,3,2227596
14836,2227637,36,2227673
14837,2227715,58,2227773
14838,2228056,98,2228154
14839,2228269,36,2228305
14840,2228310,50,2228360
14841,2228382,27,2228409
14842,2228424,21,2228445
14843,2228490,6,2228496
14844,2228498,13,2228511
14845,2228630,11,2228641
14846,2228675,99,2228774
14847,2228799,4,2228803
14848,2229017,34,2229051
14849,2229057,1,2229058
14850,2229114,184,2229298
14851,2229325,19,2229344
14852,2229429,58,2229487
14853,2229591,5,2229596
14854,2229700,21,2229721
14855,2229776,1,2229777
14856,2229780,3,2229783
14857,2229854,9,2229863
14858,2229918,29,2229947
14859,2229989,44,2230033
14860,2230096,5,2230101
14861,2230116,39,2230155
14862,2230325,76,2230401
14863,2230416,28,2230444
14864,2230704,36,2230740
14865,2230908,223,2231131
14866,2231164,58,2231222
14867,2231256,7,2231263
14868,2231409,41,2231450
14869,2231583,57,2231640
14870,2231683,97,2231780
14871,2232000,16,2232016
14872,2232200,28,2232228
14873,2232293,31,2232324
14874,2232345,38,2232383
14875,2232396,2,2232398
14876,2232408,18,2232426
14877,2232529,86,2232615
14878,2232897,153,2233050
14879,2233066,119,2233185
14880,2233221,63,2233284
14881,2233501,30,2233531
14882,2233569,9,2233578
14883,2234140,7,2234147
14884,2234215,67,2234282
14885,2234516,69,2234585
14886,2234611,42,2234653
14887,2234671,34,2234705
14888,2234743,41,2234784
14889,2234816,16,2234832
14890,2234851,7,2234858
14891,2234942,46,2234988
14892,2235005,185,2235190
14893,2235349,21,2235370
14894,2235394,46,2235440
14895,2235494,138,2235632
14896,2235653,90,2235743
14897,2235801,36,2235837
14898,2235880,69,2235949
14899,2235975,26,2236001
14900,2236036,30,2236066
14901,2236173,112,2236285
14902,2236347,178,2236525
14903,2236583,127,2236710
14904,2236791,38,2236829
14905,2236852,173,2237025
14906,2237027,67,2237094
14907,2237182,73,2237255
14908,2237394,139,2237533
14909,2237578,56,2237634
14910,2237854,11,2237865
14911,2237910,47,2237957
14912,2238278,43,2238321
14913,2238379,39,2238418
14914,2238465,48,2238513
14915,2238523,20,2238543
14916,2238562,26,2238588
14917,2238685,2,2238687
14918,2238736,42,2238778
14919,2238900,6,2238906
14920,2238910,93,2239003
14921,2239089,76,2239165
14922,2239236,70,2239306
14923,2239424,3,2239427
14924,2239500,67,2239567
14925,2239932,11,2239943
14926,2240059,80,2240139
14927,2240209,141,2240350
14928,2240387,7,2240394
14929,2240465,90,2240555
14930,2240608,21,2240629
14931,2240695,72,2240767
14932,2240818,52,2240870
14933,2240905,4,2240909
14934,2241038,41,2241079
14935,2241103,31,2241134
14936,2241163,57,2241220
14937,2241227,34,2241261
14938,2241399,60,2241459
14939,2241518,3,2241521
14940,2241694,27,2241721
14941,2241745,81,2241826
14942,2241864,37,2241901
14943,2241915,21,2241936
14944,2241979,88,2242067
14945,2242071,15,2242086
14946,2242225,39,2242264
14947,2242383,9,2242392
14948,2242529,33,2242562
14949,2242687,22,2242709
14950,2242739,21,2242760
14951,2242853,144,2242997
14952,2243085,11,2243096
14953,2243143,77,2243220
14954,2243427,2,2243429
14955,2243478,5,2243483
14956,2243693,2,2243695
14957,2243709,1,2243710
14958,2243738,62,2243800
14959,2243853,12,2243865
14960,2243926,5,2243931
14961,2244134,23,2244157
14962,2244177,85,2244262
14963,2244373,147,2244520
14964,2244614,5,2244619
14965,2244687,19,2244706
14966,2244747,65,2244812
14967,2244845,35,2244880
14968,2245120,18,2245138
14969,2245402,27,2245429
14970,2245550,128,2245678
14971,2245688,25,2245713
14972,2245986,29,2246015
14973,2246097,58,2246155
14974,2246322,69,2246391
14975,2246561,91,2246652
14976,2246730,20,2246750
14977,2246980,25,2247005
14978,2247027,68,2247095
14979,2247135,35,2247170
14980,2247231,17,2247248
14981,2247284,203,2247487
14982,2247569,90,2247659
14983,2247713,102,2247815
14984,2248230,22,2248252
14985,2248387,31,2248418
14986,2248531,4,2248535
14987,2248670,15,2248685
14988,2248757,72,2248829
14989,2248857,55,2248912
14990,2248914,22,2248936
14991,2249032,1,2249033
14992,2249261,244,2249505
14993,2249589,51,2249640
14994,2249682,19,2249701
14995,2249871,4,2249875
14996,2250019,325,2250344
14997,2250359,4,2250363
14998,2250450,76,2250526
14999,2250547,3,2250550
15000,2250594,3,2250597
15001,2250599,28,2250627
15002,2250970,17,2250987
15003,2251135,12,2251147
15004,2251165,37,2251202
15005,2251204,5,2251209
15006,2251302,30,2251332
15007,2251563,11,2251574
15008,2251578,19,2251597
15009,2251623,99,2251722
15010,2251765,67,2251832
15011,2251839,6,2251845
15012,2251970,47,2252017
15013,2252332,31,2252363
15014,2252495,42,2252537
15015,2252755,6,2252761
15016,2252866,142,2253008
15017,2253034,16,2253050
15018,2253099,43,2253142
15019,2253168,2,2253170
15020,2253187,17,2253204
15021,2253278,8,2253286
15022,2253421,14,2253435
15023,2253653,82,2253735
15024,2253915,5,2253920
15025,2253996,41,2254037
15026,2254145,36,2254181
15027,2254242,24,2254266
15028,2254310,83,2254393
15029,2254441,206,2254647
15030,2254794,16,2254810
15031,2254860,122,2254982
15032,2255088,84,2255172
15033,2255319,46,2255365
15034,2255489,67,2255556
15035,2255626,22,2255648
15036,2255691,134,2255825
15037,2255830,11,2255841
15038,2255893,76,2255969
15039,2256017,67,2256084
15040,2256448,24,2256472
15041,2256525,12,2256537
15042,2256709,21,2256730
15043,2256872,2,2256874
15044,2256934,129,2257063
15045,2257386,147,2257533
15046,2257591,1,2257592
15047,2257651,63,2257714
15048,2258210,13,2258223
15049,2258232,97,2258329
15050,2258396,9,2258405
15051,2258635,91,2258726
15052,2258809,156,2258965
15053,2259158,9,2259167
15054,2259198,11,2259209
15055,2259510,7,2259517
15056,2259566,65,2259631
15057,2259654,116,2259770
15058,2259790,47,2259837
15059,2259864,99,2259963
15060,2259994,6,2260000
15061,2260044,5,2260049
15062,2260264,45,2260309
15063,2260350,78,2260428
15064,2260533,62,2260595
15065,2260840,83,2260923
15066,2260955,7,2260962
15067,2261041,161,2261202
15068,2261295,95,2261390
15069,2261441,40,2261481
15070,2261558,36,2261594
15071,2261603,9,2261612
15072,2261795,8,2261803
15073,2261852,130,2261982
15074,2262031,88,2262119
15075,2262364,19,2262383
15076,2262392,23,2262415
15077,2262444,15,2262459
15078,2262481,73,2262554
15079,2262631,18,2262649
15080,2262664,95,2262759
15081,2262817,25,2262842
15082,2263032,5,2263037
15083,2263038,198,2263236
15084,2263266,11,2263277
15085,2263324,36,2263360
15086,2263371,22,2263393
15087,2263401,50,2263451
15088,2263693,41,2263734
15089,2263945,21,2263966
15090,2264012,89,2264101
15091,2264198,83,2264281
15092,2264351,16,2264367
15093,2264434,140,2264574
15094,2265048,1,2265049
15095,2265606,11,2265617
15096,2265652,30,2265682
15097,2265887,7,2265894
15098,2265934,9,2265943
15099,2265954,51,2266005
15100,2266013,81,2266094
15101,2266137,84,2266221
15102,2266226,14,2266240
15103,2266501,68,2266569
15104,2266579,86,2266665
15105,2266806,34,2266840
15106,2267025,8,2267033
15107,2267053,11,2267064
15108,2267108,4,2267112
15109,2267199,6,2267205
15110,2267353,25,2267378
15111,2267536,55,2267591
15112,2267808,50,2267858
15113,2267960,34,2267994
15114,2268013,92,2268105
15115,2268194,2,2268196
15116,2268610,127,2268737
15117,2268771,50,2268821
15118,2268824,52,2268876
15119,2268939,2,2268941
15120,2269327,55,2269382
15121,2269461,115,2269576
15122,2269586,12,2269598
15123,2269813,89,2269902
15124,2270149,27,2270176
15125,2270190,45,2270235
15126,2270285,21,2270306
15127,2270417,159,2270576
15128,2270729,24,2270753
15129,2270772,64,2270836
15130,2270905,27,2270932
15131,2271013,6,2271019
15132,2271064,47,2271111
15133,2271282,72,2271354
15134,2271817,1,2271818
15135,2271822,11,2271833
15136,2271986,6,2271992
15137,2272035,93,2272128
15138,2272330,17,2272347
15139,2272512,21,2272533
15140,2272619,30,2272649
15141,2272710,87,2272797
15142,2272874,7,2272881
15143,2273007,1,2273008
15144,2273020,48,2273068
15145,2273135,11,2273146
15146,2273168,40,2273208
15147,2273349,13,2273362
15148,2273439,51,2273490
15149,2273696,20,2273716
15150,2273773,96,2273869
15151,2273878,12,2273890
15152,2273908,179,2274087
15153,2274201,35,2274236
15154,2274362,3,2274365
15155,2274434,2,2274436
15156,2274476,4,2274480
15157,2274639,157,2274796
15158,2274830,5,2274835
15159,2274878,56,2274934
15160,2274952,95,2275047
15161,2275173,25,2275198
15162,2275452,175,2275627
15163,2275686,107,2275793
15164,2275833,112,2275945
15165,2275972,52,2276024
15166,2276285,7,2276292
15167,2276316,86,2276402
15168,2276409,15,2276424
15169,2276540,9,2276549
15170,2276723,31,2276754
15171,2276778,51,2276829
15172,2277299,4,2277303
15173,2277315,25,2277340
15174,2277345,6,2277351
15175,2277399,65,2277464
15176,2277883,49,2277932
15177,2277956,15,2277971
15178,2278060,97,2278157
15179,2278296,75,2278371
15180,2278393,97,2278490
15181,2278588,114,2278702
15182,2278808,203,2279011
15183,2279024,16,2279040
15184,2279058,72,2279130
15185,2279246,44,2279290
15186,2279400,14,2279414
15187,2279496,66,2279562
15188,2279642,49,2279691
15189,2279707,42,2279749
15190,2279834,119,2279953
15191,2280124,34,2280158
15192,2280269,46,2280315
15193,2280399,34,2280433
15194,2280720,3,2280723
15195,2280877,1,2280878
15196,2280904,126,2281030
15197,2281114,22,2281136
15198,2281218,40,2281258
15199,2281417,16,2281433
15200,2281533,25,2281558
15201,2281597,50,2281647
15202,2281684,2,2281686
15203,2281924,96,2282020
15204,2282085,14,2282099
15205,2282244,24,2282268
15206,2282318,15,2282333
15207,2282355,14,2282369
15208,2282445,116,2282561
15209,2282682,6,2282688
15210,2282689,24,2282713
15211,2282799,90,2282889
15212,2283471,62,2283533
15213,2283632,57,2283689
15214,2284220,89,2284309
15215,2284313,83,2284396
15216,2284459,6,2284465
15217,2284663,1,2284664
15218,2284665,28,2284693
15219,2284790,8,2284798
15220,2284811,64,2284875
15221,2284892,25,2284917
15222,2284962,61,2285023
15223,2285136,62,2285198
15224,2285200,23,2285223
15225,2285269,81,2285350
15226,2285432,110,2285542
15227,2285704,3,2285707
15228,2285752,43,2285795
15229,2286173,8,2286181
15230,2286276,41,2286317
15231,2286372,34,2286406
15232,2286466,55,2286521
15233,2286618,24,2286642
15234,2286767,62,2286829
15235,2287058,36,2287094
15236,2287260,81,2287341
15237,2287426,19,2287445
15238,2287819,40,2287859
15239,2287913,90,2288003
15240,2288083,7,2288090
15241,2288210,16,2288226
15242,2288466,156,2288622
15243,2288623,24,2288647
15244,2288679,50,2288729
15245,2288833,24,2288857
15246,2288950,48,2288998
15247,2289165,45,2289210
15248,2289348,5,2289353
15249,2289486,139,2289625
15250,2289769,48,2289817
15251,2289902,1,2289903
15252,2289931,4,2289935
15253,2289977,186,2290163
15254,2290249,22,2290271
15255,2290401,46,2290447
15256,2290558,3,2290561
15257,2290562,41,2290603
15258,2290985,73,2291058
15259,2291086,65,2291151
15260,2291515,9,2291524
15261,2291752,47,2291799
15262,2291818,82,2291900
15263,2291942,45,2291987
15264,2292194,11,2292205
15265,2292267,125,2292392
15266,2292520,28,2292548
15267,2292822,2,2292824
15268,2293021,44,2293065
15269,2293236,44,2293280
15270,2293670,25,2293695
15271,2293807,67,2293874
15272,2293896,174,2294070
15273,2294168,85,2294253
15274,2294263,6,2294269
15275,2294389,25,2294414
15276,2294467,39,2294506
15277,2294620,48,2294668
15278,2294712,62,2294774
15279,2294910,81,2294991
15280,2295318,35,2295353
15281,2295406,81,2295487
15282,2295628,55,2295683
15283,2295860,18,2295878
15284,2295918,11,2295929
15285,2295930,19,2295949
15286,2296002,10,2296012
15287,2296020,101,2296121
15288,2296299,66,2296365
15289,2296535,47,2296582
15290,2296682,61,2296743
15291,2296911,27,2296938
15292,2297063,19,2297082
15293,2297284,24,2297308
15294,2297451,15,2297466
15295,2297468,64,2297532
15296,2297561,21,2297582
15297,2297612,49,2297661
15298,2297803,9,2297812
15299,2297897,181,2298078
15300,2298079,10,2298089
15301,2298111,27,2298138
15302,2298623,4,2298627
15303,2298760,15,2298775
15304,2298796,27,2298823
15305,2298837,6,2298843
15306,2298992,5,2298997
15307,2299098,27,2299125
15308,2299272,46,2299318
15309,2299508,144,2299652
15310,2299841,111,2299952
15311,2300077,29,2300106
15312,2300219,1,2300220
15313,2300257,23,2300280
15314,2300403,76,2300479
15315,2300480,27,2300507
15316,2300593,94,2300687
15317,2300705,138,2300843
15318,2300909,50,2300959
15319,2301008,10,2301018
15320,2301033,18,2301051
15321,2301053,82,2301135
15322,2301196,67,2301263
15323,2301419,36,2301455
15324,2301458,19,2301477
15325,2301494,18,2301512
15326,2301526,27,2301553
15327,2301561,14,2301575
15328,2301628,76,2301704
15329,2301716,26,2301742
15330,2301976,2,2301978
15331,2301988,16,2302004
15332,2302034,55,2302089
15333,2302487,45,2302532
15334,2302571,101,2302672
15335,2302704,10,2302714
15336,2302752,51,2302803
15337,2302854,77,2302931
15338,2303102,26,2303128
15339,2303161,52,2303213
15340,2303220,1,2303221
15341,2303229,29,2303258
15342,2303573,97,2303670
15343,2303697,12,2303709
15344,2303766,7,2303773
15345,2303788,3,2303791
15346,2303867,1,2303868
15347,2304063,8,2304071
15348,2304266,52,2304318
15349,2304344,53,2304397
15350,2304691,11,2304702
15351,2304740,5,2304745
15352,2304792,12,2304804
15353,2304868,29,2304897
15354,2304899,16,2304915
15355,2304937,8,2304945
15356,2304957,9,2304966
15357,2304989,28,2305017
15358,2305081,48,2305129
15359,2305175,8,2305183
15360,2305266,91,2305357
15361,2305441,101,2305542
15362,2305619,55,2305674
15363,2305689,52,2305741
15364,2305753,12,2305765
15365,2305770,45,2305815
15366,2305831,112,2305943
15367,2306069,94,2306163
15368,2306167,2,2306169
15369,2306203,24,2306227
15370,2306248,9,2306257
15371,2306274,16,2306290
15372,2306454,17,2306471
15373,2306614,15,2306629
15374,2306879,29,2306908
15375,2306910,22,2306932
15376,2306947,12,2306959
15377,2306985,48,2307033
15378,2307039,84,2307123
15379,2307242,90,2307332
15380,2307415,240,2307655
15381,2307841,22,2307863
15382,2307917,66,2307983
15383,2308152,58,2308210
15384,2308339,45,2308384
15385,2308657,24,2308681
15386,2308733,36,2308769
15387,2308864,3,2308867
15388,2308878,36,2308914
15389,2308915,121,2309036
15390,2309095,125,2309220
15391,2309242,5,2309247
15392,2309736,3,2309739
15393,2309843,28,2309871
15394,2309970,37,2310007
15395,2310035,50,2310085
15396,2310492,11,2310503
15397,2310580,74,2310654
15398,2310804,344,2311148
15399,2311246,86,2311332
15400,2311412,26,2311438
15401,2311490,23,2311513
15402,2311715,147,2311862
15403,2311913,3,2311916
15404,2311993,39,2312032
15405,2312062,3,2312065
15406,2312094,103,2312197
15407,2312218,26,2312244
15408,2312253,48,2312301
15409,2312343,45,2312388
15410,2312559,4,2312563
15411,2312567,8,2312575
15412,2312639,19,2312658
15413,2312774,17,2312791
15414,2312830,5,2312835
15415,2312974,34,2313008
15416,2313191,58,2313249
15417,2313261,14,2313275
15418,2313284,99,2313383
15419,2313488,56,2313544
15420,2313981,3,2313984
15421,2314301,34,2314335
15422,2314417,42,2314459
15423,2314503,7,2314510
15424,2314518,68,2314586
15425,2314692,21,2314713
15426,2314861,2,2314863
15427,2314909,3,2314912
15428,2314927,37,2314964
15429,2315041,12,2315053
15430,2315178,11,2315189
15431,2315226,23,2315249
15432,2315278,56,2315334
15433,2315389,48,2315437
15434,2315727,137,2315864
15435,2315872,34,2315906
15436,2316087,46,2316133
15437,2316178,34,2316212
15438,2316329,400,2316729
15439,2316757,50,2316807
15440,2316986,40,2317026
15441,2317071,116,2317187
15442,2317276,30,2317306
15443,2317322,11,2317333
15444,2317604,21,2317625
15445,2317826,52,2317878
15446,2318018,45,2318063
15447,2318185,13,2318198
15448,2318221,45,2318266
15449,2318451,94,2318545
15450,2318651,98,2318749
15451,2318861,33,2318894
15452,2319212,25,2319237
15453,2319327,9,2319336
15454,2319395,7,2319402
15455,2319576,39,2319615
15456,2319737,1,2319738
15457,2319963,112,2320075
15458,2320480,37,2320517
15459,2320739,23,2320762
15460,2320792,2,2320794
15461,2320992,1,2320993
15462,2321094,31,2321125
15463,2321165,100,2321265
15464,2321473,55,2321528
15465,2321549,16,2321565
15466,2321713,39,2321752
15467,2321767,19,2321786
15468,2322215,22,2322237
15469,2322270,31,2322301
15470,2322339,69,2322408
15471,2322470,112,2322582
15472,2322780,3,2322783
15473,2322785,23,2322808
15474,2322883,59,2322942
15475,2322991,142,2323133
15476,2323174,2,2323176
15477,2323256,81,2323337
15478,2323513,67,2323580
15479,2323669,24,2323693
15480,2323803,39,2323842
15481,2323916,27,2323943
15482,2324045,67,2324112
15483,2324171,6,2324177
15484,2324238,49,2324287
15485,2324323,42,2324365
15486,2324398,33,2324431
15487,2324461,55,2324516
15488,2324576,23,2324599
15489,2324659,88,2324747
15490,2324797,2,2324799
15491,2324856,113,2324969
15492,2324973,24,2324997
15493,2325010,13,2325023
15494,2325298,3,2325301
15495,2325423,31,2325454
15496,2325683,92,2325775
15497,2325792,2,2325794
15498,2325805,38,2325843
15499,2325993,121,2326114
15500,2326178,34,2326212
15501,2326294,1,2326295
15502,2326340,54,2326394
15503,2326462,24,2326486
15504,2326632,80,2326712
15505,2326863,26,2326889
15506,2326943,17,2326960
15507,2327392,15,2327407
15508,2327543,77,2327620
15509,2327642,15,2327657
15510,2327674,202,2327876
15511,2328048,28,2328076
15512,2328077,210,2328287
15513,2328459,56,2328515
15514,2328648,88,2328736
15515,2328821,150,2328971
15516,2329001,1,2329002
15517,2329142,34,2329176
15518,2329222,45,2329267
15519,2329324,23,2329347
15520,2329373,21,2329394
15521,2329412,134,2329546
15522,2329612,9,2329621
15523,2329689,17,2329706
15524,2329749,25,2329774
15525,2329794,78,2329872
15526,2329926,36,2329962
15527,2329985,69,2330054
15528,2330098,48,2330146
15529,2330251,17,2330268
15530,2330272,10,2330282
15531,2330371,30,2330401
15532,2330442,12,2330454
15533,2330515,67,2330582
15534,2330647,25,2330672
15535,2330845,18,2330863
15536,2331089,71,2331160
15537,2331429,131,2331560
15538,2331574,27,2331601
15539,2332056,50,2332106
15540,2332147,75,2332222
15541,2332437,162,2332599
15542,2332706,44,2332750
15543,2332906,70,2332976
15544,2333225,29,2333254
15545,2333341,7,2333348
15546,2333511,8,2333519
15547,2334054,1,2334055
15548,2334080,42,2334122
15549,2334359,19,2334378
15550,2334433,49,2334482
15551,2334543,124,2334667
15552,2334678,18,2334696
15553,2334716,7,2334723
15554,2334864,21,2334885
15555,2334955,34,2334989
15556,2335061,157,2335218
15557,2335244,8,2335252
15558,2335259,37,2335296
15559,2335328,73,2335401
15560,2335519,61,2335580
15561,2335925,12,2335937
15562,2335997,15,2336012
15563,2336033,61,2336094
15564,2336113,50,2336163
15565,2336339,21,2336360
15566,2336407,11,2336418
15567,2336425,9,2336434
15568,2336619,114,2336733
15569,2336785,2,2336787
15570,2336813,53,2336866
15571,2336945,45,2336990
15572,2337010,12,2337022
15573,2337028,27,2337055
15574,2337063,73,2337136
15575,2337162,15,2337177
15576,2337225,20,2337245
15577,2337248,8,2337256
15578,2337458,177,2337635
15579,2337687,65,2337752
15580,2337812,25,2337837
15581,2338033,53,2338086
15582,2338090,67,2338157
15583,2338310,146,2338456
15584,2338602,88,2338690
15585,2338728,29,2338757
15586,2338933,93,2339026
15587,2339104,47,2339151
15588,2339313,26,2339339
15589,2339354,5,2339359
15590,2339502,184,2339686
15591,2339856,81,2339937
15592,2339942,224,2340166
15593,2340176,13,2340189
15594,2340324,9,2340333
15595,2340389,34,2340423
15596,2340490,69,2340559
15597,2340595,18,2340613
15598,2340757,10,2340767
15599,2340772,111,2340883
15600,2340998,5,2341003
15601,2341021,14,2341035
15602,2341090,54,2341144
15603,2341503,2,2341505
15604,2341586,4,2341590
15605,2341688,36,2341724
15606,2341732,29,2341761
15607,2341798,54,2341852
15608,2342190,32,2342222
15609,2342231,28,2342259
15610,2342282,44,2342326
15611,2342340,13,2342353
15612,2342995,75,2343070
15613,2343240,77,2343317
15614,2343357,6,2343363
15615,2343397,92,2343489
15616,2343578,6,2343584
15617,2344003,82,2344085
15618,2344184,7,2344191
15619,2344343,10,2344353
15620,2344612,13,2344625
15621,2344627,10,2344637
15622,2344646,102,2344748
15623,2344755,150,2344905
15624,2345013,50,2345063
15625,2345364,45,2345409
15626,2345440,42,2345482
15627,2345539,116,2345655
15628,2345925,99,2346024
15629,2346052,43,2346095
15630,2346206,11,2346217
15631,2346245,62,2346307
15632,2346404,25,2346429
15633,2346477,247,2346724
15634,2346771,54,2346825
15635,2346920,94,2347014
15636,2347197,51,2347248
15637,2347309,25,2347334
15638,2347367,16,2347383
15639,2347429,5,2347434
15640,2347594,1,2347595
15641,2347648,11,2347659
15642,2347733,77,2347810
15643,2348043,43,2348086
15644,2348189,4,2348193
15645,2348244,56,2348300
15646,2348308,35,2348343
15647,2348537,12,2348549
15648,2348566,209,2348775
15649,2348875,61,2348936
15650,2349026,4,2349030
15651,2349141,7,2349148
15652,2349321,16,2349337
15653,2349388,62,2349450
15654,2349538,16,2349554
15655,2349619,29,2349648
15656,2349649,57,2349706
15657,2349899,31,2349930
15658,2349932,27,2349959
15659,2349970,114,2350084
15660,2350459,17,2350476
15661,2350489,54,2350543
15662,2350623,41,2350664
15663,2350770,7,2350777
15664,2350848,65,2350913
15665,2351198,42,2351240
15666,2351365,2,2351367
15667,2351496,30,2351526
15668,2351676,16,2351692
15669,2351932,75,2352007
15670,2352125,42,2352167
15671,2352231,19,2352250
15672,2352251,25,2352276
15673,2352346,68,2352414
15674,2352542,24,2352566
15675,2352638,82,2352720
15676,2352744,62,2352806
15677,2352833,97,2352930
15678,2352980,91,2353071
15679,2353170,1,2353171
15680,2353265,47,2353312
15681,2353438,4,2353442
15682,2353568,65,2353633
15683,2353722,56,2353778
15684,2353878,9,2353887
15685,2353909,45,2353954
15686,2354116,37,2354153
15687,2354317,72,2354389
15688,2354412,18,2354430
15689,2354485,15,2354500
15690,2354598,150,2354748
15691,2354763,82,2354845
15692,2354867,126,2354993
15693,2354997,8,2355005
15694,2355136,33,2355169
15695,2355385,132,2355517
15696,2355552,47,2355599
15697,2355661,64,2355725
15698,2355729,159,2355888
15699,2355954,74,2356028
15700,2356195,28,2356223
15701,2356339,6,2356345
15702,2356540,102,2356642
15703,2356653,11,2356664
15704,2356733,105,2356838
15705,2357003,128,2357131
15706,2357232,38,2357270
15707,2357274,46,2357320
15708,2357405,23,2357428
15709,2357527,87,2357614
15710,2357822,20,2357842
15711,2358044,80,2358124
15712,2358176,57,2358233
15713,2358290,7,2358297
15714,2358363,25,2358388
15715,2358391,3,2358394
15716,2358409,115,2358524
15717,2358612,53,2358665
15718,2358669,18,2358687
15719,2358789,128,2358917
15720,2359084,29,2359113
15721,2359203,2,2359205
15722,2359214,30,2359244
15723,2359452,157,2359609
15724,2359623,56,2359679
15725,2359808,52,2359860
15726,2359904,1,2359905
15727,2360104,56,2360160
15728,2360202,115,2360317
15729,2360903,13,2360916
15730,2360982,53,2361035
15731,2361041,6,2361047
15732,2361174,24,2361198
15733,2361360,43,2361403
15734,2361488,107,2361595
15735,2361639,27,2361666
15736,2361788,34,2361822
15737,2361845,38,2361883
15738,2361996,7,2362003
15739,2362164,14,2362178
15740,2362284,35,2362319
15741,2362446,2,2362448
15742,2362474,9,2362483
15743,2362511,51,2362562
15744,2362582,99,2362681
15745,2362858,37,2362895
15746,2362933,91,2363024
15747,2363089,58,2363147
15748,2363242,30,2363272
15749,2363323,29,2363352
15750,2363435,2,2363437
15751,2363638,81,2363719
15752,2363729,45,2363774
15753,2364067,13,2364080
15754,2364365,146,2364511
15755,2364966,26,2364992
15756,2365097,188,2365285
15757,2365320,82,2365402
15758,2365542,49,2365591
15759,2365938,31,2365969
15760,2366252,39,2366291
15761,2366317,310,2366627
15762,2366751,141,2366892
15763,2367072,25,2367097
15764,2367127,3,2367130
15765,2367403,2,2367405
15766,2367426,29,2367455
15767,2367490,2,2367492
15768,2367570,186,2367756
15769,2367766,66,2367832
15770,2367892,91,2367983
15771,2368135,55,2368190
15772,2368262,18,2368280
15773,2368457,6,2368463
15774,2368517,18,2368535
15775,2368598,39,2368637
15776,2368758,45,2368803
15777,2368813,12,2368825
15778,2368910,73,2368983
15779,2369070,17,2369087
15780,2369118,103,2369221
15781,2369231,19,2369250
15782,2369281,11,2369292
15783,2369348,35,2369383
15784,2369391,24,2369415
15785,2369474,93,2369567
15786,2369583,100,2369683
15787,2370012,73,2370085
15788,2370189,40,2370229
15789,2370265,1,2370266
15790,2370319,42,2370361
15791,2370627,18,2370645
15792,2370706,10,2370716
15793,2370975,48,2371023
15794,2371256,86,2371342
15795,2371360,56,2371416
15796,2371422,99,2371521
15797,2371544,46,2371590
15798,2371846,20,2371866
15799,2371910,30,2371940
15800,2372042,15,2372057
15801,2372231,87,2372318
15802,2372487,9,2372496
15803,2372591,70,2372661
15804,2372701,21,2372722
15805,2372892,84,2372976
15806,2373230,86,2373316
15807,2373333,64,2373397
15808,2373506,59,2373565
15809,2373658,15,2373673
15810,2373753,165,2373918
15811,2374006,168,2374174
15812,2374428,64,2374492
15813,2374500,156,2374656
15814,2374760,13,2374773
15815,2374824,13,2374837
15816,2374909,105,2375014
15817,2375034,59,2375093
15818,2375405,1,2375406
15819,2375665,46,2375711
15820,2375730,161,2375891
15821,2376020,13,2376033
15822,2376362,15,2376377
15823,2376427,2,2376429
15824,2376509,4,2376513
15825,2376657,2,2376659
15826,2376822,24,2376846
15827,2376869,63,2376932
15828,2377020,17,2377037
15829,2377083,13,2377096
15830,2377174,74,2377248
15831,2377317,139,2377456
15832,2377510,48,2377558
15833,2377574,15,2377589
15834,2377603,47,2377650
15835,2377752,22,2377774
15836,2377823,191,2378014
15837,2378220,13,2378233
15838,2378261,20,2378281
15839,2378429,30,2378459
15840,2378495,300,2378795
15841,2378799,31,2378830
15842,2378901,122,2379023
15843,2379036,45,2379081
15844,2379118,13,2379131
15845,2379161,60,2379221
15846,2379281,19,2379300
15847,2379347,126,2379473
15848,2379505,54,2379559
15849,2379637,49,2379686
15850,2379846,17,2379863
15851,2380062,44,2380106
15852,2380130,61,2380191
15853,2380301,11,2380312
15854,2380336,55,2380391
15855,2380424,23,2380447
15856,2380545,43,2380588
15857,2380622,59,2380681
15858,2380698,9,2380707
15859,2381092,64,2381156
15860,2381318,38,2381356
15861,2381502,33,2381535
15862,2381626,26,2381652
15863,2381859,10,2381869
15864,2382028,35,2382063
15865,2382069,21,2382090
15866,2382150,148,2382298
15867,2382490,63,2382553
15868,2382712,40,2382752
15869,2382873,9,2382882
15870,2382961,14,2382975
15871,2383012,27,2383039
15872,2383168,34,2383202
15873,2383365,12,2383377
15874,2383597,13,2383610
15875,2383661,62,2383723
15876,2383819,54,2383873
15877,2384028,15,2384043
15878,2384131,54,2384185
15879,2384243,29,2384272
15880,2384277,11,2384288
15881,2384299,31,2384330
15882,2384350,34,2384384
15883,2384579,13,2384592
15884,2384689,154,2384843
15885,2385004,12,2385016
15886,2385057,53,2385110
15887,2385230,53,2385283
15888,2385576,2,2385578
15889,2385632,6,2385638
15890,2385682,23,2385705
15891,2385973,64,2386037
15892,2386047,10,2386057
15893,2386183,112,2386295
15894,2386441,50,2386491
15895,2386567,14,2386581
15896,2386657,30,2386687
15897,2386755,10,2386765
15898,2386917,3,2386920
15899,2386925,25,2386950
15900,2387169,24,2387193
15901,2387413,30,2387443
15902,2387544,75,2387619
15903,2388130,188,2388318
15904,2388518,12,2388530
15905,2388874,23,2388897
15906,2388921,17,2388938
15907,2388972,88,2389060
15908,2389093,32,2389125
15909,2389210,86,2389296
15910,2389410,33,2389443
15911,2389447,70,2389517
15912,2389533,12,2389545
15913,2389638,88,2389726
15914,2389772,29,2389801
15915,2389894,20,2389914
15916,2390002,5,2390007
15917,2390152,1,2390153
15918,2390193,81,2390274
15919,2390422,125,2390547
15920,2390581,53,2390634
15921,2390642,18,2390660
15922,2390666,54,2390720
15923,2390783,29,2390812
15924,2391055,29,2391084
15925,2391214,13,2391227
15926,2391631,24,2391655
15927,2391964,23,2391987
15928,2392117,39,2392156
15929,2392469,130,2392599
15930,2393236,98,2393334
15931,2393566,16,2393582
15932,2393650,35,2393685
15933,2393753,71,2393824
15934,2393853,13,2393866
15935,2394157,29,2394186
15936,2394205,8,2394213
15937,2394253,32,2394285
15938,2394326,51,2394377
15939,2394416,2,2394418
15940,2394437,35,2394472
15941,2394523,14,2394537
15942,2394547,8,2394555
15943,2394655,72,2394727
15944,2394905,24,2394929
15945,2394962,34,2394996
15946,2395335,37,2395372
15947,2395606,33,2395639
15948,2395714,55,2395769
15949,2396002,125,2396127
15950,2396216,6,2396222
15951,2396281,116,2396397
15952,2396449,32,2396481
15953,2396605,27,2396632
15954,2396634,36,2396670
15955,2396735,23,2396758
15956,2396869,19,2396888
15957,2396952,1,2396953
15958,2397130,123,2397253
15959,2397479,87,2397566
15960,2397603,70,2397673
15961,2397788,14,2397802
15962,2397884,45,2397929
15963,2398210,68,2398278
15964,2398745,159,2398904
15965,2398908,10,2398918
15966,2398930,117,2399047
15967,2399216,50,2399266
15968,2399313,114,2399427
15969,2399508,65,2399573
15970,2399605,9,2399614
15971,2399652,9,2399661
15972,2399710,44,2399754
15973,2400022,50,2400072
15974,2400383,43,2400426
15975,2400434,83,2400517
15976,2400571,3,2400574
15977,2400694,35,2400729
15978,2400735,16,2400751
15979,2400793,33,2400826
15980,2400852,8,2400860
15981,2401177,256,2401433
15982,2401443,56,2401499
15983,2401546,71,2401617
15984,2401667,42,2401709
15985,2401760,14,2401774
15986,2401776,59,2401835
15987,2402075,14,2402089
15988,2402103,92,2402195
15989,2402207,63,2402270
15990,2402356,71,2402427
15991,2402432,66,2402498
15992,2402616,29,2402645
15993,2402747,86,2402833
15994,2402978,17,2402995
15995,2403021,30,2403051
15996,2403132,104,2403236
15997,2403444,56,2403500
15998,2403535,2,2403537
15999,2403584,21,2403605
16000,2403683,36,2403719
16001,2403864,5,2403869
16002,2403939,107,2404046
16003,2404063,45,2404108
16004,2404148,48,2404196
16005,2404284,91,2404375
16006,2404497,14,2404511
16007,2404590,29,2404619
16008,2404635,49,2404684
16009,2404803,3,2404806
16010,2404834,31,2404865
16011,2404886,27,2404913
16012,2404965,50,2405015
16013,2405323,34,2405357
16014,2405565,88,2405653
16015,2405765,48,2405813
16016,2405887,34,2405921
16017,2406062,26,2406088
16018,2406161,47,2406208
16019,2406351,34,2406385
16020,2406597,43,2406640
16021,2406694,19,2406713
16022,2407107,71,2407178
16023,2407182,85,2407267
16024,2407352,36,2407388
16025,2407441,212,2407653
16026,2407716,16,2407732
16027,2407786,44,2407830
16028,2407892,17,2407909
16029,2408052,50,2408102
16030,2408215,80,2408295
16031,2408339,22,2408361
16032,2408379,56,2408435
16033,2408496,149,2408645
16034,2408766,10,2408776
16035,2408904,11,2408915
16036,2408970,73,2409043
16037,2409484,72,2409556
16038,2409664,61,2409725
16039,2409730,33,2409763
16040,2409765,84,2409849
16041,2409944,48,2409992
16042,2410072,44,2410116
16043,2410211,8,2410219
16044,2410312,39,2410351
16045,2410409,36,2410445
16046,2410505,26,2410531
16047,2410600,1,2410601
16048,2410602,75,2410677
16049,2410695,66,2410761
16050,2410795,16,2410811
16051,2410850,8,2410858
16052,2411008,50,2411058
16053,2411122,16,2411138
16054,2411162,106,2411268
16055,2411306,35,2411341
16056,2411444,69,2411513
16057,2411543,2,2411545
16058,2411781,32,2411813
16059,2411838,184,2412022
16060,2412058,79,2412137
16061,2412148,17,2412165
16062,2412287,5,2412292
16063,2412317,143,2412460
16064,2412498,22,2412520
16065,2412530,11,2412541
16066,2412600,75,2412675
16067,2412816,14,2412830
16068,2412835,15,2412850
16069,2413171,92,2413263
16070,2413278,54,2413332
16071,2413347,7,2413354
16072,2413402,70,2413472
16073,2413545,47,2413592
16074,2413657,72,2413729
16075,2413809,166,2413975
16076,2414305,67,2414372
16077,2414373,18,2414391
16078,2414466,24,2414490
16079,2414687,23,2414710
16080,2414809,22,2414831
16081,2414993,38,2415031
16082,2415204,45,2415249
16083,2415707,38,2415745
16084,2415773,5,2415778
16085,2415880,9,2415889
16086,2416142,58,2416200
16087,2416289,4,2416293
16088,2416389,81,2416470
16089,2416742,213,2416955
16090,2416988,4,2416992
16091,2417029,11,2417040
16092,2417063,47,2417110
16093,2417365,48,2417413
16094,2417463,112,2417575
16095,2417722,70,2417792
16096,2417974,59,2418033
16097,2418154,126,2418280
16098,2418284,210,2418494
16099,2418635,5,2418640
16100,2418738,57,2418795
16101,2418923,87,2419010
16102,2419065,4,2419069
16103,2419144,57,2419201
16104,2419326,10,2419336
16105,2419412,12,2419424
16106,2419512,72,2419584
16107,2419771,48,2419819
16108,2419901,50,2419951
16109,2420049,85,2420134
16110,2420154,23,2420177
16111,2420220,140,2420360
16112,2420430,152,2420582
16113,2420794,12,2420806
16114,2420911,1,2420912
16115,2420946,47,2420993
16116,2421639,82,2421721
16117,2421768,15,2421783
16118,2421957,73,2422030
16119,2422166,293,2422459
16120,2422552,25,2422577
16121,2422741,19,2422760
16122,2422875,69,2422944
16123,2423007,88,2423095
16124,2423351,7,2423358
16125,2423597,35,2423632
16126,2423656,21,2423677
16127,2423760,133,2423893
16128,2423942,35,2423977
16129,2424086,40,2424126
16130,2424300,64,2424364
16131,2424396,28,2424424
16132,2424435,28,2424463
16133,2424605,20,2424625
16134,2424732,1,2424733
16135,2424768,40,2424808
16136,2424868,7,2424875
16137,2424885,63,2424948
16138,2424959,5,2424964
16139,2424982,36,2425018
16140,2425174,4,2425178
16141,2425287,54,2425341
16142,2425411,97,2425508
16143,2425517,89,2425606
16144,2425733,55,2425788
16145,2425793,39,2425832
16146,2426067,109,2426176
16147,2426216,21,2426237
16148,2426416,5,2426421
16149,2426722,51,2426773
16150,2426861,44,2426905
16151,2426948,3,2426951
16152,2427021,29,2427050
16153,2427131,48,2427179
16154,2427206,66,2427272
16155,2427314,32,2427346
16156,2427661,85,2427746
16157,2428131,22,2428153
16158,2428262,46,2428308
16159,2428357,19,2428376
16160,2428467,14,2428481
16161,2428639,194,2428833
16162,2429079,17,2429096
16163,2429480,80,2429560
16164,2429698,27,2429725
16165,2429727,53,2429780
16166,2429844,15,2429859
16167,2430103,30,2430133
16168,2430143,8,2430151
16169,2430220,90,2430310
16170,2430317,58,2430375
16171,2430560,12,2430572
16172,2430772,50,2430822
16173,2430845,20,2430865
16174,2430875,103,2430978
16175,2430979,15,2430994
16176,2431205,48,2431253
16177,2431277,6,2431283
16178,2431292,69,2431361
16179,2431494,17,2431511
16180,2431782,52,2431834
16181,2431874,85,2431959
16182,2432028,21,2432049
16183,2432088,62,2432150
16184,2432219,49,2432268
16185,2432339,22,2432361
16186,2432551,131,2432682
16187,2432723,31,2432754
16188,2432774,8,2432782
16189,2432841,175,2433016
16190,2433031,15,2433046
16191,2433143,2,2433145
16192,2433146,15,2433161
16193,2433371,6,2433377
16194,2433555,7,2433562
16195,2433580,16,2433596
16196,2433730,11,2433741
16197,2434541,11,2434552
16198,2434583,72,2434655
16199,2434675,69,2434744
16200,2434973,102,2435075
16201,2435081,106,2435187
16202,2435208,5,2435213
16203,2435632,84,2435716
16204,2435808,13,2435821
16205,2435942,42,2435984
16206,2436132,34,2436166
16207,2436220,26,2436246
16208,2436269,154,2436423
16209,2436634,32,2436666
16210,2436771,25,2436796
16211,2436909,93,2437002
16212,2437324,101,2437425
16213,2437750,24,2437774
16214,2437889,9,2437898
16215,2437962,22,2437984
16216,2438040,18,2438058
16217,2438099,4,2438103
16218,2438216,44,2438260
16219,2438351,99,2438450
16220,2438557,20,2438577
16221,2438582,102,2438684
16222,2438696,71,2438767
16223,2438819,22,2438841
16224,2438866,146,2439012
16225,2439094,15,2439109
16226,2439186,59,2439245
16227,2439357,62,2439419
16228,2439764,11,2439775
16229,2439817,3,2439820
16230,2440319,22,2440341
16231,2440420,64,2440484
16232,2440487,18,2440505
16233,2440590,11,2440601
16234,2440607,79,2440686
16235,2440711,5,2440716
16236,2440907,95,2441002
16237,2441155,41,2441196
16238,2441241,79,2441320
16239,2441324,4,2441328
16240,2441360,16,2441376
16241,2441681,174,2441855
16242,2442347,32,2442379
16243,2442465,55,2442520
16244,2442583,38,2442621
16245,2442638,45,2442683
16246,2442759,9,2442768
16247,2442896,66,2442962
16248,2442981,30,2443011
16249,2443412,31,2443443
16250,2443540,42,2443582
16251,2443627,49,2443676
16252,2443844,7,2443851
16253,2443960,77,2444037
16254,2444042,1,2444043
16255,2444160,27,2444187
16256,2444223,12,2444235
16257,2444412,26,2444438
16258,2444474,22,2444496
16259,2444625,36,2444661
16260,2444688,119,2444807
16261,2444975,30,2445005
16262,2445059,34,2445093
16263,2445204,27,2445231
16264,2445612,22,2445634
16265,2445933,54,2445987
16266,2445988,2,2445990
16267,2446044,82,2446126
16268,2446171,21,2446192
16269,2446211,12,2446223
16270,2446265,104,2446369
16271,2446406,28,2446434
16272,2446467,26,2446493
16273,2446559,20,2446579
16274,2446606,132,2446738
16275,2446816,16,2446832
16276,2446842,241,2447083
16277,2447279,63,2447342
16278,2447351,15,2447366
16279,2447450,24,2447474
16280,2447805,25,2447830
16281,2447945,20,2447965
16282,2448057,36,2448093
16283,2448108,141,2448249
16284,2448392,26,2448418
16285,2448772,31,2448803
16286,2448836,39,2448875
16287,2448923,64,2448987
16288,2449090,200,2449290
16289,2449329,153,2449482
16290,2449611,100,2449711
16291,2449874,62,2449936
16292,2450210,27,2450237
16293,2450348,4,2450352
16294,2450359,7,2450366
16295,2450534,32,2450566
16296,2450639,63,2450702
16297,2450932,69,2451001
16298,2451147,20,2451167
16299,2451175,105,2451280
16300,2451521,108,2451629
16301,2451665,32,2451697
16302,2451800,13,2451813
16303,2451877,36,2451913
16304,2452008,64,2452072
16305,2452171,25,2452196
16306,2452493,63,2452556
16307,2452676,8,2452684
16308,2452791,86,2452877
16309,2452982,6,2452988
16310,2453064,30,2453094
16311,2453121,75,2453196
16312,2453406,15,2453421
16313,2453634,34,2453668
16314,2453718,48,2453766
16315,2453901,10,2453911
16316,2453988,10,2453998
16317,2454085,41,2454126
16318,2454597,8,2454605
16319,2454647,24,2454671
16320,2454921,10,2454931
16321,2454985,69,2455054
16322,2455254,7,2455261
16323,2455409,114,2455523
16324,2455530,254,2455784
16325,2455960,31,2455991
16326,2456105,23,2456128
16327,2456184,9,2456193
16328,2456548,38,2456586
16329,2456621,95,2456716
16330,2456758,14,2456772
16331,2457113,104,2457217
16332,2457274,30,2457304
16333,2457591,48,2457639
16334,2457658,62,2457720
16335,2457832,9,2457841
16336,2457949,47,2457996
16337,2458011,6,2458017
16338,2458058,2,2458060
16339,2458175,44,2458219
16340,2458293,7,2458300
16341,2458395,17,2458412
16342,2458463,77,2458540
16343,2458572,70,2458642
16344,2458896,10,2458906
16345,2458932,22,2458954
16346,2459150,204,2459354
16347,2459578,64,2459642
16348,2459832,86,2459918
16349,2460064,2,2460066
16350,2460177,19,2460196
16351,2460260,16,2460276
16352,2460319,119,2460438
16353,2460596,2,2460598
16354,2460610,15,2460625
16355,2460732,22,2460754
16356,2460924,29,2460953
16357,2461012,22,2461034
16358,2461075,145,2461220
16359,2461442,29,2461471
16360,2461515,4,2461519
16361,2461593,42,2461635
16362,2461773,39,2461812
16363,2461871,3,2461874
16364,2461959,34,2461993
16365,2462238,48,2462286
16366,2462326,16,2462342
16367,2462368,72,2462440
16368,2462623,17,2462640
16369,2462775,9,2462784
16370,2462880,76,2462956
16371,2463120,2,2463122
16372,2463133,11,2463144
16373,2463245,42,2463287
16374,2463313,8,2463321
16375,2463422,38,2463460
16376,2463588,89,2463677
16377,2463800,7,2463807
16378,2463859,6,2463865
16379,2463958,28,2463986
16380,2463992,43,2464035
16381,2464086,122,2464208
16382,2464535,24,2464559
16383,2464799,34,2464833
16384,2464869,12,2464881
16385,2464928,55,2464983
16386,2465022,117,2465139
16387,2465142,6,2465148
16388,2465173,15,2465188
16389,2465272,35,2465307
16390,2465481,25,2465506
16391,2465594,14,2465608
16392,2465755,51,2465806
16393,2465814,67,2465881
16394,2466097,130,2466227
16395,2466236,14,2466250
16396,2466333,91,2466424
16397,2466687,100,2466787
16398,2466811,57,2466868
16399,2467428,6,2467434
16400,2467550,29,2467579
16401,2467584,33,2467617
16402,2467837,61,2467898
16403,2467904,9,2467913
16404,2467959,95,2468054
16405,2468526,103,2468629
16406,2468779,26,2468805
16407,2468982,56,2469038
16408,2469158,71,2469229
16409,2469448,45,2469493
16410,2469633,14,2469647
16411,2469782,60,2469842
16412,2469974,40,2470014
16413,2470329,21,2470350
16414,2470392,82,2470474
16415,2470664,2,2470666
16416,2470712,111,2470823
16417,2471116,19,2471135
16418,2471238,21,2471259
16419,2471265,23,2471288
16420,2471457,36,2471493
16421,2471585,19,2471604
16422,2471765,35,2471800
16423,2471867,52,2471919
16424,2471953,27,2471980
16425,2472010,81,2472091
16426,2472195,10,2472205
16427,2472235,53,2472288
16428,2472610,15,2472625
16429,2472694,10,2472704
16430,2472740,32,2472772
16431,2472895,22,2472917
16432,2472918,58,2472976
16433,2473026,185,2473211
16434,2473372,60,2473432
16435,2473548,43,2473591
16436,2473700,66,2473766
16437,2473785,93,2473878
16438,2473886,67,2473953
16439,2474205,35,2474240
16440,2474260,21,2474281
16441,2474377,4,2474381
16442,2474419,28,2474447
16443,2474756,37,2474793
16444,2474805,10,2474815
16445,2474952,19,2474971
16446,2475008,20,2475028
16447,2475047,13,2475060
16448,2475114,21,2475135
16449,2475212,23,2475235
16450,2475251,17,2475268
16451,2475437,9,2475446
16452,2475561,53,2475614
16453,2475673,23,2475696
16454,2476006,21,2476027
16455,2476166,38,2476204
16456,2476248,59,2476307
16457,2476352,151,2476503
16458,2476619,70,2476689
16459,2476826,87,2476913
16460,2477087,8,2477095
16461,2477100,57,2477157
16462,2477555,61,2477616
16463,2477621,185,2477806
16464,2477815,4,2477819
16465,2477936,2,2477938
16466,2477941,23,2477964
16467,2478147,25,2478172
16468,2478189,40,2478229
16469,2478255,23,2478278
16470,2478328,66,2478394
16471,2478454,5,2478459
16472,2478466,84,2478550
16473,2478673,107,2478780
16474,2478869,3,2478872
16475,2478943,93,2479036
16476,2479047,25,2479072
16477,2479216,11,2479227
16478,2479276,39,2479315
16479,2479395,13,2479408
16480,2479705,47,2479752
16481,2479817,7,2479824
16482,2479877,43,2479920
16483,2479945,8,2479953
16484,2480143,12,2480155
16485,2480178,33,2480211
16486,2480263,10,2480273
16487,2480397,222,2480619
16488,2481110,58,2481168
16489,2481193,19,2481212
16490,2481271,116,2481387
16491,2481553,162,2481715
16492,2481761,190,2481951
16493,2482006,100,2482106
16494,2482125,8,2482133
16495,2482173,79,2482252
16496,2482351,59,2482410
16497,2482586,6,2482592
16498,2482601,56,2482657
16499,2482842,46,2482888
16500,2483018,80,2483098
16501,2483191,48,2483239
16502,2483303,17,2483320
16503,2483436,14,2483450
16504,2483529,151,2483680
16505,2483892,1,2483893
16506,2483908,6,2483914
16507,2483926,4,2483930
16508,2483962,3,2483965
16509,2484645,7,2484652
16510,2484661,40,2484701
16511,2484801,9,2484810
16512,2484820,23,2484843
16513,2485151,25,2485176
16514,2485383,35,2485418
16515,2485430,27,2485457
16516,2485604,37,2485641
16517,2485931,28,2485959
16518,2486039,43,2486082
16519,2486199,107,2486306
16520,2486356,8,2486364
16521,2486475,3,2486478
16522,2486516,29,2486545
16523,2486614,18,2486632
16524,2486685,76,2486761
16525,2486763,7,2486770
16526,2486794,16,2486810
16527,2486840,102,2486942
16528,2486969,2,2486971
16529,2487161,16,2487177
16530,2487236,90,2487326
16531,2487540,21,2487561
16532,2487570,25,2487595
16533,2487639,15,2487654
16534,2487659,16,2487675
16535,2487687,34,2487721
16536,2487762,10,2487772
16537,2487824,129,2487953
16538,2488185,51,2488236
16539,2488245,20,2488265
16540,2488455,59,2488514
16541,2488547,107,2488654
16542,2488702,2,2488704
16543,2488808,31,2488839
16544,2488956,39,2488995
16545,2489005,1,2489006
16546,2489026,67,2489093
16547,2489199,122,2489321
16548,2489454,22,2489476
16549,2489507,2,2489509
16550,2489525,49,2489574
16551,2489662,16,2489678
16552,2489708,7,2489715
16553,2489754,27,2489781
16554,2489797,42,2489839
16555,2489995,19,2490014
16556,2490036,2,2490038
16557,2490089,97,2490186
16558,2490499,124,2490623
16559,2490624,19,2490643
16560,2490662,92,2490754
16561,2490863,20,2490883
16562,2490909,24,2490933
16563,2490979,22,2491001
16564,2491198,67,2491265
16565,2491362,25,2491387
16566,2491582,3,2491585
16567,2491754,27,2491781
16568,2491842,73,2491915
16569,2492169,49,2492218
16570,2492230,22,2492252
16571,2492410,14,2492424
16572,2492780,11,2492791
16573,2492949,6,2492955
16574,2492967,24,2492991
16575,2493106,4,2493110
16576,2493163,1,2493164
16577,2493174,5,2493179
16578,2493264,43,2493307
16579,2493327,68,2493395
16580,2493464,11,2493475
16581,2493481,56,2493537
16582,2493773,22,2493795
16583,2493835,16,2493851
16584,2493866,200,2494066
16585,2494197,36,2494233
16586,2494252,28,2494280
16587,2494465,29,2494494
16588,2494499,26,2494525
16589,2494861,87,2494948
16590,2495098,64,2495162
16591,2495347,111,2495458
16592,2495531,129,2495660
16593,2496055,9,2496064
16594,2496099,27,2496126
16595,2496153,3,2496156
16596,2496163,27,2496190
16597,2496237,30,2496267
16598,2496272,1,2496273
16599,2496303,65,2496368
16600,2496475,10,2496485
16601,2496704,63,2496767
16602,2496817,32,2496849
16603,2497089,11,2497100
16604,2497213,107,2497320
16605,2497367,31,2497398
16606,2497496,182,2497678
16607,2497719,117,2497836
16608,2497972,19,2497991
16609,2498037,24,2498061
16610,2498090,30,2498120
16611,2498181,13,2498194
16612,2498272,14,2498286
16613,2498465,74,2498539
16614,2498540,79,2498619
16615,2498912,10,2498922
16616,2498961,11,2498972
16617,2499050,14,2499064
16618,2499088,114,2499202
16619,2499245,41,2499286
16620,2499501,47,2499548
16621,2499580,14,2499594
16622,2499900,21,2499921
16623,2499987,47,2500034
16624,2500095,33,2500128
16625,2500151,49,2500200
16626,2500264,4,2500268
16627,2500339,22,2500361
16628,2500773,56,2500829
16629,2500936,7,2500943
16630,2500992,101,2501093
16631,2501260,171,2501431
16632,2501483,96,2501579
16633,2501593,3,2501596
16634,2501617,166,2501783
16635,2501878,31,2501909
16636,2502191,44,2502235
16637,2502404,12,2502416
16638,2502573,61,2502634
16639,2502728,140,2502868
16640,2503038,64,2503102
16641,2503130,63,2503193
16642,2503322,37,2503359
16643,2503416,9,2503425
16644,2503482,51,2503533
16645,2503540,17,2503557
16646,2503626,9,2503635
16647,2503724,27,2503751
16648,2503946,14,2503960
16649,2504307,1,2504308
16650,2504363,41,2504404
16651,2504408,38,2504446
16652,2504752,49,2504801
16653,2505064,2,2505066
16654,2505308,14,2505322
16655,2505447,8,2505455
16656,2505792,61,2505853
16657,2505915,188,2506103
16658,2506188,213,2506401
16659,2506422,1,2506423
16660,2506575,2,2506577
16661,2506584,84,2506668
16662,2506711,9,2506720
16663,2506727,74,2506801
16664,2506811,5,2506816
16665,2506901,21,2506922
16666,2507009,67,2507076
16667,2507301,4,2507305
16668,2507318,28,2507346
16669,2507454,23,2507477
16670,2507484,115,2507599
16671,2507708,5,2507713
16672,2507765,5,2507770
16673,2507775,39,2507814
16674,2508024,22,2508046
16675,2508065,72,2508137
16676,2508202,36,2508238
16677,2508263,30,2508293
16678,2508344,12,2508356
16679,2508455,23,2508478
16680,2508587,6,2508593
16681,2508632,55,2508687
16682,2508841,28,2508869
16683,2508964,72,2509036
16684,2509283,27,2509310
16685,2509505,37,2509542
16686,2509547,29,2509576
16687,2509691,124,2509815
16688,2510033,15,2510048
16689,2510281,51,2510332
16690,2510348,38,2510386
16691,2510703,1,2510704
16692,2510928,8,2510936
16693,2511137,2,2511139
16694,2511210,59,2511269
16695,2511518,48,2511566
16696,2511652,88,2511740
16697,2511906,115,2512021
16698,2512473,17,2512490
16699,2512515,27,2512542
16700,2512559,18,2512577
16701,2512640,87,2512727
16702,2512757,24,2512781
16703,2512782,57,2512839
16704,2512966,7,2512973
16705,2513029,134,2513163
16706,2513546,26,2513572
16707,2513599,53,2513652
16708,2513657,39,2513696
16709,2513795,182,2513977
16710,2514236,88,2514324
16711,2514421,57,2514478
16712,2514491,15,2514506
16713,2514563,10,2514573
16714,2514782,131,2514913
16715,2514930,57,2514987
16716,2515181,32,2515213
16717,2515260,23,2515283
16718,2515477,36,2515513
16719,2515599,46,2515645
16720,2515762,11,2515773
16721,2515837,24,2515861
16722,2515862,14,2515876
16723,2516018,5,2516023
16724,2516126,6,2516132
16725,2516141,19,2516160
16726,2516254,109,2516363
16727,2516407,10,2516417
16728,2516455,70,2516525
16729,2516578,45,2516623
16730,2516840,6,2516846
16731,2516850,13,2516863
16732,2516874,35,2516909
16733,2516952,117,2517069
16734,2517123,75,2517198
16735,2517318,99,2517417
16736,2517495,41,2517536
16737,2517817,9,2517826
16738,2517915,45,2517960
16739,2518032,10,2518042
16740,2518054,72,2518126
16741,2518153,34,2518187
16742,2518229,53,2518282
16743,2518459,35,2518494
16744,2518506,91,2518597
16745,2518628,29,2518657
16746,2518730,73,2518803
16747,2518966,77,2519043
16748,2519138,32,2519170
16749,2519192,74,2519266
16750,2519275,92,2519367
16751,2519380,70,2519450
16752,2519504,80,2519584
16753,2519599,8,2519607
16754,2519651,25,2519676
16755,2519915,8,2519923
16756,2519947,11,2519958
16757,2520039,47,2520086
16758,2520253,78,2520331
16759,2520560,48,2520608
16760,2520803,10,2520813
16761,2520831,55,2520886
16762,2521078,3,2521081
16763,2521353,56,2521409
16764,2521624,65,2521689
16765,2521729,61,2521790
16766,2521956,28,2521984
16767,2522049,11,2522060
16768,2522144,77,2522221
16769,2522238,88,2522326
16770,2522334,34,2522368
16771,2522544,75,2522619
16772,2522639,102,2522741
16773,2522908,60,2522968
16774,2523230,29,2523259
16775,2523284,86,2523370
16776,2523554,40,2523594
16777,2523671,49,2523720
16778,2523739,130,2523869
16779,2523898,39,2523937
16780,2524037,52,2524089
16781,2524300,35,2524335
16782,2524444,6,2524450
16783,2524493,66,2524559
16784,2524610,42,2524652
16785,2524917,70,2524987
16786,2525110,18,2525128
16787,2525304,14,2525318
16788,2525340,23,2525363
16789,2525435,97,2525532
16790,2525815,31,2525846
16791,2525869,117,2525986
16792,2526246,37,2526283
16793,2526317,17,2526334
16794,2526607,23,2526630
16795,2526684,19,2526703
16796,2527202,65,2527267
16797,2527603,40,2527643
16798,2527645,128,2527773
16799,2527883,100,2527983
16800,2528009,18,2528027
16801,2528032,41,2528073
16802,2528148,71,2528219
16803,2528313,57,2528370
16804,2528383,82,2528465
16805,2528539,25,2528564
16806,2528953,31,2528984
16807,2528997,14,2529011
16808,2529072,86,2529158
16809,2529293,282,2529575
16810,2529635,143,2529778
16811,2530060,23,2530083
16812,2530087,10,2530097
16813,2530244,14,2530258
16814,2530331,52,2530383
16815,2530546,24,2530570
16816,2530689,68,2530757
16817,2531086,18,2531104
16818,2531128,44,2531172
16819,2531205,16,2531221
16820,2531275,5,2531280
16821,2531292,11,2531303
16822,2531540,348,2531888
16823,2532092,10,2532102
16824,2532107,146,2532253
16825,2532420,16,2532436
16826,2532451,31,2532482
16827,2532662,63,2532725
16828,2532736,97,2532833
16829,2533109,73,2533182
16830,2533336,157,2533493
16831,2533498,73,2533571
16832,2533775,8,2533783
16833,2533803,49,2533852
16834,2533877,120,2533997
16835,2534002,18,2534020
16836,2534081,1,2534082
16837,2534220,45,2534265
16838,2534346,55,2534401
16839,2534439,13,2534452
16840,2534458,6,2534464
16841,2534493,14,2534507
16842,2534624,16,2534640
16843,2534651,68,2534719
16844,2534720,3,2534723
16845,2534784,82,2534866
16846,2535082,2,2535084
16847,2535265,3,2535268
16848,2535301,41,2535342
16849,2535352,4,2535356
16850,2535478,31,2535509
16851,2535593,15,2535608
16852,2536386,3,2536389
16853,2536479,48,2536527
16854,2536571,10,2536581
16855,2536620,80,2536700
16856,2536707,74,2536781
16857,2536813,19,2536832
16858,2536866,28,2536894
16859,2536913,13,2536926
16860,2536963,155,2537118
16861,2537231,2,2537233
16862,2537246,42,2537288
16863,2537367,9,2537376
16864,2537428,150,2537578
16865,2537639,28,2537667
16866,2537762,107,2537869
16867,2537950,51,2538001
16868,2538047,18,2538065
16869,2538171,9,2538180
16870,2538251,81,2538332
16871,2538341,16,2538357
16872,2538394,25,2538419
16873,2538435,105,2538540
16874,2538638,225,2538863
16875,2539174,11,2539185
16876,2539269,84,2539353
16877,2539357,11,2539368
16878,2539401,7,2539408
16879,2539418,134,2539552
16880,2539771,20,2539791
16881,2539828,145,2539973
16882,2540067,65,2540132
16883,2540137,101,2540238
16884,2540309,15,2540324
16885,2540354,44,2540398
16886,2540550,110,2540660
16887,2540743,17,2540760
16888,2540845,14,2540859
16889,2541043,75,2541118
16890,2541401,76,2541477
16891,2541588,45,2541633
16892,2541747,21,2541768
16893,2541779,68,2541847
16894,2541952,60,2542012
16895,2542059,8,2542067
16896,2542073,88,2542161
16897,2542529,75,2542604
16898,2542661,53,2542714
16899,2542943,76,2543019
16900,2543135,50,2543185
16901,2543203,12,2543215
16902,2543432,24,2543456
16903,2543556,1,2543557
16904,2543611,53,2543664
16905,2543824,100,2543924
16906,2543997,3,2544000
16907,2544054,40,2544094
16908,2544095,17,2544112
16909,2544212,1,2544213
16910,2544441,24,2544465
16911,2544767,13,2544780
16912,2544797,44,2544841
16913,2544978,45,2545023
16914,2545185,55,2545240
16915,2545329,46,2545375
16916,2545577,24,2545601
16917,2545604,5,2545609
16918,2545622,84,2545706
16919,2546026,7,2546033
16920,2546055,31,2546086
16921,2546187,179,2546366
16922,2546494,34,2546528
16923,2546560,66,2546626
16924,2546723,97,2546820
16925,2546983,56,2547039
16926,2547055,66,2547121
16927,2547124,51,2547175
16928,2547317,1,2547318
16929,2547326,105,2547431
16930,2547638,19,2547657
16931,2548047,25,2548072
16932,2548248,41,2548289
16933,2548473,67,2548540
16934,2548758,66,2548824
16935,2548947,106,2549053
16936,2549105,50,2549155
16937,2549272,183,2549455
16938,2549498,78,2549576
16939,2549823,10,2549833
16940,2549890,26,2549916
16941,2550142,26,2550168
16942,2550339,39,2550378
16943,2550471,94,2550565
16944,2550980,50,2551030
16945,2551474,56,2551530
16946,2551598,45,2551643
16947,2551682,71,2551753
16948,2551905,15,2551920
16949,2551926,9,2551935
16950,2551945,42,2551987
16951,2552020,37,2552057
16952,2552375,3,2552378
16953,2552413,5,2552418
16954,2552582,9,2552591
16955,2552713,48,2552761
16956,2552803,69,2552872
16957,2552920,8,2552928
16958,2552960,16,2552976
16959,2553044,7,2553051
16960,2553112,196,2553308
16961,2553367,28,2553395
16962,2553565,45,2553610
16963,2553750,11,2553761
16964,2553803,4,2553807
16965,2553838,23,2553861
16966,2553940,36,2553976
16967,2554209,57,2554266
16968,2554327,148,2554475
16969,2554526,6,2554532
16970,2554573,65,2554638
16971,2554666,14,2554680
16972,2554690,17,2554707
16973,2554715,3,2554718
16974,2554765,29,2554794
16975,2554881,7,2554888
16976,2554935,28,2554963
16977,2555214,79,2555293
16978,2555338,17,2555355
16979,2555571,49,2555620
16980,2555755,21,2555776
16981,2555871,3,2555874
16982,2555936,129,2556065
16983,2556124,13,2556137
16984,2556571,85,2556656
16985,2556720,139,2556859
16986,2556901,4,2556905
16987,2557082,10,2557092
16988,2557098,9,2557107
16989,2557265,22,2557287
16990,2557352,33,2557385
16991,2557389,70,2557459
16992,2557461,8,2557469
16993,2557513,38,2557551
16994,2557665,15,2557680
16995,2557793,4,2557797
16996,2557893,26,2557919
16997,2558018,89,2558107
16998,2558116,32,2558148
16999,2558445,45,2558490
17000,2558622,22,2558644
17001,2558676,166,2558842
17002,2559099,69,2559168
17003,2559193,28,2559221
17004,2559288,19,2559307
17005,2559316,124,2559440
17006,2559462,202,2559664
17007,2559678,111,2559789
17008,2559828,55,2559883
17009,2560138,92,2560230
17010,2560298,14,2560312
17011,2560324,254,2560578
17012,2560656,176,2560832
17013,2561076,71,2561147
17014,2561210,65,2561275
17015,2561372,45,2561417
17016,2561467,110,2561577
17017,2561770,13,2561783
17018,2561874,19,2561893
17019,2561910,56,2561966
17020,2561987,54,2562041
17021,2562096,74,2562170
17022,2562207,6,2562213
17023,2562307,117,2562424
17024,2562446,149,2562595
17025,2562779,10,2562789
17026,2562818,13,2562831
17027,2563077,21,2563098
17028,2563274,114,2563388
17029,2563472,32,2563504
17030,2563573,6,2563579
17031,2563868,88,2563956
17032,2564092,32,2564124
17033,2564442,4,2564446
17034,2564592,134,2564726
17035,2564727,49,2564776
17036,2564779,21,2564800
17037,2564848,21,2564869
17038,2564887,83,2564970
17039,2565098,64,2565162
17040,2565271,29,2565300
17041,2565342,5,2565347
17042,2565415,28,2565443
17043,2565496,48,2565544
17044,2565763,12,2565775
17045,2565850,14,2565864
17046,2565968,26,2565994
17047,2566244,28,2566272
17048,2566299,11,2566310
17049,2566554,16,2566570
17050,2566577,24,2566601
17051,2566611,92,2566703
17052,2566755,34,2566789
17053,2566798,71,2566869
17054,2566894,37,2566931
17055,2567049,13,2567062
17056,2567214,50,2567264
17057,2567304,108,2567412
17058,2567495,110,2567605
17059,2567657,29,2567686
17060,2567752,119,2567871
17061,2567928,29,2567957
17062,2568025,28,2568053
17063,2568062,85,2568147
17064,2568274,28,2568302
17065,2568329,18,2568347
17066,2568375,81,2568456
17067,2568767,3,2568770
17068,2568839,88,2568927
17069,2568983,4,2568987
17070,2569038,45,2569083
17071,2569137,8,2569145
17072,2569224,17,2569241
17073,2569271,67,2569338
17074,2569508,1,2569509
17075,2569586,8,2569594
17076,2569777,65,2569842
17077,2569869,79,2569948
17078,2570057,112,2570169
17079,2570199,7,2570206
17080,2570469,80,2570549
17081,2570723,19,2570742
17082,2570888,5,2570893
17083,2570907,30,2570937
17084,2571137,22,2571159
17085,2571167,37,2571204
17086,2571222,68,2571290
17087,2571427,111,2571538
17088,2571590,133,2571723
17089,2571752,47,2571799
17090,2571842,26,2571868
17091,2571931,11,2571942
17092,2572000,65,2572065
17093,2572243,27,2572270
17094,2572456,54,2572510
17095,2572554,34,2572588
17096,2572796,61,2572857
17097,2572860,45,2572905
17098,2573112,30,2573142
17099,2573199,12,2573211
17100,2573262,43,2573305
17101,2573317,5,2573322
17102,2573352,55,2573407
17103,2573411,70,2573481
17104,2573527,31,2573558
17105,2573656,6,2573662
17106,2573717,1,2573718
17107,2573799,171,2573970
17108,2574119,1,2574120
17109,2574142,62,2574204
17110,2574373,93,2574466
17111,2574493,55,2574548
17112,2574621,2,2574623
17113,2574750,176,2574926
17114,2575108,37,2575145
17115,2575371,6,2575377
17116,2575404,47,2575451
17117,2575561,91,2575652
17118,2575731,19,2575750
17119,2575782,32,2575814
17120,2575987,15,2576002
17121,2576030,3,2576033
17122,2576256,131,2576387
17123,2576403,21,2576424
17124,2576447,120,2576567
17125,2576611,66,2576677
17126,2576807,153,2576960
17127,2577114,44,2577158
17128,2577189,54,2577243
17129,2577509,13,2577522
17130,2577877,60,2577937
17131,2578027,150,2578177
17132,2578419,24,2578443
17133,2578625,17,2578642
17134,2578652,12,2578664
17135,2578775,104,2578879
17136,2579038,1,2579039
17137,2579215,45,2579260
17138,2579302,53,2579355
17139,2579358,68,2579426
17140,2579488,39,2579527
17141,2579579,5,2579584
17142,2579716,10,2579726
17143,2579814,47,2579861
17144,2579877,55,2579932
17145,2579964,9,2579973
17146,2580132,20,2580152
17147,2580303,12,2580315
17148,2580402,91,2580493
17149,2580913,20,2580933
17150,2581093,13,2581106
17151,2581173,49,2581222
17152,2581335,115,2581450
17153,2581716,13,2581729
17154,2581818,74,2581892
17155,2582111,4,2582115
17156,2582219,14,2582233
17157,2582367,19,2582386
17158,2582390,19,2582409
17159,2582558,69,2582627
17160,2582651,73,2582724
17161,2582739,7,2582746
17162,2582846,98,2582944
17163,2583108,14,2583122
17164,2583302,44,2583346
17165,2583440,3,2583443
17166,2583535,20,2583555
17167,2583674,23,2583697
17168,2583971,52,2584023
17169,2584294,55,2584349
17170,2584450,74,2584524
17171,2585007,39,2585046
17172,2585230,4,2585234
17173,2585255,96,2585351
17174,2585440,33,2585473
17175,2585513,91,2585604
17176,2585854,23,2585877
17177,2585899,36,2585935
17178,2585994,1,2585995
17179,2586059,136,2586195
17180,2586435,2,2586437
17181,2586481,30,2586511
17182,2586649,17,2586666
17183,2586802,5,2586807
17184,2586824,51,2586875
17185,2586965,184,2587149
17186,2587156,44,2587200
17187,2587274,45,2587319
17188,2587361,27,2587388
17189,2587519,36,2587555
17190,2587569,177,2587746
17191,2587855,13,2587868
17192,2588353,9,2588362
17193,2588377,1,2588378
17194,2588496,25,2588521
17195,2588554,42,2588596
17196,2588649,73,2588722
17197,2588795,173,2588968
17198,2589380,64,2589444
17199,2589587,238,2589825
17200,2589826,241,2590067
17201,2590100,55,2590155
17202,2590211,19,2590230
17203,2590364,22,2590386
17204,2590393,308,2590701
17205,2591020,87,2591107
17206,2591257,58,2591315
17207,2591346,10,2591356
17208,2591415,16,2591431
17209,2591584,47,2591631
17210,2591639,38,2591677
17211,2591699,17,2591716
17212,2591838,45,2591883
17213,2592033,137,2592170
17214,2592199,41,2592240
17215,2592518,156,2592674
17216,2592741,16,2592757
17217,2592965,50,2593015
17218,2593133,2,2593135
17219,2593150,10,2593160
17220,2593234,25,2593259
17221,2593273,55,2593328
17222,2593405,3,2593408
17223,2593458,32,2593490
17224,2593521,51,2593572
17225,2593663,19,2593682
17226,2593812,74,2593886
17227,2593888,65,2593953
17228,2594083,10,2594093
17229,2594094,93,2594187
17230,2594309,220,2594529
17231,2594576,12,2594588
17232,2594736,4,2594740
17233,2594770,66,2594836
17234,2594934,26,2594960
17235,2595023,93,2595116
17236,2595163,8,2595171
17237,2595263,4,2595267
17238,2595297,47,2595344
17239,2595382,49,2595431
17240,2595439,25,2595464
17241,2595500,134,2595634
17242,2595690,84,2595774
17243,2595828,44,2595872
17244,2595992,5,2595997
17245,2596008,3,2596011
17246,2596027,28,2596055
17247,2596057,82,2596139
17248,2596147,33,2596180
17249,2596207,8,2596215
17250,2596426,15,2596441
17251,2596450,14,2596464
17252,2596587,14,2596601
17253,2596689,17,2596706
17254,2597007,43,2597050
17255,2597285,65,2597350
17256,2597659,56,2597715
17257,2597796,38,2597834
17258,2597863,21,2597884
17259,2598060,7,2598067
17260,2598106,57,2598163
17261,2598171,16,2598187
17262,2598202,83,2598285
17263,2598289,97,2598386
17264,2598456,97,2598553
17265,2598558,48,2598606
17266,2598643,35,2598678
17267,2599076,69,2599145
17268,2599273,21,2599294
17269,2599298,44,2599342
17270,2599536,25,2599561
17271,2599654,33,2599687
17272,2599788,57,2599845
17273,2599925,122,2600047
17274,2600077,121,2600198
17275,2600342,45,2600387
17276,2600432,77,2600509
17277,2600547,117,2600664
17278,2601018,77,2601095
17279,2601166,14,2601180
17280,2601194,220,2601414
17281,2601480,136,2601616
17282,2601715,235,2601950
17283,2601964,93,2602057
17284,2602256,207,2602463
17285,2602637,49,2602686
17286,2602836,136,2602972
17287,2603135,7,2603142
17288,2603318,5,2603323
17289,2603554,69,2603623
17290,2603716,58,2603774
17291,2603892,105,2603997
17292,2604076,8,2604084
17293,2604200,5,2604205
17294,2604240,25,2604265
17295,2604276,55,2604331
17296,2604446,38,2604484
17297,2604805,15,2604820
17298,2604832,80,2604912
17299,2604988,47,2605035
17300,2605304,54,2605358
17301,2605472,2,2605474
17302,2605683,72,2605755
17303,2605762,42,2605804
17304,2605916,97,2606013
17305,2606015,24,2606039
17306,2606493,9,2606502
17307,2606581,116,2606697
17308,2606748,4,2606752
17309,2606843,52,2606895
17310,2606972,18,2606990
17311,2607021,10,2607031
17312,2607045,172,2607217
17313,2607426,240,2607666
17314,2607912,32,2607944
17315,2608035,48,2608083
17316,2608102,11,2608113
17317,2608160,38,2608198
17318,2608220,5,2608225
17319,2608275,19,2608294
17320,2608487,35,2608522
17321,2608555,37,2608592
17322,2608901,21,2608922
17323,2608923,8,2608931
17324,2609010,15,2609025
17325,2609048,50,2609098
17326,2609367,17,2609384
17327,2609553,21,2609574
17328,2609590,67,2609657
17329,2609683,98,2609781
17330,2609862,1,2609863
17331,2609939,1,2609940
17332,2610016,35,2610051
17333,2610120,228,2610348
17334,2610378,117,2610495
17335,2610530,28,2610558
17336,2610597,74,2610671
17337,2610864,17,2610881
17338,2611018,28,2611046
17339,2611275,102,2611377
17340,2611388,16,2611404
17341,2611511,11,2611522
17342,2611527,35,2611562
17343,2611642,19,2611661
17344,2612228,46,2612274
17345,2612704,62,2612766
17346,2612844,84,2612928
17347,2612997,5,2613002
17348,2613027,80,2613107
17349,2613172,56,2613228
17350,2613234,6,2613240
17351,2613440,7,2613447
17352,2613453,55,2613508
17353,2613869,25,2613894
17354,2614089,8,2614097
17355,2614145,29,2614174
17356,2614272,148,2614420
17357,2614454,8,2614462
17358,2614630,11,2614641
17359,2614669,16,2614685
17360,2615097,6,2615103
17361,2615260,144,2615404
17362,2615743,94,2615837
17363,2616005,49,2616054
17364,2616155,19,2616174
17365,2616175,2,2616177
17366,2616310,9,2616319
17367,2616375,35,2616410
17368,2616581,142,2616723
17369,2617033,23,2617056
17370,2617062,8,2617070
17371,2617442,46,2617488
17372,2617495,60,2617555
17373,2617693,66,2617759
17374,2618066,15,2618081
17375,2618160,11,2618171
17376,2618177,61,2618238
17377,2618249,21,2618270
17378,2618632,79,2618711
17379,2618857,3,2618860
17380,2618918,32,2618950
17381,2619015,10,2619025
17382,2619030,42,2619072
17383,2619142,110,2619252
17384,2619515,40,2619555
17385,2619577,184,2619761
17386,2619919,29,2619948
17387,2620257,58,2620315
17388,2620324,85,2620409
17389,2620491,91,2620582
17390,2620728,54,2620782
17391,2620854,66,2620920
17392,2620926,19,2620945
17393,2620949,46,2620995
17394,2621049,162,2621211
17395,2621277,67,2621344
17396,2621424,8,2621432
17397,2621450,3,2621453
17398,2621504,14,2621518
17399,2621927,4,2621931
17400,2621957,149,2622106
17401,2622387,8,2622395
17402,2622407,2,2622409
17403,2622492,10,2622502
17404,2622565,39,2622604
17405,2622622,62,2622684
17406,2622687,17,2622704
17407,2622955,3,2622958
17408,2622988,57,2623045
17409,2623048,22,2623070
17410,2623087,29,2623116
17411,2623141,8,2623149
17412,2623278,7,2623285
17413,2623305,18,2623323
17414,2623474,18,2623492
17415,2623582,28,2623610
17416,2623638,150,2623788
17417,2623822,12,2623834
17418,2623966,35,2624001
17419,2624300,12,2624312
17420,2624658,23,2624681
17421,2624701,12,2624713
17422,2624762,51,2624813
17423,2625021,21,2625042
17424,2625147,4,2625151
17425,2625205,66,2625271
17426,2625322,1,2625323
17427,2625393,13,2625406
17428,2625488,6,2625494
17429,2625557,131,2625688
17430,2625859,11,2625870
17431,2625898,9,2625907
17432,2626047,10,2626057
17433,2626160,36,2626196
17434,2626348,81,2626429
17435,2626438,68,2626506
17436,2626621,21,2626642
17437,2626650,71,2626721
17438,2626811,74,2626885
17439,2626907,62,2626969
17440,2627072,94,2627166
17441,2627198,10,2627208
17442,2627261,39,2627300
17443,2627571,3,2627574
17444,2627826,7,2627833
17445,2627847,27,2627874
17446,2627977,10,2627987
17447,2628202,11,2628213
17448,2628391,92,2628483
17449,2628544,42,2628586
17450,2628670,39,2628709
17451,2628716,9,2628725
17452,2628729,31,2628760
17453,2628842,78,2628920
17454,2629370,5,2629375
17455,2629452,2,2629454
17456,2629497,39,2629536
17457,2629621,86,2629707
17458,2629722,4,2629726
17459,2629952,3,2629955
17460,2630043,208,2630251
17461,2630369,70,2630439
17462,2630596,11,2630607
17463,2630637,29,2630666
17464,2630701,7,2630708
17465,2630849,17,2630866
17466,2630886,2,2630888
17467,2630979,2,2630981
17468,2630987,20,2631007
17469,2631690,6,2631696
17470,2631699,192,2631891
17471,2631892,2,2631894
17472,2632123,93,2632216
17473,2632259,64,2632323
17474,2632325,145,2632470
17475,2632536,4,2632540
17476,2632542,20,2632562
17477,2632579,11,2632590
17478,2632738,60,2632798
17479,2632991,25,2633016
17480,2633057,28,2633085
17481,2633186,52,2633238
17482,2633258,84,2633342
17483,2633513,18,2633531
17484,2633720,12,2633732
17485,2634145,141,2634286
17486,2634325,5,2634330
17487,2634477,30,2634507
17488,2634526,59,2634585
17489,2634677,157,2634834
17490,2634847,24,2634871
17491,2635124,179,2635303
17492,2635412,37,2635449
17493,2635472,62,2635534
17494,2635552,187,2635739
17495,2635789,23,2635812
17496,2636031,1,2636032
17497,2636062,34,2636096
17498,2636097,42,2636139
17499,2636235,6,2636241
17500,2636311,118,2636429
17501,2636559,75,2636634
17502,2636787,44,2636831
17503,2636989,88,2637077
17504,2637290,2,2637292
17505,2637385,10,2637395
17506,2637410,16,2637426
17507,2637432,55,2637487
17508,2637550,12,2637562
17509,2637601,5,2637606
17510,2637713,151,2637864
17511,2638022,23,2638045
17512,2638069,7,2638076
17513,2638134,36,2638170
17514,2638350,48,2638398
17515,2638420,36,2638456
17516,2638615,3,2638618
17517,2638638,17,2638655
17518,2638803,26,2638829
17519,2638933,59,2638992
17520,2639020,31,2639051
17521,2639083,70,2639153
17522,2639274,19,2639293
17523,2639324,144,2639468
17524,2639519,113,2639632
17525,2639655,53,2639708
17526,2639711,22,2639733
17527,2640008,18,2640026
17528,2640118,6,2640124
17529,2640133,111,2640244
17530,2640260,2,2640262
17531,2640264,49,2640313
17532,2640319,112,2640431
17533,2640508,193,2640701
17534,2640709,25,2640734
17535,2640888,14,2640902
17536,2641013,96,2641109
17537,2641398,10,2641408
17538,2641418,27,2641445
17539,2641589,111,2641700
17540,2641783,3,2641786
17541,2641831,26,2641857
17542,2642158,15,2642173
17543,2642267,35,2642302
17544,2642343,41,2642384
17545,2642416,30,2642446
17546,2642582,122,2642704
17547,2642948,97,2643045
17548,2643122,50,2643172
17549,2643174,11,2643185
17550,2643307,74,2643381
17551,2643480,37,2643517
17552,2643567,55,2643622
17553,2643644,105,2643749
17554,2643766,7,2643773
17555,2643947,69,2644016
17556,2644018,97,2644115
17557,2644470,4,2644474
17558,2644581,15,2644596
17559,2644665,191,2644856
17560,2644878,2,2644880
17561,2644885,37,2644922
17562,2645311,42,2645353
17563,2645362,36,2645398
17564,2645512,8,2645520
17565,2645788,12,2645800
17566,2646014,199,2646213
17567,2646318,32,2646350
17568,2646356,57,2646413
17569,2646589,188,2646777
17570,2647011,12,2647023
17571,2647084,87,2647171
17572,2647427,33,2647460
17573,2647469,57,2647526
17574,2647629,47,2647676
17575,2647741,1,2647742
17576,2647762,72,2647834
17577,2647847,9,2647856
17578,2647860,42,2647902
17579,2647914,14,2647928
17580,2647935,87,2648022
17581,2648105,20,2648125
17582,2648133,148,2648281
17583,2648425,66,2648491
17584,2648740,169,2648909
17585,2648962,50,2649012
17586,2649023,53,2649076
17587,2649122,24,2649146
17588,2649156,71,2649227
17589,2649259,52,2649311
17590,2649363,1,2649364
17591,2649548,72,2649620
17592,2649673,37,2649710
17593,2649780,76,2649856
17594,2649857,151,2650008
17595,2650251,6,2650257
17596,2650495,68,2650563
17597,2650768,60,2650828
17598,2651137,17,2651154
17599,2651359,47,2651406
17600,2651424,164,2651588
17601,2651680,10,2651690
17602,2651822,119,2651941
17603,2652213,25,2652238
17604,2652402,12,2652414
17605,2652696,29,2652725
17606,2652824,46,2652870
17607,2653009,229,2653238
17608,2653290,17,2653307
17609,2653318,47,2653365
17610,2653375,13,2653388
17611,2653514,82,2653596
17612,2653614,103,2653717
17613,2654468,29,2654497
17614,2654526,3,2654529
17615,2654581,25,2654606
17616,2654617,8,2654625
17617,2654626,11,2654637
17618,2654688,7,2654695
17619,2654871,226,2655097
17620,2655127,105,2655232
17621,2655251,36,2655287
17622,2655346,22,2655368
17623,2655413,7,2655420
17624,2655633,21,2655654
17625,2655713,12,2655725
17626,2655794,14,2655808
17627,2655966,73,2656039
17628,2656160,89,2656249
17629,2656484,56,2656540
17630,2656565,20,2656585
17631,2656647,24,2656671
17632,2656726,91,2656817
17633,2656824,74,2656898
17634,2657014,22,2657036
17635,2657723,40,2657763
17636,2657786,37,2657823
17637,2658022,72,2658094
17638,2658096,21,2658117
17639,2658555,166,2658721
17640,2658869,49,2658918
17641,2659001,2,2659003
17642,2659100,110,2659210
17643,2659404,38,2659442
17644,2659512,5,2659517
17645,2659615,11,2659626
17646,2659707,90,2659797
17647,2659813,39,2659852
17648,2659863,54,2659917
17649,2659926,109,2660035
17650,2660045,22,2660067
17651,2660132,75,2660207
17652,2660228,45,2660273
17653,2660302,8,2660310
17654,2660347,29,2660376
17655,2660409,17,2660426
17656,2660631,97,2660728
17657,2660736,5,2660741
17658,2660837,47,2660884
17659,2660885,20,2660905
17660,2660949,66,2661015
17661,2661186,20,2661206
17662,2661256,8,2661264
17663,2661293,1,2661294
17664,2661350,51,2661401
17665,2661455,63,2661518
17666,2661534,26,2661560
17667,2661811,90,2661901
17668,2662059,22,2662081
17669,2662096,27,2662123
17670,2662219,9,2662228
17671,2662307,5,2662312
17672,2662318,30,2662348
17673,2662355,6,2662361
17674,2662553,39,2662592
17675,2662598,57,2662655
17676,2662671,62,2662733
17677,2662741,34,2662775
17678,2662807,28,2662835
17679,2663035,97,2663132
17680,2663679,27,2663706
17681,2663756,44,2663800
17682,2663849,112,2663961
17683,2664080,11,2664091
17684,2664270,16,2664286
17685,2664289,100,2664389
17686,2664568,75,2664643
17687,2664944,56,2665000
17688,2665156,61,2665217
17689,2665334,41,2665375
17690,2665562,66,2665628
17691,2665705,24,2665729
17692,2665796,21,2665817
17693,2666018,126,2666144
17694,2666211,36,2666247
17695,2666302,9,2666311
17696,2666324,104,2666428
17697,2666622,28,2666650
17698,2666669,22,2666691
17699,2666741,64,2666805
17700,2666919,21,2666940
17701,2666944,12,2666956
17702,2667098,34,2667132
17703,2667299,87,2667386
17704,2667640,113,2667753
17705,2667806,58,2667864
17706,2667881,79,2667960
17707,2668022,27,2668049
17708,2668096,31,2668127
17709,2668236,31,2668267
17710,2668467,5,2668472
17711,2668531,95,2668626
17712,2668778,66,2668844
17713,2668949,9,2668958
17714,2668980,37,2669017
17715,2669037,11,2669048
17716,2669417,44,2669461
17717,2669480,143,2669623
17718,2669735,201,2669936
17719,2670028,123,2670151
17720,2670349,11,2670360
17721,2670388,173,2670561
17722,2670617,196,2670813
17723,2671106,11,2671117
17724,2671173,13,2671186
17725,2671269,6,2671275
17726,2671472,42,2671514
17727,2671637,14,2671651
17728,2672073,46,2672119
17729,2672174,6,2672180
17730,2672200,6,2672206
17731,2672264,105,2672369
17732,2672379,18,2672397
17733,2672515,231,2672746
17734,2672812,42,2672854
17735,2672859,19,2672878
17736,2673040,107,2673147
17737,2673226,18,2673244
17738,2673415,61,2673476
17739,2673517,2,2673519
17740,2673737,170,2673907
17741,2673929,103,2674032
17742,2674072,12,2674084
17743,2674405,10,2674415
17744,2674508,10,2674518
17745,2674538,52,2674590
17746,2674775,54,2674829
17747,2675088,45,2675133
17748,2675239,1,2675240
17749,2675266,82,2675348
17750,2675385,7,2675392
17751,2675412,56,2675468
17752,2675563,5,2675568
17753,2675619,57,2675676
17754,2675765,7,2675772
17755,2675776,98,2675874
17756,2675931,10,2675941
17757,2676215,43,2676258
17758,2676297,14,2676311
17759,2676404,16,2676420
17760,2676456,23,2676479
17761,2676523,35,2676558
17762,2676610,49,2676659
17763,2676712,47,2676759
17764,2676801,84,2676885
17765,2676961,39,2677000
17766,2677031,182,2677213
17767,2677568,52,2677620
17768,2677632,14,2677646
17769,2677683,31,2677714
17770,2677744,117,2677861
17771,2678131,4,2678135
17772,2678236,66,2678302
17773,2678304,31,2678335
17774,2678422,25,2678447
17775,2678753,23,2678776
17776,2678868,31,2678899
17777,2679074,8,2679082
17778,2679100,62,2679162
17779,2679327,60,2679387
17780,2679520,19,2679539
17781,2679825,83,2679908
17782,2679955,46,2680001
17783,2680006,34,2680040
17784,2680169,34,2680203
17785,2680253,3,2680256
17786,2680340,218,2680558
17787,2680701,71,2680772
17788,2680805,132,2680937
17789,2680958,19,2680977
17790,2681037,7,2681044
17791,2681056,36,2681092
17792,2681144,29,2681173
17793,2681349,9,2681358
17794,2681369,138,2681507
17795,2681663,66,2681729
17796,2681799,25,2681824
17797,2681860,12,2681872
17798,2681926,29,2681955
17799,2682026,11,2682037
17800,2682052,45,2682097
17801,2682112,26,2682138
17802,2682241,27,2682268
17803,2682293,8,2682301
17804,2682350,38,2682388
17805,2682532,9,2682541
17806,2682606,51,2682657
17807,2682692,146,2682838
17808,2682847,66,2682913
17809,2683263,22,2683285
17810,2683523,19,2683542
17811,2683723,21,2683744
17812,2683978,44,2684022
17813,2684051,45,2684096
17814,2684112,73,2684185
17815,2684212,36,2684248
17816,2684533,19,2684552
17817,2684562,149,2684711
17818,2684959,137,2685096
17819,2685163,15,2685178
17820,2685330,58,2685388
17821,2685409,29,2685438
17822,2685931,106,2686037
17823,2686080,128,2686208
17824,2686210,19,2686229
17825,2686247,191,2686438
17826,2686571,87,2686658
17827,2686664,84,2686748
17828,2686806,61,2686867
17829,2686963,12,2686975
17830,2686980,1,2686981
17831,2687070,26,2687096
17832,2687127,65,2687192
17833,2687303,104,2687407
17834,2687427,135,2687562
17835,2688028,93,2688121
17836,2688242,123,2688365
17837,2688412,45,2688457
17838,2688536,17,2688553
17839,2688681,50,2688731
17840,2688867,73,2688940
17841,2689171,1,2689172
17842,2689222,45,2689267
17843,2689352,10,2689362
17844,2689404,1,2689405
17845,2689425,54,2689479
17846,2689511,75,2689586
17847,2689588,25,2689613
17848,2689621,9,2689630
17849,2689668,1,2689669
17850,2689701,3,2689704
17851,2689721,24,2689745
17852,2689867,17,2689884
17853,2689937,5,2689942
17854,2690007,98,2690105
17855,2690163,15,2690178
17856,2690219,24,2690243
17857,2690883,115,2690998
17858,2691066,76,2691142
17859,2691165,133,2691298
17860,2691380,35,2691415
17861,2691449,42,2691491
17862,2691495,30,2691525
17863,2691769,28,2691797
17864,2691849,52,2691901
17865,2691997,24,2692021
17866,2692105,106,2692211
17867,2692386,228,2692614
17868,2692720,3,2692723
17869,2692830,110,2692940
17870,2692954,64,2693018
17871,2693091,57,2693148
17872,2693188,15,2693203
17873,2693269,5,2693274
17874,2693292,1,2693293
17875,2693583,8,2693591
17876,2693737,1,2693738
17877,2693741,7,2693748
17878,2693826,195,2694021
17879,2694061,58,2694119
17880,2694134,234,2694368
17881,2694410,65,2694475
17882,2694519,182,2694701
17883,2694711,122,2694833
17884,2695058,58,2695116
17885,2695132,92,2695224
17886,2695251,1,2695252
17887,2695312,2,2695314
17888,2695383,36,2695419
17889,2695610,98,2695708
17890,2695709,21,2695730
17891,2695791,33,2695824
17892,2695905,40,2695945
17893,2695992,18,2696010
17894,2696055,48,2696103
17895,2696393,1,2696394
17896,2696436,134,2696570
17897,2696735,12,2696747
17898,2696764,40,2696804
17899,2696868,107,2696975
17900,2697017,1,2697018
17901,2697092,100,2697192
17902,2697226,41,2697267
17903,2697398,47,2697445
17904,2697526,23,2697549
17905,2697553,42,2697595
17906,2697635,63,2697698
17907,2697752,111,2697863
17908,2697879,90,2697969
17909,2698010,12,2698022
17910,2698058,33,2698091
17911,2698185,53,2698238
17912,2698405,171,2698576
17913,2698621,76,2698697
17914,2698955,11,2698966
17915,2699196,42,2699238
17916,2699297,25,2699322
17917,2699681,13,2699694
17918,2699712,12,2699724
17919,2699885,92,2699977
17920,2700165,6,2700171
17921,2700233,28,2700261
17922,2700322,14,2700336
17923,2700603,10,2700613
17924,2700828,102,2700930
17925,2701057,85,2701142
17926,2701202,9,2701211
17927,2701271,30,2701301
17928,2701463,35,2701498
17929,2701790,225,2702015
17930,2702020,58,2702078
17931,2702148,22,2702170
17932,2702232,4,2702236
17933,2702249,71,2702320
17934,2702322,14,2702336
17935,2702346,16,2702362
17936,2702400,77,2702477
17937,2702504,3,2702507
17938,2702543,50,2702593
17939,2702594,16,2702610
17940,2702718,83,2702801
17941,2702868,77,2702945
17942,2702986,238,2703224
17943,2703258,32,2703290
17944,2703355,37,2703392
17945,2703398,32,2703430
17946,2703459,11,2703470
17947,2703473,34,2703507
17948,2703655,30,2703685
17949,2703753,88,2703841
17950,2704103,30,2704133
17951,2704270,3,2704273
17952,2704637,19,2704656
17953,2704666,20,2704686
17954,2704697,6,2704703
17955,2704825,131,2704956
17956,2705028,116,2705144
17957,2705150,37,2705187
17958,2705203,33,2705236
17959,2705279,61,2705340
17960,2705393,19,2705412
17961,2705635,81,2705716
17962,2705832,25,2705857
17963,2706020,24,2706044
17964,2706175,20,2706195
17965,2706290,12,2706302
17966,2706406,2,2706408
17967,2706435,12,2706447
17968,2706588,27,2706615
17969,2706810,81,2706891
17970,2706935,196,2707131
17971,2707153,24,2707177
17972,2707192,29,2707221
17973,2707278,42,2707320
17974,2707488,46,2707534
17975,2707875,118,2707993
17976,2708443,13,2708456
17977,2708497,21,2708518
17978,2708588,141,2708729
17979,2708791,57,2708848
17980,2708863,34,2708897
17981,2708919,30,2708949
17982,2709008,17,2709025
17983,2709176,110,2709286
17984,2709338,60,2709398
17985,2709399,206,2709605
17986,2709749,78,2709827
17987,2709917,121,2710038
17988,2710102,23,2710125
17989,2710170,50,2710220
17990,2710240,8,2710248
17991,2710352,11,2710363
17992,2710389,59,2710448
17993,2710564,20,2710584
17994,2710599,54,2710653
17995,2710675,1,2710676
17996,2710706,46,2710752
17997,2710782,79,2710861
17998,2710907,48,2710955
17999,2711083,34,2711117
18000,2711360,35,2711395
18001,2711519,93,2711612
18002,2711624,9,2711633
18003,2711689,45,2711734
18004,2711746,39,2711785
18005,2711813,42,2711855
18006,2711893,4,2711897
18007,2711930,33,2711963
18008,2712155,16,2712171
18009,2712238,120,2712358
18010,2712614,62,2712676
18011,2712708,49,2712757
18012,2712782,10,2712792
18013,2712996,63,2713059
18014,2713227,22,2713249
18015,2713320,65,2713385
18016,2713624,44,2713668
18017,2713675,32,2713707
18018,2713754,97,2713851
18019,2713881,5,2713886
18020,2713968,7,2713975
18021,2714113,58,2714171
18022,2714393,96,2714489
18023,2714668,1,2714669
18024,2714670,58,2714728
18025,2714830,8,2714838
18026,2714886,45,2714931
18027,2715113,4,2715117
18028,2715215,24,2715239
18029,2715272,1,2715273
18030,2715336,82,2715418
18031,2715439,168,2715607
18032,2715710,22,2715732
18033,2715750,5,2715755
18034,2715779,16,2715795
18035,2715921,6,2715927
18036,2716090,11,2716101
18037,2716135,63,2716198
18038,2716272,33,2716305
18039,2716372,64,2716436
18040,2716620,52,2716672
18041,2716768,59,2716827
18042,2716872,16,2716888
18043,2716976,92,2717068
18044,2717083,98,2717181
18045,2717231,6,2717237
18046,2717335,35,2717370
18047,2717418,12,2717430
18048,2717568,21,2717589
18049,2717639,46,2717685
18050,2717738,11,2717749
18051,2717893,58,2717951
18052,2717994,2,2717996
18053,2718055,5,2718060
18054,2718224,48,2718272
18055,2718395,73,2718468
18056,2718690,43,2718733
18057,2718826,108,2718934
18058,2718937,52,2718989
18059,2719005,13,2719018
18060,2719075,17,2719092
18061,2719162,119,2719281
18062,2719292,12,2719304
18063,2719326,72,2719398
18064,2719446,172,2719618
18065,2719698,68,2719766
18066,2719913,100,2720013
18067,2720406,65,2720471
18068,2720473,18,2720491
18069,2720628,17,2720645
18070,2720705,76,2720781
18071,2720894,95,2720989
18072,2720997,41,2721038
18073,2721077,11,2721088
18074,2721167,12,2721179
18075,2721301,63,2721364
18076,2721533,30,2721563
18077,2721800,11,2721811
18078,2721816,36,2721852
18079,2721857,105,2721962
18080,2722056,37,2722093
18081,2722128,18,2722146
18082,2722405,1,2722406
18083,2722656,60,2722716
18084,2722907,72,2722979
18085,2723048,5,2723053
18086,2723127,50,2723177
18087,2723280,89,2723369
18088,2723379,4,2723383
18089,2723475,11,2723486
18090,2723699,92,2723791
18091,2723975,7,2723982
18092,2724019,78,2724097
18093,2724149,61,2724210
18094,2724228,76,2724304
18095,2724781,16,2724797
18096,2724858,13,2724871
18097,2724909,14,2724923
18098,2724936,137,2725073
18099,2725276,14,2725290
18100,2725318,33,2725351
18101,2725364,95,2725459
18102,2725472,104,2725576
18103,2725585,27,2725612
18104,2725768,105,2725873
18105,2726093,22,2726115
18106,2726700,15,2726715
18107,2727103,39,2727142
18108,2727427,140,2727567
18109,2727848,9,2727857
18110,2728097,53,2728150
18111,2728307,41,2728348
18112,2728392,35,2728427
18113,2728532,136,2728668
18114,2728983,19,2729002
18115,2729228,13,2729241
18116,2729321,66,2729387
18117,2729418,28,2729446
18118,2729519,2,2729521
18119,2729703,21,2729724
18120,2729799,23,2729822
18121,2729837,91,2729928
18122,2729935,39,2729974
18123,2730185,8,2730193
18124,2730213,65,2730278
18125,2730459,138,2730597
18126,2730902,6,2730908
18127,2730988,37,2731025
18128,2731179,58,2731237
18129,2731362,120,2731482
18130,2731588,15,2731603
18131,2731806,96,2731902
18132,2731963,68,2732031
18133,2732384,70,2732454
18134,2732603,40,2732643
18135,2732767,14,2732781
18136,2733105,120,2733225
18137,2733284,21,2733305
18138,2733308,17,2733325
18139,2733554,31,2733585
18140,2733601,27,2733628
18141,2733683,21,2733704
18142,2733720,17,2733737
18143,2733800,63,2733863
18144,2733945,74,2734019
18145,2734072,3,2734075
18146,2734110,7,2734117
18147,2734254,6,2734260
18148,2734357,66,2734423
18149,2734476,5,2734481
18150,2734572,48,2734620
18151,2734679,2,2734681
18152,2734801,52,2734853
18153,2734944,53,2734997
18154,2735026,6,2735032
18155,2735047,63,2735110
18156,2735237,115,2735352
18157,2735405,1,2735406
18158,2735456,43,2735499
18159,2735699,28,2735727
18160,2735847,23,2735870
18161,2735921,10,2735931
18162,2735981,35,2736016
18163,2736221,2,2736223
18164,2736354,25,2736379
18165,2736389,61,2736450
18166,2736454,73,2736527
18167,2736638,67,2736705
18168,2736753,64,2736817
18169,2736947,8,2736955
18170,2736993,54,2737047
18171,2737052,4,2737056
18172,2737144,132,2737276
18173,2737357,39,2737396
18174,2737409,75,2737484
18175,2737487,10,2737497
18176,2737617,42,2737659
18177,2738090,32,2738122
18178,2738250,45,2738295
18179,2738395,67,2738462
18180,2738488,133,2738621
18181,2738795,153,2738948
18182,2739077,173,2739250
18183,2739303,26,2739329
18184,2739447,32,2739479
18185,2739622,121,2739743
18186,2739771,99,2739870
18187,2739900,30,2739930
18188,2739940,37,2739977
18189,2739991,24,2740015
18190,2740153,3,2740156
18191,2740215,125,2740340
18192,2740459,37,2740496
18193,2740558,17,2740575
18194,2740592,21,2740613
18195,2740681,23,2740704
18196,2740829,131,2740960
18197,2741236,91,2741327
18198,2741370,9,2741379
18199,2741737,5,2741742
18200,2741790,26,2741816
18201,2741818,67,2741885
18202,2741928,20,2741948
18203,2741964,86,2742050
18204,2742066,11,2742077
18205,2742232,114,2742346
18206,2742440,16,2742456
18207,2742500,23,2742523
18208,2742547,15,2742562
18209,2742734,22,2742756
18210,2742835,87,2742922
18211,2742949,21,2742970
18212,2742996,83,2743079
18213,2743201,54,2743255
18214,2743268,11,2743279
18215,2743280,60,2743340
18216,2743389,2,2743391
18217,2743602,42,2743644
18218,2743738,51,2743789
18219,2743811,221,2744032
18220,2744271,47,2744318
18221,2744617,25,2744642
18222,2744714,205,2744919
18223,2744920,3,2744923
18224,2744978,108,2745086
18225,2745128,40,2745168
18226,2745249,27,2745276
18227,2745493,10,2745503
18228,2746150,241,2746391
18229,2746624,17,2746641
18230,2746829,34,2746863
18231,2747223,27,2747250
18232,2747555,62,2747617
18233,2747669,46,2747715
18234,2747727,12,2747739
18235,2747745,5,2747750
18236,2747775,25,2747800
18237,2747855,13,2747868
18238,2748131,3,2748134
18239,2748289,41,2748330
18240,2748392,91,2748483
18241,2748548,7,2748555
18242,2748647,34,2748681
18243,2748698,1,2748699
18244,2748717,22,2748739
18245,2748853,83,2748936
18246,2748990,67,2749057
18247,2749292,156,2749448
18248,2749524,50,2749574
18249,2749634,90,2749724
18250,2749803,108,2749911
18251,2749990,63,2750053
18252,2750233,91,2750324
18253,2750372,2,2750374
18254,2750404,4,2750408
18255,2750438,35,2750473
18256,2750518,74,2750592
18257,2750599,125,2750724
18258,2750788,47,2750835
18259,2750863,35,2750898
18260,2751086,7,2751093
18261,2751108,144,2751252
18262,2751334,170,2751504
18263,2751544,17,2751561
18264,2751735,124,2751859
18265,2752142,42,2752184
18266,2752274,19,2752293
18267,2752310,23,2752333
18268,2752466,24,2752490
18269,2752570,67,2752637
18270,2752673,2,2752675
18271,2752701,28,2752729
18272,2752763,78,2752841
18273,2752926,31,2752957
18274,2753123,162,2753285
18275,2753292,117,2753409
18276,2753420,51,2753471
18277,2753574,57,2753631
18278,2753640,1,2753641
18279,2753716,3,2753719
18280,2753724,41,2753765
18281,2753845,26,2753871
18282,2754054,1,2754055
18283,2754261,45,2754306
18284,2754438,90,2754528
18285,2754836,65,2754901
18286,2755365,2,2755367
18287,2755468,27,2755495
18288,2755529,59,2755588
18289,2755737,70,2755807
18290,2755926,74,2756000
18291,2756024,74,2756098
18292,2756108,67,2756175
18293,2756191,1,2756192
18294,2756460,17,2756477
18295,2756548,153,2756701
18296,2756763,31,2756794
18297,2756832,7,2756839
18298,2756968,58,2757026
18299,2757034,97,2757131
18300,2757239,17,2757256
18301,2757308,18,2757326
18302,2757546,26,2757572
18303,2757751,79,2757830
18304,2757859,17,2757876
18305,2758129,1,2758130
18306,2758161,13,2758174
18307,2758179,131,2758310
18308,2758416,22,2758438
18309,2758500,70,2758570
18310,2758682,52,2758734
18311,2758740,46,2758786
18312,2758788,91,2758879
18313,2758902,11,2758913
18314,2759056,50,2759106
18315,2759123,88,2759211
18316,2759216,3,2759219
18317,2759261,12,2759273
18318,2759350,100,2759450
18319,2759464,6,2759470
18320,2759520,16,2759536
18321,2759613,50,2759663
18322,2759683,49,2759732
18323,2759867,75,2759942
18324,2760089,155,2760244
18325,2760397,22,2760419
18326,2760423,264,2760687
18327,2760818,9,2760827
18328,2760874,19,2760893
18329,2761171,62,2761233
18330,2761319,51,2761370
18331,2761520,41,2761561
18332,2761785,55,2761840
18333,2761926,23,2761949
18334,2762015,37,2762052
18335,2762074,60,2762134
18336,2762201,61,2762262
18337,2762384,8,2762392
18338,2762635,18,2762653
18339,2762749,9,2762758
18340,2763092,23,2763115
18341,2763122,41,2763163
18342,2763164,105,2763269
18343,2763367,145,2763512
18344,2763581,48,2763629
18345,2763770,35,2763805
18346,2763837,137,2763974
18347,2764015,34,2764049
18348,2764088,23,2764111
18349,2764141,68,2764209
18350,2764258,183,2764441
18351,2764501,43,2764544
18352,2764733,8,2764741
18353,2765076,4,2765080
18354,2765364,48,2765412
18355,2765511,38,2765549
18356,2765875,4,2765879
18357,2766036,266,2766302
18358,2766491,2,2766493
18359,2766620,78,2766698
18360,2766722,82,2766804
18361,2766936,30,2766966
18362,2766970,89,2767059
18363,2767100,13,2767113
18364,2767179,85,2767264
18365,2767381,40,2767421
18366,2767484,121,2767605
18367,2768127,146,2768273
18368,2768341,72,2768413
18369,2768422,28,2768450
18370,2768710,99,2768809
18371,2769058,62,2769120
18372,2769127,50,2769177
18373,2769320,35,2769355
18374,2769454,26,2769480
18375,2769493,54,2769547
18376,2769614,96,2769710
18377,2769724,34,2769758
18378,2769768,86,2769854
18379,2770237,5,2770242
18380,2770401,6,2770407
18381,2770695,104,2770799
18382,2770883,71,2770954
18383,2771054,78,2771132
18384,2771136,43,2771179
18385,2771276,140,2771416
18386,2771446,1,2771447
18387,2771725,62,2771787
18388,2771980,38,2772018
18389,2772091,9,2772100
18390,2772251,43,2772294
18391,2772357,27,2772384
18392,2772585,39,2772624
18393,2772629,11,2772640
18394,2772681,52,2772733
18395,2772781,25,2772806
18396,2772848,115,2772963
18397,2773015,28,2773043
18398,2773141,16,2773157
18399,2773296,54,2773350
18400,2773446,13,2773459
18401,2773485,106,2773591
18402,2774057,1,2774058
18403,2774149,34,2774183
18404,2774300,4,2774304
18405,2774767,24,2774791
18406,2774953,29,2774982
18407,2774987,31,2775018
18408,2775398,31,2775429
18409,2775449,73,2775522
18410,2775671,105,2775776
18411,2775868,34,2775902
18412,2775905,38,2775943
18413,2776074,141,2776215
18414,2776250,106,2776356
18415,2776389,9,2776398
18416,2776644,292,2776936
18417,2777083,61,2777144
18418,2777185,34,2777219
18419,2777326,17,2777343
18420,2777386,49,2777435
18421,2777537,59,2777596
18422,2777620,117,2777737
18423,2778043,6,2778049
18424,2778313,146,2778459
18425,2778788,3,2778791
18426,2778847,113,2778960
18427,2779007,60,2779067
18428,2779231,48,2779279
18429,2779322,24,2779346
18430,2779850,77,2779927
18431,2780051,27,2780078
18432,2780259,138,2780397
18433,2780441,42,2780483
18434,2780558,17,2780575
18435,2780618,23,2780641
18436,2780670,110,2780780
18437,2780829,5,2780834
18438,2780889,42,2780931
18439,2780990,19,2781009
18440,2781038,85,2781123
18441,2781420,22,2781442
18442,2781478,28,2781506
18443,2781509,115,2781624
18444,2781947,65,2782012
18445,2782069,86,2782155
18446,2782428,45,2782473
18447,2782560,3,2782563
18448,2782568,5,2782573
18449,2782659,81,2782740
18450,2782798,181,2782979
18451,2783116,8,2783124
18452,2783146,2,2783148
18453,2783198,5,2783203
18454,2783248,32,2783280
18455,2783353,95,2783448
18456,2783506,2,2783508
18457,2783570,26,2783596
18458,2783702,44,2783746
18459,2783756,37,2783793
18460,2784075,35,2784110
18461,2784211,69,2784280
18462,2784310,4,2784314
18463,2784451,55,2784506
18464,2784536,13,2784549
18465,2784931,71,2785002
18466,2785134,24,2785158
18467,2785162,234,2785396
18468,2785429,24,2785453
18469,2785478,29,2785507
18470,2785535,6,2785541
18471,2785556,54,2785610
18472,2785645,3,2785648
18473,2785710,50,2785760
18474,2785838,91,2785929
18475,2786187,2,2786189
18476,2786222,50,2786272
18477,2786520,70,2786590
18478,2786787,40,2786827
18479,2786858,199,2787057
18480,2787092,44,2787136
18481,2787158,82,2787240
18482,2787407,25,2787432
18483,2787593,70,2787663
18484,2787676,161,2787837
18485,2787841,12,2787853
18486,2787863,28,2787891
18487,2788266,78,2788344
18488,2788404,6,2788410
18489,2788550,71,2788621
18490,2788629,75,2788704
18491,2788959,4,2788963
18492,2788972,4,2788976
18493,2789210,116,2789326
18494,2789347,22,2789369
18495,2789384,2,2789386
18496,2789637,28,2789665
18497,2789838,5,2789843
18498,2790036,4,2790040
18499,2790105,51,2790156
18500,2790170,2,2790172
18501,2790823,36,2790859
18502,2790877,23,2790900
18503,2790904,13,2790917
18504,2791044,75,2791119
18505,2791151,11,2791162
18506,2791206,50,2791256
18507,2791421,69,2791490
18508,2791683,61,2791744
18509,2791783,45,2791828
18510,2791870,8,2791878
18511,2791961,17,2791978
18512,2792168,60,2792228
18513,2792306,51,2792357
18514,2792517,46,2792563
18515,2792736,31,2792767
18516,2792781,26,2792807
18517,2792848,18,2792866
18518,2792934,198,2793132
18519,2793269,83,2793352
18520,2793508,38,2793546
18521,2793635,37,2793672
18522,2793787,35,2793822
18523,2793885,108,2793993
18524,2794021,74,2794095
18525,2794138,32,2794170
18526,2794223,6,2794229
18527,2794235,11,2794246
18528,2794880,47,2794927
18529,2794955,55,2795010
18530,2795133,143,2795276
18531,2795348,55,2795403
18532,2795540,34,2795574
18533,2795725,16,2795741
18534,2795938,49,2795987
18535,2796000,68,2796068
18536,2796092,139,2796231
18537,2796300,43,2796343
18538,2796409,34,2796443
18539,2796460,22,2796482
18540,2796577,125,2796702
18541,2796764,2,2796766
18542,2796889,120,2797009
18543,2797204,60,2797264
18544,2797347,41,2797388
18545,2797489,68,2797557
18546,2797581,51,2797632
18547,2797688,22,2797710
18548,2797793,56,2797849
18549,2797944,42,2797986
18550,2797993,64,2798057
18551,2798196,11,2798207
18552,2798266,7,2798273
18553,2798275,49,2798324
18554,2798564,67,2798631
18555,2798799,54,2798853
18556,2798922,29,2798951
18557,2799036,40,2799076
18558,2799285,18,2799303
18559,2799448,53,2799501
18560,2799698,251,2799949
18561,2799968,1,2799969
18562,2800049,25,2800074
18563,2800087,12,2800099
18564,2800108,22,2800130
18565,2800459,1,2800460
18566,2800468,39,2800507
18567,2800730,45,2800775
18568,2800808,111,2800919
18569,2800926,12,2800938
18570,2801169,43,2801212
18571,2801299,55,2801354
18572,2801364,64,2801428
18573,2801450,17,2801467
18574,2801760,135,2801895
18575,2801934,5,2801939
18576,2802123,9,2802132
18577,2802139,283,2802422
18578,2802475,125,2802600
18579,2802685,29,2802714
18580,2802751,104,2802855
18581,2802906,29,2802935
18582,2803436,18,2803454
18583,2803508,67,2803575
18584,2803627,87,2803714
18585,2803774,16,2803790
18586,2803963,34,2803997
18587,2804177,57,2804234
18588,2804286,3,2804289
18589,2804354,31,2804385
18590,2804767,94,2804861
18591,2804863,8,2804871
18592,2804916,47,2804963
18593,2805019,9,2805028
18594,2805129,7,2805136
18595,2805157,10,2805167
18596,2805172,60,2805232
18597,2805457,122,2805579
18598,2805918,11,2805929
18599,2805967,50,2806017
18600,2806040,152,2806192
18601,2806230,82,2806312
18602,2806382,32,2806414
18603,2806489,1,2806490
18604,2806491,10,2806501
18605,2806505,41,2806546
18606,2806612,22,2806634
18607,2806946,21,2806967
18608,2807133,215,2807348
18609,2807367,166,2807533
18610,2807641,85,2807726
18611,2807784,102,2807886
18612,2808381,16,2808397
18613,2808418,56,2808474
18614,2808528,117,2808645
18615,2808701,145,2808846
18616,2808937,45,2808982
18617,2809141,170,2809311
18618,2809841,19,2809860
18619,2809892,3,2809895
18620,2810194,5,2810199
18621,2810227,22,2810249
18622,2810439,36,2810475
18623,2810533,122,2810655
18624,2810939,53,2810992
18625,2811168,79,2811247
18626,2811289,10,2811299
18627,2811369,5,2811374
18628,2811479,41,2811520
18629,2811683,96,2811779
18630,2811858,1,2811859
18631,2812210,170,2812380
18632,2812570,180,2812750
18633,2812759,5,2812764
18634,2812765,45,2812810
18635,2812971,10,2812981
18636,2813289,7,2813296
18637,2813341,5,2813346
18638,2813858,97,2813955
18639,2814098,25,2814123
18640,2814185,36,2814221
18641,2814483,4,2814487
18642,2814496,1,2814497
18643,2814504,28,2814532
18644,2814568,15,2814583
18645,2814648,38,2814686
18646,2814706,113,2814819
18647,2815114,110,2815224
18648,2815227,235,2815462
18649,2815530,55,2815585
18650,2815676,134,2815810
18651,2815889,23,2815912
18652,2815992,98,2816090
18653,2816142,73,2816215
18654,2816265,159,2816424
18655,2816507,27,2816534
18656,2816659,26,2816685
18657,2816686,28,2816714
18658,2816811,88,2816899
18659,2817115,230,2817345
18660,2817417,109,2817526
18661,2817547,34,2817581
18662,2817598,18,2817616
18663,2817938,101,2818039
18664,2818104,50,2818154
18665,2818302,7,2818309
18666,2818324,137,2818461
18667,2818492,2,2818494
18668,2818512,6,2818518
18669,2818545,45,2818590
18670,2818759,11,2818770
18671,2818953,50,2819003
18672,2819140,8,2819148
18673,2819292,114,2819406
18674,2819704,320,2820024
18675,2820076,42,2820118
18676,2820431,114,2820545
18677,2820637,105,2820742
18678,2820824,174,2820998
18679,2821121,119,2821240
18680,2821285,4,2821289
18681,2821342,21,2821363
18682,2821367,17,2821384
18683,2821417,42,2821459
18684,2821465,67,2821532
18685,2821554,62,2821616
18686,2821740,76,2821816
18687,2821960,51,2822011
18688,2822071,40,2822111
18689,2822272,12,2822284
18690,2822408,51,2822459
18691,2822515,157,2822672
18692,2822741,18,2822759
18693,2822833,63,2822896
18694,2823195,45,2823240
18695,2823345,23,2823368
18696,2823375,6,2823381
18697,2823403,85,2823488
18698,2823619,26,2823645
18699,2823905,69,2823974
18700,2824137,9,2824146
18701,2824213,82,2824295
18702,2824320,122,2824442
18703,2824587,77,2824664
18704,2824799,31,2824830
18705,2824885,15,2824900
18706,2824905,17,2824922
18707,2824947,123,2825070
18708,2825103,33,2825136
18709,2825170,39,2825209
18710,2825346,2,2825348
18711,2825496,93,2825589
18712,2825686,4,2825690
18713,2825880,23,2825903
18714,2825918,80,2825998
18715,2826223,19,2826242
18716,2826512,162,2826674
18717,2826721,23,2826744
18718,2826853,1,2826854
18719,2826895,19,2826914
18720,2827090,16,2827106
18721,2827161,15,2827176
18722,2827281,119,2827400
18723,2827479,35,2827514
18724,2827815,93,2827908
18725,2828111,32,2828143
18726,2828187,2,2828189
18727,2828192,58,2828250
18728,2828253,94,2828347
18729,2828375,109,2828484
18730,2828923,8,2828931
18731,2829309,163,2829472
18732,2829508,113,2829621
18733,2829824,2,2829826
18734,2829958,29,2829987
18735,2830024,77,2830101
18736,2830153,46,2830199
18737,2830222,43,2830265
18738,2830562,69,2830631
18739,2830723,185,2830908
18740,2830948,41,2830989
18741,2831079,5,2831084
18742,2831157,9,2831166
18743,2831213,7,2831220
18744,2831306,4,2831310
18745,2831467,10,2831477
18746,2831533,146,2831679
18747,2831812,9,2831821
18748,2831956,41,2831997
18749,2832113,26,2832139
18750,2832401,1,2832402
18751,2832548,148,2832696
18752,2832716,19,2832735
18753,2833005,92,2833097
18754,2833394,11,2833405
18755,2833476,31,2833507
18756,2833821,82,2833903
18757,2834016,63,2834079
18758,2834091,130,2834221
18759,2834267,136,2834403
18760,2834593,118,2834711
18761,2834721,107,2834828
18762,2834964,45,2835009
18763,2835173,23,2835196
18764,2835239,32,2835271
18765,2835549,30,2835579
18766,2835678,32,2835710
18767,2835801,16,2835817
18768,2836052,42,2836094
18769,2836134,47,2836181
18770,2836281,7,2836288
18771,2836518,62,2836580
18772,2836619,124,2836743
18773,2836802,1,2836803
18774,2836840,122,2836962
18775,2837093,5,2837098
18776,2837209,171,2837380
18777,2837625,3,2837628
18778,2837671,25,2837696
18779,2837706,6,2837712
18780,2837802,62,2837864
18781,2837904,30,2837934
18782,2838112,139,2838251
18783,2838267,18,2838285
18784,2838381,59,2838440
18785,2838446,7,2838453
18786,2838518,43,2838561
18787,2838783,19,2838802
18788,2838808,29,2838837
18789,2838970,24,2838994
18790,2839042,38,2839080
18791,2839160,21,2839181
18792,2839199,14,2839213
18793,2839330,49,2839379
18794,2839394,19,2839413
18795,2839414,21,2839435
18796,2839530,90,2839620
18797,2839754,2,2839756
18798,2839929,38,2839967
18799,2840089,24,2840113
18800,2840170,23,2840193
18801,2840197,4,2840201
18802,2840477,14,2840491
18803,2840638,8,2840646
18804,2840695,13,2840708
18805,2840709,6,2840715
18806,2840802,10,2840812
18807,2840930,45,2840975
18808,2841056,58,2841114
18809,2841126,26,2841152
18810,2841167,85,2841252
18811,2841259,107,2841366
18812,2841501,14,2841515
18813,2841560,25,2841585
18814,2841596,119,2841715
18815,2841878,8,2841886
18816,2842173,3,2842176
18817,2842249,14,2842263
18818,2842373,93,2842466
18819,2842667,38,2842705
18820,2842752,59,2842811
18821,2842873,1,2842874
18822,2843500,8,2843508
18823,2843559,4,2843563
18824,2843828,21,2843849
18825,2843874,61,2843935
18826,2843985,29,2844014
18827,2844080,130,2844210
18828,2844234,84,2844318
18829,2844384,21,2844405
18830,2844579,97,2844676
18831,2844796,5,2844801
18832,2844837,2,2844839
18833,2845006,128,2845134
18834,2845141,55,2845196
18835,2845404,106,2845510
18836,2845648,6,2845654
18837,2845736,18,2845754
18838,2845769,26,2845795
18839,2845857,28,2845885
18840,2845935,81,2846016
18841,2846079,7,2846086
18842,2846095,2,2846097
18843,2846316,25,2846341
18844,2846573,14,2846587
18845,2846764,5,2846769
18846,2846879,25,2846904
18847,2846911,58,2846969
18848,2847113,46,2847159
18849,2847332,2,2847334
18850,2847520,73,2847593
18851,2847616,36,2847652
18852,2847697,49,2847746
18853,2848283,11,2848294
18854,2848384,12,2848396
18855,2848428,8,2848436
18856,2848449,4,2848453
18857,2848458,4,2848462
18858,2848477,42,2848519
18859,2848712,55,2848767
18860,2848775,109,2848884
18861,2849064,48,2849112
18862,2849164,47,2849211
18863,2849238,5,2849243
18864,2849291,15,2849306
18865,2849362,137,2849499
18866,2849511,15,2849526
18867,2849692,46,2849738
18868,2849755,212,2849967
18869,2850138,15,2850153
18870,2850185,39,2850224
18871,2850300,13,2850313
18872,2850460,38,2850498
18873,2850583,3,2850586
18874,2850878,18,2850896
18875,2850907,6,2850913
18876,2850964,220,2851184
18877,2851198,26,2851224
18878,2851289,97,2851386
18879,2851503,14,2851517
18880,2851874,18,2851892
18881,2852393,50,2852443
18882,2852488,17,2852505
18883,2852533,36,2852569
18884,2852598,78,2852676
18885,2852735,44,2852779
18886,2852800,41,2852841
18887,2853185,193,2853378
18888,2853558,19,2853577
18889,2853682,8,2853690
18890,2853823,23,2853846
18891,2853883,1,2853884
18892,2853890,152,2854042
18893,2854073,39,2854112
18894,2854138,38,2854176
18895,2854225,172,2854397
18896,2854601,105,2854706
18897,2854745,10,2854755
18898,2854785,103,2854888
18899,2855184,16,2855200
18900,2855221,35,2855256
18901,2855342,2,2855344
18902,2855504,24,2855528
18903,2855695,4,2855699
18904,2856000,3,2856003
18905,2856070,17,2856087
18906,2856227,20,2856247
18907,2856268,54,2856322
18908,2856349,78,2856427
18909,2856559,13,2856572
18910,2856664,54,2856718
18911,2856799,152,2856951
18912,2857084,7,2857091
18913,2857327,58,2857385
18914,2857419,104,2857523
18915,2857580,72,2857652
18916,2857714,14,2857728
18917,2857893,66,2857959
18918,2858030,33,2858063
18919,2858157,28,2858185
18920,2858259,38,2858297
18921,2858363,48,2858411
18922,2858442,12,2858454
18923,2858812,99,2858911
18924,2858932,26,2858958
18925,2859000,4,2859004
18926,2859274,23,2859297
18927,2859298,20,2859318
18928,2859433,16,2859449
18929,2859528,13,2859541
18930,2859561,196,2859757
18931,2859834,18,2859852
18932,2859869,1,2859870
18933,2859953,35,2859988
18934,2860049,45,2860094
18935,2860139,66,2860205
18936,2860249,109,2860358
18937,2860398,15,2860413
18938,2860507,92,2860599
18939,2860710,32,2860742
18940,2860841,26,2860867
18941,2860888,35,2860923
18942,2860999,29,2861028
18943,2861036,167,2861203
18944,2861228,2,2861230
18945,2861255,17,2861272
18946,2861273,110,2861383
18947,2861615,10,2861625
18948,2861630,19,2861649
18949,2861710,37,2861747
18950,2861929,21,2861950
18951,2862104,8,2862112
18952,2862164,68,2862232
18953,2862713,88,2862801
18954,2862929,18,2862947
18955,2863054,7,2863061
18956,2863160,225,2863385
18957,2863386,181,2863567
18958,2863587,25,2863612
18959,2863645,1,2863646
18960,2863673,182,2863855
18961,2863909,66,2863975
18962,2864089,42,2864131
18963,2864177,102,2864279
18964,2864401,52,2864453
18965,2864584,21,2864605
18966,2864660,86,2864746
18967,2864748,45,2864793
18968,2864818,165,2864983
18969,2865152,125,2865277
18970,2865280,135,2865415
18971,2865448,14,2865462
18972,2865544,32,2865576
18973,2865837,132,2865969
18974,2866116,113,2866229
18975,2866391,278,2866669
18976,2867255,6,2867261
18977,2867360,5,2867365
18978,2867436,10,2867446
18979,2867541,12,2867553
18980,2867614,19,2867633
18981,2867652,96,2867748
18982,2867875,72,2867947
18983,2868204,44,2868248
18984,2868405,108,2868513
18985,2868626,10,2868636
18986,2868670,27,2868697
18987,2868878,23,2868901
18988,2868976,24,2869000
18989,2869112,60,2869172
18990,2869685,14,2869699
18991,2869826,41,2869867
18992,2869908,5,2869913
18993,2870146,32,2870178
18994,2870255,7,2870262
18995,2870277,141,2870418
18996,2870421,17,2870438
18997,2870470,39,2870509
18998,2870641,35,2870676
18999,2870859,120,2870979
19000,2870980,65,2871045
19001,2871192,117,2871309
19002,2871400,91,2871491
19003,2871516,38,2871554
19004,2871709,13,2871722
19005,2871727,71,2871798
19006,2871804,27,2871831
19007,2871833,97,2871930
19008,2872011,11,2872022
19009,2872040,63,2872103
19010,2872158,11,2872169
19011,2872177,35,2872212
19012,2872396,115,2872511
19013,2872659,4,2872663
19014,2872795,14,2872809
19015,2872870,36,2872906
19016,2872937,6,2872943
19017,2873390,30,2873420
19018,2873550,45,2873595
19019,2873664,15,2873679
19020,2873720,235,2873955
19021,2874029,74,2874103
19022,2874353,23,2874376
19023,2874383,35,2874418
19024,2874511,45,2874556
19025,2874880,136,2875016
19026,2875125,197,2875322
19027,2875377,152,2875529
19028,2875562,43,2875605
19029,2875693,30,2875723
19030,2876009,21,2876030
19031,2876032,25,2876057
19032,2876119,47,2876166
19033,2876226,115,2876341
19034,2876431,26,2876457
19035,2876479,36,2876515
19036,2876558,49,2876607
19037,2876614,66,2876680
19038,2876717,6,2876723
19039,2876735,28,2876763
19040,2876897,216,2877113
19041,2877151,7,2877158
19042,2877193,43,2877236
19043,2877260,42,2877302
19044,2877305,46,2877351
19045,2877588,30,2877618
19046,2877682,60,2877742
19047,2877855,76,2877931
19048,2878138,21,2878159
19049,2878263,59,2878322
19050,2878390,40,2878430
19051,2878447,79,2878526
19052,2878571,60,2878631
19053,2878732,10,2878742
19054,2878774,15,2878789
19055,2878928,46,2878974
19056,2879008,2,2879010
19057,2879074,16,2879090
19058,2879139,5,2879144
19059,2879259,16,2879275
19060,2879381,6,2879387
19061,2879447,189,2879636
19062,2879721,71,2879792
19063,2879844,38,2879882
19064,2880059,2,2880061
19065,2880097,12,2880109
19066,2880116,33,2880149
19067,2880170,128,2880298
19068,2880321,53,2880374
19069,2880389,62,2880451
19070,2880553,60,2880613
19071,2880855,96,2880951
19072,2881261,26,2881287
19073,2881470,133,2881603
19074,2881704,18,2881722
19075,2881746,50,2881796
19076,2881910,7,2881917
19077,2882082,20,2882102
19078,2882193,33,2882226
19079,2882283,63,2882346
19080,2882370,57,2882427
19081,2882530,21,2882551
19082,2882564,57,2882621
19083,2882711,36,2882747
19084,2882757,30,2882787
19085,2882935,73,2883008
19086,2883310,37,2883347
19087,2883430,28,2883458
19088,2883624,21,2883645
19089,2883669,46,2883715
19090,2883814,157,2883971
19091,2884070,28,2884098
19092,2884168,21,2884189
19093,2884198,93,2884291
19094,2884358,58,2884416
19095,2884444,12,2884456
19096,2884730,36,2884766
19097,2884944,6,2884950
19098,2884960,45,2885005
19099,2885702,104,2885806
19100,2886058,24,2886082
19101,2886313,24,2886337
19102,2886504,134,2886638
19103,2886697,141,2886838
19104,2886875,23,2886898
19105,2886930,16,2886946
19106,2886993,29,2887022
19107,2887036,14,2887050
19108,2887058,18,2887076
19109,2887111,3,2887114
19110,2887223,56,2887279
19111,2887290,56,2887346
19112,2887398,39,2887437
19113,2887469,76,2887545
19114,2887577,78,2887655
19115,2887891,8,2887899
19116,2887934,38,2887972
19117,2888015,147,2888162
19118,2888251,213,2888464
19119,2888513,74,2888587
19120,2888866,9,2888875
19121,2888938,5,2888943
19122,2889213,31,2889244
19123,2889536,51,2889587
19124,2889588,36,2889624
19125,2889768,97,2889865
19126,2889889,73,2889962
19127,2889964,35,2889999
19128,2890094,206,2890300
19129,2890332,12,2890344
19130,2890348,108,2890456
19131,2890504,184,2890688
19132,2890689,52,2890741
19133,2890806,12,2890818
19134,2890921,87,2891008
19135,2891013,25,2891038
19136,2891297,102,2891399
19137,2891490,138,2891628
19138,2891716,8,2891724
19139,2891795,153,2891948
19140,2891982,7,2891989
19141,2892579,57,2892636
19142,2892641,60,2892701
19143,2892798,44,2892842
19144,2892988,18,2893006
19145,2893010,42,2893052
19146,2893308,81,2893389
19147,2893419,37,2893456
19148,2893648,34,2893682
19149,2893794,56,2893850
19150,2893919,2,2893921
19151,2893961,90,2894051
19152,2894282,30,2894312
19153,2894559,8,2894567
19154,2894597,172,2894769
19155,2894860,115,2894975
19156,2895209,152,2895361
19157,2895408,32,2895440
19158,2895463,10,2895473
19159,2895528,15,2895543
19160,2895560,14,2895574
19161,2895593,35,2895628
19162,2895886,79,2895965
19163,2896406,48,2896454
19164,2896492,2,2896494
19165,2896563,110,2896673
19166,2896731,22,2896753
19167,2896812,85,2896897
19168,2896984,4,2896988
19169,2897120,49,2897169
19170,2897288,34,2897322
19171,2897378,40,2897418
19172,2897424,46,2897470
19173,2897518,10,2897528
19174,2897554,56,2897610
19175,2897678,3,2897681
19176,2897790,4,2897794
19177,2897966,24,2897990
19178,2898077,18,2898095
19179,2898228,164,2898392
19180,2898414,28,2898442
19181,2898467,124,2898591
19182,2898596,64,2898660
19183,2898687,4,2898691
19184,2898740,22,2898762
19185,2898805,1,2898806
19186,2898842,30,2898872
19187,2898943,2,2898945
19188,2899079,28,2899107
19189,2899151,368,2899519
19190,2899543,13,2899556
19191,2899573,148,2899721
19192,2899779,14,2899793
19193,2899838,2,2899840
19194,2899887,15,2899902
19195,2900184,218,2900402
19196,2900578,9,2900587
19197,2900634,12,2900646
19198,2900786,61,2900847
19199,2900859,73,2900932
19200,2901057,12,2901069
19201,2901155,64,2901219
19202,2901237,36,2901273
19203,2901388,169,2901557
19204,2901574,97,2901671
19205,2901799,43,2901842
19206,2901932,39,2901971
19207,2901973,27,2902000
19208,2902248,79,2902327
19209,2902444,5,2902449
19210,2902467,16,2902483
19211,2902508,26,2902534
19212,2902737,22,2902759
19213,2903281,89,2903370
19214,2903769,55,2903824
19215,2903904,110,2904014
19216,2904031,8,2904039
19217,2904231,142,2904373
19218,2904669,80,2904749
19219,2904870,65,2904935
19220,2905150,24,2905174
19221,2905228,35,2905263
19222,2905265,80,2905345
19223,2905420,30,2905450
19224,2905668,13,2905681
19225,2905765,14,2905779
19226,2905850,55,2905905
19227,2906092,27,2906119
19228,2906454,3,2906457
19229,2906520,5,2906525
19230,2906547,66,2906613
19231,2906851,56,2906907
19232,2906918,2,2906920
19233,2906928,53,2906981
19234,2906988,19,2907007
19235,2907058,30,2907088
19236,2907447,30,2907477
19237,2907647,27,2907674
19238,2907817,28,2907845
19239,2908154,26,2908180
19240,2908225,45,2908270
19241,2908309,66,2908375
19242,2908415,54,2908469
19243,2908642,23,2908665
19244,2908701,110,2908811
19245,2908843,66,2908909
19246,2908978,43,2909021
19247,2909056,16,2909072
19248,2909150,60,2909210
19249,2909213,44,2909257
19250,2909262,17,2909279
19251,2909349,7,2909356
19252,2909437,16,2909453
19253,2909557,13,2909570
19254,2909868,9,2909877
19255,2909898,119,2910017
19256,2910041,64,2910105
19257,2910126,67,2910193
19258,2910212,92,2910304
19259,2910353,1,2910354
19260,2910360,2,2910362
19261,2910487,34,2910521
19262,2910570,22,2910592
19263,2910794,17,2910811
19264,2910867,43,2910910
19265,2910939,79,2911018
19266,2911149,9,2911158
19267,2911366,37,2911403
19268,2911474,30,2911504
19269,2911676,7,2911683
19270,2911758,116,2911874
19271,2912060,13,2912073
19272,2912080,19,2912099
19273,2912271,6,2912277
19274,2912402,10,2912412
19275,2912653,64,2912717
19276,2913412,25,2913437
19277,2913448,24,2913472
19278,2913478,47,2913525
19279,2913628,40,2913668
19280,2913803,5,2913808
19281,2913948,9,2913957
19282,2914077,1,2914078
19283,2914163,55,2914218
19284,2914233,75,2914308
19285,2914427,2,2914429
19286,2914461,19,2914480
19287,2914635,169,2914804
19288,2914812,77,2914889
19289,2914991,2,2914993
19290,2915234,13,2915247
19291,2915328,13,2915341
19292,2916138,14,2916152
19293,2916278,7,2916285
19294,2916500,60,2916560
19295,2916642,62,2916704
19296,2916717,25,2916742
19297,2916765,51,2916816
19298,2916972,93,2917065
19299,2917159,1,2917160
19300,2917222,6,2917228
19301,2917316,64,2917380
19302,2917436,6,2917442
19303,2917466,32,2917498
19304,2917522,61,2917583
19305,2917793,65,2917858
19306,2917944,18,2917962
19307,2918130,19,2918149
19308,2918269,89,2918358
19309,2918390,100,2918490
19310,2918578,3,2918581
19311,2918703,11,2918714
19312,2918779,31,2918810
19313,2918926,27,2918953
19314,2918959,206,2919165
19315,2919192,99,2919291
19316,2919310,6,2919316
19317,2919320,108,2919428
19318,2919499,35,2919534
19319,2919618,49,2919667
19320,2919721,11,2919732
19321,2919734,33,2919767
19322,2919780,90,2919870
19323,2919877,161,2920038
19324,2920214,38,2920252
19325,2920686,23,2920709
19326,2920727,141,2920868
19327,2921006,35,2921041
19328,2921085,4,2921089
19329,2921194,83,2921277
19330,2921340,18,2921358
19331,2921508,39,2921547
19332,2921630,32,2921662
19333,2921688,1,2921689
19334,2921882,8,2921890
19335,2921958,117,2922075
19336,2922108,38,2922146
19337,2922283,63,2922346
19338,2922442,43,2922485
19339,2922496,85,2922581
19340,2922590,32,2922622
19341,2922638,27,2922665
19342,2922694,9,2922703
19343,2922724,175,2922899
19344,2922928,22,2922950
19345,2923026,13,2923039
19346,2923059,18,2923077
19347,2923329,58,2923387
19348,2923434,283,2923717
19349,2923773,90,2923863
19350,2923904,18,2923922
19351,2923923,63,2923986
19352,2924011,5,2924016
19353,2924077,5,2924082
19354,2924177,81,2924258
19355,2924453,64,2924517
19356,2924556,36,2924592
19357,2924867,89,2924956
19358,2925038,9,2925047
19359,2925210,16,2925226
19360,2925324,45,2925369
19361,2925406,24,2925430
19362,2925460,47,2925507
19363,2925613,20,2925633
19364,2925853,218,2926071
19365,2926204,4,2926208
19366,2926259,61,2926320
19367,2926595,83,2926678
19368,2926681,5,2926686
19369,2926693,10,2926703
19370,2926795,24,2926819
19371,2926866,5,2926871
19372,2927064,41,2927105
19373,2927310,14,2927324
19374,2927396,5,2927401
19375,2927416,69,2927485
19376,2927537,60,2927597
19377,2927707,62,2927769
19378,2927775,45,2927820
19379,2927883,7,2927890
19380,2928115,10,2928125
19381,2928248,27,2928275
19382,2928454,124,2928578
19383,2928605,55,2928660
19384,2928850,12,2928862
19385,2929083,6,2929089
19386,2929292,82,2929374
19387,2929441,34,2929475
19388,2929491,85,2929576
19389,2929613,146,2929759
19390,2929787,2,2929789
19391,2929795,37,2929832
19392,2929914,9,2929923
19393,2929953,39,2929992
19394,2930009,35,2930044
19395,2930300,79,2930379
19396,2930509,126,2930635
19397,2930680,16,2930696
19398,2930862,149,2931011
19399,2931333,38,2931371
19400,2931604,206,2931810
19401,2931962,28,2931990
19402,2932159,62,2932221
19403,2932273,8,2932281
19404,2932331,155,2932486
19405,2932599,92,2932691
19406,2932723,146,2932869
19407,2932924,32,2932956
19408,2933002,161,2933163
19409,2933490,14,2933504
19410,2933505,7,2933512
19411,2933524,56,2933580
19412,2933593,129,2933722
19413,2933891,27,2933918
19414,2933975,38,2934013
19415,2934029,42,2934071
19416,2934127,9,2934136
19417,2934228,73,2934301
19418,2934394,2,2934396
19419,2934636,92,2934728
19420,2934751,35,2934786
19421,2934880,82,2934962
19422,2935021,75,2935096
19423,2935118,34,2935152
19424,2935167,105,2935272
19425,2935569,32,2935601
19426,2935693,35,2935728
19427,2935779,7,2935786
19428,2935872,57,2935929
19429,2935950,42,2935992
19430,2935997,14,2936011
19431,2936077,8,2936085
19432,2936150,21,2936171
19433,2936244,9,2936253
19434,2936269,103,2936372
19435,2936458,55,2936513
19436,2936601,3,2936604
19437,2936682,11,2936693
19438,2936856,26,2936882
19439,2936936,1,2936937
19440,2937053,35,2937088
19441,2937203,56,2937259
19442,2937325,264,2937589
19443,2937656,12,2937668
19444,2937713,73,2937786
19445,2937805,75,2937880
19446,2938037,10,2938047
19447,2938203,62,2938265
19448,2938371,22,2938393
19449,2938569,49,2938618
19450,2938701,145,2938846
19451,2938915,121,2939036
19452,2939129,70,2939199
19453,2939294,3,2939297
19454,2939311,46,2939357
19455,2939433,46,2939479
19456,2939514,1,2939515
19457,2939630,54,2939684
19458,2939906,6,2939912
19459,2939950,35,2939985
19460,2940044,11,2940055
19461,2940394,17,2940411
19462,2940497,104,2940601
19463,2940695,77,2940772
19464,2940842,24,2940866
19465,2940914,52,2940966
19466,2940971,31,2941002
19467,2941016,39,2941055
19468,2941156,13,2941169
19469,2941190,88,2941278
19470,2941312,256,2941568
19471,2941791,78,2941869
19472,2941899,18,2941917
19473,2942233,107,2942340
19474,2942351,30,2942381
19475,2942397,37,2942434
19476,2942561,17,2942578
19477,2942748,26,2942774
19478,2942787,27,2942814
19479,2942896,88,2942984
19480,2943018,66,2943084
19481,2943346,5,2943351
19482,2943793,77,2943870
19483,2944030,80,2944110
19484,2944164,59,2944223
19485,2944239,142,2944381
19486,2944436,17,2944453
19487,2944594,2,2944596
19488,2944777,36,2944813
19489,2944999,25,2945024
19490,2945064,4,2945068
19491,2945260,57,2945317
19492,2945339,87,2945426
19493,2945485,28,2945513
19494,2945576,11,2945587
19495,2945760,17,2945777
19496,2945880,4,2945884
19497,2945979,5,2945984
19498,2946013,36,2946049
19499,2946239,27,2946266
19500,2946432,139,2946571
19501,2946583,121,2946704
19502,2946724,123,2946847
19503,2946916,2,2946918
19504,2946969,112,2947081
19505,2947095,26,2947121
19506,2947164,29,2947193
19507,2947299,42,2947341
19508,2947401,7,2947408
19509,2947761,21,2947782
19510,2947853,26,2947879
19511,2948254,85,2948339
19512,2948365,65,2948430
19513,2948451,67,2948518
19514,2948640,29,2948669
19515,2948739,135,2948874
19516,2948914,25,2948939
19517,2949001,25,2949026
19518,2949073,3,2949076
19519,2949117,25,2949142
19520,2949192,71,2949263
19521,2949302,52,2949354
19522,2949397,13,2949410
19523,2949481,13,2949494
19524,2949534,30,2949564
19525,2949597,84,2949681
19526,2949937,78,2950015
19527,2950024,22,2950046
19528,2950145,27,2950172
19529,2950221,21,2950242
19530,2950243,7,2950250
19531,2950370,86,2950456
19532,2950472,32,2950504
19533,2950533,24,2950557
19534,2950653,2,2950655
19535,2950661,153,2950814
19536,2950906,57,2950963
19537,2950970,8,2950978
19538,2950989,8,2950997
19539,2951170,7,2951177
19540,2951400,62,2951462
19541,2951655,9,2951664
19542,2951665,31,2951696
19543,2951789,185,2951974
19544,2952180,44,2952224
19545,2952288,50,2952338
19546,2952431,38,2952469
19547,2952475,52,2952527
19548,2952668,57,2952725
19549,2952894,70,2952964
19550,2953009,76,2953085
19551,2953104,254,2953358
19552,2953413,9,2953422
19553,2953567,84,2953651
19554,2953712,10,2953722
19555,2953826,19,2953845
19556,2953853,14,2953867
19557,2953992,40,2954032
19558,2954075,23,2954098
19559,2954150,10,2954160
19560,2954294,146,2954440
19561,2954531,7,2954538
19562,2954550,89,2954639
19563,2954718,1,2954719
19564,2954840,80,2954920
19565,2955218,6,2955224
19566,2955246,94,2955340
19567,2955376,11,2955387
19568,2955389,27,2955416
19569,2955450,180,2955630
19570,2955714,17,2955731
19571,2955779,144,2955923
19572,2955934,64,2955998
19573,2956378,10,2956388
19574,2956445,3,2956448
19575,2956500,1,2956501
19576,2956526,33,2956559
19577,2956754,33,2956787
19578,2956892,37,2956929
19579,2956995,244,2957239
19580,2957321,1,2957322
19581,2957361,70,2957431
19582,2957582,38,2957620
19583,2957661,3,2957664
19584,2957666,66,2957732
19585,2957752,11,2957763
19586,2957802,44,2957846
19587,2957953,6,2957959
19588,2958072,19,2958091
19589,2958199,38,2958237
19590,2958356,102,2958458
19591,2958524,16,2958540
19592,2958641,10,2958651
19593,2958738,47,2958785
19594,2958856,27,2958883
19595,2958896,89,2958985
19596,2959071,21,2959092
19597,2959193,162,2959355
19598,2959599,94,2959693
19599,2959712,69,2959781
19600,2959787,57,2959844
19601,2960109,63,2960172
19602,2960278,20,2960298
19603,2960547,11,2960558
19604,2960568,21,2960589
19605,2960761,100,2960861
19606,2960872,150,2961022
19607,2961036,12,2961048
19608,2961076,4,2961080
19609,2961128,82,2961210
19610,2961227,29,2961256
19611,2961314,25,2961339
19612,2961491,2,2961493
19613,2961692,24,2961716
19614,2961805,32,2961837
19615,2961941,57,2961998
19616,2962072,39,2962111
19617,2962286,181,2962467
19618,2962560,7,2962567
19619,2962601,2,2962603
19620,2962708,22,2962730
19621,2962734,102,2962836
19622,2962898,59,2962957
19623,2963178,33,2963211
19624,2963223,94,2963317
19625,2963348,59,2963407
19626,2963470,41,2963511
19627,2963678,20,2963698
19628,2963748,50,2963798
19629,2963993,113,2964106
19630,2964164,54,2964218
19631,2964233,51,2964284
19632,2964310,37,2964347
19633,2964432,132,2964564
19634,2964608,64,2964672
19635,2964994,138,2965132
19636,2965201,13,2965214
19637,2965225,4,2965229
19638,2965257,45,2965302
19639,2965315,19,2965334
19640,2965401,32,2965433
19641,2965665,16,2965681
19642,2965701,10,2965711
19643,2965724,41,2965765
19644,2965982,11,2965993
19645,2966017,5,2966022
19646,2966206,8,2966214
19647,2966232,12,2966244
19648,2966494,36,2966530
19649,2966724,96,2966820
19650,2966944,32,2966976
19651,2966985,75,2967060
19652,2967080,106,2967186
19653,2967301,79,2967380
19654,2967387,54,2967441
19655,2967461,72,2967533
19656,2967571,15,2967586
19657,2967703,18,2967721
19658,2967755,92,2967847
19659,2967947,3,2967950
19660,2968173,52,2968225
19661,2968340,97,2968437
19662,2968500,95,2968595
19663,2968616,4,2968620
19664,2968664,4,2968668
19665,2968755,72,2968827
19666,2968943,4,2968947
19667,2968966,211,2969177
19668,2969255,148,2969403
19669,2969433,68,2969501
19670,2969518,20,2969538
19671,2969872,98,2969970
19672,2970008,30,2970038
19673,2970100,22,2970122
19674,2970177,12,2970189
19675,2970327,11,2970338
19676,2970385,33,2970418
19677,2970463,59,2970522
19678,2970689,14,2970703
19679,2970848,36,2970884
19680,2970996,99,2971095
19681,2971208,12,2971220
19682,2971440,26,2971466
19683,2971539,12,2971551
19684,2971673,62,2971735
19685,2971754,26,2971780
19686,2971812,20,2971832
19687,2972079,86,2972165
19688,2972289,42,2972331
19689,2973412,127,2973539
19690,2973704,10,2973714
19691,2973816,13,2973829
19692,2974054,28,2974082
19693,2974102,27,2974129
19694,2974359,20,2974379
19695,2974381,15,2974396
19696,2974530,12,2974542
19697,2974702,174,2974876
19698,2974978,5,2974983
19699,2975061,37,2975098
19700,2975215,12,2975227
19701,2975433,15,2975448
19702,2975489,33,2975522
19703,2975646,37,2975683
19704,2975709,7,2975716
19705,2975757,1,2975758
19706,2975862,32,2975894
19707,2975910,58,2975968
19708,2976012,120,2976132
19709,2976166,54,2976220
19710,2976304,40,2976344
19711,2976391,191,2976582
19712,2976702,50,2976752
19713,2976765,2,2976767
19714,2976785,26,2976811
19715,2976819,41,2976860
19716,2976873,77,2976950
19717,2977053,51,2977104
19718,2977217,5,2977222
19719,2977494,51,2977545
19720,2977685,7,2977692
19721,2977789,3,2977792
19722,2977887,26,2977913
19723,2978063,7,2978070
19724,2978405,5,2978410
19725,2978486,49,2978535
19726,2978662,132,2978794
19727,2978936,15,2978951
19728,2979251,7,2979258
19729,2979340,38,2979378
19730,2979530,23,2979553
19731,2979560,19,2979579
19732,2979588,5,2979593
19733,2979604,24,2979628
19734,2979640,84,2979724
19735,2979768,86,2979854
19736,2979921,148,2980069
19737,2980166,127,2980293
19738,2980387,118,2980505
19739,2980508,5,2980513
19740,2980592,71,2980663
19741,2980713,18,2980731
19742,2980741,30,2980771
19743,2980938,19,2980957
19744,2981037,14,2981051
19745,2981073,153,2981226
19746,2981230,8,2981238
19747,2981305,54,2981359
19748,2981416,147,2981563
19749,2981571,32,2981603
19750,2981676,26,2981702
19751,2981750,51,2981801
19752,2981912,53,2981965
19753,2981982,83,2982065
19754,2982257,87,2982344
19755,2982372,11,2982383
19756,2982434,12,2982446
19757,2982517,34,2982551
19758,2982761,6,2982767
19759,2982797,10,2982807
19760,2982824,39,2982863
19761,2982973,3,2982976
19762,2982993,83,2983076
19763,2983163,22,2983185
19764,2983187,27,2983214
19765,2983413,122,2983535
19766,2983825,72,2983897
19767,2984056,16,2984072
19768,2984073,18,2984091
19769,2984140,201,2984341
19770,2984385,65,2984450
19771,2984559,6,2984565
19772,2984593,48,2984641
19773,2984644,46,2984690
19774,2984907,50,2984957
19775,2985040,6,2985046
19776,2985083,22,2985105
19777,2985145,14,2985159
19778,2985245,108,2985353
19779,2985367,22,2985389
19780,2985465,11,2985476
19781,2985604,3,2985607
19782,2986150,8,2986158
19783,2986261,34,2986295
19784,2986536,30,2986566
19785,2986567,93,2986660
19786,2986662,155,2986817
19787,2986835,36,2986871
19788,2987388,62,2987450
19789,2987523,42,2987565
19790,2987806,49,2987855
19791,2987901,104,2988005
19792,2988133,23,2988156
19793,2988261,10,2988271
19794,2988309,14,2988323
19795,2988363,148,2988511
19796,2988565,40,2988605
19797,2988634,43,2988677
19798,2988694,68,2988762
19799,2988778,28,2988806
19800,2988834,80,2988914
19801,2988968,11,2988979
19802,2989009,3,2989012
19803,2989113,58,2989171
19804,2989329,15,2989344
19805,2989385,16,2989401
19806,2989462,49,2989511
19807,2989531,10,2989541
19808,2989672,4,2989676
19809,2989845,39,2989884
19810,2990035,9,2990044
19811,2990052,110,2990162
19812,2990225,31,2990256
19813,2990302,137,2990439
19814,2990622,27,2990649
19815,2990939,88,2991027
19816,2991204,5,2991209
19817,2991211,43,2991254
19818,2991295,14,2991309
19819,2991431,11,2991442
19820,2991536,15,2991551
19821,2991851,9,2991860
19822,2991878,31,2991909
19823,2992030,96,2992126
19824,2992232,39,2992271
19825,2992390,3,2992393
19826,2992398,3,2992401
19827,2992451,57,2992508
19828,2992586,4,2992590
19829,2992705,210,2992915
19830,2993195,254,2993449
19831,2993526,8,2993534
19832,2993606,196,2993802
19833,2993971,22,2993993
19834,2994148,213,2994361
19835,2994449,52,2994501
19836,2994751,206,2994957
19837,2994963,19,2994982
19838,2995059,1,2995060
19839,2995082,14,2995096
19840,2995242,33,2995275
19841,2995285,46,2995331
19842,2995503,163,2995666
19843,2995940,29,2995969
19844,2996142,69,2996211
19845,2996240,60,2996300
19846,2996357,33,2996390
19847,2996416,107,2996523
19848,2996759,20,2996779
19849,2996814,131,2996945
19850,2997058,30,2997088
19851,2997147,7,2997154
19852,2997161,44,2997205
19853,2997470,8,2997478
19854,2997600,8,2997608
19855,2997683,5,2997688
19856,2998057,57,2998114
19857,2998210,40,2998250
19858,2998272,79,2998351
19859,2998354,97,2998451
19860,2998517,93,2998610
19861,2998811,17,2998828
19862,2998908,51,2998959
19863,2998997,17,2999014
19864,2999095,5,2999100
19865,2999381,51,2999432
19866,2999887,42,2999929
19867,2999961,84,3000045
19868,3000416,92,3000508
19869,3000997,21,3001018
19870,3001280,2,3001282
19871,3001352,56,3001408
19872,3001450,9,3001459
19873,3001513,88,3001601
19874,3001639,157,3001796
19875,3001882,149,3002031
19876,3002118,44,3002162
19877,3002254,70,3002324
19878,3002340,41,3002381
19879,3002440,33,3002473
19880,3002504,5,3002509
19881,3002513,180,3002693
19882,3002778,26,3002804
19883,3002834,95,3002929
19884,3002961,100,3003061
19885,3003114,26,3003140
19886,3003175,9,3003184
19887,3003356,73,3003429
19888,3003462,5,3003467
19889,3003488,108,3003596
19890,3003665,8,3003673
19891,3003751,34,3003785
19892,3003801,30,3003831
19893,3003871,51,3003922
19894,3003935,24,3003959
19895,3004111,34,3004145
19896,3004261,45,3004306
19897,3004307,36,3004343
19898,3004353,64,3004417
19899,3004833,165,3004998
19900,3005045,51,3005096
19901,3005249,33,3005282
19902,3005383,9,3005392
19903,3005733,87,3005820
19904,3006109,127,3006236
19905,3006266,117,3006383
19906,3006409,67,3006476
19907,3006589,53,3006642
19908,3006666,11,3006677
19909,3006759,17,3006776
19910,3007073,25,3007098
19911,3007101,39,3007140
19912,3007306,4,3007310
19913,3007348,56,3007404
19914,3007596,76,3007672
19915,3007796,43,3007839
19916,3008248,52,3008300
19917,3008319,46,3008365
19918,3008395,24,3008419
19919,3008452,9,3008461
19920,3008563,158,3008721
19921,3008742,34,3008776
19922,3008917,81,3008998
19923,3009330,49,3009379
19924,3009380,214,3009594
19925,3009633,19,3009652
19926,3009711,79,3009790
19927,3009877,17,3009894
19928,3010074,51,3010125
19929,3010275,22,3010297
19930,3010685,141,3010826
19931,3010955,34,3010989
19932,3011010,33,3011043
19933,3011096,19,3011115
19934,3011152,13,3011165
19935,3011171,25,3011196
19936,3011224,60,3011284
19937,3011469,129,3011598
19938,3011777,88,3011865
19939,3011891,1,3011892
19940,3012061,53,3012114
19941,3012174,25,3012199
19942,3012271,12,3012283
19943,3012321,22,3012343
19944,3012386,46,3012432
19945,3012491,79,3012570
19946,3012658,28,3012686
19947,3012753,98,3012851
19948,3012901,21,3012922
19949,3012939,51,3012990
19950,3013124,47,3013171
19951,3013226,59,3013285
19952,3013295,63,3013358
19953,3013574,86,3013660
19954,3013793,20,3013813
19955,3013819,19,3013838
19956,3014132,52,3014184
19957,3014270,59,3014329
19958,3014345,37,3014382
19959,3014511,62,3014573
19960,3014591,57,3014648
19961,3014724,5,3014729
19962,3014830,12,3014842
19963,3015097,8,3015105
19964,3015244,88,3015332
19965,3015519,1,3015520
19966,3015597,2,3015599
19967,3015605,44,3015649
19968,3015697,82,3015779
19969,3015794,46,3015840
19970,3016150,25,3016175
19971,3016227,109,3016336
19972,3016353,21,3016374
19973,3016413,154,3016567
19974,3016605,178,3016783
19975,3016896,76,3016972
19976,3017029,11,3017040
19977,3017174,1,3017175
19978,3017184,113,3017297
19979,3017337,19,3017356
19980,3017380,160,3017540
19981,3017705,94,3017799
19982,3017857,140,3017997
19983,3018086,73,3018159
19984,3018424,142,3018566
19985,3018863,107,3018970
19986,3018992,35,3019027
19987,3019150,84,3019234
19988,3019315,10,3019325
19989,3019383,66,3019449
19990,3019471,112,3019583
19991,3019590,42,3019632
19992,3019633,1,3019634
19993,3019730,230,3019960
19994,3019966,63,3020029
19995,3020117,60,3020177
19996,3020235,25,3020260
19997,3020326,50,3020376
19998,3020640,26,3020666
19999,3020743,63,3020806
20000,3020945,43,3020988
20001,3021048,43,3021091
20002,3021093,40,3021133
20003,3021316,86,3021402
20004,3021440,4,3021444
20005,3021522,11,3021533
20006,3021619,1,3021620
20007,3021851,117,3021968
20008,3022115,26,3022141
20009,3022307,16,3022323
20010,3022337,29,3022366
20011,3022368,26,3022394
20012,3022410,10,3022420
20013,3022433,27,3022460
20014,3022530,2,3022532
20015,3022620,221,3022841
20016,3022914,54,3022968
20017,3023055,53,3023108
20018,3023116,101,3023217
20019,3023301,31,3023332
20020,3023439,37,3023476
20021,3023601,51,3023652
20022,3023665,4,3023669
20023,3023700,41,3023741
20024,3023817,68,3023885
20025,3023912,23,3023935
20026,3023973,9,3023982
20027,3024045,6,3024051
20028,3024147,171,3024318
20029,3024336,185,3024521
20030,3024600,3,3024603
20031,3024671,26,3024697
20032,3024727,23,3024750
20033,3024826,223,3025049
20034,3025181,104,3025285
20035,3025486,38,3025524
20036,3025561,29,3025590
20037,3025734,19,3025753
20038,3025767,25,3025792
20039,3025914,16,3025930
20040,3026093,99,3026192
20041,3026267,38,3026305
20042,3026318,6,3026324
20043,3026387,23,3026410
20044,3026484,84,3026568
20045,3026593,2,3026595
20046,3026606,20,3026626
20047,3026689,88,3026777
20048,3026866,78,3026944
20049,3026998,55,3027053
20050,3027091,4,3027095
20051,3027153,13,3027166
20052,3027241,63,3027304
20053,3027446,81,3027527
20054,3027866,26,3027892
20055,3027968,3,3027971
20056,3028050,50,3028100
20057,3028252,86,3028338
20058,3028375,110,3028485
20059,3028713,74,3028787
20060,3028930,78,3029008
20061,3029132,66,3029198
20062,3029401,17,3029418
20063,3029442,4,3029446
20064,3029689,45,3029734
20065,3029833,24,3029857
20066,3029980,84,3030064
20067,3030271,27,3030298
20068,3030337,81,3030418
20069,3030557,8,3030565
20070,3030611,144,3030755
20071,3030759,4,3030763
20072,3030800,73,3030873
20073,3031032,2,3031034
20074,3031081,15,3031096
20075,3031204,57,3031261
20076,3031268,22,3031290
20077,3031291,14,3031305
20078,3031451,35,3031486
20079,3031612,43,3031655
20080,3031783,49,3031832
20081,3031992,26,3032018
20082,3032035,28,3032063
20083,3032144,14,3032158
20084,3032287,76,3032363
20085,3032389,10,3032399
20086,3032461,17,3032478
20087,3032580,21,3032601
20088,3032702,61,3032763
20089,3032805,45,3032850
20090,3033274,3,3033277
20091,3033458,83,3033541
20092,3033779,40,3033819
20093,3033890,21,3033911
20094,3033966,24,3033990
20095,3034108,64,3034172
20096,3034441,5,3034446
20097,3034468,3,3034471
20098,3034558,99,3034657
20099,3034799,19,3034818
20100,3034826,180,3035006
20101,3035036,62,3035098
20102,3035135,9,3035144
20103,3035257,42,3035299
20104,3035304,35,3035339
20105,3035364,5,3035369
20106,3035381,2,3035383
20107,3035502,18,3035520
20108,3035862,4,3035866
20109,3035937,11,3035948
20110,3036144,70,3036214
20111,3036373,44,3036417
20112,3036469,1,3036470
20113,3036478,27,3036505
20114,3036583,43,3036626
20115,3036675,4,3036679
20116,3036717,67,3036784
20117,3036819,24,3036843
20118,3036844,79,3036923
20119,3037164,54,3037218
20120,3037233,63,3037296
20121,3037520,92,3037612
20122,3037849,19,3037868
20123,3038126,130,3038256
20124,3038501,73,3038574
20125,3038662,57,3038719
20126,3038862,21,3038883
20127,3039056,48,3039104
20128,3039223,21,3039244
20129,3039278,15,3039293
20130,3039437,49,3039486
20131,3039612,9,3039621
20132,3039625,11,3039636
20133,3039654,10,3039664
20134,3039700,19,3039719
20135,3039822,21,3039843
20136,3039914,58,3039972
20137,3040057,10,3040067
20138,3040204,70,3040274
20139,3040604,3,3040607
20140,3040612,1,3040613
20141,3040700,46,3040746
20142,3040815,26,3040841
20143,3040873,87,3040960
20144,3040975,55,3041030
20145,3041046,15,3041061
20146,3041135,1,3041136
20147,3041172,2,3041174
20148,3041218,89,3041307
20149,3041555,16,3041571
20150,3041822,34,3041856
20151,3042063,35,3042098
20152,3042226,104,3042330
20153,3042357,9,3042366
20154,3042388,5,3042393
20155,3042408,5,3042413
20156,3042480,40,3042520
20157,3042663,34,3042697
20158,3042919,11,3042930
20159,3043178,33,3043211
20160,3043214,27,3043241
20161,3043315,3,3043318
20162,3043390,15,3043405
20163,3043475,23,3043498
20164,3043538,81,3043619
20165,3043666,64,3043730
20166,3043912,59,3043971
20167,3044015,90,3044105
20168,3044145,9,3044154
20169,3044173,121,3044294
20170,3044435,4,3044439
20171,3044497,63,3044560
20172,3044652,25,3044677
20173,3044704,65,3044769
20174,3044849,8,3044857
20175,3044948,15,3044963
20176,3044978,9,3044987
20177,3044998,11,3045009
20178,3045061,55,3045116
20179,3045263,10,3045273
20180,3045492,12,3045504
20181,3045553,136,3045689
20182,3045690,2,3045692
20183,3045783,4,3045787
20184,3045852,67,3045919
20185,3045949,59,3046008
20186,3046176,108,3046284
20187,3046409,97,3046506
20188,3046591,38,3046629
20189,3046820,64,3046884
20190,3046902,51,3046953
20191,3047173,20,3047193
20192,3047201,49,3047250
20193,3047386,38,3047424
20194,3047885,99,3047984
20195,3048138,18,3048156
20196,3048161,15,3048176
20197,3048306,118,3048424
20198,3048440,10,3048450
20199,3048473,66,3048539
20200,3048554,31,3048585
20201,3048616,31,3048647
20202,3049035,144,3049179
20203,3049316,11,3049327
20204,3049640,18,3049658
20205,3049751,14,3049765
20206,3049912,184,3050096
20207,3050229,87,3050316
20208,3050409,1,3050410
20209,3050497,6,3050503
20210,3050608,1,3050609
20211,3050751,22,3050773
20212,3050996,18,3051014
20213,3051049,230,3051279
20214,3051293,15,3051308
20215,3051351,49,3051400
20216,3051433,8,3051441
20217,3051534,41,3051575
20218,3051617,82,3051699
20219,3051884,81,3051965
20220,3052033,42,3052075
20221,3052121,189,3052310
20222,3052470,97,3052567
20223,3052596,216,3052812
20224,3052862,19,3052881
20225,3052902,146,3053048
20226,3053261,5,3053266
20227,3053316,145,3053461
20228,3053575,20,3053595
20229,3053613,3,3053616
20230,3053653,42,3053695
20231,3053758,103,3053861
20232,3053921,1,3053922
20233,3054029,55,3054084
20234,3054156,73,3054229
20235,3054276,4,3054280
20236,3054310,75,3054385
20237,3054395,14,3054409
20238,3054418,19,3054437
20239,3054447,141,3054588
20240,3054798,70,3054868
20241,3054875,30,3054905
20242,3054977,92,3055069
20243,3055097,40,3055137
20244,3055162,41,3055203
20245,3055449,5,3055454
20246,3055465,14,3055479
20247,3055531,4,3055535
20248,3055698,57,3055755
20249,3055829,98,3055927
20250,3056078,25,3056103
20251,3056384,20,3056404
20252,3056453,125,3056578
20253,3056591,21,3056612
20254,3056724,42,3056766
20255,3056838,68,3056906
20256,3056967,29,3056996
20257,3057102,45,3057147
20258,3057260,5,3057265
20259,3057453,83,3057536
20260,3057964,7,3057971
20261,3058309,7,3058316
20262,3058679,41,3058720
20263,3058759,118,3058877
20264,3059119,79,3059198
20265,3059276,26,3059302
20266,3059352,13,3059365
20267,3059387,54,3059441
20268,3059495,68,3059563
20269,3059602,20,3059622
20270,3059886,8,3059894
20271,3059908,15,3059923
20272,3059931,25,3059956
20273,3059959,12,3059971
20274,3060062,21,3060083
20275,3060284,65,3060349
20276,3060398,53,3060451
20277,3060563,4,3060567
20278,3060601,52,3060653
20279,3060676,22,3060698
20280,3060858,11,3060869
20281,3060968,20,3060988
20282,3061101,101,3061202
20283,3061239,9,3061248
20284,3061345,51,3061396
20285,3061459,33,3061492
20286,3061510,33,3061543
20287,3061638,144,3061782
20288,3061871,11,3061882
20289,3062230,27,3062257
20290,3062386,3,3062389
20291,3062865,25,3062890
20292,3062917,24,3062941
20293,3063177,6,3063183
20294,3063582,116,3063698
20295,3063833,24,3063857
20296,3064323,136,3064459
20297,3064512,28,3064540
20298,3064672,16,3064688
20299,3064893,15,3064908
20300,3065023,99,3065122
20301,3065176,14,3065190
20302,3065215,101,3065316
20303,3065604,22,3065626
20304,3065674,9,3065683
20305,3065800,130,3065930
20306,3066086,71,3066157
20307,3066263,38,3066301
20308,3066429,62,3066491
20309,3066523,14,3066537
20310,3066608,34,3066642
20311,3066768,46,3066814
20312,3066914,20,3066934
20313,3066975,96,3067071
20314,3067133,95,3067228
20315,3067338,172,3067510
20316,3067514,25,3067539
20317,3067570,1,3067571
20318,3067614,54,3067668
20319,3067713,62,3067775
20320,3067827,36,3067863
20321,3067890,46,3067936
20322,3068062,47,3068109
20323,3068170,4,3068174
20324,3068183,3,3068186
20325,3068343,15,3068358
20326,3068442,15,3068457
20327,3068635,36,3068671
20328,3068743,5,3068748
20329,3068812,141,3068953
20330,3068965,49,3069014
20331,3069120,47,3069167
20332,3069218,27,3069245
20333,3069284,30,3069314
20334,3069331,63,3069394
20335,3069479,7,3069486
20336,3069534,13,3069547
20337,3069550,15,3069565
20338,3069605,7,3069612
20339,3069619,38,3069657
20340,3069715,39,3069754
20341,3069933,135,3070068
20342,3070171,155,3070326
20343,3070338,56,3070394
20344,3070488,11,3070499
20345,3070532,24,3070556
20346,3070557,133,3070690
20347,3070692,25,3070717
20348,3070768,74,3070842
20349,3070901,16,3070917
20350,3070935,37,3070972
20351,3071056,10,3071066
20352,3071165,3,3071168
20353,3071336,23,3071359
20354,3071361,3,3071364
20355,3071388,1,3071389
20356,3071644,71,3071715
20357,3072106,4,3072110
20358,3072127,65,3072192
20359,3072202,18,3072220
20360,3072284,3,3072287
20361,3072469,49,3072518
20362,3072585,73,3072658
20363,3072839,13,3072852
20364,3072862,29,3072891
20365,3073098,165,3073263
20366,3073390,124,3073514
20367,3073531,80,3073611
20368,3073652,44,3073696
20369,3073721,128,3073849
20370,3073884,53,3073937
20371,3074053,39,3074092
20372,3074166,37,3074203
20373,3074345,24,3074369
20374,3074390,20,3074410
20375,3074473,8,3074481
20376,3074994,30,3075024
20377,3075126,9,3075135
20378,3075147,37,3075184
20379,3075218,19,3075237
20380,3075661,5,3075666
20381,3075936,37,3075973
20382,3076018,60,3076078
20383,3076108,15,3076123
20384,3076137,11,3076148
20385,3076278,31,3076309
20386,3076342,2,3076344
20387,3076769,19,3076788
20388,3076855,39,3076894
20389,3077049,15,3077064
20390,3077185,3,3077188
20391,3077273,26,3077299
20392,3077404,86,3077490
20393,3077507,6,3077513
20394,3077622,41,3077663
20395,3077731,14,3077745
20396,3077818,17,3077835
20397,3077845,107,3077952
20398,3078008,41,3078049
20399,3078055,12,3078067
20400,3078185,55,3078240
20401,3078324,13,3078337
20402,3078375,16,3078391
20403,3078477,22,3078499
20404,3078635,24,3078659
20405,3078677,3,3078680
20406,3078761,12,3078773
20407,3078777,33,3078810
20408,3079342,32,3079374
20409,3079399,56,3079455
20410,3079809,5,3079814
20411,3079877,34,3079911
20412,3080135,40,3080175
20413,3080182,91,3080273
20414,3080368,8,3080376
20415,3080433,71,3080504
20416,3080561,60,3080621
20417,3080757,105,3080862
20418,3080935,136,3081071
20419,3081166,30,3081196
20420,3081216,24,3081240
20421,3081246,58,3081304
20422,3081305,34,3081339
20423,3081415,78,3081493
20424,3081622,26,3081648
20425,3081717,52,3081769
20426,3081797,24,3081821
20427,3081893,17,3081910
20428,3081924,50,3081974
20429,3082024,109,3082133
20430,3082142,59,3082201
20431,3082236,73,3082309
20432,3082361,26,3082387
20433,3082657,23,3082680
20434,3082840,1,3082841
20435,3082977,8,3082985
20436,3083243,61,3083304
20437,3083325,16,3083341
20438,3083645,9,3083654
20439,3083661,40,3083701
20440,3083894,13,3083907
20441,3083939,127,3084066
20442,3084109,3,3084112
20443,3084120,30,3084150
20444,3084253,18,3084271
20445,3084453,22,3084475
20446,3084498,12,3084510
20447,3084690,13,3084703
20448,3084739,148,3084887
20449,3084954,11,3084965
20450,3085289,192,3085481
20451,3085622,147,3085769
20452,3085790,12,3085802
20453,3085926,16,3085942
20454,3085966,5,3085971
20455,3085974,11,3085985
20456,3086000,128,3086128
20457,3086161,59,3086220
20458,3086345,42,3086387
20459,3086406,13,3086419
20460,3086516,98,3086614
20461,3086673,38,3086711
20462,3086740,38,3086778
20463,3086803,58,3086861
20464,3087073,313,3087386
20465,3087472,7,3087479
20466,3087596,121,3087717
20467,3087805,34,3087839
20468,3087855,6,3087861
20469,3088032,17,3088049
20470,3088197,3,3088200
20471,3088208,10,3088218
20472,3088375,50,3088425
20473,3088618,5,3088623
20474,3088726,5,3088731
20475,3088803,3,3088806
20476,3089143,33,3089176
20477,3089196,88,3089284
20478,3089338,54,3089392
20479,3089639,45,3089684
20480,3089765,107,3089872
20481,3089968,10,3089978
20482,3090162,31,3090193
20483,3090369,44,3090413
20484,3090453,39,3090492
20485,3090494,155,3090649
20486,3090670,17,3090687
20487,3091091,81,3091172
20488,3091185,205,3091390
20489,3091448,63,3091511
20490,3091608,105,3091713
20491,3091733,77,3091810
20492,3092033,24,3092057
20493,3092628,28,3092656
20494,3092781,2,3092783
20495,3092986,16,3093002
20496,3093076,24,3093100
20497,3093179,4,3093183
20498,3093292,50,3093342
20499,3093356,21,3093377
20500,3093390,15,3093405
20501,3093416,165,3093581
20502,3093622,56,3093678
20503,3093701,27,3093728
20504,3093735,91,3093826
20505,3093839,27,3093866
20506,3093883,24,3093907
20507,3094219,56,3094275
20508,3094312,50,3094362
20509,3094375,4,3094379
20510,3094588,109,3094697
20511,3094700,5,3094705
20512,3095017,8,3095025
20513,3095106,23,3095129
20514,3095236,55,3095291
20515,3095299,180,3095479
20516,3095522,12,3095534
20517,3095560,32,3095592
20518,3095973,63,3096036
20519,3096053,3,3096056
20520,3096076,5,3096081
20521,3096509,53,3096562
20522,3096571,39,3096610
20523,3096628,4,3096632
20524,3096681,24,3096705
20525,3097084,31,3097115
20526,3097246,10,3097256
20527,3097280,19,3097299
20528,3097303,49,3097352
20529,3097574,14,3097588
20530,3097741,10,3097751
20531,3097752,7,3097759
20532,3097770,35,3097805
20533,3097836,24,3097860
20534,3097867,10,3097877
20535,3097898,42,3097940
20536,3097950,40,3097990
20537,3097997,19,3098016
20538,3098034,44,3098078
20539,3098478,7,3098485
20540,3098725,37,3098762
20541,3098793,37,3098830
20542,3098834,120,3098954
20543,3098972,17,3098989
20544,3099185,4,3099189
20545,3099238,24,3099262
20546,3099535,2,3099537
20547,3099617,54,3099671
20548,3100245,7,3100252
20549,3100333,65,3100398
20550,3100467,4,3100471
20551,3100591,21,3100612
20552,3100620,103,3100723
20553,3100737,16,3100753
20554,3100859,32,3100891
20555,3101114,13,3101127
20556,3101139,125,3101264
20557,3101304,181,3101485
20558,3101721,7,3101728
20559,3101749,213,3101962
20560,3101973,27,3102000
20561,3102148,52,3102200
20562,3102264,20,3102284
20563,3102304,43,3102347
20564,3102532,113,3102645
20565,3103055,65,3103120
20566,3103257,80,3103337
20567,3103509,21,3103530
20568,3103629,14,3103643
20569,3103674,7,3103681
20570,3103787,86,3103873
20571,3103941,16,3103957
20572,3103963,85,3104048
20573,3104163,10,3104173
20574,3104241,56,3104297
20575,3104469,20,3104489
20576,3104529,5,3104534
20577,3104555,125,3104680
20578,3104726,26,3104752
20579,3104775,178,3104953
20580,3104958,14,3104972
20581,3105305,58,3105363
20582,3105366,27,3105393
20583,3105743,34,3105777
20584,3105785,5,3105790
20585,3105996,36,3106032
20586,3106037,49,3106086
20587,3106172,131,3106303
20588,3106393,34,3106427
20589,3106523,1,3106524
20590,3106541,31,3106572
20591,3106842,10,3106852
20592,3106868,34,3106902
20593,3106960,42,3107002
20594,3107055,2,3107057
20595,3107058,98,3107156
20596,3107322,113,3107435
20597,3107504,123,3107627
20598,3107641,87,3107728
20599,3107979,11,3107990
20600,3108198,37,3108235
20601,3108266,8,3108274
20602,3108276,55,3108331
20603,3108336,57,3108393
20604,3108882,94,3108976
20605,3109095,163,3109258
20606,3109640,19,3109659
20607,3109774,37,3109811
20608,3109888,100,3109988
20609,3110249,10,3110259
20610,3110460,26,3110486
20611,3110569,70,3110639
20612,3110764,46,3110810
20613,3110915,36,3110951
20614,3111096,27,3111123
20615,3111199,98,3111297
20616,3111405,73,3111478
20617,3111492,79,3111571
20618,3111588,34,3111622
20619,3111694,11,3111705
20620,3111936,75,3112011
20621,3112029,73,3112102
20622,3112119,90,3112209
20623,3112229,57,3112286
20624,3112444,10,3112454
20625,3112488,2,3112490
20626,3112610,64,3112674
20627,3112710,18,3112728
20628,3112756,18,3112774
20629,3113028,7,3113035
20630,3113096,43,3113139
20631,3113184,44,3113228
20632,3113429,115,3113544
20633,3113603,111,3113714
20634,3113785,21,3113806
20635,3113834,70,3113904
20636,3113920,51,3113971
20637,3114146,17,3114163
20638,3114324,3,3114327
20639,3114673,50,3114723
20640,3114760,7,3114767
20641,3114822,9,3114831
20642,3114893,149,3115042
20643,3115244,16,3115260
20644,3115530,180,3115710
20645,3115758,52,3115810
20646,3116030,8,3116038
20647,3116050,57,3116107
20648,3116164,9,3116173
20649,3116217,87,3116304
20650,3116441,48,3116489
20651,3116721,41,3116762
20652,3116899,46,3116945
20653,3117025,52,3117077
20654,3117144,1,3117145
20655,3117171,62,3117233
20656,3117479,3,3117482
20657,3117523,44,3117567
20658,3117688,114,3117802
20659,3117921,55,3117976
20660,3118063,7,3118070
20661,3118102,64,3118166
20662,3118274,29,3118303
20663,3118381,5,3118386
20664,3118441,18,3118459
20665,3118497,95,3118592
20666,3118794,81,3118875
20667,3118877,16,3118893
20668,3118903,27,3118930
20669,3119018,18,3119036
20670,3119059,65,3119124
20671,3119443,37,3119480
20672,3119560,13,3119573
20673,3119745,9,3119754
20674,3119766,17,3119783
20675,3119802,7,3119809
20676,3119824,96,3119920
20677,3120002,39,3120041
20678,3120053,3,3120056
20679,3120442,53,3120495
20680,3120568,24,3120592
20681,3120797,178,3120975
20682,3120988,5,3120993
20683,3121092,13,3121105
20684,3121164,18,3121182
20685,3121652,28,3121680
20686,3121823,25,3121848
20687,3121900,41,3121941
20688,3122000,73,3122073
20689,3122209,108,3122317
20690,3122352,40,3122392
20691,3122407,48,3122455
20692,3122465,23,3122488
20693,3122526,5,3122531
20694,3122540,18,3122558
20695,3122589,45,3122634
20696,3122638,9,3122647
20697,3122967,63,3123030
20698,3123039,79,3123118
20699,3123373,10,3123383
20700,3123406,13,3123419
20701,3123757,32,3123789
20702,3123825,184,3124009
20703,3124264,2,3124266
20704,3124324,3,3124327
20705,3124385,19,3124404
20706,3124632,36,3124668
20707,3124670,10,3124680
20708,3124762,167,3124929
20709,3124990,165,3125155
20710,3125192,14,3125206
20711,3125309,23,3125332
20712,3125398,49,3125447
20713,3125477,32,3125509
20714,3125870,8,3125878
20715,3125889,132,3126021
20716,3126162,5,3126167
20717,3126220,11,3126231
20718,3126456,68,3126524
20719,3126710,46,3126756
20720,3126857,155,3127012
20721,3127172,44,3127216
20722,3127356,201,3127557
20723,3127623,18,3127641
20724,3127794,35,3127829
20725,3127858,21,3127879
20726,3127942,18,3127960
20727,3128015,4,3128019
20728,3128047,10,3128057
20729,3128138,2,3128140
20730,3128251,1,3128252
20731,3128253,42,3128295
20732,3128314,13,3128327
20733,3128389,12,3128401
20734,3128593,105,3128698
20735,3128904,3,3128907
20736,3129022,24,3129046
20737,3129344,51,3129395
20738,3129408,1,3129409
20739,3129533,35,3129568
20740,3129596,83,3129679
20741,3129683,40,3129723
20742,3129819,9,3129828
20743,3130142,19,3130161
20744,3130177,83,3130260
20745,3130337,15,3130352
20746,3130386,94,3130480
20747,3130502,80,3130582
20748,3130673,37,3130710
20749,3130878,96,3130974
20750,3131057,159,3131216
20751,3131433,91,3131524
20752,3131556,47,3131603
20753,3132025,63,3132088
20754,3132236,77,3132313
20755,3132339,30,3132369
20756,3132462,8,3132470
20757,3132567,167,3132734
20758,3132746,108,3132854
20759,3132879,88,3132967
20760,3132968,26,3132994
20761,3133033,24,3133057
20762,3133138,267,3133405
20763,3133464,3,3133467
20764,3133602,8,3133610
20765,3133636,184,3133820
20766,3133955,65,3134020
20767,3134145,79,3134224
20768,3134233,120,3134353
20769,3134455,40,3134495
20770,3134682,6,3134688
20771,3134777,194,3134971
20772,3135064,19,3135083
20773,3135183,179,3135362
20774,3135366,5,3135371
20775,3135590,6,3135596
20776,3135635,146,3135781
20777,3135836,69,3135905
20778,3135960,57,3136017
20779,3136018,7,3136025
20780,3136094,58,3136152
20781,3136293,43,3136336
20782,3136358,11,3136369
20783,3136386,43,3136429
20784,3136462,36,3136498
20785,3136739,21,3136760
20786,3136764,57,3136821
20787,3137006,51,3137057
20788,3137399,76,3137475
20789,3137513,30,3137543
20790,3137713,19,3137732
20791,3137802,19,3137821
20792,3137980,133,3138113
20793,3138160,4,3138164
20794,3138279,27,3138306
20795,3138672,27,3138699
20796,3138861,29,3138890
20797,3139039,11,3139050
20798,3139121,6,3139127
20799,3139251,13,3139264
20800,3139356,72,3139428
20801,3139484,29,3139513
20802,3139593,1,3139594
20803,3139711,59,3139770
20804,3139808,18,3139826
20805,3140219,36,3140255
20806,3140343,65,3140408
20807,3140433,126,3140559
20808,3140700,32,3140732
20809,3140872,82,3140954
20810,3141018,27,3141045
20811,3141208,106,3141314
20812,3141453,117,3141570
20813,3141602,27,3141629
20814,3141712,22,3141734
20815,3141825,139,3141964
20816,3142050,43,3142093
20817,3142139,72,3142211
20818,3142402,2,3142404
20819,3142425,5,3142430
20820,3142436,16,3142452
20821,3142516,38,3142554
20822,3142619,90,3142709
20823,3142886,6,3142892
20824,3142904,64,3142968
20825,3143060,23,3143083
20826,3143245,36,3143281
20827,3143569,22,3143591
20828,3143667,94,3143761
20829,3143775,36,3143811
20830,3143817,29,3143846
20831,3143851,34,3143885
20832,3144200,115,3144315
20833,3144354,35,3144389
20834,3144421,7,3144428
20835,3144437,23,3144460
20836,3144466,3,3144469
20837,3144498,5,3144503
20838,3144526,31,3144557
20839,3144689,9,3144698
20840,3144705,39,3144744
20841,3144903,15,3144918
20842,3144970,66,3145036
20843,3145232,16,3145248
20844,3145471,80,3145551
20845,3145702,24,3145726
20846,3145857,18,3145875
20847,3145894,33,3145927
20848,3145929,6,3145935
20849,3146007,5,3146012
20850,3146047,59,3146106
20851,3146138,27,3146165
20852,3146170,273,3146443
20853,3146723,19,3146742
20854,3146784,25,3146809
20855,3147196,69,3147265
20856,3147395,26,3147421
20857,3147516,35,3147551
20858,3147640,8,3147648
20859,3147834,99,3147933
20860,3147985,70,3148055
20861,3148098,67,3148165
20862,3148282,13,3148295
20863,3148352,16,3148368
20864,3148370,69,3148439
20865,3148622,179,3148801
20866,3148841,2,3148843
20867,3148863,30,3148893
20868,3148997,37,3149034
20869,3149109,72,3149181
20870,3149360,82,3149442
20871,3149496,23,3149519
20872,3149535,39,3149574
20873,3149776,21,3149797
20874,3149959,52,3150011
20875,3150103,399,3150502
20876,3150517,35,3150552
20877,3150658,9,3150667
20878,3151415,8,3151423
20879,3151514,15,3151529
20880,3151534,18,3151552
20881,3151759,60,3151819
20882,3151854,40,3151894
20883,3152032,36,3152068
20884,3152351,7,3152358
20885,3152377,158,3152535
20886,3152742,47,3152789
20887,3152843,7,3152850
20888,3153220,48,3153268
20889,3153451,113,3153564
20890,3153577,21,3153598
20891,3153652,89,3153741
20892,3153897,39,3153936
20893,3154065,28,3154093
20894,3154596,28,3154624
20895,3154634,99,3154733
20896,3154773,5,3154778
20897,3154793,183,3154976
20898,3154997,47,3155044
20899,3155047,4,3155051
20900,3155110,6,3155116
20901,3155237,174,3155411
20902,3155428,21,3155449
20903,3155529,36,3155565
20904,3155597,12,3155609
20905,3155881,28,3155909
20906,3156075,42,3156117
20907,3156166,1,3156167
20908,3156231,18,3156249
20909,3156382,73,3156455
20910,3156594,6,3156600
20911,3156659,84,3156743
20912,3157022,37,3157059
20913,3157061,71,3157132
20914,3157156,91,3157247
20915,3157382,1,3157383
20916,3157451,151,3157602
20917,3157607,21,3157628
20918,3157799,277,3158076
20919,3158243,8,3158251
20920,3158289,47,3158336
20921,3158398,12,3158410
20922,3158424,50,3158474
20923,3158789,120,3158909
20924,3158929,58,3158987
20925,3159102,15,3159117
20926,3159263,86,3159349
20927,3159376,109,3159485
20928,3159627,94,3159721
20929,3159729,78,3159807
20930,3159984,93,3160077
20931,3160159,2,3160161
20932,3160162,16,3160178
20933,3160205,11,3160216
20934,3160235,42,3160277
20935,3160309,9,3160318
20936,3160337,1,3160338
20937,3160439,41,3160480
20938,3160635,51,3160686
20939,3160728,31,3160759
20940,3160993,3,3160996
20941,3161134,96,3161230
20942,3161238,25,3161263
20943,3161418,58,3161476
20944,3161688,63,3161751
20945,3161921,4,3161925
20946,3162004,2,3162006
20947,3162053,4,3162057
20948,3162186,19,3162205
20949,3162256,14,3162270
20950,3162337,52,3162389
20951,3162392,150,3162542
20952,3162563,21,3162584
20953,3162594,6,3162600
20954,3162632,7,3162639
20955,3162691,179,3162870
20956,3162965,38,3163003
20957,3163019,63,3163082
20958,3163112,10,3163122
20959,3163245,139,3163384
20960,3163475,9,3163484
20961,3163507,7,3163514
20962,3163517,11,3163528
20963,3163540,10,3163550
20964,3163605,93,3163698
20965,3163840,68,3163908
20966,3164122,9,3164131
20967,3164134,16,3164150
20968,3164266,3,3164269
20969,3164290,40,3164330
20970,3164529,59,3164588
20971,3164610,12,3164622
20972,3164810,137,3164947
20973,3165027,22,3165049
20974,3165111,86,3165197
20975,3165320,103,3165423
20976,3165448,34,3165482
20977,3165577,43,3165620
20978,3165621,51,3165672
20979,3165946,3,3165949
20980,3165970,96,3166066
20981,3166080,40,3166120
20982,3166138,22,3166160
20983,3166220,17,3166237
20984,3166389,2,3166391
20985,3166394,24,3166418
20986,3166433,72,3166505
20987,3166552,4,3166556
20988,3166577,39,3166616
20989,3166716,14,3166730
20990,3166814,99,3166913
20991,3166955,106,3167061
20992,3167148,48,3167196
20993,3167286,12,3167298
20994,3167469,53,3167522
20995,3167541,1,3167542
20996,3167583,2,3167585
20997,3167596,67,3167663
20998,3167832,92,3167924
20999,3168009,35,3168044
21000,3168050,45,3168095
21001,3168110,221,3168331
21002,3168542,58,3168600
21003,3168644,38,3168682
21004,3168685,120,3168805
21005,3168875,12,3168887
21006,3169109,49,3169158
21007,3169302,30,3169332
21008,3169531,84,3169615
21009,3169664,26,3169690
21010,3169769,60,3169829
21011,3169876,27,3169903
21012,3169910,156,3170066
21013,3170212,77,3170289
21014,3170303,41,3170344
21015,3170490,177,3170667
21016,3170767,56,3170823
21017,3170824,57,3170881
21018,3170900,9,3170909
21019,3170924,4,3170928
21020,3171008,61,3171069
21021,3171257,129,3171386
21022,3171448,9,3171457
21023,3171482,84,3171566
21024,3171664,30,3171694
21025,3171730,63,3171793
21026,3171847,57,3171904
21027,3171927,22,3171949
21028,3172020,83,3172103
21029,3172173,23,3172196
21030,3172216,1,3172217
21031,3172330,65,3172395
21032,3172436,29,3172465
21033,3172489,27,3172516
21034,3172580,28,3172608
21035,3172714,67,3172781
21036,3172943,51,3172994
21037,3173012,71,3173083
21038,3173271,92,3173363
21039,3173493,69,3173562
21040,3173579,3,3173582
21041,3173701,74,3173775
21042,3173915,4,3173919
21043,3174024,32,3174056
21044,3174144,20,3174164
21045,3174202,4,3174206
21046,3174245,36,3174281
21047,3174300,3,3174303
21048,3174338,1,3174339
21049,3174683,145,3174828
21050,3174840,234,3175074
21051,3175170,27,3175197
21052,3175251,9,3175260
21053,3175273,105,3175378
21054,3175470,28,3175498
21055,3175614,22,3175636
21056,3175699,48,3175747
21057,3175756,30,3175786
21058,3175875,9,3175884
21059,3176270,84,3176354
21060,3176577,115,3176692
21061,3176705,29,3176734
21062,3176772,30,3176802
21063,3176885,93,3176978
21064,3177174,21,3177195
21065,3177466,8,3177474
21066,3177557,61,3177618
21067,3177657,33,3177690
21068,3177728,43,3177771
21069,3177906,87,3177993
21070,3178158,11,3178169
21071,3178197,11,3178208
21072,3178291,117,3178408
21073,3178459,36,3178495
21074,3178637,76,3178713
21075,3179048,2,3179050
21076,3179109,135,3179244
21077,3179308,29,3179337
21078,3179388,22,3179410
21079,3179462,22,3179484
21080,3179654,43,3179697
21081,3179710,8,3179718
21082,3179756,22,3179778
21083,3180062,23,3180085
21084,3180215,43,3180258
21085,3180341,46,3180387
21086,3180431,38,3180469
21087,3180547,65,3180612
21088,3180642,15,3180657
21089,3180671,26,3180697
21090,3180706,1,3180707
21091,3180729,27,3180756
21092,3180888,22,3180910
21093,3180940,230,3181170
21094,3181267,21,3181288
21095,3181396,61,3181457
21096,3181540,2,3181542
21097,3181596,62,3181658
21098,3181745,2,3181747
21099,3182021,72,3182093
21100,3182100,119,3182219
21101,3182426,17,3182443
21102,3182476,34,3182510
21103,3182589,40,3182629
21104,3182710,29,3182739
21105,3182796,235,3183031
21106,3183115,37,3183152
21107,3183215,86,3183301
21108,3183588,10,3183598
21109,3183679,3,3183682
21110,3183685,87,3183772
21111,3183904,29,3183933
21112,3184221,5,3184226
21113,3184301,54,3184355
21114,3184489,10,3184499
21115,3184635,43,3184678
21116,3184725,17,3184742
21117,3184758,78,3184836
21118,3184932,12,3184944
21119,3185064,10,3185074
21120,3185120,23,3185143
21121,3185245,35,3185280
21122,3185282,2,3185284
21123,3185311,62,3185373
21124,3185495,231,3185726
21125,3185786,43,3185829
21126,3185887,25,3185912
21127,3186062,32,3186094
21128,3186224,21,3186245
21129,3186382,4,3186386
21130,3186568,26,3186594
21131,3186732,28,3186760
21132,3186849,273,3187122
21133,3187219,52,3187271
21134,3187274,16,3187290
21135,3187448,93,3187541
21136,3187546,39,3187585
21137,3187720,5,3187725
21138,3187756,76,3187832
21139,3188007,26,3188033
21140,3188185,16,3188201
21141,3188216,138,3188354
21142,3188435,8,3188443
21143,3188478,23,3188501
21144,3188793,21,3188814
21145,3188865,41,3188906
21146,3188932,45,3188977
21147,3189132,73,3189205
21148,3189215,16,3189231
21149,3189347,13,3189360
21150,3189396,4,3189400
21151,3189429,23,3189452
21152,3189475,69,3189544
21153,3189641,66,3189707
21154,3189807,46,3189853
21155,3189920,84,3190004
21156,3190141,39,3190180
21157,3190342,25,3190367
21158,3190376,127,3190503
21159,3190523,177,3190700
21160,3190743,50,3190793
21161,3190988,7,3190995
21162,3191332,8,3191340
21163,3191411,40,3191451
21164,3191456,67,3191523
21165,3191614,110,3191724
21166,3191807,5,3191812
21167,3191851,151,3192002
21168,3192139,24,3192163
21169,3192211,80,3192291
21170,3192310,27,3192337
21171,3192355,54,3192409
21172,3192446,32,3192478
21173,3192480,63,3192543
21174,3192706,81,3192787
21175,3192821,11,3192832
21176,3192951,16,3192967
21177,3193086,63,3193149
21178,3193165,15,3193180
21179,3193395,30,3193425
21180,3193647,15,3193662
21181,3193667,20,3193687
21182,3193912,4,3193916
21183,3193987,23,3194010
21184,3194013,40,3194053
21185,3194110,36,3194146
21186,3194170,89,3194259
21187,3194314,74,3194388
21188,3194455,110,3194565
21189,3194620,18,3194638
21190,3194724,55,3194779
21191,3194864,25,3194889
21192,3194973,11,3194984
21193,3195009,12,3195021
21194,3195132,136,3195268
21195,3195468,117,3195585
21196,3195734,12,3195746
21197,3195918,12,3195930
21198,3195938,93,3196031
21199,3196117,55,3196172
21200,3196201,45,3196246
21201,3196464,48,3196512
21202,3196521,45,3196566
21203,3196609,8,3196617
21204,3196821,5,3196826
21205,3196856,80,3196936
21206,3197013,69,3197082
21207,3197112,149,3197261
21208,3197331,23,3197354
21209,3197372,159,3197531
21210,3197681,2,3197683
21211,3197931,43,3197974
21212,3197976,24,3198000
21213,3198040,28,3198068
21214,3198156,107,3198263
21215,3198643,9,3198652
21216,3199051,8,3199059
21217,3199143,24,3199167
21218,3199332,136,3199468
21219,3199537,27,3199564
21220,3199578,99,3199677
21221,3199799,56,3199855
21222,3199864,26,3199890
21223,3199953,23,3199976
21224,3200094,9,3200103
21225,3200147,27,3200174
21226,3200221,15,3200236
21227,3200301,21,3200322
21228,3200543,8,3200551
21229,3200814,19,3200833
21230,3200933,68,3201001
21231,3201284,69,3201353
21232,3201598,5,3201603
21233,3201937,9,3201946
21234,3202083,39,3202122
21235,3202338,32,3202370
21236,3202503,16,3202519
21237,3202524,21,3202545
21238,3202582,34,3202616
21239,3202706,38,3202744
21240,3202827,5,3202832
21241,3202927,45,3202972
21242,3202995,378,3203373
21243,3203662,56,3203718
21244,3203746,11,3203757
21245,3203774,123,3203897
21246,3203922,12,3203934
21247,3203999,10,3204009
21248,3204055,51,3204106
21249,3204125,62,3204187
21250,3204369,8,3204377
21251,3204383,21,3204404
21252,3204490,19,3204509
21253,3204518,44,3204562
21254,3204682,26,3204708
21255,3204856,153,3205009
21256,3205082,28,3205110
21257,3205125,40,3205165
21258,3205211,81,3205292
21259,3205520,5,3205525
21260,3205755,19,3205774
21261,3206003,5,3206008
21262,3206079,45,3206124
21263,3206288,71,3206359
21264,3206409,8,3206417
21265,3206442,52,3206494
21266,3206527,74,3206601
21267,3206878,28,3206906
21268,3207064,27,3207091
21269,3207128,41,3207169
21270,3207186,103,3207289
21271,3207314,5,3207319
21272,3207654,63,3207717
21273,3207777,41,3207818
21274,3207849,82,3207931
21275,3208009,337,3208346
21276,3208370,65,3208435
21277,3208468,5,3208473
21278,3208540,7,3208547
21279,3208688,5,3208693
21280,3208910,27,3208937
21281,3209164,130,3209294
21282,3209453,9,3209462
21283,3209507,36,3209543
21284,3209627,13,3209640
21285,3209903,36,3209939
21286,3209987,27,3210014
21287,3210178,40,3210218
21288,3210387,43,3210430
21289,3210655,48,3210703
21290,3210708,7,3210715
21291,3210770,17,3210787
21292,3210952,3,3210955
21293,3211060,117,3211177
21294,3211198,48,3211246
21295,3211311,26,3211337
21296,3211445,79,3211524
21297,3211629,9,3211638
21298,3211731,87,3211818
21299,3212022,73,3212095
21300,3212340,134,3212474
21301,3212553,3,3212556
21302,3212559,13,3212572
21303,3212748,108,3212856
21304,3212926,117,3213043
21305,3213117,66,3213183
21306,3213286,30,3213316
21307,3213375,30,3213405
21308,3213630,13,3213643
21309,3213686,11,3213697
21310,3213721,70,3213791
21311,3214090,1,3214091
21312,3214129,83,3214212
21313,3214355,34,3214389
21314,3214401,21,3214422
21315,3214611,10,3214621
21316,3214670,51,3214721
21317,3214891,23,3214914
21318,3215308,64,3215372
21319,3215509,14,3215523
21320,3215544,19,3215563
21321,3215586,26,3215612
21322,3215703,27,3215730
21323,3215827,5,3215832
21324,3215881,6,3215887
21325,3216013,105,3216118
21326,3216193,9,3216202
21327,3216336,73,3216409
21328,3216598,19,3216617
21329,3216737,10,3216747
21330,3216822,97,3216919
21331,3216988,3,3216991
21332,3217257,33,3217290
21333,3217639,4,3217643
21334,3217670,7,3217677
21335,3218326,44,3218370
21336,3218531,73,3218604
21337,3218640,17,3218657
21338,3218734,6,3218740
21339,3218770,32,3218802
21340,3218855,103,3218958
21341,3219239,45,3219284
21342,3219292,7,3219299
21343,3219517,6,3219523
21344,3219692,37,3219729
21345,3219756,64,3219820
21346,3219838,30,3219868
21347,3219913,184,3220097
21348,3220150,75,3220225
21349,3220235,92,3220327
21350,3220351,41,3220392
21351,3220395,15,3220410
21352,3220495,28,3220523
21353,3220806,37,3220843
21354,3220865,67,3220932
21355,3220971,27,3220998
21356,3221069,26,3221095
21357,3221206,74,3221280
21358,3221326,95,3221421
21359,3221822,15,3221837
21360,3221842,3,3221845
21361,3221902,106,3222008
21362,3222074,77,3222151
21363,3222225,98,3222323
21364,3222614,6,3222620
21365,3222624,20,3222644
21366,3222685,8,3222693
21367,3222851,10,3222861
21368,3222926,22,3222948
21369,3223095,67,3223162
21370,3223189,2,3223191
21371,3223273,36,3223309
21372,3223522,32,3223554
21373,3223759,19,3223778
21374,3223840,33,3223873
21375,3223888,62,3223950
21376,3224097,11,3224108
21377,3224205,2,3224207
21378,3224372,40,3224412
21379,3224570,4,3224574
21380,3224604,26,3224630
21381,3224802,39,3224841
21382,3225146,28,3225174
21383,3225242,3,3225245
21384,3225274,104,3225378
21385,3225388,3,3225391
21386,3225473,44,3225517
21387,3225570,73,3225643
21388,3226002,55,3226057
21389,3226628,78,3226706
21390,3226832,6,3226838
21391,3227006,112,3227118
21392,3227127,1,3227128
21393,3227187,2,3227189
21394,3227435,39,3227474
21395,3227524,9,3227533
21396,3227535,142,3227677
21397,3227738,11,3227749
21398,3227764,19,3227783
21399,3227874,69,3227943
21400,3228037,120,3228157
21401,3228216,23,3228239
21402,3228363,2,3228365
21403,3228399,9,3228408
21404,3228456,43,3228499
21405,3228599,6,3228605
21406,3228682,202,3228884
21407,3229032,10,3229042
21408,3229395,2,3229397
21409,3229463,95,3229558
21410,3229638,95,3229733
21411,3230207,21,3230228
21412,3230269,41,3230310
21413,3230331,60,3230391
21414,3230560,38,3230598
21415,3230651,80,3230731
21416,3230921,4,3230925
21417,3231080,31,3231111
21418,3231350,11,3231361
21419,3231376,37,3231413
21420,3231541,54,3231595
21421,3231761,7,3231768
21422,3231779,8,3231787
21423,3231798,36,3231834
21424,3231839,26,3231865
21425,3231883,131,3232014
21426,3232057,1,3232058
21427,3232102,7,3232109
21428,3232166,17,3232183
21429,3232455,6,3232461
21430,3232740,11,3232751
21431,3232859,1,3232860
21432,3232916,36,3232952
21433,3233053,49,3233102
21434,3233205,41,3233246
21435,3233247,19,3233266
21436,3233405,22,3233427
21437,3233483,20,3233503
21438,3233694,35,3233729
21439,3233856,3,3233859
21440,3233878,33,3233911
21441,3234066,61,3234127
21442,3234349,5,3234354
21443,3234557,18,3234575
21444,3234643,15,3234658
21445,3234661,9,3234670
21446,3234677,65,3234742
21447,3234849,3,3234852
21448,3234935,84,3235019
21449,3235217,2,3235219
21450,3235292,7,3235299
21451,3235333,39,3235372
21452,3235421,99,3235520
21453,3235684,24,3235708
21454,3235742,24,3235766
21455,3235785,35,3235820
21456,3235830,136,3235966
21457,3236007,5,3236012
21458,3236034,63,3236097
21459,3236198,95,3236293
21460,3236525,15,3236540
21461,3236606,11,3236617
21462,3236663,45,3236708
21463,3236888,58,3236946
21464,3237045,33,3237078
21465,3237127,80,3237207
21466,3237214,4,3237218
21467,3237254,19,3237273
21468,3237360,4,3237364
21469,3237449,51,3237500
21470,3237573,57,3237630
21471,3237867,234,3238101
21472,3238216,25,3238241
21473,3238249,8,3238257
21474,3238341,10,3238351
21475,3238452,55,3238507
21476,3238519,155,3238674
21477,3238751,43,3238794
21478,3238882,21,3238903
21479,3238929,13,3238942
21480,3239009,21,3239030
21481,3239284,8,3239292
21482,3239408,61,3239469
21483,3239671,4,3239675
21484,3239694,126,3239820
21485,3239827,48,3239875
21486,3239880,17,3239897
21487,3240066,46,3240112
21488,3240412,40,3240452
21489,3240460,4,3240464
21490,3240904,9,3240913
21491,3240916,44,3240960
21492,3241065,84,3241149
21493,3241255,26,3241281
21494,3241308,18,3241326
21495,3241638,41,3241679
21496,3241747,72,3241819
21497,3241958,69,3242027
21498,3242056,9,3242065
21499,3242083,43,3242126
21500,3242255,13,3242268
21501,3242372,15,3242387
21502,3242431,73,3242504
21503,3243057,83,3243140
21504,3243244,36,3243280
21505,3243363,14,3243377
21506,3243541,9,3243550
21507,3243551,3,3243554
21508,3243690,25,3243715
21509,3243803,32,3243835
21510,3243990,5,3243995
21511,3244012,7,3244019
21512,3244026,42,3244068
21513,3244201,30,3244231
21514,3244320,70,3244390
21515,3244536,2,3244538
21516,3244609,61,3244670
21517,3244733,32,3244765
21518,3244879,21,3244900
21519,3245304,279,3245583
21520,3245698,21,3245719
21521,3245770,54,3245824
21522,3245837,11,3245848
21523,3246068,3,3246071
21524,3246311,76,3246387
21525,3246391,2,3246393
21526,3246435,20,3246455
21527,3246498,28,3246526
21528,3246540,160,3246700
21529,3246783,76,3246859
21530,3246872,73,3246945
21531,3246964,5,3246969
21532,3247278,135,3247413
21533,3247425,62,3247487
21534,3247569,20,3247589
21535,3247645,46,3247691
21536,3247757,31,3247788
21537,3248050,22,3248072
21538,3248159,36,3248195
21539,3248360,185,3248545
21540,3248585,85,3248670
21541,3248698,110,3248808
21542,3248967,86,3249053
21543,3249165,26,3249191
21544,3249393,197,3249590
21545,3249758,82,3249840
21546,3249871,15,3249886
21547,3249956,15,3249971
21548,3250094,81,3250175
21549,3250227,123,3250350
21550,3250402,103,3250505
21551,3250548,38,3250586
21552,3250624,131,3250755
21553,3250875,26,3250901
21554,3250973,55,3251028
21555,3251061,39,3251100
21556,3251157,10,3251167
21557,3251230,43,3251273
21558,3251588,54,3251642
21559,3251942,5,3251947
21560,3252043,11,3252054
21561,3252154,17,3252171
21562,3252366,57,3252423
21563,3252556,1,3252557
21564,3252633,31,3252664
21565,3252765,1,3252766
21566,3252772,14,3252786
21567,3252792,12,3252804
21568,3252934,37,3252971
21569,3252994,57,3253051
21570,3253067,39,3253106
21571,3253127,90,3253217
21572,3253533,44,3253577
21573,3253605,36,3253641
21574,3253765,8,3253773
21575,3253933,47,3253980
21576,3254030,48,3254078
21577,3254202,14,3254216
21578,3254225,2,3254227
21579,3254463,16,3254479
21580,3254645,42,3254687
21581,3254793,47,3254840
21582,3255042,20,3255062
21583,3255362,10,3255372
21584,3255373,14,3255387
21585,3255564,97,3255661
21586,3255683,83,3255766
21587,3255822,64,3255886
21588,3255907,22,3255929
21589,3255991,24,3256015
21590,3256107,136,3256243
21591,3256424,74,3256498
21592,3256615,43,3256658
21593,3256721,81,3256802
21594,3257024,58,3257082
21595,3257099,10,3257109
21596,3257196,135,3257331
21597,3257387,68,3257455
21598,3257491,153,3257644
21599,3257703,68,3257771
21600,3257957,30,3257987
21601,3258023,20,3258043
21602,3258111,38,3258149
21603,3258217,102,3258319
21604,3258479,57,3258536
21605,3258610,34,3258644
21606,3258671,34,3258705
21607,3258794,11,3258805
21608,3258881,95,3258976
21609,3258984,69,3259053
21610,3259098,9,3259107
21611,3259135,67,3259202
21612,3259231,1,3259232
21613,3259274,64,3259338
21614,3259397,1,3259398
21615,3259589,4,3259593
21616,3259664,13,3259677
21617,3259723,19,3259742
21618,3259782,100,3259882
21619,3260066,44,3260110
21620,3260233,85,3260318
21621,3260531,105,3260636
21622,3260712,23,3260735
21623,3260820,39,3260859
21624,3261006,62,3261068
21625,3261142,72,3261214
21626,3261496,73,3261569
21627,3261579,63,3261642
21628,3261647,66,3261713
21629,3261716,111,3261827
21630,3262084,39,3262123
21631,3262165,108,3262273
21632,3262369,1,3262370
21633,3262540,9,3262549
21634,3262577,60,3262637
21635,3262701,33,3262734
21636,3262766,2,3262768
21637,3262839,17,3262856
21638,3263028,97,3263125
21639,3263131,75,3263206
21640,3263210,12,3263222
21641,3263301,9,3263310
21642,3263427,103,3263530
21643,3263958,56,3264014
21644,3264070,52,3264122
21645,3264136,7,3264143
21646,3264194,7,3264201
21647,3264206,6,3264212
21648,3264364,12,3264376
21649,3264467,132,3264599
21650,3264656,32,3264688
21651,3264715,101,3264816
21652,3264883,87,3264970
21653,3265004,3,3265007
21654,3265113,68,3265181
21655,3265498,44,3265542
21656,3265602,5,3265607
21657,3265616,78,3265694
21658,3265749,10,3265759
21659,3265784,97,3265881
21660,3265930,12,3265942
21661,3266098,9,3266107
21662,3266161,68,3266229
21663,3266399,38,3266437
21664,3266484,19,3266503
21665,3266641,18,3266659
21666,3266675,22,3266697
21667,3266788,5,3266793
21668,3266863,62,3266925
21669,3267172,107,3267279
21670,3267294,9,3267303
21671,3267416,6,3267422
21672,3267455,41,3267496
21673,3267511,13,3267524
21674,3267909,95,3268004
21675,3268379,22,3268401
21676,3268521,84,3268605
21677,3268606,24,3268630
21678,3268680,61,3268741
21679,3268759,70,3268829
21680,3268987,18,3269005
21681,3269018,21,3269039
21682,3269078,12,3269090
21683,3269119,28,3269147
21684,3269369,69,3269438
21685,3269552,27,3269579
21686,3269607,21,3269628
21687,3269702,10,3269712
21688,3269960,40,3270000
21689,3270094,53,3270147
21690,3270406,32,3270438
21691,3270575,32,3270607
21692,3270749,77,3270826
21693,3270899,174,3271073
21694,3271079,76,3271155
21695,3271255,20,3271275
21696,3271363,3,3271366
21697,3271383,2,3271385
21698,3271399,95,3271494
21699,3271562,3,3271565
21700,3271754,79,3271833
21701,3271838,60,3271898
21702,3272183,82,3272265
21703,3272337,18,3272355
21704,3272580,14,3272594
21705,3272607,3,3272610
21706,3272669,25,3272694
21707,3272948,2,3272950
21708,3273008,16,3273024
21709,3273146,40,3273186
21710,3273287,4,3273291
21711,3273323,4,3273327
21712,3273554,83,3273637
21713,3273837,14,3273851
21714,3273862,105,3273967
21715,3274043,8,3274051
21716,3274136,14,3274150
21717,3274324,26,3274350
21718,3274357,12,3274369
21719,3274402,14,3274416
21720,3274580,24,3274604
21721,3274623,84,3274707
21722,3274922,6,3274928
21723,3275125,43,3275168
21724,3275172,74,3275246
21725,3275256,3,3275259
21726,3275671,18,3275689
21727,3275904,8,3275912
21728,3276172,40,3276212
21729,3276399,56,3276455
21730,3276482,34,3276516
21731,3276517,16,3276533
21732,3276560,25,3276585
21733,3276616,32,3276648
21734,3276742,4,3276746
21735,3276810,43,3276853
21736,3276999,20,3277019
21737,3277148,13,3277161
21738,3277191,94,3277285
21739,3277529,2,3277531
21740,3277551,83,3277634
21741,3277688,7,3277695
21742,3277728,52,3277780
21743,3277993,10,3278003
21744,3278148,94,3278242
21745,3278399,13,3278412
21746,3278524,37,3278561
21747,3278664,97,3278761
21748,3278852,3,3278855
21749,3278914,69,3278983
21750,3279038,86,3279124
21751,3279158,23,3279181
21752,3279477,21,3279498
21753,3279697,94,3279791
21754,3279807,31,3279838
21755,3280151,34,3280185
21756,3280260,144,3280404
21757,3280417,70,3280487
21758,3280596,89,3280685
21759,3280730,73,3280803
21760,3280818,8,3280826
21761,3280848,44,3280892
21762,3281043,11,3281054
21763,3281115,14,3281129
21764,3281236,69,3281305
21765,3281356,151,3281507
21766,3281672,19,3281691
21767,3281887,1,3281888
21768,3281920,58,3281978
21769,3282005,19,3282024
21770,3282075,42,3282117
21771,3282346,116,3282462
21772,3282780,33,3282813
21773,3282844,72,3282916
21774,3282922,48,3282970
21775,3282974,73,3283047
21776,3283058,87,3283145
21777,3283177,90,3283267
21778,3283313,49,3283362
21779,3283489,1,3283490
21780,3283497,17,3283514
21781,3283603,15,3283618
21782,3283695,18,3283713
21783,3283972,1,3283973
21784,3284008,69,3284077
21785,3284091,10,3284101
21786,3284490,29,3284519
21787,3284553,32,3284585
21788,3284730,58,3284788
21789,3284919,85,3285004
21790,3285141,48,3285189
21791,3285533,3,3285536
21792,3285708,31,3285739
21793,3286216,139,3286355
21794,3286386,30,3286416
21795,3286447,9,3286456
21796,3286495,102,3286597
21797,3286769,11,3286780
21798,3286823,94,3286917
21799,3286928,74,3287002
21800,3287080,25,3287105
21801,3287209,25,3287234
21802,3287576,31,3287607
21803,3287621,25,3287646
21804,3287767,11,3287778
21805,3287799,10,3287809
21806,3287868,187,3288055
21807,3288302,37,3288339
21808,3288377,28,3288405
21809,3288471,34,3288505
21810,3288643,61,3288704
21811,3288764,5,3288769
21812,3288925,111,3289036
21813,3289149,104,3289253
21814,3289364,90,3289454
21815,3289591,18,3289609
21816,3289625,44,3289669
21817,3289683,4,3289687
21818,3289933,18,3289951
21819,3289995,56,3290051
21820,3290089,11,3290100
21821,3290477,39,3290516
21822,3290571,45,3290616
21823,3290626,19,3290645
21824,3290658,29,3290687
21825,3290747,92,3290839
21826,3290851,22,3290873
21827,3290889,33,3290922
21828,3290936,16,3290952
21829,3290962,118,3291080
21830,3291139,134,3291273
21831,3291320,53,3291373
21832,3291612,34,3291646
21833,3291760,111,3291871
21834,3291910,113,3292023
21835,3292182,65,3292247
21836,3292362,6,3292368
21837,3292447,154,3292601
21838,3292610,24,3292634
21839,3292649,89,3292738
21840,3293149,8,3293157
21841,3293243,15,3293258
21842,3293397,41,3293438
21843,3293441,18,3293459
21844,3293764,37,3293801
21845,3293840,6,3293846
21846,3293896,18,3293914
21847,3293955,51,3294006
21848,3294123,71,3294194
21849,3294413,49,3294462
21850,3294518,183,3294701
21851,3294731,60,3294791
21852,3294904,35,3294939
21853,3294992,39,3295031
21854,3295048,58,3295106
21855,3295206,56,3295262
21856,3295385,92,3295477
21857,3295555,54,3295609
21858,3295838,97,3295935
21859,3296064,11,3296075
21860,3296274,43,3296317
21861,3296529,26,3296555
21862,3296580,53,3296633
21863,3296649,19,3296668
21864,3296705,2,3296707
21865,3296741,40,3296781
21866,3296843,42,3296885
21867,3296953,76,3297029
21868,3297229,59,3297288
21869,3297322,57,3297379
21870,3297409,151,3297560
21871,3297568,80,3297648
21872,3297763,15,3297778
21873,3297867,8,3297875
21874,3297895,34,3297929
21875,3297944,35,3297979
21876,3298110,74,3298184
21877,3298186,8,3298194
21878,3298261,14,3298275
21879,3298476,15,3298491
21880,3298500,58,3298558
21881,3298797,20,3298817
21882,3298881,25,3298906
21883,3298909,18,3298927
21884,3299393,9,3299402
21885,3299406,19,3299425
21886,3299427,296,3299723
21887,3299906,55,3299961
21888,3300468,67,3300535
21889,3300621,215,3300836
21890,3301265,9,3301274
21891,3301322,62,3301384
21892,3301402,15,3301417
21893,3301474,269,3301743
21894,3301776,126,3301902
21895,3302061,20,3302081
21896,3302119,110,3302229
21897,3302247,92,3302339
21898,3302480,66,3302546
21899,3302570,127,3302697
21900,3302761,55,3302816
21901,3302865,51,3302916
21902,3302963,4,3302967
21903,3302993,53,3303046
21904,3303054,3,3303057
21905,3303154,65,3303219
21906,3303309,47,3303356
21907,3303380,178,3303558
21908,3303742,28,3303770
21909,3303776,57,3303833
21910,3303861,8,3303869
21911,3304110,70,3304180
21912,3304193,3,3304196
21913,3304347,67,3304414
21914,3304494,162,3304656
21915,3304707,3,3304710
21916,3304844,43,3304887
21917,3305246,14,3305260
21918,3305274,48,3305322
21919,3305535,2,3305537
21920,3305636,61,3305697
21921,3305860,15,3305875
21922,3305900,39,3305939
21923,3305986,35,3306021
21924,3306158,53,3306211
21925,3306359,102,3306461
21926,3306529,24,3306553
21927,3306612,55,3306667
21928,3306704,18,3306722
21929,3306910,297,3307207
21930,3307295,23,3307318
21931,3307409,47,3307456
21932,3307494,140,3307634
21933,3307687,10,3307697
21934,3307752,79,3307831
21935,3307845,53,3307898
21936,3307970,13,3307983
21937,3308246,63,3308309
21938,3308344,96,3308440
21939,3308677,28,3308705
21940,3308742,35,3308777
21941,3308795,133,3308928
21942,3308938,52,3308990
21943,3309026,5,3309031
21944,3309053,23,3309076
21945,3309188,11,3309199
21946,3309201,3,3309204
21947,3309211,63,3309274
21948,3309297,9,3309306
21949,3309312,71,3309383
21950,3309448,209,3309657
21951,3309700,20,3309720
21952,3309814,38,3309852
21953,3309930,2,3309932
21954,3309986,39,3310025
21955,3310032,27,3310059
21956,3310212,66,3310278
21957,3310347,107,3310454
21958,3310526,2,3310528
21959,3310706,47,3310753
21960,3310816,153,3310969
21961,3311046,16,3311062
21962,3311181,26,3311207
21963,3311257,118,3311375
21964,3311455,53,3311508
21965,3311712,16,3311728
21966,3311835,98,3311933
21967,3312158,3,3312161
21968,3312182,13,3312195
21969,3312417,128,3312545
21970,3312704,36,3312740
21971,3313017,26,3313043
21972,3313121,6,3313127
21973,3313522,37,3313559
21974,3313735,138,3313873
21975,3313877,100,3313977
21976,3314123,15,3314138
21977,3314265,35,3314300
21978,3314326,6,3314332
21979,3314614,92,3314706
21980,3314876,18,3314894
21981,3314928,75,3315003
21982,3315213,138,3315351
21983,3315415,81,3315496
21984,3315589,42,3315631
21985,3315861,115,3315976
21986,3316017,4,3316021
21987,3316045,28,3316073
21988,3316145,26,3316171
21989,3316189,93,3316282
21990,3316292,2,3316294
21991,3316339,9,3316348
21992,3316400,127,3316527
21993,3316536,22,3316558
21994,3316567,44,3316611
21995,3316998,71,3317069
21996,3317323,10,3317333
21997,3317384,39,3317423
21998,3317680,75,3317755
21999,3317792,11,3317803
22000,3318034,10,3318044
22001,3318133,15,3318148
22002,3318246,40,3318286
22003,3318367,15,3318382
22004,3318551,26,3318577
22005,3318640,17,3318657
22006,3318698,41,3318739
22007,3318809,59,3318868
22008,3319190,153,3319343
22009,3319394,31,3319425
22010,3319468,22,3319490
22011,3319514,7,3319521
22012,3319670,59,3319729
22013,3319741,61,3319802
22014,3320336,254,3320590
22015,3320934,17,3320951
22016,3320959,31,3320990
22017,3320998,135,3321133
22018,3321472,138,3321610
22019,3321667,123,3321790
22020,3321835,2,3321837
22021,3322097,71,3322168
22022,3322184,61,3322245
22023,3322255,51,3322306
22024,3322378,38,3322416
22025,3322439,11,3322450
22026,3322475,109,3322584
22027,3322596,8,3322604
22028,3322628,7,3322635
22029,3322703,2,3322705
22030,3322714,10,3322724
22031,3322817,85,3322902
22032,3322945,46,3322991
22033,3323018,37,3323055
22034,3323070,51,3323121
22035,3323162,25,3323187
22036,3323225,30,3323255
22037,3323326,2,3323328
22038,3323395,18,3323413
22039,3323569,18,3323587
22040,3323603,101,3323704
22041,3323964,16,3323980
22042,3323997,28,3324025
22043,3324130,22,3324152
22044,3324292,9,3324301
22045,3324338,5,3324343
22046,3324664,46,3324710
22047,3324817,82,3324899
22048,3325012,35,3325047
22049,3325106,35,3325141
22050,3325198,28,3325226
22051,3325284,13,3325297
22052,3325314,161,3325475
22053,3325772,69,3325841
22054,3325874,1,3325875
22055,3326145,37,3326182
22056,3326229,10,3326239
22057,3326618,15,3326633
22058,3326791,248,3327039
22059,3327061,30,3327091
22060,3327097,60,3327157
22061,3327404,58,3327462
22062,3327669,39,3327708
22063,3327797,39,3327836
22064,3327849,241,3328090
22065,3328121,83,3328204
22066,3328288,53,3328341
22067,3328442,2,3328444
22068,3328454,21,3328475
22069,3328517,18,3328535
22070,3328604,7,3328611
22071,3328648,55,3328703
22072,3328855,78,3328933
22073,3329011,68,3329079
22074,3329168,81,3329249
22075,3329309,23,3329332
22076,3329414,39,3329453
22077,3329465,20,3329485
22078,3329506,97,3329603
22079,3329610,9,3329619
22080,3329777,14,3329791
22081,3329821,18,3329839
22082,3330125,2,3330127
22083,3330152,10,3330162
22084,3330198,16,3330214
22085,3330230,138,3330368
22086,3330563,27,3330590
22087,3330630,4,3330634
22088,3330643,77,3330720
22089,3330800,21,3330821
22090,3330832,7,3330839
22091,3330845,61,3330906
22092,3330953,6,3330959
22093,3331115,67,3331182
22094,3331491,54,3331545
22095,3331559,3,3331562
22096,3331660,32,3331692
22097,3331724,63,3331787
22098,3331789,23,3331812
22099,3331821,53,3331874
22100,3332016,42,3332058
22101,3332253,20,3332273
22102,3332376,21,3332397
22103,3332403,2,3332405
22104,3332411,141,3332552
22105,3332742,22,3332764
22106,3332789,64,3332853
22107,3332992,6,3332998
22108,3333224,10,3333234
22109,3333561,5,3333566
22110,3333578,3,3333581
22111,3333601,20,3333621
22112,3333853,93,3333946
22113,3334099,9,3334108
22114,3334270,19,3334289
22115,3334297,204,3334501
22116,3334610,1,3334611
22117,3334668,32,3334700
22118,3334967,7,3334974
22119,3335074,25,3335099
22120,3335161,43,3335204
22121,3335245,28,3335273
22122,3335347,101,3335448
22123,3335545,5,3335550
22124,3335582,41,3335623
22125,3335722,2,3335724
22126,3335742,51,3335793
22127,3336266,42,3336308
22128,3336610,26,3336636
22129,3336666,4,3336670
22130,3336730,48,3336778
22131,3336933,83,3337016
22132,3337040,68,3337108
22133,3337117,169,3337286
22134,3337296,54,3337350
22135,3337397,21,3337418
22136,3337487,46,3337533
22137,3337575,40,3337615
22138,3337630,19,3337649
22139,3337803,180,3337983
22140,3338034,2,3338036
22141,3338232,29,3338261
22142,3338413,65,3338478
22143,3338516,16,3338532
22144,3338770,119,3338889
22145,3338950,23,3338973
22146,3339052,94,3339146
22147,3339182,15,3339197
22148,3339352,13,3339365
22149,3339371,41,3339412
22150,3339435,10,3339445
22151,3339622,154,3339776
22152,3340086,10,3340096
22153,3340215,104,3340319
22154,3340323,30,3340353
22155,3340396,31,3340427
22156,3340451,11,3340462
22157,3340479,16,3340495
22158,3340551,3,3340554
22159,3340632,117,3340749
22160,3340955,41,3340996
22161,3341021,67,3341088
22162,3341113,22,3341135
22163,3341229,38,3341267
22164,3341289,70,3341359
22165,3341374,34,3341408
22166,3341561,68,3341629
22167,3341635,3,3341638
22168,3341667,22,3341689
22169,3341721,3,3341724
22170,3342013,49,3342062
22171,3342144,72,3342216
22172,3342224,191,3342415
22173,3342446,24,3342470
22174,3342481,32,3342513
22175,3342756,6,3342762
22176,3342895,77,3342972
22177,3343146,37,3343183
22178,3343208,41,3343249
22179,3343276,36,3343312
22180,3343397,53,3343450
22181,3343495,18,3343513
22182,3343901,20,3343921
22183,3344076,37,3344113
22184,3344182,12,3344194
22185,3344386,131,3344517
22186,3344768,36,3344804
22187,3344939,43,3344982
22188,3345026,42,3345068
22189,3345094,7,3345101
22190,3345343,78,3345421
22191,3345443,7,3345450
22192,3345497,109,3345606
22193,3345717,95,3345812
22194,3345847,146,3345993
22195,3346024,10,3346034
22196,3346082,34,3346116
22197,3346171,131,3346302
22198,3346344,28,3346372
22199,3346377,36,3346413
22200,3346478,5,3346483
22201,3346577,58,3346635
22202,3346679,9,3346688
22203,3346764,61,3346825
22204,3346940,137,3347077
22205,3347100,10,3347110
22206,3347116,22,3347138
22207,3347151,150,3347301
22208,3347598,82,3347680
22209,3347681,7,3347688
22210,3347765,55,3347820
22211,3347994,22,3348016
22212,3348039,47,3348086
22213,3348105,18,3348123
22214,3348234,131,3348365
22215,3348444,19,3348463
22216,3348468,18,3348486
22217,3348525,42,3348567
22218,3348597,1,3348598
22219,3348660,92,3348752
22220,3348756,57,3348813
22221,3348888,65,3348953
22222,3349042,128,3349170
22223,3349220,74,3349294
22224,3349429,84,3349513
22225,3349606,43,3349649
22226,3349808,44,3349852
22227,3350199,28,3350227
22228,3350270,20,3350290
22229,3350451,49,3350500
22230,3350640,31,3350671
22231,3350710,100,3350810
22232,3350949,84,3351033
22233,3351060,7,3351067
22234,3351188,34,3351222
22235,3351233,66,3351299
22236,3351420,5,3351425
22237,3351599,22,3351621
22238,3352105,6,3352111
22239,3352279,19,3352298
22240,3352456,43,3352499
22241,3352540,54,3352594
22242,3352696,18,3352714
22243,3352760,66,3352826
22244,3352867,23,3352890
22245,3352913,56,3352969
22246,3353067,128,3353195
22247,3353270,43,3353313
22248,3353361,39,3353400
22249,3353582,39,3353621
22250,3353637,63,3353700
22251,3353833,6,3353839
22252,3353877,62,3353939
22253,3353958,4,3353962
22254,3354047,111,3354158
22255,3354288,68,3354356
22256,3354450,28,3354478
22257,3354533,141,3354674
22258,3354812,5,3354817
22259,3354952,49,3355001
22260,3355058,17,3355075
22261,3355161,1,3355162
22262,3355176,37,3355213
22263,3355298,23,3355321
22264,3355399,37,3355436
22265,3355447,31,3355478
22266,3355724,211,3355935
22267,3355964,62,3356026
22268,3356110,16,3356126
22269,3356134,45,3356179
22270,3356232,307,3356539
22271,3356604,7,3356611
22272,3356752,23,3356775
22273,3357025,24,3357049
22274,3357183,27,3357210
22275,3357376,164,3357540
22276,3357821,77,3357898
22277,3357906,9,3357915
22278,3357980,97,3358077
22279,3358079,17,3358096
22280,3358123,20,3358143
22281,3358428,113,3358541
22282,3358565,19,3358584
22283,3358613,21,3358634
22284,3358771,104,3358875
22285,3359238,21,3359259
22286,3359387,142,3359529
22287,3359536,33,3359569
22288,3359616,141,3359757
22289,3359774,59,3359833
22290,3359954,104,3360058
22291,3360272,3,3360275
22292,3360304,165,3360469
22293,3360521,34,3360555
22294,3360666,140,3360806
22295,3361012,62,3361074
22296,3361106,60,3361166
22297,3361194,5,3361199
22298,3361475,1,3361476
22299,3361490,86,3361576
22300,3361706,26,3361732
22301,3361758,19,3361777
22302,3361842,12,3361854
22303,3361975,64,3362039
22304,3362055,36,3362091
22305,3362461,113,3362574
22306,3362720,82,3362802
22307,3362919,94,3363013
22308,3363046,37,3363083
22309,3363102,17,3363119
22310,3363338,16,3363354
22311,3363377,46,3363423
22312,3363542,9,3363551
22313,3363713,22,3363735
22314,3363753,14,3363767
22315,3363785,44,3363829
22316,3363862,22,3363884
22317,3363917,11,3363928
22318,3364065,62,3364127
22319,3364196,2,3364198
22320,3364199,120,3364319
22321,3364401,84,3364485
22322,3364538,2,3364540
22323,3364561,43,3364604
22324,3364742,29,3364771
22325,3364863,114,3364977
22326,3365156,151,3365307
22327,3365346,56,3365402
22328,3365420,44,3365464
22329,3365514,205,3365719
22330,3366114,40,3366154
22331,3366374,63,3366437
22332,3366522,52,3366574
22333,3366580,204,3366784
22334,3366802,24,3366826
22335,3366837,4,3366841
22336,3366893,61,3366954
22337,3366974,3,3366977
22338,3367005,52,3367057
22339,3367156,83,3367239
22340,3367284,105,3367389
22341,3367536,134,3367670
22342,3367714,221,3367935
22343,3368040,50,3368090
22344,3368230,55,3368285
22345,3368390,59,3368449
22346,3368503,192,3368695
22347,3368857,137,3368994
22348,3369079,54,3369133
22349,3369169,17,3369186
22350,3369335,18,3369353
22351,3369389,78,3369467
22352,3369584,57,3369641
22353,3369683,6,3369689
22354,3370087,27,3370114
22355,3370194,179,3370373
22356,3370414,177,3370591
22357,3370606,35,3370641
22358,3370667,3,3370670
22359,3370674,104,3370778
22360,3371059,128,3371187
22361,3371247,41,3371288
22362,3371408,54,3371462
22363,3371556,4,3371560
22364,3371732,102,3371834
22365,3371886,13,3371899
22366,3372003,43,3372046
22367,3372059,58,3372117
22368,3372188,17,3372205
22369,3372238,42,3372280
22370,3372382,86,3372468
22371,3372585,14,3372599
22372,3372609,19,3372628
22373,3372665,14,3372679
22374,3372881,201,3373082
22375,3373180,7,3373187
22376,3373207,16,3373223
22377,3373353,19,3373372
22378,3373896,45,3373941
22379,3374097,44,3374141
22380,3374161,41,3374202
22381,3374216,98,3374314
22382,3374332,38,3374370
22383,3374385,17,3374402
22384,3374598,93,3374691
22385,3374705,19,3374724
22386,3374737,13,3374750
22387,3374755,20,3374775
22388,3374936,239,3375175
22389,3375335,263,3375598
22390,3375616,47,3375663
22391,3375868,41,3375909
22392,3375917,32,3375949
22393,3375986,3,3375989
22394,3376102,103,3376205
22395,3376206,13,3376219
22396,3376224,3,3376227
22397,3376312,3,3376315
22398,3376417,32,3376449
22399,3376520,74,3376594
22400,3376660,27,3376687
22401,3376781,165,3376946
22402,3377180,5,3377185
22403,3377296,34,3377330
22404,3377365,65,3377430
22405,3377453,34,3377487
22406,3377498,97,3377595
22407,3377624,35,3377659
22408,3377665,108,3377773
22409,3377798,60,3377858
22410,3377906,70,3377976
22411,3378075,70,3378145
22412,3378364,27,3378391
22413,3378441,82,3378523
22414,3378987,103,3379090
22415,3379125,54,3379179
22416,3379222,3,3379225
22417,3379536,85,3379621
22418,3379734,11,3379745
22419,3379853,86,3379939
22420,3379969,106,3380075
22421,3380114,38,3380152
22422,3380277,7,3380284
22423,3380337,11,3380348
22424,3380400,18,3380418
22425,3380680,13,3380693
22426,3380717,44,3380761
22427,3380818,1,3380819
22428,3381031,33,3381064
22429,3381145,93,3381238
22430,3381387,14,3381401
22431,3381466,7,3381473
22432,3381534,157,3381691
22433,3381798,27,3381825
22434,3382069,25,3382094
22435,3382212,71,3382283
22436,3382325,29,3382354
22437,3382470,45,3382515
22438,3382886,12,3382898
22439,3382955,14,3382969
22440,3382985,68,3383053
22441,3383091,169,3383260
22442,3383306,10,3383316
22443,3383444,73,3383517
22444,3383526,136,3383662
22445,3383720,106,3383826
22446,3384045,14,3384059
22447,3384097,35,3384132
22448,3384258,26,3384284
22449,3384412,29,3384441
22450,3384466,56,3384522
22451,3384622,45,3384667
22452,3384875,20,3384895
22453,3384904,43,3384947
22454,3384992,10,3385002
22455,3385018,109,3385127
22456,3385327,5,3385332
22457,3385365,5,3385370
22458,3385502,10,3385512
22459,3385533,175,3385708
22460,3385889,21,3385910
22461,3386042,33,3386075
22462,3386150,2,3386152
22463,3386158,3,3386161
22464,3386233,40,3386273
22465,3386306,8,3386314
22466,3386425,138,3386563
22467,3386684,48,3386732
22468,3386877,50,3386927
22469,3386998,90,3387088
22470,3387094,3,3387097
22471,3387122,31,3387153
22472,3387313,25,3387338
22473,3387402,77,3387479
22474,3387486,39,3387525
22475,3387582,58,3387640
22476,3387717,105,3387822
22477,3387864,29,3387893
22478,3388022,85,3388107
22479,3388157,58,3388215
22480,3388297,7,3388304
22481,3388308,19,3388327
22482,3388329,6,3388335
22483,3388391,15,3388406
22484,3388550,33,3388583
22485,3388643,7,3388650
22486,3388688,121,3388809
22487,3388817,23,3388840
22488,3388951,107,3389058
22489,3389133,3,3389136
22490,3389224,9,3389233
22491,3389235,42,3389277
22492,3389401,6,3389407
22493,3389497,52,3389549
22494,3389613,25,3389638
22495,3389653,43,3389696
22496,3389703,139,3389842
22497,3389848,20,3389868
22498,3389870,15,3389885
22499,3389941,156,3390097
22500,3390283,4,3390287
22501,3390526,28,3390554
22502,3390565,71,3390636
22503,3390648,2,3390650
22504,3390674,8,3390682
22505,3390790,21,3390811
22506,3390819,8,3390827
22507,3390873,5,3390878
22508,3391315,60,3391375
22509,3391381,26,3391407
22510,3391595,14,3391609
22511,3391709,7,3391716
22512,3391789,51,3391840
22513,3391877,139,3392016
22514,3392251,7,3392258
22515,3392322,17,3392339
22516,3392369,42,3392411
22517,3392419,111,3392530
22518,3392537,5,3392542
22519,3392621,4,3392625
22520,3392835,34,3392869
22521,3392917,51,3392968
22522,3392996,32,3393028
22523,3393154,2,3393156
22524,3393173,11,3393184
22525,3393369,15,3393384
22526,3393447,173,3393620
22527,3393684,35,3393719
22528,3393756,30,3393786
22529,3393855,1,3393856
22530,3393973,67,3394040
22531,3394121,12,3394133
22532,3394212,94,3394306
22533,3394458,112,3394570
22534,3394941,25,3394966
22535,3395184,32,3395216
22536,3395350,107,3395457
22537,3395473,19,3395492
22538,3395708,184,3395892
22539,3395985,4,3395989
22540,3396044,65,3396109
22541,3396134,11,3396145
22542,3396194,83,3396277
22543,3396287,91,3396378
22544,3396678,115,3396793
22545,3397009,187,3397196
22546,3397253,135,3397388
22547,3397598,49,3397647
22548,3397658,7,3397665
22549,3397742,64,3397806
22550,3397959,83,3398042
22551,3398204,80,3398284
22552,3398301,143,3398444
22553,3398524,79,3398603
22554,3398681,61,3398742
22555,3398870,13,3398883
22556,3398938,5,3398943
22557,3398963,85,3399048
22558,3399142,6,3399148
22559,3399157,2,3399159
22560,3399176,8,3399184
22561,3399185,40,3399225
22562,3399400,1,3399401
22563,3399463,70,3399533
22564,3399539,85,3399624
22565,3399671,74,3399745
22566,3399805,92,3399897
22567,3399977,65,3400042
22568,3400102,127,3400229
22569,3400234,190,3400424
22570,3400463,48,3400511
22571,3400530,14,3400544
22572,3400676,38,3400714
22573,3400790,16,3400806
22574,3400818,123,3400941
22575,3401066,33,3401099
22576,3401136,55,3401191
22577,3401410,13,3401423
22578,3401617,18,3401635
22579,3401824,145,3401969
22580,3402030,71,3402101
22581,3402207,18,3402225
22582,3402534,1,3402535
22583,3402573,77,3402650
22584,3402666,29,3402695
22585,3402761,84,3402845
22586,3402980,4,3402984
22587,3403001,39,3403040
22588,3403149,16,3403165
22589,3403199,24,3403223
22590,3403237,46,3403283
22591,3403360,2,3403362
22592,3403434,74,3403508
22593,3403638,58,3403696
22594,3403912,5,3403917
22595,3403970,15,3403985
22596,3404012,26,3404038
22597,3404065,78,3404143
22598,3404218,2,3404220
22599,3404365,74,3404439
22600,3404616,25,3404641
22601,3404752,153,3404905
22602,3404966,3,3404969
22603,3405166,28,3405194
22604,3405346,51,3405397
22605,3405433,42,3405475
22606,3405694,24,3405718
22607,3406086,24,3406110
22608,3406216,1,3406217
22609,3406705,273,3406978
22610,3407082,18,3407100
22611,3407119,11,3407130
22612,3407188,54,3407242
22613,3407292,16,3407308
22614,3407431,49,3407480
22615,3407650,212,3407862
22616,3407867,107,3407974
22617,3408193,18,3408211
22618,3408311,207,3408518
22619,3408604,63,3408667
22620,3408889,7,3408896
22621,3408911,26,3408937
22622,3408972,71,3409043
22623,3409126,4,3409130
22624,3409222,24,3409246
22625,3409547,30,3409577
22626,3409607,2,3409609
22627,3409951,36,3409987
22628,3410119,15,3410134
22629,3410217,58,3410275
22630,3410441,197,3410638
22631,3410690,108,3410798
22632,3410998,13,3411011
22633,3411029,22,3411051
22634,3411362,6,3411368
22635,3411391,82,3411473
22636,3411531,12,3411543
22637,3411748,56,3411804
22638,3411875,64,3411939
22639,3411940,36,3411976
22640,3412040,76,3412116
22641,3412257,4,3412261
22642,3412333,56,3412389
22643,3412510,50,3412560
22644,3412779,67,3412846
22645,3412938,18,3412956
22646,3412977,10,3412987
22647,3413152,17,3413169
22648,3413438,97,3413535
22649,3413631,28,3413659
22650,3413721,45,3413766
22651,3413856,90,3413946
22652,3414192,86,3414278
22653,3414316,5,3414321
22654,3414453,37,3414490
22655,3414933,204,3415137
22656,3415238,44,3415282
22657,3415318,71,3415389
22658,3415534,5,3415539
22659,3415681,5,3415686
22660,3415729,14,3415743
22661,3415893,82,3415975
22662,3416023,63,3416086
22663,3416250,150,3416400
22664,3416436,4,3416440
22665,3416500,29,3416529
22666,3416600,8,3416608
22667,3416633,77,3416710
22668,3416817,46,3416863
22669,3416925,56,3416981
22670,3416997,23,3417020
22671,3417024,12,3417036
22672,3417065,95,3417160
22673,3417455,41,3417496
22674,3417497,105,3417602
22675,3417629,17,3417646
22676,3417722,79,3417801
22677,3417852,59,3417911
22678,3418024,32,3418056
22679,3418112,51,3418163
22680,3418423,35,3418458
22681,3418483,44,3418527
22682,3418563,161,3418724
22683,3418814,86,3418900
22684,3419012,43,3419055
22685,3419091,161,3419252
22686,3419341,63,3419404
22687,3419579,12,3419591
22688,3419611,32,3419643
22689,3419692,68,3419760
22690,3419788,127,3419915
22691,3419959,111,3420070
22692,3420291,7,3420298
22693,3420414,7,3420421
22694,3420451,122,3420573
22695,3420944,135,3421079
22696,3421367,19,3421386
22697,3421465,11,3421476
22698,3421714,23,3421737
22699,3421748,22,3421770
22700,3421773,123,3421896
22701,3421939,14,3421953
22702,3422074,2,3422076
22703,3422085,86,3422171
22704,3422277,56,3422333
22705,3422712,24,3422736
22706,3422781,100,3422881
22707,3422936,67,3423003
22708,3423036,24,3423060
22709,3423201,2,3423203
22710,3423224,19,3423243
22711,3423270,99,3423369
22712,3423371,8,3423379
22713,3423588,47,3423635
22714,3424019,60,3424079
22715,3424166,9,3424175
22716,3424241,31,3424272
22717,3424355,38,3424393
22718,3424398,55,3424453
22719,3424521,212,3424733
22720,3424867,88,3424955
22721,3425296,25,3425321
22722,3425329,69,3425398
22723,3425422,4,3425426
22724,3425429,6,3425435
22725,3425590,16,3425606
22726,3425677,102,3425779
22727,3425796,13,3425809
22728,3425893,4,3425897
22729,3425902,6,3425908
22730,3425915,20,3425935
22731,3426123,71,3426194
22732,3426272,24,3426296
22733,3426390,36,3426426
22734,3426605,118,3426723
22735,3427063,77,3427140
22736,3427151,17,3427168
22737,3427217,33,3427250
22738,3427348,202,3427550
22739,3427639,48,3427687
22740,3427882,47,3427929
22741,3428082,94,3428176
22742,3428240,41,3428281
22743,3428502,40,3428542
22744,3428593,93,3428686
22745,3429035,36,3429071
22746,3429103,62,3429165
22747,3429335,22,3429357
22748,3429477,36,3429513
22749,3429575,42,3429617
22750,3429655,72,3429727
22751,3429867,78,3429945
22752,3429976,11,3429987
22753,3430272,61,3430333
22754,3430584,63,3430647
22755,3430943,6,3430949
22756,3430987,10,3430997
22757,3431097,138,3431235
22758,3431261,10,3431271
22759,3431277,74,3431351
22760,3431412,50,3431462
22761,3431483,40,3431523
22762,3431611,293,3431904
22763,3431976,33,3432009
22764,3432017,47,3432064
22765,3432085,115,3432200
22766,3432349,10,3432359
22767,3432458,84,3432542
22768,3432565,24,3432589
22769,3432705,5,3432710
22770,3432814,22,3432836
22771,3432852,32,3432884
22772,3432911,87,3432998
22773,3433362,29,3433391
22774,3433444,215,3433659
22775,3433715,53,3433768
22776,3433891,23,3433914
22777,3434229,70,3434299
22778,3434336,11,3434347
22779,3434664,5,3434669
22780,3434736,38,3434774
22781,3435014,3,3435017
22782,3435106,98,3435204
22783,3435258,22,3435280
22784,3435283,41,3435324
22785,3435358,5,3435363
22786,3435715,49,3435764
22787,3435842,9,3435851
22788,3436001,215,3436216
22789,3436224,41,3436265
22790,3436267,57,3436324
22791,3436378,4,3436382
22792,3436460,15,3436475
22793,3436478,41,3436519
22794,3436604,111,3436715
22795,3436784,35,3436819
22796,3437154,44,3437198
22797,3437264,49,3437313
22798,3437492,35,3437527
22799,3437531,58,3437589
22800,3437641,5,3437646
22801,3437700,96,3437796
22802,3437864,16,3437880
22803,3437900,187,3438087
22804,3438147,9,3438156
22805,3438195,7,3438202
22806,3438273,50,3438323
22807,3438418,40,3438458
22808,3438664,27,3438691
22809,3438711,36,3438747
22810,3438848,67,3438915
22811,3439000,5,3439005
22812,3439019,12,3439031
22813,3439207,227,3439434
22814,3439443,4,3439447
22815,3439642,57,3439699
22816,3439767,44,3439811
22817,3439835,31,3439866
22818,3439884,50,3439934
22819,3440056,13,3440069
22820,3440080,12,3440092
22821,3440378,17,3440395
22822,3440567,6,3440573
22823,3440639,71,3440710
22824,3440715,32,3440747
22825,3440982,1,3440983
22826,3441250,116,3441366
22827,3441531,37,3441568
22828,3441743,31,3441774
22829,3442001,53,3442054
22830,3442108,51,3442159
22831,3442479,10,3442489
22832,3442531,14,3442545
22833,3442604,3,3442607
22834,3442736,35,3442771
22835,3442841,4,3442845
22836,3443037,116,3443153
22837,3443222,22,3443244
22838,3443251,4,3443255
22839,3443364,6,3443370
22840,3443422,73,3443495
22841,3443605,4,3443609
22842,3443635,40,3443675
22843,3443730,19,3443749
22844,3443850,40,3443890
22845,3444203,31,3444234
22846,3444239,26,3444265
22847,3444418,132,3444550
22848,3444647,56,3444703
22849,3445133,8,3445141
22850,3445230,16,3445246
22851,3445269,8,3445277
22852,3445349,59,3445408
22853,3445662,50,3445712
22854,3445820,72,3445892
22855,3446283,12,3446295
22856,3446401,21,3446422
22857,3446578,29,3446607
22858,3446626,26,3446652
22859,3446785,196,3446981
22860,3447337,45,3447382
22861,3447585,242,3447827
22862,3447895,24,3447919
22863,3448021,18,3448039
22864,3448140,9,3448149
22865,3448421,26,3448447
22866,3448566,18,3448584
22867,3448594,10,3448604
22868,3448627,34,3448661
22869,3448676,79,3448755
22870,3448814,42,3448856
22871,3448890,150,3449040
22872,3449084,81,3449165
22873,3449433,51,3449484
22874,3449554,1,3449555
22875,3449654,14,3449668
22876,3449709,53,3449762
22877,3449880,113,3449993
22878,3450181,20,3450201
22879,3450315,41,3450356
22880,3450401,142,3450543
22881,3450568,28,3450596
22882,3450634,1,3450635
22883,3450854,78,3450932
22884,3450951,107,3451058
22885,3451328,13,3451341
22886,3451479,23,3451502
22887,3451667,22,3451689
22888,3451712,23,3451735
22889,3451823,45,3451868
22890,3451903,86,3451989
22891,3452003,42,3452045
22892,3452109,16,3452125
22893,3452135,12,3452147
22894,3452184,46,3452230
22895,3452282,117,3452399
22896,3452403,73,3452476
22897,3452557,119,3452676
22898,3452830,77,3452907
22899,3452980,22,3453002
22900,3453003,45,3453048
22901,3453281,94,3453375
22902,3453417,43,3453460
22903,3453485,67,3453552
22904,3453603,90,3453693
22905,3453936,10,3453946
22906,3453987,136,3454123
22907,3454374,7,3454381
22908,3454458,204,3454662
22909,3454702,16,3454718
22910,3454856,51,3454907
22911,3455092,26,3455118
22912,3455282,31,3455313
22913,3455337,33,3455370
22914,3455494,58,3455552
22915,3455590,2,3455592
22916,3455613,60,3455673
22917,3455721,145,3455866
22918,3455879,98,3455977
22919,3456027,77,3456104
22920,3456237,17,3456254
22921,3456418,67,3456485
22922,3456498,37,3456535
22923,3456762,71,3456833
22924,3456981,43,3457024
22925,3457078,138,3457216
22926,3457318,1,3457319
22927,3457337,8,3457345
22928,3457663,8,3457671
22929,3458018,8,3458026
22930,3458063,14,3458077
22931,3458084,15,3458099
22932,3458130,9,3458139
22933,3458178,38,3458216
22934,3458282,121,3458403
22935,3458413,24,3458437
22936,3458585,10,3458595
22937,3458624,8,3458632
22938,3459006,45,3459051
22939,3459056,34,3459090
22940,3459136,12,3459148
22941,3459177,70,3459247
22942,3459398,96,3459494
22943,3459522,59,3459581
22944,3459584,37,3459621
22945,3459631,23,3459654
22946,3459753,44,3459797
22947,3460038,77,3460115
22948,3460131,6,3460137
22949,3460244,10,3460254
22950,3460432,52,3460484
22951,3460613,33,3460646
22952,3460844,58,3460902
22953,3460950,137,3461087
22954,3461165,115,3461280
22955,3461337,54,3461391
22956,3461460,23,3461483
22957,3461651,56,3461707
22958,3461992,19,3462011
22959,3462026,13,3462039
22960,3462162,17,3462179
22961,3462186,79,3462265
22962,3462272,35,3462307
22963,3462318,88,3462406
22964,3462435,23,3462458
22965,3462527,43,3462570
22966,3462622,57,3462679
22967,3463045,14,3463059
22968,3463097,9,3463106
22969,3463228,56,3463284
22970,3463393,59,3463452
22971,3463522,130,3463652
22972,3463681,15,3463696
22973,3463730,26,3463756
22974,3463838,144,3463982
22975,3464098,74,3464172
22976,3464191,10,3464201
22977,3464254,7,3464261
22978,3464753,49,3464802
22979,3464928,7,3464935
22980,3465036,58,3465094
22981,3465119,115,3465234
22982,3465247,19,3465266
22983,3465394,24,3465418
22984,3465440,28,3465468
22985,3465513,123,3465636
22986,3465735,33,3465768
22987,3465800,68,3465868
22988,3466170,89,3466259
22989,3466385,2,3466387
22990,3466550,2,3466552
22991,3466583,12,3466595
22992,3466761,41,3466802
22993,3466925,144,3467069
22994,3467210,19,3467229
22995,3467293,16,3467309
22996,3467447,124,3467571
22997,3467686,84,3467770
22998,3467784,13,3467797
22999,3467977,8,3467985
23000,3468003,70,3468073
23001,3468171,52,3468223
23002,3468239,47,3468286
23003,3468337,9,3468346
23004,3468411,33,3468444
23005,3468447,28,3468475
23006,3468635,40,3468675
23007,3468742,30,3468772
23008,3468934,62,3468996
23009,3469106,40,3469146
23010,3469158,20,3469178
23011,3469180,76,3469256
23012,3469359,3,3469362
23013,3469558,89,3469647
23014,3469751,4,3469755
23015,3469801,82,3469883
23016,3469998,15,3470013
23017,3470439,126,3470565
23018,3470635,59,3470694
23019,3470707,30,3470737
23020,3470767,25,3470792
23021,3470814,33,3470847
23022,3471155,10,3471165
23023,3471225,68,3471293
23024,3471323,43,3471366
23025,3471369,32,3471401
23026,3471618,98,3471716
23027,3471837,34,3471871
23028,3471943,48,3471991
23029,3472077,94,3472171
23030,3472210,4,3472214
23031,3472233,193,3472426
23032,3472556,101,3472657
23033,3472928,210,3473138
23034,3473201,148,3473349
23035,3473448,85,3473533
23036,3473978,144,3474122
23037,3474135,3,3474138
23038,3474204,29,3474233
23039,3474267,15,3474282
23040,3474699,47,3474746
23041,3474932,20,3474952
23042,3475029,35,3475064
23043,3475112,19,3475131
23044,3475240,60,3475300
23045,3475429,2,3475431
23046,3475616,25,3475641
23047,3475823,40,3475863
23048,3475901,28,3475929
23049,3475952,68,3476020
23050,3476067,27,3476094
23051,3476291,127,3476418
23052,3476516,77,3476593
23053,3476803,9,3476812
23054,3476828,31,3476859
23055,3476939,5,3476944
23056,3477155,25,3477180
23057,3477271,37,3477308
23058,3477312,8,3477320
23059,3477356,27,3477383
23060,3477384,80,3477464
23061,3477935,33,3477968
23062,3478002,51,3478053
23063,3478173,375,3478548
23064,3478574,44,3478618
23065,3478635,1,3478636
23066,3478702,63,3478765
23067,3478766,20,3478786
23068,3479355,10,3479365
23069,3479398,3,3479401
23070,3479683,103,3479786
23071,3479797,224,3480021
23072,3480177,26,3480203
23073,3480219,16,3480235
23074,3480306,59,3480365
23075,3480535,7,3480542
23076,3480623,9,3480632
23077,3480634,69,3480703
23078,3480759,5,3480764
23079,3480810,10,3480820
23080,3480949,31,3480980
23081,3481003,17,3481020
23082,3481083,118,3481201
23083,3481205,34,3481239
23084,3481379,33,3481412
23085,3481427,11,3481438
23086,3481451,20,3481471
23087,3481552,4,3481556
23088,3481643,55,3481698
23089,3481786,13,3481799
23090,3481847,6,3481853
23091,3481861,155,3482016
23092,3482354,2,3482356
23093,3482600,54,3482654
23094,3482687,43,3482730
23095,3482746,21,3482767
23096,3483163,5,3483168
23097,3483172,68,3483240
23098,3483283,8,3483291
23099,3483339,27,3483366
23100,3483662,28,3483690
23101,3483704,48,3483752
23102,3483884,14,3483898
23103,3483955,58,3484013
23104,3484219,66,3484285
23105,3484293,70,3484363
23106,3484421,96,3484517
23107,3484532,44,3484576
23108,3484737,12,3484749
23109,3484921,83,3485004
23110,3485095,5,3485100
23111,3485207,45,3485252
23112,3485314,9,3485323
23113,3485325,17,3485342
23114,3485607,83,3485690
23115,3485988,12,3486000
23116,3486005,89,3486094
23117,3486196,91,3486287
23118,3486543,116,3486659
23119,3486724,42,3486766
23120,3486831,8,3486839
23121,3486846,14,3486860
23122,3486908,61,3486969
23123,3487013,69,3487082
23124,3487095,40,3487135
23125,3487182,36,3487218
23126,3487276,24,3487300
23127,3487399,21,3487420
23128,3487429,38,3487467
23129,3487474,59,3487533
23130,3487587,79,3487666
23131,3487721,22,3487743
23132,3487961,109,3488070
23133,3488084,12,3488096
23134,3488120,1,3488121
23135,3488427,5,3488432
23136,3489029,148,3489177
23137,3489210,91,3489301
23138,3489303,46,3489349
23139,3489360,30,3489390
23140,3489410,163,3489573
23141,3489665,21,3489686
23142,3489715,34,3489749
23143,3489814,71,3489885
23144,3490263,27,3490290
23145,3490308,75,3490383
23146,3490535,71,3490606
23147,3490703,96,3490799
23148,3490897,165,3491062
23149,3491270,3,3491273
23150,3491478,126,3491604
23151,3491635,15,3491650
23152,3491698,27,3491725
23153,3491751,14,3491765
23154,3491950,5,3491955
23155,3491971,23,3491994
23156,3492007,3,3492010
23157,3492036,134,3492170
23158,3492290,122,3492412
23159,3492472,24,3492496
23160,3492864,88,3492952
23161,3493010,2,3493012
23162,3493077,4,3493081
23163,3493083,19,3493102
23164,3493108,45,3493153
23165,3493364,161,3493525
23166,3493638,119,3493757
23167,3493847,28,3493875
23168,3493931,208,3494139
23169,3494475,153,3494628
23170,3494714,82,3494796
23171,3494977,10,3494987
23172,3495093,4,3495097
23173,3495205,27,3495232
23174,3495250,92,3495342
23175,3495582,12,3495594
23176,3495639,61,3495700
23177,3495869,59,3495928
23178,3496044,7,3496051
23179,3496119,5,3496124
23180,3496138,28,3496166
23181,3496214,40,3496254
23182,3496274,6,3496280
23183,3496434,160,3496594
23184,3496801,254,3497055
23185,3497065,36,3497101
23186,3497261,6,3497267
23187,3497402,23,3497425
23188,3497492,83,3497575
23189,3497674,42,3497716
23190,3497770,79,3497849
23191,3498069,96,3498165
23192,3498347,7,3498354
23193,3498389,63,3498452
23194,3498700,102,3498802
23195,3498891,45,3498936
23196,3499122,12,3499134
23197,3499239,23,3499262
23198,3499320,11,3499331
23199,3499608,56,3499664
23200,3499738,36,3499774
23201,3499886,3,3499889
23202,3500235,113,3500348
23203,3501176,25,3501201
23204,3501220,162,3501382
23205,3501757,39,3501796
23206,3501971,114,3502085
23207,3502138,86,3502224
23208,3502245,37,3502282
23209,3502386,40,3502426
23210,3502493,65,3502558
23211,3502666,23,3502689
23212,3502881,3,3502884
23213,3502926,20,3502946
23214,3503258,6,3503264
23215,3503281,44,3503325
23216,3503328,17,3503345
23217,3503653,131,3503784
23218,3503881,23,3503904
23219,3503996,192,3504188
23220,3504299,9,3504308
23221,3504685,10,3504695
23222,3504716,19,3504735
23223,3504924,186,3505110
23224,3505357,102,3505459
23225,3505536,24,3505560
23226,3505596,38,3505634
23227,3505888,16,3505904
23228,3506104,46,3506150
23229,3506159,16,3506175
23230,3506295,1,3506296
23231,3506320,15,3506335
23232,3506364,53,3506417
23233,3506500,118,3506618
23234,3506760,29,3506789
23235,3506955,10,3506965
23236,3507233,41,3507274
23237,3507281,175,3507456
23238,3507502,21,3507523
23239,3507549,138,3507687
23240,3507742,1,3507743
23241,3507837,64,3507901
23242,3507916,65,3507981
23243,3508589,7,3508596
23244,3508680,198,3508878
23245,3508918,7,3508925
23246,3509022,50,3509072
23247,3509081,12,3509093
23248,3509409,49,3509458
23249,3509551,94,3509645
23250,3509756,21,3509777
23251,3509852,146,3509998
23252,3510204,7,3510211
23253,3510218,68,3510286
23254,3510693,26,3510719
23255,3510720,30,3510750
23256,3510819,12,3510831
23257,3510876,2,3510878
23258,3511009,1,3511010
23259,3511368,60,3511428
23260,3511606,31,3511637
23261,3511762,13,3511775
23262,3511839,12,3511851
23263,3512006,6,3512012
23264,3512020,30,3512050
23265,3512223,183,3512406
23266,3512410,11,3512421
23267,3512466,59,3512525
23268,3512526,3,3512529
23269,3512556,44,3512600
23270,3512627,78,3512705
23271,3512827,43,3512870
23272,3512974,1,3512975
23273,3513094,25,3513119
23274,3513170,54,3513224
23275,3513565,27,3513592
23276,3513629,21,3513650
23277,3513735,72,3513807
23278,3513885,51,3513936
23279,3513982,45,3514027
23280,3514040,111,3514151
23281,3514228,141,3514369
23282,3514395,82,3514477
23283,3514685,51,3514736
23284,3514799,86,3514885
23285,3514924,7,3514931
23286,3515017,210,3515227
23287,3515256,17,3515273
23288,3515282,95,3515377
23289,3515477,5,3515482
23290,3515702,1,3515703
23291,3515723,76,3515799
23292,3515814,55,3515869
23293,3515998,113,3516111
23294,3516539,57,3516596
23295,3516699,7,3516706
23296,3516748,22,3516770
23297,3516933,26,3516959
23298,3517002,110,3517112
23299,3517337,48,3517385
23300,3517513,22,3517535
23301,3517570,8,3517578
23302,3517585,29,3517614
23303,3517891,27,3517918
23304,3517947,71,3518018
23305,3518182,10,3518192
23306,3518193,1,3518194
23307,3518200,19,3518219
23308,3518700,3,3518703
23309,3518749,35,3518784
23310,3519169,5,3519174
23311,3519229,18,3519247
23312,3519295,33,3519328
23313,3519356,13,3519369
23314,3519407,52,3519459
23315,3519543,2,3519545
23316,3519614,29,3519643
23317,3519786,86,3519872
23318,3519955,176,3520131
23319,3520341,22,3520363
23320,3520542,20,3520562
23321,3520661,12,3520673
23322,3520822,108,3520930
23323,3520949,32,3520981
23324,3521083,15,3521098
23325,3521200,106,3521306
23326,3521335,30,3521365
23327,3521374,42,3521416
23328,3521447,25,3521472
23329,3521523,59,3521582
23330,3521630,38,3521668
23331,3521688,39,3521727
23332,3521736,22,3521758
23333,3521878,160,3522038
23334,3522096,8,3522104
23335,3522264,11,3522275
23336,3522282,174,3522456
23337,3522607,30,3522637
23338,3522693,25,3522718
23339,3522897,131,3523028
23340,3523043,4,3523047
23341,3523268,25,3523293
23342,3523313,21,3523334
23343,3523474,67,3523541
23344,3523576,42,3523618
23345,3523624,37,3523661
23346,3523676,67,3523743
23347,3523745,247,3523992
23348,3524043,8,3524051
23349,3524171,88,3524259
23350,3524269,10,3524279
23351,3524410,87,3524497
23352,3524498,8,3524506
23353,3524907,13,3524920
23354,3525029,41,3525070
23355,3525389,37,3525426
23356,3525458,203,3525661
23357,3525752,22,3525774
23358,3525809,185,3525994
23359,3526272,4,3526276
23360,3526291,1,3526292
23361,3526324,155,3526479
23362,3526561,58,3526619
23363,3526672,108,3526780
23364,3526914,13,3526927
23365,3526983,18,3527001
23366,3527075,12,3527087
23367,3527351,109,3527460
23368,3527565,119,3527684
23369,3527819,7,3527826
23370,3527894,78,3527972
23371,3528128,41,3528169
23372,3528173,26,3528199
23373,3528224,80,3528304
23374,3528436,153,3528589
23375,3528690,17,3528707
23376,3528805,49,3528854
23377,3528862,15,3528877
23378,3528910,3,3528913
23379,3529322,181,3529503
23380,3529518,23,3529541
23381,3529605,30,3529635
23382,3529716,18,3529734
23383,3529785,18,3529803
23384,3529823,31,3529854
23385,3530151,55,3530206
23386,3530271,46,3530317
23387,3530439,26,3530465
23388,3530467,38,3530505
23389,3530592,64,3530656
23390,3530704,22,3530726
23391,3530869,11,3530880
23392,3530899,15,3530914
23393,3531002,13,3531015
23394,3531041,102,3531143
23395,3531268,3,3531271
23396,3531453,56,3531509
23397,3531742,18,3531760
23398,3531776,146,3531922
23399,3531971,39,3532010
23400,3532013,62,3532075
23401,3532093,16,3532109
23402,3532194,47,3532241
23403,3532256,28,3532284
23404,3532285,87,3532372
23405,3532468,31,3532499
23406,3532652,18,3532670
23407,3532803,76,3532879
23408,3533005,197,3533202
23409,3533431,29,3533460
23410,3533598,7,3533605
23411,3533963,39,3534002
23412,3534070,13,3534083
23413,3534156,47,3534203
23414,3534246,138,3534384
23415,3534425,81,3534506
23416,3534582,26,3534608
23417,3534657,16,3534673
23418,3534703,17,3534720
23419,3534792,10,3534802
23420,3534994,52,3535046
23421,3535132,36,3535168
23422,3535190,29,3535219
23423,3535369,15,3535384
23424,3535441,36,3535477
23425,3535616,61,3535677
23426,3535880,45,3535925
23427,3535934,8,3535942
23428,3536186,20,3536206
23429,3536420,54,3536474
23430,3536493,11,3536504
23431,3536629,36,3536665
23432,3536852,41,3536893
23433,3537094,82,3537176
23434,3537198,14,3537212
23435,3537281,18,3537299
23436,3537506,70,3537576
23437,3537678,44,3537722
23438,3537817,94,3537911
23439,3538131,17,3538148
23440,3538222,67,3538289
23441,3538302,122,3538424
23442,3538519,89,3538608
23443,3538624,13,3538637
23444,3538880,118,3538998
23445,3539220,29,3539249
23446,3539300,37,3539337
23447,3539467,2,3539469
23448,3539641,112,3539753
23449,3539773,1,3539774
23450,3539815,54,3539869
23451,3539880,20,3539900
23452,3539998,1,3539999
23453,3540079,25,3540104
23454,3540107,56,3540163
23455,3540178,75,3540253
23456,3540638,64,3540702
23457,3540993,62,3541055
23458,3541066,4,3541070
23459,3541252,129,3541381
23460,3541394,1,3541395
23461,3541488,69,3541557
23462,3541617,32,3541649
23463,3541749,72,3541821
23464,3541831,9,3541840
23465,3541993,13,3542006
23466,3542076,1,3542077
23467,3542094,9,3542103
23468,3542139,16,3542155
23469,3542172,68,3542240
23470,3542333,14,3542347
23471,3542486,10,3542496
23472,3542497,38,3542535
23473,3542577,20,3542597
23474,3542601,74,3542675
23475,3542901,15,3542916
23476,3542943,221,3543164
23477,3543345,19,3543364
23478,3543397,35,3543432
23479,3543533,33,3543566
23480,3543607,143,3543750
23481,3543886,64,3543950
23482,3544063,76,3544139
23483,3544172,81,3544253
23484,3544486,94,3544580
23485,3544655,34,3544689
23486,3544737,48,3544785
23487,3544800,18,3544818
23488,3544822,1,3544823
23489,3544930,52,3544982
23490,3545171,35,3545206
23491,3545240,91,3545331
23492,3545395,30,3545425
23493,3545506,30,3545536
23494,3545559,26,3545585
23495,3545624,14,3545638
23496,3545749,64,3545813
23497,3545969,112,3546081
23498,3546086,58,3546144
23499,3546497,110,3546607
23500,3546625,6,3546631
23501,3546785,11,3546796
23502,3546877,20,3546897
23503,3547016,21,3547037
23504,3547145,34,3547179
23505,3547238,15,3547253
23506,3547507,61,3547568
23507,3547659,19,3547678
23508,3547773,57,3547830
23509,3547943,24,3547967
23510,3548048,16,3548064
23511,3548162,8,3548170
23512,3548199,9,3548208
23513,3548328,26,3548354
23514,3548527,34,3548561
23515,3548568,34,3548602
23516,3548832,29,3548861
23517,3548927,63,3548990
23518,3549103,28,3549131
23519,3549141,60,3549201
23520,3549281,19,3549300
23521,3549477,19,3549496
23522,3549562,56,3549618
23523,3549677,4,3549681
23524,3549975,17,3549992
23525,3550097,1,3550098
23526,3550167,27,3550194
23527,3550288,111,3550399
23528,3550417,65,3550482
23529,3550546,20,3550566
23530,3550585,20,3550605
23531,3550665,24,3550689
23532,3550901,2,3550903
23533,3550951,11,3550962
23534,3550998,1,3550999
23535,3551068,24,3551092
23536,3551120,15,3551135
23537,3551198,50,3551248
23538,3551291,28,3551319
23539,3551602,58,3551660
23540,3551677,3,3551680
23541,3551693,139,3551832
23542,3551833,34,3551867
23543,3551938,11,3551949
23544,3551961,133,3552094
23545,3552103,31,3552134
23546,3552552,38,3552590
23547,3552652,3,3552655
23548,3552748,51,3552799
23549,3552823,40,3552863
23550,3552934,50,3552984
23551,3553063,59,3553122
23552,3553337,8,3553345
23553,3553446,140,3553586
23554,3553614,53,3553667
23555,3553744,14,3553758
23556,3553773,99,3553872
23557,3554015,85,3554100
23558,3554266,228,3554494
23559,3554638,147,3554785
23560,3554794,51,3554845
23561,3554961,103,3555064
23562,3555074,23,3555097
23563,3555283,66,3555349
23564,3555418,169,3555587
23565,3555592,64,3555656
23566,3555780,32,3555812
23567,3555987,23,3556010
23568,3556018,21,3556039
23569,3556147,41,3556188
23570,3556195,82,3556277
23571,3556417,4,3556421
23572,3556541,263,3556804
23573,3557365,1,3557366
23574,3557388,16,3557404
23575,3557439,23,3557462
23576,3557626,65,3557691
23577,3557706,73,3557779
23578,3557841,27,3557868
23579,3557880,50,3557930
23580,3557955,50,3558005
23581,3558017,32,3558049
23582,3558074,51,3558125
23583,3558144,90,3558234
23584,3558339,11,3558350
23585,3558501,28,3558529
23586,3558611,54,3558665
23587,3558832,95,3558927
23588,3559109,70,3559179
23589,3559945,1,3559946
23590,3560055,16,3560071
23591,3560094,53,3560147
23592,3560317,55,3560372
23593,3560488,88,3560576
23594,3560645,13,3560658
23595,3560727,8,3560735
23596,3560791,8,3560799
23597,3560812,10,3560822
23598,3560889,13,3560902
23599,3560940,4,3560944
23600,3560984,29,3561013
23601,3561025,68,3561093
23602,3561133,225,3561358
23603,3561399,108,3561507
23604,3561561,79,3561640
23605,3561753,165,3561918
23606,3561988,49,3562037
23607,3562094,1,3562095
23608,3562263,22,3562285
23609,3562299,53,3562352
23610,3562703,24,3562727
23611,3562862,64,3562926
23612,3562975,20,3562995
23613,3563045,6,3563051
23614,3563319,1,3563320
23615,3563365,89,3563454
23616,3563456,15,3563471
23617,3563725,218,3563943
23618,3564094,46,3564140
23619,3564226,70,3564296
23620,3564383,13,3564396
23621,3564408,180,3564588
23622,3564600,24,3564624
23623,3564626,61,3564687
23624,3564915,13,3564928
23625,3564955,10,3564965
23626,3565001,40,3565041
23627,3565660,146,3565806
23628,3565873,31,3565904
23629,3565984,5,3565989
23630,3566127,7,3566134
23631,3566438,27,3566465
23632,3566539,31,3566570
23633,3566648,8,3566656
23634,3566699,55,3566754
23635,3566775,69,3566844
23636,3566919,12,3566931
23637,3567052,22,3567074
23638,3567081,18,3567099
23639,3567120,37,3567157
23640,3567198,126,3567324
23641,3567590,35,3567625
23642,3567774,39,3567813
23643,3567827,1,3567828
23644,3567881,47,3567928
23645,3568029,57,3568086
23646,3568218,1,3568219
23647,3568280,16,3568296
23648,3568387,132,3568519
23649,3568599,7,3568606
23650,3568610,106,3568716
23651,3568719,62,3568781
23652,3568783,93,3568876
23653,3569035,12,3569047
23654,3569082,17,3569099
23655,3569172,171,3569343
23656,3569540,10,3569550
23657,3569689,66,3569755
23658,3569902,19,3569921
23659,3570004,23,3570027
23660,3570233,4,3570237
23661,3570274,37,3570311
23662,3570457,55,3570512
23663,3570544,107,3570651
23664,3570876,16,3570892
23665,3570901,1,3570902
23666,3570974,16,3570990
23667,3571024,27,3571051
23668,3571053,4,3571057
23669,3571113,159,3571272
23670,3571325,49,3571374
23671,3571453,70,3571523
23672,3571611,17,3571628
23673,3571631,77,3571708
23674,3571716,4,3571720
23675,3571786,34,3571820
23676,3571829,25,3571854
23677,3571968,33,3572001
23678,3572005,37,3572042
23679,3572199,45,3572244
23680,3572285,51,3572336
23681,3572423,4,3572427
23682,3572438,27,3572465
23683,3572550,4,3572554
23684,3572738,2,3572740
23685,3572787,165,3572952
23686,3572955,12,3572967
23687,3573011,4,3573015
23688,3573088,10,3573098
23689,3573400,80,3573480
23690,3573609,9,3573618
23691,3573816,76,3573892
23692,3573909,30,3573939
23693,3574419,18,3574437
23694,3574504,14,3574518
23695,3574555,1,3574556
23696,3574837,37,3574874
23697,3574943,97,3575040
23698,3575149,36,3575185
23699,3575528,16,3575544
23700,3575588,123,3575711
23701,3576019,4,3576023
23702,3576037,25,3576062
23703,3576172,10,3576182
23704,3576364,49,3576413
23705,3576425,52,3576477
23706,3576495,98,3576593
23707,3576887,20,3576907
23708,3576928,31,3576959
23709,3577166,26,3577192
23710,3577208,83,3577291
23711,3577298,107,3577405
23712,3577491,1,3577492
23713,3577544,29,3577573
23714,3577607,12,3577619
23715,3577704,42,3577746
23716,3577821,9,3577830
23717,3577838,161,3577999
23718,3578014,62,3578076
23719,3578121,5,3578126
23720,3578163,30,3578193
23721,3578327,3,3578330
23722,3578380,55,3578435
23723,3578444,106,3578550
23724,3578604,78,3578682
23725,3578974,13,3578987
23726,3579277,15,3579292
23727,3579573,156,3579729
23728,3579749,103,3579852
23729,3579904,44,3579948
23730,3580118,19,3580137
23731,3580152,4,3580156
23732,3580246,8,3580254
23733,3580381,34,3580415
23734,3580484,124,3580608
23735,3580775,47,3580822
23736,3580939,71,3581010
23737,3581016,17,3581033
23738,3581093,5,3581098
23739,3581106,23,3581129
23740,3581249,63,3581312
23741,3581314,93,3581407
23742,3581425,15,3581440
23743,3581665,50,3581715
23744,3582081,3,3582084
23745,3582131,104,3582235
23746,3582271,169,3582440
23747,3582537,35,3582572
23748,3582588,43,3582631
23749,3582930,40,3582970
23750,3583134,3,3583137
23751,3583213,202,3583415
23752,3583564,75,3583639
23753,3583943,108,3584051
23754,3584144,15,3584159
23755,3584289,26,3584315
23756,3584416,199,3584615
23757,3584696,29,3584725
23758,3584789,70,3584859
23759,3584938,51,3584989
23760,3585007,174,3585181
23761,3585244,67,3585311
23762,3585514,91,3585605
23763,3585646,37,3585683
23764,3585800,247,3586047
23765,3586089,102,3586191
23766,3586268,31,3586299
23767,3586359,48,3586407
23768,3586508,33,3586541
23769,3586682,73,3586755
23770,3586913,26,3586939
23771,3586968,73,3587041
23772,3587068,96,3587164
23773,3587248,25,3587273
23774,3587306,66,3587372
23775,3587512,46,3587558
23776,3587586,118,3587704
23777,3587991,52,3588043
23778,3588113,38,3588151
23779,3588276,37,3588313
23780,3588564,5,3588569
23781,3588627,46,3588673
23782,3588760,218,3588978
23783,3589017,26,3589043
23784,3589129,1,3589130
23785,3589280,96,3589376
23786,3590006,34,3590040
23787,3590048,109,3590157
23788,3590233,5,3590238
23789,3590254,145,3590399
23790,3590690,6,3590696
23791,3590775,7,3590782
23792,3591012,48,3591060
23793,3591134,82,3591216
23794,3591256,18,3591274
23795,3591331,41,3591372
23796,3591404,8,3591412
23797,3591420,2,3591422
23798,3591436,30,3591466
23799,3591576,11,3591587
23800,3591642,67,3591709
23801,3591894,7,3591901
23802,3592064,47,3592111
23803,3592243,64,3592307
23804,3592436,20,3592456
23805,3592510,14,3592524
23806,3592541,116,3592657
23807,3592689,1,3592690
23808,3592855,81,3592936
23809,3592974,154,3593128
23810,3593277,120,3593397
23811,3593544,51,3593595
23812,3593901,56,3593957
23813,3593966,18,3593984
23814,3593986,40,3594026
23815,3594119,61,3594180
23816,3594287,15,3594302
23817,3594383,156,3594539
23818,3594612,18,3594630
23819,3594780,17,3594797
23820,3594802,37,3594839
23821,3594972,35,3595007
23822,3595015,11,3595026
23823,3595081,8,3595089
23824,3595104,6,3595110
23825,3595156,54,3595210
23826,3595249,2,3595251
23827,3595451,97,3595548
23828,3595563,25,3595588
23829,3595835,15,3595850
23830,3595889,58,3595947
23831,3596078,15,3596093
23832,3596144,104,3596248
23833,3596329,31,3596360
23834,3596536,12,3596548
23835,3596745,5,3596750
23836,3596771,70,3596841
23837,3596919,28,3596947
23838,3596961,35,3596996
23839,3597020,33,3597053
23840,3597144,39,3597183
23841,3597199,31,3597230
23842,3597334,14,3597348
23843,3597367,2,3597369
23844,3597403,16,3597419
23845,3597592,24,3597616
23846,3597630,23,3597653
23847,3598073,134,3598207
23848,3598347,7,3598354
23849,3598466,36,3598502
23850,3598513,77,3598590
23851,3598711,60,3598771
23852,3598804,85,3598889
23853,3599195,14,3599209
23854,3599225,116,3599341
23855,3599384,17,3599401
23856,3599689,77,3599766
23857,3599768,52,3599820
23858,3599887,6,3599893
23859,3599917,49,3599966
23860,3600009,144,3600153
23861,3600309,2,3600311
23862,3600313,90,3600403
23863,3600544,11,3600555
23864,3600741,7,3600748
23865,3600802,12,3600814
23866,3600926,65,3600991
23867,3601062,21,3601083
23868,3601130,28,3601158
23869,3601187,4,3601191
23870,3601215,7,3601222
23871,3601239,2,3601241
23872,3601258,104,3601362
23873,3601367,192,3601559
23874,3601565,25,3601590
23875,3601661,55,3601716
23876,3601919,79,3601998
23877,3602155,39,3602194
23878,3602356,23,3602379
23879,3602652,142,3602794
23880,3602968,21,3602989
23881,3603201,25,3603226
23882,3603289,1,3603290
23883,3603496,135,3603631
23884,3603725,22,3603747
23885,3603798,94,3603892
23886,3603935,10,3603945
23887,3604026,73,3604099
23888,3604137,70,3604207
23889,3604242,60,3604302
23890,3604409,3,3604412
23891,3604469,30,3604499
23892,3604567,39,3604606
23893,3604616,24,3604640
23894,3604652,3,3604655
23895,3604856,9,3604865
23896,3604903,65,3604968
23897,3604972,78,3605050
23898,3605094,85,3605179
23899,3605180,17,3605197
23900,3605332,1,3605333
23901,3605976,4,3605980
23902,3606144,225,3606369
23903,3606376,30,3606406
23904,3606548,4,3606552
23905,3606616,90,3606706
23906,3606754,36,3606790
23907,3606838,47,3606885
23908,3606980,24,3607004
23909,3607060,106,3607166
23910,3607491,132,3607623
23911,3607760,21,3607781
23912,3607876,3,3607879
23913,3608027,20,3608047
23914,3608219,25,3608244
23915,3608284,58,3608342
23916,3608623,19,3608642
23917,3608734,15,3608749
23918,3609189,4,3609193
23919,3609285,105,3609390
23920,3609399,1,3609400
23921,3609716,44,3609760
23922,3609838,65,3609903
23923,3609934,111,3610045
23924,3610063,54,3610117
23925,3610353,4,3610357
23926,3610454,6,3610460
23927,3610709,129,3610838
23928,3610849,40,3610889
23929,3610957,9,3610966
23930,3610984,12,3610996
23931,3611180,79,3611259
23932,3611284,61,3611345
23933,3611358,78,3611436
23934,3611442,15,3611457
23935,3611585,13,3611598
23936,3611752,5,3611757
23937,3611812,4,3611816
23938,3611891,41,3611932
23939,3612038,91,3612129
23940,3612204,20,3612224
23941,3612300,59,3612359
23942,3612390,15,3612405
23943,3612414,22,3612436
23944,3612540,33,3612573
23945,3612619,5,3612624
23946,3612718,138,3612856
23947,3612894,6,3612900
23948,3613210,39,3613249
23949,3613297,21,3613318
23950,3613368,38,3613406
23951,3613475,73,3613548
23952,3613568,92,3613660
23953,3613744,69,3613813
23954,3613823,11,3613834
23955,3613846,17,3613863
23956,3613898,6,3613904
23957,3614049,40,3614089
23958,3614296,6,3614302
23959,3614348,22,3614370
23960,3614386,122,3614508
23961,3614607,39,3614646
23962,3615024,69,3615093
23963,3615239,33,3615272
23964,3615309,102,3615411
23965,3615421,23,3615444
23966,3615516,31,3615547
23967,3615570,7,3615577
23968,3615688,4,3615692
23969,3615741,98,3615839
23970,3615923,64,3615987
23971,3616116,19,3616135
23972,3616255,127,3616382
23973,3616424,80,3616504
23974,3616744,34,3616778
23975,3617156,158,3617314
23976,3617560,21,3617581
23977,3617586,23,3617609
23978,3617717,6,3617723
23979,3617738,31,3617769
23980,3617881,17,3617898
23981,3617904,136,3618040
23982,3618190,13,3618203
23983,3618351,18,3618369
23984,3618480,4,3618484
23985,3618560,98,3618658
23986,3618703,13,3618716
23987,3618717,359,3619076
23988,3619203,154,3619357
23989,3619382,26,3619408
23990,3619589,28,3619617
23991,3619946,19,3619965
23992,3619971,2,3619973
23993,3620277,59,3620336
23994,3620374,12,3620386
23995,3620391,43,3620434
23996,3620452,61,3620513
23997,3620608,68,3620676
23998,3620736,172,3620908
23999,3621098,98,3621196
24000,3621269,33,3621302
24001,3621370,10,3621380
24002,3621402,52,3621454
24003,3621494,200,3621694
24004,3621734,108,3621842
24005,3621876,42,3621918
24006,3622040,16,3622056
24007,3622061,4,3622065
24008,3622141,8,3622149
24009,3622186,12,3622198
24010,3622199,56,3622255
24011,3622260,6,3622266
24012,3622455,32,3622487
24013,3622498,13,3622511
24014,3622700,25,3622725
24015,3622799,181,3622980
24016,3623017,45,3623062
24017,3623112,16,3623128
24018,3623135,10,3623145
24019,3623342,7,3623349
24020,3623352,210,3623562
24021,3623957,1,3623958
24022,3624065,54,3624119
24023,3624148,6,3624154
24024,3624171,175,3624346
24025,3624431,8,3624439
24026,3624554,6,3624560
24027,3624655,151,3624806
24028,3624934,60,3624994
24029,3625203,103,3625306
24030,3625487,26,3625513
24031,3625762,10,3625772
24032,3625983,57,3626040
24033,3626056,99,3626155
24034,3626287,22,3626309
24035,3626360,28,3626388
24036,3626541,41,3626582
24037,3626628,6,3626634
24038,3626649,64,3626713
24039,3626754,82,3626836
24040,3626934,14,3626948
24041,3626969,6,3626975
24042,3627025,80,3627105
24043,3627128,15,3627143
24044,3627305,8,3627313
24045,3627324,76,3627400
24046,3627472,11,3627483
24047,3627554,108,3627662
24048,3627736,71,3627807
24049,3628171,2,3628173
24050,3628176,129,3628305
24051,3628308,37,3628345
24052,3628711,15,3628726
24053,3628809,18,3628827
24054,3628857,17,3628874
24055,3628880,45,3628925
24056,3629166,28,3629194
24057,3629195,89,3629284
24058,3629289,9,3629298
24059,3629374,33,3629407
24060,3629409,21,3629430
24061,3629565,40,3629605
24062,3629718,69,3629787
24063,3629838,16,3629854
24064,3629970,20,3629990
24065,3630242,97,3630339
24066,3630361,70,3630431
24067,3630469,111,3630580
24068,3631086,16,3631102
24069,3631195,26,3631221
24070,3631347,14,3631361
24071,3631438,4,3631442
24072,3631473,29,3631502
24073,3631506,38,3631544
24074,3631676,4,3631680
24075,3631786,58,3631844
24076,3632294,92,3632386
24077,3632388,25,3632413
24078,3632915,16,3632931
24079,3633266,64,3633330
24080,3633422,15,3633437
24081,3633537,12,3633549
24082,3633599,9,3633608
24083,3633642,5,3633647
24084,3633656,32,3633688
24085,3633818,17,3633835
24086,3633900,31,3633931
24087,3633944,11,3633955
24088,3634201,49,3634250
24089,3634295,15,3634310
24090,3634318,74,3634392
24091,3634470,11,3634481
24092,3634485,115,3634600
24093,3634617,23,3634640
24094,3634706,72,3634778
24095,3635020,8,3635028
24096,3635250,174,3635424
24097,3635433,113,3635546
24098,3635589,13,3635602
24099,3635647,19,3635666
24100,3635728,8,3635736
24101,3635746,22,3635768
24102,3635886,2,3635888
24103,3636100,63,3636163
24104,3636419,75,3636494
24105,3636655,42,3636697
24106,3636752,19,3636771
24107,3636841,3,3636844
24108,3637032,71,3637103
24109,3637215,15,3637230
24110,3637454,99,3637553
24111,3637619,2,3637621
24112,3637652,118,3637770
24113,3637790,60,3637850
24114,3637979,50,3638029
24115,3638105,8,3638113
24116,3638221,17,3638238
24117,3638330,58,3638388
24118,3638655,40,3638695
24119,3638800,37,3638837
24120,3639137,160,3639297
24121,3639465,58,3639523
24122,3639683,51,3639734
24123,3639755,6,3639761
24124,3639762,55,3639817
24125,3639825,1,3639826
24126,3639963,13,3639976
24127,3640077,44,3640121
24128,3640262,39,3640301
24129,3640316,6,3640322
24130,3640339,7,3640346
24131,3640480,27,3640507
24132,3640552,18,3640570
24133,3640573,5,3640578
24134,3640708,16,3640724
24135,3640784,57,3640841
24136,3641208,20,3641228
24137,3641262,25,3641287
24138,3641306,61,3641367
24139,3641457,50,3641507
24140,3641518,8,3641526
24141,3641547,58,3641605
24142,3641650,23,3641673
24143,3641691,5,3641696
24144,3641735,170,3641905
24145,3641941,2,3641943
24146,3641965,83,3642048
24147,3642069,13,3642082
24148,3642210,271,3642481
24149,3642552,12,3642564
24150,3642598,27,3642625
24151,3642698,26,3642724
24152,3642778,73,3642851
24153,3642867,99,3642966
24154,3643079,29,3643108
24155,3643150,28,3643178
24156,3643199,4,3643203
24157,3643226,74,3643300
24158,3643430,119,3643549
24159,3643630,29,3643659
24160,3643699,17,3643716
24161,3644051,10,3644061
24162,3644155,164,3644319
24163,3644338,8,3644346
24164,3644450,199,3644649
24165,3644737,51,3644788
24166,3644892,95,3644987
24167,3645270,25,3645295
24168,3645303,27,3645330
24169,3645427,103,3645530
24170,3645922,59,3645981
24171,3646163,6,3646169
24172,3646245,29,3646274
24173,3646302,90,3646392
24174,3646416,40,3646456
24175,3646595,49,3646644
24176,3646692,98,3646790
24177,3646857,16,3646873
24178,3646926,50,3646976
24179,3646978,10,3646988
24180,3646999,26,3647025
24181,3647328,12,3647340
24182,3647381,16,3647397
24183,3647521,89,3647610
24184,3647629,39,3647668
24185,3647780,4,3647784
24186,3647825,40,3647865
24187,3647942,26,3647968
24188,3648015,61,3648076
24189,3648088,15,3648103
24190,3648108,5,3648113
24191,3648210,28,3648238
24192,3648241,38,3648279
24193,3648302,18,3648320
24194,3648417,18,3648435
24195,3648592,17,3648609
24196,3648723,20,3648743
24197,3648808,38,3648846
24198,3649100,56,3649156
24199,3649224,33,3649257
24200,3649281,32,3649313
24201,3649423,29,3649452
24202,3649456,96,3649552
24203,3649637,35,3649672
24204,3649730,7,3649737
24205,3650164,11,3650175
24206,3650265,30,3650295
24207,3650330,54,3650384
24208,3650609,27,3650636
24209,3650826,31,3650857
24210,3650913,17,3650930
24211,3650993,96,3651089
24212,3651136,126,3651262
24213,3651310,52,3651362
24214,3651448,25,3651473
24215,3651482,18,3651500
24216,3651538,125,3651663
24217,3651864,9,3651873
24218,3651883,1,3651884
24219,3652085,88,3652173
24220,3652345,34,3652379
24221,3652406,7,3652413
24222,3652494,14,3652508
24223,3652538,30,3652568
24224,3652744,2,3652746
24225,3652873,25,3652898
24226,3652956,38,3652994
24227,3653320,61,3653381
24228,3653521,52,3653573
24229,3653726,7,3653733
24230,3653807,42,3653849
24231,3653907,14,3653921
24232,3654058,39,3654097
24233,3654140,40,3654180
24234,3654258,137,3654395
24235,3654435,11,3654446
24236,3654755,38,3654793
24237,3654838,51,3654889
24238,3655004,40,3655044
24239,3655051,7,3655058
24240,3655066,96,3655162
24241,3655291,54,3655345
24242,3655359,29,3655388
24243,3655452,61,3655513
24244,3655548,34,3655582
24245,3655769,172,3655941
24246,3656015,5,3656020
24247,3656135,151,3656286
24248,3656317,36,3656353
24249,3656361,109,3656470
24250,3656676,4,3656680
24251,3656707,31,3656738
24252,3656881,16,3656897
24253,3657121,111,3657232
24254,3657289,32,3657321
24255,3657348,3,3657351
24256,3657367,39,3657406
24257,3657424,72,3657496
24258,3657516,79,3657595
24259,3657685,64,3657749
24260,3657906,21,3657927
24261,3658081,15,3658096
24262,3658313,51,3658364
24263,3658405,12,3658417
24264,3658474,12,3658486
24265,3658549,48,3658597
24266,3658631,21,3658652
24267,3658900,9,3658909
24268,3659181,22,3659203
24269,3659412,211,3659623
24270,3659683,134,3659817
24271,3659862,100,3659962
24272,3659964,192,3660156
24273,3660173,14,3660187
24274,3660208,19,3660227
24275,3660692,23,3660715
24276,3660764,2,3660766
24277,3660834,54,3660888
24278,3660904,174,3661078
24279,3661169,14,3661183
24280,3661445,42,3661487
24281,3661742,1,3661743
24282,3661898,1,3661899
24283,3661936,24,3661960
24284,3662014,3,3662017
24285,3662132,84,3662216
24286,3662341,15,3662356
24287,3662376,36,3662412
24288,3662469,24,3662493
24289,3662627,8,3662635
24290,3662641,13,3662654
24291,3663014,26,3663040
24292,3663049,19,3663068
24293,3663072,85,3663157
24294,3663240,33,3663273
24295,3663431,278,3663709
24296,3663878,64,3663942
24297,3664305,139,3664444
24298,3664452,9,3664461
24299,3664476,15,3664491
24300,3664598,20,3664618
24301,3664655,15,3664670
24302,3664705,41,3664746
24303,3664938,15,3664953
24304,3665042,69,3665111
24305,3665139,5,3665144
24306,3665486,1,3665487
24307,3665527,74,3665601
24308,3665773,12,3665785
24309,3665821,190,3666011
24310,3666069,2,3666071
24311,3666124,1,3666125
24312,3666208,55,3666263
24313,3666271,22,3666293
24314,3666342,34,3666376
24315,3666456,64,3666520
24316,3666830,21,3666851
24317,3666906,33,3666939
24318,3666940,25,3666965
24319,3667067,89,3667156
24320,3667351,81,3667432
24321,3667433,141,3667574
24322,3667625,40,3667665
24323,3667794,17,3667811
24324,3667838,40,3667878
24325,3667994,1,3667995
24326,3668164,4,3668168
24327,3668185,144,3668329
24328,3668464,9,3668473
24329,3668605,45,3668650
24330,3668723,18,3668741
24331,3668903,44,3668947
24332,3669085,13,3669098
24333,3669127,94,3669221
24334,3669239,11,3669250
24335,3669332,106,3669438
24336,3669570,37,3669607
24337,3669838,131,3669969
24338,3670064,121,3670185
24339,3670193,100,3670293
24340,3670294,4,3670298
24341,3670357,14,3670371
24342,3670509,49,3670558
24343,3670720,57,3670777
24344,3670907,26,3670933
24345,3671029,17,3671046
24346,3671081,7,3671088
24347,3671141,22,3671163
24348,3671300,21,3671321
24349,3671356,29,3671385
24350,3671400,59,3671459
24351,3671480,35,3671515
24352,3671562,1,3671563
24353,3671661,29,3671690
24354,3671707,33,3671740
24355,3671928,3,3671931
24356,3671956,53,3672009
24357,3672041,55,3672096
24358,3672350,14,3672364
24359,3672393,112,3672505
24360,3672565,38,3672603
24361,3672617,20,3672637
24362,3672664,179,3672843
24363,3672895,27,3672922
24364,3672989,28,3673017
24365,3673162,21,3673183
24366,3673249,15,3673264
24367,3673352,64,3673416
24368,3673497,20,3673517
24369,3673746,40,3673786
24370,3673880,25,3673905
24371,3673991,41,3674032
24372,3674323,57,3674380
24373,3674390,11,3674401
24374,3674451,37,3674488
24375,3674854,3,3674857
24376,3675027,43,3675070
24377,3675240,45,3675285
24378,3675346,29,3675375
24379,3675389,29,3675418
24380,3675438,90,3675528
24381,3675543,4,3675547
24382,3675624,140,3675764
24383,3676205,25,3676230
24384,3676324,101,3676425
24385,3676427,58,3676485
24386,3676494,29,3676523
24387,3676596,45,3676641
24388,3676642,4,3676646
24389,3676655,111,3676766
24390,3676888,78,3676966
24391,3676969,93,3677062
24392,3677067,53,3677120
24393,3677329,49,3677378
24394,3677493,23,3677516
24395,3677651,251,3677902
24396,3678076,10,3678086
24397,3678138,61,3678199
24398,3678218,56,3678274
24399,3678357,72,3678429
24400,3678444,48,3678492
24401,3678523,124,3678647
24402,3678661,23,3678684
24403,3678815,109,3678924
24404,3678942,38,3678980
24405,3679022,17,3679039
24406,3679209,46,3679255
24407,3679486,16,3679502
24408,3679504,30,3679534
24409,3679557,54,3679611
24410,3679614,8,3679622
24411,3679830,50,3679880
24412,3680004,15,3680019
24413,3680027,257,3680284
24414,3680399,20,3680419
24415,3680609,9,3680618
24416,3680810,57,3680867
24417,3680926,16,3680942
24418,3681184,33,3681217
24419,3681263,26,3681289
24420,3681682,6,3681688
24421,3681754,185,3681939
24422,3682002,67,3682069
24423,3682104,27,3682131
24424,3682231,11,3682242
24425,3682243,111,3682354
24426,3682827,22,3682849
24427,3683212,49,3683261
24428,3683391,9,3683400
24429,3683475,16,3683491
24430,3683602,15,3683617
24431,3683707,17,3683724
24432,3683854,7,3683861
24433,3683876,142,3684018
24434,3684059,140,3684199
24435,3684285,53,3684338
24436,3684349,94,3684443
24437,3684695,6,3684701
24438,3685014,43,3685057
24439,3685410,110,3685520
24440,3685558,32,3685590
24441,3685857,19,3685876
24442,3685963,33,3685996
24443,3686065,3,3686068
24444,3686194,25,3686219
24445,3686549,124,3686673
24446,3686800,2,3686802
24447,3686846,19,3686865
24448,3686913,227,3687140
24449,3687288,33,3687321
24450,3687404,76,3687480
24451,3687669,81,3687750
24452,3687785,4,3687789
24453,3687877,38,3687915
24454,3687961,66,3688027
24455,3688194,18,3688212
24456,3688262,41,3688303
24457,3688594,118,3688712
24458,3688741,35,3688776
24459,3688796,40,3688836
24460,3688838,58,3688896
24461,3689131,10,3689141
24462,3689142,21,3689163
24463,3689298,56,3689354
24464,3689395,55,3689450
24465,3689502,79,3689581
24466,3689686,24,3689710
24467,3689947,35,3689982
24468,3690158,40,3690198
24469,3690202,46,3690248
24470,3690366,23,3690389
24471,3690405,20,3690425
24472,3690652,46,3690698
24473,3690715,49,3690764
24474,3690799,9,3690808
24475,3690849,19,3690868
24476,3690994,1,3690995
24477,3691009,37,3691046
24478,3691101,42,3691143
24479,3691230,42,3691272
24480,3691276,22,3691298
24481,3691330,36,3691366
24482,3691440,55,3691495
24483,3691554,30,3691584
24484,3691821,18,3691839
24485,3691880,94,3691974
24486,3692087,7,3692094
24487,3692128,140,3692268
24488,3692342,6,3692348
24489,3692382,18,3692400
24490,3692434,186,3692620
24491,3692763,87,3692850
24492,3692864,2,3692866
24493,3692884,47,3692931
24494,3693008,83,3693091
24495,3693209,31,3693240
24496,3693250,33,3693283
24497,3693343,116,3693459
24498,3693471,44,3693515
24499,3693557,27,3693584
24500,3693763,15,3693778
24501,3693873,88,3693961
24502,3693966,17,3693983
24503,3694047,56,3694103
24504,3694260,45,3694305
24505,3694319,197,3694516
24506,3694645,161,3694806
24507,3694814,216,3695030
24508,3695034,21,3695055
24509,3695282,206,3695488
24510,3695592,53,3695645
24511,3695653,24,3695677
24512,3695683,154,3695837
24513,3696157,72,3696229
24514,3696286,54,3696340
24515,3696341,2,3696343
24516,3696710,17,3696727
24517,3696740,16,3696756
24518,3696787,39,3696826
24519,3696838,76,3696914
24520,3696975,25,3697000
24521,3697239,53,3697292
24522,3697400,26,3697426
24523,3697574,42,3697616
24524,3697684,20,3697704
24525,3697740,8,3697748
24526,3697771,6,3697777
24527,3697779,12,3697791
24528,3697920,3,3697923
24529,3697937,140,3698077
24530,3698478,81,3698559
24531,3698810,47,3698857
24532,3698975,10,3698985
24533,3699198,6,3699204
24534,3699533,20,3699553
24535,3699644,6,3699650
24536,3699725,91,3699816
24537,3699817,44,3699861
24538,3699933,123,3700056
24539,3700071,38,3700109
24540,3700297,58,3700355
24541,3700377,93,3700470
24542,3700511,118,3700629
24543,3700812,78,3700890
24544,3700924,28,3700952
24545,3700964,87,3701051
24546,3701065,6,3701071
24547,3701147,103,3701250
24548,3701471,4,3701475
24549,3701503,31,3701534
24550,3701591,21,3701612
24551,3701653,47,3701700
24552,3701703,23,3701726
24553,3701943,40,3701983
24554,3702034,100,3702134
24555,3702151,63,3702214
24556,3702244,48,3702292
24557,3702721,46,3702767
24558,3702829,13,3702842
24559,3702975,44,3703019
24560,3703082,83,3703165
24561,3703167,46,3703213
24562,3703810,32,3703842
24563,3703872,1,3703873
24564,3703958,17,3703975
24565,3704042,54,3704096
24566,3704132,16,3704148
24567,3704177,26,3704203
24568,3704257,48,3704305
24569,3704377,108,3704485
24570,3704726,10,3704736
24571,3704754,12,3704766
24572,3704830,23,3704853
24573,3704904,66,3704970
24574,3705034,2,3705036
24575,3705419,11,3705430
24576,3705444,1,3705445
24577,3705721,8,3705729
24578,3705808,45,3705853
24579,3706056,55,3706111
24580,3706253,126,3706379
24581,3706455,61,3706516
24582,3706549,35,3706584
24583,3706688,76,3706764
24584,3706787,26,3706813
24585,3707273,43,3707316
24586,3707343,93,3707436
24587,3707525,17,3707542
24588,3707562,63,3707625
24589,3707639,59,3707698
24590,3707702,3,3707705
24591,3707783,9,3707792
24592,3707815,130,3707945
24593,3708189,4,3708193
24594,3708199,81,3708280
24595,3708293,23,3708316
24596,3708460,3,3708463
24597,3708521,55,3708576
24598,3708590,15,3708605
24599,3708692,54,3708746
24600,3708793,5,3708798
24601,3708816,35,3708851
24602,3708864,131,3708995
24603,3709099,25,3709124
24604,3709174,86,3709260
24605,3709466,3,3709469
24606,3709545,98,3709643
24607,3709669,36,3709705
24608,3709755,10,3709765
24609,3710031,19,3710050
24610,3710337,27,3710364
24611,3710365,1,3710366
24612,3710732,22,3710754
24613,3710867,24,3710891
24614,3710914,96,3711010
24615,3711073,29,3711102
24616,3711177,1,3711178
24617,3711236,28,3711264
24618,3711280,141,3711421
24619,3711453,28,3711481
24620,3711501,7,3711508
24621,3711888,12,3711900
24622,3711974,39,3712013
24623,3712213,14,3712227
24624,3712250,74,3712324
24625,3712354,50,3712404
24626,3712508,30,3712538
24627,3712599,166,3712765
24628,3712798,43,3712841
24629,3712896,160,3713056
24630,3713081,31,3713112
24631,3713539,14,3713553
24632,3713581,20,3713601
24633,3713607,140,3713747
24634,3713865,97,3713962
24635,3713998,87,3714085
24636,3714267,10,3714277
24637,3714468,51,3714519
24638,3714659,141,3714800
24639,3714803,22,3714825
24640,3714911,21,3714932
24641,3715028,16,3715044
24642,3715109,20,3715129
24643,3715275,84,3715359
24644,3715387,79,3715466
24645,3715479,125,3715604
24646,3715815,39,3715854
24647,3715884,100,3715984
24648,3716133,12,3716145
24649,3716454,51,3716505
24650,3716660,5,3716665
24651,3716701,4,3716705
24652,3717070,16,3717086
24653,3717193,12,3717205
24654,3717247,58,3717305
24655,3717421,28,3717449
24656,3717580,178,3717758
24657,3717879,2,3717881
24658,3718021,7,3718028
24659,3718280,2,3718282
24660,3718302,43,3718345
24661,3718411,42,3718453
24662,3718534,20,3718554
24663,3718557,59,3718616
24664,3718789,98,3718887
24665,3718924,39,3718963
24666,3719061,39,3719100
24667,3719127,8,3719135
24668,3719351,1,3719352
24669,3719372,111,3719483
24670,3719490,19,3719509
24671,3719589,15,3719604
24672,3719828,69,3719897
24673,3720033,46,3720079
24674,3720123,33,3720156
24675,3720257,4,3720261
24676,3720285,105,3720390
24677,3720417,57,3720474
24678,3720632,13,3720645
24679,3721011,103,3721114
24680,3721360,9,3721369
24681,3721555,23,3721578
24682,3721636,7,3721643
24683,3721644,12,3721656
24684,3721697,12,3721709
24685,3721851,78,3721929
24686,3721942,12,3721954
24687,3722015,45,3722060
24688,3722260,25,3722285
24689,3722318,39,3722357
24690,3722433,42,3722475
24691,3722604,16,3722620
24692,3722813,106,3722919
24693,3722985,30,3723015
24694,3723093,82,3723175
24695,3723636,9,3723645
24696,3723667,66,3723733
24697,3723803,2,3723805
24698,3723906,8,3723914
24699,3724004,59,3724063
24700,3724140,14,3724154
24701,3724162,8,3724170
24702,3724377,5,3724382
24703,3724394,42,3724436
24704,3724582,98,3724680
24705,3724708,21,3724729
24706,3724838,50,3724888
24707,3724893,165,3725058
24708,3725070,98,3725168
24709,3725186,23,3725209
24710,3725256,65,3725321
24711,3725424,40,3725464
24712,3725539,7,3725546
24713,3725563,29,3725592
24714,3725641,6,3725647
24715,3725701,70,3725771
24716,3725861,55,3725916
24717,3726123,104,3726227
24718,3726746,34,3726780
24719,3726842,210,3727052
24720,3727152,54,3727206
24721,3727216,27,3727243
24722,3727310,16,3727326
24723,3727510,24,3727534
24724,3727568,152,3727720
24725,3727774,56,3727830
24726,3727875,36,3727911
24727,3727985,46,3728031
24728,3728040,128,3728168
24729,3728295,56,3728351
24730,3728352,75,3728427
24731,3728499,88,3728587
24732,3728780,16,3728796
24733,3728834,1,3728835
24734,3728882,25,3728907
24735,3729048,70,3729118
24736,3729168,3,3729171
24737,3729188,74,3729262
24738,3729322,68,3729390
24739,3729392,49,3729441
24740,3729743,26,3729769
24741,3729798,24,3729822
24742,3729837,17,3729854
24743,3729918,91,3730009
24744,3730131,90,3730221
24745,3730299,79,3730378
24746,3730425,68,3730493
24747,3730540,4,3730544
24748,3730556,19,3730575
24749,3730580,169,3730749
24750,3730787,3,3730790
24751,3730975,110,3731085
24752,3731243,18,3731261
24753,3731268,7,3731275
24754,3731291,166,3731457
24755,3731478,2,3731480
24756,3731566,184,3731750
24757,3731766,89,3731855
24758,3731919,92,3732011
24759,3732043,26,3732069
24760,3732118,20,3732138
24761,3732234,8,3732242
24762,3732279,13,3732292
24763,3732331,49,3732380
24764,3732578,1,3732579
24765,3732597,11,3732608
24766,3732627,139,3732766
24767,3732824,19,3732843
24768,3732926,39,3732965
24769,3733011,53,3733064
24770,3733109,103,3733212
24771,3733530,8,3733538
24772,3733781,66,3733847
24773,3733914,30,3733944
24774,3733968,7,3733975
24775,3734125,24,3734149
24776,3734328,69,3734397
24777,3735042,16,3735058
24778,3735162,53,3735215
24779,3735296,14,3735310
24780,3735330,29,3735359
24781,3735433,3,3735436
24782,3735475,13,3735488
24783,3735552,48,3735600
24784,3735741,17,3735758
24785,3735881,80,3735961
24786,3736062,43,3736105
24787,3736239,3,3736242
24788,3736266,8,3736274
24789,3736302,54,3736356
24790,3736421,49,3736470
24791,3736490,14,3736504
24792,3736653,53,3736706
24793,3737039,22,3737061
24794,3737283,89,3737372
24795,3737407,75,3737482
24796,3737622,40,3737662
24797,3737681,3,3737684
24798,3737705,62,3737767
24799,3738037,3,3738040
24800,3738058,31,3738089
24801,3738116,75,3738191
24802,3738254,93,3738347
24803,3738664,53,3738717
24804,3738725,28,3738753
24805,3738826,81,3738907
24806,3738975,4,3738979
24807,3739141,4,3739145
24808,3739294,32,3739326
24809,3739463,1,3739464
24810,3739600,17,3739617
24811,3739700,49,3739749
24812,3739831,6,3739837
24813,3739864,68,3739932
24814,3739963,39,3740002
24815,3740027,40,3740067
24816,3740408,7,3740415
24817,3740487,136,3740623
24818,3740689,68,3740757
24819,3741011,67,3741078
24820,3741108,16,3741124
24821,3741192,10,3741202
24822,3741229,19,3741248
24823,3741254,4,3741258
24824,3741316,25,3741341
24825,3741581,65,3741646
24826,3741726,44,3741770
24827,3741789,7,3741796
24828,3741867,41,3741908
24829,3742103,206,3742309
24830,3742548,28,3742576
24831,3742578,27,3742605
24832,3742705,7,3742712
24833,3742729,8,3742737
24834,3742888,41,3742929
24835,3742972,21,3742993
24836,3743044,20,3743064
24837,3743235,65,3743300
24838,3743340,18,3743358
24839,3743443,24,3743467
24840,3743601,5,3743606
24841,3743644,18,3743662
24842,3743721,50,3743771
24843,3744496,6,3744502
24844,3744504,63,3744567
24845,3744727,32,3744759
24846,3744787,8,3744795
24847,3745088,13,3745101
24848,3745102,44,3745146
24849,3745342,42,3745384
24850,3745579,115,3745694
24851,3746005,11,3746016
24852,3746189,14,3746203
24853,3746236,5,3746241
24854,3746476,7,3746483
24855,3746606,189,3746795
24856,3747060,47,3747107
24857,3747295,72,3747367
24858,3747385,14,3747399
24859,3747523,46,3747569
24860,3747670,13,3747683
24861,3747712,28,3747740
24862,3747751,37,3747788
24863,3747800,5,3747805
24864,3747872,12,3747884
24865,3748044,57,3748101
24866,3748123,12,3748135
24867,3748226,7,3748233
24868,3748351,119,3748470
24869,3748556,38,3748594
24870,3748663,148,3748811
24871,3748838,17,3748855
24872,3748962,15,3748977
24873,3749030,111,3749141
24874,3749173,33,3749206
24875,3749214,52,3749266
24876,3749355,30,3749385
24877,3749521,19,3749540
24878,3749759,18,3749777
24879,3749852,7,3749859
24880,3749999,1,3750000
24881,3750004,39,3750043
24882,3750338,114,3750452
24883,3750521,69,3750590
24884,3750623,37,3750660
24885,3750673,39,3750712
24886,3750920,4,3750924
24887,3750926,6,3750932
24888,3751097,27,3751124
24889,3751126,46,3751172
24890,3751222,20,3751242
24891,3751245,42,3751287
24892,3751345,47,3751392
24893,3751437,11,3751448
24894,3751472,43,3751515
24895,3751576,5,3751581
24896,3751595,25,3751620
24897,3751764,18,3751782
24898,3751796,19,3751815
24899,3751861,61,3751922
24900,3752034,9,3752043
24901,3752088,53,3752141
24902,3752192,25,3752217
24903,3752264,31,3752295
24904,3752297,57,3752354
24905,3752543,59,3752602
24906,3752763,51,3752814
24907,3752904,17,3752921
24908,3753006,5,3753011
24909,3753032,89,3753121
24910,3753305,50,3753355
24911,3753709,38,3753747
24912,3753841,8,3753849
24913,3753870,23,3753893
24914,3754019,33,3754052
24915,3754213,20,3754233
24916,3754240,34,3754274
24917,3754452,79,3754531
24918,3754618,86,3754704
24919,3754750,2,3754752
24920,3754755,9,3754764
24921,3754812,107,3754919
24922,3754936,38,3754974
24923,3755249,24,3755273
24924,3755276,44,3755320
24925,3755386,15,3755401
24926,3755496,44,3755540
24927,3755655,15,3755670
24928,3755732,7,3755739
24929,3755795,10,3755805
24930,3755984,164,3756148
24931,3756352,12,3756364
24932,3756370,156,3756526
24933,3756597,15,3756612
24934,3756673,142,3756815
24935,3756819,46,3756865
24936,3757004,52,3757056
24937,3757172,31,3757203
24938,3757292,59,3757351
24939,3757457,23,3757480
24940,3757584,18,3757602
24941,3757658,36,3757694
24942,3757802,3,3757805
24943,3757852,11,3757863
24944,3757947,21,3757968
24945,3758015,116,3758131
24946,3758195,29,3758224
24947,3758391,46,3758437
24948,3758491,20,3758511
24949,3758559,18,3758577
24950,3758621,91,3758712
24951,3758753,48,3758801
24952,3758804,2,3758806
24953,3758927,19,3758946
24954,3759074,20,3759094
24955,3759175,21,3759196
24956,3759256,9,3759265
24957,3759409,22,3759431
24958,3759465,90,3759555
24959,3759587,16,3759603
24960,3759632,80,3759712
24961,3759766,121,3759887
24962,3759989,64,3760053
24963,3760236,7,3760243
24964,3760350,40,3760390
24965,3760470,37,3760507
24966,3760527,33,3760560
24967,3760764,18,3760782
24968,3760796,44,3760840
24969,3760849,13,3760862
24970,3760868,23,3760891
24971,3761057,32,3761089
24972,3761150,32,3761182
24973,3761328,21,3761349
24974,3761450,164,3761614
24975,3761651,32,3761683
24976,3761697,76,3761773
24977,3761778,53,3761831
24978,3762011,38,3762049
24979,3762187,67,3762254
24980,3762357,45,3762402
24981,3762513,30,3762543
24982,3762600,36,3762636
24983,3762717,78,3762795
24984,3762887,76,3762963
24985,3763168,76,3763244
24986,3763273,34,3763307
24987,3763428,7,3763435
24988,3763495,18,3763513
24989,3763514,14,3763528
24990,3763602,4,3763606
24991,3763614,30,3763644
24992,3763770,5,3763775
24993,3763885,187,3764072
24994,3764080,54,3764134
24995,3764304,63,3764367
24996,3764391,41,3764432
24997,3764578,8,3764586
24998,3764651,108,3764759
24999,3765077,32,3765109
25000,3765120,8,3765128
25001,3765290,1,3765291
25002,3765523,20,3765543
25003,3765563,49,3765612
25004,3765652,11,3765663
25005,3765699,30,3765729
25006,3765786,150,3765936
25007,3766061,61,3766122
25008,3766159,24,3766183
25009,3766516,42,3766558
25010,3766601,27,3766628
25011,3766744,12,3766756
25012,3766791,40,3766831
25013,3766955,64,3767019
25014,3767026,7,3767033
25015,3767156,76,3767232
25016,3767426,4,3767430
25017,3767595,9,3767604
25018,3767726,6,3767732
25019,3767790,87,3767877
25020,3768236,18,3768254
25021,3768259,39,3768298
25022,3768328,82,3768410
25023,3768428,47,3768475
25024,3768523,9,3768532
25025,3768615,24,3768639
25026,3768720,27,3768747
25027,3769011,177,3769188
25028,3769195,32,3769227
25029,3769247,30,3769277
25030,3769442,4,3769446
25031,3769483,33,3769516
25032,3769596,24,3769620
25033,3769826,94,3769920
25034,3770096,99,3770195
25035,3770201,129,3770330
25036,3770486,15,3770501
25037,3770547,14,3770561
25038,3770749,219,3770968
25039,3770984,47,3771031
25040,3771042,16,3771058
25041,3771239,44,3771283
25042,3771439,55,3771494
25043,3771618,162,3771780
25044,3771840,14,3771854
25045,3772102,144,3772246
25046,3772373,156,3772529
25047,3772566,120,3772686
25048,3772758,20,3772778
25049,3772789,78,3772867
25050,3772874,109,3772983
25051,3773016,7,3773023
25052,3773088,1,3773089
25053,3773186,29,3773215
25054,3773287,63,3773350
25055,3773406,1,3773407
25056,3773514,28,3773542
25057,3773574,156,3773730
25058,3773836,191,3774027
25059,3774045,80,3774125
25060,3774191,17,3774208
25061,3774225,31,3774256
25062,3774360,71,3774431
25063,3774490,172,3774662
25064,3774719,24,3774743
25065,3774862,23,3774885
25066,3774960,16,3774976
25067,3775008,77,3775085
25068,3775103,52,3775155
25069,3775178,42,3775220
25070,3775233,13,3775246
25071,3775467,63,3775530
25072,3775787,18,3775805
25073,3775825,23,3775848
25074,3776138,135,3776273
25075,3776418,32,3776450
25076,3776559,2,3776561
25077,3776749,5,3776754
25078,3776865,3,3776868
25079,3776909,45,3776954
25080,3776989,23,3777012
25081,3777234,5,3777239
25082,3777365,27,3777392
25083,3777733,125,3777858
25084,3777949,35,3777984
25085,3778112,131,3778243
25086,3778606,68,3778674
25087,3778810,37,3778847
25088,3778872,3,3778875
25089,3779008,35,3779043
25090,3779181,26,3779207
25091,3779334,51,3779385
25092,3779525,45,3779570
25093,3779695,9,3779704
25094,3779816,123,3779939
25095,3780141,2,3780143
25096,3780264,54,3780318
25097,3780371,6,3780377
25098,3780382,24,3780406
25099,3780584,11,3780595
25100,3780775,8,3780783
25101,3780979,15,3780994
25102,3781042,42,3781084
25103,3781105,217,3781322
25104,3781370,137,3781507
25105,3781536,117,3781653
25106,3781691,6,3781697
25107,3781713,83,3781796
25108,3782078,18,3782096
25109,3782133,8,3782141
25110,3782202,48,3782250
25111,3782403,9,3782412
25112,3782456,43,3782499
25113,3782690,7,3782697
25114,3782764,108,3782872
25115,3782950,25,3782975
25116,3783049,21,3783070
25117,3783148,57,3783205
25118,3783209,3,3783212
25119,3783373,5,3783378
25120,3783415,131,3783546
25121,3783605,102,3783707
25122,3783868,15,3783883
25123,3783987,76,3784063
25124,3784176,6,3784182
25125,3784327,37,3784364
25126,3784448,19,3784467
25127,3784471,92,3784563
25128,3784607,35,3784642
25129,3784744,42,3784786
25130,3784971,31,3785002
25131,3785017,52,3785069
25132,3785157,38,3785195
25133,3785248,6,3785254
25134,3785307,102,3785409
25135,3785425,28,3785453
25136,3785529,74,3785603
25137,3785629,74,3785703
25138,3785901,160,3786061
25139,3786096,75,3786171
25140,3786466,86,3786552
25141,3786903,33,3786936
25142,3786963,133,3787096
25143,3787125,29,3787154
25144,3787197,14,3787211
25145,3787227,64,3787291
25146,3787292,82,3787374
25147,3787389,12,3787401
25148,3787563,42,3787605
25149,3787690,6,3787696
25150,3787697,2,3787699
25151,3787717,102,3787819
25152,3788029,112,3788141
25153,3788249,10,3788259
25154,3788319,77,3788396
25155,3788542,26,3788568
25156,3788578,31,3788609
25157,3788753,50,3788803
25158,3788860,11,3788871
25159,3789000,2,3789002
25160,3789056,44,3789100
25161,3789112,19,3789131
25162,3789145,33,3789178
25163,3789189,16,3789205
25164,3789542,74,3789616
25165,3789651,47,3789698
25166,3789762,6,3789768
25167,3789854,7,3789861
25168,3790133,1,3790134
25169,3790137,58,3790195
25170,3790285,55,3790340
25171,3790361,28,3790389
25172,3790469,31,3790500
25173,3790586,1,3790587
25174,3790797,17,3790814
25175,3790818,40,3790858
25176,3791280,60,3791340
25177,3791472,12,3791484
25178,3791634,39,3791673
25179,3791681,4,3791685
25180,3791764,83,3791847
25181,3791854,210,3792064
25182,3792077,1,3792078
25183,3792091,101,3792192
25184,3792368,69,3792437
25185,3792447,229,3792676
25186,3792700,105,3792805
25187,3792974,1,3792975
25188,3793162,50,3793212
25189,3793215,43,3793258
25190,3793321,117,3793438
25191,3793457,93,3793550
25192,3793636,21,3793657
25193,3793659,5,3793664
25194,3793697,80,3793777
25195,3793838,22,3793860
25196,3793870,203,3794073
25197,3794129,62,3794191
25198,3794201,21,3794222
25199,3794241,14,3794255
25200,3794359,275,3794634
25201,3794754,49,3794803
25202,3794895,82,3794977
25203,3794990,32,3795022
25204,3795120,25,3795145
25205,3795190,19,3795209
25206,3795438,54,3795492
25207,3795698,17,3795715
25208,3795717,81,3795798
25209,3795835,19,3795854
25210,3795978,13,3795991
25211,3796056,32,3796088
25212,3796316,57,3796373
25213,3796403,215,3796618
25214,3796706,10,3796716
25215,3796919,42,3796961
25216,3797016,55,3797071
25217,3797080,5,3797085
25218,3797262,15,3797277
25219,3797302,108,3797410
25220,3797475,32,3797507
25221,3797712,14,3797726
25222,3797743,76,3797819
25223,3798068,25,3798093
25224,3798095,188,3798283
25225,3798292,170,3798462
25226,3798590,3,3798593
25227,3798628,14,3798642
25228,3798660,19,3798679
25229,3798812,77,3798889
25230,3799141,37,3799178
25231,3799202,1,3799203
25232,3799319,46,3799365
25233,3799477,33,3799510
25234,3799559,9,3799568
25235,3799716,5,3799721
25236,3799735,34,3799769
25237,3799821,3,3799824
25238,3799832,45,3799877
25239,3799943,36,3799979
25240,3800005,5,3800010
25241,3800104,60,3800164
25242,3800188,227,3800415
25243,3800485,48,3800533
25244,3800974,36,3801010
25245,3801054,162,3801216
25246,3801394,45,3801439
25247,3801448,35,3801483
25248,3801621,20,3801641
25249,3801666,35,3801701
25250,3801792,6,3801798
25251,3802061,27,3802088
25252,3802209,34,3802243
25253,3802411,77,3802488
25254,3802568,33,3802601
25255,3802711,30,3802741
25256,3802765,22,3802787
25257,3802890,88,3802978
25258,3803139,40,3803179
25259,3803372,33,3803405
25260,3803467,16,3803483
25261,3803531,5,3803536
25262,3803679,54,3803733
25263,3803876,64,3803940
25264,3804215,34,3804249
25265,3804258,232,3804490
25266,3804862,70,3804932
25267,3805134,3,3805137
25268,3805235,91,3805326
25269,3805336,12,3805348
25270,3805446,1,3805447
25271,3805536,187,3805723
25272,3805724,129,3805853
25273,3805883,40,3805923
25274,3805976,30,3806006
25275,3806085,25,3806110
25276,3806137,25,3806162
25277,3806173,49,3806222
25278,3806283,23,3806306
25279,3806341,33,3806374
25280,3806608,10,3806618
25281,3806640,123,3806763
25282,3806801,48,3806849
25283,3806882,8,3806890
25284,3807119,85,3807204
25285,3807397,9,3807406
25286,3807484,7,3807491
25287,3807533,186,3807719
25288,3807743,24,3807767
25289,3807903,18,3807921
25290,3807996,4,3808000
25291,3808148,76,3808224
25292,3808459,14,3808473
25293,3808671,37,3808708
25294,3808768,33,3808801
25295,3808879,30,3808909
25296,3808971,5,3808976
25297,3809000,46,3809046
25298,3809062,109,3809171
25299,3809244,146,3809390
25300,3809463,23,3809486
25301,3809609,32,3809641
25302,3809678,3,3809681
25303,3809820,6,3809826
25304,3809914,14,3809928
25305,3810076,184,3810260
25306,3810272,59,3810331
25307,3810395,79,3810474
25308,3810497,66,3810563
25309,3810805,18,3810823
25310,3810824,1,3810825
25311,3810855,15,3810870
25312,3810872,113,3810985
25313,3811178,9,3811187
25314,3811328,65,3811393
25315,3811400,21,3811421
25316,3811466,5,3811471
25317,3811869,24,3811893
25318,3811902,5,3811907
25319,3811986,9,3811995
25320,3812070,178,3812248
25321,3812314,15,3812329
25322,3813108,6,3813114
25323,3813132,152,3813284
25324,3813344,98,3813442
25325,3813530,35,3813565
25326,3813643,3,3813646
25327,3813837,7,3813844
25328,3813967,15,3813982
25329,3814155,4,3814159
25330,3814504,18,3814522
25331,3814588,4,3814592
25332,3814654,124,3814778
25333,3814843,1,3814844
25334,3814923,48,3814971
25335,3815088,3,3815091
25336,3815130,11,3815141
25337,3815214,5,3815219
25338,3815226,237,3815463
25339,3815608,151,3815759
25340,3815772,23,3815795
25341,3815842,128,3815970
25342,3816092,56,3816148
25343,3816601,91,3816692
25344,3816992,4,3816996
25345,3817073,20,3817093
25346,3817201,11,3817212
25347,3817257,64,3817321
25348,3817362,54,3817416
25349,3817487,42,3817529
25350,3817578,10,3817588
25351,3817887,19,3817906
25352,3817994,52,3818046
25353,3818130,33,3818163
25354,3818225,114,3818339
25355,3818355,23,3818378
25356,3818630,159,3818789
25357,3818901,16,3818917
25358,3819111,86,3819197
25359,3819239,13,3819252
25360,3819467,61,3819528
25361,3819925,5,3819930
25362,3820045,72,3820117
25363,3820227,69,3820296
25364,3820454,20,3820474
25365,3820544,20,3820564
25366,3820588,50,3820638
25367,3820880,5,3820885
25368,3820927,166,3821093
25369,3821368,44,3821412
25370,3821546,36,3821582
25371,3821742,36,3821778
25372,3821840,43,3821883
25373,3821948,17,3821965
25374,3822140,37,3822177
25375,3822432,37,3822469
25376,3822540,77,3822617
25377,3822665,21,3822686
25378,3822763,10,3822773
25379,3822990,19,3823009
25380,3823104,16,3823120
25381,3823326,11,3823337
25382,3823407,69,3823476
25383,3823547,72,3823619
25384,3823684,65,3823749
25385,3823806,144,3823950
25386,3824014,53,3824067
25387,3824076,42,3824118
25388,3824194,32,3824226
25389,3824349,35,3824384
25390,3824600,122,3824722
25391,3824867,4,3824871
25392,3824881,17,3824898
25393,3825028,101,3825129
25394,3825439,23,3825462
25395,3825580,2,3825582
25396,3825583,63,3825646
25397,3825707,15,3825722
25398,3826238,83,3826321
25399,3826332,22,3826354
25400,3826473,40,3826513
25401,3826933,5,3826938
25402,3827063,73,3827136
25403,3827615,42,3827657
25404,3827775,57,3827832
25405,3827883,34,3827917
25406,3827925,20,3827945
25407,3828003,20,3828023
25408,3828177,21,3828198
25409,3828214,4,3828218
25410,3828326,113,3828439
25411,3828585,29,3828614
25412,3828745,58,3828803
25413,3828941,40,3828981
25414,3829001,11,3829012
25415,3829020,26,3829046
25416,3829110,58,3829168
25417,3829301,39,3829340
25418,3829436,29,3829465
25419,3829582,17,3829599
25420,3829922,112,3830034
25421,3830038,7,3830045
25422,3830182,28,3830210
25423,3830265,22,3830287
25424,3830441,75,3830516
25425,3830562,10,3830572
25426,3830792,4,3830796
25427,3830910,9,3830919
25428,3831026,25,3831051
25429,3831065,48,3831113
25430,3831292,78,3831370
25431,3831380,4,3831384
25432,3831410,226,3831636
25433,3831665,11,3831676
25434,3831771,13,3831784
25435,3831840,18,3831858
25436,3831982,7,3831989
25437,3832022,44,3832066
25438,3832118,6,3832124
25439,3832267,88,3832355
25440,3832609,53,3832662
25441,3832683,39,3832722
25442,3832940,2,3832942
25443,3832997,49,3833046
25444,3833081,7,3833088
25445,3833147,68,3833215
25446,3833257,39,3833296
25447,3833335,25,3833360
25448,3833640,123,3833763
25449,3833835,36,3833871
25450,3834095,85,3834180
25451,3834247,9,3834256
25452,3834257,50,3834307
25453,3834310,70,3834380
25454,3834392,1,3834393
25455,3834512,81,3834593
25456,3834654,27,3834681
25457,3834727,70,3834797
25458,3835034,15,3835049
25459,3835062,5,3835067
25460,3835294,2,3835296
25461,3835338,15,3835353
25462,3835433,160,3835593
25463,3835601,19,3835620
25464,3835705,178,3835883
25465,3836021,6,3836027
25466,3836083,11,3836094
25467,3836145,27,3836172
25468,3836317,23,3836340
25469,3836451,91,3836542
25470,3836562,12,3836574
25471,3836625,78,3836703
25472,3837139,36,3837175
25473,3837218,84,3837302
25474,3837463,107,3837570
25475,3837614,27,3837641
25476,3837681,22,3837703
25477,3837744,62,3837806
25478,3837990,2,3837992
25479,3838177,192,3838369
25480,3838417,38,3838455
25481,3838571,117,3838688
25482,3838724,5,3838729
25483,3838804,4,3838808
25484,3838943,44,3838987
25485,3839003,155,3839158
25486,3839207,29,3839236
25487,3839584,155,3839739
25488,3839816,4,3839820
25489,3839858,24,3839882
25490,3839888,82,3839970
25491,3840054,41,3840095
25492,3840244,75,3840319
25493,3840441,24,3840465
25494,3840623,31,3840654
25495,3841031,90,3841121
25496,3841274,96,3841370
25497,3841489,101,3841590
25498,3841618,95,3841713
25499,3841726,43,3841769
25500,3841773,29,3841802
25501,3842211,44,3842255
25502,3842362,10,3842372
25503,3842574,23,3842597
25504,3842705,2,3842707
25505,3842770,12,3842782
25506,3842813,76,3842889
25507,3842950,355,3843305
25508,3843371,52,3843423
25509,3843591,167,3843758
25510,3843803,40,3843843
25511,3843944,55,3843999
25512,3844018,167,3844185
25513,3844243,17,3844260
25514,3844390,18,3844408
25515,3844569,38,3844607
25516,3844745,36,3844781
25517,3844840,36,3844876
25518,3844904,4,3844908
25519,3845197,6,3845203
25520,3845237,15,3845252
25521,3845367,66,3845433
25522,3845495,95,3845590
25523,3845645,7,3845652
25524,3845743,12,3845755
25525,3845838,41,3845879
25526,3845909,12,3845921
25527,3845955,61,3846016
25528,3846043,57,3846100
25529,3846110,14,3846124
25530,3846231,161,3846392
25531,3846489,9,3846498
25532,3846564,103,3846667
25533,3846684,27,3846711
25534,3846819,52,3846871
25535,3847157,39,3847196
25536,3847205,57,3847262
25537,3847303,24,3847327
25538,3847398,81,3847479
25539,3847510,16,3847526
25540,3847970,28,3847998
25541,3848010,35,3848045
25542,3848060,27,3848087
25543,3848093,10,3848103
25544,3848151,60,3848211
25545,3848279,23,3848302
25546,3848306,71,3848377
25547,3848391,10,3848401
25548,3848501,36,3848537
25549,3848601,112,3848713
25550,3848716,84,3848800
25551,3848820,40,3848860
25552,3848939,38,3848977
25553,3848999,74,3849073
25554,3849090,37,3849127
25555,3849128,7,3849135
25556,3849356,2,3849358
25557,3849595,12,3849607
25558,3849992,27,3850019
25559,3850058,21,3850079
25560,3850163,19,3850182
25561,3850235,20,3850255
25562,3850393,10,3850403
25563,3850526,6,3850532
25564,3850625,35,3850660
25565,3850854,19,3850873
25566,3850918,31,3850949
25567,3851087,142,3851229
25568,3851284,10,3851294
25569,3851406,42,3851448
25570,3851517,61,3851578
25571,3851586,105,3851691
25572,3851976,76,3852052
25573,3852089,1,3852090
25574,3852125,1,3852126
25575,3852397,15,3852412
25576,3852505,83,3852588
25577,3852685,13,3852698
25578,3852948,123,3853071
25579,3853175,17,3853192
25580,3853276,47,3853323
25581,3853383,40,3853423
25582,3853622,111,3853733
25583,3853757,46,3853803
25584,3854207,73,3854280
25585,3854481,5,3854486
25586,3854528,20,3854548
25587,3854586,5,3854591
25588,3854617,107,3854724
25589,3854769,7,3854776
25590,3855021,17,3855038
25591,3855160,63,3855223
25592,3855232,20,3855252
25593,3856020,5,3856025
25594,3856042,26,3856068
25595,3856150,10,3856160
25596,3856164,22,3856186
25597,3856280,250,3856530
25598,3856535,8,3856543
25599,3856636,26,3856662
25600,3856731,14,3856745
25601,3856797,4,3856801
25602,3856873,36,3856909
25603,3856943,5,3856948
25604,3856972,78,3857050
25605,3857052,7,3857059
25606,3857186,33,3857219
25607,3857381,67,3857448
25608,3857549,14,3857563
25609,3857565,86,3857651
25610,3857715,44,3857759
25611,3857774,6,3857780
25612,3857873,123,3857996
25613,3858024,22,3858046
25614,3858192,42,3858234
25615,3858308,95,3858403
25616,3858456,116,3858572
25617,3858786,31,3858817
25618,3858873,20,3858893
25619,3858965,18,3858983
25620,3859427,60,3859487
25621,3859502,4,3859506
25622,3859742,2,3859744
25623,3859796,10,3859806
25624,3859922,15,3859937
25625,3860206,18,3860224
25626,3860310,52,3860362
25627,3860515,37,3860552
25628,3860577,24,3860601
25629,3860608,61,3860669
25630,3860843,53,3860896
25631,3860917,15,3860932
25632,3861003,66,3861069
25633,3861191,46,3861237
25634,3861361,2,3861363
25635,3861524,29,3861553
25636,3861828,26,3861854
25637,3861967,130,3862097
25638,3862361,31,3862392
25639,3862612,15,3862627
25640,3862657,38,3862695
25641,3862756,63,3862819
25642,3862861,13,3862874
25643,3862999,120,3863119
25644,3863152,53,3863205
25645,3863325,215,3863540
25646,3863679,15,3863694
25647,3863909,45,3863954
25648,3863959,17,3863976
25649,3864048,181,3864229
25650,3864323,71,3864394
25651,3864403,29,3864432
25652,3864572,56,3864628
25653,3864901,42,3864943
25654,3864970,26,3864996
25655,3865100,7,3865107
25656,3865238,10,3865248
25657,3865258,108,3865366
25658,3865430,37,3865467
25659,3865609,8,3865617
25660,3865792,2,3865794
25661,3865828,92,3865920
25662,3865958,221,3866179
25663,3866303,11,3866314
25664,3866404,93,3866497
25665,3866504,75,3866579
25666,3866648,40,3866688
25667,3866725,15,3866740
25668,3866945,85,3867030
25669,3867221,14,3867235
25670,3867249,72,3867321
25671,3867326,203,3867529
25672,3867969,20,3867989
25673,3868137,27,3868164
25674,3868195,39,3868234
25675,3868328,142,3868470
25676,3869089,4,3869093
25677,3869147,34,3869181
25678,3869184,37,3869221
25679,3869300,92,3869392
25680,3869397,6,3869403
25681,3869642,37,3869679
25682,3869740,35,3869775
25683,3869780,132,3869912
25684,3869972,55,3870027
25685,3870029,39,3870068
25686,3870269,8,3870277
25687,3870322,26,3870348
25688,3870349,22,3870371
25689,3870405,34,3870439
25690,3870481,102,3870583
25691,3870644,30,3870674
25692,3870725,27,3870752
25693,3870853,11,3870864
25694,3870916,3,3870919
25695,3871026,21,3871047
25696,3871241,18,3871259
25697,3871377,20,3871397
25698,3871695,120,3871815
25699,3871831,58,3871889
25700,3871944,14,3871958
25701,3871978,64,3872042
25702,3872096,86,3872182
25703,3872268,125,3872393
25704,3872422,29,3872451
25705,3872491,61,3872552
25706,3872600,6,3872606
25707,3872618,120,3872738
25708,3872918,68,3872986
25709,3873289,18,3873307
25710,3873431,51,3873482
25711,3873957,190,3874147
25712,3874887,18,3874905
25713,3874921,5,3874926
25714,3875143,69,3875212
25715,3875293,13,3875306
25716,3875351,116,3875467
25717,3875600,6,3875606
25718,3875741,15,3875756
25719,3875826,98,3875924
25720,3876003,33,3876036
25721,3876140,282,3876422
25722,3876639,60,3876699
25723,3876841,53,3876894
25724,3877064,24,3877088
25725,3877309,17,3877326
25726,3877453,81,3877534
25727,3877745,130,3877875
25728,3877970,16,3877986
25729,3878280,28,3878308
25730,3878334,57,3878391
25731,3878397,14,3878411
25732,3878415,12,3878427
25733,3878470,49,3878519
25734,3878525,4,3878529
25735,3878637,5,3878642
25736,3878725,78,3878803
25737,3878822,117,3878939
25738,3878978,21,3878999
25739,3879104,15,3879119
25740,3879229,53,3879282
25741,3879287,3,3879290
25742,3879335,112,3879447
25743,3879454,60,3879514
25744,3879546,59,3879605
25745,3879660,36,3879696
25746,3879847,15,3879862
25747,3879865,47,3879912
25748,3880102,116,3880218
25749,3880294,11,3880305
25750,3880309,50,3880359
25751,3880371,49,3880420
25752,3880492,54,3880546
25753,3880652,60,3880712
25754,3880724,53,3880777
25755,3880831,21,3880852
25756,3880983,11,3880994
25757,3881163,31,3881194
25758,3881202,10,3881212
25759,3881316,15,3881331
25760,3881366,2,3881368
25761,3881370,126,3881496
25762,3881498,43,3881541
25763,3881616,45,3881661
25764,3881865,24,3881889
25765,3881993,159,3882152
25766,3882245,27,3882272
25767,3882309,54,3882363
25768,3882458,13,3882471
25769,3882492,213,3882705
25770,3882739,69,3882808
25771,3882835,7,3882842
25772,3883003,47,3883050
25773,3883115,44,3883159
25774,3883183,26,3883209
25775,3883317,41,3883358
25776,3883513,115,3883628
25777,3883764,10,3883774
25778,3883833,15,3883848
25779,3883928,28,3883956
25780,3884043,33,3884076
25781,3884313,33,3884346
25782,3884419,1,3884420
25783,3884422,26,3884448
25784,3884544,15,3884559
25785,3884700,37,3884737
25786,3884939,24,3884963
25787,3885012,26,3885038
25788,3885213,189,3885402
25789,3885449,59,3885508
25790,3885542,4,3885546
25791,3885682,92,3885774
25792,3885795,139,3885934
25793,3885995,149,3886144
25794,3886235,86,3886321
25795,3886346,22,3886368
25796,3886483,28,3886511
25797,3886600,18,3886618
25798,3886654,13,3886667
25799,3887117,38,3887155
25800,3887246,13,3887259
25801,3887295,109,3887404
25802,3887435,33,3887468
25803,3887557,31,3887588
25804,3887631,21,3887652
25805,3887760,25,3887785
25806,3887835,3,3887838
25807,3887862,82,3887944
25808,3888025,5,3888030
25809,3888164,19,3888183
25810,3888329,39,3888368
25811,3888399,46,3888445
25812,3888453,13,3888466
25813,3888590,113,3888703
25814,3888710,27,3888737
25815,3888859,34,3888893
25816,3888910,112,3889022
25817,3889125,30,3889155
25818,3889551,7,3889558
25819,3889605,115,3889720
25820,3889828,44,3889872
25821,3889959,19,3889978
25822,3889986,35,3890021
25823,3890059,13,3890072
25824,3890139,1,3890140
25825,3890501,71,3890572
25826,3890592,55,3890647
25827,3890863,36,3890899
25828,3891029,21,3891050
25829,3891196,7,3891203
25830,3891285,60,3891345
25831,3891382,11,3891393
25832,3891403,163,3891566
25833,3891574,71,3891645
25834,3891723,45,3891768
25835,3891777,8,3891785
25836,3891829,4,3891833
25837,3891869,1,3891870
25838,3892085,21,3892106
25839,3892162,135,3892297
25840,3892349,32,3892381
25841,3892439,57,3892496
25842,3892573,113,3892686
25843,3892748,15,3892763
25844,3892786,21,3892807
25845,3892827,27,3892854
25846,3892875,93,3892968
25847,3893000,11,3893011
25848,3893048,95,3893143
25849,3893202,23,3893225
25850,3893243,5,3893248
25851,3893249,24,3893273
25852,3893346,2,3893348
25853,3893532,129,3893661
25854,3893688,62,3893750
25855,3893767,45,3893812
25856,3893924,30,3893954
25857,3894077,33,3894110
25858,3894121,43,3894164
25859,3894295,112,3894407
25860,3894522,6,3894528
25861,3894581,14,3894595
25862,3894650,16,3894666
25863,3894681,73,3894754
25864,3894788,27,3894815
25865,3895008,6,3895014
25866,3895283,2,3895285
25867,3895328,103,3895431
25868,3895479,122,3895601
25869,3895622,5,3895627
25870,3895850,29,3895879
25871,3895903,10,3895913
25872,3895974,127,3896101
25873,3896356,51,3896407
25874,3896607,93,3896700
25875,3896820,40,3896860
25876,3896971,116,3897087
25877,3897158,77,3897235
25878,3897350,67,3897417
25879,3897446,1,3897447
25880,3897490,31,3897521
25881,3897663,20,3897683
25882,3897943,54,3897997
25883,3898195,128,3898323
25884,3898503,43,3898546
25885,3898723,19,3898742
25886,3898752,119,3898871
25887,3898933,16,3898949
25888,3899160,45,3899205
25889,3899405,95,3899500
25890,3899515,148,3899663
25891,3899720,58,3899778
25892,3899805,7,3899812
25893,3899870,116,3899986
25894,3900052,77,3900129
25895,3900197,27,3900224
25896,3900283,38,3900321
25897,3900479,37,3900516
25898,3900555,39,3900594
25899,3900673,22,3900695
25900,3900763,7,3900770
25901,3900842,137,3900979
25902,3900994,4,3900998
25903,3901081,75,3901156
25904,3901173,4,3901177
25905,3901234,42,3901276
25906,3901310,11,3901321
25907,3901329,25,3901354
25908,3901450,8,3901458
25909,3901590,98,3901688
25910,3901744,3,3901747
25911,3901800,84,3901884
25912,3901938,5,3901943
25913,3901972,154,3902126
25914,3902137,25,3902162
25915,3902164,19,3902183
25916,3902302,103,3902405
25917,3902413,117,3902530
25918,3902542,32,3902574
25919,3902764,87,3902851
25920,3903143,100,3903243
25921,3903254,171,3903425
25922,3903510,207,3903717
25923,3904137,60,3904197
25924,3904198,6,3904204
25925,3904271,22,3904293
25926,3904361,47,3904408
25927,3904582,77,3904659
25928,3904678,29,3904707
25929,3904795,1,3904796
25930,3904855,64,3904919
25931,3905204,43,3905247
25932,3905331,21,3905352
25933,3905386,60,3905446
25934,3905456,17,3905473
25935,3905562,102,3905664
25936,3905992,166,3906158
25937,3906205,47,3906252
25938,3906273,38,3906311
25939,3906366,76,3906442
25940,3906475,44,3906519
25941,3906739,13,3906752
25942,3906902,6,3906908
25943,3907154,60,3907214
25944,3907247,40,3907287
25945,3907356,12,3907368
25946,3907375,45,3907420
25947,3907495,83,3907578
25948,3907620,10,3907630
25949,3907729,19,3907748
25950,3907769,22,3907791
25951,3907919,55,3907974
25952,3908570,74,3908644
25953,3908723,8,3908731
25954,3909224,131,3909355
25955,3909363,15,3909378
25956,3909388,99,3909487
25957,3909509,37,3909546
25958,3909690,136,3909826
25959,3909841,60,3909901
25960,3909941,56,3909997
25961,3910038,78,3910116
25962,3910163,20,3910183
25963,3910207,7,3910214
25964,3910226,32,3910258
25965,3910294,15,3910309
25966,3910340,31,3910371
25967,3910396,11,3910407
25968,3910508,59,3910567
25969,3910608,6,3910614
25970,3910728,22,3910750
25971,3910903,133,3911036
25972,3911266,46,3911312
25973,3911360,52,3911412
25974,3911435,145,3911580
25975,3911625,27,3911652
25976,3911701,104,3911805
25977,3911838,16,3911854
25978,3911887,1,3911888
25979,3911931,64,3911995
25980,3912023,28,3912051
25981,3912088,8,3912096
25982,3912289,41,3912330
25983,3912350,76,3912426
25984,3912455,16,3912471
25985,3912477,10,3912487
25986,3912502,36,3912538
25987,3912692,14,3912706
25988,3912828,40,3912868
25989,3912872,38,3912910
25990,3912913,73,3912986
25991,3913045,50,3913095
25992,3913183,4,3913187
25993,3913197,85,3913282
25994,3913295,34,3913329
25995,3913399,84,3913483
25996,3913539,27,3913566
25997,3913754,117,3913871
25998,3913943,122,3914065
25999,3914104,155,3914259
26000,3914333,48,3914381
26001,3914457,63,3914520
26002,3914568,54,3914622
26003,3914725,122,3914847
26004,3914854,76,3914930
26005,3915155,14,3915169
26006,3915222,41,3915263
26007,3915385,70,3915455
26008,3915689,47,3915736
26009,3915759,13,3915772
26010,3915792,13,3915805
26011,3915847,1,3915848
26012,3916468,37,3916505
26013,3916679,125,3916804
26014,3916808,37,3916845
26015,3916875,103,3916978
26016,3917282,12,3917294
26017,3917315,89,3917404
26018,3917557,73,3917630
26019,3917681,131,3917812
26020,3917834,167,3918001
26021,3918104,61,3918165
26022,3918397,11,3918408
26023,3918482,90,3918572
26024,3918590,181,3918771
26025,3918946,27,3918973
26026,3919139,25,3919164
26027,3919242,40,3919282
26028,3919286,21,3919307
26029,3919363,123,3919486
26030,3919631,10,3919641
26031,3919731,30,3919761
26032,3919886,31,3919917
26033,3920037,268,3920305
26034,3920351,4,3920355
26035,3920393,25,3920418
26036,3920454,39,3920493
26037,3920551,134,3920685
26038,3920732,53,3920785
26039,3920788,19,3920807
26040,3920811,23,3920834
26041,3920943,12,3920955
26042,3921016,21,3921037
26043,3921129,27,3921156
26044,3921245,57,3921302
26045,3921349,183,3921532
26046,3921593,113,3921706
26047,3921710,8,3921718
26048,3921750,58,3921808
26049,3921905,40,3921945
26050,3921979,54,3922033
26051,3922034,15,3922049
26052,3922096,15,3922111
26053,3922153,1,3922154
26054,3922262,2,3922264
26055,3922470,21,3922491
26056,3922642,99,3922741
26057,3922759,21,3922780
26058,3922861,11,3922872
26059,3922936,16,3922952
26060,3922982,33,3923015
26061,3923232,6,3923238
26062,3923377,42,3923419
26063,3923438,9,3923447
26064,3923579,26,3923605
26065,3923630,16,3923646
26066,3923647,52,3923699
26067,3923781,74,3923855
26068,3924031,53,3924084
26069,3924169,78,3924247
26070,3924341,76,3924417
26071,3924455,32,3924487
26072,3924499,6,3924505
26073,3925103,18,3925121
26074,3925128,83,3925211
26075,3925414,51,3925465
26076,3925468,18,3925486
26077,3925547,15,3925562
26078,3925627,39,3925666
26079,3925728,11,3925739
26080,3925797,2,3925799
26081,3925816,73,3925889
26082,3925930,87,3926017
26083,3926373,43,3926416
26084,3926483,14,3926497
26085,3926529,7,3926536
26086,3926768,1,3926769
26087,3926887,30,3926917
26088,3926996,169,3927165
26089,3927310,19,3927329
26090,3927394,5,3927399
26091,3927446,33,3927479
26092,3927668,98,3927766
26093,3927806,31,3927837
26094,3927848,4,3927852
26095,3927865,26,3927891
26096,3927893,46,3927939
26097,3927950,102,3928052
26098,3928131,5,3928136
26099,3928164,8,3928172
26100,3928629,39,3928668
26101,3928680,22,3928702
26102,3928733,72,3928805
26103,3928931,5,3928936
26104,3929062,1,3929063
26105,3929095,5,3929100
26106,3929366,4,3929370
26107,3929395,46,3929441
26108,3929508,16,3929524
26109,3929557,30,3929587
26110,3929664,24,3929688
26111,3929715,146,3929861
26112,3929904,59,3929963
26113,3930142,89,3930231
26114,3930338,73,3930411
26115,3930621,11,3930632
26116,3930745,40,3930785
26117,3931027,126,3931153
26118,3931281,60,3931341
26119,3931350,44,3931394
26120,3931563,68,3931631
26121,3931797,8,3931805
26122,3931974,24,3931998
26123,3932153,5,3932158
26124,3932207,40,3932247
26125,3932290,141,3932431
26126,3932434,174,3932608
26127,3932660,7,3932667
26128,3932869,92,3932961
26129,3932988,83,3933071
26130,3933193,191,3933384
26131,3933502,53,3933555
26132,3933569,37,3933606
26133,3933607,18,3933625
26134,3933753,80,3933833
26135,3933847,23,3933870
26136,3933898,1,3933899
26137,3933939,80,3934019
26138,3934154,32,3934186
26139,3934352,116,3934468
26140,3934655,7,3934662
26141,3935055,19,3935074
26142,3935156,42,3935198
26143,3935576,90,3935666
26144,3935691,60,3935751
26145,3935958,7,3935965
26146,3935974,11,3935985
26147,3936062,31,3936093
26148,3936100,7,3936107
26149,3936137,5,3936142
26150,3936208,40,3936248
26151,3936297,18,3936315
26152,3936731,19,3936750
26153,3936842,59,3936901
26154,3936967,108,3937075
26155,3937128,141,3937269
26156,3937395,8,3937403
26157,3937452,39,3937491
26158,3937552,6,3937558
26159,3937575,3,3937578
26160,3937709,72,3937781
26161,3937891,47,3937938
26162,3937971,1,3937972
26163,3938058,87,3938145
26164,3938309,28,3938337
26165,3938611,14,3938625
26166,3938735,13,3938748
26167,3938916,15,3938931
26168,3938946,41,3938987
26169,3939105,56,3939161
26170,3939204,55,3939259
26171,3939331,58,3939389
26172,3939550,7,3939557
26173,3939596,12,3939608
26174,3939639,32,3939671
26175,3939935,52,3939987
26176,3939993,33,3940026
26177,3940054,181,3940235
26178,3940371,36,3940407
26179,3940764,13,3940777
26180,3940856,72,3940928
26181,3941032,88,3941120
26182,3941228,21,3941249
26183,3941358,158,3941516
26184,3941879,17,3941896
26185,3942051,148,3942199
26186,3942320,206,3942526
26187,3942772,265,3943037
26188,3943373,108,3943481
26189,3943702,203,3943905
26190,3944044,52,3944096
26191,3944349,2,3944351
26192,3944445,61,3944506
26193,3944619,5,3944624
26194,3944959,36,3944995
26195,3945070,18,3945088
26196,3945327,23,3945350
26197,3945494,5,3945499
26198,3945702,70,3945772
26199,3945853,18,3945871
26200,3945897,27,3945924
26201,3946006,48,3946054
26202,3946100,6,3946106
26203,3946265,11,3946276
26204,3946389,45,3946434
26205,3946504,27,3946531
26206,3946590,12,3946602
26207,3947075,3,3947078
26208,3947211,53,3947264
26209,3947290,12,3947302
26210,3947333,61,3947394
26211,3947445,13,3947458
26212,3947468,103,3947571
26213,3947917,6,3947923
26214,3947924,8,3947932
26215,3947979,14,3947993
26216,3948121,55,3948176
26217,3948202,37,3948239
26218,3948320,21,3948341
26219,3948349,17,3948366
26220,3948547,128,3948675
26221,3948891,90,3948981
26222,3949277,51,3949328
26223,3949424,21,3949445
26224,3949568,5,3949573
26225,3949681,35,3949716
26226,3949758,68,3949826
26227,3950187,17,3950204
26228,3950316,1,3950317
26229,3950400,45,3950445
26230,3950475,44,3950519
26231,3950579,51,3950630
26232,3950782,38,3950820
26233,3950878,74,3950952
26234,3951052,135,3951187
26235,3951300,20,3951320
26236,3951408,9,3951417
26237,3951433,25,3951458
26238,3951523,63,3951586
26239,3951613,79,3951692
26240,3951702,11,3951713
26241,3951816,31,3951847
26242,3951865,195,3952060
26243,3952212,10,3952222
26244,3952251,12,3952263
26245,3952509,28,3952537
26246,3952557,8,3952565
26247,3952680,12,3952692
26248,3952699,159,3952858
26249,3953240,52,3953292
26250,3953363,18,3953381
26251,3953563,6,3953569
26252,3953618,105,3953723
26253,3953851,25,3953876
26254,3954135,17,3954152
26255,3954171,38,3954209
26256,3954234,5,3954239
26257,3954275,148,3954423
26258,3954425,50,3954475
26259,3954508,56,3954564
26260,3954635,28,3954663
26261,3954747,12,3954759
26262,3954766,132,3954898
26263,3954982,15,3954997
26264,3955070,101,3955171
26265,3955275,93,3955368
26266,3955420,30,3955450
26267,3955478,56,3955534
26268,3955574,32,3955606
26269,3955738,8,3955746
26270,3955810,78,3955888
26271,3955903,65,3955968
26272,3955972,62,3956034
26273,3956035,33,3956068
26274,3956216,5,3956221
26275,3956257,21,3956278
26276,3956304,67,3956371
26277,3956574,46,3956620
26278,3956656,49,3956705
26279,3956731,50,3956781
26280,3956783,5,3956788
26281,3956943,24,3956967
26282,3957083,13,3957096
26283,3957109,35,3957144
26284,3957145,35,3957180
26285,3957254,28,3957282
26286,3957323,7,3957330
26287,3957770,36,3957806
26288,3957813,18,3957831
26289,3957858,181,3958039
26290,3958335,98,3958433
26291,3958480,11,3958491
26292,3958772,28,3958800
26293,3958918,1,3958919
26294,3959072,3,3959075
26295,3959211,38,3959249
26296,3959259,25,3959284
26297,3959672,5,3959677
26298,3959757,52,3959809
26299,3959822,3,3959825
26300,3960230,13,3960243
26301,3960416,45,3960461
26302,3960694,16,3960710
26303,3960734,69,3960803
26304,3960931,1,3960932
26305,3960952,158,3961110
26306,3961266,60,3961326
26307,3961353,1,3961354
26308,3961395,36,3961431
26309,3961440,8,3961448
26310,3961541,76,3961617
26311,3961665,154,3961819
26312,3961897,101,3961998
26313,3962567,58,3962625
26314,3962818,121,3962939
26315,3963320,42,3963362
26316,3963399,124,3963523
26317,3963538,23,3963561
26318,3963827,7,3963834
26319,3963922,1,3963923
26320,3964200,61,3964261
26321,3964667,4,3964671
26322,3964751,26,3964777
26323,3964786,1,3964787
26324,3965126,3,3965129
26325,3965132,12,3965144
26326,3965168,14,3965182
26327,3965220,73,3965293
26328,3965516,27,3965543
26329,3965605,88,3965693
26330,3965806,22,3965828
26331,3965877,60,3965937
26332,3966070,69,3966139
26333,3966369,15,3966384
26334,3966388,103,3966491
26335,3966595,45,3966640
26336,3966708,78,3966786
26337,3966827,58,3966885
26338,3967262,170,3967432
26339,3967539,60,3967599
26340,3967704,31,3967735
26341,3967778,34,3967812
26342,3967866,9,3967875
26343,3967926,17,3967943
26344,3967951,10,3967961
26345,3968063,19,3968082
26346,3968232,42,3968274
26347,3968411,37,3968448
26348,3968506,98,3968604
26349,3968647,55,3968702
26350,3968862,89,3968951
26351,3969080,46,3969126
26352,3969198,4,3969202
26353,3969357,29,3969386
26354,3969413,9,3969422
26355,3969443,29,3969472
26356,3969621,2,3969623
26357,3969657,19,3969676
26358,3969744,11,3969755
26359,3969791,72,3969863
26360,3969932,11,3969943
26361,3970038,27,3970065
26362,3970081,41,3970122
26363,3970208,69,3970277
26364,3970322,53,3970375
26365,3970377,26,3970403
26366,3970451,10,3970461
26367,3970476,49,3970525
26368,3970680,120,3970800
26369,3970965,28,3970993
26370,3971089,58,3971147
26371,3971211,3,3971214
26372,3971430,58,3971488
26373,3971630,141,3971771
26374,3971923,18,3971941
26375,3972092,1,3972093
26376,3972341,2,3972343
26377,3972465,31,3972496
26378,3972598,43,3972641
26379,3972766,118,3972884
26380,3973024,156,3973180
26381,3973209,5,3973214
26382,3973368,19,3973387
26383,3973477,28,3973505
26384,3973523,13,3973536
26385,3973679,128,3973807
26386,3973883,90,3973973
26387,3973997,54,3974051
26388,3974237,7,3974244
26389,3974269,9,3974278
26390,3974397,17,3974414
26391,3974672,4,3974676
26392,3974822,16,3974838
26393,3974887,4,3974891
26394,3974936,31,3974967
26395,3975097,26,3975123
26396,3975132,54,3975186
26397,3975189,172,3975361
26398,3975377,73,3975450
26399,3975717,6,3975723
26400,3976070,5,3976075
26401,3976099,2,3976101
26402,3976123,8,3976131
26403,3976259,31,3976290
26404,3976367,5,3976372
26405,3976450,77,3976527
26406,3976607,16,3976623
26407,3976672,1,3976673
26408,3976831,57,3976888
26409,3976894,18,3976912
26410,3977184,10,3977194
26411,3977274,63,3977337
26412,3977450,7,3977457
26413,3977467,128,3977595
26414,3977788,13,3977801
26415,3977836,45,3977881
26416,3977996,24,3978020
26417,3978634,155,3978789
26418,3978951,45,3978996
26419,3978997,99,3979096
26420,3979173,4,3979177
26421,3979247,22,3979269
26422,3979333,6,3979339
26423,3979490,41,3979531
26424,3979537,16,3979553
26425,3979776,8,3979784
26426,3979812,65,3979877
26427,3979967,2,3979969
26428,3980085,31,3980116
26429,3980222,124,3980346
26430,3980361,28,3980389
26431,3980411,57,3980468
26432,3980525,33,3980558
26433,3980755,157,3980912
26434,3980913,28,3980941
26435,3980993,28,3981021
26436,3981077,56,3981133
26437,3981295,162,3981457
26438,3981483,1,3981484
26439,3981626,28,3981654
26440,3981667,95,3981762
26441,3981778,28,3981806
26442,3981823,102,3981925
26443,3981995,60,3982055
26444,3982107,32,3982139
26445,3982209,4,3982213
26446,3982408,10,3982418
26447,3982419,17,3982436
26448,3982570,210,3982780
26449,3982789,119,3982908
26450,3982911,10,3982921
26451,3983068,24,3983092
26452,3983202,54,3983256
26453,3983291,19,3983310
26454,3983483,1,3983484
26455,3983670,1,3983671
26456,3983703,13,3983716
26457,3983727,96,3983823
26458,3984034,32,3984066
26459,3984094,7,3984101
26460,3984120,37,3984157
26461,3984322,75,3984397
26462,3984505,127,3984632
26463,3984728,110,3984838
26464,3984847,73,3984920
26465,3984991,41,3985032
26466,3985121,14,3985135
26467,3985201,105,3985306
26468,3985329,5,3985334
26469,3985350,29,3985379
26470,3985454,201,3985655
26471,3985686,228,3985914
26472,3986192,77,3986269
26473,3986281,39,3986320
26474,3986537,66,3986603
26475,3986614,1,3986615
26476,3986715,11,3986726
26477,3986834,29,3986863
26478,3986999,15,3987014
26479,3987102,14,3987116
26480,3987177,18,3987195
26481,3987559,76,3987635
26482,3987747,63,3987810
26483,3987854,34,3987888
26484,3988170,23,3988193
26485,3988197,118,3988315
26486,3988365,18,3988383
26487,3988459,6,3988465
26488,3988559,56,3988615
26489,3988644,40,3988684
26490,3988775,52,3988827
26491,3988874,46,3988920
26492,3989031,75,3989106
26493,3989154,12,3989166
26494,3989349,73,3989422
26495,3989502,134,3989636
26496,3989709,26,3989735
26497,3989987,26,3990013
26498,3990069,6,3990075
26499,3990279,11,3990290
26500,3990307,66,3990373
26501,3990427,22,3990449
26502,3990563,30,3990593
26503,3990653,1,3990654
26504,3990735,19,3990754
26505,3990832,67,3990899
26506,3991088,46,3991134
26507,3991158,53,3991211
26508,3991273,62,3991335
26509,3991349,156,3991505
26510,3991658,60,3991718
26511,3991757,31,3991788
26512,3991968,9,3991977
26513,3992203,127,3992330
26514,3992540,34,3992574
26515,3992820,2,3992822
26516,3992973,39,3993012
26517,3993067,106,3993173
26518,3993251,49,3993300
26519,3993562,240,3993802
26520,3993903,13,3993916
26521,3993946,2,3993948
26522,3994113,17,3994130
26523,3994174,60,3994234
26524,3994255,71,3994326
26525,3994337,12,3994349
26526,3994366,16,3994382
26527,3994577,38,3994615
26528,3994756,21,3994777
26529,3994785,2,3994787
26530,3995080,51,3995131
26531,3995248,69,3995317
26532,3995427,5,3995432
26533,3995535,21,3995556
26534,3995741,66,3995807
26535,3995945,13,3995958
26536,3996163,74,3996237
26537,3996306,148,3996454
26538,3996690,36,3996726
26539,3996760,73,3996833
26540,3996959,159,3997118
26541,3997155,44,3997199
26542,3997327,4,3997331
26543,3997412,7,3997419
26544,3997708,2,3997710
26545,3997847,1,3997848
26546,3997947,101,3998048
26547,3998078,27,3998105
26548,3998273,143,3998416
26549,3998731,16,3998747
26550,3998799,23,3998822
26551,3998929,41,3998970
26552,3998987,15,3999002
26553,3999089,160,3999249
26554,3999250,1,3999251
26555,3999419,8,3999427
26556,3999516,8,3999524
26557,3999540,234,3999774
26558,3999857,34,3999891
26559,3999968,12,3999980
26560,4000115,12,4000127
26561,4000144,38,4000182
26562,4000205,39,4000244
26563,4000347,62,4000409
26564,4000419,24,4000443
26565,4000449,26,4000475
26566,4000808,156,4000964
26567,4001046,21,4001067
26568,4001436,65,4001501
26569,4001577,68,4001645
26570,4001681,106,4001787
26571,4001863,15,4001878
26572,4001934,132,4002066
26573,4002069,5,4002074
26574,4002165,17,4002182
26575,4002242,17,4002259
26576,4002433,35,4002468
26577,4002521,12,4002533
26578,4002673,44,4002717
26579,4002865,53,4002918
26580,4002953,16,4002969
26581,4003164,96,4003260
26582,4003303,19,4003322
26583,4003664,28,4003692
26584,4003726,77,4003803
26585,4004016,60,4004076
26586,4004174,5,4004179
26587,4004319,8,4004327
26588,4004443,33,4004476
26589,4004495,3,4004498
26590,4004688,2,4004690
26591,4004752,62,4004814
26592,4005013,27,4005040
26593,4005067,9,4005076
26594,4005080,27,4005107
26595,4005212,9,4005221
26596,4005226,11,4005237
26597,4005364,3,4005367
26598,4005468,45,4005513
26599,4005657,9,4005666
26600,4005675,37,4005712
26601,4005758,1,4005759
26602,4005770,52,4005822
26603,4005909,32,4005941
26604,4005945,40,4005985
26605,4006035,20,4006055
26606,4006690,71,4006761
26607,4006965,9,4006974
26608,4007138,4,4007142
26609,4007207,8,4007215
26610,4007449,14,4007463
26611,4007484,16,4007500
26612,4007603,55,4007658
26613,4007680,126,4007806
26614,4007994,68,4008062
26615,4008231,25,4008256
26616,4008277,34,4008311
26617,4008350,52,4008402
26618,4008528,84,4008612
26619,4008652,21,4008673
26620,4008690,231,4008921
26621,4009024,39,4009063
26622,4009113,62,4009175
26623,4009242,46,4009288
26624,4009419,6,4009425
26625,4009576,48,4009624
26626,4009636,45,4009681
26627,4009791,27,4009818
26628,4009851,60,4009911
26629,4009932,95,4010027
26630,4010197,9,4010206
26631,4010271,66,4010337
26632,4010359,31,4010390
26633,4010395,56,4010451
26634,4010514,86,4010600
26635,4010662,52,4010714
26636,4010861,28,4010889
26637,4010930,68,4010998
26638,4011077,81,4011158
26639,4011221,86,4011307
26640,4011593,170,4011763
26641,4011958,92,4012050
26642,4012081,75,4012156
26643,4012171,11,4012182
26644,4012190,22,4012212
26645,4012274,9,4012283
26646,4012314,6,4012320
26647,4012322,95,4012417
26648,4012466,56,4012522
26649,4012759,89,4012848
26650,4012910,76,4012986
26651,4013006,108,4013114
26652,4013152,65,4013217
26653,4013386,15,4013401
26654,4013419,80,4013499
26655,4013769,27,4013796
26656,4014360,27,4014387
26657,4014451,63,4014514
26658,4014803,47,4014850
26659,4014920,10,4014930
26660,4015005,41,4015046
26661,4015132,10,4015142
26662,4015333,86,4015419
26663,4015515,134,4015649
26664,4015914,67,4015981
26665,4016038,125,4016163
26666,4016220,127,4016347
26667,4016586,12,4016598
26668,4016655,43,4016698
26669,4016714,53,4016767
26670,4017004,17,4017021
26671,4017184,59,4017243
26672,4017353,76,4017429
26673,4017462,149,4017611
26674,4017625,15,4017640
26675,4017941,92,4018033
26676,4018204,75,4018279
26677,4018486,45,4018531
26678,4018781,11,4018792
26679,4018880,73,4018953
26680,4019107,103,4019210
26681,4019308,79,4019387
26682,4019796,19,4019815
26683,4019914,35,4019949
26684,4019952,28,4019980
26685,4020018,83,4020101
26686,4020222,60,4020282
26687,4020429,20,4020449
26688,4020970,80,4021050
26689,4021619,51,4021670
26690,4021860,83,4021943
26691,4021951,8,4021959
26692,4022092,66,4022158
26693,4022235,42,4022277
26694,4022284,46,4022330
26695,4022335,13,4022348
26696,4022358,6,4022364
26697,4022366,124,4022490
26698,4022608,43,4022651
26699,4022667,13,4022680
26700,4022723,192,4022915
26701,4022926,68,4022994
26702,4023297,217,4023514
26703,4023933,8,4023941
26704,4023974,18,4023992
26705,4024008,37,4024045
26706,4024068,37,4024105
26707,4024169,99,4024268
26708,4024271,45,4024316
26709,4024328,111,4024439
26710,4024934,64,4024998
26711,4025059,203,4025262
26712,4025263,174,4025437
26713,4025497,209,4025706
26714,4025772,44,4025816
26715,4025967,130,4026097
26716,4026193,74,4026267
26717,4026278,60,4026338
26718,4026493,24,4026517
26719,4026622,3,4026625
26720,4026749,86,4026835
26721,4027036,14,4027050
26722,4027059,29,4027088
26723,4027447,1,4027448
26724,4027625,23,4027648
26725,4027708,55,4027763
26726,4027840,49,4027889
26727,4028008,108,4028116
26728,4028178,7,4028185
26729,4028268,16,4028284
26730,4028316,11,4028327
26731,4028473,28,4028501
26732,4028598,59,4028657
26733,4028699,10,4028709
26734,4028711,214,4028925
26735,4028956,43,4028999
26736,4029070,259,4029329
26737,4029483,20,4029503
26738,4029571,31,4029602
26739,4029686,14,4029700
26740,4029829,43,4029872
26741,4030025,87,4030112
26742,4030371,20,4030391
26743,4030506,96,4030602
26744,4030895,23,4030918
26745,4030988,58,4031046
26746,4031128,143,4031271
26747,4031315,11,4031326
26748,4031373,14,4031387
26749,4031480,104,4031584
26750,4031710,12,4031722
26751,4031805,30,4031835
26752,4031849,155,4032004
26753,4032032,29,4032061
26754,4032062,12,4032074
26755,4032157,67,4032224
26756,4032275,23,4032298
26757,4032302,38,4032340
26758,4032533,2,4032535
26759,4032688,158,4032846
26760,4032977,41,4033018
26761,4033148,91,4033239
26762,4033359,20,4033379
26763,4033395,39,4033434
26764,4033703,3,4033706
26765,4033899,84,4033983
26766,4034064,41,4034105
26767,4034137,39,4034176
26768,4034278,94,4034372
26769,4034380,18,4034398
26770,4034418,103,4034521
26771,4034864,23,4034887
26772,4034950,21,4034971
26773,4035049,31,4035080
26774,4035201,16,4035217
26775,4035428,37,4035465
26776,4035509,19,4035528
26777,4035588,15,4035603
26778,4035604,120,4035724
26779,4035736,8,4035744
26780,4035765,32,4035797
26781,4036021,4,4036025
26782,4036386,26,4036412
26783,4036802,16,4036818
26784,4036851,89,4036940
26785,4037078,31,4037109
26786,4037199,16,4037215
26787,4037217,27,4037244
26788,4037327,165,4037492
26789,4037553,7,4037560
26790,4037577,39,4037616
26791,4037814,100,4037914
26792,4038197,160,4038357
26793,4038464,79,4038543
26794,4038647,13,4038660
26795,4038739,47,4038786
26796,4038811,41,4038852
26797,4038971,19,4038990
26798,4039060,49,4039109
26799,4039198,80,4039278
26800,4039590,12,4039602
26801,4039674,101,4039775
26802,4039837,19,4039856
26803,4039893,80,4039973
26804,4040032,99,4040131
26805,4040154,14,4040168
26806,4040336,20,4040356
26807,4040373,31,4040404
26808,4040424,35,4040459
26809,4040671,41,4040712
26810,4040760,149,4040909
26811,4041049,38,4041087
26812,4041139,7,4041146
26813,4041288,88,4041376
26814,4041401,28,4041429
26815,4041440,38,4041478
26816,4041510,21,4041531
26817,4041795,91,4041886
26818,4041972,34,4042006
26819,4042260,30,4042290
26820,4042382,108,4042490
26821,4042516,13,4042529
26822,4042650,79,4042729
26823,4042802,21,4042823
26824,4042836,131,4042967
26825,4043065,25,4043090
26826,4043262,127,4043389
26827,4043429,61,4043490
26828,4043503,12,4043515
26829,4043548,34,4043582
26830,4043607,64,4043671
26831,4043690,11,4043701
26832,4043797,27,4043824
26833,4043847,62,4043909
26834,4043923,17,4043940
26835,4044409,49,4044458
26836,4044544,13,4044557
26837,4044633,210,4044843
26838,4045040,41,4045081
26839,4045158,100,4045258
26840,4045301,52,4045353
26841,4045391,127,4045518
26842,4045546,45,4045591
26843,4045743,54,4045797
26844,4045971,25,4045996
26845,4046097,52,4046149
26846,4046252,10,4046262
26847,4046308,48,4046356
26848,4046373,6,4046379
26849,4046384,29,4046413
26850,4046530,22,4046552
26851,4046611,7,4046618
26852,4046663,3,4046666
26853,4046743,3,4046746
26854,4046847,46,4046893
26855,4046935,21,4046956
26856,4047264,8,4047272
26857,4047292,12,4047304
26858,4047348,36,4047384
26859,4047440,23,4047463
26860,4047521,7,4047528
26861,4047558,65,4047623
26862,4047659,5,4047664
26863,4047758,133,4047891
26864,4047900,2,4047902
26865,4047925,52,4047977
26866,4048058,31,4048089
26867,4048130,31,4048161
26868,4048215,67,4048282
26869,4048504,154,4048658
26870,4048674,174,4048848
26871,4049049,42,4049091
26872,4049123,8,4049131
26873,4049507,62,4049569
26874,4049842,122,4049964
26875,4050044,32,4050076
26876,4050111,52,4050163
26877,4050197,27,4050224
26878,4050356,40,4050396
26879,4050414,58,4050472
26880,4050542,9,4050551
26881,4050787,9,4050796
26882,4050964,10,4050974
26883,4051166,2,4051168
26884,4051256,2,4051258
26885,4051415,68,4051483
26886,4051531,26,4051557
26887,4051723,5,4051728
26888,4051773,5,4051778
26889,4051866,7,4051873
26890,4051968,38,4052006
26891,4052022,28,4052050
26892,4052278,23,4052301
26893,4052391,41,4052432
26894,4052613,2,4052615
26895,4052651,48,4052699
26896,4052715,178,4052893
26897,4052966,30,4052996
26898,4053068,40,4053108
26899,4053197,8,4053205
26900,4053242,7,4053249
26901,4053282,29,4053311
26902,4053324,26,4053350
26903,4053669,73,4053742
26904,4053827,41,4053868
26905,4053945,19,4053964
26906,4053978,40,4054018
26907,4054037,56,4054093
26908,4054188,26,4054214
26909,4054369,63,4054432
26910,4054531,36,4054567
26911,4055009,2,4055011
26912,4055114,4,4055118
26913,4055477,57,4055534
26914,4055792,106,4055898
26915,4055900,10,4055910
26916,4056376,77,4056453
26917,4056502,30,4056532
26918,4056549,33,4056582
26919,4056765,11,4056776
26920,4056835,92,4056927
26921,4056949,34,4056983
26922,4056984,51,4057035
26923,4057199,23,4057222
26924,4057260,25,4057285
26925,4057515,122,4057637
26926,4057771,14,4057785
26927,4057911,2,4057913
26928,4057983,153,4058136
26929,4058496,2,4058498
26930,4058518,64,4058582
26931,4058600,5,4058605
26932,4058642,14,4058656
26933,4058721,43,4058764
26934,4058768,96,4058864
26935,4058997,277,4059274
26936,4059372,101,4059473
26937,4059623,113,4059736
26938,4059738,5,4059743
26939,4059873,116,4059989
26940,4059999,6,4060005
26941,4060053,136,4060189
26942,4060191,14,4060205
26943,4060420,25,4060445
26944,4060526,10,4060536
26945,4060619,23,4060642
26946,4060743,45,4060788
26947,4060897,20,4060917
26948,4061091,45,4061136
26949,4061146,29,4061175
26950,4061178,61,4061239
26951,4061243,74,4061317
26952,4061427,230,4061657
26953,4061723,73,4061796
26954,4061870,79,4061949
26955,4061956,58,4062014
26956,4062052,14,4062066
26957,4062158,68,4062226
26958,4062282,75,4062357
26959,4062375,40,4062415
26960,4062494,4,4062498
26961,4062544,21,4062565
26962,4062647,46,4062693
26963,4062769,23,4062792
26964,4062849,7,4062856
26965,4063055,10,4063065
26966,4063387,28,4063415
26967,4063428,52,4063480
26968,4063509,15,4063524
26969,4063603,100,4063703
26970,4063765,9,4063774
26971,4063917,7,4063924
26972,4064006,35,4064041
26973,4064144,217,4064361
26974,4064377,72,4064449
26975,4064452,9,4064461
26976,4064523,55,4064578
26977,4064637,105,4064742
26978,4064777,47,4064824
26979,4064918,48,4064966
26980,4065115,38,4065153
26981,4065224,33,4065257
26982,4065270,88,4065358
26983,4065474,9,4065483
26984,4065669,35,4065704
26985,4065742,47,4065789
26986,4066081,2,4066083
26987,4066088,10,4066098
26988,4066181,50,4066231
26989,4066268,52,4066320
26990,4066533,26,4066559
26991,4066785,15,4066800
26992,4066863,36,4066899
26993,4066985,99,4067084
26994,4067266,16,4067282
26995,4067320,103,4067423
26996,4067431,43,4067474
26997,4067666,70,4067736
26998,4067767,5,4067772
26999,4067885,15,4067900
27000,4067910,16,4067926
27001,4068106,50,4068156
27002,4068263,23,4068286
27003,4068302,58,4068360
27004,4068566,37,4068603
27005,4068640,1,4068641
27006,4069186,55,4069241
27007,4069393,58,4069451
27008,4069621,188,4069809
27009,4069833,40,4069873
27010,4069956,53,4070009
27011,4070054,80,4070134
27012,4070369,40,4070409
27013,4070458,33,4070491
27014,4070687,19,4070706
27015,4070826,105,4070931
27016,4071158,21,4071179
27017,4071549,4,4071553
27018,4071609,46,4071655
27019,4071694,182,4071876
27020,4071922,11,4071933
27021,4072018,26,4072044
27022,4072107,10,4072117
27023,4072151,23,4072174
27024,4072195,121,4072316
27025,4072326,9,4072335
27026,4072457,37,4072494
27027,4072542,121,4072663
27028,4072863,14,4072877
27029,4073059,45,4073104
27030,4073196,44,4073240
27031,4073243,232,4073475
27032,4073586,22,4073608
27033,4073878,32,4073910
27034,4074084,15,4074099
27035,4074156,22,4074178
27036,4074601,19,4074620
27037,4074977,33,4075010
27038,4075070,21,4075091
27039,4075237,42,4075279
27040,4075744,116,4075860
27041,4075972,46,4076018
27042,4076056,28,4076084
27043,4076236,18,4076254
27044,4076384,5,4076389
27045,4076409,37,4076446
27046,4076556,50,4076606
27047,4076621,28,4076649
27048,4076735,9,4076744
27049,4076803,3,4076806
27050,4077223,18,4077241
27051,4077433,122,4077555
27052,4077730,5,4077735
27053,4077799,20,4077819
27054,4077866,3,4077869
27055,4077976,456,4078432
27056,4078441,26,4078467
27057,4078500,14,4078514
27058,4078722,94,4078816
27059,4078928,19,4078947
27060,4078952,37,4078989
27061,4079222,22,4079244
27062,4079387,81,4079468
27063,4079485,4,4079489
27064,4079495,39,4079534
27065,4079912,6,4079918
27066,4080071,91,4080162
27067,4080327,9,4080336
27068,4080513,6,4080519
27069,4080524,6,4080530
27070,4080699,15,4080714
27071,4080993,25,4081018
27072,4081253,6,4081259
27073,4081307,82,4081389
27074,4081420,53,4081473
27075,4081478,49,4081527
27076,4081727,26,4081753
27077,4081761,44,4081805
27078,4081883,2,4081885
27079,4082103,23,4082126
27080,4082234,143,4082377
27081,4082401,8,4082409
27082,4082508,2,4082510
27083,4082519,23,4082542
27084,4082574,6,4082580
27085,4082654,41,4082695
27086,4082791,17,4082808
27087,4082930,28,4082958
27088,4083020,15,4083035
27089,4083039,28,4083067
27090,4083105,129,4083234
27091,4083598,55,4083653
27092,4083852,9,4083861
27093,4083942,42,4083984
27094,4084000,35,4084035
27095,4084072,18,4084090
27096,4084286,82,4084368
27097,4084398,62,4084460
27098,4084511,22,4084533
27099,4084610,3,4084613
27100,4085076,144,4085220
27101,4085531,63,4085594
27102,4085684,14,4085698
27103,4085733,11,4085744
27104,4085781,78,4085859
27105,4085907,24,4085931
27106,4086096,97,4086193
27107,4086356,8,4086364
27108,4086569,2,4086571
27109,4086691,62,4086753
27110,4086784,16,4086800
27111,4086995,24,4087019
27112,4087128,56,4087184
27113,4087209,106,4087315
27114,4087330,48,4087378
27115,4087441,29,4087470
27116,4087613,60,4087673
27117,4087776,100,4087876
27118,4087998,9,4088007
27119,4088024,35,4088059
27120,4088078,4,4088082
27121,4088094,79,4088173
27122,4088266,11,4088277
27123,4088326,49,4088375
27124,4088386,172,4088558
27125,4088655,43,4088698
27126,4088759,5,4088764
27127,4088927,186,4089113
27128,4089161,3,4089164
27129,4089233,115,4089348
27130,4089624,43,4089667
27131,4089765,69,4089834
27132,4089852,16,4089868
27133,4090287,15,4090302
27134,4090546,24,4090570
27135,4090608,20,4090628
27136,4090802,49,4090851
27137,4090953,26,4090979
27138,4091083,8,4091091
27139,4091139,23,4091162
27140,4091452,32,4091484
27141,4091495,66,4091561
27142,4091753,21,4091774
27143,4091879,119,4091998
27144,4092079,16,4092095
27145,4092107,33,4092140
27146,4092322,70,4092392
27147,4092413,27,4092440
27148,4092477,4,4092481
27149,4092667,38,4092705
27150,4092848,95,4092943
27151,4093140,81,4093221
27152,4093406,59,4093465
27153,4093469,28,4093497
27154,4093572,13,4093585
27155,4093607,63,4093670
27156,4093796,203,4093999
27157,4094161,12,4094173
27158,4094228,34,4094262
27159,4094267,19,4094286
27160,4094305,2,4094307
27161,4094314,25,4094339
27162,4094475,3,4094478
27163,4094643,4,4094647
27164,4094741,53,4094794
27165,4094797,51,4094848
27166,4094851,35,4094886
27167,4094951,21,4094972
27168,4095020,11,4095031
27169,4095077,25,4095102
27170,4095166,7,4095173
27171,4095305,53,4095358
27172,4095484,9,4095493
27173,4095596,27,4095623
27174,4095754,31,4095785
27175,4096040,80,4096120
27176,4096159,48,4096207
27177,4096214,9,4096223
27178,4096335,41,4096376
27179,4096516,155,4096671
27180,4096710,9,4096719
27181,4096735,22,4096757
27182,4096910,17,4096927
27183,4096967,151,4097118
27184,4097135,2,4097137
27185,4097388,9,4097397
27186,4097439,42,4097481
27187,4097487,5,4097492
27188,4097561,4,4097565
27189,4097609,90,4097699
27190,4097933,40,4097973
27191,4098161,11,4098172
27192,4098280,224,4098504
27193,4098600,32,4098632
27194,4098840,38,4098878
27195,4098945,80,4099025
27196,4099041,74,4099115
27197,4099135,35,4099170
27198,4099217,6,4099223
27199,4099229,10,4099239
27200,4099290,16,4099306
27201,4099441,6,4099447
27202,4099523,21,4099544
27203,4099552,71,4099623
27204,4099676,88,4099764
27205,4099784,36,4099820
27206,4099873,69,4099942
27207,4100122,14,4100136
27208,4100168,66,4100234
27209,4100455,10,4100465
27210,4100555,108,4100663
27211,4100666,41,4100707
27212,4100747,18,4100765
27213,4100835,45,4100880
27214,4100929,11,4100940
27215,4101085,86,4101171
27216,4101240,3,4101243
27217,4101388,30,4101418
27218,4101465,20,4101485
27219,4101873,6,4101879
27220,4102000,24,4102024
27221,4102125,51,4102176
27222,4102244,101,4102345
27223,4102373,51,4102424
27224,4102515,36,4102551
27225,4102555,46,4102601
27226,4102652,106,4102758
27227,4102826,55,4102881
27228,4103017,8,4103025
27229,4103075,37,4103112
27230,4103123,154,4103277
27231,4103287,36,4103323
27232,4103351,102,4103453
27233,4103474,7,4103481
27234,4103523,20,4103543
27235,4103580,70,4103650
27236,4103831,41,4103872
27237,4103884,17,4103901
27238,4103943,20,4103963
27239,4104008,30,4104038
27240,4104086,125,4104211
27241,4104246,150,4104396
27242,4104406,7,4104413
27243,4104431,62,4104493
27244,4104578,1,4104579
27245,4104641,3,4104644
27246,4104693,36,4104729
27247,4105088,132,4105220
27248,4105383,2,4105385
27249,4105405,70,4105475
27250,4105672,91,4105763
27251,4105776,9,4105785
27252,4105894,80,4105974
27253,4105992,184,4106176
27254,4106228,48,4106276
27255,4106436,108,4106544
27256,4106552,4,4106556
27257,4106592,25,4106617
27258,4106708,4,4106712
27259,4106792,13,4106805
27260,4106828,207,4107035
27261,4107148,105,4107253
27262,4107267,42,4107309
27263,4107393,3,4107396
27264,4107789,10,4107799
27265,4107828,99,4107927
27266,4108083,26,4108109
27267,4108454,33,4108487
27268,4108533,42,4108575
27269,4108694,41,4108735
27270,4108958,93,4109051
27271,4109087,48,4109135
27272,4109228,2,4109230
27273,4109334,176,4109510
27274,4109562,12,4109574
27275,4109774,2,4109776
27276,4109789,90,4109879
27277,4109947,47,4109994
27278,4110138,22,4110160
27279,4110203,56,4110259
27280,4110324,12,4110336
27281,4110417,30,4110447
27282,4110579,49,4110628
27283,4110682,7,4110689
27284,4110914,26,4110940
27285,4110977,12,4110989
27286,4111064,1,4111065
27287,4111184,170,4111354
27288,4111461,7,4111468
27289,4111562,9,4111571
27290,4111809,1,4111810
27291,4111879,126,4112005
27292,4112207,28,4112235
27293,4112568,127,4112695
27294,4112759,34,4112793
27295,4112882,50,4112932
27296,4113065,209,4113274
27297,4113340,222,4113562
27298,4113622,148,4113770
27299,4113901,40,4113941
27300,4114046,139,4114185
27301,4114191,59,4114250
27302,4114259,30,4114289
27303,4114482,78,4114560
27304,4114601,2,4114603
27305,4114640,36,4114676
27306,4114803,53,4114856
27307,4114926,27,4114953
27308,4115023,8,4115031
27309,4115164,62,4115226
27310,4115275,11,4115286
27311,4115336,148,4115484
27312,4115979,28,4116007
27313,4116038,10,4116048
27314,4116083,28,4116111
27315,4116257,38,4116295
27316,4116372,75,4116447
27317,4116509,8,4116517
27318,4116574,118,4116692
27319,4116743,98,4116841
27320,4116892,237,4117129
27321,4117319,9,4117328
27322,4117455,20,4117475
27323,4117488,102,4117590
27324,4117726,15,4117741
27325,4117742,38,4117780
27326,4117802,49,4117851
27327,4117876,38,4117914
27328,4118012,19,4118031
27329,4118061,19,4118080
27330,4118204,122,4118326
27331,4118357,65,4118422
27332,4118424,13,4118437
27333,4118467,43,4118510
27334,4118560,79,4118639
27335,4118715,65,4118780
27336,4118879,74,4118953
27337,4118964,74,4119038
27338,4119042,11,4119053
27339,4119058,58,4119116
27340,4119186,82,4119268
27341,4119299,74,4119373
27342,4119580,57,4119637
27343,4119640,76,4119716
27344,4119770,29,4119799
27345,4119870,134,4120004
27346,4120007,48,4120055
27347,4120236,30,4120266
27348,4120319,24,4120343
27349,4120361,14,4120375
27350,4120377,52,4120429
27351,4120545,51,4120596
27352,4120696,83,4120779
27353,4120841,43,4120884
27354,4121124,17,4121141
27355,4121346,50,4121396
27356,4121412,63,4121475
27357,4121510,46,4121556
27358,4121602,57,4121659
27359,4121692,78,4121770
27360,4121799,75,4121874
27361,4121924,12,4121936
27362,4121995,5,4122000
27363,4122109,17,4122126
27364,4122188,129,4122317
27365,4122512,1,4122513
27366,4122675,9,4122684
27367,4122992,5,4122997
27368,4123009,6,4123015
27369,4123419,208,4123627
27370,4123746,64,4123810
27371,4123842,33,4123875
27372,4124027,131,4124158
27373,4124165,147,4124312
27374,4124333,172,4124505
27375,4124581,104,4124685
27376,4124720,49,4124769
27377,4124865,101,4124966
27378,4125025,106,4125131
27379,4125268,8,4125276
27380,4125513,67,4125580
27381,4125728,35,4125763
27382,4125816,131,4125947
27383,4125963,12,4125975
27384,4126255,19,4126274
27385,4126415,25,4126440
27386,4126444,66,4126510
27387,4126533,24,4126557
27388,4126564,18,4126582
27389,4126605,46,4126651
27390,4126697,136,4126833
27391,4126847,1,4126848
27392,4126986,15,4127001
27393,4127009,23,4127032
27394,4127134,35,4127169
27395,4127193,16,4127209
27396,4127431,50,4127481
27397,4127516,12,4127528
27398,4127598,115,4127713
27399,4127899,39,4127938
27400,4127974,18,4127992
27401,4128089,57,4128146
27402,4128251,99,4128350
27403,4128454,63,4128517
27404,4128662,38,4128700
27405,4128734,55,4128789
27406,4128797,9,4128806
27407,4128858,18,4128876
27408,4128892,30,4128922
27409,4129021,52,4129073
27410,4129272,13,4129285
27411,4129327,43,4129370
27412,4129716,13,4129729
27413,4129842,111,4129953
27414,4130064,30,4130094
27415,4130124,60,4130184
27416,4130235,85,4130320
27417,4130374,61,4130435
27418,4130554,53,4130607
27419,4130657,24,4130681
27420,4130710,30,4130740
27421,4130894,172,4131066
27422,4131150,4,4131154
27423,4131179,46,4131225
27424,4131365,21,4131386
27425,4131589,16,4131605
27426,4131703,34,4131737
27427,4131965,84,4132049
27428,4132054,2,4132056
27429,4132256,146,4132402
27430,4132625,76,4132701
27431,4132955,3,4132958
27432,4133111,26,4133137
27433,4133138,6,4133144
27434,4133153,67,4133220
27435,4133242,30,4133272
27436,4133463,154,4133617
27437,4133714,3,4133717
27438,4133960,9,4133969
27439,4134126,8,4134134
27440,4134145,40,4134185
27441,4134299,14,4134313
27442,4134454,20,4134474
27443,4134616,5,4134621
27444,4134675,25,4134700
27445,4134830,3,4134833
27446,4135060,38,4135098
27447,4135157,42,4135199
27448,4135661,24,4135685
27449,4135722,22,4135744
27450,4135820,26,4135846
27451,4135869,102,4135971
27452,4136087,71,4136158
27453,4136329,31,4136360
27454,4136366,18,4136384
27455,4136475,132,4136607
27456,4136622,49,4136671
27457,4136684,22,4136706
27458,4136718,11,4136729
27459,4136845,34,4136879
27460,4136892,8,4136900
27461,4136935,208,4137143
27462,4137312,9,4137321
27463,4137402,61,4137463
27464,4137575,132,4137707
27465,4137747,28,4137775
27466,4137847,4,4137851
27467,4137893,365,4138258
27468,4138405,18,4138423
27469,4138493,58,4138551
27470,4138868,169,4139037
27471,4139151,32,4139183
27472,4139357,9,4139366
27473,4139369,64,4139433
27474,4139601,71,4139672
27475,4139674,31,4139705
27476,4139823,33,4139856
27477,4140009,128,4140137
27478,4140163,17,4140180
27479,4140181,36,4140217
27480,4140290,61,4140351
27481,4140363,72,4140435
27482,4140591,32,4140623
27483,4140744,33,4140777
27484,4141062,96,4141158
27485,4141422,19,4141441
27486,4141631,84,4141715
27487,4141730,86,4141816
27488,4141852,15,4141867
27489,4141967,115,4142082
27490,4142139,22,4142161
27491,4142225,132,4142357
27492,4142397,2,4142399
27493,4142426,2,4142428
27494,4142793,29,4142822
27495,4143041,174,4143215
27496,4143253,22,4143275
27497,4143370,130,4143500
27498,4143818,50,4143868
27499,4143902,10,4143912
27500,4143918,21,4143939
27501,4144064,60,4144124
27502,4144164,24,4144188
27503,4144196,9,4144205
27504,4144378,11,4144389
27505,4144452,20,4144472
27506,4144583,27,4144610
27507,4144659,15,4144674
27508,4144699,2,4144701
27509,4144731,67,4144798
27510,4144809,17,4144826
27511,4144880,35,4144915
27512,4144958,93,4145051
27513,4145063,57,4145120
27514,4145156,43,4145199
27515,4145278,18,4145296
27516,4145300,108,4145408
27517,4145753,3,4145756
27518,4146061,13,4146074
27519,4146122,2,4146124
27520,4146179,41,4146220
27521,4146256,32,4146288
27522,4146313,56,4146369
27523,4146370,18,4146388
27524,4146467,8,4146475
27525,4146652,33,4146685
27526,4146937,35,4146972
27527,4146988,66,4147054
27528,4147202,27,4147229
27529,4147239,21,4147260
27530,4147388,8,4147396
27531,4147566,64,4147630
27532,4147664,72,4147736
27533,4147880,80,4147960
27534,4147969,39,4148008
27535,4148318,9,4148327
27536,4148454,58,4148512
27537,4148555,50,4148605
27538,4148618,3,4148621
27539,4148624,38,4148662
27540,4148676,13,4148689
27541,4148839,4,4148843
27542,4148895,33,4148928
27543,4148959,10,4148969
27544,4149000,17,4149017
27545,4149027,14,4149041
27546,4149133,24,4149157
27547,4149205,53,4149258
27548,4149322,6,4149328
27549,4149381,118,4149499
27550,4149741,62,4149803
27551,4149808,73,4149881
27552,4149935,50,4149985
27553,4150345,85,4150430
27554,4150661,22,4150683
27555,4150799,51,4150850
27556,4150854,32,4150886
27557,4151054,7,4151061
27558,4151286,89,4151375
27559,4151378,76,4151454
27560,4151517,35,4151552
27561,4151600,14,4151614
27562,4151662,35,4151697
27563,4151779,16,4151795
27564,4151803,1,4151804
27565,4151845,141,4151986
27566,4152364,94,4152458
27567,4152520,46,4152566
27568,4152618,39,4152657
27569,4152686,22,4152708
27570,4152731,135,4152866
27571,4152885,106,4152991
27572,4153024,128,4153152
27573,4153226,25,4153251
27574,4153416,40,4153456
27575,4153485,47,4153532
27576,4153660,64,4153724
27577,4153749,30,4153779
27578,4153906,39,4153945
27579,4153993,72,4154065
27580,4154101,145,4154246
27581,4154356,125,4154481
27582,4154600,74,4154674
27583,4154957,15,4154972
27584,4155059,15,4155074
27585,4155079,38,4155117
27586,4155198,15,4155213
27587,4155487,1,4155488
27588,4155582,7,4155589
27589,4155719,25,4155744
27590,4155761,47,4155808
27591,4155870,14,4155884
27592,4156159,42,4156201
27593,4156253,18,4156271
27594,4156584,32,4156616
27595,4156791,58,4156849
27596,4156903,30,4156933
27597,4156963,31,4156994
27598,4157195,105,4157300
27599,4157305,14,4157319
27600,4157384,20,4157404
27601,4157475,36,4157511
27602,4157539,33,4157572
27603,4157631,101,4157732
27604,4157906,43,4157949
27605,4158096,93,4158189
27606,4158604,51,4158655
27607,4158765,23,4158788
27608,4159013,40,4159053
27609,4159073,77,4159150
27610,4159411,25,4159436
27611,4159476,84,4159560
27612,4159687,24,4159711
27613,4159839,2,4159841
27614,4159881,14,4159895
27615,4159919,37,4159956
27616,4160042,126,4160168
27617,4160174,22,4160196
27618,4160341,9,4160350
27619,4160390,49,4160439
27620,4160446,10,4160456
27621,4160590,15,4160605
27622,4160820,24,4160844
27623,4160904,11,4160915
27624,4161007,177,4161184
27625,4161231,7,4161238
27626,4161333,9,4161342
27627,4161419,23,4161442
27628,4161452,20,4161472
27629,4161674,55,4161729
27630,4161845,77,4161922
27631,4161934,41,4161975
27632,4162027,118,4162145
27633,4162339,12,4162351
27634,4162421,122,4162543
27635,4162699,54,4162753
27636,4162884,38,4162922
27637,4163108,62,4163170
27638,4163176,106,4163282
27639,4163325,58,4163383
27640,4163447,14,4163461
27641,4163462,39,4163501
27642,4163548,105,4163653
27643,4163816,7,4163823
27644,4163911,28,4163939
27645,4164097,32,4164129
27646,4164163,12,4164175
27647,4164308,168,4164476
27648,4164479,11,4164490
27649,4164659,122,4164781
27650,4164806,18,4164824
27651,4164845,65,4164910
27652,4165073,9,4165082
27653,4165107,16,4165123
27654,4165157,30,4165187
27655,4165208,4,4165212
27656,4165308,17,4165325
27657,4165692,34,4165726
27658,4165736,28,4165764
27659,4165847,1,4165848
27660,4165854,82,4165936
27661,4166046,38,4166084
27662,4166398,40,4166438
27663,4166501,11,4166512
27664,4166763,142,4166905
27665,4166928,46,4166974
27666,4166994,8,4167002
27667,4167123,183,4167306
27668,4167393,3,4167396
27669,4167406,7,4167413
27670,4167472,32,4167504
27671,4167516,267,4167783
27672,4167949,9,4167958
27673,4168112,1,4168113
27674,4168287,10,4168297
27675,4168443,60,4168503
27676,4168537,26,4168563
27677,4168850,3,4168853
27678,4169314,3,4169317
27679,4169526,16,4169542
27680,4169543,22,4169565
27681,4169636,60,4169696
27682,4169714,41,4169755
27683,4169854,71,4169925
27684,4170149,64,4170213
27685,4170453,173,4170626
27686,4170680,2,4170682
27687,4170708,9,4170717
27688,4170743,19,4170762
27689,4170841,26,4170867
27690,4170895,73,4170968
27691,4170988,80,4171068
27692,4171194,4,4171198
27693,4171262,93,4171355
27694,4171416,18,4171434
27695,4171472,41,4171513
27696,4171606,82,4171688
27697,4172074,71,4172145
27698,4172156,146,4172302
27699,4172355,71,4172426
27700,4172599,93,4172692
27701,4172744,25,4172769
27702,4172790,63,4172853
27703,4173007,1,4173008
27704,4173011,58,4173069
27705,4173070,25,4173095
27706,4173120,16,4173136
27707,4173242,54,4173296
27708,4173490,49,4173539
27709,4173639,6,4173645
27710,4173678,14,4173692
27711,4173781,30,4173811
27712,4173833,8,4173841
27713,4173909,2,4173911
27714,4173976,120,4174096
27715,4174135,27,4174162
27716,4174219,110,4174329
27717,4174680,20,4174700
27718,4174736,110,4174846
27719,4174937,33,4174970
27720,4174995,39,4175034
27721,4175248,23,4175271
27722,4175317,66,4175383
27723,4175415,8,4175423
27724,4175435,10,4175445
27725,4175487,43,4175530
27726,4175814,26,4175840
27727,4175884,69,4175953
27728,4176145,22,4176167
27729,4176311,23,4176334
27730,4176393,24,4176417
27731,4176432,5,4176437
27732,4176479,308,4176787
27733,4176941,11,4176952
27734,4176957,53,4177010
27735,4177177,25,4177202
27736,4177226,3,4177229
27737,4177269,32,4177301
27738,4177302,12,4177314
27739,4177614,23,4177637
27740,4178004,63,4178067
27741,4178080,3,4178083
27742,4178403,5,4178408
27743,4178432,101,4178533
27744,4178752,160,4178912
27745,4179031,2,4179033
27746,4179280,32,4179312
27747,4179334,31,4179365
27748,4179566,21,4179587
27749,4179801,13,4179814
27750,4179839,182,4180021
27751,4180270,53,4180323
27752,4180385,14,4180399
27753,4180420,12,4180432
27754,4180612,2,4180614
27755,4180756,17,4180773
27756,4180791,56,4180847
27757,4180915,3,4180918
27758,4180944,8,4180952
27759,4180959,24,4180983
27760,4181719,122,4181841
27761,4181890,9,4181899
27762,4181969,68,4182037
27763,4182040,1,4182041
27764,4182162,16,4182178
27765,4182198,92,4182290
27766,4182299,17,4182316
27767,4182524,1,4182525
27768,4182613,38,4182651
27769,4183054,12,4183066
27770,4183140,48,4183188
27771,4183253,46,4183299
27772,4183324,9,4183333
27773,4183449,131,4183580
27774,4183660,5,4183665
27775,4183973,56,4184029
27776,4184208,2,4184210
27777,4184331,24,4184355
27778,4184413,108,4184521
27779,4184569,75,4184644
27780,4184793,82,4184875
27781,4185042,6,4185048
27782,4185070,100,4185170
27783,4185234,5,4185239
27784,4185257,14,4185271
27785,4185588,72,4185660
27786,4185743,3,4185746
27787,4185767,31,4185798
27788,4185884,19,4185903
27789,4185934,138,4186072
27790,4186116,40,4186156
27791,4186169,7,4186176
27792,4186257,38,4186295
27793,4186370,4,4186374
27794,4186392,34,4186426
27795,4186445,21,4186466
27796,4186572,3,4186575
27797,4186933,24,4186957
27798,4187050,17,4187067
27799,4187243,38,4187281
27800,4187433,22,4187455
27801,4187457,113,4187570
27802,4187600,53,4187653
27803,4187695,14,4187709
27804,4187721,7,4187728
27805,4187739,20,4187759
27806,4187864,49,4187913
27807,4188278,12,4188290
27808,4188310,32,4188342
27809,4188495,68,4188563
27810,4188683,79,4188762
27811,4188841,40,4188881
27812,4188978,34,4189012
27813,4189076,80,4189156
27814,4189171,68,4189239
27815,4189246,14,4189260
27816,4189321,85,4189406
27817,4189558,14,4189572
27818,4189600,21,4189621
27819,4189704,100,4189804
27820,4189903,61,4189964
27821,4190065,16,4190081
27822,4190120,26,4190146
27823,4190206,72,4190278
27824,4190313,8,4190321
27825,4190379,17,4190396
27826,4190419,37,4190456
27827,4190462,22,4190484
27828,4190650,43,4190693
27829,4191093,228,4191321
27830,4191680,20,4191700
27831,4191765,2,4191767
27832,4192039,21,4192060
27833,4192147,18,4192165
27834,4192279,60,4192339
27835,4192465,62,4192527
27836,4192640,18,4192658
27837,4192663,40,4192703
27838,4192746,27,4192773
27839,4192817,26,4192843
27840,4192892,90,4192982
27841,4193505,2,4193507
27842,4193593,38,4193631
27843,4193724,12,4193736
27844,4193874,65,4193939
27845,4194074,11,4194085
27846,4194204,37,4194241
27847,4194395,67,4194462
27848,4194563,16,4194579
27849,4194606,235,4194841
27850,4194974,7,4194981
27851,4195037,21,4195058
27852,4195068,49,4195117
27853,4195154,45,4195199
27854,4195228,75,4195303
27855,4195357,39,4195396
27856,4195429,43,4195472
27857,4195691,28,4195719
27858,4195727,25,4195752
27859,4195878,57,4195935
27860,4195990,76,4196066
27861,4196128,16,4196144
27862,4196283,99,4196382
27863,4196676,3,4196679
27864,4196736,68,4196804
27865,4196890,30,4196920
27866,4196996,1,4196997
27867,4197151,9,4197160
27868,4197221,153,4197374
27869,4197425,51,4197476
27870,4197617,50,4197667
27871,4197715,176,4197891
27872,4197941,14,4197955
27873,4198036,15,4198051
27874,4198063,63,4198126
27875,4198230,4,4198234
27876,4198275,231,4198506
27877,4198591,112,4198703
27878,4198861,96,4198957
27879,4198989,2,4198991
27880,4199011,77,4199088
27881,4199441,18,4199459
27882,4199681,50,4199731
27883,4199930,62,4199992
27884,4200025,36,4200061
27885,4200101,26,4200127
27886,4200193,86,4200279
27887,4200293,132,4200425
27888,4200527,151,4200678
27889,4200863,58,4200921
27890,4200924,1,4200925
27891,4201028,33,4201061
27892,4201195,86,4201281
27893,4201296,20,4201316
27894,4201343,85,4201428
27895,4201572,23,4201595
27896,4201677,157,4201834
27897,4201911,37,4201948
27898,4202129,78,4202207
27899,4202249,19,4202268
27900,4202373,17,4202390
27901,4203080,79,4203159
27902,4203172,136,4203308
27903,4203375,34,4203409
27904,4203747,70,4203817
27905,4203845,85,4203930
27906,4204019,13,4204032
27907,4204195,3,4204198
27908,4204250,44,4204294
27909,4204359,50,4204409
27910,4204538,81,4204619
27911,4204694,18,4204712
27912,4204808,154,4204962
27913,4204992,36,4205028
27914,4205119,130,4205249
27915,4205303,3,4205306
27916,4205347,32,4205379
27917,4205458,114,4205572
27918,4205754,235,4205989
27919,4206041,18,4206059
27920,4206538,44,4206582
27921,4206845,99,4206944
27922,4207065,105,4207170
27923,4207180,1,4207181
27924,4207247,16,4207263
27925,4207549,26,4207575
27926,4207739,47,4207786
27927,4207926,23,4207949
27928,4207991,72,4208063
27929,4208226,51,4208277
27930,4208414,38,4208452
27931,4208498,63,4208561
27932,4208600,4,4208604
27933,4208636,17,4208653
27934,4208655,51,4208706
27935,4208831,96,4208927
27936,4209028,1,4209029
27937,4209083,5,4209088
27938,4209195,128,4209323
27939,4209376,112,4209488
27940,4209489,166,4209655
27941,4209835,167,4210002
27942,4210018,97,4210115
27943,4210164,6,4210170
27944,4210172,5,4210177
27945,4210540,140,4210680
27946,4210906,27,4210933
27947,4211015,32,4211047
27948,4211094,126,4211220
27949,4211283,160,4211443
27950,4211468,72,4211540
27951,4211561,4,4211565
27952,4211679,77,4211756
27953,4211807,4,4211811
27954,4211876,86,4211962
27955,4212014,126,4212140
27956,4212321,89,4212410
27957,4212480,82,4212562
27958,4212581,56,4212637
27959,4212783,3,4212786
27960,4212932,44,4212976
27961,4213010,3,4213013
27962,4213317,8,4213325
27963,4213367,239,4213606
27964,4213790,43,4213833
27965,4213941,37,4213978
27966,4214049,51,4214100
27967,4214202,27,4214229
27968,4214296,17,4214313
27969,4214333,12,4214345
27970,4214411,44,4214455
27971,4214566,6,4214572
27972,4214674,3,4214677
27973,4214693,4,4214697
27974,4214698,37,4214735
27975,4215057,80,4215137
27976,4215272,1,4215273
27977,4215372,58,4215430
27978,4215451,12,4215463
27979,4215567,20,4215587
27980,4215742,14,4215756
27981,4215925,34,4215959
27982,4216214,50,4216264
27983,4216332,11,4216343
27984,4216361,67,4216428
27985,4216442,71,4216513
27986,4216535,11,4216546
27987,4216552,5,4216557
27988,4216569,29,4216598
27989,4216619,105,4216724
27990,4216754,12,4216766
27991,4216800,15,4216815
27992,4217193,27,4217220
27993,4217331,8,4217339
27994,4217366,81,4217447
27995,4217472,6,4217478
27996,4217700,51,4217751
27997,4217760,11,4217771
27998,4217805,41,4217846
27999,4218095,8,4218103
28000,4218335,58,4218393
28001,4218454,23,4218477
28002,4218503,43,4218546
28003,4218611,135,4218746
28004,4218928,101,4219029
28005,4219158,27,4219185
28006,4219277,19,4219296
28007,4219311,21,4219332
28008,4219353,70,4219423
28009,4219794,3,4219797
28010,4219818,21,4219839
28011,4219887,212,4220099
28012,4220202,13,4220215
28013,4220332,79,4220411
28014,4220526,12,4220538
28015,4220611,54,4220665
28016,4220955,25,4220980
28017,4221129,146,4221275
28018,4221354,1,4221355
28019,4221467,44,4221511
28020,4221521,74,4221595
28021,4221721,18,4221739
28022,4221784,98,4221882
28023,4222036,7,4222043
28024,4222157,5,4222162
28025,4222221,6,4222227
28026,4222777,78,4222855
28027,4222884,136,4223020
28028,4223024,24,4223048
28029,4223160,53,4223213
28030,4223268,7,4223275
28031,4223335,38,4223373
28032,4223452,17,4223469
28033,4223479,36,4223515
28034,4223593,25,4223618
28035,4223671,17,4223688
28036,4223943,70,4224013
28037,4224038,14,4224052
28038,4224155,57,4224212
28039,4224345,93,4224438
28040,4224529,18,4224547
28041,4224563,176,4224739
28042,4224749,25,4224774
28043,4224888,37,4224925
28044,4224976,36,4225012
28045,4225097,9,4225106
28046,4225272,1,4225273
28047,4225412,20,4225432
28048,4225512,7,4225519
28049,4225766,36,4225802
28050,4225939,19,4225958
28051,4226484,71,4226555
28052,4226567,85,4226652
28053,4226697,13,4226710
28054,4226731,66,4226797
28055,4226844,120,4226964
28056,4227054,29,4227083
28057,4227084,45,4227129
28058,4227436,50,4227486
28059,4227636,63,4227699
28060,4227809,3,4227812
28061,4228035,62,4228097
28062,4228241,56,4228297
28063,4228478,5,4228483
28064,4228518,3,4228521
28065,4228649,12,4228661
28066,4228702,59,4228761
28067,4228776,55,4228831
28068,4228884,31,4228915
28069,4228982,47,4229029
28070,4229246,107,4229353
28071,4229444,37,4229481
28072,4229577,55,4229632
28073,4229711,67,4229778
28074,4229810,2,4229812
28075,4229816,11,4229827
28076,4229944,2,4229946
28077,4230263,11,4230274
28078,4230283,27,4230310
28079,4230343,2,4230345
28080,4230425,17,4230442
28081,4230479,5,4230484
28082,4230555,154,4230709
28083,4230745,107,4230852
28084,4230924,48,4230972
28085,4231099,14,4231113
28086,4231153,36,4231189
28087,4231312,71,4231383
28088,4231409,57,4231466
28089,4231498,8,4231506
28090,4231586,48,4231634
28091,4231783,41,4231824
28092,4231881,6,4231887
28093,4231924,56,4231980
28094,4232027,25,4232052
28095,4232082,109,4232191
28096,4232242,2,4232244
28097,4232310,26,4232336
28098,4232649,16,4232665
28099,4232720,38,4232758
28100,4232784,166,4232950
28101,4233173,79,4233252
28102,4233288,127,4233415
28103,4233453,8,4233461
28104,4233479,57,4233536
28105,4233548,137,4233685
28106,4233820,57,4233877
28107,4233998,5,4234003
28108,4234040,98,4234138
28109,4234158,20,4234178
28110,4234278,81,4234359
28111,4234448,35,4234483
28112,4234632,139,4234771
28113,4234775,34,4234809
28114,4234870,27,4234897
28115,4235103,3,4235106
28116,4235271,77,4235348
28117,4235614,1,4235615
28118,4235643,121,4235764
28119,4235801,38,4235839
28120,4235854,25,4235879
28121,4235891,49,4235940
28122,4235987,52,4236039
28123,4236193,19,4236212
28124,4236261,54,4236315
28125,4236418,180,4236598
28126,4236651,12,4236663
28127,4236815,9,4236824
28128,4236829,86,4236915
28129,4236949,29,4236978
28130,4237105,26,4237131
28131,4237181,66,4237247
28132,4237669,32,4237701
28133,4237715,46,4237761
28134,4237775,30,4237805
28135,4238098,42,4238140
28136,4238169,14,4238183
28137,4238278,20,4238298
28138,4238447,11,4238458
28139,4238460,43,4238503
28140,4238690,59,4238749
28141,4238884,56,4238940
28142,4238950,20,4238970
28143,4238980,10,4238990
28144,4239052,115,4239167
28145,4239171,31,4239202
28146,4239220,79,4239299
28147,4239363,120,4239483
28148,4239641,80,4239721
28149,4239752,68,4239820
28150,4239841,115,4239956
28151,4240125,39,4240164
28152,4240204,34,4240238
28153,4240248,15,4240263
28154,4240386,1,4240387
28155,4240392,140,4240532
28156,4240789,13,4240802
28157,4241000,16,4241016
28158,4241078,28,4241106
28159,4241133,73,4241206
28160,4241229,31,4241260
28161,4241385,11,4241396
28162,4241519,4,4241523
28163,4241566,12,4241578
28164,4241729,64,4241793
28165,4241819,47,4241866
28166,4241975,133,4242108
28167,4242183,149,4242332
28168,4242334,75,4242409
28169,4242878,5,4242883
28170,4242955,59,4243014
28171,4243077,5,4243082
28172,4243114,38,4243152
28173,4243387,141,4243528
28174,4243734,14,4243748
28175,4243808,70,4243878
28176,4243915,17,4243932
28177,4244148,102,4244250
28178,4244379,28,4244407
28179,4244480,1,4244481
28180,4244612,58,4244670
28181,4244756,26,4244782
28182,4244787,33,4244820
28183,4245105,1,4245106
28184,4245261,49,4245310
28185,4245353,23,4245376
28186,4245388,32,4245420
28187,4245466,122,4245588
28188,4246048,42,4246090
28189,4246100,12,4246112
28190,4246160,43,4246203
28191,4246311,28,4246339
28192,4246465,89,4246554
28193,4246835,116,4246951
28194,4247002,205,4247207
28195,4247515,22,4247537
28196,4247553,25,4247578
28197,4247600,7,4247607
28198,4247701,12,4247713
28199,4247737,38,4247775
28200,4247814,10,4247824
28201,4247836,1,4247837
28202,4248182,41,4248223
28203,4248361,41,4248402
28204,4248518,7,4248525
28205,4248657,134,4248791
28206,4248808,10,4248818
28207,4248827,47,4248874
28208,4248927,34,4248961
28209,4248989,78,4249067
28210,4249154,89,4249243
28211,4249320,57,4249377
28212,4249496,59,4249555
28213,4249588,55,4249643
28214,4250185,196,4250381
28215,4250439,34,4250473
28216,4250680,25,4250705
28217,4251070,26,4251096
28218,4251225,91,4251316
28219,4251389,36,4251425
28220,4251452,20,4251472
28221,4251725,106,4251831
28222,4251984,19,4252003
28223,4252073,23,4252096
28224,4252156,64,4252220
28225,4252343,35,4252378
28226,4252528,230,4252758
28227,4252959,13,4252972
28228,4253024,27,4253051
28229,4253328,97,4253425
28230,4253556,34,4253590
28231,4253934,47,4253981
28232,4254085,19,4254104
28233,4254154,93,4254247
28234,4254255,168,4254423
28235,4254844,6,4254850
28236,4254852,23,4254875
28237,4254990,47,4255037
28238,4255326,77,4255403
28239,4255509,24,4255533
28240,4255557,12,4255569
28241,4255621,2,4255623
28242,4255792,29,4255821
28243,4256016,5,4256021
28244,4256198,119,4256317
28245,4256349,35,4256384
28246,4256413,15,4256428
28247,4256541,53,4256594
28248,4256595,25,4256620
28249,4256647,103,4256750
28250,4256795,11,4256806
28251,4256972,149,4257121
28252,4257143,96,4257239
28253,4257390,12,4257402
28254,4257534,3,4257537
28255,4257570,47,4257617
28256,4257659,86,4257745
28257,4257782,43,4257825
28258,4257855,86,4257941
28259,4257978,121,4258099
28260,4258241,17,4258258
28261,4258266,89,4258355
28262,4258415,7,4258422
28263,4258438,3,4258441
28264,4258461,25,4258486
28265,4258511,45,4258556
28266,4258732,61,4258793
28267,4258821,19,4258840
28268,4258937,106,4259043
28269,4259080,86,4259166
28270,4259227,13,4259240
28271,4259257,12,4259269
28272,4259291,6,4259297
28273,4259335,59,4259394
28274,4259490,5,4259495
28275,4259565,4,4259569
28276,4259828,136,4259964
28277,4260045,67,4260112
28278,4260295,20,4260315
28279,4260515,24,4260539
28280,4260582,61,4260643
28281,4260747,74,4260821
28282,4260825,3,4260828
28283,4261005,73,4261078
28284,4261207,18,4261225
28285,4261362,29,4261391
28286,4261446,35,4261481
28287,4261619,78,4261697
28288,4262337,151,4262488
28289,4262588,41,4262629
28290,4262738,48,4262786
28291,4262801,41,4262842
28292,4263077,10,4263087
28293,4263111,231,4263342
28294,4263353,72,4263425
28295,4263627,12,4263639
28296,4263651,103,4263754
28297,4263924,155,4264079
28298,4264730,1,4264731
28299,4264763,18,4264781
28300,4264884,120,4265004
28301,4265006,73,4265079
28302,4265094,30,4265124
28303,4265168,32,4265200
28304,4265295,31,4265326
28305,4265738,109,4265847
28306,4265885,29,4265914
28307,4265947,56,4266003
28308,4266157,22,4266179
28309,4266342,25,4266367
28310,4266401,1,4266402
28311,4266406,75,4266481
28312,4266525,106,4266631
28313,4266717,10,4266727
28314,4266814,67,4266881
28315,4266916,11,4266927
28316,4267030,11,4267041
28317,4267094,21,4267115
28318,4267155,154,4267309
28319,4267312,150,4267462
28320,4267656,30,4267686
28321,4267754,35,4267789
28322,4267812,13,4267825
28323,4267878,51,4267929
28324,4268018,24,4268042
28325,4268231,19,4268250
28326,4268303,12,4268315
28327,4268393,64,4268457
28328,4268540,98,4268638
28329,4268741,35,4268776
28330,4268815,45,4268860
28331,4269040,44,4269084
28332,4269143,33,4269176
28333,4269329,16,4269345
28334,4269387,5,4269392
28335,4269528,38,4269566
28336,4269640,233,4269873
28337,4269897,26,4269923
28338,4270131,6,4270137
28339,4270194,73,4270267
28340,4270299,172,4270471
28341,4270544,10,4270554
28342,4270572,87,4270659
28343,4270889,20,4270909
28344,4270994,123,4271117
28345,4271131,46,4271177
28346,4271188,64,4271252
28347,4271291,14,4271305
28348,4271429,26,4271455
28349,4271572,15,4271587
28350,4271677,68,4271745
28351,4271827,72,4271899
28352,4271984,22,4272006
28353,4272051,1,4272052
28354,4272155,59,4272214
28355,4272237,5,4272242
28356,4272246,34,4272280
28357,4272450,25,4272475
28358,4272765,93,4272858
28359,4273100,33,4273133
28360,4273164,65,4273229
28361,4273429,11,4273440
28362,4273563,35,4273598
28363,4273645,217,4273862
28364,4273935,32,4273967
28365,4273992,14,4274006
28366,4274063,35,4274098
28367,4274142,16,4274158
28368,4274165,12,4274177
28369,4274184,8,4274192
28370,4274212,76,4274288
28371,4274591,52,4274643
28372,4274681,13,4274694
28373,4274699,28,4274727
28374,4274830,8,4274838
28375,4274894,8,4274902
28376,4274927,13,4274940
28377,4274961,74,4275035
28378,4275262,128,4275390
28379,4275569,41,4275610
28380,4275649,55,4275704
28381,4275722,138,4275860
28382,4275875,112,4275987
28383,4276051,33,4276084
28384,4276136,29,4276165
28385,4276222,46,4276268
28386,4276307,56,4276363
28387,4276377,25,4276402
28388,4276429,76,4276505
28389,4276587,43,4276630
28390,4276710,3,4276713
28391,4276798,76,4276874
28392,4276907,50,4276957
28393,4276989,86,4277075
28394,4277154,52,4277206
28395,4277255,89,4277344
28396,4277490,24,4277514
28397,4277587,9,4277596
28398,4277604,162,4277766
28399,4277875,47,4277922
28400,4278155,192,4278347
28401,4278399,21,4278420
28402,4278462,23,4278485
28403,4278563,61,4278624
28404,4278729,121,4278850
28405,4278954,77,4279031
28406,4279230,140,4279370
28407,4279375,63,4279438
28408,4279493,28,4279521
28409,4279547,85,4279632
28410,4279745,56,4279801
28411,4279802,6,4279808
28412,4280133,21,4280154
28413,4280164,20,4280184
28414,4280254,16,4280270
28415,4280288,67,4280355
28416,4280447,53,4280500
28417,4280521,16,4280537
28418,4280540,12,4280552
28419,4280715,71,4280786
28420,4280869,46,4280915
28421,4281154,60,4281214
28422,4281367,41,4281408
28423,4281415,72,4281487
28424,4281595,48,4281643
28425,4281671,19,4281690
28426,4281732,18,4281750
28427,4281756,33,4281789
28428,4281820,120,4281940
28429,4282023,1,4282024
28430,4282121,31,4282152
28431,4282280,34,4282314
28432,4282351,17,4282368
28433,4282390,17,4282407
28434,4282672,25,4282697
28435,4282857,47,4282904
28436,4283015,192,4283207
28437,4283313,4,4283317
28438,4283353,34,4283387
28439,4283400,17,4283417
28440,4283528,44,4283572
28441,4283645,6,4283651
28442,4283669,38,4283707
28443,4283754,29,4283783
28444,4283805,109,4283914
28445,4284081,22,4284103
28446,4284116,126,4284242
28447,4284293,39,4284332
28448,4284378,13,4284391
28449,4284602,78,4284680
28450,4284773,15,4284788
28451,4284948,24,4284972
28452,4285000,34,4285034
28453,4285190,77,4285267
28454,4285276,36,4285312
28455,4285430,10,4285440
28456,4285471,132,4285603
28457,4285763,28,4285791
28458,4285903,30,4285933
28459,4285964,3,4285967
28460,4286098,4,4286102
28461,4286159,10,4286169
28462,4286209,73,4286282
28463,4286334,154,4286488
28464,4286792,77,4286869
28465,4286946,21,4286967
28466,4287133,15,4287148
28467,4287247,2,4287249
28468,4287321,40,4287361
28469,4287429,7,4287436
28470,4287520,26,4287546
28471,4287616,34,4287650
28472,4287828,32,4287860
28473,4287921,66,4287987
28474,4288065,8,4288073
28475,4288093,11,4288104
28476,4288206,183,4288389
28477,4288463,89,4288552
28478,4288633,57,4288690
28479,4288729,77,4288806
28480,4289058,66,4289124
28481,4289243,56,4289299
28482,4289305,1,4289306
28483,4289322,119,4289441
28484,4289523,23,4289546
28485,4289603,60,4289663
28486,4289702,13,4289715
28487,4289717,37,4289754
28488,4289774,185,4289959
28489,4290175,40,4290215
28490,4290317,4,4290321
28491,4290344,141,4290485
28492,4290519,89,4290608
28493,4290627,34,4290661
28494,4290915,62,4290977
28495,4291010,44,4291054
28496,4291160,27,4291187
28497,4291410,135,4291545
28498,4291590,82,4291672
28499,4291682,1,4291683
28500,4291697,12,4291709
28501,4291751,16,4291767
28502,4291916,73,4291989
28503,4292038,11,4292049
28504,4292064,260,4292324
28505,4292407,64,4292471
28506,4292491,17,4292508
28507,4292598,5,4292603
28508,4292630,107,4292737
28509,4292774,48,4292822
28510,4292850,5,4292855
28511,4292898,149,4293047
28512,4293345,22,4293367
28513,4293400,57,4293457
28514,4293519,59,4293578
28515,4293633,14,4293647
28516,4293713,70,4293783
28517,4293799,194,4293993
28518,4294063,108,4294171
28519,4294185,55,4294240
28520,4294306,34,4294340
28521,4294495,28,4294523
28522,4294570,165,4294735
28523,4294785,52,4294837
28524,4295079,10,4295089
28525,4295125,9,4295134
28526,4295226,19,4295245
28527,4295347,6,4295353
28528,4295369,21,4295390
28529,4295454,49,4295503
28530,4295559,12,4295571
28531,4295640,178,4295818
28532,4296333,15,4296348
28533,4296350,81,4296431
28534,4296501,8,4296509
28535,4296751,55,4296806
28536,4296818,62,4296880
28537,4297027,16,4297043
28538,4297075,98,4297173
28539,4297198,24,4297222
28540,4297228,51,4297279
28541,4297345,24,4297369
28542,4297664,21,4297685
28543,4297706,71,4297777
28544,4297890,22,4297912
28545,4297964,9,4297973
28546,4297992,36,4298028
28547,4298156,72,4298228
28548,4298287,31,4298318
28549,4298402,50,4298452
28550,4298621,19,4298640
28551,4298667,1,4298668
28552,4298824,7,4298831
28553,4298869,13,4298882
28554,4299006,26,4299032
28555,4299226,4,4299230
28556,4299363,34,4299397
28557,4299399,85,4299484
28558,4299496,37,4299533
28559,4299653,32,4299685
28560,4299928,29,4299957
28561,4300191,14,4300205
28562,4300248,55,4300303
28563,4300329,6,4300335
28564,4300494,2,4300496
28565,4300510,6,4300516
28566,4300549,54,4300603
28567,4300689,176,4300865
28568,4300888,227,4301115
28569,4301258,53,4301311
28570,4301330,32,4301362
28571,4301448,213,4301661
28572,4301740,48,4301788
28573,4301816,37,4301853
28574,4301985,31,4302016
28575,4302148,31,4302179
28576,4302269,17,4302286
28577,4302352,5,4302357
28578,4302402,55,4302457
28579,4302594,20,4302614
28580,4302646,42,4302688
28581,4302707,216,4302923
28582,4302948,4,4302952
28583,4302972,85,4303057
28584,4303075,3,4303078
28585,4303102,13,4303115
28586,4303264,4,4303268
28587,4303386,15,4303401
28588,4303406,72,4303478
28589,4303493,41,4303534
28590,4303653,32,4303685
28591,4303691,63,4303754
28592,4303873,15,4303888
28593,4303923,28,4303951
28594,4303972,36,4304008
28595,4304027,60,4304087
28596,4304159,63,4304222
28597,4304231,2,4304233
28598,4304273,64,4304337
28599,4304371,48,4304419
28600,4304436,88,4304524
28601,4304689,95,4304784
28602,4304788,10,4304798
28603,4304821,15,4304836
28604,4304935,78,4305013
28605,4305043,68,4305111
28606,4305249,21,4305270
28607,4305373,12,4305385
28608,4305488,28,4305516
28609,4305523,27,4305550
28610,4305609,24,4305633
28611,4305691,19,4305710
28612,4305729,11,4305740
28613,4305758,38,4305796
28614,4305842,44,4305886
28615,4306053,81,4306134
28616,4306199,17,4306216
28617,4306218,13,4306231
28618,4306256,3,4306259
28619,4306275,49,4306324
28620,4306385,17,4306402
28621,4306603,44,4306647
28622,4306673,9,4306682
28623,4306751,62,4306813
28624,4307117,130,4307247
28625,4307317,8,4307325
28626,4307441,10,4307451
28627,4307658,12,4307670
28628,4307836,49,4307885
28629,4308072,22,4308094
28630,4308159,19,4308178
28631,4308293,96,4308389
28632,4308393,24,4308417
28633,4308741,6,4308747
28634,4308808,14,4308822
28635,4308856,193,4309049
28636,4309158,12,4309170
28637,4309205,125,4309330
28638,4309360,72,4309432
28639,4309439,35,4309474
28640,4309488,88,4309576
28641,4309602,59,4309661
28642,4309663,6,4309669
28643,4309912,23,4309935
28644,4310013,10,4310023
28645,4310071,53,4310124
28646,4310177,2,4310179
28647,4310337,5,4310342
28648,4310620,9,4310629
28649,4310662,57,4310719
28650,4310732,67,4310799
28651,4310883,93,4310976
28652,4310986,85,4311071
28653,4311259,29,4311288
28654,4311330,40,4311370
28655,4311380,8,4311388
28656,4311391,16,4311407
28657,4311412,23,4311435
28658,4311573,37,4311610
28659,4311716,154,4311870
28660,4312332,23,4312355
28661,4312361,168,4312529
28662,4312663,17,4312680
28663,4312693,95,4312788
28664,4313002,13,4313015
28665,4313017,8,4313025
28666,4313414,62,4313476
28667,4313934,4,4313938
28668,4314198,166,4314364
28669,4314480,67,4314547
28670,4314738,55,4314793
28671,4315115,35,4315150
28672,4315157,8,4315165
28673,4315192,4,4315196
28674,4315361,61,4315422
28675,4315494,16,4315510
28676,4315513,14,4315527
28677,4315539,42,4315581
28678,4315721,9,4315730
28679,4315975,4,4315979
28680,4315986,8,4315994
28681,4316346,53,4316399
28682,4316498,72,4316570
28683,4316643,52,4316695
28684,4316906,58,4316964
28685,4317142,41,4317183
28686,4317358,76,4317434
28687,4317465,64,4317529
28688,4317568,36,4317604
28689,4317656,21,4317677
28690,4317687,40,4317727
28691,4317849,17,4317866
28692,4317908,23,4317931
28693,4317986,14,4318000
28694,4318151,10,4318161
28695,4318313,184,4318497
28696,4318601,37,4318638
28697,4318709,40,4318749
28698,4318759,111,4318870
28699,4318887,25,4318912
28700,4319044,219,4319263
28701,4319338,54,4319392
28702,4319525,16,4319541
28703,4319774,185,4319959
28704,4320084,88,4320172
28705,4320299,13,4320312
28706,4320365,42,4320407
28707,4320417,80,4320497
28708,4320568,32,4320600
28709,4320672,111,4320783
28710,4320821,20,4320841
28711,4320889,6,4320895
28712,4320928,39,4320967
28713,4321056,34,4321090
28714,4321119,193,4321312
28715,4321339,83,4321422
28716,4321459,3,4321462
28717,4321595,12,4321607
28718,4321648,1,4321649
28719,4321706,70,4321776
28720,4321987,19,4322006
28721,4322017,5,4322022
28722,4322085,7,4322092
28723,4322109,8,4322117
28724,4322189,4,4322193
28725,4322249,39,4322288
28726,4322716,16,4322732
28727,4322736,57,4322793
28728,4322869,7,4322876
28729,4322885,1,4322886
28730,4322908,121,4323029
28731,4323274,5,4323279
28732,4323460,27,4323487
28733,4323650,65,4323715
28734,4323769,68,4323837
28735,4324023,23,4324046
28736,4324107,49,4324156
28737,4324206,3,4324209
28738,4324233,28,4324261
28739,4324277,141,4324418
28740,4324537,63,4324600
28741,4324784,27,4324811
28742,4324890,48,4324938
28743,4324959,27,4324986
28744,4325085,36,4325121
28745,4325219,59,4325278
28746,4325314,17,4325331
28747,4325380,31,4325411
28748,4325414,17,4325431
28749,4325465,4,4325469
28750,4325551,9,4325560
28751,4325562,171,4325733
28752,4325775,60,4325835
28753,4325986,125,4326111
28754,4326276,64,4326340
28755,4326448,40,4326488
28756,4326534,164,4326698
28757,4326979,17,4326996
28758,4327020,29,4327049
28759,4327081,19,4327100
28760,4327180,7,4327187
28761,4327322,124,4327446
28762,4327593,112,4327705
28763,4327853,119,4327972
28764,4328263,5,4328268
28765,4328289,1,4328290
28766,4328345,23,4328368
28767,4328637,136,4328773
28768,4328822,77,4328899
28769,4328932,105,4329037
28770,4329144,7,4329151
28771,4329287,127,4329414
28772,4329601,4,4329605
28773,4329683,25,4329708
28774,4329796,5,4329801
28775,4329900,140,4330040
28776,4330071,45,4330116
28777,4330157,115,4330272
28778,4330286,5,4330291
28779,4330332,13,4330345
28780,4330364,52,4330416
28781,4330497,26,4330523
28782,4330544,21,4330565
28783,4330855,7,4330862
28784,4330959,6,4330965
28785,4331023,6,4331029
28786,4331159,6,4331165
28787,4331665,134,4331799
28788,4331986,20,4332006
28789,4332022,55,4332077
28790,4332134,34,4332168
28791,4332182,9,4332191
28792,4332242,12,4332254
28793,4332316,22,4332338
28794,4332354,11,4332365
28795,4332401,37,4332438
28796,4332591,6,4332597
28797,4332635,19,4332654
28798,4332669,46,4332715
28799,4332778,98,4332876
28800,4332944,18,4332962
28801,4333170,47,4333217
28802,4333380,87,4333467
28803,4333492,21,4333513
28804,4333543,100,4333643
28805,4333704,9,4333713
28806,4334326,44,4334370
28807,4334545,126,4334671
28808,4334851,325,4335176
28809,4335223,35,4335258
28810,4335284,16,4335300
28811,4335340,42,4335382
28812,4335426,34,4335460
28813,4335786,113,4335899
28814,4335966,25,4335991
28815,4336036,4,4336040
28816,4336077,42,4336119
28817,4336465,34,4336499
28818,4336554,47,4336601
28819,4336710,47,4336757
28820,4336851,78,4336929
28821,4336948,100,4337048
28822,4337210,70,4337280
28823,4337451,179,4337630
28824,4337786,39,4337825
28825,4337863,164,4338027
28826,4338033,132,4338165
28827,4338225,33,4338258
28828,4338264,97,4338361
28829,4338668,154,4338822
28830,4338935,31,4338966
28831,4339012,96,4339108
28832,4339150,78,4339228
28833,4339387,70,4339457
28834,4339618,120,4339738
28835,4339794,47,4339841
28836,4340005,133,4340138
28837,4340152,37,4340189
28838,4340363,38,4340401
28839,4340476,41,4340517
28840,4340539,57,4340596
28841,4340617,31,4340648
28842,4340806,30,4340836
28843,4341028,6,4341034
28844,4341043,99,4341142
28845,4341195,204,4341399
28846,4341480,2,4341482
28847,4341635,14,4341649
28848,4341658,15,4341673
28849,4341776,21,4341797
28850,4341855,80,4341935
28851,4342151,43,4342194
28852,4342227,53,4342280
28853,4342488,8,4342496
28854,4342635,7,4342642
28855,4342832,15,4342847
28856,4342873,8,4342881
28857,4342992,17,4343009
28858,4343123,63,4343186
28859,4343245,7,4343252
28860,4343355,132,4343487
28861,4343549,13,4343562
28862,4343599,5,4343604
28863,4343666,34,4343700
28864,4343914,23,4343937
28865,4343938,71,4344009
28866,4344044,7,4344051
28867,4344075,2,4344077
28868,4344100,17,4344117
28869,4344340,56,4344396
28870,4344819,1,4344820
28871,4344853,58,4344911
28872,4345022,13,4345035
28873,4345084,17,4345101
28874,4345157,117,4345274
28875,4345359,22,4345381
28876,4345573,34,4345607
28877,4345748,32,4345780
28878,4345867,36,4345903
28879,4346009,94,4346103
28880,4346118,29,4346147
28881,4346151,5,4346156
28882,4346979,28,4347007
28883,4347158,2,4347160
28884,4347266,101,4347367
28885,4347487,46,4347533
28886,4347577,19,4347596
28887,4347603,48,4347651
28888,4347709,49,4347758
28889,4347864,92,4347956
28890,4347996,113,4348109
28891,4348172,56,4348228
28892,4348591,46,4348637
28893,4348645,6,4348651
28894,4348699,54,4348753
28895,4348799,31,4348830
28896,4348945,20,4348965
28897,4349195,123,4349318
28898,4349389,12,4349401
28899,4349417,11,4349428
28900,4349596,28,4349624
28901,4349785,92,4349877
28902,4350256,64,4350320
28903,4350331,32,4350363
28904,4350431,38,4350469
28905,4350523,66,4350589
28906,4350664,3,4350667
28907,4350730,22,4350752
28908,4350808,7,4350815
28909,4351111,59,4351170
28910,4351250,10,4351260
28911,4351352,18,4351370
28912,4351445,65,4351510
28913,4351600,74,4351674
28914,4351803,30,4351833
28915,4351849,42,4351891
28916,4352337,3,4352340
28917,4352567,34,4352601
28918,4352602,71,4352673
28919,4352691,31,4352722
28920,4352793,17,4352810
28921,4352988,9,4352997
28922,4353036,18,4353054
28923,4353109,19,4353128
28924,4353287,15,4353302
28925,4353350,5,4353355
28926,4353373,3,4353376
28927,4353417,28,4353445
28928,4353527,77,4353604
28929,4353826,9,4353835
28930,4353867,78,4353945
28931,4354060,94,4354154
28932,4354170,34,4354204
28933,4354432,25,4354457
28934,4354547,2,4354549
28935,4354609,1,4354610
28936,4354899,42,4354941
28937,4354970,21,4354991
28938,4355125,110,4355235
28939,4355360,35,4355395
28940,4355413,16,4355429
28941,4355616,7,4355623
28942,4355625,14,4355639
28943,4355641,18,4355659
28944,4355852,26,4355878
28945,4355903,29,4355932
28946,4355940,98,4356038
28947,4356087,9,4356096
28948,4356369,93,4356462
28949,4356642,57,4356699
28950,4356867,21,4356888
28951,4356920,19,4356939
28952,4357060,93,4357153
28953,4357205,63,4357268
28954,4357414,148,4357562
28955,4357587,43,4357630
28956,4357887,78,4357965
28957,4358064,100,4358164
28958,4358194,3,4358197
28959,4358346,116,4358462
28960,4358468,29,4358497
28961,4358532,55,4358587
28962,4358919,12,4358931
28963,4358982,4,4358986
28964,4359018,4,4359022
28965,4359054,1,4359055
28966,4359060,26,4359086
28967,4359091,53,4359144
28968,4359195,14,4359209
28969,4359441,30,4359471
28970,4359611,2,4359613
28971,4359617,7,4359624
28972,4360017,102,4360119
28973,4360175,69,4360244
28974,4360256,52,4360308
28975,4360331,13,4360344
28976,4360437,73,4360510
28977,4360520,65,4360585
28978,4360676,37,4360713
28979,4360880,68,4360948
28980,4360957,110,4361067
28981,4361109,22,4361131
28982,4361286,28,4361314
28983,4361455,69,4361524
28984,4361543,71,4361614
28985,4361632,128,4361760
28986,4361813,62,4361875
28987,4361925,14,4361939
28988,4362122,65,4362187
28989,4362287,55,4362342
28990,4362436,12,4362448
28991,4362461,74,4362535
28992,4362696,116,4362812
28993,4363092,46,4363138
28994,4363315,91,4363406
28995,4363443,29,4363472
28996,4363519,115,4363634
28997,4363666,14,4363680
28998,4363872,27,4363899
28999,4364076,69,4364145
29000,4364290,59,4364349
29001,4364451,120,4364571
29002,4364603,23,4364626
29003,4364698,156,4364854
29004,4364880,19,4364899
29005,4364939,50,4364989
29006,4364997,44,4365041
29007,4365271,71,4365342
29008,4365380,68,4365448
29009,4365784,118,4365902
29010,4366002,51,4366053
29011,4366241,15,4366256
29012,4366658,111,4366769
29013,4366819,2,4366821
29014,4366831,62,4366893
29015,4366962,21,4366983
29016,4366999,47,4367046
29017,4367126,14,4367140
29018,4367307,5,4367312
29019,4367337,12,4367349
29020,4367420,4,4367424
29021,4367669,18,4367687
29022,4367697,102,4367799
29023,4367816,72,4367888
29024,4368065,63,4368128
29025,4368266,6,4368272
29026,4368322,48,4368370
29027,4368407,6,4368413
29028,4368487,151,4368638
29029,4368658,4,4368662
29030,4368839,59,4368898
29031,4369180,9,4369189
29032,4369254,5,4369259
29033,4369423,23,4369446
29034,4369564,38,4369602
29035,4369733,31,4369764
29036,4369776,86,4369862
29037,4369879,103,4369982
29038,4369988,3,4369991
29039,4370090,1,4370091
29040,4370208,10,4370218
29041,4370335,4,4370339
29042,4370390,64,4370454
29043,4370816,5,4370821
29044,4370876,89,4370965
29045,4370986,1,4370987
29046,4371038,130,4371168
29047,4371181,30,4371211
29048,4371212,7,4371219
29049,4371233,55,4371288
29050,4371340,199,4371539
29051,4371625,11,4371636
29052,4371736,90,4371826
29053,4371869,192,4372061
29054,4372118,38,4372156
29055,4372171,22,4372193
29056,4372203,40,4372243
29057,4372244,27,4372271
29058,4372309,21,4372330
29059,4372450,62,4372512
29060,4372581,86,4372667
29061,4372726,12,4372738
29062,4372754,137,4372891
29063,4372994,9,4373003
29064,4373117,4,4373121
29065,4373272,129,4373401
29066,4373432,1,4373433
29067,4373902,33,4373935
29068,4373957,1,4373958
29069,4374115,30,4374145
29070,4374224,23,4374247
29071,4374263,4,4374267
29072,4374268,71,4374339
29073,4374343,14,4374357
29074,4374386,34,4374420
29075,4374534,7,4374541
29076,4374548,65,4374613
29077,4374692,122,4374814
29078,4374832,40,4374872
29079,4375031,15,4375046
29080,4375086,11,4375097
29081,4375107,77,4375184
29082,4375504,49,4375553
29083,4375556,32,4375588
29084,4375752,44,4375796
29085,4375805,9,4375814
29086,4375836,16,4375852
29087,4375936,86,4376022
29088,4376025,74,4376099
29089,4376246,73,4376319
29090,4376652,35,4376687
29091,4376702,17,4376719
29092,4376800,1,4376801
29093,4376803,107,4376910
29094,4376974,119,4377093
29095,4377134,80,4377214
29096,4377221,135,4377356
29097,4377359,22,4377381
29098,4377412,47,4377459
29099,4377521,31,4377552
29100,4377567,45,4377612
29101,4377808,7,4377815
29102,4378016,28,4378044
29103,4378187,87,4378274
29104,4378310,46,4378356
29105,4378454,35,4378489
29106,4378513,4,4378517
29107,4378704,101,4378805
29108,4378867,144,4379011
29109,4379232,39,4379271
29110,4379317,10,4379327
29111,4379337,79,4379416
29112,4379501,69,4379570
29113,4379659,28,4379687
29114,4379837,8,4379845
29115,4379885,19,4379904
29116,4380035,50,4380085
29117,4380088,91,4380179
29118,4380231,129,4380360
29119,4380462,102,4380564
29120,4380570,104,4380674
29121,4380844,24,4380868
29122,4380983,85,4381068
29123,4381125,36,4381161
29124,4381175,12,4381187
29125,4381279,13,4381292
29126,4381369,18,4381387
29127,4381425,30,4381455
29128,4381522,34,4381556
29129,4381642,26,4381668
29130,4381863,66,4381929
29131,4382015,46,4382061
29132,4382281,5,4382286
29133,4382330,59,4382389
29134,4382522,29,4382551
29135,4382654,51,4382705
29136,4382754,5,4382759
29137,4382899,38,4382937
29138,4382978,66,4383044
29139,4383078,55,4383133
29140,4383274,9,4383283
29141,4383336,87,4383423
29142,4383739,57,4383796
29143,4383801,84,4383885
29144,4384297,117,4384414
29145,4384566,21,4384587
29146,4384685,67,4384752
29147,4384832,65,4384897
29148,4385078,24,4385102
29149,4385413,34,4385447
29150,4385582,93,4385675
29151,4385778,5,4385783
29152,4386025,36,4386061
29153,4386150,33,4386183
29154,4386292,13,4386305
29155,4386347,47,4386394
29156,4386430,38,4386468
29157,4386692,2,4386694
29158,4386861,12,4386873
29159,4386896,110,4387006
29160,4387122,115,4387237
29161,4387300,20,4387320
29162,4387338,15,4387353
29163,4387385,50,4387435
29164,4387582,5,4387587
29165,4387602,52,4387654
29166,4387818,1,4387819
29167,4387824,23,4387847
29168,4388191,97,4388288
29169,4388347,372,4388719
29170,4389056,18,4389074
29171,4389444,92,4389536
29172,4389540,42,4389582
29173,4389627,27,4389654
29174,4389727,95,4389822
29175,4389914,76,4389990
29176,4389998,25,4390023
29177,4390086,74,4390160
29178,4390194,47,4390241
29179,4390242,3,4390245
29180,4390403,34,4390437
29181,4390601,6,4390607
29182,4390629,3,4390632
29183,4390838,147,4390985
29184,4391014,10,4391024
29185,4391283,32,4391315
29186,4391562,4,4391566
29187,4391783,137,4391920
29188,4392010,27,4392037
29189,4392359,66,4392425
29190,4392500,26,4392526
29191,4392594,16,4392610
29192,4392908,20,4392928
29193,4393129,25,4393154
29194,4393211,55,4393266
29195,4393351,38,4393389
29196,4393397,107,4393504
29197,4393695,41,4393736
29198,4393823,89,4393912
29199,4393919,37,4393956
29200,4394140,82,4394222
29201,4394458,133,4394591
29202,4394619,20,4394639
29203,4394700,15,4394715
29204,4394723,1,4394724
29205,4394870,86,4394956
29206,4395136,112,4395248
29207,4395395,38,4395433
29208,4395543,73,4395616
29209,4395811,21,4395832
29210,4395896,2,4395898
29211,4396101,38,4396139
29212,4396315,73,4396388
29213,4396509,5,4396514
29214,4396585,15,4396600
29215,4396614,3,4396617
29216,4396626,60,4396686
29217,4396736,10,4396746
29218,4396950,84,4397034
29219,4397215,8,4397223
29220,4397548,15,4397563
29221,4397639,52,4397691
29222,4397851,51,4397902
29223,4397942,1,4397943
29224,4397989,35,4398024
29225,4398041,3,4398044
29226,4398389,13,4398402
29227,4398463,29,4398492
29228,4398591,27,4398618
29229,4398691,94,4398785
29230,4399346,119,4399465
29231,4399512,206,4399718
29232,4399823,5,4399828
29233,4399830,143,4399973
29234,4400003,67,4400070
29235,4400076,38,4400114
29236,4400132,25,4400157
29237,4400233,14,4400247
29238,4400490,162,4400652
29239,4400841,8,4400849
29240,4400871,33,4400904
29241,4400951,9,4400960
29242,4401097,265,4401362
29243,4401433,35,4401468
29244,4401494,39,4401533
29245,4401622,167,4401789
29246,4401866,15,4401881
29247,4401908,1,4401909
29248,4401928,185,4402113
29249,4402133,84,4402217
29250,4402254,1,4402255
29251,4402289,28,4402317
29252,4402372,19,4402391
29253,4402455,21,4402476
29254,4402530,24,4402554
29255,4402575,25,4402600
29256,4402670,156,4402826
29257,4403015,49,4403064
29258,4403082,4,4403086
29259,4403115,90,4403205
29260,4403207,36,4403243
29261,4403288,23,4403311
29262,4403312,42,4403354
29263,4403417,107,4403524
29264,4403578,120,4403698
29265,4403774,54,4403828
29266,4403839,3,4403842
29267,4403882,14,4403896
29268,4404063,21,4404084
29269,4404205,26,4404231
29270,4404275,19,4404294
29271,4404526,17,4404543
29272,4404567,39,4404606
29273,4404618,9,4404627
29274,4404678,27,4404705
29275,4404725,135,4404860
29276,4404873,31,4404904
29277,4405060,48,4405108
29278,4405195,62,4405257
29279,4405463,113,4405576
29280,4405613,17,4405630
29281,4405659,61,4405720
29282,4405857,63,4405920
29283,4406181,4,4406185
29284,4406248,112,4406360
29285,4406409,12,4406421
29286,4406550,153,4406703
29287,4406803,42,4406845
29288,4406856,55,4406911
29289,4407097,10,4407107
29290,4407203,35,4407238
29291,4407277,17,4407294
29292,4407300,16,4407316
29293,4407818,86,4407904
29294,4408078,24,4408102
29295,4408278,85,4408363
29296,4408384,44,4408428
29297,4408452,193,4408645
29298,4408650,99,4408749
29299,4408935,6,4408941
29300,4408983,2,4408985
29301,4409049,38,4409087
29302,4409203,21,4409224
29303,4409267,33,4409300
29304,4409516,27,4409543
29305,4409597,79,4409676
29306,4409779,8,4409787
29307,4410139,20,4410159
29308,4410160,63,4410223
29309,4410293,99,4410392
29310,4410502,39,4410541
29311,4410651,13,4410664
29312,4410755,5,4410760
29313,4410890,40,4410930
29314,4410979,18,4410997
29315,4410999,111,4411110
29316,4411298,9,4411307
29317,4411441,77,4411518
29318,4411705,68,4411773
29319,4411824,2,4411826
29320,4411898,33,4411931
29321,4412194,46,4412240
29322,4412433,44,4412477
29323,4412631,191,4412822
29324,4413022,29,4413051
29325,4413120,6,4413126
29326,4413259,124,4413383
29327,4413593,46,4413639
29328,4413685,215,4413900
29329,4414041,9,4414050
29330,4414052,175,4414227
29331,4414278,117,4414395
29332,4414615,36,4414651
29333,4414741,13,4414754
29334,4414760,41,4414801
29335,4414816,46,4414862
29336,4414963,44,4415007
29337,4415282,36,4415318
29338,4415366,1,4415367
29339,4415601,7,4415608
29340,4415758,26,4415784
29341,4415799,50,4415849
29342,4415876,35,4415911
29343,4415995,14,4416009
29344,4416011,45,4416056
29345,4416111,4,4416115
29346,4416237,83,4416320
29347,4416363,18,4416381
29348,4416393,35,4416428
29349,4416589,27,4416616
29350,4416620,90,4416710
29351,4416727,1,4416728
29352,4416740,18,4416758
29353,4416870,27,4416897
29354,4417075,65,4417140
29355,4417246,8,4417254
29356,4417273,123,4417396
29357,4417414,30,4417444
29358,4417503,8,4417511
29359,4417646,20,4417666
29360,4417876,1,4417877
29361,4418007,12,4418019
29362,4418240,121,4418361
29363,4418386,32,4418418
29364,4418537,25,4418562
29365,4418582,25,4418607
29366,4418924,37,4418961
29367,4419003,78,4419081
29368,4419141,86,4419227
29369,4419335,10,4419345
29370,4419533,2,4419535
29371,4419619,103,4419722
29372,4419792,21,4419813
29373,4419829,66,4419895
29374,4419917,44,4419961
29375,4420097,17,4420114
29376,4420161,91,4420252
29377,4420272,19,4420291
29378,4420351,2,4420353
29379,4420818,11,4420829
29380,4420931,147,4421078
29381,4421136,134,4421270
29382,4421282,1,4421283
29383,4421321,7,4421328
29384,4421377,101,4421478
29385,4421539,155,4421694
29386,4421994,1,4421995
29387,4422117,3,4422120
29388,4422164,14,4422178
29389,4422552,60,4422612
29390,4422652,43,4422695
29391,4422802,139,4422941
29392,4423036,10,4423046
29393,4423082,93,4423175
29394,4423312,17,4423329
29395,4423334,23,4423357
29396,4423515,121,4423636
29397,4423737,33,4423770
29398,4423793,19,4423812
29399,4423870,63,4423933
29400,4423969,74,4424043
29401,4424231,32,4424263
29402,4424335,79,4424414
29403,4424450,7,4424457
29404,4424492,27,4424519
29405,4424734,53,4424787
29406,4424797,26,4424823
29407,4424856,39,4424895
29408,4424990,66,4425056
29409,4425204,36,4425240
29410,4425257,6,4425263
29411,4425284,56,4425340
29412,4425649,47,4425696
29413,4425954,176,4426130
29414,4426197,67,4426264
29415,4426313,58,4426371
29416,4426401,145,4426546
29417,4426792,7,4426799
29418,4426982,15,4426997
29419,4427115,53,4427168
29420,4427170,20,4427190
29421,4427228,41,4427269
29422,4427364,26,4427390
29423,4427457,87,4427544
29424,4427621,22,4427643
29425,4427781,3,4427784
29426,4427959,31,4427990
29427,4428072,40,4428112
29428,4428185,4,4428189
29429,4428216,12,4428228
29430,4428344,54,4428398
29431,4428479,54,4428533
29432,4428552,39,4428591
29433,4428818,14,4428832
29434,4429029,45,4429074
29435,4429382,141,4429523
29436,4429676,59,4429735
29437,4429789,108,4429897
29438,4429914,5,4429919
29439,4430067,7,4430074
29440,4430165,61,4430226
29441,4430291,100,4430391
29442,4430792,178,4430970
29443,4431119,38,4431157
29444,4431233,18,4431251
29445,4431303,25,4431328
29446,4431520,38,4431558
29447,4431595,86,4431681
29448,4431775,2,4431777
29449,4431862,43,4431905
29450,4431998,28,4432026
29451,4432125,49,4432174
29452,4432231,67,4432298
29453,4432329,57,4432386
29454,4432916,7,4432923
29455,4432955,8,4432963
29456,4432967,10,4432977
29457,4433074,19,4433093
29458,4433159,116,4433275
29459,4433305,58,4433363
29460,4433512,7,4433519
29461,4433612,30,4433642
29462,4433779,9,4433788
29463,4433860,4,4433864
29464,4433989,8,4433997
29465,4434094,34,4434128
29466,4434193,54,4434247
29467,4434295,82,4434377
29468,4434399,2,4434401
29469,4434447,1,4434448
29470,4434572,35,4434607
29471,4434725,97,4434822
29472,4435260,23,4435283
29473,4435311,19,4435330
29474,4435414,5,4435419
29475,4435431,25,4435456
29476,4435525,17,4435542
29477,4435622,129,4435751
29478,4435774,21,4435795
29479,4435832,72,4435904
29480,4436188,7,4436195
29481,4436274,56,4436330
29482,4436333,104,4436437
29483,4436879,35,4436914
29484,4437009,97,4437106
29485,4437108,40,4437148
29486,4437177,11,4437188
29487,4437222,16,4437238
29488,4437284,13,4437297
29489,4437377,49,4437426
29490,4437512,113,4437625
29491,4437735,65,4437800
29492,4437946,146,4438092
29493,4438107,15,4438122
29494,4438183,35,4438218
29495,4438359,11,4438370
29496,4438390,190,4438580
29497,4438653,76,4438729
29498,4438908,43,4438951
29499,4438967,120,4439087
29500,4439150,33,4439183
29501,4439235,84,4439319
29502,4439339,18,4439357
29503,4439419,13,4439432
29504,4439538,5,4439543
29505,4439633,26,4439659
29506,4439667,29,4439696
29507,4439706,2,4439708
29508,4439927,43,4439970
29509,4440153,15,4440168
29510,4440213,18,4440231
29511,4440445,3,4440448
29512,4440537,26,4440563
29513,4440636,10,4440646
29514,4440679,46,4440725
29515,4440753,63,4440816
29516,4440823,9,4440832
29517,4440846,30,4440876
29518,4440968,65,4441033
29519,4441292,54,4441346
29520,4441357,63,4441420
29521,4441566,32,4441598
29522,4441848,13,4441861
29523,4442258,14,4442272
29524,4442273,46,4442319
29525,4442446,38,4442484
29526,4442522,12,4442534
29527,4442548,55,4442603
29528,4442854,104,4442958
29529,4442979,106,4443085
29530,4443148,16,4443164
29531,4443226,143,4443369
29532,4443453,121,4443574
29533,4443668,41,4443709
29534,4443711,1,4443712
29535,4443749,234,4443983
29536,4444011,16,4444027
29537,4444166,64,4444230
29538,4444268,18,4444286
29539,4444311,21,4444332
29540,4444347,31,4444378
29541,4444718,15,4444733
29542,4444774,77,4444851
29543,4444936,1,4444937
29544,4444952,31,4444983
29545,4445096,47,4445143
29546,4445279,19,4445298
29547,4445345,24,4445369
29548,4445565,54,4445619
29549,4445749,117,4445866
29550,4446004,14,4446018
29551,4446034,3,4446037
29552,4446231,39,4446270
29553,4446414,2,4446416
29554,4446710,28,4446738
29555,4446780,29,4446809
29556,4446828,87,4446915
29557,4446954,11,4446965
29558,4447091,19,4447110
29559,4447214,8,4447222
29560,4447306,22,4447328
29561,4447374,60,4447434
29562,4447529,25,4447554
29563,4447683,46,4447729
29564,4448122,96,4448218
29565,4448233,105,4448338
29566,4448428,20,4448448
29567,4448595,127,4448722
29568,4448956,6,4448962
29569,4449026,56,4449082
29570,4449114,20,4449134
29571,4449352,50,4449402
29572,4449556,129,4449685
29573,4449730,3,4449733
29574,4449842,20,4449862
29575,4450165,6,4450171
29576,4450370,128,4450498
29577,4450537,67,4450604
29578,4450605,81,4450686
29579,4450849,22,4450871
29580,4450957,15,4450972
29581,4451185,16,4451201
29582,4451277,24,4451301
29583,4451463,10,4451473
29584,4451484,6,4451490
29585,4451600,42,4451642
29586,4451705,107,4451812
29587,4451836,40,4451876
29588,4451933,26,4451959
29589,4451975,7,4451982
29590,4452039,7,4452046
29591,4452227,42,4452269
29592,4452283,3,4452286
29593,4452768,54,4452822
29594,4453009,75,4453084
29595,4453097,38,4453135
29596,4453227,31,4453258
29597,4453314,19,4453333
29598,4453370,2,4453372
29599,4453460,59,4453519
29600,4453520,15,4453535
29601,4453570,15,4453585
29602,4453645,19,4453664
29603,4453734,44,4453778
29604,4453791,30,4453821
29605,4453852,8,4453860
29606,4454047,8,4454055
29607,4454076,57,4454133
29608,4454197,95,4454292
29609,4454375,79,4454454
29610,4454478,46,4454524
29611,4454680,27,4454707
29612,4454874,98,4454972
29613,4455019,28,4455047
29614,4455106,28,4455134
29615,4455168,19,4455187
29616,4455233,22,4455255
29617,4455332,85,4455417
29618,4455442,57,4455499
29619,4455564,125,4455689
29620,4455802,21,4455823
29621,4455933,24,4455957
29622,4456005,51,4456056
29623,4456458,6,4456464
29624,4456785,137,4456922
29625,4457140,27,4457167
29626,4457322,32,4457354
29627,4457363,9,4457372
29628,4457378,23,4457401
29629,4457509,40,4457549
29630,4457612,55,4457667
29631,4457715,7,4457722
29632,4457902,10,4457912
29633,4458025,19,4458044
29634,4458051,115,4458166
29635,4458423,51,4458474
29636,4458763,383,4459146
29637,4459199,13,4459212
29638,4459256,23,4459279
29639,4459366,34,4459400
29640,4459566,85,4459651
29641,4459685,56,4459741
29642,4459776,160,4459936
29643,4460034,31,4460065
29644,4460128,41,4460169
29645,4460264,37,4460301
29646,4460333,103,4460436
29647,4460579,54,4460633
29648,4460666,63,4460729
29649,4460821,11,4460832
29650,4460838,67,4460905
29651,4460919,6,4460925
29652,4460937,22,4460959
29653,4461100,20,4461120
29654,4461158,96,4461254
29655,4461480,100,4461580
29656,4461681,110,4461791
29657,4461882,11,4461893
29658,4461928,5,4461933
29659,4462030,43,4462073
29660,4462214,65,4462279
29661,4462399,140,4462539
29662,4462692,109,4462801
29663,4463012,26,4463038
29664,4463145,81,4463226
29665,4463234,77,4463311
29666,4463402,6,4463408
29667,4463420,148,4463568
29668,4463590,9,4463599
29669,4463928,9,4463937
29670,4464181,175,4464356
29671,4464445,61,4464506
29672,4464619,12,4464631
29673,4464661,8,4464669
29674,4464674,52,4464726
29675,4464840,3,4464843
29676,4464917,4,4464921
29677,4464931,9,4464940
29678,4465411,3,4465414
29679,4465499,12,4465511
29680,4465526,51,4465577
29681,4465646,98,4465744
29682,4465819,10,4465829
29683,4465830,9,4465839
29684,4465880,64,4465944
29685,4465982,2,4465984
29686,4466183,41,4466224
29687,4466260,6,4466266
29688,4466321,20,4466341
29689,4466505,6,4466511
29690,4466534,23,4466557
29691,4466570,54,4466624
29692,4466633,39,4466672
29693,4466709,178,4466887
29694,4467186,11,4467197
29695,4467315,133,4467448
29696,4467559,10,4467569
29697,4467923,21,4467944
29698,4468113,18,4468131
29699,4468203,86,4468289
29700,4468310,12,4468322
29701,4468337,48,4468385
29702,4468459,41,4468500
29703,4468778,87,4468865
29704,4468935,26,4468961
29705,4469082,5,4469087
29706,4469114,37,4469151
29707,4469190,41,4469231
29708,4469260,14,4469274
29709,4469366,7,4469373
29710,4469628,45,4469673
29711,4469699,11,4469710
29712,4469956,12,4469968
29713,4470005,136,4470141
29714,4470294,48,4470342
29715,4470481,7,4470488
29716,4470582,156,4470738
29717,4470898,55,4470953
29718,4471130,30,4471160
29719,4471189,12,4471201
29720,4471408,153,4471561
29721,4471612,10,4471622
29722,4471730,20,4471750
29723,4471873,42,4471915
29724,4471935,166,4472101
29725,4472147,85,4472232
29726,4472290,13,4472303
29727,4472404,101,4472505
29728,4472562,35,4472597
29729,4472644,143,4472787
29730,4472812,56,4472868
29731,4472921,62,4472983
29732,4472993,12,4473005
29733,4473208,32,4473240
29734,4473441,102,4473543
29735,4473557,120,4473677
29736,4473691,56,4473747
29737,4473848,17,4473865
29738,4474052,190,4474242
29739,4474299,20,4474319
29740,4474323,175,4474498
29741,4474509,145,4474654
29742,4474754,25,4474779
29743,4474796,80,4474876
29744,4474923,6,4474929
29745,4475038,86,4475124
29746,4475199,18,4475217
29747,4475220,88,4475308
29748,4475316,28,4475344
29749,4475366,55,4475421
29750,4475665,112,4475777
29751,4475851,2,4475853
29752,4476041,78,4476119
29753,4476317,17,4476334
29754,4476415,177,4476592
29755,4476872,18,4476890
29756,4476909,68,4476977
29757,4477151,67,4477218
29758,4477222,30,4477252
29759,4477292,24,4477316
29760,4477484,7,4477491
29761,4477527,84,4477611
29762,4477700,22,4477722
29763,4477881,29,4477910
29764,4477942,117,4478059
29765,4478245,27,4478272
29766,4478322,7,4478329
29767,4478427,101,4478528
29768,4478605,3,4478608
29769,4478908,105,4479013
29770,4479278,21,4479299
29771,4479338,74,4479412
29772,4479441,100,4479541
29773,4479684,33,4479717
29774,4479722,8,4479730
29775,4479988,42,4480030
29776,4480063,29,4480092
29777,4480456,152,4480608
29778,4480645,4,4480649
29779,4480684,13,4480697
29780,4480760,2,4480762
29781,4481061,80,4481141
29782,4481351,35,4481386
29783,4481427,80,4481507
29784,4481508,26,4481534
29785,4481639,5,4481644
29786,4481733,82,4481815
29787,4481860,8,4481868
29788,4482069,6,4482075
29789,4482098,149,4482247
29790,4482250,46,4482296
29791,4482487,29,4482516
29792,4482521,13,4482534
29793,4482604,16,4482620
29794,4482645,33,4482678
29795,4482845,20,4482865
29796,4482879,123,4483002
29797,4483085,51,4483136
29798,4483182,21,4483203
29799,4483235,10,4483245
29800,4483309,182,4483491
29801,4483568,26,4483594
29802,4483699,91,4483790
29803,4483872,40,4483912
29804,4484061,14,4484075
29805,4484112,165,4484277
29806,4484349,111,4484460
29807,4484524,41,4484565
29808,4484790,75,4484865
29809,4484867,23,4484890
29810,4484916,82,4484998
29811,4485046,23,4485069
29812,4485174,55,4485229
29813,4485345,56,4485401
29814,4485427,25,4485452
29815,4485494,13,4485507
29816,4485689,50,4485739
29817,4485838,73,4485911
29818,4485912,55,4485967
29819,4486058,142,4486200
29820,4486770,20,4486790
29821,4486798,173,4486971
29822,4487031,60,4487091
29823,4487156,56,4487212
29824,4487320,135,4487455
29825,4487520,68,4487588
29826,4487654,47,4487701
29827,4487860,119,4487979
29828,4488385,10,4488395
29829,4488435,67,4488502
29830,4488504,26,4488530
29831,4488581,179,4488760
29832,4488910,168,4489078
29833,4489353,23,4489376
29834,4489507,173,4489680
29835,4489777,33,4489810
29836,4489876,83,4489959
29837,4489968,5,4489973
29838,4489994,11,4490005
29839,4490123,125,4490248
29840,4490285,7,4490292
29841,4490345,25,4490370
29842,4490374,46,4490420
29843,4490512,92,4490604
29844,4490634,39,4490673
29845,4490790,6,4490796
29846,4490863,8,4490871
29847,4490894,15,4490909
29848,4491364,149,4491513
29849,4491560,100,4491660
29850,4491807,89,4491896
29851,4491900,11,4491911
29852,4491974,5,4491979
29853,4492214,21,4492235
29854,4492665,18,4492683
29855,4492799,17,4492816
29856,4492974,15,4492989
29857,4493104,18,4493122
29858,4493165,20,4493185
29859,4493306,54,4493360
29860,4493689,11,4493700
29861,4493808,100,4493908
29862,4493965,260,4494225
29863,4494327,58,4494385
29864,4494399,76,4494475
29865,4494485,28,4494513
29866,4494921,25,4494946
29867,4495073,9,4495082
29868,4495297,2,4495299
29869,4495390,106,4495496
29870,4495708,32,4495740
29871,4495801,124,4495925
29872,4495981,60,4496041
29873,4496280,30,4496310
29874,4496378,29,4496407
29875,4496427,7,4496434
29876,4496704,65,4496769
29877,4496809,81,4496890
29878,4496986,32,4497018
29879,4497202,70,4497272
29880,4497527,17,4497544
29881,4497552,11,4497563
29882,4497568,175,4497743
29883,4497763,43,4497806
29884,4497845,62,4497907
29885,4498111,47,4498158
29886,4498522,24,4498546
29887,4498613,17,4498630
29888,4498656,44,4498700
29889,4498727,30,4498757
29890,4498762,92,4498854
29891,4498909,43,4498952
29892,4498991,65,4499056
29893,4499335,15,4499350
29894,4499392,86,4499478
29895,4499618,34,4499652
29896,4499673,12,4499685
29897,4499717,41,4499758
29898,4499770,100,4499870
29899,4499903,33,4499936
29900,4499982,14,4499996
29901,4500007,3,4500010
29902,4500191,124,4500315
29903,4500891,21,4500912
29904,4500968,6,4500974
29905,4501050,73,4501123
29906,4501290,33,4501323
29907,4501466,106,4501572
29908,4501640,17,4501657
29909,4501662,31,4501693
29910,4501961,6,4501967
29911,4502014,17,4502031
29912,4502092,15,4502107
29913,4502165,161,4502326
29914,4502505,47,4502552
29915,4502752,10,4502762
29916,4502895,105,4503000
29917,4503053,149,4503202
29918,4503258,14,4503272
29919,4503752,24,4503776
29920,4503829,67,4503896
29921,4504124,4,4504128
29922,4504234,65,4504299
29923,4504388,11,4504399
29924,4504482,8,4504490
29925,4504537,15,4504552
29926,4504559,5,4504564
29927,4504676,6,4504682
29928,4504776,87,4504863
29929,4505036,126,4505162
29930,4505252,9,4505261
29931,4505287,78,4505365
29932,4505489,37,4505526
29933,4505658,31,4505689
29934,4505798,5,4505803
29935,4505817,39,4505856
29936,4505935,35,4505970
29937,4506146,112,4506258
29938,4506465,2,4506467
29939,4506509,16,4506525
29940,4506696,12,4506708
29941,4506929,1,4506930
29942,4507000,409,4507409
29943,4507503,151,4507654
29944,4507751,30,4507781
29945,4507889,119,4508008
29946,4508066,70,4508136
29947,4508183,6,4508189
29948,4508353,363,4508716
29949,4508719,62,4508781
29950,4508783,13,4508796
29951,4508798,17,4508815
29952,4508868,28,4508896
29953,4509069,3,4509072
29954,4509276,1,4509277
29955,4509387,4,4509391
29956,4509597,85,4509682
29957,4509753,31,4509784
29958,4509803,62,4509865
29959,4509951,23,4509974
29960,4510000,48,4510048
29961,4510094,8,4510102
29962,4510170,15,4510185
29963,4510387,51,4510438
29964,4510583,174,4510757
29965,4510802,230,4511032
29966,4511177,74,4511251
29967,4511542,29,4511571
29968,4511712,5,4511717
29969,4511745,43,4511788
29970,4511874,40,4511914
29971,4512227,65,4512292
29972,4512344,101,4512445
29973,4512506,87,4512593
29974,4512605,124,4512729
29975,4512759,20,4512779
29976,4512812,160,4512972
29977,4512986,51,4513037
29978,4513458,45,4513503
29979,4513677,28,4513705
29980,4513764,190,4513954
29981,4513999,38,4514037
29982,4514062,1,4514063
29983,4514409,3,4514412
29984,4514497,75,4514572
29985,4514686,10,4514696
29986,4514907,17,4514924
29987,4514936,93,4515029
29988,4515087,167,4515254
29989,4515519,69,4515588
29990,4515872,43,4515915
29991,4516151,20,4516171
29992,4516198,141,4516339
29993,4516574,37,4516611
29994,4516695,198,4516893
29995,4516904,89,4516993
29996,4517057,8,4517065
29997,4517140,27,4517167
29998,4517191,91,4517282
29999,4517557,156,4517713
30000,4517726,4,4517730
30001,4517877,20,4517897
30002,4518043,1,4518044
30003,4518206,64,4518270
30004,4518387,23,4518410
30005,4518515,10,4518525
30006,4518806,31,4518837
30007,4518914,30,4518944
30008,4518953,65,4519018
30009,4519042,14,4519056
30010,4519106,99,4519205
30011,4519310,64,4519374
30012,4519520,2,4519522
30013,4519537,25,4519562
30014,4519614,27,4519641
30015,4519883,46,4519929
30016,4519991,7,4519998
30017,4520095,22,4520117
30018,4520166,17,4520183
30019,4520450,96,4520546
30020,4520612,24,4520636
30021,4520747,167,4520914
30022,4521007,7,4521014
30023,4521255,84,4521339
30024,4521389,14,4521403
30025,4521490,3,4521493
30026,4521880,164,4522044
30027,4522166,18,4522184
30028,4522295,101,4522396
30029,4522623,57,4522680
30030,4523193,56,4523249
30031,4523371,30,4523401
30032,4523403,112,4523515
30033,4523626,126,4523752
30034,4524007,111,4524118
30035,4524170,8,4524178
30036,4524235,60,4524295
30037,4524307,4,4524311
30038,4524319,40,4524359
30039,4524536,38,4524574
30040,4524670,9,4524679
30041,4524733,19,4524752
30042,4524872,58,4524930
30043,4525039,239,4525278
30044,4525286,28,4525314
30045,4525337,14,4525351
30046,4525353,62,4525415
30047,4525432,26,4525458
30048,4525460,44,4525504
30049,4525511,33,4525544
30050,4525596,43,4525639
30051,4525823,13,4525836
30052,4526010,47,4526057
30053,4526097,58,4526155
30054,4526379,13,4526392
30055,4526511,20,4526531
30056,4526585,31,4526616
30057,4526721,44,4526765
30058,4526781,29,4526810
30059,4526811,48,4526859
30060,4526887,49,4526936
30061,4526958,4,4526962
30062,4526963,87,4527050
30063,4527112,188,4527300
30064,4527436,16,4527452
30065,4527503,2,4527505
30066,4527587,43,4527630
30067,4527765,15,4527780
30068,4527833,50,4527883
30069,4527984,3,4527987
30070,4528503,15,4528518
30071,4528781,15,4528796
30072,4528820,51,4528871
30073,4528906,57,4528963
30074,4529068,106,4529174
30075,4529233,2,4529235
30076,4529330,59,4529389
30077,4529651,12,4529663
30078,4529691,60,4529751
30079,4529994,1,4529995
30080,4530179,28,4530207
30081,4530306,167,4530473
30082,4530507,58,4530565
30083,4530899,53,4530952
30084,4530984,29,4531013
30085,4531071,31,4531102
30086,4531186,119,4531305
30087,4531319,39,4531358
30088,4531399,19,4531418
30089,4531448,138,4531586
30090,4531644,19,4531663
30091,4531679,98,4531777
30092,4531807,66,4531873
30093,4531933,53,4531986
30094,4532124,27,4532151
30095,4532189,35,4532224
30096,4532340,21,4532361
30097,4532370,1,4532371
30098,4532396,2,4532398
30099,4532519,22,4532541
30100,4532567,25,4532592
30101,4532665,50,4532715
30102,4532716,60,4532776
30103,4532890,16,4532906
30104,4532917,56,4532973
30105,4533064,13,4533077
30106,4533142,43,4533185
30107,4533321,65,4533386
30108,4533432,6,4533438
30109,4533480,30,4533510
30110,4533570,15,4533585
30111,4534059,61,4534120
30112,4534150,61,4534211
30113,4534461,22,4534483
30114,4534618,14,4534632
30115,4534722,38,4534760
30116,4534801,37,4534838
30117,4535340,15,4535355
30118,4535479,84,4535563
30119,4535626,4,4535630
30120,4535729,34,4535763
30121,4535796,29,4535825
30122,4536028,38,4536066
30123,4536321,59,4536380
30124,4536644,9,4536653
30125,4536724,36,4536760
30126,4536833,45,4536878
30127,4536889,66,4536955
30128,4536958,52,4537010
30129,4537064,94,4537158
30130,4537205,17,4537222
30131,4537376,6,4537382
30132,4537638,12,4537650
30133,4537770,64,4537834
30134,4537904,49,4537953
30135,4538207,34,4538241
30136,4538288,6,4538294
30137,4538345,10,4538355
30138,4538367,58,4538425
30139,4538441,14,4538455
30140,4538479,127,4538606
30141,4538623,55,4538678
30142,4538717,69,4538786
30143,4538802,131,4538933
30144,4538956,110,4539066
30145,4539071,1,4539072
30146,4539163,52,4539215
30147,4539220,43,4539263
30148,4539492,13,4539505
30149,4539797,129,4539926
30150,4539981,19,4540000
30151,4540093,75,4540168
30152,4540184,3,4540187
30153,4540217,10,4540227
30154,4540250,51,4540301
30155,4540372,31,4540403
30156,4540449,31,4540480
30157,4540504,86,4540590
30158,4540591,8,4540599
30159,4540878,10,4540888
30160,4540950,114,4541064
30161,4541127,38,4541165
30162,4541286,89,4541375
30163,4541382,32,4541414
30164,4541535,44,4541579
30165,4541586,59,4541645
30166,4541766,40,4541806
30167,4541854,1,4541855
30168,4541906,43,4541949
30169,4541989,11,4542000
30170,4542038,23,4542061
30171,4542079,36,4542115
30172,4542254,9,4542263
30173,4542344,19,4542363
30174,4542428,79,4542507
30175,4542600,13,4542613
30176,4542641,14,4542655
30177,4542706,3,4542709
30178,4542728,10,4542738
30179,4542791,40,4542831
30180,4542946,2,4542948
30181,4543035,23,4543058
30182,4543124,53,4543177
30183,4543531,5,4543536
30184,4543621,62,4543683
30185,4543918,3,4543921
30186,4543991,11,4544002
30187,4544025,15,4544040
30188,4544059,58,4544117
30189,4544242,9,4544251
30190,4544268,49,4544317
30191,4544477,15,4544492
30192,4544662,25,4544687
30193,4544793,166,4544959
30194,4544971,78,4545049
30195,4545062,5,4545067
30196,4545179,37,4545216
30197,4545234,34,4545268
30198,4545387,5,4545392
30199,4545427,14,4545441
30200,4545699,7,4545706
30201,4545755,30,4545785
30202,4545884,1,4545885
30203,4545930,52,4545982
30204,4546025,9,4546034
30205,4546072,10,4546082
30206,4546138,32,4546170
30207,4546175,48,4546223
30208,4546228,32,4546260
30209,4546332,36,4546368
30210,4546507,35,4546542
30211,4546750,76,4546826
30212,4546849,9,4546858
30213,4546902,10,4546912
30214,4546944,61,4547005
30215,4547052,8,4547060
30216,4547104,59,4547163
30217,4547324,57,4547381
30218,4547384,17,4547401
30219,4547505,55,4547560
30220,4547597,64,4547661
30221,4547670,20,4547690
30222,4547726,26,4547752
30223,4547775,95,4547870
30224,4547874,116,4547990
30225,4548204,72,4548276
30226,4548287,48,4548335
30227,4548375,27,4548402
30228,4548434,24,4548458
30229,4548737,142,4548879
30230,4548882,47,4548929
30231,4549182,25,4549207
30232,4549342,39,4549381
30233,4549599,14,4549613
30234,4549650,23,4549673
30235,4549844,24,4549868
30236,4549902,23,4549925
30237,4550034,49,4550083
30238,4550171,81,4550252
30239,4550407,6,4550413
30240,4550698,58,4550756
30241,4550837,96,4550933
30242,4551056,42,4551098
30243,4551175,78,4551253
30244,4551454,19,4551473
30245,4551569,104,4551673
30246,4551804,3,4551807
30247,4551955,37,4551992
30248,4552021,41,4552062
30249,4552129,61,4552190
30250,4552284,68,4552352
30251,4552431,21,4552452
30252,4552485,10,4552495
30253,4552518,33,4552551
30254,4552701,58,4552759
30255,4552778,23,4552801
30256,4552806,8,4552814
30257,4552827,95,4552922
30258,4552959,73,4553032
30259,4553056,4,4553060
30260,4553094,45,4553139
30261,4553146,26,4553172
30262,4553226,26,4553252
30263,4553288,99,4553387
30264,4553406,70,4553476
30265,4553489,42,4553531
30266,4553661,27,4553688
30267,4553742,11,4553753
30268,4553810,6,4553816
30269,4553870,68,4553938
30270,4553939,8,4553947
30271,4554185,31,4554216
30272,4554636,23,4554659
30273,4554754,159,4554913
30274,4555056,52,4555108
30275,4555147,101,4555248
30276,4555249,45,4555294
30277,4555459,83,4555542
30278,4555584,69,4555653
30279,4555866,134,4556000
30280,4556209,40,4556249
30281,4556372,154,4556526
30282,4556578,218,4556796
30283,4557036,68,4557104
30284,4557543,54,4557597
30285,4557777,39,4557816
30286,4557817,32,4557849
30287,4557913,22,4557935
30288,4558163,80,4558243
30289,4558310,80,4558390
30290,4558460,1,4558461
30291,4558469,2,4558471
30292,4558487,58,4558545
30293,4558562,27,4558589
30294,4558804,79,4558883
30295,4558955,139,4559094
30296,4559327,60,4559387
30297,4559449,12,4559461
30298,4559483,24,4559507
30299,4559671,108,4559779
30300,4559928,96,4560024
30301,4560154,58,4560212
30302,4560287,21,4560308
30303,4560320,60,4560380
30304,4560440,18,4560458
30305,4560605,23,4560628
30306,4560766,36,4560802
30307,4560904,25,4560929
30308,4560931,97,4561028
30309,4561031,52,4561083
30310,4561165,247,4561412
30311,4561519,59,4561578
30312,4561624,1,4561625
30313,4561910,14,4561924
30314,4561972,25,4561997
30315,4562236,17,4562253
30316,4562438,50,4562488
30317,4562497,37,4562534
30318,4562553,65,4562618
30319,4562722,6,4562728
30320,4562980,4,4562984
30321,4563088,15,4563103
30322,4563515,39,4563554
30323,4563589,56,4563645
30324,4563762,111,4563873
30325,4563912,92,4564004
30326,4564131,68,4564199
30327,4564283,9,4564292
30328,4564449,13,4564462
30329,4564688,3,4564691
30330,4564737,18,4564755
30331,4564837,41,4564878
30332,4564914,64,4564978
30333,4565322,40,4565362
30334,4565445,25,4565470
30335,4565657,70,4565727
30336,4565757,76,4565833
30337,4565868,73,4565941
30338,4565978,5,4565983
30339,4565990,193,4566183
30340,4566208,38,4566246
30341,4566359,194,4566553
30342,4566625,3,4566628
30343,4566642,97,4566739
30344,4566755,18,4566773
30345,4566827,25,4566852
30346,4567015,162,4567177
30347,4567220,26,4567246
30348,4567549,15,4567564
30349,4567593,12,4567605
30350,4567642,13,4567655
30351,4567741,54,4567795
30352,4567859,26,4567885
30353,4568124,25,4568149
30354,4568165,30,4568195
30355,4568276,53,4568329
30356,4568350,21,4568371
30357,4568403,131,4568534
30358,4568660,46,4568706
30359,4568731,75,4568806
30360,4568878,17,4568895
30361,4569025,14,4569039
30362,4569189,15,4569204
30363,4569287,23,4569310
30364,4569333,58,4569391
30365,4569546,115,4569661
30366,4569715,5,4569720
30367,4569861,43,4569904
30368,4569992,30,4570022
30369,4570312,16,4570328
30370,4570606,13,4570619
30371,4570775,73,4570848
30372,4571101,131,4571232
30373,4571465,43,4571508
30374,4571539,28,4571567
30375,4571799,7,4571806
30376,4571960,25,4571985
30377,4571997,49,4572046
30378,4572108,23,4572131
30379,4572160,90,4572250
30380,4572425,86,4572511
30381,4572522,100,4572622
30382,4572646,96,4572742
30383,4573009,9,4573018
30384,4573229,51,4573280
30385,4573327,58,4573385
30386,4573411,55,4573466
30387,4573510,3,4573513
30388,4573565,3,4573568
30389,4573658,5,4573663
30390,4573759,149,4573908
30391,4574125,20,4574145
30392,4574214,9,4574223
30393,4574512,39,4574551
30394,4574677,11,4574688
30395,4574779,148,4574927
30396,4575126,14,4575140
30397,4575174,11,4575185
30398,4575622,64,4575686
30399,4575687,65,4575752
30400,4575802,44,4575846
30401,4575942,141,4576083
30402,4576168,6,4576174
30403,4576187,7,4576194
30404,4576195,22,4576217
30405,4576220,52,4576272
30406,4576440,161,4576601
30407,4576620,151,4576771
30408,4576853,63,4576916
30409,4577026,4,4577030
30410,4577109,91,4577200
30411,4577221,13,4577234
30412,4577402,76,4577478
30413,4577553,23,4577576
30414,4577603,29,4577632
30415,4577654,74,4577728
30416,4577835,7,4577842
30417,4578264,23,4578287
30418,4578331,41,4578372
30419,4578446,78,4578524
30420,4578584,7,4578591
30421,4578890,2,4578892
30422,4579088,6,4579094
30423,4579120,16,4579136
30424,4579161,30,4579191
30425,4579418,61,4579479
30426,4579636,5,4579641
30427,4579694,27,4579721
30428,4579820,58,4579878
30429,4580076,25,4580101
30430,4580170,24,4580194
30431,4580218,2,4580220
30432,4580358,129,4580487
30433,4580509,34,4580543
30434,4580567,58,4580625
30435,4580776,37,4580813
30436,4580867,20,4580887
30437,4581008,6,4581014
30438,4581058,3,4581061
30439,4581170,42,4581212
30440,4581269,143,4581412
30441,4581497,58,4581555
30442,4581660,9,4581669
30443,4581796,6,4581802
30444,4581916,5,4581921
30445,4581941,70,4582011
30446,4582016,61,4582077
30447,4582086,97,4582183
30448,4582236,6,4582242
30449,4582630,25,4582655
30450,4582791,26,4582817
30451,4582851,90,4582941
30452,4582948,21,4582969
30453,4583114,122,4583236
30454,4583239,50,4583289
30455,4583351,51,4583402
30456,4583421,47,4583468
30457,4583486,87,4583573
30458,4583659,81,4583740
30459,4583758,38,4583796
30460,4583800,13,4583813
30461,4583927,73,4584000
30462,4584009,28,4584037
30463,4584196,78,4584274
30464,4584363,33,4584396
30465,4584448,2,4584450
30466,4584744,10,4584754
30467,4584789,179,4584968
30468,4585052,16,4585068
30469,4585117,79,4585196
30470,4585212,25,4585237
30471,4585407,4,4585411
30472,4585783,8,4585791
30473,4586058,10,4586068
30474,4586126,18,4586144
30475,4586259,24,4586283
30476,4586315,44,4586359
30477,4586405,11,4586416
30478,4586473,46,4586519
30479,4586897,43,4586940
30480,4587127,13,4587140
30481,4587398,7,4587405
30482,4587765,18,4587783
30483,4587843,88,4587931
30484,4588033,318,4588351
30485,4588543,12,4588555
30486,4588565,53,4588618
30487,4588725,55,4588780
30488,4588792,54,4588846
30489,4588856,115,4588971
30490,4589317,64,4589381
30491,4589481,52,4589533
30492,4589552,149,4589701
30493,4589767,80,4589847
30494,4589880,10,4589890
30495,4589908,7,4589915
30496,4590068,3,4590071
30497,4590152,88,4590240
30498,4590267,30,4590297
30499,4590323,2,4590325
30500,4590357,17,4590374
30501,4590870,33,4590903
30502,4591023,148,4591171
30503,4591173,66,4591239
30504,4591297,85,4591382
30505,4591561,28,4591589
30506,4591600,125,4591725
30507,4591893,91,4591984
30508,4591994,17,4592011
30509,4592128,45,4592173
30510,4592253,61,4592314
30511,4592318,5,4592323
30512,4592360,81,4592441
30513,4592538,46,4592584
30514,4592608,140,4592748
30515,4592761,71,4592832
30516,4592857,12,4592869
30517,4592891,102,4592993
30518,4593008,46,4593054
30519,4593128,77,4593205
30520,4593311,66,4593377
30521,4593446,27,4593473
30522,4593477,37,4593514
30523,4593615,58,4593673
30524,4593687,71,4593758
30525,4593782,60,4593842
30526,4594026,4,4594030
30527,4594091,4,4594095
30528,4594264,41,4594305
30529,4594326,33,4594359
30530,4594683,19,4594702
30531,4594711,60,4594771
30532,4594852,6,4594858
30533,4594984,42,4595026
30534,4595370,41,4595411
30535,4595448,19,4595467
30536,4595622,49,4595671
30537,4595673,14,4595687
30538,4595731,16,4595747
30539,4595824,88,4595912
30540,4595924,26,4595950
30541,4596066,3,4596069
30542,4596145,27,4596172
30543,4596394,7,4596401
30544,4596458,29,4596487
30545,4596587,68,4596655
30546,4596727,27,4596754
30547,4596849,54,4596903
30548,4596928,19,4596947
30549,4597139,4,4597143
30550,4597252,7,4597259
30551,4597287,60,4597347
30552,4597481,8,4597489
30553,4597514,5,4597519
30554,4597613,144,4597757
30555,4598111,11,4598122
30556,4598157,169,4598326
30557,4598531,30,4598561
30558,4598613,49,4598662
30559,4598700,235,4598935
30560,4598964,29,4598993
30561,4599003,26,4599029
30562,4599069,24,4599093
30563,4599185,43,4599228
30564,4599260,88,4599348
30565,4599394,64,4599458
30566,4599468,7,4599475
30567,4599506,58,4599564
30568,4599662,7,4599669
30569,4599715,161,4599876
30570,4600039,44,4600083
30571,4600193,56,4600249
30572,4600418,44,4600462
30573,4600482,105,4600587
30574,4601003,13,4601016
30575,4601055,18,4601073
30576,4601078,32,4601110
30577,4601152,42,4601194
30578,4601210,11,4601221
30579,4601441,21,4601462
30580,4601475,4,4601479
30581,4601500,9,4601509
30582,4601515,34,4601549
30583,4601729,25,4601754
30584,4601767,25,4601792
30585,4602005,162,4602167
30586,4602296,24,4602320
30587,4602396,71,4602467
30588,4602644,25,4602669
30589,4602693,52,4602745
30590,4602752,59,4602811
30591,4602904,117,4603021
30592,4603087,12,4603099
30593,4603257,98,4603355
30594,4603390,16,4603406
30595,4603455,29,4603484
30596,4603695,70,4603765
30597,4603935,3,4603938
30598,4604048,1,4604049
30599,4604147,67,4604214
30600,4604467,45,4604512
30601,4604537,72,4604609
30602,4604912,41,4604953
30603,4605039,83,4605122
30604,4605169,6,4605175
30605,4605253,128,4605381
30606,4605554,84,4605638
30607,4605740,179,4605919
30608,4605950,125,4606075
30609,4606081,90,4606171
30610,4606366,4,4606370
30611,4606663,44,4606707
30612,4606769,42,4606811
30613,4607130,2,4607132
30614,4607167,20,4607187
30615,4607189,89,4607278
30616,4607511,56,4607567
30617,4607699,33,4607732
30618,4607859,43,4607902
30619,4607967,20,4607987
30620,4608058,22,4608080
30621,4608164,2,4608166
30622,4608171,58,4608229
30623,4608387,12,4608399
30624,4608650,65,4608715
30625,4608716,157,4608873
30626,4608896,42,4608938
30627,4608961,81,4609042
30628,4609142,19,4609161
30629,4609174,52,4609226
30630,4609272,50,4609322
30631,4609341,113,4609454
30632,4609466,50,4609516
30633,4609588,91,4609679
30634,4609716,5,4609721
30635,4609746,43,4609789
30636,4609841,84,4609925
30637,4610089,106,4610195
30638,4610213,1,4610214
30639,4610286,1,4610287
30640,4610385,44,4610429
30641,4610522,6,4610528
30642,4610567,53,4610620
30643,4610852,153,4611005
30644,4611043,56,4611099
30645,4611177,5,4611182
30646,4611267,25,4611292
30647,4611336,12,4611348
30648,4611751,107,4611858
30649,4611890,61,4611951
30650,4612059,31,4612090
30651,4612415,165,4612580
30652,4612670,84,4612754
30653,4612811,14,4612825
30654,4612959,3,4612962
30655,4613012,10,4613022
30656,4613159,28,4613187
30657,4613203,79,4613282
30658,4613514,171,4613685
30659,4613698,19,4613717
30660,4613736,32,4613768
30661,4613806,39,4613845
30662,4613872,24,4613896
30663,4613900,16,4613916
30664,4613983,40,4614023
30665,4614125,11,4614136
30666,4614578,174,4614752
30667,4614821,26,4614847
30668,4614854,182,4615036
30669,4615084,23,4615107
30670,4615300,30,4615330
30671,4615336,40,4615376
30672,4615431,8,4615439
30673,4615445,64,4615509
30674,4615596,108,4615704
30675,4615873,64,4615937
30676,4615946,19,4615965
30677,4616146,62,4616208
30678,4616319,59,4616378
30679,4616389,26,4616415
30680,4616577,130,4616707
30681,4616835,42,4616877
30682,4617079,30,4617109
30683,4617205,73,4617278
30684,4617325,100,4617425
30685,4617538,20,4617558
30686,4617719,33,4617752
30687,4617763,273,4618036
30688,4618153,96,4618249
30689,4618332,18,4618350
30690,4618618,5,4618623
30691,4619260,88,4619348
30692,4619364,1,4619365
30693,4619491,155,4619646
30694,4619867,32,4619899
30695,4619906,137,4620043
30696,4620100,70,4620170
30697,4620246,29,4620275
30698,4620315,35,4620350
30699,4620536,28,4620564
30700,4620625,30,4620655
30701,4620878,181,4621059
30702,4621292,32,4621324
30703,4621359,4,4621363
30704,4621441,58,4621499
30705,4621600,12,4621612
30706,4621843,37,4621880
30707,4622212,12,4622224
30708,4622316,7,4622323
30709,4622352,95,4622447
30710,4622544,45,4622589
30711,4622729,17,4622746
30712,4622900,50,4622950
30713,4622982,3,4622985
30714,4622999,3,4623002
30715,4623171,297,4623468
30716,4623482,17,4623499
30717,4623661,21,4623682
30718,4623717,42,4623759
30719,4623846,50,4623896
30720,4623956,58,4624014
30721,4624156,34,4624190
30722,4624739,8,4624747
30723,4624848,9,4624857
30724,4624909,44,4624953
30725,4625097,84,4625181
30726,4625187,18,4625205
30727,4625339,40,4625379
30728,4625668,55,4625723
30729,4625893,48,4625941
30730,4625963,16,4625979
30731,4625986,5,4625991
30732,4626045,78,4626123
30733,4626438,72,4626510
30734,4626616,38,4626654
30735,4626810,173,4626983
30736,4627057,5,4627062
30737,4627068,46,4627114
30738,4627181,22,4627203
30739,4627511,53,4627564
30740,4627605,1,4627606
30741,4627718,14,4627732
30742,4627743,156,4627899
30743,4628078,43,4628121
30744,4628135,30,4628165
30745,4628333,104,4628437
30746,4628757,47,4628804
30747,4628873,42,4628915
30748,4629016,5,4629021
30749,4629096,71,4629167
30750,4629215,95,4629310
30751,4629409,81,4629490
30752,4629569,21,4629590
30753,4629591,230,4629821
30754,4629899,47,4629946
30755,4630109,68,4630177
30756,4630369,18,4630387
30757,4630459,18,4630477
30758,4630520,11,4630531
30759,4630723,27,4630750
30760,4630784,5,4630789
30761,4630803,69,4630872
30762,4630884,16,4630900
30763,4630932,53,4630985
30764,4631318,79,4631397
30765,4631486,45,4631531
30766,4631781,20,4631801
30767,4632019,18,4632037
30768,4632098,12,4632110
30769,4632126,16,4632142
30770,4632256,66,4632322
30771,4632622,78,4632700
30772,4632742,8,4632750
30773,4632773,2,4632775
30774,4632885,2,4632887
30775,4633077,19,4633096
30776,4633238,91,4633329
30777,4633535,9,4633544
30778,4633608,37,4633645
30779,4633832,5,4633837
30780,4633838,10,4633848
30781,4633862,10,4633872
30782,4633877,40,4633917
30783,4634028,2,4634030
30784,4634128,35,4634163
30785,4634553,185,4634738
30786,4634808,91,4634899
30787,4635064,61,4635125
30788,4635201,89,4635290
30789,4635499,11,4635510
30790,4635569,24,4635593
30791,4635611,2,4635613
30792,4635714,6,4635720
30793,4635848,40,4635888
30794,4635913,32,4635945
30795,4636029,108,4636137
30796,4636246,37,4636283
30797,4636359,2,4636361
30798,4636585,80,4636665
30799,4636682,111,4636793
30800,4636815,4,4636819
30801,4636873,2,4636875
30802,4637063,42,4637105
30803,4637647,4,4637651
30804,4637756,45,4637801
30805,4637815,1,4637816
30806,4637851,15,4637866
30807,4637992,57,4638049
30808,4638103,75,4638178
30809,4638278,6,4638284
30810,4638350,34,4638384
30811,4638392,29,4638421
30812,4638486,30,4638516
30813,4638555,74,4638629
30814,4638705,191,4638896
30815,4639076,235,4639311
30816,4639406,93,4639499
30817,4639590,13,4639603
30818,4639632,9,4639641
30819,4639763,7,4639770
30820,4639813,1,4639814
30821,4639845,3,4639848
30822,4639937,87,4640024
30823,4640313,22,4640335
30824,4640425,18,4640443
30825,4640712,1,4640713
30826,4640940,15,4640955
30827,4640968,25,4640993
30828,4641084,14,4641098
30829,4641125,6,4641131
30830,4641316,67,4641383
30831,4641394,16,4641410
30832,4641564,72,4641636
30833,4641781,114,4641895
30834,4641903,107,4642010
30835,4642018,33,4642051
30836,4642248,46,4642294
30837,4642341,146,4642487
30838,4642729,24,4642753
30839,4642866,14,4642880
30840,4642894,69,4642963
30841,4642967,24,4642991
30842,4642993,68,4643061
30843,4643202,66,4643268
30844,4643976,31,4644007
30845,4644010,13,4644023
30846,4644087,25,4644112
30847,4644314,94,4644408
30848,4644489,84,4644573
30849,4644896,88,4644984
30850,4645007,3,4645010
30851,4645137,34,4645171
30852,4645346,58,4645404
30853,4645694,63,4645757
30854,4645810,5,4645815
30855,4645822,15,4645837
30856,4645890,74,4645964
30857,4646083,112,4646195
30858,4646302,12,4646314
30859,4646357,20,4646377
30860,4646434,5,4646439
30861,4646673,13,4646686
30862,4646770,106,4646876
30863,4646918,61,4646979
30864,4647177,134,4647311
30865,4647445,77,4647522
30866,4647534,25,4647559
30867,4647563,47,4647610
30868,4647765,26,4647791
30869,4647882,69,4647951
30870,4647971,10,4647981
30871,4648255,7,4648262
30872,4648327,16,4648343
30873,4648383,12,4648395
30874,4648503,14,4648517
30875,4648592,50,4648642
30876,4648768,20,4648788
30877,4648817,16,4648833
30878,4648917,14,4648931
30879,4648955,52,4649007
30880,4649159,8,4649167
30881,4649314,30,4649344
30882,4649356,5,4649361
30883,4649380,110,4649490
30884,4649521,54,4649575
30885,4649664,57,4649721
30886,4649771,72,4649843
30887,4650260,61,4650321
30888,4650564,86,4650650
30889,4650659,33,4650692
30890,4650739,28,4650767
30891,4650935,39,4650974
30892,4650995,22,4651017
30893,4651097,50,4651147
30894,4651151,9,4651160
30895,4651318,21,4651339
30896,4651534,49,4651583
30897,4651623,12,4651635
30898,4651663,100,4651763
30899,4651776,1,4651777
30900,4651898,32,4651930
30901,4651948,65,4652013
30902,4652057,37,4652094
30903,4652101,57,4652158
30904,4652182,10,4652192
30905,4652256,57,4652313
30906,4652341,143,4652484
30907,4652486,23,4652509
30908,4652584,83,4652667
30909,4652734,12,4652746
30910,4652871,59,4652930
30911,4652931,13,4652944
30912,4652985,130,4653115
30913,4653136,82,4653218
30914,4653318,8,4653326
30915,4653463,74,4653537
30916,4653611,40,4653651
30917,4653842,36,4653878
30918,4654001,102,4654103
30919,4654254,15,4654269
30920,4654370,85,4654455
30921,4654599,23,4654622
30922,4654648,84,4654732
30923,4654870,74,4654944
30924,4655055,55,4655110
30925,4655437,6,4655443
30926,4655624,20,4655644
30927,4655663,22,4655685
30928,4655834,17,4655851
30929,4655885,67,4655952
30930,4656056,77,4656133
30931,4656171,20,4656191
30932,4656192,43,4656235
30933,4656347,10,4656357
30934,4656639,51,4656690
30935,4656796,74,4656870
30936,4656932,96,4657028
30937,4657053,37,4657090
30938,4657112,44,4657156
30939,4657218,5,4657223
30940,4657320,26,4657346
30941,4657363,45,4657408
30942,4657445,99,4657544
30943,4657594,2,4657596
30944,4657612,3,4657615
30945,4657787,113,4657900
30946,4657905,2,4657907
30947,4657931,10,4657941
30948,4658350,22,4658372
30949,4658442,13,4658455
30950,4658517,100,4658617
30951,4658719,12,4658731
30952,4658735,4,4658739
30953,4658906,10,4658916
30954,4659049,72,4659121
30955,4659330,16,4659346
30956,4659406,12,4659418
30957,4659534,2,4659536
30958,4659735,142,4659877
30959,4659883,5,4659888
30960,4659955,29,4659984
30961,4660010,33,4660043
30962,4660116,11,4660127
30963,4660217,8,4660225
30964,4660271,38,4660309
30965,4660316,7,4660323
30966,4660888,14,4660902
30967,4661015,56,4661071
30968,4661109,47,4661156
30969,4661234,11,4661245
30970,4661268,20,4661288
30971,4661413,72,4661485
30972,4661617,33,4661650
30973,4661781,30,4661811
30974,4661812,18,4661830
30975,4661915,44,4661959
30976,4661962,29,4661991
30977,4662332,41,4662373
30978,4662501,36,4662537
30979,4662549,17,4662566
30980,4662631,18,4662649
30981,4662902,185,4663087
30982,4663116,103,4663219
30983,4663361,12,4663373
30984,4663463,8,4663471
30985,4663653,47,4663700
30986,4663717,110,4663827
30987,4663848,85,4663933
30988,4663980,183,4664163
30989,4664174,84,4664258
30990,4664326,105,4664431
30991,4664497,8,4664505
30992,4664856,26,4664882
30993,4664888,30,4664918
30994,4665016,15,4665031
30995,4665081,116,4665197
30996,4665303,84,4665387
30997,4665625,14,4665639
30998,4665641,21,4665662
30999,4665845,57,4665902
31000,4666235,13,4666248
31001,4666285,27,4666312
31002,4666340,10,4666350
31003,4666353,12,4666365
31004,4666534,19,4666553
31005,4666601,131,4666732
31006,4666762,9,4666771
31007,4666804,243,4667047
31008,4667260,38,4667298
31009,4667411,34,4667445
31010,4667483,42,4667525
31011,4667529,54,4667583
31012,4667710,2,4667712
31013,4667802,4,4667806
31014,4667864,94,4667958
31015,4668013,19,4668032
31016,4668121,2,4668123
31017,4668326,24,4668350
31018,4668594,2,4668596
31019,4668801,56,4668857
31020,4669040,5,4669045
31021,4669078,55,4669133
31022,4669261,24,4669285
31023,4669408,58,4669466
31024,4669655,82,4669737
31025,4669768,65,4669833
31026,4669887,15,4669902
31027,4669937,63,4670000
31028,4670003,62,4670065
31029,4670165,9,4670174
31030,4670177,2,4670179
31031,4670215,31,4670246
31032,4670327,14,4670341
31033,4670621,62,4670683
31034,4670852,12,4670864
31035,4671013,16,4671029
31036,4671044,3,4671047
31037,4671161,40,4671201
31038,4671352,69,4671421
31039,4671499,184,4671683
31040,4671705,39,4671744
31041,4671751,110,4671861
31042,4671903,26,4671929
31043,4671994,6,4672000
31044,4672026,4,4672030
31045,4672121,58,4672179
31046,4672412,24,4672436
31047,4672474,181,4672655
31048,4672696,38,4672734
31049,4672809,33,4672842
31050,4673019,150,4673169
31051,4673178,40,4673218
31052,4673338,7,4673345
31053,4673379,132,4673511
31054,4673665,16,4673681
31055,4673771,17,4673788
31056,4674021,87,4674108
31057,4674201,11,4674212
31058,4674320,3,4674323
31059,4674452,4,4674456
31060,4674627,3,4674630
31061,4674697,39,4674736
31062,4674997,19,4675016
31063,4675045,121,4675166
31064,4675174,21,4675195
31065,4675280,56,4675336
31066,4675457,30,4675487
31067,4675517,3,4675520
31068,4675527,86,4675613
31069,4675619,82,4675701
31070,4676009,10,4676019
31071,4676029,12,4676041
31072,4676203,33,4676236
31073,4676364,116,4676480
31074,4676581,7,4676588
31075,4676778,49,4676827
31076,4676845,6,4676851
31077,4676930,65,4676995
31078,4677026,14,4677040
31079,4677093,128,4677221
31080,4677278,42,4677320
31081,4677409,175,4677584
31082,4677591,97,4677688
31083,4677766,35,4677801
31084,4677996,56,4678052
31085,4678068,8,4678076
31086,4678117,61,4678178
31087,4678194,144,4678338
31088,4678563,42,4678605
31089,4678696,83,4678779
31090,4678953,27,4678980
31091,4679296,7,4679303
31092,4679351,64,4679415
31093,4679469,40,4679509
31094,4679589,2,4679591
31095,4679700,227,4679927
31096,4680135,135,4680270
31097,4680332,40,4680372
31098,4680448,88,4680536
31099,4680575,9,4680584
31100,4680634,24,4680658
31101,4681041,5,4681046
31102,4681049,147,4681196
31103,4681337,12,4681349
31104,4681684,3,4681687
31105,4681726,179,4681905
31106,4681942,83,4682025
31107,4682040,13,4682053
31108,4682318,13,4682331
31109,4682449,45,4682494
31110,4682581,135,4682716
31111,4682907,70,4682977
31112,4683002,70,4683072
31113,4683197,45,4683242
31114,4683265,3,4683268
31115,4683365,95,4683460
31116,4683606,47,4683653
31117,4683925,42,4683967
31118,4684095,11,4684106
31119,4684240,24,4684264
31120,4684451,230,4684681
31121,4684767,4,4684771
31122,4684902,59,4684961
31123,4684979,23,4685002
31124,4685005,38,4685043
31125,4685075,44,4685119
31126,4685142,31,4685173
31127,4685276,19,4685295
31128,4685297,30,4685327
31129,4685445,50,4685495
31130,4685544,28,4685572
31131,4685599,17,4685616
31132,4685692,11,4685703
31133,4685818,62,4685880
31134,4685887,250,4686137
31135,4686139,16,4686155
31136,4686315,22,4686337
31137,4686406,17,4686423
31138,4686578,10,4686588
31139,4686668,103,4686771
31140,4686913,77,4686990
31141,4687202,117,4687319
31142,4687670,109,4687779
31143,4687848,86,4687934
31144,4687955,25,4687980
31145,4687992,101,4688093
31146,4688151,32,4688183
31147,4688213,56,4688269
31148,4688327,30,4688357
31149,4688467,19,4688486
31150,4688525,85,4688610
31151,4688719,15,4688734
31152,4688765,6,4688771
31153,4689162,9,4689171
31154,4689196,110,4689306
31155,4689451,84,4689535
31156,4689593,26,4689619
31157,4689644,49,4689693
31158,4689719,27,4689746
31159,4689824,22,4689846
31160,4689936,25,4689961
31161,4689968,66,4690034
31162,4690045,55,4690100
31163,4690136,36,4690172
31164,4690250,45,4690295
31165,4690436,51,4690487
31166,4690694,21,4690715
31167,4690733,22,4690755
31168,4690776,7,4690783
31169,4690952,2,4690954
31170,4691299,16,4691315
31171,4691541,28,4691569
31172,4691730,17,4691747
31173,4691804,18,4691822
31174,4691831,12,4691843
31175,4692002,19,4692021
31176,4692155,43,4692198
31177,4692390,142,4692532
31178,4692603,27,4692630
31179,4692911,47,4692958
31180,4693152,275,4693427
31181,4693438,63,4693501
31182,4693618,37,4693655
31183,4693697,56,4693753
31184,4693787,6,4693793
31185,4693937,28,4693965
31186,4693992,105,4694097
31187,4694102,252,4694354
31188,4694381,109,4694490
31189,4694673,1,4694674
31190,4694678,194,4694872
31191,4695049,39,4695088
31192,4695116,2,4695118
31193,4695214,9,4695223
31194,4695271,28,4695299
31195,4695300,59,4695359
31196,4695440,14,4695454
31197,4695711,52,4695763
31198,4695952,334,4696286
31199,4696322,7,4696329
31200,4696540,37,4696577
31201,4696592,16,4696608
31202,4696854,85,4696939
31203,4697097,13,4697110
31204,4697294,6,4697300
31205,4697312,26,4697338
31206,4697365,4,4697369
31207,4697583,20,4697603
31208,4697654,29,4697683
31209,4697699,42,4697741
31210,4698317,129,4698446
31211,4698479,15,4698494
31212,4698550,6,4698556
31213,4698619,137,4698756
31214,4698864,61,4698925
31215,4698930,31,4698961
31216,4698980,32,4699012
31217,4699088,2,4699090
31218,4699125,24,4699149
31219,4699176,10,4699186
31220,4699196,39,4699235
31221,4699335,33,4699368
31222,4699566,104,4699670
31223,4699790,146,4699936
31224,4700015,72,4700087
31225,4700099,144,4700243
31226,4700365,9,4700374
31227,4700438,104,4700542
31228,4700616,44,4700660
31229,4700793,83,4700876
31230,4700995,56,4701051
31231,4701064,25,4701089
31232,4701099,33,4701132
31233,4701187,103,4701290
31234,4701480,51,4701531
31235,4701554,234,4701788
31236,4701862,58,4701920
31237,4701969,154,4702123
31238,4702316,17,4702333
31239,4702339,191,4702530
31240,4702604,13,4702617
31241,4702650,220,4702870
31242,4703140,48,4703188
31243,4703232,12,4703244
31244,4703417,84,4703501
31245,4703520,78,4703598
31246,4703705,5,4703710
31247,4703724,21,4703745
31248,4703776,108,4703884
31249,4704507,76,4704583
31250,4704655,14,4704669
31251,4704721,21,4704742
31252,4704782,39,4704821
31253,4704892,80,4704972
31254,4705088,170,4705258
31255,4705280,93,4705373
31256,4705442,3,4705445
31257,4705455,6,4705461
31258,4705579,3,4705582
31259,4705671,54,4705725
31260,4706062,74,4706136
31261,4706139,2,4706141
31262,4706191,4,4706195
31263,4706266,73,4706339
31264,4706340,70,4706410
31265,4707042,60,4707102
31266,4707681,146,4707827
31267,4708201,66,4708267
31268,4708310,10,4708320
31269,4708337,10,4708347
31270,4708387,8,4708395
31271,4708399,41,4708440
31272,4708459,39,4708498
31273,4708626,53,4708679
31274,4708685,52,4708737
31275,4708767,10,4708777
31276,4708801,27,4708828
31277,4708860,148,4709008
31278,4709010,39,4709049
31279,4709055,27,4709082
31280,4709137,86,4709223
31281,4709273,1,4709274
31282,4709320,18,4709338
31283,4709365,132,4709497
31284,4709515,81,4709596
31285,4709758,6,4709764
31286,4710015,22,4710037
31287,4710096,8,4710104
31288,4710106,24,4710130
31289,4710247,106,4710353
31290,4710466,3,4710469
31291,4710524,31,4710555
31292,4710639,61,4710700
31293,4710808,48,4710856
31294,4711041,3,4711044
31295,4711089,14,4711103
31296,4711261,77,4711338
31297,4711446,30,4711476
31298,4711532,2,4711534
31299,4711561,3,4711564
31300,4711583,4,4711587
31301,4711643,16,4711659
31302,4711804,37,4711841
31303,4711869,7,4711876
31304,4711909,55,4711964
31305,4711992,9,4712001
31306,4712062,69,4712131
31307,4712229,57,4712286
31308,4712345,54,4712399
31309,4712476,9,4712485
31310,4712584,68,4712652
31311,4712763,46,4712809
31312,4712816,46,4712862
31313,4712946,133,4713079
31314,4713101,192,4713293
31315,4713431,5,4713436
31316,4713494,73,4713567
31317,4713587,56,4713643
31318,4713709,120,4713829
31319,4713833,21,4713854
31320,4714042,14,4714056
31321,4714071,26,4714097
31322,4714153,4,4714157
31323,4714273,117,4714390
31324,4714402,64,4714466
31325,4714558,50,4714608
31326,4714823,40,4714863
31327,4714869,10,4714879
31328,4715000,106,4715106
31329,4715136,22,4715158
31330,4715207,3,4715210
31331,4715288,16,4715304
31332,4715308,4,4715312
31333,4715580,19,4715599
31334,4715715,16,4715731
31335,4716076,25,4716101
31336,4716170,9,4716179
31337,4716464,23,4716487
31338,4716531,52,4716583
31339,4716609,39,4716648
31340,4716659,21,4716680
31341,4716893,26,4716919
31342,4717167,9,4717176
31343,4717373,30,4717403
31344,4717432,116,4717548
31345,4717908,16,4717924
31346,4718014,160,4718174
31347,4718270,24,4718294
31348,4718372,27,4718399
31349,4718580,25,4718605
31350,4718620,22,4718642
31351,4718999,5,4719004
31352,4719021,27,4719048
31353,4719054,17,4719071
31354,4719124,4,4719128
31355,4719256,13,4719269
31356,4719301,14,4719315
31357,4719439,12,4719451
31358,4719453,17,4719470
31359,4719474,33,4719507
31360,4719627,9,4719636
31361,4719672,37,4719709
31362,4719734,27,4719761
31363,4719792,3,4719795
31364,4719840,132,4719972
31365,4720209,30,4720239
31366,4720357,36,4720393
31367,4720429,40,4720469
31368,4720483,71,4720554
31369,4720646,3,4720649
31370,4720660,117,4720777
31371,4720778,7,4720785
31372,4720824,68,4720892
31373,4720973,32,4721005
31374,4721150,3,4721153
31375,4721170,43,4721213
31376,4721598,28,4721626
31377,4721702,67,4721769
31378,4721796,8,4721804
31379,4721844,14,4721858
31380,4722037,104,4722141
31381,4722156,9,4722165
31382,4722198,141,4722339
31383,4722528,69,4722597
31384,4722599,2,4722601
31385,4722609,42,4722651
31386,4722681,3,4722684
31387,4722704,213,4722917
31388,4722945,96,4723041
31389,4723064,37,4723101
31390,4723116,36,4723152
31391,4723338,6,4723344
31392,4723403,62,4723465
31393,4723476,2,4723478
31394,4723504,63,4723567
31395,4723576,17,4723593
31396,4723772,49,4723821
31397,4723891,13,4723904
31398,4724027,58,4724085
31399,4724120,72,4724192
31400,4724212,61,4724273
31401,4724415,86,4724501
31402,4724530,76,4724606
31403,4724756,12,4724768
31404,4724858,45,4724903
31405,4725069,9,4725078
31406,4725120,105,4725225
31407,4725295,158,4725453
31408,4725627,12,4725639
31409,4725650,16,4725666
31410,4725715,45,4725760
31411,4725781,60,4725841
31412,4725934,47,4725981
31413,4726155,15,4726170
31414,4726374,140,4726514
31415,4726515,8,4726523
31416,4726580,74,4726654
31417,4726734,133,4726867
31418,4726958,108,4727066
31419,4727139,84,4727223
31420,4727445,21,4727466
31421,4727481,47,4727528
31422,4727618,46,4727664
31423,4727675,62,4727737
31424,4727763,51,4727814
31425,4727926,42,4727968
31426,4728041,87,4728128
31427,4728219,22,4728241
31428,4728301,57,4728358
31429,4728362,4,4728366
31430,4728529,109,4728638
31431,4728663,61,4728724
31432,4728834,45,4728879
31433,4728921,21,4728942
31434,4729229,28,4729257
31435,4729265,84,4729349
31436,4729536,17,4729553
31437,4729625,17,4729642
31438,4729744,17,4729761
31439,4729781,65,4729846
31440,4729903,50,4729953
31441,4729990,24,4730014
31442,4730056,2,4730058
31443,4730103,61,4730164
31444,4730398,34,4730432
31445,4730488,12,4730500
31446,4730601,37,4730638
31447,4730656,6,4730662
31448,4730797,61,4730858
31449,4731025,7,4731032
31450,4731052,111,4731163
31451,4731242,28,4731270
31452,4731360,67,4731427
31453,4731433,2,4731435
31454,4731436,26,4731462
31455,4731550,67,4731617
31456,4731656,34,4731690
31457,4731752,194,4731946
31458,4732147,66,4732213
31459,4732402,110,4732512
31460,4732738,40,4732778
31461,4733010,1,4733011
31462,4733038,5,4733043
31463,4733092,51,4733143
31464,4733214,31,4733245
31465,4733254,72,4733326
31466,4733537,94,4733631
31467,4733644,5,4733649
31468,4733670,60,4733730
31469,4733789,23,4733812
31470,4733870,15,4733885
31471,4733976,52,4734028
31472,4734058,19,4734077
31473,4734165,18,4734183
31474,4734189,96,4734285
31475,4734396,17,4734413
31476,4734684,21,4734705
31477,4734868,344,4735212
31478,4735234,166,4735400
31479,4735640,78,4735718
31480,4735735,15,4735750
31481,4735755,92,4735847
31482,4735876,35,4735911
31483,4736252,26,4736278
31484,4736323,23,4736346
31485,4736413,22,4736435
31486,4736454,61,4736515
31487,4736578,66,4736644
31488,4736744,47,4736791
31489,4736871,59,4736930
31490,4736975,83,4737058
31491,4737285,49,4737334
31492,4737537,88,4737625
31493,4737734,35,4737769
31494,4737853,63,4737916
31495,4737924,93,4738017
31496,4738105,62,4738167
31497,4738168,6,4738174
31498,4738204,4,4738208
31499,4738375,48,4738423
31500,4738513,1,4738514
31501,4738524,98,4738622
31502,4738662,161,4738823
31503,4738852,20,4738872
31504,4738910,100,4739010
31505,4739263,76,4739339
31506,4739406,34,4739440
31507,4739503,39,4739542
31508,4739556,8,4739564
31509,4739688,56,4739744
31510,4739748,70,4739818
31511,4739913,154,4740067
31512,4740114,10,4740124
31513,4740143,101,4740244
31514,4740268,41,4740309
31515,4740384,65,4740449
31516,4740537,40,4740577
31517,4740709,1,4740710
31518,4741070,5,4741075
31519,4741076,81,4741157
31520,4741288,2,4741290
31521,4741304,137,4741441
31522,4741479,16,4741495
31523,4741695,21,4741716
31524,4741985,14,4741999
31525,4742106,4,4742110
31526,4742302,2,4742304
31527,4742627,61,4742688
31528,4743012,15,4743027
31529,4743065,5,4743070
31530,4743071,34,4743105
31531,4743146,14,4743160
31532,4743443,61,4743504
31533,4743512,102,4743614
31534,4744137,40,4744177
31535,4744381,119,4744500
31536,4744535,130,4744665
31537,4744680,5,4744685
31538,4744874,21,4744895
31539,4745035,91,4745126
31540,4745164,38,4745202
31541,4745282,44,4745326
31542,4745327,9,4745336
31543,4745405,5,4745410
31544,4745591,12,4745603
31545,4745935,71,4746006
31546,4746071,100,4746171
31547,4746269,84,4746353
31548,4746394,83,4746477
31549,4746478,26,4746504
31550,4746521,6,4746527
31551,4746561,83,4746644
31552,4746653,71,4746724
31553,4746813,19,4746832
31554,4747057,24,4747081
31555,4747352,48,4747400
31556,4747580,49,4747629
31557,4747657,37,4747694
31558,4747835,155,4747990
31559,4748112,29,4748141
31560,4748304,39,4748343
31561,4748572,33,4748605
31562,4748830,3,4748833
31563,4749041,132,4749173
31564,4749256,6,4749262
31565,4749361,26,4749387
31566,4749407,28,4749435
31567,4749658,27,4749685
31568,4749829,138,4749967
31569,4750014,30,4750044
31570,4750060,80,4750140
31571,4750308,76,4750384
31572,4750404,48,4750452
31573,4750501,4,4750505
31574,4750524,46,4750570
31575,4750597,30,4750627
31576,4750794,2,4750796
31577,4750953,35,4750988
31578,4751089,12,4751101
31579,4751258,32,4751290
31580,4751325,32,4751357
31581,4751365,49,4751414
31582,4751443,5,4751448
31583,4751471,82,4751553
31584,4751577,24,4751601
31585,4751613,68,4751681
31586,4751772,16,4751788
31587,4752502,100,4752602
31588,4752802,1,4752803
31589,4752842,18,4752860
31590,4752972,3,4752975
31591,4752996,62,4753058
31592,4753062,9,4753071
31593,4753075,79,4753154
31594,4753203,30,4753233
31595,4753335,35,4753370
31596,4753390,58,4753448
31597,4753508,58,4753566
31598,4753690,37,4753727
31599,4754016,2,4754018
31600,4754197,68,4754265
31601,4754450,8,4754458
31602,4754478,4,4754482
31603,4754533,200,4754733
31604,4754785,84,4754869
31605,4754871,2,4754873
31606,4754926,34,4754960
31607,4754983,53,4755036
31608,4755058,93,4755151
31609,4755306,12,4755318
31610,4755662,95,4755757
31611,4755997,88,4756085
31612,4756144,17,4756161
31613,4756624,41,4756665
31614,4756741,36,4756777
31615,4756946,4,4756950
31616,4757051,31,4757082
31617,4757210,29,4757239
31618,4757304,59,4757363
31619,4757404,41,4757445
31620,4757457,3,4757460
31621,4757461,60,4757521
31622,4757523,23,4757546
31623,4757596,21,4757617
31624,4757716,26,4757742
31625,4757842,29,4757871
31626,4758001,20,4758021
31627,4758048,181,4758229
31628,4758434,45,4758479
31629,4758601,3,4758604
31630,4758653,144,4758797
31631,4759023,8,4759031
31632,4759744,37,4759781
31633,4759877,54,4759931
31634,4760074,54,4760128
31635,4760151,30,4760181
31636,4760296,4,4760300
31637,4760341,4,4760345
31638,4760473,36,4760509
31639,4760543,67,4760610
31640,4760614,3,4760617
31641,4760633,62,4760695
31642,4760794,57,4760851
31643,4761053,61,4761114
31644,4761123,35,4761158
31645,4761248,17,4761265
31646,4761559,11,4761570
31647,4761656,38,4761694
31648,4761867,135,4762002
31649,4762073,30,4762103
31650,4762181,69,4762250
31651,4762334,24,4762358
31652,4762360,27,4762387
31653,4762396,46,4762442
31654,4762445,131,4762576
31655,4762608,199,4762807
31656,4762897,3,4762900
31657,4763155,30,4763185
31658,4763217,12,4763229
31659,4763359,31,4763390
31660,4763746,3,4763749
31661,4763810,95,4763905
31662,4763925,73,4763998
31663,4764003,17,4764020
31664,4764422,34,4764456
31665,4764508,72,4764580
31666,4764688,7,4764695
31667,4764750,13,4764763
31668,4764848,7,4764855
31669,4765322,22,4765344
31670,4765376,82,4765458
31671,4765507,26,4765533
31672,4765570,38,4765608
31673,4765640,40,4765680
31674,4765966,7,4765973
31675,4765997,10,4766007
31676,4766132,22,4766154
31677,4766294,25,4766319
31678,4766346,85,4766431
31679,4766564,11,4766575
31680,4766655,39,4766694
31681,4766876,19,4766895
31682,4766914,63,4766977
31683,4767076,60,4767136
31684,4767219,12,4767231
31685,4767352,99,4767451
31686,4767723,85,4767808
31687,4767836,19,4767855
31688,4768099,5,4768104
31689,4768270,91,4768361
31690,4768376,35,4768411
31691,4768609,92,4768701
31692,4768711,28,4768739
31693,4768968,58,4769026
31694,4769059,73,4769132
31695,4769183,28,4769211
31696,4769278,31,4769309
31697,4769329,54,4769383
31698,4769431,6,4769437
31699,4769534,1,4769535
31700,4769564,3,4769567
31701,4769742,123,4769865
31702,4769881,21,4769902
31703,4770185,85,4770270
31704,4770347,7,4770354
31705,4770459,74,4770533
31706,4770636,49,4770685
31707,4770845,9,4770854
31708,4771301,101,4771402
31709,4771412,164,4771576
31710,4771704,95,4771799
31711,4771848,16,4771864
31712,4771926,216,4772142
31713,4772280,22,4772302
31714,4772327,125,4772452
31715,4772586,66,4772652
31716,4772741,25,4772766
31717,4772876,106,4772982
31718,4773061,15,4773076
31719,4773136,11,4773147
31720,4773187,121,4773308
31721,4773387,21,4773408
31722,4773419,26,4773445
31723,4773460,92,4773552
31724,4773643,93,4773736
31725,4773995,3,4773998
31726,4774060,29,4774089
31727,4774114,100,4774214
31728,4774313,2,4774315
31729,4774425,7,4774432
31730,4774526,33,4774559
31731,4774962,191,4775153
31732,4775328,62,4775390
31733,4775504,18,4775522
31734,4775593,45,4775638
31735,4775650,40,4775690
31736,4776450,3,4776453
31737,4776576,38,4776614
31738,4776693,128,4776821
31739,4776845,28,4776873
31740,4777099,4,4777103
31741,4777205,23,4777228
31742,4777236,16,4777252
31743,4777253,10,4777263
31744,4777283,108,4777391
31745,4777398,11,4777409
31746,4777505,39,4777544
31747,4777721,52,4777773
31748,4777778,20,4777798
31749,4777835,1,4777836
31750,4778004,20,4778024
31751,4778041,47,4778088
31752,4778143,2,4778145
31753,4778353,5,4778358
31754,4778462,27,4778489
31755,4778551,4,4778555
31756,4778653,44,4778697
31757,4778789,50,4778839
31758,4778864,21,4778885
31759,4778892,76,4778968
31760,4779046,12,4779058
31761,4779178,43,4779221
31762,4779310,33,4779343
31763,4779352,15,4779367
31764,4779374,22,4779396
31765,4779493,6,4779499
31766,4779517,13,4779530
31767,4779619,3,4779622
31768,4779763,61,4779824
31769,4779943,79,4780022
31770,4780067,42,4780109
31771,4780280,6,4780286
31772,4780427,72,4780499
31773,4780614,4,4780618
31774,4780620,22,4780642
31775,4780851,247,4781098
31776,4781205,35,4781240
31777,4781335,8,4781343
31778,4781397,64,4781461
31779,4781644,115,4781759
31780,4781873,77,4781950
31781,4782143,4,4782147
31782,4782309,94,4782403
31783,4782485,1,4782486
31784,4782524,35,4782559
31785,4782577,170,4782747
31786,4782752,110,4782862
31787,4783119,61,4783180
31788,4783329,112,4783441
31789,4783647,29,4783676
31790,4783699,29,4783728
31791,4783826,107,4783933
31792,4784064,1,4784065
31793,4784074,49,4784123
31794,4784142,39,4784181
31795,4784191,126,4784317
31796,4784398,19,4784417
31797,4784563,15,4784578
31798,4784849,23,4784872
31799,4784911,1,4784912
31800,4784976,16,4784992
31801,4785063,70,4785133
31802,4785155,8,4785163
31803,4785222,22,4785244
31804,4785265,29,4785294
31805,4785349,19,4785368
31806,4785438,8,4785446
31807,4785683,13,4785696
31808,4785700,193,4785893
31809,4785986,23,4786009
31810,4786096,305,4786401
31811,4786495,58,4786553
31812,4786569,72,4786641
31813,4786685,24,4786709
31814,4786736,29,4786765
31815,4786854,11,4786865
31816,4786892,63,4786955
31817,4787009,35,4787044
31818,4787059,10,4787069
31819,4787075,27,4787102
31820,4787111,76,4787187
31821,4787451,275,4787726
31822,4787877,39,4787916
31823,4788145,70,4788215
31824,4788265,16,4788281
31825,4788287,7,4788294
31826,4788303,44,4788347
31827,4788429,132,4788561
31828,4788685,63,4788748
31829,4788946,33,4788979
31830,4789299,57,4789356
31831,4789401,74,4789475
31832,4789605,10,4789615
31833,4789625,91,4789716
31834,4789725,47,4789772
31835,4789798,16,4789814
31836,4789934,12,4789946
31837,4789961,24,4789985
31838,4790370,56,4790426
31839,4790677,10,4790687
31840,4790696,90,4790786
31841,4790826,15,4790841
31842,4790845,8,4790853
31843,4790862,16,4790878
31844,4791055,24,4791079
31845,4791161,15,4791176
31846,4791272,144,4791416
31847,4791426,88,4791514
31848,4791641,8,4791649
31849,4791735,59,4791794
31850,4791833,103,4791936
31851,4791973,35,4792008
31852,4792086,14,4792100
31853,4792285,59,4792344
31854,4792473,19,4792492
31855,4792541,49,4792590
31856,4792609,33,4792642
31857,4792680,68,4792748
31858,4792753,106,4792859
31859,4792951,12,4792963
31860,4793159,44,4793203
31861,4793252,19,4793271
31862,4793385,10,4793395
31863,4793420,40,4793460
31864,4793571,45,4793616
31865,4793635,2,4793637
31866,4793732,3,4793735
31867,4793764,26,4793790
31868,4793854,85,4793939
31869,4793949,33,4793982
31870,4794032,8,4794040
31871,4794107,58,4794165
31872,4794339,6,4794345
31873,4794408,14,4794422
31874,4794430,73,4794503
31875,4794622,1,4794623
31876,4794631,40,4794671
31877,4794683,105,4794788
31878,4794789,60,4794849
31879,4794898,22,4794920
31880,4795000,37,4795037
31881,4795114,18,4795132
31882,4795272,9,4795281
31883,4795506,20,4795526
31884,4795765,14,4795779
31885,4795786,6,4795792
31886,4795865,47,4795912
31887,4795973,51,4796024
31888,4796062,118,4796180
31889,4796203,19,4796222
31890,4796527,321,4796848
31891,4796866,53,4796919
31892,4797329,14,4797343
31893,4797355,44,4797399
31894,4797487,35,4797522
31895,4797547,28,4797575
31896,4797594,24,4797618
31897,4797966,122,4798088
31898,4798156,3,4798159
31899,4798195,103,4798298
31900,4798395,5,4798400
31901,4798514,67,4798581
31902,4798744,46,4798790
31903,4798836,3,4798839
31904,4798883,31,4798914
31905,4798964,32,4798996
31906,4799593,27,4799620
31907,4799706,2,4799708
31908,4799858,35,4799893
31909,4800106,38,4800144
31910,4800160,21,4800181
31911,4800417,4,4800421
31912,4800537,232,4800769
31913,4800783,5,4800788
31914,4800801,72,4800873
31915,4800918,2,4800920
31916,4800945,68,4801013
31917,4801101,19,4801120
31918,4801220,28,4801248
31919,4801324,6,4801330
31920,4801384,8,4801392
31921,4801578,28,4801606
31922,4801868,40,4801908
31923,4802008,14,4802022
31924,4802056,1,4802057
31925,4802205,2,4802207
31926,4802219,38,4802257
31927,4802313,126,4802439
31928,4802578,12,4802590
31929,4802826,185,4803011
31930,4803039,2,4803041
31931,4803059,20,4803079
31932,4803080,4,4803084
31933,4803100,50,4803150
31934,4803225,46,4803271
31935,4803298,26,4803324
31936,4803327,5,4803332
31937,4803386,198,4803584
31938,4803601,27,4803628
31939,4803630,36,4803666
31940,4803845,1,4803846
31941,4803847,35,4803882
31942,4804070,43,4804113
31943,4804192,68,4804260
31944,4804327,12,4804339
31945,4804420,166,4804586
31946,4804621,8,4804629
31947,4804859,126,4804985
31948,4805219,8,4805227
31949,4805413,222,4805635
31950,4805800,23,4805823
31951,4806009,58,4806067
31952,4806161,28,4806189
31953,4806308,37,4806345
31954,4806599,66,4806665
31955,4806696,161,4806857
31956,4806898,49,4806947
31957,4806954,104,4807058
31958,4807204,43,4807247
31959,4807297,23,4807320
31960,4807390,73,4807463
31961,4807699,81,4807780
31962,4807841,8,4807849
31963,4807915,25,4807940
31964,4807985,39,4808024
31965,4808029,73,4808102
31966,4808121,26,4808147
31967,4808305,20,4808325
31968,4808556,5,4808561
31969,4808789,16,4808805
31970,4808938,15,4808953
31971,4808972,71,4809043
31972,4809144,30,4809174
31973,4809269,25,4809294
31974,4809351,43,4809394
31975,4809431,35,4809466
31976,4809470,13,4809483
31977,4809670,1,4809671
31978,4809827,13,4809840
31979,4810156,124,4810280
31980,4810473,12,4810485
31981,4810487,85,4810572
31982,4810582,79,4810661
31983,4810815,72,4810887
31984,4810939,19,4810958
31985,4811184,81,4811265
31986,4811277,26,4811303
31987,4811338,14,4811352
31988,4811429,17,4811446
31989,4811449,26,4811475
31990,4811543,4,4811547
31991,4811643,13,4811656
31992,4811691,171,4811862
31993,4811868,12,4811880
31994,4811947,31,4811978
31995,4811996,21,4812017
31996,4812198,79,4812277
31997,4812428,111,4812539
31998,4812675,86,4812761
31999,4812765,59,4812824
32000,4813156,64,4813220
32001,4813275,57,4813332
32002,4813682,53,4813735
32003,4813781,115,4813896
32004,4813995,39,4814034
32005,4814278,8,4814286
32006,4814287,35,4814322
32007,4814599,90,4814689
32008,4814820,7,4814827
32009,4814830,14,4814844
32010,4814861,27,4814888
32011,4814961,2,4814963
32012,4814997,9,4815006
32013,4815067,115,4815182
32014,4815304,86,4815390
32015,4815702,52,4815754
32016,4815781,69,4815850
32017,4816055,67,4816122
32018,4816170,26,4816196
32019,4816265,47,4816312
32020,4816387,9,4816396
32021,4816418,3,4816421
32022,4816551,58,4816609
32023,4816775,38,4816813
32024,4816937,123,4817060
32025,4817169,18,4817187
32026,4817216,32,4817248
32027,4817308,33,4817341
32028,4817399,235,4817634
32029,4817814,20,4817834
32030,4817850,81,4817931
32031,4818059,40,4818099
32032,4818446,23,4818469
32033,4818494,51,4818545
32034,4818592,30,4818622
32035,4818701,16,4818717
32036,4819033,5,4819038
32037,4819423,18,4819441
32038,4819561,28,4819589
32039,4819639,33,4819672
32040,4819726,28,4819754
32041,4819770,72,4819842
32042,4819876,44,4819920
32043,4820161,283,4820444
32044,4820529,13,4820542
32045,4820860,249,4821109
32046,4821134,101,4821235
32047,4821266,4,4821270
32048,4821294,13,4821307
32049,4821397,58,4821455
32050,4821877,64,4821941
32051,4822090,6,4822096
32052,4822156,24,4822180
32053,4822192,97,4822289
32054,4822311,17,4822328
32055,4822363,46,4822409
32056,4822474,9,4822483
32057,4822638,41,4822679
32058,4822733,40,4822773
32059,4822985,10,4822995
32060,4823079,20,4823099
32061,4823124,196,4823320
32062,4823373,49,4823422
32063,4823442,22,4823464
32064,4823479,29,4823508
32065,4823567,131,4823698
32066,4823750,24,4823774
32067,4823804,20,4823824
32068,4823860,33,4823893
32069,4824040,181,4824221
32070,4824227,23,4824250
32071,4824542,25,4824567
32072,4824659,32,4824691
32073,4824713,22,4824735
32074,4824868,77,4824945
32075,4825085,119,4825204
32076,4825223,26,4825249
32077,4825363,59,4825422
32078,4825460,1,4825461
32079,4825867,27,4825894
32080,4826125,25,4826150
32081,4826174,32,4826206
32082,4826225,88,4826313
32083,4826584,2,4826586
32084,4826588,43,4826631
32085,4826825,76,4826901
32086,4827011,82,4827093
32087,4827123,12,4827135
32088,4827618,54,4827672
32089,4827843,72,4827915
32090,4828261,31,4828292
32091,4828680,21,4828701
32092,4828862,55,4828917
32093,4828971,29,4829000
32094,4829161,63,4829224
32095,4829354,73,4829427
32096,4829570,89,4829659
32097,4829675,23,4829698
32098,4829728,33,4829761
32099,4829958,70,4830028
32100,4830042,47,4830089
32101,4830230,53,4830283
32102,4830497,5,4830502
32103,4830544,3,4830547
32104,4830568,50,4830618
32105,4830623,6,4830629
32106,4830669,21,4830690
32107,4830749,22,4830771
32108,4830818,38,4830856
32109,4830964,65,4831029
32110,4831041,110,4831151
32111,4831164,45,4831209
32112,4831294,106,4831400
32113,4831526,56,4831582
32114,4831656,23,4831679
32115,4831742,40,4831782
32116,4831850,38,4831888
32117,4831902,22,4831924
32118,4832020,31,4832051
32119,4832080,32,4832112
32120,4832132,65,4832197
32121,4832327,76,4832403
32122,4832478,153,4832631
32123,4832677,31,4832708
32124,4832756,24,4832780
32125,4832958,160,4833118
32126,4833219,33,4833252
32127,4833266,13,4833279
32128,4833288,6,4833294
32129,4833299,35,4833334
32130,4833571,67,4833638
32131,4833788,9,4833797
32132,4833969,4,4833973
32133,4834002,28,4834030
32134,4834081,126,4834207
32135,4834419,30,4834449
32136,4834476,186,4834662
32137,4834691,82,4834773
32138,4834809,39,4834848
32139,4834899,80,4834979
32140,4835058,7,4835065
32141,4835120,43,4835163
32142,4835222,4,4835226
32143,4835293,62,4835355
32144,4835394,8,4835402
32145,4835440,3,4835443
32146,4835526,42,4835568
32147,4835577,123,4835700
32148,4835769,54,4835823
32149,4835987,65,4836052
32150,4836082,3,4836085
32151,4836130,40,4836170
32152,4836192,205,4836397
32153,4836444,86,4836530
32154,4836700,4,4836704
32155,4836897,7,4836904
32156,4836912,1,4836913
32157,4836977,10,4836987
32158,4837146,8,4837154
32159,4837183,8,4837191
32160,4837332,39,4837371
32161,4837746,68,4837814
32162,4837963,15,4837978
32163,4838093,79,4838172
32164,4838212,9,4838221
32165,4838226,52,4838278
32166,4838376,3,4838379
32167,4838484,110,4838594
32168,4838641,30,4838671
32169,4838791,49,4838840
32170,4838861,42,4838903
32171,4838953,15,4838968
32172,4839059,11,4839070
32173,4839191,340,4839531
32174,4839697,37,4839734
32175,4839775,142,4839917
32176,4839973,7,4839980
32177,4840024,117,4840141
32178,4840162,86,4840248
32179,4840259,77,4840336
32180,4840419,24,4840443
32181,4840469,100,4840569
32182,4840712,11,4840723
32183,4840805,43,4840848
32184,4840937,40,4840977
32185,4841100,19,4841119
32186,4841189,106,4841295
32187,4841361,9,4841370
32188,4841452,216,4841668
32189,4841672,13,4841685
32190,4841802,7,4841809
32191,4841845,15,4841860
32192,4841924,51,4841975
32193,4842011,12,4842023
32194,4842044,137,4842181
32195,4842244,1,4842245
32196,4842286,65,4842351
32197,4842373,174,4842547
32198,4842593,143,4842736
32199,4842781,27,4842808
32200,4842834,46,4842880
32201,4842897,24,4842921
32202,4842999,11,4843010
32203,4843171,13,4843184
32204,4843355,28,4843383
32205,4843615,15,4843630
32206,4843725,17,4843742
32207,4843779,35,4843814
32208,4843951,64,4844015
32209,4844060,6,4844066
32210,4844181,14,4844195
32211,4844539,83,4844622
32212,4844694,67,4844761
32213,4844910,35,4844945
32214,4845555,44,4845599
32215,4845727,159,4845886
32216,4846090,12,4846102
32217,4846173,113,4846286
32218,4846297,27,4846324
32219,4846382,14,4846396
32220,4846410,20,4846430
32221,4846547,34,4846581
32222,4846866,29,4846895
32223,4847005,47,4847052
32224,4847080,25,4847105
32225,4847122,15,4847137
32226,4847209,2,4847211
32227,4847355,72,4847427
32228,4847430,30,4847460
32229,4847470,11,4847481
32230,4847521,4,4847525
32231,4847621,93,4847714
32232,4847723,52,4847775
32233,4847790,8,4847798
32234,4847827,33,4847860
32235,4847898,47,4847945
32236,4848067,50,4848117
32237,4848160,46,4848206
32238,4848257,51,4848308
32239,4848633,5,4848638
32240,4848692,20,4848712
32241,4848760,85,4848845
32242,4849013,13,4849026
32243,4849043,189,4849232
32244,4849341,34,4849375
32245,4849405,44,4849449
32246,4849450,34,4849484
32247,4849645,16,4849661
32248,4849663,106,4849769
32249,4849812,5,4849817
32250,4849829,57,4849886
32251,4849902,11,4849913
32252,4849948,4,4849952
32253,4849983,26,4850009
32254,4850029,56,4850085
32255,4850168,11,4850179
32256,4850291,39,4850330
32257,4850537,56,4850593
32258,4850614,179,4850793
32259,4851119,24,4851143
32260,4851179,31,4851210
32261,4851216,15,4851231
32262,4851385,36,4851421
32263,4851440,35,4851475
32264,4851677,136,4851813
32265,4851839,23,4851862
32266,4851876,19,4851895
32267,4851934,162,4852096
32268,4852116,16,4852132
32269,4852347,11,4852358
32270,4852361,68,4852429
32271,4852531,170,4852701
32272,4852799,1,4852800
32273,4852928,48,4852976
32274,4853066,2,4853068
32275,4853227,27,4853254
32276,4853714,119,4853833
32277,4853857,26,4853883
32278,4854057,1,4854058
32279,4854112,19,4854131
32280,4854296,9,4854305
32281,4854381,1,4854382
32282,4854560,36,4854596
32283,4854720,48,4854768
32284,4854825,7,4854832
32285,4855090,11,4855101
32286,4855166,107,4855273
32287,4855486,61,4855547
32288,4855559,15,4855574
32289,4855636,20,4855656
32290,4855960,24,4855984
32291,4856006,3,4856009
32292,4856069,42,4856111
32293,4856139,37,4856176
32294,4856226,98,4856324
32295,4856454,72,4856526
32296,4856567,59,4856626
32297,4856657,87,4856744
32298,4856785,7,4856792
32299,4856846,201,4857047
32300,4857245,30,4857275
32301,4857307,130,4857437
32302,4857516,22,4857538
32303,4857664,2,4857666
32304,4857750,7,4857757
32305,4858097,40,4858137
32306,4858150,25,4858175
32307,4858319,5,4858324
32308,4858673,6,4858679
32309,4858682,81,4858763
32310,4858905,35,4858940
32311,4859047,139,4859186
32312,4859265,21,4859286
32313,4859296,30,4859326
32314,4859380,4,4859384
32315,4859492,27,4859519
32316,4859647,45,4859692
32317,4859715,79,4859794
32318,4859864,108,4859972
32319,4859996,56,4860052
32320,4860105,78,4860183
32321,4860225,153,4860378
32322,4860412,8,4860420
32323,4860647,114,4860761
32324,4860775,21,4860796
32325,4861096,46,4861142
32326,4861143,62,4861205
32327,4861332,17,4861349
32328,4861499,32,4861531
32329,4861592,36,4861628
32330,4861702,20,4861722
32331,4861730,27,4861757
32332,4861823,16,4861839
32333,4861875,48,4861923
32334,4862019,55,4862074
32335,4862218,47,4862265
32336,4862450,55,4862505
32337,4862559,28,4862587
32338,4862592,86,4862678
32339,4862971,84,4863055
32340,4863093,4,4863097
32341,4863200,5,4863205
32342,4863297,130,4863427
32343,4863487,100,4863587
32344,4863728,12,4863740
32345,4863764,7,4863771
32346,4863836,1,4863837
32347,4863857,133,4863990
32348,4864098,3,4864101
32349,4864174,52,4864226
32350,4864231,69,4864300
32351,4864376,92,4864468
32352,4864532,74,4864606
32353,4864618,43,4864661
32354,4864811,19,4864830
32355,4864910,52,4864962
32356,4865122,169,4865291
32357,4865341,145,4865486
32358,4865545,81,4865626
32359,4865711,55,4865766
32360,4865863,4,4865867
32361,4865903,51,4865954
32362,4866012,32,4866044
32363,4866072,23,4866095
32364,4866096,71,4866167
32365,4866458,23,4866481
32366,4866534,38,4866572
32367,4866642,68,4866710
32368,4866729,39,4866768
32369,4866809,192,4867001
32370,4867060,21,4867081
32371,4867266,31,4867297
32372,4867334,122,4867456
32373,4867591,19,4867610
32374,4867624,52,4867676
32375,4867782,2,4867784
32376,4867859,36,4867895
32377,4868128,32,4868160
32378,4868513,73,4868586
32379,4868633,27,4868660
32380,4868673,72,4868745
32381,4868790,62,4868852
32382,4868917,5,4868922
32383,4868965,27,4868992
32384,4869033,10,4869043
32385,4869130,20,4869150
32386,4869155,5,4869160
32387,4869336,21,4869357
32388,4869359,99,4869458
32389,4869475,11,4869486
32390,4869535,41,4869576
32391,4869586,31,4869617
32392,4869668,21,4869689
32393,4869897,195,4870092
32394,4870103,65,4870168
32395,4870219,53,4870272
32396,4870314,37,4870351
32397,4870416,30,4870446
32398,4870606,60,4870666
32399,4870741,51,4870792
32400,4870810,6,4870816
32401,4870842,44,4870886
32402,4870985,23,4871008
32403,4871130,89,4871219
32404,4871258,97,4871355
32405,4871579,149,4871728
32406,4871873,49,4871922
32407,4872037,63,4872100
32408,4872146,20,4872166
32409,4872201,47,4872248
32410,4872305,18,4872323
32411,4872333,21,4872354
32412,4872498,21,4872519
32413,4872599,57,4872656
32414,4872707,25,4872732
32415,4872754,2,4872756
32416,4872780,48,4872828
32417,4872894,30,4872924
32418,4873152,68,4873220
32419,4873315,15,4873330
32420,4873363,6,4873369
32421,4873385,66,4873451
32422,4873594,21,4873615
32423,4873616,4,4873620
32424,4873649,109,4873758
32425,4873847,144,4873991
32426,4873993,29,4874022
32427,4874128,36,4874164
32428,4874204,1,4874205
32429,4874335,8,4874343
32430,4874615,34,4874649
32431,4874714,64,4874778
32432,4874867,30,4874897
32433,4874908,3,4874911
32434,4874916,163,4875079
32435,4875321,68,4875389
32436,4875476,95,4875571
32437,4875605,35,4875640
32438,4875658,13,4875671
32439,4875703,9,4875712
32440,4875865,4,4875869
32441,4875883,99,4875982
32442,4875993,9,4876002
32443,4876056,16,4876072
32444,4876107,16,4876123
32445,4876174,17,4876191
32446,4876299,55,4876354
32447,4876445,54,4876499
32448,4876533,6,4876539
32449,4876744,48,4876792
32450,4876911,104,4877015
32451,4877172,35,4877207
32452,4877230,79,4877309
32453,4877547,6,4877553
32454,4877646,2,4877648
32455,4877678,326,4878004
32456,4878063,46,4878109
32457,4878195,52,4878247
32458,4878357,10,4878367
32459,4878412,131,4878543
32460,4878739,90,4878829
32461,4878872,26,4878898
32462,4879119,25,4879144
32463,4879185,61,4879246
32464,4879302,14,4879316
32465,4879333,19,4879352
32466,4879542,20,4879562
32467,4879699,42,4879741
32468,4879913,13,4879926
32469,4880098,98,4880196
32470,4880222,116,4880338
32471,4880666,36,4880702
32472,4881152,25,4881177
32473,4881748,103,4881851
32474,4881894,43,4881937
32475,4881984,5,4881989
32476,4882050,84,4882134
32477,4882226,128,4882354
32478,4882389,39,4882428
32479,4882504,163,4882667
32480,4882835,140,4882975
32481,4883104,45,4883149
32482,4883160,10,4883170
32483,4883215,14,4883229
32484,4883339,146,4883485
32485,4883504,17,4883521
32486,4883735,156,4883891
32487,4883922,97,4884019
32488,4884605,18,4884623
32489,4884707,17,4884724
32490,4884881,15,4884896
32491,4885143,11,4885154
32492,4885218,47,4885265
32493,4885420,90,4885510
32494,4885558,5,4885563
32495,4885578,17,4885595
32496,4885662,11,4885673
32497,4885684,24,4885708
32498,4885809,71,4885880
32499,4885894,20,4885914
32500,4885953,50,4886003
32501,4886036,86,4886122
32502,4886189,78,4886267
32503,4886304,72,4886376
32504,4886473,84,4886557
32505,4886603,32,4886635
32506,4886745,45,4886790
32507,4886945,223,4887168
32508,4887343,24,4887367
32509,4887413,14,4887427
32510,4887530,128,4887658
32511,4887670,7,4887677
32512,4887840,68,4887908
32513,4887964,178,4888142
32514,4888356,71,4888427
32515,4888475,17,4888492
32516,4888565,23,4888588
32517,4888631,182,4888813
32518,4888960,28,4888988
32519,4889101,94,4889195
32520,4889356,6,4889362
32521,4889548,58,4889606
32522,4889616,102,4889718
32523,4890000,66,4890066
32524,4890094,184,4890278
32525,4890503,4,4890507
32526,4890508,236,4890744
32527,4890761,51,4890812
32528,4891169,53,4891222
32529,4891234,27,4891261
32530,4891326,22,4891348
32531,4891390,13,4891403
32532,4891435,20,4891455
32533,4891500,4,4891504
32534,4891711,20,4891731
32535,4891793,136,4891929
32536,4892019,51,4892070
32537,4892091,51,4892142
32538,4892297,76,4892373
32539,4892375,6,4892381
32540,4892382,6,4892388
32541,4892410,16,4892426
32542,4892509,34,4892543
32543,4892809,22,4892831
32544,4892900,60,4892960
32545,4892984,75,4893059
32546,4893088,5,4893093
32547,4893179,3,4893182
32548,4893416,4,4893420
32549,4893424,21,4893445
32550,4893463,46,4893509
32551,4893600,44,4893644
32552,4893687,33,4893720
32553,4893776,54,4893830
32554,4894051,7,4894058
32555,4894090,63,4894153
32556,4894203,54,4894257
32557,4894349,155,4894504
32558,4894632,155,4894787
32559,4894827,54,4894881
32560,4895009,17,4895026
32561,4895216,38,4895254
32562,4895258,15,4895273
32563,4895561,17,4895578
32564,4895604,4,4895608
32565,4895766,9,4895775
32566,4895975,8,4895983
32567,4896029,3,4896032
32568,4896242,177,4896419
32569,4896492,38,4896530
32570,4896531,65,4896596
32571,4896691,29,4896720
32572,4896820,53,4896873
32573,4897282,15,4897297
32574,4897494,39,4897533
32575,4897615,10,4897625
32576,4897668,31,4897699
32577,4897839,39,4897878
32578,4897999,35,4898034
32579,4898113,3,4898116
32580,4898209,286,4898495
32581,4898717,56,4898773
32582,4898802,7,4898809
32583,4898856,145,4899001
32584,4899171,7,4899178
32585,4899310,164,4899474
32586,4899498,7,4899505
32587,4899558,116,4899674
32588,4899981,61,4900042
32589,4900379,29,4900408
32590,4900427,49,4900476
32591,4900503,147,4900650
32592,4900685,6,4900691
32593,4900702,111,4900813
32594,4900850,15,4900865
32595,4900878,67,4900945
32596,4901187,62,4901249
32597,4901285,11,4901296
32598,4901374,6,4901380
32599,4901498,41,4901539
32600,4901555,103,4901658
32601,4901712,17,4901729
32602,4901797,8,4901805
32603,4901816,17,4901833
32604,4901834,9,4901843
32605,4901976,56,4902032
32606,4902208,42,4902250
32607,4902302,37,4902339
32608,4902428,23,4902451
32609,4902574,111,4902685
32610,4902774,15,4902789
32611,4902985,76,4903061
32612,4903542,53,4903595
32613,4903631,66,4903697
32614,4903732,39,4903771
32615,4903896,22,4903918
32616,4903933,11,4903944
32617,4903969,15,4903984
32618,4904076,61,4904137
32619,4904158,137,4904295
32620,4904618,32,4904650
32621,4904697,91,4904788
32622,4904821,13,4904834
32623,4905528,1,4905529
32624,4905548,64,4905612
32625,4905782,16,4905798
32626,4905843,36,4905879
32627,4905988,39,4906027
32628,4906089,39,4906128
32629,4906246,149,4906395
32630,4906403,54,4906457
32631,4906533,130,4906663
32632,4906683,16,4906699
32633,4906719,14,4906733
32634,4906740,25,4906765
32635,4906940,6,4906946
32636,4907063,50,4907113
32637,4907250,15,4907265
32638,4907562,69,4907631
32639,4907877,65,4907942
32640,4908126,29,4908155
32641,4908197,22,4908219
32642,4908243,109,4908352
32643,4908361,174,4908535
32644,4908707,84,4908791
32645,4908912,8,4908920
32646,4909128,18,4909146
32647,4909210,18,4909228
32648,4909307,8,4909315
32649,4909442,31,4909473
32650,4909519,33,4909552
32651,4909665,56,4909721
32652,4909801,49,4909850
32653,4909923,38,4909961
32654,4910090,30,4910120
32655,4910124,56,4910180
32656,4910220,37,4910257
32657,4910261,122,4910383
32658,4910467,116,4910583
32659,4910810,61,4910871
32660,4910967,79,4911046
32661,4911110,255,4911365
32662,4911395,36,4911431
32663,4911493,9,4911502
32664,4911516,25,4911541
32665,4911655,194,4911849
32666,4911913,27,4911940
32667,4911984,116,4912100
32668,4912161,76,4912237
32669,4912427,40,4912467
32670,4912524,26,4912550
32671,4912569,1,4912570
32672,4912718,83,4912801
32673,4912818,115,4912933
32674,4912985,15,4913000
32675,4913076,74,4913150
32676,4913241,54,4913295
32677,4913405,1,4913406
32678,4913600,23,4913623
32679,4913636,112,4913748
32680,4913836,58,4913894
32681,4914079,1,4914080
32682,4914133,35,4914168
32683,4914223,18,4914241
32684,4914426,46,4914472
32685,4914581,33,4914614
32686,4914660,79,4914739
32687,4914830,67,4914897
32688,4914981,24,4915005
32689,4915016,103,4915119
32690,4915121,44,4915165
32691,4915195,81,4915276
32692,4915305,186,4915491
32693,4915584,18,4915602
32694,4915635,178,4915813
32695,4915824,20,4915844
32696,4915913,51,4915964
32697,4916383,27,4916410
32698,4916525,34,4916559
32699,4916686,10,4916696
32700,4916809,23,4916832
32701,4916856,39,4916895
32702,4917712,19,4917731
32703,4917845,16,4917861
32704,4918154,25,4918179
32705,4918336,24,4918360
32706,4918472,17,4918489
32707,4918655,43,4918698
32708,4918710,15,4918725
32709,4918856,4,4918860
32710,4918865,41,4918906
32711,4918982,10,4918992
32712,4919350,21,4919371
32713,4919395,6,4919401
32714,4919520,18,4919538
32715,4919546,83,4919629
32716,4919645,29,4919674
32717,4919955,103,4920058
32718,4920082,60,4920142
32719,4920216,13,4920229
32720,4920469,83,4920552
32721,4920968,40,4921008
32722,4921408,57,4921465
32723,4921479,26,4921505
32724,4921670,73,4921743
32725,4921956,123,4922079
32726,4922085,68,4922153
32727,4922162,8,4922170
32728,4922400,137,4922537
32729,4922657,27,4922684
32730,4922910,42,4922952
32731,4922995,21,4923016
32732,4923217,13,4923230
32733,4923300,39,4923339
32734,4923356,41,4923397
32735,4923561,91,4923652
32736,4923789,35,4923824
32737,4923833,21,4923854
32738,4924030,27,4924057
32739,4924072,170,4924242
32740,4924269,6,4924275
32741,4924352,184,4924536
32742,4924586,55,4924641
32743,4924795,62,4924857
32744,4924938,1,4924939
32745,4924948,32,4924980
32746,4925055,25,4925080
32747,4925202,37,4925239
32748,4925341,15,4925356
32749,4925386,19,4925405
32750,4925417,63,4925480
32751,4925552,32,4925584
32752,4925679,52,4925731
32753,4926134,44,4926178
32754,4926392,2,4926394
32755,4926601,47,4926648
32756,4926662,24,4926686
32757,4926753,14,4926767
32758,4926845,43,4926888
32759,4927145,25,4927170
32760,4927283,166,4927449
32761,4927579,133,4927712
32762,4927750,139,4927889
32763,4927890,41,4927931
32764,4928110,87,4928197
32765,4928292,75,4928367
32766,4928414,30,4928444
32767,4928684,63,4928747
32768,4928845,137,4928982
32769,4929035,18,4929053
32770,4929121,8,4929129
32771,4929183,26,4929209
32772,4929243,1,4929244
32773,4929254,34,4929288
32774,4929316,34,4929350
32775,4929491,69,4929560
32776,4929571,193,4929764
32777,4929796,115,4929911
32778,4930031,96,4930127
32779,4930280,186,4930466
32780,4930578,123,4930701
32781,4930710,14,4930724
32782,4930889,12,4930901
32783,4931036,14,4931050
32784,4931133,34,4931167
32785,4931244,17,4931261
32786,4931298,6,4931304
32787,4931305,90,4931395
32788,4931608,39,4931647
32789,4932066,27,4932093
32790,4932095,94,4932189
32791,4932520,9,4932529
32792,4932558,16,4932574
32793,4932639,92,4932731
32794,4932806,163,4932969
32795,4932994,17,4933011
32796,4933017,94,4933111
32797,4933277,10,4933287
32798,4933354,33,4933387
32799,4933465,60,4933525
32800,4933529,10,4933539
32801,4933690,90,4933780
32802,4933795,69,4933864
32803,4933871,21,4933892
32804,4933979,9,4933988
32805,4933989,11,4934000
32806,4934011,13,4934024
32807,4934162,8,4934170
32808,4934183,2,4934185
32809,4934237,27,4934264
32810,4934359,1,4934360
32811,4934514,43,4934557
32812,4934588,94,4934682
32813,4934770,38,4934808
32814,4934975,12,4934987
32815,4935043,26,4935069
32816,4935076,1,4935077
32817,4935082,103,4935185
32818,4935274,24,4935298
32819,4935487,184,4935671
32820,4936280,14,4936294
32821,4936329,3,4936332
32822,4936373,7,4936380
32823,4936524,79,4936603
32824,4936873,17,4936890
32825,4936956,39,4936995
32826,4937168,4,4937172
32827,4937262,38,4937300
32828,4937374,119,4937493
32829,4937566,1,4937567
32830,4937606,35,4937641
32831,4937661,49,4937710
32832,4937809,65,4937874
32833,4937973,296,4938269
32834,4938287,16,4938303
32835,4938416,4,4938420
32836,4938441,7,4938448
32837,4938465,26,4938491
32838,4938543,19,4938562
32839,4938778,1,4938779
32840,4939066,47,4939113
32841,4939241,217,4939458
32842,4939816,69,4939885
32843,4940032,15,4940047
32844,4940415,58,4940473
32845,4940538,35,4940573
32846,4940821,4,4940825
32847,4941040,17,4941057
32848,4941108,76,4941184
32849,4941318,1,4941319
32850,4941356,74,4941430
32851,4941474,47,4941521
32852,4941562,15,4941577
32853,4941585,62,4941647
32854,4941831,26,4941857
32855,4941858,19,4941877
32856,4941931,39,4941970
32857,4942092,22,4942114
32858,4942228,8,4942236
32859,4942249,8,4942257
32860,4942334,8,4942342
32861,4942497,3,4942500
32862,4942582,58,4942640
32863,4942729,127,4942856
32864,4942928,77,4943005
32865,4943116,12,4943128
32866,4943193,72,4943265
32867,4943275,45,4943320
32868,4943377,1,4943378
32869,4943526,23,4943549
32870,4943729,12,4943741
32871,4943978,25,4944003
32872,4944024,3,4944027
32873,4944093,13,4944106
32874,4944175,51,4944226
32875,4944261,131,4944392
32876,4944590,19,4944609
32877,4944660,73,4944733
32878,4944846,186,4945032
32879,4945051,75,4945126
32880,4945208,41,4945249
32881,4945263,8,4945271
32882,4945466,31,4945497
32883,4945664,16,4945680
32884,4945718,2,4945720
32885,4945757,9,4945766
32886,4945816,28,4945844
32887,4945964,26,4945990
32888,4946206,8,4946214
32889,4946313,21,4946334
32890,4946393,4,4946397
32891,4946481,39,4946520
32892,4946713,11,4946724
32893,4946756,103,4946859
32894,4946866,43,4946909
32895,4947057,49,4947106
32896,4947153,38,4947191
32897,4947243,5,4947248
32898,4947274,47,4947321
32899,4947475,82,4947557
32900,4947925,60,4947985
32901,4948001,11,4948012
32902,4948390,85,4948475
32903,4948489,79,4948568
32904,4948674,26,4948700
32905,4948724,86,4948810
32906,4949119,97,4949216
32907,4949317,203,4949520
32908,4949540,13,4949553
32909,4949664,131,4949795
32910,4949858,8,4949866
32911,4949883,7,4949890
32912,4949919,87,4950006
32913,4950071,133,4950204
32914,4950285,114,4950399
32915,4950688,7,4950695
32916,4950788,14,4950802
32917,4950818,25,4950843
32918,4951005,51,4951056
32919,4951067,47,4951114
32920,4951235,71,4951306
32921,4951324,70,4951394
32922,4951479,95,4951574
32923,4951622,97,4951719
32924,4951801,33,4951834
32925,4951842,116,4951958
32926,4952030,23,4952053
32927,4952156,179,4952335
32928,4952391,59,4952450
32929,4952488,55,4952543
32930,4952574,142,4952716
32931,4952762,6,4952768
32932,4952973,12,4952985
32933,4953029,103,4953132
32934,4953346,76,4953422
32935,4953436,17,4953453
32936,4953481,32,4953513
32937,4953517,17,4953534
32938,4953713,53,4953766
32939,4953958,52,4954010
32940,4954059,16,4954075
32941,4954205,7,4954212
32942,4954246,13,4954259
32943,4954306,164,4954470
32944,4954479,121,4954600
32945,4954878,10,4954888
32946,4954935,13,4954948
32947,4954972,16,4954988
32948,4955044,36,4955080
32949,4955114,6,4955120
32950,4955145,104,4955249
32951,4955385,31,4955416
32952,4955523,195,4955718
32953,4955727,350,4956077
32954,4956126,69,4956195
32955,4956361,39,4956400
32956,4956429,8,4956437
32957,4956686,181,4956867
32958,4956898,77,4956975
32959,4957039,149,4957188
32960,4957204,84,4957288
32961,4957340,89,4957429
32962,4957755,4,4957759
32963,4957948,43,4957991
32964,4958161,17,4958178
32965,4958259,71,4958330
32966,4958343,35,4958378
32967,4958632,50,4958682
32968,4958725,77,4958802
32969,4958929,13,4958942
32970,4959301,22,4959323
32971,4959423,17,4959440
32972,4959638,12,4959650
32973,4959703,8,4959711
32974,4959747,21,4959768
32975,4959798,25,4959823
32976,4959940,19,4959959
32977,4959960,5,4959965
32978,4960014,16,4960030
32979,4960114,29,4960143
32980,4960268,61,4960329
32981,4960359,57,4960416
32982,4960537,16,4960553
32983,4960586,21,4960607
32984,4960831,80,4960911
32985,4961053,4,4961057
32986,4961151,83,4961234
32987,4961285,4,4961289
32988,4961527,42,4961569
32989,4961625,6,4961631
32990,4961795,72,4961867
32991,4961874,29,4961903
32992,4962166,42,4962208
32993,4962421,4,4962425
32994,4962503,43,4962546
32995,4962596,22,4962618
32996,4962628,16,4962644
32997,4962655,169,4962824
32998,4962888,3,4962891
32999,4963071,3,4963074
33000,4963212,101,4963313
33001,4963332,33,4963365
33002,4963409,73,4963482
33003,4963583,43,4963626
33004,4963749,87,4963836
33005,4964063,1,4964064
33006,4964692,16,4964708
33007,4964868,73,4964941
33008,4964998,83,4965081
33009,4965096,40,4965136
33010,4965326,228,4965554
33011,4965610,66,4965676
33012,4965689,11,4965700
33013,4965844,6,4965850
33014,4965855,86,4965941
33015,4966020,7,4966027
33016,4966054,40,4966094
33017,4966130,2,4966132
33018,4966218,83,4966301
33019,4966546,81,4966627
33020,4966665,4,4966669
33021,4966824,6,4966830
33022,4966982,88,4967070
33023,4967183,2,4967185
33024,4967271,48,4967319
33025,4967449,52,4967501
33026,4967689,60,4967749
33027,4967872,23,4967895
33028,4967907,9,4967916
33029,4968056,100,4968156
33030,4968233,20,4968253
33031,4968393,39,4968432
33032,4968574,286,4968860
33033,4968989,24,4969013
33034,4969043,125,4969168
33035,4969191,69,4969260
33036,4970128,154,4970282
33037,4970292,4,4970296
33038,4970540,76,4970616
33039,4970633,35,4970668
33040,4970709,65,4970774
33041,4970790,53,4970843
33042,4970999,55,4971054
33043,4971159,7,4971166
33044,4971198,3,4971201
33045,4971243,23,4971266
33046,4971295,41,4971336
33047,4971604,39,4971643
33048,4972024,17,4972041
33049,4972171,113,4972284
33050,4972366,60,4972426
33051,4972700,89,4972789
33052,4972946,47,4972993
33053,4973008,89,4973097
33054,4973114,45,4973159
33055,4973164,18,4973182
33056,4973252,39,4973291
33057,4973300,11,4973311
33058,4973328,48,4973376
33059,4973546,85,4973631
33060,4973768,61,4973829
33061,4974037,73,4974110
33062,4974177,129,4974306
33063,4974739,12,4974751
33064,4974906,6,4974912
33065,4975043,54,4975097
33066,4975133,17,4975150
33067,4975253,255,4975508
33068,4975565,22,4975587
33069,4975738,140,4975878
33070,4975948,122,4976070
33071,4976138,10,4976148
33072,4976301,41,4976342
33073,4976362,3,4976365
33074,4976379,55,4976434
33075,4976488,55,4976543
33076,4976776,211,4976987
33077,4977008,81,4977089
33078,4977365,63,4977428
33079,4977445,151,4977596
33080,4977707,15,4977722
33081,4977924,1,4977925
33082,4978113,41,4978154
33083,4978248,1,4978249
33084,4978320,22,4978342
33085,4978344,93,4978437
33086,4978438,52,4978490
33087,4978526,62,4978588
33088,4978600,123,4978723
33089,4978936,1,4978937
33090,4978982,1,4978983
33091,4979123,101,4979224
33092,4979378,51,4979429
33093,4979454,57,4979511
33094,4979753,31,4979784
33095,4979802,96,4979898
33096,4979947,39,4979986
33097,4980164,109,4980273
33098,4980331,73,4980404
33099,4980410,16,4980426
33100,4980492,32,4980524
33101,4980614,236,4980850
33102,4980993,158,4981151
33103,4981358,30,4981388
33104,4981438,32,4981470
33105,4981722,59,4981781
33106,4981877,15,4981892
33107,4981895,99,4981994
33108,4982038,123,4982161
33109,4982227,49,4982276
33110,4982319,60,4982379
33111,4982413,4,4982417
33112,4982435,30,4982465
33113,4982589,86,4982675
33114,4982997,9,4983006
33115,4983185,146,4983331
33116,4983333,167,4983500
33117,4983533,72,4983605
33118,4983698,58,4983756
33119,4983799,8,4983807
33120,4983842,5,4983847
33121,4983992,77,4984069
33122,4984252,50,4984302
33123,4984386,14,4984400
33124,4984464,53,4984517
33125,4984572,41,4984613
33126,4984738,25,4984763
33127,4984830,17,4984847
33128,4985007,111,4985118
33129,4985135,40,4985175
33130,4985436,30,4985466
33131,4985497,3,4985500
33132,4985542,78,4985620
33133,4985659,72,4985731
33134,4985781,8,4985789
33135,4985802,22,4985824
33136,4985864,21,4985885
33137,4986069,78,4986147
33138,4986262,9,4986271
33139,4986307,167,4986474
33140,4986603,23,4986626
33141,4987038,61,4987099
33142,4987367,5,4987372
33143,4987392,25,4987417
33144,4987427,10,4987437
33145,4987559,13,4987572
33146,4987587,10,4987597
33147,4987624,74,4987698
33148,4987733,40,4987773
33149,4987833,17,4987850
33150,4987986,70,4988056
33151,4988271,12,4988283
33152,4988372,113,4988485
33153,4988824,55,4988879
33154,4988913,39,4988952
33155,4988975,37,4989012
33156,4989123,87,4989210
33157,4989425,8,4989433
33158,4989542,2,4989544
33159,4989557,9,4989566
33160,4989651,4,4989655
33161,4989728,40,4989768
33162,4989911,48,4989959
33163,4989992,60,4990052
33164,4990102,33,4990135
33165,4990172,8,4990180
33166,4990228,7,4990235
33167,4990415,9,4990424
33168,4990438,61,4990499
33169,4990949,103,4991052
33170,4991223,68,4991291
33171,4991312,85,4991397
33172,4991456,13,4991469
33173,4991579,13,4991592
33174,4991594,8,4991602
33175,4991623,43,4991666
33176,4991769,6,4991775
33177,4991792,2,4991794
33178,4991876,46,4991922
33179,4991967,45,4992012
33180,4992152,94,4992246
33181,4992257,52,4992309
33182,4992315,42,4992357
33183,4992560,7,4992567
33184,4992677,21,4992698
33185,4992882,82,4992964
33186,4992972,49,4993021
33187,4993038,130,4993168
33188,4993534,2,4993536
33189,4993602,114,4993716
33190,4993923,86,4994009
33191,4994028,388,4994416
33192,4994452,15,4994467
33193,4994504,183,4994687
33194,4994699,13,4994712
33195,4994715,1,4994716
33196,4994744,9,4994753
33197,4994859,2,4994861
33198,4994988,48,4995036
33199,4995306,20,4995326
33200,4995385,21,4995406
33201,4995493,3,4995496
33202,4995619,47,4995666
33203,4995832,148,4995980
33204,4996119,21,4996140
33205,4996405,69,4996474
33206,4996535,112,4996647
33207,4996737,78,4996815
33208,4996821,128,4996949
33209,4996976,79,4997055
33210,4997297,33,4997330
33211,4997363,16,4997379
33212,4997590,89,4997679
33213,4997766,9,4997775
33214,4997790,6,4997796
33215,4997846,23,4997869
33216,4998109,39,4998148
33217,4998370,46,4998416
33218,4998450,7,4998457
33219,4998479,49,4998528
33220,4998593,16,4998609
33221,4999039,12,4999051
33222,4999143,2,4999145
33223,4999433,6,4999439
33224,4999574,3,4999577
33225,4999799,90,4999889
33226,4999907,92,4999999
