,Start,Duration,End
0,202,20,222
1,421,17,438
2,1174,6,1180
3,1212,17,1229
4,1785,7,1792
5,1835,32,1867
6,2268,148,2416
7,2819,13,2832
8,4561,23,4584
9,4919,27,4946
10,5527,41,5568
11,5736,26,5762
12,5889,27,5916
13,6494,118,6612
14,7187,99,7286
15,7544,64,7608
16,8089,1,8090
17,8696,46,8742
18,9129,42,9171
19,9610,38,9648
20,11216,19,11235
21,11249,1,11250
22,11270,11,11281
23,11359,21,11380
24,11875,25,11900
25,12172,9,12181
26,12336,14,12350
27,13633,26,13659
28,14132,116,14248
29,15878,36,15914
30,16081,61,16142
31,16400,1,16401
32,19904,51,19955
33,20437,17,20454
34,20527,6,20533
35,21667,6,21673
36,23004,36,23040
37,24072,1,24073
38,24232,16,24248
39,26215,14,26229
40,26417,8,26425
41,27343,69,27412
42,28871,62,28933
43,29232,8,29240
44,29568,49,29617
45,29639,88,29727
46,30498,20,30518
47,30868,35,30903
48,30924,67,30991
49,31466,12,31478
50,32114,54,32168
51,32674,40,32714
52,33409,19,33428
53,36318,66,36384
54,38788,9,38797
55,38859,34,38893
56,40335,7,40342
57,41648,4,41652
58,42552,4,42556
59,42646,2,42648
60,44391,90,44481
61,45063,17,45080
62,47236,7,47243
63,48262,22,48284
64,48879,56,48935
65,49366,3,49369
66,50901,34,50935
67,51309,38,51347
68,51871,28,51899
69,52794,47,52841
70,53350,53,53403
71,53638,63,53701
72,54105,104,54209
73,54300,17,54317
74,56163,39,56202
75,56343,11,56354
76,56637,20,56657
77,57809,27,57836
78,58187,47,58234
79,58998,51,59049
80,60625,29,60654
81,61274,3,61277
82,61435,14,61449
83,63471,85,63556
84,63626,17,63643
85,63861,174,64035
86,64135,6,64141
87,64409,249,64658
88,66455,12,66467
89,66741,28,66769
90,66964,32,66996
91,67627,34,67661
92,67699,38,67737
93,68572,23,68595
94,69282,56,69338
95,69586,72,69658
96,69784,53,69837
97,69845,5,69850
98,70591,154,70745
99,73654,53,73707
100,73789,22,73811
101,74766,7,74773
102,74854,7,74861
103,75635,14,75649
104,75835,8,75843
105,76464,3,76467
106,77268,2,77270
107,79348,19,79367
108,79568,72,79640
109,79926,106,80032
110,82835,44,82879
111,83510,10,83520
112,84812,11,84823
113,85243,54,85297
114,85409,43,85452
115,86020,7,86027
116,86127,23,86150
117,88579,36,88615
118,88989,70,89059
119,89796,6,89802
120,92112,63,92175
121,92633,37,92670
122,92938,55,92993
123,93113,12,93125
124,96333,55,96388
125,96865,3,96868
126,97033,37,97070
127,97980,21,98001
128,98458,24,98482
129,100647,12,100659
130,101199,12,101211
131,103133,10,103143
132,103604,33,103637
133,104151,53,104204
134,105093,44,105137
135,105413,36,105449
136,105645,9,105654
137,106055,87,106142
138,106724,40,106764
139,106949,25,106974
140,107942,23,107965
141,108259,8,108267
142,108463,21,108484
143,109900,7,109907
144,109990,53,110043
145,110856,53,110909
146,111250,4,111254
147,111533,42,111575
148,111972,110,112082
149,112793,6,112799
150,113788,29,113817
151,113996,10,114006
152,114116,100,114216
153,114801,2,114803
154,114850,117,114967
155,115400,72,115472
156,115510,50,115560
157,116319,41,116360
158,116721,27,116748
159,116761,22,116783
160,117030,56,117086
161,117897,123,118020
162,118378,37,118415
163,118737,14,118751
164,119680,31,119711
165,120996,7,121003
166,121108,56,121164
167,121334,28,121362
168,121427,4,121431
169,122185,7,122192
170,122519,2,122521
171,122653,93,122746
172,123188,10,123198
173,124023,11,124034
174,124584,65,124649
175,125220,53,125273
176,126114,24,126138
177,126456,20,126476
178,126589,19,126608
179,126814,26,126840
180,127398,32,127430
181,128050,15,128065
182,128144,154,128298
183,129016,83,129099
184,129645,34,129679
185,129773,105,129878
186,132503,13,132516
187,132958,14,132972
188,133775,133,133908
189,133972,35,134007
190,134530,32,134562
191,134650,21,134671
192,134859,39,134898
193,135227,24,135251
194,135379,34,135413
195,135520,50,135570
196,135853,52,135905
197,136433,2,136435
198,136580,61,136641
199,136824,73,136897
200,136915,9,136924
201,137915,58,137973
202,138091,23,138114
203,138668,135,138803
204,138874,3,138877
205,139279,67,139346
206,139538,25,139563
207,140540,5,140545
208,141045,16,141061
209,141566,26,141592
210,141689,3,141692
211,142849,31,142880
212,143041,6,143047
213,145039,21,145060
214,145841,32,145873
215,147479,25,147504
216,148205,5,148210
217,149629,6,149635
218,150550,17,150567
219,150950,14,150964
220,151004,15,151019
221,152192,81,152273
222,152301,60,152361
223,152474,24,152498
224,152659,71,152730
225,153873,3,153876
226,154330,4,154334
227,154914,4,154918
228,155293,5,155298
229,155561,11,155572
230,156441,13,156454
231,156593,43,156636
232,156709,35,156744
233,156765,4,156769
234,157894,51,157945
235,158790,49,158839
236,160043,5,160048
237,160510,45,160555
238,161382,21,161403
239,161594,4,161598
240,161866,13,161879
241,164853,97,164950
242,166373,16,166389
243,166570,30,166600
244,167147,11,167158
245,167593,78,167671
246,167737,14,167751
247,170603,11,170614
248,171537,4,171541
249,173002,48,173050
250,174809,36,174845
251,174966,93,175059
252,175141,13,175154
253,175212,10,175222
254,176395,13,176408
255,177090,28,177118
256,178099,18,178117
257,178131,19,178150
258,179256,29,179285
259,182175,46,182221
260,182260,11,182271
261,182450,4,182454
262,182572,59,182631
263,183354,39,183393
264,184477,28,184505
265,185071,6,185077
266,185122,27,185149
267,185316,12,185328
268,186557,4,186561
269,187352,20,187372
270,188102,67,188169
271,188583,31,188614
272,188627,16,188643
273,189400,7,189407
274,190199,45,190244
275,190355,1,190356
276,191122,203,191325
277,191857,52,191909
278,192263,4,192267
279,192345,24,192369
280,192503,152,192655
281,194339,32,194371
282,194809,64,194873
283,195354,22,195376
284,195960,1,195961
285,196057,25,196082
286,197465,3,197468
287,198442,7,198449
288,200692,38,200730
289,200757,16,200773
290,201395,66,201461
291,201561,25,201586
292,201812,6,201818
293,202009,11,202020
294,202039,20,202059
295,202573,24,202597
296,203508,49,203557
297,204527,2,204529
298,205257,67,205324
299,205426,4,205430
300,205663,4,205667
301,205980,4,205984
302,207691,85,207776
303,208267,7,208274
304,209659,31,209690
305,210594,10,210604
306,211204,8,211212
307,213101,162,213263
308,215364,162,215526
309,215716,2,215718
310,217150,2,217152
311,217182,19,217201
312,217401,74,217475
313,217798,5,217803
314,217998,185,218183
315,219600,63,219663
316,221194,18,221212
317,221930,42,221972
318,221982,21,222003
319,223242,47,223289
320,223798,2,223800
321,225711,9,225720
322,226787,10,226797
323,227264,110,227374
324,228011,69,228080
325,228600,31,228631
326,228749,120,228869
327,229529,3,229532
328,229855,38,229893
329,229942,106,230048
330,230174,48,230222
331,230573,59,230632
332,232198,21,232219
333,232769,7,232776
334,233673,40,233713
335,234144,5,234149
336,235232,21,235253
337,235893,28,235921
338,236308,3,236311
339,242191,34,242225
340,243293,6,243299
341,243447,101,243548
342,244139,28,244167
343,244594,59,244653
344,245010,69,245079
345,245824,51,245875
346,246520,9,246529
347,247619,86,247705
348,247708,3,247711
349,249755,48,249803
350,250041,42,250083
351,250997,21,251018
352,251476,27,251503
353,251606,2,251608
354,252720,44,252764
355,253250,4,253254
356,254318,26,254344
357,254416,35,254451
358,254860,12,254872
359,256886,21,256907
360,256933,2,256935
361,257438,114,257552
362,258024,9,258033
363,259343,9,259352
364,259586,49,259635
365,260132,15,260147
366,260331,52,260383
367,260505,36,260541
368,261269,8,261277
369,261878,2,261880
370,263660,28,263688
371,264675,1,264676
372,265215,15,265230
373,265391,71,265462
374,266139,63,266202
375,266565,120,266685
376,268212,7,268219
377,268834,7,268841
378,270093,201,270294
379,270883,37,270920
380,271328,25,271353
381,272181,85,272266
382,273636,16,273652
383,274047,8,274055
384,274672,21,274693
385,275923,38,275961
386,278107,21,278128
387,278910,76,278986
388,279133,83,279216
389,280788,4,280792
390,281147,17,281164
391,281587,19,281606
392,282127,3,282130
393,282339,32,282371
394,282452,34,282486
395,282901,6,282907
396,283448,11,283459
397,283474,32,283506
398,283940,28,283968
399,284295,33,284328
400,285608,4,285612
401,287716,63,287779
402,289237,116,289353
403,289667,4,289671
404,289934,27,289961
405,291466,17,291483
406,292751,53,292804
407,293065,34,293099
408,293303,6,293309
409,293546,4,293550
410,294492,39,294531
411,294784,9,294793
412,294931,77,295008
413,295750,107,295857
414,297728,134,297862
415,298307,7,298314
416,298477,31,298508
417,298766,16,298782
418,299200,15,299215
419,299501,26,299527
420,300135,60,300195
421,300435,6,300441
422,301810,2,301812
423,303072,28,303100
424,303126,4,303130
425,303247,101,303348
426,303644,24,303668
427,303669,5,303674
428,304123,6,304129
429,304817,22,304839
430,304919,11,304930
431,305013,9,305022
432,305315,27,305342
433,305361,118,305479
434,305600,68,305668
435,306885,14,306899
436,307929,3,307932
437,308387,24,308411
438,309262,26,309288
439,310638,73,310711
440,311634,10,311644
441,312823,15,312838
442,313518,43,313561
443,315419,14,315433
444,316450,4,316454
445,316977,28,317005
446,318639,51,318690
447,320162,39,320201
448,320377,170,320547
449,320705,24,320729
450,320858,96,320954
451,321328,49,321377
452,322014,2,322016
453,322513,12,322525
454,324158,44,324202
455,325461,37,325498
456,326128,16,326144
457,326719,49,326768
458,327209,18,327227
459,327664,6,327670
460,327829,60,327889
461,328331,56,328387
462,328986,15,329001
463,329280,55,329335
464,329388,6,329394
465,330449,5,330454
466,330563,62,330625
467,331090,96,331186
468,331820,3,331823
469,331840,131,331971
470,332338,3,332341
471,333116,12,333128
472,333895,15,333910
473,335178,6,335184
474,336998,6,337004
475,337323,53,337376
476,337517,63,337580
477,338026,22,338048
478,340617,3,340620
479,340864,42,340906
480,341482,79,341561
481,343205,3,343208
482,343422,33,343455
483,346422,35,346457
484,346516,11,346527
485,346928,25,346953
486,347287,24,347311
487,348054,33,348087
488,348671,18,348689
489,350293,4,350297
490,350474,30,350504
491,351018,11,351029
492,351354,38,351392
493,351877,39,351916
494,352268,58,352326
495,352594,17,352611
496,352966,84,353050
497,353138,80,353218
498,353932,16,353948
499,354191,75,354266
500,354311,8,354319
501,354716,5,354721
502,356198,51,356249
503,356682,22,356704
504,356913,114,357027
505,357063,6,357069
506,357803,22,357825
507,359823,14,359837
508,359874,26,359900
509,359909,1,359910
510,360351,8,360359
511,361239,61,361300
512,361755,1,361756
513,362894,8,362902
514,363912,21,363933
515,365451,11,365462
516,365624,20,365644
517,366067,25,366092
518,366395,103,366498
519,366662,3,366665
520,367413,24,367437
521,367594,29,367623
522,367641,22,367663
523,367733,33,367766
524,368008,5,368013
525,368091,66,368157
526,368254,46,368300
527,368385,22,368407
528,368481,74,368555
529,368599,7,368606
530,369083,4,369087
531,369517,32,369549
532,369912,10,369922
533,371085,21,371106
534,373013,18,373031
535,373277,35,373312
536,374524,33,374557
537,376614,11,376625
538,377760,63,377823
539,377928,10,377938
540,378553,65,378618
541,379647,98,379745
542,380875,19,380894
543,381236,10,381246
544,381724,10,381734
545,382842,14,382856
546,383893,2,383895
547,385069,23,385092
548,386299,4,386303
549,387264,95,387359
550,387781,71,387852
551,390890,3,390893
552,392172,98,392270
553,393260,37,393297
554,393487,27,393514
555,393661,12,393673
556,393829,12,393841
557,395210,7,395217
558,395351,21,395372
559,395624,5,395629
560,396164,16,396180
561,396323,1,396324
562,396700,40,396740
563,397474,32,397506
564,398123,120,398243
565,398484,69,398553
566,398568,24,398592
567,398947,36,398983
568,399332,37,399369
569,399894,54,399948
570,400035,16,400051
571,400281,16,400297
572,400403,37,400440
573,400511,92,400603
574,401406,47,401453
575,401790,10,401800
576,402398,50,402448
577,403132,32,403164
578,404006,43,404049
579,406047,18,406065
580,406119,8,406127
581,406294,16,406310
582,409936,45,409981
583,410936,4,410940
584,411364,56,411420
585,412229,144,412373
586,413771,34,413805
587,414200,38,414238
588,415316,16,415332
589,415863,27,415890
590,417254,12,417266
591,417379,2,417381
592,418393,114,418507
593,419526,62,419588
594,419740,19,419759
595,419956,1,419957
596,420241,41,420282
597,420462,32,420494
598,421934,41,421975
599,422852,39,422891
600,423155,15,423170
601,423385,36,423421
602,423496,79,423575
603,423929,33,423962
604,424496,168,424664
605,426211,2,426213
606,426483,20,426503
607,426546,33,426579
608,426946,27,426973
609,428799,13,428812
610,429048,16,429064
611,429411,80,429491
612,430343,86,430429
613,430589,24,430613
614,431720,51,431771
615,431931,11,431942
616,433704,15,433719
617,433948,5,433953
618,436684,77,436761
619,437090,20,437110
620,437572,25,437597
621,437646,19,437665
622,438315,1,438316
623,438719,57,438776
624,439922,13,439935
625,440122,9,440131
626,440281,46,440327
627,441345,15,441360
628,442650,4,442654
629,443269,1,443270
630,443587,6,443593
631,444307,9,444316
632,445137,52,445189
633,446419,47,446466
634,447833,64,447897
635,447968,47,448015
636,449688,63,449751
637,450217,13,450230
638,450321,11,450332
639,450977,2,450979
640,451743,30,451773
641,451872,15,451887
642,452250,34,452284
643,452807,42,452849
644,453231,37,453268
645,454040,68,454108
646,455546,9,455555
647,455696,53,455749
648,455899,34,455933
649,456490,10,456500
650,458384,30,458414
651,459396,18,459414
652,460033,1,460034
653,460095,12,460107
654,461165,25,461190
655,461624,25,461649
656,461835,27,461862
657,463129,3,463132
658,463968,64,464032
659,464811,8,464819
660,464890,19,464909
661,467492,34,467526
662,467720,31,467751
663,468353,9,468362
664,468565,17,468582
665,469079,3,469082
666,470244,30,470274
667,470418,10,470428
668,470637,5,470642
669,470677,27,470704
670,471112,5,471117
671,471222,6,471228
672,471344,1,471345
673,471483,22,471505
674,471608,59,471667
675,471718,155,471873
676,472621,12,472633
677,472991,49,473040
678,473166,44,473210
679,473239,2,473241
680,473455,1,473456
681,473808,6,473814
682,474196,80,474276
683,474440,59,474499
684,474650,133,474783
685,474825,19,474844
686,475202,70,475272
687,476764,51,476815
688,478659,11,478670
689,480732,46,480778
690,481782,16,481798
691,481944,5,481949
692,483185,1,483186
693,483253,43,483296
694,483923,1,483924
695,485248,20,485268
696,486434,15,486449
697,487331,9,487340
698,488662,147,488809
699,489485,159,489644
700,489996,2,489998
701,490322,2,490324
702,491760,7,491767
703,491807,75,491882
704,492463,3,492466
705,492821,25,492846
706,493044,70,493114
707,493386,56,493442
708,493509,99,493608
709,494025,7,494032
710,494440,9,494449
711,494948,17,494965
712,495307,8,495315
713,495558,20,495578
714,495653,9,495662
715,496696,9,496705
716,496745,31,496776
717,497443,4,497447
718,497524,90,497614
719,497947,61,498008
720,498543,47,498590
721,498990,13,499003
722,502183,49,502232
723,503675,17,503692
724,505505,53,505558
725,506052,19,506071
726,506438,43,506481
727,506752,4,506756
728,508788,15,508803
729,510632,5,510637
730,513543,5,513548
731,514054,50,514104
732,516020,8,516028
733,516089,1,516090
734,517997,30,518027
735,518799,2,518801
736,518866,43,518909
737,519378,3,519381
738,519621,22,519643
739,520457,90,520547
740,520580,76,520656
741,521560,45,521605
742,522928,19,522947
743,523588,48,523636
744,523652,8,523660
745,524850,11,524861
746,525067,10,525077
747,525679,20,525699
748,526030,2,526032
749,526843,38,526881
750,527904,5,527909
751,528119,4,528123
752,529040,16,529056
753,529371,5,529376
754,530730,62,530792
755,530982,3,530985
756,530994,60,531054
757,531140,41,531181
758,531517,33,531550
759,532765,25,532790
760,533137,90,533227
761,533727,5,533732
762,533954,166,534120
763,534171,100,534271
764,536839,19,536858
765,538007,13,538020
766,538943,3,538946
767,539082,7,539089
768,539665,29,539694
769,540006,16,540022
770,540154,10,540164
771,541339,49,541388
772,541443,78,541521
773,541706,4,541710
774,541718,153,541871
775,542376,16,542392
776,542416,5,542421
777,543520,27,543547
778,543740,36,543776
779,545598,4,545602
780,546225,10,546235
781,546609,1,546610
782,547758,30,547788
783,547863,21,547884
784,548732,36,548768
785,549016,17,549033
786,549791,32,549823
787,550457,2,550459
788,550538,41,550579
789,551949,17,551966
790,552234,3,552237
791,552745,86,552831
792,553254,12,553266
793,554124,10,554134
794,554506,1,554507
795,555283,22,555305
796,557034,7,557041
797,557600,66,557666
798,560042,36,560078
799,560256,13,560269
800,561289,9,561298
801,562214,16,562230
802,564045,9,564054
803,564811,65,564876
804,564936,15,564951
805,565095,31,565126
806,565242,35,565277
807,565329,21,565350
808,565967,30,565997
809,566876,21,566897
810,566898,153,567051
811,567737,148,567885
812,568097,25,568122
813,568332,56,568388
814,568973,39,569012
815,569548,76,569624
816,569718,46,569764
817,570549,41,570590
818,571145,18,571163
819,572714,49,572763
820,572966,22,572988
821,573071,18,573089
822,573488,69,573557
823,574779,26,574805
824,574975,30,575005
825,577156,24,577180
826,577482,5,577487
827,577578,10,577588
828,577940,28,577968
829,578446,7,578453
830,579208,8,579216
831,579777,1,579778
832,581271,42,581313
833,581877,29,581906
834,582413,10,582423
835,583911,15,583926
836,584662,35,584697
837,584758,26,584784
838,585040,1,585041
839,585222,41,585263
840,585437,28,585465
841,586089,67,586156
842,586513,12,586525
843,586634,11,586645
844,587383,26,587409
845,587443,12,587455
846,587743,2,587745
847,587770,20,587790
848,588257,31,588288
849,588496,159,588655
850,589153,3,589156
851,589638,6,589644
852,591108,7,591115
853,592199,36,592235
854,594095,14,594109
855,594360,66,594426
856,594446,35,594481
857,595387,11,595398
858,595968,21,595989
859,596921,54,596975
860,597719,6,597725
861,597862,16,597878
862,598547,51,598598
863,598629,31,598660
864,599201,44,599245
865,599556,16,599572
866,601171,15,601186
867,602284,68,602352
868,603384,1,603385
869,604218,27,604245
870,605041,5,605046
871,606335,12,606347
872,606833,74,606907
873,607284,20,607304
874,608066,8,608074
875,609735,13,609748
876,611382,5,611387
877,613315,41,613356
878,614541,62,614603
879,615014,53,615067
880,615369,54,615423
881,615892,10,615902
882,616188,16,616204
883,616639,24,616663
884,617137,117,617254
885,618650,9,618659
886,619292,37,619329
887,619946,20,619966
888,620554,8,620562
889,620838,9,620847
890,621243,4,621247
891,621569,59,621628
892,621836,64,621900
893,622029,57,622086
894,622136,6,622142
895,622779,101,622880
896,623541,33,623574
897,623793,76,623869
898,624439,1,624440
899,626008,4,626012
900,626297,7,626304
901,628468,24,628492
902,629415,66,629481
903,632596,36,632632
904,633603,3,633606
905,633620,17,633637
906,634222,13,634235
907,634401,27,634428
908,634893,71,634964
909,635144,4,635148
910,635272,10,635282
911,636494,10,636504
912,636828,22,636850
913,637355,15,637370
914,639808,11,639819
915,640157,26,640183
916,641427,20,641447
917,641672,31,641703
918,642605,20,642625
919,643850,85,643935
920,644362,19,644381
921,644642,60,644702
922,644714,21,644735
923,647901,11,647912
924,648158,4,648162
925,649472,99,649571
926,650546,25,650571
927,652122,68,652190
928,652320,7,652327
929,653021,35,653056
930,655118,60,655178
931,658393,52,658445
932,660386,5,660391
933,661326,10,661336
934,662683,76,662759
935,662777,26,662803
936,662839,14,662853
937,663145,15,663160
938,665311,24,665335
939,665495,69,665564
940,668269,65,668334
941,668356,9,668365
942,668648,15,668663
943,668835,18,668853
944,669213,22,669235
945,669660,11,669671
946,672260,41,672301
947,673677,36,673713
948,675322,31,675353
949,676901,80,676981
950,678265,7,678272
951,678393,111,678504
952,678964,15,678979
953,679880,2,679882
954,680867,26,680893
955,681633,3,681636
956,682750,13,682763
957,683641,45,683686
958,684063,27,684090
959,684364,27,684391
960,684919,32,684951
961,686368,11,686379
962,686834,19,686853
963,687791,42,687833
964,689166,2,689168
965,690147,10,690157
966,691807,15,691822
967,693232,3,693235
968,694577,25,694602
969,694669,94,694763
970,695319,3,695322
971,696162,33,696195
972,696327,1,696328
973,696794,17,696811
974,697973,46,698019
975,699263,73,699336
976,699546,43,699589
977,700022,2,700024
978,701338,13,701351
979,701476,15,701491
980,701919,11,701930
981,703036,18,703054
982,707485,16,707501
983,707762,2,707764
984,709269,181,709450
985,709647,26,709673
986,710427,21,710448
987,710456,12,710468
988,710531,20,710551
989,711616,18,711634
990,712005,14,712019
991,712279,12,712291
992,712645,53,712698
993,713060,4,713064
994,713266,21,713287
995,714658,51,714709
996,714840,46,714886
997,715453,26,715479
998,717868,17,717885
999,718204,6,718210
1000,718585,96,718681
1001,719054,126,719180
1002,719509,17,719526
1003,719704,1,719705
1004,719793,9,719802
1005,720329,70,720399
1006,721751,2,721753
1007,721977,41,722018
1008,722687,39,722726
1009,722910,16,722926
1010,723495,46,723541
1011,724481,1,724482
1012,724591,6,724597
1013,725450,65,725515
1014,726031,50,726081
1015,726319,21,726340
1016,727099,40,727139
1017,727183,36,727219
1018,727242,27,727269
1019,730908,17,730925
1020,731808,34,731842
1021,731864,19,731883
1022,732668,5,732673
1023,732687,58,732745
1024,735048,28,735076
1025,735544,27,735571
1026,736364,11,736375
1027,736720,99,736819
1028,737449,12,737461
1029,737756,11,737767
1030,739587,1,739588
1031,740123,8,740131
1032,740723,26,740749
1033,741835,126,741961
1034,742825,10,742835
1035,743107,51,743158
1036,744011,6,744017
1037,744531,125,744656
1038,746208,25,746233
1039,747969,24,747993
1040,748044,14,748058
1041,749283,11,749294
1042,749548,62,749610
1043,749682,5,749687
1044,749908,19,749927
1045,752476,5,752481
1046,752580,55,752635
1047,753184,98,753282
1048,754113,7,754120
1049,754639,90,754729
1050,756118,9,756127
1051,757056,41,757097
1052,757391,18,757409
1053,757721,95,757816
1054,757858,7,757865
1055,758149,4,758153
1056,760109,3,760112
1057,760795,43,760838
1058,762389,17,762406
1059,763304,70,763374
1060,763384,14,763398
1061,763907,49,763956
1062,765312,17,765329
1063,765428,91,765519
1064,765635,29,765664
1065,766024,14,766038
1066,766069,13,766082
1067,766422,29,766451
1068,766452,35,766487
1069,767819,18,767837
1070,767913,37,767950
1071,768931,88,769019
1072,770538,33,770571
1073,770690,125,770815
1074,771328,34,771362
1075,772214,48,772262
1076,772984,58,773042
1077,773534,22,773556
1078,774460,70,774530
1079,774620,19,774639
1080,774684,121,774805
1081,775543,99,775642
1082,776214,21,776235
1083,776523,18,776541
1084,776608,32,776640
1085,776901,1,776902
1086,777334,24,777358
1087,778364,5,778369
1088,778490,29,778519
1089,779699,18,779717
1090,779852,20,779872
1091,780490,30,780520
1092,780881,12,780893
1093,781373,4,781377
1094,782434,59,782493
1095,782609,119,782728
1096,784273,81,784354
1097,784496,6,784502
1098,786188,8,786196
1099,788019,13,788032
1100,788704,9,788713
1101,790051,39,790090
1102,790286,12,790298
1103,790374,21,790395
1104,790970,3,790973
1105,793255,15,793270
1106,793568,26,793594
1107,793732,7,793739
1108,795110,10,795120
1109,795430,4,795434
1110,796111,55,796166
1111,797209,5,797214
1112,798410,60,798470
1113,798696,14,798710
1114,798716,29,798745
1115,799315,8,799323
1116,799736,9,799745
1117,799974,49,800023
1118,800425,73,800498
1119,800692,9,800701
1120,801035,5,801040
1121,801497,7,801504
1122,801533,41,801574
1123,803821,8,803829
1124,804370,19,804389
1125,804920,8,804928
1126,806165,6,806171
1127,807818,26,807844
1128,809101,11,809112
1129,809330,11,809341
1130,810159,7,810166
1131,810241,40,810281
1132,810453,97,810550
1133,811308,50,811358
1134,811951,6,811957
1135,812719,11,812730
1136,812831,62,812893
1137,813135,16,813151
1138,813428,45,813473
1139,814192,72,814264
1140,816101,12,816113
1141,816326,124,816450
1142,817238,13,817251
1143,817252,40,817292
1144,817858,112,817970
1145,818534,32,818566
1146,819765,1,819766
1147,822507,8,822515
1148,824074,18,824092
1149,824586,121,824707
1150,825172,1,825173
1151,825246,3,825249
1152,825822,47,825869
1153,826075,29,826104
1154,826442,2,826444
1155,826863,85,826948
1156,828434,4,828438
1157,828631,17,828648
1158,828682,51,828733
1159,829827,53,829880
1160,830009,28,830037
1161,830568,9,830577
1162,832030,19,832049
1163,832453,1,832454
1164,833247,10,833257
1165,833495,115,833610
1166,833621,13,833634
1167,833817,31,833848
1168,834578,77,834655
1169,835693,58,835751
1170,836406,4,836410
1171,837597,29,837626
1172,837989,11,838000
1173,839077,145,839222
1174,839489,61,839550
1175,840954,84,841038
1176,843379,3,843382
1177,843590,25,843615
1178,843705,13,843718
1179,844333,24,844357
1180,846132,61,846193
1181,846389,21,846410
1182,847079,2,847081
1183,847571,12,847583
1184,847871,15,847886
1185,848070,30,848100
1186,850566,62,850628
1187,850918,37,850955
1188,852177,11,852188
1189,852252,4,852256
1190,854102,27,854129
1191,854238,8,854246
1192,854295,8,854303
1193,855003,88,855091
1194,856884,19,856903
1195,858066,4,858070
1196,858534,47,858581
1197,859700,4,859704
1198,859734,12,859746
1199,859848,24,859872
1200,860288,10,860298
1201,860496,8,860504
1202,860915,41,860956
1203,861574,21,861595
1204,861877,20,861897
1205,861970,4,861974
1206,862375,48,862423
1207,863037,50,863087
1208,863574,43,863617
1209,865627,29,865656
1210,866379,71,866450
1211,866710,128,866838
1212,868043,43,868086
1213,868810,58,868868
1214,869081,31,869112
1215,869457,26,869483
1216,872135,41,872176
1217,872182,10,872192
1218,872494,45,872539
1219,872624,61,872685
1220,873343,3,873346
1221,873845,140,873985
1222,874240,23,874263
1223,875234,10,875244
1224,875525,4,875529
1225,877001,19,877020
1226,877526,5,877531
1227,877785,45,877830
1228,878093,54,878147
1229,878326,12,878338
1230,878482,7,878489
1231,878677,2,878679
1232,878834,31,878865
1233,880372,16,880388
1234,880642,45,880687
1235,880931,1,880932
1236,881040,10,881050
1237,882045,13,882058
1238,883325,7,883332
1239,883586,10,883596
1240,885017,67,885084
1241,886307,2,886309
1242,886462,61,886523
1243,887129,8,887137
1244,887628,36,887664
1245,888584,25,888609
1246,888968,7,888975
1247,889696,40,889736
1248,889771,30,889801
1249,890974,13,890987
1250,891531,115,891646
1251,891755,12,891767
1252,892444,76,892520
1253,893009,30,893039
1254,893875,28,893903
1255,894059,31,894090
1256,894115,37,894152
1257,894522,6,894528
1258,895291,1,895292
1259,895460,55,895515
1260,895975,83,896058
1261,896567,53,896620
1262,897242,38,897280
1263,897778,82,897860
1264,898044,54,898098
1265,898255,16,898271
1266,898744,3,898747
1267,899128,139,899267
1268,900853,27,900880
1269,901117,119,901236
1270,901243,42,901285
1271,910747,12,910759
1272,911472,27,911499
1273,911934,15,911949
1274,912289,55,912344
1275,912526,33,912559
1276,912700,34,912734
1277,912753,4,912757
1278,912798,40,912838
1279,914206,45,914251
1280,915203,51,915254
1281,915326,21,915347
1282,915567,40,915607
1283,915728,45,915773
1284,915820,102,915922
1285,916608,16,916624
1286,916759,40,916799
1287,917221,5,917226
1288,917710,27,917737
1289,918448,32,918480
1290,918649,17,918666
1291,918905,34,918939
1292,919298,53,919351
1293,919611,19,919630
1294,919845,1,919846
1295,920351,3,920354
1296,920903,102,921005
1297,922209,2,922211
1298,922348,22,922370
1299,922973,110,923083
1300,923571,39,923610
1301,924136,47,924183
1302,924897,25,924922
1303,925890,70,925960
1304,925970,1,925971
1305,926356,10,926366
1306,928420,6,928426
1307,929205,87,929292
1308,930269,65,930334
1309,930824,85,930909
1310,930931,13,930944
1311,930969,105,931074
1312,931767,84,931851
1313,931986,44,932030
1314,932493,49,932542
1315,932778,12,932790
1316,932883,18,932901
1317,933023,28,933051
1318,933078,1,933079
1319,933583,5,933588
1320,934168,49,934217
1321,935358,9,935367
1322,935612,18,935630
1323,937678,5,937683
1324,937844,93,937937
1325,937958,7,937965
1326,939404,2,939406
1327,940150,132,940282
1328,941109,1,941110
1329,941329,157,941486
1330,941631,13,941644
1331,941975,66,942041
1332,942641,18,942659
1333,943987,107,944094
1334,944230,24,944254
1335,944446,18,944464
1336,944522,15,944537
1337,945660,20,945680
1338,948314,27,948341
1339,948465,4,948469
1340,949669,5,949674
1341,950630,43,950673
1342,950924,46,950970
1343,951155,176,951331
1344,952124,9,952133
1345,954544,3,954547
1346,954635,2,954637
1347,954812,9,954821
1348,955121,16,955137
1349,955697,20,955717
1350,955826,101,955927
1351,956524,53,956577
1352,957794,15,957809
1353,958367,62,958429
1354,958696,28,958724
1355,959409,18,959427
1356,959802,22,959824
1357,960439,17,960456
1358,962081,6,962087
1359,962159,14,962173
1360,963246,1,963247
1361,963358,3,963361
1362,963877,21,963898
1363,964333,47,964380
1364,964543,4,964547
1365,965440,9,965449
1366,965661,6,965667
1367,966865,4,966869
1368,969328,2,969330
1369,970346,28,970374
1370,971442,45,971487
1371,971743,11,971754
1372,971770,2,971772
1373,974209,45,974254
1374,975144,11,975155
1375,976724,14,976738
1376,976978,11,976989
1377,976991,23,977014
1378,977400,57,977457
1379,978250,96,978346
1380,978518,20,978538
1381,979624,66,979690
1382,980523,2,980525
1383,982278,14,982292
1384,984238,19,984257
1385,984346,30,984376
1386,984695,61,984756
1387,984831,30,984861
1388,985804,74,985878
1389,987079,2,987081
1390,987463,47,987510
1391,988699,22,988721
1392,988938,8,988946
1393,990118,47,990165
1394,990264,5,990269
1395,990641,10,990651
1396,991610,124,991734
1397,992164,56,992220
1398,992384,72,992456
1399,993788,16,993804
1400,994156,38,994194
1401,994749,165,994914
1402,994991,54,995045
1403,995258,41,995299
1404,997089,3,997092
1405,998138,10,998148
1406,998693,5,998698
1407,998705,4,998709
1408,998754,44,998798
1409,999073,57,999130
1410,1000170,9,1000179
1411,1000294,3,1000297
1412,1000842,47,1000889
1413,1001002,64,1001066
1414,1003045,24,1003069
1415,1004305,2,1004307
1416,1004492,47,1004539
1417,1004681,84,1004765
1418,1005056,20,1005076
1419,1005229,11,1005240
1420,1006012,28,1006040
1421,1006726,5,1006731
1422,1006923,3,1006926
1423,1007270,36,1007306
1424,1008406,20,1008426
1425,1008847,12,1008859
1426,1009002,2,1009004
1427,1009051,39,1009090
1428,1009461,3,1009464
1429,1010165,20,1010185
1430,1010325,17,1010342
1431,1011312,31,1011343
1432,1012109,8,1012117
1433,1012700,6,1012706
1434,1012780,4,1012784
1435,1013311,8,1013319
1436,1014376,14,1014390
1437,1014756,43,1014799
1438,1016124,27,1016151
1439,1016504,52,1016556
1440,1016633,70,1016703
1441,1016717,5,1016722
1442,1016743,39,1016782
1443,1019114,32,1019146
1444,1019309,41,1019350
1445,1019524,40,1019564
1446,1019928,22,1019950
1447,1020380,48,1020428
1448,1020681,34,1020715
1449,1020831,2,1020833
1450,1020975,9,1020984
1451,1021118,47,1021165
1452,1021908,69,1021977
1453,1022633,4,1022637
1454,1023101,6,1023107
1455,1023309,11,1023320
1456,1023755,176,1023931
1457,1024453,59,1024512
1458,1024831,33,1024864
1459,1026135,6,1026141
1460,1026332,20,1026352
1461,1026540,21,1026561
1462,1027164,9,1027173
1463,1027232,51,1027283
1464,1027882,35,1027917
1465,1027950,4,1027954
1466,1028436,27,1028463
1467,1029324,32,1029356
1468,1029578,2,1029580
1469,1030887,19,1030906
1470,1032663,83,1032746
1471,1033016,17,1033033
1472,1033115,102,1033217
1473,1034074,2,1034076
1474,1034687,27,1034714
1475,1036691,120,1036811
1476,1037281,32,1037313
1477,1037487,1,1037488
1478,1037965,14,1037979
1479,1038067,48,1038115
1480,1040375,8,1040383
1481,1040439,15,1040454
1482,1041163,3,1041166
1483,1041184,19,1041203
1484,1041681,15,1041696
1485,1041938,9,1041947
1486,1042118,5,1042123
1487,1042149,23,1042172
1488,1043329,3,1043332
1489,1043649,195,1043844
1490,1045256,1,1045257
1491,1045757,40,1045797
1492,1045869,104,1045973
1493,1046676,35,1046711
1494,1047007,52,1047059
1495,1049131,30,1049161
1496,1050627,38,1050665
1497,1050977,7,1050984
1498,1051936,1,1051937
1499,1052321,11,1052332
1500,1053749,68,1053817
1501,1054379,24,1054403
1502,1055298,15,1055313
1503,1056520,20,1056540
1504,1057043,5,1057048
1505,1058170,72,1058242
1506,1059047,19,1059066
1507,1059475,50,1059525
1508,1060854,70,1060924
1509,1061050,70,1061120
1510,1061232,38,1061270
1511,1062183,7,1062190
1512,1062243,70,1062313
1513,1062431,14,1062445
1514,1063660,87,1063747
1515,1064554,11,1064565
1516,1064660,57,1064717
1517,1065491,31,1065522
1518,1066189,23,1066212
1519,1067301,44,1067345
1520,1067942,12,1067954
1521,1070586,68,1070654
1522,1070937,33,1070970
1523,1072035,46,1072081
1524,1072236,3,1072239
1525,1072843,17,1072860
1526,1073002,61,1073063
1527,1073686,9,1073695
1528,1074627,13,1074640
1529,1074706,50,1074756
1530,1075598,21,1075619
1531,1076038,8,1076046
1532,1077967,32,1077999
1533,1078138,14,1078152
1534,1078825,3,1078828
1535,1079206,3,1079209
1536,1080558,86,1080644
1537,1081433,28,1081461
1538,1083047,42,1083089
1539,1083978,66,1084044
1540,1084294,13,1084307
1541,1084949,3,1084952
1542,1085770,20,1085790
1543,1086960,49,1087009
1544,1087831,22,1087853
1545,1090173,6,1090179
1546,1091321,22,1091343
1547,1091350,40,1091390
1548,1092263,20,1092283
1549,1092984,53,1093037
1550,1093254,43,1093297
1551,1093592,7,1093599
1552,1096342,12,1096354
1553,1097723,6,1097729
1554,1097906,65,1097971
1555,1098038,26,1098064
1556,1098185,9,1098194
1557,1098848,4,1098852
1558,1099035,26,1099061
1559,1099308,47,1099355
1560,1099373,49,1099422
1561,1099555,17,1099572
1562,1099605,37,1099642
1563,1100171,35,1100206
1564,1100563,24,1100587
1565,1100951,4,1100955
1566,1102655,23,1102678
1567,1102852,28,1102880
1568,1102888,6,1102894
1569,1103557,38,1103595
1570,1104394,14,1104408
1571,1105448,105,1105553
1572,1105895,17,1105912
1573,1106528,3,1106531
1574,1106995,48,1107043
1575,1107159,25,1107184
1576,1108664,28,1108692
1577,1109395,12,1109407
1578,1109668,37,1109705
1579,1109790,58,1109848
1580,1110291,69,1110360
1581,1110615,40,1110655
1582,1111500,32,1111532
1583,1112136,30,1112166
1584,1112597,3,1112600
1585,1113308,27,1113335
1586,1114371,56,1114427
1587,1115979,44,1116023
1588,1116318,64,1116382
1589,1118047,9,1118056
1590,1118811,16,1118827
1591,1119005,10,1119015
1592,1119627,13,1119640
1593,1122157,7,1122164
1594,1122651,4,1122655
1595,1122735,92,1122827
1596,1123789,30,1123819
1597,1123920,2,1123922
1598,1125060,57,1125117
1599,1125341,18,1125359
1600,1126568,62,1126630
1601,1127005,32,1127037
1602,1128628,3,1128631
1603,1129444,64,1129508
1604,1130685,38,1130723
1605,1131409,41,1131450
1606,1132511,31,1132542
1607,1132567,18,1132585
1608,1133730,58,1133788
1609,1134191,11,1134202
1610,1134634,117,1134751
1611,1135233,28,1135261
1612,1135672,4,1135676
1613,1136533,59,1136592
1614,1136836,15,1136851
1615,1137017,66,1137083
1616,1137779,4,1137783
1617,1138321,77,1138398
1618,1139893,13,1139906
1619,1139993,37,1140030
1620,1140818,11,1140829
1621,1141839,102,1141941
1622,1142859,69,1142928
1623,1144932,14,1144946
1624,1146403,88,1146491
1625,1148116,32,1148148
1626,1148203,59,1148262
1627,1149631,8,1149639
1628,1150091,18,1150109
1629,1150187,102,1150289
1630,1150682,12,1150694
1631,1151628,37,1151665
1632,1151669,72,1151741
1633,1153302,4,1153306
1634,1153513,21,1153534
1635,1153780,40,1153820
1636,1154328,31,1154359
1637,1155065,53,1155118
1638,1155426,8,1155434
1639,1155879,86,1155965
1640,1156274,44,1156318
1641,1156397,2,1156399
1642,1156633,29,1156662
1643,1157519,33,1157552
1644,1158321,6,1158327
1645,1158354,30,1158384
1646,1158774,16,1158790
1647,1159551,44,1159595
1648,1159784,49,1159833
1649,1159923,38,1159961
1650,1162022,13,1162035
1651,1163716,3,1163719
1652,1165595,17,1165612
1653,1166086,1,1166087
1654,1166408,72,1166480
1655,1166656,23,1166679
1656,1168088,14,1168102
1657,1168215,92,1168307
1658,1168545,100,1168645
1659,1169268,13,1169281
1660,1169310,6,1169316
1661,1169928,75,1170003
1662,1170608,27,1170635
1663,1170950,67,1171017
1664,1171518,17,1171535
1665,1171854,84,1171938
1666,1173110,30,1173140
1667,1173525,8,1173533
1668,1173684,6,1173690
1669,1173718,108,1173826
1670,1174980,36,1175016
1671,1175061,57,1175118
1672,1175552,40,1175592
1673,1175623,11,1175634
1674,1175702,53,1175755
1675,1175757,43,1175800
1676,1175831,22,1175853
1677,1176604,9,1176613
1678,1176855,22,1176877
1679,1177493,33,1177526
1680,1179042,2,1179044
1681,1179653,33,1179686
1682,1180064,75,1180139
1683,1180215,29,1180244
1684,1180580,41,1180621
1685,1181748,25,1181773
1686,1182535,183,1182718
1687,1182902,2,1182904
1688,1183756,29,1183785
1689,1183862,29,1183891
1690,1183907,24,1183931
1691,1185046,27,1185073
1692,1185798,2,1185800
1693,1187217,1,1187218
1694,1187882,32,1187914
1695,1189247,2,1189249
1696,1189638,36,1189674
1697,1189858,25,1189883
1698,1190243,10,1190253
1699,1190294,17,1190311
1700,1190512,3,1190515
1701,1190933,34,1190967
1702,1192019,11,1192030
1703,1192203,14,1192217
1704,1192599,7,1192606
1705,1193088,19,1193107
1706,1193157,5,1193162
1707,1193295,61,1193356
1708,1193388,16,1193404
1709,1193445,15,1193460
1710,1196159,2,1196161
1711,1196267,43,1196310
1712,1196762,42,1196804
1713,1197270,15,1197285
1714,1197343,73,1197416
1715,1198141,42,1198183
1716,1198927,1,1198928
1717,1201074,3,1201077
1718,1201339,71,1201410
1719,1201640,8,1201648
1720,1202195,97,1202292
1721,1202386,21,1202407
1722,1207937,7,1207944
1723,1208159,5,1208164
1724,1208184,47,1208231
1725,1208327,121,1208448
1726,1208812,4,1208816
1727,1208829,32,1208861
1728,1210027,56,1210083
1729,1211155,103,1211258
1730,1211839,21,1211860
1731,1212133,32,1212165
1732,1212316,25,1212341
1733,1213535,20,1213555
1734,1213666,11,1213677
1735,1214230,1,1214231
1736,1214445,27,1214472
1737,1215596,31,1215627
1738,1216100,38,1216138
1739,1218314,11,1218325
1740,1218985,12,1218997
1741,1220202,40,1220242
1742,1220420,13,1220433
1743,1220770,22,1220792
1744,1221409,6,1221415
1745,1222272,45,1222317
1746,1222965,29,1222994
1747,1223048,29,1223077
1748,1223432,18,1223450
1749,1224120,11,1224131
1750,1224511,61,1224572
1751,1224739,8,1224747
1752,1226386,34,1226420
1753,1226948,26,1226974
1754,1227597,19,1227616
1755,1228784,27,1228811
1756,1229798,15,1229813
1757,1229854,9,1229863
1758,1230506,6,1230512
1759,1231016,18,1231034
1760,1231306,68,1231374
1761,1231879,32,1231911
1762,1232408,21,1232429
1763,1233930,35,1233965
1764,1234185,43,1234228
1765,1234806,21,1234827
1766,1236188,3,1236191
1767,1237460,24,1237484
1768,1238403,59,1238462
1769,1238817,8,1238825
1770,1239138,32,1239170
1771,1239344,35,1239379
1772,1239568,7,1239575
1773,1240011,62,1240073
1774,1240092,31,1240123
1775,1240632,5,1240637
1776,1240857,32,1240889
1777,1241972,49,1242021
1778,1243291,27,1243318
1779,1244150,27,1244177
1780,1244789,9,1244798
1781,1245154,6,1245160
1782,1245702,10,1245712
1783,1245805,42,1245847
1784,1246549,36,1246585
1785,1246637,31,1246668
1786,1248639,5,1248644
1787,1248711,58,1248769
1788,1249156,23,1249179
1789,1250229,93,1250322
1790,1252590,43,1252633
1791,1254172,95,1254267
1792,1256306,2,1256308
1793,1256921,1,1256922
1794,1257963,73,1258036
1795,1258187,45,1258232
1796,1258437,12,1258449
1797,1259777,9,1259786
1798,1260509,15,1260524
1799,1260701,19,1260720
1800,1260741,110,1260851
1801,1261607,67,1261674
1802,1263047,21,1263068
1803,1265114,30,1265144
1804,1265289,21,1265310
1805,1267056,47,1267103
1806,1267139,48,1267187
1807,1267839,36,1267875
1808,1268063,19,1268082
1809,1270211,22,1270233
1810,1270259,16,1270275
1811,1270331,11,1270342
1812,1270660,77,1270737
1813,1271008,5,1271013
1814,1271914,22,1271936
1815,1273036,1,1273037
1816,1273533,108,1273641
1817,1274099,49,1274148
1818,1274163,99,1274262
1819,1274408,13,1274421
1820,1274615,19,1274634
1821,1274782,33,1274815
1822,1275290,33,1275323
1823,1275911,41,1275952
1824,1277522,77,1277599
1825,1279739,29,1279768
1826,1280599,42,1280641
1827,1280909,14,1280923
1828,1281187,18,1281205
1829,1281255,19,1281274
1830,1282077,17,1282094
1831,1282565,57,1282622
1832,1282809,6,1282815
1833,1284289,27,1284316
1834,1284337,36,1284373
1835,1284814,10,1284824
1836,1286786,59,1286845
1837,1286899,24,1286923
1838,1286941,31,1286972
1839,1288767,14,1288781
1840,1289046,11,1289057
1841,1289517,8,1289525
1842,1291237,75,1291312
1843,1291593,37,1291630
1844,1291697,12,1291709
1845,1291947,12,1291959
1846,1292054,1,1292055
1847,1292196,77,1292273
1848,1292583,5,1292588
1849,1294195,152,1294347
1850,1294379,6,1294385
1851,1294852,5,1294857
1852,1294905,32,1294937
1853,1295432,24,1295456
1854,1295974,14,1295988
1855,1298744,29,1298773
1856,1299109,39,1299148
1857,1299822,16,1299838
1858,1300345,11,1300356
1859,1301113,25,1301138
1860,1301511,17,1301528
1861,1302774,26,1302800
1862,1303207,16,1303223
1863,1303952,33,1303985
1864,1304024,78,1304102
1865,1304923,5,1304928
1866,1304992,61,1305053
1867,1305914,4,1305918
1868,1306451,47,1306498
1869,1307613,22,1307635
1870,1308957,21,1308978
1871,1310750,16,1310766
1872,1310895,13,1310908
1873,1311564,14,1311578
1874,1313129,42,1313171
1875,1314057,29,1314086
1876,1315135,4,1315139
1877,1316441,4,1316445
1878,1317612,31,1317643
1879,1317873,61,1317934
1880,1318117,65,1318182
1881,1318804,27,1318831
1882,1319068,17,1319085
1883,1319832,28,1319860
1884,1320421,9,1320430
1885,1320683,40,1320723
1886,1321036,7,1321043
1887,1321412,19,1321431
1888,1321547,102,1321649
1889,1322067,19,1322086
1890,1322441,19,1322460
1891,1322531,33,1322564
1892,1323596,7,1323603
1893,1323626,41,1323667
1894,1323699,24,1323723
1895,1324591,64,1324655
1896,1325591,10,1325601
1897,1326134,14,1326148
1898,1326620,40,1326660
1899,1327888,13,1327901
1900,1327954,10,1327964
1901,1328678,49,1328727
1902,1329180,24,1329204
1903,1330160,29,1330189
1904,1330284,65,1330349
1905,1330712,6,1330718
1906,1330866,22,1330888
1907,1331043,42,1331085
1908,1331527,3,1331530
1909,1332537,1,1332538
1910,1332975,25,1333000
1911,1333284,30,1333314
1912,1333515,25,1333540
1913,1333931,6,1333937
1914,1334339,3,1334342
1915,1335282,49,1335331
1916,1336165,16,1336181
1917,1337284,58,1337342
1918,1337929,56,1337985
1919,1338333,20,1338353
1920,1338368,17,1338385
1921,1338523,5,1338528
1922,1339149,2,1339151
1923,1339470,106,1339576
1924,1339790,20,1339810
1925,1340460,1,1340461
1926,1340574,7,1340581
1927,1342292,37,1342329
1928,1343161,28,1343189
1929,1343195,58,1343253
1930,1343408,16,1343424
1931,1343528,3,1343531
1932,1345327,50,1345377
1933,1345671,37,1345708
1934,1345969,64,1346033
1935,1347984,33,1348017
1936,1348359,25,1348384
1937,1348687,62,1348749
1938,1348907,25,1348932
1939,1349296,38,1349334
1940,1349544,49,1349593
1941,1349971,23,1349994
1942,1350166,10,1350176
1943,1351065,1,1351066
1944,1354762,35,1354797
1945,1356014,26,1356040
1946,1357521,74,1357595
1947,1358020,20,1358040
1948,1358726,18,1358744
1949,1359372,20,1359392
1950,1359615,9,1359624
1951,1360334,22,1360356
1952,1360740,2,1360742
1953,1361082,13,1361095
1954,1361128,3,1361131
1955,1361873,59,1361932
1956,1362097,68,1362165
1957,1363220,13,1363233
1958,1363605,28,1363633
1959,1365139,37,1365176
1960,1365357,17,1365374
1961,1366075,92,1366167
1962,1366786,27,1366813
1963,1366846,1,1366847
1964,1367232,8,1367240
1965,1368776,10,1368786
1966,1369704,28,1369732
1967,1370107,70,1370177
1968,1372004,42,1372046
1969,1372166,34,1372200
1970,1372638,41,1372679
1971,1372904,62,1372966
1972,1373325,17,1373342
1973,1373643,31,1373674
1974,1373896,18,1373914
1975,1374244,29,1374273
1976,1374605,12,1374617
1977,1375008,28,1375036
1978,1375387,19,1375406
1979,1375923,7,1375930
1980,1376718,7,1376725
1981,1377371,132,1377503
1982,1378686,7,1378693
1983,1381149,13,1381162
1984,1381713,8,1381721
1985,1382653,59,1382712
1986,1382772,16,1382788
1987,1382972,51,1383023
1988,1383174,21,1383195
1989,1384861,39,1384900
1990,1385056,21,1385077
1991,1385680,79,1385759
1992,1385945,118,1386063
1993,1387371,18,1387389
1994,1387943,25,1387968
1995,1388008,34,1388042
1996,1388459,18,1388477
1997,1388489,9,1388498
1998,1388946,9,1388955
1999,1389001,12,1389013
2000,1389333,3,1389336
2001,1389448,14,1389462
2002,1389789,27,1389816
2003,1389855,44,1389899
2004,1390745,24,1390769
2005,1390902,13,1390915
2006,1391019,13,1391032
2007,1392740,7,1392747
2008,1393061,82,1393143
2009,1393542,1,1393543
2010,1395080,2,1395082
2011,1395896,27,1395923
2012,1396610,18,1396628
2013,1397627,3,1397630
2014,1397845,17,1397862
2015,1398360,96,1398456
2016,1398508,25,1398533
2017,1398540,25,1398565
2018,1398961,14,1398975
2019,1399594,100,1399694
2020,1399901,24,1399925
2021,1400500,75,1400575
2022,1401882,38,1401920
2023,1401968,8,1401976
2024,1402060,66,1402126
2025,1402404,90,1402494
2026,1402787,31,1402818
2027,1403521,65,1403586
2028,1403660,61,1403721
2029,1404324,17,1404341
2030,1404531,84,1404615
2031,1405667,9,1405676
2032,1406630,7,1406637
2033,1409790,16,1409806
2034,1409857,90,1409947
2035,1412124,13,1412137
2036,1412263,38,1412301
2037,1412377,44,1412421
2038,1413362,101,1413463
2039,1413577,44,1413621
2040,1413741,30,1413771
2041,1415076,12,1415088
2042,1415940,24,1415964
2043,1416645,20,1416665
2044,1417731,133,1417864
2045,1418064,7,1418071
2046,1418613,20,1418633
2047,1419358,82,1419440
2048,1419537,28,1419565
2049,1420323,8,1420331
2050,1421120,2,1421122
2051,1421726,14,1421740
2052,1422145,69,1422214
2053,1422862,16,1422878
2054,1423144,40,1423184
2055,1423590,21,1423611
2056,1424438,22,1424460
2057,1424664,61,1424725
2058,1426494,8,1426502
2059,1426807,13,1426820
2060,1427204,43,1427247
2061,1427609,42,1427651
2062,1428080,28,1428108
2063,1429192,4,1429196
2064,1429696,34,1429730
2065,1430248,5,1430253
2066,1431182,65,1431247
2067,1431411,59,1431470
2068,1431938,37,1431975
2069,1432118,79,1432197
2070,1433400,11,1433411
2071,1434040,31,1434071
2072,1434805,87,1434892
2073,1435536,46,1435582
2074,1436918,30,1436948
2075,1437360,25,1437385
2076,1437388,6,1437394
2077,1441507,15,1441522
2078,1441932,46,1441978
2079,1442541,40,1442581
2080,1446042,1,1446043
2081,1446647,38,1446685
2082,1447733,7,1447740
2083,1447751,20,1447771
2084,1447867,49,1447916
2085,1448068,26,1448094
2086,1451022,43,1451065
2087,1451579,28,1451607
2088,1453196,1,1453197
2089,1453752,12,1453764
2090,1453778,12,1453790
2091,1453814,40,1453854
2092,1454103,40,1454143
2093,1454343,15,1454358
2094,1454378,1,1454379
2095,1454912,9,1454921
2096,1455112,12,1455124
2097,1455707,20,1455727
2098,1457514,46,1457560
2099,1457803,6,1457809
2100,1458879,26,1458905
2101,1459455,50,1459505
2102,1460128,3,1460131
2103,1460607,14,1460621
2104,1460653,7,1460660
2105,1462409,19,1462428
2106,1462452,2,1462454
2107,1464217,75,1464292
2108,1466498,55,1466553
2109,1467103,16,1467119
2110,1467219,22,1467241
2111,1467803,25,1467828
2112,1468297,78,1468375
2113,1468522,58,1468580
2114,1468825,18,1468843
2115,1469588,4,1469592
2116,1469727,2,1469729
2117,1470336,20,1470356
2118,1470528,2,1470530
2119,1470967,25,1470992
2120,1471781,3,1471784
2121,1472254,1,1472255
2122,1473140,31,1473171
2123,1473756,81,1473837
2124,1474308,21,1474329
2125,1474806,23,1474829
2126,1474949,5,1474954
2127,1475786,7,1475793
2128,1476010,37,1476047
2129,1476205,4,1476209
2130,1476447,92,1476539
2131,1476610,80,1476690
2132,1476871,34,1476905
2133,1477177,22,1477199
2134,1477503,38,1477541
2135,1477623,12,1477635
2136,1478858,142,1479000
2137,1479708,102,1479810
2138,1481747,59,1481806
2139,1482202,63,1482265
2140,1482728,4,1482732
2141,1483343,1,1483344
2142,1484232,135,1484367
2143,1485202,2,1485204
2144,1485294,15,1485309
2145,1487892,1,1487893
2146,1488029,25,1488054
2147,1489205,4,1489209
2148,1489290,7,1489297
2149,1490185,10,1490195
2150,1490270,74,1490344
2151,1491245,47,1491292
2152,1492425,16,1492441
2153,1492487,48,1492535
2154,1494197,15,1494212
2155,1495975,31,1496006
2156,1496357,7,1496364
2157,1496829,16,1496845
2158,1497618,93,1497711
2159,1498166,51,1498217
2160,1498644,3,1498647
2161,1499223,66,1499289
