,Start,Duration,End
0,29,26,55
1,215,5,220
2,376,6,382
3,524,23,547
4,679,16,695
5,721,10,731
6,738,26,764
7,800,23,823
8,833,18,851
9,875,1,876
10,1146,2,1148
11,1175,14,1189
12,1276,1,1277
13,1322,40,1362
14,1365,12,1377
15,1389,3,1392
16,1416,10,1426
17,1442,51,1493
18,1518,6,1524
19,1578,12,1590
20,1629,11,1640
21,1827,63,1890
22,2038,37,2075
23,2176,11,2187
24,2232,2,2234
25,2306,39,2345
26,2356,21,2377
27,2390,15,2405
28,2422,47,2469
29,2488,33,2521
30,2545,39,2584
31,2873,43,2916
32,3476,4,3480
33,3505,11,3516
34,3661,20,3681
35,3796,6,3802
36,3837,4,3841
37,3868,10,3878
38,3885,4,3889
39,3926,14,3940
40,4069,49,4118
41,4190,5,4195
42,4257,5,4262
43,4424,110,4534
44,4709,44,4753
45,5090,35,5125
46,5257,35,5292
47,5349,8,5357
48,5587,1,5588
49,5600,28,5628
50,5642,3,5645
51,5738,13,5751
52,5920,34,5954
53,6254,8,6262
54,6308,37,6345
55,6418,19,6437
56,6520,1,6521
57,6898,7,6905
58,6910,2,6912
59,7057,5,7062
60,7127,8,7135
61,7211,10,7221
62,7275,16,7291
63,7331,11,7342
64,7384,12,7396
65,7657,40,7697
66,7703,27,7730
67,7772,1,7773
68,7805,15,7820
69,7860,30,7890
70,8029,13,8042
71,8193,12,8205
72,8292,39,8331
73,8338,35,8373
74,8507,11,8518
75,8638,6,8644
76,9280,14,9294
77,9440,6,9446
78,9792,12,9804
79,9834,66,9900
80,10057,4,10061
81,10213,29,10242
82,10317,14,10331
83,10374,5,10379
84,10475,18,10493
85,10528,23,10551
86,10762,6,10768
87,10914,20,10934
88,11002,9,11011
89,11051,6,11057
90,11066,10,11076
91,11079,22,11101
92,11115,31,11146
93,11188,9,11197
94,11289,33,11322
95,11430,3,11433
96,11438,16,11454
97,11526,4,11530
98,11882,3,11885
99,11923,14,11937
100,12006,33,12039
101,12249,43,12292
102,12474,46,12520
103,12578,8,12586
104,12729,36,12765
105,12873,48,12921
106,13003,8,13011
107,13033,1,13034
108,13187,4,13191
109,13195,11,13206
110,13331,110,13441
111,13486,12,13498
112,13631,1,13632
113,14126,29,14155
114,14312,3,14315
115,14355,39,14394
116,14508,21,14529
117,14886,3,14889
118,14952,17,14969
119,15066,13,15079
120,15498,71,15569
121,15571,24,15595
122,15646,16,15662
123,15671,35,15706
124,15733,6,15739
125,15745,37,15782
126,15950,7,15957
127,15978,14,15992
128,16198,15,16213
129,16247,5,16252
130,16349,16,16365
131,16397,6,16403
132,16656,15,16671
133,16887,33,16920
134,16961,6,16967
135,16999,27,17026
136,17098,7,17105
137,17208,25,17233
138,17290,11,17301
139,17321,9,17330
140,17368,17,17385
141,17476,8,17484
142,17568,84,17652
143,17683,62,17745
144,17791,28,17819
145,17957,81,18038
146,18238,62,18300
147,18464,16,18480
148,18549,3,18552
149,18591,5,18596
150,18612,6,18618
151,18687,18,18705
152,18821,14,18835
153,18888,66,18954
154,19055,10,19065
155,19326,3,19329
156,19342,16,19358
157,19437,28,19465
158,19605,3,19608
159,19670,36,19706
160,19742,2,19744
161,19914,22,19936
162,20293,50,20343
163,20429,11,20440
164,20467,10,20477
165,20490,5,20495
166,20523,60,20583
167,20657,3,20660
168,20710,11,20721
169,20886,13,20899
170,20968,4,20972
171,21014,32,21046
172,21054,3,21057
173,21181,17,21198
174,21296,110,21406
175,21409,6,21415
176,21435,34,21469
177,21530,21,21551
178,21577,1,21578
179,21709,12,21721
180,21871,11,21882
181,22107,8,22115
182,22287,15,22302
183,22430,2,22432
184,22662,22,22684
185,22887,6,22893
186,22982,30,23012
187,23032,43,23075
188,23209,2,23211
189,23380,12,23392
190,23613,13,23626
191,23644,9,23653
192,23893,4,23897
193,23901,6,23907
194,23929,10,23939
195,24037,8,24045
196,24116,4,24120
197,24291,1,24292
198,24345,9,24354
199,24435,3,24438
200,24495,16,24511
201,24613,19,24632
202,24787,53,24840
203,25441,3,25444
204,25501,9,25510
205,25563,15,25578
206,25692,15,25707
207,25899,18,25917
208,25918,11,25929
209,25972,6,25978
210,26079,1,26080
211,26088,3,26091
212,26134,63,26197
213,26431,7,26438
214,26547,22,26569
215,26736,88,26824
216,26933,36,26969
217,27031,7,27038
218,27136,18,27154
219,27210,20,27230
220,27243,12,27255
221,27461,4,27465
222,27631,5,27636
223,27684,39,27723
224,27923,46,27969
225,28009,15,28024
226,28421,5,28426
227,28483,2,28485
228,28642,7,28649
229,28668,4,28672
230,28674,19,28693
231,28779,5,28784
232,28827,44,28871
233,28892,9,28901
234,29011,5,29016
235,29148,15,29163
236,29165,4,29169
237,29672,15,29687
238,29701,19,29720
239,29742,3,29745
240,29913,26,29939
241,29996,3,29999
242,30204,11,30215
243,30238,5,30243
244,30461,8,30469
245,30491,1,30492
246,30659,37,30696
247,30707,36,30743
248,30760,3,30763
249,30787,31,30818
250,30860,4,30864
251,31195,12,31207
252,31248,1,31249
253,31405,2,31407
254,31475,9,31484
255,31674,42,31716
256,31745,15,31760
257,31797,18,31815
258,31828,15,31843
259,31947,1,31948
260,31982,58,32040
261,32094,9,32103
262,32131,41,32172
263,32423,13,32436
264,32453,20,32473
265,32537,81,32618
266,32626,26,32652
267,32804,10,32814
268,32847,15,32862
269,32951,75,33026
270,33060,10,33070
271,33086,46,33132
272,33300,12,33312
273,33319,1,33320
274,33367,32,33399
275,33636,19,33655
276,33698,13,33711
277,33855,2,33857
278,33909,5,33914
279,33931,52,33983
280,34002,33,34035
281,34054,41,34095
282,34312,39,34351
283,34472,14,34486
284,34514,20,34534
285,34877,26,34903
286,35040,22,35062
287,35073,38,35111
288,35133,26,35159
289,35546,15,35561
290,35645,1,35646
291,35687,34,35721
292,35753,9,35762
293,35789,40,35829
294,36017,25,36042
295,36112,20,36132
296,36243,50,36293
297,36303,7,36310
298,36364,81,36445
299,36589,67,36656
300,36742,45,36787
301,36795,7,36802
302,37137,32,37169
303,37294,5,37299
304,37408,17,37425
305,37599,29,37628
306,37642,5,37647
307,37671,19,37690
308,37701,6,37707
309,37735,5,37740
310,37818,10,37828
311,37844,14,37858
312,37959,1,37960
313,37995,11,38006
314,38085,11,38096
315,38116,5,38121
316,38155,7,38162
317,38231,2,38233
318,38301,1,38302
319,38392,16,38408
320,38572,13,38585
321,38735,11,38746
322,38762,38,38800
323,39157,39,39196
324,39381,34,39415
325,39590,35,39625
326,39641,6,39647
327,39677,13,39690
328,39726,12,39738
329,39780,4,39784
330,39877,17,39894
331,39910,17,39927
332,40138,11,40149
333,40160,9,40169
334,40201,25,40226
335,40243,14,40257
336,40289,3,40292
337,40938,8,40946
338,40985,6,40991
339,41024,45,41069
340,41082,1,41083
341,41305,33,41338
342,41410,18,41428
343,41615,3,41618
344,41628,4,41632
345,41882,23,41905
346,41994,21,42015
347,42154,8,42162
348,42232,8,42240
349,42253,39,42292
350,42373,5,42378
351,42401,12,42413
352,42504,14,42518
353,42653,10,42663
354,42802,30,42832
355,42922,12,42934
356,43094,2,43096
357,43221,27,43248
358,43319,59,43378
359,43492,26,43518
360,43571,1,43572
361,43576,82,43658
362,43751,11,43762
363,44009,56,44065
364,44332,13,44345
365,44627,18,44645
366,44695,42,44737
367,44826,2,44828
368,45081,33,45114
369,45117,28,45145
370,45369,5,45374
371,45544,48,45592
372,45885,3,45888
373,46121,2,46123
374,46294,21,46315
375,46463,26,46489
376,46492,21,46513
377,46943,8,46951
378,46982,19,47001
379,47085,14,47099
380,47405,10,47415
381,47576,20,47596
382,47733,3,47736
383,47907,23,47930
384,47967,4,47971
385,48190,28,48218
386,48259,68,48327
387,48468,4,48472
388,48589,12,48601
389,48869,12,48881
390,48957,18,48975
391,49104,33,49137
392,49226,3,49229
393,49395,6,49401
394,49447,44,49491
395,49517,43,49560
396,49577,4,49581
397,49692,27,49719
398,49963,6,49969
399,50159,1,50160
400,50270,28,50298
401,50414,23,50437
402,50468,14,50482
403,50544,13,50557
404,50578,6,50584
405,50690,78,50768
406,50813,4,50817
407,50826,25,50851
408,50961,47,51008
409,51071,5,51076
410,51251,8,51259
411,51289,5,51294
412,51360,14,51374
413,51420,15,51435
414,51503,14,51517
415,51523,19,51542
416,51583,73,51656
417,51736,9,51745
418,51826,14,51840
419,51971,5,51976
420,52051,14,52065
421,52156,6,52162
422,52245,27,52272
423,52382,18,52400
424,52414,21,52435
425,52756,81,52837
426,53484,36,53520
427,53727,41,53768
428,53860,7,53867
429,53904,61,53965
430,54032,6,54038
431,54071,8,54079
432,54095,3,54098
433,54167,6,54173
434,54248,18,54266
435,54294,50,54344
436,54419,41,54460
437,54480,93,54573
438,54729,28,54757
439,54797,21,54818
440,54880,49,54929
441,55006,29,55035
442,55062,27,55089
443,55126,1,55127
444,55162,16,55178
445,55528,19,55547
446,55695,2,55697
447,55722,12,55734
448,55741,1,55742
449,55787,8,55795
450,55900,14,55914
451,55925,32,55957
452,55983,24,56007
453,56017,16,56033
454,56054,1,56055
455,56194,43,56237
456,56276,4,56280
457,56328,3,56331
458,56598,2,56600
459,56689,9,56698
460,56749,35,56784
461,57041,8,57049
462,57215,2,57217
463,57360,8,57368
464,57403,18,57421
465,57635,40,57675
466,58054,13,58067
467,58105,2,58107
468,58199,51,58250
469,58419,27,58446
470,58698,5,58703
471,58717,47,58764
472,59144,34,59178
473,59251,36,59287
474,59548,8,59556
475,59560,22,59582
476,59644,2,59646
477,59882,10,59892
478,60019,5,60024
479,60056,22,60078
480,60110,40,60150
481,60160,6,60166
482,60261,3,60264
483,60400,23,60423
484,60684,34,60718
485,60818,33,60851
486,60905,21,60926
487,61044,45,61089
488,61211,6,61217
489,61257,11,61268
490,61302,28,61330
491,61413,6,61419
492,61427,15,61442
493,61443,8,61451
494,61556,10,61566
495,61731,5,61736
496,61755,12,61767
497,61919,6,61925
498,62102,5,62107
499,62290,41,62331
500,62348,77,62425
501,62474,30,62504
502,62522,18,62540
503,62942,5,62947
504,63061,21,63082
505,63098,88,63186
506,63207,9,63216
507,63280,13,63293
508,63355,19,63374
509,63568,13,63581
510,63623,21,63644
511,63668,6,63674
512,63730,17,63747
513,63817,53,63870
514,63955,7,63962
515,64053,4,64057
516,64121,35,64156
517,64195,4,64199
518,64246,64,64310
519,64343,76,64419
520,64490,29,64519
521,64575,9,64584
522,64620,84,64704
523,64897,60,64957
524,65054,8,65062
525,65141,47,65188
526,65323,26,65349
527,65367,1,65368
528,65445,21,65466
529,65506,14,65520
530,65572,13,65585
531,65630,7,65637
532,65676,31,65707
533,65781,11,65792
534,65921,28,65949
535,66040,10,66050
536,66210,10,66220
537,66483,3,66486
538,66530,13,66543
539,66879,16,66895
540,66935,1,66936
541,67142,7,67149
542,67354,29,67383
543,67430,6,67436
544,67562,2,67564
545,67716,55,67771
546,67928,18,67946
547,68058,31,68089
548,68220,8,68228
549,68266,44,68310
550,68363,11,68374
551,68437,22,68459
552,68509,18,68527
553,68533,8,68541
554,68602,9,68611
555,68717,10,68727
556,68840,2,68842
557,68863,14,68877
558,68882,19,68901
559,69051,28,69079
560,69312,26,69338
561,69341,1,69342
562,69433,63,69496
563,69674,20,69694
564,69788,5,69793
565,69846,39,69885
566,69887,23,69910
567,69956,4,69960
568,70047,81,70128
569,70160,57,70217
570,70363,16,70379
571,70444,6,70450
572,70500,3,70503
573,70649,1,70650
574,70664,16,70680
575,70950,2,70952
576,71032,1,71033
577,71053,31,71084
578,71097,40,71137
579,71143,12,71155
580,71250,33,71283
581,71307,27,71334
582,71668,36,71704
583,71712,12,71724
584,71799,10,71809
585,71818,48,71866
586,72088,21,72109
587,72170,46,72216
588,72469,23,72492
589,72660,2,72662
590,72803,10,72813
591,73218,16,73234
592,73262,1,73263
593,73322,22,73344
594,73469,3,73472
595,73607,18,73625
596,73958,17,73975
597,74075,11,74086
598,74227,11,74238
599,74260,10,74270
600,74372,6,74378
601,74695,9,74704
602,74706,13,74719
603,74786,15,74801
604,74943,16,74959
605,74981,19,75000
606,75081,30,75111
607,75311,3,75314
608,75445,1,75446
609,75696,5,75701
610,75717,31,75748
611,75854,69,75923
612,76303,12,76315
613,76405,18,76423
614,76466,12,76478
615,76614,17,76631
616,76727,2,76729
617,76788,1,76789
618,77200,5,77205
619,77242,2,77244
620,77299,34,77333
621,77365,6,77371
622,77556,41,77597
623,77660,3,77663
624,77745,3,77748
625,77797,55,77852
626,77864,33,77897
627,77923,51,77974
628,78004,21,78025
629,78307,40,78347
630,78377,97,78474
631,78644,10,78654
632,79046,10,79056
633,79109,7,79116
634,79320,46,79366
635,79378,7,79385
636,79402,5,79407
637,79624,4,79628
638,79669,13,79682
639,79690,47,79737
640,79881,17,79898
641,79955,1,79956
642,79996,13,80009
643,80041,62,80103
644,80144,14,80158
645,80262,13,80275
646,80279,8,80287
647,80758,13,80771
648,80918,11,80929
649,80939,10,80949
650,81090,3,81093
651,81168,11,81179
652,81293,44,81337
653,81405,6,81411
654,81624,6,81630
655,81768,15,81783
656,81837,1,81838
657,81862,8,81870
658,81999,10,82009
659,82070,81,82151
660,82169,6,82175
661,82304,18,82322
662,82335,6,82341
663,82371,7,82378
664,82488,23,82511
665,82718,16,82734
666,82813,69,82882
667,82908,36,82944
668,83447,9,83456
669,83626,61,83687
670,83772,13,83785
671,84041,3,84044
672,84138,2,84140
673,84207,39,84246
674,84328,2,84330
675,84346,37,84383
676,84392,2,84394
677,84527,7,84534
678,84748,23,84771
679,84896,13,84909
680,85104,10,85114
681,85382,8,85390
682,85445,7,85452
683,85550,39,85589
684,85981,4,85985
685,86341,46,86387
686,86484,27,86511
687,86534,29,86563
688,86626,7,86633
689,86680,17,86697
690,86721,40,86761
691,86797,29,86826
692,87218,16,87234
693,87330,1,87331
694,87382,23,87405
695,87433,28,87461
696,87535,16,87551
697,87639,2,87641
698,87683,4,87687
699,87741,7,87748
700,87818,6,87824
701,87932,5,87937
702,87953,1,87954
703,88047,70,88117
704,88283,87,88370
705,88492,22,88514
706,88551,43,88594
707,88635,10,88645
708,88727,25,88752
709,88953,1,88954
710,89004,4,89008
711,89018,37,89055
712,89240,8,89248
713,89284,59,89343
714,89502,5,89507
715,89561,13,89574
716,89598,2,89600
717,89759,23,89782
718,90144,7,90151
719,90215,6,90221
720,90242,6,90248
721,90315,4,90319
722,90376,4,90380
723,90405,5,90410
724,90522,54,90576
725,90594,49,90643
726,90708,72,90780
727,90797,9,90806
728,90833,16,90849
729,90868,3,90871
730,90920,44,90964
731,91002,105,91107
732,91171,1,91172
733,91175,6,91181
734,91241,42,91283
735,91467,9,91476
736,91477,39,91516
737,91532,4,91536
738,91556,12,91568
739,91704,12,91716
740,91773,12,91785
741,91808,10,91818
742,91832,16,91848
743,91915,13,91928
744,92071,5,92076
745,92132,18,92150
746,92197,9,92206
747,92381,4,92385
748,92417,10,92427
749,92487,50,92537
750,92608,65,92673
751,92707,13,92720
752,92745,41,92786
753,92811,8,92819
754,92900,7,92907
755,92945,3,92948
756,93048,17,93065
757,93108,95,93203
758,93255,3,93258
759,93306,45,93351
760,93443,24,93467
761,93745,35,93780
762,94114,65,94179
763,94201,7,94208
764,94284,15,94299
765,94494,7,94501
766,94686,12,94698
767,95191,7,95198
768,95311,4,95315
769,95546,16,95562
770,95585,2,95587
771,95672,18,95690
772,95810,3,95813
773,95847,17,95864
774,95942,7,95949
775,95973,30,96003
776,96011,31,96042
777,96192,5,96197
778,96227,19,96246
779,96282,7,96289
780,96842,7,96849
781,96870,14,96884
782,96947,24,96971
783,96991,1,96992
784,97090,8,97098
785,97101,5,97106
786,97210,26,97236
787,97296,2,97298
788,97324,29,97353
789,97417,2,97419
790,97431,22,97453
791,97570,22,97592
792,97621,97,97718
793,97724,5,97729
794,97875,51,97926
795,98001,36,98037
796,98242,21,98263
797,98355,16,98371
798,98810,19,98829
799,98857,4,98861
800,98893,31,98924
801,98927,18,98945
802,99097,41,99138
803,99173,18,99191
804,99225,28,99253
805,99482,18,99500
806,99743,37,99780
807,99885,16,99901
808,100064,9,100073
809,100083,33,100116
810,100390,36,100426
811,100449,64,100513
812,100518,34,100552
813,100617,34,100651
814,100776,27,100803
815,100804,16,100820
816,100877,45,100922
817,100934,23,100957
818,101226,45,101271
819,101364,2,101366
820,101404,1,101405
821,101427,6,101433
822,101520,25,101545
823,101683,8,101691
824,101708,69,101777
825,101959,2,101961
826,101985,59,102044
827,102066,11,102077
828,102141,13,102154
829,102331,7,102338
830,102483,3,102486
831,102630,26,102656
832,102773,17,102790
833,103000,24,103024
834,103085,5,103090
835,103184,19,103203
836,103250,3,103253
837,103271,10,103281
838,103364,7,103371
839,103479,17,103496
840,103753,1,103754
841,103863,41,103904
842,103912,55,103967
843,104025,5,104030
844,104237,6,104243
845,104291,35,104326
846,104331,18,104349
847,104422,69,104491
848,104551,23,104574
849,104593,11,104604
850,104655,35,104690
851,104740,2,104742
852,104808,5,104813
853,105037,2,105039
854,105101,19,105120
855,105325,5,105330
856,105422,22,105444
857,105488,22,105510
858,105511,22,105533
859,105752,11,105763
860,106109,26,106135
861,106285,18,106303
862,106324,10,106334
863,106393,6,106399
864,106443,17,106460
865,106512,2,106514
866,106536,33,106569
867,106644,44,106688
868,106693,26,106719
869,106860,9,106869
870,106890,7,106897
871,107344,3,107347
872,107410,9,107419
873,107477,38,107515
874,107578,18,107596
875,107652,5,107657
876,107853,7,107860
877,107933,33,107966
878,108121,6,108127
879,108161,20,108181
880,108290,5,108295
881,108545,15,108560
882,108639,27,108666
883,108712,25,108737
884,108979,70,109049
885,109130,8,109138
886,109375,22,109397
887,109508,2,109510
888,109587,19,109606
889,109642,29,109671
890,109672,19,109691
891,109824,29,109853
892,109879,53,109932
893,109968,25,109993
894,110105,2,110107
895,110119,20,110139
896,110143,3,110146
897,110234,34,110268
898,110273,56,110329
899,110355,3,110358
900,110558,53,110611
901,110631,6,110637
902,110643,27,110670
903,110864,86,110950
904,110964,19,110983
905,111111,4,111115
906,111116,27,111143
907,111314,19,111333
908,111401,51,111452
909,111548,4,111552
910,111553,18,111571
911,111777,18,111795
912,111859,8,111867
913,111877,12,111889
914,112273,53,112326
915,112419,2,112421
916,112426,13,112439
917,112632,35,112667
918,112821,12,112833
919,112867,55,112922
920,113184,12,113196
921,113199,6,113205
922,113349,45,113394
923,113651,67,113718
924,113857,1,113858
925,113919,12,113931
926,114033,7,114040
927,114113,7,114120
928,114201,7,114208
929,114210,27,114237
930,114254,6,114260
931,114289,1,114290
932,114327,7,114334
933,114388,27,114415
934,114422,25,114447
935,114746,10,114756
936,114781,7,114788
937,114796,148,114944
938,115033,6,115039
939,115129,36,115165
940,115721,55,115776
941,115820,5,115825
942,115927,16,115943
943,115947,9,115956
944,116066,49,116115
945,116313,21,116334
946,116374,6,116380
947,116405,27,116432
948,116502,25,116527
949,116800,4,116804
950,117013,11,117024
951,117081,4,117085
952,117207,66,117273
953,117285,45,117330
954,117363,103,117466
955,117568,3,117571
956,117662,8,117670
957,117704,7,117711
958,117827,12,117839
959,117884,14,117898
960,117928,2,117930
961,117965,14,117979
962,118156,8,118164
963,118489,42,118531
964,118556,4,118560
965,118665,40,118705
966,118947,18,118965
967,119036,2,119038
968,119289,33,119322
969,119336,22,119358
970,119386,1,119387
971,119492,36,119528
972,119572,2,119574
973,119676,5,119681
974,119852,19,119871
975,120020,7,120027
976,120103,44,120147
977,120869,37,120906
978,120983,66,121049
979,121098,30,121128
980,121360,5,121365
981,121495,7,121502
982,121603,4,121607
983,121642,46,121688
984,121865,61,121926
985,121973,16,121989
986,122034,14,122048
987,122063,14,122077
988,122104,31,122135
989,122156,8,122164
990,122191,8,122199
991,122249,23,122272
992,122384,11,122395
993,122473,7,122480
994,122555,11,122566
995,122671,14,122685
996,122696,1,122697
997,122728,6,122734
998,122746,43,122789
999,122792,38,122830
1000,123012,11,123023
1001,123104,21,123125
1002,123181,4,123185
1003,123423,6,123429
1004,123483,40,123523
1005,123609,1,123610
1006,123678,6,123684
1007,123736,34,123770
1008,123837,35,123872
1009,124075,21,124096
1010,124136,12,124148
1011,124326,5,124331
1012,124353,23,124376
1013,124448,79,124527
1014,124610,15,124625
1015,124731,11,124742
1016,125110,6,125116
1017,125122,12,125134
1018,125150,6,125156
1019,125218,4,125222
1020,125236,10,125246
1021,125338,59,125397
1022,125582,4,125586
1023,125798,10,125808
1024,125919,16,125935
1025,125962,37,125999
1026,126080,29,126109
1027,126122,16,126138
1028,126139,15,126154
1029,126227,2,126229
1030,126430,23,126453
1031,126472,2,126474
1032,126476,21,126497
1033,126623,16,126639
1034,126730,6,126736
1035,126818,33,126851
1036,127031,35,127066
1037,127077,21,127098
1038,127231,8,127239
1039,127278,99,127377
1040,127423,9,127432
1041,127518,13,127531
1042,127641,10,127651
1043,127670,10,127680
1044,127717,17,127734
1045,127748,85,127833
1046,127993,29,128022
1047,128165,16,128181
1048,128192,28,128220
1049,128232,23,128255
1050,128384,6,128390
1051,128543,15,128558
1052,128633,44,128677
1053,128771,13,128784
1054,128809,44,128853
1055,129093,20,129113
1056,129243,6,129249
1057,129267,66,129333
1058,129393,1,129394
1059,129427,11,129438
1060,129615,31,129646
1061,129779,14,129793
1062,129867,2,129869
1063,129916,2,129918
1064,130033,38,130071
1065,130074,23,130097
1066,130334,2,130336
1067,130480,25,130505
1068,130624,59,130683
1069,130791,3,130794
1070,130903,6,130909
1071,131081,4,131085
1072,131223,49,131272
1073,131408,9,131417
1074,131520,19,131539
1075,131625,11,131636
1076,131691,6,131697
1077,131719,4,131723
1078,131794,11,131805
1079,131879,19,131898
1080,132275,15,132290
1081,132420,6,132426
1082,132587,14,132601
1083,132661,39,132700
1084,132776,49,132825
1085,132835,15,132850
1086,132927,3,132930
1087,132941,19,132960
1088,133094,11,133105
1089,133273,7,133280
1090,133500,29,133529
1091,133586,8,133594
1092,133744,10,133754
1093,133761,46,133807
1094,133866,8,133874
1095,134040,1,134041
1096,134045,18,134063
1097,134250,15,134265
1098,134320,37,134357
1099,134434,17,134451
1100,134637,29,134666
1101,134802,20,134822
1102,135047,2,135049
1103,135055,49,135104
1104,135106,9,135115
1105,135161,5,135166
1106,135193,3,135196
1107,135331,1,135332
1108,135339,7,135346
1109,135369,12,135381
1110,135425,11,135436
1111,135570,13,135583
1112,135613,7,135620
1113,135667,30,135697
1114,135893,8,135901
1115,135902,32,135934
1116,136063,26,136089
1117,136096,2,136098
1118,136125,21,136146
1119,136236,38,136274
1120,136353,90,136443
1121,136710,1,136711
1122,136752,21,136773
1123,137063,45,137108
1124,137127,16,137143
1125,137217,21,137238
1126,137296,59,137355
1127,137416,6,137422
1128,137718,29,137747
1129,137764,12,137776
1130,137870,15,137885
1131,137941,61,138002
1132,138227,12,138239
1133,138361,1,138362
1134,138433,15,138448
1135,138597,11,138608
1136,138641,3,138644
1137,138705,8,138713
1138,138806,31,138837
1139,138854,14,138868
1140,138942,37,138979
1141,139009,26,139035
1142,139351,25,139376
1143,139635,16,139651
1144,139734,9,139743
1145,139749,2,139751
1146,139791,7,139798
1147,139834,43,139877
1148,139964,24,139988
1149,140000,27,140027
1150,140098,43,140141
1151,140397,6,140403
1152,140430,3,140433
1153,140436,15,140451
1154,140489,33,140522
1155,140622,7,140629
1156,140888,33,140921
1157,140974,3,140977
1158,140983,11,140994
1159,141492,6,141498
1160,141525,13,141538
1161,141569,14,141583
1162,141631,69,141700
1163,141792,9,141801
1164,141832,16,141848
1165,142016,33,142049
1166,142071,17,142088
1167,142248,23,142271
1168,142273,22,142295
1169,142508,28,142536
1170,142613,7,142620
1171,142702,5,142707
1172,142834,25,142859
1173,142984,18,143002
1174,143053,14,143067
1175,143215,35,143250
1176,143325,22,143347
1177,143402,3,143405
1178,143433,1,143434
1179,143508,37,143545
1180,143697,2,143699
1181,143708,4,143712
1182,143851,6,143857
1183,143913,6,143919
1184,143968,8,143976
1185,144156,19,144175
1186,144302,42,144344
1187,144386,18,144404
1188,144483,8,144491
1189,144620,6,144626
1190,144905,10,144915
1191,144948,32,144980
1192,145049,18,145067
1193,145169,6,145175
1194,145298,33,145331
1195,145339,12,145351
1196,145632,20,145652
1197,145718,22,145740
1198,145962,3,145965
1199,145989,42,146031
1200,146288,5,146293
1201,146472,27,146499
1202,146631,5,146636
1203,146694,15,146709
1204,146802,3,146805
1205,146959,25,146984
1206,147194,2,147196
1207,147232,32,147264
1208,147307,9,147316
1209,147367,4,147371
1210,147384,23,147407
1211,147484,11,147495
1212,147538,36,147574
1213,147673,32,147705
1214,147837,26,147863
1215,147867,16,147883
1216,147990,78,148068
1217,148139,6,148145
1218,148257,14,148271
1219,148385,28,148413
1220,148426,8,148434
1221,148453,8,148461
1222,148521,28,148549
1223,148691,7,148698
1224,148724,3,148727
1225,148873,42,148915
1226,149179,20,149199
1227,149204,7,149211
1228,149246,17,149263
1229,149264,27,149291
1230,149380,5,149385
1231,149523,4,149527
1232,149544,23,149567
1233,149806,13,149819
1234,149984,30,150014
1235,150193,1,150194
1236,150209,29,150238
1237,150325,11,150336
1238,150536,17,150553
1239,150678,29,150707
1240,150799,1,150800
1241,150933,34,150967
1242,151010,18,151028
1243,151046,14,151060
1244,151459,5,151464
1245,151489,11,151500
1246,151515,4,151519
1247,151567,52,151619
1248,151638,10,151648
1249,151879,3,151882
1250,151934,17,151951
1251,152082,4,152086
1252,152104,19,152123
1253,152195,15,152210
1254,152228,20,152248
1255,152378,7,152385
1256,152390,25,152415
1257,152577,4,152581
1258,152611,20,152631
1259,152669,8,152677
1260,152689,25,152714
1261,152738,19,152757
1262,153066,42,153108
1263,153134,6,153140
1264,153163,11,153174
1265,153317,14,153331
1266,153401,4,153405
1267,153428,29,153457
1268,153642,11,153653
1269,153827,15,153842
1270,153896,1,153897
1271,154039,5,154044
1272,154081,5,154086
1273,154112,5,154117
1274,154376,66,154442
1275,154613,16,154629
1276,154666,49,154715
1277,154791,3,154794
1278,154965,19,154984
1279,155237,13,155250
1280,155329,4,155333
1281,155496,9,155505
1282,155514,1,155515
1283,155630,18,155648
1284,155854,18,155872
1285,155920,2,155922
1286,155970,1,155971
1287,156416,26,156442
1288,156484,6,156490
1289,156579,5,156584
1290,156819,11,156830
1291,156895,11,156906
1292,157094,17,157111
1293,157135,2,157137
1294,157144,4,157148
1295,157179,12,157191
1296,157200,16,157216
1297,157397,38,157435
1298,157810,11,157821
1299,157917,56,157973
1300,158006,11,158017
1301,158404,7,158411
1302,158452,1,158453
1303,158459,10,158469
1304,158545,13,158558
1305,158690,5,158695
1306,158698,6,158704
1307,158773,36,158809
1308,158899,26,158925
1309,158998,22,159020
1310,159132,26,159158
1311,159221,4,159225
1312,159358,11,159369
1313,159593,96,159689
1314,159727,16,159743
1315,159760,14,159774
1316,159874,30,159904
1317,159917,24,159941
1318,159967,1,159968
1319,159985,32,160017
1320,160101,9,160110
1321,160120,5,160125
1322,160349,22,160371
1323,160376,8,160384
1324,160413,16,160429
1325,160550,5,160555
1326,160645,9,160654
1327,160656,6,160662
1328,160942,10,160952
1329,160997,41,161038
1330,161068,12,161080
1331,161175,8,161183
1332,161265,1,161266
1333,161364,26,161390
1334,161438,4,161442
1335,161491,30,161521
1336,161628,21,161649
1337,161711,22,161733
1338,161928,24,161952
1339,162051,1,162052
1340,162324,18,162342
1341,162393,15,162408
1342,162653,20,162673
1343,162696,11,162707
1344,162718,1,162719
1345,162766,7,162773
1346,162786,10,162796
1347,162823,22,162845
1348,162905,13,162918
1349,163118,26,163144
1350,163154,4,163158
1351,163206,5,163211
1352,163312,2,163314
1353,163414,1,163415
1354,163468,16,163484
1355,163536,4,163540
1356,163587,17,163604
1357,163652,40,163692
1358,163699,14,163713
1359,163716,19,163735
1360,163748,46,163794
1361,163836,37,163873
1362,164194,34,164228
1363,164262,3,164265
1364,164648,4,164652
1365,164831,31,164862
1366,164878,15,164893
1367,164902,11,164913
1368,165003,25,165028
1369,165111,28,165139
1370,165232,13,165245
1371,165270,18,165288
1372,165346,4,165350
1373,165386,12,165398
1374,165471,6,165477
1375,165625,16,165641
1376,165914,16,165930
1377,166145,10,166155
1378,166236,13,166249
1379,166311,89,166400
1380,166435,11,166446
1381,166522,11,166533
1382,166998,4,167002
1383,167009,1,167010
1384,167110,4,167114
1385,167120,2,167122
1386,167223,18,167241
1387,167255,1,167256
1388,167601,7,167608
1389,167781,38,167819
1390,167844,8,167852
1391,167891,5,167896
1392,167908,32,167940
1393,168063,1,168064
1394,168221,25,168246
1395,168268,1,168269
1396,168307,13,168320
1397,168334,36,168370
1398,168467,15,168482
1399,168520,15,168535
1400,168544,4,168548
1401,168646,4,168650
1402,168672,21,168693
1403,168716,4,168720
1404,168790,3,168793
1405,168852,16,168868
1406,168980,60,169040
1407,169083,5,169088
1408,169158,5,169163
1409,169294,16,169310
1410,169342,23,169365
1411,169551,3,169554
1412,169774,32,169806
1413,170088,60,170148
1414,170157,51,170208
1415,170326,6,170332
1416,170477,22,170499
1417,170616,58,170674
1418,170782,36,170818
1419,171193,5,171198
1420,171251,7,171258
1421,171341,15,171356
1422,171381,32,171413
1423,171593,16,171609
1424,171860,8,171868
1425,171909,22,171931
1426,172258,34,172292
1427,172311,7,172318
1428,172433,21,172454
1429,172466,29,172495
1430,172500,47,172547
1431,172580,6,172586
1432,172617,12,172629
1433,172827,31,172858
1434,172889,2,172891
1435,172918,13,172931
1436,173066,49,173115
1437,173147,63,173210
1438,173263,9,173272
1439,173397,8,173405
1440,173539,42,173581
1441,173763,12,173775
1442,173823,4,173827
1443,173974,3,173977
1444,174106,16,174122
1445,174158,88,174246
1446,174285,114,174399
1447,174428,36,174464
1448,174589,27,174616
1449,174667,15,174682
1450,174717,3,174720
1451,174985,26,175011
1452,175248,4,175252
1453,175334,29,175363
1454,175464,15,175479
1455,175537,57,175594
1456,175723,4,175727
1457,175847,9,175856
1458,176093,23,176116
1459,176233,55,176288
1460,176386,13,176399
1461,176538,37,176575
1462,176659,12,176671
1463,176874,19,176893
1464,176984,54,177038
1465,177054,2,177056
1466,177174,7,177181
1467,177203,29,177232
1468,177257,7,177264
1469,177479,6,177485
1470,177525,12,177537
1471,177886,14,177900
1472,178074,6,178080
1473,178154,2,178156
1474,178205,1,178206
1475,178272,4,178276
1476,178336,17,178353
1477,178378,6,178384
1478,178389,14,178403
1479,178406,82,178488
1480,178514,34,178548
1481,178648,22,178670
1482,178742,10,178752
1483,178793,47,178840
1484,178858,3,178861
1485,179002,9,179011
1486,179043,6,179049
1487,179297,4,179301
1488,179418,2,179420
1489,179442,5,179447
1490,179559,47,179606
1491,179614,24,179638
1492,179641,14,179655
1493,179748,2,179750
1494,179881,3,179884
1495,179885,12,179897
1496,180166,27,180193
1497,180234,7,180241
1498,180254,12,180266
1499,180429,6,180435
1500,180457,2,180459
1501,180530,36,180566
1502,180595,29,180624
1503,180655,43,180698
1504,180701,3,180704
1505,180897,7,180904
1506,180959,24,180983
1507,181088,15,181103
1508,181148,37,181185
1509,181390,16,181406
1510,181628,36,181664
1511,181782,3,181785
1512,181915,5,181920
1513,182018,1,182019
1514,182053,20,182073
1515,182184,19,182203
1516,182235,9,182244
1517,182308,10,182318
1518,182353,72,182425
1519,182539,2,182541
1520,182665,15,182680
1521,182844,18,182862
1522,182869,51,182920
1523,183013,3,183016
1524,183079,45,183124
1525,183227,14,183241
1526,183249,7,183256
1527,183351,11,183362
1528,183420,4,183424
1529,183589,78,183667
1530,183686,37,183723
1531,183736,4,183740
1532,183744,5,183749
1533,183897,24,183921
1534,183960,54,184014
1535,184037,68,184105
1536,184277,8,184285
1537,184466,27,184493
1538,184527,24,184551
1539,184567,20,184587
1540,184604,29,184633
1541,184636,4,184640
1542,184687,27,184714
1543,184813,6,184819
1544,184827,30,184857
1545,184949,28,184977
1546,184989,11,185000
1547,185049,28,185077
1548,185107,12,185119
1549,185131,11,185142
1550,185205,1,185206
1551,185371,11,185382
1552,185427,22,185449
1553,185574,48,185622
1554,185638,23,185661
1555,185741,1,185742
1556,186187,27,186214
1557,186357,14,186371
1558,186765,35,186800
1559,186802,46,186848
1560,187189,8,187197
1561,187390,16,187406
1562,187498,14,187512
1563,187602,14,187616
1564,187954,3,187957
1565,188074,48,188122
1566,188286,5,188291
1567,188325,69,188394
1568,188496,63,188559
1569,188573,7,188580
1570,188661,51,188712
1571,188749,6,188755
1572,188783,4,188787
1573,189239,19,189258
1574,189299,49,189348
1575,189464,6,189470
1576,189822,6,189828
1577,189893,8,189901
1578,190073,1,190074
1579,190284,35,190319
1580,190347,2,190349
1581,190353,2,190355
1582,190461,19,190480
1583,190750,6,190756
1584,190795,31,190826
1585,190974,8,190982
1586,191045,34,191079
1587,191244,6,191250
1588,191251,8,191259
1589,191344,26,191370
1590,191420,71,191491
1591,191558,36,191594
1592,191602,4,191606
1593,191690,15,191705
1594,191722,4,191726
1595,191786,26,191812
1596,191968,69,192037
1597,192042,19,192061
1598,192123,6,192129
1599,192290,14,192304
1600,192342,5,192347
1601,192355,65,192420
1602,192458,14,192472
1603,192504,9,192513
1604,192647,28,192675
1605,192784,1,192785
1606,192817,2,192819
1607,192894,8,192902
1608,192993,69,193062
1609,193216,14,193230
1610,193263,10,193273
1611,193446,3,193449
1612,193680,73,193753
1613,194085,20,194105
1614,194245,6,194251
1615,194419,80,194499
1616,194579,5,194584
1617,194646,17,194663
1618,194687,53,194740
1619,194832,1,194833
1620,194842,72,194914
1621,194941,5,194946
1622,194957,29,194986
1623,195080,13,195093
1624,195099,33,195132
1625,195261,21,195282
1626,195325,2,195327
1627,195363,16,195379
1628,195401,2,195403
1629,195452,34,195486
1630,195529,26,195555
1631,195567,5,195572
1632,195578,15,195593
1633,195595,23,195618
1634,195722,1,195723
1635,195797,5,195802
1636,195879,5,195884
1637,196076,15,196091
1638,196172,14,196186
1639,196448,87,196535
1640,196769,9,196778
1641,196831,14,196845
1642,196975,36,197011
1643,197112,25,197137
1644,197394,41,197435
1645,197463,4,197467
1646,197553,26,197579
1647,197628,13,197641
1648,197849,10,197859
1649,197959,1,197960
1650,198156,7,198163
1651,198308,19,198327
1652,198440,10,198450
1653,198466,3,198469
1654,198821,11,198832
1655,198852,18,198870
1656,199501,61,199562
1657,199563,11,199574
1658,199595,3,199598
1659,199630,14,199644
1660,199876,16,199892
1661,199914,21,199935
1662,200053,4,200057
1663,200418,2,200420
1664,200487,57,200544
1665,200552,5,200557
1666,200608,21,200629
1667,200634,20,200654
1668,200828,21,200849
1669,200979,4,200983
1670,200984,21,201005
1671,201093,1,201094
1672,201244,57,201301
1673,201499,1,201500
1674,201555,6,201561
1675,201604,8,201612
1676,201615,1,201616
1677,201623,12,201635
1678,201755,3,201758
1679,201891,6,201897
1680,201968,16,201984
1681,202101,6,202107
1682,202222,4,202226
1683,202320,14,202334
1684,202523,7,202530
1685,202551,12,202563
1686,202608,18,202626
1687,202710,6,202716
1688,202761,14,202775
1689,202804,2,202806
1690,202821,38,202859
1691,202985,9,202994
1692,203094,16,203110
1693,203197,9,203206
1694,203235,2,203237
1695,203412,8,203420
1696,203875,15,203890
1697,203903,19,203922
1698,203928,31,203959
1699,204098,102,204200
1700,204205,90,204295
1701,204343,12,204355
1702,204395,85,204480
1703,204572,14,204586
1704,204732,55,204787
1705,204830,13,204843
1706,204903,6,204909
1707,204946,43,204989
1708,205166,41,205207
1709,205259,11,205270
1710,205893,9,205902
1711,205907,31,205938
1712,205980,4,205984
1713,206151,26,206177
1714,206299,31,206330
1715,206428,81,206509
1716,206553,5,206558
1717,206597,2,206599
1718,206769,4,206773
1719,206797,2,206799
1720,206802,81,206883
1721,207014,14,207028
1722,207029,6,207035
1723,207089,27,207116
1724,207233,1,207234
1725,207246,23,207269
1726,207306,12,207318
1727,207434,2,207436
1728,207546,3,207549
1729,207561,40,207601
1730,207731,23,207754
1731,208297,28,208325
1732,208414,8,208422
1733,208634,14,208648
1734,208684,22,208706
1735,208773,5,208778
1736,208800,8,208808
1737,208842,33,208875
1738,208967,71,209038
1739,209196,26,209222
1740,209360,16,209376
1741,209465,3,209468
1742,209515,64,209579
1743,209596,2,209598
1744,209629,1,209630
1745,209727,8,209735
1746,209816,19,209835
1747,210072,23,210095
1748,210367,1,210368
1749,210431,3,210434
1750,210467,3,210470
1751,211218,45,211263
1752,211319,27,211346
1753,211518,9,211527
1754,211669,3,211672
1755,211674,21,211695
1756,211753,57,211810
1757,211841,16,211857
1758,211895,4,211899
1759,211966,35,212001
1760,212148,22,212170
1761,212289,20,212309
1762,212327,14,212341
1763,212463,4,212467
1764,212502,11,212513
1765,212642,24,212666
1766,212796,3,212799
1767,212830,3,212833
1768,212866,1,212867
1769,212952,1,212953
1770,213142,47,213189
1771,213352,44,213396
1772,213402,26,213428
1773,213581,3,213584
1774,213681,1,213682
1775,213724,1,213725
1776,213732,66,213798
1777,213826,9,213835
1778,213916,9,213925
1779,214013,23,214036
1780,214045,2,214047
1781,214086,57,214143
1782,214167,24,214191
1783,214239,26,214265
1784,214848,8,214856
1785,214882,16,214898
1786,214926,31,214957
1787,215132,86,215218
1788,215582,6,215588
1789,215668,33,215701
1790,215747,9,215756
1791,215816,2,215818
1792,215849,5,215854
1793,216031,16,216047
1794,216120,62,216182
1795,216194,6,216200
1796,216226,30,216256
1797,216371,8,216379
1798,216415,17,216432
1799,216493,8,216501
1800,216638,8,216646
1801,216669,23,216692
1802,216877,59,216936
1803,216975,24,216999
1804,217060,18,217078
1805,217388,15,217403
1806,217686,34,217720
1807,217730,76,217806
1808,217831,20,217851
1809,217884,21,217905
1810,218172,6,218178
1811,218396,21,218417
1812,218789,10,218799
1813,218825,6,218831
1814,219053,84,219137
1815,219336,12,219348
1816,219396,37,219433
1817,219470,2,219472
1818,219589,53,219642
1819,219671,6,219677
1820,219768,29,219797
1821,219826,6,219832
1822,219865,32,219897
1823,220033,12,220045
1824,220256,9,220265
1825,220432,36,220468
1826,220556,16,220572
1827,220753,5,220758
1828,220807,1,220808
1829,220829,11,220840
1830,220894,7,220901
1831,220913,81,220994
1832,221016,45,221061
1833,221165,6,221171
1834,221187,13,221200
1835,221355,11,221366
1836,221384,4,221388
1837,221449,36,221485
1838,221498,7,221505
1839,221521,7,221528
1840,221542,9,221551
1841,221604,7,221611
1842,221634,12,221646
1843,221649,2,221651
1844,221744,46,221790
1845,221825,37,221862
1846,221887,11,221898
1847,221960,28,221988
1848,222098,9,222107
1849,222450,8,222458
1850,222802,1,222803
1851,222833,19,222852
1852,222958,12,222970
1853,222992,24,223016
1854,223112,32,223144
1855,223282,29,223311
1856,223368,17,223385
1857,223472,8,223480
1858,223484,14,223498
1859,223541,85,223626
1860,223633,3,223636
1861,223793,2,223795
1862,224116,4,224120
1863,224142,70,224212
1864,224280,19,224299
1865,224480,17,224497
1866,224520,20,224540
1867,224695,8,224703
1868,224807,1,224808
1869,224951,20,224971
1870,225040,55,225095
1871,225099,3,225102
1872,225208,8,225216
1873,225253,3,225256
1874,225446,1,225447
1875,225457,19,225476
1876,225688,4,225692
1877,225721,29,225750
1878,225787,20,225807
1879,225852,13,225865
1880,226094,40,226134
1881,226380,21,226401
1882,226408,101,226509
1883,226659,19,226678
1884,226783,49,226832
1885,226948,54,227002
1886,227204,32,227236
1887,227322,20,227342
1888,227365,15,227380
1889,227391,17,227408
1890,227451,9,227460
1891,227586,19,227605
1892,227641,18,227659
1893,227857,46,227903
1894,227975,49,228024
1895,228056,15,228071
1896,228200,6,228206
1897,228265,2,228267
1898,228338,57,228395
1899,228569,11,228580
1900,228624,10,228634
1901,228672,69,228741
1902,228827,2,228829
1903,228974,15,228989
1904,229032,1,229033
1905,229053,20,229073
1906,229081,26,229107
1907,229159,25,229184
1908,229236,2,229238
1909,229327,3,229330
1910,229412,18,229430
1911,229441,25,229466
1912,229574,35,229609
1913,229653,16,229669
1914,229790,15,229805
1915,229965,44,230009
1916,230206,32,230238
1917,230442,29,230471
1918,230485,4,230489
1919,230522,16,230538
1920,230617,15,230632
1921,230844,10,230854
1922,230855,4,230859
1923,230934,36,230970
1924,231082,22,231104
1925,231121,36,231157
1926,231817,2,231819
1927,232077,31,232108
1928,232143,6,232149
1929,232198,28,232226
1930,232315,1,232316
1931,232486,26,232512
1932,232530,6,232536
1933,232576,9,232585
1934,232881,22,232903
1935,232939,9,232948
1936,233409,2,233411
1937,233536,1,233537
1938,233574,8,233582
1939,233631,26,233657
1940,233697,26,233723
1941,233784,4,233788
1942,233825,24,233849
1943,233887,9,233896
1944,233929,58,233987
1945,234005,7,234012
1946,234056,2,234058
1947,234094,16,234110
1948,234164,40,234204
1949,234369,5,234374
1950,234379,3,234382
1951,234526,43,234569
1952,234602,1,234603
1953,234627,9,234636
1954,234812,61,234873
1955,234891,18,234909
1956,234943,3,234946
1957,234966,30,234996
1958,235000,12,235012
1959,235019,15,235034
1960,235047,5,235052
1961,235075,11,235086
1962,235143,25,235168
1963,235194,81,235275
1964,235341,8,235349
1965,235374,47,235421
1966,235494,9,235503
1967,235813,14,235827
1968,235830,72,235902
1969,235976,3,235979
1970,235981,2,235983
1971,236116,9,236125
1972,236149,10,236159
1973,236236,1,236237
1974,236246,16,236262
1975,236265,3,236268
1976,236373,26,236399
1977,236714,12,236726
1978,236875,14,236889
1979,236927,23,236950
1980,236956,30,236986
1981,237045,38,237083
1982,237239,4,237243
1983,237288,18,237306
1984,237307,14,237321
1985,237335,29,237364
1986,237370,39,237409
1987,237476,16,237492
1988,237503,13,237516
1989,237810,64,237874
1990,237924,36,237960
1991,238007,32,238039
1992,238190,2,238192
1993,238234,11,238245
1994,238249,11,238260
1995,238261,42,238303
1996,238307,43,238350
1997,238520,14,238534
1998,238729,8,238737
1999,238826,17,238843
2000,239139,10,239149
2001,239154,62,239216
2002,239221,5,239226
2003,239291,8,239299
2004,239344,23,239367
2005,239398,2,239400
2006,239442,22,239464
2007,239573,56,239629
2008,239702,47,239749
2009,239784,17,239801
2010,239830,19,239849
2011,240049,64,240113
2012,240234,6,240240
2013,240250,1,240251
2014,240365,24,240389
2015,240495,28,240523
2016,240824,5,240829
2017,240900,11,240911
2018,241096,2,241098
2019,241186,46,241232
2020,241283,51,241334
2021,241435,5,241440
2022,241581,17,241598
2023,241601,44,241645
2024,241718,9,241727
2025,241733,9,241742
2026,241757,12,241769
2027,241781,2,241783
2028,241785,7,241792
2029,241796,13,241809
2030,241825,31,241856
2031,241866,4,241870
2032,242099,4,242103
2033,242207,60,242267
2034,242322,28,242350
2035,242454,5,242459
2036,242542,32,242574
2037,242589,1,242590
2038,242596,8,242604
2039,242615,19,242634
2040,242825,30,242855
2041,242906,24,242930
2042,242973,18,242991
2043,242995,14,243009
2044,243047,47,243094
2045,243280,25,243305
2046,243336,24,243360
2047,243613,1,243614
2048,243749,26,243775
2049,243882,20,243902
2050,243935,65,244000
2051,244058,27,244085
2052,244155,43,244198
2053,244227,5,244232
2054,244241,12,244253
2055,244261,17,244278
2056,244514,23,244537
2057,244710,38,244748
2058,244791,10,244801
2059,245013,3,245016
2060,245022,3,245025
2061,245032,68,245100
2062,245196,1,245197
2063,245457,11,245468
2064,245490,34,245524
2065,245548,37,245585
2066,245624,24,245648
2067,245713,16,245729
2068,245737,42,245779
2069,245897,17,245914
2070,245925,6,245931
2071,246049,14,246063
2072,246117,22,246139
2073,246196,4,246200
2074,246443,38,246481
2075,246494,28,246522
2076,246807,2,246809
2077,246926,27,246953
2078,247000,3,247003
2079,247083,18,247101
2080,247114,16,247130
2081,247228,45,247273
2082,247448,13,247461
2083,247848,13,247861
2084,247932,80,248012
2085,248488,5,248493
2086,248555,17,248572
2087,248648,7,248655
2088,249081,17,249098
2089,249111,13,249124
2090,249162,42,249204
2091,249318,7,249325
2092,249340,32,249372
2093,249388,12,249400
2094,249457,7,249464
2095,249541,5,249546
2096,249671,5,249676
2097,249808,17,249825
2098,249903,6,249909
2099,249946,43,249989
2100,250280,28,250308
2101,250407,20,250427
2102,250428,36,250464
2103,250493,59,250552
2104,250556,36,250592
2105,250615,9,250624
2106,250628,36,250664
2107,250728,14,250742
2108,250920,8,250928
2109,250969,9,250978
2110,251030,20,251050
2111,251055,19,251074
2112,251082,26,251108
2113,251268,38,251306
2114,251335,17,251352
2115,251391,5,251396
2116,251449,74,251523
2117,251547,26,251573
2118,251600,9,251609
2119,251931,6,251937
2120,252089,22,252111
2121,252174,11,252185
2122,252266,1,252267
2123,252275,11,252286
2124,252307,6,252313
2125,252315,32,252347
2126,252352,10,252362
2127,252454,9,252463
2128,252470,12,252482
2129,252496,18,252514
2130,252738,12,252750
2131,252882,12,252894
2132,252924,12,252936
2133,252989,14,253003
2134,253142,12,253154
2135,253173,4,253177
2136,253182,1,253183
2137,253211,9,253220
2138,253381,12,253393
2139,253606,7,253613
2140,253780,6,253786
2141,253875,51,253926
2142,254102,20,254122
2143,254143,22,254165
2144,254311,46,254357
2145,254369,3,254372
2146,254536,17,254553
2147,254768,10,254778
2148,254881,6,254887
2149,255056,2,255058
2150,255080,49,255129
2151,255159,11,255170
2152,255201,3,255204
2153,255408,4,255412
2154,255421,2,255423
2155,255439,8,255447
2156,255850,28,255878
2157,255930,24,255954
2158,256230,12,256242
2159,256268,48,256316
2160,256334,4,256338
2161,256508,68,256576
2162,256663,10,256673
2163,256880,25,256905
2164,256927,2,256929
2165,257337,4,257341
2166,257396,19,257415
2167,257416,25,257441
2168,257478,1,257479
2169,257481,6,257487
2170,257743,49,257792
2171,257900,30,257930
2172,258139,22,258161
2173,258266,80,258346
2174,258428,32,258460
2175,258471,5,258476
2176,258569,28,258597
2177,258601,15,258616
2178,258756,10,258766
2179,258975,36,259011
2180,259044,31,259075
2181,259156,5,259161
2182,259165,8,259173
2183,259580,9,259589
2184,259605,13,259618
2185,259624,22,259646
2186,259786,20,259806
2187,259838,54,259892
2188,259930,71,260001
2189,260041,11,260052
2190,260088,10,260098
2191,260193,22,260215
2192,260241,38,260279
2193,260330,9,260339
2194,260406,21,260427
2195,260434,18,260452
2196,260499,4,260503
2197,260565,11,260576
2198,260681,16,260697
2199,260879,8,260887
2200,260900,7,260907
2201,260945,7,260952
2202,260970,13,260983
2203,261009,21,261030
2204,261101,46,261147
2205,261200,3,261203
2206,261495,6,261501
2207,261630,40,261670
2208,261697,22,261719
2209,261744,39,261783
2210,261800,1,261801
2211,261829,28,261857
2212,261912,10,261922
2213,262185,10,262195
2214,262234,19,262253
2215,262490,3,262493
2216,262592,2,262594
2217,262733,21,262754
2218,262826,38,262864
2219,262968,19,262987
2220,263098,26,263124
2221,263221,36,263257
2222,263275,3,263278
2223,263387,14,263401
2224,263546,37,263583
2225,263689,17,263706
2226,263724,37,263761
2227,263785,1,263786
2228,263799,46,263845
2229,263920,16,263936
2230,264114,1,264115
2231,264222,3,264225
2232,264410,36,264446
2233,264612,28,264640
2234,264695,9,264704
2235,264790,10,264800
2236,264901,37,264938
2237,264987,18,265005
2238,265280,7,265287
2239,265410,17,265427
2240,265464,12,265476
2241,265502,13,265515
2242,265594,27,265621
2243,265728,2,265730
2244,265890,10,265900
2245,266176,3,266179
2246,266271,27,266298
2247,266387,23,266410
2248,266428,26,266454
2249,266494,34,266528
2250,266808,8,266816
2251,266914,22,266936
2252,267124,27,267151
2253,267163,36,267199
2254,267233,8,267241
2255,267284,11,267295
2256,267477,7,267484
2257,267614,11,267625
2258,267753,21,267774
2259,267897,13,267910
2260,267998,7,268005
2261,268115,28,268143
2262,268214,37,268251
2263,268393,42,268435
2264,268491,34,268525
2265,268675,2,268677
2266,268792,17,268809
2267,268867,19,268886
2268,268904,8,268912
2269,268978,7,268985
2270,269105,5,269110
2271,269169,5,269174
2272,269255,32,269287
2273,269311,10,269321
2274,269358,11,269369
2275,269385,16,269401
2276,269581,20,269601
2277,269632,2,269634
2278,269705,14,269719
2279,269773,15,269788
2280,270011,6,270017
2281,270173,23,270196
2282,270272,31,270303
2283,270466,18,270484
2284,270487,12,270499
2285,270563,11,270574
2286,270588,17,270605
2287,270682,84,270766
2288,270800,16,270816
2289,270896,27,270923
2290,270938,43,270981
2291,270983,22,271005
2292,271008,9,271017
2293,271080,23,271103
2294,271145,1,271146
2295,271211,9,271220
2296,271389,62,271451
2297,271485,22,271507
2298,271511,20,271531
2299,271571,34,271605
2300,271636,2,271638
2301,271660,4,271664
2302,271669,34,271703
2303,271711,23,271734
2304,272112,33,272145
2305,272190,15,272205
2306,272286,51,272337
2307,272347,7,272354
2308,272707,55,272762
2309,272871,9,272880
2310,272918,28,272946
2311,272952,22,272974
2312,273054,6,273060
2313,273202,46,273248
2314,273275,11,273286
2315,273814,43,273857
2316,274149,8,274157
2317,274270,54,274324
2318,274365,16,274381
2319,274492,9,274501
2320,274524,2,274526
2321,274605,19,274624
2322,274637,4,274641
2323,274646,42,274688
2324,274735,15,274750
2325,274799,31,274830
2326,274958,51,275009
2327,275177,18,275195
2328,275213,3,275216
2329,275297,4,275301
2330,275356,13,275369
2331,275375,20,275395
2332,275410,3,275413
2333,275439,25,275464
2334,275465,20,275485
2335,275668,3,275671
2336,275697,47,275744
2337,275759,42,275801
2338,275924,12,275936
2339,276094,60,276154
2340,276206,20,276226
2341,276394,3,276397
2342,276468,45,276513
2343,276613,24,276637
2344,276669,16,276685
2345,276832,38,276870
2346,276895,6,276901
2347,276960,29,276989
2348,277046,9,277055
2349,277076,10,277086
2350,277129,22,277151
2351,277152,71,277223
2352,277259,1,277260
2353,277267,12,277279
2354,277460,5,277465
2355,277524,55,277579
2356,277603,2,277605
2357,277732,8,277740
2358,277775,75,277850
2359,278105,10,278115
2360,278299,12,278311
2361,278324,50,278374
2362,278495,52,278547
2363,278772,8,278780
2364,279011,3,279014
2365,279141,3,279144
2366,279160,30,279190
2367,279201,24,279225
2368,279283,1,279284
2369,279356,5,279361
2370,279368,3,279371
2371,279381,5,279386
2372,279432,28,279460
2373,279483,3,279486
2374,279975,25,280000
2375,280146,4,280150
2376,280151,24,280175
2377,280188,12,280200
2378,280239,16,280255
2379,280461,10,280471
2380,280609,13,280622
2381,280693,26,280719
2382,280907,33,280940
2383,280953,6,280959
2384,281075,14,281089
2385,281147,41,281188
2386,281415,21,281436
2387,281549,9,281558
2388,281560,1,281561
2389,281563,7,281570
2390,281659,38,281697
2391,281702,10,281712
2392,281842,25,281867
2393,282050,29,282079
2394,282157,9,282166
2395,282169,12,282181
2396,282192,43,282235
2397,282237,24,282261
2398,282475,4,282479
2399,282565,25,282590
2400,282768,9,282777
2401,282804,20,282824
2402,282892,13,282905
2403,283140,15,283155
2404,283342,27,283369
2405,283554,7,283561
2406,283668,19,283687
2407,283699,2,283701
2408,283732,3,283735
2409,283780,29,283809
2410,283895,7,283902
2411,284287,9,284296
2412,284539,23,284562
2413,284573,13,284586
2414,284629,8,284637
2415,284953,5,284958
2416,284961,26,284987
2417,285001,3,285004
2418,285111,31,285142
2419,285525,8,285533
2420,285571,22,285593
2421,285654,19,285673
2422,285693,7,285700
2423,285782,32,285814
2424,285917,6,285923
2425,286035,10,286045
2426,286145,7,286152
2427,286157,9,286166
2428,286391,8,286399
2429,286456,72,286528
2430,286604,5,286609
2431,286629,3,286632
2432,286633,2,286635
2433,286638,30,286668
2434,286845,17,286862
2435,287052,22,287074
2436,287101,17,287118
2437,287178,38,287216
2438,287463,2,287465
2439,287492,22,287514
2440,287517,15,287532
2441,287590,1,287591
2442,287639,4,287643
2443,287684,12,287696
2444,287779,7,287786
2445,287826,1,287827
2446,287918,7,287925
2447,288306,2,288308
2448,288398,22,288420
2449,288443,8,288451
2450,288493,92,288585
2451,288616,22,288638
2452,288692,21,288713
2453,288829,8,288837
2454,288894,3,288897
2455,289018,26,289044
2456,289165,24,289189
2457,289253,56,289309
2458,289316,23,289339
2459,289442,5,289447
2460,289455,2,289457
2461,289773,27,289800
2462,289865,12,289877
2463,289960,5,289965
2464,290022,24,290046
2465,290160,6,290166
2466,290383,6,290389
2467,290504,19,290523
2468,290526,31,290557
2469,290646,22,290668
2470,290708,22,290730
2471,290762,38,290800
2472,290825,33,290858
2473,291030,8,291038
2474,291173,35,291208
2475,291310,6,291316
2476,291341,3,291344
2477,291454,16,291470
2478,291491,25,291516
2479,291525,6,291531
2480,291681,31,291712
2481,291781,26,291807
2482,291815,27,291842
2483,291935,4,291939
2484,292136,37,292173
2485,292231,18,292249
2486,292402,1,292403
2487,292435,12,292447
2488,292481,3,292484
2489,292488,19,292507
2490,292515,2,292517
2491,292619,56,292675
2492,292726,23,292749
2493,292836,90,292926
2494,293102,12,293114
2495,293160,23,293183
2496,293324,31,293355
2497,293399,16,293415
2498,293548,7,293555
2499,293646,23,293669
2500,293683,41,293724
2501,293838,17,293855
2502,293858,16,293874
2503,293964,36,294000
2504,294046,28,294074
2505,294089,33,294122
2506,294454,32,294486
2507,294506,2,294508
2508,294781,15,294796
2509,294803,6,294809
2510,294877,2,294879
2511,294885,32,294917
2512,294972,32,295004
2513,295141,39,295180
2514,295660,37,295697
2515,295870,31,295901
2516,296038,18,296056
2517,296071,14,296085
2518,296118,18,296136
2519,296193,2,296195
2520,296312,26,296338
2521,296388,1,296389
2522,296411,31,296442
2523,296473,16,296489
2524,296574,7,296581
2525,296644,11,296655
2526,296751,16,296767
2527,297007,12,297019
2528,297061,4,297065
2529,297088,22,297110
2530,297473,2,297475
2531,297784,1,297785
2532,297874,8,297882
2533,297925,1,297926
2534,298201,20,298221
2535,298267,28,298295
2536,298437,2,298439
2537,298512,7,298519
2538,298521,30,298551
2539,298584,6,298590
2540,298606,1,298607
2541,298644,12,298656
2542,298767,3,298770
2543,298915,13,298928
2544,298975,14,298989
2545,299087,6,299093
2546,299207,1,299208
2547,299354,11,299365
2548,299409,10,299419
2549,299496,23,299519
2550,299571,66,299637
2551,299741,2,299743
2552,299922,16,299938
2553,300032,25,300057
2554,300106,17,300123
2555,300507,4,300511
2556,300521,26,300547
2557,300567,8,300575
2558,300583,47,300630
2559,300677,1,300678
2560,300772,13,300785
2561,300856,3,300859
2562,301010,40,301050
2563,301083,47,301130
2564,301335,19,301354
2565,301439,15,301454
2566,301477,17,301494
2567,301596,40,301636
2568,301651,2,301653
2569,301691,34,301725
2570,301732,10,301742
2571,301847,10,301857
2572,301880,85,301965
2573,302163,12,302175
2574,302200,18,302218
2575,302261,17,302278
2576,302298,10,302308
2577,302347,8,302355
2578,302432,82,302514
2579,303041,2,303043
2580,303092,60,303152
2581,303204,30,303234
2582,303293,11,303304
2583,303344,20,303364
2584,303373,16,303389
2585,303501,8,303509
2586,303535,3,303538
2587,303805,68,303873
2588,303894,48,303942
2589,303944,17,303961
2590,304096,15,304111
2591,304330,16,304346
2592,304473,30,304503
2593,304794,26,304820
2594,304848,45,304893
2595,304906,40,304946
2596,305116,14,305130
2597,305154,2,305156
2598,305227,12,305239
2599,305513,6,305519
2600,305530,38,305568
2601,305648,19,305667
2602,305697,27,305724
2603,305735,7,305742
2604,305880,15,305895
2605,306053,14,306067
2606,306209,34,306243
2607,306389,14,306403
2608,306448,2,306450
2609,306487,30,306517
2610,306671,9,306680
2611,306901,11,306912
2612,307037,14,307051
2613,307253,13,307266
2614,307289,31,307320
2615,307411,5,307416
2616,307430,4,307434
2617,307500,9,307509
2618,307846,4,307850
2619,307885,10,307895
2620,308113,10,308123
2621,308253,13,308266
2622,308353,8,308361
2623,308503,42,308545
2624,308593,10,308603
2625,308635,32,308667
2626,308712,3,308715
2627,308955,4,308959
2628,309236,25,309261
2629,309336,21,309357
2630,309402,36,309438
2631,309555,23,309578
2632,309619,20,309639
2633,309656,7,309663
2634,310125,4,310129
2635,310467,5,310472
2636,310663,59,310722
2637,310757,40,310797
2638,310798,30,310828
2639,310847,57,310904
2640,310926,2,310928
2641,311052,29,311081
2642,311229,19,311248
2643,311259,8,311267
2644,311276,40,311316
2645,311406,8,311414
2646,311419,30,311449
2647,311607,8,311615
2648,311688,12,311700
2649,311703,42,311745
2650,311748,43,311791
2651,312237,37,312274
2652,312382,21,312403
2653,312520,30,312550
2654,312592,3,312595
2655,312763,82,312845
2656,313111,54,313165
2657,313221,5,313226
2658,313331,50,313381
2659,313588,12,313600
2660,313687,8,313695
2661,313714,19,313733
2662,313898,3,313901
2663,313991,8,313999
2664,314157,2,314159
2665,314267,13,314280
2666,314397,19,314416
2667,314543,74,314617
2668,314734,24,314758
2669,314825,15,314840
2670,314956,21,314977
2671,315004,34,315038
2672,315153,8,315161
2673,315431,15,315446
2674,315559,7,315566
2675,315601,10,315611
2676,315656,55,315711
2677,315746,18,315764
2678,315785,17,315802
2679,316107,2,316109
2680,316444,24,316468
2681,316538,5,316543
2682,316564,1,316565
2683,316596,5,316601
2684,316613,11,316624
2685,316641,1,316642
2686,316653,10,316663
2687,316887,16,316903
2688,317054,9,317063
2689,317124,3,317127
2690,317330,13,317343
2691,317451,16,317467
2692,317490,14,317504
2693,317601,28,317629
2694,317699,3,317702
2695,317902,10,317912
2696,317944,7,317951
2697,318162,12,318174
2698,318308,13,318321
2699,318462,25,318487
2700,318489,1,318490
2701,318529,22,318551
2702,318653,4,318657
2703,318678,9,318687
2704,318754,13,318767
2705,318783,41,318824
2706,319040,32,319072
2707,319078,40,319118
2708,319231,3,319234
2709,319313,1,319314
2710,319318,32,319350
2711,319411,14,319425
2712,319694,29,319723
2713,319782,1,319783
2714,319824,2,319826
2715,320003,5,320008
2716,320249,6,320255
2717,320346,13,320359
2718,320463,18,320481
2719,320667,2,320669
2720,320713,26,320739
2721,321022,15,321037
2722,321161,7,321168
2723,321308,18,321326
2724,321401,7,321408
2725,321425,11,321436
2726,321598,21,321619
2727,321757,7,321764
2728,321848,4,321852
2729,321914,6,321920
2730,321948,10,321958
2731,322041,22,322063
2732,322093,20,322113
2733,322156,28,322184
2734,322327,57,322384
2735,322437,3,322440
2736,322793,43,322836
2737,322920,42,322962
2738,323169,28,323197
2739,323380,5,323385
2740,323431,107,323538
2741,323661,82,323743
2742,323794,15,323809
2743,323928,5,323933
2744,323938,1,323939
2745,324112,1,324113
2746,324162,7,324169
2747,324236,7,324243
2748,324466,2,324468
2749,324564,36,324600
2750,324751,22,324773
2751,324782,5,324787
2752,325024,28,325052
2753,325146,17,325163
2754,325178,6,325184
2755,325270,13,325283
2756,325399,27,325426
2757,325499,10,325509
2758,325518,21,325539
2759,325599,15,325614
2760,325787,5,325792
2761,325910,10,325920
2762,325923,9,325932
2763,325933,12,325945
2764,325987,12,325999
2765,326092,19,326111
2766,326165,20,326185
2767,326213,2,326215
2768,326400,15,326415
2769,326597,15,326612
2770,326620,5,326625
2771,326626,1,326627
2772,326763,18,326781
2773,326847,3,326850
2774,326888,3,326891
2775,326932,20,326952
2776,327328,20,327348
2777,327406,33,327439
2778,327491,5,327496
2779,327515,10,327525
2780,327605,11,327616
2781,327618,51,327669
2782,327874,3,327877
2783,327915,2,327917
2784,327962,6,327968
2785,327988,20,328008
2786,328121,2,328123
2787,328134,48,328182
2788,328298,5,328303
2789,328400,8,328408
2790,328427,9,328436
2791,328753,37,328790
2792,328839,24,328863
2793,328935,1,328936
2794,328987,1,328988
2795,328996,31,329027
2796,329066,41,329107
2797,329164,26,329190
2798,329224,20,329244
2799,329314,33,329347
2800,329468,24,329492
2801,329539,17,329556
2802,329742,16,329758
2803,329845,14,329859
2804,329885,12,329897
2805,329910,11,329921
2806,330087,22,330109
2807,330135,1,330136
2808,330191,1,330192
2809,330264,12,330276
2810,330382,2,330384
2811,330385,3,330388
2812,330400,99,330499
2813,330572,3,330575
2814,330776,27,330803
2815,330807,23,330830
2816,331077,15,331092
2817,331103,19,331122
2818,331297,28,331325
2819,331475,4,331479
2820,331593,17,331610
2821,331947,29,331976
2822,332008,25,332033
2823,332190,2,332192
2824,332240,2,332242
2825,332308,17,332325
2826,332432,5,332437
2827,332456,3,332459
2828,332566,17,332583
2829,332605,74,332679
2830,332756,59,332815
2831,332862,40,332902
2832,333062,52,333114
2833,333184,4,333188
2834,333256,4,333260
2835,333305,10,333315
2836,333373,12,333385
2837,333406,40,333446
2838,333530,10,333540
2839,333596,38,333634
2840,333717,22,333739
2841,333932,85,334017
2842,334078,24,334102
2843,334116,33,334149
2844,334298,9,334307
2845,334336,14,334350
2846,334352,21,334373
2847,334411,30,334441
2848,334517,7,334524
2849,334624,20,334644
2850,334728,33,334761
2851,334799,8,334807
2852,334840,58,334898
2853,335137,51,335188
2854,335307,7,335314
2855,335331,59,335390
2856,335404,12,335416
2857,335557,8,335565
2858,335590,21,335611
2859,335620,6,335626
2860,335808,19,335827
2861,336192,30,336222
2862,336316,37,336353
2863,336408,32,336440
2864,336475,2,336477
2865,336631,24,336655
2866,336765,24,336789
2867,336886,7,336893
2868,336940,38,336978
2869,336992,1,336993
2870,337000,1,337001
2871,337002,45,337047
2872,337068,29,337097
2873,337184,19,337203
2874,337504,12,337516
2875,337551,22,337573
2876,337690,9,337699
2877,337704,13,337717
2878,337850,22,337872
2879,337960,28,337988
2880,338082,11,338093
2881,338109,7,338116
2882,338294,36,338330
2883,338336,20,338356
2884,338368,6,338374
2885,338453,8,338461
2886,338538,1,338539
2887,338568,8,338576
2888,338620,24,338644
2889,338659,34,338693
2890,338747,12,338759
2891,338760,23,338783
2892,338790,22,338812
2893,339120,4,339124
2894,339298,15,339313
2895,339395,9,339404
2896,339797,12,339809
2897,339937,16,339953
2898,339990,12,340002
2899,340146,88,340234
2900,340438,32,340470
2901,340477,16,340493
2902,340530,16,340546
2903,340668,30,340698
2904,340742,39,340781
2905,340821,2,340823
2906,340998,14,341012
2907,341029,111,341140
2908,341219,11,341230
2909,341357,8,341365
2910,341421,6,341427
2911,341607,29,341636
2912,341638,22,341660
2913,341898,4,341902
2914,341922,3,341925
2915,341956,24,341980
2916,342328,26,342354
2917,342569,1,342570
2918,342590,28,342618
2919,342990,25,343015
2920,343352,58,343410
2921,343446,37,343483
2922,343546,16,343562
2923,343696,2,343698
2924,343883,15,343898
2925,343983,5,343988
2926,343999,19,344018
2927,344030,13,344043
2928,344187,43,344230
2929,344272,59,344331
2930,344400,2,344402
2931,344536,4,344540
2932,344909,31,344940
2933,344969,4,344973
2934,345002,23,345025
2935,345054,32,345086
2936,345087,22,345109
2937,345147,7,345154
2938,345204,9,345213
2939,345279,78,345357
2940,345379,24,345403
2941,345560,5,345565
2942,345807,27,345834
2943,345848,12,345860
2944,345938,11,345949
2945,345987,53,346040
2946,346047,52,346099
2947,346151,20,346171
2948,346269,28,346297
2949,346442,15,346457
2950,346476,8,346484
2951,346780,13,346793
2952,346810,52,346862
2953,346905,34,346939
2954,347058,17,347075
2955,347213,4,347217
2956,347313,11,347324
2957,347388,7,347395
2958,347539,2,347541
2959,347589,6,347595
2960,347634,32,347666
2961,347786,13,347799
2962,347864,13,347877
2963,347878,14,347892
2964,347896,22,347918
2965,347937,23,347960
2966,348040,22,348062
2967,348069,16,348085
2968,348193,17,348210
2969,348331,13,348344
2970,348604,14,348618
2971,348635,1,348636
2972,348651,4,348655
2973,348697,27,348724
2974,348749,19,348768
2975,348808,24,348832
2976,348884,36,348920
2977,348954,10,348964
2978,349079,9,349088
2979,349194,8,349202
2980,349478,3,349481
2981,349497,87,349584
2982,349590,9,349599
2983,349683,24,349707
2984,349780,26,349806
2985,349902,15,349917
2986,349925,69,349994
2987,350115,23,350138
2988,350148,27,350175
2989,350227,41,350268
2990,350363,20,350383
2991,350386,11,350397
2992,350405,4,350409
2993,350575,22,350597
2994,350657,59,350716
2995,350772,42,350814
2996,350953,33,350986
2997,351085,50,351135
2998,351178,9,351187
2999,351668,1,351669
3000,351677,17,351694
3001,351931,45,351976
3002,351980,11,351991
3003,352021,7,352028
3004,352048,70,352118
3005,352165,29,352194
3006,352284,1,352285
3007,352336,26,352362
3008,352452,14,352466
3009,352605,5,352610
3010,352673,9,352682
3011,352695,30,352725
3012,352868,16,352884
3013,352903,46,352949
3014,353136,54,353190
3015,353373,7,353380
3016,353420,8,353428
3017,353438,9,353447
3018,353511,19,353530
3019,353613,7,353620
3020,353633,11,353644
3021,353685,35,353720
3022,353730,64,353794
3023,353923,37,353960
3024,353977,34,354011
3025,354158,21,354179
3026,354226,15,354241
3027,354260,19,354279
3028,354281,5,354286
3029,354430,7,354437
3030,354544,2,354546
3031,354602,23,354625
3032,354642,47,354689
3033,354698,23,354721
3034,354727,11,354738
3035,354832,36,354868
3036,355001,15,355016
3037,355046,18,355064
3038,355182,49,355231
3039,355517,12,355529
3040,355568,48,355616
3041,355655,1,355656
3042,355694,60,355754
3043,355835,20,355855
3044,355869,41,355910
3045,355988,34,356022
3046,356085,35,356120
3047,356275,15,356290
3048,356440,13,356453
3049,356560,6,356566
3050,356655,19,356674
3051,356700,39,356739
3052,356748,3,356751
3053,356978,9,356987
3054,357110,2,357112
3055,357121,7,357128
3056,357528,10,357538
3057,357561,24,357585
3058,357775,2,357777
3059,358026,29,358055
3060,358238,19,358257
3061,358272,54,358326
3062,358504,2,358506
3063,358638,12,358650
3064,358792,3,358795
3065,358823,1,358824
3066,358850,14,358864
3067,358930,4,358934
3068,358935,16,358951
3069,358988,8,358996
3070,359133,8,359141
3071,359162,6,359168
3072,359493,2,359495
3073,359513,6,359519
3074,359634,16,359650
3075,359651,14,359665
3076,359669,18,359687
3077,359725,6,359731
3078,359916,10,359926
3079,359932,18,359950
3080,360040,36,360076
3081,360104,6,360110
3082,360170,5,360175
3083,360385,11,360396
3084,360487,4,360491
3085,360522,26,360548
3086,360561,60,360621
3087,360816,3,360819
3088,360846,1,360847
3089,360890,4,360894
3090,360921,13,360934
3091,361062,3,361065
3092,361143,12,361155
3093,361165,3,361168
3094,361206,8,361214
3095,361239,16,361255
3096,361284,44,361328
3097,361343,15,361358
3098,361512,31,361543
3099,361673,3,361676
3100,361772,28,361800
3101,361806,29,361835
3102,361840,3,361843
3103,361879,8,361887
3104,361983,13,361996
3105,362148,21,362169
3106,362229,2,362231
3107,362264,2,362266
3108,362359,18,362377
3109,362398,25,362423
3110,362516,49,362565
3111,362642,14,362656
3112,362777,8,362785
3113,362833,4,362837
3114,362874,5,362879
3115,362909,13,362922
3116,362985,8,362993
3117,363092,56,363148
3118,363156,123,363279
3119,363371,58,363429
3120,363508,14,363522
3121,363669,59,363728
3122,363833,9,363842
3123,363884,21,363905
3124,364055,6,364061
3125,364080,35,364115
3126,364165,5,364170
3127,364176,2,364178
3128,364204,6,364210
3129,364436,84,364520
3130,364550,5,364555
3131,364561,12,364573
3132,364773,48,364821
3133,364877,17,364894
3134,364912,26,364938
3135,365040,12,365052
3136,365087,49,365136
3137,365188,9,365197
3138,365232,34,365266
3139,365271,1,365272
3140,365353,52,365405
3141,365705,11,365716
3142,365768,11,365779
3143,365851,2,365853
3144,365935,20,365955
3145,366087,88,366175
3146,366460,15,366475
3147,366536,92,366628
3148,366715,38,366753
3149,366768,8,366776
3150,366795,6,366801
3151,366998,12,367010
3152,367032,42,367074
3153,367098,29,367127
3154,367363,2,367365
3155,367457,21,367478
3156,367480,21,367501
3157,367592,14,367606
3158,367795,8,367803
3159,367889,3,367892
3160,367897,13,367910
3161,368005,16,368021
3162,368065,2,368067
3163,368366,5,368371
3164,368412,5,368417
3165,368449,27,368476
3166,368702,17,368719
3167,368938,12,368950
3168,369105,2,369107
3169,369153,9,369162
3170,369301,50,369351
3171,369594,65,369659
3172,369681,2,369683
3173,369749,16,369765
3174,369766,25,369791
3175,369909,7,369916
3176,369956,1,369957
3177,369962,13,369975
3178,370038,2,370040
3179,370117,7,370124
3180,370231,2,370233
3181,370382,37,370419
3182,370677,11,370688
3183,370823,14,370837
3184,371109,2,371111
3185,371171,12,371183
3186,371214,21,371235
3187,371268,14,371282
3188,371306,9,371315
3189,371432,31,371463
3190,371626,5,371631
3191,371742,22,371764
3192,371833,58,371891
3193,372007,5,372012
3194,372032,7,372039
3195,372213,9,372222
3196,372368,24,372392
3197,372464,29,372493
3198,372569,2,372571
3199,372656,6,372662
3200,372667,13,372680
3201,372693,10,372703
3202,372748,13,372761
3203,372835,39,372874
3204,372899,24,372923
3205,372980,7,372987
3206,372990,39,373029
3207,373124,5,373129
3208,373253,3,373256
3209,373282,51,373333
3210,373348,11,373359
3211,373482,16,373498
3212,373585,11,373596
3213,373643,10,373653
3214,373681,7,373688
3215,373722,27,373749
3216,374106,7,374113
3217,374185,6,374191
3218,374284,94,374378
3219,374424,28,374452
3220,374488,22,374510
3221,374556,27,374583
3222,374646,42,374688
3223,374753,41,374794
3224,374829,24,374853
3225,374872,58,374930
3226,375154,47,375201
3227,375392,37,375429
3228,375557,29,375586
3229,375606,18,375624
3230,375789,4,375793
3231,375813,30,375843
3232,375954,22,375976
3233,376124,7,376131
3234,376289,3,376292
3235,376439,4,376443
3236,376621,14,376635
3237,376856,4,376860
3238,376864,29,376893
3239,376948,13,376961
3240,376972,28,377000
3241,377183,43,377226
3242,377349,35,377384
3243,377402,27,377429
3244,377551,35,377586
3245,377821,21,377842
3246,377881,27,377908
3247,378064,12,378076
3248,378227,3,378230
3249,378254,33,378287
3250,378295,3,378298
3251,378312,21,378333
3252,378364,7,378371
3253,378406,34,378440
3254,378456,1,378457
3255,378487,16,378503
3256,378587,19,378606
3257,378655,18,378673
3258,378887,6,378893
3259,379068,9,379077
3260,379112,44,379156
3261,379165,15,379180
3262,379243,9,379252
3263,379362,21,379383
3264,379412,8,379420
3265,379472,3,379475
3266,379517,39,379556
3267,379583,4,379587
3268,379690,3,379693
3269,379864,16,379880
3270,379972,20,379992
3271,380040,4,380044
3272,380381,13,380394
3273,380455,7,380462
3274,380570,4,380574
3275,380728,9,380737
3276,380788,41,380829
3277,381177,20,381197
3278,381226,70,381296
3279,381553,11,381564
3280,381619,36,381655
3281,381813,25,381838
3282,381891,4,381895
3283,381971,14,381985
3284,382139,66,382205
3285,382265,5,382270
3286,382272,12,382284
3287,382514,9,382523
3288,382560,10,382570
3289,382749,6,382755
3290,382847,27,382874
3291,382999,6,383005
3292,383035,46,383081
3293,383192,10,383202
3294,383460,19,383479
3295,383493,24,383517
3296,383577,26,383603
3297,383645,9,383654
3298,383657,5,383662
3299,383751,31,383782
3300,383924,71,383995
3301,384085,1,384086
3302,384275,23,384298
3303,384307,17,384324
3304,384382,9,384391
3305,384401,15,384416
3306,384511,7,384518
3307,384612,4,384616
3308,384697,4,384701
3309,384710,24,384734
3310,384752,10,384762
3311,384815,19,384834
3312,385144,13,385157
3313,385185,10,385195
3314,385236,57,385293
3315,385327,5,385332
3316,385415,21,385436
3317,385463,18,385481
3318,385507,101,385608
3319,385666,18,385684
3320,385730,10,385740
3321,385766,24,385790
3322,385939,8,385947
3323,386030,7,386037
3324,386072,4,386076
3325,386122,4,386126
3326,386138,7,386145
3327,386150,12,386162
3328,386377,60,386437
3329,386691,17,386708
3330,386781,12,386793
3331,386889,50,386939
3332,387091,25,387116
3333,387216,17,387233
3334,387275,6,387281
3335,387448,3,387451
3336,387630,9,387639
3337,387724,31,387755
3338,387923,10,387933
3339,387970,12,387982
3340,388013,7,388020
3341,388053,26,388079
3342,388300,18,388318
3343,388344,20,388364
3344,388573,39,388612
3345,388900,30,388930
3346,388990,14,389004
3347,389068,20,389088
3348,389115,10,389125
3349,389258,12,389270
3350,389387,12,389399
3351,389686,12,389698
3352,389848,18,389866
3353,389872,5,389877
3354,389907,19,389926
3355,389955,5,389960
3356,390001,7,390008
3357,390150,14,390164
3358,390200,5,390205
3359,390237,40,390277
3360,390464,4,390468
3361,390694,1,390695
3362,390777,69,390846
3363,390915,6,390921
3364,391278,29,391307
3365,391413,17,391430
3366,391481,4,391485
3367,391648,15,391663
3368,391846,58,391904
3369,391961,18,391979
3370,392030,2,392032
3371,392149,18,392167
3372,392368,15,392383
3373,392459,7,392466
3374,392590,34,392624
3375,392640,5,392645
3376,392696,5,392701
3377,392823,6,392829
3378,392889,71,392960
3379,393531,20,393551
3380,393598,23,393621
3381,393718,16,393734
3382,393740,1,393741
3383,393834,2,393836
3384,393953,5,393958
3385,393982,3,393985
3386,394019,68,394087
3387,394321,12,394333
3388,394444,1,394445
3389,394459,27,394486
3390,394509,18,394527
3391,394673,5,394678
3392,394724,25,394749
3393,394857,25,394882
3394,394897,8,394905
3395,394960,6,394966
3396,394985,5,394990
3397,395042,64,395106
3398,395273,46,395319
3399,395508,41,395549
3400,395649,14,395663
3401,395792,1,395793
3402,395995,5,396000
3403,396087,35,396122
3404,396367,79,396446
3405,396588,18,396606
3406,396677,58,396735
3407,396838,14,396852
3408,396853,45,396898
3409,396983,2,396985
3410,397020,51,397071
3411,397424,2,397426
3412,397495,21,397516
3413,397536,20,397556
3414,397601,10,397611
3415,397615,2,397617
3416,397619,21,397640
3417,397737,20,397757
3418,397761,13,397774
3419,397805,14,397819
3420,397841,3,397844
3421,397852,14,397866
3422,397979,12,397991
3423,398117,68,398185
3424,398219,5,398224
3425,398246,40,398286
3426,398353,14,398367
3427,398417,45,398462
3428,398490,50,398540
3429,398600,40,398640
3430,398652,2,398654
3431,398677,13,398690
3432,398783,42,398825
3433,398891,2,398893
3434,398904,18,398922
3435,399171,8,399179
3436,399284,7,399291
3437,399324,5,399329
3438,399380,3,399383
3439,399413,85,399498
3440,399566,5,399571
3441,399676,61,399737
3442,399766,20,399786
3443,399808,2,399810
3444,399812,34,399846
3445,399888,20,399908
3446,399965,47,400012
3447,400076,10,400086
3448,400113,15,400128
3449,400313,21,400334
3450,400363,56,400419
3451,400513,3,400516
3452,400580,18,400598
3453,400748,1,400749
3454,400824,12,400836
3455,400862,5,400867
3456,400877,20,400897
3457,400946,74,401020
3458,401044,8,401052
3459,401205,33,401238
3460,401373,2,401375
3461,401454,67,401521
3462,401552,12,401564
3463,401661,30,401691
3464,401743,21,401764
3465,401810,35,401845
3466,401921,5,401926
3467,401984,25,402009
3468,402029,5,402034
3469,402076,4,402080
3470,402152,21,402173
3471,402325,5,402330
3472,402424,38,402462
3473,402642,21,402663
3474,402787,26,402813
3475,402905,6,402911
3476,403000,11,403011
3477,403039,33,403072
3478,403110,102,403212
3479,403263,14,403277
3480,403327,15,403342
3481,403433,24,403457
3482,403597,86,403683
3483,404064,10,404074
3484,404087,38,404125
3485,404236,15,404251
3486,404451,17,404468
3487,404818,4,404822
3488,404902,71,404973
3489,405047,16,405063
3490,405066,3,405069
3491,405095,19,405114
3492,405197,19,405216
3493,405364,24,405388
3494,405519,12,405531
3495,405601,31,405632
3496,405633,7,405640
3497,405672,1,405673
3498,405980,1,405981
3499,406047,24,406071
3500,406303,15,406318
3501,406461,62,406523
3502,406545,25,406570
3503,406703,19,406722
3504,406834,9,406843
3505,406970,4,406974
3506,406991,2,406993
3507,407004,4,407008
3508,407124,5,407129
3509,407166,10,407176
3510,407204,18,407222
3511,407277,1,407278
3512,407383,25,407408
3513,407470,9,407479
3514,407563,4,407567
3515,407584,2,407586
3516,407591,22,407613
3517,407709,33,407742
3518,407879,1,407880
3519,408040,9,408049
3520,408376,7,408383
3521,408439,1,408440
3522,408454,2,408456
3523,408558,5,408563
3524,408609,16,408625
3525,408732,21,408753
3526,409044,7,409051
3527,409165,8,409173
3528,409222,14,409236
3529,409358,28,409386
3530,409499,2,409501
3531,409558,2,409560
3532,409772,14,409786
3533,409955,43,409998
3534,410337,32,410369
3535,410504,13,410517
3536,410605,11,410616
3537,410720,43,410763
3538,410796,21,410817
3539,410964,6,410970
3540,410982,12,410994
3541,411022,67,411089
3542,411162,33,411195
3543,411289,8,411297
3544,411312,43,411355
3545,411480,18,411498
3546,411540,24,411564
3547,411716,93,411809
3548,411898,1,411899
3549,412017,11,412028
3550,412106,15,412121
3551,412179,21,412200
3552,412209,7,412216
3553,412253,15,412268
3554,412334,6,412340
3555,412516,32,412548
3556,412615,23,412638
3557,412663,3,412666
3558,412757,28,412785
3559,412849,64,412913
3560,413135,74,413209
3561,413257,1,413258
3562,413483,9,413492
3563,413515,33,413548
3564,413650,4,413654
3565,413671,5,413676
3566,413705,32,413737
3567,413848,2,413850
3568,414048,10,414058
3569,414134,39,414173
3570,414211,18,414229
3571,414338,22,414360
3572,414512,26,414538
3573,414814,15,414829
3574,415122,58,415180
3575,415229,5,415234
3576,415513,7,415520
3577,415539,1,415540
3578,415686,29,415715
3579,415721,7,415728
3580,415735,15,415750
3581,415823,49,415872
3582,415937,20,415957
3583,416059,4,416063
3584,416075,30,416105
3585,416108,4,416112
3586,416296,30,416326
3587,416343,48,416391
3588,416735,4,416739
3589,416870,20,416890
3590,417051,2,417053
3591,417131,5,417136
3592,417173,28,417201
3593,417450,7,417457
3594,417502,22,417524
3595,417545,32,417577
3596,417614,10,417624
3597,417632,19,417651
3598,417676,3,417679
3599,417687,12,417699
3600,417734,6,417740
3601,417785,18,417803
3602,417828,39,417867
3603,417981,11,417992
3604,418024,14,418038
3605,418049,54,418103
3606,418111,37,418148
3607,418636,56,418692
3608,418859,12,418871
3609,418896,18,418914
3610,419126,3,419129
3611,419344,10,419354
3612,419655,23,419678
3613,419833,40,419873
3614,419956,13,419969
3615,419973,16,419989
3616,420128,17,420145
3617,420226,13,420239
3618,420338,26,420364
3619,420761,41,420802
3620,420846,35,420881
3621,420994,23,421017
3622,421102,2,421104
3623,421122,20,421142
3624,421193,28,421221
3625,421267,7,421274
3626,421333,37,421370
3627,421525,7,421532
3628,421548,28,421576
3629,421834,1,421835
3630,422101,8,422109
3631,422115,7,422122
3632,422598,6,422604
3633,422988,32,423020
3634,423201,76,423277
3635,423554,13,423567
3636,423576,34,423610
3637,423615,49,423664
3638,423722,7,423729
3639,423952,40,423992
3640,424010,9,424019
3641,424042,64,424106
3642,424116,12,424128
3643,424280,7,424287
3644,424390,23,424413
3645,424470,1,424471
3646,424481,3,424484
3647,424577,11,424588
3648,424611,14,424625
3649,424628,3,424631
3650,425154,1,425155
3651,425242,8,425250
3652,425434,48,425482
3653,425618,15,425633
3654,425645,10,425655
3655,425667,22,425689
3656,425752,42,425794
3657,425802,20,425822
3658,425886,67,425953
3659,426059,10,426069
3660,426249,41,426290
3661,426647,11,426658
3662,426741,32,426773
3663,426975,21,426996
3664,427159,5,427164
3665,427212,2,427214
3666,427476,12,427488
3667,427614,6,427620
3668,427773,29,427802
3669,427849,27,427876
3670,427911,4,427915
3671,427942,15,427957
3672,427980,1,427981
3673,428204,39,428243
3674,428337,13,428350
3675,428353,10,428363
3676,428551,16,428567
3677,428572,28,428600
3678,428666,5,428671
3679,428770,19,428789
3680,428813,23,428836
3681,429046,18,429064
3682,429235,47,429282
3683,429288,60,429348
3684,429381,25,429406
3685,429431,35,429466
3686,429527,8,429535
3687,429940,13,429953
3688,430038,4,430042
3689,430066,7,430073
3690,430196,10,430206
3691,430223,27,430250
3692,430265,5,430270
3693,430394,32,430426
3694,430456,48,430504
3695,430669,34,430703
3696,430852,6,430858
3697,430918,1,430919
3698,431015,6,431021
3699,431285,23,431308
3700,431315,45,431360
3701,431411,97,431508
3702,431549,62,431611
3703,431622,16,431638
3704,431708,24,431732
3705,431776,9,431785
3706,431792,2,431794
3707,431809,15,431824
3708,431833,19,431852
3709,431927,33,431960
3710,431962,19,431981
3711,432074,51,432125
3712,432145,6,432151
3713,432169,23,432192
3714,432229,1,432230
3715,432435,97,432532
3716,432610,3,432613
3717,432669,7,432676
3718,432714,5,432719
3719,432737,6,432743
3720,432789,15,432804
3721,432856,2,432858
3722,432884,15,432899
3723,433089,11,433100
3724,433153,9,433162
3725,433360,47,433407
3726,433620,11,433631
3727,433701,51,433752
3728,433770,28,433798
3729,433825,21,433846
3730,433872,24,433896
3731,434159,1,434160
3732,434250,11,434261
3733,434266,6,434272
3734,434276,52,434328
3735,434331,1,434332
3736,434558,9,434567
3737,434662,13,434675
3738,434730,38,434768
3739,434917,36,434953
3740,434983,4,434987
3741,435276,2,435278
3742,435284,11,435295
3743,435469,49,435518
3744,435667,17,435684
3745,435772,7,435779
3746,435895,19,435914
3747,435970,16,435986
3748,436137,43,436180
3749,436297,13,436310
3750,436577,55,436632
3751,436813,35,436848
3752,436968,5,436973
3753,437022,2,437024
3754,437120,9,437129
3755,437147,12,437159
3756,437341,70,437411
3757,437435,2,437437
3758,437624,5,437629
3759,437738,12,437750
3760,437791,3,437794
3761,437991,28,438019
3762,438077,3,438080
3763,438151,51,438202
3764,438256,7,438263
3765,438502,74,438576
3766,438634,10,438644
3767,438706,6,438712
3768,438776,20,438796
3769,438800,30,438830
3770,438986,7,438993
3771,438994,18,439012
3772,439065,7,439072
3773,439210,34,439244
3774,439273,24,439297
3775,439392,29,439421
3776,439446,4,439450
3777,439514,5,439519
3778,439834,15,439849
3779,440116,55,440171
3780,440247,1,440248
3781,440322,23,440345
3782,440532,21,440553
3783,440737,5,440742
3784,440882,4,440886
3785,440918,4,440922
3786,440976,59,441035
3787,441158,16,441174
3788,441322,16,441338
3789,441483,49,441532
3790,441543,7,441550
3791,441622,11,441633
3792,441661,40,441701
3793,441711,29,441740
3794,441755,8,441763
3795,441775,3,441778
3796,441809,33,441842
3797,441892,58,441950
3798,442034,27,442061
3799,442074,41,442115
3800,442288,8,442296
3801,442504,4,442508
3802,442607,12,442619
3803,442724,43,442767
3804,443037,1,443038
3805,443104,31,443135
3806,443362,13,443375
3807,443477,14,443491
3808,443503,36,443539
3809,443554,20,443574
3810,443663,1,443664
3811,443753,3,443756
3812,443768,27,443795
3813,443804,22,443826
3814,443908,24,443932
3815,443951,22,443973
3816,444087,33,444120
3817,444154,11,444165
3818,444173,3,444176
3819,444187,3,444190
3820,444241,10,444251
3821,444340,38,444378
3822,444689,1,444690
3823,444780,8,444788
3824,444928,5,444933
3825,444945,41,444986
3826,445138,88,445226
3827,445435,6,445441
3828,445633,4,445637
3829,445689,42,445731
3830,445764,2,445766
3831,445821,35,445856
3832,446017,1,446018
3833,446121,3,446124
3834,446142,26,446168
3835,446299,2,446301
3836,446397,18,446415
3837,446493,3,446496
3838,446534,9,446543
3839,446557,47,446604
3840,446625,6,446631
3841,446813,1,446814
3842,447114,24,447138
3843,447786,56,447842
3844,447894,83,447977
3845,448152,15,448167
3846,448183,11,448194
3847,448438,71,448509
3848,448561,64,448625
3849,448654,6,448660
3850,448804,30,448834
3851,448857,24,448881
3852,448972,18,448990
3853,449151,5,449156
3854,449204,10,449214
3855,449221,7,449228
3856,449267,28,449295
3857,449305,69,449374
3858,449411,16,449427
3859,449459,8,449467
3860,449550,34,449584
3861,449681,2,449683
3862,449857,22,449879
3863,450275,7,450282
3864,450295,1,450296
3865,450341,47,450388
3866,450493,39,450532
3867,450611,144,450755
3868,450913,12,450925
3869,450959,16,450975
3870,451538,10,451548
3871,451597,10,451607
3872,452005,10,452015
3873,452130,12,452142
3874,452160,5,452165
3875,452252,13,452265
3876,452541,1,452542
3877,452597,22,452619
3878,452688,62,452750
3879,453014,1,453015
3880,453089,25,453114
3881,453134,16,453150
3882,453185,16,453201
3883,453231,16,453247
3884,453309,16,453325
3885,453531,9,453540
3886,453564,47,453611
3887,453688,6,453694
3888,453752,1,453753
3889,453972,23,453995
3890,454051,1,454052
3891,454155,1,454156
3892,454262,26,454288
3893,454392,21,454413
3894,454421,15,454436
3895,454527,7,454534
3896,454564,25,454589
3897,454816,6,454822
3898,454976,8,454984
3899,455018,42,455060
3900,455077,10,455087
3901,455269,33,455302
3902,455361,36,455397
3903,455431,29,455460
3904,455497,34,455531
3905,455568,4,455572
3906,455575,15,455590
3907,455698,9,455707
3908,455816,4,455820
3909,455881,19,455900
3910,455974,21,455995
3911,456443,26,456469
3912,456521,11,456532
3913,456548,2,456550
3914,456639,47,456686
3915,456737,5,456742
3916,456791,35,456826
3917,456833,2,456835
3918,456846,19,456865
3919,457032,14,457046
3920,457116,2,457118
3921,457171,23,457194
3922,457235,6,457241
3923,457414,24,457438
3924,457518,49,457567
3925,457585,33,457618
3926,457632,26,457658
3927,457672,12,457684
3928,457816,5,457821
3929,458005,45,458050
3930,458272,20,458292
3931,458429,2,458431
3932,458438,15,458453
3933,458521,11,458532
3934,458672,46,458718
3935,458741,9,458750
3936,458808,10,458818
3937,458868,12,458880
3938,458998,6,459004
3939,459027,8,459035
3940,459209,30,459239
3941,459322,5,459327
3942,459452,9,459461
3943,459548,28,459576
3944,459594,5,459599
3945,459724,32,459756
3946,460045,48,460093
3947,460123,26,460149
3948,460173,17,460190
3949,460554,3,460557
3950,460563,5,460568
3951,460605,6,460611
3952,460623,9,460632
3953,460633,80,460713
3954,460750,4,460754
3955,460827,35,460862
3956,460867,6,460873
3957,460892,7,460899
3958,460933,31,460964
3959,460969,36,461005
3960,461006,7,461013
3961,461325,22,461347
3962,461407,2,461409
3963,461655,5,461660
3964,461710,9,461719
3965,461743,19,461762
3966,461805,58,461863
3967,461905,50,461955
3968,461964,3,461967
3969,462015,24,462039
3970,462131,20,462151
3971,462254,6,462260
3972,462396,33,462429
3973,462461,3,462464
3974,462474,14,462488
3975,462537,23,462560
3976,462688,25,462713
3977,462758,26,462784
3978,462862,97,462959
3979,463140,28,463168
3980,463314,27,463341
3981,463442,20,463462
3982,463581,16,463597
3983,463598,40,463638
3984,463697,16,463713
3985,463934,13,463947
3986,464083,19,464102
3987,464110,16,464126
3988,464183,19,464202
3989,464296,20,464316
3990,464318,16,464334
3991,464470,10,464480
3992,464735,29,464764
3993,464939,8,464947
3994,464991,2,464993
3995,465082,1,465083
3996,465141,1,465142
3997,465179,2,465181
3998,465229,18,465247
3999,465268,1,465269
4000,465288,8,465296
4001,465342,7,465349
4002,465397,1,465398
4003,465562,13,465575
4004,465882,7,465889
4005,466031,7,466038
4006,466073,1,466074
4007,466094,110,466204
4008,466385,8,466393
4009,466442,28,466470
4010,466518,32,466550
4011,466566,5,466571
4012,466908,7,466915
4013,467158,36,467194
4014,467284,24,467308
4015,467382,103,467485
4016,467845,13,467858
4017,467898,34,467932
4018,467935,11,467946
4019,468004,1,468005
4020,468139,19,468158
4021,468285,12,468297
4022,468333,17,468350
4023,468658,4,468662
4024,468757,3,468760
4025,468895,18,468913
4026,469055,13,469068
4027,469096,9,469105
4028,469206,28,469234
4029,469383,2,469385
4030,469410,22,469432
4031,469451,7,469458
4032,469541,15,469556
4033,469593,29,469622
4034,469752,8,469760
4035,469773,3,469776
4036,469950,21,469971
4037,470028,9,470037
4038,470106,20,470126
4039,470160,10,470170
4040,470298,2,470300
4041,470474,1,470475
4042,470545,12,470557
4043,470652,8,470660
4044,470717,16,470733
4045,471143,20,471163
4046,471177,30,471207
4047,471291,7,471298
4048,471365,35,471400
4049,471495,3,471498
4050,471545,36,471581
4051,471608,23,471631
4052,471685,1,471686
4053,471751,3,471754
4054,471805,32,471837
4055,471844,32,471876
4056,471901,65,471966
4057,472007,7,472014
4058,472020,1,472021
4059,472171,85,472256
4060,472586,2,472588
4061,472885,19,472904
4062,473085,19,473104
4063,473109,17,473126
4064,473192,4,473196
4065,473214,8,473222
4066,473386,13,473399
4067,473426,13,473439
4068,473556,62,473618
4069,473654,5,473659
4070,473812,37,473849
4071,473989,2,473991
4072,474032,7,474039
4073,474090,3,474093
4074,474198,22,474220
4075,474221,16,474237
4076,474328,50,474378
4077,474640,12,474652
4078,474804,13,474817
4079,474912,17,474929
4080,475260,20,475280
4081,475293,17,475310
4082,475382,1,475383
4083,475494,1,475495
4084,475582,10,475592
4085,475744,9,475753
4086,475759,16,475775
4087,475857,11,475868
4088,475975,6,475981
4089,476095,32,476127
4090,476164,3,476167
4091,476192,9,476201
4092,476263,84,476347
4093,476398,41,476439
4094,476513,2,476515
4095,476619,6,476625
4096,476650,70,476720
4097,476850,21,476871
4098,476919,9,476928
4099,477029,10,477039
4100,477182,36,477218
4101,477357,7,477364
4102,477376,17,477393
4103,477424,6,477430
4104,477453,11,477464
4105,477531,20,477551
4106,477613,10,477623
4107,477664,5,477669
4108,477739,35,477774
4109,477797,5,477802
4110,477807,86,477893
4111,477894,1,477895
4112,478327,3,478330
4113,478698,14,478712
4114,478737,17,478754
4115,478849,4,478853
4116,478888,51,478939
4117,479193,3,479196
4118,479390,4,479394
4119,479496,30,479526
4120,479695,54,479749
4121,479770,11,479781
4122,480406,5,480411
4123,480747,40,480787
4124,481064,28,481092
4125,481240,32,481272
4126,481344,93,481437
4127,481838,14,481852
4128,482032,9,482041
4129,482047,29,482076
4130,482105,11,482116
4131,482164,25,482189
4132,482507,6,482513
4133,482640,54,482694
4134,482891,15,482906
4135,482956,48,483004
4136,483236,17,483253
4137,483301,23,483324
4138,483331,36,483367
4139,483388,4,483392
4140,483590,68,483658
4141,483740,3,483743
4142,483933,17,483950
4143,483955,31,483986
4144,484153,8,484161
4145,484255,17,484272
4146,484292,28,484320
4147,484359,12,484371
4148,484468,74,484542
4149,484627,24,484651
4150,484695,3,484698
4151,484866,61,484927
4152,484967,20,484987
4153,485028,28,485056
4154,485191,15,485206
4155,485209,15,485224
4156,485448,1,485449
4157,485589,22,485611
4158,485765,27,485792
4159,485952,15,485967
4160,486048,50,486098
4161,486424,34,486458
4162,486587,50,486637
4163,486950,9,486959
4164,486977,2,486979
4165,486988,15,487003
4166,487006,15,487021
4167,487052,32,487084
4168,487186,43,487229
4169,487262,9,487271
4170,487329,31,487360
4171,487368,4,487372
4172,487470,2,487472
4173,487797,19,487816
4174,487849,9,487858
4175,488111,8,488119
4176,488127,12,488139
4177,488142,3,488145
4178,488154,6,488160
4179,488177,28,488205
4180,488266,11,488277
4181,488310,16,488326
4182,488464,5,488469
4183,488478,39,488517
4184,488575,3,488578
4185,488602,7,488609
4186,488742,41,488783
4187,489299,37,489336
4188,489356,22,489378
4189,489401,5,489406
4190,489479,11,489490
4191,489557,17,489574
4192,489677,27,489704
4193,489727,3,489730
4194,489757,25,489782
4195,490002,9,490011
4196,490018,31,490049
4197,490050,27,490077
4198,490328,28,490356
4199,490629,20,490649
4200,490798,29,490827
4201,490852,13,490865
4202,490909,13,490922
4203,490982,11,490993
4204,491148,1,491149
4205,491267,57,491324
4206,491401,37,491438
4207,491538,4,491542
4208,491555,27,491582
4209,491700,48,491748
4210,491783,26,491809
4211,492024,14,492038
4212,492095,6,492101
4213,492504,1,492505
4214,492609,38,492647
4215,492656,75,492731
4216,492877,6,492883
4217,492909,42,492951
4218,492963,47,493010
4219,493026,10,493036
4220,493159,29,493188
4221,493222,41,493263
4222,493306,11,493317
4223,493547,12,493559
4224,493593,22,493615
4225,493767,9,493776
4226,493817,24,493841
4227,494064,10,494074
4228,494195,50,494245
4229,494472,12,494484
4230,494492,2,494494
4231,494495,7,494502
4232,494503,11,494514
4233,494584,1,494585
4234,494681,5,494686
4235,494819,11,494830
4236,494948,7,494955
4237,495290,19,495309
4238,495356,35,495391
4239,495469,33,495502
4240,495700,8,495708
4241,495722,11,495733
4242,495756,48,495804
4243,495833,8,495841
4244,495884,6,495890
4245,495990,8,495998
4246,496029,3,496032
4247,496048,1,496049
4248,496050,97,496147
4249,496221,58,496279
4250,496300,13,496313
4251,496614,61,496675
4252,496921,32,496953
4253,497017,15,497032
4254,497142,32,497174
4255,497204,19,497223
4256,497354,4,497358
4257,497596,19,497615
4258,497665,16,497681
4259,497701,94,497795
4260,497960,3,497963
4261,498015,14,498029
4262,498044,10,498054
4263,498289,13,498302
4264,498323,20,498343
4265,498613,1,498614
4266,498680,37,498717
4267,498815,22,498837
4268,498991,45,499036
4269,499114,21,499135
4270,499213,19,499232
4271,499257,11,499268
4272,499460,9,499469
4273,499493,7,499500
4274,499599,52,499651
4275,499807,46,499853
4276,500026,35,500061
4277,500210,13,500223
4278,500359,19,500378
4279,500397,35,500432
4280,500681,59,500740
4281,500766,8,500774
4282,500817,16,500833
4283,500869,18,500887
4284,500914,6,500920
4285,500964,70,501034
4286,501164,3,501167
4287,501255,11,501266
4288,501360,5,501365
4289,501371,15,501386
4290,501567,36,501603
4291,501663,1,501664
4292,501672,21,501693
4293,501763,14,501777
4294,501795,31,501826
4295,501842,20,501862
4296,501871,3,501874
4297,501973,3,501976
4298,502171,12,502183
4299,502230,1,502231
4300,502369,34,502403
4301,502622,50,502672
4302,502847,138,502985
4303,503029,3,503032
4304,503076,19,503095
4305,503185,21,503206
4306,503330,18,503348
4307,503365,17,503382
4308,503497,15,503512
4309,503596,19,503615
4310,503694,5,503699
4311,503722,83,503805
4312,503879,3,503882
4313,503893,2,503895
4314,504121,26,504147
4315,504330,15,504345
4316,504353,6,504359
4317,504364,3,504367
4318,504397,16,504413
4319,504482,10,504492
4320,504547,13,504560
4321,504607,2,504609
4322,504627,39,504666
4323,504693,10,504703
4324,504823,19,504842
4325,504847,11,504858
4326,504913,13,504926
4327,505115,23,505138
4328,505230,14,505244
4329,505356,3,505359
4330,505401,1,505402
4331,505417,90,505507
4332,505553,38,505591
4333,505748,25,505773
4334,506134,30,506164
4335,506186,2,506188
4336,506218,18,506236
4337,506251,14,506265
4338,506413,31,506444
4339,506455,33,506488
4340,507065,2,507067
4341,507215,60,507275
4342,507752,12,507764
4343,507767,43,507810
4344,507873,9,507882
4345,508561,27,508588
4346,508660,11,508671
4347,508753,7,508760
4348,508940,17,508957
4349,509051,38,509089
4350,509135,10,509145
4351,509169,36,509205
4352,509396,8,509404
4353,509474,76,509550
4354,509671,39,509710
4355,509724,5,509729
4356,509735,12,509747
4357,509770,35,509805
4358,510288,14,510302
4359,510445,42,510487
4360,510668,19,510687
4361,510751,19,510770
4362,510778,8,510786
4363,510829,30,510859
4364,510878,80,510958
4365,511072,25,511097
4366,511245,2,511247
4367,511299,4,511303
4368,511559,12,511571
4369,511783,13,511796
4370,511971,11,511982
4371,511998,11,512009
4372,512138,18,512156
4373,512276,7,512283
4374,512320,10,512330
4375,512360,9,512369
4376,512723,38,512761
4377,512795,6,512801
4378,512833,37,512870
4379,512889,28,512917
4380,512928,33,512961
4381,513011,9,513020
4382,513063,1,513064
4383,513073,37,513110
4384,513186,45,513231
4385,513298,14,513312
4386,513364,20,513384
4387,513402,15,513417
4388,513664,5,513669
4389,513702,13,513715
4390,513773,13,513786
4391,513912,2,513914
4392,514131,29,514160
4393,514255,23,514278
4394,514284,9,514293
4395,514297,89,514386
4396,514535,10,514545
4397,514649,10,514659
4398,514693,72,514765
4399,515133,5,515138
4400,515339,31,515370
4401,515551,6,515557
4402,515588,35,515623
4403,515720,8,515728
4404,515851,9,515860
4405,515977,41,516018
4406,516039,28,516067
4407,516126,25,516151
4408,516156,2,516158
4409,516375,2,516377
4410,516407,42,516449
4411,516459,1,516460
4412,516606,30,516636
4413,516654,9,516663
4414,516965,35,517000
4415,517002,9,517011
4416,517140,74,517214
4417,517338,44,517382
4418,517442,15,517457
4419,517512,1,517513
4420,517559,5,517564
4421,517694,17,517711
4422,518112,4,518116
4423,518146,24,518170
4424,518245,2,518247
4425,518284,2,518286
4426,518318,2,518320
4427,518400,79,518479
4428,518547,27,518574
4429,518758,13,518771
4430,518782,48,518830
4431,519093,58,519151
4432,519263,18,519281
4433,519445,24,519469
4434,519525,9,519534
4435,519571,7,519578
4436,519584,2,519586
4437,519591,40,519631
4438,519667,17,519684
4439,519701,11,519712
4440,519798,10,519808
4441,519810,53,519863
4442,519924,2,519926
4443,520098,18,520116
4444,520181,9,520190
4445,520239,9,520248
4446,520290,11,520301
4447,520413,13,520426
4448,520433,3,520436
4449,520478,14,520492
4450,520547,4,520551
4451,520560,25,520585
4452,520589,8,520597
4453,520650,13,520663
4454,520697,12,520709
4455,520830,18,520848
4456,520911,28,520939
4457,520948,3,520951
4458,521028,9,521037
4459,521162,29,521191
4460,521709,48,521757
4461,521909,6,521915
4462,522064,3,522067
4463,522178,24,522202
4464,522263,87,522350
4465,522483,20,522503
4466,522569,3,522572
4467,522738,16,522754
4468,523179,22,523201
4469,523204,6,523210
4470,523384,33,523417
4471,523723,5,523728
4472,523735,8,523743
4473,523775,2,523777
4474,523976,30,524006
4475,524108,12,524120
4476,524173,1,524174
4477,524182,18,524200
4478,524305,39,524344
4479,524688,23,524711
4480,524760,16,524776
4481,524836,18,524854
4482,525131,1,525132
4483,525146,43,525189
4484,525202,2,525204
4485,525319,20,525339
4486,525428,3,525431
4487,525440,12,525452
4488,525485,34,525519
4489,525535,21,525556
4490,525575,21,525596
4491,525759,26,525785
4492,525801,36,525837
4493,525895,6,525901
4494,526002,2,526004
4495,526045,31,526076
4496,526139,1,526140
4497,526142,61,526203
4498,526223,11,526234
4499,526413,7,526420
4500,526522,13,526535
4501,526647,11,526658
4502,526789,4,526793
4503,527263,9,527272
4504,527597,12,527609
4505,527615,40,527655
4506,527791,1,527792
4507,527862,10,527872
4508,528043,48,528091
4509,528285,19,528304
4510,528312,46,528358
4511,528383,7,528390
4512,528580,35,528615
4513,528792,38,528830
4514,528942,22,528964
4515,528973,12,528985
4516,529105,13,529118
4517,529135,7,529142
4518,529317,6,529323
4519,529601,9,529610
4520,529708,5,529713
4521,529715,5,529720
4522,529838,9,529847
4523,530282,44,530326
4524,530339,21,530360
4525,530419,8,530427
4526,530515,19,530534
4527,530724,13,530737
4528,530812,25,530837
4529,530839,30,530869
4530,530945,2,530947
4531,530952,5,530957
4532,531000,20,531020
4533,531169,21,531190
4534,531211,119,531330
4535,531386,4,531390
4536,531627,26,531653
4537,531681,37,531718
4538,531779,3,531782
4539,531998,21,532019
4540,532033,33,532066
4541,532209,13,532222
4542,532315,20,532335
4543,532388,3,532391
4544,532476,55,532531
4545,532723,27,532750
4546,532853,30,532883
4547,533112,37,533149
4548,533358,3,533361
4549,533403,8,533411
4550,533663,6,533669
4551,533755,9,533764
4552,533815,13,533828
4553,533872,39,533911
4554,534057,1,534058
4555,534061,2,534063
4556,534077,31,534108
4557,534123,1,534124
4558,534269,5,534274
4559,534456,2,534458
4560,534636,29,534665
4561,534810,22,534832
4562,535010,23,535033
4563,535034,10,535044
4564,535282,11,535293
4565,535374,16,535390
4566,535449,12,535461
4567,535593,1,535594
4568,535655,39,535694
4569,535871,36,535907
4570,535967,16,535983
4571,536002,33,536035
4572,536126,1,536127
4573,536165,12,536177
4574,536536,12,536548
4575,536595,4,536599
4576,536647,17,536664
4577,536888,1,536889
4578,536911,9,536920
4579,536996,61,537057
4580,537271,14,537285
4581,537341,24,537365
4582,537390,14,537404
4583,537429,1,537430
4584,537635,39,537674
4585,537927,3,537930
4586,537944,12,537956
4587,537959,31,537990
4588,538002,8,538010
4589,538165,2,538167
4590,538201,11,538212
4591,538457,7,538464
4592,538475,25,538500
4593,538589,4,538593
4594,538666,32,538698
4595,538898,61,538959
4596,539278,95,539373
4597,539386,6,539392
4598,539413,72,539485
4599,539638,26,539664
4600,539681,18,539699
4601,539940,10,539950
4602,540035,5,540040
4603,540301,21,540322
4604,540412,25,540437
4605,540468,50,540518
4606,540895,44,540939
4607,541013,8,541021
4608,541126,69,541195
4609,541207,3,541210
4610,541442,22,541464
4611,541526,5,541531
4612,541593,16,541609
4613,541663,22,541685
4614,541922,7,541929
4615,542117,21,542138
4616,542164,2,542166
4617,542197,20,542217
4618,542241,21,542262
4619,542370,6,542376
4620,542401,55,542456
4621,542473,32,542505
4622,542506,4,542510
4623,542514,26,542540
4624,542776,25,542801
4625,543017,1,543018
4626,543039,19,543058
4627,543093,13,543106
4628,543256,12,543268
4629,543296,23,543319
4630,543593,18,543611
4631,543745,7,543752
4632,543810,24,543834
4633,543887,17,543904
4634,543947,17,543964
4635,543984,15,543999
4636,544099,8,544107
4637,544131,5,544136
4638,544209,15,544224
4639,544535,5,544540
4640,544774,14,544788
4641,544794,10,544804
4642,545131,4,545135
4643,545207,12,545219
4644,545259,31,545290
4645,545405,22,545427
4646,545440,3,545443
4647,545699,7,545706
4648,545898,2,545900
4649,546087,15,546102
4650,546164,12,546176
4651,546309,14,546323
4652,546991,27,547018
4653,547025,6,547031
4654,547074,1,547075
4655,547308,6,547314
4656,547521,6,547527
4657,547750,54,547804
4658,547904,78,547982
4659,548005,22,548027
4660,548082,31,548113
4661,548192,15,548207
4662,548235,3,548238
4663,548407,3,548410
4664,548475,7,548482
4665,548525,14,548539
4666,548564,7,548571
4667,548704,15,548719
4668,548791,31,548822
4669,548824,7,548831
4670,549099,55,549154
4671,549158,19,549177
4672,549198,5,549203
4673,549231,3,549234
4674,549551,2,549553
4675,549731,98,549829
4676,550017,73,550090
4677,550106,17,550123
4678,550213,14,550227
4679,550278,2,550280
4680,550496,26,550522
4681,550544,29,550573
4682,550663,21,550684
4683,550835,51,550886
4684,550922,2,550924
4685,550931,10,550941
4686,551032,11,551043
4687,551054,9,551063
4688,551228,1,551229
4689,551314,67,551381
4690,551550,15,551565
4691,551584,11,551595
4692,551683,15,551698
4693,551724,15,551739
4694,551783,33,551816
4695,552008,84,552092
4696,552146,1,552147
4697,552150,1,552151
4698,552396,2,552398
4699,552525,2,552527
4700,552619,4,552623
4701,552891,9,552900
4702,552909,77,552986
4703,553015,6,553021
4704,553038,38,553076
4705,553105,10,553115
4706,553222,7,553229
4707,553377,32,553409
4708,553584,12,553596
4709,553638,4,553642
4710,553771,11,553782
4711,553897,35,553932
4712,553983,31,554014
4713,554461,3,554464
4714,554488,62,554550
4715,554669,34,554703
4716,554862,7,554869
4717,555039,11,555050
4718,555088,47,555135
4719,555140,19,555159
4720,555268,18,555286
4721,555334,36,555370
4722,555501,1,555502
4723,555718,30,555748
4724,555883,5,555888
4725,555996,39,556035
4726,556116,12,556128
4727,556153,11,556164
4728,556198,2,556200
4729,556729,50,556779
4730,556897,24,556921
4731,557046,29,557075
4732,557103,46,557149
4733,557226,18,557244
4734,557259,37,557296
4735,557357,25,557382
4736,557550,10,557560
4737,557576,5,557581
4738,557591,1,557592
4739,557863,3,557866
4740,558089,9,558098
4741,558117,31,558148
4742,558193,15,558208
4743,558281,20,558301
4744,558594,44,558638
4745,558756,11,558767
4746,558774,62,558836
4747,558860,26,558886
4748,558952,15,558967
4749,559004,38,559042
4750,559298,8,559306
4751,559344,35,559379
4752,559550,4,559554
4753,559571,28,559599
4754,559643,13,559656
4755,559832,11,559843
4756,559884,14,559898
4757,560130,40,560170
4758,560190,5,560195
4759,560246,4,560250
4760,560415,23,560438
4761,560521,17,560538
4762,560552,7,560559
4763,560644,3,560647
4764,560648,13,560661
4765,560728,16,560744
4766,560799,3,560802
4767,560837,9,560846
4768,561088,3,561091
4769,561240,4,561244
4770,561260,8,561268
4771,561368,4,561372
4772,561928,6,561934
4773,561950,1,561951
4774,561986,18,562004
4775,562061,27,562088
4776,562212,48,562260
4777,562306,6,562312
4778,562337,4,562341
4779,562393,13,562406
4780,562434,2,562436
4781,562581,25,562606
4782,562663,28,562691
4783,562714,1,562715
4784,562725,3,562728
4785,562792,55,562847
4786,562993,6,562999
4787,563003,4,563007
4788,563080,8,563088
4789,563219,13,563232
4790,563307,1,563308
4791,563465,26,563491
4792,563556,18,563574
4793,563626,69,563695
4794,563762,15,563777
4795,563932,8,563940
4796,564002,9,564011
4797,564044,5,564049
4798,564065,3,564068
4799,564173,13,564186
4800,564197,18,564215
4801,564367,86,564453
4802,564507,3,564510
4803,564520,54,564574
4804,564705,1,564706
4805,564769,52,564821
4806,564845,7,564852
4807,565186,12,565198
4808,565221,36,565257
4809,565274,15,565289
4810,565401,5,565406
4811,565521,45,565566
4812,565595,51,565646
4813,565772,1,565773
4814,565934,58,565992
4815,566125,6,566131
4816,566254,4,566258
4817,566532,20,566552
4818,566564,4,566568
4819,566639,4,566643
4820,566786,2,566788
4821,566835,15,566850
4822,566905,5,566910
4823,566930,3,566933
4824,566960,15,566975
4825,567204,11,567215
4826,567228,21,567249
4827,567335,35,567370
4828,567569,16,567585
4829,567815,69,567884
4830,568032,29,568061
4831,568135,23,568158
4832,568188,12,568200
4833,568347,18,568365
4834,568387,26,568413
4835,568736,9,568745
4836,568770,15,568785
4837,568813,10,568823
4838,569316,32,569348
4839,569510,1,569511
4840,569598,64,569662
4841,569885,14,569899
4842,570016,11,570027
4843,570036,34,570070
4844,570086,10,570096
4845,570205,70,570275
4846,570333,21,570354
4847,570373,38,570411
4848,570496,43,570539
4849,570585,23,570608
4850,570858,1,570859
4851,571022,24,571046
4852,571162,19,571181
4853,571209,37,571246
4854,571337,51,571388
4855,571592,33,571625
4856,571633,4,571637
4857,571720,4,571724
4858,571854,2,571856
4859,571892,16,571908
4860,572014,62,572076
4861,572115,17,572132
4862,572193,23,572216
4863,572296,2,572298
4864,572437,7,572444
4865,572595,3,572598
4866,572790,6,572796
4867,572814,122,572936
4868,573003,103,573106
4869,573140,10,573150
4870,573262,12,573274
4871,573294,24,573318
4872,573455,11,573466
4873,573619,1,573620
4874,573734,2,573736
4875,573840,22,573862
4876,573865,11,573876
4877,573929,42,573971
4878,573973,28,574001
4879,574045,12,574057
4880,574296,11,574307
4881,574621,15,574636
4882,574714,9,574723
4883,574736,13,574749
4884,574832,1,574833
4885,574854,9,574863
4886,575040,12,575052
4887,575119,1,575120
4888,575141,1,575142
4889,575281,7,575288
4890,575311,17,575328
4891,575562,28,575590
4892,575816,11,575827
4893,575849,73,575922
4894,575954,6,575960
4895,575978,4,575982
4896,576308,17,576325
4897,576348,21,576369
4898,576499,7,576506
4899,576609,55,576664
4900,576730,4,576734
4901,576825,2,576827
4902,577411,11,577422
4903,577642,23,577665
4904,577796,3,577799
4905,577910,15,577925
4906,577982,21,578003
4907,578017,46,578063
4908,578331,21,578352
4909,578544,11,578555
4910,578602,85,578687
4911,578753,13,578766
4912,578867,28,578895
4913,579003,5,579008
4914,579231,12,579243
4915,579265,23,579288
4916,579303,50,579353
4917,579578,21,579599
4918,579618,14,579632
4919,579717,33,579750
4920,579767,18,579785
4921,579947,5,579952
4922,580450,67,580517
4923,580687,121,580808
4924,581011,52,581063
4925,581138,4,581142
4926,581463,5,581468
4927,581529,33,581562
4928,581590,75,581665
4929,581852,7,581859
4930,581895,22,581917
4931,581919,1,581920
4932,582132,21,582153
4933,582207,78,582285
4934,582352,5,582357
4935,582404,4,582408
4936,582533,41,582574
4937,582628,35,582663
4938,582739,1,582740
4939,583092,10,583102
4940,583181,5,583186
4941,583694,4,583698
4942,583747,44,583791
4943,583897,28,583925
4944,583958,4,583962
4945,584132,4,584136
4946,584143,82,584225
4947,584233,2,584235
4948,584251,23,584274
4949,584325,5,584330
4950,584408,14,584422
4951,584592,12,584604
4952,584711,9,584720
4953,584739,68,584807
4954,584974,38,585012
4955,585224,47,585271
4956,585322,3,585325
4957,585620,6,585626
4958,585644,6,585650
4959,585859,54,585913
4960,585934,16,585950
4961,586064,30,586094
4962,586598,34,586632
4963,586683,14,586697
4964,586718,1,586719
4965,586805,29,586834
4966,586888,6,586894
4967,586933,5,586938
4968,586979,3,586982
4969,587017,42,587059
4970,587135,64,587199
4971,587268,92,587360
4972,587529,13,587542
4973,587595,33,587628
4974,587741,17,587758
4975,588030,20,588050
4976,588369,26,588395
4977,588447,63,588510
4978,588544,33,588577
4979,588680,21,588701
4980,588866,15,588881
4981,588944,9,588953
4982,589198,20,589218
4983,589323,7,589330
4984,589384,40,589424
4985,589428,16,589444
4986,589527,5,589532
4987,589633,10,589643
4988,589653,13,589666
4989,589704,16,589720
4990,589724,23,589747
4991,589898,37,589935
4992,590236,21,590257
4993,590485,33,590518
4994,590553,29,590582
4995,590633,15,590648
4996,590687,8,590695
4997,590813,4,590817
4998,590920,30,590950
4999,590963,23,590986
5000,591163,12,591175
5001,591375,42,591417
5002,591419,18,591437
5003,591488,4,591492
5004,591562,22,591584
5005,591679,1,591680
5006,591830,3,591833
5007,591879,76,591955
5008,591987,9,591996
5009,592114,7,592121
5010,592270,13,592283
5011,592309,25,592334
5012,592338,2,592340
5013,592344,1,592345
5014,592387,17,592404
5015,592451,16,592467
5016,592604,9,592613
5017,592641,68,592709
5018,592760,5,592765
5019,592850,12,592862
5020,592970,8,592978
5021,593143,1,593144
5022,593148,50,593198
5023,593383,14,593397
5024,593577,55,593632
5025,593671,10,593681
5026,593845,11,593856
5027,594119,55,594174
5028,594369,8,594377
5029,594585,1,594586
5030,594596,30,594626
5031,594636,8,594644
5032,595002,10,595012
5033,595144,10,595154
5034,595194,41,595235
5035,595388,1,595389
5036,595425,13,595438
5037,595579,19,595598
5038,595626,25,595651
5039,595744,1,595745
5040,595747,4,595751
5041,595811,5,595816
5042,595982,47,596029
5043,596048,3,596051
5044,596150,5,596155
5045,596444,9,596453
5046,596497,59,596556
5047,596645,15,596660
5048,596834,22,596856
5049,596926,3,596929
5050,597113,25,597138
5051,597613,49,597662
5052,597815,57,597872
5053,597924,27,597951
5054,598002,10,598012
5055,598185,69,598254
5056,598355,8,598363
5057,598472,3,598475
5058,598549,5,598554
5059,598659,11,598670
5060,598687,7,598694
5061,598901,19,598920
5062,599019,24,599043
5063,599146,17,599163
5064,599174,37,599211
5065,599258,21,599279
5066,599340,60,599400
5067,599450,8,599458
5068,599545,19,599564
5069,599624,41,599665
5070,599694,83,599777
5071,599863,30,599893
5072,599913,28,599941
5073,600001,5,600006
5074,600247,13,600260
5075,600441,2,600443
5076,600510,12,600522
5077,600664,14,600678
5078,600876,13,600889
5079,601034,1,601035
5080,601043,123,601166
5081,601214,10,601224
5082,601241,2,601243
5083,601251,13,601264
5084,601298,15,601313
5085,601638,1,601639
5086,601646,74,601720
5087,601779,38,601817
5088,601941,10,601951
5089,601991,59,602050
5090,602168,21,602189
5091,602549,45,602594
5092,602634,7,602641
5093,602688,26,602714
5094,602824,9,602833
5095,602941,8,602949
5096,603014,6,603020
5097,603493,3,603496
5098,603531,9,603540
5099,603841,30,603871
5100,604052,12,604064
5101,604066,50,604116
5102,604150,69,604219
5103,604412,24,604436
5104,604487,51,604538
5105,604609,4,604613
5106,604618,6,604624
5107,604785,29,604814
5108,604826,2,604828
5109,604854,3,604857
5110,604936,7,604943
5111,605148,22,605170
5112,605184,41,605225
5113,605317,24,605341
5114,605567,90,605657
5115,605730,3,605733
5116,605828,14,605842
5117,605861,9,605870
5118,605907,60,605967
5119,606089,3,606092
5120,606176,27,606203
5121,606235,21,606256
5122,606293,1,606294
5123,606391,15,606406
5124,606573,15,606588
5125,606664,5,606669
5126,606800,32,606832
5127,606876,27,606903
5128,606966,1,606967
5129,607047,10,607057
5130,607095,24,607119
5131,607175,9,607184
5132,607212,6,607218
5133,607284,18,607302
5134,607512,16,607528
5135,607534,19,607553
5136,607632,11,607643
5137,607783,28,607811
5138,607860,25,607885
5139,608007,2,608009
5140,608401,4,608405
5141,608481,18,608499
5142,608570,32,608602
5143,608692,8,608700
5144,608742,67,608809
5145,608927,45,608972
5146,609322,29,609351
5147,609497,26,609523
5148,609545,23,609568
5149,609645,19,609664
5150,609701,66,609767
5151,609963,10,609973
5152,610266,7,610273
5153,610346,8,610354
5154,610355,9,610364
5155,610399,4,610403
5156,610536,4,610540
5157,610548,8,610556
5158,610602,48,610650
5159,610673,4,610677
5160,610754,24,610778
5161,610886,50,610936
5162,611212,32,611244
5163,611292,27,611319
5164,611466,19,611485
5165,611592,13,611605
5166,611665,3,611668
5167,611776,3,611779
5168,611804,5,611809
5169,611825,33,611858
5170,611916,1,611917
5171,611956,34,611990
5172,612008,6,612014
5173,612022,15,612037
5174,612114,21,612135
5175,612247,30,612277
5176,612324,2,612326
5177,612337,51,612388
5178,612554,56,612610
5179,612653,5,612658
5180,612772,45,612817
5181,612911,2,612913
5182,612976,14,612990
5183,613178,1,613179
5184,613470,9,613479
5185,613565,3,613568
5186,613780,6,613786
5187,613795,3,613798
5188,613991,4,613995
5189,614000,47,614047
5190,614139,12,614151
5191,614202,9,614211
5192,614301,20,614321
5193,614363,6,614369
5194,614470,25,614495
5195,614561,13,614574
5196,614581,47,614628
5197,614987,20,615007
5198,615047,6,615053
5199,615070,8,615078
5200,615181,60,615241
5201,615256,15,615271
5202,615352,1,615353
5203,615364,62,615426
5204,615492,17,615509
5205,615587,10,615597
5206,615624,9,615633
5207,615918,67,615985
5208,616109,9,616118
5209,616132,9,616141
5210,616166,23,616189
5211,616294,21,616315
5212,616577,4,616581
5213,616656,4,616660
5214,616709,31,616740
5215,616939,14,616953
5216,617009,92,617101
5217,617284,79,617363
5218,617778,5,617783
5219,617888,63,617951
5220,617998,13,618011
5221,618199,7,618206
5222,618391,25,618416
5223,618488,23,618511
5224,618597,49,618646
5225,618715,7,618722
5226,618726,4,618730
5227,618756,5,618761
5228,618792,25,618817
5229,618857,13,618870
5230,619116,56,619172
5231,619426,16,619442
5232,619513,21,619534
5233,619537,2,619539
5234,619557,12,619569
5235,619861,16,619877
5236,620075,35,620110
5237,620386,12,620398
5238,620420,4,620424
5239,620629,3,620632
5240,620664,33,620697
5241,620923,20,620943
5242,620954,3,620957
5243,621048,66,621114
5244,621246,1,621247
5245,621274,13,621287
5246,621318,34,621352
5247,621368,9,621377
5248,621381,1,621382
5249,621547,8,621555
5250,621800,7,621807
5251,621811,30,621841
5252,622081,10,622091
5253,622418,26,622444
5254,622523,28,622551
5255,622770,5,622775
5256,623041,4,623045
5257,623079,39,623118
5258,623203,38,623241
5259,623525,25,623550
5260,623725,15,623740
5261,623961,60,624021
5262,624107,19,624126
5263,624162,6,624168
5264,624218,12,624230
5265,624245,13,624258
5266,624704,2,624706
5267,624738,21,624759
5268,624860,11,624871
5269,625003,1,625004
5270,625114,36,625150
5271,625238,30,625268
5272,625335,5,625340
5273,625359,22,625381
5274,625484,7,625491
5275,625599,14,625613
5276,625699,2,625701
5277,625871,3,625874
5278,625887,1,625888
5279,626201,4,626205
5280,626452,13,626465
5281,626588,30,626618
5282,627199,11,627210
5283,627257,42,627299
5284,627504,31,627535
5285,627600,2,627602
5286,627900,71,627971
5287,628195,47,628242
5288,628383,1,628384
5289,628546,5,628551
5290,628578,29,628607
5291,628809,13,628822
5292,628877,51,628928
5293,628952,17,628969
5294,629093,55,629148
5295,629297,21,629318
5296,629336,14,629350
5297,629396,23,629419
5298,629458,20,629478
5299,629662,1,629663
5300,629957,18,629975
5301,630010,57,630067
5302,630179,48,630227
5303,630425,5,630430
5304,630582,36,630618
5305,630692,5,630697
5306,630769,46,630815
5307,630827,5,630832
5308,630888,20,630908
5309,631060,1,631061
5310,631088,19,631107
5311,631159,13,631172
5312,631263,6,631269
5313,631407,1,631408
5314,631434,50,631484
5315,631495,55,631550
5316,631642,6,631648
5317,631962,4,631966
5318,632077,4,632081
5319,632241,1,632242
5320,632511,4,632515
5321,632576,1,632577
5322,632681,24,632705
5323,632955,4,632959
5324,632994,6,633000
5325,633015,22,633037
5326,633137,1,633138
5327,633158,26,633184
5328,633292,57,633349
5329,633403,33,633436
5330,633619,26,633645
5331,633802,39,633841
5332,633976,7,633983
5333,634024,11,634035
5334,634064,21,634085
5335,634256,3,634259
5336,634260,33,634293
5337,634348,7,634355
5338,634382,55,634437
5339,634456,14,634470
5340,634483,26,634509
5341,634590,16,634606
5342,634722,14,634736
5343,634743,23,634766
5344,634841,16,634857
5345,634977,63,635040
5346,635067,19,635086
5347,635119,6,635125
5348,635169,4,635173
5349,635231,1,635232
5350,635487,5,635492
5351,635561,11,635572
5352,635577,23,635600
5353,635704,6,635710
5354,635747,14,635761
5355,635808,5,635813
5356,635856,39,635895
5357,635912,30,635942
5358,635959,8,635967
5359,636069,6,636075
5360,636346,4,636350
5361,636388,36,636424
5362,636428,8,636436
5363,636448,28,636476
5364,636536,19,636555
5365,636678,36,636714
5366,636739,7,636746
5367,636859,20,636879
5368,636963,49,637012
5369,637234,1,637235
5370,637378,29,637407
5371,637416,10,637426
5372,637830,38,637868
5373,637981,17,637998
5374,638002,13,638015
5375,638059,3,638062
5376,638158,9,638167
5377,638271,63,638334
5378,638385,41,638426
5379,638510,11,638521
5380,638590,19,638609
5381,638651,17,638668
5382,638850,8,638858
5383,638915,25,638940
5384,638956,13,638969
5385,639006,31,639037
5386,639054,28,639082
5387,639107,28,639135
5388,639224,8,639232
5389,639363,23,639386
5390,639428,17,639445
5391,639500,27,639527
5392,639528,21,639549
5393,639560,38,639598
5394,639662,1,639663
5395,639677,44,639721
5396,639745,24,639769
5397,639785,36,639821
5398,639938,51,639989
5399,640045,4,640049
5400,640104,27,640131
5401,640333,18,640351
5402,640458,10,640468
5403,640484,51,640535
5404,640859,76,640935
5405,640965,6,640971
5406,641097,7,641104
5407,641106,9,641115
5408,641126,6,641132
5409,641156,17,641173
5410,641201,11,641212
5411,641231,1,641232
5412,641513,24,641537
5413,641555,2,641557
5414,641610,26,641636
5415,641652,6,641658
5416,641694,27,641721
5417,641744,8,641752
5418,641908,3,641911
5419,641931,6,641937
5420,641976,7,641983
5421,642062,50,642112
5422,642113,3,642116
5423,642118,14,642132
5424,642147,34,642181
5425,642290,4,642294
5426,642405,5,642410
5427,642976,13,642989
5428,643033,9,643042
5429,643209,6,643215
5430,643298,8,643306
5431,643412,8,643420
5432,643533,16,643549
5433,643595,15,643610
5434,643646,26,643672
5435,643870,6,643876
5436,644128,19,644147
5437,644176,15,644191
5438,644214,56,644270
5439,644346,8,644354
5440,644428,40,644468
5441,644574,11,644585
5442,644972,99,645071
5443,645237,1,645238
5444,645300,6,645306
5445,645361,7,645368
5446,645503,16,645519
5447,645539,32,645571
5448,645726,35,645761
5449,646077,14,646091
5450,646229,3,646232
5451,646457,4,646461
5452,646496,5,646501
5453,646681,31,646712
5454,646883,4,646887
5455,647126,19,647145
5456,647208,42,647250
5457,647263,14,647277
5458,647307,1,647308
5459,647350,4,647354
5460,647528,59,647587
5461,647602,16,647618
5462,647784,7,647791
5463,648004,67,648071
5464,648085,11,648096
5465,648368,30,648398
5466,648533,36,648569
5467,648586,3,648589
5468,648759,1,648760
5469,648843,4,648847
5470,649032,10,649042
5471,649099,4,649103
5472,649456,84,649540
5473,649601,53,649654
5474,649753,5,649758
5475,649825,9,649834
5476,649932,33,649965
5477,650124,12,650136
5478,650649,18,650667
5479,650757,29,650786
5480,650824,38,650862
5481,650870,14,650884
5482,651268,14,651282
5483,651378,5,651383
5484,651478,18,651496
5485,651639,21,651660
5486,651908,14,651922
5487,651954,2,651956
5488,651974,13,651987
5489,652052,27,652079
5490,652408,21,652429
5491,652792,52,652844
5492,652953,11,652964
5493,653393,36,653429
5494,653465,12,653477
5495,653618,15,653633
5496,653645,26,653671
5497,654292,18,654310
5498,654342,6,654348
5499,654367,38,654405
5500,654573,4,654577
5501,654612,5,654617
5502,654643,29,654672
5503,654710,29,654739
5504,654753,23,654776
5505,655118,38,655156
5506,655331,22,655353
5507,655385,73,655458
5508,655644,3,655647
5509,655964,11,655975
5510,656155,39,656194
5511,656210,21,656231
5512,656618,66,656684
5513,656846,19,656865
5514,656990,16,657006
5515,657021,15,657036
5516,657228,9,657237
5517,657460,11,657471
5518,657673,26,657699
5519,657721,12,657733
5520,657806,28,657834
5521,657835,5,657840
5522,657963,41,658004
5523,658012,44,658056
5524,658077,57,658134
5525,658171,3,658174
5526,658714,25,658739
5527,658811,25,658836
5528,658978,9,658987
5529,659030,3,659033
5530,659193,4,659197
5531,659206,15,659221
5532,659335,35,659370
5533,659571,23,659594
5534,659625,35,659660
5535,659673,17,659690
5536,659765,49,659814
5537,659883,6,659889
5538,659922,12,659934
5539,659947,33,659980
5540,660063,10,660073
5541,660152,68,660220
5542,660222,11,660233
5543,660426,1,660427
5544,660511,6,660517
5545,660606,20,660626
5546,660698,19,660717
5547,660763,14,660777
5548,660792,13,660805
5549,660949,1,660950
5550,661050,10,661060
5551,661255,3,661258
5552,661266,9,661275
5553,661391,20,661411
5554,661444,13,661457
5555,661467,23,661490
5556,661526,15,661541
5557,661586,1,661587
5558,661628,62,661690
5559,661779,29,661808
5560,661830,24,661854
5561,662011,31,662042
5562,662064,8,662072
5563,662108,2,662110
5564,662277,29,662306
5565,662373,15,662388
5566,662415,29,662444
5567,662513,1,662514
5568,662827,9,662836
5569,663097,10,663107
5570,663256,3,663259
5571,663270,17,663287
5572,663401,38,663439
5573,663468,4,663472
5574,664020,62,664082
5575,664231,46,664277
5576,664610,18,664628
5577,664742,1,664743
5578,664793,11,664804
5579,664911,5,664916
5580,664962,47,665009
5581,665115,30,665145
5582,665357,20,665377
5583,665423,42,665465
5584,665470,25,665495
5585,665509,4,665513
5586,665517,20,665537
5587,665566,79,665645
5588,665778,14,665792
5589,665928,9,665937
5590,666149,12,666161
5591,666191,66,666257
5592,666316,26,666342
5593,666371,11,666382
5594,666396,6,666402
5595,666475,59,666534
5596,666725,9,666734
5597,666869,4,666873
5598,666936,31,666967
5599,667126,16,667142
5600,667154,8,667162
5601,667164,15,667179
5602,667307,9,667316
5603,667498,6,667504
5604,667527,13,667540
5605,667624,58,667682
5606,667741,28,667769
5607,667812,30,667842
5608,667914,5,667919
5609,668046,21,668067
5610,668163,63,668226
5611,668231,2,668233
5612,668287,5,668292
5613,668648,28,668676
5614,668739,5,668744
5615,668759,5,668764
5616,668777,19,668796
5617,668889,5,668894
5618,668992,17,669009
5619,669337,19,669356
5620,669400,17,669417
5621,669485,1,669486
5622,669614,14,669628
5623,669843,23,669866
5624,670167,84,670251
5625,670365,13,670378
5626,670416,25,670441
5627,670559,12,670571
5628,670652,25,670677
5629,670772,1,670773
5630,670778,86,670864
5631,670946,20,670966
5632,671119,17,671136
5633,671177,35,671212
5634,671362,33,671395
5635,671420,10,671430
5636,671459,2,671461
5637,671523,12,671535
5638,671549,32,671581
5639,671605,9,671614
5640,671737,9,671746
5641,671783,11,671794
5642,671883,17,671900
5643,672036,1,672037
5644,672115,34,672149
5645,672399,8,672407
5646,672800,22,672822
5647,672856,12,672868
5648,673067,27,673094
5649,673114,10,673124
5650,673150,30,673180
5651,673250,3,673253
5652,673348,56,673404
5653,673546,37,673583
5654,673703,9,673712
5655,673713,20,673733
5656,673754,29,673783
5657,673787,6,673793
5658,673961,6,673967
5659,674038,18,674056
5660,674122,34,674156
5661,674395,50,674445
5662,674559,1,674560
5663,674869,6,674875
5664,674922,38,674960
5665,675036,43,675079
5666,675414,88,675502
5667,675548,26,675574
5668,675630,16,675646
5669,675674,3,675677
5670,675730,1,675731
5671,675879,39,675918
5672,676003,7,676010
5673,676125,62,676187
5674,676328,3,676331
5675,676482,3,676485
5676,676504,16,676520
5677,676581,7,676588
5678,676674,32,676706
5679,676810,11,676821
5680,676864,3,676867
5681,676882,13,676895
5682,676921,22,676943
5683,677063,3,677066
5684,677140,18,677158
5685,677176,7,677183
5686,677206,15,677221
5687,677271,2,677273
5688,677354,1,677355
5689,677435,22,677457
5690,677511,4,677515
5691,677585,3,677588
5692,677740,46,677786
5693,677929,14,677943
5694,678107,10,678117
5695,678218,34,678252
5696,678318,26,678344
5697,678349,30,678379
5698,678417,9,678426
5699,678458,13,678471
5700,678495,13,678508
5701,678592,11,678603
5702,678773,6,678779
5703,678826,6,678832
5704,678943,3,678946
5705,679165,11,679176
5706,679405,14,679419
5707,679440,4,679444
5708,679763,23,679786
5709,679802,13,679815
5710,679879,11,679890
5711,679920,7,679927
5712,679929,43,679972
5713,679981,7,679988
5714,680237,4,680241
5715,680252,19,680271
5716,680326,4,680330
5717,680474,12,680486
5718,680592,9,680601
5719,680681,9,680690
5720,680725,6,680731
5721,680780,18,680798
5722,680876,17,680893
5723,680918,4,680922
5724,681086,16,681102
5725,681207,35,681242
5726,681443,30,681473
5727,681694,3,681697
5728,681698,33,681731
5729,681839,2,681841
5730,681905,20,681925
5731,682025,11,682036
5732,682306,18,682324
5733,682454,21,682475
5734,682557,1,682558
5735,682624,14,682638
5736,682806,21,682827
5737,682865,2,682867
5738,682884,3,682887
5739,683027,7,683034
5740,683043,11,683054
5741,683388,27,683415
5742,683549,7,683556
5743,683577,20,683597
5744,683598,1,683599
5745,683825,3,683828
5746,683837,17,683854
5747,683978,23,684001
5748,684011,4,684015
5749,684077,34,684111
5750,684268,17,684285
5751,684545,20,684565
5752,684645,29,684674
5753,684784,5,684789
5754,684924,9,684933
5755,684983,36,685019
5756,685079,12,685091
5757,685184,5,685189
5758,685426,19,685445
5759,685493,17,685510
5760,686103,26,686129
5761,686233,9,686242
5762,686266,2,686268
5763,686270,10,686280
5764,686855,43,686898
5765,686980,6,686986
5766,687035,61,687096
5767,687137,11,687148
5768,687175,27,687202
5769,687246,63,687309
5770,687544,2,687546
5771,687601,16,687617
5772,687657,13,687670
5773,687726,16,687742
5774,687818,9,687827
5775,687957,10,687967
5776,687973,9,687982
5777,687996,59,688055
5778,688263,3,688266
5779,688327,19,688346
5780,688414,9,688423
5781,688566,19,688585
5782,688598,26,688624
5783,688755,37,688792
5784,688976,15,688991
5785,689050,77,689127
5786,689179,7,689186
5787,689206,43,689249
5788,689290,1,689291
5789,689332,13,689345
5790,689771,8,689779
5791,689824,12,689836
5792,689954,2,689956
5793,689957,26,689983
5794,690047,37,690084
5795,690107,3,690110
5796,690151,16,690167
5797,690458,3,690461
5798,690578,20,690598
5799,690673,45,690718
5800,690825,17,690842
5801,690921,9,690930
5802,690933,30,690963
5803,690966,16,690982
5804,691419,20,691439
5805,691540,5,691545
5806,691548,1,691549
5807,691580,2,691582
5808,691876,15,691891
5809,691941,7,691948
5810,692152,20,692172
5811,692231,14,692245
5812,692372,15,692387
5813,692604,9,692613
5814,692625,8,692633
5815,692702,3,692705
5816,692914,44,692958
5817,692998,31,693029
5818,693032,6,693038
5819,693186,1,693187
5820,693264,1,693265
5821,693270,13,693283
5822,693363,47,693410
5823,693464,5,693469
5824,693638,35,693673
5825,693874,10,693884
5826,693932,19,693951
5827,693982,10,693992
5828,694087,14,694101
5829,694222,30,694252
5830,694309,17,694326
5831,694473,33,694506
5832,694587,3,694590
5833,694612,21,694633
5834,694868,3,694871
5835,694929,12,694941
5836,695100,71,695171
5837,695347,49,695396
5838,695407,23,695430
5839,695492,11,695503
5840,695551,2,695553
5841,695556,5,695561
5842,695570,3,695573
5843,695886,5,695891
5844,695999,20,696019
5845,696139,29,696168
5846,696193,39,696232
5847,696244,8,696252
5848,696324,19,696343
5849,696355,54,696409
5850,696530,6,696536
5851,696564,25,696589
5852,696747,93,696840
5853,696894,16,696910
5854,697032,1,697033
5855,697039,3,697042
5856,697072,7,697079
5857,697098,36,697134
5858,697139,15,697154
5859,697300,49,697349
5860,697457,33,697490
5861,697578,3,697581
5862,697603,32,697635
5863,698006,9,698015
5864,698054,9,698063
5865,698122,20,698142
5866,698319,14,698333
5867,698392,3,698395
5868,698443,52,698495
5869,698705,39,698744
5870,698914,39,698953
5871,698976,4,698980
5872,699219,4,699223
5873,699287,12,699299
5874,699541,21,699562
5875,699632,25,699657
5876,699777,22,699799
5877,699911,4,699915
5878,699919,66,699985
5879,700061,24,700085
5880,700282,9,700291
5881,700443,15,700458
5882,700467,5,700472
5883,700593,4,700597
5884,700608,2,700610
5885,700634,12,700646
5886,700714,9,700723
5887,700857,10,700867
5888,701002,27,701029
5889,701050,45,701095
5890,701105,30,701135
5891,701229,6,701235
5892,701283,3,701286
5893,701609,18,701627
5894,701635,11,701646
5895,701809,2,701811
5896,702391,2,702393
5897,702556,23,702579
5898,702648,49,702697
5899,702741,11,702752
5900,702765,12,702777
5901,702854,62,702916
5902,702937,22,702959
5903,703101,13,703114
5904,703142,55,703197
5905,703274,50,703324
5906,703407,29,703436
5907,703497,10,703507
5908,703610,3,703613
5909,703777,5,703782
5910,703846,5,703851
5911,703884,15,703899
5912,704032,3,704035
5913,704184,55,704239
5914,704277,44,704321
5915,704387,15,704402
5916,704503,19,704522
5917,704561,45,704606
5918,704608,6,704614
5919,704725,32,704757
5920,704875,25,704900
5921,704958,5,704963
5922,704999,65,705064
5923,705144,34,705178
5924,705582,15,705597
5925,705620,77,705697
5926,705755,13,705768
5927,706006,17,706023
5928,706172,10,706182
5929,706271,37,706308
5930,706393,86,706479
5931,706599,32,706631
5932,706674,1,706675
5933,706771,1,706772
5934,706864,1,706865
5935,706959,11,706970
5936,707226,35,707261
5937,707335,10,707345
5938,707466,56,707522
5939,707625,33,707658
5940,707757,22,707779
5941,707815,16,707831
5942,707866,12,707878
5943,707882,6,707888
5944,707947,54,708001
5945,708055,3,708058
5946,708186,7,708193
5947,708207,2,708209
5948,708250,18,708268
5949,708271,13,708284
5950,708341,2,708343
5951,708354,3,708357
5952,708545,5,708550
5953,708573,44,708617
5954,708748,29,708777
5955,708846,66,708912
5956,709065,59,709124
5957,709154,55,709209
5958,709512,27,709539
5959,709669,4,709673
5960,709695,11,709706
5961,709875,14,709889
5962,709975,8,709983
5963,710162,28,710190
5964,710260,36,710296
5965,710445,11,710456
5966,710508,2,710510
5967,710535,33,710568
5968,710666,13,710679
5969,710717,5,710722
5970,710805,6,710811
5971,710858,8,710866
5972,711216,6,711222
5973,711299,26,711325
5974,711359,6,711365
5975,711523,17,711540
5976,711545,9,711554
5977,711760,3,711763
5978,711833,2,711835
5979,711904,2,711906
5980,712397,48,712445
5981,712790,13,712803
5982,712836,1,712837
5983,712841,3,712844
5984,712873,37,712910
5985,712957,4,712961
5986,713024,14,713038
5987,713120,1,713121
5988,713379,25,713404
5989,713442,16,713458
5990,713693,22,713715
5991,713860,25,713885
5992,713903,9,713912
5993,714021,35,714056
5994,714082,15,714097
5995,714200,9,714209
5996,714281,7,714288
5997,714308,16,714324
5998,714368,29,714397
5999,714450,17,714467
6000,714500,13,714513
6001,714540,7,714547
6002,714732,7,714739
6003,715076,15,715091
6004,715112,41,715153
6005,715178,11,715189
6006,715374,6,715380
6007,715389,27,715416
6008,715446,13,715459
6009,715639,14,715653
6010,715758,19,715777
6011,715847,23,715870
6012,716092,97,716189
6013,716465,10,716475
6014,716515,11,716526
6015,716568,25,716593
6016,716736,21,716757
6017,716812,60,716872
6018,716931,29,716960
6019,716972,7,716979
6020,717020,1,717021
6021,717038,6,717044
6022,717061,10,717071
6023,717183,8,717191
6024,717209,57,717266
6025,717329,19,717348
6026,717351,4,717355
6027,717439,16,717455
6028,717487,20,717507
6029,717617,11,717628
6030,717708,45,717753
6031,718048,13,718061
6032,718205,3,718208
6033,718450,13,718463
6034,718496,8,718504
6035,718573,21,718594
6036,718868,25,718893
6037,719053,8,719061
6038,719077,59,719136
6039,719245,123,719368
6040,719407,10,719417
6041,719728,7,719735
6042,719999,31,720030
6043,720204,14,720218
6044,720227,5,720232
6045,720288,33,720321
6046,720339,13,720352
6047,720379,46,720425
6048,720527,78,720605
6049,720863,2,720865
6050,721005,6,721011
6051,721029,19,721048
6052,721069,9,721078
6053,721116,5,721121
6054,721124,15,721139
6055,721219,58,721277
6056,721427,61,721488
6057,721549,23,721572
6058,721712,26,721738
6059,721741,20,721761
6060,721805,14,721819
6061,721862,3,721865
6062,722100,17,722117
6063,722158,4,722162
6064,722242,10,722252
6065,722338,16,722354
6066,722476,24,722500
6067,722532,4,722536
6068,722602,21,722623
6069,722842,1,722843
6070,722991,8,722999
6071,723203,82,723285
6072,723313,11,723324
6073,723389,6,723395
6074,723407,39,723446
6075,723798,27,723825
6076,723859,17,723876
6077,723940,18,723958
6078,724129,16,724145
6079,724255,4,724259
6080,724377,14,724391
6081,724396,4,724400
6082,724447,5,724452
6083,724547,37,724584
6084,724588,26,724614
6085,724615,3,724618
6086,724630,38,724668
6087,724699,15,724714
6088,724763,11,724774
6089,724852,22,724874
6090,724880,45,724925
6091,724945,40,724985
6092,725006,24,725030
6093,725147,22,725169
6094,725172,7,725179
6095,725375,12,725387
6096,725565,3,725568
6097,725569,30,725599
6098,725628,52,725680
6099,725686,11,725697
6100,725805,27,725832
6101,725843,2,725845
6102,725919,1,725920
6103,726020,1,726021
6104,726056,4,726060
6105,726082,31,726113
6106,726198,37,726235
6107,726256,2,726258
6108,726272,2,726274
6109,726363,23,726386
6110,726532,51,726583
6111,726674,1,726675
6112,726763,34,726797
6113,726831,13,726844
6114,726846,12,726858
6115,726931,15,726946
6116,726974,12,726986
6117,727289,17,727306
6118,727434,6,727440
6119,727542,62,727604
6120,727913,6,727919
6121,727946,12,727958
6122,727977,10,727987
6123,728069,33,728102
6124,728178,41,728219
6125,728255,20,728275
6126,728449,58,728507
6127,728567,13,728580
6128,728594,8,728602
6129,728669,23,728692
6130,728716,10,728726
6131,728732,12,728744
6132,728812,2,728814
6133,728874,9,728883
6134,728917,19,728936
6135,729049,32,729081
6136,729212,18,729230
6137,729276,4,729280
6138,729301,28,729329
6139,729477,29,729506
6140,729593,18,729611
6141,729648,8,729656
6142,729778,31,729809
6143,730075,1,730076
6144,730091,12,730103
6145,730188,3,730191
6146,730193,63,730256
6147,730293,21,730314
6148,730377,7,730384
6149,730397,3,730400
6150,730419,2,730421
6151,730478,9,730487
6152,730506,10,730516
6153,730521,19,730540
6154,730571,21,730592
6155,730895,4,730899
6156,731037,11,731048
6157,731219,4,731223
6158,731227,8,731235
6159,731239,36,731275
6160,731311,9,731320
6161,731478,15,731493
6162,731551,48,731599
6163,731631,5,731636
6164,731664,37,731701
6165,731772,80,731852
6166,731973,21,731994
6167,732043,35,732078
6168,732105,38,732143
6169,732197,3,732200
6170,732282,6,732288
6171,732333,8,732341
6172,732469,11,732480
6173,732493,18,732511
6174,732614,10,732624
6175,732757,3,732760
6176,732894,10,732904
6177,732947,21,732968
6178,733026,8,733034
6179,733099,17,733116
6180,733194,1,733195
6181,733197,20,733217
6182,733336,115,733451
6183,733495,27,733522
6184,733547,22,733569
6185,733570,2,733572
6186,733688,25,733713
6187,733938,15,733953
6188,733993,3,733996
6189,733999,28,734027
6190,734138,4,734142
6191,734233,29,734262
6192,734412,41,734453
6193,734712,9,734721
6194,734804,3,734807
6195,734866,4,734870
6196,734922,11,734933
6197,734940,24,734964
6198,735123,14,735137
6199,735364,6,735370
6200,735755,26,735781
6201,735797,32,735829
6202,735837,32,735869
6203,735885,1,735886
6204,735916,23,735939
6205,736298,42,736340
6206,736418,19,736437
6207,736489,7,736496
6208,736561,20,736581
6209,736727,16,736743
6210,737131,3,737134
6211,737359,51,737410
6212,737487,28,737515
6213,737648,1,737649
6214,737751,5,737756
6215,737952,10,737962
6216,737980,23,738003
6217,738221,50,738271
6218,738281,25,738306
6219,738327,3,738330
6220,738361,34,738395
6221,738539,5,738544
6222,738576,21,738597
6223,738791,5,738796
6224,738823,41,738864
6225,738952,25,738977
6226,739025,16,739041
6227,739061,22,739083
6228,739313,11,739324
6229,739355,14,739369
6230,739439,5,739444
6231,739515,9,739524
6232,739725,58,739783
6233,739982,28,740010
6234,740096,13,740109
6235,740149,2,740151
6236,740227,88,740315
6237,740327,12,740339
6238,740376,6,740382
6239,740800,8,740808
6240,740843,6,740849
6241,740975,12,740987
6242,741113,11,741124
6243,741171,50,741221
6244,741263,6,741269
6245,741312,89,741401
6246,741532,11,741543
6247,741572,53,741625
6248,741713,50,741763
6249,741902,7,741909
6250,741985,70,742055
6251,742074,29,742103
6252,742203,22,742225
6253,742274,1,742275
6254,742342,8,742350
6255,742363,2,742365
6256,742366,9,742375
6257,742387,29,742416
6258,742482,7,742489
6259,742606,26,742632
6260,742826,21,742847
6261,743059,66,743125
6262,743214,41,743255
6263,743264,32,743296
6264,743379,20,743399
6265,743538,48,743586
6266,743626,11,743637
6267,743701,17,743718
6268,743987,23,744010
6269,744013,39,744052
6270,744112,7,744119
6271,744197,5,744202
6272,744357,27,744384
6273,744434,4,744438
6274,744512,8,744520
6275,744542,6,744548
6276,744681,38,744719
6277,744750,18,744768
6278,744878,11,744889
6279,744911,34,744945
6280,744993,37,745030
6281,745127,18,745145
6282,745175,1,745176
6283,745204,11,745215
6284,745353,25,745378
6285,745420,10,745430
6286,745454,7,745461
6287,745468,6,745474
6288,745508,14,745522
6289,745600,6,745606
6290,745630,4,745634
6291,745712,49,745761
6292,746101,10,746111
6293,746218,2,746220
6294,746252,15,746267
6295,746294,115,746409
6296,746684,14,746698
6297,747127,2,747129
6298,747178,41,747219
6299,747455,7,747462
6300,747475,6,747481
6301,747493,4,747497
6302,747562,10,747572
6303,747582,26,747608
6304,747736,18,747754
6305,747786,10,747796
6306,748059,13,748072
6307,748129,17,748146
6308,748170,18,748188
6309,748287,9,748296
6310,748628,47,748675
6311,748814,24,748838
6312,748884,12,748896
6313,748934,6,748940
6314,749119,9,749128
6315,749144,39,749183
6316,749225,11,749236
6317,749267,8,749275
6318,749482,36,749518
6319,749662,26,749688
6320,749776,44,749820
6321,749840,102,749942
6322,750057,28,750085
6323,750134,3,750137
6324,750301,8,750309
6325,750433,33,750466
6326,750616,18,750634
6327,750662,23,750685
6328,750785,18,750803
6329,750912,19,750931
6330,751008,20,751028
6331,751065,4,751069
6332,751138,4,751142
6333,751147,4,751151
6334,751271,20,751291
6335,751649,28,751677
6336,751716,15,751731
6337,751755,14,751769
6338,751817,5,751822
6339,752092,1,752093
6340,752101,21,752122
6341,752538,25,752563
6342,752646,17,752663
6343,752867,66,752933
6344,753004,11,753015
6345,753075,90,753165
6346,753294,10,753304
6347,753339,12,753351
6348,753693,2,753695
6349,753745,11,753756
6350,753815,16,753831
6351,753912,11,753923
6352,754137,31,754168
6353,754326,34,754360
6354,754429,7,754436
6355,754551,7,754558
6356,754563,8,754571
6357,754769,45,754814
6358,754868,31,754899
6359,754918,5,754923
6360,755170,22,755192
6361,755244,12,755256
6362,755341,49,755390
6363,755793,9,755802
6364,756167,46,756213
6365,756276,14,756290
6366,756465,3,756468
6367,756607,22,756629
6368,756666,6,756672
6369,756695,8,756703
6370,756849,3,756852
6371,757022,5,757027
6372,757165,4,757169
6373,757185,2,757187
6374,757233,5,757238
6375,757415,34,757449
6376,757533,14,757547
6377,757713,31,757744
6378,757957,40,757997
6379,758171,23,758194
6380,758242,17,758259
6381,758295,52,758347
6382,758374,35,758409
6383,758429,13,758442
6384,758443,15,758458
6385,758633,37,758670
6386,758821,45,758866
6387,758878,13,758891
6388,758981,78,759059
6389,759063,14,759077
6390,759361,2,759363
6391,759457,41,759498
6392,759507,14,759521
6393,759538,4,759542
6394,759687,21,759708
6395,759731,2,759733
6396,759739,13,759752
6397,759981,31,760012
6398,760047,17,760064
6399,760183,1,760184
6400,760209,23,760232
6401,760329,66,760395
6402,761014,5,761019
6403,761092,2,761094
6404,761215,16,761231
6405,761322,108,761430
6406,761459,21,761480
6407,761529,2,761531
6408,761580,3,761583
6409,761739,13,761752
6410,761864,6,761870
6411,761994,17,762011
6412,762222,9,762231
6413,762372,15,762387
6414,762482,2,762484
6415,762496,13,762509
6416,762674,2,762676
6417,762686,3,762689
6418,762739,39,762778
6419,763040,13,763053
6420,763609,4,763613
6421,763801,5,763806
6422,763895,30,763925
6423,764128,2,764130
6424,764210,6,764216
6425,764490,31,764521
6426,764639,7,764646
6427,764725,31,764756
6428,764922,57,764979
6429,765003,4,765007
6430,765071,34,765105
6431,765123,22,765145
6432,765168,25,765193
6433,765215,28,765243
6434,765273,40,765313
6435,765444,18,765462
6436,765563,14,765577
6437,765590,29,765619
6438,765724,22,765746
6439,765887,30,765917
6440,765918,10,765928
6441,765998,25,766023
6442,766060,39,766099
6443,766221,5,766226
6444,766318,5,766323
6445,766425,78,766503
6446,766528,6,766534
6447,766652,34,766686
6448,766897,2,766899
6449,766945,11,766956
6450,767010,23,767033
6451,767073,9,767082
6452,767265,8,767273
6453,767276,13,767289
6454,767308,2,767310
6455,767580,41,767621
6456,767686,12,767698
6457,767813,35,767848
6458,767942,4,767946
6459,768013,3,768016
6460,768044,18,768062
6461,768076,12,768088
6462,768138,42,768180
6463,768198,2,768200
6464,768301,4,768305
6465,768522,5,768527
6466,768710,10,768720
6467,768742,99,768841
6468,768865,74,768939
6469,769025,1,769026
6470,769038,5,769043
6471,769192,34,769226
6472,769270,5,769275
6473,769415,11,769426
6474,769442,16,769458
6475,769531,10,769541
6476,769543,24,769567
6477,769615,5,769620
6478,769674,24,769698
6479,769785,6,769791
6480,769844,29,769873
6481,770034,14,770048
6482,770116,19,770135
6483,770216,7,770223
6484,770317,9,770326
6485,770554,10,770564
6486,770924,46,770970
6487,771049,18,771067
6488,771129,31,771160
6489,771175,23,771198
6490,771451,7,771458
6491,771591,37,771628
6492,771671,23,771694
6493,771872,82,771954
6494,772482,54,772536
6495,772582,30,772612
6496,772630,13,772643
6497,772644,9,772653
6498,772660,13,772673
6499,772794,15,772809
6500,772851,1,772852
6501,772880,17,772897
6502,773026,8,773034
6503,773074,15,773089
6504,773091,8,773099
6505,773194,21,773215
6506,773475,28,773503
6507,773528,1,773529
6508,773543,8,773551
6509,773591,3,773594
6510,773668,7,773675
6511,773685,40,773725
6512,773732,26,773758
6513,773777,4,773781
6514,774016,29,774045
6515,774053,11,774064
6516,774142,5,774147
6517,774189,20,774209
6518,774634,1,774635
6519,774676,3,774679
6520,774694,52,774746
6521,774939,4,774943
6522,775088,25,775113
6523,775150,47,775197
6524,775344,36,775380
6525,775575,10,775585
6526,775668,22,775690
6527,775829,51,775880
6528,775933,15,775948
6529,775971,22,775993
6530,776185,33,776218
6531,776255,48,776303
6532,776420,31,776451
6533,776503,11,776514
6534,776566,2,776568
6535,776579,3,776582
6536,776668,83,776751
6537,776929,32,776961
6538,776971,28,776999
6539,777158,2,777160
6540,777634,29,777663
6541,777734,1,777735
6542,777923,50,777973
6543,778411,11,778422
6544,778439,25,778464
6545,778661,8,778669
6546,778742,8,778750
6547,778775,30,778805
6548,778814,3,778817
6549,778818,13,778831
6550,778906,58,778964
6551,779139,12,779151
6552,779298,1,779299
6553,779416,24,779440
6554,779516,32,779548
6555,779565,33,779598
6556,779912,19,779931
6557,780070,3,780073
6558,780085,7,780092
6559,780124,22,780146
6560,780161,18,780179
6561,780202,39,780241
6562,780409,47,780456
6563,780587,14,780601
6564,780692,34,780726
6565,780784,21,780805
6566,780972,6,780978
6567,781042,26,781068
6568,781074,4,781078
6569,781087,7,781094
6570,781096,19,781115
6571,781169,31,781200
6572,781241,6,781247
6573,781309,19,781328
6574,781621,3,781624
6575,781766,22,781788
6576,781806,26,781832
6577,781910,51,781961
6578,782061,5,782066
6579,782345,1,782346
6580,782453,12,782465
6581,782675,19,782694
6582,782697,61,782758
6583,782813,26,782839
6584,782840,2,782842
6585,783017,9,783026
6586,783346,10,783356
6587,783411,10,783421
6588,783857,6,783863
6589,783933,4,783937
6590,783954,6,783960
6591,784063,39,784102
6592,784118,30,784148
6593,784233,2,784235
6594,784373,41,784414
6595,784426,23,784449
6596,784505,45,784550
6597,784664,36,784700
6598,784721,55,784776
6599,784805,7,784812
6600,784840,28,784868
6601,784896,50,784946
6602,785043,12,785055
6603,785113,32,785145
6604,785214,9,785223
6605,785355,5,785360
6606,785381,2,785383
6607,785472,12,785484
6608,785577,31,785608
6609,785792,20,785812
6610,785823,90,785913
6611,785938,10,785948
6612,786047,57,786104
6613,786169,22,786191
6614,786278,11,786289
6615,786292,100,786392
6616,786404,7,786411
6617,786585,14,786599
6618,786635,90,786725
6619,786914,12,786926
6620,786957,70,787027
6621,787171,4,787175
6622,787442,23,787465
6623,787471,14,787485
6624,787534,8,787542
6625,787610,8,787618
6626,787648,16,787664
6627,787690,19,787709
6628,787856,11,787867
6629,787970,43,788013
6630,788094,10,788104
6631,788233,58,788291
6632,788346,13,788359
6633,788377,34,788411
6634,788625,7,788632
6635,788683,27,788710
6636,788743,2,788745
6637,788947,7,788954
6638,788973,24,788997
6639,789056,7,789063
6640,789225,10,789235
6641,789265,17,789282
6642,789416,45,789461
6643,789565,33,789598
6644,789756,83,789839
6645,789899,31,789930
6646,789945,10,789955
6647,790017,15,790032
6648,790051,32,790083
6649,790110,80,790190
6650,790258,8,790266
6651,790343,12,790355
6652,790367,33,790400
6653,790491,8,790499
6654,790548,31,790579
6655,790599,67,790666
6656,790696,4,790700
6657,790723,1,790724
6658,790881,12,790893
6659,790902,17,790919
6660,791012,20,791032
6661,791050,6,791056
6662,791063,4,791067
6663,791076,13,791089
6664,791113,6,791119
6665,791276,16,791292
6666,791338,9,791347
6667,791368,11,791379
6668,791560,46,791606
6669,791708,21,791729
6670,791753,9,791762
6671,791831,15,791846
6672,791973,12,791985
6673,792073,32,792105
6674,792148,13,792161
6675,792510,21,792531
6676,792605,4,792609
6677,792734,15,792749
6678,792782,14,792796
6679,792801,4,792805
6680,792847,6,792853
6681,792938,2,792940
6682,793050,4,793054
6683,793184,30,793214
6684,793332,14,793346
6685,793381,22,793403
6686,793439,1,793440
6687,793552,38,793590
6688,793608,11,793619
6689,793721,8,793729
6690,793733,11,793744
6691,793965,2,793967
6692,794108,38,794146
6693,794364,1,794365
6694,794378,2,794380
6695,794507,5,794512
6696,794728,18,794746
6697,794833,4,794837
6698,795151,20,795171
6699,795288,33,795321
6700,795331,13,795344
6701,795361,7,795368
6702,795408,13,795421
6703,795430,17,795447
6704,795470,10,795480
6705,795566,29,795595
6706,795731,48,795779
6707,795885,1,795886
6708,796102,9,796111
6709,796133,6,796139
6710,796225,30,796255
6711,796505,8,796513
6712,797074,18,797092
6713,797231,49,797280
6714,797375,14,797389
6715,797400,11,797411
6716,797479,11,797490
6717,797521,14,797535
6718,797579,17,797596
6719,797774,1,797775
6720,797833,5,797838
6721,798051,26,798077
6722,798185,15,798200
6723,798396,26,798422
6724,798444,22,798466
6725,798569,8,798577
6726,798626,1,798627
6727,798633,4,798637
6728,798691,1,798692
6729,799136,1,799137
6730,799283,7,799290
6731,799295,35,799330
6732,799403,26,799429
6733,799466,5,799471
6734,799483,4,799487
6735,799556,16,799572
6736,799599,16,799615
6737,800156,2,800158
6738,800219,3,800222
6739,800415,9,800424
6740,800565,1,800566
6741,800621,2,800623
6742,800878,2,800880
6743,800902,25,800927
6744,800948,4,800952
6745,801194,20,801214
6746,801488,23,801511
6747,801535,28,801563
6748,801579,20,801599
6749,801747,102,801849
6750,801880,2,801882
6751,801912,54,801966
6752,802067,4,802071
6753,802072,10,802082
6754,802110,7,802117
6755,802144,45,802189
6756,802199,10,802209
6757,802394,3,802397
6758,802423,11,802434
6759,802539,5,802544
6760,802728,20,802748
6761,802900,23,802923
6762,803090,50,803140
6763,803256,33,803289
6764,803443,12,803455
6765,803659,23,803682
6766,803808,6,803814
6767,803834,34,803868
6768,804082,6,804088
6769,804102,7,804109
6770,804118,38,804156
6771,804189,9,804198
6772,804226,40,804266
6773,804295,20,804315
6774,804688,32,804720
6775,804807,12,804819
6776,805011,48,805059
6777,805120,2,805122
6778,805189,10,805199
6779,805236,25,805261
6780,805332,2,805334
6781,805429,36,805465
6782,805607,27,805634
6783,805809,24,805833
6784,806332,24,806356
6785,806371,1,806372
6786,806657,12,806669
6787,806732,19,806751
6788,806761,4,806765
6789,806941,15,806956
6790,807282,3,807285
6791,807317,23,807340
6792,807383,14,807397
6793,807462,10,807472
6794,807613,24,807637
6795,807755,10,807765
6796,807842,70,807912
6797,808084,20,808104
6798,808191,26,808217
6799,808284,33,808317
6800,808343,23,808366
6801,808368,1,808369
6802,808377,22,808399
6803,808452,35,808487
6804,808558,13,808571
6805,808637,12,808649
6806,808697,58,808755
6807,808900,5,808905
6808,809007,13,809020
6809,809367,49,809416
6810,809483,9,809492
6811,809546,8,809554
6812,809594,7,809601
6813,809655,91,809746
6814,809830,20,809850
6815,809991,35,810026
6816,810085,42,810127
6817,810259,22,810281
6818,810298,23,810321
6819,810371,19,810390
6820,810422,7,810429
6821,810612,33,810645
6822,810696,17,810713
6823,810786,18,810804
6824,810837,29,810866
6825,811151,35,811186
6826,811189,33,811222
6827,811324,13,811337
6828,811473,7,811480
6829,811534,12,811546
6830,811678,39,811717
6831,811745,7,811752
6832,812074,18,812092
6833,812347,7,812354
6834,812378,55,812433
6835,812494,36,812530
6836,812554,2,812556
6837,812595,26,812621
6838,812654,26,812680
6839,812745,17,812762
6840,813035,15,813050
6841,813076,11,813087
6842,813325,23,813348
6843,813383,24,813407
6844,813487,3,813490
6845,813858,26,813884
6846,814056,5,814061
6847,814345,1,814346
6848,814356,11,814367
6849,814480,18,814498
6850,814543,23,814566
6851,814689,54,814743
6852,814871,25,814896
6853,814908,9,814917
6854,815060,34,815094
6855,815119,38,815157
6856,815277,11,815288
6857,815334,2,815336
6858,815500,40,815540
6859,815735,78,815813
6860,815901,19,815920
6861,816209,4,816213
6862,816308,15,816323
6863,816331,2,816333
6864,816462,14,816476
6865,816496,9,816505
6866,816649,1,816650
6867,816736,18,816754
6868,816949,5,816954
6869,816990,3,816993
6870,817298,21,817319
6871,817387,44,817431
6872,817514,16,817530
6873,818005,29,818034
6874,818103,3,818106
6875,818259,32,818291
6876,818320,7,818327
6877,818459,49,818508
6878,818700,32,818732
6879,818742,1,818743
6880,818960,14,818974
6881,819088,7,819095
6882,819223,29,819252
6883,819312,5,819317
6884,819393,8,819401
6885,819792,26,819818
6886,819820,16,819836
6887,819892,50,819942
6888,819946,35,819981
6889,819987,9,819996
6890,819997,15,820012
6891,820121,6,820127
6892,820198,43,820241
6893,820278,1,820279
6894,820426,14,820440
6895,820556,20,820576
6896,820635,34,820669
6897,820728,2,820730
6898,820826,20,820846
6899,820887,76,820963
6900,821068,59,821127
6901,821210,9,821219
6902,821223,32,821255
6903,821317,3,821320
6904,821437,65,821502
6905,821511,28,821539
6906,821579,27,821606
6907,821622,18,821640
6908,821786,13,821799
6909,821815,36,821851
6910,821872,11,821883
6911,822100,1,822101
6912,822129,1,822130
6913,822339,28,822367
6914,822419,16,822435
6915,822491,1,822492
6916,822527,11,822538
6917,822583,8,822591
6918,822601,28,822629
6919,822659,31,822690
6920,822907,7,822914
6921,822934,25,822959
6922,823106,4,823110
6923,823128,37,823165
6924,823168,6,823174
6925,823242,2,823244
6926,823396,7,823403
6927,823421,8,823429
6928,823588,25,823613
6929,823744,4,823748
6930,823895,1,823896
6931,823958,3,823961
6932,824143,24,824167
6933,824182,10,824192
6934,824265,20,824285
6935,824304,30,824334
6936,824735,34,824769
6937,824776,17,824793
6938,824845,21,824866
6939,824968,16,824984
6940,824995,1,824996
6941,825006,30,825036
6942,825090,12,825102
6943,825185,2,825187
6944,825387,1,825388
6945,825649,1,825650
6946,825653,9,825662
6947,825795,7,825802
6948,825880,15,825895
6949,826151,17,826168
6950,826324,16,826340
6951,826531,18,826549
6952,826573,4,826577
6953,826742,61,826803
6954,826833,2,826835
6955,826900,13,826913
6956,826945,10,826955
6957,827050,38,827088
6958,827174,12,827186
6959,827271,7,827278
6960,827338,11,827349
6961,827402,9,827411
6962,827687,48,827735
6963,827790,1,827791
6964,827859,6,827865
6965,827887,4,827891
6966,828064,19,828083
6967,828113,35,828148
6968,828171,26,828197
6969,828326,7,828333
6970,828351,30,828381
6971,828427,24,828451
6972,828510,32,828542
6973,828678,77,828755
6974,828798,13,828811
6975,828830,21,828851
6976,829028,7,829035
6977,829228,3,829231
6978,829387,9,829396
6979,829439,3,829442
6980,829445,10,829455
6981,829813,8,829821
6982,830203,41,830244
6983,830402,16,830418
6984,830497,11,830508
6985,830540,11,830551
6986,830622,22,830644
6987,830729,44,830773
6988,830789,9,830798
6989,830799,4,830803
6990,830832,29,830861
6991,830879,20,830899
6992,831100,22,831122
6993,831375,4,831379
6994,831392,41,831433
6995,831449,6,831455
6996,831550,24,831574
6997,831693,13,831706
6998,831832,6,831838
6999,831908,2,831910
7000,832167,6,832173
7001,832304,20,832324
7002,832351,43,832394
7003,832635,50,832685
7004,832738,37,832775
7005,832803,6,832809
7006,832893,7,832900
7007,833106,13,833119
7008,833206,2,833208
7009,833510,15,833525
7010,833755,35,833790
7011,833930,26,833956
7012,834015,15,834030
7013,834061,4,834065
7014,834110,4,834114
7015,834170,31,834201
7016,834286,54,834340
7017,834381,1,834382
7018,834488,87,834575
7019,834634,3,834637
7020,834725,29,834754
7021,834766,51,834817
7022,835375,5,835380
7023,835514,18,835532
7024,835559,29,835588
7025,835901,30,835931
7026,836066,1,836067
7027,836147,3,836150
7028,836156,52,836208
7029,836275,23,836298
7030,836397,39,836436
7031,836467,34,836501
7032,836585,9,836594
7033,836664,4,836668
7034,836674,40,836714
7035,836731,21,836752
7036,836824,5,836829
7037,836926,8,836934
7038,836946,25,836971
7039,837014,22,837036
7040,837366,3,837369
7041,837481,49,837530
7042,837733,11,837744
7043,837783,11,837794
7044,837853,4,837857
7045,837962,25,837987
7046,838011,19,838030
7047,838062,16,838078
7048,838115,15,838130
7049,838139,9,838148
7050,838294,18,838312
7051,838417,9,838426
7052,838709,39,838748
7053,838876,27,838903
7054,838951,34,838985
7055,839387,27,839414
7056,839476,15,839491
7057,839663,36,839699
7058,839807,3,839810
7059,839820,12,839832
7060,839869,21,839890
7061,839937,37,839974
7062,840071,8,840079
7063,840126,56,840182
7064,840218,29,840247
7065,840319,13,840332
7066,840353,35,840388
7067,840540,9,840549
7068,840587,2,840589
7069,840749,4,840753
7070,840866,29,840895
7071,840928,20,840948
7072,840950,54,841004
7073,841015,40,841055
7074,841146,4,841150
7075,841165,6,841171
7076,841403,15,841418
7077,841423,21,841444
7078,841939,1,841940
7079,841941,16,841957
7080,842129,1,842130
7081,842271,10,842281
7082,842357,15,842372
7083,842491,26,842517
7084,842644,31,842675
7085,842680,11,842691
7086,842711,3,842714
7087,842754,30,842784
7088,842843,12,842855
7089,843127,59,843186
7090,843539,29,843568
7091,843797,22,843819
7092,843913,16,843929
7093,843930,20,843950
7094,843958,4,843962
7095,843974,36,844010
7096,844020,31,844051
7097,844059,47,844106
7098,844460,3,844463
7099,844773,23,844796
7100,844864,10,844874
7101,844917,14,844931
7102,844965,35,845000
7103,845026,4,845030
7104,845206,3,845209
7105,845461,18,845479
7106,845597,16,845613
7107,845638,16,845654
7108,845772,2,845774
7109,845838,1,845839
7110,845841,7,845848
7111,845951,39,845990
7112,846033,3,846036
7113,846080,6,846086
7114,846100,13,846113
7115,846186,56,846242
7116,846338,14,846352
7117,846457,1,846458
7118,846569,27,846596
7119,846678,30,846708
7120,846992,20,847012
7121,847072,42,847114
7122,847115,46,847161
7123,847201,5,847206
7124,847207,20,847227
7125,847257,40,847297
7126,847300,2,847302
7127,847326,35,847361
7128,847486,7,847493
7129,847544,4,847548
7130,847550,30,847580
7131,847612,25,847637
7132,847792,30,847822
7133,847871,12,847883
7134,847915,23,847938
7135,847996,34,848030
7136,848103,4,848107
7137,848165,1,848166
7138,848482,12,848494
7139,848555,9,848564
7140,848590,28,848618
7141,848865,3,848868
7142,849188,3,849191
7143,849262,28,849290
7144,849382,11,849393
7145,849487,12,849499
7146,849553,31,849584
7147,849615,10,849625
7148,849711,3,849714
7149,850051,35,850086
7150,850093,10,850103
7151,850250,6,850256
7152,850463,8,850471
7153,850695,5,850700
7154,850874,1,850875
7155,850910,6,850916
7156,851580,1,851581
7157,851741,12,851753
7158,851809,57,851866
7159,851979,4,851983
7160,852179,8,852187
7161,852283,26,852309
7162,852465,2,852467
7163,852664,20,852684
7164,852827,4,852831
7165,853110,24,853134
7166,853172,4,853176
7167,853266,29,853295
7168,853311,3,853314
7169,853404,1,853405
7170,853554,18,853572
7171,853669,4,853673
7172,853806,10,853816
7173,854077,34,854111
7174,854208,38,854246
7175,854459,4,854463
7176,854655,25,854680
7177,854685,14,854699
7178,854749,13,854762
7179,854988,29,855017
7180,855048,45,855093
7181,855136,30,855166
7182,855216,27,855243
7183,855368,9,855377
7184,855534,54,855588
7185,855657,4,855661
7186,855903,38,855941
7187,855979,9,855988
7188,856086,6,856092
7189,856126,11,856137
7190,856181,15,856196
7191,856224,25,856249
7192,856264,39,856303
7193,856427,8,856435
7194,856506,8,856514
7195,856765,3,856768
7196,856938,11,856949
7197,857047,12,857059
7198,857315,14,857329
7199,857712,128,857840
7200,857916,13,857929
7201,857974,2,857976
7202,858067,1,858068
7203,858187,36,858223
7204,858236,15,858251
7205,858281,9,858290
7206,858462,13,858475
7207,858789,12,858801
7208,858846,4,858850
7209,858877,30,858907
7210,859082,3,859085
7211,859178,1,859179
7212,859319,12,859331
7213,859414,26,859440
7214,859505,9,859514
7215,859580,8,859588
7216,859595,19,859614
7217,859689,21,859710
7218,859712,1,859713
7219,859786,19,859805
7220,859826,39,859865
7221,860009,24,860033
7222,860124,4,860128
7223,860287,2,860289
7224,860677,5,860682
7225,860730,118,860848
7226,860913,11,860924
7227,861197,3,861200
7228,861321,4,861325
7229,861345,3,861348
7230,861568,27,861595
7231,861622,7,861629
7232,861738,14,861752
7233,861803,1,861804
7234,861874,23,861897
7235,861957,13,861970
7236,862097,21,862118
7237,862197,10,862207
7238,862226,20,862246
7239,862267,12,862279
7240,862566,67,862633
7241,862742,6,862748
7242,863067,24,863091
7243,863117,2,863119
7244,863170,17,863187
7245,863242,6,863248
7246,863413,46,863459
7247,863530,35,863565
7248,863695,52,863747
7249,863934,5,863939
7250,863940,32,863972
7251,864205,63,864268
7252,864370,10,864380
7253,864421,19,864440
7254,864548,20,864568
7255,864744,11,864755
7256,864850,35,864885
7257,864956,9,864965
7258,864981,47,865028
7259,865047,27,865074
7260,865116,14,865130
7261,865153,23,865176
7262,865319,10,865329
7263,865588,11,865599
7264,865603,8,865611
7265,865659,30,865689
7266,865741,13,865754
7267,865765,6,865771
7268,865833,3,865836
7269,865990,26,866016
7270,866141,2,866143
7271,866247,34,866281
7272,866283,6,866289
7273,866392,17,866409
7274,866483,5,866488
7275,866568,19,866587
7276,866590,44,866634
7277,866722,7,866729
7278,866873,3,866876
7279,867021,43,867064
7280,867109,76,867185
7281,867204,28,867232
7282,867291,74,867365
7283,867513,2,867515
7284,867597,51,867648
7285,867863,8,867871
7286,867904,14,867918
7287,868011,32,868043
7288,868167,21,868188
7289,868240,30,868270
7290,868274,22,868296
7291,868310,16,868326
7292,868368,3,868371
7293,868591,21,868612
7294,869047,33,869080
7295,869362,1,869363
7296,869390,6,869396
7297,869440,19,869459
7298,869586,21,869607
7299,869762,5,869767
7300,869853,11,869864
7301,869885,3,869888
7302,869984,25,870009
7303,870056,8,870064
7304,870260,18,870278
7305,870324,12,870336
7306,870338,21,870359
7307,870395,50,870445
7308,870512,6,870518
7309,870653,10,870663
7310,870681,13,870694
7311,870789,3,870792
7312,870800,8,870808
7313,870874,13,870887
7314,870999,23,871022
7315,871052,13,871065
7316,871254,2,871256
7317,871260,3,871263
7318,871568,1,871569
7319,871579,12,871591
7320,871603,11,871614
7321,871672,33,871705
7322,871753,22,871775
7323,871808,4,871812
7324,871824,48,871872
7325,871895,1,871896
7326,871901,30,871931
7327,871965,2,871967
7328,871989,25,872014
7329,872048,33,872081
7330,872137,78,872215
7331,872225,10,872235
7332,872367,19,872386
7333,872399,93,872492
7334,872518,6,872524
7335,872544,34,872578
7336,872580,1,872581
7337,872643,23,872666
7338,872686,20,872706
7339,872718,49,872767
7340,872769,16,872785
7341,872922,34,872956
7342,872982,34,873016
7343,873106,2,873108
7344,873177,10,873187
7345,873190,6,873196
7346,873367,3,873370
7347,873389,13,873402
7348,873534,4,873538
7349,873617,2,873619
7350,873629,3,873632
7351,873807,4,873811
7352,873885,15,873900
7353,873911,8,873919
7354,873981,4,873985
7355,874138,27,874165
7356,874395,9,874404
7357,874415,1,874416
7358,874445,18,874463
7359,874557,17,874574
7360,874606,11,874617
7361,874872,11,874883
7362,874901,24,874925
7363,874965,11,874976
7364,875002,30,875032
7365,875083,8,875091
7366,875454,8,875462
7367,875501,19,875520
7368,875536,13,875549
7369,875977,8,875985
7370,875986,2,875988
7371,875993,9,876002
7372,876235,39,876274
7373,876350,26,876376
7374,876494,51,876545
7375,876597,7,876604
7376,876606,24,876630
7377,876969,12,876981
7378,877137,9,877146
7379,877243,11,877254
7380,877428,2,877430
7381,877502,8,877510
7382,877794,4,877798
7383,877855,1,877856
7384,877917,8,877925
7385,878094,91,878185
7386,878238,2,878240
7387,878263,9,878272
7388,878455,7,878462
7389,878465,127,878592
7390,878779,4,878783
7391,878830,16,878846
7392,878888,9,878897
7393,878947,12,878959
7394,879139,14,879153
7395,879311,34,879345
7396,879419,36,879455
7397,879468,16,879484
7398,879554,28,879582
7399,879621,2,879623
7400,879797,66,879863
7401,879925,11,879936
7402,880113,26,880139
7403,880317,50,880367
7404,880464,3,880467
7405,880647,5,880652
7406,880754,11,880765
7407,880827,21,880848
7408,880915,15,880930
7409,881036,2,881038
7410,881068,43,881111
7411,881366,12,881378
7412,881436,1,881437
7413,881518,8,881526
7414,881578,3,881581
7415,881778,12,881790
7416,881927,10,881937
7417,882137,5,882142
7418,882177,11,882188
7419,882202,42,882244
7420,882289,67,882356
7421,882373,76,882449
7422,882676,6,882682
7423,882724,1,882725
7424,882926,19,882945
7425,883001,21,883022
7426,883073,5,883078
7427,883384,1,883385
7428,883573,2,883575
7429,883585,62,883647
7430,883752,50,883802
7431,883808,13,883821
7432,883977,9,883986
7433,884000,7,884007
7434,884357,11,884368
7435,884450,2,884452
7436,884580,31,884611
7437,884684,61,884745
7438,884810,16,884826
7439,885163,64,885227
7440,885391,14,885405
7441,885488,11,885499
7442,885504,43,885547
7443,885574,2,885576
7444,885620,10,885630
7445,885800,54,885854
7446,885978,4,885982
7447,886040,7,886047
7448,886050,12,886062
7449,886090,36,886126
7450,886154,11,886165
7451,886285,10,886295
7452,886340,65,886405
7453,886745,13,886758
7454,887036,7,887043
7455,887094,19,887113
7456,887274,6,887280
7457,887285,27,887312
7458,887339,22,887361
7459,887412,20,887432
7460,887442,1,887443
7461,887534,14,887548
7462,887571,4,887575
7463,887695,31,887726
7464,887758,65,887823
7465,888173,84,888257
7466,888505,30,888535
7467,888722,12,888734
7468,888812,6,888818
7469,888824,15,888839
7470,888989,2,888991
7471,889101,6,889107
7472,889241,58,889299
7473,889410,10,889420
7474,889524,12,889536
7475,889567,19,889586
7476,889636,15,889651
7477,889833,35,889868
7478,889963,37,890000
7479,890033,7,890040
7480,890109,10,890119
7481,890163,11,890174
7482,890275,4,890279
7483,890317,16,890333
7484,890419,4,890423
7485,890473,5,890478
7486,890511,19,890530
7487,890628,112,890740
7488,890800,79,890879
7489,890933,8,890941
7490,890984,5,890989
7491,891074,3,891077
7492,891244,4,891248
7493,891413,6,891419
7494,891424,16,891440
7495,891572,12,891584
7496,891593,46,891639
7497,891704,20,891724
7498,891800,3,891803
7499,891917,13,891930
7500,891974,6,891980
7501,892092,25,892117
7502,892138,52,892190
7503,892429,114,892543
7504,892610,40,892650
7505,892682,25,892707
7506,892911,11,892922
7507,892923,50,892973
7508,893191,28,893219
7509,893340,3,893343
7510,893348,9,893357
7511,893359,9,893368
7512,893422,28,893450
7513,893487,21,893508
7514,893698,5,893703
7515,894018,2,894020
7516,894077,5,894082
7517,894171,18,894189
7518,894830,6,894836
7519,894861,20,894881
7520,895075,34,895109
7521,895185,53,895238
7522,895400,7,895407
7523,895581,3,895584
7524,895594,27,895621
7525,895642,1,895643
7526,895734,17,895751
7527,895874,2,895876
7528,895916,21,895937
7529,895966,42,896008
7530,896085,23,896108
7531,896162,9,896171
7532,896186,69,896255
7533,896282,2,896284
7534,896318,31,896349
7535,896452,32,896484
7536,896490,7,896497
7537,896526,22,896548
7538,896559,8,896567
7539,896569,61,896630
7540,896702,12,896714
7541,896805,42,896847
7542,897031,1,897032
7543,897066,15,897081
7544,897131,8,897139
7545,897217,26,897243
7546,897342,11,897353
7547,897604,28,897632
7548,897833,21,897854
7549,897965,16,897981
7550,898080,8,898088
7551,898096,14,898110
7552,898303,13,898316
7553,898346,4,898350
7554,898474,9,898483
7555,898601,2,898603
7556,898677,59,898736
7557,898741,24,898765
7558,898911,9,898920
7559,899039,4,899043
7560,899046,36,899082
7561,899156,2,899158
7562,899193,38,899231
7563,899275,59,899334
7564,899363,19,899382
7565,899439,7,899446
7566,899659,7,899666
7567,899704,31,899735
7568,899758,8,899766
7569,899884,3,899887
7570,899920,87,900007
7571,900096,3,900099
7572,900178,8,900186
7573,900390,14,900404
7574,900428,66,900494
7575,900519,7,900526
7576,900661,5,900666
7577,901007,15,901022
7578,901062,15,901077
7579,901206,12,901218
7580,901221,1,901222
7581,901274,9,901283
7582,901290,11,901301
7583,901363,29,901392
7584,901487,32,901519
7585,901599,15,901614
7586,901774,24,901798
7587,901816,28,901844
7588,902039,2,902041
7589,902182,31,902213
7590,902222,7,902229
7591,902391,4,902395
7592,902647,45,902692
7593,902709,2,902711
7594,902739,4,902743
7595,902816,12,902828
7596,902848,6,902854
7597,902928,14,902942
7598,903028,6,903034
7599,903137,16,903153
7600,903406,54,903460
7601,903500,14,903514
7602,903522,3,903525
7603,903538,4,903542
7604,903611,13,903624
7605,903641,36,903677
7606,903833,5,903838
7607,903839,6,903845
7608,904249,34,904283
7609,904604,7,904611
7610,904691,18,904709
7611,904791,14,904805
7612,904867,29,904896
7613,904906,14,904920
7614,904947,2,904949
7615,904962,23,904985
7616,905071,9,905080
7617,905246,1,905247
7618,905286,6,905292
7619,905389,21,905410
7620,905454,3,905457
7621,905612,6,905618
7622,905630,17,905647
7623,905923,29,905952
7624,905955,1,905956
7625,906047,13,906060
7626,906719,149,906868
7627,906933,6,906939
7628,906945,17,906962
7629,907213,8,907221
7630,907453,8,907461
7631,907528,20,907548
7632,907575,21,907596
7633,907691,42,907733
7634,907982,16,907998
7635,908249,29,908278
7636,908303,15,908318
7637,908548,17,908565
7638,908635,42,908677
7639,908691,56,908747
7640,908787,3,908790
7641,908839,25,908864
7642,909000,5,909005
7643,909043,33,909076
7644,909233,108,909341
7645,909380,6,909386
7646,909545,14,909559
7647,909585,15,909600
7648,909796,8,909804
7649,909861,3,909864
7650,909975,34,910009
7651,910279,28,910307
7652,910419,16,910435
7653,910594,43,910637
7654,910719,18,910737
7655,910894,17,910911
7656,911045,3,911048
7657,911063,7,911070
7658,911259,8,911267
7659,911286,6,911292
7660,911407,22,911429
7661,911668,5,911673
7662,911743,8,911751
7663,911924,35,911959
7664,912047,8,912055
7665,912073,4,912077
7666,912125,10,912135
7667,912699,46,912745
7668,912781,10,912791
7669,912914,3,912917
7670,912922,11,912933
7671,913151,31,913182
7672,913390,31,913421
7673,913430,98,913528
7674,913650,4,913654
7675,913722,12,913734
7676,913735,11,913746
7677,913801,10,913811
7678,913912,7,913919
7679,914207,80,914287
7680,914593,9,914602
7681,914749,12,914761
7682,914834,3,914837
7683,915003,43,915046
7684,915097,3,915100
7685,915189,43,915232
7686,915240,10,915250
7687,915392,3,915395
7688,915586,85,915671
7689,915688,1,915689
7690,915835,6,915841
7691,915844,21,915865
7692,915889,11,915900
7693,915938,12,915950
7694,916040,33,916073
7695,916086,50,916136
7696,916222,1,916223
7697,916237,12,916249
7698,916404,9,916413
7699,916536,48,916584
7700,916637,2,916639
7701,916732,23,916755
7702,916980,2,916982
7703,917012,23,917035
7704,917036,12,917048
7705,917215,31,917246
7706,917362,19,917381
7707,917495,9,917504
7708,917531,11,917542
7709,917544,31,917575
7710,917679,19,917698
7711,917809,3,917812
7712,917851,12,917863
7713,917890,22,917912
7714,918078,35,918113
7715,918168,23,918191
7716,918486,11,918497
7717,918743,25,918768
7718,918794,1,918795
7719,918870,42,918912
7720,918936,44,918980
7721,919046,6,919052
7722,919845,8,919853
7723,919888,60,919948
7724,919978,29,920007
7725,920055,51,920106
7726,920184,26,920210
7727,920472,7,920479
7728,920560,46,920606
7729,920643,1,920644
7730,920649,10,920659
7731,920785,14,920799
7732,920853,8,920861
7733,920942,27,920969
7734,921071,17,921088
7735,921095,4,921099
7736,921113,8,921121
7737,921198,2,921200
7738,921204,34,921238
7739,921249,19,921268
7740,921337,29,921366
7741,921405,27,921432
7742,921864,61,921925
7743,922152,22,922174
7744,922477,5,922482
7745,922661,3,922664
7746,922830,5,922835
7747,922887,16,922903
7748,922963,3,922966
7749,923015,42,923057
7750,923269,33,923302
7751,923307,3,923310
7752,923841,6,923847
7753,923857,1,923858
7754,923956,13,923969
7755,924042,14,924056
7756,924123,12,924135
7757,924195,18,924213
7758,924292,7,924299
7759,924363,37,924400
7760,924409,24,924433
7761,924471,7,924478
7762,924788,4,924792
7763,924814,28,924842
7764,924905,18,924923
7765,925063,21,925084
7766,925114,11,925125
7767,925164,61,925225
7768,925389,24,925413
7769,925612,17,925629
7770,925712,33,925745
7771,925776,7,925783
7772,925971,11,925982
7773,926039,4,926043
7774,926098,9,926107
7775,926206,13,926219
7776,926411,26,926437
7777,926578,42,926620
7778,926806,25,926831
7779,927317,2,927319
7780,927341,16,927357
7781,927379,4,927383
7782,927409,3,927412
7783,927462,19,927481
7784,927556,9,927565
7785,927697,8,927705
7786,927736,10,927746
7787,927806,8,927814
7788,927816,1,927817
7789,927820,25,927845
7790,927920,26,927946
7791,928085,28,928113
7792,928293,35,928328
7793,928337,63,928400
7794,928462,5,928467
7795,928524,13,928537
7796,928540,6,928546
7797,928597,11,928608
7798,928616,15,928631
7799,928750,1,928751
7800,928906,29,928935
7801,928953,37,928990
7802,929118,19,929137
7803,929174,21,929195
7804,929358,28,929386
7805,929437,73,929510
7806,929533,21,929554
7807,929593,50,929643
7808,929644,32,929676
7809,929701,8,929709
7810,929774,5,929779
7811,929937,15,929952
7812,930058,72,930130
7813,930210,35,930245
7814,930320,42,930362
7815,930370,1,930371
7816,930426,4,930430
7817,930524,7,930531
7818,930895,16,930911
7819,930919,18,930937
7820,931108,8,931116
7821,931130,2,931132
7822,931140,37,931177
7823,931342,42,931384
7824,931385,5,931390
7825,931406,5,931411
7826,931547,21,931568
7827,931594,19,931613
7828,931661,1,931662
7829,931752,43,931795
7830,932037,15,932052
7831,932153,4,932157
7832,932260,61,932321
7833,932427,6,932433
7834,932493,5,932498
7835,932511,12,932523
7836,932602,27,932629
7837,932641,33,932674
7838,932743,55,932798
7839,932875,25,932900
7840,932984,3,932987
7841,933097,42,933139
7842,933415,88,933503
7843,933521,9,933530
7844,933795,15,933810
7845,934124,15,934139
7846,934298,4,934302
7847,934366,65,934431
7848,934562,5,934567
7849,934657,9,934666
7850,934943,32,934975
7851,935147,18,935165
7852,935348,14,935362
7853,935379,8,935387
7854,935468,33,935501
7855,935544,9,935553
7856,935766,45,935811
7857,935935,12,935947
7858,936054,36,936090
7859,936130,17,936147
7860,936277,15,936292
7861,936354,8,936362
7862,936399,4,936403
7863,936445,24,936469
7864,936618,4,936622
7865,936627,2,936629
7866,936705,40,936745
7867,936881,8,936889
7868,936929,12,936941
7869,937027,20,937047
7870,937066,16,937082
7871,937213,37,937250
7872,937286,16,937302
7873,937397,30,937427
7874,937463,7,937470
7875,937658,7,937665
7876,937729,12,937741
7877,938111,14,938125
7878,938378,27,938405
7879,938863,17,938880
7880,938889,4,938893
7881,938949,19,938968
7882,939061,12,939073
7883,939106,15,939121
7884,939378,2,939380
7885,939534,13,939547
7886,939551,34,939585
7887,939650,2,939652
7888,939769,28,939797
7889,939799,40,939839
7890,939868,9,939877
7891,939957,4,939961
7892,940077,4,940081
7893,940142,15,940157
7894,940199,157,940356
7895,940624,17,940641
7896,940651,12,940663
7897,940697,14,940711
7898,940808,33,940841
7899,941087,16,941103
7900,941188,30,941218
7901,941416,8,941424
7902,941611,14,941625
7903,941808,10,941818
7904,941837,59,941896
7905,942068,5,942073
7906,942161,12,942173
7907,942421,54,942475
7908,942489,21,942510
7909,942568,25,942593
7910,942606,7,942613
7911,942630,6,942636
7912,942760,56,942816
7913,942998,38,943036
7914,943268,46,943314
7915,943322,90,943412
7916,943426,17,943443
7917,943478,1,943479
7918,943566,6,943572
7919,943595,6,943601
7920,943607,35,943642
7921,943692,1,943693
7922,943759,26,943785
7923,943798,10,943808
7924,943849,24,943873
7925,944134,47,944181
7926,944235,6,944241
7927,944362,41,944403
7928,944476,21,944497
7929,944564,12,944576
7930,944651,6,944657
7931,944768,6,944774
7932,945192,50,945242
7933,945443,23,945466
7934,945696,19,945715
7935,945789,11,945800
7936,945823,15,945838
7937,945878,13,945891
7938,945913,16,945929
7939,945941,25,945966
7940,946074,42,946116
7941,946222,9,946231
7942,946255,22,946277
7943,946668,15,946683
7944,946857,15,946872
7945,946903,10,946913
7946,946916,33,946949
7947,946961,14,946975
7948,946990,1,946991
7949,946994,10,947004
7950,947072,2,947074
7951,947188,11,947199
7952,947323,11,947334
7953,947335,14,947349
7954,947380,55,947435
7955,947499,16,947515
7956,947558,29,947587
7957,947640,3,947643
7958,947804,4,947808
7959,947822,9,947831
7960,948188,1,948189
7961,948193,1,948194
7962,948196,27,948223
7963,948618,23,948641
7964,948709,22,948731
7965,948790,3,948793
7966,948817,3,948820
7967,948850,3,948853
7968,948866,8,948874
7969,949148,27,949175
7970,949254,21,949275
7971,949296,6,949302
7972,949397,23,949420
7973,949424,7,949431
7974,949510,39,949549
7975,949678,26,949704
7976,949720,2,949722
7977,949830,12,949842
7978,949847,5,949852
7979,949862,12,949874
7980,949952,12,949964
7981,949969,11,949980
7982,950029,2,950031
7983,950059,1,950060
7984,950063,1,950064
7985,950134,68,950202
7986,950360,4,950364
7987,950530,18,950548
7988,950554,3,950557
7989,950740,12,950752
7990,950989,26,951015
7991,951130,12,951142
7992,951354,12,951366
7993,951594,5,951599
7994,951749,22,951771
7995,951905,2,951907
7996,952149,26,952175
7997,952359,6,952365
7998,952373,21,952394
7999,952480,3,952483
8000,952595,59,952654
8001,952703,16,952719
8002,953063,22,953085
8003,953113,9,953122
8004,953172,5,953177
8005,953178,5,953183
8006,953279,13,953292
8007,953393,4,953397
8008,953458,14,953472
8009,953508,15,953523
8010,953637,4,953641
8011,953665,19,953684
8012,953747,8,953755
8013,953872,2,953874
8014,953884,36,953920
8015,953948,3,953951
8016,954188,8,954196
8017,954344,10,954354
8018,954530,15,954545
8019,954739,3,954742
8020,954906,2,954908
8021,955022,40,955062
8022,955203,26,955229
8023,955359,2,955361
8024,955431,40,955471
8025,955482,20,955502
8026,955508,17,955525
8027,955570,28,955598
8028,955660,22,955682
8029,956146,34,956180
8030,956253,4,956257
8031,956474,10,956484
8032,956610,46,956656
8033,956657,101,956758
8034,956870,18,956888
8035,957098,1,957099
8036,957115,17,957132
8037,957228,24,957252
8038,957300,26,957326
8039,957329,21,957350
8040,957408,6,957414
8041,957441,10,957451
8042,957520,4,957524
8043,957553,26,957579
8044,957613,2,957615
8045,957651,19,957670
8046,957806,36,957842
8047,957844,1,957845
8048,958105,22,958127
8049,958130,50,958180
8050,958214,38,958252
8051,958304,4,958308
8052,958325,17,958342
8053,958369,7,958376
8054,958463,11,958474
8055,958557,26,958583
8056,958864,6,958870
8057,958872,2,958874
8058,958882,4,958886
8059,959003,57,959060
8060,959075,20,959095
8061,959106,28,959134
8062,959151,26,959177
8063,959201,29,959230
8064,959740,46,959786
8065,959945,3,959948
8066,959951,32,959983
8067,960004,3,960007
8068,960011,8,960019
8069,960158,18,960176
8070,960198,13,960211
8071,960213,7,960220
8072,960366,16,960382
8073,960406,3,960409
8074,960420,4,960424
8075,960677,5,960682
8076,960702,8,960710
8077,960890,19,960909
8078,960966,44,961010
8079,961174,41,961215
8080,961299,2,961301
8081,961515,1,961516
8082,961525,11,961536
8083,961666,33,961699
8084,961938,118,962056
8085,962170,39,962209
8086,962243,17,962260
8087,962322,10,962332
8088,962385,4,962389
8089,962438,77,962515
8090,962862,70,962932
8091,962951,26,962977
8092,963213,36,963249
8093,963286,2,963288
8094,963350,1,963351
8095,963352,121,963473
8096,963646,1,963647
8097,963755,34,963789
8098,963823,1,963824
8099,963915,10,963925
8100,963928,19,963947
8101,964060,56,964116
8102,964436,2,964438
8103,964457,11,964468
8104,964505,43,964548
8105,964628,15,964643
8106,965040,17,965057
8107,965073,6,965079
8108,965160,9,965169
8109,965241,66,965307
8110,965582,35,965617
8111,965671,17,965688
8112,965903,11,965914
8113,965959,2,965961
8114,966002,15,966017
8115,966189,19,966208
8116,966320,19,966339
8117,966355,14,966369
8118,966446,28,966474
8119,966483,54,966537
8120,966578,13,966591
8121,966737,47,966784
8122,966838,35,966873
8123,966875,64,966939
8124,966987,17,967004
8125,967129,15,967144
8126,967168,27,967195
8127,967264,13,967277
8128,967342,13,967355
8129,967426,19,967445
8130,967546,5,967551
8131,967624,6,967630
8132,967666,10,967676
8133,967684,3,967687
8134,967787,2,967789
8135,967959,8,967967
8136,968226,9,968235
8137,968311,6,968317
8138,968374,18,968392
8139,968509,8,968517
8140,968534,28,968562
8141,968645,2,968647
8142,968681,8,968689
8143,968958,35,968993
8144,969005,24,969029
8145,969245,42,969287
8146,969320,9,969329
8147,969341,4,969345
8148,969609,22,969631
8149,969644,25,969669
8150,969724,9,969733
8151,969787,12,969799
8152,969850,49,969899
8153,969951,10,969961
8154,970400,1,970401
8155,970549,11,970560
8156,970605,17,970622
8157,970733,27,970760
8158,970909,20,970929
8159,971006,5,971011
8160,971294,15,971309
8161,971359,16,971375
8162,971442,49,971491
8163,971547,4,971551
8164,971578,1,971579
8165,971615,2,971617
8166,971850,10,971860
8167,971918,2,971920
8168,972099,35,972134
8169,972207,60,972267
8170,972269,125,972394
8171,972579,19,972598
8172,972611,18,972629
8173,972659,39,972698
8174,972715,1,972716
8175,972731,9,972740
8176,972759,22,972781
8177,972942,1,972943
8178,973173,9,973182
8179,973200,11,973211
8180,973234,10,973244
8181,973392,12,973404
8182,973433,31,973464
8183,973519,6,973525
8184,973541,6,973547
8185,973602,8,973610
8186,973636,49,973685
8187,974066,2,974068
8188,974082,33,974115
8189,974137,16,974153
8190,974186,24,974210
8191,974330,9,974339
8192,974645,12,974657
8193,974731,40,974771
8194,974854,9,974863
8195,975239,3,975242
8196,975245,5,975250
8197,975303,35,975338
8198,975430,11,975441
8199,975478,48,975526
8200,975567,10,975577
8201,975657,24,975681
8202,975703,12,975715
8203,975787,19,975806
8204,975812,4,975816
8205,975845,6,975851
8206,975942,9,975951
8207,976014,19,976033
8208,976067,1,976068
8209,976092,61,976153
8210,976322,22,976344
8211,976527,12,976539
8212,976810,4,976814
8213,976921,19,976940
8214,977184,10,977194
8215,977222,5,977227
8216,977256,28,977284
8217,977307,2,977309
8218,977421,38,977459
8219,977561,25,977586
8220,977613,5,977618
8221,977668,33,977701
8222,977728,50,977778
8223,977857,3,977860
8224,977944,12,977956
8225,978016,8,978024
8226,978354,17,978371
8227,978564,6,978570
8228,978573,5,978578
8229,978679,5,978684
8230,978787,14,978801
8231,979116,13,979129
8232,979273,40,979313
8233,979359,2,979361
8234,979373,3,979376
8235,979473,12,979485
8236,979495,9,979504
8237,979526,4,979530
8238,979549,23,979572
8239,979590,29,979619
8240,979682,15,979697
8241,979860,2,979862
8242,979867,10,979877
8243,979923,5,979928
8244,979931,6,979937
8245,979941,1,979942
8246,979944,6,979950
8247,980026,9,980035
8248,980036,8,980044
8249,980070,11,980081
8250,980346,26,980372
8251,980637,3,980640
8252,980645,3,980648
8253,980726,4,980730
8254,980751,11,980762
8255,980808,18,980826
8256,980917,20,980937
8257,981051,11,981062
8258,981070,50,981120
8259,981195,20,981215
8260,981485,1,981486
8261,981540,11,981551
8262,981628,60,981688
8263,981769,162,981931
8264,981985,27,982012
8265,982108,5,982113
8266,982162,18,982180
8267,982319,40,982359
8268,982414,12,982426
8269,982427,6,982433
8270,982474,4,982478
8271,982607,21,982628
8272,982721,4,982725
8273,982898,16,982914
8274,982930,5,982935
8275,983044,22,983066
8276,983205,7,983212
8277,983454,4,983458
8278,983579,27,983606
8279,983614,23,983637
8280,983668,13,983681
8281,983693,46,983739
8282,984309,2,984311
8283,984392,39,984431
8284,984517,68,984585
8285,984828,7,984835
8286,984987,41,985028
8287,985032,38,985070
8288,985180,25,985205
8289,985409,17,985426
8290,985476,23,985499
8291,985762,9,985771
8292,985806,21,985827
8293,986098,3,986101
8294,986113,78,986191
8295,986245,2,986247
8296,986309,6,986315
8297,986339,13,986352
8298,986447,1,986448
8299,986501,9,986510
8300,986745,10,986755
8301,986763,2,986765
8302,986802,5,986807
8303,987040,22,987062
8304,987397,3,987400
8305,987404,4,987408
8306,987436,6,987442
8307,987585,12,987597
8308,987605,1,987606
8309,987857,5,987862
8310,987891,2,987893
8311,987905,20,987925
8312,987986,4,987990
8313,988112,39,988151
8314,988174,7,988181
8315,988183,31,988214
8316,988239,1,988240
8317,988433,58,988491
8318,988538,4,988542
8319,988572,42,988614
8320,988902,6,988908
8321,989225,9,989234
8322,989510,1,989511
8323,989601,17,989618
8324,989667,28,989695
8325,989756,5,989761
8326,989918,2,989920
8327,989959,36,989995
8328,990153,9,990162
8329,990297,20,990317
8330,990380,8,990388
8331,990394,5,990399
8332,990433,27,990460
8333,990469,8,990477
8334,990482,8,990490
8335,990667,3,990670
8336,990797,20,990817
8337,990882,28,990910
8338,991012,38,991050
8339,991064,12,991076
8340,991157,14,991171
8341,991261,50,991311
8342,991546,11,991557
8343,991580,10,991590
8344,991698,2,991700
8345,991747,5,991752
8346,991753,16,991769
8347,991988,6,991994
8348,992010,27,992037
8349,992099,51,992150
8350,992173,34,992207
8351,992212,5,992217
8352,992330,17,992347
8353,992465,7,992472
8354,992480,10,992490
8355,993009,29,993038
8356,993250,11,993261
8357,993282,5,993287
8358,993367,4,993371
8359,993417,32,993449
8360,993637,53,993690
8361,993714,50,993764
8362,993943,4,993947
8363,993978,5,993983
8364,993987,14,994001
8365,994347,3,994350
8366,994393,47,994440
8367,994515,30,994545
8368,994585,73,994658
8369,994732,14,994746
8370,994867,10,994877
8371,994938,42,994980
8372,995134,1,995135
8373,995225,23,995248
8374,995359,35,995394
8375,995405,5,995410
8376,995421,19,995440
8377,995551,36,995587
8378,995598,5,995603
8379,995631,9,995640
8380,995897,9,995906
8381,995937,5,995942
8382,996343,10,996353
8383,996578,5,996583
8384,996657,23,996680
8385,996718,6,996724
8386,996909,77,996986
8387,997006,27,997033
8388,997194,10,997204
8389,997233,27,997260
8390,997356,3,997359
8391,997423,16,997439
8392,997542,9,997551
8393,997646,9,997655
8394,997744,32,997776
8395,997811,14,997825
8396,997888,43,997931
8397,997995,12,998007
8398,998009,17,998026
8399,998177,10,998187
8400,998201,18,998219
8401,998234,26,998260
8402,998333,45,998378
8403,998379,54,998433
8404,998850,19,998869
8405,998892,16,998908
8406,999026,7,999033
8407,999127,7,999134
8408,999157,5,999162
8409,999320,21,999341
8410,999531,70,999601
8411,999707,37,999744
8412,999763,27,999790
8413,999818,22,999840
8414,999912,24,999936
8415,1000014,21,1000035
8416,1000036,14,1000050
8417,1000186,18,1000204
8418,1000273,27,1000300
8419,1000503,2,1000505
8420,1000671,7,1000678
8421,1000712,4,1000716
8422,1000797,18,1000815
8423,1001009,28,1001037
8424,1001293,32,1001325
8425,1001478,17,1001495
8426,1001562,25,1001587
8427,1001633,13,1001646
8428,1001873,35,1001908
8429,1001922,8,1001930
8430,1001933,6,1001939
8431,1002032,10,1002042
8432,1002098,7,1002105
8433,1002297,38,1002335
8434,1002338,1,1002339
8435,1002575,6,1002581
8436,1002706,7,1002713
8437,1002846,5,1002851
8438,1002902,20,1002922
8439,1002958,2,1002960
8440,1003314,30,1003344
8441,1003682,41,1003723
8442,1003741,11,1003752
8443,1003787,6,1003793
8444,1003988,28,1004016
8445,1004186,7,1004193
8446,1004257,1,1004258
8447,1004557,8,1004565
8448,1004573,21,1004594
8449,1004609,6,1004615
8450,1004780,13,1004793
8451,1004896,6,1004902
8452,1004970,43,1005013
8453,1005284,7,1005291
8454,1005373,22,1005395
8455,1005448,21,1005469
8456,1005586,4,1005590
8457,1005689,18,1005707
8458,1005742,1,1005743
8459,1005831,6,1005837
8460,1005842,43,1005885
8461,1006096,49,1006145
8462,1006163,49,1006212
8463,1006218,5,1006223
8464,1006269,6,1006275
8465,1006295,8,1006303
8466,1006432,4,1006436
8467,1006709,21,1006730
8468,1006773,1,1006774
8469,1006954,5,1006959
8470,1007307,8,1007315
8471,1007372,15,1007387
8472,1007520,4,1007524
8473,1007553,8,1007561
8474,1007782,10,1007792
8475,1007916,23,1007939
8476,1008024,8,1008032
8477,1008159,8,1008167
8478,1008333,4,1008337
8479,1008407,9,1008416
8480,1008509,5,1008514
8481,1008536,12,1008548
8482,1008687,24,1008711
8483,1008756,2,1008758
8484,1009574,38,1009612
8485,1009728,84,1009812
8486,1009879,33,1009912
8487,1009929,50,1009979
8488,1009994,8,1010002
8489,1010054,7,1010061
8490,1010284,5,1010289
8491,1010293,20,1010313
8492,1010341,1,1010342
8493,1010737,27,1010764
8494,1010880,8,1010888
8495,1010960,11,1010971
8496,1011096,14,1011110
8497,1011115,40,1011155
8498,1011172,2,1011174
8499,1011197,27,1011224
8500,1011465,27,1011492
8501,1011556,48,1011604
8502,1011733,11,1011744
8503,1011747,42,1011789
8504,1011810,2,1011812
8505,1011920,6,1011926
8506,1012028,4,1012032
8507,1012295,3,1012298
8508,1012551,40,1012591
8509,1012616,7,1012623
8510,1012869,118,1012987
8511,1013211,14,1013225
8512,1013303,13,1013316
8513,1013342,14,1013356
8514,1013366,4,1013370
8515,1013381,65,1013446
8516,1013537,18,1013555
8517,1013564,8,1013572
8518,1013609,23,1013632
8519,1013670,2,1013672
8520,1013835,36,1013871
8521,1013967,30,1013997
8522,1014017,1,1014018
8523,1014029,30,1014059
8524,1014066,71,1014137
8525,1014180,8,1014188
8526,1014266,6,1014272
8527,1014337,17,1014354
8528,1014366,15,1014381
8529,1014474,72,1014546
8530,1014674,42,1014716
8531,1014833,32,1014865
8532,1015032,6,1015038
8533,1015181,12,1015193
8534,1015587,19,1015606
8535,1015786,7,1015793
8536,1015868,21,1015889
8537,1016046,2,1016048
8538,1016162,1,1016163
8539,1016182,8,1016190
8540,1016228,15,1016243
8541,1016286,5,1016291
8542,1016479,5,1016484
8543,1016662,5,1016667
8544,1016688,13,1016701
8545,1016715,22,1016737
8546,1016907,5,1016912
8547,1016983,29,1017012
8548,1017119,14,1017133
8549,1017180,29,1017209
8550,1017230,9,1017239
8551,1017298,9,1017307
8552,1017498,42,1017540
8553,1017659,2,1017661
8554,1017708,16,1017724
8555,1017820,7,1017827
8556,1017876,66,1017942
8557,1017975,19,1017994
8558,1018031,7,1018038
8559,1018062,25,1018087
8560,1018096,2,1018098
8561,1018119,1,1018120
8562,1018811,32,1018843
8563,1018908,6,1018914
8564,1018992,22,1019014
8565,1019052,4,1019056
8566,1019326,9,1019335
8567,1019455,8,1019463
8568,1019507,6,1019513
8569,1019540,29,1019569
8570,1019691,7,1019698
8571,1019707,3,1019710
8572,1019797,6,1019803
8573,1019839,3,1019842
8574,1019905,35,1019940
8575,1020104,1,1020105
8576,1020136,30,1020166
8577,1020369,25,1020394
8578,1020474,17,1020491
8579,1020515,4,1020519
8580,1020531,8,1020539
8581,1020546,60,1020606
8582,1020715,4,1020719
8583,1020840,37,1020877
8584,1021325,10,1021335
8585,1021481,1,1021482
8586,1021497,24,1021521
8587,1021533,20,1021553
8588,1021562,20,1021582
8589,1021596,20,1021616
8590,1021934,12,1021946
8591,1021956,24,1021980
8592,1022120,9,1022129
8593,1022267,15,1022282
8594,1022458,30,1022488
8595,1022554,20,1022574
8596,1022631,51,1022682
8597,1022698,7,1022705
8598,1022775,6,1022781
8599,1022850,13,1022863
8600,1022961,36,1022997
8601,1022999,14,1023013
8602,1023043,8,1023051
8603,1023079,91,1023170
8604,1023270,2,1023272
8605,1023317,34,1023351
8606,1023363,10,1023373
8607,1023432,26,1023458
8608,1023649,24,1023673
8609,1023898,18,1023916
8610,1023959,28,1023987
8611,1023996,3,1023999
8612,1024210,3,1024213
8613,1024324,1,1024325
8614,1024326,1,1024327
8615,1024644,13,1024657
8616,1024723,37,1024760
8617,1024788,24,1024812
8618,1024821,26,1024847
8619,1024982,5,1024987
8620,1025003,18,1025021
8621,1025096,4,1025100
8622,1025126,19,1025145
8623,1025152,38,1025190
8624,1025386,43,1025429
8625,1025464,26,1025490
8626,1025584,3,1025587
8627,1025730,18,1025748
8628,1025971,25,1025996
8629,1026009,21,1026030
8630,1026098,23,1026121
8631,1026133,13,1026146
8632,1026164,38,1026202
8633,1026236,10,1026246
8634,1026548,3,1026551
8635,1026573,23,1026596
8636,1027058,4,1027062
8637,1027168,2,1027170
8638,1027320,7,1027327
8639,1027579,12,1027591
8640,1027775,8,1027783
8641,1027788,28,1027816
8642,1027918,3,1027921
8643,1027993,9,1028002
8644,1028014,3,1028017
8645,1028315,4,1028319
8646,1028400,21,1028421
8647,1028549,23,1028572
8648,1028641,25,1028666
8649,1028816,24,1028840
8650,1028997,17,1029014
8651,1029067,52,1029119
8652,1029204,13,1029217
8653,1029286,8,1029294
8654,1029332,44,1029376
8655,1029402,4,1029406
8656,1029504,8,1029512
8657,1029532,80,1029612
8658,1029743,1,1029744
8659,1029808,27,1029835
8660,1029920,16,1029936
8661,1030055,3,1030058
8662,1030133,9,1030142
8663,1030201,2,1030203
8664,1030214,34,1030248
8665,1030563,30,1030593
8666,1030644,5,1030649
8667,1030685,3,1030688
8668,1030752,18,1030770
8669,1030984,1,1030985
8670,1031023,6,1031029
8671,1031429,35,1031464
8672,1031512,2,1031514
8673,1031632,66,1031698
8674,1031763,17,1031780
8675,1031881,6,1031887
8676,1031960,11,1031971
8677,1032033,7,1032040
8678,1032080,18,1032098
8679,1032132,3,1032135
8680,1032267,18,1032285
8681,1032330,8,1032338
8682,1032550,10,1032560
8683,1032641,4,1032645
8684,1032791,39,1032830
8685,1033211,46,1033257
8686,1033276,28,1033304
8687,1033404,38,1033442
8688,1033607,72,1033679
8689,1033707,24,1033731
8690,1033746,74,1033820
8691,1033904,4,1033908
8692,1034245,31,1034276
8693,1034367,4,1034371
8694,1034517,29,1034546
8695,1034555,20,1034575
8696,1034584,37,1034621
8697,1034642,2,1034644
8698,1034681,2,1034683
8699,1034685,3,1034688
8700,1034935,17,1034952
8701,1035049,2,1035051
8702,1035098,10,1035108
8703,1035151,5,1035156
8704,1035162,24,1035186
8705,1035337,58,1035395
8706,1035429,49,1035478
8707,1035488,23,1035511
8708,1035686,72,1035758
8709,1035792,28,1035820
8710,1035840,3,1035843
8711,1035931,21,1035952
8712,1035990,9,1035999
8713,1036099,9,1036108
8714,1036114,22,1036136
8715,1036213,15,1036228
8716,1036626,49,1036675
8717,1036687,14,1036701
8718,1036703,81,1036784
8719,1036868,16,1036884
8720,1036944,34,1036978
8721,1037055,24,1037079
8722,1037119,42,1037161
8723,1037231,18,1037249
8724,1037332,7,1037339
8725,1037524,2,1037526
8726,1037584,6,1037590
8727,1037626,8,1037634
8728,1037759,35,1037794
8729,1037797,32,1037829
8730,1038111,10,1038121
8731,1038137,10,1038147
8732,1038235,8,1038243
8733,1038430,51,1038481
8734,1038545,21,1038566
8735,1038663,5,1038668
8736,1038680,39,1038719
8737,1038808,5,1038813
8738,1038836,6,1038842
8739,1038919,8,1038927
8740,1039197,6,1039203
8741,1039269,52,1039321
8742,1039383,15,1039398
8743,1039665,45,1039710
8744,1039952,21,1039973
8745,1040053,4,1040057
8746,1040186,4,1040190
8747,1040270,11,1040281
8748,1040357,17,1040374
8749,1040430,4,1040434
8750,1040473,12,1040485
8751,1040607,7,1040614
8752,1040886,22,1040908
8753,1040968,30,1040998
8754,1041171,4,1041175
8755,1041667,34,1041701
8756,1041715,25,1041740
8757,1042208,20,1042228
8758,1042268,1,1042269
8759,1042310,54,1042364
8760,1042523,20,1042543
8761,1042648,46,1042694
8762,1042866,15,1042881
8763,1043255,44,1043299
8764,1043408,21,1043429
8765,1043439,19,1043458
8766,1043643,37,1043680
8767,1043950,2,1043952
8768,1044125,15,1044140
8769,1044154,7,1044161
8770,1044233,14,1044247
8771,1044266,12,1044278
8772,1044291,5,1044296
8773,1044413,15,1044428
8774,1044474,12,1044486
8775,1044508,7,1044515
8776,1044525,19,1044544
8777,1044553,3,1044556
8778,1044637,53,1044690
8779,1044869,9,1044878
8780,1045153,5,1045158
8781,1045232,14,1045246
8782,1045307,1,1045308
8783,1045415,8,1045423
8784,1045611,3,1045614
8785,1045615,38,1045653
8786,1045764,9,1045773
8787,1045796,10,1045806
8788,1045912,3,1045915
8789,1046066,12,1046078
8790,1046100,6,1046106
8791,1046182,10,1046192
8792,1046334,17,1046351
8793,1046404,70,1046474
8794,1046594,57,1046651
8795,1046696,95,1046791
8796,1046920,1,1046921
8797,1046923,2,1046925
8798,1047154,6,1047160
8799,1047239,21,1047260
8800,1047287,48,1047335
8801,1047372,12,1047384
8802,1047427,3,1047430
8803,1047481,14,1047495
8804,1047610,29,1047639
8805,1047642,6,1047648
8806,1047765,56,1047821
8807,1047904,32,1047936
8808,1048008,41,1048049
8809,1048119,18,1048137
8810,1048153,5,1048158
8811,1048217,40,1048257
8812,1048348,3,1048351
8813,1048388,1,1048389
8814,1048577,3,1048580
8815,1048603,27,1048630
8816,1048670,7,1048677
8817,1048731,21,1048752
8818,1048754,9,1048763
8819,1048781,7,1048788
8820,1048895,24,1048919
8821,1049055,29,1049084
8822,1049123,4,1049127
8823,1049155,24,1049179
8824,1049185,16,1049201
8825,1049273,6,1049279
8826,1049365,3,1049368
8827,1049409,14,1049423
8828,1049450,10,1049460
8829,1049734,8,1049742
8830,1050011,7,1050018
8831,1050103,107,1050210
8832,1050264,11,1050275
8833,1050327,21,1050348
8834,1050460,3,1050463
8835,1050504,3,1050507
8836,1050528,13,1050541
8837,1050596,73,1050669
8838,1050753,4,1050757
8839,1050803,43,1050846
8840,1050924,7,1050931
8841,1050970,4,1050974
8842,1050993,1,1050994
8843,1051099,3,1051102
8844,1051140,5,1051145
8845,1051163,6,1051169
8846,1051181,1,1051182
8847,1051296,20,1051316
8848,1051395,15,1051410
8849,1051534,20,1051554
8850,1051565,2,1051567
8851,1051633,13,1051646
8852,1051665,20,1051685
8853,1051688,8,1051696
8854,1051829,26,1051855
8855,1051910,20,1051930
8856,1051964,9,1051973
8857,1051993,14,1052007
8858,1052013,43,1052056
8859,1052078,38,1052116
8860,1052204,12,1052216
8861,1052224,2,1052226
8862,1052306,10,1052316
8863,1052609,20,1052629
8864,1052640,5,1052645
8865,1052681,31,1052712
8866,1052800,47,1052847
8867,1052986,12,1052998
8868,1053101,31,1053132
8869,1053266,14,1053280
8870,1053322,22,1053344
8871,1053462,6,1053468
8872,1053939,43,1053982
8873,1054537,17,1054554
8874,1054569,3,1054572
8875,1054632,26,1054658
8876,1054671,66,1054737
8877,1054860,37,1054897
8878,1054930,4,1054934
8879,1054978,26,1055004
8880,1055014,14,1055028
8881,1055037,5,1055042
8882,1055076,6,1055082
8883,1055329,48,1055377
8884,1055379,10,1055389
8885,1055509,62,1055571
8886,1055741,30,1055771
8887,1055843,11,1055854
8888,1055856,5,1055861
8889,1056004,1,1056005
8890,1056048,48,1056096
8891,1056258,34,1056292
8892,1056385,5,1056390
8893,1056409,5,1056414
8894,1056670,5,1056675
8895,1056715,19,1056734
8896,1056807,32,1056839
8897,1057106,44,1057150
8898,1057239,86,1057325
8899,1057381,12,1057393
8900,1057431,20,1057451
8901,1057472,19,1057491
8902,1057588,6,1057594
8903,1057658,6,1057664
8904,1057713,59,1057772
8905,1057815,28,1057843
8906,1057892,9,1057901
8907,1057912,12,1057924
8908,1057980,24,1058004
8909,1058021,2,1058023
8910,1058029,22,1058051
8911,1058291,45,1058336
8912,1058374,26,1058400
8913,1058439,38,1058477
8914,1058545,27,1058572
8915,1058581,16,1058597
8916,1058810,36,1058846
8917,1058868,33,1058901
8918,1058908,27,1058935
8919,1058937,3,1058940
8920,1059241,13,1059254
8921,1059464,24,1059488
8922,1059678,3,1059681
8923,1059888,30,1059918
8924,1060287,29,1060316
8925,1060532,19,1060551
8926,1060600,6,1060606
8927,1060687,38,1060725
8928,1060776,14,1060790
8929,1060870,18,1060888
8930,1060897,24,1060921
8931,1061058,3,1061061
8932,1061227,5,1061232
8933,1061296,8,1061304
8934,1061447,1,1061448
8935,1061493,15,1061508
8936,1061560,51,1061611
8937,1061684,42,1061726
8938,1061784,35,1061819
8939,1061833,5,1061838
8940,1062061,4,1062065
8941,1062080,5,1062085
8942,1062323,13,1062336
8943,1062343,18,1062361
8944,1062423,68,1062491
8945,1062763,44,1062807
8946,1062836,40,1062876
8947,1062882,6,1062888
8948,1062969,2,1062971
8949,1063029,14,1063043
8950,1063110,3,1063113
8951,1063205,11,1063216
8952,1063280,26,1063306
8953,1063310,26,1063336
8954,1063345,7,1063352
8955,1063419,5,1063424
8956,1063483,7,1063490
8957,1063960,20,1063980
8958,1064197,13,1064210
8959,1064317,31,1064348
8960,1064402,30,1064432
8961,1064505,71,1064576
8962,1064619,1,1064620
8963,1064654,34,1064688
8964,1064766,20,1064786
8965,1064820,28,1064848
8966,1065042,22,1065064
8967,1065156,25,1065181
8968,1065241,16,1065257
8969,1065388,5,1065393
8970,1065509,5,1065514
8971,1065658,15,1065673
8972,1065683,13,1065696
8973,1065758,4,1065762
8974,1065920,30,1065950
8975,1066014,29,1066043
8976,1066136,33,1066169
8977,1066314,5,1066319
8978,1066328,4,1066332
8979,1066343,22,1066365
8980,1066489,2,1066491
8981,1066921,2,1066923
8982,1066954,15,1066969
8983,1067130,5,1067135
8984,1067266,5,1067271
8985,1067544,5,1067549
8986,1067626,4,1067630
8987,1067729,58,1067787
8988,1067823,16,1067839
8989,1067860,2,1067862
8990,1067871,11,1067882
8991,1068024,6,1068030
8992,1068274,1,1068275
8993,1068325,32,1068357
8994,1068531,18,1068549
8995,1068569,8,1068577
8996,1068612,80,1068692
8997,1068779,6,1068785
8998,1068893,32,1068925
8999,1069067,1,1069068
9000,1069081,7,1069088
9001,1069162,20,1069182
9002,1069361,38,1069399
9003,1069552,3,1069555
9004,1069649,6,1069655
9005,1069776,36,1069812
9006,1069869,4,1069873
9007,1070049,36,1070085
9008,1070137,4,1070141
9009,1070308,22,1070330
9010,1070387,2,1070389
9011,1070409,25,1070434
9012,1070512,30,1070542
9013,1070682,29,1070711
9014,1070852,33,1070885
9015,1071086,92,1071178
9016,1071186,2,1071188
9017,1071211,10,1071221
9018,1071228,41,1071269
9019,1071368,12,1071380
9020,1071528,4,1071532
9021,1071791,10,1071801
9022,1071875,73,1071948
9023,1071986,4,1071990
9024,1072067,44,1072111
9025,1072139,37,1072176
9026,1072321,1,1072322
9027,1072351,7,1072358
9028,1072594,4,1072598
9029,1072825,28,1072853
9030,1073035,53,1073088
9031,1073152,41,1073193
9032,1073279,9,1073288
9033,1073330,19,1073349
9034,1073358,10,1073368
9035,1073580,38,1073618
9036,1073723,8,1073731
9037,1073829,18,1073847
9038,1074271,8,1074279
9039,1074283,14,1074297
9040,1074362,41,1074403
9041,1074532,7,1074539
9042,1074925,23,1074948
9043,1074977,9,1074986
9044,1075056,7,1075063
9045,1075154,144,1075298
9046,1075307,1,1075308
9047,1075363,20,1075383
9048,1075549,15,1075564
9049,1076011,15,1076026
9050,1076227,58,1076285
9051,1076469,25,1076494
9052,1076685,6,1076691
9053,1076751,2,1076753
9054,1076811,26,1076837
9055,1076848,6,1076854
9056,1077053,16,1077069
9057,1077174,4,1077178
9058,1077189,4,1077193
9059,1077357,24,1077381
9060,1077504,14,1077518
9061,1077556,3,1077559
9062,1077569,2,1077571
9063,1077797,2,1077799
9064,1077884,22,1077906
9065,1078000,15,1078015
9066,1078122,15,1078137
9067,1078151,5,1078156
9068,1078319,21,1078340
9069,1078399,18,1078417
9070,1078448,18,1078466
9071,1078481,4,1078485
9072,1078498,20,1078518
9073,1078597,2,1078599
9074,1078604,18,1078622
9075,1078777,38,1078815
9076,1078827,11,1078838
9077,1078848,59,1078907
9078,1078964,8,1078972
9079,1079033,9,1079042
9080,1079088,7,1079095
9081,1079120,15,1079135
9082,1079244,5,1079249
9083,1079290,14,1079304
9084,1079475,45,1079520
9085,1079561,6,1079567
9086,1079882,21,1079903
9087,1079905,7,1079912
9088,1080184,26,1080210
9089,1080358,4,1080362
9090,1080371,3,1080374
9091,1080588,11,1080599
9092,1080648,20,1080668
9093,1080757,9,1080766
9094,1080822,9,1080831
9095,1080921,8,1080929
9096,1081099,34,1081133
9097,1081172,56,1081228
9098,1081454,6,1081460
9099,1081565,25,1081590
9100,1081641,64,1081705
9101,1081719,26,1081745
9102,1081777,1,1081778
9103,1081803,3,1081806
9104,1082001,2,1082003
9105,1082045,15,1082060
9106,1082167,4,1082171
9107,1082185,18,1082203
9108,1082260,4,1082264
9109,1082307,5,1082312
9110,1082554,2,1082556
9111,1082564,2,1082566
9112,1082683,20,1082703
9113,1082773,98,1082871
9114,1082990,20,1083010
9115,1083093,14,1083107
9116,1083208,14,1083222
9117,1083263,114,1083377
9118,1083395,4,1083399
9119,1083444,9,1083453
9120,1083470,29,1083499
9121,1083784,31,1083815
9122,1083842,3,1083845
9123,1083959,29,1083988
9124,1084140,2,1084142
9125,1084175,12,1084187
9126,1084234,7,1084241
9127,1084378,9,1084387
9128,1084595,33,1084628
9129,1084808,21,1084829
9130,1084944,2,1084946
9131,1085179,6,1085185
9132,1085212,12,1085224
9133,1085447,26,1085473
9134,1085697,4,1085701
9135,1086061,72,1086133
9136,1086143,22,1086165
9137,1086210,39,1086249
9138,1086489,42,1086531
9139,1086556,17,1086573
9140,1086733,9,1086742
9141,1086747,17,1086764
9142,1087199,11,1087210
9143,1087218,17,1087235
9144,1087253,44,1087297
9145,1087303,36,1087339
9146,1087369,39,1087408
9147,1087415,21,1087436
9148,1087467,23,1087490
9149,1087491,36,1087527
9150,1087650,25,1087675
9151,1087810,7,1087817
9152,1087877,5,1087882
9153,1087904,42,1087946
9154,1087985,59,1088044
9155,1088064,25,1088089
9156,1088119,2,1088121
9157,1088426,1,1088427
9158,1088482,8,1088490
9159,1088498,6,1088504
9160,1088628,31,1088659
9161,1088789,28,1088817
9162,1088929,6,1088935
9163,1088942,11,1088953
9164,1088982,6,1088988
9165,1089040,27,1089067
9166,1089191,4,1089195
9167,1089246,20,1089266
9168,1089317,7,1089324
9169,1089600,14,1089614
9170,1089791,4,1089795
9171,1089829,2,1089831
9172,1089845,24,1089869
9173,1089898,4,1089902
9174,1089979,8,1089987
9175,1090255,26,1090281
9176,1090368,8,1090376
9177,1090456,7,1090463
9178,1090759,21,1090780
9179,1090800,23,1090823
9180,1091014,13,1091027
9181,1091050,3,1091053
9182,1091142,17,1091159
9183,1091301,21,1091322
9184,1091442,21,1091463
9185,1091537,13,1091550
9186,1091554,33,1091587
9187,1091709,60,1091769
9188,1091799,14,1091813
9189,1091867,43,1091910
9190,1092056,18,1092074
9191,1092225,111,1092336
9192,1092527,3,1092530
9193,1092576,2,1092578
9194,1092713,57,1092770
9195,1093062,43,1093105
9196,1093251,59,1093310
9197,1093348,26,1093374
9198,1093812,1,1093813
9199,1093817,63,1093880
9200,1093917,46,1093963
9201,1094368,1,1094369
9202,1094396,12,1094408
9203,1094605,14,1094619
9204,1094651,18,1094669
9205,1094689,53,1094742
9206,1094966,5,1094971
9207,1095028,32,1095060
9208,1095073,30,1095103
9209,1095126,47,1095173
9210,1095205,40,1095245
9211,1095310,12,1095322
9212,1095354,34,1095388
9213,1095495,55,1095550
9214,1095608,15,1095623
9215,1095677,10,1095687
9216,1095961,38,1095999
9217,1096202,24,1096226
9218,1096358,36,1096394
9219,1096514,23,1096537
9220,1096542,5,1096547
9221,1096610,72,1096682
9222,1096797,26,1096823
9223,1096894,44,1096938
9224,1097024,18,1097042
9225,1097136,48,1097184
9226,1097259,9,1097268
9227,1097327,25,1097352
9228,1097410,55,1097465
9229,1097713,16,1097729
9230,1097774,7,1097781
9231,1097803,17,1097820
9232,1097918,13,1097931
9233,1097943,4,1097947
9234,1098025,55,1098080
9235,1098095,6,1098101
9236,1098137,18,1098155
9237,1098245,44,1098289
9238,1098317,4,1098321
9239,1098356,56,1098412
9240,1098458,13,1098471
9241,1098593,11,1098604
9242,1098862,1,1098863
9243,1098951,6,1098957
9244,1098966,3,1098969
9245,1099123,39,1099162
9246,1099278,37,1099315
9247,1099407,15,1099422
9248,1099441,52,1099493
9249,1099655,13,1099668
9250,1099734,1,1099735
9251,1099741,40,1099781
9252,1099866,45,1099911
9253,1099987,14,1100001
9254,1100119,5,1100124
9255,1100209,14,1100223
9256,1100324,18,1100342
9257,1100371,4,1100375
9258,1100696,23,1100719
9259,1100754,6,1100760
9260,1100969,2,1100971
9261,1101008,53,1101061
9262,1101152,13,1101165
9263,1101219,35,1101254
9264,1101303,13,1101316
9265,1101380,11,1101391
9266,1101399,16,1101415
9267,1101472,38,1101510
9268,1101766,25,1101791
9269,1101808,31,1101839
9270,1101878,54,1101932
9271,1102034,28,1102062
9272,1102144,15,1102159
9273,1102239,6,1102245
9274,1102275,34,1102309
9275,1102490,9,1102499
9276,1102644,3,1102647
9277,1102744,16,1102760
9278,1102812,11,1102823
9279,1102824,22,1102846
9280,1102924,28,1102952
9281,1103009,1,1103010
9282,1103183,15,1103198
9283,1103482,20,1103502
9284,1103527,24,1103551
9285,1103575,14,1103589
9286,1103615,14,1103629
9287,1103652,10,1103662
9288,1104243,5,1104248
9289,1104283,66,1104349
9290,1104423,5,1104428
9291,1104539,28,1104567
9292,1104844,5,1104849
9293,1105090,10,1105100
9294,1105277,40,1105317
9295,1105335,25,1105360
9296,1105744,57,1105801
9297,1105912,9,1105921
9298,1106002,4,1106006
9299,1106219,3,1106222
9300,1106239,2,1106241
9301,1106542,9,1106551
9302,1106654,62,1106716
9303,1106956,2,1106958
9304,1106976,1,1106977
9305,1107044,12,1107056
9306,1107270,82,1107352
9307,1107394,10,1107404
9308,1107611,10,1107621
9309,1107875,25,1107900
9310,1107907,27,1107934
9311,1107938,3,1107941
9312,1108062,6,1108068
9313,1108108,6,1108114
9314,1108126,16,1108142
9315,1108181,3,1108184
9316,1108199,14,1108213
9317,1108246,4,1108250
9318,1108759,26,1108785
9319,1108999,68,1109067
9320,1109112,11,1109123
9321,1109289,46,1109335
9322,1109353,4,1109357
9323,1109387,14,1109401
9324,1109471,26,1109497
9325,1109569,16,1109585
9326,1109664,3,1109667
9327,1109731,8,1109739
9328,1109936,23,1109959
9329,1110011,38,1110049
9330,1110060,12,1110072
9331,1110141,6,1110147
9332,1110454,3,1110457
9333,1110493,7,1110500
9334,1110630,1,1110631
9335,1110646,2,1110648
9336,1110650,26,1110676
9337,1110892,52,1110944
9338,1110970,5,1110975
9339,1111062,5,1111067
9340,1111180,7,1111187
9341,1111292,5,1111297
9342,1111343,2,1111345
9343,1111348,59,1111407
9344,1111678,6,1111684
9345,1111756,7,1111763
9346,1111805,22,1111827
9347,1111864,44,1111908
9348,1111976,7,1111983
9349,1111985,15,1112000
9350,1112009,1,1112010
9351,1112170,26,1112196
9352,1112271,5,1112276
9353,1112281,4,1112285
9354,1112474,55,1112529
9355,1112867,17,1112884
9356,1112931,7,1112938
9357,1113012,45,1113057
9358,1113178,9,1113187
9359,1113280,17,1113297
9360,1113301,42,1113343
9361,1113508,3,1113511
9362,1113512,17,1113529
9363,1113535,46,1113581
9364,1113647,46,1113693
9365,1113825,2,1113827
9366,1114095,11,1114106
9367,1114136,5,1114141
9368,1114332,33,1114365
9369,1114439,2,1114441
9370,1114652,79,1114731
9371,1114778,48,1114826
9372,1114896,13,1114909
9373,1115099,25,1115124
9374,1115239,3,1115242
9375,1115359,19,1115378
9376,1115412,88,1115500
9377,1115723,10,1115733
9378,1115845,14,1115859
9379,1116030,62,1116092
9380,1116110,72,1116182
9381,1116215,18,1116233
9382,1116599,8,1116607
9383,1116652,49,1116701
9384,1116898,20,1116918
9385,1117021,28,1117049
9386,1117104,41,1117145
9387,1117402,109,1117511
9388,1117580,3,1117583
9389,1117857,32,1117889
9390,1117950,13,1117963
9391,1118209,90,1118299
9392,1118308,16,1118324
9393,1118371,1,1118372
9394,1118555,27,1118582
9395,1118669,6,1118675
9396,1118683,5,1118688
9397,1118815,17,1118832
9398,1118856,25,1118881
9399,1118945,5,1118950
9400,1118951,10,1118961
9401,1119030,23,1119053
9402,1119155,7,1119162
9403,1119200,16,1119216
9404,1119329,10,1119339
9405,1119553,8,1119561
9406,1120057,22,1120079
9407,1120231,2,1120233
9408,1120269,7,1120276
9409,1120534,11,1120545
9410,1120605,60,1120665
9411,1121018,29,1121047
9412,1121059,15,1121074
9413,1121093,3,1121096
9414,1121167,30,1121197
9415,1121340,19,1121359
9416,1121547,18,1121565
9417,1121701,49,1121750
9418,1121759,27,1121786
9419,1122229,27,1122256
9420,1122262,8,1122270
9421,1122522,114,1122636
9422,1122798,27,1122825
9423,1123246,43,1123289
9424,1123304,10,1123314
9425,1123416,23,1123439
9426,1123459,8,1123467
9427,1123489,73,1123562
9428,1123633,32,1123665
9429,1123701,10,1123711
9430,1123995,2,1123997
9431,1124009,14,1124023
9432,1124033,41,1124074
9433,1124082,7,1124089
9434,1124134,5,1124139
9435,1124240,28,1124268
9436,1124548,3,1124551
9437,1124624,64,1124688
9438,1124745,10,1124755
9439,1124776,1,1124777
9440,1124801,1,1124802
9441,1124864,27,1124891
9442,1124908,4,1124912
9443,1124965,15,1124980
9444,1125709,39,1125748
9445,1125760,8,1125768
9446,1125818,1,1125819
9447,1125848,63,1125911
9448,1125952,7,1125959
9449,1126006,3,1126009
9450,1126025,34,1126059
9451,1126077,4,1126081
9452,1126084,34,1126118
9453,1126365,42,1126407
9454,1126489,24,1126513
9455,1126529,19,1126548
9456,1126602,45,1126647
9457,1126784,11,1126795
9458,1126947,10,1126957
9459,1127058,5,1127063
9460,1127237,23,1127260
9461,1127372,40,1127412
9462,1127432,11,1127443
9463,1127504,15,1127519
9464,1127525,1,1127526
9465,1127573,27,1127600
9466,1127658,25,1127683
9467,1127701,12,1127713
9468,1127738,54,1127792
9469,1127875,21,1127896
9470,1127979,8,1127987
9471,1128052,21,1128073
9472,1128093,27,1128120
9473,1128190,41,1128231
9474,1128572,14,1128586
9475,1128614,1,1128615
9476,1128793,6,1128799
9477,1128813,10,1128823
9478,1128927,4,1128931
9479,1128991,2,1128993
9480,1129010,6,1129016
9481,1129183,1,1129184
9482,1129387,4,1129391
9483,1129448,17,1129465
9484,1129614,28,1129642
9485,1129667,21,1129688
9486,1129716,13,1129729
9487,1129738,13,1129751
9488,1129968,5,1129973
9489,1130021,4,1130025
9490,1130053,1,1130054
9491,1130079,20,1130099
9492,1130139,15,1130154
9493,1130238,20,1130258
9494,1130398,25,1130423
9495,1130456,20,1130476
9496,1130506,14,1130520
9497,1130584,35,1130619
9498,1130635,13,1130648
9499,1130815,4,1130819
9500,1131088,31,1131119
9501,1131127,2,1131129
9502,1131241,10,1131251
9503,1131353,22,1131375
9504,1131437,7,1131444
9505,1131642,2,1131644
9506,1131699,24,1131723
9507,1131750,26,1131776
9508,1132040,37,1132077
9509,1132137,31,1132168
9510,1132169,6,1132175
9511,1132209,2,1132211
9512,1132270,2,1132272
9513,1132303,2,1132305
9514,1132538,59,1132597
9515,1132746,36,1132782
9516,1132881,37,1132918
9517,1132939,2,1132941
9518,1133051,27,1133078
9519,1133094,3,1133097
9520,1133209,34,1133243
9521,1133400,7,1133407
9522,1133444,10,1133454
9523,1133474,6,1133480
9524,1133635,3,1133638
9525,1133739,27,1133766
9526,1133911,5,1133916
9527,1133919,27,1133946
9528,1134047,1,1134048
9529,1134200,4,1134204
9530,1134418,90,1134508
9531,1134560,61,1134621
9532,1134974,10,1134984
9533,1134987,26,1135013
9534,1135178,16,1135194
9535,1135279,40,1135319
9536,1135325,1,1135326
9537,1135499,15,1135514
9538,1135529,2,1135531
9539,1135574,7,1135581
9540,1135624,1,1135625
9541,1135662,7,1135669
9542,1135883,11,1135894
9543,1135938,8,1135946
9544,1136009,11,1136020
9545,1136125,43,1136168
9546,1136194,1,1136195
9547,1136246,4,1136250
9548,1136491,28,1136519
9549,1136543,14,1136557
9550,1136579,6,1136585
9551,1136605,62,1136667
9552,1136817,74,1136891
9553,1136953,11,1136964
9554,1137120,11,1137131
9555,1137148,20,1137168
9556,1137241,3,1137244
9557,1137508,10,1137518
9558,1137641,25,1137666
9559,1137696,6,1137702
9560,1137729,16,1137745
9561,1137797,35,1137832
9562,1137921,68,1137989
9563,1138235,12,1138247
9564,1138255,10,1138265
9565,1138270,3,1138273
9566,1138274,12,1138286
9567,1138317,30,1138347
9568,1138640,20,1138660
9569,1138761,10,1138771
9570,1138773,7,1138780
9571,1138781,2,1138783
9572,1138814,5,1138819
9573,1138913,16,1138929
9574,1139071,4,1139075
9575,1139091,30,1139121
9576,1139124,8,1139132
9577,1139212,4,1139216
9578,1139268,5,1139273
9579,1139594,19,1139613
9580,1139655,6,1139661
9581,1139958,30,1139988
9582,1140020,1,1140021
9583,1140037,12,1140049
9584,1140070,2,1140072
9585,1140133,1,1140134
9586,1140219,2,1140221
9587,1140617,105,1140722
9588,1140724,1,1140725
9589,1140746,11,1140757
9590,1140773,9,1140782
9591,1141041,5,1141046
9592,1141101,16,1141117
9593,1141228,7,1141235
9594,1141289,10,1141299
9595,1141441,16,1141457
9596,1141803,18,1141821
9597,1142239,18,1142257
9598,1142410,11,1142421
9599,1142452,69,1142521
9600,1142584,6,1142590
9601,1142618,38,1142656
9602,1142679,2,1142681
9603,1142840,4,1142844
9604,1142960,15,1142975
9605,1143016,41,1143057
9606,1143091,20,1143111
9607,1143261,11,1143272
9608,1143292,10,1143302
9609,1143321,1,1143322
9610,1143383,15,1143398
9611,1143569,30,1143599
9612,1143627,22,1143649
9613,1143828,31,1143859
9614,1143907,11,1143918
9615,1144451,20,1144471
9616,1144474,10,1144484
9617,1144493,2,1144495
9618,1144788,4,1144792
9619,1145016,53,1145069
9620,1145232,71,1145303
9621,1145453,13,1145466
9622,1145480,5,1145485
9623,1145490,2,1145492
9624,1145535,54,1145589
9625,1145761,16,1145777
9626,1145800,9,1145809
9627,1145874,1,1145875
9628,1146114,9,1146123
9629,1146137,13,1146150
9630,1146187,27,1146214
9631,1146409,12,1146421
9632,1146423,8,1146431
9633,1146509,47,1146556
9634,1146594,45,1146639
9635,1146739,3,1146742
9636,1146765,13,1146778
9637,1146846,14,1146860
9638,1147134,17,1147151
9639,1147411,12,1147423
9640,1147594,3,1147597
9641,1147614,35,1147649
9642,1147747,13,1147760
9643,1147938,3,1147941
9644,1148017,4,1148021
9645,1148029,35,1148064
9646,1148161,1,1148162
9647,1148314,4,1148318
9648,1148402,8,1148410
9649,1148463,9,1148472
9650,1148726,1,1148727
9651,1148752,11,1148763
9652,1148861,3,1148864
9653,1148964,4,1148968
9654,1149103,7,1149110
9655,1149493,37,1149530
9656,1149562,6,1149568
9657,1149569,46,1149615
9658,1149849,7,1149856
9659,1149939,4,1149943
9660,1150292,16,1150308
9661,1150357,35,1150392
9662,1150472,3,1150475
9663,1150518,12,1150530
9664,1150669,5,1150674
9665,1150903,27,1150930
9666,1150974,1,1150975
9667,1151048,24,1151072
9668,1151111,15,1151126
9669,1151132,34,1151166
9670,1151262,2,1151264
9671,1151417,5,1151422
9672,1151430,3,1151433
9673,1151466,9,1151475
9674,1151508,20,1151528
9675,1151851,10,1151861
9676,1151888,13,1151901
9677,1151904,11,1151915
9678,1151989,59,1152048
9679,1152049,10,1152059
9680,1152212,14,1152226
9681,1152236,4,1152240
9682,1152245,26,1152271
9683,1152287,4,1152291
9684,1152347,42,1152389
9685,1152437,2,1152439
9686,1152480,12,1152492
9687,1152837,13,1152850
9688,1152930,28,1152958
9689,1152977,16,1152993
9690,1153000,11,1153011
9691,1153120,48,1153168
9692,1153254,4,1153258
9693,1153449,37,1153486
9694,1153505,5,1153510
9695,1153772,9,1153781
9696,1153816,14,1153830
9697,1153953,6,1153959
9698,1154114,19,1154133
9699,1154295,6,1154301
9700,1154351,2,1154353
9701,1154495,22,1154517
9702,1154541,64,1154605
9703,1154631,1,1154632
9704,1154637,74,1154711
9705,1154807,28,1154835
9706,1154961,41,1155002
9707,1155214,21,1155235
9708,1155243,23,1155266
9709,1155320,10,1155330
9710,1155362,10,1155372
9711,1155377,27,1155404
9712,1155482,3,1155485
9713,1155539,17,1155556
9714,1155685,24,1155709
9715,1155711,2,1155713
9716,1155719,23,1155742
9717,1155759,31,1155790
9718,1155855,40,1155895
9719,1155922,25,1155947
9720,1155976,10,1155986
9721,1155992,25,1156017
9722,1156085,41,1156126
9723,1156188,2,1156190
9724,1156286,45,1156331
9725,1156343,3,1156346
9726,1156585,88,1156673
9727,1156698,5,1156703
9728,1156712,11,1156723
9729,1156817,25,1156842
9730,1156845,6,1156851
9731,1156989,1,1156990
9732,1157683,55,1157738
9733,1157829,19,1157848
9734,1157890,2,1157892
9735,1157914,38,1157952
9736,1158006,7,1158013
9737,1158446,42,1158488
9738,1158505,27,1158532
9739,1158662,39,1158701
9740,1158726,3,1158729
9741,1158904,10,1158914
9742,1158951,11,1158962
9743,1159022,47,1159069
9744,1159076,4,1159080
9745,1159089,6,1159095
9746,1159258,54,1159312
9747,1159381,57,1159438
9748,1159630,8,1159638
9749,1159800,8,1159808
9750,1160258,34,1160292
9751,1160399,27,1160426
9752,1160525,2,1160527
9753,1160678,3,1160681
9754,1160876,2,1160878
9755,1161083,22,1161105
9756,1161158,41,1161199
9757,1161260,47,1161307
9758,1161459,22,1161481
9759,1161533,13,1161546
9760,1161698,42,1161740
9761,1161781,3,1161784
9762,1161827,21,1161848
9763,1161857,42,1161899
9764,1161985,31,1162016
9765,1162051,4,1162055
9766,1162121,7,1162128
9767,1162177,46,1162223
9768,1162252,20,1162272
9769,1162328,4,1162332
9770,1162394,14,1162408
9771,1162465,17,1162482
9772,1162493,3,1162496
9773,1162622,75,1162697
9774,1162711,4,1162715
9775,1163105,45,1163150
9776,1163202,14,1163216
9777,1163399,11,1163410
9778,1163475,24,1163499
9779,1163503,12,1163515
9780,1163619,11,1163630
9781,1163633,17,1163650
9782,1163749,4,1163753
9783,1163756,25,1163781
9784,1163788,4,1163792
9785,1163826,161,1163987
9786,1164359,9,1164368
9787,1164432,8,1164440
9788,1164533,1,1164534
9789,1164676,51,1164727
9790,1164737,1,1164738
9791,1164794,22,1164816
9792,1164827,6,1164833
9793,1164852,14,1164866
9794,1164872,5,1164877
9795,1164890,4,1164894
9796,1164934,6,1164940
9797,1164978,4,1164982
9798,1164995,45,1165040
9799,1165054,44,1165098
9800,1165134,1,1165135
9801,1165248,22,1165270
9802,1165309,12,1165321
9803,1165489,16,1165505
9804,1165535,16,1165551
9805,1165589,13,1165602
9806,1165604,31,1165635
9807,1165713,5,1165718
9808,1165754,12,1165766
9809,1166046,11,1166057
9810,1166229,53,1166282
9811,1166311,8,1166319
9812,1166485,11,1166496
9813,1166497,45,1166542
9814,1166544,20,1166564
9815,1166763,1,1166764
9816,1166782,32,1166814
9817,1166830,17,1166847
9818,1166892,38,1166930
9819,1166970,15,1166985
9820,1167078,20,1167098
9821,1167259,11,1167270
9822,1167286,107,1167393
9823,1167579,66,1167645
9824,1167839,11,1167850
9825,1167973,2,1167975
9826,1168410,5,1168415
9827,1168539,2,1168541
9828,1168606,14,1168620
9829,1168768,19,1168787
9830,1168931,19,1168950
9831,1168963,13,1168976
9832,1169018,3,1169021
9833,1169139,20,1169159
9834,1169196,19,1169215
9835,1169222,10,1169232
9836,1169234,42,1169276
9837,1169296,13,1169309
9838,1169312,21,1169333
9839,1169344,31,1169375
9840,1169446,36,1169482
9841,1169498,15,1169513
9842,1169530,7,1169537
9843,1169664,2,1169666
9844,1169681,23,1169704
9845,1169914,14,1169928
9846,1169996,32,1170028
9847,1170364,38,1170402
9848,1170817,29,1170846
9849,1170913,2,1170915
9850,1170920,23,1170943
9851,1171104,1,1171105
9852,1171148,14,1171162
9853,1171314,20,1171334
9854,1171358,71,1171429
9855,1171604,44,1171648
9856,1171829,11,1171840
9857,1172012,1,1172013
9858,1172147,14,1172161
9859,1172187,17,1172204
9860,1172230,6,1172236
9861,1172466,27,1172493
9862,1172701,11,1172712
9863,1173027,5,1173032
9864,1173079,34,1173113
9865,1173437,34,1173471
9866,1173485,12,1173497
9867,1173587,8,1173595
9868,1173630,2,1173632
9869,1173703,65,1173768
9870,1173849,30,1173879
9871,1173902,106,1174008
9872,1174017,19,1174036
9873,1174082,4,1174086
9874,1174243,45,1174288
9875,1174310,2,1174312
9876,1174321,9,1174330
9877,1174360,26,1174386
9878,1174582,16,1174598
9879,1174736,21,1174757
9880,1174804,54,1174858
9881,1174886,78,1174964
9882,1175096,23,1175119
9883,1175280,7,1175287
9884,1175418,17,1175435
9885,1175642,4,1175646
9886,1175815,10,1175825
9887,1175924,17,1175941
9888,1175960,45,1176005
9889,1176187,8,1176195
9890,1176286,43,1176329
9891,1176496,21,1176517
9892,1176524,7,1176531
9893,1176537,16,1176553
9894,1176583,48,1176631
9895,1176698,8,1176706
9896,1176723,15,1176738
9897,1176804,5,1176809
9898,1177015,28,1177043
9899,1177079,1,1177080
9900,1177131,4,1177135
9901,1177200,34,1177234
9902,1177439,3,1177442
9903,1177506,1,1177507
9904,1177554,8,1177562
9905,1177572,23,1177595
9906,1177610,15,1177625
9907,1177654,38,1177692
9908,1177707,11,1177718
9909,1177775,2,1177777
9910,1177819,49,1177868
9911,1177913,15,1177928
9912,1178152,30,1178182
9913,1178277,5,1178282
9914,1178323,27,1178350
9915,1178365,33,1178398
9916,1178591,41,1178632
9917,1178833,25,1178858
9918,1179004,33,1179037
9919,1179211,5,1179216
9920,1179332,32,1179364
9921,1179447,26,1179473
9922,1179478,1,1179479
9923,1179518,5,1179523
9924,1179554,3,1179557
9925,1179576,59,1179635
9926,1179688,64,1179752
9927,1179821,41,1179862
9928,1179910,7,1179917
9929,1180085,5,1180090
9930,1180467,9,1180476
9931,1180680,71,1180751
9932,1180773,1,1180774
9933,1181331,14,1181345
9934,1181385,15,1181400
9935,1181406,8,1181414
9936,1181476,9,1181485
9937,1181515,15,1181530
9938,1181629,11,1181640
9939,1181772,12,1181784
9940,1181799,19,1181818
9941,1181876,25,1181901
9942,1182007,16,1182023
9943,1182083,51,1182134
9944,1182150,2,1182152
9945,1182206,8,1182214
9946,1182666,28,1182694
9947,1182783,30,1182813
9948,1183050,8,1183058
9949,1183423,6,1183429
9950,1183551,15,1183566
9951,1183572,35,1183607
9952,1183718,2,1183720
9953,1183820,2,1183822
9954,1183838,2,1183840
9955,1183871,24,1183895
9956,1183916,31,1183947
9957,1183986,25,1184011
9958,1184170,79,1184249
9959,1184389,25,1184414
9960,1184472,13,1184485
9961,1184499,50,1184549
9962,1184558,49,1184607
9963,1184663,23,1184686
9964,1184717,21,1184738
9965,1184753,14,1184767
9966,1184819,3,1184822
9967,1184965,33,1184998
9968,1185016,43,1185059
9969,1185091,1,1185092
9970,1185126,12,1185138
9971,1185155,10,1185165
9972,1185175,22,1185197
9973,1185220,12,1185232
9974,1185238,26,1185264
9975,1185287,20,1185307
9976,1185312,19,1185331
9977,1185630,37,1185667
9978,1185747,26,1185773
9979,1185805,12,1185817
9980,1185848,6,1185854
9981,1185868,72,1185940
9982,1186047,2,1186049
9983,1186056,7,1186063
9984,1186114,1,1186115
9985,1186642,5,1186647
9986,1186649,6,1186655
9987,1186735,46,1186781
9988,1186892,16,1186908
9989,1186975,11,1186986
9990,1186995,20,1187015
9991,1187028,5,1187033
9992,1187035,108,1187143
9993,1187198,17,1187215
9994,1187308,18,1187326
9995,1187492,7,1187499
9996,1187547,15,1187562
9997,1187594,18,1187612
9998,1187666,39,1187705
9999,1187825,11,1187836
10000,1188069,11,1188080
10001,1188102,21,1188123
10002,1188164,2,1188166
10003,1188234,1,1188235
10004,1188361,36,1188397
10005,1188594,15,1188609
10006,1188623,5,1188628
10007,1188632,18,1188650
10008,1188842,16,1188858
10009,1188986,16,1189002
10010,1189015,30,1189045
10011,1189223,1,1189224
10012,1189343,7,1189350
10013,1189382,9,1189391
10014,1189420,14,1189434
10015,1189463,2,1189465
10016,1189667,12,1189679
10017,1190006,28,1190034
10018,1190110,36,1190146
10019,1190205,75,1190280
10020,1190524,1,1190525
10021,1190835,2,1190837
10022,1190959,8,1190967
10023,1191149,29,1191178
10024,1191464,37,1191501
10025,1191598,17,1191615
10026,1191703,8,1191711
10027,1191894,9,1191903
10028,1191926,6,1191932
10029,1191985,41,1192026
10030,1192334,14,1192348
10031,1192398,23,1192421
10032,1192510,9,1192519
10033,1192522,9,1192531
10034,1192710,9,1192719
10035,1192727,7,1192734
10036,1192833,3,1192836
10037,1193184,1,1193185
10038,1193292,3,1193295
10039,1193367,1,1193368
10040,1193462,15,1193477
10041,1193492,47,1193539
10042,1193609,3,1193612
10043,1193618,37,1193655
10044,1193686,29,1193715
10045,1193772,5,1193777
10046,1193831,51,1193882
10047,1194286,6,1194292
10048,1194355,24,1194379
10049,1194548,1,1194549
10050,1194666,20,1194686
10051,1194693,7,1194700
10052,1194825,28,1194853
10053,1194885,3,1194888
10054,1195198,3,1195201
10055,1195203,81,1195284
10056,1195410,7,1195417
10057,1195438,4,1195442
10058,1195506,9,1195515
10059,1195519,16,1195535
10060,1195555,46,1195601
10061,1195727,4,1195731
10062,1195966,172,1196138
10063,1196379,11,1196390
10064,1196470,8,1196478
10065,1196583,42,1196625
10066,1196775,32,1196807
10067,1196997,10,1197007
10068,1197009,51,1197060
10069,1197181,20,1197201
10070,1197332,27,1197359
10071,1197494,12,1197506
10072,1197558,21,1197579
10073,1197580,19,1197599
10074,1197847,16,1197863
10075,1197874,25,1197899
10076,1197912,2,1197914
10077,1198164,29,1198193
10078,1198203,12,1198215
10079,1198359,15,1198374
10080,1198987,7,1198994
10081,1199002,13,1199015
10082,1199053,3,1199056
10083,1199091,12,1199103
10084,1199134,14,1199148
10085,1199396,4,1199400
10086,1199591,10,1199601
10087,1199611,35,1199646
10088,1199650,34,1199684
10089,1199799,3,1199802
10090,1200046,22,1200068
10091,1200133,5,1200138
10092,1200260,2,1200262
10093,1200320,17,1200337
10094,1200340,27,1200367
10095,1200776,12,1200788
10096,1200832,9,1200841
10097,1200861,15,1200876
10098,1200925,44,1200969
10099,1200975,13,1200988
10100,1201027,7,1201034
10101,1201101,24,1201125
10102,1201195,2,1201197
10103,1201348,36,1201384
10104,1201538,3,1201541
10105,1201565,8,1201573
10106,1201574,44,1201618
10107,1201620,91,1201711
10108,1201762,20,1201782
10109,1201801,18,1201819
10110,1202122,26,1202148
10111,1202292,57,1202349
10112,1202477,34,1202511
10113,1202632,109,1202741
10114,1202767,8,1202775
10115,1202779,14,1202793
10116,1202834,18,1202852
10117,1202875,30,1202905
10118,1202920,44,1202964
10119,1202969,26,1202995
10120,1203010,9,1203019
10121,1203106,45,1203151
10122,1203158,8,1203166
10123,1203201,7,1203208
10124,1203236,18,1203254
10125,1203350,8,1203358
10126,1203469,8,1203477
10127,1203490,22,1203512
10128,1203626,85,1203711
10129,1203804,8,1203812
10130,1203844,13,1203857
10131,1203899,4,1203903
10132,1204086,24,1204110
10133,1204283,15,1204298
10134,1204310,29,1204339
10135,1204379,22,1204401
10136,1204428,10,1204438
10137,1204472,2,1204474
10138,1204662,89,1204751
10139,1204887,10,1204897
10140,1204991,3,1204994
10141,1205040,3,1205043
10142,1205080,13,1205093
10143,1205141,59,1205200
10144,1205422,2,1205424
10145,1205742,7,1205749
10146,1205761,27,1205788
10147,1205882,62,1205944
10148,1205980,1,1205981
10149,1206102,8,1206110
10150,1206203,5,1206208
10151,1206244,7,1206251
10152,1206550,3,1206553
10153,1206565,11,1206576
10154,1206583,18,1206601
10155,1206683,11,1206694
10156,1206837,47,1206884
10157,1206902,11,1206913
10158,1206989,9,1206998
10159,1207157,13,1207170
10160,1207356,13,1207369
10161,1207379,1,1207380
10162,1207495,11,1207506
10163,1207523,15,1207538
10164,1207603,4,1207607
10165,1207727,59,1207786
10166,1207816,40,1207856
10167,1208039,22,1208061
10168,1208097,37,1208134
10169,1208139,10,1208149
10170,1208373,19,1208392
10171,1208448,8,1208456
10172,1208534,20,1208554
10173,1208593,40,1208633
10174,1208802,32,1208834
10175,1208935,6,1208941
10176,1209034,26,1209060
10177,1209074,13,1209087
10178,1209102,4,1209106
10179,1209133,19,1209152
10180,1209622,14,1209636
10181,1209765,34,1209799
10182,1209875,33,1209908
10183,1209914,55,1209969
10184,1210084,16,1210100
10185,1210177,10,1210187
10186,1210337,22,1210359
10187,1210574,8,1210582
10188,1210618,43,1210661
10189,1210984,36,1211020
10190,1211187,2,1211189
10191,1211308,23,1211331
10192,1211581,16,1211597
10193,1211680,73,1211753
10194,1211759,9,1211768
10195,1211995,4,1211999
10196,1212012,69,1212081
10197,1212129,13,1212142
10198,1212277,2,1212279
10199,1212459,4,1212463
10200,1212483,36,1212519
10201,1212542,29,1212571
10202,1212643,61,1212704
10203,1212754,4,1212758
10204,1212987,1,1212988
10205,1213241,19,1213260
10206,1213296,9,1213305
10207,1213448,25,1213473
10208,1213578,1,1213579
10209,1213598,34,1213632
10210,1213841,27,1213868
10211,1213935,5,1213940
10212,1214042,29,1214071
10213,1214212,4,1214216
10214,1214234,64,1214298
10215,1214332,12,1214344
10216,1214397,7,1214404
10217,1214426,48,1214474
10218,1214482,9,1214491
10219,1214502,22,1214524
10220,1214549,51,1214600
10221,1214659,20,1214679
10222,1214689,10,1214699
10223,1214770,14,1214784
10224,1214799,3,1214802
10225,1214829,18,1214847
10226,1214923,2,1214925
10227,1214976,32,1215008
10228,1215059,6,1215065
10229,1215300,12,1215312
10230,1215601,4,1215605
10231,1215616,42,1215658
10232,1215701,12,1215713
10233,1215764,4,1215768
10234,1215922,9,1215931
10235,1216191,5,1216196
10236,1216286,16,1216302
10237,1216470,6,1216476
10238,1216491,14,1216505
10239,1216540,42,1216582
10240,1216662,13,1216675
10241,1216678,54,1216732
10242,1216754,26,1216780
10243,1216918,1,1216919
10244,1216967,9,1216976
10245,1217001,30,1217031
10246,1217106,3,1217109
10247,1217254,5,1217259
10248,1217333,24,1217357
10249,1217409,20,1217429
10250,1217431,32,1217463
10251,1217688,46,1217734
10252,1217735,17,1217752
10253,1217793,41,1217834
10254,1217955,24,1217979
10255,1218164,21,1218185
10256,1218238,1,1218239
10257,1218492,13,1218505
10258,1218616,43,1218659
10259,1218777,4,1218781
10260,1218809,2,1218811
10261,1218832,18,1218850
10262,1218858,3,1218861
10263,1219037,15,1219052
10264,1219181,13,1219194
10265,1219284,3,1219287
10266,1219584,6,1219590
10267,1219748,6,1219754
10268,1219773,29,1219802
10269,1219897,84,1219981
10270,1220006,2,1220008
10271,1220184,16,1220200
10272,1220257,38,1220295
10273,1220298,32,1220330
10274,1220413,64,1220477
10275,1220520,12,1220532
10276,1220655,4,1220659
10277,1220735,21,1220756
10278,1220813,5,1220818
10279,1220878,2,1220880
10280,1220983,20,1221003
10281,1221032,9,1221041
10282,1221229,1,1221230
10283,1221395,66,1221461
10284,1221546,14,1221560
10285,1221603,8,1221611
10286,1221834,27,1221861
10287,1222230,10,1222240
10288,1222306,36,1222342
10289,1222774,10,1222784
10290,1223082,3,1223085
10291,1223161,13,1223174
10292,1223215,26,1223241
10293,1223289,11,1223300
10294,1223366,8,1223374
10295,1223608,4,1223612
10296,1223663,20,1223683
10297,1223752,17,1223769
10298,1223804,2,1223806
10299,1223952,23,1223975
10300,1224127,64,1224191
10301,1224215,11,1224226
10302,1224353,3,1224356
10303,1224517,58,1224575
10304,1224636,15,1224651
10305,1224715,17,1224732
10306,1224793,10,1224803
10307,1225104,29,1225133
10308,1225159,19,1225178
10309,1225261,17,1225278
10310,1225432,32,1225464
10311,1225801,35,1225836
10312,1225841,2,1225843
10313,1225876,6,1225882
10314,1225898,4,1225902
10315,1225923,25,1225948
10316,1226160,7,1226167
10317,1226582,12,1226594
10318,1226775,27,1226802
10319,1226850,2,1226852
10320,1226895,11,1226906
10321,1227236,4,1227240
10322,1227342,2,1227344
10323,1227377,4,1227381
10324,1227413,30,1227443
10325,1227863,17,1227880
10326,1228111,7,1228118
10327,1228270,14,1228284
10328,1228335,13,1228348
10329,1228349,20,1228369
10330,1228375,16,1228391
10331,1228460,2,1228462
10332,1228655,1,1228656
10333,1228724,24,1228748
10334,1228794,5,1228799
10335,1229131,4,1229135
10336,1229289,16,1229305
10337,1229307,8,1229315
10338,1229344,21,1229365
10339,1229435,33,1229468
10340,1229541,6,1229547
10341,1229745,18,1229763
10342,1229834,2,1229836
10343,1229992,5,1229997
10344,1230002,19,1230021
10345,1230043,34,1230077
10346,1230146,9,1230155
10347,1230365,6,1230371
10348,1230492,18,1230510
10349,1230580,8,1230588
10350,1230629,7,1230636
10351,1230661,11,1230672
10352,1230713,21,1230734
10353,1230768,29,1230797
10354,1230810,20,1230830
10355,1230855,37,1230892
10356,1230945,3,1230948
10357,1231029,11,1231040
10358,1231100,12,1231112
10359,1231670,3,1231673
10360,1231712,11,1231723
10361,1232164,39,1232203
10362,1232390,11,1232401
10363,1232421,10,1232431
10364,1232546,39,1232585
10365,1232777,10,1232787
10366,1232885,17,1232902
10367,1232972,78,1233050
10368,1233055,46,1233101
10369,1233119,70,1233189
10370,1233287,19,1233306
10371,1233537,70,1233607
10372,1233855,43,1233898
10373,1234026,3,1234029
10374,1234036,22,1234058
10375,1234076,4,1234080
10376,1234166,1,1234167
10377,1234210,8,1234218
10378,1234425,20,1234445
10379,1234538,39,1234577
10380,1234587,11,1234598
10381,1234704,6,1234710
10382,1234805,11,1234816
10383,1234987,41,1235028
10384,1235135,31,1235166
10385,1235221,18,1235239
10386,1235314,8,1235322
10387,1235622,1,1235623
10388,1236073,18,1236091
10389,1236202,21,1236223
10390,1236305,38,1236343
10391,1236391,16,1236407
10392,1236421,42,1236463
10393,1236469,6,1236475
10394,1236743,7,1236750
10395,1236788,20,1236808
10396,1236869,19,1236888
10397,1237104,30,1237134
10398,1237185,10,1237195
10399,1237296,11,1237307
10400,1237392,17,1237409
10401,1237587,5,1237592
10402,1237621,43,1237664
10403,1237774,12,1237786
10404,1237901,54,1237955
10405,1238053,21,1238074
10406,1238089,41,1238130
10407,1238147,20,1238167
10408,1238431,4,1238435
10409,1238470,22,1238492
10410,1238731,19,1238750
10411,1238803,112,1238915
10412,1239007,47,1239054
10413,1239089,3,1239092
10414,1239202,8,1239210
10415,1239218,10,1239228
10416,1239278,29,1239307
10417,1239347,21,1239368
10418,1239616,2,1239618
10419,1239869,29,1239898
10420,1240034,14,1240048
10421,1240058,8,1240066
10422,1240252,7,1240259
10423,1240260,31,1240291
10424,1240303,14,1240317
10425,1240680,13,1240693
10426,1240737,78,1240815
10427,1240824,113,1240937
10428,1240955,12,1240967
10429,1241017,16,1241033
10430,1241144,7,1241151
10431,1241186,27,1241213
10432,1241300,11,1241311
10433,1241386,46,1241432
10434,1241584,18,1241602
10435,1241757,47,1241804
10436,1241973,11,1241984
10437,1242026,18,1242044
10438,1242403,21,1242424
10439,1242701,64,1242765
10440,1242810,3,1242813
10441,1242936,40,1242976
10442,1243124,32,1243156
10443,1243219,1,1243220
10444,1243253,3,1243256
10445,1243307,4,1243311
10446,1243337,44,1243381
10447,1243744,25,1243769
10448,1243803,60,1243863
10449,1243879,2,1243881
10450,1243918,2,1243920
10451,1244096,18,1244114
10452,1244315,26,1244341
10453,1244363,39,1244402
10454,1244407,42,1244449
10455,1244473,15,1244488
10456,1244709,9,1244718
10457,1244750,43,1244793
10458,1244919,46,1244965
10459,1245110,1,1245111
10460,1245263,7,1245270
10461,1245291,1,1245292
10462,1245322,3,1245325
10463,1245354,20,1245374
10464,1245412,10,1245422
10465,1245424,77,1245501
10466,1245505,48,1245553
10467,1245565,45,1245610
10468,1245739,9,1245748
10469,1245932,14,1245946
10470,1246159,86,1246245
10471,1246583,30,1246613
10472,1246890,2,1246892
10473,1247029,26,1247055
10474,1247128,29,1247157
10475,1247209,5,1247214
10476,1247264,9,1247273
10477,1247601,18,1247619
10478,1247666,23,1247689
10479,1247751,18,1247769
10480,1247857,5,1247862
10481,1247906,32,1247938
10482,1247963,9,1247972
10483,1247991,27,1248018
10484,1248155,16,1248171
10485,1248359,51,1248410
10486,1248467,1,1248468
10487,1248541,3,1248544
10488,1248550,10,1248560
10489,1248589,8,1248597
10490,1248642,2,1248644
10491,1248759,10,1248769
10492,1248824,2,1248826
10493,1249348,4,1249352
10494,1249451,18,1249469
10495,1249521,12,1249533
10496,1249558,31,1249589
10497,1250406,3,1250409
10498,1250483,1,1250484
10499,1250684,9,1250693
10500,1250720,21,1250741
10501,1250904,5,1250909
10502,1250927,19,1250946
10503,1251138,12,1251150
10504,1251195,2,1251197
10505,1251215,15,1251230
10506,1251394,55,1251449
10507,1251475,22,1251497
10508,1251599,6,1251605
10509,1252005,1,1252006
10510,1252242,27,1252269
10511,1252302,3,1252305
10512,1252456,13,1252469
10513,1252596,15,1252611
10514,1252696,7,1252703
10515,1252729,37,1252766
10516,1252780,30,1252810
10517,1253041,2,1253043
10518,1253072,54,1253126
10519,1253270,32,1253302
10520,1253525,2,1253527
10521,1253561,4,1253565
10522,1253574,48,1253622
10523,1253864,13,1253877
10524,1253985,59,1254044
10525,1254047,8,1254055
10526,1254231,9,1254240
10527,1254348,1,1254349
10528,1254425,46,1254471
10529,1254494,23,1254517
10530,1254640,41,1254681
10531,1254913,2,1254915
10532,1254965,25,1254990
10533,1255028,27,1255055
10534,1255133,6,1255139
10535,1255187,5,1255192
10536,1255365,4,1255369
10537,1255475,10,1255485
10538,1255487,30,1255517
10539,1255523,6,1255529
10540,1255684,13,1255697
10541,1255711,25,1255736
10542,1255844,31,1255875
10543,1256319,37,1256356
10544,1256357,13,1256370
10545,1256607,15,1256622
10546,1256730,69,1256799
10547,1256909,4,1256913
10548,1256986,14,1257000
10549,1257029,72,1257101
10550,1257115,7,1257122
10551,1257175,5,1257180
10552,1257460,2,1257462
10553,1257511,55,1257566
10554,1257627,2,1257629
10555,1257869,8,1257877
10556,1258029,2,1258031
10557,1258062,4,1258066
10558,1258096,16,1258112
10559,1258176,15,1258191
10560,1258236,17,1258253
10561,1258357,9,1258366
10562,1258381,46,1258427
10563,1258475,11,1258486
10564,1258578,57,1258635
10565,1258667,16,1258683
10566,1258899,12,1258911
10567,1258967,11,1258978
10568,1259002,4,1259006
10569,1259023,27,1259050
10570,1259085,70,1259155
10571,1259445,15,1259460
10572,1259521,20,1259541
10573,1259716,6,1259722
10574,1259725,33,1259758
10575,1259776,32,1259808
10576,1260101,10,1260111
10577,1260240,2,1260242
10578,1260519,19,1260538
10579,1260550,8,1260558
10580,1260785,16,1260801
10581,1261182,15,1261197
10582,1261226,26,1261252
10583,1261315,22,1261337
10584,1261430,54,1261484
10585,1261486,16,1261502
10586,1261562,46,1261608
10587,1261610,27,1261637
10588,1261756,38,1261794
10589,1261863,27,1261890
10590,1261927,2,1261929
10591,1262036,2,1262038
10592,1262541,10,1262551
10593,1262589,2,1262591
10594,1262934,6,1262940
10595,1263068,20,1263088
10596,1263199,4,1263203
10597,1263313,8,1263321
10598,1263475,10,1263485
10599,1263500,29,1263529
10600,1263549,58,1263607
10601,1263635,17,1263652
10602,1263680,12,1263692
10603,1263776,25,1263801
10604,1263809,15,1263824
10605,1263892,24,1263916
10606,1264004,8,1264012
10607,1264104,24,1264128
10608,1264131,3,1264134
10609,1264224,43,1264267
10610,1264268,18,1264286
10611,1264443,31,1264474
10612,1264723,38,1264761
10613,1264889,16,1264905
10614,1264927,5,1264932
10615,1264942,6,1264948
10616,1265058,12,1265070
10617,1265226,7,1265233
10618,1265294,26,1265320
10619,1265368,15,1265383
10620,1265419,6,1265425
10621,1265459,9,1265468
10622,1265589,10,1265599
10623,1265651,29,1265680
10624,1265710,15,1265725
10625,1266100,7,1266107
10626,1266152,10,1266162
10627,1266251,26,1266277
10628,1266294,12,1266306
10629,1266341,51,1266392
10630,1266498,34,1266532
10631,1266943,42,1266985
10632,1267156,27,1267183
10633,1267267,23,1267290
10634,1267340,13,1267353
10635,1267652,37,1267689
10636,1267771,1,1267772
10637,1267784,3,1267787
10638,1268111,2,1268113
10639,1268218,7,1268225
10640,1268290,36,1268326
10641,1268330,18,1268348
10642,1268400,29,1268429
10643,1268536,20,1268556
10644,1268672,31,1268703
10645,1268745,8,1268753
10646,1268949,4,1268953
10647,1269046,18,1269064
10648,1269093,24,1269117
10649,1269245,5,1269250
10650,1269349,14,1269363
10651,1269393,1,1269394
10652,1269431,7,1269438
10653,1269525,17,1269542
10654,1269718,1,1269719
10655,1269758,15,1269773
10656,1269791,52,1269843
10657,1269850,16,1269866
10658,1270133,29,1270162
10659,1270169,42,1270211
10660,1270408,6,1270414
10661,1270502,17,1270519
10662,1270713,25,1270738
10663,1270829,41,1270870
10664,1270911,13,1270924
10665,1271033,19,1271052
10666,1271199,18,1271217
10667,1271339,20,1271359
10668,1271421,27,1271448
10669,1271481,79,1271560
10670,1271625,26,1271651
10671,1271677,31,1271708
10672,1271747,15,1271762
10673,1271779,28,1271807
10674,1271893,4,1271897
10675,1272144,17,1272161
10676,1272259,29,1272288
10677,1272357,12,1272369
10678,1272464,21,1272485
10679,1272538,88,1272626
10680,1272710,57,1272767
10681,1272794,3,1272797
10682,1272811,60,1272871
10683,1272889,5,1272894
10684,1273037,20,1273057
10685,1273288,15,1273303
10686,1273396,19,1273415
10687,1273601,18,1273619
10688,1273720,13,1273733
10689,1273846,1,1273847
10690,1273848,30,1273878
10691,1273947,8,1273955
10692,1274101,30,1274131
10693,1274450,10,1274460
10694,1274485,6,1274491
10695,1274592,4,1274596
10696,1274634,11,1274645
10697,1274857,39,1274896
10698,1275065,74,1275139
10699,1275183,1,1275184
10700,1275219,6,1275225
10701,1275435,6,1275441
10702,1275527,14,1275541
10703,1275704,94,1275798
10704,1275812,28,1275840
10705,1275989,10,1275999
10706,1276043,53,1276096
10707,1276243,72,1276315
10708,1276652,57,1276709
10709,1276779,30,1276809
10710,1276825,57,1276882
10711,1277008,49,1277057
10712,1277132,20,1277152
10713,1277307,2,1277309
10714,1277543,9,1277552
10715,1277572,22,1277594
10716,1277752,24,1277776
10717,1277876,34,1277910
10718,1277930,8,1277938
10719,1277965,38,1278003
10720,1278030,10,1278040
10721,1278075,6,1278081
10722,1278091,35,1278126
10723,1278169,9,1278178
10724,1278188,2,1278190
10725,1278285,8,1278293
10726,1278328,2,1278330
10727,1278349,12,1278361
10728,1278481,2,1278483
10729,1278548,82,1278630
10730,1278744,61,1278805
10731,1278919,1,1278920
10732,1279311,5,1279316
10733,1279317,50,1279367
10734,1279369,45,1279414
10735,1279538,19,1279557
10736,1279576,65,1279641
10737,1280058,13,1280071
10738,1280101,6,1280107
10739,1280118,23,1280141
10740,1280188,61,1280249
10741,1280380,42,1280422
10742,1280510,35,1280545
10743,1280720,4,1280724
10744,1280799,1,1280800
10745,1281032,19,1281051
10746,1281094,45,1281139
10747,1281161,36,1281197
10748,1281269,1,1281270
10749,1281302,28,1281330
10750,1281496,7,1281503
10751,1282118,24,1282142
10752,1282259,4,1282263
10753,1282313,16,1282329
10754,1282334,17,1282351
10755,1282522,12,1282534
10756,1282563,20,1282583
10757,1282657,9,1282666
10758,1282686,3,1282689
10759,1282715,10,1282725
10760,1283067,10,1283077
10761,1283109,48,1283157
10762,1283163,9,1283172
10763,1283182,2,1283184
10764,1283198,2,1283200
10765,1283369,28,1283397
10766,1283449,6,1283455
10767,1283530,14,1283544
10768,1283725,3,1283728
10769,1283746,55,1283801
10770,1283812,17,1283829
10771,1284020,5,1284025
10772,1284125,37,1284162
10773,1284293,12,1284305
10774,1284322,21,1284343
10775,1284547,41,1284588
10776,1284710,2,1284712
10777,1284893,13,1284906
10778,1285003,12,1285015
10779,1285041,25,1285066
10780,1285208,2,1285210
10781,1285214,19,1285233
10782,1285264,38,1285302
10783,1285429,24,1285453
10784,1285459,5,1285464
10785,1285475,6,1285481
10786,1285708,35,1285743
10787,1285752,2,1285754
10788,1285992,25,1286017
10789,1286025,43,1286068
10790,1286149,13,1286162
10791,1286303,12,1286315
10792,1286325,12,1286337
10793,1286385,33,1286418
10794,1286504,13,1286517
10795,1286585,5,1286590
10796,1286596,49,1286645
10797,1286679,50,1286729
10798,1286819,7,1286826
10799,1287486,22,1287508
10800,1287734,35,1287769
10801,1288003,17,1288020
10802,1288226,1,1288227
10803,1288302,22,1288324
10804,1288358,37,1288395
10805,1288475,46,1288521
10806,1288594,13,1288607
10807,1288614,54,1288668
10808,1288840,3,1288843
10809,1288973,28,1289001
10810,1289100,14,1289114
10811,1289219,13,1289232
10812,1289325,47,1289372
10813,1289554,8,1289562
10814,1289577,1,1289578
10815,1289734,12,1289746
10816,1289768,10,1289778
10817,1289874,7,1289881
10818,1289900,10,1289910
10819,1290054,16,1290070
10820,1290237,64,1290301
10821,1290356,147,1290503
10822,1290657,5,1290662
10823,1290699,16,1290715
10824,1290743,31,1290774
10825,1290778,39,1290817
10826,1290826,26,1290852
10827,1290957,6,1290963
10828,1291230,50,1291280
10829,1291526,29,1291555
10830,1291557,13,1291570
10831,1291606,6,1291612
10832,1291765,3,1291768
10833,1291942,29,1291971
10834,1291988,15,1292003
10835,1292018,6,1292024
10836,1292048,21,1292069
10837,1292275,21,1292296
10838,1292432,33,1292465
10839,1292593,27,1292620
10840,1293041,90,1293131
10841,1293135,13,1293148
10842,1293198,8,1293206
10843,1293262,5,1293267
10844,1293353,2,1293355
10845,1293358,7,1293365
10846,1293394,62,1293456
10847,1293495,15,1293510
10848,1293595,27,1293622
10849,1293685,14,1293699
10850,1293812,3,1293815
10851,1293854,58,1293912
10852,1294040,18,1294058
10853,1294156,25,1294181
10854,1294337,1,1294338
10855,1294340,62,1294402
10856,1294551,1,1294552
10857,1294557,33,1294590
10858,1294651,17,1294668
10859,1294731,1,1294732
10860,1294744,13,1294757
10861,1294828,6,1294834
10862,1294866,50,1294916
10863,1295038,28,1295066
10864,1295175,3,1295178
10865,1295192,8,1295200
10866,1295209,3,1295212
10867,1295441,1,1295442
10868,1295599,37,1295636
10869,1295942,1,1295943
10870,1296138,1,1296139
10871,1296144,12,1296156
10872,1296355,22,1296377
10873,1296381,22,1296403
10874,1296469,19,1296488
10875,1296673,19,1296692
10876,1296774,8,1296782
10877,1296864,9,1296873
10878,1297114,5,1297119
10879,1297146,4,1297150
10880,1297163,2,1297165
10881,1297192,26,1297218
10882,1297232,76,1297308
10883,1297343,16,1297359
10884,1297362,8,1297370
10885,1297390,2,1297392
10886,1297398,19,1297417
10887,1297430,6,1297436
10888,1297454,21,1297475
10889,1297610,3,1297613
10890,1297735,64,1297799
10891,1297804,13,1297817
10892,1298059,2,1298061
10893,1298169,27,1298196
10894,1298291,15,1298306
10895,1298486,26,1298512
10896,1298584,41,1298625
10897,1298696,17,1298713
10898,1298792,12,1298804
10899,1298967,4,1298971
10900,1299249,14,1299263
10901,1299427,24,1299451
10902,1299529,30,1299559
10903,1299727,5,1299732
10904,1299838,28,1299866
10905,1299913,10,1299923
10906,1300252,36,1300288
10907,1300309,18,1300327
10908,1300434,30,1300464
10909,1300479,14,1300493
10910,1300572,6,1300578
10911,1300582,3,1300585
10912,1300756,23,1300779
10913,1300862,8,1300870
10914,1300891,13,1300904
10915,1301133,10,1301143
10916,1301325,32,1301357
10917,1301359,10,1301369
10918,1301452,10,1301462
10919,1301626,24,1301650
10920,1301660,22,1301682
10921,1301688,17,1301705
10922,1301740,12,1301752
10923,1301781,28,1301809
10924,1302091,25,1302116
10925,1302217,10,1302227
10926,1302320,18,1302338
10927,1302621,20,1302641
10928,1302668,75,1302743
10929,1303011,4,1303015
10930,1303045,92,1303137
10931,1303187,15,1303202
10932,1303225,13,1303238
10933,1303282,14,1303296
10934,1303352,33,1303385
10935,1303416,2,1303418
10936,1303441,1,1303442
10937,1303488,15,1303503
10938,1303815,25,1303840
10939,1303870,10,1303880
10940,1303882,1,1303883
10941,1303905,17,1303922
10942,1304122,8,1304130
10943,1304243,1,1304244
10944,1304286,13,1304299
10945,1304326,23,1304349
10946,1304518,17,1304535
10947,1304637,7,1304644
10948,1304678,34,1304712
10949,1304731,15,1304746
10950,1304868,6,1304874
10951,1304881,28,1304909
10952,1305146,38,1305184
10953,1305343,13,1305356
10954,1305507,17,1305524
10955,1305630,1,1305631
10956,1305635,4,1305639
10957,1305674,5,1305679
10958,1305717,25,1305742
10959,1305772,19,1305791
10960,1305823,11,1305834
10961,1305983,5,1305988
10962,1306266,5,1306271
10963,1306347,9,1306356
10964,1306447,7,1306454
10965,1306498,6,1306504
10966,1306594,22,1306616
10967,1306673,17,1306690
10968,1306708,1,1306709
10969,1306762,49,1306811
10970,1306812,5,1306817
10971,1306828,40,1306868
10972,1306926,19,1306945
10973,1306977,35,1307012
10974,1307020,7,1307027
10975,1307204,7,1307211
10976,1307271,3,1307274
10977,1307741,49,1307790
10978,1307889,2,1307891
10979,1308076,13,1308089
10980,1308191,15,1308206
10981,1308207,47,1308254
10982,1308324,27,1308351
10983,1308403,43,1308446
10984,1308659,1,1308660
10985,1308781,30,1308811
10986,1308827,41,1308868
10987,1308882,34,1308916
10988,1309148,27,1309175
10989,1309329,17,1309346
10990,1309487,7,1309494
10991,1309687,8,1309695
10992,1309859,13,1309872
10993,1310019,11,1310030
10994,1310174,13,1310187
10995,1310191,20,1310211
10996,1310517,23,1310540
10997,1310608,47,1310655
10998,1310728,1,1310729
10999,1310736,3,1310739
11000,1310835,13,1310848
11001,1310871,26,1310897
11002,1311267,71,1311338
11003,1311354,1,1311355
11004,1311464,11,1311475
11005,1311508,17,1311525
11006,1311957,17,1311974
11007,1312054,10,1312064
11008,1312111,31,1312142
11009,1312146,39,1312185
11010,1312331,43,1312374
11011,1312395,16,1312411
11012,1312480,3,1312483
11013,1312544,38,1312582
11014,1312625,4,1312629
11015,1312632,16,1312648
11016,1312757,10,1312767
11017,1312773,57,1312830
11018,1312861,4,1312865
11019,1312925,3,1312928
11020,1312991,8,1312999
11021,1313012,36,1313048
11022,1313064,8,1313072
11023,1313213,22,1313235
11024,1313405,29,1313434
11025,1313580,16,1313596
11026,1313606,15,1313621
11027,1313797,2,1313799
11028,1313842,38,1313880
11029,1314018,40,1314058
11030,1314071,6,1314077
11031,1314235,36,1314271
11032,1314659,3,1314662
11033,1314707,2,1314709
11034,1315333,58,1315391
11035,1315507,10,1315517
11036,1315757,17,1315774
11037,1315795,18,1315813
11038,1315953,18,1315971
11039,1316036,18,1316054
11040,1316137,15,1316152
11041,1316182,38,1316220
11042,1316240,18,1316258
11043,1316283,3,1316286
11044,1316569,64,1316633
11045,1316665,5,1316670
11046,1316686,13,1316699
11047,1316704,45,1316749
11048,1316821,81,1316902
11049,1317014,35,1317049
11050,1317137,18,1317155
11051,1317272,9,1317281
11052,1317284,36,1317320
11053,1317339,2,1317341
11054,1317423,10,1317433
11055,1317753,15,1317768
11056,1317789,1,1317790
11057,1317972,19,1317991
11058,1318093,24,1318117
11059,1318120,38,1318158
11060,1318196,12,1318208
11061,1318231,3,1318234
11062,1318271,8,1318279
11063,1318346,26,1318372
11064,1318448,79,1318527
11065,1318574,7,1318581
11066,1318642,14,1318656
11067,1318689,3,1318692
11068,1318725,18,1318743
11069,1318873,17,1318890
11070,1318970,7,1318977
11071,1319034,10,1319044
11072,1319057,8,1319065
11073,1319077,1,1319078
11074,1319129,65,1319194
11075,1319472,6,1319478
11076,1319531,64,1319595
11077,1319629,12,1319641
11078,1319698,80,1319778
11079,1319781,10,1319791
11080,1319846,1,1319847
11081,1319898,12,1319910
11082,1319945,3,1319948
11083,1319950,14,1319964
11084,1319998,1,1319999
11085,1320100,4,1320104
11086,1320107,3,1320110
11087,1320119,29,1320148
11088,1320154,17,1320171
11089,1320248,6,1320254
11090,1320400,27,1320427
11091,1320473,5,1320478
11092,1320487,16,1320503
11093,1320526,79,1320605
11094,1320676,3,1320679
11095,1320803,2,1320805
11096,1321036,5,1321041
11097,1321097,3,1321100
11098,1321106,5,1321111
11099,1321183,27,1321210
11100,1321321,11,1321332
11101,1321377,1,1321378
11102,1321466,23,1321489
11103,1321752,5,1321757
11104,1321810,7,1321817
11105,1321875,8,1321883
11106,1322056,49,1322105
11107,1322601,9,1322610
11108,1322632,104,1322736
11109,1322744,7,1322751
11110,1322848,23,1322871
11111,1322945,4,1322949
11112,1323093,13,1323106
11113,1323257,92,1323349
11114,1323375,22,1323397
11115,1323486,1,1323487
11116,1323631,10,1323641
11117,1323670,16,1323686
11118,1323867,15,1323882
11119,1323931,19,1323950
11120,1324099,3,1324102
11121,1324344,1,1324345
11122,1324394,3,1324397
11123,1324455,63,1324518
11124,1324672,13,1324685
11125,1324688,6,1324694
11126,1324755,36,1324791
11127,1324823,4,1324827
11128,1324912,6,1324918
11129,1325191,4,1325195
11130,1325286,13,1325299
11131,1325513,4,1325517
11132,1325533,58,1325591
11133,1325941,34,1325975
11134,1326048,21,1326069
11135,1326078,13,1326091
11136,1326167,2,1326169
11137,1326184,22,1326206
11138,1326301,23,1326324
11139,1326359,12,1326371
11140,1326438,64,1326502
11141,1326568,13,1326581
11142,1326620,13,1326633
11143,1326675,4,1326679
11144,1326704,22,1326726
11145,1326872,56,1326928
11146,1327000,3,1327003
11147,1327006,19,1327025
11148,1327164,18,1327182
11149,1327322,11,1327333
11150,1327338,11,1327349
11151,1327372,25,1327397
11152,1327424,5,1327429
11153,1327503,12,1327515
11154,1327576,12,1327588
11155,1327589,69,1327658
11156,1327741,24,1327765
11157,1328047,12,1328059
11158,1328082,39,1328121
11159,1328408,8,1328416
11160,1328582,2,1328584
11161,1328586,4,1328590
11162,1328614,29,1328643
11163,1328881,1,1328882
11164,1328903,2,1328905
11165,1328927,14,1328941
11166,1328987,4,1328991
11167,1328995,7,1329002
11168,1329047,35,1329082
11169,1329357,13,1329370
11170,1329461,22,1329483
11171,1329492,74,1329566
11172,1329595,2,1329597
11173,1329779,37,1329816
11174,1329882,8,1329890
11175,1330107,36,1330143
11176,1330188,21,1330209
11177,1330215,8,1330223
11178,1330364,40,1330404
11179,1330461,70,1330531
11180,1330539,22,1330561
11181,1330862,3,1330865
11182,1330899,3,1330902
11183,1330958,63,1331021
11184,1331357,7,1331364
11185,1331664,34,1331698
11186,1331738,15,1331753
11187,1331795,19,1331814
11188,1331838,4,1331842
11189,1331923,5,1331928
11190,1332096,68,1332164
11191,1332193,21,1332214
11192,1332334,14,1332348
11193,1332375,11,1332386
11194,1332592,1,1332593
11195,1332916,14,1332930
11196,1333082,12,1333094
11197,1333326,82,1333408
11198,1333498,5,1333503
11199,1333515,128,1333643
11200,1333800,1,1333801
11201,1333831,28,1333859
11202,1333923,4,1333927
11203,1333933,39,1333972
11204,1333982,18,1334000
11205,1334002,38,1334040
11206,1334216,9,1334225
11207,1334313,43,1334356
11208,1334396,21,1334417
11209,1334501,23,1334524
11210,1334943,14,1334957
11211,1335014,32,1335046
11212,1335053,12,1335065
11213,1335066,3,1335069
11214,1335076,63,1335139
11215,1335329,7,1335336
11216,1335589,4,1335593
11217,1335651,10,1335661
11218,1335687,5,1335692
11219,1335847,32,1335879
11220,1336107,3,1336110
11221,1336178,9,1336187
11222,1336382,2,1336384
11223,1336405,9,1336414
11224,1336433,15,1336448
11225,1336480,34,1336514
11226,1336556,37,1336593
11227,1336675,11,1336686
11228,1336719,3,1336722
11229,1337103,10,1337113
11230,1337145,3,1337148
11231,1337178,6,1337184
11232,1337353,3,1337356
11233,1337445,5,1337450
11234,1337495,16,1337511
11235,1337532,10,1337542
11236,1337565,12,1337577
11237,1337629,27,1337656
11238,1337665,1,1337666
11239,1337711,9,1337720
11240,1337778,32,1337810
11241,1337872,61,1337933
11242,1337972,73,1338045
11243,1338172,35,1338207
11244,1338242,22,1338264
11245,1338414,4,1338418
11246,1338459,34,1338493
11247,1338594,14,1338608
11248,1338635,18,1338653
11249,1338784,3,1338787
11250,1338896,5,1338901
11251,1339069,40,1339109
11252,1339113,8,1339121
11253,1339336,3,1339339
11254,1339349,1,1339350
11255,1339869,4,1339873
11256,1339986,31,1340017
11257,1340076,1,1340077
11258,1340170,25,1340195
11259,1340213,30,1340243
11260,1340326,2,1340328
11261,1340343,17,1340360
11262,1340386,4,1340390
11263,1340411,1,1340412
11264,1340584,34,1340618
11265,1340652,19,1340671
11266,1340698,13,1340711
11267,1340912,18,1340930
11268,1341019,39,1341058
11269,1341168,14,1341182
11270,1341344,1,1341345
11271,1341368,24,1341392
11272,1341533,22,1341555
11273,1341579,6,1341585
11274,1341634,5,1341639
11275,1341768,28,1341796
11276,1341805,73,1341878
11277,1341947,30,1341977
11278,1341995,5,1342000
11279,1342100,35,1342135
11280,1342154,4,1342158
11281,1342214,70,1342284
11282,1342322,10,1342332
11283,1342350,27,1342377
11284,1342637,19,1342656
11285,1342693,11,1342704
11286,1342714,31,1342745
11287,1342782,5,1342787
11288,1342866,40,1342906
11289,1342934,57,1342991
11290,1343142,53,1343195
11291,1343262,39,1343301
11292,1343368,4,1343372
11293,1343404,27,1343431
11294,1343530,57,1343587
11295,1343636,29,1343665
11296,1343730,10,1343740
11297,1343752,95,1343847
11298,1343942,15,1343957
11299,1343989,22,1344011
11300,1344128,37,1344165
11301,1344531,8,1344539
11302,1344574,27,1344601
11303,1344603,4,1344607
11304,1344689,22,1344711
11305,1344738,6,1344744
11306,1344754,13,1344767
11307,1345074,20,1345094
11308,1345130,14,1345144
11309,1345212,63,1345275
11310,1345304,38,1345342
11311,1345411,31,1345442
11312,1345486,57,1345543
11313,1345576,17,1345593
11314,1345622,6,1345628
11315,1345631,12,1345643
11316,1345816,16,1345832
11317,1346028,5,1346033
11318,1346067,12,1346079
11319,1346081,43,1346124
11320,1346477,48,1346525
11321,1346625,29,1346654
11322,1346705,58,1346763
11323,1346915,3,1346918
11324,1347117,3,1347120
11325,1347445,9,1347454
11326,1347730,25,1347755
11327,1347800,64,1347864
11328,1348040,24,1348064
11329,1348072,17,1348089
11330,1348113,83,1348196
11331,1348256,10,1348266
11332,1348268,42,1348310
11333,1348347,3,1348350
11334,1348375,26,1348401
11335,1348421,35,1348456
11336,1348765,13,1348778
11337,1348994,8,1349002
11338,1349286,33,1349319
11339,1349407,9,1349416
11340,1349583,5,1349588
11341,1349835,11,1349846
11342,1349868,32,1349900
11343,1350024,35,1350059
11344,1350359,8,1350367
11345,1350410,19,1350429
11346,1350502,34,1350536
11347,1350719,27,1350746
11348,1350749,42,1350791
11349,1350854,3,1350857
11350,1350879,7,1350886
11351,1350968,22,1350990
11352,1351031,68,1351099
11353,1351167,19,1351186
11354,1351366,23,1351389
11355,1351802,1,1351803
11356,1351838,32,1351870
11357,1352074,23,1352097
11358,1352107,13,1352120
11359,1352122,24,1352146
11360,1352171,8,1352179
11361,1352567,12,1352579
11362,1352598,76,1352674
11363,1352691,75,1352766
11364,1352835,111,1352946
11365,1353133,5,1353138
11366,1353216,14,1353230
11367,1353525,6,1353531
11368,1353629,15,1353644
11369,1353680,5,1353685
11370,1353712,25,1353737
11371,1353791,27,1353818
11372,1353993,11,1354004
11373,1354117,12,1354129
11374,1354135,11,1354146
11375,1354194,24,1354218
11376,1354225,5,1354230
11377,1354562,4,1354566
11378,1354643,6,1354649
11379,1354662,13,1354675
11380,1354729,9,1354738
11381,1354914,13,1354927
11382,1354930,15,1354945
11383,1355072,5,1355077
11384,1355121,28,1355149
11385,1355322,1,1355323
11386,1355366,14,1355380
11387,1355463,2,1355465
11388,1355630,12,1355642
11389,1355691,16,1355707
11390,1355980,42,1356022
11391,1356179,7,1356186
11392,1356207,19,1356226
11393,1356257,29,1356286
11394,1356403,26,1356429
11395,1356432,9,1356441
11396,1356472,15,1356487
11397,1356587,34,1356621
11398,1356714,1,1356715
11399,1356744,37,1356781
11400,1356992,28,1357020
11401,1357135,5,1357140
11402,1357193,54,1357247
11403,1357260,39,1357299
11404,1357416,48,1357464
11405,1357514,8,1357522
11406,1357612,28,1357640
11407,1357676,5,1357681
11408,1357686,1,1357687
11409,1357698,5,1357703
11410,1357799,31,1357830
11411,1357914,19,1357933
11412,1357937,1,1357938
11413,1357942,14,1357956
11414,1357996,38,1358034
11415,1358095,6,1358101
11416,1358250,98,1358348
11417,1358409,35,1358444
11418,1358809,88,1358897
11419,1358949,4,1358953
11420,1358984,11,1358995
11421,1359163,12,1359175
11422,1359203,76,1359279
11423,1359281,13,1359294
11424,1359409,14,1359423
11425,1359823,4,1359827
11426,1360069,37,1360106
11427,1360160,14,1360174
11428,1360272,68,1360340
11429,1360366,5,1360371
11430,1360882,2,1360884
11431,1360924,14,1360938
11432,1361023,26,1361049
11433,1361171,4,1361175
11434,1361428,4,1361432
11435,1361603,26,1361629
11436,1361724,3,1361727
11437,1361757,45,1361802
11438,1361989,41,1362030
11439,1362044,33,1362077
11440,1362139,6,1362145
11441,1362171,4,1362175
11442,1362225,12,1362237
11443,1362271,3,1362274
11444,1362302,1,1362303
11445,1362327,29,1362356
11446,1362377,19,1362396
11447,1362454,2,1362456
11448,1362476,49,1362525
11449,1362595,20,1362615
11450,1362724,35,1362759
11451,1362764,8,1362772
11452,1363254,2,1363256
11453,1363330,19,1363349
11454,1363495,5,1363500
11455,1363517,13,1363530
11456,1363546,2,1363548
11457,1363630,17,1363647
11458,1363655,35,1363690
11459,1363868,6,1363874
11460,1363980,8,1363988
11461,1364006,23,1364029
11462,1364228,6,1364234
11463,1364265,45,1364310
11464,1364495,13,1364508
11465,1364546,5,1364551
11466,1364629,10,1364639
11467,1364679,4,1364683
11468,1364707,3,1364710
11469,1364836,2,1364838
11470,1365053,2,1365055
11471,1365125,20,1365145
11472,1365406,7,1365413
11473,1365574,1,1365575
11474,1365729,5,1365734
11475,1365824,9,1365833
11476,1365836,19,1365855
11477,1365888,2,1365890
11478,1366060,20,1366080
11479,1366160,15,1366175
11480,1366217,34,1366251
11481,1366265,17,1366282
11482,1366694,1,1366695
11483,1366749,27,1366776
11484,1366856,6,1366862
11485,1366863,16,1366879
11486,1366906,4,1366910
11487,1366969,27,1366996
11488,1367034,7,1367041
11489,1367122,15,1367137
11490,1367207,4,1367211
11491,1367229,14,1367243
11492,1367377,21,1367398
11493,1367419,2,1367421
11494,1367476,7,1367483
11495,1367598,16,1367614
11496,1367768,30,1367798
11497,1367805,6,1367811
11498,1367862,8,1367870
11499,1367891,16,1367907
11500,1367983,21,1368004
11501,1368130,15,1368145
11502,1368338,4,1368342
11503,1368404,10,1368414
11504,1368703,3,1368706
11505,1368800,42,1368842
11506,1368907,28,1368935
11507,1368967,18,1368985
11508,1369140,22,1369162
11509,1369189,107,1369296
11510,1369337,15,1369352
11511,1369381,45,1369426
11512,1369542,19,1369561
11513,1369581,11,1369592
11514,1369650,12,1369662
11515,1369760,3,1369763
11516,1370362,54,1370416
11517,1370488,7,1370495
11518,1370522,22,1370544
11519,1370764,35,1370799
11520,1370806,17,1370823
11521,1370906,11,1370917
11522,1370920,24,1370944
11523,1371040,1,1371041
11524,1371082,31,1371113
11525,1371136,27,1371163
11526,1371203,1,1371204
11527,1371226,27,1371253
11528,1371422,39,1371461
11529,1371614,19,1371633
11530,1371667,1,1371668
11531,1371671,21,1371692
11532,1371742,6,1371748
11533,1371852,8,1371860
11534,1371965,7,1371972
11535,1372004,27,1372031
11536,1372043,27,1372070
11537,1372468,15,1372483
11538,1372623,15,1372638
11539,1372679,5,1372684
11540,1372781,21,1372802
11541,1372843,53,1372896
11542,1372994,32,1373026
11543,1373080,53,1373133
11544,1373291,1,1373292
11545,1373421,4,1373425
11546,1373430,10,1373440
11547,1373444,2,1373446
11548,1373507,9,1373516
11549,1373700,7,1373707
11550,1373761,6,1373767
11551,1373826,4,1373830
11552,1373870,6,1373876
11553,1373878,13,1373891
11554,1373977,22,1373999
11555,1374035,9,1374044
11556,1374053,13,1374066
11557,1374080,18,1374098
11558,1374166,21,1374187
11559,1374253,5,1374258
11560,1374260,11,1374271
11561,1374288,32,1374320
11562,1374412,25,1374437
11563,1374442,10,1374452
11564,1374520,28,1374548
11565,1374559,32,1374591
11566,1374661,47,1374708
11567,1374752,21,1374773
11568,1374801,1,1374802
11569,1374831,13,1374844
11570,1375279,2,1375281
11571,1375388,8,1375396
11572,1375437,10,1375447
11573,1375473,11,1375484
11574,1375494,6,1375500
11575,1375611,46,1375657
11576,1375717,14,1375731
11577,1375838,89,1375927
11578,1375942,1,1375943
11579,1376088,22,1376110
11580,1376433,9,1376442
11581,1376618,35,1376653
11582,1376687,7,1376694
11583,1376697,6,1376703
11584,1376712,1,1376713
11585,1376835,16,1376851
11586,1376879,17,1376896
11587,1376913,14,1376927
11588,1376950,5,1376955
11589,1377064,1,1377065
11590,1377089,12,1377101
11591,1377229,35,1377264
11592,1377522,2,1377524
11593,1377526,23,1377549
11594,1377836,4,1377840
11595,1377848,20,1377868
11596,1377869,16,1377885
11597,1378021,1,1378022
11598,1378040,2,1378042
11599,1378071,4,1378075
11600,1378111,6,1378117
11601,1378153,1,1378154
11602,1378347,15,1378362
11603,1378522,17,1378539
11604,1378812,21,1378833
11605,1378838,2,1378840
11606,1379014,12,1379026
11607,1379051,12,1379063
11608,1379255,6,1379261
11609,1379534,9,1379543
11610,1379550,10,1379560
11611,1379579,14,1379593
11612,1379605,1,1379606
11613,1379652,62,1379714
11614,1379755,7,1379762
11615,1379832,1,1379833
11616,1379851,24,1379875
11617,1379891,19,1379910
11618,1379926,2,1379928
11619,1380045,14,1380059
11620,1380097,22,1380119
11621,1380133,7,1380140
11622,1380145,10,1380155
11623,1380330,2,1380332
11624,1380337,10,1380347
11625,1380494,109,1380603
11626,1380650,3,1380653
11627,1380669,2,1380671
11628,1380717,4,1380721
11629,1380754,26,1380780
11630,1380785,20,1380805
11631,1380952,17,1380969
11632,1381009,1,1381010
11633,1381246,20,1381266
11634,1381846,25,1381871
11635,1381981,20,1382001
11636,1382275,14,1382289
11637,1382605,2,1382607
11638,1382650,60,1382710
11639,1382974,32,1383006
11640,1383074,18,1383092
11641,1383213,12,1383225
11642,1383285,3,1383288
11643,1383350,7,1383357
11644,1383378,1,1383379
11645,1383406,32,1383438
11646,1383452,75,1383527
11647,1383555,7,1383562
11648,1383736,40,1383776
11649,1383809,31,1383840
11650,1383896,59,1383955
11651,1383986,5,1383991
11652,1384068,18,1384086
11653,1384318,19,1384337
11654,1384373,10,1384383
11655,1384449,13,1384462
11656,1384512,12,1384524
11657,1384619,12,1384631
11658,1384636,10,1384646
11659,1384695,3,1384698
11660,1384720,11,1384731
11661,1385166,49,1385215
11662,1385288,1,1385289
11663,1385420,17,1385437
11664,1385450,10,1385460
11665,1385673,1,1385674
11666,1385715,33,1385748
11667,1385772,6,1385778
11668,1385799,18,1385817
11669,1385994,14,1386008
11670,1386115,22,1386137
11671,1386251,12,1386263
11672,1386326,8,1386334
11673,1386481,25,1386506
11674,1386814,5,1386819
11675,1386905,30,1386935
11676,1386940,4,1386944
11677,1386952,20,1386972
11678,1386981,3,1386984
11679,1387085,26,1387111
11680,1387136,7,1387143
11681,1387162,1,1387163
11682,1387180,13,1387193
11683,1387289,26,1387315
11684,1387408,6,1387414
11685,1387731,10,1387741
11686,1387787,46,1387833
11687,1387865,1,1387866
11688,1387923,1,1387924
11689,1387982,6,1387988
11690,1388011,27,1388038
11691,1388095,21,1388116
11692,1388214,1,1388215
11693,1388366,3,1388369
11694,1388499,24,1388523
11695,1388608,52,1388660
11696,1388674,25,1388699
11697,1388721,29,1388750
11698,1388817,10,1388827
11699,1388890,9,1388899
11700,1388979,34,1389013
11701,1389246,1,1389247
11702,1389377,10,1389387
11703,1389396,3,1389399
11704,1389410,59,1389469
11705,1389736,5,1389741
11706,1389751,7,1389758
11707,1389842,7,1389849
11708,1389897,17,1389914
11709,1390214,3,1390217
11710,1390387,2,1390389
11711,1390490,23,1390513
11712,1390582,3,1390585
11713,1390711,4,1390715
11714,1390753,8,1390761
11715,1390796,43,1390839
11716,1391497,11,1391508
11717,1391549,10,1391559
11718,1391661,2,1391663
11719,1391689,5,1391694
11720,1391748,21,1391769
11721,1391776,94,1391870
11722,1391917,14,1391931
11723,1391983,32,1392015
11724,1392097,17,1392114
11725,1392187,32,1392219
11726,1392284,1,1392285
11727,1392299,20,1392319
11728,1392341,6,1392347
11729,1392515,43,1392558
11730,1392634,19,1392653
11731,1392694,3,1392697
11732,1392766,6,1392772
11733,1393262,35,1393297
11734,1393318,12,1393330
11735,1393362,27,1393389
11736,1393802,4,1393806
11737,1393819,16,1393835
11738,1394175,49,1394224
11739,1394339,13,1394352
11740,1394622,20,1394642
11741,1394850,20,1394870
11742,1394922,20,1394942
11743,1394952,31,1394983
11744,1395064,53,1395117
11745,1395120,10,1395130
11746,1395156,21,1395177
11747,1395299,13,1395312
11748,1395351,6,1395357
11749,1395393,13,1395406
11750,1395744,13,1395757
11751,1395801,33,1395834
11752,1395903,1,1395904
11753,1395933,77,1396010
11754,1396219,29,1396248
11755,1396366,20,1396386
11756,1396442,1,1396443
11757,1396448,17,1396465
11758,1396618,12,1396630
11759,1396758,10,1396768
11760,1396782,20,1396802
11761,1397218,40,1397258
11762,1397355,4,1397359
11763,1397488,11,1397499
11764,1397500,39,1397539
11765,1397653,4,1397657
11766,1397723,7,1397730
11767,1397751,68,1397819
11768,1398017,15,1398032
11769,1398317,63,1398380
11770,1398518,18,1398536
11771,1398655,69,1398724
11772,1398759,8,1398767
11773,1398821,20,1398841
11774,1398887,23,1398910
11775,1398944,6,1398950
11776,1398993,51,1399044
11777,1399094,7,1399101
11778,1399210,34,1399244
11779,1399388,32,1399420
11780,1399510,17,1399527
11781,1399914,14,1399928
11782,1399974,22,1399996
11783,1400077,38,1400115
11784,1400476,26,1400502
11785,1400627,25,1400652
11786,1400683,51,1400734
11787,1400754,2,1400756
11788,1400784,6,1400790
11789,1400995,15,1401010
11790,1401096,12,1401108
11791,1401239,22,1401261
11792,1401603,13,1401616
11793,1401637,4,1401641
11794,1401681,42,1401723
11795,1401827,31,1401858
11796,1401928,4,1401932
11797,1402169,8,1402177
11798,1402455,3,1402458
11799,1402609,12,1402621
11800,1402641,15,1402656
11801,1402668,9,1402677
11802,1402693,10,1402703
11803,1402759,37,1402796
11804,1402886,44,1402930
11805,1402941,32,1402973
11806,1403017,21,1403038
11807,1403086,23,1403109
11808,1403150,1,1403151
11809,1403243,11,1403254
11810,1403260,20,1403280
11811,1403469,15,1403484
11812,1403698,7,1403705
11813,1403717,7,1403724
11814,1403969,21,1403990
11815,1404182,12,1404194
11816,1404228,23,1404251
11817,1404277,11,1404288
11818,1404585,26,1404611
11819,1404661,19,1404680
11820,1404814,6,1404820
11821,1404863,22,1404885
11822,1404939,18,1404957
11823,1405030,37,1405067
11824,1405183,30,1405213
11825,1405383,18,1405401
11826,1405446,14,1405460
11827,1405565,13,1405578
11828,1405636,4,1405640
11829,1405899,5,1405904
11830,1406094,19,1406113
11831,1406252,13,1406265
11832,1406341,5,1406346
11833,1406349,74,1406423
11834,1406450,13,1406463
11835,1406624,30,1406654
11836,1406718,23,1406741
11837,1406883,20,1406903
11838,1407062,12,1407074
11839,1407338,71,1407409
11840,1407465,10,1407475
11841,1407484,4,1407488
11842,1407531,39,1407570
11843,1408057,25,1408082
11844,1408160,12,1408172
11845,1408184,25,1408209
11846,1408220,49,1408269
11847,1408337,55,1408392
11848,1408438,4,1408442
11849,1408457,5,1408462
11850,1408534,41,1408575
11851,1408634,19,1408653
11852,1408678,4,1408682
11853,1408763,7,1408770
11854,1408778,114,1408892
11855,1409196,17,1409213
11856,1409413,31,1409444
11857,1409519,44,1409563
11858,1409601,41,1409642
11859,1409826,90,1409916
11860,1410162,6,1410168
11861,1410297,37,1410334
11862,1410790,14,1410804
11863,1410834,4,1410838
11864,1410931,5,1410936
11865,1410995,28,1411023
11866,1411188,12,1411200
11867,1411214,1,1411215
11868,1411246,32,1411278
11869,1411386,43,1411429
11870,1411566,51,1411617
11871,1411851,25,1411876
11872,1411953,8,1411961
11873,1412005,8,1412013
11874,1412199,11,1412210
11875,1412214,22,1412236
11876,1412363,20,1412383
11877,1412435,47,1412482
11878,1412608,28,1412636
11879,1412842,29,1412871
11880,1412911,39,1412950
11881,1412978,22,1413000
11882,1413132,17,1413149
11883,1413154,3,1413157
11884,1413170,8,1413178
11885,1413243,11,1413254
11886,1413262,6,1413268
11887,1413295,6,1413301
11888,1413315,1,1413316
11889,1413504,30,1413534
11890,1413546,20,1413566
11891,1413689,45,1413734
11892,1413755,24,1413779
11893,1413844,3,1413847
11894,1413883,23,1413906
11895,1413993,8,1414001
11896,1414128,13,1414141
11897,1414249,11,1414260
11898,1414273,62,1414335
11899,1414344,21,1414365
11900,1414437,6,1414443
11901,1414470,16,1414486
11902,1414612,5,1414617
11903,1414773,15,1414788
11904,1414826,82,1414908
11905,1414936,4,1414940
11906,1414994,137,1415131
11907,1415248,15,1415263
11908,1415289,19,1415308
11909,1415403,5,1415408
11910,1415432,14,1415446
11911,1415537,12,1415549
11912,1415562,12,1415574
11913,1415604,47,1415651
11914,1415679,8,1415687
11915,1415843,5,1415848
11916,1415852,19,1415871
11917,1416000,23,1416023
11918,1416052,10,1416062
11919,1416197,1,1416198
11920,1416268,52,1416320
11921,1416564,8,1416572
11922,1416641,11,1416652
11923,1416705,6,1416711
11924,1416746,3,1416749
11925,1416773,73,1416846
11926,1417191,22,1417213
11927,1417258,5,1417263
11928,1417486,17,1417503
11929,1417640,1,1417641
11930,1417894,16,1417910
11931,1417946,23,1417969
11932,1418031,4,1418035
11933,1418120,5,1418125
11934,1418252,17,1418269
11935,1418276,6,1418282
11936,1418378,19,1418397
11937,1418505,15,1418520
11938,1418536,2,1418538
11939,1418619,7,1418626
11940,1418671,33,1418704
11941,1418888,2,1418890
11942,1418928,22,1418950
11943,1419209,23,1419232
11944,1419250,2,1419252
11945,1419588,2,1419590
11946,1419710,5,1419715
11947,1419735,58,1419793
11948,1419945,2,1419947
11949,1420275,55,1420330
11950,1420581,26,1420607
11951,1420645,4,1420649
11952,1420747,8,1420755
11953,1420870,16,1420886
11954,1421368,9,1421377
11955,1421399,29,1421428
11956,1421481,16,1421497
11957,1421498,14,1421512
11958,1421519,14,1421533
11959,1421555,54,1421609
11960,1421682,5,1421687
11961,1421838,2,1421840
11962,1421847,2,1421849
11963,1422141,7,1422148
11964,1422435,29,1422464
11965,1422466,4,1422470
11966,1422577,2,1422579
11967,1422655,6,1422661
11968,1422697,26,1422723
11969,1422730,40,1422770
11970,1422798,8,1422806
11971,1422889,32,1422921
11972,1422990,11,1423001
11973,1423066,24,1423090
11974,1423169,6,1423175
11975,1423197,67,1423264
11976,1423267,27,1423294
11977,1423501,35,1423536
11978,1423577,12,1423589
11979,1423778,1,1423779
11980,1423839,35,1423874
11981,1423895,39,1423934
11982,1424204,6,1424210
11983,1424445,18,1424463
11984,1424646,63,1424709
11985,1424744,21,1424765
11986,1424852,81,1424933
11987,1424995,63,1425058
11988,1425111,2,1425113
11989,1425119,14,1425133
11990,1425151,38,1425189
11991,1425285,2,1425287
11992,1425351,2,1425353
11993,1425364,7,1425371
11994,1425401,2,1425403
11995,1425462,20,1425482
11996,1425523,19,1425542
11997,1425556,23,1425579
11998,1425616,17,1425633
11999,1426013,63,1426076
12000,1426127,30,1426157
12001,1426197,3,1426200
12002,1426257,5,1426262
12003,1426306,13,1426319
12004,1426361,57,1426418
12005,1426690,12,1426702
12006,1426899,1,1426900
12007,1426965,21,1426986
12008,1427139,6,1427145
12009,1427251,3,1427254
12010,1427376,6,1427382
12011,1427383,66,1427449
12012,1427524,34,1427558
12013,1427563,58,1427621
12014,1427742,26,1427768
12015,1427993,34,1428027
12016,1428141,10,1428151
12017,1428241,46,1428287
12018,1428371,10,1428381
12019,1428401,57,1428458
12020,1428921,45,1428966
12021,1429010,40,1429050
12022,1429151,31,1429182
12023,1429309,30,1429339
12024,1429525,53,1429578
12025,1429731,65,1429796
12026,1429807,2,1429809
12027,1429816,4,1429820
12028,1429852,53,1429905
12029,1430128,41,1430169
12030,1430171,13,1430184
12031,1430239,13,1430252
12032,1430355,24,1430379
12033,1430544,3,1430547
12034,1430681,59,1430740
12035,1430751,11,1430762
12036,1430802,2,1430804
12037,1430972,42,1431014
12038,1431035,3,1431038
12039,1431268,17,1431285
12040,1431324,15,1431339
12041,1431348,23,1431371
12042,1431505,31,1431536
12043,1431802,8,1431810
12044,1431868,6,1431874
12045,1431897,22,1431919
12046,1431968,36,1432004
12047,1432074,4,1432078
12048,1432126,28,1432154
12049,1432203,1,1432204
12050,1432386,1,1432387
12051,1432402,13,1432415
12052,1432416,51,1432467
12053,1432484,11,1432495
12054,1432946,37,1432983
12055,1432997,1,1432998
12056,1433079,38,1433117
12057,1433236,40,1433276
12058,1433386,13,1433399
12059,1433425,38,1433463
12060,1433602,3,1433605
12061,1433883,24,1433907
12062,1434210,1,1434211
12063,1434287,24,1434311
12064,1434542,21,1434563
12065,1434742,3,1434745
12066,1434827,5,1434832
12067,1434947,6,1434953
12068,1434998,33,1435031
12069,1435099,1,1435100
12070,1435204,17,1435221
12071,1435239,2,1435241
12072,1435362,30,1435392
12073,1435470,17,1435487
12074,1435753,12,1435765
12075,1435786,9,1435795
12076,1435959,10,1435969
12077,1436118,2,1436120
12078,1436371,11,1436382
12079,1436411,1,1436412
12080,1436512,1,1436513
12081,1436561,5,1436566
12082,1436671,15,1436686
12083,1436708,31,1436739
12084,1436744,36,1436780
12085,1436848,7,1436855
12086,1436901,1,1436902
12087,1437305,7,1437312
12088,1437591,18,1437609
12089,1437764,9,1437773
12090,1438027,4,1438031
12091,1438119,1,1438120
12092,1438137,25,1438162
12093,1438304,12,1438316
12094,1438361,47,1438408
12095,1438572,6,1438578
12096,1438719,1,1438720
12097,1438768,5,1438773
12098,1438784,4,1438788
12099,1438834,42,1438876
12100,1438900,14,1438914
12101,1439052,9,1439061
12102,1439093,15,1439108
12103,1439203,2,1439205
12104,1439284,12,1439296
12105,1439316,14,1439330
12106,1439439,10,1439449
12107,1439731,26,1439757
12108,1439860,12,1439872
12109,1440166,3,1440169
12110,1440198,15,1440213
12111,1440508,51,1440559
12112,1440694,63,1440757
12113,1440882,6,1440888
12114,1441053,40,1441093
12115,1441278,16,1441294
12116,1441419,17,1441436
12117,1441665,4,1441669
12118,1441751,7,1441758
12119,1442321,40,1442361
12120,1442474,21,1442495
12121,1442540,1,1442541
12122,1442673,12,1442685
12123,1442715,64,1442779
12124,1442868,9,1442877
12125,1442892,1,1442893
12126,1443073,10,1443083
12127,1443167,27,1443194
12128,1443202,7,1443209
12129,1443283,2,1443285
12130,1443391,30,1443421
12131,1443465,16,1443481
12132,1443499,17,1443516
12133,1443565,28,1443593
12134,1443654,29,1443683
12135,1443708,26,1443734
12136,1443828,61,1443889
12137,1444130,19,1444149
12138,1444192,7,1444199
12139,1444209,101,1444310
12140,1444342,22,1444364
12141,1444386,6,1444392
12142,1444419,6,1444425
12143,1444612,74,1444686
12144,1444751,7,1444758
12145,1444821,7,1444828
12146,1444834,33,1444867
12147,1445332,45,1445377
12148,1445395,36,1445431
12149,1445447,5,1445452
12150,1445715,5,1445720
12151,1445846,4,1445850
12152,1445863,1,1445864
12153,1445909,4,1445913
12154,1445950,38,1445988
12155,1446089,2,1446091
12156,1446272,43,1446315
12157,1446404,73,1446477
12158,1446547,78,1446625
12159,1446690,10,1446700
12160,1446754,61,1446815
12161,1446930,2,1446932
12162,1446964,55,1447019
12163,1447032,1,1447033
12164,1447050,3,1447053
12165,1447076,1,1447077
12166,1447097,20,1447117
12167,1447176,23,1447199
12168,1447220,2,1447222
12169,1447363,17,1447380
12170,1447430,7,1447437
12171,1447469,8,1447477
12172,1447758,10,1447768
12173,1447844,77,1447921
12174,1447985,26,1448011
12175,1448281,11,1448292
12176,1448346,20,1448366
12177,1448368,30,1448398
12178,1448619,54,1448673
12179,1448692,46,1448738
12180,1448767,12,1448779
12181,1448904,26,1448930
12182,1448949,8,1448957
12183,1448965,9,1448974
12184,1449080,1,1449081
12185,1449161,5,1449166
12186,1449197,42,1449239
12187,1449332,6,1449338
12188,1449379,3,1449382
12189,1449393,3,1449396
12190,1449403,31,1449434
12191,1449447,11,1449458
12192,1449518,17,1449535
12193,1449742,7,1449749
12194,1449799,23,1449822
12195,1449877,33,1449910
12196,1450043,82,1450125
12197,1450165,8,1450173
12198,1450185,20,1450205
12199,1450302,9,1450311
12200,1450363,4,1450367
12201,1450586,4,1450590
12202,1450622,50,1450672
12203,1450718,49,1450767
12204,1450778,5,1450783
12205,1450971,2,1450973
12206,1450981,11,1450992
12207,1451087,12,1451099
12208,1451118,4,1451122
12209,1451139,1,1451140
12210,1451206,14,1451220
12211,1451232,12,1451244
12212,1451306,1,1451307
12213,1451322,9,1451331
12214,1451411,6,1451417
12215,1451578,27,1451605
12216,1451743,16,1451759
12217,1451811,3,1451814
12218,1451816,31,1451847
12219,1451885,40,1451925
12220,1451981,60,1452041
12221,1452133,24,1452157
12222,1452213,8,1452221
12223,1452347,8,1452355
12224,1452506,11,1452517
12225,1452555,29,1452584
12226,1452591,11,1452602
12227,1452642,26,1452668
12228,1452732,1,1452733
12229,1452897,13,1452910
12230,1452959,32,1452991
12231,1453019,10,1453029
12232,1453050,30,1453080
12233,1453090,2,1453092
12234,1453208,3,1453211
12235,1453295,1,1453296
12236,1453325,27,1453352
12237,1453435,21,1453456
12238,1453483,12,1453495
12239,1453501,6,1453507
12240,1453728,7,1453735
12241,1453888,29,1453917
12242,1453922,25,1453947
12243,1453995,17,1454012
12244,1454210,47,1454257
12245,1454291,6,1454297
12246,1454519,37,1454556
12247,1454706,30,1454736
12248,1454851,23,1454874
12249,1454911,5,1454916
12250,1454994,15,1455009
12251,1455028,14,1455042
12252,1455113,21,1455134
12253,1455161,11,1455172
12254,1455249,12,1455261
12255,1455274,13,1455287
12256,1455492,17,1455509
12257,1455544,70,1455614
12258,1455670,27,1455697
12259,1455700,21,1455721
12260,1455833,44,1455877
12261,1456001,32,1456033
12262,1456078,34,1456112
12263,1456126,12,1456138
12264,1456426,13,1456439
12265,1456483,27,1456510
12266,1456757,6,1456763
12267,1456854,25,1456879
12268,1456998,34,1457032
12269,1457410,6,1457416
12270,1457480,6,1457486
12271,1457581,100,1457681
12272,1457691,20,1457711
12273,1457795,71,1457866
12274,1457875,18,1457893
12275,1457969,34,1458003
12276,1458006,15,1458021
12277,1458114,18,1458132
12278,1458171,4,1458175
12279,1458368,18,1458386
12280,1458433,10,1458443
12281,1458578,12,1458590
12282,1458692,5,1458697
12283,1458701,7,1458708
12284,1458838,33,1458871
12285,1459013,3,1459016
12286,1459056,6,1459062
12287,1459121,18,1459139
12288,1459214,8,1459222
12289,1459280,5,1459285
12290,1459338,10,1459348
12291,1459498,2,1459500
12292,1459583,23,1459606
12293,1459737,24,1459761
12294,1459820,3,1459823
12295,1459916,59,1459975
12296,1459986,4,1459990
12297,1460002,2,1460004
12298,1460258,2,1460260
12299,1460272,1,1460273
12300,1460335,33,1460368
12301,1460607,8,1460615
12302,1460781,8,1460789
12303,1460911,60,1460971
12304,1461012,42,1461054
12305,1461071,52,1461123
12306,1461149,27,1461176
12307,1461347,34,1461381
12308,1461388,24,1461412
12309,1461452,1,1461453
12310,1461475,21,1461496
12311,1461519,63,1461582
12312,1461706,17,1461723
12313,1461834,23,1461857
12314,1461908,6,1461914
12315,1461993,33,1462026
12316,1462119,37,1462156
12317,1462319,2,1462321
12318,1462365,12,1462377
12319,1462422,26,1462448
12320,1462826,22,1462848
12321,1462923,7,1462930
12322,1462964,21,1462985
12323,1463157,7,1463164
12324,1463192,26,1463218
12325,1463247,13,1463260
12326,1463280,6,1463286
12327,1463362,13,1463375
12328,1463387,5,1463392
12329,1463401,11,1463412
12330,1463480,10,1463490
12331,1463627,9,1463636
12332,1463865,7,1463872
12333,1463878,6,1463884
12334,1463947,11,1463958
12335,1464029,4,1464033
12336,1464080,2,1464082
12337,1464383,15,1464398
12338,1464408,2,1464410
12339,1464639,7,1464646
12340,1464708,16,1464724
12341,1464913,18,1464931
12342,1465034,13,1465047
12343,1465307,13,1465320
12344,1465357,94,1465451
12345,1465494,12,1465506
12346,1465542,38,1465580
12347,1465653,17,1465670
12348,1465777,26,1465803
12349,1465880,27,1465907
12350,1466117,2,1466119
12351,1466216,10,1466226
12352,1466323,13,1466336
12353,1466601,2,1466603
12354,1466937,5,1466942
12355,1467115,43,1467158
12356,1467279,16,1467295
12357,1467296,7,1467303
12358,1467345,1,1467346
12359,1467363,25,1467388
12360,1467415,69,1467484
12361,1467639,8,1467647
12362,1467705,72,1467777
12363,1467837,15,1467852
12364,1468013,8,1468021
12365,1468031,38,1468069
12366,1468085,9,1468094
12367,1468234,23,1468257
12368,1468314,16,1468330
12369,1468436,28,1468464
12370,1468485,2,1468487
12371,1468560,27,1468587
12372,1468628,13,1468641
12373,1468780,50,1468830
12374,1468895,20,1468915
12375,1469049,12,1469061
12376,1469181,2,1469183
12377,1469197,18,1469215
12378,1469260,56,1469316
12379,1469420,28,1469448
12380,1469483,32,1469515
12381,1469608,8,1469616
12382,1469712,41,1469753
12383,1469780,4,1469784
12384,1469953,25,1469978
12385,1470107,4,1470111
12386,1470126,10,1470136
12387,1470247,40,1470287
12388,1470333,6,1470339
12389,1470440,1,1470441
12390,1470506,11,1470517
12391,1470518,11,1470529
12392,1470610,27,1470637
12393,1470715,22,1470737
12394,1470838,25,1470863
12395,1471104,43,1471147
12396,1471375,51,1471426
12397,1471601,15,1471616
12398,1471734,1,1471735
12399,1471782,4,1471786
12400,1471807,27,1471834
12401,1471959,15,1471974
12402,1471989,24,1472013
12403,1472083,27,1472110
12404,1472358,2,1472360
12405,1472388,4,1472392
12406,1472534,9,1472543
12407,1472666,3,1472669
12408,1472834,27,1472861
12409,1472878,43,1472921
12410,1473073,47,1473120
12411,1473162,8,1473170
12412,1473211,3,1473214
12413,1473278,30,1473308
12414,1473328,24,1473352
12415,1473357,35,1473392
12416,1473437,46,1473483
12417,1473514,10,1473524
12418,1473528,11,1473539
12419,1473779,7,1473786
12420,1473896,15,1473911
12421,1474056,28,1474084
12422,1474122,7,1474129
12423,1474165,18,1474183
12424,1474339,2,1474341
12425,1474350,1,1474351
12426,1474384,44,1474428
12427,1474480,4,1474484
12428,1474507,20,1474527
12429,1474854,16,1474870
12430,1475119,10,1475129
12431,1475217,18,1475235
12432,1475273,14,1475287
12433,1475318,87,1475405
12434,1475516,17,1475533
12435,1475672,17,1475689
12436,1475694,16,1475710
12437,1475747,31,1475778
12438,1475840,14,1475854
12439,1475952,29,1475981
12440,1476046,5,1476051
12441,1476163,1,1476164
12442,1476226,24,1476250
12443,1476252,20,1476272
12444,1476301,12,1476313
12445,1476522,2,1476524
12446,1476578,17,1476595
12447,1476629,50,1476679
12448,1476737,4,1476741
12449,1476757,43,1476800
12450,1476983,13,1476996
12451,1477021,32,1477053
12452,1477289,19,1477308
12453,1477359,7,1477366
12454,1477476,2,1477478
12455,1477661,41,1477702
12456,1477762,33,1477795
12457,1477915,3,1477918
12458,1477942,18,1477960
12459,1477979,22,1478001
12460,1478011,8,1478019
12461,1478067,4,1478071
12462,1478130,18,1478148
12463,1478201,20,1478221
12464,1478240,35,1478275
12465,1478285,9,1478294
12466,1478561,15,1478576
12467,1478662,7,1478669
12468,1478804,14,1478818
12469,1479025,6,1479031
12470,1479073,17,1479090
12471,1479138,43,1479181
12472,1479326,24,1479350
12473,1479404,21,1479425
12474,1479645,10,1479655
12475,1479769,9,1479778
12476,1479893,54,1479947
12477,1479955,5,1479960
12478,1479996,8,1480004
12479,1480162,14,1480176
12480,1480205,1,1480206
12481,1480262,8,1480270
12482,1480375,42,1480417
12483,1480473,63,1480536
12484,1480581,14,1480595
12485,1480597,34,1480631
12486,1480818,30,1480848
12487,1480885,17,1480902
12488,1480925,14,1480939
12489,1481073,3,1481076
12490,1481611,14,1481625
12491,1481633,15,1481648
12492,1481774,15,1481789
12493,1481908,74,1481982
12494,1481987,5,1481992
12495,1482299,6,1482305
12496,1482329,13,1482342
12497,1482347,7,1482354
12498,1482459,54,1482513
12499,1482606,16,1482622
12500,1482913,28,1482941
12501,1482970,13,1482983
12502,1483102,19,1483121
12503,1483171,26,1483197
12504,1483249,8,1483257
12505,1483410,11,1483421
12506,1483520,13,1483533
12507,1483596,10,1483606
12508,1483700,5,1483705
12509,1483904,2,1483906
12510,1483953,19,1483972
12511,1483992,38,1484030
12512,1484348,6,1484354
12513,1484388,10,1484398
12514,1484640,14,1484654
12515,1484745,23,1484768
12516,1484789,15,1484804
12517,1484821,2,1484823
12518,1484838,1,1484839
12519,1484851,30,1484881
12520,1485155,14,1485169
12521,1485286,17,1485303
12522,1485369,13,1485382
12523,1485405,36,1485441
12524,1485473,10,1485483
12525,1485560,10,1485570
12526,1485701,18,1485719
12527,1485861,64,1485925
12528,1485958,41,1485999
12529,1486048,3,1486051
12530,1486277,27,1486304
12531,1486307,36,1486343
12532,1486406,24,1486430
12533,1486499,6,1486505
12534,1486551,5,1486556
12535,1486873,25,1486898
12536,1486950,53,1487003
12537,1487008,2,1487010
12538,1487096,13,1487109
12539,1487201,75,1487276
12540,1487334,38,1487372
12541,1487378,18,1487396
12542,1487473,7,1487480
12543,1487620,5,1487625
12544,1487722,11,1487733
12545,1487786,57,1487843
12546,1487851,36,1487887
12547,1487964,12,1487976
12548,1488017,4,1488021
12549,1488073,3,1488076
12550,1488102,7,1488109
12551,1488197,3,1488200
12552,1488276,28,1488304
12553,1488387,13,1488400
12554,1488762,13,1488775
12555,1488845,28,1488873
12556,1488921,34,1488955
12557,1488978,11,1488989
12558,1489069,6,1489075
12559,1489081,19,1489100
12560,1489217,55,1489272
12561,1489489,8,1489497
12562,1489507,4,1489511
12563,1489535,23,1489558
12564,1489739,14,1489753
12565,1489786,37,1489823
12566,1489874,4,1489878
12567,1490004,112,1490116
12568,1490170,49,1490219
12569,1490261,70,1490331
12570,1490359,2,1490361
12571,1490423,34,1490457
12572,1490597,18,1490615
12573,1490617,3,1490620
12574,1490702,13,1490715
12575,1490803,72,1490875
12576,1491068,21,1491089
12577,1491130,47,1491177
12578,1491495,48,1491543
12579,1491701,32,1491733
12580,1491778,5,1491783
12581,1491807,30,1491837
12582,1492046,36,1492082
12583,1492104,6,1492110
12584,1492285,15,1492300
12585,1492374,2,1492376
12586,1492607,3,1492610
12587,1492650,8,1492658
12588,1492743,2,1492745
12589,1492807,4,1492811
12590,1492931,5,1492936
12591,1492975,46,1493021
12592,1493201,2,1493203
12593,1493238,57,1493295
12594,1493412,11,1493423
12595,1493578,17,1493595
12596,1493612,5,1493617
12597,1493633,40,1493673
12598,1494122,30,1494152
12599,1494226,3,1494229
12600,1494279,8,1494287
12601,1494401,2,1494403
12602,1494409,50,1494459
12603,1494513,6,1494519
12604,1494611,13,1494624
12605,1494824,18,1494842
12606,1494921,17,1494938
12607,1494974,7,1494981
12608,1495134,6,1495140
12609,1495354,10,1495364
12610,1495390,18,1495408
12611,1495510,10,1495520
12612,1495551,20,1495571
12613,1495640,1,1495641
12614,1495680,2,1495682
12615,1495770,13,1495783
12616,1495964,29,1495993
12617,1496207,57,1496264
12618,1496500,3,1496503
12619,1496528,7,1496535
12620,1496614,25,1496639
12621,1496666,11,1496677
12622,1496836,14,1496850
12623,1497128,10,1497138
12624,1497168,23,1497191
12625,1497485,13,1497498
12626,1497548,13,1497561
12627,1497593,18,1497611
12628,1497837,5,1497842
12629,1497969,22,1497991
12630,1498029,34,1498063
12631,1498073,6,1498079
12632,1498473,25,1498498
12633,1498504,9,1498513
12634,1498602,16,1498618
12635,1498626,95,1498721
12636,1498850,4,1498854
12637,1498906,68,1498974
12638,1499061,73,1499134
12639,1499177,2,1499179
12640,1499217,2,1499219
12641,1499256,12,1499268
12642,1499384,55,1499439
12643,1499509,12,1499521
12644,1499550,17,1499567
12645,1499776,38,1499814
12646,1499836,8,1499844
12647,1499888,7,1499895
12648,1499954,21,1499975
12649,1500137,41,1500178
12650,1500249,10,1500259
12651,1500278,9,1500287
12652,1500665,11,1500676
12653,1500713,45,1500758
12654,1500776,33,1500809
12655,1500816,2,1500818
12656,1500979,2,1500981
12657,1501095,23,1501118
12658,1501123,4,1501127
12659,1501155,4,1501159
12660,1501169,1,1501170
12661,1501214,14,1501228
12662,1501328,51,1501379
12663,1501403,8,1501411
12664,1501489,36,1501525
12665,1501624,56,1501680
12666,1501736,37,1501773
12667,1501793,51,1501844
12668,1501866,23,1501889
12669,1501947,12,1501959
12670,1502041,47,1502088
12671,1502591,32,1502623
12672,1502764,5,1502769
12673,1502813,42,1502855
12674,1502924,14,1502938
12675,1503064,41,1503105
12676,1503173,54,1503227
12677,1503241,3,1503244
12678,1503398,15,1503413
12679,1503424,11,1503435
12680,1503513,21,1503534
12681,1503722,22,1503744
12682,1503774,27,1503801
12683,1503878,6,1503884
12684,1503999,5,1504004
12685,1504329,12,1504341
12686,1504470,32,1504502
12687,1504614,30,1504644
12688,1504709,7,1504716
12689,1504856,21,1504877
12690,1504920,3,1504923
12691,1504929,7,1504936
12692,1505251,9,1505260
12693,1505513,63,1505576
12694,1505682,23,1505705
12695,1505740,8,1505748
12696,1505771,4,1505775
12697,1505839,40,1505879
12698,1505899,17,1505916
12699,1505948,6,1505954
12700,1506052,3,1506055
12701,1506088,20,1506108
12702,1506216,24,1506240
12703,1506534,4,1506538
12704,1506654,5,1506659
12705,1506698,34,1506732
12706,1506777,12,1506789
12707,1506815,36,1506851
12708,1506932,6,1506938
12709,1507138,40,1507178
12710,1507188,11,1507199
12711,1507314,12,1507326
12712,1507377,18,1507395
12713,1507432,66,1507498
12714,1507637,5,1507642
12715,1507699,12,1507711
12716,1507787,12,1507799
12717,1507849,6,1507855
12718,1507956,40,1507996
12719,1508043,20,1508063
12720,1508160,3,1508163
12721,1508269,5,1508274
12722,1508370,33,1508403
12723,1508429,11,1508440
12724,1508495,30,1508525
12725,1508626,2,1508628
12726,1508696,18,1508714
12727,1508965,9,1508974
12728,1509037,5,1509042
12729,1509187,17,1509204
12730,1509213,17,1509230
12731,1509279,3,1509282
12732,1509361,10,1509371
12733,1509376,8,1509384
12734,1509432,9,1509441
12735,1509491,12,1509503
12736,1509520,25,1509545
12737,1509682,44,1509726
12738,1509826,13,1509839
12739,1509880,10,1509890
12740,1509916,90,1510006
12741,1510029,31,1510060
12742,1510134,50,1510184
12743,1510205,2,1510207
12744,1510220,24,1510244
12745,1510349,16,1510365
12746,1510409,6,1510415
12747,1510627,34,1510661
12748,1510739,15,1510754
12749,1510832,18,1510850
12750,1510864,53,1510917
12751,1511418,4,1511422
12752,1511515,46,1511561
12753,1511588,16,1511604
12754,1511731,8,1511739
12755,1511982,7,1511989
12756,1512477,6,1512483
12757,1512558,17,1512575
12758,1512673,4,1512677
12759,1512721,1,1512722
12760,1512807,1,1512808
12761,1512851,10,1512861
12762,1513286,32,1513318
12763,1513432,26,1513458
12764,1513532,50,1513582
12765,1513629,6,1513635
12766,1513654,2,1513656
12767,1513704,5,1513709
12768,1513721,45,1513766
12769,1513878,7,1513885
12770,1513951,6,1513957
12771,1514046,7,1514053
12772,1514194,8,1514202
12773,1514228,59,1514287
12774,1514464,17,1514481
12775,1514583,62,1514645
12776,1514832,7,1514839
12777,1514864,69,1514933
12778,1514979,13,1514992
12779,1514997,66,1515063
12780,1515123,1,1515124
12781,1515418,61,1515479
12782,1515501,10,1515511
12783,1515523,41,1515564
12784,1515780,6,1515786
12785,1516388,28,1516416
12786,1516553,9,1516562
12787,1516636,43,1516679
12788,1516751,9,1516760
12789,1516852,40,1516892
12790,1516910,6,1516916
12791,1516917,14,1516931
12792,1517255,7,1517262
12793,1517535,3,1517538
12794,1517687,44,1517731
12795,1517968,22,1517990
12796,1518178,13,1518191
12797,1518298,11,1518309
12798,1518344,11,1518355
12799,1518451,3,1518454
12800,1518461,7,1518468
12801,1518596,3,1518599
12802,1518627,18,1518645
12803,1519061,14,1519075
12804,1519124,6,1519130
12805,1519669,64,1519733
12806,1519803,1,1519804
12807,1519817,10,1519827
12808,1520092,12,1520104
12809,1520135,152,1520287
12810,1520312,10,1520322
12811,1520406,18,1520424
12812,1520452,55,1520507
12813,1520583,18,1520601
12814,1520687,49,1520736
12815,1520855,9,1520864
12816,1520885,17,1520902
12817,1520907,28,1520935
12818,1521339,1,1521340
12819,1521357,27,1521384
12820,1521461,5,1521466
12821,1521577,13,1521590
12822,1521667,18,1521685
12823,1521769,9,1521778
12824,1521784,3,1521787
12825,1522337,13,1522350
12826,1522389,22,1522411
12827,1522826,6,1522832
12828,1522928,7,1522935
12829,1523030,10,1523040
12830,1523232,53,1523285
12831,1523364,1,1523365
12832,1523369,2,1523371
12833,1523391,1,1523392
12834,1523511,1,1523512
12835,1523624,7,1523631
12836,1523779,9,1523788
12837,1523811,6,1523817
12838,1524194,29,1524223
12839,1524255,67,1524322
12840,1524420,29,1524449
12841,1524492,22,1524514
12842,1524529,10,1524539
12843,1524580,7,1524587
12844,1524746,32,1524778
12845,1524999,8,1525007
12846,1525049,45,1525094
12847,1525200,30,1525230
12848,1526022,2,1526024
12849,1526171,15,1526186
12850,1526194,19,1526213
12851,1526214,6,1526220
12852,1526303,56,1526359
12853,1526580,30,1526610
12854,1526746,49,1526795
12855,1526817,7,1526824
12856,1526860,25,1526885
12857,1526888,6,1526894
12858,1527205,14,1527219
12859,1527225,19,1527244
12860,1527325,15,1527340
12861,1527452,22,1527474
12862,1527667,27,1527694
12863,1527712,16,1527728
12864,1527815,67,1527882
12865,1527908,10,1527918
12866,1528000,12,1528012
12867,1528297,20,1528317
12868,1528381,23,1528404
12869,1528436,51,1528487
12870,1528493,13,1528506
12871,1528547,11,1528558
12872,1528568,4,1528572
12873,1528624,17,1528641
12874,1528684,40,1528724
12875,1528826,39,1528865
12876,1529074,28,1529102
12877,1529142,17,1529159
12878,1529319,9,1529328
12879,1529467,9,1529476
12880,1529494,42,1529536
12881,1529566,42,1529608
12882,1529930,14,1529944
12883,1529959,9,1529968
12884,1530028,4,1530032
12885,1530055,18,1530073
12886,1530131,23,1530154
12887,1530249,24,1530273
12888,1530344,16,1530360
12889,1530407,3,1530410
12890,1530466,4,1530470
12891,1530603,13,1530616
12892,1530622,16,1530638
12893,1530650,2,1530652
12894,1530783,33,1530816
12895,1530860,1,1530861
12896,1531128,72,1531200
12897,1531224,57,1531281
12898,1531583,32,1531615
12899,1531636,2,1531638
12900,1531745,12,1531757
12901,1531881,3,1531884
12902,1531888,2,1531890
12903,1532097,23,1532120
12904,1532298,18,1532316
12905,1532396,2,1532398
12906,1532564,21,1532585
12907,1532730,22,1532752
12908,1532772,33,1532805
12909,1532806,10,1532816
12910,1532991,44,1533035
12911,1533050,31,1533081
12912,1533242,25,1533267
12913,1533271,10,1533281
12914,1533485,7,1533492
12915,1533555,23,1533578
12916,1533649,1,1533650
12917,1533712,45,1533757
12918,1533779,42,1533821
12919,1534094,1,1534095
12920,1534209,22,1534231
12921,1534314,17,1534331
12922,1534530,25,1534555
12923,1534614,114,1534728
12924,1534774,44,1534818
12925,1534904,13,1534917
12926,1534932,7,1534939
12927,1534948,31,1534979
12928,1535002,17,1535019
12929,1535169,32,1535201
12930,1535307,32,1535339
12931,1535663,4,1535667
12932,1535734,32,1535766
12933,1535884,3,1535887
12934,1535926,28,1535954
12935,1535994,15,1536009
12936,1536130,29,1536159
12937,1536197,40,1536237
12938,1536401,30,1536431
12939,1536523,6,1536529
12940,1536544,1,1536545
12941,1536653,28,1536681
12942,1536815,17,1536832
12943,1536864,36,1536900
12944,1536974,10,1536984
12945,1536988,2,1536990
12946,1537075,2,1537077
12947,1537091,19,1537110
12948,1537193,26,1537219
12949,1537241,20,1537261
12950,1537382,7,1537389
12951,1537443,15,1537458
12952,1537465,1,1537466
12953,1537552,2,1537554
12954,1537600,4,1537604
12955,1537606,7,1537613
12956,1537781,28,1537809
12957,1537995,10,1538005
12958,1538247,43,1538290
12959,1538294,6,1538300
12960,1538353,24,1538377
12961,1538505,4,1538509
12962,1538651,78,1538729
12963,1538768,2,1538770
12964,1539038,1,1539039
12965,1539075,25,1539100
12966,1539156,3,1539159
12967,1539193,8,1539201
12968,1539283,7,1539290
12969,1539303,13,1539316
12970,1539341,7,1539348
12971,1539373,8,1539381
12972,1539497,10,1539507
12973,1539519,3,1539522
12974,1539680,7,1539687
12975,1539711,56,1539767
12976,1539800,78,1539878
12977,1540098,17,1540115
12978,1540157,47,1540204
12979,1540250,47,1540297
12980,1540341,21,1540362
12981,1540419,9,1540428
12982,1540476,24,1540500
12983,1540542,13,1540555
12984,1540558,17,1540575
12985,1540595,31,1540626
12986,1540864,12,1540876
12987,1540901,89,1540990
12988,1541014,29,1541043
12989,1541098,6,1541104
12990,1541314,5,1541319
12991,1541490,7,1541497
12992,1541635,36,1541671
12993,1541725,20,1541745
12994,1541870,46,1541916
12995,1541927,10,1541937
12996,1542146,7,1542153
12997,1542159,31,1542190
12998,1542212,19,1542231
12999,1542303,18,1542321
13000,1542386,19,1542405
13001,1542535,29,1542564
13002,1542570,44,1542614
13003,1542706,26,1542732
13004,1542773,5,1542778
13005,1542802,10,1542812
13006,1543069,40,1543109
13007,1543156,32,1543188
13008,1543202,8,1543210
13009,1543490,31,1543521
13010,1543812,5,1543817
13011,1543900,9,1543909
13012,1543997,1,1543998
13013,1544102,13,1544115
13014,1544534,34,1544568
13015,1544606,25,1544631
13016,1544817,1,1544818
13017,1544927,7,1544934
13018,1544974,21,1544995
13019,1545012,15,1545027
13020,1545036,5,1545041
13021,1545165,4,1545169
13022,1545569,4,1545573
13023,1545588,44,1545632
13024,1545723,66,1545789
13025,1545923,16,1545939
13026,1545961,2,1545963
13027,1546174,10,1546184
13028,1546306,32,1546338
13029,1546565,18,1546583
13030,1546749,28,1546777
13031,1546919,6,1546925
13032,1547219,63,1547282
13033,1547308,9,1547317
13034,1547333,15,1547348
13035,1547394,8,1547402
13036,1547449,4,1547453
13037,1547456,16,1547472
13038,1547511,47,1547558
13039,1547576,7,1547583
13040,1547737,4,1547741
13041,1547756,9,1547765
13042,1547772,34,1547806
13043,1547905,1,1547906
13044,1547917,12,1547929
13045,1547960,52,1548012
13046,1548053,42,1548095
13047,1548122,24,1548146
13048,1548386,24,1548410
13049,1548423,25,1548448
13050,1548557,5,1548562
13051,1548678,4,1548682
13052,1549074,2,1549076
13053,1549077,88,1549165
13054,1549180,51,1549231
13055,1549241,20,1549261
13056,1549380,16,1549396
13057,1549647,12,1549659
13058,1549706,13,1549719
13059,1549779,6,1549785
13060,1549814,73,1549887
13061,1550074,12,1550086
13062,1550090,12,1550102
13063,1550166,25,1550191
13064,1550318,124,1550442
13065,1550514,3,1550517
13066,1550670,28,1550698
13067,1550799,4,1550803
13068,1550804,63,1550867
13069,1550923,8,1550931
13070,1550976,24,1551000
13071,1551202,32,1551234
13072,1551346,1,1551347
13073,1551379,17,1551396
13074,1551500,12,1551512
13075,1551604,29,1551633
13076,1551636,31,1551667
13077,1551715,13,1551728
13078,1551778,18,1551796
13079,1551901,7,1551908
13080,1552164,1,1552165
13081,1552320,12,1552332
13082,1552461,17,1552478
13083,1552487,8,1552495
13084,1552497,40,1552537
13085,1552560,18,1552578
13086,1552915,5,1552920
13087,1553011,12,1553023
13088,1553046,17,1553063
13089,1553188,8,1553196
13090,1553255,7,1553262
13091,1553478,13,1553491
13092,1553535,4,1553539
13093,1553645,3,1553648
13094,1553709,44,1553753
13095,1553769,20,1553789
13096,1553943,18,1553961
13097,1554095,1,1554096
13098,1554411,49,1554460
13099,1554550,40,1554590
13100,1554880,4,1554884
13101,1555128,37,1555165
13102,1555236,39,1555275
13103,1555386,16,1555402
13104,1555485,31,1555516
13105,1555532,16,1555548
13106,1555716,12,1555728
13107,1555852,33,1555885
13108,1556238,34,1556272
13109,1556304,3,1556307
13110,1556329,29,1556358
13111,1556360,1,1556361
13112,1556438,15,1556453
13113,1556506,19,1556525
13114,1556562,12,1556574
13115,1556602,13,1556615
13116,1556755,12,1556767
13117,1557023,15,1557038
13118,1557070,16,1557086
13119,1557176,1,1557177
13120,1557281,24,1557305
13121,1557361,9,1557370
13122,1557728,5,1557733
13123,1557917,20,1557937
13124,1558015,36,1558051
13125,1558258,54,1558312
13126,1558348,8,1558356
13127,1558405,3,1558408
13128,1558432,57,1558489
13129,1558750,5,1558755
13130,1558778,29,1558807
13131,1558835,2,1558837
13132,1558850,21,1558871
13133,1559091,10,1559101
13134,1559175,18,1559193
13135,1559361,39,1559400
13136,1559415,1,1559416
13137,1559608,28,1559636
13138,1559694,7,1559701
13139,1559981,19,1560000
13140,1560129,14,1560143
13141,1560244,10,1560254
13142,1560269,12,1560281
13143,1560398,4,1560402
13144,1560423,13,1560436
13145,1560438,6,1560444
13146,1560575,57,1560632
13147,1560664,21,1560685
13148,1560764,16,1560780
13149,1560869,4,1560873
13150,1560925,18,1560943
13151,1561229,24,1561253
13152,1561260,19,1561279
13153,1561583,1,1561584
13154,1561650,22,1561672
13155,1561717,1,1561718
13156,1561820,11,1561831
13157,1561927,14,1561941
13158,1562115,5,1562120
13159,1562355,28,1562383
13160,1562567,28,1562595
13161,1562674,1,1562675
13162,1562765,20,1562785
13163,1562788,29,1562817
13164,1562889,20,1562909
13165,1563132,39,1563171
13166,1563228,10,1563238
13167,1563329,46,1563375
13168,1563620,24,1563644
13169,1563668,40,1563708
13170,1563831,38,1563869
13171,1563943,36,1563979
13172,1564177,3,1564180
13173,1564185,10,1564195
13174,1564225,3,1564228
13175,1564287,8,1564295
13176,1564299,2,1564301
13177,1564314,3,1564317
13178,1564495,24,1564519
13179,1564548,12,1564560
13180,1564678,16,1564694
13181,1564768,25,1564793
13182,1564940,4,1564944
13183,1565162,3,1565165
13184,1565256,22,1565278
13185,1565295,13,1565308
13186,1565548,14,1565562
13187,1565856,1,1565857
13188,1565865,7,1565872
13189,1566023,23,1566046
13190,1566220,7,1566227
13191,1566347,21,1566368
13192,1566428,13,1566441
13193,1566573,1,1566574
13194,1566621,18,1566639
13195,1566666,13,1566679
13196,1566702,1,1566703
13197,1566759,28,1566787
13198,1566838,1,1566839
13199,1566861,27,1566888
13200,1567026,6,1567032
13201,1567111,14,1567125
13202,1567145,10,1567155
13203,1567181,31,1567212
13204,1567298,4,1567302
13205,1567755,16,1567771
13206,1567819,57,1567876
13207,1568397,22,1568419
13208,1568441,1,1568442
13209,1568562,2,1568564
13210,1568810,16,1568826
13211,1568901,8,1568909
13212,1568992,3,1568995
13213,1569189,17,1569206
13214,1569228,7,1569235
13215,1569327,18,1569345
13216,1569482,9,1569491
13217,1569584,3,1569587
13218,1569605,57,1569662
13219,1569759,3,1569762
13220,1569784,68,1569852
13221,1569942,48,1569990
13222,1570458,6,1570464
13223,1570514,42,1570556
13224,1570607,15,1570622
13225,1570647,6,1570653
13226,1570661,2,1570663
13227,1570683,88,1570771
13228,1570923,32,1570955
13229,1571044,6,1571050
13230,1571118,48,1571166
13231,1571177,3,1571180
13232,1571304,13,1571317
13233,1571388,75,1571463
13234,1571494,11,1571505
13235,1571792,1,1571793
13236,1571815,47,1571862
13237,1571923,14,1571937
13238,1572187,8,1572195
13239,1572197,2,1572199
13240,1572226,13,1572239
13241,1572353,1,1572354
13242,1572391,5,1572396
13243,1572503,37,1572540
13244,1572574,18,1572592
13245,1572756,20,1572776
13246,1572934,1,1572935
13247,1572983,100,1573083
13248,1573194,18,1573212
13249,1573300,1,1573301
13250,1573341,4,1573345
13251,1573485,20,1573505
13252,1573756,45,1573801
13253,1574018,8,1574026
13254,1574123,14,1574137
13255,1574538,77,1574615
13256,1574706,9,1574715
13257,1574843,8,1574851
13258,1574953,41,1574994
13259,1575096,12,1575108
13260,1575109,13,1575122
13261,1575165,24,1575189
13262,1575296,14,1575310
13263,1575333,1,1575334
13264,1575352,13,1575365
13265,1575470,1,1575471
13266,1575850,13,1575863
13267,1575994,18,1576012
13268,1576019,12,1576031
13269,1576128,103,1576231
13270,1576252,16,1576268
13271,1576270,86,1576356
13272,1576359,26,1576385
13273,1576560,23,1576583
13274,1576667,10,1576677
13275,1576695,28,1576723
13276,1576749,11,1576760
13277,1577047,8,1577055
13278,1577089,15,1577104
13279,1577172,18,1577190
13280,1577215,17,1577232
13281,1577253,16,1577269
13282,1577461,3,1577464
13283,1577584,21,1577605
13284,1577659,2,1577661
13285,1577832,18,1577850
13286,1577875,3,1577878
13287,1577895,32,1577927
13288,1577986,2,1577988
13289,1578035,15,1578050
13290,1578054,52,1578106
13291,1578159,22,1578181
13292,1578273,49,1578322
13293,1578611,71,1578682
13294,1578685,7,1578692
13295,1578809,26,1578835
13296,1578864,9,1578873
13297,1578874,41,1578915
13298,1579252,3,1579255
13299,1579502,7,1579509
13300,1580242,3,1580245
13301,1580289,66,1580355
13302,1580447,26,1580473
13303,1580801,30,1580831
13304,1580835,35,1580870
13305,1580917,40,1580957
13306,1581377,23,1581400
13307,1581444,94,1581538
13308,1581649,18,1581667
13309,1581803,26,1581829
13310,1581864,30,1581894
13311,1582149,31,1582180
13312,1582264,2,1582266
13313,1582371,1,1582372
13314,1582425,1,1582426
13315,1582429,28,1582457
13316,1582513,9,1582522
13317,1582689,13,1582702
13318,1582733,35,1582768
13319,1582798,52,1582850
13320,1582880,10,1582890
13321,1582937,2,1582939
13322,1582990,3,1582993
13323,1583032,10,1583042
13324,1583057,1,1583058
13325,1583139,18,1583157
13326,1583305,17,1583322
13327,1583329,24,1583353
13328,1583363,4,1583367
13329,1583373,30,1583403
13330,1583506,25,1583531
13331,1583832,2,1583834
13332,1583936,8,1583944
13333,1583988,8,1583996
13334,1584009,40,1584049
13335,1584073,66,1584139
13336,1584228,58,1584286
13337,1584386,35,1584421
13338,1584737,21,1584758
13339,1585054,22,1585076
13340,1585077,35,1585112
13341,1585129,6,1585135
13342,1585237,12,1585249
13343,1585263,25,1585288
13344,1585332,4,1585336
13345,1585430,58,1585488
13346,1585600,31,1585631
13347,1585676,4,1585680
13348,1585745,20,1585765
13349,1585804,2,1585806
13350,1585827,56,1585883
13351,1586077,13,1586090
13352,1586146,23,1586169
13353,1586194,10,1586204
13354,1586402,7,1586409
13355,1586593,33,1586626
13356,1586887,1,1586888
13357,1586917,30,1586947
13358,1587180,16,1587196
13359,1587307,3,1587310
13360,1587409,5,1587414
13361,1587549,4,1587553
13362,1587801,42,1587843
13363,1587953,7,1587960
13364,1588072,22,1588094
13365,1588237,18,1588255
13366,1588418,24,1588442
13367,1588451,16,1588467
13368,1588590,41,1588631
13369,1588673,2,1588675
13370,1588784,3,1588787
13371,1588797,19,1588816
13372,1588886,1,1588887
13373,1588933,11,1588944
13374,1588962,14,1588976
13375,1589034,3,1589037
13376,1589257,3,1589260
13377,1589443,30,1589473
13378,1589673,32,1589705
13379,1589718,11,1589729
13380,1589732,43,1589775
13381,1589847,25,1589872
13382,1589916,34,1589950
13383,1589954,58,1590012
13384,1590068,25,1590093
13385,1590109,4,1590113
13386,1590183,2,1590185
13387,1590298,53,1590351
13388,1590530,56,1590586
13389,1590615,2,1590617
13390,1590891,5,1590896
13391,1591227,4,1591231
13392,1591263,26,1591289
13393,1591375,29,1591404
13394,1591515,3,1591518
13395,1591639,5,1591644
13396,1591780,17,1591797
13397,1591832,24,1591856
13398,1591918,58,1591976
13399,1592017,38,1592055
13400,1592219,9,1592228
13401,1592464,48,1592512
13402,1592606,26,1592632
13403,1592699,12,1592711
13404,1592733,23,1592756
13405,1592812,14,1592826
13406,1592858,23,1592881
13407,1593024,18,1593042
13408,1593149,32,1593181
13409,1593227,4,1593231
13410,1593275,3,1593278
13411,1593325,7,1593332
13412,1593342,45,1593387
13413,1593621,41,1593662
13414,1593770,48,1593818
13415,1593945,6,1593951
13416,1594007,6,1594013
13417,1594280,45,1594325
13418,1594411,2,1594413
13419,1594423,1,1594424
13420,1594570,43,1594613
13421,1594635,51,1594686
13422,1594809,5,1594814
13423,1594917,8,1594925
13424,1595397,4,1595401
13425,1595565,30,1595595
13426,1596165,8,1596173
13427,1596305,29,1596334
13428,1596498,7,1596505
13429,1596530,47,1596577
13430,1596608,5,1596613
13431,1596706,62,1596768
13432,1596897,26,1596923
13433,1597018,25,1597043
13434,1597245,4,1597249
13435,1597254,8,1597262
13436,1597454,16,1597470
13437,1597602,41,1597643
13438,1597858,7,1597865
13439,1597887,14,1597901
13440,1597921,1,1597922
13441,1598169,35,1598204
13442,1598323,25,1598348
13443,1598529,18,1598547
13444,1598657,108,1598765
13445,1598777,23,1598800
13446,1598923,8,1598931
13447,1599010,9,1599019
13448,1599077,9,1599086
13449,1599263,38,1599301
13450,1599317,36,1599353
13451,1599405,7,1599412
13452,1599418,9,1599427
13453,1599523,4,1599527
13454,1599564,5,1599569
13455,1599633,7,1599640
13456,1599644,46,1599690
13457,1599768,11,1599779
13458,1600027,12,1600039
13459,1600107,26,1600133
13460,1600166,38,1600204
13461,1600311,35,1600346
13462,1600352,8,1600360
13463,1600369,24,1600393
13464,1600403,15,1600418
13465,1600462,20,1600482
13466,1600529,3,1600532
13467,1600603,1,1600604
13468,1600693,16,1600709
13469,1600840,10,1600850
13470,1600935,40,1600975
13471,1601025,18,1601043
13472,1601218,36,1601254
13473,1601355,62,1601417
13474,1601422,4,1601426
13475,1601447,1,1601448
13476,1601564,4,1601568
13477,1601577,24,1601601
13478,1601721,77,1601798
13479,1601807,9,1601816
13480,1601823,25,1601848
13481,1601862,16,1601878
13482,1601903,1,1601904
13483,1601990,102,1602092
13484,1602106,14,1602120
13485,1602192,17,1602209
13486,1602243,18,1602261
13487,1602263,3,1602266
13488,1602380,10,1602390
13489,1602506,30,1602536
13490,1602546,2,1602548
13491,1602606,9,1602615
13492,1602676,27,1602703
13493,1602759,33,1602792
13494,1602809,11,1602820
13495,1602845,2,1602847
13496,1603038,48,1603086
13497,1603128,12,1603140
13498,1603197,13,1603210
13499,1603413,11,1603424
13500,1603448,11,1603459
13501,1603720,19,1603739
13502,1603948,26,1603974
13503,1604097,12,1604109
13504,1604115,25,1604140
13505,1604296,41,1604337
13506,1604557,36,1604593
13507,1604678,15,1604693
13508,1604709,1,1604710
13509,1604740,57,1604797
13510,1604822,18,1604840
13511,1605047,12,1605059
13512,1605091,46,1605137
13513,1605152,16,1605168
13514,1605301,31,1605332
13515,1605347,4,1605351
13516,1605548,24,1605572
13517,1605595,11,1605606
13518,1605625,12,1605637
13519,1605664,19,1605683
13520,1605690,40,1605730
13521,1605765,4,1605769
13522,1605787,14,1605801
13523,1605861,7,1605868
13524,1606002,43,1606045
13525,1606167,3,1606170
13526,1606212,14,1606226
13527,1606344,6,1606350
13528,1606410,50,1606460
13529,1606504,50,1606554
13530,1606937,44,1606981
13531,1607026,6,1607032
13532,1607144,18,1607162
13533,1607306,35,1607341
13534,1607391,19,1607410
13535,1607482,21,1607503
13536,1607557,9,1607566
13537,1607794,3,1607797
13538,1607922,26,1607948
13539,1607954,43,1607997
13540,1608053,3,1608056
13541,1608066,16,1608082
13542,1608137,7,1608144
13543,1608304,46,1608350
13544,1608396,43,1608439
13545,1608697,23,1608720
13546,1608734,6,1608740
13547,1608806,6,1608812
13548,1608881,61,1608942
13549,1609127,2,1609129
13550,1609151,60,1609211
13551,1609247,1,1609248
13552,1609459,21,1609480
13553,1609835,35,1609870
13554,1610193,9,1610202
13555,1610262,2,1610264
13556,1610290,1,1610291
13557,1610602,59,1610661
13558,1610729,6,1610735
13559,1610763,9,1610772
13560,1610802,74,1610876
13561,1610903,102,1611005
13562,1611175,39,1611214
13563,1611217,21,1611238
13564,1611323,9,1611332
13565,1611364,7,1611371
13566,1611535,4,1611539
13567,1611658,7,1611665
13568,1611669,70,1611739
13569,1611768,3,1611771
13570,1611781,14,1611795
13571,1611806,18,1611824
13572,1612077,8,1612085
13573,1612203,8,1612211
13574,1612402,79,1612481
13575,1612667,13,1612680
13576,1612766,28,1612794
13577,1612948,24,1612972
13578,1612976,1,1612977
13579,1613014,3,1613017
13580,1613225,5,1613230
13581,1613384,9,1613393
13582,1613405,41,1613446
13583,1613483,11,1613494
13584,1613509,14,1613523
13585,1613603,1,1613604
13586,1613608,41,1613649
13587,1613720,10,1613730
13588,1613775,24,1613799
13589,1613885,8,1613893
13590,1613916,6,1613922
13591,1614017,6,1614023
13592,1614325,23,1614348
13593,1614570,8,1614578
13594,1614630,6,1614636
13595,1614819,7,1614826
13596,1614886,10,1614896
13597,1614953,4,1614957
13598,1614973,25,1614998
13599,1615113,5,1615118
13600,1615192,23,1615215
13601,1615373,8,1615381
13602,1615387,56,1615443
13603,1615602,11,1615613
13604,1615891,2,1615893
13605,1616048,24,1616072
13606,1616108,8,1616116
13607,1616204,24,1616228
13608,1616314,28,1616342
13609,1616347,42,1616389
13610,1616443,15,1616458
13611,1616630,13,1616643
13612,1616740,43,1616783
13613,1617063,15,1617078
13614,1617128,14,1617142
13615,1617193,6,1617199
13616,1617321,7,1617328
13617,1617335,2,1617337
13618,1617491,21,1617512
13619,1617579,12,1617591
13620,1617674,3,1617677
13621,1617721,8,1617729
13622,1617754,5,1617759
13623,1617787,5,1617792
13624,1617906,14,1617920
13625,1617928,13,1617941
13626,1617995,10,1618005
13627,1618190,48,1618238
13628,1618291,8,1618299
13629,1618308,3,1618311
13630,1618313,16,1618329
13631,1618697,50,1618747
13632,1618765,13,1618778
13633,1618788,21,1618809
13634,1618880,4,1618884
13635,1618930,55,1618985
13636,1619046,34,1619080
13637,1619097,11,1619108
13638,1619289,26,1619315
13639,1619383,3,1619386
13640,1619569,12,1619581
13641,1619609,26,1619635
13642,1619927,1,1619928
13643,1620177,8,1620185
13644,1620377,8,1620385
13645,1620441,1,1620442
13646,1620480,2,1620482
13647,1620573,30,1620603
13648,1621085,84,1621169
13649,1621229,5,1621234
13650,1621236,47,1621283
13651,1621322,6,1621328
13652,1621413,5,1621418
13653,1621459,7,1621466
13654,1621531,2,1621533
13655,1621534,44,1621578
13656,1621820,11,1621831
13657,1621853,15,1621868
13658,1622189,122,1622311
13659,1622324,44,1622368
13660,1622371,36,1622407
13661,1622600,8,1622608
13662,1622675,2,1622677
13663,1622782,17,1622799
13664,1622978,2,1622980
13665,1623022,7,1623029
13666,1623228,14,1623242
13667,1623557,7,1623564
13668,1623591,1,1623592
13669,1623672,130,1623802
13670,1623999,2,1624001
13671,1624037,5,1624042
13672,1624064,6,1624070
13673,1624077,17,1624094
13674,1624105,5,1624110
13675,1624311,61,1624372
13676,1624646,18,1624664
13677,1624722,9,1624731
13678,1624732,24,1624756
13679,1624780,6,1624786
13680,1624975,13,1624988
13681,1625007,16,1625023
13682,1625106,5,1625111
13683,1625120,5,1625125
13684,1625139,12,1625151
13685,1625258,29,1625287
13686,1625850,8,1625858
13687,1625916,28,1625944
13688,1626099,40,1626139
13689,1626270,30,1626300
13690,1626310,2,1626312
13691,1626335,2,1626337
13692,1626537,15,1626552
13693,1626789,6,1626795
13694,1626936,8,1626944
13695,1627140,26,1627166
13696,1627176,31,1627207
13697,1627243,5,1627248
13698,1627265,5,1627270
13699,1627285,59,1627344
13700,1627524,8,1627532
13701,1627568,27,1627595
13702,1627841,20,1627861
13703,1627863,2,1627865
13704,1627934,9,1627943
13705,1628021,30,1628051
13706,1628174,12,1628186
13707,1628189,4,1628193
13708,1628220,43,1628263
13709,1628340,2,1628342
13710,1628531,22,1628553
13711,1628578,14,1628592
13712,1628671,2,1628673
13713,1628712,2,1628714
13714,1628718,13,1628731
13715,1628773,24,1628797
13716,1628905,1,1628906
13717,1629061,6,1629067
13718,1629135,9,1629144
13719,1629173,31,1629204
13720,1629260,59,1629319
13721,1629468,13,1629481
13722,1629644,53,1629697
13723,1629941,20,1629961
13724,1630179,14,1630193
13725,1630351,17,1630368
13726,1630473,96,1630569
13727,1630622,48,1630670
13728,1630734,16,1630750
13729,1631097,42,1631139
13730,1631248,6,1631254
13731,1631258,29,1631287
13732,1631382,30,1631412
13733,1631553,44,1631597
13734,1631609,14,1631623
13735,1631813,7,1631820
13736,1631833,5,1631838
13737,1632014,6,1632020
13738,1632029,32,1632061
13739,1632117,28,1632145
13740,1632272,21,1632293
13741,1632542,15,1632557
13742,1632559,1,1632560
13743,1632592,2,1632594
13744,1632703,43,1632746
13745,1632780,14,1632794
13746,1632826,38,1632864
13747,1632925,5,1632930
13748,1633152,12,1633164
13749,1633249,16,1633265
13750,1633302,29,1633331
13751,1633469,13,1633482
13752,1633817,23,1633840
13753,1633897,4,1633901
13754,1634011,31,1634042
13755,1634195,41,1634236
13756,1634274,13,1634287
13757,1634386,1,1634387
13758,1634452,20,1634472
13759,1634598,33,1634631
13760,1634693,4,1634697
13761,1635018,6,1635024
13762,1635048,8,1635056
13763,1635060,84,1635144
13764,1635277,46,1635323
13765,1635375,22,1635397
13766,1635429,8,1635437
13767,1635525,55,1635580
13768,1635768,14,1635782
13769,1635788,3,1635791
13770,1635927,45,1635972
13771,1635980,13,1635993
13772,1636061,1,1636062
13773,1636104,3,1636107
13774,1636441,7,1636448
13775,1636563,5,1636568
13776,1637060,4,1637064
13777,1637106,39,1637145
13778,1637562,20,1637582
13779,1637627,50,1637677
13780,1637772,17,1637789
13781,1637937,4,1637941
13782,1638090,5,1638095
13783,1638128,2,1638130
13784,1638149,49,1638198
13785,1638286,10,1638296
13786,1638359,1,1638360
13787,1638477,32,1638509
13788,1638590,2,1638592
13789,1638623,4,1638627
13790,1638642,3,1638645
13791,1638651,31,1638682
13792,1638700,6,1638706
13793,1638892,15,1638907
13794,1639045,2,1639047
13795,1639376,10,1639386
13796,1639443,53,1639496
13797,1639626,19,1639645
13798,1639859,25,1639884
13799,1639906,13,1639919
13800,1639941,25,1639966
13801,1640011,15,1640026
13802,1640238,39,1640277
13803,1640300,2,1640302
13804,1640609,4,1640613
13805,1640672,8,1640680
13806,1640771,6,1640777
13807,1640838,34,1640872
13808,1640920,2,1640922
13809,1640987,5,1640992
13810,1641069,3,1641072
13811,1641199,4,1641203
13812,1641268,58,1641326
13813,1641554,13,1641567
13814,1641845,2,1641847
13815,1641970,15,1641985
13816,1642051,2,1642053
13817,1642073,31,1642104
13818,1642218,33,1642251
13819,1642460,1,1642461
13820,1642471,29,1642500
13821,1642536,22,1642558
13822,1642731,17,1642748
13823,1642822,75,1642897
13824,1642920,18,1642938
13825,1643105,8,1643113
13826,1643265,51,1643316
13827,1643415,61,1643476
13828,1643516,21,1643537
13829,1643793,26,1643819
13830,1643837,36,1643873
13831,1643998,49,1644047
13832,1644076,23,1644099
13833,1644208,3,1644211
13834,1644360,5,1644365
13835,1644374,54,1644428
13836,1644518,6,1644524
13837,1644533,4,1644537
13838,1644538,16,1644554
13839,1644811,43,1644854
13840,1644876,1,1644877
13841,1645052,1,1645053
13842,1645183,1,1645184
13843,1645301,30,1645331
13844,1645396,55,1645451
13845,1645452,6,1645458
13846,1645505,21,1645526
13847,1645534,88,1645622
13848,1645760,13,1645773
13849,1645820,1,1645821
13850,1646012,12,1646024
13851,1646051,2,1646053
13852,1646095,37,1646132
13853,1646149,6,1646155
13854,1646157,9,1646166
13855,1646238,10,1646248
13856,1646271,1,1646272
13857,1646404,51,1646455
13858,1646635,20,1646655
13859,1646813,1,1646814
13860,1646851,6,1646857
13861,1646933,10,1646943
13862,1647012,12,1647024
13863,1647324,41,1647365
13864,1647379,36,1647415
13865,1647444,19,1647463
13866,1647568,8,1647576
13867,1647659,4,1647663
13868,1647680,19,1647699
13869,1647706,16,1647722
13870,1647751,16,1647767
13871,1647799,32,1647831
13872,1647889,6,1647895
13873,1648019,8,1648027
13874,1648043,12,1648055
13875,1648186,14,1648200
13876,1648337,5,1648342
13877,1648614,4,1648618
13878,1648729,38,1648767
13879,1648789,8,1648797
13880,1649025,2,1649027
13881,1649123,7,1649130
13882,1649169,18,1649187
13883,1649290,2,1649292
13884,1649353,11,1649364
13885,1649459,15,1649474
13886,1649601,83,1649684
13887,1649758,27,1649785
13888,1649787,10,1649797
13889,1650199,16,1650215
13890,1650352,25,1650377
13891,1650493,1,1650494
13892,1650552,30,1650582
13893,1650745,15,1650760
13894,1650841,21,1650862
13895,1650949,68,1651017
13896,1651213,2,1651215
13897,1651216,34,1651250
13898,1651555,28,1651583
13899,1651749,68,1651817
13900,1651848,1,1651849
13901,1652072,106,1652178
13902,1652212,18,1652230
13903,1652240,4,1652244
13904,1652304,55,1652359
13905,1652619,4,1652623
13906,1652662,55,1652717
13907,1652743,33,1652776
13908,1652788,4,1652792
13909,1652929,20,1652949
13910,1653006,2,1653008
13911,1653191,18,1653209
13912,1653294,5,1653299
13913,1653372,16,1653388
13914,1653521,8,1653529
13915,1653575,1,1653576
13916,1653795,4,1653799
13917,1653893,24,1653917
13918,1654343,57,1654400
13919,1654608,8,1654616
13920,1654723,12,1654735
13921,1654939,61,1655000
13922,1655045,4,1655049
13923,1655063,36,1655099
13924,1655166,3,1655169
13925,1655434,7,1655441
13926,1655466,49,1655515
13927,1656154,7,1656161
13928,1656220,2,1656222
13929,1656287,21,1656308
13930,1656332,15,1656347
13931,1656560,15,1656575
13932,1656630,23,1656653
13933,1656769,34,1656803
13934,1656926,15,1656941
13935,1657069,33,1657102
13936,1657199,29,1657228
13937,1657594,27,1657621
13938,1657659,53,1657712
13939,1657762,6,1657768
13940,1657787,8,1657795
13941,1657873,14,1657887
13942,1657925,2,1657927
13943,1657966,26,1657992
13944,1658147,14,1658161
13945,1658421,32,1658453
13946,1658460,20,1658480
13947,1658647,2,1658649
13948,1658689,13,1658702
13949,1658862,7,1658869
13950,1658883,27,1658910
13951,1658942,7,1658949
13952,1658964,5,1658969
13953,1659036,4,1659040
13954,1659063,31,1659094
13955,1659117,19,1659136
13956,1659225,1,1659226
13957,1659355,23,1659378
13958,1659429,9,1659438
13959,1659482,37,1659519
13960,1659665,29,1659694
13961,1659703,1,1659704
13962,1659763,22,1659785
13963,1659790,70,1659860
13964,1659862,6,1659868
13965,1659885,1,1659886
13966,1659893,3,1659896
13967,1660067,55,1660122
13968,1660140,13,1660153
13969,1660167,21,1660188
13970,1660262,75,1660337
13971,1660450,12,1660462
13972,1660490,9,1660499
13973,1660520,18,1660538
13974,1660664,45,1660709
13975,1660978,7,1660985
13976,1661075,6,1661081
13977,1661252,1,1661253
13978,1661278,27,1661305
13979,1661351,16,1661367
13980,1661389,14,1661403
13981,1661443,3,1661446
13982,1661565,2,1661567
13983,1661607,25,1661632
13984,1661688,4,1661692
13985,1661932,72,1662004
13986,1662162,19,1662181
13987,1662188,6,1662194
13988,1662211,2,1662213
13989,1662300,27,1662327
13990,1662493,23,1662516
13991,1662643,112,1662755
13992,1662780,7,1662787
13993,1662791,7,1662798
13994,1662848,5,1662853
13995,1663022,5,1663027
13996,1663118,10,1663128
13997,1663155,53,1663208
13998,1663609,21,1663630
13999,1663656,47,1663703
14000,1663711,13,1663724
14001,1663841,3,1663844
14002,1664415,7,1664422
14003,1664428,14,1664442
14004,1664502,2,1664504
14005,1664556,4,1664560
14006,1664630,6,1664636
14007,1664837,1,1664838
14008,1664870,14,1664884
14009,1664925,6,1664931
14010,1665093,27,1665120
14011,1665168,32,1665200
14012,1665227,15,1665242
14013,1665383,4,1665387
14014,1665519,24,1665543
14015,1665570,4,1665574
14016,1665615,2,1665617
14017,1665632,66,1665698
14018,1665799,14,1665813
14019,1665980,25,1666005
14020,1666035,2,1666037
14021,1666272,16,1666288
14022,1666388,11,1666399
14023,1666568,6,1666574
14024,1666608,15,1666623
14025,1666677,19,1666696
14026,1666866,27,1666893
14027,1667078,53,1667131
14028,1667192,8,1667200
14029,1667244,39,1667283
14030,1667344,8,1667352
14031,1667414,11,1667425
14032,1667618,28,1667646
14033,1667655,18,1667673
14034,1667784,31,1667815
14035,1668071,13,1668084
14036,1668108,18,1668126
14037,1668152,5,1668157
14038,1668410,133,1668543
14039,1668550,29,1668579
14040,1668644,12,1668656
14041,1668690,13,1668703
14042,1668767,1,1668768
14043,1668791,37,1668828
14044,1668956,3,1668959
14045,1668965,8,1668973
14046,1669027,123,1669150
14047,1669230,27,1669257
14048,1669367,9,1669376
14049,1669447,38,1669485
14050,1669590,6,1669596
14051,1670143,6,1670149
14052,1670196,73,1670269
14053,1670333,11,1670344
14054,1670373,7,1670380
14055,1670501,142,1670643
14056,1671000,68,1671068
14057,1671165,36,1671201
14058,1671369,29,1671398
14059,1671413,8,1671421
14060,1671457,36,1671493
14061,1671565,19,1671584
14062,1671594,41,1671635
14063,1671923,22,1671945
14064,1672327,19,1672346
14065,1672435,1,1672436
14066,1672469,7,1672476
14067,1672542,22,1672564
14068,1672592,2,1672594
14069,1672670,5,1672675
14070,1672681,3,1672684
14071,1672687,4,1672691
14072,1672762,24,1672786
14073,1672789,3,1672792
14074,1672793,55,1672848
14075,1672931,9,1672940
14076,1673062,3,1673065
14077,1673168,11,1673179
14078,1673181,9,1673190
14079,1673343,27,1673370
14080,1673469,13,1673482
14081,1673597,28,1673625
14082,1673652,36,1673688
14083,1674085,31,1674116
14084,1674191,3,1674194
14085,1674210,13,1674223
14086,1674329,58,1674387
14087,1674398,4,1674402
14088,1674446,31,1674477
14089,1674618,46,1674664
14090,1674748,4,1674752
14091,1674766,23,1674789
14092,1675439,11,1675450
14093,1675830,4,1675834
14094,1675972,9,1675981
14095,1676007,36,1676043
14096,1676183,69,1676252
14097,1676325,8,1676333
14098,1676401,2,1676403
14099,1676623,12,1676635
14100,1676897,3,1676900
14101,1677041,28,1677069
14102,1677112,23,1677135
14103,1677148,61,1677209
14104,1677216,16,1677232
14105,1677334,58,1677392
14106,1677430,2,1677432
14107,1677650,28,1677678
14108,1677687,12,1677699
14109,1677878,21,1677899
14110,1677902,11,1677913
14111,1677921,32,1677953
14112,1677993,20,1678013
14113,1678051,21,1678072
14114,1678167,12,1678179
14115,1678209,1,1678210
14116,1678264,22,1678286
14117,1678336,19,1678355
14118,1678384,3,1678387
14119,1678697,33,1678730
14120,1678767,52,1678819
14121,1678866,7,1678873
14122,1679081,11,1679092
14123,1679141,81,1679222
14124,1679293,10,1679303
14125,1679486,18,1679504
14126,1679623,8,1679631
14127,1679905,6,1679911
14128,1679979,22,1680001
14129,1680042,7,1680049
14130,1680138,103,1680241
14131,1680277,5,1680282
14132,1680400,8,1680408
14133,1680511,35,1680546
14134,1680627,17,1680644
14135,1680728,3,1680731
14136,1680957,6,1680963
14137,1681165,9,1681174
14138,1681310,35,1681345
14139,1681382,35,1681417
14140,1681963,19,1681982
14141,1681985,35,1682020
14142,1682038,26,1682064
14143,1682176,36,1682212
14144,1682340,10,1682350
14145,1682378,46,1682424
14146,1682438,9,1682447
14147,1682606,6,1682612
14148,1682668,10,1682678
14149,1682708,19,1682727
14150,1682849,4,1682853
14151,1682879,8,1682887
14152,1682968,29,1682997
14153,1683034,25,1683059
14154,1683123,12,1683135
14155,1683324,20,1683344
14156,1683398,1,1683399
14157,1683431,36,1683467
14158,1683554,33,1683587
14159,1683647,21,1683668
14160,1683713,16,1683729
14161,1683864,4,1683868
14162,1684077,42,1684119
14163,1684218,37,1684255
14164,1684409,25,1684434
14165,1684466,5,1684471
14166,1684474,41,1684515
14167,1684579,30,1684609
14168,1684659,8,1684667
14169,1684825,37,1684862
14170,1685028,38,1685066
14171,1685121,5,1685126
14172,1685150,43,1685193
14173,1685226,2,1685228
14174,1685288,21,1685309
14175,1685451,73,1685524
14176,1685540,33,1685573
14177,1685735,4,1685739
14178,1685942,1,1685943
14179,1686011,38,1686049
14180,1686133,25,1686158
14181,1686236,18,1686254
14182,1686396,52,1686448
14183,1686496,10,1686506
14184,1686521,19,1686540
14185,1686551,30,1686581
14186,1686764,3,1686767
14187,1686835,41,1686876
14188,1686880,12,1686892
14189,1687002,14,1687016
14190,1687083,84,1687167
14191,1687460,18,1687478
14192,1687565,21,1687586
14193,1687830,6,1687836
14194,1687882,45,1687927
14195,1688011,47,1688058
14196,1688083,21,1688104
14197,1688496,3,1688499
14198,1688527,43,1688570
14199,1688700,46,1688746
14200,1688756,81,1688837
14201,1688958,4,1688962
14202,1688976,4,1688980
14203,1689014,51,1689065
14204,1689200,28,1689228
14205,1689242,30,1689272
14206,1689313,41,1689354
14207,1689439,72,1689511
14208,1689594,1,1689595
14209,1689602,14,1689616
14210,1689763,9,1689772
14211,1689781,31,1689812
14212,1689831,16,1689847
14213,1689869,10,1689879
14214,1689935,33,1689968
14215,1690132,18,1690150
14216,1690210,13,1690223
14217,1690226,16,1690242
14218,1690443,1,1690444
14219,1690460,77,1690537
14220,1690711,4,1690715
14221,1690722,15,1690737
14222,1690801,25,1690826
14223,1690935,25,1690960
14224,1691104,17,1691121
14225,1691339,12,1691351
14226,1691371,24,1691395
14227,1691445,58,1691503
14228,1691602,24,1691626
14229,1691790,10,1691800
14230,1691855,3,1691858
14231,1691900,59,1691959
14232,1692162,3,1692165
14233,1692212,8,1692220
14234,1692260,21,1692281
14235,1692718,2,1692720
14236,1692812,16,1692828
14237,1692846,39,1692885
14238,1693131,14,1693145
14239,1693320,11,1693331
14240,1693458,2,1693460
14241,1693493,19,1693512
14242,1693565,22,1693587
14243,1693626,4,1693630
14244,1693904,2,1693906
14245,1693923,8,1693931
14246,1694262,11,1694273
14247,1694276,5,1694281
14248,1694335,1,1694336
14249,1694386,4,1694390
14250,1694398,3,1694401
14251,1694488,12,1694500
14252,1694753,18,1694771
14253,1694932,19,1694951
14254,1695190,28,1695218
14255,1695224,11,1695235
14256,1695243,44,1695287
14257,1695486,46,1695532
14258,1695650,15,1695665
14259,1695889,15,1695904
14260,1695955,1,1695956
14261,1696013,17,1696030
14262,1696036,1,1696037
14263,1696064,71,1696135
14264,1696396,17,1696413
14265,1696416,7,1696423
14266,1696563,3,1696566
14267,1696589,41,1696630
14268,1696745,3,1696748
14269,1696865,41,1696906
14270,1697088,7,1697095
14271,1697224,2,1697226
14272,1697603,28,1697631
14273,1697883,26,1697909
14274,1698180,3,1698183
14275,1698227,28,1698255
14276,1698313,1,1698314
14277,1698329,14,1698343
14278,1698418,31,1698449
14279,1698526,10,1698536
14280,1698562,12,1698574
14281,1698695,19,1698714
14282,1698776,12,1698788
14283,1698805,9,1698814
14284,1698968,28,1698996
14285,1699098,5,1699103
14286,1699129,7,1699136
14287,1699208,3,1699211
14288,1699428,13,1699441
14289,1699695,29,1699724
14290,1699849,38,1699887
14291,1699952,24,1699976
14292,1700105,15,1700120
14293,1700135,43,1700178
14294,1700465,6,1700471
14295,1700504,4,1700508
14296,1700564,63,1700627
14297,1700695,3,1700698
14298,1700715,27,1700742
14299,1700757,10,1700767
14300,1700827,30,1700857
14301,1700859,1,1700860
14302,1700865,4,1700869
14303,1700910,4,1700914
14304,1700932,46,1700978
14305,1701065,22,1701087
14306,1701162,45,1701207
14307,1701276,109,1701385
14308,1701621,19,1701640
14309,1701689,9,1701698
14310,1701825,37,1701862
14311,1701980,9,1701989
14312,1702100,73,1702173
14313,1702181,12,1702193
14314,1702299,38,1702337
14315,1702339,2,1702341
14316,1702435,9,1702444
14317,1702799,52,1702851
14318,1702937,1,1702938
14319,1703020,54,1703074
14320,1703210,5,1703215
14321,1703399,5,1703404
14322,1703472,20,1703492
14323,1703508,12,1703520
14324,1703622,9,1703631
14325,1703650,10,1703660
14326,1703743,45,1703788
14327,1703799,3,1703802
14328,1703823,13,1703836
14329,1703919,10,1703929
14330,1704051,8,1704059
14331,1704206,5,1704211
14332,1704219,14,1704233
14333,1704244,16,1704260
14334,1704387,14,1704401
14335,1704404,2,1704406
14336,1704798,9,1704807
14337,1704833,32,1704865
14338,1705069,4,1705073
14339,1705151,19,1705170
14340,1705209,14,1705223
14341,1705267,1,1705268
14342,1705291,2,1705293
14343,1705329,12,1705341
14344,1705343,4,1705347
14345,1705369,3,1705372
14346,1705493,1,1705494
14347,1705598,30,1705628
14348,1705910,30,1705940
14349,1706384,8,1706392
14350,1706413,7,1706420
14351,1706425,11,1706436
14352,1706704,1,1706705
14353,1706794,2,1706796
14354,1706936,12,1706948
14355,1707075,15,1707090
14356,1707629,5,1707634
14357,1707698,20,1707718
14358,1707918,4,1707922
14359,1708061,39,1708100
14360,1708168,7,1708175
14361,1708208,1,1708209
14362,1708461,27,1708488
14363,1708557,6,1708563
14364,1708581,11,1708592
14365,1708609,20,1708629
14366,1708674,8,1708682
14367,1708703,14,1708717
14368,1708875,7,1708882
14369,1709204,14,1709218
14370,1709593,17,1709610
14371,1709666,7,1709673
14372,1709675,32,1709707
14373,1709762,16,1709778
14374,1709827,5,1709832
14375,1709843,22,1709865
14376,1710024,24,1710048
14377,1710064,5,1710069
14378,1710094,14,1710108
14379,1710165,4,1710169
14380,1710253,36,1710289
14381,1710452,34,1710486
14382,1710593,18,1710611
14383,1710619,47,1710666
14384,1710807,82,1710889
14385,1710939,13,1710952
14386,1711000,62,1711062
14387,1711355,33,1711388
14388,1711401,58,1711459
14389,1711603,19,1711622
14390,1711736,5,1711741
14391,1711859,13,1711872
14392,1711984,70,1712054
14393,1712087,16,1712103
14394,1712402,12,1712414
14395,1712437,8,1712445
14396,1712451,8,1712459
14397,1712609,110,1712719
14398,1712896,15,1712911
14399,1712949,8,1712957
14400,1713036,2,1713038
14401,1713041,1,1713042
14402,1713046,35,1713081
14403,1713091,44,1713135
14404,1713366,8,1713374
14405,1713409,71,1713480
14406,1713484,14,1713498
14407,1713513,7,1713520
14408,1713635,7,1713642
14409,1713744,3,1713747
14410,1713756,13,1713769
14411,1713962,1,1713963
14412,1714354,1,1714355
14413,1714396,83,1714479
14414,1714695,5,1714700
14415,1714814,15,1714829
14416,1714981,4,1714985
14417,1715112,16,1715128
14418,1715204,25,1715229
14419,1715276,1,1715277
14420,1715293,49,1715342
14421,1715379,2,1715381
14422,1715446,8,1715454
14423,1715559,17,1715576
14424,1715714,11,1715725
14425,1715849,4,1715853
14426,1715920,9,1715929
14427,1715964,12,1715976
14428,1715984,25,1716009
14429,1716072,2,1716074
14430,1716080,3,1716083
14431,1716181,9,1716190
14432,1716246,9,1716255
14433,1716304,6,1716310
14434,1716338,9,1716347
14435,1716365,28,1716393
14436,1716572,10,1716582
14437,1716752,34,1716786
14438,1717234,2,1717236
14439,1717330,40,1717370
14440,1717470,1,1717471
14441,1717712,6,1717718
14442,1717837,17,1717854
14443,1717912,3,1717915
14444,1717986,1,1717987
14445,1718245,48,1718293
14446,1718296,10,1718306
14447,1718470,1,1718471
14448,1718684,23,1718707
14449,1718858,15,1718873
14450,1719009,17,1719026
14451,1719224,4,1719228
14452,1719419,26,1719445
14453,1719516,2,1719518
14454,1719541,71,1719612
14455,1719721,18,1719739
14456,1719808,2,1719810
14457,1719852,7,1719859
14458,1720033,13,1720046
14459,1720157,8,1720165
14460,1720287,13,1720300
14461,1720319,23,1720342
14462,1720462,15,1720477
14463,1720486,3,1720489
14464,1720509,20,1720529
14465,1720534,98,1720632
14466,1720796,10,1720806
14467,1720856,33,1720889
14468,1720893,3,1720896
14469,1720937,44,1720981
14470,1721019,1,1721020
14471,1721207,4,1721211
14472,1721252,60,1721312
14473,1721339,11,1721350
14474,1721360,7,1721367
14475,1721377,30,1721407
14476,1721459,2,1721461
14477,1721476,4,1721480
14478,1721565,19,1721584
14479,1721633,4,1721637
14480,1721653,40,1721693
14481,1721721,12,1721733
14482,1721793,11,1721804
14483,1722015,12,1722027
14484,1722079,9,1722088
14485,1722129,24,1722153
14486,1722257,12,1722269
14487,1722308,14,1722322
14488,1722552,80,1722632
14489,1722650,62,1722712
14490,1722747,40,1722787
14491,1722790,42,1722832
14492,1722923,40,1722963
14493,1723016,20,1723036
14494,1723213,10,1723223
14495,1723475,41,1723516
14496,1723550,14,1723564
14497,1723619,16,1723635
14498,1723668,5,1723673
14499,1723922,27,1723949
14500,1723966,7,1723973
14501,1723984,16,1724000
14502,1724016,21,1724037
14503,1724073,5,1724078
14504,1724122,3,1724125
14505,1724157,53,1724210
14506,1724214,4,1724218
14507,1724287,11,1724298
14508,1724324,33,1724357
14509,1724464,1,1724465
14510,1724473,40,1724513
14511,1724713,7,1724720
14512,1724973,2,1724975
14513,1725137,55,1725192
14514,1725287,25,1725312
14515,1725613,7,1725620
14516,1725643,17,1725660
14517,1725921,8,1725929
14518,1726066,7,1726073
14519,1726322,6,1726328
14520,1726383,7,1726390
14521,1726406,18,1726424
14522,1726540,9,1726549
14523,1726659,13,1726672
14524,1726677,7,1726684
14525,1726963,52,1727015
14526,1727282,4,1727286
14527,1727294,14,1727308
14528,1727425,20,1727445
14529,1727481,12,1727493
14530,1727518,41,1727559
14531,1727599,19,1727618
14532,1727717,2,1727719
14533,1727838,14,1727852
14534,1727943,30,1727973
14535,1727994,18,1728012
14536,1728384,10,1728394
14537,1728471,41,1728512
14538,1728552,5,1728557
14539,1728772,1,1728773
14540,1728894,25,1728919
14541,1729014,25,1729039
14542,1729072,4,1729076
14543,1729095,22,1729117
14544,1729145,71,1729216
14545,1729404,14,1729418
14546,1729575,13,1729588
14547,1729607,9,1729616
14548,1729670,20,1729690
14549,1730010,36,1730046
14550,1730124,3,1730127
14551,1730242,3,1730245
14552,1730526,22,1730548
14553,1730824,21,1730845
14554,1730853,31,1730884
14555,1730906,85,1730991
14556,1731030,28,1731058
14557,1731198,74,1731272
14558,1731344,24,1731368
14559,1731409,21,1731430
14560,1731547,27,1731574
14561,1731584,32,1731616
14562,1731679,8,1731687
14563,1731712,45,1731757
14564,1731957,32,1731989
14565,1732718,4,1732722
14566,1732975,24,1732999
14567,1733043,16,1733059
14568,1733108,9,1733117
14569,1733118,5,1733123
14570,1733213,9,1733222
14571,1733254,9,1733263
14572,1733296,2,1733298
14573,1733321,12,1733333
14574,1733537,12,1733549
14575,1733553,5,1733558
14576,1733596,5,1733601
14577,1733750,2,1733752
14578,1733789,12,1733801
14579,1733819,51,1733870
14580,1733871,29,1733900
14581,1733916,49,1733965
14582,1734247,32,1734279
14583,1734339,7,1734346
14584,1734382,41,1734423
14585,1734506,5,1734511
14586,1734575,8,1734583
14587,1734595,10,1734605
14588,1734678,22,1734700
14589,1734720,15,1734735
14590,1734897,73,1734970
14591,1735078,52,1735130
14592,1735134,32,1735166
14593,1735215,47,1735262
14594,1735423,39,1735462
14595,1735670,7,1735677
14596,1735720,18,1735738
14597,1735748,21,1735769
14598,1735843,10,1735853
14599,1735884,25,1735909
14600,1735963,15,1735978
14601,1736199,33,1736232
14602,1736387,5,1736392
14603,1736505,15,1736520
14604,1736541,11,1736552
14605,1736675,43,1736718
14606,1736742,8,1736750
14607,1736775,40,1736815
14608,1737108,42,1737150
14609,1737389,34,1737423
14610,1737467,15,1737482
14611,1737508,16,1737524
14612,1737546,45,1737591
14613,1737600,7,1737607
14614,1737639,47,1737686
14615,1737902,9,1737911
14616,1738113,10,1738123
14617,1738161,41,1738202
14618,1738278,6,1738284
14619,1738303,8,1738311
14620,1738313,36,1738349
14621,1738356,43,1738399
14622,1738597,26,1738623
14623,1738886,24,1738910
14624,1738947,32,1738979
14625,1739055,38,1739093
14626,1739135,9,1739144
14627,1739175,20,1739195
14628,1739308,136,1739444
14629,1739513,23,1739536
14630,1739647,51,1739698
14631,1740033,3,1740036
14632,1740081,33,1740114
14633,1740151,57,1740208
14634,1740461,27,1740488
14635,1740552,3,1740555
14636,1740686,4,1740690
14637,1740793,9,1740802
14638,1740851,15,1740866
14639,1740888,15,1740903
14640,1741036,7,1741043
14641,1741045,8,1741053
14642,1741062,10,1741072
14643,1741151,8,1741159
14644,1741403,24,1741427
14645,1741536,58,1741594
14646,1741596,70,1741666
14647,1741948,2,1741950
14648,1741958,13,1741971
14649,1741986,41,1742027
14650,1742099,18,1742117
14651,1742139,18,1742157
14652,1742167,2,1742169
14653,1742191,10,1742201
14654,1742222,7,1742229
14655,1742260,9,1742269
14656,1742447,9,1742456
14657,1742494,2,1742496
14658,1742501,3,1742504
14659,1742576,4,1742580
14660,1742588,2,1742590
14661,1742592,11,1742603
14662,1742615,16,1742631
14663,1742739,41,1742780
14664,1742797,2,1742799
14665,1742875,28,1742903
14666,1743007,19,1743026
14667,1743132,34,1743166
14668,1743269,1,1743270
14669,1743624,12,1743636
14670,1743910,2,1743912
14671,1744030,15,1744045
14672,1744054,4,1744058
14673,1744130,23,1744153
14674,1744361,22,1744383
14675,1744542,10,1744552
14676,1744563,4,1744567
14677,1744682,4,1744686
14678,1744764,16,1744780
14679,1744912,60,1744972
14680,1745005,6,1745011
14681,1745316,3,1745319
14682,1745348,11,1745359
14683,1745438,10,1745448
14684,1745458,16,1745474
14685,1745548,30,1745578
14686,1745664,3,1745667
14687,1745669,12,1745681
14688,1745885,5,1745890
14689,1746074,27,1746101
14690,1746112,19,1746131
14691,1746148,1,1746149
14692,1746213,1,1746214
14693,1746260,27,1746287
14694,1746471,39,1746510
14695,1746529,13,1746542
14696,1746709,54,1746763
14697,1746778,34,1746812
14698,1746858,32,1746890
14699,1746952,21,1746973
14700,1747139,23,1747162
14701,1747164,1,1747165
14702,1747192,2,1747194
14703,1747594,50,1747644
14704,1747648,9,1747657
14705,1747760,7,1747767
14706,1747806,1,1747807
14707,1747822,60,1747882
14708,1747926,86,1748012
14709,1748195,11,1748206
14710,1748207,38,1748245
14711,1748401,15,1748416
14712,1748691,53,1748744
14713,1748817,32,1748849
14714,1749285,9,1749294
14715,1749298,4,1749302
14716,1749326,10,1749336
14717,1749615,1,1749616
14718,1749644,6,1749650
14719,1749889,28,1749917
14720,1749946,11,1749957
14721,1750000,16,1750016
14722,1750075,36,1750111
14723,1750315,5,1750320
14724,1750430,12,1750442
14725,1750494,12,1750506
14726,1750539,8,1750547
14727,1750576,17,1750593
14728,1750618,2,1750620
14729,1750849,40,1750889
14730,1751059,2,1751061
14731,1751154,49,1751203
14732,1751266,34,1751300
14733,1751339,13,1751352
14734,1751388,30,1751418
14735,1751461,13,1751474
14736,1751489,14,1751503
14737,1751565,11,1751576
14738,1751705,22,1751727
14739,1751763,2,1751765
14740,1751917,19,1751936
14741,1751943,11,1751954
14742,1752005,3,1752008
14743,1752053,17,1752070
14744,1752081,6,1752087
14745,1752170,36,1752206
14746,1752411,30,1752441
14747,1752578,10,1752588
14748,1752661,9,1752670
14749,1752713,9,1752722
14750,1752868,4,1752872
14751,1752948,13,1752961
14752,1753279,42,1753321
14753,1753339,6,1753345
14754,1753353,44,1753397
14755,1753514,7,1753521
14756,1753533,50,1753583
14757,1753588,11,1753599
14758,1753632,37,1753669
14759,1753726,47,1753773
14760,1753838,10,1753848
14761,1753866,40,1753906
14762,1753930,8,1753938
14763,1754004,23,1754027
14764,1754115,1,1754116
14765,1754227,40,1754267
14766,1754496,9,1754505
14767,1754531,30,1754561
14768,1754647,40,1754687
14769,1754697,27,1754724
14770,1754823,7,1754830
14771,1754909,46,1754955
14772,1755112,40,1755152
14773,1755162,36,1755198
14774,1755340,91,1755431
14775,1755610,16,1755626
14776,1755778,26,1755804
14777,1755938,3,1755941
14778,1755999,8,1756007
14779,1756676,6,1756682
14780,1756882,12,1756894
14781,1756908,16,1756924
14782,1757055,39,1757094
14783,1757166,6,1757172
14784,1757190,4,1757194
14785,1757367,4,1757371
14786,1757582,30,1757612
14787,1757688,14,1757702
14788,1757710,5,1757715
14789,1757781,33,1757814
14790,1757953,26,1757979
14791,1758147,5,1758152
14792,1758494,15,1758509
14793,1758521,9,1758530
14794,1758553,87,1758640
14795,1758687,10,1758697
14796,1758702,11,1758713
14797,1758815,2,1758817
14798,1759015,18,1759033
14799,1759219,52,1759271
14800,1759499,7,1759506
14801,1759527,29,1759556
14802,1759584,52,1759636
14803,1759842,11,1759853
14804,1759874,20,1759894
14805,1759923,1,1759924
14806,1760005,8,1760013
14807,1760091,32,1760123
14808,1760176,7,1760183
14809,1760391,9,1760400
14810,1760567,7,1760574
14811,1760815,8,1760823
14812,1761046,51,1761097
14813,1761246,13,1761259
14814,1761671,35,1761706
14815,1761885,3,1761888
14816,1761945,25,1761970
14817,1762052,18,1762070
14818,1762201,35,1762236
14819,1762377,8,1762385
14820,1762391,26,1762417
14821,1762435,6,1762441
14822,1762451,8,1762459
14823,1762650,62,1762712
14824,1762726,40,1762766
14825,1762781,52,1762833
14826,1762839,13,1762852
14827,1763027,55,1763082
14828,1763281,8,1763289
14829,1763789,3,1763792
14830,1763989,9,1763998
14831,1764009,6,1764015
14832,1764111,10,1764121
14833,1764268,4,1764272
14834,1764423,6,1764429
14835,1764430,31,1764461
14836,1764484,5,1764489
14837,1764617,13,1764630
14838,1764764,25,1764789
14839,1764866,1,1764867
14840,1764869,5,1764874
14841,1764895,9,1764904
14842,1764973,12,1764985
14843,1765039,8,1765047
14844,1765115,7,1765122
14845,1765123,57,1765180
14846,1765209,18,1765227
14847,1765246,50,1765296
14848,1765316,26,1765342
14849,1765370,2,1765372
14850,1765399,4,1765403
14851,1765480,6,1765486
14852,1765730,20,1765750
14853,1765768,8,1765776
14854,1765810,51,1765861
14855,1765980,28,1766008
14856,1766107,54,1766161
14857,1766316,22,1766338
14858,1766779,5,1766784
14859,1766843,45,1766888
14860,1766984,33,1767017
14861,1767093,11,1767104
14862,1767125,6,1767131
14863,1767146,13,1767159
14864,1767174,12,1767186
14865,1767197,6,1767203
14866,1767204,24,1767228
14867,1767320,56,1767376
14868,1767504,13,1767517
14869,1767596,10,1767606
14870,1767668,1,1767669
14871,1767731,10,1767741
14872,1767813,30,1767843
14873,1767913,23,1767936
14874,1768125,15,1768140
14875,1768224,27,1768251
14876,1768316,1,1768317
14877,1768378,29,1768407
14878,1768418,43,1768461
14879,1768505,5,1768510
14880,1768579,19,1768598
14881,1768640,1,1768641
14882,1768677,6,1768683
14883,1768721,4,1768725
14884,1768910,10,1768920
14885,1768925,117,1769042
14886,1769128,34,1769162
14887,1769178,10,1769188
14888,1769202,8,1769210
14889,1769662,23,1769685
14890,1769703,22,1769725
14891,1769817,3,1769820
14892,1769822,8,1769830
14893,1769963,10,1769973
14894,1770101,65,1770166
14895,1770216,4,1770220
14896,1770259,56,1770315
14897,1770419,1,1770420
14898,1770431,22,1770453
14899,1770564,37,1770601
14900,1770688,28,1770716
14901,1770753,7,1770760
14902,1770930,5,1770935
14903,1770951,4,1770955
14904,1771103,36,1771139
14905,1771238,1,1771239
14906,1771255,17,1771272
14907,1771485,53,1771538
14908,1771630,1,1771631
14909,1771649,31,1771680
14910,1771726,4,1771730
14911,1771757,1,1771758
14912,1771868,33,1771901
14913,1771903,17,1771920
14914,1771977,38,1772015
14915,1772191,22,1772213
14916,1772331,3,1772334
14917,1772442,6,1772448
14918,1772802,5,1772807
14919,1772825,26,1772851
14920,1772868,9,1772877
14921,1772878,2,1772880
14922,1772908,15,1772923
14923,1773179,38,1773217
14924,1773238,12,1773250
14925,1773297,54,1773351
14926,1773365,44,1773409
14927,1773432,1,1773433
14928,1773482,4,1773486
14929,1773547,6,1773553
14930,1773605,48,1773653
14931,1773689,76,1773765
14932,1773885,26,1773911
14933,1773926,33,1773959
14934,1774273,72,1774345
14935,1774858,5,1774863
14936,1774870,29,1774899
14937,1775287,17,1775304
14938,1775800,14,1775814
14939,1775935,5,1775940
14940,1776016,1,1776017
14941,1776019,12,1776031
14942,1776068,42,1776110
14943,1776165,8,1776173
14944,1776196,69,1776265
14945,1776400,30,1776430
14946,1776433,5,1776438
14947,1776575,11,1776586
14948,1776817,1,1776818
14949,1776830,5,1776835
14950,1776888,26,1776914
14951,1777291,12,1777303
14952,1777308,43,1777351
14953,1777637,9,1777646
14954,1777913,21,1777934
14955,1777957,19,1777976
14956,1777999,10,1778009
14957,1778145,21,1778166
14958,1778217,2,1778219
14959,1778227,1,1778228
14960,1778290,11,1778301
14961,1778324,1,1778325
14962,1778360,7,1778367
14963,1778513,50,1778563
14964,1778574,3,1778577
14965,1778618,9,1778627
14966,1778678,5,1778683
14967,1778728,22,1778750
14968,1778937,2,1778939
14969,1778972,3,1778975
14970,1779006,6,1779012
14971,1779049,38,1779087
14972,1779104,74,1779178
14973,1779330,9,1779339
14974,1779413,4,1779417
14975,1779847,9,1779856
14976,1779989,27,1780016
14977,1780056,7,1780063
14978,1780087,24,1780111
14979,1780171,1,1780172
14980,1780330,5,1780335
14981,1780654,1,1780655
14982,1780847,19,1780866
14983,1780959,2,1780961
14984,1780998,4,1781002
14985,1781004,40,1781044
14986,1781086,18,1781104
14987,1781170,32,1781202
14988,1781235,10,1781245
14989,1781267,52,1781319
14990,1781411,63,1781474
14991,1781590,5,1781595
14992,1781649,61,1781710
14993,1781748,82,1781830
14994,1781907,7,1781914
14995,1782207,2,1782209
14996,1782238,60,1782298
14997,1782391,53,1782444
14998,1782547,7,1782554
14999,1782586,3,1782589
15000,1782704,47,1782751
15001,1782842,73,1782915
15002,1782919,11,1782930
15003,1782959,24,1782983
15004,1783062,22,1783084
15005,1783270,4,1783274
15006,1783281,15,1783296
15007,1783414,6,1783420
15008,1783432,1,1783433
15009,1783493,18,1783511
15010,1783724,13,1783737
15011,1783896,22,1783918
15012,1783990,7,1783997
15013,1784102,15,1784117
15014,1784139,2,1784141
15015,1784286,1,1784287
15016,1784381,47,1784428
15017,1784481,27,1784508
15018,1784600,2,1784602
15019,1784853,3,1784856
15020,1784884,22,1784906
15021,1784964,44,1785008
15022,1785127,23,1785150
15023,1785176,48,1785224
15024,1785236,33,1785269
15025,1785291,24,1785315
15026,1785330,23,1785353
15027,1785549,12,1785561
15028,1785572,18,1785590
15029,1785715,7,1785722
15030,1785767,1,1785768
15031,1785813,8,1785821
15032,1785988,4,1785992
15033,1786274,13,1786287
15034,1786357,35,1786392
15035,1786472,18,1786490
15036,1786822,5,1786827
15037,1786990,26,1787016
15038,1787050,16,1787066
15039,1787089,86,1787175
15040,1787284,48,1787332
15041,1787418,25,1787443
15042,1787510,35,1787545
15043,1787750,19,1787769
15044,1787796,23,1787819
15045,1787909,41,1787950
15046,1788083,1,1788084
15047,1788094,6,1788100
15048,1788211,100,1788311
15049,1788397,8,1788405
15050,1788584,2,1788586
15051,1788731,40,1788771
15052,1788891,4,1788895
15053,1788931,9,1788940
15054,1788954,8,1788962
15055,1789003,54,1789057
15056,1789165,10,1789175
15057,1789345,32,1789377
15058,1789406,54,1789460
15059,1789554,27,1789581
15060,1789721,8,1789729
15061,1789745,5,1789750
15062,1789904,44,1789948
15063,1790120,53,1790173
15064,1790339,4,1790343
15065,1790397,31,1790428
15066,1790540,4,1790544
15067,1790700,143,1790843
15068,1790897,29,1790926
15069,1790934,11,1790945
15070,1791012,5,1791017
15071,1791100,4,1791104
15072,1791136,13,1791149
15073,1791210,47,1791257
15074,1791268,4,1791272
15075,1791350,31,1791381
15076,1791413,11,1791424
15077,1791536,29,1791565
15078,1792094,36,1792130
15079,1792215,51,1792266
15080,1792325,11,1792336
15081,1792383,9,1792392
15082,1792456,11,1792467
15083,1792530,15,1792545
15084,1792593,2,1792595
15085,1792649,5,1792654
15086,1792753,19,1792772
15087,1792860,12,1792872
15088,1792952,16,1792968
15089,1793003,5,1793008
15090,1793093,2,1793095
15091,1793274,2,1793276
15092,1793346,5,1793351
15093,1793461,13,1793474
15094,1793506,11,1793517
15095,1793537,44,1793581
15096,1793643,13,1793656
15097,1793724,10,1793734
15098,1793799,8,1793807
15099,1793928,11,1793939
15100,1794146,32,1794178
15101,1794362,48,1794410
15102,1794438,29,1794467
15103,1794508,8,1794516
15104,1794545,9,1794554
15105,1794596,8,1794604
15106,1794729,4,1794733
15107,1794845,15,1794860
15108,1795016,43,1795059
15109,1795162,3,1795165
15110,1795331,8,1795339
15111,1795379,28,1795407
15112,1795467,4,1795471
15113,1795555,20,1795575
15114,1795619,9,1795628
15115,1795738,47,1795785
15116,1795830,78,1795908
15117,1795923,59,1795982
15118,1795984,43,1796027
15119,1796116,32,1796148
15120,1796152,19,1796171
15121,1796194,54,1796248
15122,1796412,23,1796435
15123,1796446,10,1796456
15124,1796611,38,1796649
15125,1796653,20,1796673
15126,1796713,24,1796737
15127,1796802,10,1796812
15128,1796880,4,1796884
15129,1796975,19,1796994
15130,1796999,3,1797002
15131,1797036,2,1797038
15132,1797072,67,1797139
15133,1797145,13,1797158
15134,1797161,9,1797170
15135,1797377,21,1797398
15136,1797426,6,1797432
15137,1797655,26,1797681
15138,1797922,14,1797936
15139,1797946,5,1797951
15140,1798050,23,1798073
15141,1798177,10,1798187
15142,1798204,9,1798213
15143,1798269,7,1798276
15144,1798498,2,1798500
15145,1798507,33,1798540
15146,1798639,2,1798641
15147,1798701,18,1798719
15148,1798764,5,1798769
15149,1799174,5,1799179
15150,1799243,14,1799257
15151,1799319,8,1799327
15152,1799378,11,1799389
15153,1799496,24,1799520
15154,1799601,2,1799603
15155,1799852,66,1799918
15156,1800206,12,1800218
15157,1800240,1,1800241
15158,1800601,12,1800613
15159,1800817,18,1800835
15160,1801038,27,1801065
15161,1801089,3,1801092
15162,1801147,1,1801148
15163,1801198,31,1801229
15164,1801361,5,1801366
15165,1801445,20,1801465
15166,1801923,7,1801930
15167,1801942,10,1801952
15168,1802038,23,1802061
15169,1802147,37,1802184
15170,1802197,35,1802232
15171,1802259,21,1802280
15172,1802360,46,1802406
15173,1802440,57,1802497
15174,1802590,59,1802649
15175,1802674,11,1802685
15176,1802875,21,1802896
15177,1803169,37,1803206
15178,1803207,5,1803212
15179,1803310,6,1803316
15180,1803343,30,1803373
15181,1803550,15,1803565
15182,1803568,24,1803592
15183,1803704,22,1803726
15184,1803815,11,1803826
15185,1803921,15,1803936
15186,1804120,26,1804146
15187,1804301,25,1804326
15188,1804363,5,1804368
15189,1804485,18,1804503
15190,1804508,6,1804514
15191,1804626,46,1804672
15192,1804921,33,1804954
15193,1805074,4,1805078
15194,1805101,59,1805160
15195,1805167,11,1805178
15196,1805181,19,1805200
15197,1805267,19,1805286
15198,1805385,21,1805406
15199,1805472,19,1805491
15200,1805585,38,1805623
15201,1805756,16,1805772
15202,1805914,14,1805928
15203,1805934,28,1805962
15204,1805994,2,1805996
15205,1806063,9,1806072
15206,1806265,15,1806280
15207,1806355,2,1806357
15208,1806483,57,1806540
15209,1806571,1,1806572
15210,1806601,23,1806624
15211,1806892,1,1806893
15212,1806999,16,1807015
15213,1807024,27,1807051
15214,1807431,6,1807437
15215,1807542,8,1807550
15216,1807553,33,1807586
15217,1807691,37,1807728
15218,1807789,8,1807797
15219,1808166,15,1808181
15220,1808192,56,1808248
15221,1808349,5,1808354
15222,1808418,19,1808437
15223,1808468,6,1808474
15224,1808713,49,1808762
15225,1808830,13,1808843
15226,1808868,7,1808875
15227,1809128,34,1809162
15228,1809326,5,1809331
15229,1809525,5,1809530
15230,1809641,5,1809646
15231,1809673,24,1809697
15232,1809724,8,1809732
15233,1809754,16,1809770
15234,1809847,2,1809849
15235,1809933,17,1809950
15236,1810340,50,1810390
15237,1810401,27,1810428
15238,1810544,41,1810585
15239,1810938,75,1811013
15240,1811180,3,1811183
15241,1811381,13,1811394
15242,1811428,33,1811461
15243,1811508,2,1811510
15244,1811685,4,1811689
15245,1811754,30,1811784
15246,1811808,4,1811812
15247,1811909,23,1811932
15248,1812074,2,1812076
15249,1812160,16,1812176
15250,1812354,16,1812370
15251,1812721,5,1812726
15252,1813074,68,1813142
15253,1813166,59,1813225
15254,1813423,2,1813425
15255,1813476,43,1813519
15256,1813526,2,1813528
15257,1813550,16,1813566
15258,1813596,3,1813599
15259,1813670,26,1813696
15260,1813710,51,1813761
15261,1813844,3,1813847
15262,1813992,12,1814004
15263,1814015,9,1814024
15264,1814327,16,1814343
15265,1814365,31,1814396
15266,1814402,4,1814406
15267,1814457,6,1814463
15268,1814682,67,1814749
15269,1814765,10,1814775
15270,1814803,2,1814805
15271,1814905,8,1814913
15272,1815221,26,1815247
15273,1815357,20,1815377
15274,1815451,8,1815459
15275,1815481,7,1815488
15276,1815684,8,1815692
15277,1815736,66,1815802
15278,1815979,100,1816079
15279,1816198,26,1816224
15280,1816229,13,1816242
15281,1816477,30,1816507
15282,1816710,2,1816712
15283,1816970,18,1816988
15284,1817046,9,1817055
15285,1817092,36,1817128
15286,1817157,1,1817158
15287,1817161,21,1817182
15288,1817276,4,1817280
15289,1817599,81,1817680
15290,1817864,18,1817882
15291,1818152,5,1818157
15292,1818229,2,1818231
15293,1818267,8,1818275
15294,1818376,9,1818385
15295,1818387,10,1818397
15296,1818575,1,1818576
15297,1818917,29,1818946
15298,1819004,10,1819014
15299,1819061,5,1819066
15300,1819439,27,1819466
15301,1819497,14,1819511
15302,1819659,38,1819697
15303,1819853,32,1819885
15304,1819939,41,1819980
15305,1820331,16,1820347
15306,1820407,26,1820433
15307,1820471,2,1820473
15308,1820705,52,1820757
15309,1820812,22,1820834
15310,1820871,101,1820972
15311,1821052,1,1821053
15312,1821086,21,1821107
15313,1821112,57,1821169
15314,1821326,3,1821329
15315,1821386,1,1821387
15316,1821428,6,1821434
15317,1821487,13,1821500
15318,1821630,22,1821652
15319,1821701,3,1821704
15320,1821726,3,1821729
15321,1821798,10,1821808
15322,1821881,11,1821892
15323,1822039,23,1822062
15324,1822137,1,1822138
15325,1822280,22,1822302
15326,1822450,9,1822459
15327,1822480,1,1822481
15328,1822575,19,1822594
15329,1822816,3,1822819
15330,1822846,3,1822849
15331,1822878,1,1822879
15332,1822971,19,1822990
15333,1823022,69,1823091
15334,1823591,4,1823595
15335,1823642,75,1823717
15336,1823854,19,1823873
15337,1823928,7,1823935
15338,1823949,8,1823957
15339,1824051,21,1824072
15340,1824088,2,1824090
15341,1824137,12,1824149
15342,1824233,18,1824251
15343,1824270,16,1824286
15344,1824436,9,1824445
15345,1824528,14,1824542
15346,1824578,9,1824587
15347,1824610,4,1824614
15348,1824622,12,1824634
15349,1824735,2,1824737
15350,1824886,23,1824909
15351,1824980,20,1825000
15352,1825165,5,1825170
15353,1825487,24,1825511
15354,1825527,8,1825535
15355,1825544,14,1825558
15356,1825632,30,1825662
15357,1825707,23,1825730
15358,1825790,11,1825801
15359,1826066,11,1826077
15360,1826113,11,1826124
15361,1826191,21,1826212
15362,1826619,46,1826665
15363,1826794,16,1826810
15364,1826919,18,1826937
15365,1826943,9,1826952
15366,1826995,3,1826998
15367,1827044,6,1827050
15368,1827079,4,1827083
15369,1827158,51,1827209
15370,1827406,41,1827447
15371,1827751,20,1827771
15372,1827828,3,1827831
15373,1827883,5,1827888
15374,1827968,24,1827992
15375,1828186,2,1828188
15376,1828370,2,1828372
15377,1828391,7,1828398
15378,1828857,39,1828896
15379,1828932,5,1828937
15380,1828958,29,1828987
15381,1829139,8,1829147
15382,1829399,6,1829405
15383,1829760,9,1829769
15384,1829884,9,1829893
15385,1829934,19,1829953
15386,1829996,22,1830018
15387,1830166,5,1830171
15388,1830444,15,1830459
15389,1830496,68,1830564
15390,1830578,1,1830579
15391,1830669,14,1830683
15392,1830695,1,1830696
15393,1830756,10,1830766
15394,1830840,65,1830905
15395,1831245,7,1831252
15396,1831340,66,1831406
15397,1831423,5,1831428
15398,1831453,1,1831454
15399,1831461,4,1831465
15400,1831625,6,1831631
15401,1831672,10,1831682
15402,1831757,6,1831763
15403,1831826,5,1831831
15404,1832011,37,1832048
15405,1832097,38,1832135
15406,1832224,58,1832282
15407,1832554,10,1832564
15408,1832891,37,1832928
15409,1832945,12,1832957
15410,1832972,4,1832976
15411,1833083,7,1833090
15412,1833239,2,1833241
15413,1833359,19,1833378
15414,1833600,40,1833640
15415,1833680,24,1833704
15416,1833935,20,1833955
15417,1833993,9,1834002
15418,1834028,39,1834067
15419,1834086,11,1834097
15420,1834098,64,1834162
15421,1834375,62,1834437
15422,1834581,10,1834591
15423,1834860,64,1834924
15424,1835004,5,1835009
15425,1835041,13,1835054
15426,1835070,11,1835081
15427,1835150,25,1835175
15428,1835214,2,1835216
15429,1835219,50,1835269
15430,1835331,51,1835382
15431,1835384,30,1835414
15432,1835509,2,1835511
15433,1835545,35,1835580
15434,1835585,5,1835590
15435,1835687,18,1835705
15436,1835858,26,1835884
15437,1836332,5,1836337
15438,1836396,2,1836398
15439,1836435,21,1836456
15440,1836480,12,1836492
15441,1836533,29,1836562
15442,1836578,23,1836601
15443,1836772,9,1836781
15444,1836862,14,1836876
15445,1836898,17,1836915
15446,1837137,12,1837149
15447,1837321,38,1837359
15448,1837550,21,1837571
15449,1837638,5,1837643
15450,1837661,27,1837688
15451,1837719,7,1837726
15452,1837906,33,1837939
15453,1838103,24,1838127
15454,1838133,93,1838226
15455,1838243,20,1838263
15456,1838531,16,1838547
15457,1838686,53,1838739
15458,1838752,53,1838805
15459,1838931,2,1838933
15460,1839116,34,1839150
15461,1839181,1,1839182
15462,1839189,14,1839203
15463,1839272,11,1839283
15464,1839377,11,1839388
15465,1839590,17,1839607
15466,1839685,1,1839686
15467,1839866,6,1839872
15468,1840049,10,1840059
15469,1840076,33,1840109
15470,1840158,14,1840172
15471,1840281,8,1840289
15472,1840488,4,1840492
15473,1840513,18,1840531
15474,1840618,20,1840638
15475,1840824,8,1840832
15476,1840833,2,1840835
15477,1840924,8,1840932
15478,1840955,17,1840972
15479,1840981,27,1841008
15480,1841053,6,1841059
15481,1841223,65,1841288
15482,1841482,61,1841543
15483,1841708,16,1841724
15484,1841849,17,1841866
15485,1842046,21,1842067
15486,1842071,6,1842077
15487,1842144,25,1842169
15488,1842180,1,1842181
15489,1842203,30,1842233
15490,1842281,26,1842307
15491,1842310,3,1842313
15492,1842337,86,1842423
15493,1842427,131,1842558
15494,1842561,1,1842562
15495,1842717,49,1842766
15496,1842781,5,1842786
15497,1843013,40,1843053
15498,1843056,24,1843080
15499,1843112,6,1843118
15500,1843150,4,1843154
15501,1843155,5,1843160
15502,1843451,22,1843473
15503,1843502,23,1843525
15504,1843586,13,1843599
15505,1843604,6,1843610
15506,1843993,11,1844004
15507,1844006,25,1844031
15508,1844205,14,1844219
15509,1844297,2,1844299
15510,1844412,42,1844454
15511,1844714,10,1844724
15512,1844794,19,1844813
15513,1844904,8,1844912
15514,1845000,19,1845019
15515,1845051,18,1845069
15516,1845110,6,1845116
15517,1845375,19,1845394
15518,1845586,51,1845637
15519,1845666,24,1845690
15520,1845697,3,1845700
15521,1846199,34,1846233
15522,1846504,38,1846542
15523,1846648,49,1846697
15524,1846729,19,1846748
15525,1846789,45,1846834
15526,1846873,10,1846883
15527,1846983,11,1846994
15528,1847099,9,1847108
15529,1847190,8,1847198
15530,1847237,68,1847305
15531,1847398,7,1847405
15532,1847482,15,1847497
15533,1847703,10,1847713
15534,1847839,27,1847866
15535,1847923,18,1847941
15536,1847995,8,1848003
15537,1848044,17,1848061
15538,1848078,20,1848098
15539,1848139,49,1848188
15540,1848708,32,1848740
15541,1848778,3,1848781
15542,1848917,7,1848924
15543,1848942,17,1848959
15544,1848994,13,1849007
15545,1849008,41,1849049
15546,1849151,7,1849158
15547,1849186,27,1849213
15548,1849387,10,1849397
15549,1849732,33,1849765
15550,1849768,7,1849775
15551,1849838,3,1849841
15552,1849974,1,1849975
15553,1850168,33,1850201
15554,1850228,22,1850250
15555,1850466,36,1850502
15556,1850521,95,1850616
15557,1850849,5,1850854
15558,1850866,2,1850868
15559,1850978,20,1850998
15560,1851009,7,1851016
15561,1851036,13,1851049
15562,1851076,3,1851079
15563,1851091,10,1851101
15564,1851220,33,1851253
15565,1851295,71,1851366
15566,1851516,11,1851527
15567,1851529,19,1851548
15568,1851620,31,1851651
15569,1851849,14,1851863
15570,1851909,8,1851917
15571,1852066,2,1852068
15572,1852144,45,1852189
15573,1852218,22,1852240
15574,1852270,101,1852371
15575,1852457,17,1852474
15576,1852578,43,1852621
15577,1852730,9,1852739
15578,1852975,14,1852989
15579,1853151,6,1853157
15580,1853237,8,1853245
15581,1853483,3,1853486
15582,1853610,33,1853643
15583,1853750,4,1853754
15584,1853772,19,1853791
15585,1853917,41,1853958
15586,1854031,16,1854047
15587,1854181,12,1854193
15588,1854366,45,1854411
15589,1854751,25,1854776
15590,1854795,1,1854796
15591,1854840,18,1854858
15592,1854889,27,1854916
15593,1854982,9,1854991
15594,1854997,2,1854999
15595,1855420,16,1855436
15596,1855573,7,1855580
15597,1855593,2,1855595
15598,1855632,7,1855639
15599,1855893,5,1855898
15600,1855938,25,1855963
15601,1856105,6,1856111
15602,1856384,1,1856385
15603,1856392,19,1856411
15604,1856426,24,1856450
15605,1856465,35,1856500
15606,1856588,13,1856601
15607,1856765,19,1856784
15608,1856799,16,1856815
15609,1856988,44,1857032
15610,1857087,9,1857096
15611,1857124,2,1857126
15612,1857233,4,1857237
15613,1857248,39,1857287
15614,1857391,8,1857399
15615,1857588,7,1857595
15616,1857622,17,1857639
15617,1857768,2,1857770
15618,1857905,30,1857935
15619,1857961,41,1858002
15620,1858188,56,1858244
15621,1858333,46,1858379
15622,1858542,18,1858560
15623,1858922,37,1858959
15624,1859047,14,1859061
15625,1859138,22,1859160
15626,1859185,10,1859195
15627,1859231,4,1859235
15628,1859396,31,1859427
15629,1859457,4,1859461
15630,1859535,8,1859543
15631,1859671,3,1859674
15632,1859788,19,1859807
15633,1859830,47,1859877
15634,1859964,25,1859989
15635,1859997,2,1859999
15636,1860067,30,1860097
15637,1860134,3,1860137
15638,1860499,67,1860566
15639,1860687,5,1860692
15640,1860847,57,1860904
15641,1860913,6,1860919
15642,1860931,4,1860935
15643,1860944,43,1860987
15644,1861232,1,1861233
15645,1861241,16,1861257
15646,1861579,45,1861624
15647,1861692,13,1861705
15648,1861726,5,1861731
15649,1861931,17,1861948
15650,1861959,13,1861972
15651,1862033,29,1862062
15652,1862131,13,1862144
15653,1862171,23,1862194
15654,1862295,8,1862303
15655,1862422,16,1862438
15656,1862491,17,1862508
15657,1862718,40,1862758
15658,1862782,6,1862788
15659,1862832,5,1862837
15660,1862948,18,1862966
15661,1863311,18,1863329
15662,1863350,2,1863352
15663,1863391,17,1863408
15664,1863688,22,1863710
15665,1863861,16,1863877
15666,1863932,33,1863965
15667,1864088,16,1864104
15668,1864198,12,1864210
15669,1864293,26,1864319
15670,1864339,7,1864346
15671,1864356,16,1864372
15672,1864424,27,1864451
15673,1865003,20,1865023
15674,1865129,11,1865140
15675,1865182,2,1865184
15676,1865211,7,1865218
15677,1865256,74,1865330
15678,1865402,39,1865441
15679,1865471,51,1865522
15680,1865645,29,1865674
15681,1865748,19,1865767
15682,1865894,45,1865939
15683,1865974,8,1865982
15684,1866076,4,1866080
15685,1866278,60,1866338
15686,1866341,21,1866362
15687,1866573,3,1866576
15688,1866625,1,1866626
15689,1866669,4,1866673
15690,1866758,4,1866762
15691,1866787,30,1866817
15692,1866906,16,1866922
15693,1867183,19,1867202
15694,1867305,19,1867324
15695,1867587,12,1867599
15696,1867609,5,1867614
15697,1867628,30,1867658
15698,1867716,15,1867731
15699,1867831,24,1867855
15700,1867957,11,1867968
15701,1867992,3,1867995
15702,1867996,15,1868011
15703,1868047,30,1868077
15704,1868088,26,1868114
15705,1868123,14,1868137
15706,1868202,4,1868206
15707,1868301,1,1868302
15708,1868532,9,1868541
15709,1868590,5,1868595
15710,1868795,24,1868819
15711,1868905,5,1868910
15712,1868921,15,1868936
15713,1868967,3,1868970
15714,1869085,4,1869089
15715,1869146,6,1869152
15716,1869166,1,1869167
15717,1869189,17,1869206
15718,1869284,38,1869322
15719,1869383,22,1869405
15720,1869577,4,1869581
15721,1869584,4,1869588
15722,1869707,6,1869713
15723,1869775,15,1869790
15724,1869855,8,1869863
15725,1870433,8,1870441
15726,1870501,15,1870516
15727,1870546,15,1870561
15728,1870628,8,1870636
15729,1870699,7,1870706
15730,1870763,25,1870788
15731,1870793,52,1870845
15732,1871099,28,1871127
15733,1871379,78,1871457
15734,1871523,3,1871526
15735,1871606,32,1871638
15736,1871878,1,1871879
15737,1871913,17,1871930
15738,1872175,8,1872183
15739,1872194,1,1872195
15740,1872250,11,1872261
15741,1872267,11,1872278
15742,1872547,21,1872568
15743,1872759,13,1872772
15744,1872787,12,1872799
15745,1872950,30,1872980
15746,1873037,54,1873091
15747,1873349,26,1873375
15748,1873381,5,1873386
15749,1873407,3,1873410
15750,1873497,5,1873502
15751,1873547,35,1873582
15752,1873589,24,1873613
15753,1873662,13,1873675
15754,1873708,11,1873719
15755,1873730,7,1873737
15756,1873755,13,1873768
15757,1873981,1,1873982
15758,1874056,27,1874083
15759,1874175,22,1874197
15760,1874209,42,1874251
15761,1874321,46,1874367
15762,1874559,7,1874566
15763,1874609,4,1874613
15764,1874662,36,1874698
15765,1874740,15,1874755
15766,1875044,12,1875056
15767,1875197,26,1875223
15768,1875539,3,1875542
15769,1875666,13,1875679
15770,1875703,14,1875717
15771,1875723,9,1875732
15772,1875750,22,1875772
15773,1875778,3,1875781
15774,1875867,12,1875879
15775,1875986,14,1876000
15776,1876565,1,1876566
15777,1876580,18,1876598
15778,1876608,15,1876623
15779,1877065,2,1877067
15780,1877075,1,1877076
15781,1877184,13,1877197
15782,1877235,104,1877339
15783,1877455,20,1877475
15784,1877697,12,1877709
15785,1877825,12,1877837
15786,1877863,20,1877883
15787,1878346,13,1878359
15788,1878411,59,1878470
15789,1878656,17,1878673
15790,1878864,4,1878868
15791,1878910,9,1878919
15792,1879032,2,1879034
15793,1879192,16,1879208
15794,1879220,7,1879227
15795,1879346,7,1879353
15796,1879434,21,1879455
15797,1879619,15,1879634
15798,1879685,4,1879689
15799,1879781,33,1879814
15800,1879956,38,1879994
15801,1880090,52,1880142
15802,1880143,29,1880172
15803,1880241,17,1880258
15804,1880330,1,1880331
15805,1880388,10,1880398
15806,1880660,47,1880707
15807,1880829,14,1880843
15808,1880943,32,1880975
15809,1880983,2,1880985
15810,1880999,11,1881010
15811,1881308,9,1881317
15812,1881642,6,1881648
15813,1881707,19,1881726
15814,1881761,41,1881802
15815,1881826,32,1881858
15816,1881899,20,1881919
15817,1881966,9,1881975
15818,1882080,54,1882134
15819,1882155,51,1882206
15820,1882592,1,1882593
15821,1882725,16,1882741
15822,1882843,19,1882862
15823,1882867,31,1882898
15824,1883015,53,1883068
15825,1883163,14,1883177
15826,1883351,5,1883356
15827,1883365,6,1883371
15828,1883563,1,1883564
15829,1883632,62,1883694
15830,1883791,31,1883822
15831,1883885,1,1883886
15832,1883927,5,1883932
15833,1884586,9,1884595
15834,1884858,28,1884886
15835,1885190,3,1885193
15836,1885245,25,1885270
15837,1885273,27,1885300
15838,1885431,4,1885435
15839,1885443,3,1885446
15840,1885499,19,1885518
15841,1885688,36,1885724
15842,1885740,4,1885744
15843,1885793,30,1885823
15844,1885875,1,1885876
15845,1886032,6,1886038
15846,1886114,22,1886136
15847,1886156,2,1886158
15848,1886235,1,1886236
15849,1886374,18,1886392
15850,1886421,52,1886473
15851,1886519,1,1886520
15852,1886667,8,1886675
15853,1886739,1,1886740
15854,1886791,6,1886797
15855,1886944,21,1886965
15856,1887001,31,1887032
15857,1887397,4,1887401
15858,1887601,3,1887604
15859,1887706,5,1887711
15860,1888116,20,1888136
15861,1888536,5,1888541
15862,1888547,1,1888548
15863,1888592,12,1888604
15864,1888696,13,1888709
15865,1888758,11,1888769
15866,1888771,1,1888772
15867,1888802,29,1888831
15868,1888876,47,1888923
15869,1889128,16,1889144
15870,1889346,12,1889358
15871,1889411,7,1889418
15872,1889458,7,1889465
15873,1889485,11,1889496
15874,1889555,4,1889559
15875,1889737,61,1889798
15876,1890190,95,1890285
15877,1890368,33,1890401
15878,1890463,15,1890478
15879,1890523,9,1890532
15880,1890557,38,1890595
15881,1890663,20,1890683
15882,1890721,22,1890743
15883,1890749,52,1890801
15884,1890903,6,1890909
15885,1890975,43,1891018
15886,1891120,21,1891141
15887,1891158,17,1891175
15888,1891231,4,1891235
15889,1891352,11,1891363
15890,1891424,2,1891426
15891,1891579,8,1891587
15892,1891874,54,1891928
15893,1892138,5,1892143
15894,1892297,50,1892347
15895,1892424,8,1892432
15896,1892449,17,1892466
15897,1892611,10,1892621
15898,1892651,36,1892687
15899,1892688,25,1892713
15900,1892869,13,1892882
15901,1892926,19,1892945
15902,1892962,4,1892966
15903,1893124,20,1893144
15904,1893506,12,1893518
15905,1893554,28,1893582
15906,1893592,2,1893594
15907,1893734,23,1893757
15908,1893953,42,1893995
15909,1894097,3,1894100
15910,1894192,26,1894218
15911,1894305,9,1894314
15912,1894322,18,1894340
15913,1894486,22,1894508
15914,1894717,26,1894743
15915,1894852,85,1894937
15916,1894942,4,1894946
15917,1894986,6,1894992
15918,1895137,33,1895170
15919,1895295,5,1895300
15920,1895361,23,1895384
15921,1895692,18,1895710
15922,1895903,5,1895908
15923,1895954,9,1895963
15924,1896009,3,1896012
15925,1896119,51,1896170
15926,1896278,21,1896299
15927,1896332,17,1896349
15928,1896432,21,1896453
15929,1896569,37,1896606
15930,1896616,29,1896645
15931,1896646,45,1896691
15932,1896743,18,1896761
15933,1896762,5,1896767
15934,1896816,6,1896822
15935,1896930,16,1896946
15936,1897054,10,1897064
15937,1897124,4,1897128
15938,1897208,12,1897220
15939,1897287,10,1897297
15940,1897394,2,1897396
15941,1897581,7,1897588
15942,1897603,15,1897618
15943,1897621,45,1897666
15944,1897669,2,1897671
15945,1897828,29,1897857
15946,1897873,2,1897875
15947,1897899,25,1897924
15948,1898160,14,1898174
15949,1898213,9,1898222
15950,1898365,29,1898394
15951,1898644,27,1898671
15952,1898693,22,1898715
15953,1898909,24,1898933
15954,1898952,36,1898988
15955,1899011,9,1899020
15956,1899086,22,1899108
15957,1899182,1,1899183
15958,1899449,14,1899463
15959,1899661,47,1899708
15960,1899827,17,1899844
15961,1899944,6,1899950
15962,1900056,62,1900118
15963,1900288,18,1900306
15964,1900382,35,1900417
15965,1900421,23,1900444
15966,1900580,5,1900585
15967,1900677,40,1900717
15968,1900755,4,1900759
15969,1900837,20,1900857
15970,1901023,5,1901028
15971,1901190,71,1901261
15972,1901289,2,1901291
15973,1901295,11,1901306
15974,1901445,25,1901470
15975,1901545,86,1901631
15976,1901793,18,1901811
15977,1901827,19,1901846
15978,1901863,14,1901877
15979,1902250,28,1902278
15980,1902320,28,1902348
15981,1902383,68,1902451
15982,1902545,35,1902580
15983,1902768,108,1902876
15984,1902897,1,1902898
15985,1902985,2,1902987
15986,1903098,8,1903106
15987,1903269,5,1903274
15988,1903393,15,1903408
15989,1903440,12,1903452
15990,1903640,4,1903644
15991,1903765,76,1903841
15992,1903905,4,1903909
15993,1903999,70,1904069
15994,1904078,8,1904086
15995,1904198,27,1904225
15996,1904345,1,1904346
15997,1904369,9,1904378
15998,1904412,69,1904481
15999,1904556,72,1904628
16000,1904680,1,1904681
16001,1904716,24,1904740
16002,1904909,13,1904922
16003,1904946,27,1904973
16004,1905025,9,1905034
16005,1905133,42,1905175
16006,1905261,45,1905306
16007,1905369,6,1905375
16008,1905537,18,1905555
16009,1905660,88,1905748
16010,1905883,15,1905898
16011,1905964,2,1905966
16012,1906064,18,1906082
16013,1906108,58,1906166
16014,1906408,9,1906417
16015,1906443,21,1906464
16016,1906469,4,1906473
16017,1907047,52,1907099
16018,1907141,14,1907155
16019,1907298,41,1907339
16020,1907447,16,1907463
16021,1907792,35,1907827
16022,1908050,13,1908063
16023,1908125,6,1908131
16024,1908279,16,1908295
16025,1908387,8,1908395
16026,1908425,5,1908430
16027,1908542,20,1908562
16028,1908888,22,1908910
16029,1909001,31,1909032
16030,1909096,34,1909130
16031,1909159,1,1909160
16032,1909231,14,1909245
16033,1909506,31,1909537
16034,1909844,6,1909850
16035,1910312,15,1910327
16036,1910392,11,1910403
16037,1910468,19,1910487
16038,1910716,34,1910750
16039,1910910,17,1910927
16040,1911029,10,1911039
16041,1911079,6,1911085
16042,1911153,9,1911162
16043,1911264,15,1911279
16044,1911331,35,1911366
16045,1911384,11,1911395
16046,1911421,7,1911428
16047,1911509,29,1911538
16048,1911692,10,1911702
16049,1911891,19,1911910
16050,1912032,7,1912039
16051,1912077,16,1912093
16052,1912280,29,1912309
16053,1912338,32,1912370
16054,1912569,24,1912593
16055,1912607,16,1912623
16056,1912676,6,1912682
16057,1912697,7,1912704
16058,1912903,14,1912917
16059,1912921,34,1912955
16060,1913236,24,1913260
16061,1913266,9,1913275
16062,1913336,44,1913380
16063,1913423,7,1913430
16064,1913448,5,1913453
16065,1913510,2,1913512
16066,1913715,12,1913727
16067,1913767,43,1913810
16068,1913833,34,1913867
16069,1913893,3,1913896
16070,1913936,11,1913947
16071,1913985,10,1913995
16072,1914029,9,1914038
16073,1914057,32,1914089
16074,1914628,1,1914629
16075,1914759,19,1914778
16076,1914826,17,1914843
16077,1914970,8,1914978
16078,1914995,7,1915002
16079,1915040,61,1915101
16080,1915105,11,1915116
16081,1915160,6,1915166
16082,1915250,2,1915252
16083,1915269,4,1915273
16084,1915289,18,1915307
16085,1915459,10,1915469
16086,1915589,3,1915592
16087,1915654,2,1915656
16088,1915977,16,1915993
16089,1916033,24,1916057
16090,1916086,14,1916100
16091,1916140,27,1916167
16092,1916319,38,1916357
16093,1916448,21,1916469
16094,1916509,24,1916533
16095,1916545,52,1916597
16096,1916629,12,1916641
16097,1916713,17,1916730
16098,1916758,31,1916789
16099,1916853,55,1916908
16100,1916921,111,1917032
16101,1917037,3,1917040
16102,1917233,15,1917248
16103,1917490,59,1917549
16104,1917576,17,1917593
16105,1917623,22,1917645
16106,1917683,15,1917698
16107,1917768,19,1917787
16108,1917793,56,1917849
16109,1917861,12,1917873
16110,1917885,27,1917912
16111,1917952,11,1917963
16112,1918240,35,1918275
16113,1918439,20,1918459
16114,1918493,5,1918498
16115,1918816,3,1918819
16116,1918829,13,1918842
16117,1918879,3,1918882
16118,1918991,6,1918997
16119,1919012,23,1919035
16120,1919075,18,1919093
16121,1919112,12,1919124
16122,1919309,29,1919338
16123,1919453,1,1919454
16124,1919518,40,1919558
16125,1919610,10,1919620
16126,1919676,23,1919699
16127,1919730,57,1919787
16128,1919822,4,1919826
16129,1920083,7,1920090
16130,1920144,6,1920150
16131,1920199,11,1920210
16132,1920276,18,1920294
16133,1920486,12,1920498
16134,1920522,29,1920551
16135,1920594,47,1920641
16136,1920686,1,1920687
16137,1920701,10,1920711
16138,1920737,1,1920738
16139,1921068,2,1921070
16140,1921092,19,1921111
16141,1921283,1,1921284
16142,1921357,32,1921389
16143,1921406,39,1921445
16144,1921840,67,1921907
16145,1922122,13,1922135
16146,1922725,67,1922792
16147,1922796,2,1922798
16148,1922816,15,1922831
16149,1922885,8,1922893
16150,1922960,5,1922965
16151,1923010,34,1923044
16152,1923170,4,1923174
16153,1923195,65,1923260
16154,1923514,42,1923556
16155,1924005,29,1924034
16156,1924075,3,1924078
16157,1924341,48,1924389
16158,1924497,27,1924524
16159,1924753,5,1924758
16160,1924890,7,1924897
16161,1924918,9,1924927
16162,1924967,33,1925000
16163,1925088,33,1925121
16164,1925134,4,1925138
16165,1925232,28,1925260
16166,1925366,22,1925388
16167,1925500,10,1925510
16168,1925515,2,1925517
16169,1925530,5,1925535
16170,1925628,4,1925632
16171,1925680,18,1925698
16172,1925786,4,1925790
16173,1925867,18,1925885
16174,1925922,20,1925942
16175,1926007,1,1926008
16176,1926081,9,1926090
16177,1926245,20,1926265
16178,1926449,14,1926463
16179,1926496,9,1926505
16180,1926555,19,1926574
16181,1926581,17,1926598
16182,1926655,3,1926658
16183,1926701,2,1926703
16184,1926785,71,1926856
16185,1927020,2,1927022
16186,1927106,8,1927114
16187,1927139,1,1927140
16188,1927193,12,1927205
16189,1927594,6,1927600
16190,1927613,35,1927648
16191,1927693,7,1927700
16192,1927702,2,1927704
16193,1927805,28,1927833
16194,1927936,37,1927973
16195,1928078,15,1928093
16196,1928152,11,1928163
16197,1928286,5,1928291
16198,1928476,3,1928479
16199,1928482,11,1928493
16200,1928617,7,1928624
16201,1928849,2,1928851
16202,1928979,48,1929027
16203,1929085,45,1929130
16204,1929167,8,1929175
16205,1929196,6,1929202
16206,1929231,7,1929238
16207,1929262,28,1929290
16208,1929302,3,1929305
16209,1929353,44,1929397
16210,1929436,10,1929446
16211,1929696,7,1929703
16212,1929786,7,1929793
16213,1929873,6,1929879
16214,1929895,43,1929938
16215,1929974,46,1930020
16216,1930046,4,1930050
16217,1930108,45,1930153
16218,1930184,22,1930206
16219,1930265,22,1930287
16220,1930312,15,1930327
16221,1930378,7,1930385
16222,1930434,18,1930452
16223,1930464,6,1930470
16224,1930553,3,1930556
16225,1930605,5,1930610
16226,1930621,28,1930649
16227,1930835,39,1930874
16228,1930914,9,1930923
16229,1930992,50,1931042
16230,1931053,2,1931055
16231,1931147,9,1931156
16232,1931206,16,1931222
16233,1931266,29,1931295
16234,1931319,8,1931327
16235,1931336,12,1931348
16236,1931408,15,1931423
16237,1931434,2,1931436
16238,1931708,12,1931720
16239,1931964,9,1931973
16240,1932093,14,1932107
16241,1932238,38,1932276
16242,1932345,41,1932386
16243,1932617,19,1932636
16244,1932931,8,1932939
16245,1932998,5,1933003
16246,1933062,1,1933063
16247,1933071,49,1933120
16248,1933267,44,1933311
16249,1933328,21,1933349
16250,1933365,5,1933370
16251,1933527,32,1933559
16252,1933589,5,1933594
16253,1933671,28,1933699
16254,1933794,9,1933803
16255,1933950,6,1933956
16256,1934068,14,1934082
16257,1934089,14,1934103
16258,1934328,19,1934347
16259,1934466,21,1934487
16260,1934700,61,1934761
16261,1934869,42,1934911
16262,1934985,1,1934986
16263,1934989,52,1935041
16264,1935154,15,1935169
16265,1935189,44,1935233
16266,1935287,17,1935304
16267,1935489,43,1935532
16268,1935822,11,1935833
16269,1936141,30,1936171
16270,1936328,15,1936343
16271,1936475,59,1936534
16272,1936590,48,1936638
16273,1936777,12,1936789
16274,1936850,90,1936940
16275,1936952,26,1936978
16276,1937154,17,1937171
16277,1937207,13,1937220
16278,1937660,76,1937736
16279,1937748,7,1937755
16280,1937846,70,1937916
16281,1937969,22,1937991
16282,1938018,41,1938059
16283,1938127,33,1938160
16284,1938257,31,1938288
16285,1938342,5,1938347
16286,1938406,2,1938408
16287,1938412,11,1938423
16288,1938564,2,1938566
16289,1938583,9,1938592
16290,1938642,5,1938647
16291,1938668,7,1938675
16292,1938690,22,1938712
16293,1938792,30,1938822
16294,1938865,11,1938876
16295,1939151,19,1939170
16296,1939208,9,1939217
16297,1939600,1,1939601
16298,1939611,8,1939619
16299,1939876,49,1939925
16300,1940092,1,1940093
16301,1940376,27,1940403
16302,1940459,42,1940501
16303,1940599,5,1940604
16304,1940702,40,1940742
16305,1940946,12,1940958
16306,1941061,12,1941073
16307,1941098,15,1941113
16308,1941197,5,1941202
16309,1941323,29,1941352
16310,1941468,24,1941492
16311,1941578,39,1941617
16312,1941634,14,1941648
16313,1941745,6,1941751
16314,1941791,1,1941792
16315,1942054,16,1942070
16316,1942212,2,1942214
16317,1942258,14,1942272
16318,1942457,27,1942484
16319,1942526,44,1942570
16320,1942581,7,1942588
16321,1942699,25,1942724
16322,1942730,10,1942740
16323,1943031,14,1943045
16324,1943287,3,1943290
16325,1943592,23,1943615
16326,1943644,10,1943654
16327,1943711,1,1943712
16328,1943789,20,1943809
16329,1943828,14,1943842
16330,1943932,105,1944037
16331,1944050,16,1944066
16332,1944077,18,1944095
16333,1944244,6,1944250
16334,1944299,3,1944302
16335,1944353,45,1944398
16336,1944774,29,1944803
16337,1944892,46,1944938
16338,1945049,22,1945071
16339,1945109,16,1945125
16340,1945183,2,1945185
16341,1945326,27,1945353
16342,1945567,10,1945577
16343,1945628,32,1945660
16344,1945667,5,1945672
16345,1945996,4,1946000
16346,1946108,6,1946114
16347,1946148,17,1946165
16348,1946213,11,1946224
16349,1946358,19,1946377
16350,1946419,9,1946428
16351,1946483,4,1946487
16352,1946592,14,1946606
16353,1946814,11,1946825
16354,1946828,22,1946850
16355,1946923,32,1946955
16356,1946958,9,1946967
16357,1947011,35,1947046
16358,1947114,31,1947145
16359,1947238,2,1947240
16360,1947360,79,1947439
16361,1947468,7,1947475
16362,1947544,6,1947550
16363,1948161,2,1948163
16364,1948646,7,1948653
16365,1948693,12,1948705
16366,1948786,5,1948791
16367,1949005,12,1949017
16368,1949153,14,1949167
16369,1949264,2,1949266
16370,1949268,12,1949280
16371,1949316,8,1949324
16372,1949329,13,1949342
16373,1949401,3,1949404
16374,1949659,14,1949673
16375,1949813,9,1949822
16376,1949860,13,1949873
16377,1950087,6,1950093
16378,1950192,2,1950194
16379,1950253,11,1950264
16380,1950537,9,1950546
16381,1950776,4,1950780
16382,1950867,12,1950879
16383,1950986,6,1950992
16384,1951054,38,1951092
16385,1951169,29,1951198
16386,1951248,16,1951264
16387,1951296,31,1951327
16388,1951574,4,1951578
16389,1951736,30,1951766
16390,1951801,24,1951825
16391,1951888,15,1951903
16392,1951952,11,1951963
16393,1952020,6,1952026
16394,1952037,4,1952041
16395,1952069,11,1952080
16396,1952093,8,1952101
16397,1952119,19,1952138
16398,1952328,20,1952348
16399,1952391,10,1952401
16400,1952422,52,1952474
16401,1952625,20,1952645
16402,1952784,25,1952809
16403,1952892,52,1952944
16404,1953170,4,1953174
16405,1953380,1,1953381
16406,1953401,4,1953405
16407,1953683,13,1953696
16408,1953698,48,1953746
16409,1953910,31,1953941
16410,1954177,1,1954178
16411,1954192,20,1954212
16412,1954256,30,1954286
16413,1954368,11,1954379
16414,1954402,92,1954494
16415,1954564,3,1954567
16416,1954659,21,1954680
16417,1954709,8,1954717
16418,1954784,1,1954785
16419,1954815,30,1954845
16420,1955071,37,1955108
16421,1955146,1,1955147
16422,1955205,8,1955213
16423,1955392,2,1955394
16424,1955427,22,1955449
16425,1955718,7,1955725
16426,1955936,2,1955938
16427,1955940,26,1955966
16428,1956067,42,1956109
16429,1956147,2,1956149
16430,1956634,28,1956662
16431,1956739,8,1956747
16432,1956817,1,1956818
16433,1956868,4,1956872
16434,1956906,23,1956929
16435,1956999,9,1957008
16436,1957025,23,1957048
16437,1957061,22,1957083
16438,1957100,24,1957124
16439,1957200,8,1957208
16440,1957254,10,1957264
16441,1957265,4,1957269
16442,1957298,34,1957332
16443,1957337,2,1957339
16444,1957362,5,1957367
16445,1957390,4,1957394
16446,1957486,5,1957491
16447,1957551,42,1957593
16448,1957682,4,1957686
16449,1957854,9,1957863
16450,1958192,6,1958198
16451,1958356,8,1958364
16452,1958470,43,1958513
16453,1958526,49,1958575
16454,1958616,11,1958627
16455,1958629,21,1958650
16456,1958816,14,1958830
16457,1958835,20,1958855
16458,1958964,1,1958965
16459,1959158,3,1959161
16460,1959278,2,1959280
16461,1959398,2,1959400
16462,1959439,16,1959455
16463,1959459,10,1959469
16464,1959519,26,1959545
16465,1959606,9,1959615
16466,1959808,6,1959814
16467,1960055,14,1960069
16468,1960080,3,1960083
16469,1960160,6,1960166
16470,1960419,31,1960450
16471,1960504,15,1960519
16472,1960559,28,1960587
16473,1960590,23,1960613
16474,1960741,4,1960745
16475,1960798,34,1960832
16476,1960929,3,1960932
16477,1960940,26,1960966
16478,1961147,30,1961177
16479,1961370,9,1961379
16480,1961543,24,1961567
16481,1961669,27,1961696
16482,1961745,12,1961757
16483,1961940,20,1961960
16484,1961965,36,1962001
16485,1962050,3,1962053
16486,1962366,2,1962368
16487,1962409,2,1962411
16488,1962499,88,1962587
16489,1962740,4,1962744
16490,1962764,4,1962768
16491,1963001,10,1963011
16492,1963018,12,1963030
16493,1963286,8,1963294
16494,1963301,5,1963306
16495,1963348,22,1963370
16496,1963416,5,1963421
16497,1963532,20,1963552
16498,1963560,7,1963567
16499,1963572,17,1963589
16500,1963914,77,1963991
16501,1964175,54,1964229
16502,1964287,7,1964294
16503,1964424,18,1964442
16504,1964508,8,1964516
16505,1964714,8,1964722
16506,1964797,30,1964827
16507,1964849,1,1964850
16508,1964937,13,1964950
16509,1965050,51,1965101
16510,1965203,12,1965215
16511,1965217,8,1965225
16512,1965398,19,1965417
16513,1965487,20,1965507
16514,1965528,7,1965535
16515,1965762,13,1965775
16516,1965891,4,1965895
16517,1966235,16,1966251
16518,1966282,5,1966287
16519,1966289,17,1966306
16520,1966397,54,1966451
16521,1966453,19,1966472
16522,1966689,34,1966723
16523,1966728,10,1966738
16524,1966795,4,1966799
16525,1966833,6,1966839
16526,1966895,5,1966900
16527,1966924,7,1966931
16528,1967217,1,1967218
16529,1967367,9,1967376
16530,1967445,16,1967461
16531,1967649,21,1967670
16532,1967945,7,1967952
16533,1968018,25,1968043
16534,1968052,139,1968191
16535,1968222,11,1968233
16536,1968443,2,1968445
16537,1968604,42,1968646
16538,1968692,2,1968694
16539,1969078,103,1969181
16540,1969224,17,1969241
16541,1969314,16,1969330
16542,1969380,10,1969390
16543,1969453,35,1969488
16544,1969533,40,1969573
16545,1969725,18,1969743
16546,1970000,1,1970001
16547,1970064,4,1970068
16548,1970139,48,1970187
16549,1970241,2,1970243
16550,1970305,15,1970320
16551,1970343,27,1970370
16552,1970441,10,1970451
16553,1970554,1,1970555
16554,1970646,23,1970669
16555,1970772,66,1970838
16556,1970916,3,1970919
16557,1971001,4,1971005
16558,1971112,47,1971159
16559,1971173,4,1971177
16560,1971201,5,1971206
16561,1971223,36,1971259
16562,1971412,8,1971420
16563,1971452,2,1971454
16564,1971505,22,1971527
16565,1971585,8,1971593
16566,1971600,46,1971646
16567,1971686,24,1971710
16568,1971724,71,1971795
16569,1972001,21,1972022
16570,1972023,2,1972025
16571,1972302,5,1972307
16572,1972480,46,1972526
16573,1972598,7,1972605
16574,1972766,32,1972798
16575,1973029,11,1973040
16576,1973053,3,1973056
16577,1973169,16,1973185
16578,1973221,12,1973233
16579,1973238,14,1973252
16580,1973392,3,1973395
16581,1973875,5,1973880
16582,1973887,20,1973907
16583,1974119,20,1974139
16584,1974208,1,1974209
16585,1974234,57,1974291
16586,1974540,1,1974541
16587,1974733,12,1974745
16588,1974962,14,1974976
16589,1975003,14,1975017
16590,1975034,19,1975053
16591,1975195,20,1975215
16592,1975471,5,1975476
16593,1975501,34,1975535
16594,1975597,32,1975629
16595,1975760,7,1975767
16596,1975827,8,1975835
16597,1976126,20,1976146
16598,1976219,17,1976236
16599,1976295,11,1976306
16600,1976454,1,1976455
16601,1976503,25,1976528
16602,1976746,16,1976762
16603,1976947,1,1976948
16604,1977093,14,1977107
16605,1977386,25,1977411
16606,1977564,42,1977606
16607,1977745,18,1977763
16608,1977926,8,1977934
16609,1977962,44,1978006
16610,1978019,50,1978069
16611,1978166,20,1978186
16612,1978381,34,1978415
16613,1978459,21,1978480
16614,1978560,8,1978568
16615,1978637,2,1978639
16616,1978791,32,1978823
16617,1978825,3,1978828
16618,1978897,6,1978903
16619,1979050,1,1979051
16620,1979062,6,1979068
16621,1979092,28,1979120
16622,1979147,4,1979151
16623,1979341,2,1979343
16624,1979448,3,1979451
16625,1979487,23,1979510
16626,1979585,44,1979629
16627,1979965,8,1979973
16628,1980030,18,1980048
16629,1980093,29,1980122
16630,1980127,9,1980136
16631,1980162,66,1980228
16632,1980347,16,1980363
16633,1980398,34,1980432
16634,1980647,29,1980676
16635,1980696,4,1980700
16636,1980728,19,1980747
16637,1980797,49,1980846
16638,1980875,79,1980954
16639,1980982,8,1980990
16640,1981109,32,1981141
16641,1981272,4,1981276
16642,1981306,3,1981309
16643,1981317,30,1981347
16644,1981485,26,1981511
16645,1981641,25,1981666
16646,1981921,28,1981949
16647,1982011,10,1982021
16648,1982127,98,1982225
16649,1982243,2,1982245
16650,1982578,1,1982579
16651,1982650,58,1982708
16652,1982811,32,1982843
16653,1982859,13,1982872
16654,1983007,12,1983019
16655,1983021,6,1983027
16656,1983035,3,1983038
16657,1983129,31,1983160
16658,1983239,10,1983249
16659,1983312,19,1983331
16660,1983362,42,1983404
16661,1983475,44,1983519
16662,1983819,16,1983835
16663,1984050,9,1984059
16664,1984112,14,1984126
16665,1984194,14,1984208
16666,1984315,9,1984324
16667,1984342,9,1984351
16668,1984434,35,1984469
16669,1984578,1,1984579
16670,1984765,23,1984788
16671,1984883,4,1984887
16672,1984975,18,1984993
16673,1985031,56,1985087
16674,1985136,30,1985166
16675,1985216,5,1985221
16676,1985305,23,1985328
16677,1985330,14,1985344
16678,1985453,22,1985475
16679,1985494,9,1985503
16680,1986150,6,1986156
16681,1986575,24,1986599
16682,1986724,46,1986770
16683,1986784,15,1986799
16684,1986905,2,1986907
16685,1987067,7,1987074
16686,1987235,53,1987288
16687,1987304,2,1987306
16688,1987395,22,1987417
16689,1987506,29,1987535
16690,1987544,7,1987551
16691,1987574,4,1987578
16692,1987689,22,1987711
16693,1987750,50,1987800
16694,1987994,20,1988014
16695,1988070,14,1988084
16696,1988131,54,1988185
16697,1988303,68,1988371
16698,1988376,12,1988388
16699,1988672,2,1988674
16700,1988685,14,1988699
16701,1988709,16,1988725
16702,1988806,5,1988811
16703,1988873,15,1988888
16704,1989120,6,1989126
16705,1989153,21,1989174
16706,1989318,28,1989346
16707,1989427,30,1989457
16708,1989520,24,1989544
16709,1989575,35,1989610
16710,1989615,29,1989644
16711,1989917,35,1989952
16712,1990044,2,1990046
16713,1990063,1,1990064
16714,1990135,6,1990141
16715,1990214,38,1990252
16716,1990308,4,1990312
16717,1990393,34,1990427
16718,1990541,47,1990588
16719,1990690,11,1990701
16720,1990862,21,1990883
16721,1991002,11,1991013
16722,1991029,9,1991038
16723,1991091,1,1991092
16724,1991225,2,1991227
16725,1991437,5,1991442
16726,1991564,26,1991590
16727,1991746,20,1991766
16728,1991830,5,1991835
16729,1991852,42,1991894
16730,1992014,74,1992088
16731,1992118,40,1992158
16732,1992182,21,1992203
16733,1992235,6,1992241
16734,1992422,21,1992443
16735,1992516,4,1992520
16736,1992534,9,1992543
16737,1992573,7,1992580
16738,1992659,9,1992668
16739,1992676,76,1992752
16740,1993260,40,1993300
16741,1993624,39,1993663
16742,1993730,7,1993737
16743,1993747,12,1993759
16744,1993820,64,1993884
16745,1994000,20,1994020
16746,1994106,2,1994108
16747,1994205,80,1994285
16748,1994364,10,1994374
16749,1994426,68,1994494
16750,1994570,10,1994580
16751,1994712,4,1994716
16752,1994813,3,1994816
16753,1994864,6,1994870
16754,1994898,11,1994909
16755,1994982,7,1994989
16756,1995003,4,1995007
16757,1995065,9,1995074
16758,1995290,13,1995303
16759,1995321,20,1995341
16760,1995414,4,1995418
16761,1995551,1,1995552
16762,1995794,22,1995816
16763,1995882,1,1995883
16764,1996040,2,1996042
16765,1996043,13,1996056
16766,1996065,18,1996083
16767,1996091,3,1996094
16768,1996105,43,1996148
16769,1996155,51,1996206
16770,1996230,10,1996240
16771,1996409,24,1996433
16772,1996635,1,1996636
16773,1996748,29,1996777
16774,1996863,16,1996879
16775,1996958,53,1997011
16776,1997083,4,1997087
16777,1997135,38,1997173
16778,1997345,15,1997360
16779,1997503,17,1997520
16780,1997666,50,1997716
16781,1997892,5,1997897
16782,1998006,7,1998013
16783,1998168,21,1998189
16784,1998317,1,1998318
16785,1998335,27,1998362
16786,1998400,9,1998409
16787,1998463,14,1998477
16788,1998528,18,1998546
16789,1998567,21,1998588
16790,1998598,11,1998609
16791,1998671,10,1998681
16792,1998930,19,1998949
16793,1998994,5,1998999
16794,1999035,7,1999042
16795,1999330,3,1999333
16796,1999470,9,1999479
16797,1999545,18,1999563
16798,1999590,40,1999630
16799,1999632,2,1999634
16800,1999641,91,1999732
16801,2000085,21,2000106
16802,2000285,3,2000288
16803,2000289,7,2000296
16804,2000315,8,2000323
16805,2000337,5,2000342
16806,2000546,23,2000569
16807,2000603,16,2000619
16808,2000728,17,2000745
16809,2000766,16,2000782
16810,2000981,42,2001023
16811,2001067,21,2001088
16812,2001223,23,2001246
16813,2001561,13,2001574
16814,2001708,3,2001711
16815,2001746,13,2001759
16816,2002003,20,2002023
16817,2002033,52,2002085
16818,2002098,43,2002141
16819,2002145,29,2002174
16820,2002494,6,2002500
16821,2002559,5,2002564
16822,2002593,5,2002598
16823,2002618,5,2002623
16824,2002651,8,2002659
16825,2002673,7,2002680
16826,2002761,17,2002778
16827,2002810,15,2002825
16828,2003004,12,2003016
16829,2003357,5,2003362
16830,2003551,7,2003558
16831,2003942,22,2003964
16832,2003984,37,2004021
16833,2004090,18,2004108
16834,2004118,27,2004145
16835,2004154,4,2004158
16836,2004262,10,2004272
16837,2004316,48,2004364
16838,2004376,44,2004420
16839,2004437,7,2004444
16840,2004564,23,2004587
16841,2004657,2,2004659
16842,2004766,9,2004775
16843,2004858,7,2004865
16844,2004910,21,2004931
16845,2005073,7,2005080
16846,2005204,4,2005208
16847,2005243,37,2005280
16848,2005282,71,2005353
16849,2005386,8,2005394
16850,2005524,12,2005536
16851,2005584,9,2005593
16852,2005601,6,2005607
16853,2005610,27,2005637
16854,2005750,54,2005804
16855,2005857,38,2005895
16856,2006188,17,2006205
16857,2006494,26,2006520
16858,2006555,3,2006558
16859,2006824,35,2006859
16860,2006883,11,2006894
16861,2006908,10,2006918
16862,2007019,3,2007022
16863,2007325,7,2007332
16864,2007441,2,2007443
16865,2007454,9,2007463
16866,2007475,2,2007477
16867,2007550,6,2007556
16868,2007562,20,2007582
16869,2007767,114,2007881
16870,2008258,15,2008273
16871,2008443,2,2008445
16872,2008488,13,2008501
16873,2008549,15,2008564
16874,2008599,1,2008600
16875,2008611,19,2008630
16876,2008732,9,2008741
16877,2008912,12,2008924
16878,2009184,40,2009224
16879,2009385,39,2009424
16880,2009615,9,2009624
16881,2009817,26,2009843
16882,2009944,21,2009965
16883,2010072,25,2010097
16884,2010296,14,2010310
16885,2010332,6,2010338
16886,2010420,4,2010424
16887,2010456,2,2010458
16888,2010478,12,2010490
16889,2010609,18,2010627
16890,2010709,26,2010735
16891,2010747,6,2010753
16892,2010754,3,2010757
16893,2010806,18,2010824
16894,2010907,30,2010937
16895,2010987,2,2010989
16896,2011267,7,2011274
16897,2011277,7,2011284
16898,2011295,39,2011334
16899,2011340,17,2011357
16900,2011366,11,2011377
16901,2011476,1,2011477
16902,2011806,13,2011819
16903,2012110,39,2012149
16904,2012263,22,2012285
16905,2012302,7,2012309
16906,2012483,28,2012511
16907,2012554,9,2012563
16908,2012613,25,2012638
16909,2012653,2,2012655
16910,2012674,10,2012684
16911,2012862,12,2012874
16912,2012893,1,2012894
16913,2012938,15,2012953
16914,2012989,3,2012992
16915,2013036,2,2013038
16916,2013075,15,2013090
16917,2013248,24,2013272
16918,2013489,44,2013533
16919,2013548,11,2013559
16920,2013696,3,2013699
16921,2013949,13,2013962
16922,2014040,2,2014042
16923,2014056,16,2014072
16924,2014300,42,2014342
16925,2014380,19,2014399
16926,2014567,5,2014572
16927,2014800,19,2014819
16928,2014825,11,2014836
16929,2015179,7,2015186
16930,2015475,16,2015491
16931,2015533,19,2015552
16932,2015575,26,2015601
16933,2015609,14,2015623
16934,2015639,69,2015708
16935,2015796,13,2015809
16936,2015811,11,2015822
16937,2015836,3,2015839
16938,2016016,16,2016032
16939,2016078,2,2016080
16940,2016177,24,2016201
16941,2016339,103,2016442
16942,2016563,61,2016624
16943,2016632,2,2016634
16944,2017030,8,2017038
16945,2017069,13,2017082
16946,2017257,21,2017278
16947,2017372,22,2017394
16948,2017403,35,2017438
16949,2017464,20,2017484
16950,2017511,40,2017551
16951,2017577,9,2017586
16952,2017666,71,2017737
16953,2017843,8,2017851
16954,2018402,12,2018414
16955,2018504,22,2018526
16956,2018684,7,2018691
16957,2018774,20,2018794
16958,2019415,6,2019421
16959,2019514,33,2019547
16960,2019578,4,2019582
16961,2019627,8,2019635
16962,2019864,2,2019866
16963,2019931,1,2019932
16964,2020052,13,2020065
16965,2020380,5,2020385
16966,2020440,3,2020443
16967,2020743,8,2020751
16968,2021112,20,2021132
16969,2021194,27,2021221
16970,2021329,12,2021341
16971,2021463,2,2021465
16972,2021584,9,2021593
16973,2021646,13,2021659
16974,2021663,6,2021669
16975,2021691,64,2021755
16976,2021861,13,2021874
16977,2021978,1,2021979
16978,2022050,45,2022095
16979,2022157,17,2022174
16980,2022294,4,2022298
16981,2022508,8,2022516
16982,2022862,1,2022863
16983,2022880,49,2022929
16984,2023194,17,2023211
16985,2023426,12,2023438
16986,2023642,21,2023663
16987,2023685,50,2023735
16988,2023815,9,2023824
16989,2023995,47,2024042
16990,2024123,21,2024144
16991,2024328,54,2024382
16992,2024430,25,2024455
16993,2024482,33,2024515
16994,2024516,38,2024554
16995,2024622,87,2024709
16996,2024816,34,2024850
16997,2024910,19,2024929
16998,2024936,71,2025007
16999,2025022,12,2025034
17000,2025076,20,2025096
17001,2025113,19,2025132
17002,2025593,24,2025617
17003,2025621,8,2025629
17004,2025815,3,2025818
17005,2025841,7,2025848
17006,2025887,17,2025904
17007,2025989,1,2025990
17008,2026097,34,2026131
17009,2026232,17,2026249
17010,2026490,52,2026542
17011,2026641,64,2026705
17012,2026905,26,2026931
17013,2027125,27,2027152
17014,2027211,14,2027225
17015,2027381,40,2027421
17016,2027439,2,2027441
17017,2027632,12,2027644
17018,2027709,46,2027755
17019,2027923,8,2027931
17020,2027973,8,2027981
17021,2028057,4,2028061
17022,2028391,2,2028393
17023,2028482,11,2028493
17024,2028534,29,2028563
17025,2028752,98,2028850
17026,2028861,10,2028871
17027,2028876,8,2028884
17028,2028949,14,2028963
17029,2028979,40,2029019
17030,2029072,13,2029085
17031,2029468,6,2029474
17032,2029503,11,2029514
17033,2029698,10,2029708
17034,2029761,11,2029772
17035,2029867,14,2029881
17036,2029896,6,2029902
17037,2029930,4,2029934
17038,2029992,38,2030030
17039,2030141,113,2030254
17040,2030265,6,2030271
17041,2030390,29,2030419
17042,2030496,17,2030513
17043,2030716,25,2030741
17044,2031041,22,2031063
17045,2031097,29,2031126
17046,2031165,35,2031200
17047,2031214,4,2031218
17048,2031312,5,2031317
17049,2031462,37,2031499
17050,2031612,20,2031632
17051,2031878,25,2031903
17052,2031906,60,2031966
17053,2031967,34,2032001
17054,2032447,9,2032456
17055,2032629,34,2032663
17056,2032734,6,2032740
17057,2032845,20,2032865
17058,2033146,23,2033169
17059,2033193,11,2033204
17060,2033237,12,2033249
17061,2033513,1,2033514
17062,2033975,15,2033990
17063,2034232,6,2034238
17064,2034245,8,2034253
17065,2034311,2,2034313
17066,2034355,56,2034411
17067,2034516,1,2034517
17068,2034608,12,2034620
17069,2034675,3,2034678
17070,2034695,6,2034701
17071,2034907,7,2034914
17072,2035060,31,2035091
17073,2035206,11,2035217
17074,2035323,1,2035324
17075,2035335,33,2035368
17076,2035379,3,2035382
17077,2035389,55,2035444
17078,2035464,5,2035469
17079,2035473,8,2035481
17080,2035736,22,2035758
17081,2035856,43,2035899
17082,2036037,52,2036089
17083,2036284,1,2036285
17084,2036327,17,2036344
17085,2036475,17,2036492
17086,2036600,2,2036602
17087,2036611,33,2036644
17088,2036714,5,2036719
17089,2037033,72,2037105
17090,2037150,48,2037198
17091,2037553,54,2037607
17092,2037634,32,2037666
17093,2037775,18,2037793
17094,2037906,5,2037911
17095,2037935,14,2037949
17096,2038050,5,2038055
17097,2038267,43,2038310
17098,2038340,10,2038350
17099,2038367,6,2038373
17100,2038608,30,2038638
17101,2038742,12,2038754
17102,2038836,21,2038857
17103,2038864,1,2038865
17104,2039040,10,2039050
17105,2039260,22,2039282
17106,2039287,21,2039308
17107,2039371,20,2039391
17108,2039398,8,2039406
17109,2039849,7,2039856
17110,2039871,9,2039880
17111,2039918,83,2040001
17112,2040005,1,2040006
17113,2040248,15,2040263
17114,2040289,4,2040293
17115,2040374,5,2040379
17116,2040465,6,2040471
17117,2040578,7,2040585
17118,2040679,2,2040681
17119,2040774,10,2040784
17120,2040841,10,2040851
17121,2040909,17,2040926
17122,2041074,15,2041089
17123,2041120,8,2041128
17124,2041141,66,2041207
17125,2041245,14,2041259
17126,2041361,12,2041373
17127,2041456,13,2041469
17128,2041495,73,2041568
17129,2041617,5,2041622
17130,2041643,7,2041650
17131,2041969,36,2042005
17132,2042206,17,2042223
17133,2042268,4,2042272
17134,2042364,24,2042388
17135,2042453,1,2042454
17136,2042482,2,2042484
17137,2042677,30,2042707
17138,2042827,13,2042840
17139,2042949,11,2042960
17140,2043027,2,2043029
17141,2043146,9,2043155
17142,2043163,46,2043209
17143,2043326,2,2043328
17144,2043369,34,2043403
17145,2043643,18,2043661
17146,2043741,10,2043751
17147,2043922,9,2043931
17148,2044028,6,2044034
17149,2044209,72,2044281
17150,2044294,40,2044334
17151,2044342,20,2044362
17152,2044364,27,2044391
17153,2044474,12,2044486
17154,2044508,1,2044509
17155,2044553,1,2044554
17156,2044628,102,2044730
17157,2044775,14,2044789
17158,2044874,20,2044894
17159,2045090,33,2045123
17160,2045150,62,2045212
17161,2045247,12,2045259
17162,2045265,25,2045290
17163,2045306,12,2045318
17164,2045601,14,2045615
17165,2045663,1,2045664
17166,2045786,7,2045793
17167,2045835,36,2045871
17168,2045993,8,2046001
17169,2046036,43,2046079
17170,2046131,17,2046148
17171,2046274,23,2046297
17172,2046615,39,2046654
17173,2046703,15,2046718
17174,2046798,7,2046805
17175,2046968,11,2046979
17176,2047030,73,2047103
17177,2047163,19,2047182
17178,2047481,8,2047489
17179,2047577,55,2047632
17180,2047662,50,2047712
17181,2047944,7,2047951
17182,2048001,6,2048007
17183,2048036,13,2048049
17184,2048540,1,2048541
17185,2048568,51,2048619
17186,2048632,58,2048690
17187,2048702,3,2048705
17188,2048706,32,2048738
17189,2048793,6,2048799
17190,2048979,1,2048980
17191,2049003,4,2049007
17192,2049030,48,2049078
17193,2049110,47,2049157
17194,2049296,1,2049297
17195,2049468,37,2049505
17196,2049731,24,2049755
17197,2049798,15,2049813
17198,2049818,5,2049823
17199,2050051,17,2050068
17200,2050086,17,2050103
17201,2050109,3,2050112
17202,2050127,44,2050171
17203,2050223,27,2050250
17204,2050313,39,2050352
17205,2050438,17,2050455
17206,2050469,13,2050482
17207,2050640,15,2050655
17208,2050673,68,2050741
17209,2050753,22,2050775
17210,2050924,15,2050939
17211,2051045,3,2051048
17212,2051118,6,2051124
17213,2051169,18,2051187
17214,2051229,14,2051243
17215,2051605,8,2051613
17216,2051658,19,2051677
17217,2051740,48,2051788
17218,2051860,9,2051869
17219,2052036,14,2052050
17220,2052051,36,2052087
17221,2052201,24,2052225
17222,2052255,2,2052257
17223,2052518,13,2052531
17224,2052600,47,2052647
17225,2052654,21,2052675
17226,2052776,31,2052807
17227,2052826,25,2052851
17228,2052924,8,2052932
17229,2052952,13,2052965
17230,2052966,47,2053013
17231,2053053,17,2053070
17232,2053203,10,2053213
17233,2053583,16,2053599
17234,2053822,34,2053856
17235,2053937,33,2053970
17236,2053984,92,2054076
17237,2054093,55,2054148
17238,2054150,7,2054157
17239,2054256,8,2054264
17240,2054395,21,2054416
17241,2054497,12,2054509
17242,2054661,6,2054667
17243,2054676,17,2054693
17244,2054706,56,2054762
17245,2054840,24,2054864
17246,2055091,50,2055141
17247,2055159,5,2055164
17248,2055249,17,2055266
17249,2055295,12,2055307
17250,2055318,9,2055327
17251,2055607,8,2055615
17252,2055688,101,2055789
17253,2055805,12,2055817
17254,2055819,13,2055832
17255,2055835,16,2055851
17256,2055981,3,2055984
17257,2055986,4,2055990
17258,2056141,14,2056155
17259,2056168,7,2056175
17260,2056283,4,2056287
17261,2056315,41,2056356
17262,2056357,18,2056375
17263,2056427,17,2056444
17264,2056571,8,2056579
17265,2056606,5,2056611
17266,2056675,10,2056685
17267,2056844,27,2056871
17268,2057036,18,2057054
17269,2057064,43,2057107
17270,2057313,2,2057315
17271,2057342,52,2057394
17272,2057423,2,2057425
17273,2057450,5,2057455
17274,2057466,8,2057474
17275,2057527,76,2057603
17276,2057870,1,2057871
17277,2057998,14,2058012
17278,2058059,64,2058123
17279,2058143,19,2058162
17280,2058203,39,2058242
17281,2058370,48,2058418
17282,2058426,3,2058429
17283,2058538,6,2058544
17284,2058779,9,2058788
17285,2058980,15,2058995
17286,2059075,2,2059077
17287,2059110,4,2059114
17288,2059152,23,2059175
17289,2059384,6,2059390
17290,2059416,10,2059426
17291,2059433,105,2059538
17292,2059612,10,2059622
17293,2059683,24,2059707
17294,2059750,1,2059751
17295,2059851,1,2059852
17296,2059962,17,2059979
17297,2060077,14,2060091
17298,2060318,7,2060325
17299,2060339,8,2060347
17300,2060420,25,2060445
17301,2060470,25,2060495
17302,2060625,13,2060638
17303,2060671,6,2060677
17304,2060850,20,2060870
17305,2060910,1,2060911
17306,2061257,13,2061270
17307,2061277,13,2061290
17308,2061407,56,2061463
17309,2061564,47,2061611
17310,2061674,23,2061697
17311,2061748,14,2061762
17312,2061851,35,2061886
17313,2061919,84,2062003
17314,2062080,13,2062093
17315,2062112,2,2062114
17316,2062224,3,2062227
17317,2062237,8,2062245
17318,2062251,21,2062272
17319,2062406,1,2062407
17320,2062478,22,2062500
17321,2062512,6,2062518
17322,2062530,4,2062534
17323,2062719,25,2062744
17324,2062844,20,2062864
17325,2062905,10,2062915
17326,2063154,19,2063173
17327,2063475,2,2063477
17328,2063601,23,2063624
17329,2063636,29,2063665
17330,2063703,33,2063736
17331,2063774,18,2063792
17332,2063795,22,2063817
17333,2063973,19,2063992
17334,2064148,23,2064171
17335,2064337,4,2064341
17336,2064672,35,2064707
17337,2064757,2,2064759
17338,2064784,18,2064802
17339,2065039,9,2065048
17340,2065133,23,2065156
17341,2065174,20,2065194
17342,2065799,15,2065814
17343,2065859,9,2065868
17344,2065970,13,2065983
17345,2066104,3,2066107
17346,2066505,32,2066537
17347,2066557,6,2066563
17348,2066868,30,2066898
17349,2066980,11,2066991
17350,2067007,25,2067032
17351,2067076,9,2067085
17352,2067123,30,2067153
17353,2067203,60,2067263
17354,2067265,18,2067283
17355,2067305,24,2067329
17356,2067375,8,2067383
17357,2067419,39,2067458
17358,2067515,6,2067521
17359,2067594,11,2067605
17360,2067660,36,2067696
17361,2067802,18,2067820
17362,2067831,46,2067877
17363,2067895,16,2067911
17364,2068101,36,2068137
17365,2068171,95,2068266
17366,2068324,57,2068381
17367,2068521,7,2068528
17368,2068533,4,2068537
17369,2068548,43,2068591
17370,2068827,2,2068829
17371,2068994,25,2069019
17372,2069066,2,2069068
17373,2069096,52,2069148
17374,2069321,30,2069351
17375,2069375,5,2069380
17376,2069457,58,2069515
17377,2069607,25,2069632
17378,2069641,20,2069661
17379,2069667,14,2069681
17380,2069728,3,2069731
17381,2070007,11,2070018
17382,2070083,63,2070146
17383,2070158,31,2070189
17384,2070376,40,2070416
17385,2070441,38,2070479
17386,2070496,4,2070500
17387,2070676,7,2070683
17388,2070685,18,2070703
17389,2070785,1,2070786
17390,2071088,10,2071098
17391,2071110,17,2071127
17392,2071226,12,2071238
17393,2071294,2,2071296
17394,2071364,6,2071370
17395,2071686,8,2071694
17396,2071704,13,2071717
17397,2071784,50,2071834
17398,2071844,12,2071856
17399,2071928,20,2071948
17400,2072032,2,2072034
17401,2072130,13,2072143
17402,2072225,123,2072348
17403,2072385,13,2072398
17404,2072414,24,2072438
17405,2072534,9,2072543
17406,2072628,51,2072679
17407,2072724,11,2072735
17408,2072787,13,2072800
17409,2072941,3,2072944
17410,2073068,23,2073091
17411,2073223,9,2073232
17412,2073257,1,2073258
17413,2073397,29,2073426
17414,2073510,1,2073511
17415,2073525,6,2073531
17416,2073540,11,2073551
17417,2073592,36,2073628
17418,2073787,30,2073817
17419,2073891,4,2073895
17420,2073925,1,2073926
17421,2073981,32,2074013
17422,2074110,3,2074113
17423,2074206,1,2074207
17424,2074278,3,2074281
17425,2074351,24,2074375
17426,2074530,24,2074554
17427,2074570,27,2074597
17428,2074976,27,2075003
17429,2075032,6,2075038
17430,2075162,25,2075187
17431,2075234,11,2075245
17432,2075290,8,2075298
17433,2075378,39,2075417
17434,2075432,34,2075466
17435,2075571,25,2075596
17436,2075732,4,2075736
17437,2075860,25,2075885
17438,2075976,63,2076039
17439,2076316,3,2076319
17440,2076375,31,2076406
17441,2076673,15,2076688
17442,2076807,14,2076821
17443,2076867,37,2076904
17444,2077032,35,2077067
17445,2077293,1,2077294
17446,2077377,22,2077399
17447,2077405,3,2077408
17448,2077466,61,2077527
17449,2077544,44,2077588
17450,2077613,49,2077662
17451,2077720,8,2077728
17452,2077967,6,2077973
17453,2078017,17,2078034
17454,2078067,1,2078068
17455,2078088,13,2078101
17456,2078220,37,2078257
17457,2078400,21,2078421
17458,2078423,50,2078473
17459,2078665,35,2078700
17460,2078795,15,2078810
17461,2078812,9,2078821
17462,2078849,56,2078905
17463,2079097,32,2079129
17464,2079139,16,2079155
17465,2079339,9,2079348
17466,2079376,12,2079388
17467,2079406,28,2079434
17468,2079858,2,2079860
17469,2079908,3,2079911
17470,2079928,11,2079939
17471,2080177,34,2080211
17472,2080302,61,2080363
17473,2080568,2,2080570
17474,2080641,19,2080660
17475,2080662,42,2080704
17476,2080777,23,2080800
17477,2080876,3,2080879
17478,2080977,11,2080988
17479,2081197,7,2081204
17480,2081289,17,2081306
17481,2081360,32,2081392
17482,2081393,4,2081397
17483,2081419,11,2081430
17484,2081508,3,2081511
17485,2081804,10,2081814
17486,2081880,3,2081883
17487,2081925,3,2081928
17488,2081969,4,2081973
17489,2082207,4,2082211
17490,2082241,2,2082243
17491,2082268,26,2082294
17492,2082359,10,2082369
17493,2082377,13,2082390
17494,2082492,60,2082552
17495,2082678,1,2082679
17496,2082735,58,2082793
17497,2082817,40,2082857
17498,2082995,31,2083026
17499,2083128,16,2083144
17500,2083269,5,2083274
17501,2083356,24,2083380
17502,2083399,30,2083429
17503,2083462,14,2083476
17504,2083506,33,2083539
17505,2083591,1,2083592
17506,2083802,18,2083820
17507,2083841,18,2083859
17508,2083899,1,2083900
17509,2084323,47,2084370
17510,2084436,12,2084448
17511,2084453,6,2084459
17512,2084476,17,2084493
17513,2084621,12,2084633
17514,2084797,25,2084822
17515,2084937,30,2084967
17516,2085236,11,2085247
17517,2085566,23,2085589
17518,2085682,7,2085689
17519,2085779,27,2085806
17520,2085866,15,2085881
17521,2085908,37,2085945
17522,2086052,6,2086058
17523,2086430,28,2086458
17524,2086622,7,2086629
17525,2086748,7,2086755
17526,2086787,54,2086841
17527,2086860,1,2086861
17528,2086903,5,2086908
17529,2086935,17,2086952
17530,2087062,20,2087082
17531,2087107,12,2087119
17532,2087120,30,2087150
17533,2087151,2,2087153
17534,2087159,7,2087166
17535,2087201,4,2087205
17536,2087265,6,2087271
17537,2087303,37,2087340
17538,2087431,19,2087450
17539,2087731,7,2087738
17540,2087821,126,2087947
17541,2088088,30,2088118
17542,2088138,53,2088191
17543,2088447,3,2088450
17544,2088646,25,2088671
17545,2088678,15,2088693
17546,2089230,18,2089248
17547,2089324,12,2089336
17548,2089386,7,2089393
17549,2089493,3,2089496
17550,2089598,17,2089615
17551,2089682,1,2089683
17552,2089771,21,2089792
17553,2089928,59,2089987
17554,2090044,5,2090049
17555,2090131,8,2090139
17556,2090197,27,2090224
17557,2090269,60,2090329
17558,2090369,1,2090370
17559,2090473,39,2090512
17560,2090588,16,2090604
17561,2090641,9,2090650
17562,2090677,12,2090689
17563,2090856,6,2090862
17564,2090983,30,2091013
17565,2091016,20,2091036
17566,2091106,1,2091107
17567,2091139,27,2091166
17568,2091175,17,2091192
17569,2091196,83,2091279
17570,2091430,7,2091437
17571,2091457,7,2091464
17572,2091705,20,2091725
17573,2091792,5,2091797
17574,2091859,20,2091879
17575,2091957,15,2091972
17576,2092016,6,2092022
17577,2092024,8,2092032
17578,2092041,23,2092064
17579,2092097,5,2092102
17580,2092258,27,2092285
17581,2092301,13,2092314
17582,2092459,48,2092507
17583,2092537,6,2092543
17584,2092578,56,2092634
17585,2092787,26,2092813
17586,2092823,2,2092825
17587,2092928,1,2092929
17588,2092971,4,2092975
17589,2093074,18,2093092
17590,2093106,22,2093128
17591,2093303,4,2093307
17592,2093308,15,2093323
17593,2093512,41,2093553
17594,2093836,45,2093881
17595,2094007,9,2094016
17596,2094057,9,2094066
17597,2094111,24,2094135
17598,2094173,27,2094200
17599,2094242,32,2094274
17600,2094317,36,2094353
17601,2094373,21,2094394
17602,2094424,95,2094519
17603,2094669,69,2094738
17604,2094867,20,2094887
17605,2094960,1,2094961
17606,2094999,19,2095018
17607,2095053,31,2095084
17608,2095399,9,2095408
17609,2095455,11,2095466
17610,2095513,20,2095533
17611,2095593,13,2095606
17612,2095617,28,2095645
17613,2095688,42,2095730
17614,2095801,15,2095816
17615,2095866,18,2095884
17616,2096188,12,2096200
17617,2096436,16,2096452
17618,2096737,34,2096771
17619,2096788,16,2096804
17620,2097140,32,2097172
17621,2097181,19,2097200
17622,2097336,18,2097354
17623,2097406,4,2097410
17624,2097499,15,2097514
17625,2097577,6,2097583
17626,2098019,48,2098067
17627,2098133,19,2098152
17628,2098191,3,2098194
17629,2098219,1,2098220
17630,2098607,44,2098651
17631,2098830,13,2098843
17632,2098926,47,2098973
17633,2099023,7,2099030
17634,2099034,8,2099042
17635,2099227,33,2099260
17636,2099330,26,2099356
17637,2099365,17,2099382
17638,2099459,15,2099474
17639,2099578,18,2099596
17640,2099657,3,2099660
17641,2099703,22,2099725
17642,2100070,56,2100126
17643,2100166,5,2100171
17644,2100422,18,2100440
17645,2100462,5,2100467
17646,2100518,32,2100550
17647,2100557,13,2100570
17648,2100763,10,2100773
17649,2100823,44,2100867
17650,2100899,5,2100904
17651,2100978,9,2100987
17652,2101029,14,2101043
17653,2101388,20,2101408
17654,2101443,52,2101495
17655,2101500,22,2101522
17656,2101652,6,2101658
17657,2101746,8,2101754
17658,2101830,144,2101974
17659,2101993,18,2102011
17660,2102120,12,2102132
17661,2102195,21,2102216
17662,2102223,18,2102241
17663,2102726,6,2102732
17664,2102770,19,2102789
17665,2102902,44,2102946
17666,2103005,14,2103019
17667,2103054,9,2103063
17668,2103221,26,2103247
17669,2103307,76,2103383
17670,2103708,11,2103719
17671,2103856,16,2103872
17672,2103895,1,2103896
17673,2104082,4,2104086
17674,2104213,3,2104216
17675,2104218,29,2104247
17676,2104428,15,2104443
17677,2104453,50,2104503
17678,2104724,7,2104731
17679,2104893,10,2104903
17680,2104945,9,2104954
17681,2105056,4,2105060
17682,2105144,19,2105163
17683,2105256,21,2105277
17684,2105326,3,2105329
17685,2105389,7,2105396
17686,2105421,33,2105454
17687,2105613,16,2105629
17688,2105651,9,2105660
17689,2105672,30,2105702
17690,2105845,10,2105855
17691,2106082,13,2106095
17692,2106325,58,2106383
17693,2106407,24,2106431
17694,2106502,74,2106576
17695,2106597,7,2106604
17696,2106608,4,2106612
17697,2106854,64,2106918
17698,2107073,1,2107074
17699,2107077,2,2107079
17700,2107080,1,2107081
17701,2107205,67,2107272
17702,2107288,1,2107289
17703,2107303,24,2107327
17704,2107391,7,2107398
17705,2107614,23,2107637
17706,2107676,13,2107689
17707,2107697,1,2107698
17708,2107703,12,2107715
17709,2107902,20,2107922
17710,2107998,7,2108005
17711,2108027,52,2108079
17712,2108184,18,2108202
17713,2108256,36,2108292
17714,2108323,4,2108327
17715,2108367,68,2108435
17716,2108450,16,2108466
17717,2108483,48,2108531
17718,2108571,22,2108593
17719,2108694,2,2108696
17720,2108708,47,2108755
17721,2109193,1,2109194
17722,2109274,8,2109282
17723,2109328,37,2109365
17724,2109378,56,2109434
17725,2109727,49,2109776
17726,2110019,8,2110027
17727,2110185,41,2110226
17728,2110590,11,2110601
17729,2110715,10,2110725
17730,2111008,19,2111027
17731,2111092,19,2111111
17732,2111163,11,2111174
17733,2111305,2,2111307
17734,2111319,49,2111368
17735,2111429,32,2111461
17736,2111591,28,2111619
17737,2111626,18,2111644
17738,2111751,3,2111754
17739,2111871,13,2111884
17740,2112160,19,2112179
17741,2112184,11,2112195
17742,2112318,3,2112321
17743,2112341,7,2112348
17744,2112460,17,2112477
17745,2112494,21,2112515
17746,2112537,35,2112572
17747,2112658,65,2112723
17748,2112730,18,2112748
17749,2112901,37,2112938
17750,2113108,28,2113136
17751,2113177,3,2113180
17752,2113186,82,2113268
17753,2113346,6,2113352
17754,2113441,1,2113442
17755,2113474,2,2113476
17756,2113548,17,2113565
17757,2113612,16,2113628
17758,2113698,5,2113703
17759,2113748,3,2113751
17760,2114134,35,2114169
17761,2114243,2,2114245
17762,2114332,5,2114337
17763,2114373,37,2114410
17764,2114448,3,2114451
17765,2114550,9,2114559
17766,2114678,7,2114685
17767,2114729,101,2114830
17768,2114880,5,2114885
17769,2114943,11,2114954
17770,2114960,46,2115006
17771,2115281,10,2115291
17772,2115421,11,2115432
17773,2115509,10,2115519
17774,2115583,1,2115584
17775,2115718,6,2115724
17776,2115760,18,2115778
17777,2115830,28,2115858
17778,2115939,8,2115947
17779,2116021,10,2116031
17780,2116122,8,2116130
17781,2116234,1,2116235
17782,2116363,42,2116405
17783,2116902,20,2116922
17784,2117028,44,2117072
17785,2117226,10,2117236
17786,2117254,32,2117286
17787,2117314,15,2117329
17788,2117392,17,2117409
17789,2117608,5,2117613
17790,2117787,8,2117795
17791,2117869,69,2117938
17792,2118014,1,2118015
17793,2118061,11,2118072
17794,2118105,27,2118132
17795,2118134,11,2118145
17796,2118148,3,2118151
17797,2118280,10,2118290
17798,2118385,46,2118431
17799,2118489,1,2118490
17800,2118566,6,2118572
17801,2118641,25,2118666
17802,2118681,1,2118682
17803,2118708,25,2118733
17804,2119011,17,2119028
17805,2119059,1,2119060
17806,2119090,1,2119091
17807,2119257,17,2119274
17808,2119548,4,2119552
17809,2119573,40,2119613
17810,2119917,22,2119939
17811,2119953,99,2120052
17812,2120128,52,2120180
17813,2120343,37,2120380
17814,2120543,4,2120547
17815,2120582,2,2120584
17816,2120689,36,2120725
17817,2120858,23,2120881
17818,2120887,41,2120928
17819,2120955,8,2120963
17820,2121147,35,2121182
17821,2121248,16,2121264
17822,2121508,25,2121533
17823,2121992,5,2121997
17824,2122104,9,2122113
17825,2122190,3,2122193
17826,2122386,17,2122403
17827,2122429,13,2122442
17828,2122456,27,2122483
17829,2122488,76,2122564
17830,2122567,29,2122596
17831,2122654,13,2122667
17832,2122680,7,2122687
17833,2122807,3,2122810
17834,2122859,14,2122873
17835,2123093,24,2123117
17836,2123157,8,2123165
17837,2123174,14,2123188
17838,2123259,36,2123295
17839,2123318,1,2123319
17840,2123344,3,2123347
17841,2123373,105,2123478
17842,2123774,31,2123805
17843,2123825,41,2123866
17844,2123878,15,2123893
17845,2124063,28,2124091
17846,2124269,35,2124304
17847,2124335,22,2124357
17848,2124359,19,2124378
17849,2124601,64,2124665
17850,2124694,36,2124730
17851,2124771,3,2124774
17852,2124915,4,2124919
17853,2125036,26,2125062
17854,2125089,31,2125120
17855,2125202,15,2125217
17856,2125227,38,2125265
17857,2125445,3,2125448
17858,2125475,23,2125498
17859,2125546,4,2125550
17860,2125779,59,2125838
17861,2125848,3,2125851
17862,2125878,51,2125929
17863,2125972,2,2125974
17864,2125995,34,2126029
17865,2126167,9,2126176
17866,2126296,13,2126309
17867,2126359,8,2126367
17868,2126428,8,2126436
17869,2126523,10,2126533
17870,2126610,33,2126643
17871,2126712,9,2126721
17872,2126790,39,2126829
17873,2126981,27,2127008
17874,2127050,2,2127052
17875,2127070,5,2127075
17876,2127218,46,2127264
17877,2127406,11,2127417
17878,2127428,30,2127458
17879,2127551,24,2127575
17880,2127695,43,2127738
17881,2127787,4,2127791
17882,2127801,9,2127810
17883,2128139,35,2128174
17884,2128198,52,2128250
17885,2128264,8,2128272
17886,2128295,6,2128301
17887,2128551,56,2128607
17888,2128790,29,2128819
17889,2128905,14,2128919
17890,2129005,33,2129038
17891,2129073,60,2129133
17892,2129140,22,2129162
17893,2129192,17,2129209
17894,2129272,14,2129286
17895,2129300,1,2129301
17896,2129311,2,2129313
17897,2129377,18,2129395
17898,2129429,34,2129463
17899,2129626,22,2129648
17900,2129742,24,2129766
17901,2129874,11,2129885
17902,2130041,4,2130045
17903,2130156,14,2130170
17904,2130171,2,2130173
17905,2130175,37,2130212
17906,2130265,66,2130331
17907,2130338,16,2130354
17908,2130450,21,2130471
17909,2130500,14,2130514
17910,2130620,45,2130665
17911,2130713,1,2130714
17912,2130719,14,2130733
17913,2130739,23,2130762
17914,2130789,3,2130792
17915,2131073,90,2131163
17916,2131425,32,2131457
17917,2131543,4,2131547
17918,2131704,4,2131708
17919,2132178,8,2132186
17920,2132196,4,2132200
17921,2132307,38,2132345
17922,2132372,5,2132377
17923,2132406,8,2132414
17924,2132552,9,2132561
17925,2132704,1,2132705
17926,2132748,9,2132757
17927,2132818,51,2132869
17928,2132894,20,2132914
17929,2132950,5,2132955
17930,2133034,7,2133041
17931,2133136,8,2133144
17932,2133244,2,2133246
17933,2133289,25,2133314
17934,2133391,55,2133446
17935,2133468,13,2133481
17936,2133570,18,2133588
17937,2133657,24,2133681
17938,2133739,10,2133749
17939,2133766,14,2133780
17940,2133809,7,2133816
17941,2133891,4,2133895
17942,2133962,4,2133966
17943,2134010,3,2134013
17944,2134051,19,2134070
17945,2134086,6,2134092
17946,2134212,3,2134215
17947,2134262,32,2134294
17948,2134350,35,2134385
17949,2134506,3,2134509
17950,2134520,5,2134525
17951,2134562,21,2134583
17952,2134684,18,2134702
17953,2134765,39,2134804
17954,2134988,4,2134992
17955,2135011,31,2135042
17956,2135188,49,2135237
17957,2135370,6,2135376
17958,2135660,4,2135664
17959,2135730,2,2135732
17960,2135789,9,2135798
17961,2135852,37,2135889
17962,2136264,14,2136278
17963,2136284,17,2136301
17964,2136337,19,2136356
17965,2136456,15,2136471
17966,2136489,8,2136497
17967,2136599,14,2136613
17968,2136659,18,2136677
17969,2136695,33,2136728
17970,2136731,4,2136735
17971,2136761,7,2136768
17972,2136897,6,2136903
17973,2136989,27,2137016
17974,2137042,30,2137072
17975,2137435,10,2137445
17976,2137472,15,2137487
17977,2137546,12,2137558
17978,2137587,44,2137631
17979,2137646,33,2137679
17980,2137725,33,2137758
17981,2137838,38,2137876
17982,2138046,6,2138052
17983,2138123,87,2138210
17984,2138304,3,2138307
17985,2138356,43,2138399
17986,2138535,2,2138537
17987,2138547,17,2138564
17988,2138624,10,2138634
17989,2138657,26,2138683
17990,2138710,6,2138716
17991,2138769,23,2138792
17992,2138829,7,2138836
17993,2138908,17,2138925
17994,2138990,15,2139005
17995,2139016,1,2139017
17996,2139191,2,2139193
17997,2139270,9,2139279
17998,2139308,17,2139325
17999,2139401,29,2139430
18000,2139524,17,2139541
18001,2139604,4,2139608
18002,2139651,6,2139657
18003,2139695,50,2139745
18004,2139992,34,2140026
18005,2140070,20,2140090
18006,2140300,37,2140337
18007,2140399,3,2140402
18008,2140500,12,2140512
18009,2140553,33,2140586
18010,2140703,4,2140707
18011,2140756,11,2140767
18012,2140918,6,2140924
18013,2141113,13,2141126
18014,2141220,14,2141234
18015,2141369,23,2141392
18016,2141660,15,2141675
18017,2141688,71,2141759
18018,2141936,14,2141950
18019,2142119,12,2142131
18020,2142133,26,2142159
18021,2142197,11,2142208
18022,2142235,10,2142245
18023,2142256,4,2142260
18024,2142323,55,2142378
18025,2142493,43,2142536
18026,2142639,4,2142643
18027,2142787,6,2142793
18028,2142924,19,2142943
18029,2143043,11,2143054
18030,2143241,28,2143269
18031,2143414,5,2143419
18032,2143433,19,2143452
18033,2143616,2,2143618
18034,2143747,38,2143785
18035,2144144,11,2144155
18036,2144190,6,2144196
18037,2144283,8,2144291
18038,2144307,2,2144309
18039,2144411,21,2144432
18040,2144436,9,2144445
18041,2144476,12,2144488
18042,2144579,9,2144588
18043,2144768,14,2144782
18044,2144911,47,2144958
18045,2145021,4,2145025
18046,2145182,2,2145184
18047,2145205,11,2145216
18048,2145287,4,2145291
18049,2145439,7,2145446
18050,2145448,27,2145475
18051,2145538,1,2145539
18052,2145606,23,2145629
18053,2145647,56,2145703
18054,2145713,30,2145743
18055,2145811,10,2145821
18056,2145866,4,2145870
18057,2145935,2,2145937
18058,2146015,30,2146045
18059,2146113,4,2146117
18060,2146157,1,2146158
18061,2146286,6,2146292
18062,2146315,3,2146318
18063,2146478,6,2146484
18064,2146770,16,2146786
18065,2146900,1,2146901
18066,2146953,11,2146964
18067,2146988,21,2147009
18068,2147027,46,2147073
18069,2147404,43,2147447
18070,2147655,69,2147724
18071,2147754,37,2147791
18072,2148223,16,2148239
18073,2148432,7,2148439
18074,2148553,51,2148604
18075,2148665,6,2148671
18076,2149041,6,2149047
18077,2149239,33,2149272
18078,2149296,90,2149386
18079,2149445,1,2149446
18080,2149536,10,2149546
18081,2149572,15,2149587
18082,2149709,23,2149732
18083,2149734,6,2149740
18084,2149767,2,2149769
18085,2149908,6,2149914
18086,2150183,11,2150194
18087,2150241,16,2150257
18088,2150519,8,2150527
18089,2150569,11,2150580
18090,2150616,8,2150624
18091,2150770,34,2150804
18092,2150908,12,2150920
18093,2150927,17,2150944
18094,2151139,27,2151166
18095,2151196,22,2151218
18096,2151359,10,2151369
18097,2151525,24,2151549
18098,2152004,13,2152017
18099,2152388,18,2152406
18100,2152409,7,2152416
18101,2152500,29,2152529
18102,2152660,27,2152687
18103,2152695,4,2152699
18104,2152842,62,2152904
18105,2152979,24,2153003
18106,2153169,5,2153174
18107,2153201,27,2153228
18108,2153242,3,2153245
18109,2153316,3,2153319
18110,2153578,71,2153649
18111,2153710,29,2153739
18112,2153765,70,2153835
18113,2153935,37,2153972
18114,2154021,5,2154026
18115,2154032,1,2154033
18116,2154095,39,2154134
18117,2154170,3,2154173
18118,2154313,6,2154319
18119,2154478,9,2154487
18120,2154590,14,2154604
18121,2154631,12,2154643
18122,2154718,1,2154719
18123,2154722,19,2154741
18124,2155100,15,2155115
18125,2155227,4,2155231
18126,2155299,44,2155343
18127,2155417,27,2155444
18128,2155461,29,2155490
18129,2155588,4,2155592
18130,2155639,19,2155658
18131,2155781,2,2155783
18132,2155867,30,2155897
18133,2156065,1,2156066
18134,2156167,11,2156178
18135,2156241,102,2156343
18136,2156383,48,2156431
18137,2156503,72,2156575
18138,2156660,6,2156666
18139,2156681,15,2156696
18140,2156853,29,2156882
18141,2156887,4,2156891
18142,2157296,2,2157298
18143,2157427,54,2157481
18144,2157572,1,2157573
18145,2157665,2,2157667
18146,2157705,32,2157737
18147,2158017,9,2158026
18148,2158113,26,2158139
18149,2158162,4,2158166
18150,2158348,8,2158356
18151,2158428,50,2158478
18152,2158479,15,2158494
18153,2158502,1,2158503
18154,2158634,59,2158693
18155,2158699,11,2158710
18156,2158905,9,2158914
18157,2158939,6,2158945
18158,2158994,24,2159018
18159,2159087,30,2159117
18160,2159125,20,2159145
18161,2159446,14,2159460
18162,2159841,7,2159848
18163,2160056,16,2160072
18164,2160183,4,2160187
18165,2160231,9,2160240
18166,2160397,18,2160415
18167,2160428,4,2160432
18168,2160529,11,2160540
18169,2160599,10,2160609
18170,2160680,1,2160681
18171,2160776,1,2160777
18172,2161011,13,2161024
18173,2161041,26,2161067
18174,2161120,10,2161130
18175,2161171,30,2161201
18176,2161341,4,2161345
18177,2161506,7,2161513
18178,2161856,65,2161921
18179,2161959,3,2161962
18180,2161968,4,2161972
18181,2162236,15,2162251
18182,2162300,1,2162301
18183,2162329,3,2162332
18184,2162383,26,2162409
18185,2162446,1,2162447
18186,2162487,9,2162496
18187,2162610,1,2162611
18188,2162886,3,2162889
18189,2162904,2,2162906
18190,2162910,4,2162914
18191,2162952,11,2162963
18192,2163026,4,2163030
18193,2163340,45,2163385
18194,2163572,13,2163585
18195,2163972,16,2163988
18196,2164119,53,2164172
18197,2164247,26,2164273
18198,2164432,37,2164469
18199,2164484,53,2164537
18200,2164654,47,2164701
18201,2164704,9,2164713
18202,2164838,1,2164839
18203,2164912,9,2164921
18204,2164956,72,2165028
18205,2165032,20,2165052
18206,2165112,66,2165178
18207,2165193,3,2165196
18208,2165216,19,2165235
18209,2165270,33,2165303
18210,2165334,4,2165338
18211,2165384,16,2165400
18212,2165532,4,2165536
18213,2165694,8,2165702
18214,2165733,11,2165744
18215,2165782,14,2165796
18216,2165864,26,2165890
18217,2165947,43,2165990
18218,2166035,40,2166075
18219,2166183,27,2166210
18220,2166323,47,2166370
18221,2166436,1,2166437
18222,2166580,38,2166618
18223,2166658,4,2166662
18224,2166665,42,2166707
18225,2166893,21,2166914
18226,2166967,23,2166990
18227,2167097,33,2167130
18228,2167191,70,2167261
18229,2167307,5,2167312
18230,2167422,1,2167423
18231,2167464,45,2167509
18232,2167604,35,2167639
18233,2167758,5,2167763
18234,2167782,7,2167789
18235,2167804,9,2167813
18236,2167904,1,2167905
18237,2167915,6,2167921
18238,2167951,15,2167966
18239,2167993,21,2168014
18240,2168097,4,2168101
18241,2168106,9,2168115
18242,2168552,11,2168563
18243,2168606,3,2168609
18244,2168671,27,2168698
18245,2168849,12,2168861
18246,2168896,77,2168973
18247,2169044,30,2169074
18248,2169092,21,2169113
18249,2169138,19,2169157
18250,2169497,23,2169520
18251,2169561,17,2169578
18252,2169591,66,2169657
18253,2169659,27,2169686
18254,2169813,7,2169820
18255,2170027,3,2170030
18256,2170049,9,2170058
18257,2170075,18,2170093
18258,2170106,5,2170111
18259,2170180,1,2170181
18260,2170370,2,2170372
18261,2170492,5,2170497
18262,2170521,41,2170562
18263,2170569,22,2170591
18264,2170667,21,2170688
18265,2170820,9,2170829
18266,2170842,43,2170885
18267,2171020,3,2171023
18268,2171066,30,2171096
18269,2171139,31,2171170
18270,2171285,39,2171324
18271,2171494,22,2171516
18272,2171617,11,2171628
18273,2171664,26,2171690
18274,2171818,11,2171829
18275,2171971,57,2172028
18276,2172233,2,2172235
18277,2172272,3,2172275
18278,2172312,21,2172333
18279,2172344,2,2172346
18280,2172353,3,2172356
18281,2172378,13,2172391
18282,2172489,38,2172527
18283,2172657,3,2172660
18284,2172705,16,2172721
18285,2172767,30,2172797
18286,2172851,32,2172883
18287,2172908,10,2172918
18288,2172959,24,2172983
18289,2173108,7,2173115
18290,2173157,7,2173164
18291,2173237,6,2173243
18292,2173470,2,2173472
18293,2173680,43,2173723
18294,2173787,2,2173789
18295,2173958,1,2173959
18296,2173972,50,2174022
18297,2174156,30,2174186
18298,2174336,33,2174369
18299,2174392,1,2174393
18300,2174716,4,2174720
18301,2174723,23,2174746
18302,2174829,7,2174836
18303,2175088,1,2175089
18304,2175094,27,2175121
18305,2175130,15,2175145
18306,2175288,1,2175289
18307,2175359,7,2175366
18308,2175483,1,2175484
18309,2175534,2,2175536
18310,2175575,16,2175591
18311,2175789,6,2175795
18312,2175844,4,2175848
18313,2176115,31,2176146
18314,2176228,49,2176277
18315,2176538,40,2176578
18316,2176608,9,2176617
18317,2176712,16,2176728
18318,2176762,33,2176795
18319,2176849,10,2176859
18320,2177053,13,2177066
18321,2177205,36,2177241
18322,2177367,12,2177379
18323,2177393,42,2177435
18324,2177633,33,2177666
18325,2177668,16,2177684
18326,2177691,26,2177717
18327,2177851,45,2177896
18328,2178164,16,2178180
18329,2178277,9,2178286
18330,2178396,31,2178427
18331,2178537,7,2178544
18332,2178545,6,2178551
18333,2178971,44,2179015
18334,2179070,28,2179098
18335,2179157,6,2179163
18336,2179337,9,2179346
18337,2179393,8,2179401
18338,2179696,10,2179706
18339,2179761,39,2179800
18340,2180101,22,2180123
18341,2180214,63,2180277
18342,2180290,42,2180332
18343,2180338,2,2180340
18344,2180478,23,2180501
18345,2180679,10,2180689
18346,2181004,9,2181013
18347,2181019,5,2181024
18348,2181134,22,2181156
18349,2181159,40,2181199
18350,2181290,41,2181331
18351,2181535,28,2181563
18352,2181683,20,2181703
18353,2181813,116,2181929
18354,2182265,17,2182282
18355,2182361,7,2182368
18356,2182413,25,2182438
18357,2182514,26,2182540
18358,2182543,4,2182547
18359,2182557,39,2182596
18360,2182622,4,2182626
18361,2182634,26,2182660
18362,2182703,39,2182742
18363,2182751,15,2182766
18364,2182835,46,2182881
18365,2182936,6,2182942
18366,2183068,25,2183093
18367,2183111,24,2183135
18368,2183194,9,2183203
18369,2183362,25,2183387
18370,2183389,9,2183398
18371,2183534,21,2183555
18372,2183654,3,2183657
18373,2183667,5,2183672
18374,2183754,24,2183778
18375,2183803,11,2183814
18376,2184246,1,2184247
18377,2184497,8,2184505
18378,2184532,16,2184548
18379,2184625,15,2184640
18380,2184723,6,2184729
18381,2185139,4,2185143
18382,2185260,6,2185266
18383,2185318,28,2185346
18384,2185436,107,2185543
18385,2185822,39,2185861
18386,2185931,46,2185977
18387,2186162,3,2186165
18388,2186390,3,2186393
18389,2186398,2,2186400
18390,2186525,12,2186537
18391,2186566,24,2186590
18392,2186653,4,2186657
18393,2186910,12,2186922
18394,2187011,2,2187013
18395,2187108,30,2187138
18396,2187457,31,2187488
18397,2187513,16,2187529
18398,2187581,2,2187583
18399,2187690,7,2187697
18400,2187798,1,2187799
18401,2188341,2,2188343
18402,2188347,7,2188354
18403,2188516,57,2188573
18404,2188606,34,2188640
18405,2188690,49,2188739
18406,2188950,2,2188952
18407,2189073,11,2189084
18408,2189179,3,2189182
18409,2189193,45,2189238
18410,2189280,11,2189291
18411,2189355,3,2189358
18412,2189373,8,2189381
18413,2189776,26,2189802
18414,2190038,7,2190045
18415,2190099,2,2190101
18416,2190179,4,2190183
18417,2190242,16,2190258
18418,2190274,13,2190287
18419,2190382,23,2190405
18420,2190571,8,2190579
18421,2190593,16,2190609
18422,2190618,4,2190622
18423,2190633,81,2190714
18424,2190719,38,2190757
18425,2190820,17,2190837
18426,2190859,7,2190866
18427,2190930,34,2190964
18428,2191039,4,2191043
18429,2191242,18,2191260
18430,2191287,51,2191338
18431,2191606,1,2191607
18432,2191925,15,2191940
18433,2191966,56,2192022
18434,2192158,8,2192166
18435,2192175,11,2192186
18436,2192288,48,2192336
18437,2192466,1,2192467
18438,2192511,7,2192518
18439,2192573,14,2192587
18440,2192620,26,2192646
18441,2192647,15,2192662
18442,2192692,1,2192693
18443,2192827,37,2192864
18444,2193153,10,2193163
18445,2193298,6,2193304
18446,2193333,38,2193371
18447,2193551,5,2193556
18448,2193617,16,2193633
18449,2193679,20,2193699
18450,2194513,40,2194553
18451,2194769,26,2194795
18452,2194862,8,2194870
18453,2194946,9,2194955
18454,2195054,8,2195062
18455,2195151,5,2195156
18456,2195562,32,2195594
18457,2195740,3,2195743
18458,2195745,1,2195746
18459,2195797,15,2195812
18460,2196109,30,2196139
18461,2196254,2,2196256
18462,2196270,8,2196278
18463,2196279,5,2196284
18464,2196315,5,2196320
18465,2196405,45,2196450
18466,2196810,4,2196814
18467,2196820,1,2196821
18468,2196822,1,2196823
18469,2196950,9,2196959
18470,2197019,12,2197031
18471,2197033,54,2197087
18472,2197091,12,2197103
18473,2197153,22,2197175
18474,2197220,16,2197236
18475,2197253,6,2197259
18476,2197313,39,2197352
18477,2197391,14,2197405
18478,2197523,37,2197560
18479,2198121,4,2198125
18480,2198206,6,2198212
18481,2198333,6,2198339
18482,2198373,9,2198382
18483,2198385,13,2198398
18484,2198456,4,2198460
18485,2198466,1,2198467
18486,2198914,11,2198925
18487,2199076,6,2199082
18488,2199190,12,2199202
18489,2199317,32,2199349
18490,2199453,2,2199455
18491,2199496,23,2199519
18492,2199531,1,2199532
18493,2199541,62,2199603
18494,2199622,8,2199630
18495,2199698,35,2199733
18496,2199820,26,2199846
18497,2199862,48,2199910
18498,2199973,21,2199994
18499,2200095,5,2200100
18500,2200103,41,2200144
18501,2200301,10,2200311
18502,2200365,22,2200387
18503,2200391,39,2200430
18504,2200903,20,2200923
18505,2200946,93,2201039
18506,2201071,4,2201075
18507,2201159,17,2201176
18508,2201234,7,2201241
18509,2201496,3,2201499
18510,2201864,76,2201940
18511,2202042,15,2202057
18512,2202087,10,2202097
18513,2202144,67,2202211
18514,2202277,8,2202285
18515,2202308,25,2202333
18516,2202355,27,2202382
18517,2202495,3,2202498
18518,2202700,25,2202725
18519,2202836,57,2202893
18520,2202895,10,2202905
18521,2203111,8,2203119
18522,2203189,32,2203221
18523,2203323,12,2203335
18524,2203347,1,2203348
18525,2203495,17,2203512
18526,2203632,5,2203637
18527,2203949,36,2203985
18528,2203994,21,2204015
18529,2204038,26,2204064
18530,2204123,36,2204159
18531,2204267,12,2204279
18532,2204365,12,2204377
18533,2204396,26,2204422
18534,2204458,19,2204477
18535,2204502,10,2204512
18536,2204548,16,2204564
18537,2204784,28,2204812
18538,2204848,42,2204890
18539,2204911,11,2204922
18540,2204993,54,2205047
18541,2205082,13,2205095
18542,2205176,15,2205191
18543,2205278,54,2205332
18544,2205431,3,2205434
18545,2205437,9,2205446
18546,2205464,52,2205516
18547,2205571,9,2205580
18548,2205759,29,2205788
18549,2206141,69,2206210
18550,2206278,5,2206283
18551,2206293,3,2206296
18552,2206340,43,2206383
18553,2206445,71,2206516
18554,2206662,19,2206681
18555,2206723,22,2206745
18556,2206840,22,2206862
18557,2207012,43,2207055
18558,2207083,1,2207084
18559,2207173,18,2207191
18560,2207234,16,2207250
18561,2207311,3,2207314
18562,2207363,4,2207367
18563,2207473,49,2207522
18564,2207733,13,2207746
18565,2207923,22,2207945
18566,2208013,11,2208024
18567,2208030,10,2208040
18568,2208056,30,2208086
18569,2208265,25,2208290
18570,2208356,6,2208362
18571,2208369,19,2208388
18572,2208406,41,2208447
18573,2208688,6,2208694
18574,2208782,32,2208814
18575,2208922,3,2208925
18576,2208926,3,2208929
18577,2209138,1,2209139
18578,2209491,9,2209500
18579,2209566,34,2209600
18580,2209648,4,2209652
18581,2209792,7,2209799
18582,2209922,4,2209926
18583,2209937,2,2209939
18584,2209980,10,2209990
18585,2210274,2,2210276
18586,2210374,5,2210379
18587,2210444,40,2210484
18588,2210575,32,2210607
18589,2210729,33,2210762
18590,2211220,3,2211223
18591,2211320,18,2211338
18592,2211374,23,2211397
18593,2211399,6,2211405
18594,2211605,4,2211609
18595,2211698,53,2211751
18596,2211793,48,2211841
18597,2211943,18,2211961
18598,2211967,40,2212007
18599,2212052,59,2212111
18600,2212147,57,2212204
18601,2212265,7,2212272
18602,2212428,62,2212490
18603,2212585,24,2212609
18604,2212665,21,2212686
18605,2213082,14,2213096
18606,2213218,4,2213222
18607,2213266,50,2213316
18608,2213392,11,2213403
18609,2213574,65,2213639
18610,2213665,15,2213680
18611,2213707,47,2213754
18612,2213774,1,2213775
18613,2213815,5,2213820
18614,2213898,52,2213950
18615,2214037,16,2214053
18616,2214074,5,2214079
18617,2214089,1,2214090
18618,2214133,2,2214135
18619,2214157,20,2214177
18620,2214392,7,2214399
18621,2214549,4,2214553
18622,2214574,27,2214601
18623,2214683,80,2214763
18624,2214817,36,2214853
18625,2214973,41,2215014
18626,2215071,12,2215083
18627,2215266,1,2215267
18628,2215503,5,2215508
18629,2215726,17,2215743
18630,2216226,11,2216237
18631,2216338,14,2216352
18632,2216380,13,2216393
18633,2216821,12,2216833
18634,2217015,19,2217034
18635,2217188,24,2217212
18636,2217263,75,2217338
18637,2217406,54,2217460
18638,2217475,131,2217606
18639,2217830,6,2217836
18640,2217873,43,2217916
18641,2217970,11,2217981
18642,2218158,24,2218182
18643,2218357,8,2218365
18644,2218467,37,2218504
18645,2218547,3,2218550
18646,2218700,6,2218706
18647,2218989,2,2218991
18648,2219022,15,2219037
18649,2219132,3,2219135
18650,2219137,1,2219138
18651,2219171,12,2219183
18652,2219304,11,2219315
18653,2219351,10,2219361
18654,2219382,23,2219405
18655,2219563,3,2219566
18656,2219634,66,2219700
18657,2220023,3,2220026
18658,2220029,46,2220075
18659,2220221,38,2220259
18660,2220358,3,2220361
18661,2220372,23,2220395
18662,2220469,1,2220470
18663,2220517,3,2220520
18664,2220524,14,2220538
18665,2220637,24,2220661
18666,2220849,22,2220871
18667,2220904,12,2220916
18668,2220930,11,2220941
18669,2221154,43,2221197
18670,2221236,6,2221242
18671,2221353,42,2221395
18672,2222081,1,2222082
18673,2222206,49,2222255
18674,2222283,6,2222289
18675,2222508,31,2222539
18676,2222630,14,2222644
18677,2222690,162,2222852
18678,2223128,25,2223153
18679,2223393,2,2223395
18680,2223465,3,2223468
18681,2223721,11,2223732
18682,2223738,24,2223762
18683,2224332,11,2224343
18684,2224369,3,2224372
18685,2224458,12,2224470
18686,2224512,10,2224522
18687,2224550,9,2224559
18688,2224563,32,2224595
18689,2224640,50,2224690
18690,2224741,5,2224746
18691,2224794,27,2224821
18692,2225092,39,2225131
18693,2225154,36,2225190
18694,2225207,7,2225214
18695,2225246,13,2225259
18696,2225286,1,2225287
18697,2225325,33,2225358
18698,2225440,47,2225487
18699,2225658,34,2225692
18700,2225910,9,2225919
18701,2225922,1,2225923
18702,2226043,1,2226044
18703,2226172,3,2226175
18704,2226194,29,2226223
18705,2226370,17,2226387
18706,2226619,56,2226675
18707,2226907,11,2226918
18708,2226936,2,2226938
18709,2227178,2,2227180
18710,2227187,17,2227204
18711,2227391,33,2227424
18712,2227792,4,2227796
18713,2227899,19,2227918
18714,2228070,88,2228158
18715,2228328,82,2228410
18716,2228508,76,2228584
18717,2228732,50,2228782
18718,2228834,33,2228867
18719,2228904,11,2228915
18720,2229014,10,2229024
18721,2229126,22,2229148
18722,2229189,20,2229209
18723,2229239,12,2229251
18724,2229366,10,2229376
18725,2229471,6,2229477
18726,2229488,4,2229492
18727,2229687,67,2229754
18728,2229900,6,2229906
18729,2230081,47,2230128
18730,2230346,4,2230350
18731,2230380,9,2230389
18732,2230620,28,2230648
18733,2230661,26,2230687
18734,2230739,38,2230777
18735,2230858,4,2230862
18736,2230915,23,2230938
18737,2230983,48,2231031
18738,2231065,12,2231077
18739,2231096,15,2231111
18740,2231141,22,2231163
18741,2231358,17,2231375
18742,2231405,19,2231424
18743,2231516,23,2231539
18744,2231752,20,2231772
18745,2231803,42,2231845
18746,2231864,9,2231873
18747,2231918,6,2231924
18748,2231971,2,2231973
18749,2232013,1,2232014
18750,2232360,42,2232402
18751,2232412,5,2232417
18752,2232491,75,2232566
18753,2232593,21,2232614
18754,2232761,23,2232784
18755,2232824,21,2232845
18756,2232958,25,2232983
18757,2233029,1,2233030
18758,2233074,6,2233080
18759,2233088,35,2233123
18760,2233329,34,2233363
18761,2233677,44,2233721
18762,2233785,53,2233838
18763,2233952,16,2233968
18764,2234185,3,2234188
18765,2234373,19,2234392
18766,2234483,7,2234490
18767,2234534,12,2234546
18768,2234667,61,2234728
18769,2235020,8,2235028
18770,2235039,5,2235044
18771,2235060,61,2235121
18772,2235149,6,2235155
18773,2235201,16,2235217
18774,2235239,6,2235245
18775,2235291,38,2235329
18776,2235490,32,2235522
18777,2235535,31,2235566
18778,2235623,5,2235628
18779,2235716,2,2235718
18780,2235728,91,2235819
18781,2236084,8,2236092
18782,2236238,68,2236306
18783,2236323,10,2236333
18784,2236342,13,2236355
18785,2236403,20,2236423
18786,2236456,33,2236489
18787,2236555,77,2236632
18788,2236796,5,2236801
18789,2236808,15,2236823
18790,2237006,13,2237019
18791,2237072,4,2237076
18792,2237157,2,2237159
18793,2237719,14,2237733
18794,2237897,5,2237902
18795,2237942,21,2237963
18796,2238130,14,2238144
18797,2238193,2,2238195
18798,2238207,27,2238234
18799,2238417,8,2238425
18800,2238544,1,2238545
18801,2238788,8,2238796
18802,2238829,13,2238842
18803,2238875,21,2238896
18804,2239308,24,2239332
18805,2239333,74,2239407
18806,2239678,7,2239685
18807,2239715,8,2239723
18808,2239811,7,2239818
18809,2239895,29,2239924
18810,2240235,13,2240248
18811,2240384,5,2240389
18812,2240506,53,2240559
18813,2240618,4,2240622
18814,2240647,29,2240676
18815,2240746,14,2240760
18816,2240817,12,2240829
18817,2240847,4,2240851
18818,2241605,11,2241616
18819,2241637,21,2241658
18820,2241745,23,2241768
18821,2242369,15,2242384
18822,2242433,16,2242449
18823,2242955,3,2242958
18824,2242989,11,2243000
18825,2243322,2,2243324
18826,2243355,12,2243367
18827,2243396,3,2243399
18828,2243490,6,2243496
18829,2243499,11,2243510
18830,2243524,9,2243533
18831,2243786,6,2243792
18832,2243814,12,2243826
18833,2244172,19,2244191
18834,2244201,95,2244296
18835,2244301,45,2244346
18836,2244575,8,2244583
18837,2244610,6,2244616
18838,2244700,8,2244708
18839,2244790,33,2244823
18840,2245027,11,2245038
18841,2245047,21,2245068
18842,2245511,27,2245538
18843,2245572,17,2245589
18844,2245627,24,2245651
18845,2245711,4,2245715
18846,2245731,22,2245753
18847,2245905,17,2245922
18848,2245944,14,2245958
18849,2246008,46,2246054
18850,2246073,5,2246078
18851,2246202,23,2246225
18852,2246261,10,2246271
18853,2246358,4,2246362
18854,2246379,4,2246383
18855,2246409,17,2246426
18856,2246530,7,2246537
18857,2246546,1,2246547
18858,2246609,16,2246625
18859,2246849,47,2246896
18860,2247214,43,2247257
18861,2247285,23,2247308
18862,2247389,17,2247406
18863,2247434,8,2247442
18864,2247459,6,2247465
18865,2247742,3,2247745
18866,2247808,29,2247837
18867,2247881,7,2247888
18868,2247967,30,2247997
18869,2248017,39,2248056
18870,2248114,1,2248115
18871,2248141,24,2248165
18872,2248247,17,2248264
18873,2248304,12,2248316
18874,2248336,24,2248360
18875,2248366,15,2248381
18876,2248399,22,2248421
18877,2248504,25,2248529
18878,2248597,41,2248638
18879,2248661,6,2248667
18880,2248773,10,2248783
18881,2248831,20,2248851
18882,2248955,24,2248979
18883,2248996,2,2248998
18884,2249110,1,2249111
18885,2249146,4,2249150
18886,2249219,28,2249247
18887,2249294,51,2249345
18888,2249346,59,2249405
18889,2249439,17,2249456
18890,2249545,5,2249550
18891,2249812,29,2249841
18892,2249860,3,2249863
18893,2250484,43,2250527
18894,2250917,23,2250940
18895,2250989,16,2251005
18896,2251051,21,2251072
18897,2251178,36,2251214
18898,2251263,2,2251265
18899,2251298,32,2251330
18900,2251383,5,2251388
18901,2251424,20,2251444
18902,2251777,63,2251840
18903,2251875,8,2251883
18904,2252040,1,2252041
18905,2252050,3,2252053
18906,2252068,10,2252078
18907,2252099,18,2252117
18908,2252155,10,2252165
18909,2252439,22,2252461
18910,2252594,6,2252600
18911,2252615,7,2252622
18912,2252626,68,2252694
18913,2252736,41,2252777
18914,2252884,12,2252896
18915,2253052,7,2253059
18916,2253122,13,2253135
18917,2253180,35,2253215
18918,2253337,34,2253371
18919,2253491,6,2253497
18920,2253662,74,2253736
18921,2253814,27,2253841
18922,2253879,21,2253900
18923,2253909,12,2253921
18924,2253985,27,2254012
18925,2254022,1,2254023
18926,2254115,7,2254122
18927,2254299,2,2254301
18928,2254345,1,2254346
18929,2254396,8,2254404
18930,2254854,12,2254866
18931,2255075,42,2255117
18932,2255211,41,2255252
18933,2255529,15,2255544
18934,2255605,15,2255620
18935,2255933,14,2255947
18936,2255955,12,2255967
18937,2256059,46,2256105
18938,2256268,15,2256283
18939,2256346,43,2256389
18940,2256481,71,2256552
18941,2256990,12,2257002
18942,2257291,28,2257319
18943,2257452,4,2257456
18944,2257475,2,2257477
18945,2257525,2,2257527
18946,2257552,17,2257569
18947,2257703,8,2257711
18948,2257848,72,2257920
18949,2258028,38,2258066
18950,2258078,30,2258108
18951,2258168,2,2258170
18952,2258218,3,2258221
18953,2258270,8,2258278
18954,2258283,1,2258284
18955,2258351,15,2258366
18956,2258514,12,2258526
18957,2258615,30,2258645
18958,2258715,10,2258725
18959,2258790,10,2258800
18960,2258847,29,2258876
18961,2259060,64,2259124
18962,2259271,1,2259272
18963,2259292,29,2259321
18964,2259360,18,2259378
18965,2259447,7,2259454
18966,2259491,4,2259495
18967,2259535,34,2259569
18968,2259581,4,2259585
18969,2259971,39,2260010
18970,2260121,7,2260128
18971,2260214,21,2260235
18972,2260381,33,2260414
18973,2260475,1,2260476
18974,2260522,33,2260555
18975,2260822,14,2260836
18976,2260923,2,2260925
18977,2261014,60,2261074
18978,2261183,52,2261235
18979,2261775,19,2261794
18980,2261860,13,2261873
18981,2262052,8,2262060
18982,2262347,5,2262352
18983,2262454,1,2262455
18984,2262615,46,2262661
18985,2262780,32,2262812
18986,2262818,10,2262828
18987,2262891,9,2262900
18988,2262947,17,2262964
18989,2263231,3,2263234
18990,2263298,13,2263311
18991,2263371,21,2263392
18992,2263436,12,2263448
18993,2263595,24,2263619
18994,2263669,51,2263720
18995,2263766,17,2263783
18996,2263898,22,2263920
18997,2263922,29,2263951
18998,2264118,12,2264130
18999,2264172,26,2264198
19000,2264231,7,2264238
19001,2264332,2,2264334
19002,2265095,16,2265111
19003,2265257,3,2265260
19004,2265271,6,2265277
19005,2265278,2,2265280
19006,2265470,37,2265507
19007,2265534,1,2265535
19008,2265692,3,2265695
19009,2265766,13,2265779
19010,2265869,8,2265877
19011,2265992,8,2266000
19012,2266034,10,2266044
19013,2266046,4,2266050
19014,2266478,70,2266548
19015,2266625,6,2266631
19016,2266640,8,2266648
19017,2266683,13,2266696
19018,2266827,24,2266851
19019,2267024,13,2267037
19020,2267100,20,2267120
19021,2267144,22,2267166
19022,2267234,15,2267249
19023,2267834,11,2267845
19024,2268001,19,2268020
19025,2268023,20,2268043
19026,2268223,60,2268283
19027,2268322,18,2268340
19028,2268491,5,2268496
19029,2268610,3,2268613
19030,2268826,10,2268836
19031,2268850,21,2268871
19032,2268983,4,2268987
19033,2269019,24,2269043
19034,2269101,112,2269213
19035,2269356,34,2269390
19036,2269435,8,2269443
19037,2269639,26,2269665
19038,2269957,1,2269958
19039,2269996,33,2270029
19040,2270040,35,2270075
19041,2270077,16,2270093
19042,2270160,18,2270178
19043,2270415,15,2270430
19044,2270483,49,2270532
19045,2270658,82,2270740
19046,2270942,15,2270957
19047,2270969,22,2270991
19048,2271193,60,2271253
19049,2271607,19,2271626
19050,2271636,2,2271638
19051,2271678,6,2271684
19052,2271772,23,2271795
19053,2271987,6,2271993
19054,2272000,46,2272046
19055,2272191,3,2272194
19056,2272295,2,2272297
19057,2272373,35,2272408
19058,2272424,43,2272467
19059,2272676,22,2272698
19060,2273013,2,2273015
19061,2273161,15,2273176
19062,2273195,41,2273236
19063,2273296,14,2273310
19064,2273351,1,2273352
19065,2273565,20,2273585
19066,2273599,14,2273613
19067,2273777,8,2273785
19068,2273816,24,2273840
19069,2273901,47,2273948
19070,2273970,9,2273979
19071,2274138,13,2274151
19072,2274168,7,2274175
19073,2274364,38,2274402
19074,2274416,9,2274425
19075,2274732,7,2274739
19076,2274771,13,2274784
19077,2274977,1,2274978
19078,2275250,6,2275256
19079,2275444,6,2275450
19080,2275719,11,2275730
19081,2275947,1,2275948
19082,2276032,42,2276074
19083,2276090,20,2276110
19084,2276152,17,2276169
19085,2276206,10,2276216
19086,2276220,2,2276222
19087,2276319,44,2276363
19088,2276426,10,2276436
19089,2276575,11,2276586
19090,2276608,2,2276610
19091,2276636,3,2276639
19092,2276745,18,2276763
19093,2276823,1,2276824
19094,2277194,15,2277209
19095,2277213,26,2277239
19096,2277430,47,2277477
19097,2277531,14,2277545
19098,2277578,11,2277589
19099,2277612,68,2277680
19100,2277725,2,2277727
19101,2277744,21,2277765
19102,2277867,11,2277878
19103,2278037,14,2278051
19104,2278118,12,2278130
19105,2278266,15,2278281
19106,2278366,34,2278400
19107,2278523,51,2278574
19108,2278658,2,2278660
19109,2278717,10,2278727
19110,2278780,3,2278783
19111,2278847,22,2278869
19112,2278895,23,2278918
19113,2278980,13,2278993
19114,2279119,5,2279124
19115,2279274,31,2279305
19116,2279562,3,2279565
19117,2279633,15,2279648
19118,2279731,1,2279732
19119,2279747,79,2279826
19120,2279858,1,2279859
19121,2279864,4,2279868
19122,2279970,18,2279988
19123,2280302,12,2280314
19124,2280377,29,2280406
19125,2280503,76,2280579
19126,2280618,7,2280625
19127,2280643,28,2280671
19128,2280760,1,2280761
19129,2280962,20,2280982
19130,2281109,1,2281110
19131,2281280,14,2281294
19132,2281317,2,2281319
19133,2281431,4,2281435
19134,2281658,82,2281740
19135,2281745,16,2281761
19136,2281831,27,2281858
19137,2281907,12,2281919
19138,2282042,91,2282133
19139,2282200,38,2282238
19140,2282394,1,2282395
19141,2282498,13,2282511
19142,2282582,4,2282586
19143,2282675,8,2282683
19144,2282785,4,2282789
19145,2282829,18,2282847
19146,2282897,45,2282942
19147,2283033,30,2283063
19148,2283381,6,2283387
19149,2283425,1,2283426
19150,2283517,21,2283538
19151,2283561,4,2283565
19152,2283601,32,2283633
19153,2283837,12,2283849
19154,2283909,25,2283934
19155,2284026,22,2284048
19156,2284178,11,2284189
19157,2284245,1,2284246
19158,2284364,20,2284384
19159,2284489,46,2284535
19160,2284620,8,2284628
19161,2284674,76,2284750
19162,2284784,2,2284786
19163,2284841,2,2284843
19164,2284887,12,2284899
19165,2284995,10,2285005
19166,2285130,1,2285131
19167,2285434,40,2285474
19168,2285522,44,2285566
19169,2285585,7,2285592
19170,2285779,52,2285831
19171,2285839,17,2285856
19172,2285868,23,2285891
19173,2286071,29,2286100
19174,2286265,35,2286300
19175,2286316,16,2286332
19176,2286422,29,2286451
19177,2286511,30,2286541
19178,2286543,19,2286562
19179,2286593,2,2286595
19180,2286620,67,2286687
19181,2286705,11,2286716
19182,2286778,2,2286780
19183,2286844,26,2286870
19184,2287207,25,2287232
19185,2287250,47,2287297
19186,2287381,51,2287432
19187,2287501,2,2287503
19188,2287727,41,2287768
19189,2287769,7,2287776
19190,2287801,26,2287827
19191,2287868,8,2287876
19192,2288026,42,2288068
19193,2288307,22,2288329
19194,2288500,8,2288508
19195,2288511,4,2288515
19196,2288555,16,2288571
19197,2288743,29,2288772
19198,2288776,9,2288785
19199,2288859,23,2288882
19200,2288911,40,2288951
19201,2288957,7,2288964
19202,2289080,7,2289087
19203,2289180,28,2289208
19204,2289246,73,2289319
19205,2289477,10,2289487
19206,2289501,48,2289549
19207,2289829,1,2289830
19208,2289998,1,2289999
19209,2290055,7,2290062
19210,2290079,63,2290142
19211,2290250,26,2290276
19212,2290318,27,2290345
19213,2290368,5,2290373
19214,2290412,6,2290418
19215,2290509,7,2290516
19216,2290569,9,2290578
19217,2290585,42,2290627
19218,2290754,19,2290773
19219,2290865,53,2290918
19220,2291058,34,2291092
19221,2291387,23,2291410
19222,2291426,71,2291497
19223,2291505,12,2291517
19224,2291586,22,2291608
19225,2291614,5,2291619
19226,2291749,5,2291754
19227,2291823,24,2291847
19228,2291953,5,2291958
19229,2292072,56,2292128
19230,2292166,15,2292181
19231,2292460,26,2292486
19232,2292512,1,2292513
19233,2292618,2,2292620
19234,2292632,9,2292641
19235,2293229,6,2293235
19236,2293264,14,2293278
19237,2293442,75,2293517
19238,2293692,5,2293697
19239,2293790,3,2293793
19240,2294005,28,2294033
19241,2294150,17,2294167
19242,2294202,16,2294218
19243,2294239,3,2294242
19244,2294459,4,2294463
19245,2294645,2,2294647
19246,2294777,11,2294788
19247,2294851,6,2294857
19248,2294923,11,2294934
19249,2294940,14,2294954
19250,2295080,6,2295086
19251,2295575,6,2295581
19252,2295633,2,2295635
19253,2295670,7,2295677
19254,2295686,8,2295694
19255,2295766,24,2295790
19256,2295994,9,2296003
19257,2296026,3,2296029
19258,2296043,2,2296045
19259,2296084,87,2296171
19260,2296199,15,2296214
19261,2296254,8,2296262
19262,2296298,14,2296312
19263,2296387,31,2296418
19264,2296442,29,2296471
19265,2296508,15,2296523
19266,2296560,5,2296565
19267,2296570,2,2296572
19268,2296871,4,2296875
19269,2296903,32,2296935
19270,2296983,21,2297004
19271,2297128,9,2297137
19272,2297247,50,2297297
19273,2297473,7,2297480
19274,2297679,10,2297689
19275,2297700,4,2297704
19276,2297847,9,2297856
19277,2297859,10,2297869
19278,2297973,16,2297989
19279,2298074,3,2298077
19280,2298260,38,2298298
19281,2298321,30,2298351
19282,2298514,25,2298539
19283,2298562,1,2298563
19284,2298617,36,2298653
19285,2298710,78,2298788
19286,2298901,26,2298927
19287,2298994,13,2299007
19288,2299035,17,2299052
19289,2299067,41,2299108
19290,2299153,75,2299228
19291,2299246,9,2299255
19292,2299256,19,2299275
19293,2299322,9,2299331
19294,2299402,7,2299409
19295,2299456,38,2299494
19296,2299541,30,2299571
19297,2300090,9,2300099
19298,2300196,17,2300213
19299,2300246,24,2300270
19300,2300328,10,2300338
19301,2300381,27,2300408
19302,2300655,9,2300664
19303,2300683,2,2300685
19304,2300922,13,2300935
19305,2300948,27,2300975
19306,2301022,48,2301070
19307,2301323,36,2301359
19308,2301660,44,2301704
19309,2301721,19,2301740
19310,2301833,30,2301863
19311,2302019,26,2302045
19312,2302093,70,2302163
19313,2302171,5,2302176
19314,2302302,8,2302310
19315,2302312,39,2302351
19316,2302734,3,2302737
19317,2302864,2,2302866
19318,2302957,3,2302960
19319,2303044,13,2303057
19320,2303119,1,2303120
19321,2303187,14,2303201
19322,2303312,14,2303326
19323,2303338,32,2303370
19324,2303405,4,2303409
19325,2303493,10,2303503
19326,2303523,6,2303529
19327,2303537,23,2303560
19328,2303736,15,2303751
19329,2303853,4,2303857
19330,2303900,7,2303907
19331,2304015,11,2304026
19332,2304030,5,2304035
19333,2304113,6,2304119
19334,2304166,8,2304174
19335,2304311,21,2304332
19336,2304335,23,2304358
19337,2304389,8,2304397
19338,2304407,14,2304421
19339,2304546,21,2304567
19340,2304596,5,2304601
19341,2304777,11,2304788
19342,2305098,43,2305141
19343,2305235,10,2305245
19344,2305258,26,2305284
19345,2305354,13,2305367
19346,2305450,8,2305458
19347,2305519,18,2305537
19348,2305611,12,2305623
19349,2305675,2,2305677
19350,2305777,11,2305788
19351,2305813,1,2305814
19352,2305850,1,2305851
19353,2305953,8,2305961
19354,2306089,7,2306096
19355,2306212,4,2306216
19356,2306465,44,2306509
19357,2306540,21,2306561
19358,2306616,37,2306653
19359,2306670,2,2306672
19360,2306904,5,2306909
19361,2307060,11,2307071
19362,2307155,2,2307157
19363,2307393,22,2307415
19364,2307567,9,2307576
19365,2307804,4,2307808
19366,2308023,31,2308054
19367,2308153,40,2308193
19368,2308220,29,2308249
19369,2308409,50,2308459
19370,2308602,9,2308611
19371,2308706,9,2308715
19372,2308784,4,2308788
19373,2308817,12,2308829
19374,2308858,5,2308863
19375,2308872,18,2308890
19376,2308941,8,2308949
19377,2309020,33,2309053
19378,2309059,33,2309092
19379,2309112,4,2309116
19380,2309224,1,2309225
19381,2309283,33,2309316
19382,2309344,5,2309349
19383,2309738,11,2309749
19384,2309768,43,2309811
19385,2309927,26,2309953
19386,2309960,27,2309987
19387,2310136,25,2310161
19388,2310196,15,2310211
19389,2310623,48,2310671
19390,2310822,2,2310824
19391,2310874,34,2310908
19392,2310909,13,2310922
19393,2310947,9,2310956
19394,2311038,17,2311055
19395,2311078,14,2311092
19396,2311216,19,2311235
19397,2311242,18,2311260
19398,2311459,56,2311515
19399,2311606,1,2311607
19400,2311657,20,2311677
19401,2311720,17,2311737
19402,2311746,94,2311840
19403,2311843,10,2311853
19404,2311882,1,2311883
19405,2312133,25,2312158
19406,2312325,28,2312353
19407,2312391,45,2312436
19408,2312462,23,2312485
19409,2312777,23,2312800
19410,2312856,86,2312942
19411,2313017,15,2313032
19412,2313171,27,2313198
19413,2313270,8,2313278
19414,2313503,16,2313519
19415,2313851,22,2313873
19416,2313895,32,2313927
19417,2314004,34,2314038
19418,2314053,26,2314079
19419,2314141,6,2314147
19420,2314297,38,2314335
19421,2314515,26,2314541
19422,2314569,10,2314579
19423,2314935,53,2314988
19424,2315208,36,2315244
19425,2315320,56,2315376
19426,2315437,15,2315452
19427,2315563,23,2315586
19428,2315857,2,2315859
19429,2315865,54,2315919
19430,2315948,10,2315958
19431,2316262,24,2316286
19432,2316397,22,2316419
19433,2316513,11,2316524
19434,2316618,26,2316644
19435,2316704,19,2316723
19436,2316773,2,2316775
19437,2316822,24,2316846
19438,2316887,32,2316919
19439,2317019,14,2317033
19440,2317143,11,2317154
19441,2317201,90,2317291
19442,2317429,1,2317430
19443,2317473,16,2317489
19444,2317492,2,2317494
19445,2317513,16,2317529
19446,2317694,29,2317723
19447,2317796,10,2317806
19448,2317867,14,2317881
19449,2317986,28,2318014
19450,2318031,6,2318037
19451,2318080,17,2318097
19452,2318117,48,2318165
19453,2318255,20,2318275
19454,2318424,51,2318475
19455,2318518,7,2318525
19456,2318810,37,2318847
19457,2318927,52,2318979
19458,2319093,9,2319102
19459,2319189,7,2319196
19460,2319562,14,2319576
19461,2319641,59,2319700
19462,2319939,18,2319957
19463,2319965,79,2320044
19464,2320179,3,2320182
19465,2320220,43,2320263
19466,2320290,7,2320297
19467,2320319,25,2320344
19468,2320431,5,2320436
19469,2320482,3,2320485
19470,2320494,37,2320531
19471,2320556,18,2320574
19472,2320607,24,2320631
19473,2320832,31,2320863
19474,2320864,25,2320889
19475,2320952,37,2320989
19476,2321132,10,2321142
19477,2321148,33,2321181
19478,2321220,10,2321230
19479,2321334,7,2321341
19480,2321455,17,2321472
19481,2321500,22,2321522
19482,2321729,8,2321737
19483,2321837,4,2321841
19484,2322261,14,2322275
19485,2322380,9,2322389
19486,2322411,9,2322420
19487,2322460,48,2322508
19488,2322562,5,2322567
19489,2322915,3,2322918
19490,2323060,9,2323069
19491,2323088,39,2323127
19492,2323205,12,2323217
19493,2323242,12,2323254
19494,2323400,3,2323403
19495,2323530,1,2323531
19496,2323832,26,2323858
19497,2323937,37,2323974
19498,2324008,55,2324063
19499,2324075,11,2324086
19500,2324356,11,2324367
19501,2324467,2,2324469
19502,2324560,15,2324575
19503,2324660,27,2324687
19504,2324703,35,2324738
19505,2324950,30,2324980
19506,2325244,5,2325249
19507,2325269,3,2325272
19508,2325279,10,2325289
19509,2325405,6,2325411
19510,2325645,1,2325646
19511,2325960,11,2325971
19512,2326032,14,2326046
19513,2326051,25,2326076
19514,2326125,1,2326126
19515,2326154,3,2326157
19516,2326340,58,2326398
19517,2326421,34,2326455
19518,2326628,24,2326652
19519,2326994,21,2327015
19520,2327257,12,2327269
19521,2327323,13,2327336
19522,2327423,15,2327438
19523,2327458,13,2327471
19524,2327626,1,2327627
19525,2327669,7,2327676
19526,2327681,29,2327710
19527,2327786,13,2327799
19528,2327843,2,2327845
19529,2327884,1,2327885
19530,2327984,20,2328004
19531,2328137,4,2328141
19532,2328160,19,2328179
19533,2328314,17,2328331
19534,2328583,17,2328600
19535,2328633,4,2328637
19536,2328730,8,2328738
19537,2328842,26,2328868
19538,2328935,7,2328942
19539,2328964,55,2329019
19540,2329117,22,2329139
19541,2329294,14,2329308
19542,2329380,30,2329410
19543,2329464,13,2329477
19544,2329485,3,2329488
19545,2329525,28,2329553
19546,2329711,1,2329712
19547,2329884,13,2329897
19548,2329917,1,2329918
19549,2330079,29,2330108
19550,2330134,25,2330159
19551,2330478,3,2330481
19552,2330549,6,2330555
19553,2330632,13,2330645
19554,2330678,7,2330685
19555,2330778,5,2330783
19556,2330891,25,2330916
19557,2330961,6,2330967
19558,2331011,18,2331029
19559,2331078,16,2331094
19560,2331693,24,2331717
19561,2331981,5,2331986
19562,2332211,1,2332212
19563,2332579,57,2332636
19564,2332751,13,2332764
19565,2332784,7,2332791
19566,2333016,25,2333041
19567,2333078,11,2333089
19568,2333165,15,2333180
19569,2333188,6,2333194
19570,2333233,42,2333275
19571,2333514,16,2333530
19572,2334025,34,2334059
19573,2334163,18,2334181
19574,2334297,23,2334320
19575,2334376,8,2334384
19576,2334402,43,2334445
19577,2334555,54,2334609
19578,2334723,22,2334745
19579,2334757,18,2334775
19580,2334977,12,2334989
19581,2335081,2,2335083
19582,2335115,4,2335119
19583,2335137,19,2335156
19584,2335378,27,2335405
19585,2335458,14,2335472
19586,2335503,62,2335565
19587,2335680,6,2335686
19588,2335873,4,2335877
19589,2335897,25,2335922
19590,2335925,40,2335965
19591,2336086,11,2336097
19592,2336147,9,2336156
19593,2336242,10,2336252
19594,2336454,8,2336462
19595,2336469,31,2336500
19596,2336551,16,2336567
19597,2336608,11,2336619
19598,2336711,15,2336726
19599,2336792,11,2336803
19600,2336871,13,2336884
19601,2336913,16,2336929
19602,2336989,27,2337016
19603,2337019,13,2337032
19604,2337315,3,2337318
19605,2337349,39,2337388
19606,2337458,15,2337473
19607,2337667,44,2337711
19608,2337800,11,2337811
19609,2337875,27,2337902
19610,2337904,10,2337914
19611,2337930,4,2337934
19612,2337954,8,2337962
19613,2338155,12,2338167
19614,2338217,16,2338233
19615,2338587,26,2338613
19616,2338677,12,2338689
19617,2338751,88,2338839
19618,2338884,3,2338887
19619,2339080,22,2339102
19620,2339370,2,2339372
19621,2339375,6,2339381
19622,2339431,12,2339443
19623,2339445,15,2339460
19624,2339875,4,2339879
19625,2339883,1,2339884
19626,2339893,81,2339974
19627,2340003,63,2340066
19628,2340124,12,2340136
19629,2340146,23,2340169
19630,2340193,7,2340200
19631,2340239,3,2340242
19632,2340594,12,2340606
19633,2340664,19,2340683
19634,2340812,2,2340814
19635,2340893,34,2340927
19636,2341026,3,2341029
19637,2341220,10,2341230
19638,2341467,1,2341468
19639,2341831,3,2341834
19640,2341900,2,2341902
19641,2342092,68,2342160
19642,2342257,7,2342264
19643,2342266,29,2342295
19644,2342504,35,2342539
19645,2342557,2,2342559
19646,2342600,37,2342637
19647,2342753,16,2342769
19648,2342814,29,2342843
19649,2342861,16,2342877
19650,2342949,6,2342955
19651,2343019,28,2343047
19652,2343082,26,2343108
19653,2343194,5,2343199
19654,2343677,8,2343685
19655,2343733,9,2343742
19656,2343774,53,2343827
19657,2343884,7,2343891
19658,2344250,28,2344278
19659,2344330,19,2344349
19660,2344393,10,2344403
19661,2344420,72,2344492
19662,2344602,53,2344655
19663,2344795,1,2344796
19664,2344819,24,2344843
19665,2344950,48,2344998
19666,2345119,7,2345126
19667,2345139,7,2345146
19668,2345183,9,2345192
19669,2345196,11,2345207
19670,2345249,10,2345259
19671,2345268,3,2345271
19672,2345323,6,2345329
19673,2345360,4,2345364
19674,2345444,51,2345495
19675,2345574,23,2345597
19676,2345667,11,2345678
19677,2345753,40,2345793
19678,2345794,4,2345798
19679,2345853,17,2345870
19680,2345912,26,2345938
19681,2345950,10,2345960
19682,2346008,2,2346010
19683,2346026,20,2346046
19684,2346122,4,2346126
19685,2346152,17,2346169
19686,2346197,5,2346202
19687,2346348,16,2346364
19688,2346468,29,2346497
19689,2346619,17,2346636
19690,2346662,33,2346695
19691,2347023,10,2347033
19692,2347142,7,2347149
19693,2347276,3,2347279
19694,2347321,42,2347363
19695,2347739,35,2347774
19696,2347821,5,2347826
19697,2347900,4,2347904
19698,2347928,5,2347933
19699,2347957,34,2347991
19700,2348053,9,2348062
19701,2348077,12,2348089
19702,2348218,1,2348219
19703,2348342,16,2348358
19704,2348428,20,2348448
19705,2348453,5,2348458
19706,2348754,54,2348808
19707,2348876,4,2348880
19708,2348885,1,2348886
19709,2348988,4,2348992
19710,2349058,24,2349082
19711,2349151,5,2349156
19712,2349188,1,2349189
19713,2349526,13,2349539
19714,2349715,46,2349761
19715,2349866,52,2349918
19716,2350085,5,2350090
19717,2350361,30,2350391
19718,2350410,6,2350416
19719,2350514,25,2350539
19720,2350579,12,2350591
19721,2350634,3,2350637
19722,2350649,49,2350698
19723,2350847,12,2350859
19724,2350886,31,2350917
19725,2351340,31,2351371
19726,2351407,3,2351410
19727,2351422,32,2351454
19728,2351458,9,2351467
19729,2351531,10,2351541
19730,2351568,15,2351583
19731,2351904,51,2351955
19732,2351961,33,2351994
19733,2352246,25,2352271
19734,2352303,3,2352306
19735,2352361,11,2352372
19736,2352397,23,2352420
19737,2352447,8,2352455
19738,2352531,10,2352541
19739,2352665,4,2352669
19740,2352806,27,2352833
19741,2352904,2,2352906
19742,2352912,49,2352961
19743,2353065,3,2353068
19744,2353171,20,2353191
19745,2353588,24,2353612
19746,2353718,4,2353722
19747,2353888,17,2353905
19748,2354137,17,2354154
19749,2354217,10,2354227
19750,2354264,31,2354295
19751,2354371,8,2354379
19752,2354384,10,2354394
19753,2354397,2,2354399
19754,2354412,57,2354469
19755,2354640,61,2354701
19756,2354754,3,2354757
19757,2354816,10,2354826
19758,2354904,2,2354906
19759,2354918,31,2354949
19760,2354957,1,2354958
19761,2355062,7,2355069
19762,2355228,6,2355234
19763,2355263,21,2355284
19764,2355559,3,2355562
19765,2355600,23,2355623
19766,2355640,14,2355654
19767,2355719,47,2355766
19768,2355772,6,2355778
19769,2355795,7,2355802
19770,2355930,1,2355931
19771,2355934,17,2355951
19772,2355955,36,2355991
19773,2356097,8,2356105
19774,2356290,92,2356382
19775,2356440,9,2356449
19776,2356508,39,2356547
19777,2356556,5,2356561
19778,2356918,65,2356983
19779,2357279,5,2357284
19780,2357365,14,2357379
19781,2357448,13,2357461
19782,2357521,4,2357525
19783,2357630,10,2357640
19784,2357923,13,2357936
19785,2357975,18,2357993
19786,2358038,44,2358082
19787,2358090,16,2358106
19788,2358397,13,2358410
19789,2358549,15,2358564
19790,2358600,9,2358609
19791,2358640,5,2358645
19792,2358681,21,2358702
19793,2358721,1,2358722
19794,2358862,18,2358880
19795,2358929,3,2358932
19796,2358946,14,2358960
19797,2359022,4,2359026
19798,2359068,9,2359077
19799,2359091,7,2359098
19800,2359122,40,2359162
19801,2359278,8,2359286
19802,2359410,11,2359421
19803,2359557,53,2359610
19804,2359612,19,2359631
19805,2359700,9,2359709
19806,2359732,13,2359745
19807,2359764,6,2359770
19808,2359801,7,2359808
19809,2359874,3,2359877
19810,2359889,2,2359891
19811,2359963,17,2359980
19812,2359993,10,2360003
19813,2360011,5,2360016
19814,2360084,8,2360092
19815,2360103,5,2360108
19816,2360196,3,2360199
19817,2360205,37,2360242
19818,2360301,22,2360323
19819,2360539,33,2360572
19820,2360605,5,2360610
19821,2360635,14,2360649
19822,2360685,20,2360705
19823,2360790,2,2360792
19824,2360873,49,2360922
19825,2361042,23,2361065
19826,2361381,15,2361396
19827,2361463,12,2361475
19828,2361526,55,2361581
19829,2361606,1,2361607
19830,2361736,1,2361737
19831,2361841,7,2361848
19832,2361972,19,2361991
19833,2362111,3,2362114
19834,2362264,4,2362268
19835,2362363,29,2362392
19836,2362624,20,2362644
19837,2362736,6,2362742
19838,2362779,2,2362781
19839,2362790,21,2362811
19840,2362879,4,2362883
19841,2362948,12,2362960
19842,2362985,4,2362989
19843,2363292,20,2363312
19844,2363330,10,2363340
19845,2363376,12,2363388
19846,2363504,4,2363508
19847,2363638,6,2363644
19848,2363654,12,2363666
19849,2363736,18,2363754
19850,2363787,53,2363840
19851,2363847,36,2363883
19852,2363921,32,2363953
19853,2363962,47,2364009
19854,2364213,49,2364262
19855,2364265,16,2364281
19856,2364375,1,2364376
19857,2364400,11,2364411
19858,2364515,4,2364519
19859,2364595,1,2364596
19860,2364627,30,2364657
19861,2364694,10,2364704
19862,2364766,9,2364775
19863,2364977,15,2364992
19864,2365106,7,2365113
19865,2365257,26,2365283
19866,2365301,35,2365336
19867,2365613,6,2365619
19868,2365627,7,2365634
19869,2365990,60,2366050
19870,2366051,22,2366073
19871,2366214,4,2366218
19872,2366313,24,2366337
19873,2366357,29,2366386
19874,2366497,3,2366500
19875,2366505,24,2366529
19876,2366706,22,2366728
19877,2367104,7,2367111
19878,2367296,6,2367302
19879,2367341,86,2367427
19880,2367754,4,2367758
19881,2367802,9,2367811
19882,2368060,28,2368088
19883,2368185,26,2368211
19884,2368536,38,2368574
19885,2368590,17,2368607
19886,2368707,32,2368739
19887,2368883,20,2368903
19888,2368991,5,2368996
19889,2369046,5,2369051
19890,2369135,1,2369136
19891,2369303,29,2369332
19892,2369471,26,2369497
19893,2369569,15,2369584
19894,2369817,10,2369827
19895,2369888,21,2369909
19896,2369987,23,2370010
19897,2370086,16,2370102
19898,2370201,11,2370212
19899,2370474,15,2370489
19900,2370778,37,2370815
19901,2371010,12,2371022
19902,2371079,52,2371131
19903,2371531,1,2371532
19904,2371707,33,2371740
19905,2371837,28,2371865
19906,2371984,69,2372053
19907,2372283,2,2372285
19908,2372472,15,2372487
19909,2372500,12,2372512
19910,2372609,5,2372614
19911,2372637,23,2372660
19912,2372795,6,2372801
19913,2373085,3,2373088
19914,2373345,16,2373361
19915,2373537,16,2373553
19916,2373700,20,2373720
19917,2373803,3,2373806
19918,2373858,13,2373871
19919,2373891,5,2373896
19920,2373990,5,2373995
19921,2374033,46,2374079
19922,2374100,7,2374107
19923,2374201,18,2374219
19924,2374482,6,2374488
19925,2374529,17,2374546
19926,2374651,20,2374671
19927,2374754,40,2374794
19928,2374966,4,2374970
19929,2375077,7,2375084
19930,2375094,8,2375102
19931,2375401,21,2375422
19932,2375425,27,2375452
19933,2375465,9,2375474
19934,2375797,13,2375810
19935,2376034,3,2376037
19936,2376541,5,2376546
19937,2376585,15,2376600
19938,2376640,11,2376651
19939,2376712,6,2376718
19940,2376842,3,2376845
19941,2377062,17,2377079
19942,2377239,22,2377261
19943,2377496,13,2377509
19944,2377545,22,2377567
19945,2377581,1,2377582
19946,2377619,4,2377623
19947,2377630,18,2377648
19948,2377856,22,2377878
19949,2377887,36,2377923
19950,2378081,13,2378094
19951,2378264,78,2378342
19952,2378410,3,2378413
19953,2378710,22,2378732
19954,2378760,30,2378790
19955,2378816,30,2378846
19956,2378905,48,2378953
19957,2378999,3,2379002
19958,2379036,12,2379048
19959,2379147,20,2379167
19960,2379222,6,2379228
19961,2379395,74,2379469
19962,2379623,2,2379625
19963,2379785,26,2379811
19964,2379861,43,2379904
19965,2379921,2,2379923
19966,2380015,19,2380034
19967,2380111,5,2380116
19968,2380366,5,2380371
19969,2380464,7,2380471
19970,2380475,6,2380481
19971,2380483,34,2380517
19972,2380568,24,2380592
19973,2380642,19,2380661
19974,2380700,1,2380701
19975,2380759,24,2380783
19976,2380826,2,2380828
19977,2380889,19,2380908
19978,2380914,32,2380946
19979,2381060,17,2381077
19980,2381101,3,2381104
19981,2381170,20,2381190
19982,2381251,15,2381266
19983,2381349,14,2381363
19984,2381401,9,2381410
19985,2381442,13,2381455
19986,2381500,46,2381546
19987,2381856,26,2381882
19988,2381971,20,2381991
19989,2382106,3,2382109
19990,2382139,35,2382174
19991,2382194,16,2382210
19992,2382400,25,2382425
19993,2382426,74,2382500
19994,2382579,10,2382589
19995,2382718,1,2382719
19996,2383014,19,2383033
19997,2383239,21,2383260
19998,2383375,1,2383376
19999,2383458,10,2383468
20000,2383547,13,2383560
20001,2383839,6,2383845
20002,2383905,35,2383940
20003,2383993,55,2384048
20004,2384164,10,2384174
20005,2384222,26,2384248
20006,2384266,18,2384284
20007,2384411,17,2384428
20008,2384429,35,2384464
20009,2384518,47,2384565
20010,2384584,7,2384591
20011,2384758,9,2384767
20012,2384807,5,2384812
20013,2385028,22,2385050
20014,2385103,3,2385106
20015,2385202,4,2385206
20016,2385219,13,2385232
20017,2385380,7,2385387
20018,2385924,35,2385959
20019,2385993,13,2386006
20020,2386009,22,2386031
20021,2386232,15,2386247
20022,2386248,3,2386251
20023,2386293,31,2386324
20024,2386331,8,2386339
20025,2386364,34,2386398
20026,2386447,11,2386458
20027,2386547,4,2386551
20028,2386692,16,2386708
20029,2386955,28,2386983
20030,2386995,25,2387020
20031,2387097,10,2387107
20032,2387108,20,2387128
20033,2387165,3,2387168
20034,2387220,43,2387263
20035,2387348,8,2387356
20036,2387373,14,2387387
20037,2387405,37,2387442
20038,2387448,1,2387449
20039,2387618,2,2387620
20040,2387624,24,2387648
20041,2387657,43,2387700
20042,2387826,35,2387861
20043,2387908,17,2387925
20044,2387965,32,2387997
20045,2388036,19,2388055
20046,2388064,12,2388076
20047,2388090,13,2388103
20048,2388222,55,2388277
20049,2388379,39,2388418
20050,2388574,15,2388589
20051,2388882,77,2388959
20052,2389022,22,2389044
20053,2389261,8,2389269
20054,2389278,31,2389309
20055,2389344,11,2389355
20056,2389432,16,2389448
20057,2389489,28,2389517
20058,2389550,53,2389603
20059,2389615,22,2389637
20060,2389654,7,2389661
20061,2389870,1,2389871
20062,2390000,4,2390004
20063,2390008,15,2390023
20064,2390066,6,2390072
20065,2390145,23,2390168
20066,2390279,12,2390291
20067,2390471,6,2390477
20068,2390580,25,2390605
20069,2390717,43,2390760
20070,2390775,27,2390802
20071,2390853,3,2390856
20072,2390902,1,2390903
20073,2391065,45,2391110
20074,2391183,3,2391186
20075,2391205,17,2391222
20076,2391268,8,2391276
20077,2391421,14,2391435
20078,2391634,9,2391643
20079,2391907,28,2391935
20080,2391975,23,2391998
20081,2392128,30,2392158
20082,2392258,10,2392268
20083,2392297,1,2392298
20084,2392629,8,2392637
20085,2392667,54,2392721
20086,2392778,9,2392787
20087,2392836,20,2392856
20088,2392880,13,2392893
20089,2393483,5,2393488
20090,2394213,7,2394220
20091,2394261,10,2394271
20092,2394461,5,2394466
20093,2394576,32,2394608
20094,2394620,120,2394740
20095,2394772,60,2394832
20096,2395010,26,2395036
20097,2395223,2,2395225
20098,2395340,5,2395345
20099,2395377,13,2395390
20100,2395407,6,2395413
20101,2395708,20,2395728
20102,2395732,25,2395757
20103,2395767,7,2395774
20104,2395812,16,2395828
20105,2395830,14,2395844
20106,2395965,3,2395968
20107,2396009,9,2396018
20108,2396037,21,2396058
20109,2396083,13,2396096
20110,2396104,17,2396121
20111,2396141,53,2396194
20112,2396437,2,2396439
20113,2396451,10,2396461
20114,2396647,9,2396656
20115,2396682,16,2396698
20116,2396712,1,2396713
20117,2396716,16,2396732
20118,2396739,25,2396764
20119,2396841,4,2396845
20120,2396859,15,2396874
20121,2396897,8,2396905
20122,2396952,4,2396956
20123,2397089,16,2397105
20124,2397216,10,2397226
20125,2397288,9,2397297
20126,2397454,72,2397526
20127,2397623,19,2397642
20128,2397689,6,2397695
20129,2398041,52,2398093
20130,2398119,13,2398132
20131,2398174,3,2398177
20132,2398302,25,2398327
20133,2398510,19,2398529
20134,2398571,7,2398578
20135,2398627,67,2398694
20136,2398736,20,2398756
20137,2398876,9,2398885
20138,2398889,5,2398894
20139,2398962,38,2399000
20140,2399138,9,2399147
20141,2399258,5,2399263
20142,2399294,9,2399303
20143,2399366,2,2399368
20144,2399471,6,2399477
20145,2399487,3,2399490
20146,2399552,1,2399553
20147,2399579,45,2399624
20148,2399736,37,2399773
20149,2399803,19,2399822
20150,2399917,16,2399933
20151,2399975,21,2399996
20152,2400150,15,2400165
20153,2400212,4,2400216
20154,2400353,11,2400364
20155,2400457,21,2400478
20156,2400631,62,2400693
20157,2400753,16,2400769
20158,2400985,31,2401016
20159,2401320,45,2401365
20160,2401448,18,2401466
20161,2401729,18,2401747
20162,2401828,3,2401831
20163,2401900,57,2401957
20164,2402147,61,2402208
20165,2402249,4,2402253
20166,2402324,60,2402384
20167,2402454,14,2402468
20168,2402546,47,2402593
20169,2402598,9,2402607
20170,2402659,16,2402675
20171,2402877,28,2402905
20172,2402964,2,2402966
20173,2403128,5,2403133
20174,2403474,7,2403481
20175,2403555,26,2403581
20176,2403607,14,2403621
20177,2403638,3,2403641
20178,2403700,48,2403748
20179,2403764,19,2403783
20180,2403853,24,2403877
20181,2403897,3,2403900
20182,2404043,8,2404051
20183,2405006,29,2405035
20184,2405149,1,2405150
20185,2405336,7,2405343
20186,2405363,42,2405405
20187,2405463,1,2405464
20188,2405551,15,2405566
20189,2405655,7,2405662
20190,2405677,10,2405687
20191,2405711,16,2405727
20192,2405796,46,2405842
20193,2406115,20,2406135
20194,2406434,4,2406438
20195,2406736,47,2406783
20196,2406842,3,2406845
20197,2406878,29,2406907
20198,2407286,21,2407307
20199,2407505,16,2407521
20200,2407559,57,2407616
20201,2407957,24,2407981
20202,2408107,11,2408118
20203,2408120,13,2408133
20204,2408167,35,2408202
20205,2408332,14,2408346
20206,2408475,72,2408547
20207,2408613,60,2408673
20208,2408707,7,2408714
20209,2408802,2,2408804
20210,2408819,3,2408822
20211,2408944,44,2408988
20212,2409038,11,2409049
20213,2409053,14,2409067
20214,2409097,5,2409102
20215,2409125,4,2409129
20216,2409203,14,2409217
20217,2409221,25,2409246
20218,2409313,17,2409330
20219,2409370,4,2409374
20220,2409463,20,2409483
20221,2409625,38,2409663
20222,2410050,12,2410062
20223,2410109,16,2410125
20224,2410219,11,2410230
20225,2410379,47,2410426
20226,2410485,20,2410505
20227,2410595,4,2410599
20228,2410840,8,2410848
20229,2410852,2,2410854
20230,2410951,4,2410955
20231,2410991,28,2411019
20232,2411020,52,2411072
20233,2411077,25,2411102
20234,2411117,9,2411126
20235,2411166,22,2411188
20236,2411410,52,2411462
20237,2411475,11,2411486
20238,2411541,11,2411552
20239,2411704,17,2411721
20240,2411914,2,2411916
20241,2412079,54,2412133
20242,2412188,89,2412277
20243,2412493,23,2412516
20244,2412585,7,2412592
20245,2412641,21,2412662
20246,2412682,65,2412747
20247,2412821,40,2412861
20248,2413424,8,2413432
20249,2413450,10,2413460
20250,2413727,16,2413743
20251,2413807,3,2413810
20252,2413812,19,2413831
20253,2413833,12,2413845
20254,2413962,43,2414005
20255,2414055,6,2414061
20256,2414063,7,2414070
20257,2414339,10,2414349
20258,2414380,18,2414398
20259,2414575,5,2414580
20260,2414603,24,2414627
20261,2414656,5,2414661
20262,2414751,4,2414755
20263,2414826,20,2414846
20264,2414924,1,2414925
20265,2415187,13,2415200
20266,2415331,4,2415335
20267,2415409,8,2415417
20268,2415578,1,2415579
20269,2415615,16,2415631
20270,2415693,1,2415694
20271,2415759,4,2415763
20272,2415793,47,2415840
20273,2415887,2,2415889
20274,2416030,9,2416039
20275,2416078,1,2416079
20276,2416715,24,2416739
20277,2416757,16,2416773
20278,2416812,57,2416869
20279,2417051,12,2417063
20280,2417229,5,2417234
20281,2417239,1,2417240
20282,2417385,21,2417406
20283,2417539,13,2417552
20284,2417557,32,2417589
20285,2417594,14,2417608
20286,2417633,11,2417644
20287,2417649,5,2417654
20288,2417888,2,2417890
20289,2417992,1,2417993
20290,2418081,17,2418098
20291,2418117,57,2418174
20292,2418423,8,2418431
20293,2418593,25,2418618
20294,2418650,10,2418660
20295,2418921,11,2418932
20296,2419107,2,2419109
20297,2419144,4,2419148
20298,2419220,50,2419270
20299,2419297,57,2419354
20300,2419376,4,2419380
20301,2419434,15,2419449
20302,2419463,9,2419472
20303,2419477,43,2419520
20304,2419742,41,2419783
20305,2419803,6,2419809
20306,2419868,7,2419875
20307,2419941,46,2419987
20308,2419994,7,2420001
20309,2420055,6,2420061
20310,2420112,7,2420119
20311,2420199,8,2420207
20312,2420235,39,2420274
20313,2420358,96,2420454
20314,2420510,37,2420547
20315,2420770,3,2420773
20316,2420915,14,2420929
20317,2421075,3,2421078
20318,2421163,16,2421179
20319,2421267,4,2421271
20320,2421326,3,2421329
20321,2421454,28,2421482
20322,2421641,54,2421695
20323,2421769,5,2421774
20324,2421843,1,2421844
20325,2421902,15,2421917
20326,2422410,2,2422412
20327,2422464,49,2422513
20328,2422543,69,2422612
20329,2422660,95,2422755
20330,2422868,52,2422920
20331,2422937,6,2422943
20332,2423137,13,2423150
20333,2423194,1,2423195
20334,2423298,101,2423399
20335,2423527,3,2423530
20336,2423598,19,2423617
20337,2423692,2,2423694
20338,2423852,5,2423857
20339,2423969,3,2423972
20340,2424029,5,2424034
20341,2424091,25,2424116
20342,2424182,11,2424193
20343,2424324,7,2424331
20344,2424588,9,2424597
20345,2424719,1,2424720
20346,2424764,4,2424768
20347,2424773,13,2424786
20348,2424977,13,2424990
20349,2425046,33,2425079
20350,2425299,17,2425316
20351,2425475,8,2425483
20352,2425531,23,2425554
20353,2425880,2,2425882
20354,2425891,5,2425896
20355,2425916,8,2425924
20356,2425954,37,2425991
20357,2426088,18,2426106
20358,2426178,5,2426183
20359,2426710,42,2426752
20360,2426760,20,2426780
20361,2426933,8,2426941
20362,2426985,43,2427028
20363,2427085,14,2427099
20364,2427120,6,2427126
20365,2427138,14,2427152
20366,2427165,28,2427193
20367,2427386,21,2427407
20368,2427607,19,2427626
20369,2427670,16,2427686
20370,2427847,29,2427876
20371,2428099,1,2428100
20372,2428234,3,2428237
20373,2428398,25,2428423
20374,2428476,12,2428488
20375,2428612,43,2428655
20376,2428679,23,2428702
20377,2428802,11,2428813
20378,2428862,14,2428876
20379,2428897,6,2428903
20380,2428918,17,2428935
20381,2429480,31,2429511
20382,2429678,80,2429758
20383,2430152,2,2430154
20384,2430251,23,2430274
20385,2430302,31,2430333
20386,2430380,15,2430395
20387,2430516,2,2430518
20388,2430631,26,2430657
20389,2430724,37,2430761
20390,2430816,13,2430829
20391,2430856,18,2430874
20392,2430921,40,2430961
20393,2431014,88,2431102
20394,2431162,3,2431165
20395,2431284,1,2431285
20396,2431358,15,2431373
20397,2431445,3,2431448
20398,2431596,16,2431612
20399,2431749,10,2431759
20400,2431801,36,2431837
20401,2432055,23,2432078
20402,2432103,39,2432142
20403,2432170,9,2432179
20404,2432267,18,2432285
20405,2432303,15,2432318
20406,2432383,14,2432397
20407,2432487,27,2432514
20408,2432669,14,2432683
20409,2432724,3,2432727
20410,2432833,11,2432844
20411,2432992,108,2433100
20412,2433226,34,2433260
20413,2433372,10,2433382
20414,2433422,42,2433464
20415,2433489,6,2433495
20416,2433531,88,2433619
20417,2433859,11,2433870
20418,2433955,31,2433986
20419,2434010,2,2434012
20420,2434368,33,2434401
20421,2434498,8,2434506
20422,2434614,17,2434631
20423,2434670,10,2434680
20424,2434717,4,2434721
20425,2435113,10,2435123
20426,2435174,51,2435225
20427,2435290,20,2435310
20428,2435457,15,2435472
20429,2435666,31,2435697
20430,2435723,47,2435770
20431,2435838,6,2435844
20432,2435855,51,2435906
20433,2436001,15,2436016
20434,2436074,35,2436109
20435,2436175,1,2436176
20436,2436193,13,2436206
20437,2436507,62,2436569
20438,2436578,9,2436587
20439,2436591,19,2436610
20440,2436621,27,2436648
20441,2436690,17,2436707
20442,2436792,1,2436793
20443,2436886,11,2436897
20444,2436934,2,2436936
20445,2437054,15,2437069
20446,2437128,11,2437139
20447,2437336,20,2437356
20448,2437470,15,2437485
20449,2437635,10,2437645
20450,2437770,12,2437782
20451,2437981,10,2437991
20452,2438062,78,2438140
20453,2438531,42,2438573
20454,2438579,16,2438595
20455,2438795,33,2438828
20456,2438887,6,2438893
20457,2439014,33,2439047
20458,2439160,66,2439226
20459,2439385,28,2439413
20460,2439463,8,2439471
20461,2439620,66,2439686
20462,2439993,12,2440005
20463,2440011,14,2440025
20464,2440132,46,2440178
20465,2440184,15,2440199
20466,2440283,62,2440345
20467,2440389,7,2440396
20468,2440408,29,2440437
20469,2440591,5,2440596
20470,2440648,16,2440664
20471,2440702,46,2440748
20472,2440788,3,2440791
20473,2441108,3,2441111
20474,2441176,47,2441223
20475,2441248,21,2441269
20476,2441290,14,2441304
20477,2441423,30,2441453
20478,2441535,1,2441536
20479,2441718,25,2441743
20480,2441754,46,2441800
20481,2442032,8,2442040
20482,2442131,10,2442141
20483,2442241,7,2442248
20484,2442456,12,2442468
20485,2442474,2,2442476
20486,2442680,45,2442725
20487,2442823,1,2442824
20488,2442843,15,2442858
20489,2442908,15,2442923
20490,2442938,66,2443004
20491,2443548,72,2443620
20492,2443639,55,2443694
20493,2443728,7,2443735
20494,2443751,24,2443775
20495,2443934,12,2443946
20496,2444306,2,2444308
20497,2444343,3,2444346
20498,2444560,6,2444566
20499,2444666,26,2444692
20500,2444878,1,2444879
20501,2444955,13,2444968
20502,2445052,19,2445071
20503,2445077,17,2445094
20504,2445189,22,2445211
20505,2445247,3,2445250
20506,2445305,48,2445353
20507,2445370,27,2445397
20508,2445589,22,2445611
20509,2445612,3,2445615
20510,2445836,12,2445848
20511,2445892,24,2445916
20512,2445929,1,2445930
20513,2445939,6,2445945
20514,2446077,30,2446107
20515,2446172,9,2446181
20516,2446187,15,2446202
20517,2446459,9,2446468
20518,2446614,20,2446634
20519,2446794,48,2446842
20520,2446911,6,2446917
20521,2446949,28,2446977
20522,2447038,9,2447047
20523,2447158,4,2447162
20524,2447217,13,2447230
20525,2447305,8,2447313
20526,2447479,5,2447484
20527,2447580,6,2447586
20528,2447607,4,2447611
20529,2447671,8,2447679
20530,2447712,3,2447715
20531,2447773,9,2447782
20532,2447800,18,2447818
20533,2447847,7,2447854
20534,2447929,34,2447963
20535,2448000,13,2448013
20536,2448325,2,2448327
20537,2448460,4,2448464
20538,2448616,10,2448626
20539,2448792,19,2448811
20540,2448906,44,2448950
20541,2449152,3,2449155
20542,2449174,22,2449196
20543,2449287,11,2449298
20544,2449554,19,2449573
20545,2449610,35,2449645
20546,2449789,24,2449813
20547,2450267,73,2450340
20548,2450354,25,2450379
20549,2450396,9,2450405
20550,2450444,17,2450461
20551,2450513,11,2450524
20552,2450815,21,2450836
20553,2450918,3,2450921
20554,2451209,26,2451235
20555,2451329,4,2451333
20556,2451388,6,2451394
20557,2451468,2,2451470
20558,2451512,101,2451613
20559,2451667,19,2451686
20560,2451689,9,2451698
20561,2451719,12,2451731
20562,2451744,8,2451752
20563,2451922,9,2451931
20564,2452007,15,2452022
20565,2452149,1,2452150
20566,2452204,53,2452257
20567,2452260,22,2452282
20568,2452582,30,2452612
20569,2452646,37,2452683
20570,2452757,8,2452765
20571,2452869,13,2452882
20572,2452911,37,2452948
20573,2453001,3,2453004
20574,2453020,5,2453025
20575,2453464,8,2453472
20576,2453545,10,2453555
20577,2453650,27,2453677
20578,2453704,12,2453716
20579,2453770,19,2453789
20580,2453804,10,2453814
20581,2453917,20,2453937
20582,2453963,10,2453973
20583,2454351,46,2454397
20584,2454425,5,2454430
20585,2454553,9,2454562
20586,2454671,4,2454675
20587,2454705,71,2454776
20588,2454858,36,2454894
20589,2454971,32,2455003
20590,2455051,2,2455053
20591,2455087,42,2455129
20592,2455167,20,2455187
20593,2455204,2,2455206
20594,2455542,19,2455561
20595,2455720,7,2455727
20596,2455861,7,2455868
20597,2455970,18,2455988
20598,2456018,1,2456019
20599,2456065,14,2456079
20600,2456211,7,2456218
20601,2456347,3,2456350
20602,2456374,7,2456381
20603,2456428,3,2456431
20604,2456521,11,2456532
20605,2456544,13,2456557
20606,2456573,22,2456595
20607,2456640,20,2456660
20608,2456680,41,2456721
20609,2456889,1,2456890
20610,2457063,33,2457096
20611,2457130,3,2457133
20612,2457208,13,2457221
20613,2457244,5,2457249
20614,2457398,23,2457421
20615,2457518,5,2457523
20616,2457592,9,2457601
20617,2457603,82,2457685
20618,2457823,1,2457824
20619,2457895,14,2457909
20620,2457936,36,2457972
20621,2458212,49,2458261
20622,2458332,8,2458340
20623,2459052,9,2459061
20624,2459161,5,2459166
20625,2459339,7,2459346
20626,2459451,42,2459493
20627,2459521,37,2459558
20628,2459610,44,2459654
20629,2459899,31,2459930
20630,2460065,10,2460075
20631,2460082,6,2460088
20632,2460399,18,2460417
20633,2460419,39,2460458
20634,2460575,13,2460588
20635,2460659,6,2460665
20636,2460709,38,2460747
20637,2460933,14,2460947
20638,2461035,33,2461068
20639,2461276,25,2461301
20640,2461349,7,2461356
20641,2461430,7,2461437
20642,2461472,34,2461506
20643,2461694,17,2461711
20644,2461731,74,2461805
20645,2461957,6,2461963
20646,2462003,55,2462058
20647,2462215,10,2462225
20648,2462343,66,2462409
20649,2462502,2,2462504
20650,2462529,37,2462566
20651,2462576,2,2462578
20652,2462645,34,2462679
20653,2462868,36,2462904
20654,2463067,1,2463068
20655,2463079,13,2463092
20656,2463128,37,2463165
20657,2463318,6,2463324
20658,2463582,18,2463600
20659,2463682,5,2463687
20660,2463852,21,2463873
20661,2463916,15,2463931
20662,2464030,14,2464044
20663,2464061,10,2464071
20664,2464404,10,2464414
20665,2464432,4,2464436
20666,2464473,12,2464485
20667,2464562,23,2464585
20668,2464692,20,2464712
20669,2464945,7,2464952
20670,2464992,28,2465020
20671,2465296,17,2465313
20672,2465324,46,2465370
20673,2465426,31,2465457
20674,2465896,2,2465898
20675,2465968,9,2465977
20676,2465979,9,2465988
20677,2466077,2,2466079
20678,2466162,15,2466177
20679,2466355,21,2466376
20680,2466400,17,2466417
20681,2466434,48,2466482
20682,2466898,64,2466962
20683,2466969,9,2466978
20684,2467023,22,2467045
20685,2467079,5,2467084
20686,2467187,32,2467219
20687,2467295,21,2467316
20688,2467360,67,2467427
20689,2467791,6,2467797
20690,2467990,16,2468006
20691,2468073,9,2468082
20692,2468231,14,2468245
20693,2468335,30,2468365
20694,2468613,9,2468622
20695,2468779,29,2468808
20696,2468910,43,2468953
20697,2469350,11,2469361
20698,2469418,35,2469453
20699,2469514,8,2469522
20700,2469648,8,2469656
20701,2469765,5,2469770
20702,2469852,2,2469854
20703,2470071,16,2470087
20704,2470107,1,2470108
20705,2470112,12,2470124
20706,2470283,19,2470302
20707,2470433,3,2470436
20708,2470495,29,2470524
20709,2470532,3,2470535
20710,2470730,4,2470734
20711,2470789,15,2470804
20712,2470842,41,2470883
20713,2470983,33,2471016
20714,2471234,16,2471250
20715,2471439,2,2471441
20716,2471455,8,2471463
20717,2471600,9,2471609
20718,2471675,11,2471686
20719,2471688,9,2471697
20720,2471817,19,2471836
20721,2471856,14,2471870
20722,2472095,27,2472122
20723,2472220,10,2472230
20724,2472376,3,2472379
20725,2472472,26,2472498
20726,2472592,33,2472625
20727,2472773,25,2472798
20728,2472917,15,2472932
20729,2473011,6,2473017
20730,2473022,23,2473045
20731,2473145,11,2473156
20732,2473271,4,2473275
20733,2473460,13,2473473
20734,2473477,11,2473488
20735,2473538,41,2473579
20736,2473653,15,2473668
20737,2473753,24,2473777
20738,2473852,41,2473893
20739,2473920,12,2473932
20740,2474046,1,2474047
20741,2474178,45,2474223
20742,2474288,10,2474298
20743,2474601,24,2474625
20744,2474649,4,2474653
20745,2474993,29,2475022
20746,2475028,7,2475035
20747,2475067,8,2475075
20748,2475126,3,2475129
20749,2475215,14,2475229
20750,2475290,39,2475329
20751,2475468,24,2475492
20752,2475518,60,2475578
20753,2475602,20,2475622
20754,2475809,9,2475818
20755,2475821,28,2475849
20756,2475904,19,2475923
20757,2476179,16,2476195
20758,2476196,8,2476204
20759,2476237,20,2476257
20760,2476393,61,2476454
20761,2476652,18,2476670
20762,2476671,70,2476741
20763,2476878,42,2476920
20764,2477056,26,2477082
20765,2477157,6,2477163
20766,2477252,5,2477257
20767,2477331,8,2477339
20768,2477853,48,2477901
20769,2478055,42,2478097
20770,2478130,68,2478198
20771,2478235,39,2478274
20772,2478316,2,2478318
20773,2478382,24,2478406
20774,2478529,5,2478534
20775,2478565,3,2478568
20776,2478651,20,2478671
20777,2478807,13,2478820
20778,2479005,45,2479050
20779,2479187,48,2479235
20780,2479303,24,2479327
20781,2479395,9,2479404
20782,2479475,3,2479478
20783,2479578,25,2479603
20784,2479689,27,2479716
20785,2479811,19,2479830
20786,2479881,12,2479893
20787,2479902,2,2479904
20788,2480077,19,2480096
20789,2480145,6,2480151
20790,2480226,18,2480244
20791,2480342,10,2480352
20792,2480513,28,2480541
20793,2480548,16,2480564
20794,2480626,4,2480630
20795,2480680,39,2480719
20796,2480738,15,2480753
20797,2480859,11,2480870
20798,2480891,8,2480899
20799,2481035,4,2481039
20800,2481142,6,2481148
20801,2481316,3,2481319
20802,2481501,57,2481558
20803,2481620,4,2481624
20804,2481718,11,2481729
20805,2481870,40,2481910
20806,2482090,4,2482094
20807,2482183,19,2482202
20808,2482217,12,2482229
20809,2482242,15,2482257
20810,2482345,45,2482390
20811,2482396,16,2482412
20812,2482631,6,2482637
20813,2482675,40,2482715
20814,2482782,12,2482794
20815,2482880,37,2482917
20816,2483014,12,2483026
20817,2483117,4,2483121
20818,2483150,7,2483157
20819,2483174,5,2483179
20820,2483193,2,2483195
20821,2483222,8,2483230
20822,2483289,14,2483303
20823,2483463,9,2483472
20824,2483494,20,2483514
20825,2483579,13,2483592
20826,2483828,4,2483832
20827,2483912,7,2483919
20828,2483920,4,2483924
20829,2484098,7,2484105
20830,2484112,29,2484141
20831,2484220,23,2484243
20832,2484304,8,2484312
20833,2484356,14,2484370
20834,2484376,10,2484386
20835,2484402,16,2484418
20836,2484519,22,2484541
20837,2484548,30,2484578
20838,2484590,39,2484629
20839,2484703,28,2484731
20840,2484755,25,2484780
20841,2484984,4,2484988
20842,2485077,31,2485108
20843,2485450,26,2485476
20844,2485811,1,2485812
20845,2485879,40,2485919
20846,2486022,26,2486048
20847,2486069,3,2486072
20848,2486201,10,2486211
20849,2486625,7,2486632
20850,2486674,52,2486726
20851,2486875,60,2486935
20852,2487002,16,2487018
20853,2487146,12,2487158
20854,2487246,28,2487274
20855,2487517,6,2487523
20856,2487532,15,2487547
20857,2487702,25,2487727
20858,2487773,6,2487779
20859,2488320,3,2488323
20860,2488337,7,2488344
20861,2488426,29,2488455
20862,2488488,26,2488514
20863,2488925,20,2488945
20864,2488987,22,2489009
20865,2489202,6,2489208
20866,2489253,3,2489256
20867,2489424,18,2489442
20868,2489472,1,2489473
20869,2489474,46,2489520
20870,2489553,71,2489624
20871,2489629,11,2489640
20872,2489853,18,2489871
20873,2489883,24,2489907
20874,2490088,2,2490090
20875,2490246,37,2490283
20876,2490337,32,2490369
20877,2490568,50,2490618
20878,2490718,9,2490727
20879,2490810,1,2490811
20880,2491477,10,2491487
20881,2491507,1,2491508
20882,2491652,36,2491688
20883,2491697,9,2491706
20884,2491746,39,2491785
20885,2491803,8,2491811
20886,2491904,16,2491920
20887,2492004,28,2492032
20888,2492129,1,2492130
20889,2492144,27,2492171
20890,2492248,33,2492281
20891,2492306,45,2492351
20892,2492562,6,2492568
20893,2492657,1,2492658
20894,2492732,69,2492801
20895,2492806,4,2492810
20896,2492826,3,2492829
20897,2493009,53,2493062
20898,2493116,61,2493177
20899,2493238,23,2493261
20900,2493300,19,2493319
20901,2493416,19,2493435
20902,2493520,20,2493540
20903,2493606,37,2493643
20904,2493657,27,2493684
20905,2493741,43,2493784
20906,2493983,37,2494020
20907,2494227,1,2494228
20908,2494359,59,2494418
20909,2494483,3,2494486
20910,2494514,11,2494525
20911,2494609,4,2494613
20912,2494643,24,2494667
20913,2494729,4,2494733
20914,2494749,4,2494753
20915,2494940,5,2494945
20916,2494968,6,2494974
20917,2495013,12,2495025
20918,2495132,55,2495187
20919,2495226,27,2495253
20920,2495256,140,2495396
20921,2495482,19,2495501
20922,2495754,7,2495761
20923,2495794,6,2495800
20924,2495868,81,2495949
20925,2495977,28,2496005
20926,2496143,19,2496162
20927,2496165,14,2496179
20928,2496544,14,2496558
20929,2496706,26,2496732
20930,2496888,12,2496900
20931,2497265,8,2497273
20932,2497383,20,2497403
20933,2497531,6,2497537
20934,2497642,4,2497646
20935,2497656,11,2497667
20936,2497668,12,2497680
20937,2497743,8,2497751
20938,2497807,4,2497811
20939,2497856,20,2497876
20940,2498015,5,2498020
20941,2498107,44,2498151
20942,2498250,13,2498263
20943,2498381,29,2498410
20944,2498554,28,2498582
20945,2498997,26,2499023
20946,2499065,3,2499068
20947,2499116,1,2499117
20948,2499129,5,2499134
20949,2499219,34,2499253
20950,2499387,9,2499396
20951,2499450,1,2499451
20952,2499563,8,2499571
20953,2499678,27,2499705
20954,2499767,1,2499768
20955,2499855,30,2499885
20956,2499984,17,2500001
20957,2500083,3,2500086
20958,2500210,20,2500230
20959,2500258,46,2500304
20960,2500449,14,2500463
20961,2500536,31,2500567
20962,2500818,24,2500842
20963,2500844,9,2500853
20964,2500948,4,2500952
20965,2500980,8,2500988
20966,2501031,2,2501033
20967,2501173,7,2501180
20968,2501181,3,2501184
20969,2501518,57,2501575
20970,2501588,12,2501600
20971,2501635,2,2501637
20972,2501666,6,2501672
20973,2501722,36,2501758
20974,2501770,18,2501788
20975,2501806,5,2501811
20976,2501891,5,2501896
20977,2501926,74,2502000
20978,2502155,29,2502184
20979,2502204,4,2502208
20980,2502243,47,2502290
20981,2502395,8,2502403
20982,2502745,23,2502768
20983,2502793,41,2502834
20984,2502839,19,2502858
20985,2502934,63,2502997
20986,2503034,57,2503091
20987,2503107,20,2503127
20988,2503151,22,2503173
20989,2503260,58,2503318
20990,2503649,5,2503654
20991,2503719,46,2503765
20992,2503794,11,2503805
20993,2503808,45,2503853
20994,2503912,2,2503914
20995,2503991,21,2504012
20996,2504028,9,2504037
20997,2504073,94,2504167
20998,2504311,61,2504372
20999,2504482,11,2504493
21000,2504542,13,2504555
21001,2504567,50,2504617
21002,2504769,16,2504785
21003,2504832,6,2504838
21004,2504987,58,2505045
21005,2505234,1,2505235
21006,2505394,32,2505426
21007,2505504,58,2505562
21008,2505576,1,2505577
21009,2505620,2,2505622
21010,2505638,1,2505639
21011,2506111,18,2506129
21012,2506209,2,2506211
21013,2506286,53,2506339
21014,2506453,17,2506470
21015,2506756,1,2506757
21016,2506827,29,2506856
21017,2507055,18,2507073
21018,2507245,31,2507276
21019,2507342,9,2507351
21020,2507399,16,2507415
21021,2507659,29,2507688
21022,2507841,24,2507865
21023,2508019,44,2508063
21024,2508120,5,2508125
21025,2508406,33,2508439
21026,2508511,5,2508516
21027,2508577,3,2508580
21028,2508950,27,2508977
21029,2509004,14,2509018
21030,2509027,16,2509043
21031,2509052,47,2509099
21032,2509110,20,2509130
21033,2509228,1,2509229
21034,2509294,25,2509319
21035,2509354,17,2509371
21036,2509433,1,2509434
21037,2509438,2,2509440
21038,2509663,63,2509726
21039,2509820,7,2509827
21040,2509900,9,2509909
21041,2510100,10,2510110
21042,2510130,51,2510181
21043,2510373,11,2510384
21044,2510438,85,2510523
21045,2510657,17,2510674
21046,2510687,9,2510696
21047,2510842,5,2510847
21048,2510982,54,2511036
21049,2511327,6,2511333
21050,2511347,10,2511357
21051,2511422,36,2511458
21052,2511889,14,2511903
21053,2511949,2,2511951
21054,2511958,8,2511966
21055,2512022,33,2512055
21056,2512217,4,2512221
21057,2512273,17,2512290
21058,2512529,48,2512577
21059,2512676,46,2512722
21060,2512851,1,2512852
21061,2512893,74,2512967
21062,2513173,43,2513216
21063,2513278,34,2513312
21064,2513323,6,2513329
21065,2513502,35,2513537
21066,2513621,24,2513645
21067,2513928,10,2513938
21068,2514007,3,2514010
21069,2514012,6,2514018
21070,2514030,13,2514043
21071,2514054,3,2514057
21072,2514224,11,2514235
21073,2514326,15,2514341
21074,2514347,7,2514354
21075,2514389,9,2514398
21076,2514548,12,2514560
21077,2514565,36,2514601
21078,2514782,23,2514805
21079,2514941,18,2514959
21080,2514967,21,2514988
21081,2515296,11,2515307
21082,2515439,3,2515442
21083,2515533,13,2515546
21084,2515857,8,2515865
21085,2516016,6,2516022
21086,2516208,7,2516215
21087,2516343,66,2516409
21088,2516436,23,2516459
21089,2516762,16,2516778
21090,2516780,18,2516798
21091,2517108,21,2517129
21092,2517407,36,2517443
21093,2517887,127,2518014
21094,2518056,17,2518073
21095,2518082,29,2518111
21096,2518146,18,2518164
21097,2518225,23,2518248
21098,2518284,3,2518287
21099,2518415,38,2518453
21100,2518540,37,2518577
21101,2518652,11,2518663
21102,2518750,27,2518777
21103,2518935,13,2518948
21104,2519004,12,2519016
21105,2519146,35,2519181
21106,2519218,36,2519254
21107,2519269,12,2519281
21108,2519812,20,2519832
21109,2519843,38,2519881
21110,2519941,12,2519953
21111,2520094,36,2520130
21112,2520144,3,2520147
21113,2520319,4,2520323
21114,2520348,1,2520349
21115,2520473,18,2520491
21116,2520621,11,2520632
21117,2520702,3,2520705
21118,2520791,21,2520812
21119,2520890,22,2520912
21120,2521111,42,2521153
21121,2521192,23,2521215
21122,2521240,4,2521244
21123,2521393,21,2521414
21124,2521525,16,2521541
21125,2521655,6,2521661
21126,2521681,22,2521703
21127,2521869,9,2521878
21128,2521886,12,2521898
21129,2521907,27,2521934
21130,2521993,55,2522048
21131,2522050,4,2522054
21132,2522183,8,2522191
21133,2522247,33,2522280
21134,2522342,16,2522358
21135,2522419,4,2522423
21136,2522441,13,2522454
21137,2522498,35,2522533
21138,2522583,13,2522596
21139,2522643,7,2522650
21140,2522766,42,2522808
21141,2523036,61,2523097
21142,2523397,17,2523414
21143,2523481,39,2523520
21144,2523600,8,2523608
21145,2523672,6,2523678
21146,2523706,6,2523712
21147,2523811,11,2523822
21148,2523889,4,2523893
21149,2524013,10,2524023
21150,2524084,13,2524097
21151,2524116,20,2524136
21152,2524244,34,2524278
21153,2524289,18,2524307
21154,2524420,13,2524433
21155,2524678,13,2524691
21156,2524701,37,2524738
21157,2524753,19,2524772
21158,2525156,2,2525158
21159,2525416,2,2525418
21160,2525569,16,2525585
21161,2525789,12,2525801
21162,2525823,31,2525854
21163,2525906,60,2525966
21164,2526138,23,2526161
21165,2526313,5,2526318
21166,2526324,28,2526352
21167,2526421,5,2526426
21168,2526430,37,2526467
21169,2526640,5,2526645
21170,2526885,48,2526933
21171,2526934,11,2526945
21172,2526990,18,2527008
21173,2527089,4,2527093
21174,2527181,10,2527191
21175,2527203,56,2527259
21176,2527314,4,2527318
21177,2527527,12,2527539
21178,2527629,21,2527650
21179,2527935,43,2527978
21180,2528017,9,2528026
21181,2528108,3,2528111
21182,2528220,14,2528234
21183,2528263,7,2528270
21184,2528339,7,2528346
21185,2528573,7,2528580
21186,2528737,66,2528803
21187,2528849,30,2528879
21188,2528942,47,2528989
21189,2529122,45,2529167
21190,2529395,20,2529415
21191,2529526,11,2529537
21192,2529547,41,2529588
21193,2529664,2,2529666
21194,2529753,2,2529755
21195,2530000,35,2530035
21196,2530117,5,2530122
21197,2530183,5,2530188
21198,2530272,19,2530291
21199,2530578,64,2530642
21200,2530655,19,2530674
21201,2530795,5,2530800
21202,2530841,19,2530860
21203,2530866,12,2530878
21204,2530991,9,2531000
21205,2531044,85,2531129
21206,2531136,40,2531176
21207,2531418,17,2531435
21208,2531899,2,2531901
21209,2532012,2,2532014
21210,2532017,20,2532037
21211,2532189,3,2532192
21212,2532221,22,2532243
21213,2532283,23,2532306
21214,2532312,80,2532392
21215,2532413,6,2532419
21216,2532439,5,2532444
21217,2532584,2,2532586
21218,2532729,22,2532751
21219,2532767,79,2532846
21220,2532940,22,2532962
21221,2533015,16,2533031
21222,2533162,94,2533256
21223,2533273,11,2533284
21224,2533289,1,2533290
21225,2533311,21,2533332
21226,2533520,32,2533552
21227,2533562,34,2533596
21228,2533617,4,2533621
21229,2533631,8,2533639
21230,2533682,5,2533687
21231,2533840,1,2533841
21232,2534058,8,2534066
21233,2534067,20,2534087
21234,2534158,13,2534171
21235,2534211,21,2534232
21236,2534258,30,2534288
21237,2534423,2,2534425
21238,2534549,57,2534606
21239,2534639,28,2534667
21240,2534713,2,2534715
21241,2534752,25,2534777
21242,2534813,29,2534842
21243,2534908,2,2534910
21244,2534954,53,2535007
21245,2535048,5,2535053
21246,2535123,3,2535126
21247,2535237,7,2535244
21248,2535281,90,2535371
21249,2535380,25,2535405
21250,2535406,2,2535408
21251,2535616,10,2535626
21252,2535734,15,2535749
21253,2535829,16,2535845
21254,2535903,9,2535912
21255,2536002,33,2536035
21256,2536140,14,2536154
21257,2536425,15,2536440
21258,2536599,2,2536601
21259,2536639,5,2536644
21260,2536869,44,2536913
21261,2536987,13,2537000
21262,2537188,35,2537223
21263,2537488,15,2537503
21264,2537535,77,2537612
21265,2537721,35,2537756
21266,2537768,76,2537844
21267,2537949,15,2537964
21268,2538213,1,2538214
21269,2538237,1,2538238
21270,2538296,7,2538303
21271,2538375,60,2538435
21272,2538504,92,2538596
21273,2538767,15,2538782
21274,2538817,15,2538832
21275,2539041,27,2539068
21276,2539630,1,2539631
21277,2539646,18,2539664
21278,2539668,22,2539690
21279,2540066,4,2540070
21280,2540088,70,2540158
21281,2540176,2,2540178
21282,2540232,52,2540284
21283,2540428,7,2540435
21284,2540494,56,2540550
21285,2540670,4,2540674
21286,2540699,22,2540721
21287,2540773,15,2540788
21288,2540813,40,2540853
21289,2541049,47,2541096
21290,2541127,11,2541138
21291,2541176,7,2541183
21292,2541319,4,2541323
21293,2541600,5,2541605
21294,2541764,4,2541768
21295,2541956,63,2542019
21296,2542080,2,2542082
21297,2542179,71,2542250
21298,2542259,23,2542282
21299,2542614,33,2542647
21300,2542683,18,2542701
21301,2542767,5,2542772
21302,2542860,1,2542861
21303,2542972,9,2542981
21304,2543239,5,2543244
21305,2543280,5,2543285
21306,2543383,4,2543387
21307,2543450,5,2543455
21308,2543617,3,2543620
21309,2543716,30,2543746
21310,2543759,12,2543771
21311,2543799,56,2543855
21312,2543892,29,2543921
21313,2543941,2,2543943
21314,2543971,40,2544011
21315,2544345,8,2544353
21316,2544491,2,2544493
21317,2544647,19,2544666
21318,2544893,3,2544896
21319,2544958,31,2544989
21320,2545032,59,2545091
21321,2545143,21,2545164
21322,2545213,31,2545244
21323,2545403,35,2545438
21324,2545443,43,2545486
21325,2545536,19,2545555
21326,2545567,23,2545590
21327,2545612,17,2545629
21328,2545770,75,2545845
21329,2545976,51,2546027
21330,2546184,58,2546242
21331,2546272,10,2546282
21332,2546461,14,2546475
21333,2546492,44,2546536
21334,2546537,6,2546543
21335,2546889,5,2546894
21336,2546900,1,2546901
21337,2547041,33,2547074
21338,2547081,56,2547137
21339,2547342,5,2547347
21340,2547353,2,2547355
21341,2547400,6,2547406
21342,2547430,5,2547435
21343,2547605,9,2547614
21344,2547673,2,2547675
21345,2547739,34,2547773
21346,2547923,22,2547945
21347,2548080,11,2548091
21348,2548184,5,2548189
21349,2548212,9,2548221
21350,2548380,21,2548401
21351,2548455,1,2548456
21352,2548735,24,2548759
21353,2548804,34,2548838
21354,2548842,14,2548856
21355,2549064,15,2549079
21356,2549099,10,2549109
21357,2549190,1,2549191
21358,2549280,38,2549318
21359,2549330,1,2549331
21360,2549348,8,2549356
21361,2549508,10,2549518
21362,2549596,12,2549608
21363,2549686,14,2549700
21364,2549732,2,2549734
21365,2549838,11,2549849
21366,2549871,7,2549878
21367,2549997,66,2550063
21368,2550074,37,2550111
21369,2550184,4,2550188
21370,2550240,48,2550288
21371,2550409,2,2550411
21372,2550502,1,2550503
21373,2550520,2,2550522
21374,2550608,53,2550661
21375,2550684,3,2550687
21376,2550731,8,2550739
21377,2550788,4,2550792
21378,2550796,10,2550806
21379,2550928,6,2550934
21380,2551052,3,2551055
21381,2551116,3,2551119
21382,2551169,12,2551181
21383,2551185,7,2551192
21384,2551297,12,2551309
21385,2551310,24,2551334
21386,2551403,38,2551441
21387,2551517,45,2551562
21388,2551744,51,2551795
21389,2551958,8,2551966
21390,2552048,66,2552114
21391,2552191,7,2552198
21392,2552297,9,2552306
21393,2552482,7,2552489
21394,2552542,21,2552563
21395,2552624,59,2552683
21396,2552815,6,2552821
21397,2553026,9,2553035
21398,2553190,2,2553192
21399,2553230,20,2553250
21400,2553334,39,2553373
21401,2553734,13,2553747
21402,2553840,7,2553847
21403,2553897,4,2553901
21404,2553932,62,2553994
21405,2554105,11,2554116
21406,2554234,6,2554240
21407,2554241,49,2554290
21408,2554295,19,2554314
21409,2554466,13,2554479
21410,2554511,7,2554518
21411,2554552,25,2554577
21412,2554658,7,2554665
21413,2554768,8,2554776
21414,2554867,3,2554870
21415,2554913,35,2554948
21416,2554954,4,2554958
21417,2555093,8,2555101
21418,2555202,11,2555213
21419,2555331,30,2555361
21420,2555604,84,2555688
21421,2555732,19,2555751
21422,2555755,38,2555793
21423,2555873,3,2555876
21424,2555885,24,2555909
21425,2556090,4,2556094
21426,2556171,21,2556192
21427,2556329,2,2556331
21428,2556411,60,2556471
21429,2556481,11,2556492
21430,2556593,8,2556601
21431,2556603,6,2556609
21432,2556703,27,2556730
21433,2556805,1,2556806
21434,2556843,39,2556882
21435,2557082,18,2557100
21436,2557104,5,2557109
21437,2557184,5,2557189
21438,2557422,6,2557428
21439,2557458,20,2557478
21440,2557549,12,2557561
21441,2557722,12,2557734
21442,2557816,1,2557817
21443,2557853,7,2557860
21444,2557868,17,2557885
21445,2558006,27,2558033
21446,2558139,68,2558207
21447,2558221,4,2558225
21448,2558309,18,2558327
21449,2558501,27,2558528
21450,2558686,38,2558724
21451,2558783,34,2558817
21452,2559041,9,2559050
21453,2559240,37,2559277
21454,2559353,23,2559376
21455,2559529,8,2559537
21456,2559716,26,2559742
21457,2559844,44,2559888
21458,2559924,3,2559927
21459,2559983,10,2559993
21460,2560069,10,2560079
21461,2560109,21,2560130
21462,2560213,22,2560235
21463,2560245,7,2560252
21464,2560639,7,2560646
21465,2560792,3,2560795
21466,2560922,3,2560925
21467,2561092,25,2561117
21468,2561281,4,2561285
21469,2561506,28,2561534
21470,2561587,7,2561594
21471,2561618,19,2561637
21472,2561741,8,2561749
21473,2561809,21,2561830
21474,2561879,12,2561891
21475,2562134,5,2562139
21476,2562146,17,2562163
21477,2562200,26,2562226
21478,2562258,1,2562259
21479,2562364,8,2562372
21480,2562495,23,2562518
21481,2562547,3,2562550
21482,2562563,5,2562568
21483,2562699,8,2562707
21484,2562784,14,2562798
21485,2562980,4,2562984
21486,2563069,62,2563131
21487,2563173,46,2563219
21488,2563317,4,2563321
21489,2563457,17,2563474
21490,2563672,3,2563675
21491,2563780,7,2563787
21492,2563881,21,2563902
21493,2563980,12,2563992
21494,2564109,43,2564152
21495,2564207,7,2564214
21496,2564404,54,2564458
21497,2564495,13,2564508
21498,2564591,7,2564598
21499,2564645,6,2564651
21500,2564668,11,2564679
21501,2564712,3,2564715
21502,2564746,60,2564806
21503,2565086,19,2565105
21504,2565266,44,2565310
21505,2565334,6,2565340
21506,2565538,7,2565545
21507,2565561,45,2565606
21508,2565961,2,2565963
21509,2566142,24,2566166
21510,2566519,13,2566532
21511,2566554,41,2566595
21512,2566828,58,2566886
21513,2566946,9,2566955
21514,2567185,32,2567217
21515,2567410,7,2567417
21516,2567435,4,2567439
21517,2567596,16,2567612
21518,2567656,60,2567716
21519,2567735,23,2567758
21520,2568171,10,2568181
21521,2568343,66,2568409
21522,2568436,71,2568507
21523,2568554,16,2568570
21524,2568776,83,2568859
21525,2568912,11,2568923
21526,2568938,13,2568951
21527,2568983,21,2569004
21528,2569214,67,2569281
21529,2569378,16,2569394
21530,2569472,7,2569479
21531,2569751,2,2569753
21532,2569786,78,2569864
21533,2569922,21,2569943
21534,2569976,10,2569986
21535,2570011,14,2570025
21536,2570089,1,2570090
21537,2570097,5,2570102
21538,2570197,7,2570204
21539,2570253,10,2570263
21540,2570372,2,2570374
21541,2570483,14,2570497
21542,2570630,41,2570671
21543,2571137,22,2571159
21544,2571254,3,2571257
21545,2571311,21,2571332
21546,2571365,7,2571372
21547,2571390,17,2571407
21548,2571461,12,2571473
21549,2571488,3,2571491
21550,2571514,25,2571539
21551,2571606,8,2571614
21552,2571687,13,2571700
21553,2571813,47,2571860
21554,2571872,33,2571905
21555,2572071,6,2572077
21556,2572112,4,2572116
21557,2572151,32,2572183
21558,2572265,7,2572272
21559,2572428,90,2572518
21560,2572615,7,2572622
21561,2572705,35,2572740
21562,2573223,7,2573230
21563,2573330,36,2573366
21564,2573367,4,2573371
21565,2573919,18,2573937
21566,2573951,64,2574015
21567,2574143,10,2574153
21568,2574358,22,2574380
21569,2574533,2,2574535
21570,2574668,2,2574670
21571,2574752,8,2574760
21572,2574898,31,2574929
21573,2575194,28,2575222
21574,2575302,18,2575320
21575,2575379,20,2575399
21576,2575562,29,2575591
21577,2575661,64,2575725
21578,2575740,18,2575758
21579,2575858,4,2575862
21580,2576095,8,2576103
21581,2576185,10,2576195
21582,2576410,27,2576437
21583,2576598,28,2576626
21584,2576687,39,2576726
21585,2576834,57,2576891
21586,2577005,47,2577052
21587,2577085,2,2577087
21588,2577335,4,2577339
21589,2577445,35,2577480
21590,2577518,11,2577529
21591,2577711,13,2577724
21592,2577758,2,2577760
21593,2577802,3,2577805
21594,2577996,8,2578004
21595,2578062,15,2578077
21596,2578311,68,2578379
21597,2578663,24,2578687
21598,2578947,5,2578952
21599,2578963,10,2578973
21600,2579134,5,2579139
21601,2579193,3,2579196
21602,2579197,18,2579215
21603,2579335,18,2579353
21604,2579577,2,2579579
21605,2579652,75,2579727
21606,2579749,27,2579776
21607,2579825,3,2579828
21608,2579874,36,2579910
21609,2580030,33,2580063
21610,2580102,29,2580131
21611,2580258,22,2580280
21612,2580533,14,2580547
21613,2580771,50,2580821
21614,2580879,19,2580898
21615,2580941,19,2580960
21616,2581254,24,2581278
21617,2581343,2,2581345
21618,2581648,24,2581672
21619,2581673,101,2581774
21620,2581882,15,2581897
21621,2581964,9,2581973
21622,2582594,3,2582597
21623,2582673,63,2582736
21624,2582814,6,2582820
21625,2583183,5,2583188
21626,2583197,24,2583221
21627,2583231,39,2583270
21628,2583334,15,2583349
21629,2583359,14,2583373
21630,2583403,15,2583418
21631,2583427,6,2583433
21632,2583438,3,2583441
21633,2583455,3,2583458
21634,2583539,5,2583544
21635,2583562,1,2583563
21636,2583619,19,2583638
21637,2583717,64,2583781
21638,2583784,58,2583842
21639,2583853,17,2583870
21640,2583889,20,2583909
21641,2584119,25,2584144
21642,2584276,41,2584317
21643,2584412,14,2584426
21644,2584465,2,2584467
21645,2584491,6,2584497
21646,2584529,1,2584530
21647,2584578,7,2584585
21648,2584603,27,2584630
21649,2584821,16,2584837
21650,2584855,25,2584880
21651,2584884,35,2584919
21652,2585155,10,2585165
21653,2585200,31,2585231
21654,2585371,17,2585388
21655,2586022,23,2586045
21656,2586282,10,2586292
21657,2586396,7,2586403
21658,2586543,2,2586545
21659,2586575,68,2586643
21660,2586799,19,2586818
21661,2586897,5,2586902
21662,2586913,27,2586940
21663,2587382,6,2587388
21664,2587452,45,2587497
21665,2587519,17,2587536
21666,2587588,43,2587631
21667,2587644,42,2587686
21668,2587707,15,2587722
21669,2587756,20,2587776
21670,2587837,18,2587855
21671,2587924,36,2587960
21672,2588010,8,2588018
21673,2588299,5,2588304
21674,2588404,1,2588405
21675,2588460,78,2588538
21676,2588676,15,2588691
21677,2588728,18,2588746
21678,2588821,2,2588823
21679,2588937,70,2589007
21680,2589010,22,2589032
21681,2589074,4,2589078
21682,2589094,3,2589097
21683,2589172,18,2589190
21684,2589407,1,2589408
21685,2589424,76,2589500
21686,2589546,2,2589548
21687,2589673,10,2589683
21688,2589704,4,2589708
21689,2589740,13,2589753
21690,2589782,5,2589787
21691,2589891,18,2589909
21692,2589976,38,2590014
21693,2590122,21,2590143
21694,2590162,49,2590211
21695,2590487,26,2590513
21696,2590616,25,2590641
21697,2590660,3,2590663
21698,2590725,11,2590736
21699,2590775,63,2590838
21700,2590950,6,2590956
21701,2591081,55,2591136
21702,2591471,5,2591476
21703,2591520,21,2591541
21704,2591662,2,2591664
21705,2591806,49,2591855
21706,2591915,6,2591921
21707,2591922,4,2591926
21708,2591978,4,2591982
21709,2592137,43,2592180
21710,2592212,5,2592217
21711,2592438,6,2592444
21712,2592656,22,2592678
21713,2592708,27,2592735
21714,2592849,11,2592860
21715,2592871,6,2592877
21716,2592936,15,2592951
21717,2592952,12,2592964
21718,2592980,16,2592996
21719,2593000,8,2593008
21720,2593059,75,2593134
21721,2593281,6,2593287
21722,2593323,2,2593325
21723,2593365,5,2593370
21724,2593483,19,2593502
21725,2593598,5,2593603
21726,2593643,35,2593678
21727,2593712,19,2593731
21728,2593737,2,2593739
21729,2593744,9,2593753
21730,2593806,20,2593826
21731,2593907,2,2593909
21732,2594268,6,2594274
21733,2594682,10,2594692
21734,2594775,39,2594814
21735,2594829,8,2594837
21736,2594951,4,2594955
21737,2595070,39,2595109
21738,2595216,14,2595230
21739,2595280,18,2595298
21740,2595310,1,2595311
21741,2595405,62,2595467
21742,2595510,8,2595518
21743,2595592,41,2595633
21744,2595768,47,2595815
21745,2595914,15,2595929
21746,2596037,4,2596041
21747,2596280,25,2596305
21748,2596390,4,2596394
21749,2596434,14,2596448
21750,2596521,83,2596604
21751,2596652,1,2596653
21752,2596739,16,2596755
21753,2596812,1,2596813
21754,2596919,1,2596920
21755,2597121,29,2597150
21756,2597249,11,2597260
21757,2597512,72,2597584
21758,2597652,28,2597680
21759,2597733,37,2597770
21760,2598225,81,2598306
21761,2598362,3,2598365
21762,2598394,34,2598428
21763,2598439,27,2598466
21764,2598604,22,2598626
21765,2598673,2,2598675
21766,2598747,26,2598773
21767,2598809,6,2598815
21768,2598894,8,2598902
21769,2599217,13,2599230
21770,2599246,11,2599257
21771,2599284,1,2599285
21772,2599294,32,2599326
21773,2599501,15,2599516
21774,2599575,7,2599582
21775,2599643,102,2599745
21776,2599792,33,2599825
21777,2599886,60,2599946
21778,2599952,13,2599965
21779,2600134,3,2600137
21780,2600144,79,2600223
21781,2600257,1,2600258
21782,2600261,51,2600312
21783,2600466,7,2600473
21784,2600539,7,2600546
21785,2600557,74,2600631
21786,2600718,13,2600731
21787,2600866,8,2600874
21788,2600926,20,2600946
21789,2601137,1,2601138
21790,2601168,10,2601178
21791,2601200,22,2601222
21792,2601263,26,2601289
21793,2601489,78,2601567
21794,2601607,16,2601623
21795,2601778,44,2601822
21796,2602003,81,2602084
21797,2602089,22,2602111
21798,2602127,33,2602160
21799,2602182,34,2602216
21800,2602240,12,2602252
21801,2602580,51,2602631
21802,2602687,6,2602693
21803,2602757,3,2602760
21804,2602776,18,2602794
21805,2602813,56,2602869
21806,2602883,24,2602907
21807,2602922,7,2602929
21808,2602946,28,2602974
21809,2603301,63,2603364
21810,2603447,14,2603461
21811,2603551,6,2603557
21812,2603678,7,2603685
21813,2603877,29,2603906
21814,2604002,2,2604004
21815,2604245,7,2604252
21816,2604348,32,2604380
21817,2604453,33,2604486
21818,2604637,4,2604641
21819,2604661,9,2604670
21820,2604793,43,2604836
21821,2604921,9,2604930
21822,2605065,67,2605132
21823,2605209,3,2605212
21824,2605315,3,2605318
21825,2605360,3,2605363
21826,2605529,6,2605535
21827,2605557,87,2605644
21828,2605651,2,2605653
21829,2605798,5,2605803
21830,2605891,3,2605894
21831,2605962,7,2605969
21832,2606077,4,2606081
21833,2606210,16,2606226
21834,2606280,1,2606281
21835,2606403,36,2606439
21836,2606640,3,2606643
21837,2606786,31,2606817
21838,2606880,45,2606925
21839,2606993,10,2607003
21840,2607194,13,2607207
21841,2607339,32,2607371
21842,2607438,18,2607456
21843,2607619,69,2607688
21844,2607798,30,2607828
21845,2607869,48,2607917
21846,2607966,20,2607986
21847,2607991,5,2607996
21848,2608267,30,2608297
21849,2608559,13,2608572
21850,2608583,49,2608632
21851,2608655,4,2608659
21852,2608690,1,2608691
21853,2608813,8,2608821
21854,2608929,37,2608966
21855,2609199,46,2609245
21856,2609526,5,2609531
21857,2609534,16,2609550
21858,2609704,13,2609717
21859,2609746,27,2609773
21860,2609927,13,2609940
21861,2610004,14,2610018
21862,2610161,25,2610186
21863,2610452,12,2610464
21864,2610494,7,2610501
21865,2610631,4,2610635
21866,2610794,5,2610799
21867,2610847,20,2610867
21868,2610916,59,2610975
21869,2611378,6,2611384
21870,2611400,5,2611405
21871,2611454,3,2611457
21872,2611530,42,2611572
21873,2611716,28,2611744
21874,2611782,9,2611791
21875,2611972,50,2612022
21876,2612066,23,2612089
21877,2612094,5,2612099
21878,2612114,3,2612117
21879,2612211,21,2612232
21880,2612301,9,2612310
21881,2612356,2,2612358
21882,2612464,7,2612471
21883,2612549,8,2612557
21884,2612581,5,2612586
21885,2612607,67,2612674
21886,2612851,10,2612861
21887,2612886,4,2612890
21888,2613105,4,2613109
21889,2613111,16,2613127
21890,2613156,2,2613158
21891,2613225,11,2613236
21892,2613292,35,2613327
21893,2613550,6,2613556
21894,2613623,9,2613632
21895,2613652,29,2613681
21896,2613949,32,2613981
21897,2614004,49,2614053
21898,2614207,16,2614223
21899,2614368,21,2614389
21900,2614507,1,2614508
21901,2614527,9,2614536
21902,2614557,5,2614562
21903,2614598,3,2614601
21904,2614618,9,2614627
21905,2614664,3,2614667
21906,2614674,41,2614715
21907,2614718,8,2614726
21908,2614969,5,2614974
21909,2615023,2,2615025
21910,2615093,16,2615109
21911,2615258,5,2615263
21912,2615278,37,2615315
21913,2615336,29,2615365
21914,2615549,15,2615564
21915,2615716,6,2615722
21916,2615789,27,2615816
21917,2616018,21,2616039
21918,2616044,3,2616047
21919,2616078,46,2616124
21920,2616138,2,2616140
21921,2616295,38,2616333
21922,2616579,43,2616622
21923,2616652,58,2616710
21924,2616978,3,2616981
21925,2617089,3,2617092
21926,2617125,35,2617160
21927,2617278,15,2617293
21928,2617298,4,2617302
21929,2617373,15,2617388
21930,2617461,10,2617471
21931,2617482,21,2617503
21932,2617575,12,2617587
21933,2617706,4,2617710
21934,2617806,31,2617837
21935,2618013,14,2618027
21936,2618032,26,2618058
21937,2618134,19,2618153
21938,2618168,36,2618204
21939,2618343,21,2618364
21940,2618394,7,2618401
21941,2618647,29,2618676
21942,2618813,4,2618817
21943,2618846,47,2618893
21944,2618920,23,2618943
21945,2618999,7,2619006
21946,2619153,11,2619164
21947,2619322,2,2619324
21948,2619449,50,2619499
21949,2619530,13,2619543
21950,2619702,17,2619719
21951,2619729,17,2619746
21952,2619922,12,2619934
21953,2619959,9,2619968
21954,2619994,7,2620001
21955,2620225,16,2620241
21956,2620597,6,2620603
21957,2620659,4,2620663
21958,2620731,4,2620735
21959,2620816,8,2620824
21960,2620983,2,2620985
21961,2621530,16,2621546
21962,2621598,54,2621652
21963,2621744,3,2621747
21964,2621858,8,2621866
21965,2621994,25,2622019
21966,2622063,5,2622068
21967,2622167,15,2622182
21968,2622320,9,2622329
21969,2622354,3,2622357
21970,2622624,32,2622656
21971,2622761,51,2622812
21972,2622905,46,2622951
21973,2622990,1,2622991
21974,2623042,66,2623108
21975,2623231,1,2623232
21976,2623336,10,2623346
21977,2623416,54,2623470
21978,2623517,30,2623547
21979,2623826,58,2623884
21980,2623992,60,2624052
21981,2624127,36,2624163
21982,2624179,45,2624224
21983,2624271,22,2624293
21984,2624655,4,2624659
21985,2624710,50,2624760
21986,2624771,39,2624810
21987,2624860,24,2624884
21988,2625055,8,2625063
21989,2625133,11,2625144
21990,2625259,51,2625310
21991,2625424,10,2625434
21992,2625444,30,2625474
21993,2625513,5,2625518
21994,2625540,80,2625620
21995,2625912,69,2625981
21996,2625997,1,2625998
21997,2626539,5,2626544
21998,2626559,18,2626577
21999,2626817,38,2626855
22000,2627049,3,2627052
22001,2627075,41,2627116
22002,2627134,20,2627154
22003,2627242,7,2627249
22004,2627369,5,2627374
22005,2627565,34,2627599
22006,2627601,67,2627668
22007,2627849,32,2627881
22008,2627957,13,2627970
22009,2628341,14,2628355
22010,2628414,25,2628439
22011,2628530,77,2628607
22012,2628813,4,2628817
22013,2628985,29,2629014
22014,2629019,32,2629051
22015,2629344,6,2629350
22016,2629389,40,2629429
22017,2629509,8,2629517
22018,2629529,8,2629537
22019,2629678,30,2629708
22020,2629757,2,2629759
22021,2629981,127,2630108
22022,2630337,9,2630346
22023,2630433,19,2630452
22024,2630579,30,2630609
22025,2630614,37,2630651
22026,2630719,23,2630742
22027,2630818,13,2630831
22028,2630903,14,2630917
22029,2631157,4,2631161
22030,2631640,1,2631641
22031,2631682,27,2631709
22032,2631720,3,2631723
22033,2631802,13,2631815
22034,2631859,1,2631860
22035,2632037,51,2632088
22036,2632098,8,2632106
22037,2632182,12,2632194
22038,2632317,3,2632320
22039,2632398,31,2632429
22040,2632853,2,2632855
22041,2632871,9,2632880
22042,2632890,5,2632895
22043,2633016,2,2633018
22044,2633222,19,2633241
22045,2633284,43,2633327
22046,2633363,7,2633370
22047,2633389,1,2633390
22048,2633491,2,2633493
22049,2633533,1,2633534
22050,2633536,6,2633542
22051,2633615,52,2633667
22052,2633704,10,2633714
22053,2633774,26,2633800
22054,2633812,18,2633830
22055,2633943,35,2633978
22056,2634055,20,2634075
22057,2634087,57,2634144
22058,2634193,50,2634243
22059,2634253,5,2634258
22060,2634575,2,2634577
22061,2634601,4,2634605
22062,2634616,6,2634622
22063,2634756,48,2634804
22064,2634864,143,2635007
22065,2635008,17,2635025
22066,2635083,17,2635100
22067,2635421,15,2635436
22068,2635543,21,2635564
22069,2635566,6,2635572
22070,2635668,4,2635672
22071,2635675,8,2635683
22072,2635881,56,2635937
22073,2635982,2,2635984
22074,2636417,77,2636494
22075,2636748,9,2636757
22076,2636810,11,2636821
22077,2637001,87,2637088
22078,2637131,21,2637152
22079,2637156,1,2637157
22080,2637339,8,2637347
22081,2637443,39,2637482
22082,2637526,28,2637554
22083,2637629,5,2637634
22084,2637804,100,2637904
22085,2638242,15,2638257
22086,2638502,25,2638527
22087,2638685,28,2638713
22088,2638753,14,2638767
22089,2638808,29,2638837
22090,2638919,7,2638926
22091,2638984,45,2639029
22092,2639077,12,2639089
22093,2639153,40,2639193
22094,2639311,33,2639344
22095,2639481,53,2639534
22096,2639803,5,2639808
22097,2639821,17,2639838
22098,2639917,8,2639925
22099,2639970,14,2639984
22100,2640081,6,2640087
22101,2640132,12,2640144
22102,2640271,23,2640294
22103,2640303,20,2640323
22104,2640325,1,2640326
22105,2640469,1,2640470
22106,2640616,46,2640662
22107,2640807,1,2640808
22108,2640900,5,2640905
22109,2641119,3,2641122
22110,2641124,8,2641132
22111,2641260,38,2641298
22112,2641411,4,2641415
22113,2641465,23,2641488
22114,2641510,13,2641523
22115,2641558,23,2641581
22116,2641664,7,2641671
22117,2641773,1,2641774
22118,2641823,1,2641824
22119,2641834,84,2641918
22120,2642041,13,2642054
22121,2642107,25,2642132
22122,2642151,1,2642152
22123,2642245,15,2642260
22124,2642514,13,2642527
22125,2642586,33,2642619
22126,2642849,16,2642865
22127,2642973,16,2642989
22128,2643037,35,2643072
22129,2643085,22,2643107
22130,2643242,3,2643245
22131,2643253,23,2643276
22132,2643372,8,2643380
22133,2643480,17,2643497
22134,2643548,3,2643551
22135,2643683,24,2643707
22136,2643912,5,2643917
22137,2643964,40,2644004
22138,2644086,5,2644091
22139,2644110,25,2644135
22140,2644208,5,2644213
22141,2644264,27,2644291
22142,2644301,1,2644302
22143,2644330,22,2644352
22144,2644538,1,2644539
22145,2644572,2,2644574
22146,2644600,13,2644613
22147,2644650,29,2644679
22148,2644772,40,2644812
22149,2644878,11,2644889
22150,2644902,9,2644911
22151,2644942,1,2644943
22152,2645087,29,2645116
22153,2645159,21,2645180
22154,2645189,17,2645206
22155,2645473,1,2645474
22156,2645475,52,2645527
22157,2645538,3,2645541
22158,2645658,4,2645662
22159,2645790,40,2645830
22160,2645837,33,2645870
22161,2645902,23,2645925
22162,2645961,7,2645968
22163,2645971,6,2645977
22164,2646028,5,2646033
22165,2646138,4,2646142
22166,2646726,6,2646732
22167,2646825,2,2646827
22168,2646855,25,2646880
22169,2647059,5,2647064
22170,2647112,7,2647119
22171,2647248,22,2647270
22172,2647284,5,2647289
22173,2647291,6,2647297
22174,2647316,55,2647371
22175,2647416,2,2647418
22176,2647447,4,2647451
22177,2647581,27,2647608
22178,2647615,6,2647621
22179,2647657,14,2647671
22180,2647744,1,2647745
22181,2647914,36,2647950
22182,2648064,6,2648070
22183,2648114,5,2648119
22184,2648338,10,2648348
22185,2648366,35,2648401
22186,2648414,9,2648423
22187,2648453,45,2648498
22188,2648615,32,2648647
22189,2648681,1,2648682
22190,2648734,16,2648750
22191,2648777,5,2648782
22192,2648960,5,2648965
22193,2648966,1,2648967
22194,2649020,20,2649040
22195,2649048,1,2649049
22196,2649088,18,2649106
22197,2649149,29,2649178
22198,2649393,29,2649422
22199,2649592,10,2649602
22200,2649662,57,2649719
22201,2649737,64,2649801
22202,2649848,38,2649886
22203,2649925,41,2649966
22204,2650081,42,2650123
22205,2650128,4,2650132
22206,2650176,20,2650196
22207,2650364,19,2650383
22208,2650465,27,2650492
22209,2650770,11,2650781
22210,2650939,14,2650953
22211,2651210,77,2651287
22212,2651325,37,2651362
22213,2651368,9,2651377
22214,2651459,27,2651486
22215,2651518,12,2651530
22216,2651549,24,2651573
22217,2651658,61,2651719
22218,2651870,15,2651885
22219,2651900,40,2651940
22220,2651963,21,2651984
22221,2652168,58,2652226
22222,2652623,14,2652637
22223,2652642,14,2652656
22224,2652695,43,2652738
22225,2652862,6,2652868
22226,2653013,8,2653021
22227,2653036,68,2653104
22228,2653685,62,2653747
22229,2653884,2,2653886
22230,2653988,1,2653989
22231,2654004,7,2654011
22232,2654209,26,2654235
22233,2654347,5,2654352
22234,2654710,93,2654803
22235,2654847,2,2654849
22236,2655030,24,2655054
22237,2655153,1,2655154
22238,2655256,4,2655260
22239,2655400,14,2655414
22240,2655499,16,2655515
22241,2655524,16,2655540
22242,2655590,3,2655593
22243,2655604,1,2655605
22244,2655634,20,2655654
22245,2655729,3,2655732
22246,2655743,5,2655748
22247,2655935,13,2655948
22248,2655956,19,2655975
22249,2656080,6,2656086
22250,2656253,14,2656267
22251,2656376,29,2656405
22252,2656509,8,2656517
22253,2656685,26,2656711
22254,2657347,15,2657362
22255,2657429,7,2657436
22256,2657851,46,2657897
22257,2657977,59,2658036
22258,2658047,2,2658049
22259,2658129,6,2658135
22260,2658183,16,2658199
22261,2658221,9,2658230
22262,2658275,7,2658282
22263,2658313,6,2658319
22264,2658361,32,2658393
22265,2658453,26,2658479
22266,2658665,23,2658688
22267,2658810,4,2658814
22268,2658941,3,2658944
22269,2658953,42,2658995
22270,2659072,17,2659089
22271,2659102,1,2659103
22272,2659191,17,2659208
22273,2659255,34,2659289
22274,2659293,34,2659327
22275,2659340,12,2659352
22276,2659388,2,2659390
22277,2659398,6,2659404
22278,2659439,6,2659445
22279,2659540,19,2659559
22280,2659645,29,2659674
22281,2659735,6,2659741
22282,2659753,13,2659766
22283,2659798,18,2659816
22284,2659949,14,2659963
22285,2660017,31,2660048
22286,2660268,20,2660288
22287,2660311,12,2660323
22288,2660393,12,2660405
22289,2660668,6,2660674
22290,2660762,12,2660774
22291,2660779,11,2660790
22292,2661038,51,2661089
22293,2661238,14,2661252
22294,2661304,9,2661313
22295,2661338,21,2661359
22296,2661440,14,2661454
22297,2661544,1,2661545
22298,2661556,7,2661563
22299,2661567,15,2661582
22300,2661646,88,2661734
22301,2661935,21,2661956
22302,2661961,22,2661983
22303,2662079,30,2662109
22304,2662190,23,2662213
22305,2662262,1,2662263
22306,2662394,3,2662397
22307,2662400,22,2662422
22308,2662529,38,2662567
22309,2662622,12,2662634
22310,2662637,20,2662657
22311,2662684,5,2662689
22312,2662691,76,2662767
22313,2662863,46,2662909
22314,2662964,51,2663015
22315,2663046,53,2663099
22316,2663215,12,2663227
22317,2663264,54,2663318
22318,2663696,130,2663826
22319,2664106,12,2664118
22320,2664182,36,2664218
22321,2664249,63,2664312
22322,2664320,20,2664340
22323,2664352,16,2664368
22324,2664372,69,2664441
22325,2664481,9,2664490
22326,2664601,40,2664641
22327,2664892,1,2664893
22328,2664992,4,2664996
22329,2665004,5,2665009
22330,2665029,2,2665031
22331,2665219,4,2665223
22332,2665354,35,2665389
22333,2665488,46,2665534
22334,2665909,26,2665935
22335,2665970,5,2665975
22336,2666016,14,2666030
22337,2666037,9,2666046
22338,2666110,37,2666147
22339,2666942,5,2666947
22340,2667061,35,2667096
22341,2667107,12,2667119
22342,2667140,61,2667201
22343,2667216,38,2667254
22344,2667545,6,2667551
22345,2667649,19,2667668
22346,2667692,11,2667703
22347,2668012,33,2668045
22348,2668159,13,2668172
22349,2668302,30,2668332
22350,2668761,1,2668762
22351,2668972,1,2668973
22352,2669099,11,2669110
22353,2669126,31,2669157
22354,2669238,32,2669270
22355,2669502,21,2669523
22356,2669529,186,2669715
22357,2669957,32,2669989
22358,2670134,25,2670159
22359,2670229,16,2670245
22360,2670262,29,2670291
22361,2670491,33,2670524
22362,2670533,1,2670534
22363,2670573,34,2670607
22364,2670726,11,2670737
22365,2670773,3,2670776
22366,2670885,8,2670893
22367,2670909,30,2670939
22368,2670986,29,2671015
22369,2671028,16,2671044
22370,2671217,1,2671218
22371,2671256,10,2671266
22372,2671344,3,2671347
22373,2671443,12,2671455
22374,2671457,4,2671461
22375,2671550,25,2671575
22376,2671648,4,2671652
22377,2671667,3,2671670
22378,2671745,13,2671758
22379,2671812,36,2671848
22380,2672183,2,2672185
22381,2672221,1,2672222
22382,2672299,12,2672311
22383,2672442,38,2672480
22384,2672529,22,2672551
22385,2672552,32,2672584
22386,2672972,3,2672975
22387,2672994,33,2673027
22388,2673099,71,2673170
22389,2673179,25,2673204
22390,2673353,10,2673363
22391,2673379,23,2673402
22392,2673637,3,2673640
22393,2673646,1,2673647
22394,2673652,2,2673654
22395,2673662,13,2673675
22396,2673720,82,2673802
22397,2673955,9,2673964
22398,2674042,5,2674047
22399,2674066,1,2674067
22400,2674145,15,2674160
22401,2674621,28,2674649
22402,2674759,7,2674766
22403,2674770,13,2674783
22404,2674879,1,2674880
22405,2674902,1,2674903
22406,2675038,13,2675051
22407,2675055,14,2675069
22408,2675223,12,2675235
22409,2675330,34,2675364
22410,2675420,8,2675428
22411,2675522,17,2675539
22412,2675555,1,2675556
22413,2675585,5,2675590
22414,2675698,21,2675719
22415,2675739,59,2675798
22416,2675963,42,2676005
22417,2676031,6,2676037
22418,2676086,17,2676103
22419,2676142,12,2676154
22420,2676369,71,2676440
22421,2676511,11,2676522
22422,2676625,14,2676639
22423,2676684,2,2676686
22424,2676776,19,2676795
22425,2676868,2,2676870
22426,2676941,3,2676944
22427,2676955,3,2676958
22428,2677183,17,2677200
22429,2677224,13,2677237
22430,2677308,28,2677336
22431,2677608,21,2677629
22432,2678146,40,2678186
22433,2678235,27,2678262
22434,2678331,6,2678337
22435,2678371,41,2678412
22436,2678674,4,2678678
22437,2678689,27,2678716
22438,2678725,2,2678727
22439,2678782,28,2678810
22440,2678903,23,2678926
22441,2678961,39,2679000
22442,2679072,12,2679084
22443,2679115,1,2679116
22444,2679297,32,2679329
22445,2679412,6,2679418
22446,2679526,20,2679546
22447,2679780,35,2679815
22448,2680087,13,2680100
22449,2680167,18,2680185
22450,2680195,37,2680232
22451,2680235,9,2680244
22452,2680375,14,2680389
22453,2680400,47,2680447
22454,2680934,25,2680959
22455,2681179,1,2681180
22456,2681519,5,2681524
22457,2681736,9,2681745
22458,2681836,7,2681843
22459,2681893,26,2681919
22460,2682270,10,2682280
22461,2682527,2,2682529
22462,2682572,3,2682575
22463,2682732,16,2682748
22464,2683066,42,2683108
22465,2683212,1,2683213
22466,2683246,11,2683257
22467,2683269,5,2683274
22468,2683315,9,2683324
22469,2683365,12,2683377
22470,2683509,6,2683515
22471,2683516,15,2683531
22472,2683658,1,2683659
22473,2683725,36,2683761
22474,2683803,44,2683847
22475,2683889,14,2683903
22476,2683907,15,2683922
22477,2683932,35,2683967
22478,2684003,3,2684006
22479,2684131,40,2684171
22480,2684268,10,2684278
22481,2684371,14,2684385
22482,2684450,19,2684469
22483,2684547,11,2684558
22484,2684616,7,2684623
22485,2684653,16,2684669
22486,2684676,2,2684678
22487,2684700,23,2684723
22488,2684772,26,2684798
22489,2684831,8,2684839
22490,2684856,8,2684864
22491,2685088,13,2685101
22492,2685150,3,2685153
22493,2685182,26,2685208
22494,2685363,7,2685370
22495,2685378,20,2685398
22496,2685413,14,2685427
22497,2685451,23,2685474
22498,2685671,30,2685701
22499,2685847,4,2685851
22500,2685854,2,2685856
22501,2685959,2,2685961
22502,2686149,73,2686222
22503,2686232,22,2686254
22504,2686419,41,2686460
22505,2686461,35,2686496
22506,2686565,2,2686567
22507,2686665,81,2686746
22508,2686789,15,2686804
22509,2686907,9,2686916
22510,2686998,5,2687003
22511,2687179,29,2687208
22512,2687595,38,2687633
22513,2687746,55,2687801
22514,2687819,15,2687834
22515,2687920,10,2687930
22516,2688166,16,2688182
22517,2688203,26,2688229
22518,2688423,3,2688426
22519,2688573,4,2688577
22520,2688731,16,2688747
22521,2688793,2,2688795
22522,2688802,20,2688822
22523,2688827,13,2688840
22524,2689557,9,2689566
22525,2689630,31,2689661
22526,2689675,3,2689678
22527,2689827,29,2689856
22528,2689944,26,2689970
22529,2690040,14,2690054
22530,2690278,27,2690305
22531,2690462,1,2690463
22532,2690519,27,2690546
22533,2691026,4,2691030
22534,2691121,5,2691126
22535,2691139,17,2691156
22536,2691213,20,2691233
22537,2691246,9,2691255
22538,2691298,11,2691309
22539,2691498,1,2691499
22540,2691658,10,2691668
22541,2691675,39,2691714
22542,2691808,16,2691824
22543,2691951,5,2691956
22544,2692058,12,2692070
22545,2692206,47,2692253
22546,2692327,1,2692328
22547,2692660,2,2692662
22548,2692690,133,2692823
22549,2692879,22,2692901
22550,2692994,8,2693002
22551,2693355,17,2693372
22552,2693411,44,2693455
22553,2693467,1,2693468
22554,2693658,32,2693690
22555,2693901,46,2693947
22556,2694026,21,2694047
22557,2694059,29,2694088
22558,2694166,11,2694177
22559,2694229,1,2694230
22560,2694312,3,2694315
22561,2694382,8,2694390
22562,2694399,4,2694403
22563,2694450,58,2694508
22564,2694588,46,2694634
22565,2695215,4,2695219
22566,2695270,64,2695334
22567,2695491,14,2695505
22568,2695510,48,2695558
22569,2695590,5,2695595
22570,2695741,11,2695752
22571,2695850,2,2695852
22572,2695858,1,2695859
22573,2695895,27,2695922
22574,2696075,7,2696082
22575,2696185,61,2696246
22576,2696301,26,2696327
22577,2696430,4,2696434
22578,2696457,39,2696496
22579,2696497,11,2696508
22580,2696531,7,2696538
22581,2696663,11,2696674
22582,2696904,7,2696911
22583,2696916,6,2696922
22584,2696931,3,2696934
22585,2696984,12,2696996
22586,2697031,50,2697081
22587,2697336,13,2697349
22588,2697391,1,2697392
22589,2697603,8,2697611
22590,2697731,5,2697736
22591,2697840,21,2697861
22592,2697885,8,2697893
22593,2697960,4,2697964
22594,2698106,3,2698109
22595,2698239,11,2698250
22596,2698527,29,2698556
22597,2698628,10,2698638
22598,2698848,20,2698868
22599,2698966,3,2698969
22600,2699023,5,2699028
22601,2699064,13,2699077
22602,2699284,30,2699314
22603,2699553,15,2699568
22604,2699622,52,2699674
22605,2699688,47,2699735
22606,2699790,5,2699795
22607,2699868,4,2699872
22608,2700000,83,2700083
22609,2700118,4,2700122
22610,2700249,11,2700260
22611,2700276,11,2700287
22612,2700349,9,2700358
22613,2700486,5,2700491
22614,2700562,19,2700581
22615,2700764,82,2700846
22616,2700923,4,2700927
22617,2701039,6,2701045
22618,2701294,2,2701296
22619,2701586,4,2701590
22620,2701839,18,2701857
22621,2702063,2,2702065
22622,2702101,8,2702109
22623,2702166,16,2702182
22624,2702239,2,2702241
22625,2702335,1,2702336
22626,2702337,17,2702354
22627,2702538,10,2702548
22628,2702602,3,2702605
22629,2702664,12,2702676
22630,2702680,12,2702692
22631,2702795,54,2702849
22632,2702976,11,2702987
22633,2703082,28,2703110
22634,2703182,2,2703184
22635,2703456,8,2703464
22636,2703473,5,2703478
22637,2703485,3,2703488
22638,2703496,30,2703526
22639,2703561,3,2703564
22640,2703631,4,2703635
22641,2703639,4,2703643
22642,2703704,14,2703718
22643,2703734,6,2703740
22644,2703799,5,2703804
22645,2703817,20,2703837
22646,2703986,11,2703997
22647,2704169,40,2704209
22648,2704284,4,2704288
22649,2704400,24,2704424
22650,2704462,19,2704481
22651,2704492,9,2704501
22652,2704508,9,2704517
22653,2704692,16,2704708
22654,2704803,16,2704819
22655,2704830,33,2704863
22656,2704897,1,2704898
22657,2704959,11,2704970
22658,2704984,8,2704992
22659,2705048,13,2705061
22660,2705075,14,2705089
22661,2705115,7,2705122
22662,2705282,17,2705299
22663,2705302,7,2705309
22664,2705314,2,2705316
22665,2705374,4,2705378
22666,2705432,8,2705440
22667,2705650,21,2705671
22668,2705743,1,2705744
22669,2705782,11,2705793
22670,2705989,70,2706059
22671,2706330,5,2706335
22672,2706340,20,2706360
22673,2706433,5,2706438
22674,2706446,121,2706567
22675,2706607,18,2706625
22676,2706708,15,2706723
22677,2706754,13,2706767
22678,2706867,34,2706901
22679,2707425,66,2707491
22680,2707518,2,2707520
22681,2707767,6,2707773
22682,2707873,4,2707877
22683,2707963,7,2707970
22684,2707980,3,2707983
22685,2707998,22,2708020
22686,2708026,23,2708049
22687,2708120,25,2708145
22688,2708158,5,2708163
22689,2708197,2,2708199
22690,2708333,1,2708334
22691,2708336,14,2708350
22692,2708485,8,2708493
22693,2708517,22,2708539
22694,2708568,6,2708574
22695,2708612,72,2708684
22696,2708687,5,2708692
22697,2708924,25,2708949
22698,2709005,56,2709061
22699,2709079,14,2709093
22700,2709164,19,2709183
22701,2709219,4,2709223
22702,2709269,25,2709294
22703,2709344,15,2709359
22704,2709416,39,2709455
22705,2709884,6,2709890
22706,2709917,30,2709947
22707,2710116,19,2710135
22708,2710675,17,2710692
22709,2710725,56,2710781
22710,2710822,20,2710842
22711,2711192,13,2711205
22712,2711228,7,2711235
22713,2711248,39,2711287
22714,2711354,17,2711371
22715,2711449,18,2711467
22716,2711619,43,2711662
22717,2711696,19,2711715
22718,2711759,4,2711763
22719,2711979,27,2712006
22720,2712060,18,2712078
22721,2712100,49,2712149
22722,2712197,23,2712220
22723,2712393,8,2712401
22724,2712438,52,2712490
22725,2712536,5,2712541
22726,2712599,70,2712669
22727,2712704,8,2712712
22728,2712722,12,2712734
22729,2712787,49,2712836
22730,2712913,5,2712918
22731,2713025,42,2713067
22732,2713157,4,2713161
22733,2713369,12,2713381
22734,2713450,13,2713463
22735,2713615,3,2713618
22736,2713620,41,2713661
22737,2713675,19,2713694
22738,2713721,4,2713725
22739,2713930,42,2713972
22740,2714078,18,2714096
22741,2714189,6,2714195
22742,2714358,3,2714361
22743,2714402,2,2714404
22744,2714532,7,2714539
22745,2714591,26,2714617
22746,2714667,6,2714673
22747,2714710,13,2714723
22748,2714996,8,2715004
22749,2715007,105,2715112
22750,2715268,27,2715295
22751,2715324,8,2715332
22752,2715368,13,2715381
22753,2715460,8,2715468
22754,2715555,14,2715569
22755,2715624,25,2715649
22756,2715804,18,2715822
22757,2715903,1,2715904
22758,2715961,8,2715969
22759,2715979,18,2715997
22760,2716082,21,2716103
22761,2716167,33,2716200
22762,2716221,12,2716233
22763,2716238,10,2716248
22764,2716420,21,2716441
22765,2716474,8,2716482
22766,2716499,70,2716569
22767,2716876,2,2716878
22768,2716894,8,2716902
22769,2716978,8,2716986
22770,2717088,17,2717105
22771,2717204,10,2717214
22772,2717389,54,2717443
22773,2717509,85,2717594
22774,2717661,18,2717679
22775,2717762,1,2717763
22776,2717792,45,2717837
22777,2717868,12,2717880
22778,2717900,30,2717930
22779,2717960,18,2717978
22780,2717980,1,2717981
22781,2718026,1,2718027
22782,2718303,34,2718337
22783,2718403,11,2718414
22784,2718421,17,2718438
22785,2718449,4,2718453
22786,2718648,14,2718662
22787,2718755,14,2718769
22788,2718788,9,2718797
22789,2718833,19,2718852
22790,2718918,1,2718919
22791,2718939,8,2718947
22792,2719008,11,2719019
22793,2719026,12,2719038
22794,2719075,19,2719094
22795,2719117,13,2719130
22796,2719174,10,2719184
22797,2719315,1,2719316
22798,2719569,96,2719665
22799,2720074,9,2720083
22800,2720087,23,2720110
22801,2720135,1,2720136
22802,2720218,19,2720237
22803,2720245,36,2720281
22804,2720316,22,2720338
22805,2720571,7,2720578
22806,2720690,11,2720701
22807,2720745,5,2720750
22808,2720818,11,2720829
22809,2721018,29,2721047
22810,2721063,25,2721088
22811,2721349,29,2721378
22812,2721412,4,2721416
22813,2721632,30,2721662
22814,2721700,2,2721702
22815,2721763,8,2721771
22816,2721841,5,2721846
22817,2721929,11,2721940
22818,2721978,13,2721991
22819,2722030,14,2722044
22820,2722213,9,2722222
22821,2722241,16,2722257
22822,2722311,25,2722336
22823,2722406,48,2722454
22824,2722475,6,2722481
22825,2722546,10,2722556
22826,2722627,27,2722654
22827,2722668,30,2722698
22828,2722723,10,2722733
22829,2722759,2,2722761
22830,2722871,4,2722875
22831,2723042,8,2723050
22832,2723140,45,2723185
22833,2723262,3,2723265
22834,2723579,2,2723581
22835,2723657,7,2723664
22836,2723784,13,2723797
22837,2723936,10,2723946
22838,2724042,3,2724045
22839,2724065,1,2724066
22840,2724157,11,2724168
22841,2724181,2,2724183
22842,2724243,26,2724269
22843,2724328,5,2724333
22844,2724367,7,2724374
22845,2724612,1,2724613
22846,2724777,47,2724824
22847,2724861,19,2724880
22848,2725073,8,2725081
22849,2725123,11,2725134
22850,2725156,24,2725180
22851,2725722,5,2725727
22852,2725780,14,2725794
22853,2725895,16,2725911
22854,2726118,32,2726150
22855,2726363,43,2726406
22856,2726436,1,2726437
22857,2726580,36,2726616
22858,2726658,2,2726660
22859,2726767,7,2726774
22860,2726945,25,2726970
22861,2727194,12,2727206
22862,2727314,6,2727320
22863,2727365,9,2727374
22864,2727771,34,2727805
22865,2727991,14,2728005
22866,2728136,6,2728142
22867,2728538,4,2728542
22868,2728780,15,2728795
22869,2729028,1,2729029
22870,2729038,15,2729053
22871,2729077,19,2729096
22872,2729130,70,2729200
22873,2729248,11,2729259
22874,2729287,35,2729322
22875,2729323,4,2729327
22876,2729415,3,2729418
22877,2729473,14,2729487
22878,2729550,16,2729566
22879,2729663,2,2729665
22880,2729672,6,2729678
22881,2729692,57,2729749
22882,2729791,20,2729811
22883,2729947,3,2729950
22884,2730163,14,2730177
22885,2730195,3,2730198
22886,2730285,24,2730309
22887,2730353,11,2730364
22888,2730405,86,2730491
22889,2730623,21,2730644
22890,2730668,30,2730698
22891,2730903,14,2730917
22892,2730931,12,2730943
22893,2730968,13,2730981
22894,2731087,5,2731092
22895,2731144,7,2731151
22896,2731203,33,2731236
22897,2731292,16,2731308
22898,2731331,7,2731338
22899,2731365,82,2731447
22900,2731450,1,2731451
22901,2731672,19,2731691
22902,2731795,34,2731829
22903,2732070,19,2732089
22904,2732118,2,2732120
22905,2732203,19,2732222
22906,2732224,66,2732290
22907,2732319,3,2732322
22908,2732440,47,2732487
22909,2732489,3,2732492
22910,2732539,15,2732554
22911,2732874,5,2732879
22912,2733028,66,2733094
22913,2733343,10,2733353
22914,2733360,6,2733366
22915,2733477,43,2733520
22916,2733544,33,2733577
22917,2733663,7,2733670
22918,2733797,7,2733804
22919,2733864,9,2733873
22920,2733932,15,2733947
22921,2733972,7,2733979
22922,2734005,42,2734047
22923,2734055,8,2734063
22924,2734125,5,2734130
22925,2734134,8,2734142
22926,2734152,45,2734197
22927,2734236,17,2734253
22928,2734633,12,2734645
22929,2734769,7,2734776
22930,2734844,21,2734865
22931,2735446,2,2735448
22932,2735586,18,2735604
22933,2735728,5,2735733
22934,2735801,3,2735804
22935,2735812,4,2735816
22936,2735844,10,2735854
22937,2735862,1,2735863
22938,2735915,11,2735926
22939,2736139,22,2736161
22940,2736361,42,2736403
22941,2736456,36,2736492
22942,2736589,1,2736590
22943,2736656,6,2736662
22944,2736704,1,2736705
22945,2736761,10,2736771
22946,2736835,10,2736845
22947,2736960,6,2736966
22948,2737340,12,2737352
22949,2737401,45,2737446
22950,2737606,50,2737656
22951,2737846,31,2737877
22952,2738049,8,2738057
22953,2738275,108,2738383
22954,2738452,13,2738465
22955,2738650,8,2738658
22956,2738803,3,2738806
22957,2738863,5,2738868
22958,2738879,2,2738881
22959,2738951,16,2738967
22960,2739070,13,2739083
22961,2739204,1,2739205
22962,2739365,14,2739379
22963,2739386,6,2739392
22964,2739545,10,2739555
22965,2739741,8,2739749
22966,2739857,74,2739931
22967,2739959,3,2739962
22968,2740223,3,2740226
22969,2740262,16,2740278
22970,2740499,1,2740500
22971,2740860,11,2740871
22972,2740926,10,2740936
22973,2740998,13,2741011
22974,2741103,48,2741151
22975,2741172,23,2741195
22976,2741286,49,2741335
22977,2741408,2,2741410
22978,2741437,29,2741466
22979,2741563,54,2741617
22980,2741662,4,2741666
22981,2741676,25,2741701
22982,2741704,7,2741711
22983,2741854,6,2741860
22984,2741962,48,2742010
22985,2742112,1,2742113
22986,2742147,5,2742152
22987,2742215,70,2742285
22988,2742303,24,2742327
22989,2742386,4,2742390
22990,2742424,6,2742430
22991,2742461,11,2742472
22992,2742491,22,2742513
22993,2742601,1,2742602
22994,2742661,75,2742736
22995,2742877,1,2742878
22996,2742888,7,2742895
22997,2742978,6,2742984
22998,2743105,1,2743106
22999,2743326,15,2743341
23000,2743404,13,2743417
23001,2743553,17,2743570
23002,2743680,3,2743683
23003,2743750,6,2743756
23004,2743785,17,2743802
23005,2744202,41,2744243
23006,2744363,2,2744365
23007,2744423,25,2744448
23008,2744460,46,2744506
23009,2744516,29,2744545
23010,2744745,19,2744764
23011,2744828,22,2744850
23012,2745015,28,2745043
23013,2745171,15,2745186
23014,2745234,14,2745248
23015,2745281,24,2745305
23016,2745374,86,2745460
23017,2745469,5,2745474
23018,2745555,11,2745566
23019,2745596,23,2745619
23020,2745720,2,2745722
23021,2745751,21,2745772
23022,2745835,74,2745909
23023,2745949,9,2745958
23024,2746118,36,2746154
23025,2746214,41,2746255
23026,2746311,2,2746313
23027,2746350,8,2746358
23028,2746376,13,2746389
23029,2746557,27,2746584
23030,2746598,15,2746613
23031,2746629,47,2746676
23032,2747042,14,2747056
23033,2747128,16,2747144
23034,2747189,6,2747195
23035,2747256,11,2747267
23036,2747718,15,2747733
23037,2747736,19,2747755
23038,2747887,9,2747896
23039,2747900,12,2747912
23040,2747928,4,2747932
23041,2748393,7,2748400
23042,2748431,9,2748440
23043,2748509,25,2748534
23044,2748828,37,2748865
23045,2748866,21,2748887
23046,2748896,5,2748901
23047,2749100,22,2749122
23048,2749449,10,2749459
23049,2749742,46,2749788
23050,2749828,3,2749831
23051,2749966,30,2749996
23052,2750142,7,2750149
23053,2750449,23,2750472
23054,2750517,13,2750530
23055,2750545,6,2750551
23056,2750651,27,2750678
23057,2750732,71,2750803
23058,2750883,44,2750927
23059,2750941,5,2750946
23060,2751181,20,2751201
23061,2751253,11,2751264
23062,2751294,9,2751303
23063,2751354,41,2751395
23064,2751410,2,2751412
23065,2751588,10,2751598
23066,2751845,4,2751849
23067,2751869,2,2751871
23068,2751887,14,2751901
23069,2752107,11,2752118
23070,2752173,2,2752175
23071,2752177,16,2752193
23072,2752225,15,2752240
23073,2752432,53,2752485
23074,2752681,7,2752688
23075,2752756,19,2752775
23076,2752832,11,2752843
23077,2752936,22,2752958
23078,2752977,2,2752979
23079,2753358,13,2753371
23080,2753560,18,2753578
23081,2753638,4,2753642
23082,2753645,1,2753646
23083,2753664,6,2753670
23084,2753825,4,2753829
23085,2754018,38,2754056
23086,2754326,2,2754328
23087,2754393,48,2754441
23088,2754473,54,2754527
23089,2754588,60,2754648
23090,2754663,3,2754666
23091,2754712,19,2754731
23092,2754932,2,2754934
23093,2754939,13,2754952
23094,2755237,2,2755239
23095,2755325,19,2755344
23096,2755454,3,2755457
23097,2755564,11,2755575
23098,2755636,24,2755660
23099,2755716,26,2755742
23100,2755897,10,2755907
23101,2755945,9,2755954
23102,2756412,53,2756465
23103,2756695,26,2756721
23104,2756743,21,2756764
23105,2756944,23,2756967
23106,2757236,5,2757241
23107,2757298,21,2757319
23108,2757323,6,2757329
23109,2757395,5,2757400
23110,2757433,2,2757435
23111,2757454,56,2757510
23112,2757604,38,2757642
23113,2757768,16,2757784
23114,2758014,40,2758054
23115,2758089,5,2758094
23116,2758271,6,2758277
23117,2758367,60,2758427
23118,2758822,8,2758830
23119,2758953,7,2758960
23120,2758984,40,2759024
23121,2759106,30,2759136
23122,2759172,1,2759173
23123,2759296,6,2759302
23124,2759415,4,2759419
23125,2759583,5,2759588
23126,2759589,5,2759594
23127,2759708,10,2759718
23128,2759959,101,2760060
23129,2760084,4,2760088
23130,2760122,32,2760154
23131,2760233,3,2760236
23132,2760307,2,2760309
23133,2760311,5,2760316
23134,2760356,19,2760375
23135,2760588,9,2760597
23136,2760879,79,2760958
23137,2760990,13,2761003
23138,2761073,31,2761104
23139,2761125,7,2761132
23140,2761182,2,2761184
23141,2761424,11,2761435
23142,2761477,30,2761507
23143,2761590,40,2761630
23144,2761791,73,2761864
23145,2761888,40,2761928
23146,2762039,5,2762044
23147,2762234,23,2762257
23148,2762433,36,2762469
23149,2762803,9,2762812
23150,2762994,21,2763015
23151,2763102,25,2763127
23152,2763130,20,2763150
23153,2763421,6,2763427
23154,2763545,8,2763553
23155,2763615,1,2763616
23156,2763684,42,2763726
23157,2763887,3,2763890
23158,2763895,6,2763901
23159,2763965,13,2763978
23160,2764017,17,2764034
23161,2764184,13,2764197
23162,2764438,3,2764441
23163,2764467,2,2764469
23164,2764637,1,2764638
23165,2764760,57,2764817
23166,2764858,14,2764872
23167,2764905,23,2764928
23168,2765067,40,2765107
23169,2765119,34,2765153
23170,2765247,15,2765262
23171,2765383,8,2765391
23172,2765447,5,2765452
23173,2765506,4,2765510
23174,2765615,20,2765635
23175,2765690,61,2765751
23176,2766040,12,2766052
23177,2766184,40,2766224
23178,2766278,57,2766335
23179,2766440,2,2766442
23180,2766469,7,2766476
23181,2766501,11,2766512
23182,2766530,37,2766567
23183,2766631,18,2766649
23184,2766771,19,2766790
23185,2766793,9,2766802
23186,2766887,6,2766893
23187,2766957,15,2766972
23188,2766993,3,2766996
23189,2767080,1,2767081
23190,2767327,45,2767372
23191,2767639,43,2767682
23192,2767798,9,2767807
23193,2767894,1,2767895
23194,2767915,1,2767916
23195,2768137,2,2768139
23196,2768143,16,2768159
23197,2768215,8,2768223
23198,2768317,1,2768318
23199,2768380,76,2768456
23200,2768458,13,2768471
23201,2768772,3,2768775
23202,2768814,63,2768877
23203,2769149,22,2769171
23204,2769206,22,2769228
23205,2769237,24,2769261
23206,2769507,12,2769519
23207,2769603,15,2769618
23208,2769657,12,2769669
23209,2769818,11,2769829
23210,2770110,7,2770117
23211,2770171,11,2770182
23212,2770483,6,2770489
23213,2770565,4,2770569
23214,2770647,37,2770684
23215,2770735,2,2770737
23216,2770856,3,2770859
23217,2770884,10,2770894
23218,2770962,33,2770995
23219,2771012,29,2771041
23220,2771172,10,2771182
23221,2771244,14,2771258
23222,2771304,8,2771312
23223,2771337,3,2771340
23224,2771387,34,2771421
23225,2771964,29,2771993
23226,2772090,24,2772114
23227,2772185,2,2772187
23228,2772445,9,2772454
23229,2772706,16,2772722
23230,2772842,32,2772874
23231,2772993,12,2773005
23232,2773218,5,2773223
23233,2773312,42,2773354
23234,2773416,3,2773419
23235,2773493,4,2773497
23236,2773523,28,2773551
23237,2773559,11,2773570
23238,2773762,2,2773764
23239,2773784,42,2773826
23240,2774360,16,2774376
23241,2774640,16,2774656
23242,2774822,1,2774823
23243,2775071,3,2775074
23244,2775084,1,2775085
23245,2775234,9,2775243
23246,2775268,8,2775276
23247,2775545,12,2775557
23248,2775869,25,2775894
23249,2775960,3,2775963
23250,2775993,27,2776020
23251,2776126,100,2776226
23252,2776303,7,2776310
23253,2776448,11,2776459
23254,2776596,1,2776597
23255,2776617,17,2776634
23256,2776713,45,2776758
23257,2776815,28,2776843
23258,2776887,6,2776893
23259,2776942,7,2776949
23260,2776982,43,2777025
23261,2777036,1,2777037
23262,2777099,9,2777108
23263,2777162,2,2777164
23264,2777176,35,2777211
23265,2777324,1,2777325
23266,2777365,2,2777367
23267,2777408,3,2777411
23268,2777891,10,2777901
23269,2777941,23,2777964
23270,2777971,8,2777979
23271,2778046,12,2778058
23272,2778239,51,2778290
23273,2778466,21,2778487
23274,2778491,4,2778495
23275,2778557,1,2778558
23276,2778662,12,2778674
23277,2778881,2,2778883
23278,2778997,13,2779010
23279,2779042,48,2779090
23280,2779126,1,2779127
23281,2779226,23,2779249
23282,2779337,15,2779352
23283,2779388,25,2779413
23284,2779499,64,2779563
23285,2779630,26,2779656
23286,2779659,12,2779671
23287,2779725,2,2779727
23288,2779802,20,2779822
23289,2779857,22,2779879
23290,2780071,12,2780083
23291,2780092,11,2780103
23292,2780173,11,2780184
23293,2780218,4,2780222
23294,2780335,32,2780367
23295,2780468,31,2780499
23296,2780578,1,2780579
23297,2780640,18,2780658
23298,2780674,25,2780699
23299,2780762,4,2780766
23300,2780953,59,2781012
23301,2781127,8,2781135
23302,2781209,69,2781278
23303,2781310,4,2781314
23304,2781340,8,2781348
23305,2781817,12,2781829
23306,2781834,19,2781853
23307,2781893,1,2781894
23308,2781901,29,2781930
23309,2781994,2,2781996
23310,2782073,31,2782104
23311,2782150,34,2782184
23312,2782708,7,2782715
23313,2782745,29,2782774
23314,2782977,9,2782986
23315,2783083,25,2783108
23316,2783134,4,2783138
23317,2783160,5,2783165
23318,2783232,46,2783278
23319,2783302,29,2783331
23320,2783458,24,2783482
23321,2783599,30,2783629
23322,2783705,4,2783709
23323,2783866,65,2783931
23324,2784029,4,2784033
23325,2784169,29,2784198
23326,2784347,3,2784350
23327,2784352,56,2784408
23328,2784499,24,2784523
23329,2784533,34,2784567
23330,2784684,21,2784705
23331,2784727,3,2784730
23332,2784800,6,2784806
23333,2784897,13,2784910
23334,2784934,27,2784961
23335,2785109,6,2785115
23336,2785437,40,2785477
23337,2785562,42,2785604
23338,2785618,17,2785635
23339,2785639,21,2785660
23340,2785768,56,2785824
23341,2785841,34,2785875
23342,2785927,68,2785995
23343,2786138,9,2786147
23344,2786295,15,2786310
23345,2786317,7,2786324
23346,2786345,3,2786348
23347,2786460,19,2786479
23348,2786581,4,2786585
23349,2786702,48,2786750
23350,2786785,32,2786817
23351,2786831,6,2786837
23352,2786940,40,2786980
23353,2787063,1,2787064
23354,2787222,11,2787233
23355,2787383,2,2787385
23356,2787392,8,2787400
23357,2787466,91,2787557
23358,2787561,27,2787588
23359,2787725,9,2787734
23360,2787748,3,2787751
23361,2787755,46,2787801
23362,2787810,108,2787918
23363,2788072,3,2788075
23364,2788232,15,2788247
23365,2788276,8,2788284
23366,2788414,4,2788418
23367,2788575,12,2788587
23368,2788734,17,2788751
23369,2788865,42,2788907
23370,2788944,58,2789002
23371,2789015,29,2789044
23372,2789105,6,2789111
23373,2789244,13,2789257
23374,2789349,15,2789364
23375,2789385,6,2789391
23376,2789462,3,2789465
23377,2789509,4,2789513
23378,2789606,17,2789623
23379,2789905,2,2789907
23380,2789994,20,2790014
23381,2790131,1,2790132
23382,2790234,13,2790247
23383,2790282,1,2790283
23384,2790363,16,2790379
23385,2790484,14,2790498
23386,2790577,24,2790601
23387,2790690,64,2790754
23388,2790836,18,2790854
23389,2790900,7,2790907
23390,2791279,6,2791285
23391,2791553,4,2791557
23392,2791644,13,2791657
23393,2791660,17,2791677
23394,2792193,8,2792201
23395,2792464,12,2792476
23396,2792696,8,2792704
23397,2792820,31,2792851
23398,2792893,8,2792901
23399,2792972,5,2792977
23400,2793018,6,2793024
23401,2793245,4,2793249
23402,2793382,55,2793437
23403,2793542,44,2793586
23404,2794256,24,2794280
23405,2794376,12,2794388
23406,2794449,64,2794513
23407,2794580,2,2794582
23408,2794586,14,2794600
23409,2794710,5,2794715
23410,2794860,7,2794867
23411,2795314,36,2795350
23412,2795429,14,2795443
23413,2795482,20,2795502
23414,2795575,30,2795605
23415,2795617,6,2795623
23416,2795700,31,2795731
23417,2795749,22,2795771
23418,2795846,33,2795879
23419,2795887,27,2795914
23420,2795962,38,2796000
23421,2796033,28,2796061
23422,2796398,27,2796425
23423,2796478,7,2796485
23424,2796565,6,2796571
23425,2796652,1,2796653
23426,2796999,18,2797017
23427,2797044,49,2797093
23428,2797212,54,2797266
23429,2797547,11,2797558
23430,2797652,25,2797677
23431,2797762,13,2797775
23432,2797978,19,2797997
23433,2798038,30,2798068
23434,2798220,8,2798228
23435,2798244,40,2798284
23436,2798285,12,2798297
23437,2798407,4,2798411
23438,2798435,7,2798442
23439,2798500,7,2798507
23440,2798758,25,2798783
23441,2799145,44,2799189
23442,2799323,22,2799345
23443,2799376,6,2799382
23444,2799421,16,2799437
23445,2799535,4,2799539
23446,2799774,21,2799795
23447,2799821,20,2799841
23448,2799927,9,2799936
23449,2800196,9,2800205
23450,2800224,3,2800227
23451,2800242,3,2800245
23452,2800250,45,2800295
23453,2800359,55,2800414
23454,2800473,6,2800479
23455,2800568,8,2800576
23456,2800599,8,2800607
23457,2800618,13,2800631
23458,2800681,3,2800684
23459,2800748,47,2800795
23460,2800822,4,2800826
23461,2800865,4,2800869
23462,2800887,22,2800909
23463,2801002,11,2801013
23464,2801137,29,2801166
23465,2801330,22,2801352
23466,2801368,36,2801404
23467,2801409,49,2801458
23468,2801500,1,2801501
23469,2801649,4,2801653
23470,2801823,3,2801826
23471,2801974,3,2801977
23472,2801979,6,2801985
23473,2802454,27,2802481
23474,2802497,13,2802510
23475,2802867,6,2802873
23476,2802898,9,2802907
23477,2803223,55,2803278
23478,2803414,33,2803447
23479,2803488,30,2803518
23480,2803531,13,2803544
23481,2803625,5,2803630
23482,2803788,21,2803809
23483,2803950,15,2803965
23484,2804175,1,2804176
23485,2804289,39,2804328
23486,2804447,7,2804454
23487,2804456,26,2804482
23488,2804501,9,2804510
23489,2804549,3,2804552
23490,2804619,6,2804625
23491,2804781,9,2804790
23492,2804884,42,2804926
23493,2804967,14,2804981
23494,2805055,51,2805106
23495,2805137,2,2805139
23496,2805147,13,2805160
23497,2805284,24,2805308
23498,2805348,17,2805365
23499,2805396,67,2805463
23500,2805478,10,2805488
23501,2805557,15,2805572
23502,2805697,38,2805735
23503,2805906,25,2805931
23504,2806041,2,2806043
23505,2806145,22,2806167
23506,2806221,42,2806263
23507,2806337,37,2806374
23508,2806579,24,2806603
23509,2806739,11,2806750
23510,2806909,17,2806926
23511,2807213,22,2807235
23512,2807313,29,2807342
23513,2807629,29,2807658
23514,2807726,14,2807740
23515,2807961,24,2807985
23516,2808026,43,2808069
23517,2808093,35,2808128
23518,2808174,12,2808186
23519,2808267,4,2808271
23520,2808291,8,2808299
23521,2808435,15,2808450
23522,2808470,4,2808474
23523,2808530,6,2808536
23524,2808774,11,2808785
23525,2808790,21,2808811
23526,2808824,12,2808836
23527,2809020,35,2809055
23528,2809137,99,2809236
23529,2809317,8,2809325
23530,2809348,3,2809351
23531,2809412,1,2809413
23532,2809529,4,2809533
23533,2809605,27,2809632
23534,2809780,26,2809806
23535,2809839,38,2809877
23536,2810098,10,2810108
23537,2810168,13,2810181
23538,2810229,16,2810245
23539,2810696,18,2810714
23540,2810715,6,2810721
23541,2810997,23,2811020
23542,2811167,1,2811168
23543,2811208,19,2811227
23544,2811352,12,2811364
23545,2811397,33,2811430
23546,2811482,20,2811502
23547,2811540,5,2811545
23548,2811567,2,2811569
23549,2811676,29,2811705
23550,2811807,61,2811868
23551,2811924,39,2811963
23552,2811969,18,2811987
23553,2811994,76,2812070
23554,2812074,18,2812092
23555,2812115,3,2812118
23556,2812213,39,2812252
23557,2812279,1,2812280
23558,2812403,19,2812422
23559,2812519,2,2812521
23560,2812598,4,2812602
23561,2812745,119,2812864
23562,2812901,1,2812902
23563,2813003,30,2813033
23564,2813050,18,2813068
23565,2813129,31,2813160
23566,2813192,51,2813243
23567,2813269,36,2813305
23568,2813454,25,2813479
23569,2813558,3,2813561
23570,2813580,45,2813625
23571,2813698,8,2813706
23572,2813756,10,2813766
23573,2813927,36,2813963
23574,2814030,6,2814036
23575,2814156,1,2814157
23576,2814305,22,2814327
23577,2814351,14,2814365
23578,2814509,20,2814529
23579,2814556,39,2814595
23580,2814742,7,2814749
23581,2814795,25,2814820
23582,2815027,26,2815053
23583,2815419,30,2815449
23584,2815617,63,2815680
23585,2815914,2,2815916
23586,2815988,5,2815993
23587,2816022,6,2816028
23588,2816036,39,2816075
23589,2816145,18,2816163
23590,2816263,1,2816264
23591,2816372,25,2816397
23592,2816441,54,2816495
23593,2816500,45,2816545
23594,2816616,8,2816624
23595,2816721,16,2816737
23596,2816834,12,2816846
23597,2816909,40,2816949
23598,2817020,38,2817058
23599,2817121,15,2817136
23600,2817172,2,2817174
23601,2817180,16,2817196
23602,2817281,12,2817293
23603,2817305,5,2817310
23604,2817547,27,2817574
23605,2817594,7,2817601
23606,2817703,12,2817715
23607,2817823,4,2817827
23608,2817932,5,2817937
23609,2817972,50,2818022
23610,2818041,36,2818077
23611,2818132,13,2818145
23612,2818210,7,2818217
23613,2818297,4,2818301
23614,2818544,14,2818558
23615,2818603,17,2818620
23616,2818692,25,2818717
23617,2818733,103,2818836
23618,2819077,12,2819089
23619,2819288,22,2819310
23620,2819356,67,2819423
23621,2819651,51,2819702
23622,2819900,10,2819910
23623,2820130,11,2820141
23624,2820185,58,2820243
23625,2820264,26,2820290
23626,2820375,2,2820377
23627,2820424,3,2820427
23628,2820482,16,2820498
23629,2820506,8,2820514
23630,2820593,12,2820605
23631,2820607,24,2820631
23632,2820806,9,2820815
23633,2820849,15,2820864
23634,2821001,51,2821052
23635,2821085,14,2821099
23636,2821206,17,2821223
23637,2821229,13,2821242
23638,2821426,32,2821458
23639,2821580,14,2821594
23640,2821633,8,2821641
23641,2821738,6,2821744
23642,2821768,18,2821786
23643,2821838,2,2821840
23644,2821847,30,2821877
23645,2821894,22,2821916
23646,2821930,8,2821938
23647,2821959,30,2821989
23648,2822395,10,2822405
23649,2822464,31,2822495
23650,2822647,16,2822663
23651,2822970,11,2822981
23652,2823059,21,2823080
23653,2823343,17,2823360
23654,2823520,9,2823529
23655,2823623,7,2823630
23656,2823632,8,2823640
23657,2823663,58,2823721
23658,2823748,21,2823769
23659,2823923,3,2823926
23660,2823963,11,2823974
23661,2824286,31,2824317
23662,2824329,7,2824336
23663,2824364,3,2824367
23664,2824630,50,2824680
23665,2824688,32,2824720
23666,2824738,15,2824753
23667,2824853,56,2824909
23668,2824936,6,2824942
23669,2825002,30,2825032
23670,2825083,4,2825087
23671,2825143,12,2825155
23672,2825161,12,2825173
23673,2825288,2,2825290
23674,2825316,4,2825320
23675,2825566,15,2825581
23676,2825582,1,2825583
23677,2825668,1,2825669
23678,2825791,28,2825819
23679,2825853,1,2825854
23680,2825874,32,2825906
23681,2825987,1,2825988
23682,2826125,14,2826139
23683,2826306,10,2826316
23684,2826389,1,2826390
23685,2826443,73,2826516
23686,2826814,10,2826824
23687,2826967,23,2826990
23688,2827003,29,2827032
23689,2827077,4,2827081
23690,2827137,34,2827171
23691,2827499,14,2827513
23692,2827617,41,2827658
23693,2827667,21,2827688
23694,2827962,3,2827965
23695,2828129,25,2828154
23696,2828155,13,2828168
23697,2828311,5,2828316
23698,2828360,36,2828396
23699,2828504,8,2828512
23700,2828596,140,2828736
23701,2828857,29,2828886
23702,2828968,2,2828970
23703,2828983,12,2828995
23704,2829005,10,2829015
23705,2829328,6,2829334
23706,2829345,1,2829346
23707,2829571,18,2829589
23708,2829913,17,2829930
23709,2829978,10,2829988
23710,2830001,3,2830004
23711,2830035,8,2830043
23712,2830513,6,2830519
23713,2830684,14,2830698
23714,2830742,25,2830767
23715,2830878,33,2830911
23716,2830924,7,2830931
23717,2831053,33,2831086
23718,2831387,17,2831404
23719,2831415,3,2831418
23720,2831585,18,2831603
23721,2831813,35,2831848
23722,2832011,13,2832024
23723,2832060,31,2832091
23724,2832164,101,2832265
23725,2832286,6,2832292
23726,2832522,58,2832580
23727,2832680,48,2832728
23728,2832739,14,2832753
23729,2832797,2,2832799
23730,2832882,2,2832884
23731,2832889,8,2832897
23732,2833016,28,2833044
23733,2833059,32,2833091
23734,2833092,2,2833094
23735,2833161,11,2833172
23736,2833205,10,2833215
23737,2833269,4,2833273
23738,2833438,9,2833447
23739,2833484,11,2833495
23740,2833695,12,2833707
23741,2833790,6,2833796
23742,2833884,18,2833902
23743,2833936,5,2833941
23744,2834077,113,2834190
23745,2834354,3,2834357
23746,2834421,15,2834436
23747,2834744,24,2834768
23748,2835181,4,2835185
23749,2835279,12,2835291
23750,2835336,31,2835367
23751,2835412,17,2835429
23752,2835555,5,2835560
23753,2835566,11,2835577
23754,2835625,1,2835626
23755,2835680,14,2835694
23756,2835711,42,2835753
23757,2835852,7,2835859
23758,2835890,48,2835938
23759,2835963,12,2835975
23760,2835979,24,2836003
23761,2836128,5,2836133
23762,2836219,8,2836227
23763,2836714,13,2836727
23764,2836787,15,2836802
23765,2836870,8,2836878
23766,2836891,1,2836892
23767,2836899,4,2836903
23768,2836942,12,2836954
23769,2836988,22,2837010
23770,2837278,17,2837295
23771,2837309,9,2837318
23772,2837384,28,2837412
23773,2837461,5,2837466
23774,2837553,3,2837556
23775,2837582,5,2837587
23776,2837668,45,2837713
23777,2837797,10,2837807
23778,2837871,3,2837874
23779,2837882,38,2837920
23780,2837957,3,2837960
23781,2838072,1,2838073
23782,2838127,19,2838146
23783,2838477,2,2838479
23784,2838493,7,2838500
23785,2838502,4,2838506
23786,2838514,15,2838529
23787,2838634,59,2838693
23788,2838808,45,2838853
23789,2838910,2,2838912
23790,2838937,32,2838969
23791,2839104,7,2839111
23792,2839235,1,2839236
23793,2839262,7,2839269
23794,2839354,10,2839364
23795,2839429,32,2839461
23796,2839473,10,2839483
23797,2839487,6,2839493
23798,2839718,7,2839725
23799,2839927,22,2839949
23800,2839982,41,2840023
23801,2840037,13,2840050
23802,2840079,3,2840082
23803,2840100,20,2840120
23804,2840127,38,2840165
23805,2840183,37,2840220
23806,2840361,8,2840369
23807,2840903,42,2840945
23808,2841073,1,2841074
23809,2841154,13,2841167
23810,2841359,2,2841361
23811,2841570,3,2841573
23812,2841608,2,2841610
23813,2841655,7,2841662
23814,2841793,15,2841808
23815,2841873,95,2841968
23816,2842018,19,2842037
23817,2842522,10,2842532
23818,2842628,4,2842632
23819,2842696,7,2842703
23820,2842854,24,2842878
23821,2842885,35,2842920
23822,2842937,28,2842965
23823,2842986,3,2842989
23824,2843254,5,2843259
23825,2843484,12,2843496
23826,2843777,13,2843790
23827,2843800,51,2843851
23828,2843974,17,2843991
23829,2844268,11,2844279
23830,2844318,1,2844319
23831,2844338,30,2844368
23832,2844389,42,2844431
23833,2844525,15,2844540
23834,2844647,20,2844667
23835,2844933,22,2844955
23836,2845084,32,2845116
23837,2845220,26,2845246
23838,2845263,12,2845275
23839,2845360,6,2845366
23840,2845379,12,2845391
23841,2845494,8,2845502
23842,2845755,38,2845793
23843,2845868,39,2845907
23844,2845930,1,2845931
23845,2846045,1,2846046
23846,2846084,3,2846087
23847,2846173,16,2846189
23848,2846200,17,2846217
23849,2846248,12,2846260
23850,2846343,4,2846347
23851,2846444,4,2846448
23852,2846629,64,2846693
23853,2846892,17,2846909
23854,2847047,27,2847074
23855,2847419,10,2847429
23856,2847434,14,2847448
23857,2847450,3,2847453
23858,2847488,6,2847494
23859,2847500,38,2847538
23860,2847812,4,2847816
23861,2847844,12,2847856
23862,2847923,1,2847924
23863,2847980,6,2847986
23864,2848166,55,2848221
23865,2848312,2,2848314
23866,2848364,17,2848381
23867,2848512,5,2848517
23868,2848587,20,2848607
23869,2848738,27,2848765
23870,2848942,12,2848954
23871,2848965,7,2848972
23872,2849012,2,2849014
23873,2849377,16,2849393
23874,2849539,3,2849542
23875,2849673,8,2849681
23876,2849707,22,2849729
23877,2849759,32,2849791
23878,2849902,11,2849913
23879,2850056,19,2850075
23880,2850108,48,2850156
23881,2850177,38,2850215
23882,2850222,9,2850231
23883,2850279,8,2850287
23884,2850454,14,2850468
23885,2850472,3,2850475
23886,2850577,1,2850578
23887,2850601,13,2850614
23888,2850791,15,2850806
23889,2850829,40,2850869
23890,2850991,5,2850996
23891,2851002,22,2851024
23892,2851115,4,2851119
23893,2851140,19,2851159
23894,2851182,10,2851192
23895,2851235,10,2851245
23896,2851371,23,2851394
23897,2851448,16,2851464
23898,2851472,8,2851480
23899,2851702,21,2851723
23900,2851741,12,2851753
23901,2852096,26,2852122
23902,2852376,3,2852379
23903,2852534,23,2852557
23904,2852722,2,2852724
23905,2852793,5,2852798
23906,2852893,5,2852898
23907,2852992,27,2853019
23908,2853044,21,2853065
23909,2853072,8,2853080
23910,2853088,17,2853105
23911,2853514,20,2853534
23912,2853630,2,2853632
23913,2853733,58,2853791
23914,2853891,5,2853896
23915,2853935,33,2853968
23916,2854111,64,2854175
23917,2854475,16,2854491
23918,2854595,4,2854599
23919,2854609,3,2854612
23920,2854657,4,2854661
23921,2854845,12,2854857
23922,2854993,13,2855006
23923,2855028,16,2855044
23924,2855233,21,2855254
23925,2855274,10,2855284
23926,2855286,96,2855382
23927,2855463,32,2855495
23928,2855498,8,2855506
23929,2855563,28,2855591
23930,2855592,5,2855597
23931,2855638,28,2855666
23932,2855880,16,2855896
23933,2855972,4,2855976
23934,2856313,1,2856314
23935,2856335,12,2856347
23936,2856717,5,2856722
23937,2856730,22,2856752
23938,2856896,17,2856913
23939,2856986,2,2856988
23940,2857042,24,2857066
23941,2857115,11,2857126
23942,2857216,10,2857226
23943,2857402,24,2857426
23944,2857462,33,2857495
23945,2857515,2,2857517
23946,2857543,9,2857552
23947,2857566,19,2857585
23948,2857635,3,2857638
23949,2857662,2,2857664
23950,2857715,9,2857724
23951,2857774,22,2857796
23952,2857904,28,2857932
23953,2857986,16,2858002
23954,2858366,6,2858372
23955,2858478,10,2858488
23956,2858652,3,2858655
23957,2858788,1,2858789
23958,2858922,11,2858933
23959,2859074,40,2859114
23960,2859169,17,2859186
23961,2859196,21,2859217
23962,2859330,26,2859356
23963,2859596,3,2859599
23964,2859863,11,2859874
23965,2860012,5,2860017
23966,2860093,2,2860095
23967,2860465,16,2860481
23968,2861009,7,2861016
23969,2861226,24,2861250
23970,2861312,15,2861327
23971,2861534,25,2861559
23972,2861724,17,2861741
23973,2861768,7,2861775
23974,2861782,4,2861786
23975,2861814,8,2861822
23976,2861833,39,2861872
23977,2862032,3,2862035
23978,2862059,12,2862071
23979,2862535,23,2862558
23980,2862624,3,2862627
23981,2862779,31,2862810
23982,2862985,15,2863000
23983,2863083,22,2863105
23984,2863179,17,2863196
23985,2863384,19,2863403
23986,2863731,33,2863764
23987,2863960,7,2863967
23988,2864009,31,2864040
23989,2864068,83,2864151
23990,2864161,58,2864219
23991,2864285,66,2864351
23992,2864519,48,2864567
23993,2864887,14,2864901
23994,2864948,30,2864978
23995,2864988,14,2865002
23996,2865030,6,2865036
23997,2865418,79,2865497
23998,2865561,88,2865649
23999,2865732,8,2865740
24000,2865830,22,2865852
24001,2865866,14,2865880
24002,2865924,8,2865932
24003,2865997,2,2865999
24004,2866144,2,2866146
24005,2866313,11,2866324
24006,2866338,7,2866345
24007,2866423,11,2866434
24008,2866570,18,2866588
24009,2866600,11,2866611
24010,2866779,12,2866791
24011,2866952,16,2866968
24012,2867063,2,2867065
24013,2867090,19,2867109
24014,2867133,4,2867137
24015,2867247,23,2867270
24016,2867318,34,2867352
24017,2867355,3,2867358
24018,2867452,5,2867457
24019,2867508,32,2867540
24020,2867607,65,2867672
24021,2867735,11,2867746
24022,2867761,5,2867766
24023,2867772,4,2867776
24024,2867867,24,2867891
24025,2867894,25,2867919
24026,2867965,11,2867976
24027,2868211,26,2868237
24028,2868408,55,2868463
24029,2868520,9,2868529
24030,2868639,10,2868649
24031,2868712,5,2868717
24032,2868721,8,2868729
24033,2868865,6,2868871
24034,2869083,15,2869098
24035,2869331,6,2869337
24036,2869800,33,2869833
24037,2869840,72,2869912
24038,2870073,8,2870081
24039,2870205,6,2870211
24040,2870228,14,2870242
24041,2870318,2,2870320
24042,2870472,29,2870501
24043,2870672,26,2870698
24044,2870737,14,2870751
24045,2870795,10,2870805
24046,2870860,10,2870870
24047,2870944,14,2870958
24048,2871292,37,2871329
24049,2871498,66,2871564
24050,2871599,24,2871623
24051,2871681,10,2871691
24052,2871725,103,2871828
24053,2871851,36,2871887
24054,2871929,39,2871968
24055,2872137,11,2872148
24056,2872209,11,2872220
24057,2872299,13,2872312
24058,2872364,7,2872371
24059,2872383,61,2872444
24060,2872583,5,2872588
24061,2872599,5,2872604
24062,2872747,48,2872795
24063,2872869,47,2872916
24064,2873062,70,2873132
24065,2873154,51,2873205
24066,2873212,10,2873222
24067,2873255,9,2873264
24068,2873418,53,2873471
24069,2873477,18,2873495
24070,2873510,22,2873532
24071,2873568,5,2873573
24072,2873599,10,2873609
24073,2873765,3,2873768
24074,2873827,29,2873856
24075,2873907,1,2873908
24076,2873919,1,2873920
24077,2873993,4,2873997
24078,2874003,42,2874045
24079,2874219,20,2874239
24080,2874344,20,2874364
24081,2874625,3,2874628
24082,2874676,89,2874765
24083,2874798,5,2874803
24084,2875118,14,2875132
24085,2875181,55,2875236
24086,2875430,6,2875436
24087,2875550,12,2875562
24088,2875570,9,2875579
24089,2875598,8,2875606
24090,2875813,56,2875869
24091,2875870,26,2875896
24092,2875964,20,2875984
24093,2876010,1,2876011
24094,2876041,5,2876046
24095,2876113,9,2876122
24096,2876137,1,2876138
24097,2876265,11,2876276
24098,2876291,2,2876293
24099,2876403,7,2876410
24100,2876577,2,2876579
24101,2876692,14,2876706
24102,2876834,4,2876838
24103,2876839,12,2876851
24104,2876913,17,2876930
24105,2877045,46,2877091
24106,2877127,18,2877145
24107,2877551,3,2877554
24108,2877701,39,2877740
24109,2877773,6,2877779
24110,2877935,2,2877937
24111,2877951,12,2877963
24112,2878136,3,2878139
24113,2878191,32,2878223
24114,2878343,10,2878353
24115,2878435,27,2878462
24116,2878467,2,2878469
24117,2878627,7,2878634
24118,2878759,18,2878777
24119,2878912,7,2878919
24120,2878971,68,2879039
24121,2879362,15,2879377
24122,2879385,2,2879387
24123,2879546,20,2879566
24124,2879681,8,2879689
24125,2879736,3,2879739
24126,2879857,32,2879889
24127,2880009,18,2880027
24128,2880090,18,2880108
24129,2880242,13,2880255
24130,2880331,60,2880391
24131,2880841,4,2880845
24132,2881013,57,2881070
24133,2881097,11,2881108
24134,2881320,18,2881338
24135,2881355,92,2881447
24136,2881896,2,2881898
24137,2881988,4,2881992
24138,2882074,38,2882112
24139,2882116,34,2882150
24140,2882608,2,2882610
24141,2882886,3,2882889
24142,2883174,35,2883209
24143,2883252,13,2883265
24144,2883394,2,2883396
24145,2883553,104,2883657
24146,2883839,21,2883860
24147,2884232,6,2884238
24148,2884300,37,2884337
24149,2884388,17,2884405
24150,2884457,8,2884465
24151,2884610,2,2884612
24152,2884661,4,2884665
24153,2884690,14,2884704
24154,2884774,49,2884823
24155,2884832,15,2884847
24156,2884968,18,2884986
24157,2885045,2,2885047
24158,2885067,8,2885075
24159,2885168,2,2885170
24160,2885173,21,2885194
24161,2885262,19,2885281
24162,2885448,31,2885479
24163,2885497,14,2885511
24164,2885521,13,2885534
24165,2885570,7,2885577
24166,2885592,3,2885595
24167,2885650,9,2885659
24168,2885672,1,2885673
24169,2885868,8,2885876
24170,2885922,8,2885930
24171,2885989,4,2885993
24172,2886177,12,2886189
24173,2886226,33,2886259
24174,2886278,10,2886288
24175,2886357,1,2886358
24176,2886468,47,2886515
24177,2886550,59,2886609
24178,2886693,9,2886702
24179,2886714,1,2886715
24180,2886721,9,2886730
24181,2886837,37,2886874
24182,2886923,11,2886934
24183,2887538,118,2887656
24184,2887909,1,2887910
24185,2887946,5,2887951
24186,2888150,11,2888161
24187,2888199,24,2888223
24188,2888243,12,2888255
24189,2888307,2,2888309
24190,2888355,12,2888367
24191,2888506,13,2888519
24192,2888525,3,2888528
24193,2888643,47,2888690
24194,2888908,4,2888912
24195,2888926,10,2888936
24196,2889026,6,2889032
24197,2889141,1,2889142
24198,2889152,13,2889165
24199,2889268,18,2889286
24200,2889405,1,2889406
24201,2889442,9,2889451
24202,2889604,8,2889612
24203,2889723,5,2889728
24204,2889883,15,2889898
24205,2889931,6,2889937
24206,2890054,5,2890059
24207,2890072,2,2890074
24208,2890221,7,2890228
24209,2890363,24,2890387
24210,2890516,61,2890577
24211,2890655,13,2890668
24212,2890731,43,2890774
24213,2890836,25,2890861
24214,2890901,26,2890927
24215,2890987,24,2891011
24216,2891187,16,2891203
24217,2891281,14,2891295
24218,2891450,21,2891471
24219,2891495,31,2891526
24220,2891532,8,2891540
24221,2891714,38,2891752
24222,2891760,16,2891776
24223,2891802,3,2891805
24224,2891912,33,2891945
24225,2892028,12,2892040
24226,2892041,2,2892043
24227,2892045,47,2892092
24228,2892304,36,2892340
24229,2892565,12,2892577
24230,2892716,16,2892732
24231,2892938,16,2892954
24232,2893090,32,2893122
24233,2893320,4,2893324
24234,2893370,1,2893371
24235,2893409,14,2893423
24236,2893445,27,2893472
24237,2893627,2,2893629
24238,2893697,68,2893765
24239,2893845,4,2893849
24240,2893884,40,2893924
24241,2894321,7,2894328
24242,2894345,6,2894351
24243,2894406,7,2894413
24244,2894488,1,2894489
24245,2894499,16,2894515
24246,2894639,3,2894642
24247,2894667,51,2894718
24248,2894752,12,2894764
24249,2894774,8,2894782
24250,2894865,25,2894890
24251,2895030,77,2895107
24252,2895130,8,2895138
24253,2895190,1,2895191
24254,2895198,57,2895255
24255,2895308,58,2895366
24256,2895417,10,2895427
24257,2896006,44,2896050
24258,2896133,7,2896140
24259,2896191,5,2896196
24260,2896314,1,2896315
24261,2896415,49,2896464
24262,2896533,8,2896541
24263,2896708,1,2896709
24264,2896882,5,2896887
24265,2896914,37,2896951
24266,2896981,25,2897006
24267,2897098,2,2897100
24268,2897299,32,2897331
24269,2897610,17,2897627
24270,2897678,12,2897690
24271,2897713,27,2897740
24272,2897813,6,2897819
24273,2897968,33,2898001
24274,2898084,6,2898090
24275,2898164,1,2898165
24276,2898167,37,2898204
24277,2898271,18,2898289
24278,2898433,2,2898435
24279,2898518,1,2898519
24280,2898605,30,2898635
24281,2898645,54,2898699
24282,2898730,31,2898761
24283,2898765,46,2898811
24284,2898959,1,2898960
24285,2899026,30,2899056
24286,2899094,7,2899101
24287,2899160,6,2899166
24288,2899179,2,2899181
24289,2899441,13,2899454
24290,2899457,20,2899477
24291,2899564,5,2899569
24292,2899635,5,2899640
24293,2899664,33,2899697
24294,2899779,36,2899815
24295,2899856,17,2899873
24296,2900025,2,2900027
24297,2900116,43,2900159
24298,2900179,11,2900190
24299,2900241,29,2900270
24300,2900303,60,2900363
24301,2900423,13,2900436
24302,2900566,7,2900573
24303,2900587,5,2900592
24304,2900838,2,2900840
24305,2901047,13,2901060
24306,2901216,15,2901231
24307,2901381,16,2901397
24308,2901415,23,2901438
24309,2901440,5,2901445
24310,2901488,5,2901493
24311,2901566,9,2901575
24312,2901613,21,2901634
24313,2901667,76,2901743
24314,2901861,21,2901882
24315,2901922,2,2901924
24316,2901944,25,2901969
24317,2901979,3,2901982
24318,2901986,37,2902023
24319,2902141,33,2902174
24320,2902241,32,2902273
24321,2902303,30,2902333
24322,2902371,21,2902392
24323,2902500,2,2902502
24324,2902625,7,2902632
24325,2902769,3,2902772
24326,2902838,1,2902839
24327,2902881,3,2902884
24328,2903010,2,2903012
24329,2903133,9,2903142
24330,2903203,67,2903270
24331,2903271,5,2903276
24332,2903311,20,2903331
24333,2903341,30,2903371
24334,2903381,4,2903385
24335,2903431,16,2903447
24336,2903529,11,2903540
24337,2903562,17,2903579
24338,2903641,2,2903643
24339,2903958,11,2903969
24340,2903978,1,2903979
24341,2904189,5,2904194
24342,2904253,2,2904255
24343,2904267,17,2904284
24344,2904304,46,2904350
24345,2904631,65,2904696
24346,2904791,26,2904817
24347,2904826,34,2904860
24348,2904949,24,2904973
24349,2905170,2,2905172
24350,2905179,5,2905184
24351,2905207,95,2905302
24352,2905541,5,2905546
24353,2905589,14,2905603
24354,2905616,22,2905638
24355,2905727,7,2905734
24356,2905851,1,2905852
24357,2906026,3,2906029
24358,2906055,9,2906064
24359,2906165,76,2906241
24360,2906265,9,2906274
24361,2906358,58,2906416
24362,2906459,3,2906462
24363,2906761,17,2906778
24364,2906867,29,2906896
24365,2906918,47,2906965
24366,2907086,23,2907109
24367,2907110,5,2907115
24368,2907116,35,2907151
24369,2907178,47,2907225
24370,2907267,5,2907272
24371,2907275,2,2907277
24372,2907281,7,2907288
24373,2907336,12,2907348
24374,2907453,24,2907477
24375,2907487,14,2907501
24376,2907672,26,2907698
24377,2907768,30,2907798
24378,2907974,25,2907999
24379,2908058,33,2908091
24380,2908164,8,2908172
24381,2908211,9,2908220
24382,2908258,8,2908266
24383,2908410,2,2908412
24384,2908482,5,2908487
24385,2908741,29,2908770
24386,2908781,50,2908831
24387,2908888,5,2908893
24388,2909009,8,2909017
24389,2909085,6,2909091
24390,2909195,3,2909198
24391,2909246,11,2909257
24392,2909282,6,2909288
24393,2909394,84,2909478
24394,2909594,30,2909624
24395,2910034,22,2910056
24396,2910236,2,2910238
24397,2910317,9,2910326
24398,2910426,11,2910437
24399,2910521,130,2910651
24400,2910659,12,2910671
24401,2910915,24,2910939
24402,2911193,15,2911208
24403,2911240,7,2911247
24404,2911290,2,2911292
24405,2911358,1,2911359
24406,2911786,8,2911794
24407,2911813,3,2911816
24408,2911889,5,2911894
24409,2911950,17,2911967
24410,2911970,3,2911973
24411,2912059,51,2912110
24412,2912233,2,2912235
24413,2912354,4,2912358
24414,2912434,12,2912446
24415,2912567,23,2912590
24416,2912614,29,2912643
24417,2912664,15,2912679
24418,2912756,14,2912770
24419,2912794,10,2912804
24420,2912850,20,2912870
24421,2912999,3,2913002
24422,2913181,102,2913283
24423,2913408,43,2913451
24424,2913535,38,2913573
24425,2913610,18,2913628
24426,2913670,2,2913672
24427,2913758,15,2913773
24428,2913856,2,2913858
24429,2913867,39,2913906
24430,2913931,25,2913956
24431,2914035,10,2914045
24432,2914110,77,2914187
24433,2914266,21,2914287
24434,2914352,29,2914381
24435,2914488,49,2914537
24436,2914735,21,2914756
24437,2914870,14,2914884
24438,2914901,59,2914960
24439,2915278,8,2915286
24440,2915331,7,2915338
24441,2915379,12,2915391
24442,2915609,11,2915620
24443,2915671,2,2915673
24444,2915905,15,2915920
24445,2916128,63,2916191
24446,2916380,33,2916413
24447,2916608,38,2916646
24448,2916677,30,2916707
24449,2916716,3,2916719
24450,2916959,4,2916963
24451,2916985,3,2916988
24452,2917100,17,2917117
24453,2917343,48,2917391
24454,2917541,1,2917542
24455,2917583,18,2917601
24456,2917672,97,2917769
24457,2917943,96,2918039
24458,2918044,23,2918067
24459,2918119,11,2918130
24460,2918311,5,2918316
24461,2918543,8,2918551
24462,2918568,24,2918592
24463,2918606,5,2918611
24464,2918664,2,2918666
24465,2918772,8,2918780
24466,2918868,18,2918886
24467,2918911,23,2918934
24468,2918989,33,2919022
24469,2919059,18,2919077
24470,2919173,15,2919188
24471,2919278,40,2919318
24472,2919373,28,2919401
24473,2919464,5,2919469
24474,2919517,12,2919529
24475,2919566,78,2919644
24476,2919667,15,2919682
24477,2919823,20,2919843
24478,2920049,74,2920123
24479,2920226,50,2920276
24480,2920341,5,2920346
24481,2920474,5,2920479
24482,2920550,3,2920553
24483,2920611,2,2920613
24484,2920655,25,2920680
24485,2920719,77,2920796
24486,2920928,18,2920946
24487,2920959,3,2920962
24488,2921030,8,2921038
24489,2921052,10,2921062
24490,2921137,9,2921146
24491,2921218,9,2921227
24492,2921342,35,2921377
24493,2921495,6,2921501
24494,2921578,16,2921594
24495,2921621,38,2921659
24496,2921662,2,2921664
24497,2921721,19,2921740
24498,2921867,33,2921900
24499,2921995,75,2922070
24500,2922075,34,2922109
24501,2922110,22,2922132
24502,2922238,17,2922255
24503,2922323,14,2922337
24504,2922443,68,2922511
24505,2922594,18,2922612
24506,2922651,78,2922729
24507,2922740,26,2922766
24508,2922900,1,2922901
24509,2923185,10,2923195
24510,2923273,34,2923307
24511,2923747,10,2923757
24512,2923767,5,2923772
24513,2923785,35,2923820
24514,2923891,9,2923900
24515,2924099,2,2924101
24516,2924203,3,2924206
24517,2924243,44,2924287
24518,2924407,5,2924412
24519,2924457,1,2924458
24520,2924461,35,2924496
24521,2924625,39,2924664
24522,2924836,73,2924909
24523,2924995,4,2924999
24524,2925124,6,2925130
24525,2925158,2,2925160
24526,2925218,8,2925226
24527,2925254,41,2925295
24528,2925907,69,2925976
24529,2926081,36,2926117
24530,2926264,6,2926270
24531,2926275,2,2926277
24532,2926282,18,2926300
24533,2926347,24,2926371
24534,2926528,1,2926529
24535,2926733,24,2926757
24536,2926871,24,2926895
24537,2926904,44,2926948
24538,2926997,13,2927010
24539,2927054,32,2927086
24540,2927394,12,2927406
24541,2927420,26,2927446
24542,2927611,31,2927642
24543,2927751,45,2927796
24544,2927951,1,2927952
24545,2927987,10,2927997
24546,2928153,29,2928182
24547,2928361,6,2928367
24548,2928388,69,2928457
24549,2928625,15,2928640
24550,2928672,5,2928677
24551,2928737,11,2928748
24552,2928947,31,2928978
24553,2928992,11,2929003
24554,2929103,17,2929120
24555,2929126,4,2929130
24556,2929168,3,2929171
24557,2929228,26,2929254
24558,2929430,18,2929448
24559,2929605,5,2929610
24560,2929728,31,2929759
24561,2930110,12,2930122
24562,2930132,22,2930154
24563,2930161,2,2930163
24564,2930246,5,2930251
24565,2930405,35,2930440
24566,2930620,71,2930691
24567,2930711,37,2930748
24568,2930869,30,2930899
24569,2931007,6,2931013
24570,2931053,32,2931085
24571,2931138,9,2931147
24572,2931221,25,2931246
24573,2931280,47,2931327
24574,2931353,89,2931442
24575,2931592,9,2931601
24576,2931623,14,2931637
24577,2932062,47,2932109
24578,2932114,4,2932118
24579,2932193,14,2932207
24580,2932242,16,2932258
24581,2932261,8,2932269
24582,2932422,21,2932443
24583,2932472,10,2932482
24584,2932581,49,2932630
24585,2932657,36,2932693
24586,2932895,2,2932897
24587,2932951,4,2932955
24588,2933113,33,2933146
24589,2933167,33,2933200
24590,2933547,83,2933630
24591,2933741,12,2933753
24592,2933780,23,2933803
24593,2933818,11,2933829
24594,2933891,24,2933915
24595,2933938,37,2933975
24596,2934007,38,2934045
24597,2934070,26,2934096
24598,2934102,19,2934121
24599,2934135,1,2934136
24600,2934171,45,2934216
24601,2934256,11,2934267
24602,2934313,68,2934381
24603,2934925,6,2934931
24604,2934938,53,2934991
24605,2935158,17,2935175
24606,2935215,12,2935227
24607,2935250,28,2935278
24608,2935372,25,2935397
24609,2935435,103,2935538
24610,2935558,8,2935566
24611,2935658,35,2935693
24612,2935736,22,2935758
24613,2935764,27,2935791
24614,2935932,51,2935983
24615,2936021,12,2936033
24616,2936094,9,2936103
24617,2936200,13,2936213
24618,2936362,9,2936371
24619,2936372,17,2936389
24620,2936402,17,2936419
24621,2936544,12,2936556
24622,2936567,14,2936581
24623,2936696,7,2936703
24624,2936710,33,2936743
24625,2936808,11,2936819
24626,2936820,13,2936833
24627,2936948,17,2936965
24628,2937247,40,2937287
24629,2937308,27,2937335
24630,2937336,14,2937350
24631,2937393,4,2937397
24632,2937436,47,2937483
24633,2937781,1,2937782
24634,2937855,15,2937870
24635,2937931,34,2937965
24636,2937988,30,2938018
24637,2938019,20,2938039
24638,2938147,16,2938163
24639,2938266,2,2938268
24640,2938453,38,2938491
24641,2938509,38,2938547
24642,2938704,1,2938705
24643,2938753,14,2938767
24644,2938957,8,2938965
24645,2939078,22,2939100
24646,2939151,27,2939178
24647,2939335,37,2939372
24648,2939382,20,2939402
24649,2939491,13,2939504
24650,2939652,33,2939685
24651,2939698,18,2939716
24652,2939835,2,2939837
24653,2939913,76,2939989
24654,2940015,3,2940018
24655,2940247,15,2940262
24656,2940288,1,2940289
24657,2940337,16,2940353
24658,2940451,1,2940452
24659,2940457,28,2940485
24660,2940596,25,2940621
24661,2940632,31,2940663
24662,2940664,7,2940671
24663,2940719,26,2940745
24664,2940804,15,2940819
24665,2940984,17,2941001
24666,2941052,7,2941059
24667,2941149,5,2941154
24668,2941167,8,2941175
24669,2941219,19,2941238
24670,2941281,14,2941295
24671,2941389,2,2941391
24672,2941508,8,2941516
24673,2941526,25,2941551
24674,2941560,26,2941586
24675,2941589,84,2941673
24676,2941855,9,2941864
24677,2941865,93,2941958
24678,2942202,23,2942225
24679,2942292,14,2942306
24680,2942367,2,2942369
24681,2942433,39,2942472
24682,2942544,6,2942550
24683,2942613,13,2942626
24684,2942685,16,2942701
24685,2942946,2,2942948
24686,2943058,7,2943065
24687,2943339,1,2943340
24688,2943655,14,2943669
24689,2943907,1,2943908
24690,2943920,79,2943999
24691,2944066,23,2944089
24692,2944203,34,2944237
24693,2944444,34,2944478
24694,2944533,39,2944572
24695,2944626,4,2944630
24696,2944832,9,2944841
24697,2944942,11,2944953
24698,2945302,4,2945306
24699,2945339,6,2945345
24700,2945406,14,2945420
24701,2945428,6,2945434
24702,2945435,12,2945447
24703,2945483,12,2945495
24704,2945550,3,2945553
24705,2945568,6,2945574
24706,2945604,1,2945605
24707,2945637,34,2945671
24708,2945716,24,2945740
24709,2945755,32,2945787
24710,2945863,22,2945885
24711,2945916,34,2945950
24712,2946024,51,2946075
24713,2946085,2,2946087
24714,2946096,18,2946114
24715,2946187,21,2946208
24716,2946393,8,2946401
24717,2946473,98,2946571
24718,2946610,26,2946636
24719,2946726,8,2946734
24720,2947179,7,2947186
24721,2947462,6,2947468
24722,2947473,6,2947479
24723,2947522,1,2947523
24724,2947711,15,2947726
24725,2948229,14,2948243
24726,2948414,1,2948415
24727,2948496,19,2948515
24728,2948588,7,2948595
24729,2948714,7,2948721
24730,2948729,12,2948741
24731,2948882,8,2948890
24732,2949014,24,2949038
24733,2949128,22,2949150
24734,2949216,14,2949230
24735,2949241,91,2949332
24736,2949372,1,2949373
24737,2949517,2,2949519
24738,2949527,22,2949549
24739,2949558,29,2949587
24740,2949589,16,2949605
24741,2949615,36,2949651
24742,2949673,4,2949677
24743,2949679,10,2949689
24744,2949916,33,2949949
24745,2950116,22,2950138
24746,2950184,5,2950189
24747,2950221,16,2950237
24748,2950310,13,2950323
24749,2950336,2,2950338
24750,2950369,11,2950380
24751,2950392,11,2950403
24752,2950533,4,2950537
24753,2950565,19,2950584
24754,2950784,50,2950834
24755,2950914,4,2950918
24756,2950942,38,2950980
24757,2951054,14,2951068
24758,2951078,53,2951131
24759,2951135,16,2951151
24760,2951162,7,2951169
24761,2951226,9,2951235
24762,2951289,7,2951296
24763,2951580,19,2951599
24764,2951605,21,2951626
24765,2951706,2,2951708
24766,2951863,8,2951871
24767,2952095,17,2952112
24768,2952130,18,2952148
24769,2952159,6,2952165
24770,2952241,26,2952267
24771,2952384,3,2952387
24772,2952588,6,2952594
24773,2952597,9,2952606
24774,2952620,18,2952638
24775,2952653,1,2952654
24776,2952710,10,2952720
24777,2952946,23,2952969
24778,2953075,22,2953097
24779,2953162,16,2953178
24780,2953430,7,2953437
24781,2953801,26,2953827
24782,2953954,60,2954014
24783,2954031,3,2954034
24784,2954277,15,2954292
24785,2954558,32,2954590
24786,2954596,5,2954601
24787,2954608,87,2954695
24788,2954853,18,2954871
24789,2954878,2,2954880
24790,2955066,20,2955086
24791,2955105,17,2955122
24792,2955337,9,2955346
24793,2955509,1,2955510
24794,2955600,4,2955604
24795,2955936,25,2955961
24796,2956183,5,2956188
24797,2956201,38,2956239
24798,2956258,33,2956291
24799,2956480,8,2956488
24800,2956559,21,2956580
24801,2956704,29,2956733
24802,2956767,67,2956834
24803,2956885,10,2956895
24804,2956946,14,2956960
24805,2956979,7,2956986
24806,2957049,28,2957077
24807,2957105,3,2957108
24808,2957340,7,2957347
24809,2957398,5,2957403
24810,2957534,62,2957596
24811,2957738,38,2957776
24812,2957835,16,2957851
24813,2957917,2,2957919
24814,2957968,3,2957971
24815,2957982,51,2958033
24816,2958179,25,2958204
24817,2958520,12,2958532
24818,2958605,8,2958613
24819,2958682,5,2958687
24820,2958704,11,2958715
24821,2958847,22,2958869
24822,2959018,37,2959055
24823,2959099,4,2959103
24824,2959131,15,2959146
24825,2959190,45,2959235
24826,2959244,29,2959273
24827,2959502,8,2959510
24828,2959550,54,2959604
24829,2959616,36,2959652
24830,2959779,27,2959806
24831,2959938,5,2959943
24832,2959979,27,2960006
24833,2960011,16,2960027
24834,2960144,9,2960153
24835,2960255,33,2960288
24836,2960377,6,2960383
24837,2960479,5,2960484
24838,2960497,13,2960510
24839,2960537,35,2960572
24840,2960573,5,2960578
24841,2960583,56,2960639
24842,2960679,125,2960804
24843,2960880,11,2960891
24844,2961028,21,2961049
24845,2961530,8,2961538
24846,2961795,16,2961811
24847,2961816,2,2961818
24848,2961876,13,2961889
24849,2962009,40,2962049
24850,2962126,36,2962162
24851,2962365,16,2962381
24852,2962389,5,2962394
24853,2962414,3,2962417
24854,2962545,11,2962556
24855,2962807,57,2962864
24856,2962877,15,2962892
24857,2963127,10,2963137
24858,2963500,13,2963513
24859,2963667,4,2963671
24860,2963708,5,2963713
24861,2963778,26,2963804
24862,2964071,7,2964078
24863,2964208,16,2964224
24864,2964301,3,2964304
24865,2964487,34,2964521
24866,2964598,7,2964605
24867,2964843,1,2964844
24868,2964892,168,2965060
24869,2965214,12,2965226
24870,2965229,9,2965238
24871,2965400,30,2965430
24872,2965434,55,2965489
24873,2965490,34,2965524
24874,2965701,42,2965743
24875,2965814,4,2965818
24876,2965856,17,2965873
24877,2965888,102,2965990
24878,2966070,7,2966077
24879,2966096,10,2966106
24880,2966176,12,2966188
24881,2966196,11,2966207
24882,2966650,4,2966654
24883,2966738,41,2966779
24884,2966892,9,2966901
24885,2966993,24,2967017
24886,2967019,11,2967030
24887,2967157,20,2967177
24888,2967323,2,2967325
24889,2967332,41,2967373
24890,2967436,3,2967439
24891,2967526,2,2967528
24892,2967726,10,2967736
24893,2967984,13,2967997
24894,2968070,12,2968082
24895,2968144,4,2968148
24896,2968217,2,2968219
24897,2968387,17,2968404
24898,2968469,25,2968494
24899,2968500,9,2968509
24900,2968679,11,2968690
24901,2968750,19,2968769
24902,2968790,18,2968808
24903,2968836,46,2968882
24904,2969031,1,2969032
24905,2969105,17,2969122
24906,2969140,15,2969155
24907,2969312,31,2969343
24908,2969388,18,2969406
24909,2969490,7,2969497
24910,2969601,52,2969653
24911,2969868,8,2969876
24912,2969919,21,2969940
24913,2970069,1,2970070
24914,2970073,24,2970097
24915,2970226,21,2970247
24916,2970258,4,2970262
24917,2970330,9,2970339
24918,2970399,27,2970426
24919,2970565,9,2970574
24920,2970729,1,2970730
24921,2970814,1,2970815
24922,2970858,67,2970925
24923,2970955,8,2970963
24924,2970987,78,2971065
24925,2971068,14,2971082
24926,2971102,51,2971153
24927,2971482,10,2971492
24928,2971515,16,2971531
24929,2971556,23,2971579
24930,2971608,15,2971623
24931,2971722,6,2971728
24932,2971729,31,2971760
24933,2972159,5,2972164
24934,2972286,1,2972287
24935,2972295,11,2972306
24936,2972375,19,2972394
24937,2972434,15,2972449
24938,2972482,36,2972518
24939,2972569,51,2972620
24940,2972735,10,2972745
24941,2972842,18,2972860
24942,2973033,6,2973039
24943,2973314,33,2973347
24944,2973526,6,2973532
24945,2973584,6,2973590
24946,2973609,47,2973656
24947,2973657,22,2973679
24948,2973703,13,2973716
24949,2973874,2,2973876
24950,2974032,39,2974071
24951,2974188,2,2974190
24952,2974281,23,2974304
24953,2974325,12,2974337
24954,2974446,8,2974454
24955,2974729,25,2974754
24956,2974885,39,2974924
24957,2975041,1,2975042
24958,2975121,28,2975149
24959,2975245,7,2975252
24960,2975256,33,2975289
24961,2975427,28,2975455
24962,2975518,48,2975566
24963,2975672,40,2975712
24964,2975737,47,2975784
24965,2975787,14,2975801
24966,2975806,28,2975834
24967,2975893,8,2975901
24968,2975950,10,2975960
24969,2976014,14,2976028
24970,2976279,3,2976282
24971,2976357,14,2976371
24972,2976380,10,2976390
24973,2976541,25,2976566
24974,2976585,7,2976592
24975,2976626,88,2976714
24976,2976743,4,2976747
24977,2976912,6,2976918
24978,2977292,4,2977296
24979,2977649,10,2977659
24980,2977698,38,2977736
24981,2978157,5,2978162
24982,2978458,12,2978470
24983,2978633,58,2978691
24984,2978830,32,2978862
24985,2978911,45,2978956
24986,2978975,8,2978983
24987,2979214,6,2979220
24988,2979229,91,2979320
24989,2979331,14,2979345
24990,2979350,12,2979362
24991,2979405,83,2979488
24992,2979616,5,2979621
24993,2979626,12,2979638
24994,2979660,3,2979663
24995,2979969,60,2980029
24996,2980171,1,2980172
24997,2980202,5,2980207
24998,2980446,25,2980471
24999,2980607,3,2980610
25000,2980702,10,2980712
25001,2980844,20,2980864
25002,2980885,2,2980887
25003,2980927,21,2980948
25004,2981010,10,2981020
25005,2981030,52,2981082
25006,2981094,15,2981109
25007,2981126,52,2981178
25008,2981269,6,2981275
25009,2981475,3,2981478
25010,2981501,62,2981563
25011,2981586,4,2981590
25012,2981781,24,2981805
25013,2981884,27,2981911
25014,2981931,10,2981941
25015,2982212,22,2982234
25016,2982406,9,2982415
25017,2982496,33,2982529
25018,2982531,1,2982532
25019,2982545,1,2982546
25020,2982653,1,2982654
25021,2982683,11,2982694
25022,2982847,56,2982903
25023,2983213,65,2983278
25024,2983282,56,2983338
25025,2983548,1,2983549
25026,2983609,42,2983651
25027,2983688,38,2983726
25028,2983857,1,2983858
25029,2983996,31,2984027
25030,2984205,85,2984290
25031,2984401,1,2984402
25032,2984586,3,2984589
25033,2984699,3,2984702
25034,2984720,6,2984726
25035,2984953,42,2984995
25036,2985208,41,2985249
25037,2985401,2,2985403
25038,2985441,7,2985448
25039,2985465,2,2985467
25040,2985548,3,2985551
25041,2985616,8,2985624
25042,2985650,87,2985737
25043,2985749,22,2985771
25044,2985794,4,2985798
25045,2985977,15,2985992
25046,2986210,29,2986239
25047,2986257,19,2986276
25048,2986361,5,2986366
25049,2986416,8,2986424
25050,2986436,21,2986457
25051,2986508,30,2986538
25052,2986564,10,2986574
25053,2986628,10,2986638
25054,2986723,32,2986755
25055,2987002,3,2987005
25056,2987163,15,2987178
25057,2987672,13,2987685
25058,2987720,2,2987722
25059,2987770,68,2987838
25060,2987876,23,2987899
25061,2987933,13,2987946
25062,2987964,58,2988022
25063,2988078,15,2988093
25064,2988158,37,2988195
25065,2988335,32,2988367
25066,2988388,79,2988467
25067,2988626,2,2988628
25068,2988752,1,2988753
25069,2988817,14,2988831
25070,2988875,19,2988894
25071,2989106,22,2989128
25072,2989243,13,2989256
25073,2989296,10,2989306
25074,2989457,11,2989468
25075,2989781,14,2989795
25076,2989802,28,2989830
25077,2989854,16,2989870
25078,2989890,22,2989912
25079,2990014,3,2990017
25080,2990127,27,2990154
25081,2990229,10,2990239
25082,2990241,6,2990247
25083,2990512,4,2990516
25084,2990716,65,2990781
25085,2990782,27,2990809
25086,2990959,2,2990961
25087,2990997,11,2991008
25088,2991009,10,2991019
25089,2991194,5,2991199
25090,2991286,87,2991373
25091,2991375,22,2991397
25092,2991590,20,2991610
25093,2991652,5,2991657
25094,2991697,15,2991712
25095,2991809,15,2991824
25096,2991944,6,2991950
25097,2992037,28,2992065
25098,2992131,4,2992135
25099,2992159,7,2992166
25100,2992331,13,2992344
25101,2992347,15,2992362
25102,2992555,17,2992572
25103,2992633,65,2992698
25104,2992800,6,2992806
25105,2992980,17,2992997
25106,2993160,6,2993166
25107,2993352,3,2993355
25108,2993821,1,2993822
25109,2993859,43,2993902
25110,2993936,24,2993960
25111,2994041,11,2994052
25112,2994057,6,2994063
25113,2994079,9,2994088
25114,2994256,46,2994302
25115,2994385,7,2994392
25116,2994412,16,2994428
25117,2994460,4,2994464
25118,2994667,40,2994707
25119,2994709,3,2994712
25120,2994806,8,2994814
25121,2994878,25,2994903
25122,2995022,26,2995048
25123,2995192,4,2995196
25124,2995220,20,2995240
25125,2995275,3,2995278
25126,2995458,11,2995469
25127,2995553,7,2995560
25128,2995718,2,2995720
25129,2995996,39,2996035
25130,2996273,17,2996290
25131,2996355,1,2996356
25132,2996359,10,2996369
25133,2996379,16,2996395
25134,2996452,3,2996455
25135,2996613,35,2996648
25136,2996702,5,2996707
25137,2996766,4,2996770
25138,2996876,26,2996902
25139,2997002,22,2997024
25140,2997039,23,2997062
25141,2997123,37,2997160
25142,2997258,6,2997264
25143,2997353,16,2997369
25144,2997429,2,2997431
25145,2997552,7,2997559
25146,2997598,3,2997601
25147,2997687,37,2997724
25148,2997820,36,2997856
25149,2998103,11,2998114
25150,2998214,18,2998232
25151,2998270,5,2998275
25152,2998293,15,2998308
25153,2998359,7,2998366
25154,2998472,4,2998476
25155,2998499,7,2998506
25156,2998673,12,2998685
25157,2998710,15,2998725
25158,2999079,28,2999107
25159,2999245,19,2999264
25160,2999335,48,2999383
25161,2999511,27,2999538
25162,2999614,2,2999616
25163,2999948,57,3000005
25164,3000139,5,3000144
25165,3000389,36,3000425
25166,3000498,16,3000514
25167,3000515,41,3000556
25168,3000663,3,3000666
25169,3000741,63,3000804
25170,3000816,40,3000856
25171,3000894,78,3000972
25172,3000986,78,3001064
25173,3001148,63,3001211
25174,3001379,47,3001426
25175,3001586,9,3001595
25176,3001616,19,3001635
25177,3001794,9,3001803
25178,3001880,6,3001886
25179,3001975,20,3001995
25180,3001998,12,3002010
25181,3002019,11,3002030
25182,3002221,7,3002228
25183,3002274,18,3002292
25184,3002296,21,3002317
25185,3002443,18,3002461
25186,3002467,6,3002473
25187,3002956,28,3002984
25188,3003087,45,3003132
25189,3003286,74,3003360
25190,3003382,3,3003385
25191,3003546,7,3003553
25192,3003572,5,3003577
25193,3003628,13,3003641
25194,3003841,21,3003862
25195,3003879,22,3003901
25196,3003921,24,3003945
25197,3004000,25,3004025
25198,3004096,13,3004109
25199,3004127,14,3004141
25200,3004167,26,3004193
25201,3004390,62,3004452
25202,3004626,3,3004629
25203,3004815,11,3004826
25204,3004907,25,3004932
25205,3004937,15,3004952
25206,3005039,4,3005043
25207,3005173,2,3005175
25208,3005271,8,3005279
25209,3005331,5,3005336
25210,3005376,2,3005378
25211,3005648,34,3005682
25212,3005794,38,3005832
25213,3005982,52,3006034
25214,3006610,23,3006633
25215,3006738,48,3006786
25216,3007096,38,3007134
25217,3007147,1,3007148
25218,3007188,2,3007190
25219,3007319,17,3007336
25220,3007445,9,3007454
25221,3007477,6,3007483
25222,3007613,12,3007625
25223,3007736,11,3007747
25224,3007922,61,3007983
25225,3007987,7,3007994
25226,3008363,24,3008387
25227,3008404,35,3008439
25228,3008650,5,3008655
25229,3008691,6,3008697
25230,3008793,14,3008807
25231,3008886,5,3008891
25232,3008952,5,3008957
25233,3009046,13,3009059
25234,3009106,10,3009116
25235,3009149,9,3009158
25236,3009178,6,3009184
25237,3009306,24,3009330
25238,3009358,36,3009394
25239,3009423,30,3009453
25240,3009556,36,3009592
25241,3009886,10,3009896
25242,3009919,29,3009948
25243,3010020,6,3010026
25244,3010061,13,3010074
25245,3010289,16,3010305
25246,3010357,23,3010380
25247,3010398,33,3010431
25248,3010669,19,3010688
25249,3010800,32,3010832
25250,3010901,1,3010902
25251,3011058,36,3011094
25252,3011113,9,3011122
25253,3011362,13,3011375
25254,3011402,5,3011407
25255,3011550,24,3011574
25256,3011839,32,3011871
25257,3011900,23,3011923
25258,3012054,13,3012067
25259,3012304,3,3012307
25260,3012334,19,3012353
25261,3012373,20,3012393
25262,3012446,29,3012475
25263,3012571,40,3012611
25264,3012680,17,3012697
25265,3012700,50,3012750
25266,3012786,33,3012819
25267,3012877,6,3012883
25268,3013091,13,3013104
25269,3013189,8,3013197
25270,3013202,31,3013233
25271,3013272,11,3013283
25272,3013495,5,3013500
25273,3013624,11,3013635
25274,3013712,14,3013726
25275,3013771,16,3013787
25276,3013895,7,3013902
25277,3013903,5,3013908
25278,3013960,14,3013974
25279,3014006,1,3014007
25280,3014130,12,3014142
25281,3014247,31,3014278
25282,3014286,5,3014291
25283,3014306,22,3014328
25284,3014333,63,3014396
25285,3014428,7,3014435
25286,3014552,22,3014574
25287,3014587,17,3014604
25288,3014846,6,3014852
25289,3014911,5,3014916
25290,3014996,31,3015027
25291,3015062,6,3015068
25292,3015129,12,3015141
25293,3015157,35,3015192
25294,3015267,20,3015287
25295,3015616,7,3015623
25296,3015681,28,3015709
25297,3015850,24,3015874
25298,3016041,9,3016050
25299,3016062,22,3016084
25300,3016320,34,3016354
25301,3016552,40,3016592
25302,3016754,8,3016762
25303,3016841,10,3016851
25304,3016965,5,3016970
25305,3017053,29,3017082
25306,3017100,11,3017111
25307,3017223,13,3017236
25308,3017261,1,3017262
25309,3017267,15,3017282
25310,3017307,16,3017323
25311,3017352,6,3017358
25312,3017392,15,3017407
25313,3017415,108,3017523
25314,3017526,4,3017530
25315,3017592,4,3017596
25316,3017796,11,3017807
25317,3018018,4,3018022
25318,3018056,6,3018062
25319,3018130,1,3018131
25320,3018274,20,3018294
25321,3018321,33,3018354
25322,3018582,21,3018603
25323,3018660,6,3018666
25324,3018731,2,3018733
25325,3018737,4,3018741
25326,3018800,13,3018813
25327,3019034,6,3019040
25328,3019055,20,3019075
25329,3019109,17,3019126
25330,3019221,5,3019226
25331,3019261,14,3019275
25332,3019580,6,3019586
25333,3019688,15,3019703
25334,3019761,16,3019777
25335,3019857,23,3019880
25336,3019908,4,3019912
25337,3019989,6,3019995
25338,3020119,25,3020144
25339,3020547,29,3020576
25340,3020782,30,3020812
25341,3020855,7,3020862
25342,3020919,6,3020925
25343,3020926,7,3020933
25344,3020967,32,3020999
25345,3021020,23,3021043
25346,3021054,51,3021105
25347,3021167,47,3021214
25348,3021274,58,3021332
25349,3021349,4,3021353
25350,3021497,14,3021511
25351,3021588,20,3021608
25352,3021758,53,3021811
25353,3021930,22,3021952
25354,3022063,8,3022071
25355,3022158,2,3022160
25356,3022253,30,3022283
25357,3022312,50,3022362
25358,3022394,1,3022395
25359,3022419,41,3022460
25360,3022464,4,3022468
25361,3022491,10,3022501
25362,3022695,27,3022722
25363,3022783,5,3022788
25364,3022833,12,3022845
25365,3022987,23,3023010
25366,3023056,6,3023062
25367,3023116,12,3023128
25368,3023170,52,3023222
25369,3023361,16,3023377
25370,3023404,17,3023421
25371,3023426,7,3023433
25372,3023465,3,3023468
25373,3023475,1,3023476
25374,3023497,5,3023502
25375,3023689,2,3023691
25376,3023856,37,3023893
25377,3024012,19,3024031
25378,3024048,14,3024062
25379,3024064,8,3024072
25380,3024095,8,3024103
25381,3024162,8,3024170
25382,3024249,17,3024266
25383,3024306,3,3024309
25384,3024360,10,3024370
25385,3024396,10,3024406
25386,3024413,19,3024432
25387,3024459,58,3024517
25388,3024560,39,3024599
25389,3024616,28,3024644
25390,3024685,1,3024686
25391,3024735,22,3024757
25392,3024825,18,3024843
25393,3024879,11,3024890
25394,3024923,8,3024931
25395,3024958,5,3024963
25396,3025024,26,3025050
25397,3025111,23,3025134
25398,3025171,18,3025189
25399,3025373,17,3025390
25400,3025494,6,3025500
25401,3025553,28,3025581
25402,3025714,55,3025769
25403,3025986,21,3026007
25404,3026087,13,3026100
25405,3026125,18,3026143
25406,3026146,21,3026167
25407,3026303,22,3026325
25408,3026351,12,3026363
25409,3026430,12,3026442
25410,3026464,17,3026481
25411,3026632,22,3026654
25412,3026658,29,3026687
25413,3026786,15,3026801
25414,3026847,14,3026861
25415,3027133,50,3027183
25416,3027241,17,3027258
25417,3027283,11,3027294
25418,3027300,19,3027319
25419,3027339,28,3027367
25420,3027620,6,3027626
25421,3027956,29,3027985
25422,3027998,9,3028007
25423,3028017,29,3028046
25424,3028181,5,3028186
25425,3028283,42,3028325
25426,3028415,7,3028422
25427,3028512,14,3028526
25428,3028608,24,3028632
25429,3028651,15,3028666
25430,3028782,1,3028783
25431,3028812,33,3028845
25432,3028861,23,3028884
25433,3028886,10,3028896
25434,3029109,30,3029139
25435,3029239,4,3029243
25436,3029390,11,3029401
25437,3029473,22,3029495
25438,3029506,3,3029509
25439,3029588,31,3029619
25440,3029801,28,3029829
25441,3030013,1,3030014
25442,3030135,5,3030140
25443,3030372,6,3030378
25444,3030480,28,3030508
25445,3030528,4,3030532
25446,3030581,49,3030630
25447,3030760,29,3030789
25448,3030974,3,3030977
25449,3031076,31,3031107
25450,3031247,3,3031250
25451,3031319,15,3031334
25452,3031369,38,3031407
25453,3031482,20,3031502
25454,3031627,19,3031646
25455,3031682,6,3031688
25456,3031700,11,3031711
25457,3031766,6,3031772
25458,3031773,13,3031786
25459,3031828,7,3031835
25460,3032246,47,3032293
25461,3032396,25,3032421
25462,3032446,28,3032474
25463,3032669,69,3032738
25464,3032933,13,3032946
25465,3032979,7,3032986
25466,3033118,13,3033131
25467,3033356,22,3033378
25468,3033427,37,3033464
25469,3033669,10,3033679
25470,3034026,38,3034064
25471,3034082,20,3034102
25472,3034248,8,3034256
25473,3034284,22,3034306
25474,3034378,19,3034397
25475,3034406,1,3034407
25476,3034611,6,3034617
25477,3034626,7,3034633
25478,3034669,2,3034671
25479,3034731,1,3034732
25480,3034903,2,3034905
25481,3035053,19,3035072
25482,3035115,10,3035125
25483,3035250,3,3035253
25484,3035314,20,3035334
25485,3035337,31,3035368
25486,3035385,2,3035387
25487,3035411,12,3035423
25488,3035535,6,3035541
25489,3035572,12,3035584
25490,3035712,22,3035734
25491,3035757,8,3035765
25492,3035920,1,3035921
25493,3036002,25,3036027
25494,3036138,2,3036140
25495,3036182,28,3036210
25496,3036540,47,3036587
25497,3036703,20,3036723
25498,3036750,5,3036755
25499,3036891,15,3036906
25500,3037182,23,3037205
25501,3037230,83,3037313
25502,3037325,55,3037380
25503,3037535,11,3037546
25504,3037563,26,3037589
25505,3037705,41,3037746
25506,3037868,7,3037875
25507,3037909,2,3037911
25508,3037921,4,3037925
25509,3038280,11,3038291
25510,3038367,60,3038427
25511,3038463,14,3038477
25512,3038566,56,3038622
25513,3038815,15,3038830
25514,3038897,13,3038910
25515,3039209,54,3039263
25516,3039368,21,3039389
25517,3039431,47,3039478
25518,3039767,10,3039777
25519,3039821,4,3039825
25520,3040067,4,3040071
25521,3040136,24,3040160
25522,3040187,19,3040206
25523,3040239,37,3040276
25524,3040333,12,3040345
25525,3040424,19,3040443
25526,3040662,27,3040689
25527,3040851,7,3040858
25528,3040901,41,3040942
25529,3041015,6,3041021
25530,3041453,26,3041479
25531,3041509,17,3041526
25532,3041663,67,3041730
25533,3041753,26,3041779
25534,3041933,35,3041968
25535,3042081,12,3042093
25536,3042116,19,3042135
25537,3042640,26,3042666
25538,3042721,2,3042723
25539,3042738,16,3042754
25540,3042829,12,3042841
25541,3042939,31,3042970
25542,3043034,41,3043075
25543,3043082,17,3043099
25544,3043184,10,3043194
25545,3043687,29,3043716
25546,3043815,7,3043822
25547,3043838,20,3043858
25548,3043862,10,3043872
25549,3043889,20,3043909
25550,3043930,1,3043931
25551,3044065,38,3044103
25552,3044272,12,3044284
25553,3044318,71,3044389
25554,3044496,1,3044497
25555,3044499,6,3044505
25556,3044617,67,3044684
25557,3044686,8,3044694
25558,3044724,8,3044732
25559,3044917,26,3044943
25560,3044967,72,3045039
25561,3045073,66,3045139
25562,3045339,46,3045385
25563,3045518,12,3045530
25564,3045548,5,3045553
25565,3045603,23,3045626
25566,3045748,8,3045756
25567,3045892,13,3045905
25568,3045947,21,3045968
25569,3046053,18,3046071
25570,3046120,22,3046142
25571,3046285,13,3046298
25572,3046452,9,3046461
25573,3046468,3,3046471
25574,3046664,4,3046668
25575,3046709,9,3046718
25576,3046882,10,3046892
25577,3047035,3,3047038
25578,3047068,8,3047076
25579,3047159,24,3047183
25580,3047204,34,3047238
25581,3047263,9,3047272
25582,3047367,1,3047368
25583,3047493,43,3047536
25584,3047563,20,3047583
25585,3047595,46,3047641
25586,3047657,3,3047660
25587,3047717,35,3047752
25588,3047949,6,3047955
25589,3048110,27,3048137
25590,3048185,4,3048189
25591,3048272,24,3048296
25592,3048412,5,3048417
25593,3048433,30,3048463
25594,3048698,8,3048706
25595,3048857,5,3048862
25596,3049020,20,3049040
25597,3049204,3,3049207
25598,3049292,29,3049321
25599,3049422,7,3049429
25600,3049484,36,3049520
25601,3049578,5,3049583
25602,3049607,15,3049622
25603,3049727,6,3049733
25604,3049784,37,3049821
25605,3049856,27,3049883
25606,3049899,28,3049927
25607,3050229,30,3050259
25608,3050468,11,3050479
25609,3050481,6,3050487
25610,3050601,33,3050634
25611,3050636,16,3050652
25612,3051306,15,3051321
25613,3051423,19,3051442
25614,3051566,18,3051584
25615,3051723,33,3051756
25616,3051767,4,3051771
25617,3051830,20,3051850
25618,3051909,18,3051927
25619,3052089,17,3052106
25620,3052214,29,3052243
25621,3052313,36,3052349
25622,3052392,11,3052403
25623,3052409,15,3052424
25624,3052456,4,3052460
25625,3052478,7,3052485
25626,3052517,2,3052519
25627,3052523,19,3052542
25628,3052795,30,3052825
25629,3052928,20,3052948
25630,3053103,46,3053149
25631,3053254,11,3053265
25632,3053283,52,3053335
25633,3053339,10,3053349
25634,3053536,61,3053597
25635,3053905,31,3053936
25636,3054133,13,3054146
25637,3054225,3,3054228
25638,3054231,8,3054239
25639,3054240,67,3054307
25640,3054545,54,3054599
25641,3054615,27,3054642
25642,3054685,8,3054693
25643,3054766,24,3054790
25644,3055038,11,3055049
25645,3055177,25,3055202
25646,3055354,20,3055374
25647,3055412,89,3055501
25648,3055644,19,3055663
25649,3055805,10,3055815
25650,3055855,6,3055861
25651,3056151,7,3056158
25652,3056247,8,3056255
25653,3056259,1,3056260
25654,3056359,33,3056392
25655,3056431,7,3056438
25656,3056447,16,3056463
25657,3056487,29,3056516
25658,3056736,3,3056739
25659,3056886,12,3056898
25660,3056955,1,3056956
25661,3057085,23,3057108
25662,3057109,31,3057140
25663,3057229,2,3057231
25664,3057236,17,3057253
25665,3057397,2,3057399
25666,3057411,16,3057427
25667,3057788,7,3057795
25668,3057830,18,3057848
25669,3057878,29,3057907
25670,3058096,23,3058119
25671,3058171,2,3058173
25672,3058308,10,3058318
25673,3058402,15,3058417
25674,3058433,5,3058438
25675,3058446,29,3058475
25676,3058816,6,3058822
25677,3058826,76,3058902
25678,3059121,15,3059136
25679,3059372,28,3059400
25680,3059421,22,3059443
25681,3059445,6,3059451
25682,3059473,63,3059536
25683,3059730,32,3059762
25684,3060128,14,3060142
25685,3060204,3,3060207
25686,3060487,6,3060493
25687,3060577,38,3060615
25688,3060730,69,3060799
25689,3060893,12,3060905
25690,3061143,5,3061148
25691,3061248,20,3061268
25692,3061298,9,3061307
25693,3061357,35,3061392
25694,3061458,17,3061475
25695,3061553,24,3061577
25696,3061740,2,3061742
25697,3062123,1,3062124
25698,3062166,32,3062198
25699,3062241,17,3062258
25700,3062268,12,3062280
25701,3062339,14,3062353
25702,3062375,8,3062383
25703,3062451,6,3062457
25704,3062573,9,3062582
25705,3062887,30,3062917
25706,3062927,6,3062933
25707,3063039,5,3063044
25708,3063091,35,3063126
25709,3063155,12,3063167
25710,3063288,27,3063315
25711,3063602,15,3063617
25712,3063850,9,3063859
25713,3064122,14,3064136
25714,3064378,2,3064380
25715,3064401,72,3064473
25716,3064501,9,3064510
25717,3064630,1,3064631
25718,3065460,63,3065523
25719,3065584,36,3065620
25720,3065805,3,3065808
25721,3066115,26,3066141
25722,3066349,10,3066359
25723,3066367,14,3066381
25724,3066421,18,3066439
25725,3066441,22,3066463
25726,3066493,41,3066534
25727,3066691,7,3066698
25728,3066705,8,3066713
25729,3066923,37,3066960
25730,3067173,2,3067175
25731,3067244,4,3067248
25732,3067371,3,3067374
25733,3067448,19,3067467
25734,3067623,26,3067649
25735,3067750,12,3067762
25736,3067796,2,3067798
25737,3067809,25,3067834
25738,3067968,5,3067973
25739,3068001,1,3068002
25740,3068004,22,3068026
25741,3068478,6,3068484
25742,3068703,11,3068714
25743,3068780,17,3068797
25744,3068815,11,3068826
25745,3068830,8,3068838
25746,3069000,48,3069048
25747,3069260,20,3069280
25748,3069410,13,3069423
25749,3069452,6,3069458
25750,3069670,29,3069699
25751,3069718,19,3069737
25752,3070054,10,3070064
25753,3070222,7,3070229
25754,3070237,12,3070249
25755,3070252,37,3070289
25756,3070627,5,3070632
25757,3070684,7,3070691
25758,3070710,12,3070722
25759,3071042,2,3071044
25760,3071076,18,3071094
25761,3071147,67,3071214
25762,3071315,20,3071335
25763,3071349,20,3071369
25764,3071443,47,3071490
25765,3071511,16,3071527
25766,3071626,49,3071675
25767,3071693,22,3071715
25768,3071742,3,3071745
25769,3071766,12,3071778
25770,3071789,15,3071804
25771,3071848,8,3071856
25772,3071990,44,3072034
25773,3072142,25,3072167
25774,3072210,62,3072272
25775,3072574,1,3072575
25776,3072660,49,3072709
25777,3072741,6,3072747
25778,3072834,18,3072852
25779,3072859,5,3072864
25780,3073034,32,3073066
25781,3073172,65,3073237
25782,3073273,9,3073282
25783,3073311,6,3073317
25784,3073428,26,3073454
25785,3073465,1,3073466
25786,3073479,1,3073480
25787,3073487,1,3073488
25788,3073689,37,3073726
25789,3073739,19,3073758
25790,3073776,9,3073785
25791,3073826,13,3073839
25792,3073868,5,3073873
25793,3073888,57,3073945
25794,3074210,6,3074216
25795,3074393,39,3074432
25796,3074603,15,3074618
25797,3074624,17,3074641
25798,3074784,30,3074814
25799,3074844,8,3074852
25800,3074861,5,3074866
25801,3075022,2,3075024
25802,3075227,5,3075232
25803,3075257,24,3075281
25804,3075351,37,3075388
25805,3075636,3,3075639
25806,3075759,10,3075769
25807,3075790,11,3075801
25808,3075852,16,3075868
25809,3075882,5,3075887
25810,3075976,1,3075977
25811,3076008,21,3076029
25812,3076205,8,3076213
25813,3076302,69,3076371
25814,3076389,16,3076405
25815,3076453,27,3076480
25816,3076534,1,3076535
25817,3076604,8,3076612
25818,3076909,6,3076915
25819,3076938,24,3076962
25820,3077177,48,3077225
25821,3077321,1,3077322
25822,3077422,34,3077456
25823,3077812,8,3077820
25824,3077824,12,3077836
25825,3078074,32,3078106
25826,3078110,12,3078122
25827,3078208,20,3078228
25828,3078325,33,3078358
25829,3078558,16,3078574
25830,3078663,10,3078673
25831,3078691,38,3078729
25832,3078925,7,3078932
25833,3079216,36,3079252
25834,3079264,117,3079381
25835,3079479,14,3079493
25836,3079526,4,3079530
25837,3079544,31,3079575
25838,3079646,46,3079692
25839,3079721,8,3079729
25840,3080056,17,3080073
25841,3080076,2,3080078
25842,3080172,48,3080220
25843,3080267,11,3080278
25844,3080546,59,3080605
25845,3080706,2,3080708
25846,3080833,3,3080836
25847,3080910,33,3080943
25848,3080961,14,3080975
25849,3080977,9,3080986
25850,3081040,1,3081041
25851,3081059,15,3081074
25852,3081082,25,3081107
25853,3081272,4,3081276
25854,3081446,3,3081449
25855,3081471,27,3081498
25856,3081643,2,3081645
25857,3081698,6,3081704
25858,3081728,18,3081746
25859,3081749,7,3081756
25860,3081772,67,3081839
25861,3081848,58,3081906
25862,3082100,1,3082101
25863,3082159,11,3082170
25864,3082331,14,3082345
25865,3082395,9,3082404
25866,3082463,8,3082471
25867,3082503,22,3082525
25868,3082561,1,3082562
25869,3082594,12,3082606
25870,3082667,3,3082670
25871,3082694,23,3082717
25872,3082814,6,3082820
25873,3082956,17,3082973
25874,3082988,18,3083006
25875,3083210,2,3083212
25876,3083224,8,3083232
25877,3083299,8,3083307
25878,3083337,33,3083370
25879,3083532,10,3083542
25880,3083636,55,3083691
25881,3083716,7,3083723
25882,3083809,5,3083814
25883,3083991,19,3084010
25884,3084056,7,3084063
25885,3084122,14,3084136
25886,3084137,2,3084139
25887,3084249,10,3084259
25888,3084306,33,3084339
25889,3084344,7,3084351
25890,3084533,11,3084544
25891,3084596,1,3084597
25892,3084672,33,3084705
25893,3084959,47,3085006
25894,3085185,12,3085197
25895,3085260,7,3085267
25896,3085316,18,3085334
25897,3085368,86,3085454
25898,3085551,14,3085565
25899,3085621,5,3085626
25900,3085683,5,3085688
25901,3085755,5,3085760
25902,3085824,58,3085882
25903,3085970,1,3085971
25904,3086037,7,3086044
25905,3086147,33,3086180
25906,3086355,34,3086389
25907,3086686,2,3086688
25908,3086728,117,3086845
25909,3086910,10,3086920
25910,3086984,27,3087011
25911,3087014,10,3087024
25912,3087258,12,3087270
25913,3087433,24,3087457
25914,3087496,26,3087522
25915,3087621,37,3087658
25916,3087769,1,3087770
25917,3087784,5,3087789
25918,3087882,9,3087891
25919,3088085,28,3088113
25920,3088177,2,3088179
25921,3088248,29,3088277
25922,3088750,10,3088760
25923,3088810,18,3088828
25924,3088830,2,3088832
25925,3088835,49,3088884
25926,3089373,42,3089415
25927,3089574,12,3089586
25928,3089645,1,3089646
25929,3089698,3,3089701
25930,3089990,2,3089992
25931,3090039,25,3090064
25932,3090383,3,3090386
25933,3090419,24,3090443
25934,3090561,6,3090567
25935,3090619,42,3090661
25936,3090684,11,3090695
25937,3090928,14,3090942
25938,3091098,6,3091104
25939,3091138,14,3091152
25940,3091174,18,3091192
25941,3091264,19,3091283
25942,3091358,5,3091363
25943,3091424,87,3091511
25944,3091792,55,3091847
25945,3091848,17,3091865
25946,3091967,8,3091975
25947,3092638,7,3092645
25948,3092699,1,3092700
25949,3092707,20,3092727
25950,3092785,2,3092787
25951,3092910,15,3092925
25952,3093001,5,3093006
25953,3093105,12,3093117
25954,3093131,2,3093133
25955,3093229,31,3093260
25956,3093275,10,3093285
25957,3093448,24,3093472
25958,3093508,1,3093509
25959,3093682,7,3093689
25960,3093826,89,3093915
25961,3093999,18,3094017
25962,3094167,15,3094182
25963,3094184,9,3094193
25964,3094195,10,3094205
25965,3094300,7,3094307
25966,3094328,11,3094339
25967,3094357,7,3094364
25968,3094433,18,3094451
25969,3094519,1,3094520
25970,3094555,6,3094561
25971,3094587,18,3094605
25972,3094750,8,3094758
25973,3094800,2,3094802
25974,3094824,7,3094831
25975,3094863,11,3094874
25976,3094918,25,3094943
25977,3095029,34,3095063
25978,3095079,10,3095089
25979,3095145,33,3095178
25980,3095391,44,3095435
25981,3095592,1,3095593
25982,3095600,10,3095610
25983,3095692,11,3095703
25984,3095776,30,3095806
25985,3095880,10,3095890
25986,3095934,9,3095943
25987,3095952,24,3095976
25988,3096082,7,3096089
25989,3096330,10,3096340
25990,3096478,20,3096498
25991,3096682,9,3096691
25992,3096784,9,3096793
25993,3096997,3,3097000
25994,3097064,22,3097086
25995,3097215,18,3097233
25996,3097327,31,3097358
25997,3097377,18,3097395
25998,3097507,29,3097536
25999,3097700,9,3097709
26000,3097723,6,3097729
26001,3097738,34,3097772
26002,3097791,18,3097809
26003,3097876,38,3097914
26004,3097917,24,3097941
26005,3098055,16,3098071
26006,3098144,43,3098187
26007,3098222,2,3098224
26008,3098417,6,3098423
26009,3098492,8,3098500
26010,3098614,8,3098622
26011,3099145,3,3099148
26012,3099460,12,3099472
26013,3099478,40,3099518
26014,3099617,24,3099641
26015,3099973,21,3099994
26016,3100082,2,3100084
26017,3100101,9,3100110
26018,3100236,2,3100238
26019,3100331,1,3100332
26020,3100387,35,3100422
26021,3100434,48,3100482
26022,3100680,15,3100695
26023,3100710,45,3100755
26024,3100956,39,3100995
26025,3100998,22,3101020
26026,3101259,14,3101273
26027,3101437,1,3101438
26028,3101481,39,3101520
26029,3101600,12,3101612
26030,3101869,9,3101878
26031,3101894,6,3101900
26032,3102001,9,3102010
26033,3102302,32,3102334
26034,3102480,4,3102484
26035,3102845,2,3102847
26036,3102909,9,3102918
26037,3102931,8,3102939
26038,3103057,7,3103064
26039,3103077,4,3103081
26040,3103094,30,3103124
26041,3103352,25,3103377
26042,3103583,14,3103597
26043,3103737,26,3103763
26044,3104012,37,3104049
26045,3104151,23,3104174
26046,3104178,7,3104185
26047,3104247,15,3104262
26048,3104499,10,3104509
26049,3104742,4,3104746
26050,3104892,7,3104899
26051,3104971,34,3105005
26052,3105038,12,3105050
26053,3105130,3,3105133
26054,3105181,10,3105191
26055,3105249,19,3105268
26056,3105380,19,3105399
26057,3105526,4,3105530
26058,3105550,1,3105551
26059,3105636,26,3105662
26060,3105794,6,3105800
26061,3105914,3,3105917
26062,3106012,60,3106072
26063,3106188,2,3106190
26064,3106259,16,3106275
26065,3106365,6,3106371
26066,3106485,50,3106535
26067,3106563,3,3106566
26068,3106660,9,3106669
26069,3106826,9,3106835
26070,3106902,17,3106919
26071,3106960,12,3106972
26072,3107023,4,3107027
26073,3107071,50,3107121
26074,3107231,26,3107257
26075,3107350,18,3107368
26076,3107395,4,3107399
26077,3107411,17,3107428
26078,3107495,20,3107515
26079,3107517,12,3107529
26080,3107614,32,3107646
26081,3107736,14,3107750
26082,3107985,9,3107994
26083,3107997,32,3108029
26084,3108074,5,3108079
26085,3108080,19,3108099
26086,3108102,46,3108148
26087,3108193,46,3108239
26088,3108242,42,3108284
26089,3108323,4,3108327
26090,3108407,17,3108424
26091,3108567,3,3108570
26092,3108603,14,3108617
26093,3108637,13,3108650
26094,3108855,4,3108859
26095,3108903,22,3108925
26096,3109036,8,3109044
26097,3109111,53,3109164
26098,3109400,7,3109407
26099,3109413,36,3109449
26100,3109483,36,3109519
26101,3109828,23,3109851
26102,3109903,22,3109925
26103,3109940,16,3109956
26104,3109964,6,3109970
26105,3110217,1,3110218
26106,3110323,11,3110334
26107,3110434,17,3110451
26108,3110599,10,3110609
26109,3110674,6,3110680
26110,3110805,10,3110815
26111,3110846,6,3110852
26112,3110916,13,3110929
26113,3110933,11,3110944
26114,3111027,26,3111053
26115,3111127,23,3111150
26116,3111167,8,3111175
26117,3111231,26,3111257
26118,3111408,19,3111427
26119,3111508,68,3111576
26120,3111743,41,3111784
26121,3111802,89,3111891
26122,3111907,10,3111917
26123,3111954,10,3111964
26124,3111966,34,3112000
26125,3112008,28,3112036
26126,3112167,33,3112200
26127,3112605,4,3112609
26128,3112623,5,3112628
26129,3112948,9,3112957
26130,3113264,5,3113269
26131,3113379,3,3113382
26132,3113389,6,3113395
26133,3113563,22,3113585
26134,3113588,11,3113599
26135,3113648,145,3113793
26136,3113931,20,3113951
26137,3114067,9,3114076
26138,3114239,2,3114241
26139,3114372,20,3114392
26140,3114418,6,3114424
26141,3114546,8,3114554
26142,3114630,5,3114635
26143,3114649,44,3114693
26144,3114875,68,3114943
26145,3114975,9,3114984
26146,3115050,25,3115075
26147,3115205,5,3115210
26148,3115313,23,3115336
26149,3115408,14,3115422
26150,3115532,8,3115540
26151,3115554,2,3115556
26152,3115609,3,3115612
26153,3115671,15,3115686
26154,3115714,53,3115767
26155,3115787,11,3115798
26156,3115886,19,3115905
26157,3115928,24,3115952
26158,3116047,13,3116060
26159,3116066,28,3116094
26160,3116249,17,3116266
26161,3116369,16,3116385
26162,3116546,2,3116548
26163,3116726,56,3116782
26164,3116954,15,3116969
26165,3117138,3,3117141
26166,3117153,3,3117156
26167,3117180,39,3117219
26168,3117392,5,3117397
26169,3117540,32,3117572
26170,3117582,11,3117593
26171,3117636,6,3117642
26172,3117742,27,3117769
26173,3117786,48,3117834
26174,3117901,4,3117905
26175,3117992,34,3118026
26176,3118028,71,3118099
26177,3118219,12,3118231
26178,3118415,27,3118442
26179,3118477,8,3118485
26180,3118522,28,3118550
26181,3118696,79,3118775
26182,3118793,30,3118823
26183,3118974,29,3119003
26184,3119019,49,3119068
26185,3119108,17,3119125
26186,3119431,5,3119436
26187,3119569,3,3119572
26188,3119587,15,3119602
26189,3119610,2,3119612
26190,3119723,11,3119734
26191,3119795,11,3119806
26192,3119828,26,3119854
26193,3119909,20,3119929
26194,3119944,6,3119950
26195,3120256,35,3120291
26196,3120509,96,3120605
26197,3120662,6,3120668
26198,3120762,5,3120767
26199,3120917,5,3120922
26200,3121013,13,3121026
26201,3121311,32,3121343
26202,3121366,64,3121430
26203,3121507,7,3121514
26204,3121687,2,3121689
26205,3121707,5,3121712
26206,3122102,10,3122112
26207,3122170,7,3122177
26208,3122277,1,3122278
26209,3122604,12,3122616
26210,3122654,12,3122666
26211,3122699,4,3122703
26212,3122738,3,3122741
26213,3123225,2,3123227
26214,3123301,14,3123315
26215,3123345,25,3123370
26216,3123382,15,3123397
26217,3123400,49,3123449
26218,3123754,43,3123797
26219,3123930,1,3123931
26220,3123945,7,3123952
26221,3123975,39,3124014
26222,3124064,11,3124075
26223,3124173,25,3124198
26224,3124230,1,3124231
26225,3124272,14,3124286
26226,3124324,50,3124374
26227,3124428,104,3124532
26228,3124902,3,3124905
26229,3125028,11,3125039
26230,3125066,4,3125070
26231,3125098,40,3125138
26232,3125168,11,3125179
26233,3125213,1,3125214
26234,3125223,1,3125224
26235,3125232,25,3125257
26236,3125382,12,3125394
26237,3125634,12,3125646
26238,3125676,14,3125690
26239,3125798,26,3125824
26240,3125912,3,3125915
26241,3125937,13,3125950
26242,3126179,7,3126186
26243,3126328,20,3126348
26244,3126457,31,3126488
26245,3126624,38,3126662
26246,3126670,11,3126681
26247,3126876,25,3126901
26248,3126906,22,3126928
26249,3127150,10,3127160
26250,3127210,7,3127217
26251,3127291,12,3127303
26252,3127584,11,3127595
26253,3127672,87,3127759
26254,3127924,36,3127960
26255,3127992,20,3128012
26256,3128064,29,3128093
26257,3128595,6,3128601
26258,3128616,69,3128685
26259,3128812,13,3128825
26260,3128839,14,3128853
26261,3128878,6,3128884
26262,3128921,13,3128934
26263,3128978,6,3128984
26264,3129134,6,3129140
26265,3129202,3,3129205
26266,3129206,9,3129215
26267,3129293,80,3129373
26268,3129660,71,3129731
26269,3130112,8,3130120
26270,3130123,22,3130145
26271,3130235,40,3130275
26272,3130281,5,3130286
26273,3130377,28,3130405
26274,3130589,4,3130593
26275,3130608,15,3130623
26276,3130714,2,3130716
26277,3130721,24,3130745
26278,3131007,3,3131010
26279,3131233,13,3131246
26280,3131295,25,3131320
26281,3131518,32,3131550
26282,3131611,32,3131643
26283,3131655,7,3131662
26284,3131666,9,3131675
26285,3131821,12,3131833
26286,3131921,11,3131932
26287,3131960,12,3131972
26288,3132005,3,3132008
26289,3132021,14,3132035
26290,3132053,1,3132054
26291,3132128,43,3132171
26292,3132289,17,3132306
26293,3132735,26,3132761
26294,3132821,5,3132826
26295,3132883,14,3132897
26296,3132950,1,3132951
26297,3132971,2,3132973
26298,3133003,30,3133033
26299,3133086,9,3133095
26300,3133194,34,3133228
26301,3133256,3,3133259
26302,3133264,14,3133278
26303,3133309,20,3133329
26304,3133336,78,3133414
26305,3133436,9,3133445
26306,3133524,49,3133573
26307,3133593,42,3133635
26308,3133711,5,3133716
26309,3133731,22,3133753
26310,3133785,6,3133791
26311,3133851,9,3133860
26312,3134023,23,3134046
26313,3134181,8,3134189
26314,3134302,2,3134304
26315,3134533,2,3134535
26316,3134671,35,3134706
26317,3135062,26,3135088
26318,3135139,1,3135140
26319,3135443,51,3135494
26320,3135507,56,3135563
26321,3135853,38,3135891
26322,3135907,17,3135924
26323,3135934,2,3135936
26324,3136038,12,3136050
26325,3136202,13,3136215
26326,3136362,14,3136376
26327,3136380,14,3136394
26328,3136503,27,3136530
26329,3136540,16,3136556
26330,3136580,19,3136599
26331,3136618,40,3136658
26332,3136924,26,3136950
26333,3137162,46,3137208
26334,3137218,35,3137253
26335,3137308,4,3137312
26336,3137613,2,3137615
26337,3137643,18,3137661
26338,3137827,3,3137830
26339,3137842,7,3137849
26340,3137892,13,3137905
26341,3137909,40,3137949
26342,3137978,47,3138025
26343,3138034,15,3138049
26344,3138155,6,3138161
26345,3138282,4,3138286
26346,3138340,9,3138349
26347,3138353,3,3138356
26348,3138543,51,3138594
26349,3138661,35,3138696
26350,3138787,6,3138793
26351,3138944,16,3138960
26352,3138961,13,3138974
26353,3139106,18,3139124
26354,3139329,23,3139352
26355,3139396,4,3139400
26356,3139494,2,3139496
26357,3139524,23,3139547
26358,3139594,23,3139617
26359,3139747,11,3139758
26360,3139773,16,3139789
26361,3139883,7,3139890
26362,3139973,3,3139976
26363,3140042,34,3140076
26364,3140087,22,3140109
26365,3140110,33,3140143
26366,3140250,58,3140308
26367,3140338,47,3140385
26368,3140626,14,3140640
26369,3140708,35,3140743
26370,3140800,18,3140818
26371,3141069,9,3141078
26372,3141088,13,3141101
26373,3141152,10,3141162
26374,3141297,37,3141334
26375,3141501,43,3141544
26376,3141583,2,3141585
26377,3141629,22,3141651
26378,3141725,21,3141746
26379,3141832,15,3141847
26380,3142015,3,3142018
26381,3142050,56,3142106
26382,3142117,7,3142124
26383,3142194,4,3142198
26384,3142204,29,3142233
26385,3142283,25,3142308
26386,3142327,1,3142328
26387,3142369,14,3142383
26388,3142410,27,3142437
26389,3142475,1,3142476
26390,3142563,42,3142605
26391,3142625,75,3142700
26392,3142808,1,3142809
26393,3142857,3,3142860
26394,3142881,3,3142884
26395,3142949,12,3142961
26396,3142965,23,3142988
26397,3143035,21,3143056
26398,3143459,72,3143531
26399,3143723,9,3143732
26400,3143917,1,3143918
26401,3144072,20,3144092
26402,3144151,4,3144155
26403,3144397,29,3144426
26404,3144492,14,3144506
26405,3144668,1,3144669
26406,3144877,3,3144880
26407,3144907,12,3144919
26408,3144941,22,3144963
26409,3145052,13,3145065
26410,3145083,30,3145113
26411,3145119,33,3145152
26412,3145171,3,3145174
26413,3145291,18,3145309
26414,3145362,35,3145397
26415,3145410,19,3145429
26416,3145569,4,3145573
26417,3145889,77,3145966
26418,3146013,11,3146024
26419,3146196,4,3146200
26420,3146219,5,3146224
26421,3146297,11,3146308
26422,3146378,4,3146382
26423,3146391,56,3146447
26424,3146513,62,3146575
26425,3146616,43,3146659
26426,3146835,69,3146904
26427,3147227,61,3147288
26428,3147359,18,3147377
26429,3147402,13,3147415
26430,3147583,3,3147586
26431,3147695,9,3147704
26432,3147816,33,3147849
26433,3147892,50,3147942
26434,3148037,2,3148039
26435,3148338,18,3148356
26436,3148451,29,3148480
26437,3148569,19,3148588
26438,3148610,3,3148613
26439,3148910,1,3148911
26440,3149052,13,3149065
26441,3149107,26,3149133
26442,3149170,6,3149176
26443,3149197,30,3149227
26444,3149331,1,3149332
26445,3149361,16,3149377
26446,3149388,6,3149394
26447,3149411,8,3149419
26448,3149436,6,3149442
26449,3149513,60,3149573
26450,3149766,4,3149770
26451,3149776,6,3149782
26452,3149952,3,3149955
26453,3149988,1,3149989
26454,3150204,4,3150208
26455,3150283,14,3150297
26456,3150392,25,3150417
26457,3150479,11,3150490
26458,3150503,8,3150511
26459,3150522,72,3150594
26460,3150922,8,3150930
26461,3151079,7,3151086
26462,3151263,5,3151268
26463,3151559,38,3151597
26464,3151614,3,3151617
26465,3151676,38,3151714
26466,3151830,1,3151831
26467,3151832,79,3151911
26468,3151912,7,3151919
26469,3151930,40,3151970
26470,3152005,34,3152039
26471,3152094,21,3152115
26472,3152218,13,3152231
26473,3152423,53,3152476
26474,3152540,5,3152545
26475,3152727,27,3152754
26476,3152755,46,3152801
26477,3152890,19,3152909
26478,3153057,40,3153097
26479,3153321,2,3153323
26480,3153675,33,3153708
26481,3153743,37,3153780
26482,3153795,20,3153815
26483,3153841,3,3153844
26484,3153855,23,3153878
26485,3153886,59,3153945
26486,3154067,7,3154074
26487,3154092,65,3154157
26488,3154278,13,3154291
26489,3154358,18,3154376
26490,3154440,17,3154457
26491,3154473,1,3154474
26492,3154584,5,3154589
26493,3154651,27,3154678
26494,3154721,20,3154741
26495,3154744,5,3154749
26496,3154776,21,3154797
26497,3154801,87,3154888
26498,3154939,8,3154947
26499,3154976,37,3155013
26500,3155057,6,3155063
26501,3155075,16,3155091
26502,3155136,19,3155155
26503,3155162,15,3155177
26504,3155265,10,3155275
26505,3155328,20,3155348
26506,3155358,30,3155388
26507,3155488,13,3155501
26508,3155604,1,3155605
26509,3155749,27,3155776
26510,3155883,31,3155914
26511,3155932,19,3155951
26512,3156121,4,3156125
26513,3156178,6,3156184
26514,3156250,1,3156251
26515,3156766,36,3156802
26516,3156819,64,3156883
26517,3156912,1,3156913
26518,3157028,31,3157059
26519,3157198,24,3157222
26520,3157546,21,3157567
26521,3157608,18,3157626
26522,3157759,15,3157774
26523,3157829,6,3157835
26524,3158019,17,3158036
26525,3158108,28,3158136
26526,3158243,9,3158252
26527,3158283,6,3158289
26528,3158374,2,3158376
26529,3158537,36,3158573
26530,3158858,5,3158863
26531,3158979,68,3159047
26532,3159109,9,3159118
26533,3159187,45,3159232
26534,3159293,18,3159311
26535,3159389,12,3159401
26536,3159522,14,3159536
26537,3159576,15,3159591
26538,3159607,9,3159616
26539,3159923,1,3159924
26540,3159996,10,3160006
26541,3160084,3,3160087
26542,3160191,14,3160205
26543,3160310,13,3160323
26544,3160371,14,3160385
26545,3160436,29,3160465
26546,3160506,5,3160511
26547,3160553,3,3160556
26548,3160580,2,3160582
26549,3160646,68,3160714
26550,3160828,50,3160878
26551,3161208,12,3161220
26552,3161313,6,3161319
26553,3161354,6,3161360
26554,3161569,13,3161582
26555,3161659,21,3161680
26556,3161708,33,3161741
26557,3161788,20,3161808
26558,3161952,12,3161964
26559,3162151,77,3162228
26560,3162241,34,3162275
26561,3162443,38,3162481
26562,3162710,9,3162719
26563,3162837,5,3162842
26564,3162960,8,3162968
26565,3162994,15,3163009
26566,3163105,9,3163114
26567,3163130,72,3163202
26568,3163215,12,3163227
26569,3163390,18,3163408
26570,3163727,22,3163749
26571,3163759,89,3163848
26572,3163855,10,3163865
26573,3164079,81,3164160
26574,3164222,19,3164241
26575,3164274,13,3164287
26576,3164419,5,3164424
26577,3164536,27,3164563
26578,3164864,11,3164875
26579,3165031,48,3165079
26580,3165223,10,3165233
26581,3165266,3,3165269
26582,3165275,13,3165288
26583,3165427,31,3165458
26584,3165526,23,3165549
26585,3165554,30,3165584
26586,3165729,6,3165735
26587,3165801,12,3165813
26588,3165901,3,3165904
26589,3165907,17,3165924
26590,3165970,4,3165974
26591,3165980,32,3166012
26592,3166031,17,3166048
26593,3166127,45,3166172
26594,3166182,18,3166200
26595,3166261,18,3166279
26596,3166566,28,3166594
26597,3166644,15,3166659
26598,3166732,1,3166733
26599,3166872,43,3166915
26600,3167049,12,3167061
26601,3167162,15,3167177
26602,3167187,13,3167200
26603,3167215,24,3167239
26604,3167243,29,3167272
26605,3167431,11,3167442
26606,3167465,12,3167477
26607,3167532,20,3167552
26608,3167849,6,3167855
26609,3167931,46,3167977
26610,3168113,54,3168167
26611,3168192,6,3168198
26612,3168297,1,3168298
26613,3168348,2,3168350
26614,3168360,11,3168371
26615,3168464,35,3168499
26616,3168583,29,3168612
26617,3168751,20,3168771
26618,3168782,13,3168795
26619,3168923,7,3168930
26620,3169025,10,3169035
26621,3169164,53,3169217
26622,3169309,13,3169322
26623,3169372,7,3169379
26624,3169534,1,3169535
26625,3169559,2,3169561
26626,3169673,38,3169711
26627,3169826,20,3169846
26628,3169877,30,3169907
26629,3169935,6,3169941
26630,3169964,15,3169979
26631,3170027,7,3170034
26632,3170166,10,3170176
26633,3170312,2,3170314
26634,3170424,14,3170438
26635,3170475,10,3170485
26636,3170519,8,3170527
26637,3170623,21,3170644
26638,3170738,20,3170758
26639,3171190,15,3171205
26640,3171243,20,3171263
26641,3171537,7,3171544
26642,3171625,1,3171626
26643,3171723,8,3171731
26644,3171755,31,3171786
26645,3171894,63,3171957
26646,3172223,40,3172263
26647,3172264,14,3172278
26648,3172404,31,3172435
26649,3172713,17,3172730
26650,3172765,17,3172782
26651,3172830,35,3172865
26652,3173053,47,3173100
26653,3173177,2,3173179
26654,3173196,7,3173203
26655,3173214,3,3173217
26656,3173318,1,3173319
26657,3173333,10,3173343
26658,3173562,16,3173578
26659,3173719,6,3173725
26660,3173766,9,3173775
26661,3173787,13,3173800
26662,3173960,25,3173985
26663,3173988,6,3173994
26664,3174084,15,3174099
26665,3174117,31,3174148
26666,3174226,10,3174236
26667,3174237,4,3174241
26668,3174242,37,3174279
26669,3174527,10,3174537
26670,3174642,4,3174646
26671,3174784,3,3174787
26672,3174869,16,3174885
26673,3175207,43,3175250
26674,3175254,62,3175316
26675,3175522,9,3175531
26676,3175630,13,3175643
26677,3175647,16,3175663
26678,3175824,10,3175834
26679,3175850,18,3175868
26680,3175933,6,3175939
26681,3175952,16,3175968
26682,3176172,4,3176176
26683,3176200,6,3176206
26684,3176394,30,3176424
26685,3176786,29,3176815
26686,3176967,3,3176970
26687,3176985,29,3177014
26688,3177157,64,3177221
26689,3177349,29,3177378
26690,3177392,34,3177426
26691,3177436,4,3177440
26692,3177600,4,3177604
26693,3177608,6,3177614
26694,3177759,7,3177766
26695,3177990,7,3177997
26696,3178292,28,3178320
26697,3178459,27,3178486
26698,3178563,23,3178586
26699,3178599,2,3178601
26700,3178670,4,3178674
26701,3178763,34,3178797
26702,3178844,20,3178864
26703,3178912,5,3178917
26704,3178923,28,3178951
26705,3179011,2,3179013
26706,3179185,83,3179268
26707,3179323,30,3179353
26708,3179487,5,3179492
26709,3180530,8,3180538
26710,3180697,2,3180699
26711,3180719,57,3180776
26712,3181002,56,3181058
26713,3181092,14,3181106
26714,3181143,23,3181166
26715,3181252,3,3181255
26716,3181325,10,3181335
26717,3181337,3,3181340
26718,3181392,9,3181401
26719,3181552,28,3181580
26720,3181632,2,3181634
26721,3181738,27,3181765
26722,3181912,11,3181923
26723,3181962,6,3181968
26724,3181989,16,3182005
26725,3182021,4,3182025
26726,3182129,8,3182137
26727,3182153,11,3182164
26728,3182171,11,3182182
26729,3182205,2,3182207
26730,3182209,13,3182222
26731,3182348,20,3182368
26732,3182540,30,3182570
26733,3182616,4,3182620
26734,3182719,12,3182731
26735,3182880,26,3182906
26736,3182928,22,3182950
26737,3183443,10,3183453
26738,3183459,2,3183461
26739,3183554,3,3183557
26740,3183567,33,3183600
26741,3183809,10,3183819
26742,3183980,44,3184024
26743,3184035,3,3184038
26744,3184510,13,3184523
26745,3184565,3,3184568
26746,3184965,21,3184986
26747,3185022,2,3185024
26748,3185149,9,3185158
26749,3185183,11,3185194
26750,3185270,8,3185278
26751,3185309,31,3185340
26752,3185459,13,3185472
26753,3185556,22,3185578
26754,3185621,38,3185659
26755,3185735,3,3185738
26756,3185796,31,3185827
26757,3185887,13,3185900
26758,3186142,24,3186166
26759,3186238,1,3186239
26760,3186455,51,3186506
26761,3186734,5,3186739
26762,3186837,32,3186869
26763,3186880,16,3186896
26764,3187009,49,3187058
26765,3187304,4,3187308
26766,3187399,48,3187447
26767,3187529,1,3187530
26768,3187552,1,3187553
26769,3187954,20,3187974
26770,3187986,5,3187991
26771,3188428,9,3188437
26772,3188467,19,3188486
26773,3188642,41,3188683
26774,3188811,52,3188863
26775,3189012,8,3189020
26776,3189030,18,3189048
26777,3189083,5,3189088
26778,3189102,3,3189105
26779,3189218,12,3189230
26780,3189368,22,3189390
26781,3189528,13,3189541
26782,3189653,13,3189666
26783,3189744,13,3189757
26784,3189861,39,3189900
26785,3190041,26,3190067
26786,3190085,5,3190090
26787,3190100,2,3190102
26788,3190156,14,3190170
26789,3190265,25,3190290
26790,3190312,2,3190314
26791,3190338,65,3190403
26792,3190404,38,3190442
26793,3190491,1,3190492
26794,3190517,7,3190524
26795,3190720,3,3190723
26796,3190771,17,3190788
26797,3190851,18,3190869
26798,3191136,29,3191165
26799,3191392,2,3191394
26800,3191457,39,3191496
26801,3191502,5,3191507
26802,3191557,7,3191564
26803,3191778,24,3191802
26804,3191872,3,3191875
26805,3192041,1,3192042
26806,3192169,68,3192237
26807,3192499,10,3192509
26808,3192909,55,3192964
26809,3192981,11,3192992
26810,3193035,27,3193062
26811,3193149,16,3193165
26812,3193207,23,3193230
26813,3193311,22,3193333
26814,3193341,19,3193360
26815,3193440,6,3193446
26816,3193475,6,3193481
26817,3193727,3,3193730
26818,3193754,72,3193826
26819,3193834,31,3193865
26820,3193873,29,3193902
26821,3193948,29,3193977
26822,3194119,28,3194147
26823,3194655,29,3194684
26824,3194822,13,3194835
26825,3194872,17,3194889
26826,3194981,7,3194988
26827,3195069,33,3195102
26828,3195458,66,3195524
26829,3195563,13,3195576
26830,3195654,74,3195728
26831,3195752,7,3195759
26832,3195762,66,3195828
26833,3195841,10,3195851
26834,3195872,11,3195883
26835,3196191,5,3196196
26836,3196253,20,3196273
26837,3196324,10,3196334
26838,3196362,59,3196421
26839,3196554,5,3196559
26840,3196721,11,3196732
26841,3196808,97,3196905
26842,3196972,3,3196975
26843,3197071,37,3197108
26844,3197129,40,3197169
26845,3197218,64,3197282
26846,3197506,3,3197509
26847,3197694,3,3197697
26848,3197742,29,3197771
26849,3197793,3,3197796
26850,3197865,11,3197876
26851,3197959,7,3197966
26852,3198005,24,3198029
26853,3198197,9,3198206
26854,3198497,18,3198515
26855,3198564,2,3198566
26856,3198582,16,3198598
26857,3198741,32,3198773
26858,3198774,7,3198781
26859,3198922,70,3198992
26860,3199007,36,3199043
26861,3199534,56,3199590
26862,3199703,5,3199708
26863,3199716,17,3199733
26864,3199874,6,3199880
26865,3199998,7,3200005
26866,3200020,14,3200034
26867,3200150,16,3200166
26868,3200207,3,3200210
26869,3200243,28,3200271
26870,3200470,2,3200472
26871,3200485,14,3200499
26872,3200575,20,3200595
26873,3200665,27,3200692
26874,3200846,6,3200852
26875,3200870,1,3200871
26876,3200894,6,3200900
26877,3200969,14,3200983
26878,3200995,92,3201087
26879,3201268,16,3201284
26880,3201388,4,3201392
26881,3201404,50,3201454
26882,3201576,5,3201581
26883,3201756,32,3201788
26884,3201810,10,3201820
26885,3201937,15,3201952
26886,3202011,19,3202030
26887,3202070,15,3202085
26888,3202112,28,3202140
26889,3202151,4,3202155
26890,3202256,27,3202283
26891,3202343,31,3202374
26892,3202458,4,3202462
26893,3202690,20,3202710
26894,3202749,91,3202840
26895,3202855,13,3202868
26896,3202975,3,3202978
26897,3203057,60,3203117
26898,3203237,5,3203242
26899,3203343,81,3203424
26900,3203481,20,3203501
26901,3203537,30,3203567
26902,3203799,3,3203802
26903,3203851,53,3203904
26904,3203954,1,3203955
26905,3204076,3,3204079
26906,3204169,12,3204181
26907,3204243,6,3204249
26908,3204350,1,3204351
26909,3204536,11,3204547
26910,3204794,6,3204800
26911,3204837,11,3204848
26912,3205046,8,3205054
26913,3205167,22,3205189
26914,3205214,36,3205250
26915,3205307,34,3205341
26916,3205396,20,3205416
26917,3205489,1,3205490
26918,3205611,5,3205616
26919,3205695,5,3205700
26920,3205727,10,3205737
26921,3205836,36,3205872
26922,3206077,62,3206139
26923,3206179,22,3206201
26924,3206260,4,3206264
26925,3206380,25,3206405
26926,3206505,17,3206522
26927,3206821,3,3206824
26928,3206854,4,3206858
26929,3206866,3,3206869
26930,3207027,44,3207071
26931,3207086,42,3207128
26932,3207187,6,3207193
26933,3207284,14,3207298
26934,3207347,20,3207367
26935,3207525,20,3207545
26936,3207553,26,3207579
26937,3207790,13,3207803
26938,3208024,60,3208084
26939,3208164,15,3208179
26940,3208182,16,3208198
26941,3208200,27,3208227
26942,3208358,27,3208385
26943,3208460,19,3208479
26944,3208741,6,3208747
26945,3208927,7,3208934
26946,3208955,5,3208960
26947,3208990,42,3209032
26948,3209103,27,3209130
26949,3209307,3,3209310
26950,3209368,10,3209378
26951,3209393,8,3209401
26952,3209503,47,3209550
26953,3209611,4,3209615
26954,3209637,26,3209663
26955,3209671,11,3209682
26956,3209764,8,3209772
26957,3209837,15,3209852
26958,3210039,7,3210046
26959,3210054,6,3210060
26960,3210069,10,3210079
26961,3210096,32,3210128
26962,3210380,4,3210384
26963,3210437,2,3210439
26964,3210803,16,3210819
26965,3210829,86,3210915
26966,3210942,28,3210970
26967,3210989,3,3210992
26968,3211121,78,3211199
26969,3211250,6,3211256
26970,3211300,17,3211317
26971,3211428,78,3211506
26972,3211533,76,3211609
26973,3211726,57,3211783
26974,3211859,22,3211881
26975,3212049,12,3212061
26976,3212144,2,3212146
26977,3212176,21,3212197
26978,3212219,5,3212224
26979,3212703,8,3212711
26980,3212721,15,3212736
26981,3212746,29,3212775
26982,3212803,16,3212819
26983,3212846,5,3212851
26984,3212862,14,3212876
26985,3212892,60,3212952
26986,3212969,16,3212985
26987,3213020,24,3213044
26988,3213057,15,3213072
26989,3213435,20,3213455
26990,3213463,20,3213483
26991,3213535,15,3213550
26992,3213707,22,3213729
26993,3213803,14,3213817
26994,3213952,6,3213958
26995,3213981,31,3214012
26996,3214014,17,3214031
26997,3214466,6,3214472
26998,3214527,54,3214581
26999,3214635,5,3214640
27000,3214730,9,3214739
27001,3214872,32,3214904
27002,3214922,29,3214951
27003,3214959,22,3214981
27004,3215396,35,3215431
27005,3215507,14,3215521
27006,3215539,6,3215545
27007,3215549,7,3215556
27008,3215598,46,3215644
27009,3215931,12,3215943
27010,3215965,33,3215998
27011,3216062,18,3216080
27012,3216265,15,3216280
27013,3216300,38,3216338
27014,3216408,40,3216448
27015,3216471,18,3216489
27016,3216529,17,3216546
27017,3216574,49,3216623
27018,3216632,17,3216649
27019,3216867,10,3216877
27020,3216904,16,3216920
27021,3217028,3,3217031
27022,3217049,16,3217065
27023,3217085,51,3217136
27024,3217147,8,3217155
27025,3217439,15,3217454
27026,3217467,10,3217477
27027,3217548,3,3217551
27028,3217772,7,3217779
27029,3218092,12,3218104
27030,3218234,12,3218246
27031,3218617,24,3218641
27032,3218866,26,3218892
27033,3218964,26,3218990
27034,3219027,20,3219047
27035,3219165,47,3219212
27036,3219267,8,3219275
27037,3219385,10,3219395
27038,3219646,40,3219686
27039,3219727,6,3219733
27040,3219846,8,3219854
27041,3219857,5,3219862
27042,3219890,3,3219893
27043,3219913,58,3219971
27044,3219998,19,3220017
27045,3220018,57,3220075
27046,3220120,5,3220125
27047,3220228,37,3220265
27048,3220282,28,3220310
27049,3220501,22,3220523
27050,3220559,43,3220602
27051,3220621,16,3220637
27052,3220764,16,3220780
27053,3220955,34,3220989
27054,3221045,1,3221046
27055,3221075,8,3221083
27056,3221103,66,3221169
27057,3221224,3,3221227
27058,3221276,16,3221292
27059,3221310,1,3221311
27060,3221453,2,3221455
27061,3221748,4,3221752
27062,3221854,4,3221858
27063,3221860,30,3221890
27064,3221934,2,3221936
27065,3221988,9,3221997
27066,3222254,12,3222266
27067,3222696,6,3222702
27068,3222826,7,3222833
27069,3222921,10,3222931
27070,3222974,24,3222998
27071,3223027,34,3223061
27072,3223425,41,3223466
27073,3223574,50,3223624
27074,3223686,10,3223696
27075,3223767,6,3223773
27076,3223884,19,3223903
27077,3224180,7,3224187
27078,3224244,5,3224249
27079,3224271,12,3224283
27080,3224336,39,3224375
27081,3224527,1,3224528
27082,3224953,5,3224958
27083,3225016,22,3225038
27084,3225046,9,3225055
27085,3225190,13,3225203
27086,3225311,6,3225317
27087,3225354,2,3225356
27088,3225385,31,3225416
27089,3225628,8,3225636
27090,3225656,17,3225673
27091,3225856,28,3225884
27092,3226373,15,3226388
27093,3226593,53,3226646
27094,3226729,9,3226738
27095,3226745,98,3226843
27096,3226952,97,3227049
27097,3227052,14,3227066
27098,3227201,7,3227208
27099,3227348,17,3227365
27100,3227367,1,3227368
27101,3227425,26,3227451
27102,3227464,4,3227468
27103,3227531,24,3227555
27104,3227631,7,3227638
27105,3227657,11,3227668
27106,3227712,24,3227736
27107,3227741,22,3227763
27108,3227905,7,3227912
27109,3228178,47,3228225
27110,3228260,11,3228271
27111,3228422,30,3228452
27112,3228467,1,3228468
27113,3228596,6,3228602
27114,3228727,8,3228735
27115,3229071,24,3229095
27116,3229142,8,3229150
27117,3229374,10,3229384
27118,3229492,16,3229508
27119,3229640,8,3229648
27120,3229714,7,3229721
27121,3229724,10,3229734
27122,3229775,21,3229796
27123,3229868,108,3229976
27124,3229997,14,3230011
27125,3230071,16,3230087
27126,3230194,8,3230202
27127,3230337,2,3230339
27128,3230435,4,3230439
27129,3230451,28,3230479
27130,3230567,25,3230592
27131,3230605,16,3230621
27132,3230641,5,3230646
27133,3230835,13,3230848
27134,3231055,3,3231058
27135,3231199,18,3231217
27136,3231315,2,3231317
27137,3231327,13,3231340
27138,3231397,30,3231427
27139,3231617,13,3231630
27140,3231759,16,3231775
27141,3231781,35,3231816
27142,3232057,10,3232067
27143,3232123,2,3232125
27144,3232152,37,3232189
27145,3232689,30,3232719
27146,3232834,63,3232897
27147,3232953,5,3232958
27148,3232979,20,3232999
27149,3233166,24,3233190
27150,3233339,10,3233349
27151,3233421,32,3233453
27152,3233457,6,3233463
27153,3233490,26,3233516
27154,3233596,33,3233629
27155,3233769,10,3233779
27156,3233858,26,3233884
27157,3233955,25,3233980
27158,3234176,64,3234240
27159,3234297,2,3234299
27160,3234374,32,3234406
27161,3234672,15,3234687
27162,3235098,6,3235104
27163,3235187,41,3235228
27164,3235308,60,3235368
27165,3235395,23,3235418
27166,3235464,12,3235476
27167,3235605,9,3235614
27168,3235627,37,3235664
27169,3235797,6,3235803
27170,3235847,34,3235881
27171,3236111,7,3236118
27172,3236180,30,3236210
27173,3236272,4,3236276
27174,3236312,8,3236320
27175,3236546,33,3236579
27176,3236620,17,3236637
27177,3236885,16,3236901
27178,3236913,34,3236947
27179,3237166,18,3237184
27180,3237476,2,3237478
27181,3237602,3,3237605
27182,3237731,9,3237740
27183,3237849,14,3237863
27184,3237926,12,3237938
27185,3238003,2,3238005
27186,3238060,23,3238083
27187,3238186,10,3238196
27188,3238380,12,3238392
27189,3238828,11,3238839
27190,3238901,7,3238908
27191,3239137,13,3239150
27192,3239279,2,3239281
27193,3239443,76,3239519
27194,3239636,10,3239646
27195,3239909,111,3240020
27196,3240055,30,3240085
27197,3240277,18,3240295
27198,3240321,19,3240340
27199,3240512,41,3240553
27200,3240676,29,3240705
27201,3240845,15,3240860
27202,3240996,35,3241031
27203,3241061,26,3241087
27204,3241186,11,3241197
27205,3241239,6,3241245
27206,3241604,10,3241614
27207,3241733,3,3241736
27208,3241817,27,3241844
27209,3241868,4,3241872
27210,3242234,7,3242241
27211,3242349,1,3242350
27212,3242358,2,3242360
27213,3242365,11,3242376
27214,3242444,9,3242453
27215,3242463,5,3242468
27216,3242530,20,3242550
27217,3242688,6,3242694
27218,3242696,65,3242761
27219,3242789,2,3242791
27220,3242807,35,3242842
27221,3242878,33,3242911
27222,3242964,108,3243072
27223,3243073,6,3243079
27224,3243310,25,3243335
27225,3243500,4,3243504
27226,3243578,17,3243595
27227,3243677,31,3243708
27228,3243918,69,3243987
27229,3244242,5,3244247
27230,3244287,5,3244292
27231,3244383,16,3244399
27232,3244487,27,3244514
27233,3244538,91,3244629
27234,3244979,87,3245066
27235,3245283,12,3245295
27236,3245410,15,3245425
27237,3245482,20,3245502
27238,3245518,2,3245520
27239,3245536,8,3245544
27240,3245641,45,3245686
27241,3245785,6,3245791
27242,3246014,5,3246019
27243,3246512,19,3246531
27244,3246581,6,3246587
27245,3246628,22,3246650
27246,3246779,35,3246814
27247,3246845,14,3246859
27248,3246964,3,3246967
27249,3246986,17,3247003
27250,3247055,26,3247081
27251,3247123,11,3247134
27252,3247240,31,3247271
27253,3247388,14,3247402
27254,3247467,5,3247472
27255,3247563,2,3247565
27256,3247574,25,3247599
27257,3247685,2,3247687
27258,3247764,33,3247797
27259,3247815,7,3247822
27260,3247938,12,3247950
27261,3248330,1,3248331
27262,3248334,3,3248337
27263,3248691,41,3248732
27264,3248845,10,3248855
27265,3248861,47,3248908
27266,3248994,6,3249000
27267,3249013,36,3249049
27268,3249063,15,3249078
27269,3249222,51,3249273
27270,3249426,18,3249444
27271,3249465,6,3249471
27272,3249489,32,3249521
27273,3249717,22,3249739
27274,3249879,6,3249885
27275,3249936,45,3249981
27276,3250116,37,3250153
27277,3250348,60,3250408
27278,3250443,2,3250445
27279,3250464,6,3250470
27280,3250540,34,3250574
27281,3250676,29,3250705
27282,3250708,30,3250738
27283,3250743,5,3250748
27284,3250800,47,3250847
27285,3250890,48,3250938
27286,3250942,20,3250962
27287,3251060,40,3251100
27288,3251266,4,3251270
27289,3251361,1,3251362
27290,3251565,9,3251574
27291,3251647,1,3251648
27292,3251651,35,3251686
27293,3251707,6,3251713
27294,3251912,18,3251930
27295,3251974,8,3251982
27296,3252066,7,3252073
27297,3252133,2,3252135
27298,3252137,20,3252157
27299,3252507,4,3252511
27300,3252679,19,3252698
27301,3252758,12,3252770
27302,3253113,13,3253126
27303,3253129,13,3253142
27304,3253182,13,3253195
27305,3253216,19,3253235
27306,3253250,11,3253261
27307,3253403,46,3253449
27308,3253523,15,3253538
27309,3253801,42,3253843
27310,3253875,10,3253885
27311,3253981,11,3253992
27312,3254073,15,3254088
27313,3254329,18,3254347
27314,3254393,2,3254395
27315,3254442,4,3254446
27316,3254467,39,3254506
27317,3254586,34,3254620
27318,3254747,9,3254756
27319,3254768,22,3254790
27320,3254839,139,3254978
27321,3255146,3,3255149
27322,3255361,38,3255399
27323,3255529,19,3255548
27324,3255629,51,3255680
27325,3255696,17,3255713
27326,3255748,1,3255749
27327,3256093,11,3256104
27328,3256164,7,3256171
27329,3256277,12,3256289
27330,3256311,86,3256397
27331,3256497,51,3256548
27332,3256642,9,3256651
27333,3256870,32,3256902
27334,3256957,6,3256963
27335,3257164,6,3257170
27336,3257249,11,3257260
27337,3257372,4,3257376
27338,3257511,18,3257529
27339,3257636,147,3257783
27340,3257917,18,3257935
27341,3257977,35,3258012
27342,3258105,32,3258137
27343,3258163,9,3258172
27344,3258225,15,3258240
27345,3258317,11,3258328
27346,3258344,64,3258408
27347,3258442,41,3258483
27348,3258591,36,3258627
27349,3258686,81,3258767
27350,3258797,9,3258806
27351,3258844,24,3258868
27352,3258870,9,3258879
27353,3258880,5,3258885
27354,3258888,12,3258900
27355,3258973,9,3258982
27356,3258985,29,3259014
27357,3259035,8,3259043
27358,3259158,22,3259180
27359,3259221,17,3259238
27360,3259270,25,3259295
27361,3259780,65,3259845
27362,3260076,10,3260086
27363,3260120,11,3260131
27364,3260169,7,3260176
27365,3260243,6,3260249
27366,3260443,37,3260480
27367,3260488,26,3260514
27368,3260535,30,3260565
27369,3260652,17,3260669
27370,3260832,55,3260887
27371,3261174,13,3261187
27372,3261527,31,3261558
27373,3261635,40,3261675
27374,3261681,1,3261682
27375,3261753,4,3261757
27376,3261825,24,3261849
27377,3262080,6,3262086
27378,3262122,1,3262123
27379,3262125,35,3262160
27380,3262176,103,3262279
27381,3262369,10,3262379
27382,3262451,88,3262539
27383,3262572,2,3262574
27384,3262584,1,3262585
27385,3262695,10,3262705
27386,3262887,3,3262890
27387,3262989,14,3263003
27388,3263021,38,3263059
27389,3263080,13,3263093
27390,3263319,7,3263326
27391,3263587,6,3263593
27392,3263634,39,3263673
27393,3263937,33,3263970
27394,3264038,34,3264072
27395,3264102,9,3264111
27396,3264355,2,3264357
27397,3264440,17,3264457
27398,3264486,8,3264494
27399,3264564,4,3264568
27400,3264582,10,3264592
27401,3264669,9,3264678
27402,3264776,7,3264783
27403,3264940,55,3264995
27404,3265091,3,3265094
27405,3265229,16,3265245
27406,3265314,30,3265344
27407,3265350,6,3265356
27408,3265365,2,3265367
27409,3265534,13,3265547
27410,3265566,8,3265574
27411,3265608,43,3265651
27412,3265861,32,3265893
27413,3265955,28,3265983
27414,3266057,2,3266059
27415,3266178,2,3266180
27416,3266444,22,3266466
27417,3266524,12,3266536
27418,3266705,8,3266713
27419,3267226,5,3267231
27420,3267350,9,3267359
27421,3267575,46,3267621
27422,3267628,22,3267650
27423,3267805,7,3267812
27424,3267908,1,3267909
27425,3268012,21,3268033
27426,3268282,39,3268321
27427,3268366,4,3268370
27428,3268411,25,3268436
27429,3268539,42,3268581
27430,3268838,18,3268856
27431,3268877,11,3268888
27432,3268913,7,3268920
27433,3269084,22,3269106
27434,3269208,50,3269258
27435,3269289,8,3269297
27436,3269363,33,3269396
27437,3269547,2,3269549
27438,3269717,20,3269737
27439,3269880,7,3269887
27440,3270013,16,3270029
27441,3270109,3,3270112
27442,3270197,32,3270229
27443,3270343,7,3270350
27444,3270647,13,3270660
27445,3270681,9,3270690
27446,3271262,5,3271267
27447,3271646,2,3271648
27448,3271714,20,3271734
27449,3271843,6,3271849
27450,3271854,18,3271872
27451,3271958,12,3271970
27452,3271995,17,3272012
27453,3272073,10,3272083
27454,3272090,1,3272091
27455,3272162,2,3272164
27456,3272458,8,3272466
27457,3272508,19,3272527
27458,3272585,5,3272590
27459,3272664,5,3272669
27460,3272838,32,3272870
27461,3272997,8,3273005
27462,3273140,10,3273150
27463,3273209,6,3273215
27464,3273316,7,3273323
27465,3273328,17,3273345
27466,3273355,13,3273368
27467,3273477,15,3273492
27468,3273652,13,3273665
27469,3273728,8,3273736
27470,3273756,19,3273775
27471,3273815,2,3273817
27472,3273841,51,3273892
27473,3274304,3,3274307
27474,3274340,67,3274407
27475,3274486,19,3274505
27476,3274568,27,3274595
27477,3274615,8,3274623
27478,3274629,19,3274648
27479,3274806,11,3274817
27480,3274835,18,3274853
27481,3274912,11,3274923
27482,3274932,96,3275028
27483,3275036,1,3275037
27484,3275191,64,3275255
27485,3275443,19,3275462
27486,3275522,16,3275538
27487,3275570,8,3275578
27488,3275604,65,3275669
27489,3275745,21,3275766
27490,3275824,17,3275841
27491,3275905,43,3275948
27492,3276023,10,3276033
27493,3276053,3,3276056
27494,3276098,44,3276142
27495,3276270,15,3276285
27496,3276297,3,3276300
27497,3276373,4,3276377
27498,3276534,28,3276562
27499,3276684,3,3276687
27500,3276786,5,3276791
27501,3276907,6,3276913
27502,3277100,4,3277104
27503,3277264,19,3277283
27504,3277502,20,3277522
27505,3277615,30,3277645
27506,3277678,13,3277691
27507,3277712,6,3277718
27508,3277917,8,3277925
27509,3278095,35,3278130
27510,3278326,18,3278344
27511,3278360,7,3278367
27512,3278571,18,3278589
27513,3278660,15,3278675
27514,3279029,10,3279039
27515,3279138,13,3279151
27516,3279340,6,3279346
27517,3279410,35,3279445
27518,3279448,8,3279456
27519,3279475,60,3279535
27520,3279629,19,3279648
27521,3279740,13,3279753
27522,3279769,5,3279774
27523,3279850,14,3279864
27524,3279872,14,3279886
27525,3279936,15,3279951
27526,3280081,3,3280084
27527,3280192,28,3280220
27528,3280384,33,3280417
27529,3280457,30,3280487
27530,3280500,9,3280509
27531,3280619,21,3280640
27532,3280706,5,3280711
27533,3280732,44,3280776
27534,3280938,18,3280956
27535,3281004,9,3281013
27536,3281153,2,3281155
27537,3281316,3,3281319
27538,3281361,13,3281374
27539,3281453,33,3281486
27540,3281501,18,3281519
27541,3281551,12,3281563
27542,3281764,29,3281793
27543,3281878,9,3281887
27544,3281954,11,3281965
27545,3282255,2,3282257
27546,3282315,31,3282346
27547,3282463,12,3282475
27548,3282564,27,3282591
27549,3282678,14,3282692
27550,3282778,58,3282836
27551,3282934,1,3282935
27552,3282989,2,3282991
27553,3283021,12,3283033
27554,3283038,6,3283044
27555,3283289,57,3283346
27556,3283488,18,3283506
27557,3283907,1,3283908
27558,3284062,1,3284063
27559,3284334,30,3284364
27560,3284627,6,3284633
27561,3284660,23,3284683
27562,3284721,11,3284732
27563,3284735,50,3284785
27564,3284810,55,3284865
27565,3284868,10,3284878
27566,3284909,87,3284996
27567,3285088,2,3285090
27568,3285113,44,3285157
27569,3285187,19,3285206
27570,3285262,67,3285329
27571,3285414,4,3285418
27572,3285452,6,3285458
27573,3285467,21,3285488
27574,3285532,5,3285537
27575,3285684,25,3285709
27576,3285741,8,3285749
27577,3285911,10,3285921
27578,3286028,7,3286035
27579,3286038,20,3286058
27580,3286107,33,3286140
27581,3286366,6,3286372
27582,3286395,15,3286410
27583,3286657,25,3286682
27584,3286696,17,3286713
27585,3286749,16,3286765
27586,3287104,25,3287129
27587,3287189,3,3287192
27588,3287263,13,3287276
27589,3287402,13,3287415
27590,3287439,24,3287463
27591,3287548,39,3287587
27592,3287628,42,3287670
27593,3287678,64,3287742
27594,3287784,17,3287801
27595,3287939,11,3287950
27596,3288099,26,3288125
27597,3288197,30,3288227
27598,3288336,2,3288338
27599,3288401,22,3288423
27600,3288450,7,3288457
27601,3288579,7,3288586
27602,3288649,8,3288657
27603,3288682,27,3288709
27604,3288800,95,3288895
27605,3289011,9,3289020
27606,3289135,14,3289149
27607,3289158,10,3289168
27608,3289262,44,3289306
27609,3289396,11,3289407
27610,3289451,52,3289503
27611,3289567,4,3289571
27612,3289728,18,3289746
27613,3289756,41,3289797
27614,3289825,7,3289832
27615,3289845,47,3289892
27616,3290679,4,3290683
27617,3290697,13,3290710
27618,3290934,7,3290941
27619,3291092,13,3291105
27620,3291139,2,3291141
27621,3291153,10,3291163
27622,3291175,11,3291186
27623,3291224,4,3291228
27624,3291285,34,3291319
27625,3291430,26,3291456
27626,3291507,16,3291523
27627,3291543,21,3291564
27628,3291574,19,3291593
27629,3291602,9,3291611
27630,3291676,30,3291706
27631,3291897,12,3291909
27632,3291945,23,3291968
27633,3291999,23,3292022
27634,3292296,9,3292305
27635,3292344,5,3292349
27636,3292383,1,3292384
27637,3292516,55,3292571
27638,3292573,21,3292594
27639,3292622,2,3292624
27640,3292743,3,3292746
27641,3292758,30,3292788
27642,3292942,50,3292992
27643,3293270,5,3293275
27644,3293366,10,3293376
27645,3293459,5,3293464
27646,3293797,72,3293869
27647,3293978,9,3293987
27648,3294029,4,3294033
27649,3294074,14,3294088
27650,3294248,10,3294258
27651,3294384,38,3294422
27652,3294430,52,3294482
27653,3294557,47,3294604
27654,3294612,75,3294687
27655,3294747,3,3294750
27656,3294868,6,3294874
27657,3294916,1,3294917
27658,3294950,10,3294960
27659,3294990,6,3294996
27660,3295005,16,3295021
27661,3295059,25,3295084
27662,3295170,9,3295179
27663,3295189,16,3295205
27664,3295261,17,3295278
27665,3295309,13,3295322
27666,3295393,2,3295395
27667,3295408,10,3295418
27668,3295497,55,3295552
27669,3295715,39,3295754
27670,3296090,26,3296116
27671,3296374,11,3296385
27672,3296570,45,3296615
27673,3296631,18,3296649
27674,3296654,14,3296668
27675,3296930,14,3296944
27676,3296996,6,3297002
27677,3297009,24,3297033
27678,3297088,6,3297094
27679,3297266,17,3297283
27680,3297312,18,3297330
27681,3297497,30,3297527
27682,3297565,96,3297661
27683,3297919,2,3297921
27684,3298000,16,3298016
27685,3298074,5,3298079
27686,3298192,10,3298202
27687,3298281,6,3298287
27688,3298390,5,3298395
27689,3298402,1,3298403
27690,3298486,4,3298490
27691,3298628,9,3298637
27692,3298737,21,3298758
27693,3298800,4,3298804
27694,3298821,5,3298826
27695,3298830,3,3298833
27696,3298920,31,3298951
27697,3299023,4,3299027
27698,3299028,21,3299049
27699,3299342,5,3299347
27700,3299429,18,3299447
27701,3299642,11,3299653
27702,3299823,15,3299838
27703,3299884,1,3299885
27704,3300484,6,3300490
27705,3300599,7,3300606
27706,3300784,12,3300796
27707,3300813,1,3300814
27708,3300857,4,3300861
27709,3300880,2,3300882
27710,3301125,6,3301131
27711,3301152,2,3301154
27712,3301242,11,3301253
27713,3301379,79,3301458
27714,3301682,11,3301693
27715,3302050,18,3302068
27716,3302078,9,3302087
27717,3302131,19,3302150
27718,3302213,13,3302226
27719,3302262,14,3302276
27720,3302401,8,3302409
27721,3302426,44,3302470
27722,3302473,10,3302483
27723,3302642,6,3302648
27724,3302762,11,3302773
27725,3302802,15,3302817
27726,3302827,11,3302838
27727,3302926,6,3302932
27728,3303163,26,3303189
27729,3303355,18,3303373
27730,3303489,10,3303499
27731,3303688,22,3303710
27732,3303749,8,3303757
27733,3303789,29,3303818
27734,3303820,30,3303850
27735,3303958,2,3303960
27736,3303972,65,3304037
27737,3304100,5,3304105
27738,3304273,5,3304278
27739,3304352,6,3304358
27740,3304623,18,3304641
27741,3304753,10,3304763
27742,3304816,18,3304834
27743,3304984,7,3304991
27744,3305013,5,3305018
27745,3305060,12,3305072
27746,3305080,18,3305098
27747,3305108,52,3305160
27748,3305199,28,3305227
27749,3305299,6,3305305
27750,3305598,17,3305615
27751,3305662,7,3305669
27752,3305738,22,3305760
27753,3305985,4,3305989
27754,3306023,1,3306024
27755,3306067,4,3306071
27756,3306086,18,3306104
27757,3306210,11,3306221
27758,3306337,5,3306342
27759,3306582,33,3306615
27760,3306714,5,3306719
27761,3306736,38,3306774
27762,3307028,45,3307073
27763,3307102,19,3307121
27764,3307176,12,3307188
27765,3307216,10,3307226
27766,3307448,18,3307466
27767,3307604,4,3307608
27768,3307804,15,3307819
27769,3308061,2,3308063
27770,3308126,3,3308129
27771,3308308,3,3308311
27772,3308315,20,3308335
27773,3308515,6,3308521
27774,3308539,19,3308558
27775,3308632,87,3308719
27776,3308901,2,3308903
27777,3308964,11,3308975
27778,3309000,6,3309006
27779,3309029,16,3309045
27780,3309054,14,3309068
27781,3309249,43,3309292
27782,3309330,15,3309345
27783,3309546,2,3309548
27784,3309564,2,3309566
27785,3309634,17,3309651
27786,3309700,18,3309718
27787,3310103,10,3310113
27788,3310234,5,3310239
27789,3310258,45,3310303
27790,3310304,13,3310317
27791,3310336,7,3310343
27792,3310385,2,3310387
27793,3310415,88,3310503
27794,3310711,8,3310719
27795,3310799,11,3310810
27796,3310899,60,3310959
27797,3311073,15,3311088
27798,3311256,21,3311277
27799,3311449,13,3311462
27800,3311847,18,3311865
27801,3312001,25,3312026
27802,3312096,2,3312098
27803,3312482,9,3312491
27804,3312531,3,3312534
27805,3312745,86,3312831
27806,3312951,16,3312967
27807,3313100,6,3313106
27808,3313165,4,3313169
27809,3313233,1,3313234
27810,3313312,3,3313315
27811,3313663,9,3313672
27812,3313706,8,3313714
27813,3314028,16,3314044
27814,3314078,18,3314096
27815,3314187,12,3314199
27816,3314534,5,3314539
27817,3314603,65,3314668
27818,3314866,4,3314870
27819,3314906,15,3314921
27820,3315007,2,3315009
27821,3315170,17,3315187
27822,3315231,26,3315257
27823,3315390,2,3315392
27824,3315465,2,3315467
27825,3315514,16,3315530
27826,3315537,68,3315605
27827,3315757,17,3315774
27828,3315789,3,3315792
27829,3315982,45,3316027
27830,3316087,17,3316104
27831,3316267,45,3316312
27832,3316318,2,3316320
27833,3316470,2,3316472
27834,3316538,26,3316564
27835,3316640,21,3316661
27836,3317015,6,3317021
27837,3317172,2,3317174
27838,3317260,12,3317272
27839,3317290,22,3317312
27840,3317483,16,3317499
27841,3317553,42,3317595
27842,3317637,66,3317703
27843,3317720,20,3317740
27844,3318166,3,3318169
27845,3318218,39,3318257
27846,3318329,29,3318358
27847,3318434,18,3318452
27848,3318563,17,3318580
27849,3318626,31,3318657
27850,3318678,17,3318695
27851,3318934,9,3318943
27852,3318993,23,3319016
27853,3319020,36,3319056
27854,3319088,11,3319099
27855,3319272,7,3319279
27856,3319373,1,3319374
27857,3319426,82,3319508
27858,3319535,8,3319543
27859,3319650,3,3319653
27860,3319655,32,3319687
27861,3319718,1,3319719
27862,3319820,27,3319847
27863,3319901,9,3319910
27864,3319995,4,3319999
27865,3320070,12,3320082
27866,3320203,58,3320261
27867,3320327,15,3320342
27868,3320346,4,3320350
27869,3320361,11,3320372
27870,3320434,62,3320496
27871,3320562,9,3320571
27872,3320602,6,3320608
27873,3320697,11,3320708
27874,3320726,32,3320758
27875,3320802,1,3320803
27876,3320854,5,3320859
27877,3320876,2,3320878
27878,3320943,39,3320982
27879,3320992,26,3321018
27880,3321182,2,3321184
27881,3321197,65,3321262
27882,3321544,16,3321560
27883,3321636,6,3321642
27884,3321789,34,3321823
27885,3322257,6,3322263
27886,3322298,25,3322323
27887,3322653,56,3322709
27888,3322788,15,3322803
27889,3323031,34,3323065
27890,3323124,6,3323130
27891,3323145,27,3323172
27892,3323252,4,3323256
27893,3323309,39,3323348
27894,3323685,40,3323725
27895,3323764,2,3323766
27896,3323938,14,3323952
27897,3324170,25,3324195
27898,3324404,108,3324512
27899,3324539,9,3324548
27900,3324659,16,3324675
27901,3324906,20,3324926
27902,3325094,26,3325120
27903,3325367,15,3325382
27904,3325449,20,3325469
27905,3325477,22,3325499
27906,3325515,2,3325517
27907,3325654,2,3325656
27908,3325886,18,3325904
27909,3325906,19,3325925
27910,3325965,30,3325995
27911,3326119,24,3326143
27912,3326244,24,3326268
27913,3326417,8,3326425
27914,3326496,7,3326503
27915,3326623,7,3326630
27916,3326782,17,3326799
27917,3327041,11,3327052
27918,3327340,3,3327343
27919,3327436,34,3327470
27920,3327670,74,3327744
27921,3327811,5,3327816
27922,3327884,47,3327931
27923,3327996,1,3327997
27924,3328026,11,3328037
27925,3328187,8,3328195
27926,3328309,36,3328345
27927,3328346,10,3328356
27928,3328368,4,3328372
27929,3328870,1,3328871
27930,3328891,6,3328897
27931,3329010,5,3329015
27932,3329116,3,3329119
27933,3329379,1,3329380
27934,3329415,2,3329417
27935,3329808,13,3329821
27936,3330013,30,3330043
27937,3330312,73,3330385
27938,3330421,25,3330446
27939,3330452,39,3330491
27940,3330536,6,3330542
27941,3330691,39,3330730
27942,3330806,24,3330830
27943,3330926,2,3330928
27944,3331236,63,3331299
27945,3331345,9,3331354
27946,3331427,14,3331441
27947,3331784,2,3331786
27948,3331840,95,3331935
27949,3331968,8,3331976
27950,3332144,4,3332148
27951,3332249,21,3332270
27952,3332307,3,3332310
27953,3332383,13,3332396
27954,3332541,28,3332569
27955,3332586,6,3332592
27956,3332708,10,3332718
27957,3332881,24,3332905
27958,3332918,55,3332973
27959,3333007,11,3333018
27960,3333117,32,3333149
27961,3333266,13,3333279
27962,3333302,6,3333308
27963,3333356,25,3333381
27964,3333385,7,3333392
27965,3333409,3,3333412
27966,3333447,7,3333454
27967,3333758,5,3333763
27968,3333859,8,3333867
27969,3333898,17,3333915
27970,3333938,11,3333949
27971,3333961,32,3333993
27972,3334041,46,3334087
27973,3334119,9,3334128
27974,3334136,16,3334152
27975,3334421,7,3334428
27976,3334505,7,3334512
27977,3334639,15,3334654
27978,3334719,7,3334726
27979,3334798,47,3334845
27980,3334857,54,3334911
27981,3335009,6,3335015
27982,3335034,8,3335042
27983,3335059,3,3335062
27984,3335063,15,3335078
27985,3335191,3,3335194
27986,3335335,6,3335341
27987,3335392,15,3335407
27988,3335440,6,3335446
27989,3335497,37,3335534
27990,3335826,21,3335847
27991,3336096,3,3336099
27992,3336110,8,3336118
27993,3336177,16,3336193
27994,3336351,8,3336359
27995,3336430,7,3336437
27996,3336664,29,3336693
27997,3336698,4,3336702
27998,3336763,5,3336768
27999,3336780,25,3336805
28000,3337332,13,3337345
28001,3337554,17,3337571
28002,3337573,49,3337622
28003,3337623,29,3337652
28004,3337791,4,3337795
28005,3337994,16,3338010
28006,3338011,7,3338018
28007,3338030,2,3338032
28008,3338061,29,3338090
28009,3338131,3,3338134
28010,3338145,5,3338150
28011,3338289,16,3338305
28012,3338497,55,3338552
28013,3338740,15,3338755
28014,3338848,33,3338881
28015,3338884,17,3338901
28016,3339299,2,3339301
28017,3339438,10,3339448
28018,3339484,18,3339502
28019,3339691,11,3339702
28020,3339707,9,3339716
28021,3339729,56,3339785
28022,3340028,25,3340053
28023,3340097,2,3340099
28024,3340292,17,3340309
28025,3340317,16,3340333
28026,3340372,7,3340379
28027,3340380,9,3340389
28028,3340669,11,3340680
28029,3340743,19,3340762
28030,3340923,41,3340964
28031,3340996,67,3341063
28032,3341244,1,3341245
28033,3341302,3,3341305
28034,3341527,4,3341531
28035,3341699,49,3341748
28036,3341866,33,3341899
28037,3342012,9,3342021
28038,3342458,3,3342461
28039,3342479,2,3342481
28040,3342628,15,3342643
28041,3342743,2,3342745
28042,3342811,12,3342823
28043,3342827,90,3342917
28044,3343036,30,3343066
28045,3343413,24,3343437
28046,3343453,8,3343461
28047,3343470,26,3343496
28048,3343657,18,3343675
28049,3343723,17,3343740
28050,3343771,26,3343797
28051,3343984,16,3344000
28052,3344030,9,3344039
28053,3344083,62,3344145
28054,3344165,23,3344188
28055,3344193,4,3344197
28056,3344546,30,3344576
28057,3344984,14,3344998
28058,3345389,2,3345391
28059,3345430,63,3345493
28060,3346043,14,3346057
28061,3346437,54,3346491
28062,3346547,1,3346548
28063,3346626,1,3346627
28064,3346643,64,3346707
28065,3346809,38,3346847
28066,3347096,8,3347104
28067,3347372,18,3347390
28068,3347679,19,3347698
28069,3347754,2,3347756
28070,3347897,44,3347941
28071,3348020,12,3348032
28072,3348134,1,3348135
28073,3348192,17,3348209
28074,3348226,49,3348275
28075,3348278,6,3348284
28076,3348334,3,3348337
28077,3348340,32,3348372
28078,3348885,11,3348896
28079,3349151,6,3349157
28080,3349358,83,3349441
28081,3349617,2,3349619
28082,3349921,9,3349930
28083,3350154,20,3350174
28084,3350192,8,3350200
28085,3350242,17,3350259
28086,3350458,20,3350478
28087,3350523,39,3350562
28088,3350687,15,3350702
28089,3350833,50,3350883
28090,3350967,86,3351053
28091,3351171,18,3351189
28092,3351205,16,3351221
28093,3351268,78,3351346
28094,3351554,29,3351583
28095,3351610,46,3351656
28096,3351687,10,3351697
28097,3351764,81,3351845
28098,3352127,22,3352149
28099,3352392,1,3352393
28100,3352440,22,3352462
28101,3352701,24,3352725
28102,3352729,14,3352743
28103,3352789,9,3352798
28104,3352862,8,3352870
28105,3352945,39,3352984
28106,3353194,21,3353215
28107,3353234,2,3353236
28108,3353275,2,3353277
28109,3353335,18,3353353
28110,3353508,21,3353529
28111,3353558,17,3353575
28112,3353714,25,3353739
28113,3353904,23,3353927
28114,3353986,18,3354004
28115,3354316,5,3354321
28116,3354332,16,3354348
28117,3354361,35,3354396
28118,3354451,1,3354452
28119,3354623,4,3354627
28120,3354684,2,3354686
28121,3354691,34,3354725
28122,3354727,4,3354731
28123,3354798,4,3354802
28124,3354918,50,3354968
28125,3354999,7,3355006
28126,3355070,1,3355071
28127,3355129,15,3355144
28128,3355288,7,3355295
28129,3355331,10,3355341
28130,3355498,1,3355499
28131,3355636,15,3355651
28132,3355853,22,3355875
28133,3355883,4,3355887
28134,3355917,64,3355981
28135,3355992,20,3356012
28136,3356049,2,3356051
28137,3356067,3,3356070
28138,3356097,7,3356104
28139,3356172,32,3356204
28140,3356520,14,3356534
28141,3356648,29,3356677
28142,3356682,25,3356707
28143,3356889,38,3356927
28144,3357036,10,3357046
28145,3357055,33,3357088
28146,3357200,98,3357298
28147,3357360,12,3357372
28148,3357432,19,3357451
28149,3357544,2,3357546
28150,3357605,26,3357631
28151,3357785,38,3357823
28152,3357939,1,3357940
28153,3358213,29,3358242
28154,3358304,14,3358318
28155,3358345,13,3358358
28156,3358493,32,3358525
28157,3358551,12,3358563
28158,3358623,5,3358628
28159,3358691,18,3358709
28160,3358742,2,3358744
28161,3358823,20,3358843
28162,3358974,26,3359000
28163,3359088,11,3359099
28164,3359245,25,3359270
28165,3359330,9,3359339
28166,3359413,2,3359415
28167,3359508,12,3359520
28168,3359593,13,3359606
28169,3359620,6,3359626
28170,3359671,8,3359679
28171,3359715,10,3359725
28172,3359781,4,3359785
28173,3359885,14,3359899
28174,3359914,17,3359931
28175,3359934,3,3359937
28176,3360107,15,3360122
28177,3360149,19,3360168
28178,3360513,22,3360535
28179,3360671,7,3360678
28180,3361018,4,3361022
28181,3361161,12,3361173
28182,3361174,5,3361179
28183,3361219,11,3361230
28184,3361376,34,3361410
28185,3361487,2,3361489
28186,3361559,41,3361600
28187,3361628,3,3361631
28188,3361799,10,3361809
28189,3361811,27,3361838
28190,3361883,49,3361932
28191,3362021,25,3362046
28192,3362078,6,3362084
28193,3362192,40,3362232
28194,3362318,33,3362351
28195,3362387,22,3362409
28196,3362673,12,3362685
28197,3362718,40,3362758
28198,3362941,14,3362955
28199,3362971,1,3362972
28200,3362993,1,3362994
28201,3363002,43,3363045
28202,3363239,9,3363248
28203,3363288,18,3363306
28204,3363307,6,3363313
28205,3363628,77,3363705
28206,3363738,32,3363770
28207,3363788,49,3363837
28208,3363856,17,3363873
28209,3364129,20,3364149
28210,3364404,2,3364406
28211,3364584,17,3364601
28212,3364757,17,3364774
28213,3364847,12,3364859
28214,3365075,16,3365091
28215,3365123,42,3365165
28216,3365219,33,3365252
28217,3365561,10,3365571
28218,3365730,10,3365740
28219,3365788,41,3365829
28220,3365988,5,3365993
28221,3366375,18,3366393
28222,3366744,43,3366787
28223,3366921,2,3366923
28224,3366930,22,3366952
28225,3366954,41,3366995
28226,3367081,7,3367088
28227,3367223,14,3367237
28228,3367296,2,3367298
28229,3367446,8,3367454
28230,3367467,12,3367479
28231,3367811,56,3367867
28232,3367960,11,3367971
28233,3367995,2,3367997
28234,3368055,5,3368060
28235,3368062,12,3368074
28236,3368117,33,3368150
28237,3368174,29,3368203
28238,3368326,42,3368368
28239,3368424,47,3368471
28240,3368575,5,3368580
28241,3368744,65,3368809
28242,3368866,10,3368876
28243,3368903,15,3368918
28244,3368980,10,3368990
28245,3369252,1,3369253
28246,3369325,12,3369337
28247,3369391,1,3369392
28248,3369458,8,3369466
28249,3369637,47,3369684
28250,3369721,14,3369735
28251,3369775,10,3369785
28252,3369817,11,3369828
28253,3369835,7,3369842
28254,3369974,35,3370009
28255,3370018,3,3370021
28256,3370029,11,3370040
28257,3370086,12,3370098
28258,3370232,27,3370259
28259,3370294,9,3370303
28260,3370367,38,3370405
28261,3370608,7,3370615
28262,3370624,52,3370676
28263,3370893,11,3370904
28264,3370982,70,3371052
28265,3371596,17,3371613
28266,3371618,8,3371626
28267,3371714,8,3371722
28268,3371832,13,3371845
28269,3371918,9,3371927
28270,3372215,14,3372229
28271,3372270,22,3372292
28272,3372326,21,3372347
28273,3372418,3,3372421
28274,3372562,23,3372585
28275,3372726,7,3372733
28276,3372779,9,3372788
28277,3373136,14,3373150
28278,3373261,70,3373331
28279,3373342,15,3373357
28280,3373454,8,3373462
28281,3373597,27,3373624
28282,3373641,12,3373653
28283,3373673,1,3373674
28284,3374354,12,3374366
28285,3374412,23,3374435
28286,3374578,5,3374583
28287,3374752,31,3374783
28288,3375020,10,3375030
28289,3375037,8,3375045
28290,3375078,26,3375104
28291,3375179,3,3375182
28292,3375198,15,3375213
28293,3375234,12,3375246
28294,3375281,107,3375388
28295,3375711,23,3375734
28296,3375810,43,3375853
28297,3376167,25,3376192
28298,3376248,31,3376279
28299,3376517,10,3376527
28300,3376536,17,3376553
28301,3376571,4,3376575
28302,3376784,10,3376794
28303,3376827,71,3376898
28304,3376905,28,3376933
28305,3377054,15,3377069
28306,3377190,4,3377194
28307,3377367,58,3377425
28308,3377466,1,3377467
28309,3377620,18,3377638
28310,3377656,14,3377670
28311,3377674,66,3377740
28312,3377771,9,3377780
28313,3378035,57,3378092
28314,3378111,55,3378166
28315,3378277,28,3378305
28316,3378329,7,3378336
28317,3378361,12,3378373
28318,3378453,31,3378484
28319,3378722,38,3378760
28320,3378768,17,3378785
28321,3378930,2,3378932
28322,3378957,49,3379006
28323,3379015,4,3379019
28324,3379058,6,3379064
28325,3379086,20,3379106
28326,3379109,5,3379114
28327,3379119,71,3379190
28328,3379284,35,3379319
28329,3379335,21,3379356
28330,3379472,12,3379484
28331,3379590,2,3379592
28332,3379617,58,3379675
28333,3379678,5,3379683
28334,3379816,19,3379835
28335,3379895,47,3379942
28336,3379976,12,3379988
28337,3380025,20,3380045
28338,3380068,25,3380093
28339,3380145,12,3380157
28340,3380205,27,3380232
28341,3380235,46,3380281
28342,3380315,6,3380321
28343,3380339,19,3380358
28344,3380359,10,3380369
28345,3380410,8,3380418
28346,3380667,31,3380698
28347,3380799,13,3380812
28348,3380827,3,3380830
28349,3380864,24,3380888
28350,3381046,47,3381093
28351,3381200,7,3381207
28352,3381374,31,3381405
28353,3381448,15,3381463
28354,3381494,29,3381523
28355,3381529,5,3381534
28356,3381581,4,3381585
28357,3381633,60,3381693
28358,3381720,39,3381759
28359,3381865,18,3381883
28360,3381903,15,3381918
28361,3382032,9,3382041
28362,3382118,5,3382123
28363,3382196,34,3382230
28364,3382249,14,3382263
28365,3382329,30,3382359
28366,3382460,22,3382482
28367,3382531,1,3382532
28368,3382594,27,3382621
28369,3382674,7,3382681
28370,3382981,60,3383041
28371,3383108,110,3383218
28372,3383283,18,3383301
28373,3383376,39,3383415
28374,3383474,16,3383490
28375,3383537,86,3383623
28376,3383719,17,3383736
28377,3384000,11,3384011
28378,3384061,29,3384090
28379,3384285,58,3384343
28380,3384460,2,3384462
28381,3384596,8,3384604
28382,3384647,51,3384698
28383,3384752,12,3384764
28384,3384799,87,3384886
28385,3384928,14,3384942
28386,3384984,47,3385031
28387,3385112,52,3385164
28388,3385223,4,3385227
28389,3385333,3,3385336
28390,3385373,7,3385380
28391,3385399,5,3385404
28392,3385406,30,3385436
28393,3385496,1,3385497
28394,3385557,13,3385570
28395,3385621,18,3385639
28396,3385644,1,3385645
28397,3385727,18,3385745
28398,3385764,1,3385765
28399,3385884,34,3385918
28400,3386052,19,3386071
28401,3386129,23,3386152
28402,3386161,15,3386176
28403,3386358,5,3386363
28404,3386638,11,3386649
28405,3386665,5,3386670
28406,3386794,28,3386822
28407,3386885,1,3386886
28408,3386959,12,3386971
28409,3387010,5,3387015
28410,3387222,4,3387226
28411,3387253,25,3387278
28412,3387296,15,3387311
28413,3387325,34,3387359
28414,3387444,67,3387511
28415,3387567,30,3387597
28416,3387871,16,3387887
28417,3387919,4,3387923
28418,3387970,12,3387982
28419,3388172,19,3388191
28420,3388198,60,3388258
28421,3388387,49,3388436
28422,3388463,43,3388506
28423,3388538,49,3388587
28424,3388661,15,3388676
28425,3388770,1,3388771
28426,3388893,24,3388917
28427,3388957,29,3388986
28428,3389039,13,3389052
28429,3389269,22,3389291
28430,3389404,1,3389405
28431,3389446,1,3389447
28432,3389514,20,3389534
28433,3389609,21,3389630
28434,3389631,17,3389648
28435,3389654,15,3389669
28436,3389679,60,3389739
28437,3389801,19,3389820
28438,3390139,17,3390156
28439,3390373,7,3390380
28440,3390462,1,3390463
28441,3390482,2,3390484
28442,3391069,9,3391078
28443,3391282,10,3391292
28444,3391392,4,3391396
28445,3391719,17,3391736
28446,3392011,1,3392012
28447,3392178,9,3392187
28448,3392248,2,3392250
28449,3392463,7,3392470
28450,3392524,7,3392531
28451,3392668,2,3392670
28452,3392712,5,3392717
28453,3392893,37,3392930
28454,3393013,28,3393041
28455,3393079,24,3393103
28456,3393331,14,3393345
28457,3393399,2,3393401
28458,3393496,43,3393539
28459,3393653,26,3393679
28460,3393713,28,3393741
28461,3394008,13,3394021
28462,3394050,14,3394064
28463,3394141,4,3394145
28464,3394394,143,3394537
28465,3394608,1,3394609
28466,3394640,7,3394647
28467,3394686,17,3394703
28468,3394708,1,3394709
28469,3394916,15,3394931
28470,3395082,41,3395123
28471,3395174,10,3395184
28472,3395210,14,3395224
28473,3395317,4,3395321
28474,3395500,23,3395523
28475,3395628,14,3395642
28476,3395654,55,3395709
28477,3395727,14,3395741
28478,3395757,1,3395758
28479,3395761,29,3395790
28480,3395936,11,3395947
28481,3396420,20,3396440
28482,3396644,127,3396771
28483,3397006,18,3397024
28484,3397331,4,3397335
28485,3397378,20,3397398
28486,3397437,7,3397444
28487,3397479,17,3397496
28488,3397593,6,3397599
28489,3397760,35,3397795
28490,3398291,3,3398294
28491,3398417,7,3398424
28492,3398599,5,3398604
28493,3398978,12,3398990
28494,3399118,28,3399146
28495,3399181,131,3399312
28496,3399321,16,3399337
28497,3399363,1,3399364
28498,3399382,38,3399420
28499,3399730,21,3399751
28500,3399782,17,3399799
28501,3399806,14,3399820
28502,3399858,24,3399882
28503,3399922,9,3399931
28504,3400004,14,3400018
28505,3400274,11,3400285
28506,3400363,7,3400370
28507,3400403,36,3400439
28508,3400508,34,3400542
28509,3400835,17,3400852
28510,3400891,21,3400912
28511,3400951,42,3400993
28512,3401088,24,3401112
28513,3401268,12,3401280
28514,3401389,6,3401395
28515,3401472,10,3401482
28516,3401686,3,3401689
28517,3401766,2,3401768
28518,3401906,57,3401963
28519,3401980,24,3402004
28520,3402203,3,3402206
28521,3402383,5,3402388
28522,3402486,6,3402492
28523,3402575,1,3402576
28524,3402913,47,3402960
28525,3403009,18,3403027
28526,3403473,13,3403486
28527,3403527,1,3403528
28528,3403589,19,3403608
28529,3403640,38,3403678
28530,3403849,4,3403853
28531,3404010,4,3404014
28532,3404241,20,3404261
28533,3404264,35,3404299
28534,3404309,15,3404324
28535,3404430,60,3404490
28536,3404549,9,3404558
28537,3404972,10,3404982
28538,3405015,16,3405031
28539,3405096,10,3405106
28540,3405352,25,3405377
28541,3405383,17,3405400
28542,3405524,9,3405533
28543,3405592,1,3405593
28544,3405716,14,3405730
28545,3405796,6,3405802
28546,3405825,8,3405833
28547,3405872,23,3405895
28548,3405905,6,3405911
28549,3405912,39,3405951
28550,3406099,13,3406112
28551,3406115,4,3406119
28552,3406266,15,3406281
28553,3406287,54,3406341
28554,3406774,11,3406785
28555,3406927,2,3406929
28556,3407191,17,3407208
28557,3407430,6,3407436
28558,3407499,11,3407510
28559,3407604,27,3407631
28560,3407737,20,3407757
28561,3408248,19,3408267
28562,3408680,42,3408722
28563,3408724,40,3408764
28564,3408771,12,3408783
28565,3408866,3,3408869
28566,3408954,38,3408992
28567,3409139,15,3409154
28568,3409220,26,3409246
28569,3409433,20,3409453
28570,3409474,13,3409487
28571,3409680,13,3409693
28572,3409710,14,3409724
28573,3410070,32,3410102
28574,3410200,5,3410205
28575,3410253,7,3410260
28576,3410435,15,3410450
28577,3410623,2,3410625
28578,3410654,21,3410675
28579,3410740,40,3410780
28580,3410809,3,3410812
28581,3410864,6,3410870
28582,3411186,1,3411187
28583,3411290,28,3411318
28584,3411373,20,3411393
28585,3411408,1,3411409
28586,3411443,9,3411452
28587,3411607,8,3411615
28588,3411671,2,3411673
28589,3411706,5,3411711
28590,3411939,8,3411947
28591,3411985,6,3411991
28592,3412068,22,3412090
28593,3412098,2,3412100
28594,3412106,31,3412137
28595,3412149,27,3412176
28596,3412292,10,3412302
28597,3412448,80,3412528
28598,3412539,18,3412557
28599,3412602,8,3412610
28600,3412715,11,3412726
28601,3412793,1,3412794
28602,3412969,6,3412975
28603,3413060,20,3413080
28604,3413091,32,3413123
28605,3413131,56,3413187
28606,3413245,62,3413307
28607,3413704,27,3413731
28608,3413873,4,3413877
28609,3414008,10,3414018
28610,3414048,70,3414118
28611,3414166,25,3414191
28612,3414261,38,3414299
28613,3414390,1,3414391
28614,3414433,1,3414434
28615,3414471,28,3414499
28616,3414517,20,3414537
28617,3414550,30,3414580
28618,3414587,4,3414591
28619,3414600,30,3414630
28620,3414832,48,3414880
28621,3414975,67,3415042
28622,3415166,4,3415170
28623,3415180,6,3415186
28624,3415347,12,3415359
28625,3415404,5,3415409
28626,3415414,1,3415415
28627,3415566,67,3415633
28628,3415824,10,3415834
28629,3415846,2,3415848
28630,3415875,5,3415880
28631,3416030,18,3416048
28632,3416081,1,3416082
28633,3416223,11,3416234
28634,3416253,31,3416284
28635,3416347,35,3416382
28636,3416425,28,3416453
28637,3416526,18,3416544
28638,3416640,62,3416702
28639,3416827,20,3416847
28640,3416898,1,3416899
28641,3417027,70,3417097
28642,3417175,27,3417202
28643,3417269,31,3417300
28644,3417313,5,3417318
28645,3417431,41,3417472
28646,3417619,8,3417627
28647,3417755,15,3417770
28648,3417904,23,3417927
28649,3418180,12,3418192
28650,3418290,13,3418303
28651,3418418,26,3418444
28652,3418479,14,3418493
28653,3418661,29,3418690
28654,3418706,1,3418707
28655,3418760,6,3418766
28656,3418829,20,3418849
28657,3418878,40,3418918
28658,3419224,3,3419227
28659,3419242,9,3419251
28660,3419325,2,3419327
28661,3419358,73,3419431
28662,3419537,1,3419538
28663,3419829,5,3419834
28664,3419952,25,3419977
28665,3420067,52,3420119
28666,3420173,21,3420194
28667,3420329,2,3420331
28668,3420346,47,3420393
28669,3420494,10,3420504
28670,3420536,35,3420571
28671,3420670,18,3420688
28672,3420735,9,3420744
28673,3420833,6,3420839
28674,3421142,16,3421158
28675,3421222,5,3421227
28676,3421234,30,3421264
28677,3421646,14,3421660
28678,3421712,9,3421721
28679,3421793,14,3421807
28680,3422012,12,3422024
28681,3422105,8,3422113
28682,3422226,31,3422257
28683,3422277,15,3422292
28684,3422295,12,3422307
28685,3422384,37,3422421
28686,3422619,1,3422620
28687,3422622,11,3422633
28688,3422636,11,3422647
28689,3422687,37,3422724
28690,3422848,8,3422856
28691,3422870,16,3422886
28692,3423135,7,3423142
28693,3423170,20,3423190
28694,3423264,3,3423267
28695,3423348,3,3423351
28696,3423564,12,3423576
28697,3423594,43,3423637
28698,3423685,32,3423717
28699,3424085,3,3424088
28700,3424159,16,3424175
28701,3424215,7,3424222
28702,3424299,4,3424303
28703,3424330,22,3424352
28704,3424369,56,3424425
28705,3424433,1,3424434
28706,3424523,11,3424534
28707,3424549,7,3424556
28708,3424574,4,3424578
28709,3424635,35,3424670
28710,3424717,16,3424733
28711,3424802,9,3424811
28712,3424865,19,3424884
28713,3425320,4,3425324
28714,3425383,1,3425384
28715,3425454,39,3425493
28716,3425636,13,3425649
28717,3425724,36,3425760
28718,3425766,7,3425773
28719,3425837,23,3425860
28720,3426049,18,3426067
28721,3426115,36,3426151
28722,3426559,3,3426562
28723,3426571,19,3426590
28724,3426714,66,3426780
28725,3426783,11,3426794
28726,3426815,5,3426820
28727,3427023,6,3427029
28728,3427177,43,3427220
28729,3427315,16,3427331
28730,3427423,2,3427425
28731,3427569,11,3427580
28732,3427902,11,3427913
28733,3428036,22,3428058
28734,3428060,11,3428071
28735,3428097,19,3428116
28736,3428519,5,3428524
28737,3428526,4,3428530
28738,3428800,1,3428801
28739,3428984,45,3429029
28740,3429054,45,3429099
28741,3429258,16,3429274
28742,3429309,8,3429317
28743,3429408,7,3429415
28744,3429679,13,3429692
28745,3429801,1,3429802
28746,3429824,7,3429831
28747,3429897,1,3429898
28748,3429929,8,3429937
28749,3429954,19,3429973
28750,3430115,18,3430133
28751,3430151,68,3430219
28752,3430293,13,3430306
28753,3430345,23,3430368
28754,3430407,3,3430410
28755,3430470,34,3430504
28756,3430577,3,3430580
28757,3430811,12,3430823
28758,3430837,30,3430867
28759,3430885,27,3430912
28760,3431059,16,3431075
28761,3431432,31,3431463
28762,3431512,21,3431533
28763,3431572,6,3431578
28764,3431633,3,3431636
28765,3431730,25,3431755
28766,3431867,27,3431894
28767,3432001,13,3432014
28768,3432087,4,3432091
28769,3432175,5,3432180
28770,3432209,31,3432240
28771,3432361,8,3432369
28772,3432549,7,3432556
28773,3432654,43,3432697
28774,3432839,2,3432841
28775,3432892,3,3432895
28776,3432915,24,3432939
28777,3433093,2,3433095
28778,3433224,31,3433255
28779,3433267,3,3433270
28780,3433344,2,3433346
28781,3433419,17,3433436
28782,3433614,23,3433637
28783,3433741,50,3433791
28784,3433816,3,3433819
28785,3434231,22,3434253
28786,3434367,5,3434372
28787,3434377,13,3434390
28788,3434467,27,3434494
28789,3434500,15,3434515
28790,3434517,37,3434554
28791,3434858,9,3434867
28792,3434883,8,3434891
28793,3434894,109,3435003
28794,3435167,10,3435177
28795,3435307,8,3435315
28796,3435435,27,3435462
28797,3435812,61,3435873
28798,3436024,7,3436031
28799,3436046,3,3436049
28800,3436121,23,3436144
28801,3436255,48,3436303
28802,3436315,60,3436375
28803,3436479,26,3436505
28804,3436686,40,3436726
28805,3436860,63,3436923
28806,3437009,1,3437010
28807,3437128,34,3437162
28808,3437177,22,3437199
28809,3437367,2,3437369
28810,3437387,12,3437399
28811,3437528,5,3437533
28812,3437665,14,3437679
28813,3437744,3,3437747
28814,3437887,14,3437901
28815,3438001,1,3438002
28816,3438055,67,3438122
28817,3438174,3,3438177
28818,3438323,6,3438329
28819,3438550,15,3438565
28820,3438595,8,3438603
28821,3438607,43,3438650
28822,3438705,71,3438776
28823,3438973,13,3438986
28824,3439216,4,3439220
28825,3439223,5,3439228
28826,3439251,58,3439309
28827,3439527,2,3439529
28828,3439631,6,3439637
28829,3439653,10,3439663
28830,3439888,5,3439893
28831,3439931,1,3439932
28832,3439986,25,3440011
28833,3440085,43,3440128
28834,3440287,4,3440291
28835,3440423,2,3440425
28836,3440488,6,3440494
28837,3440519,7,3440526
28838,3440772,3,3440775
28839,3440811,27,3440838
28840,3440935,83,3441018
28841,3441091,21,3441112
28842,3441137,39,3441176
28843,3441196,15,3441211
28844,3441240,3,3441243
28845,3441275,11,3441286
28846,3441349,15,3441364
28847,3441373,44,3441417
28848,3441604,22,3441626
28849,3441629,14,3441643
28850,3441711,2,3441713
28851,3441773,3,3441776
28852,3441907,29,3441936
28853,3442093,22,3442115
28854,3442440,5,3442445
28855,3442484,9,3442493
28856,3442776,3,3442779
28857,3442884,40,3442924
28858,3442938,1,3442939
28859,3443099,17,3443116
28860,3443265,31,3443296
28861,3443316,41,3443357
28862,3443384,39,3443423
28863,3443467,17,3443484
28864,3443641,53,3443694
28865,3443699,9,3443708
28866,3443729,78,3443807
28867,3443883,10,3443893
28868,3443954,5,3443959
28869,3444048,53,3444101
28870,3444102,36,3444138
28871,3444239,44,3444283
28872,3444347,16,3444363
28873,3444425,7,3444432
28874,3444479,7,3444486
28875,3444527,4,3444531
28876,3444568,22,3444590
28877,3444615,15,3444630
28878,3444757,39,3444796
28879,3444948,28,3444976
28880,3445066,8,3445074
28881,3445076,7,3445083
28882,3445147,16,3445163
28883,3445183,59,3445242
28884,3445531,2,3445533
28885,3445598,7,3445605
28886,3445832,23,3445855
28887,3446271,7,3446278
28888,3446304,4,3446308
28889,3446321,9,3446330
28890,3446527,23,3446550
28891,3446736,25,3446761
28892,3446788,44,3446832
28893,3447191,3,3447194
28894,3447198,72,3447270
28895,3447304,15,3447319
28896,3447331,3,3447334
28897,3447546,69,3447615
28898,3447747,13,3447760
28899,3447818,2,3447820
28900,3448098,1,3448099
28901,3448131,13,3448144
28902,3448187,18,3448205
28903,3448455,15,3448470
28904,3448510,106,3448616
28905,3448917,39,3448956
28906,3448959,12,3448971
28907,3449229,2,3449231
28908,3449289,12,3449301
28909,3449338,3,3449341
28910,3449483,26,3449509
28911,3449700,29,3449729
28912,3449798,18,3449816
28913,3449878,6,3449884
28914,3450049,7,3450056
28915,3450065,29,3450094
28916,3450561,52,3450613
28917,3450665,30,3450695
28918,3450941,47,3450988
28919,3451023,18,3451041
28920,3451116,42,3451158
28921,3451171,16,3451187
28922,3451276,40,3451316
28923,3451390,11,3451401
28924,3451446,16,3451462
28925,3451551,8,3451559
28926,3451763,10,3451773
28927,3451993,28,3452021
28928,3452108,26,3452134
28929,3452336,25,3452361
28930,3452553,112,3452665
28931,3452729,7,3452736
28932,3452823,5,3452828
28933,3452865,3,3452868
28934,3452948,11,3452959
28935,3452981,36,3453017
28936,3453137,7,3453144
28937,3453148,9,3453157
28938,3453161,21,3453182
28939,3453354,5,3453359
28940,3453468,30,3453498
28941,3453711,24,3453735
28942,3453744,3,3453747
28943,3453914,25,3453939
28944,3454014,11,3454025
28945,3454121,73,3454194
28946,3454271,2,3454273
28947,3454371,2,3454373
28948,3454495,31,3454526
28949,3454590,9,3454599
28950,3454713,5,3454718
28951,3454755,15,3454770
28952,3454813,12,3454825
28953,3454831,1,3454832
28954,3454984,4,3454988
28955,3455220,5,3455225
28956,3455296,25,3455321
28957,3455417,27,3455444
28958,3455757,2,3455759
28959,3455808,10,3455818
28960,3455897,26,3455923
28961,3455961,22,3455983
28962,3456079,8,3456087
28963,3456144,66,3456210
28964,3456212,19,3456231
28965,3456294,16,3456310
28966,3456344,20,3456364
28967,3456395,16,3456411
28968,3456581,24,3456605
28969,3456687,7,3456694
28970,3456855,2,3456857
28971,3457010,12,3457022
28972,3457036,9,3457045
28973,3457099,23,3457122
28974,3457173,51,3457224
28975,3457249,32,3457281
28976,3457599,26,3457625
28977,3457815,9,3457824
28978,3457866,23,3457889
28979,3458085,16,3458101
28980,3458169,14,3458183
28981,3458389,9,3458398
28982,3458505,56,3458561
28983,3458582,5,3458587
28984,3458630,14,3458644
28985,3459128,22,3459150
28986,3459237,31,3459268
28987,3459277,34,3459311
28988,3459539,11,3459550
28989,3459674,1,3459675
28990,3459678,4,3459682
28991,3459739,28,3459767
28992,3459938,12,3459950
28993,3459976,12,3459988
28994,3460013,21,3460034
28995,3460048,13,3460061
28996,3460306,4,3460310
28997,3460321,11,3460332
28998,3460354,25,3460379
28999,3460401,65,3460466
29000,3460472,6,3460478
29001,3460526,46,3460572
29002,3460701,8,3460709
29003,3460724,29,3460753
29004,3460841,36,3460877
29005,3460931,24,3460955
29006,3460993,55,3461048
29007,3461087,4,3461091
29008,3461190,53,3461243
29009,3461255,8,3461263
29010,3461371,44,3461415
29011,3461495,16,3461511
29012,3461693,13,3461706
29013,3461878,4,3461882
29014,3461908,35,3461943
29015,3462027,2,3462029
29016,3462085,14,3462099
29017,3462196,8,3462204
29018,3462486,11,3462497
29019,3462574,1,3462575
29020,3462705,40,3462745
29021,3462817,2,3462819
29022,3462926,5,3462931
29023,3463014,39,3463053
29024,3463067,10,3463077
29025,3463281,2,3463283
29026,3463289,98,3463387
29027,3463855,1,3463856
29028,3463881,9,3463890
29029,3463921,27,3463948
29030,3464078,26,3464104
29031,3464116,6,3464122
29032,3464128,9,3464137
29033,3464244,14,3464258
29034,3464276,17,3464293
29035,3464439,48,3464487
29036,3464537,21,3464558
29037,3464648,31,3464679
29038,3464761,20,3464781
29039,3464794,6,3464800
29040,3464825,5,3464830
29041,3464834,7,3464841
29042,3465081,18,3465099
29043,3465192,11,3465203
29044,3465505,4,3465509
29045,3465648,1,3465649
29046,3465913,20,3465933
29047,3466021,19,3466040
29048,3466243,63,3466306
29049,3466318,16,3466334
29050,3466409,41,3466450
29051,3466602,38,3466640
29052,3466700,11,3466711
29053,3466801,16,3466817
29054,3466836,4,3466840
29055,3466841,20,3466861
29056,3466900,28,3466928
29057,3467049,2,3467051
29058,3467057,7,3467064
29059,3467093,31,3467124
29060,3467133,2,3467135
29061,3467399,26,3467425
29062,3467741,14,3467755
29063,3467915,1,3467916
29064,3467975,8,3467983
29065,3468043,4,3468047
29066,3468079,3,3468082
29067,3468114,49,3468163
29068,3468227,21,3468248
29069,3468401,23,3468424
29070,3468542,26,3468568
29071,3468674,21,3468695
29072,3468760,51,3468811
29073,3468936,9,3468945
29074,3469131,10,3469141
29075,3469146,3,3469149
29076,3469178,13,3469191
29077,3469215,14,3469229
29078,3469531,4,3469535
29079,3469584,75,3469659
29080,3469820,1,3469821
29081,3469826,3,3469829
29082,3469899,10,3469909
29083,3469912,4,3469916
29084,3470089,35,3470124
29085,3470133,5,3470138
29086,3470199,30,3470229
29087,3470256,10,3470266
29088,3470284,53,3470337
29089,3470394,46,3470440
29090,3470455,10,3470465
29091,3470520,12,3470532
29092,3470636,7,3470643
29093,3470753,19,3470772
29094,3470849,7,3470856
29095,3470886,8,3470894
29096,3471160,4,3471164
29097,3471275,1,3471276
29098,3471346,108,3471454
29099,3471608,6,3471614
29100,3471640,37,3471677
29101,3471702,10,3471712
29102,3472011,25,3472036
29103,3472127,53,3472180
29104,3472247,3,3472250
29105,3472267,36,3472303
29106,3472440,9,3472449
29107,3472461,19,3472480
29108,3472933,11,3472944
29109,3472952,5,3472957
29110,3472986,5,3472991
29111,3473007,7,3473014
29112,3473056,20,3473076
29113,3473099,22,3473121
29114,3473170,2,3473172
29115,3473202,37,3473239
29116,3473267,8,3473275
29117,3473349,27,3473376
29118,3473399,25,3473424
29119,3473427,34,3473461
29120,3473522,10,3473532
29121,3473535,25,3473560
29122,3473575,82,3473657
29123,3473713,41,3473754
29124,3474010,27,3474037
29125,3474066,9,3474075
29126,3474221,7,3474228
29127,3474229,13,3474242
29128,3474365,14,3474379
29129,3474398,118,3474516
29130,3474627,13,3474640
29131,3474766,1,3474767
29132,3474994,38,3475032
29133,3475192,22,3475214
29134,3475215,73,3475288
29135,3475364,1,3475365
29136,3475399,4,3475403
29137,3475749,16,3475765
29138,3475772,11,3475783
29139,3476062,33,3476095
29140,3476097,15,3476112
29141,3476347,14,3476361
29142,3476382,5,3476387
29143,3476397,21,3476418
29144,3476507,9,3476516
29145,3476771,1,3476772
29146,3476845,38,3476883
29147,3476968,50,3477018
29148,3477023,19,3477042
29149,3477237,14,3477251
29150,3477296,6,3477302
29151,3477361,82,3477443
29152,3477494,16,3477510
29153,3477562,8,3477570
29154,3477673,20,3477693
29155,3477737,1,3477738
29156,3478094,1,3478095
29157,3478117,13,3478130
29158,3478344,3,3478347
29159,3478408,14,3478422
29160,3478441,41,3478482
29161,3478532,1,3478533
29162,3478555,24,3478579
29163,3478628,4,3478632
29164,3478832,38,3478870
29165,3478916,26,3478942
29166,3478994,7,3479001
29167,3479226,7,3479233
29168,3479530,24,3479554
29169,3479561,27,3479588
29170,3479885,4,3479889
29171,3479984,43,3480027
29172,3480195,4,3480199
29173,3480207,57,3480264
29174,3480394,9,3480403
29175,3480452,5,3480457
29176,3480539,2,3480541
29177,3480682,42,3480724
29178,3480735,40,3480775
29179,3480850,3,3480853
29180,3480935,141,3481076
29181,3481141,19,3481160
29182,3481210,18,3481228
29183,3481276,11,3481287
29184,3481376,19,3481395
29185,3481403,12,3481415
29186,3481524,19,3481543
29187,3481592,35,3481627
29188,3481876,69,3481945
29189,3482007,18,3482025
29190,3482074,27,3482101
29191,3482141,1,3482142
29192,3482161,14,3482175
29193,3482227,34,3482261
29194,3482347,8,3482355
29195,3482360,42,3482402
29196,3482427,19,3482446
29197,3482607,2,3482609
29198,3482669,24,3482693
29199,3482813,35,3482848
29200,3483030,8,3483038
29201,3483044,72,3483116
29202,3483267,4,3483271
29203,3483288,22,3483310
29204,3483329,14,3483343
29205,3483444,3,3483447
29206,3483449,11,3483460
29207,3483499,11,3483510
29208,3483709,42,3483751
29209,3483797,12,3483809
29210,3483964,40,3484004
29211,3484214,4,3484218
29212,3484321,89,3484410
29213,3484570,6,3484576
29214,3484628,7,3484635
29215,3484834,21,3484855
29216,3484874,3,3484877
29217,3484889,84,3484973
29218,3484978,2,3484980
29219,3485085,58,3485143
29220,3485227,12,3485239
29221,3485430,22,3485452
29222,3485697,19,3485716
29223,3485746,15,3485761
29224,3485908,2,3485910
29225,3486068,2,3486070
29226,3486149,7,3486156
29227,3486205,11,3486216
29228,3486243,11,3486254
29229,3486363,6,3486369
29230,3486440,5,3486445
29231,3486537,18,3486555
29232,3486583,10,3486593
29233,3486706,10,3486716
29234,3486806,39,3486845
29235,3486916,9,3486925
29236,3486935,3,3486938
29237,3486996,13,3487009
29238,3487018,42,3487060
29239,3487079,34,3487113
29240,3487185,1,3487186
29241,3487596,7,3487603
29242,3487657,7,3487664
29243,3487905,16,3487921
29244,3488139,2,3488141
29245,3488206,4,3488210
29246,3488322,63,3488385
29247,3488427,10,3488437
29248,3488520,24,3488544
29249,3488550,10,3488560
29250,3488590,7,3488597
29251,3488742,21,3488763
29252,3488784,29,3488813
29253,3488822,5,3488827
29254,3489063,8,3489071
29255,3489093,9,3489102
29256,3489249,32,3489281
29257,3489378,105,3489483
29258,3489484,12,3489496
29259,3489763,32,3489795
29260,3489973,19,3489992
29261,3490075,5,3490080
29262,3490132,9,3490141
29263,3490164,3,3490167
29264,3490259,15,3490274
29265,3490707,18,3490725
29266,3490840,13,3490853
29267,3490865,5,3490870
29268,3490875,9,3490884
29269,3490885,9,3490894
29270,3490995,11,3491006
29271,3491121,25,3491146
29272,3491333,21,3491354
29273,3491416,5,3491421
29274,3491492,20,3491512
29275,3491594,35,3491629
29276,3491760,61,3491821
29277,3491846,2,3491848
29278,3491923,4,3491927
29279,3491993,78,3492071
29280,3492235,16,3492251
29281,3492383,31,3492414
29282,3492437,5,3492442
29283,3492510,13,3492523
29284,3492550,8,3492558
29285,3492763,5,3492768
29286,3492892,51,3492943
29287,3492967,22,3492989
29288,3493066,4,3493070
29289,3493116,23,3493139
29290,3493307,4,3493311
29291,3493349,3,3493352
29292,3493580,6,3493586
29293,3493709,4,3493713
29294,3493869,12,3493881
29295,3494063,2,3494065
29296,3494092,3,3494095
29297,3494196,9,3494205
29298,3494212,14,3494226
29299,3494334,6,3494340
29300,3494348,11,3494359
29301,3494489,2,3494491
29302,3494511,7,3494518
29303,3494600,20,3494620
29304,3494661,4,3494665
29305,3494700,58,3494758
29306,3494789,29,3494818
29307,3494921,9,3494930
29308,3494984,5,3494989
29309,3495001,25,3495026
29310,3495217,35,3495252
29311,3495430,26,3495456
29312,3495573,13,3495586
29313,3495621,39,3495660
29314,3496208,9,3496217
29315,3496300,27,3496327
29316,3496468,48,3496516
29317,3496796,2,3496798
29318,3496883,20,3496903
29319,3497074,1,3497075
29320,3497266,1,3497267
29321,3497291,7,3497298
29322,3497311,2,3497313
29323,3497419,3,3497422
29324,3497539,4,3497543
29325,3497553,120,3497673
29326,3497766,12,3497778
29327,3497791,15,3497806
29328,3497807,32,3497839
29329,3497919,50,3497969
29330,3498082,9,3498091
29331,3498184,34,3498218
29332,3498245,4,3498249
29333,3498337,53,3498390
29334,3498467,25,3498492
29335,3498970,2,3498972
29336,3499018,1,3499019
29337,3499053,12,3499065
29338,3499181,4,3499185
29339,3499201,28,3499229
29340,3499375,24,3499399
29341,3499406,44,3499450
29342,3499478,32,3499510
29343,3499517,8,3499525
29344,3499548,28,3499576
29345,3499585,31,3499616
29346,3499624,1,3499625
29347,3499678,64,3499742
29348,3500014,6,3500020
29349,3500060,34,3500094
29350,3500103,3,3500106
29351,3500123,39,3500162
29352,3500189,18,3500207
29353,3500244,104,3500348
29354,3500378,5,3500383
29355,3500460,8,3500468
29356,3500534,5,3500539
29357,3500584,1,3500585
29358,3500605,122,3500727
29359,3500886,7,3500893
29360,3500903,1,3500904
29361,3501056,36,3501092
29362,3501141,19,3501160
29363,3501216,12,3501228
29364,3501246,63,3501309
29365,3501345,29,3501374
29366,3501422,20,3501442
29367,3501497,29,3501526
29368,3501774,40,3501814
29369,3501889,7,3501896
29370,3502167,49,3502216
29371,3502374,6,3502380
29372,3502440,44,3502484
29373,3502798,51,3502849
29374,3503023,104,3503127
29375,3503178,2,3503180
29376,3503183,19,3503202
29377,3503204,6,3503210
29378,3503228,4,3503232
29379,3503245,7,3503252
29380,3503298,37,3503335
29381,3503418,8,3503426
29382,3503847,38,3503885
29383,3503886,14,3503900
29384,3503933,6,3503939
29385,3504160,5,3504165
29386,3504219,22,3504241
29387,3504284,93,3504377
29388,3504454,24,3504478
29389,3504511,26,3504537
29390,3504554,2,3504556
29391,3504732,39,3504771
29392,3504811,29,3504840
29393,3505058,21,3505079
29394,3505299,15,3505314
29395,3505347,51,3505398
29396,3505509,11,3505520
29397,3505609,4,3505613
29398,3505681,23,3505704
29399,3505750,24,3505774
29400,3505969,26,3505995
29401,3506021,41,3506062
29402,3506110,5,3506115
29403,3506146,19,3506165
29404,3506186,44,3506230
29405,3506336,3,3506339
29406,3506833,20,3506853
29407,3507208,4,3507212
29408,3507371,19,3507390
29409,3507408,25,3507433
29410,3507519,19,3507538
29411,3507559,31,3507590
29412,3507659,79,3507738
29413,3507845,7,3507852
29414,3507868,13,3507881
29415,3508078,20,3508098
29416,3508207,15,3508222
29417,3508313,36,3508349
29418,3508368,74,3508442
29419,3508584,18,3508602
29420,3508686,10,3508696
29421,3508717,1,3508718
29422,3508732,6,3508738
29423,3509068,22,3509090
29424,3509211,13,3509224
29425,3509262,39,3509301
29426,3509353,1,3509354
29427,3509359,27,3509386
29428,3509434,1,3509435
29429,3509466,34,3509500
29430,3509515,4,3509519
29431,3509596,29,3509625
29432,3509698,3,3509701
29433,3509740,6,3509746
29434,3509947,26,3509973
29435,3510031,46,3510077
29436,3510108,10,3510118
29437,3510129,55,3510184
29438,3510514,8,3510522
29439,3510558,1,3510559
29440,3510704,25,3510729
29441,3510968,14,3510982
29442,3510985,7,3510992
29443,3511288,9,3511297
29444,3511319,34,3511353
29445,3511377,7,3511384
29446,3511449,41,3511490
29447,3511537,21,3511558
29448,3511595,27,3511622
29449,3511789,6,3511795
29450,3511991,16,3512007
29451,3512057,14,3512071
29452,3512172,3,3512175
29453,3512178,13,3512191
29454,3512317,12,3512329
29455,3512330,15,3512345
29456,3512609,6,3512615
29457,3512656,1,3512657
29458,3512671,8,3512679
29459,3512737,9,3512746
29460,3512946,2,3512948
29461,3512968,12,3512980
29462,3513037,3,3513040
29463,3513115,40,3513155
29464,3513161,5,3513166
29465,3513195,41,3513236
29466,3513346,36,3513382
29467,3513385,2,3513387
29468,3513400,33,3513433
29469,3513454,57,3513511
29470,3513982,30,3514012
29471,3514033,6,3514039
29472,3514104,6,3514110
29473,3514164,15,3514179
29474,3514275,3,3514278
29475,3514364,54,3514418
29476,3514451,18,3514469
29477,3514582,1,3514583
29478,3514621,29,3514650
29479,3514729,44,3514773
29480,3514872,64,3514936
29481,3514998,30,3515028
29482,3515136,30,3515166
29483,3515406,4,3515410
29484,3515432,40,3515472
29485,3515539,51,3515590
29486,3515763,3,3515766
29487,3515989,13,3516002
29488,3516039,10,3516049
29489,3516058,10,3516068
29490,3516146,52,3516198
29491,3516449,28,3516477
29492,3516824,1,3516825
29493,3517124,51,3517175
29494,3517471,14,3517485
29495,3517534,22,3517556
29496,3517650,44,3517694
29497,3517883,5,3517888
29498,3517992,51,3518043
29499,3518136,5,3518141
29500,3518146,7,3518153
29501,3518345,12,3518357
29502,3518484,52,3518536
29503,3518543,7,3518550
29504,3518569,21,3518590
29505,3518646,39,3518685
29506,3518886,16,3518902
29507,3518970,8,3518978
29508,3519009,8,3519017
29509,3519150,47,3519197
29510,3519209,12,3519221
29511,3519333,17,3519350
29512,3519384,2,3519386
29513,3519486,31,3519517
29514,3519539,51,3519590
29515,3519623,1,3519624
29516,3519682,154,3519836
29517,3519922,45,3519967
29518,3520036,3,3520039
29519,3520090,17,3520107
29520,3520132,2,3520134
29521,3520305,37,3520342
29522,3520452,13,3520465
29523,3520577,92,3520669
29524,3520953,31,3520984
29525,3521094,53,3521147
29526,3521197,48,3521245
29527,3521350,18,3521368
29528,3521401,18,3521419
29529,3521432,26,3521458
29530,3521531,8,3521539
29531,3521604,3,3521607
29532,3521632,43,3521675
29533,3521711,35,3521746
29534,3521908,3,3521911
29535,3522207,15,3522222
29536,3522305,3,3522308
29537,3522316,7,3522323
29538,3522688,2,3522690
29539,3522707,11,3522718
29540,3522769,2,3522771
29541,3522777,18,3522795
29542,3523010,3,3523013
29543,3523291,3,3523294
29544,3523323,2,3523325
29545,3523362,38,3523400
29546,3523468,12,3523480
29547,3523507,82,3523589
29548,3523645,23,3523668
29549,3523678,9,3523687
29550,3523712,23,3523735
29551,3523918,12,3523930
29552,3524017,21,3524038
29553,3524142,58,3524200
29554,3524283,35,3524318
29555,3524408,14,3524422
29556,3524470,1,3524471
29557,3524783,2,3524785
29558,3524864,14,3524878
29559,3524940,2,3524942
29560,3525195,12,3525207
29561,3525221,23,3525244
29562,3525259,12,3525271
29563,3525273,35,3525308
29564,3525364,31,3525395
29565,3525535,30,3525565
29566,3525819,37,3525856
29567,3525979,5,3525984
29568,3526443,16,3526459
29569,3526538,51,3526589
29570,3526662,12,3526674
29571,3526780,12,3526792
29572,3526841,30,3526871
29573,3526884,1,3526885
29574,3526983,59,3527042
29575,3527091,37,3527128
29576,3527145,12,3527157
29577,3527240,18,3527258
29578,3527278,52,3527330
29579,3527337,13,3527350
29580,3527571,7,3527578
29581,3527670,51,3527721
29582,3527816,43,3527859
29583,3527939,19,3527958
29584,3528055,15,3528070
29585,3528081,11,3528092
29586,3528160,25,3528185
29587,3528207,37,3528244
29588,3528391,34,3528425
29589,3529466,52,3529518
29590,3529526,13,3529539
29591,3529691,59,3529750
29592,3529856,4,3529860
29593,3529936,79,3530015
29594,3530192,17,3530209
29595,3530579,113,3530692
29596,3530728,6,3530734
29597,3531145,15,3531160
29598,3531162,2,3531164
29599,3531249,7,3531256
29600,3531309,15,3531324
29601,3531691,4,3531695
29602,3531854,44,3531898
29603,3531902,28,3531930
29604,3532017,82,3532099
29605,3532192,15,3532207
29606,3532246,2,3532248
29607,3532334,22,3532356
29608,3532503,8,3532511
29609,3532536,6,3532542
29610,3532634,30,3532664
29611,3532847,8,3532855
29612,3532929,3,3532932
29613,3533218,15,3533233
29614,3533389,1,3533390
29615,3533565,39,3533604
29616,3533691,4,3533695
29617,3533808,3,3533811
29618,3533970,20,3533990
29619,3534019,10,3534029
29620,3534257,12,3534269
29621,3534314,12,3534326
29622,3534440,10,3534450
29623,3534652,22,3534674
29624,3534761,9,3534770
29625,3534795,31,3534826
29626,3534961,18,3534979
29627,3534993,19,3535012
29628,3535037,24,3535061
29629,3535168,3,3535171
29630,3535345,1,3535346
29631,3535577,11,3535588
29632,3535642,14,3535656
29633,3535849,11,3535860
29634,3536112,16,3536128
29635,3536295,13,3536308
29636,3536381,38,3536419
29637,3536428,36,3536464
29638,3536566,36,3536602
29639,3536699,1,3536700
29640,3536770,21,3536791
29641,3536840,79,3536919
29642,3536964,22,3536986
29643,3536998,36,3537034
29644,3537135,6,3537141
29645,3537196,6,3537202
29646,3537278,13,3537291
29647,3537318,12,3537330
29648,3537638,7,3537645
29649,3537656,14,3537670
29650,3537752,43,3537795
29651,3537942,19,3537961
29652,3538100,34,3538134
29653,3538226,11,3538237
29654,3538260,41,3538301
29655,3538310,3,3538313
29656,3538355,6,3538361
29657,3538677,35,3538712
29658,3538786,39,3538825
29659,3538826,43,3538869
29660,3538886,16,3538902
29661,3539255,2,3539257
29662,3539511,48,3539559
29663,3539651,3,3539654
29664,3539784,13,3539797
29665,3539841,16,3539857
29666,3540042,74,3540116
29667,3540287,19,3540306
29668,3540324,1,3540325
29669,3540330,32,3540362
29670,3540465,93,3540558
29671,3540583,7,3540590
29672,3540598,26,3540624
29673,3540634,108,3540742
29674,3541006,5,3541011
29675,3541019,17,3541036
29676,3541119,11,3541130
29677,3541346,15,3541361
29678,3541472,2,3541474
29679,3541508,4,3541512
29680,3541595,6,3541601
29681,3541714,9,3541723
29682,3541823,21,3541844
29683,3541885,4,3541889
29684,3542081,14,3542095
29685,3542113,38,3542151
29686,3542279,10,3542289
29687,3542360,45,3542405
29688,3542433,4,3542437
29689,3542626,19,3542645
29690,3542751,2,3542753
29691,3542939,3,3542942
29692,3542980,24,3543004
29693,3543062,7,3543069
29694,3543115,23,3543138
29695,3543253,6,3543259
29696,3543416,66,3543482
29697,3543553,44,3543597
29698,3543633,3,3543636
29699,3543830,47,3543877
29700,3544000,8,3544008
29701,3544020,4,3544024
29702,3544138,2,3544140
29703,3544283,5,3544288
29704,3544331,2,3544333
29705,3544413,22,3544435
29706,3544491,5,3544496
29707,3544532,1,3544533
29708,3545017,65,3545082
29709,3545111,36,3545147
29710,3545478,7,3545485
29711,3545582,13,3545595
29712,3545614,1,3545615
29713,3545737,7,3545744
29714,3545760,31,3545791
29715,3545958,10,3545968
29716,3546277,65,3546342
29717,3546366,6,3546372
29718,3546459,50,3546509
29719,3546523,10,3546533
29720,3546543,55,3546598
29721,3546661,24,3546685
29722,3546954,11,3546965
29723,3547162,1,3547163
29724,3547202,66,3547268
29725,3547354,27,3547381
29726,3547450,6,3547456
29727,3547458,2,3547460
29728,3547487,25,3547512
29729,3547752,9,3547761
29730,3547814,22,3547836
29731,3547951,72,3548023
29732,3548062,14,3548076
29733,3548100,8,3548108
29734,3548240,14,3548254
29735,3548557,10,3548567
29736,3548650,7,3548657
29737,3548768,3,3548771
29738,3548832,21,3548853
29739,3549046,7,3549053
29740,3549137,7,3549144
29741,3549198,52,3549250
29742,3549256,10,3549266
29743,3549282,26,3549308
29744,3549396,59,3549455
29745,3549568,10,3549578
29746,3549582,24,3549606
29747,3549788,3,3549791
29748,3549899,17,3549916
29749,3550189,17,3550206
29750,3550208,21,3550229
29751,3550251,12,3550263
29752,3550334,29,3550363
29753,3550481,24,3550505
29754,3550526,1,3550527
29755,3550550,5,3550555
29756,3550805,22,3550827
29757,3550862,1,3550863
29758,3550948,51,3550999
29759,3551079,1,3551080
29760,3551216,15,3551231
29761,3551333,5,3551338
29762,3551503,29,3551532
29763,3551549,9,3551558
29764,3551709,25,3551734
29765,3551758,4,3551762
29766,3551765,26,3551791
29767,3551827,6,3551833
29768,3551871,7,3551878
29769,3551952,13,3551965
29770,3552064,47,3552111
29771,3552399,37,3552436
29772,3552464,25,3552489
29773,3552593,20,3552613
29774,3552774,3,3552777
29775,3552835,24,3552859
29776,3552921,20,3552941
29777,3553171,16,3553187
29778,3553263,6,3553269
29779,3553679,7,3553686
29780,3553711,18,3553729
29781,3553923,5,3553928
29782,3553977,7,3553984
29783,3554302,2,3554304
29784,3554364,10,3554374
29785,3554404,9,3554413
29786,3554651,11,3554662
29787,3554702,8,3554710
29788,3554943,5,3554948
29789,3554963,22,3554985
29790,3555304,11,3555315
29791,3555369,5,3555374
29792,3555444,8,3555452
29793,3555471,2,3555473
29794,3555574,10,3555584
29795,3555628,1,3555629
29796,3555673,7,3555680
29797,3556117,6,3556123
29798,3556314,7,3556321
29799,3556328,3,3556331
29800,3556383,48,3556431
29801,3556573,10,3556583
29802,3556665,3,3556668
29803,3557049,33,3557082
29804,3557176,4,3557180
29805,3557236,12,3557248
29806,3557437,10,3557447
29807,3557621,4,3557625
29808,3557655,24,3557679
29809,3557697,2,3557699
29810,3557843,23,3557866
29811,3557912,5,3557917
29812,3557925,55,3557980
29813,3558162,25,3558187
29814,3558500,3,3558503
29815,3558611,14,3558625
29816,3558689,1,3558690
29817,3558714,6,3558720
29818,3558729,22,3558751
29819,3558783,6,3558789
29820,3558916,16,3558932
29821,3559048,35,3559083
29822,3559197,7,3559204
29823,3559228,3,3559231
29824,3559335,32,3559367
29825,3559621,54,3559675
29826,3559710,52,3559762
29827,3559810,16,3559826
29828,3559847,14,3559861
29829,3559981,7,3559988
29830,3560064,58,3560122
29831,3560256,1,3560257
29832,3560262,60,3560322
29833,3560353,39,3560392
29834,3560444,34,3560478
29835,3560510,32,3560542
29836,3560656,26,3560682
29837,3560753,13,3560766
29838,3560767,1,3560768
29839,3560810,11,3560821
29840,3560927,13,3560940
29841,3560960,4,3560964
29842,3561191,40,3561231
29843,3561279,15,3561294
29844,3561556,28,3561584
29845,3561623,10,3561633
29846,3561759,8,3561767
29847,3561769,4,3561773
29848,3561790,40,3561830
29849,3561855,49,3561904
29850,3562099,122,3562221
29851,3562248,33,3562281
29852,3562360,76,3562436
29853,3562461,16,3562477
29854,3562685,87,3562772
29855,3562813,19,3562832
29856,3562942,1,3562943
29857,3562953,58,3563011
29858,3563107,4,3563111
29859,3563112,40,3563152
29860,3563322,42,3563364
29861,3563426,3,3563429
29862,3563467,8,3563475
29863,3563489,17,3563506
29864,3564023,7,3564030
29865,3564045,27,3564072
29866,3564103,16,3564119
29867,3564121,29,3564150
29868,3564247,3,3564250
29869,3564532,4,3564536
29870,3564563,13,3564576
29871,3564582,12,3564594
29872,3564630,35,3564665
29873,3564763,6,3564769
29874,3564805,28,3564833
29875,3564926,13,3564939
29876,3564942,21,3564963
29877,3565070,38,3565108
29878,3565141,10,3565151
29879,3565252,47,3565299
29880,3565438,31,3565469
29881,3565472,14,3565486
29882,3565502,9,3565511
29883,3565562,21,3565583
29884,3565602,34,3565636
29885,3565789,21,3565810
29886,3565873,29,3565902
29887,3566495,6,3566501
29888,3566502,5,3566507
29889,3566522,16,3566538
29890,3566631,58,3566689
29891,3566730,58,3566788
29892,3566805,7,3566812
29893,3567034,1,3567035
29894,3567068,20,3567088
29895,3567106,35,3567141
29896,3567241,14,3567255
29897,3567386,10,3567396
29898,3567421,6,3567427
29899,3567547,2,3567549
29900,3567729,17,3567746
29901,3567754,42,3567796
29902,3567800,2,3567802
29903,3567813,1,3567814
29904,3568071,29,3568100
29905,3568227,36,3568263
29906,3568342,4,3568346
29907,3568380,1,3568381
29908,3568520,5,3568525
29909,3568569,11,3568580
29910,3568626,15,3568641
29911,3568838,17,3568855
29912,3569135,1,3569136
29913,3569202,11,3569213
29914,3569225,14,3569239
29915,3569268,35,3569303
29916,3569353,28,3569381
29917,3569679,3,3569682
29918,3569694,18,3569712
29919,3569728,9,3569737
29920,3569832,11,3569843
29921,3569863,3,3569866
29922,3569921,21,3569942
29923,3569965,13,3569978
29924,3570029,13,3570042
29925,3570055,21,3570076
29926,3570161,2,3570163
29927,3570429,1,3570430
29928,3570469,39,3570508
29929,3570531,7,3570538
29930,3570633,19,3570652
29931,3570766,32,3570798
29932,3570826,11,3570837
29933,3570944,2,3570946
29934,3570951,5,3570956
29935,3571161,5,3571166
29936,3571442,9,3571451
29937,3571465,10,3571475
29938,3571491,6,3571497
29939,3571597,11,3571608
29940,3571652,10,3571662
29941,3571729,6,3571735
29942,3571817,18,3571835
29943,3571851,21,3571872
29944,3571909,45,3571954
29945,3572006,3,3572009
29946,3572011,103,3572114
29947,3572132,1,3572133
29948,3572203,4,3572207
29949,3572251,40,3572291
29950,3572455,3,3572458
29951,3572466,11,3572477
29952,3572511,11,3572522
29953,3572544,74,3572618
29954,3572635,49,3572684
29955,3572779,4,3572783
29956,3572930,40,3572970
29957,3573120,4,3573124
29958,3573250,32,3573282
29959,3573367,15,3573382
29960,3573468,21,3573489
29961,3573708,8,3573716
29962,3574019,6,3574025
29963,3574190,15,3574205
29964,3574253,6,3574259
29965,3574329,3,3574332
29966,3574346,20,3574366
29967,3574403,61,3574464
29968,3574522,2,3574524
29969,3574816,10,3574826
29970,3574907,8,3574915
29971,3574947,1,3574948
29972,3575069,38,3575107
29973,3575200,5,3575205
29974,3575252,32,3575284
29975,3575339,36,3575375
29976,3575470,101,3575571
29977,3575747,9,3575756
29978,3575850,11,3575861
29979,3575866,4,3575870
29980,3575973,35,3576008
29981,3576037,1,3576038
29982,3576099,29,3576128
29983,3576448,20,3576468
29984,3576709,20,3576729
29985,3576783,12,3576795
29986,3576914,15,3576929
29987,3577028,21,3577049
29988,3577135,19,3577154
29989,3577189,14,3577203
29990,3577310,17,3577327
29991,3577424,31,3577455
29992,3577570,43,3577613
29993,3577662,60,3577722
29994,3577845,19,3577864
29995,3578027,9,3578036
29996,3578071,15,3578086
29997,3578148,24,3578172
29998,3578176,3,3578179
29999,3578292,4,3578296
30000,3578677,87,3578764
30001,3578901,16,3578917
30002,3578949,5,3578954
30003,3579345,10,3579355
30004,3579403,8,3579411
30005,3579466,7,3579473
30006,3579571,8,3579579
30007,3579595,6,3579601
30008,3579766,52,3579818
30009,3579893,15,3579908
30010,3580028,53,3580081
30011,3580134,17,3580151
30012,3580256,2,3580258
30013,3580315,27,3580342
30014,3580591,14,3580605
30015,3580698,6,3580704
30016,3580727,25,3580752
30017,3580829,13,3580842
30018,3580894,1,3580895
30019,3580897,16,3580913
30020,3580940,22,3580962
30021,3580980,17,3580997
30022,3581048,10,3581058
30023,3581106,9,3581115
30024,3581139,6,3581145
30025,3581329,29,3581358
30026,3581381,11,3581392
30027,3581398,5,3581403
30028,3581464,1,3581465
30029,3581492,18,3581510
30030,3581671,11,3581682
30031,3581791,12,3581803
30032,3582374,4,3582378
30033,3582577,3,3582580
30034,3582587,5,3582592
30035,3582806,4,3582810
30036,3583089,29,3583118
30037,3583404,10,3583414
30038,3583570,43,3583613
30039,3583776,9,3583785
30040,3584006,11,3584017
30041,3584044,6,3584050
30042,3584087,38,3584125
30043,3584208,45,3584253
30044,3584351,16,3584367
30045,3584444,19,3584463
30046,3584783,28,3584811
30047,3584882,10,3584892
30048,3585602,10,3585612
30049,3585622,19,3585641
30050,3585659,1,3585660
30051,3585677,16,3585693
30052,3585786,26,3585812
30053,3585831,16,3585847
30054,3585941,3,3585944
30055,3585959,44,3586003
30056,3586006,8,3586014
30057,3586019,10,3586029
30058,3586223,4,3586227
30059,3586262,12,3586274
30060,3586283,17,3586300
30061,3586310,3,3586313
30062,3586409,35,3586444
30063,3586465,2,3586467
30064,3586550,21,3586571
30065,3586616,3,3586619
30066,3586648,17,3586665
30067,3586716,21,3586737
30068,3586820,1,3586821
30069,3586917,19,3586936
30070,3586950,32,3586982
30071,3586991,1,3586992
30072,3586994,36,3587030
30073,3587146,24,3587170
30074,3587198,5,3587203
30075,3587311,41,3587352
30076,3587478,9,3587487
30077,3587649,44,3587693
30078,3587785,10,3587795
30079,3587857,2,3587859
30080,3587987,40,3588027
30081,3588077,3,3588080
30082,3588129,9,3588138
30083,3588148,15,3588163
30084,3588168,10,3588178
30085,3588329,53,3588382
30086,3588491,1,3588492
30087,3588570,53,3588623
30088,3588688,37,3588725
30089,3588744,35,3588779
30090,3588869,3,3588872
30091,3588961,1,3588962
30092,3589030,4,3589034
30093,3589145,29,3589174
30094,3589214,8,3589222
30095,3589265,18,3589283
30096,3589285,4,3589289
30097,3589609,11,3589620
30098,3589895,10,3589905
30099,3589928,16,3589944
30100,3590198,17,3590215
30101,3590383,23,3590406
30102,3590408,5,3590413
30103,3591216,6,3591222
30104,3591436,4,3591440
30105,3591452,28,3591480
30106,3591542,8,3591550
30107,3591646,45,3591691
30108,3591723,13,3591736
30109,3591829,16,3591845
30110,3591906,14,3591920
30111,3591934,5,3591939
30112,3592028,1,3592029
30113,3592110,47,3592157
30114,3592209,38,3592247
30115,3592275,23,3592298
30116,3592371,18,3592389
30117,3592537,4,3592541
30118,3592689,16,3592705
30119,3592839,5,3592844
30120,3592851,7,3592858
30121,3592905,22,3592927
30122,3592943,10,3592953
30123,3593006,34,3593040
30124,3593100,3,3593103
30125,3593122,71,3593193
30126,3593196,19,3593215
30127,3593355,2,3593357
30128,3593488,50,3593538
30129,3593586,2,3593588
30130,3593692,3,3593695
30131,3593778,3,3593781
30132,3594136,10,3594146
30133,3594280,14,3594294
30134,3594301,20,3594321
30135,3594447,28,3594475
30136,3594548,44,3594592
30137,3594613,33,3594646
30138,3594688,5,3594693
30139,3594744,7,3594751
30140,3594857,16,3594873
30141,3594898,31,3594929
30142,3594974,18,3594992
30143,3594997,26,3595023
30144,3595029,7,3595036
30145,3595280,10,3595290
30146,3595373,32,3595405
30147,3595416,18,3595434
30148,3595656,11,3595667
30149,3595799,17,3595816
30150,3596038,1,3596039
30151,3596133,11,3596144
30152,3596157,19,3596176
30153,3596281,32,3596313
30154,3596341,21,3596362
30155,3596363,28,3596391
30156,3596642,31,3596673
30157,3596681,26,3596707
30158,3596766,59,3596825
30159,3596908,13,3596921
30160,3597184,30,3597214
30161,3597287,9,3597296
30162,3597367,16,3597383
30163,3597412,18,3597430
30164,3597432,41,3597473
30165,3597503,8,3597511
30166,3597545,27,3597572
30167,3597604,22,3597626
30168,3597895,87,3597982
30169,3598047,12,3598059
30170,3598069,53,3598122
30171,3598128,24,3598152
30172,3598650,5,3598655
30173,3598819,7,3598826
30174,3598856,23,3598879
30175,3598908,41,3598949
30176,3598992,2,3598994
30177,3599108,21,3599129
30178,3599579,5,3599584
30179,3599647,35,3599682
30180,3599780,6,3599786
30181,3599926,10,3599936
30182,3600213,2,3600215
30183,3600305,9,3600314
30184,3600322,24,3600346
30185,3600424,1,3600425
30186,3600477,14,3600491
30187,3600496,1,3600497
30188,3600562,16,3600578
30189,3600865,12,3600877
30190,3601185,11,3601196
30191,3601220,33,3601253
30192,3601271,2,3601273
30193,3601335,11,3601346
30194,3601831,17,3601848
30195,3601939,20,3601959
30196,3602032,24,3602056
30197,3602093,19,3602112
30198,3602164,4,3602168
30199,3602248,2,3602250
30200,3602326,27,3602353
30201,3602467,5,3602472
30202,3602756,12,3602768
30203,3602862,13,3602875
30204,3602971,35,3603006
30205,3603511,16,3603527
30206,3603750,9,3603759
30207,3603770,27,3603797
30208,3604042,11,3604053
30209,3604081,3,3604084
30210,3604318,8,3604326
30211,3604389,8,3604397
30212,3604414,36,3604450
30213,3604776,2,3604778
30214,3604967,19,3604986
30215,3605044,1,3605045
30216,3605150,65,3605215
30217,3605271,22,3605293
30218,3605401,18,3605419
30219,3605433,4,3605437
30220,3605609,4,3605613
30221,3605614,15,3605629
30222,3605637,7,3605644
30223,3605652,1,3605653
30224,3605776,10,3605786
30225,3605799,31,3605830
30226,3605996,43,3606039
30227,3606111,58,3606169
30228,3606217,98,3606315
30229,3606403,37,3606440
30230,3606539,31,3606570
30231,3606662,8,3606670
30232,3606698,4,3606702
30233,3606708,6,3606714
30234,3606770,1,3606771
30235,3606776,18,3606794
30236,3606910,3,3606913
30237,3606978,3,3606981
30238,3607000,10,3607010
30239,3607189,21,3607210
30240,3607243,23,3607266
30241,3607352,23,3607375
30242,3607471,10,3607481
30243,3607588,49,3607637
30244,3607708,14,3607722
30245,3607947,31,3607978
30246,3608069,8,3608077
30247,3608184,40,3608224
30248,3608458,9,3608467
30249,3608500,16,3608516
30250,3608692,11,3608703
30251,3608817,3,3608820
30252,3608941,27,3608968
30253,3609157,5,3609162
30254,3609198,26,3609224
30255,3609320,33,3609353
30256,3609480,2,3609482
30257,3609507,73,3609580
30258,3609624,5,3609629
30259,3610140,31,3610171
30260,3610303,16,3610319
30261,3610375,2,3610377
30262,3610714,90,3610804
30263,3611036,14,3611050
30264,3611445,2,3611447
30265,3611497,55,3611552
30266,3611631,17,3611648
30267,3611652,27,3611679
30268,3611688,21,3611709
30269,3611863,38,3611901
30270,3612031,43,3612074
30271,3612257,42,3612299
30272,3612504,31,3612535
30273,3612555,4,3612559
30274,3612788,9,3612797
30275,3612862,55,3612917
30276,3612976,23,3612999
30277,3613019,3,3613022
30278,3613029,5,3613034
30279,3613392,27,3613419
30280,3613695,4,3613699
30281,3613701,13,3613714
30282,3613782,12,3613794
30283,3613802,21,3613823
30284,3613884,21,3613905
30285,3613917,17,3613934
30286,3613936,18,3613954
30287,3613980,16,3613996
30288,3614015,95,3614110
30289,3614210,13,3614223
30290,3614226,3,3614229
30291,3614288,45,3614333
30292,3614385,8,3614393
30293,3614441,24,3614465
30294,3614636,25,3614661
30295,3614747,32,3614779
30296,3614834,17,3614851
30297,3615038,7,3615045
30298,3615407,16,3615423
30299,3615493,67,3615560
30300,3615658,10,3615668
30301,3615745,1,3615746
30302,3615762,18,3615780
30303,3615858,20,3615878
30304,3615896,37,3615933
30305,3616145,37,3616182
30306,3616273,24,3616297
30307,3616309,3,3616312
30308,3616317,5,3616322
30309,3616518,76,3616594
30310,3616610,19,3616629
30311,3616636,10,3616646
30312,3616684,34,3616718
30313,3616834,25,3616859
30314,3616891,25,3616916
30315,3616950,7,3616957
30316,3617146,6,3617152
30317,3617251,8,3617259
30318,3617435,3,3617438
30319,3617510,2,3617512
30320,3617674,26,3617700
30321,3617715,11,3617726
30322,3617924,3,3617927
30323,3617994,10,3618004
30324,3618044,23,3618067
30325,3618186,12,3618198
30326,3618207,70,3618277
30327,3618393,19,3618412
30328,3618505,33,3618538
30329,3618674,4,3618678
30330,3618714,30,3618744
30331,3618760,8,3618768
30332,3618864,13,3618877
30333,3618947,2,3618949
30334,3618974,2,3618976
30335,3618985,26,3619011
30336,3619072,8,3619080
30337,3619779,22,3619801
30338,3619842,32,3619874
30339,3619891,43,3619934
30340,3620106,23,3620129
30341,3620223,2,3620225
30342,3620251,23,3620274
30343,3620454,7,3620461
30344,3620485,22,3620507
30345,3620652,7,3620659
30346,3620748,17,3620765
30347,3620878,29,3620907
30348,3620993,21,3621014
30349,3621147,20,3621167
30350,3621237,10,3621247
30351,3621355,28,3621383
30352,3621384,17,3621401
30353,3621515,2,3621517
30354,3621828,11,3621839
30355,3621887,8,3621895
30356,3622090,100,3622190
30357,3622217,3,3622220
30358,3622225,27,3622252
30359,3622291,16,3622307
30360,3622381,23,3622404
30361,3622436,33,3622469
30362,3622525,13,3622538
30363,3622622,18,3622640
30364,3622698,1,3622699
30365,3622765,47,3622812
30366,3622902,21,3622923
30367,3623076,4,3623080
30368,3623085,21,3623106
30369,3623221,14,3623235
30370,3623477,15,3623492
30371,3623568,43,3623611
30372,3623695,20,3623715
30373,3624027,18,3624045
30374,3624119,2,3624121
30375,3624160,4,3624164
30376,3624529,39,3624568
30377,3624573,10,3624583
30378,3624706,3,3624709
30379,3624721,7,3624728
30380,3624905,26,3624931
30381,3624950,2,3624952
30382,3624989,44,3625033
30383,3625062,9,3625071
30384,3625171,1,3625172
30385,3625288,8,3625296
30386,3625299,3,3625302
30387,3625317,24,3625341
30388,3625354,13,3625367
30389,3625417,30,3625447
30390,3625513,25,3625538
30391,3625621,45,3625666
30392,3625755,12,3625767
30393,3625811,2,3625813
30394,3625822,51,3625873
30395,3625884,7,3625891
30396,3625918,19,3625937
30397,3626196,2,3626198
30398,3626285,1,3626286
30399,3626301,65,3626366
30400,3626456,9,3626465
30401,3626519,19,3626538
30402,3626625,9,3626634
30403,3626674,18,3626692
30404,3626783,8,3626791
30405,3626952,49,3627001
30406,3627046,10,3627056
30407,3627078,2,3627080
30408,3627380,3,3627383
30409,3627519,6,3627525
30410,3627588,40,3627628
30411,3627841,18,3627859
30412,3628003,4,3628007
30413,3628054,49,3628103
30414,3628115,6,3628121
30415,3628209,7,3628216
30416,3628236,17,3628253
30417,3628271,37,3628308
30418,3628314,60,3628374
30419,3628436,24,3628460
30420,3628504,11,3628515
30421,3628575,40,3628615
30422,3628679,28,3628707
30423,3628733,6,3628739
30424,3628763,34,3628797
30425,3628850,47,3628897
30426,3628997,66,3629063
30427,3629127,14,3629141
30428,3629233,4,3629237
30429,3629360,6,3629366
30430,3629483,47,3629530
30431,3629849,22,3629871
30432,3629892,2,3629894
30433,3630024,16,3630040
30434,3630117,22,3630139
30435,3630381,3,3630384
30436,3630458,12,3630470
30437,3630485,6,3630491
30438,3630570,32,3630602
30439,3630614,48,3630662
30440,3630831,16,3630847
30441,3630942,9,3630951
30442,3631286,11,3631297
30443,3631332,9,3631341
30444,3631355,22,3631377
30445,3631384,10,3631394
30446,3631504,3,3631507
30447,3631634,2,3631636
30448,3631686,14,3631700
30449,3631708,34,3631742
30450,3631787,5,3631792
30451,3631873,7,3631880
30452,3632001,34,3632035
30453,3632069,4,3632073
30454,3632391,21,3632412
30455,3632486,2,3632488
30456,3632533,15,3632548
30457,3632587,82,3632669
30458,3632725,42,3632767
30459,3632770,7,3632777
30460,3632877,20,3632897
30461,3632970,20,3632990
30462,3633148,2,3633150
30463,3633289,26,3633315
30464,3633487,1,3633488
30465,3633538,17,3633555
30466,3633593,10,3633603
30467,3633655,4,3633659
30468,3633675,15,3633690
30469,3634159,33,3634192
30470,3634237,23,3634260
30471,3634286,11,3634297
30472,3634308,10,3634318
30473,3634360,17,3634377
30474,3634474,6,3634480
30475,3634490,21,3634511
30476,3634565,23,3634588
30477,3634677,4,3634681
30478,3634697,3,3634700
30479,3634723,2,3634725
30480,3634848,3,3634851
30481,3634863,1,3634864
30482,3635044,6,3635050
30483,3635192,11,3635203
30484,3635233,15,3635248
30485,3635332,35,3635367
30486,3635385,17,3635402
30487,3635530,13,3635543
30488,3635656,6,3635662
30489,3635684,25,3635709
30490,3635948,24,3635972
30491,3636332,32,3636364
30492,3636457,3,3636460
30493,3636527,18,3636545
30494,3636595,14,3636609
30495,3636752,13,3636765
30496,3636831,46,3636877
30497,3636947,65,3637012
30498,3637023,23,3637046
30499,3637123,13,3637136
30500,3637214,3,3637217
30501,3637403,68,3637471
30502,3637485,24,3637509
30503,3637759,12,3637771
30504,3637884,3,3637887
30505,3637899,1,3637900
30506,3638021,19,3638040
30507,3638044,70,3638114
30508,3638181,8,3638189
30509,3638227,12,3638239
30510,3638300,10,3638310
30511,3638610,14,3638624
30512,3638744,19,3638763
30513,3638901,12,3638913
30514,3639635,45,3639680
30515,3639832,10,3639842
30516,3639955,29,3639984
30517,3639999,27,3640026
30518,3640078,9,3640087
30519,3640206,23,3640229
30520,3640232,4,3640236
30521,3640252,1,3640253
30522,3640458,15,3640473
30523,3640557,16,3640573
30524,3640579,19,3640598
30525,3640682,21,3640703
30526,3640963,102,3641065
30527,3641080,11,3641091
30528,3641210,8,3641218
30529,3641358,21,3641379
30530,3641391,74,3641465
30531,3641554,17,3641571
30532,3641684,35,3641719
30533,3642003,12,3642015
30534,3642184,18,3642202
30535,3642389,7,3642396
30536,3642433,19,3642452
30537,3642567,29,3642596
30538,3642661,12,3642673
30539,3642721,4,3642725
30540,3642957,3,3642960
30541,3643216,17,3643233
30542,3643314,21,3643335
30543,3643351,1,3643352
30544,3643357,6,3643363
30545,3643631,39,3643670
30546,3643683,67,3643750
30547,3643781,56,3643837
30548,3643861,6,3643867
30549,3644355,27,3644382
30550,3644420,6,3644426
30551,3644528,7,3644535
30552,3644560,1,3644561
30553,3644679,12,3644691
30554,3644938,8,3644946
30555,3645017,7,3645024
30556,3645047,42,3645089
30557,3645193,14,3645207
30558,3645232,35,3645267
30559,3645345,47,3645392
30560,3645623,23,3645646
30561,3645798,1,3645799
30562,3645863,19,3645882
30563,3646008,15,3646023
30564,3646037,7,3646044
30565,3646239,32,3646271
30566,3646309,18,3646327
30567,3646423,22,3646445
30568,3646447,3,3646450
30569,3646599,24,3646623
30570,3646687,16,3646703
30571,3646724,8,3646732
30572,3646792,31,3646823
30573,3646938,4,3646942
30574,3646999,11,3647010
30575,3647043,27,3647070
30576,3647104,12,3647116
30577,3647224,13,3647237
30578,3647379,21,3647400
30579,3647528,18,3647546
30580,3647558,4,3647562
30581,3647890,59,3647949
30582,3648022,13,3648035
30583,3648133,9,3648142
30584,3648399,39,3648438
30585,3648486,13,3648499
30586,3648525,33,3648558
30587,3648561,2,3648563
30588,3648613,42,3648655
30589,3648680,26,3648706
30590,3649108,45,3649153
30591,3649225,7,3649232
30592,3649347,74,3649421
30593,3649466,17,3649483
30594,3649535,10,3649545
30595,3649596,21,3649617
30596,3649900,7,3649907
30597,3649937,10,3649947
30598,3650266,11,3650277
30599,3650298,16,3650314
30600,3650396,26,3650422
30601,3650500,5,3650505
30602,3650714,4,3650718
30603,3650801,14,3650815
30604,3651048,48,3651096
30605,3651127,11,3651138
30606,3651154,38,3651192
30607,3651302,53,3651355
30608,3651385,30,3651415
30609,3651431,12,3651443
30610,3651472,9,3651481
30611,3651501,18,3651519
30612,3651570,8,3651578
30613,3651590,14,3651604
30614,3651764,13,3651777
30615,3651799,28,3651827
30616,3651852,3,3651855
30617,3652007,10,3652017
30618,3652334,26,3652360
30619,3652374,42,3652416
30620,3652622,3,3652625
30621,3652661,23,3652684
30622,3652781,14,3652795
30623,3652854,12,3652866
30624,3653102,15,3653117
30625,3653197,18,3653215
30626,3653240,3,3653243
30627,3653260,4,3653264
30628,3653359,8,3653367
30629,3653374,13,3653387
30630,3653404,19,3653423
30631,3653452,25,3653477
30632,3653540,26,3653566
30633,3653587,5,3653592
30634,3653685,24,3653709
30635,3653857,30,3653887
30636,3653941,38,3653979
30637,3654177,49,3654226
30638,3654278,17,3654295
30639,3654308,13,3654321
30640,3654526,18,3654544
30641,3654628,53,3654681
30642,3654787,1,3654788
30643,3654817,11,3654828
30644,3654868,60,3654928
30645,3655109,15,3655124
30646,3655539,1,3655540
30647,3655645,4,3655649
30648,3655656,3,3655659
30649,3655716,26,3655742
30650,3655795,27,3655822
30651,3655852,4,3655856
30652,3655934,8,3655942
30653,3655948,51,3655999
30654,3656001,8,3656009
30655,3656177,2,3656179
30656,3656276,58,3656334
30657,3656515,6,3656521
30658,3656675,24,3656699
30659,3656759,10,3656769
30660,3656852,3,3656855
30661,3656896,100,3656996
30662,3657019,31,3657050
30663,3657065,23,3657088
30664,3657095,15,3657110
30665,3657175,2,3657177
30666,3657210,2,3657212
30667,3657372,2,3657374
30668,3657507,4,3657511
30669,3657617,18,3657635
30670,3657678,14,3657692
30671,3657770,12,3657782
30672,3657935,41,3657976
30673,3658045,37,3658082
30674,3658256,6,3658262
30675,3658275,7,3658282
30676,3658304,19,3658323
30677,3658343,70,3658413
30678,3658479,9,3658488
30679,3658500,11,3658511
30680,3658699,3,3658702
30681,3658846,46,3658892
30682,3658951,6,3658957
30683,3658964,15,3658979
30684,3658980,28,3659008
30685,3659088,31,3659119
30686,3659215,9,3659224
30687,3659262,6,3659268
30688,3659309,45,3659354
30689,3659513,6,3659519
30690,3659713,57,3659770
30691,3659800,13,3659813
30692,3660021,8,3660029
30693,3660061,7,3660068
30694,3660185,7,3660192
30695,3660429,26,3660455
30696,3660607,2,3660609
30697,3660637,26,3660663
30698,3660691,38,3660729
30699,3660842,19,3660861
30700,3661030,20,3661050
30701,3661435,32,3661467
30702,3661598,21,3661619
30703,3661705,54,3661759
30704,3662026,1,3662027
30705,3662068,1,3662069
30706,3662071,2,3662073
30707,3662086,16,3662102
30708,3662292,14,3662306
30709,3662346,46,3662392
30710,3662575,11,3662586
30711,3662614,21,3662635
30712,3662676,6,3662682
30713,3662805,6,3662811
30714,3662913,11,3662924
30715,3662978,15,3662993
30716,3663086,11,3663097
30717,3663118,23,3663141
30718,3663466,15,3663481
30719,3663576,14,3663590
30720,3663899,7,3663906
30721,3663971,20,3663991
30722,3664200,40,3664240
30723,3664253,5,3664258
30724,3664374,7,3664381
30725,3664430,7,3664437
30726,3664508,10,3664518
30727,3664541,10,3664551
30728,3664752,11,3664763
30729,3664868,12,3664880
30730,3664919,4,3664923
30731,3664990,73,3665063
30732,3665144,21,3665165
30733,3665475,24,3665499
30734,3665505,22,3665527
30735,3665566,17,3665583
30736,3665854,1,3665855
30737,3665887,101,3665988
30738,3665998,17,3666015
30739,3666257,4,3666261
30740,3666364,13,3666377
30741,3666760,27,3666787
30742,3666792,12,3666804
30743,3666823,7,3666830
30744,3666877,24,3666901
30745,3666996,25,3667021
30746,3667032,35,3667067
30747,3667182,36,3667218
30748,3667234,58,3667292
30749,3667343,47,3667390
30750,3667437,9,3667446
30751,3667465,17,3667482
30752,3667504,7,3667511
30753,3667635,16,3667651
30754,3667685,13,3667698
30755,3667823,7,3667830
30756,3668143,19,3668162
30757,3668252,20,3668272
30758,3668304,35,3668339
30759,3668433,24,3668457
30760,3668578,8,3668586
30761,3668817,5,3668822
30762,3668826,5,3668831
30763,3668860,36,3668896
30764,3669084,17,3669101
30765,3669159,16,3669175
30766,3669234,2,3669236
30767,3669420,49,3669469
30768,3669508,2,3669510
30769,3669567,27,3669594
30770,3669617,16,3669633
30771,3669726,1,3669727
30772,3669934,14,3669948
30773,3670213,21,3670234
30774,3670407,18,3670425
30775,3670470,14,3670484
30776,3670497,1,3670498
30777,3670512,13,3670525
30778,3670632,5,3670637
30779,3670852,14,3670866
30780,3671033,8,3671041
30781,3671248,3,3671251
30782,3671329,7,3671336
30783,3671487,9,3671496
30784,3671521,11,3671532
30785,3671603,17,3671620
30786,3671663,60,3671723
30787,3671744,15,3671759
30788,3672496,35,3672531
30789,3672576,10,3672586
30790,3672657,24,3672681
30791,3672705,15,3672720
30792,3672826,15,3672841
30793,3672893,6,3672899
30794,3672964,79,3673043
30795,3673058,11,3673069
30796,3673116,1,3673117
30797,3673310,7,3673317
30798,3673383,10,3673393
30799,3673399,67,3673466
30800,3673505,7,3673512
30801,3673543,10,3673553
30802,3673620,27,3673647
30803,3673863,46,3673909
30804,3673935,28,3673963
30805,3674039,61,3674100
30806,3674292,42,3674334
30807,3674466,11,3674477
30808,3674618,24,3674642
30809,3675301,66,3675367
30810,3675471,15,3675486
30811,3675488,75,3675563
30812,3675652,34,3675686
30813,3675939,17,3675956
30814,3675958,42,3676000
30815,3676319,2,3676321
30816,3676395,46,3676441
30817,3676514,19,3676533
30818,3676576,33,3676609
30819,3676613,12,3676625
30820,3676707,10,3676717
30821,3676784,43,3676827
30822,3676916,34,3676950
30823,3677101,3,3677104
30824,3677179,29,3677208
30825,3677218,10,3677228
30826,3677382,35,3677417
30827,3677506,4,3677510
30828,3677527,4,3677531
30829,3677723,13,3677736
30830,3677761,7,3677768
30831,3677824,18,3677842
30832,3677944,9,3677953
30833,3678174,4,3678178
30834,3678183,16,3678199
30835,3678340,13,3678353
30836,3678598,20,3678618
30837,3678764,59,3678823
30838,3678882,26,3678908
30839,3678974,49,3679023
30840,3679050,12,3679062
30841,3679223,12,3679235
30842,3679321,6,3679327
30843,3679447,17,3679464
30844,3679655,31,3679686
30845,3679834,30,3679864
30846,3679931,135,3680066
30847,3680103,33,3680136
30848,3680409,3,3680412
30849,3680442,6,3680448
30850,3680578,20,3680598
30851,3680629,13,3680642
30852,3680698,10,3680708
30853,3680718,30,3680748
30854,3680767,1,3680768
30855,3680854,6,3680860
30856,3681061,86,3681147
30857,3681448,47,3681495
30858,3681513,33,3681546
30859,3681780,11,3681791
30860,3681908,33,3681941
30861,3682102,12,3682114
30862,3682126,13,3682139
30863,3682244,12,3682256
30864,3682605,4,3682609
30865,3683153,3,3683156
30866,3683298,11,3683309
30867,3683464,104,3683568
30868,3683814,39,3683853
30869,3683928,2,3683930
30870,3684045,2,3684047
30871,3684073,1,3684074
30872,3684517,73,3684590
30873,3684792,52,3684844
30874,3684856,8,3684864
30875,3684867,25,3684892
30876,3684895,48,3684943
30877,3685001,29,3685030
30878,3685126,5,3685131
30879,3685183,6,3685189
30880,3685231,10,3685241
30881,3685242,6,3685248
30882,3685257,39,3685296
30883,3685358,29,3685387
30884,3685706,48,3685754
30885,3685776,15,3685791
30886,3685912,6,3685918
30887,3686117,47,3686164
30888,3686170,1,3686171
30889,3686218,8,3686226
30890,3686256,4,3686260
30891,3686600,30,3686630
30892,3686701,8,3686709
30893,3687002,27,3687029
30894,3687047,36,3687083
30895,3687084,1,3687085
30896,3687136,111,3687247
30897,3687729,12,3687741
30898,3687954,16,3687970
30899,3688001,20,3688021
30900,3688180,15,3688195
30901,3688313,85,3688398
30902,3688428,14,3688442
30903,3688456,2,3688458
30904,3688577,2,3688579
30905,3688605,1,3688606
30906,3688771,14,3688785
30907,3688929,37,3688966
30908,3688983,16,3688999
30909,3689075,9,3689084
30910,3689316,15,3689331
30911,3689361,2,3689363
30912,3689443,17,3689460
30913,3689467,18,3689485
30914,3689522,3,3689525
30915,3689649,29,3689678
30916,3689727,1,3689728
30917,3689749,8,3689757
30918,3689764,12,3689776
30919,3689849,93,3689942
30920,3689954,38,3689992
30921,3690088,2,3690090
30922,3690142,32,3690174
30923,3690203,63,3690266
30924,3690269,28,3690297
30925,3690368,17,3690385
30926,3690400,5,3690405
30927,3690434,5,3690439
30928,3690586,5,3690591
30929,3690671,8,3690679
30930,3690768,4,3690772
30931,3690869,15,3690884
30932,3690968,19,3690987
30933,3691054,44,3691098
30934,3691187,6,3691193
30935,3691253,17,3691270
30936,3691504,7,3691511
30937,3691597,11,3691608
30938,3691756,9,3691765
30939,3691772,15,3691787
30940,3691805,48,3691853
30941,3692138,27,3692165
30942,3692215,17,3692232
30943,3692585,28,3692613
30944,3692636,46,3692682
30945,3692804,72,3692876
30946,3692899,52,3692951
30947,3692960,27,3692987
30948,3693129,4,3693133
30949,3693380,21,3693401
30950,3693469,1,3693470
30951,3693519,19,3693538
30952,3693625,8,3693633
30953,3693899,71,3693970
30954,3694075,21,3694096
30955,3694312,1,3694313
30956,3694370,27,3694397
30957,3694443,10,3694453
30958,3694468,22,3694490
30959,3694827,2,3694829
30960,3694848,9,3694857
30961,3694859,45,3694904
30962,3695027,5,3695032
30963,3695046,33,3695079
30964,3695319,25,3695344
30965,3695472,11,3695483
30966,3695491,36,3695527
30967,3696069,24,3696093
30968,3696125,11,3696136
30969,3696223,60,3696283
30970,3696439,4,3696443
30971,3696506,58,3696564
30972,3696587,8,3696595
30973,3696653,3,3696656
30974,3696707,3,3696710
30975,3696733,6,3696739
30976,3696826,8,3696834
30977,3696976,13,3696989
30978,3696995,12,3697007
30979,3697220,15,3697235
30980,3697241,23,3697264
30981,3697296,11,3697307
30982,3697350,4,3697354
30983,3697407,4,3697411
30984,3697625,4,3697629
30985,3697721,25,3697746
30986,3697751,16,3697767
30987,3697852,16,3697868
30988,3697979,13,3697992
30989,3697997,18,3698015
30990,3698032,1,3698033
30991,3698418,3,3698421
30992,3698503,31,3698534
30993,3698545,2,3698547
30994,3698748,32,3698780
30995,3698786,12,3698798
30996,3698900,2,3698902
30997,3698908,8,3698916
30998,3698947,46,3698993
30999,3698998,51,3699049
31000,3699053,12,3699065
31001,3699139,3,3699142
31002,3699274,2,3699276
31003,3699324,12,3699336
31004,3699412,32,3699444
31005,3699664,3,3699667
31006,3699711,4,3699715
31007,3699786,13,3699799
31008,3700016,88,3700104
31009,3700221,24,3700245
31010,3700263,20,3700283
31011,3700413,3,3700416
31012,3700425,89,3700514
31013,3700742,40,3700782
31014,3700821,17,3700838
31015,3700942,14,3700956
31016,3701053,9,3701062
31017,3701328,7,3701335
31018,3701340,37,3701377
31019,3701428,43,3701471
31020,3701547,25,3701572
31021,3701622,8,3701630
31022,3702016,3,3702019
31023,3702096,11,3702107
31024,3702136,7,3702143
31025,3702145,4,3702149
31026,3702240,6,3702246
31027,3702292,1,3702293
31028,3702376,8,3702384
31029,3702387,4,3702391
31030,3702430,9,3702439
31031,3702719,1,3702720
31032,3702750,13,3702763
31033,3702881,45,3702926
31034,3703240,3,3703243
31035,3703263,26,3703289
31036,3703320,28,3703348
31037,3703354,8,3703362
31038,3703428,15,3703443
31039,3703444,3,3703447
31040,3703819,23,3703842
31041,3703870,1,3703871
31042,3703984,5,3703989
31043,3703990,1,3703991
31044,3704018,7,3704025
31045,3704074,6,3704080
31046,3704144,21,3704165
31047,3704181,10,3704191
31048,3704219,6,3704225
31049,3704280,30,3704310
31050,3704315,14,3704329
31051,3704470,16,3704486
31052,3704554,43,3704597
31053,3704611,11,3704622
31054,3704625,4,3704629
31055,3704784,28,3704812
31056,3704816,12,3704828
31057,3704995,6,3705001
31058,3705348,22,3705370
31059,3705398,5,3705403
31060,3705406,15,3705421
31061,3705433,14,3705447
31062,3705481,1,3705482
31063,3705495,26,3705521
31064,3705637,7,3705644
31065,3705666,57,3705723
31066,3705732,2,3705734
31067,3705751,28,3705779
31068,3705781,8,3705789
31069,3705878,36,3705914
31070,3705983,10,3705993
31071,3706127,9,3706136
31072,3706372,12,3706384
31073,3706419,53,3706472
31074,3706554,16,3706570
31075,3706575,2,3706577
31076,3706649,7,3706656
31077,3706677,84,3706761
31078,3706925,2,3706927
31079,3706935,10,3706945
31080,3706972,1,3706973
31081,3707344,12,3707356
31082,3707486,2,3707488
31083,3708248,7,3708255
31084,3708336,69,3708405
31085,3708507,13,3708520
31086,3708632,2,3708634
31087,3708749,3,3708752
31088,3708972,14,3708986
31089,3709043,7,3709050
31090,3709176,5,3709181
31091,3709347,2,3709349
31092,3709447,5,3709452
31093,3709476,2,3709478
31094,3709580,18,3709598
31095,3709619,11,3709630
31096,3709691,3,3709694
31097,3709719,13,3709732
31098,3709747,19,3709766
31099,3709785,27,3709812
31100,3709818,22,3709840
31101,3709843,43,3709886
31102,3710060,9,3710069
31103,3710120,24,3710144
31104,3710159,40,3710199
31105,3710515,19,3710534
31106,3710796,2,3710798
31107,3710953,28,3710981
31108,3711020,22,3711042
31109,3711200,3,3711203
31110,3711360,4,3711364
31111,3711473,19,3711492
31112,3711671,6,3711677
31113,3711700,14,3711714
31114,3711720,1,3711721
31115,3711732,37,3711769
31116,3711784,10,3711794
31117,3711990,20,3712010
31118,3712345,22,3712367
31119,3712395,12,3712407
31120,3712578,14,3712592
31121,3712694,33,3712727
31122,3712746,32,3712778
31123,3712952,31,3712983
31124,3713099,81,3713180
31125,3713182,6,3713188
31126,3713293,6,3713299
31127,3713515,1,3713516
31128,3713524,7,3713531
31129,3713627,59,3713686
31130,3713735,57,3713792
31131,3713831,25,3713856
31132,3713984,3,3713987
31133,3714073,27,3714100
31134,3714199,6,3714205
31135,3714306,6,3714312
31136,3714466,31,3714497
31137,3714509,18,3714527
31138,3714664,30,3714694
31139,3714727,2,3714729
31140,3714730,21,3714751
31141,3714770,9,3714779
31142,3714788,4,3714792
31143,3715018,5,3715023
31144,3715052,11,3715063
31145,3715071,14,3715085
31146,3715087,2,3715089
31147,3715112,10,3715122
31148,3715338,20,3715358
31149,3715386,3,3715389
31150,3715469,6,3715475
31151,3715484,21,3715505
31152,3715686,2,3715688
31153,3715855,28,3715883
31154,3716200,11,3716211
31155,3716216,9,3716225
31156,3716302,10,3716312
31157,3716392,10,3716402
31158,3716443,10,3716453
31159,3716746,3,3716749
31160,3716829,1,3716830
31161,3716852,3,3716855
31162,3716922,21,3716943
31163,3716999,18,3717017
31164,3717028,91,3717119
31165,3717400,23,3717423
31166,3717425,2,3717427
31167,3717666,2,3717668
31168,3717670,14,3717684
31169,3717805,7,3717812
31170,3717990,20,3718010
31171,3718260,20,3718280
31172,3718408,10,3718418
31173,3718440,23,3718463
31174,3718546,4,3718550
31175,3718567,14,3718581
31176,3718731,5,3718736
31177,3718741,4,3718745
31178,3718754,7,3718761
31179,3718773,38,3718811
31180,3719378,30,3719408
31181,3719694,27,3719721
31182,3719828,30,3719858
31183,3719996,6,3720002
31184,3720025,93,3720118
31185,3720625,63,3720688
31186,3721077,10,3721087
31187,3721126,5,3721131
31188,3721226,2,3721228
31189,3721281,27,3721308
31190,3721428,8,3721436
31191,3721507,55,3721562
31192,3721637,54,3721691
31193,3721808,33,3721841
31194,3721844,3,3721847
31195,3721860,30,3721890
31196,3721923,47,3721970
31197,3722161,6,3722167
31198,3722223,7,3722230
31199,3722387,49,3722436
31200,3722440,76,3722516
31201,3722571,13,3722584
31202,3722679,35,3722714
31203,3722781,68,3722849
31204,3722887,55,3722942
31205,3723035,5,3723040
31206,3723162,16,3723178
31207,3723427,9,3723436
31208,3723643,19,3723662
31209,3723843,12,3723855
31210,3723877,8,3723885
31211,3723916,17,3723933
31212,3723967,13,3723980
31213,3724022,4,3724026
31214,3724029,28,3724057
31215,3724108,23,3724131
31216,3724211,114,3724325
31217,3724335,45,3724380
31218,3724491,23,3724514
31219,3724528,40,3724568
31220,3724607,27,3724634
31221,3724665,33,3724698
31222,3724822,21,3724843
31223,3724886,23,3724909
31224,3724947,14,3724961
31225,3725157,23,3725180
31226,3725207,11,3725218
31227,3725554,13,3725567
31228,3725726,37,3725763
31229,3725972,17,3725989
31230,3726264,50,3726314
31231,3726392,13,3726405
31232,3726539,3,3726542
31233,3726621,20,3726641
31234,3727180,3,3727183
31235,3727198,60,3727258
31236,3727690,32,3727722
31237,3727912,16,3727928
31238,3727959,65,3728024
31239,3728038,6,3728044
31240,3728150,28,3728178
31241,3728214,9,3728223
31242,3728268,14,3728282
31243,3728417,2,3728419
31244,3728527,4,3728531
31245,3728613,53,3728666
31246,3728715,47,3728762
31247,3728772,7,3728779
31248,3728893,27,3728920
31249,3729032,6,3729038
31250,3729190,21,3729211
31251,3729275,32,3729307
31252,3729349,4,3729353
31253,3729772,2,3729774
31254,3729899,26,3729925
31255,3730008,65,3730073
31256,3730162,14,3730176
31257,3730204,28,3730232
31258,3730363,8,3730371
31259,3730492,150,3730642
31260,3730649,2,3730651
31261,3730696,3,3730699
31262,3730766,20,3730786
31263,3730818,6,3730824
31264,3731029,15,3731044
31265,3731146,1,3731147
31266,3731250,28,3731278
31267,3731314,6,3731320
31268,3731409,4,3731413
31269,3731453,3,3731456
31270,3731489,18,3731507
31271,3731579,28,3731607
31272,3731636,14,3731650
31273,3731665,24,3731689
31274,3731805,26,3731831
31275,3731876,8,3731884
31276,3731984,10,3731994
31277,3732017,23,3732040
31278,3732066,3,3732069
31279,3732178,5,3732183
31280,3732223,16,3732239
31281,3732274,32,3732306
31282,3732507,22,3732529
31283,3732659,23,3732682
31284,3732856,39,3732895
31285,3732922,68,3732990
31286,3733233,17,3733250
31287,3733273,16,3733289
31288,3733307,4,3733311
31289,3733321,48,3733369
31290,3733454,32,3733486
31291,3733531,4,3733535
31292,3733582,35,3733617
31293,3733718,23,3733741
31294,3733757,10,3733767
31295,3733820,4,3733824
31296,3733879,45,3733924
31297,3733976,33,3734009
31298,3734151,64,3734215
31299,3734268,30,3734298
31300,3734370,8,3734378
31301,3734409,61,3734470
31302,3734549,6,3734555
31303,3734624,10,3734634
31304,3734734,7,3734741
31305,3734763,10,3734773
31306,3734813,23,3734836
31307,3734912,19,3734931
31308,3735087,10,3735097
31309,3735237,10,3735247
31310,3735315,11,3735326
31311,3735350,8,3735358
31312,3735465,1,3735466
31313,3735553,34,3735587
31314,3735614,14,3735628
31315,3735780,4,3735784
31316,3735796,29,3735825
31317,3735885,11,3735896
31318,3736041,25,3736066
31319,3736242,27,3736269
31320,3736353,34,3736387
31321,3736428,10,3736438
31322,3736588,13,3736601
31323,3736828,15,3736843
31324,3736919,17,3736936
31325,3737010,14,3737024
31326,3737045,8,3737053
31327,3737061,23,3737084
31328,3737171,5,3737176
31329,3737193,25,3737218
31330,3737245,41,3737286
31331,3737376,10,3737386
31332,3737388,2,3737390
31333,3737422,18,3737440
31334,3737447,4,3737451
31335,3737487,2,3737489
31336,3737525,14,3737539
31337,3737571,24,3737595
31338,3737665,38,3737703
31339,3737751,45,3737796
31340,3737938,25,3737963
31341,3738016,8,3738024
31342,3738137,14,3738151
31343,3738192,37,3738229
31344,3738478,1,3738479
31345,3738581,11,3738592
31346,3738636,20,3738656
31347,3738801,22,3738823
31348,3739146,27,3739173
31349,3739205,3,3739208
31350,3739263,69,3739332
31351,3739365,8,3739373
31352,3739375,18,3739393
31353,3739439,3,3739442
31354,3739471,27,3739498
31355,3739520,5,3739525
31356,3739611,10,3739621
31357,3739641,15,3739656
31358,3740051,4,3740055
31359,3740136,11,3740147
31360,3740403,8,3740411
31361,3740793,37,3740830
31362,3741018,12,3741030
31363,3741187,12,3741199
31364,3741293,10,3741303
31365,3741342,2,3741344
31366,3741399,24,3741423
31367,3741504,62,3741566
31368,3741612,3,3741615
31369,3741665,15,3741680
31370,3741694,1,3741695
31371,3741706,8,3741714
31372,3741893,28,3741921
31373,3742132,10,3742142
31374,3742165,3,3742168
31375,3742206,45,3742251
31376,3742332,40,3742372
31377,3742374,53,3742427
31378,3742554,18,3742572
31379,3742643,2,3742645
31380,3742682,34,3742716
31381,3742731,13,3742744
31382,3742806,9,3742815
31383,3743086,7,3743093
31384,3743126,13,3743139
31385,3743260,4,3743264
31386,3743402,9,3743411
31387,3743438,19,3743457
31388,3743475,20,3743495
31389,3743821,17,3743838
31390,3743878,6,3743884
31391,3743953,18,3743971
31392,3743992,7,3743999
31393,3744013,9,3744022
31394,3744053,9,3744062
31395,3744171,12,3744183
31396,3744319,6,3744325
31397,3744667,25,3744692
31398,3744693,6,3744699
31399,3744712,20,3744732
31400,3744748,16,3744764
31401,3744956,13,3744969
31402,3745069,14,3745083
31403,3745132,42,3745174
31404,3745191,2,3745193
31405,3745310,27,3745337
31406,3745366,10,3745376
31407,3745492,10,3745502
31408,3745507,1,3745508
31409,3745628,13,3745641
31410,3745845,21,3745866
31411,3745868,37,3745905
31412,3746143,4,3746147
31413,3746258,3,3746261
31414,3746424,1,3746425
31415,3746695,24,3746719
31416,3746908,11,3746919
31417,3747070,3,3747073
31418,3747087,8,3747095
31419,3747159,3,3747162
31420,3747192,2,3747194
31421,3747290,10,3747300
31422,3747488,7,3747495
31423,3747582,11,3747593
31424,3747617,7,3747624
31425,3747632,9,3747641
31426,3747712,9,3747721
31427,3747918,26,3747944
31428,3747946,10,3747956
31429,3747976,12,3747988
31430,3748025,10,3748035
31431,3748168,30,3748198
31432,3748241,10,3748251
31433,3748325,36,3748361
31434,3748407,2,3748409
31435,3748479,9,3748488
31436,3748501,9,3748510
31437,3748735,77,3748812
31438,3749066,96,3749162
31439,3749210,22,3749232
31440,3749331,22,3749353
31441,3749437,42,3749479
31442,3749551,1,3749552
31443,3749858,13,3749871
31444,3749971,34,3750005
31445,3750066,17,3750083
31446,3750088,2,3750090
31447,3750110,1,3750111
31448,3750155,30,3750185
31449,3750248,24,3750272
31450,3750305,9,3750314
31451,3750324,59,3750383
31452,3750511,7,3750518
31453,3750793,27,3750820
31454,3750946,3,3750949
31455,3751015,10,3751025
31456,3751176,67,3751243
31457,3751318,31,3751349
31458,3751352,16,3751368
31459,3751534,6,3751540
31460,3751589,31,3751620
31461,3751645,10,3751655
31462,3752070,6,3752076
31463,3752250,39,3752289
31464,3752770,2,3752772
31465,3752835,15,3752850
31466,3752883,17,3752900
31467,3753103,5,3753108
31468,3753130,7,3753137
31469,3753215,29,3753244
31470,3753354,37,3753391
31471,3753412,3,3753415
31472,3753460,21,3753481
31473,3753684,33,3753717
31474,3753833,1,3753834
31475,3754121,19,3754140
31476,3754218,11,3754229
31477,3754387,24,3754411
31478,3754545,9,3754554
31479,3754699,16,3754715
31480,3754787,24,3754811
31481,3754815,36,3754851
31482,3754933,18,3754951
31483,3755166,4,3755170
31484,3755206,45,3755251
31485,3755304,13,3755317
31486,3755345,30,3755375
31487,3755600,23,3755623
31488,3755860,14,3755874
31489,3756010,28,3756038
31490,3756177,18,3756195
31491,3756510,37,3756547
31492,3756668,22,3756690
31493,3756722,1,3756723
31494,3756930,10,3756940
31495,3756981,36,3757017
31496,3757053,13,3757066
31497,3757110,38,3757148
31498,3757561,6,3757567
31499,3757736,4,3757740
31500,3757779,16,3757795
31501,3757816,32,3757848
31502,3758013,78,3758091
31503,3758102,1,3758103
31504,3758195,3,3758198
31505,3758321,26,3758347
31506,3758463,20,3758483
31507,3758502,4,3758506
31508,3758570,17,3758587
31509,3758596,3,3758599
31510,3758604,2,3758606
31511,3758678,33,3758711
31512,3758952,17,3758969
31513,3759122,16,3759138
31514,3759303,23,3759326
31515,3759390,17,3759407
31516,3759674,58,3759732
31517,3759848,6,3759854
31518,3759918,8,3759926
31519,3759938,27,3759965
31520,3760018,13,3760031
31521,3760175,9,3760184
31522,3760219,53,3760272
31523,3760319,6,3760325
31524,3760446,9,3760455
31525,3760508,7,3760515
31526,3760616,26,3760642
31527,3760646,8,3760654
31528,3760660,31,3760691
31529,3760744,1,3760745
31530,3760838,8,3760846
31531,3760935,45,3760980
31532,3761240,33,3761273
31533,3761434,4,3761438
31534,3761474,17,3761491
31535,3761499,33,3761532
31536,3761556,20,3761576
31537,3761695,9,3761704
31538,3761738,20,3761758
31539,3761804,78,3761882
31540,3761944,21,3761965
31541,3762067,1,3762068
31542,3762213,3,3762216
31543,3762387,1,3762388
31544,3762396,39,3762435
31545,3762506,27,3762533
31546,3762571,13,3762584
31547,3762594,35,3762629
31548,3762755,39,3762794
31549,3762899,4,3762903
31550,3763135,32,3763167
31551,3763220,1,3763221
31552,3763506,22,3763528
31553,3763635,17,3763652
31554,3763869,67,3763936
31555,3763991,18,3764009
31556,3764029,14,3764043
31557,3764068,15,3764083
31558,3764090,2,3764092
31559,3764199,3,3764202
31560,3764266,11,3764277
31561,3764314,4,3764318
31562,3764485,61,3764546
31563,3764593,25,3764618
31564,3764629,67,3764696
31565,3764953,11,3764964
31566,3764972,30,3765002
31567,3765009,18,3765027
31568,3765079,3,3765082
31569,3765416,4,3765420
31570,3765448,9,3765457
31571,3765520,27,3765547
31572,3765569,2,3765571
31573,3765673,22,3765695
31574,3765779,9,3765788
31575,3765942,14,3765956
31576,3766031,1,3766032
31577,3766052,31,3766083
31578,3766141,7,3766148
31579,3766239,30,3766269
31580,3766614,22,3766636
31581,3766819,8,3766827
31582,3766936,5,3766941
31583,3766977,56,3767033
31584,3767052,10,3767062
31585,3767199,8,3767207
31586,3767222,41,3767263
31587,3767294,12,3767306
31588,3767396,22,3767418
31589,3767511,33,3767544
31590,3767554,15,3767569
31591,3767854,26,3767880
31592,3767987,48,3768035
31593,3768318,32,3768350
31594,3768415,7,3768422
31595,3768465,12,3768477
31596,3768699,4,3768703
31597,3768736,9,3768745
31598,3768953,18,3768971
31599,3769100,12,3769112
31600,3769376,46,3769422
31601,3769526,7,3769533
31602,3769545,21,3769566
31603,3769651,10,3769661
31604,3769789,4,3769793
31605,3769836,58,3769894
31606,3770196,18,3770214
31607,3770305,4,3770309
31608,3770394,58,3770452
31609,3770594,15,3770609
31610,3770633,8,3770641
31611,3770859,2,3770861
31612,3770961,27,3770988
31613,3771028,14,3771042
31614,3771106,11,3771117
31615,3771252,1,3771253
31616,3771389,2,3771391
31617,3771789,8,3771797
31618,3771870,12,3771882
31619,3771887,15,3771902
31620,3772063,3,3772066
31621,3772082,22,3772104
31622,3772625,12,3772637
31623,3773003,20,3773023
31624,3773029,2,3773031
31625,3773076,35,3773111
31626,3773180,20,3773200
31627,3773230,3,3773233
31628,3773253,68,3773321
31629,3773370,1,3773371
31630,3773514,10,3773524
31631,3773536,9,3773545
31632,3773570,19,3773589
31633,3773601,9,3773610
31634,3773737,17,3773754
31635,3773786,2,3773788
31636,3773816,12,3773828
31637,3773870,5,3773875
31638,3774255,6,3774261
31639,3774297,5,3774302
31640,3774339,14,3774353
31641,3774361,5,3774366
31642,3774437,5,3774442
31643,3774485,15,3774500
31644,3774584,20,3774604
31645,3774848,14,3774862
31646,3774938,82,3775020
31647,3775119,16,3775135
31648,3775143,16,3775159
31649,3775188,2,3775190
31650,3775376,28,3775404
31651,3775703,6,3775709
31652,3775877,9,3775886
31653,3776010,45,3776055
31654,3776081,13,3776094
31655,3776358,3,3776361
31656,3776589,5,3776594
31657,3776681,8,3776689
31658,3776879,4,3776883
31659,3776887,3,3776890
31660,3776906,11,3776917
31661,3777067,24,3777091
31662,3777134,10,3777144
31663,3777244,113,3777357
31664,3777459,26,3777485
31665,3777584,46,3777630
31666,3777650,11,3777661
31667,3777755,4,3777759
31668,3777843,25,3777868
31669,3777882,1,3777883
31670,3777953,30,3777983
31671,3778046,34,3778080
31672,3778270,35,3778305
31673,3778365,12,3778377
31674,3778770,6,3778776
31675,3778801,9,3778810
31676,3778928,1,3778929
31677,3779003,6,3779009
31678,3779051,2,3779053
31679,3779070,25,3779095
31680,3779153,21,3779174
31681,3779198,6,3779204
31682,3779419,16,3779435
31683,3779445,7,3779452
31684,3779582,10,3779592
31685,3779741,45,3779786
31686,3780038,11,3780049
31687,3780061,24,3780085
31688,3780115,46,3780161
31689,3780167,7,3780174
31690,3780205,1,3780206
31691,3780246,11,3780257
31692,3780431,26,3780457
31693,3780509,6,3780515
31694,3780571,18,3780589
31695,3780673,10,3780683
31696,3780940,7,3780947
31697,3781083,15,3781098
31698,3781150,47,3781197
31699,3781209,7,3781216
31700,3781262,8,3781270
31701,3781380,2,3781382
31702,3781541,58,3781599
31703,3781828,20,3781848
31704,3781886,35,3781921
31705,3781989,4,3781993
31706,3782032,62,3782094
31707,3782124,17,3782141
31708,3782209,33,3782242
31709,3782287,11,3782298
31710,3782355,1,3782356
31711,3782540,29,3782569
31712,3782611,2,3782613
31713,3782841,26,3782867
31714,3782902,11,3782913
31715,3782925,18,3782943
31716,3783005,21,3783026
31717,3783114,3,3783117
31718,3783189,55,3783244
31719,3783306,7,3783313
31720,3783373,5,3783378
31721,3783414,7,3783421
31722,3783481,5,3783486
31723,3783537,36,3783573
31724,3783724,1,3783725
31725,3783729,13,3783742
31726,3783773,13,3783786
31727,3783819,4,3783823
31728,3784064,1,3784065
31729,3784170,31,3784201
31730,3784212,44,3784256
31731,3784336,7,3784343
31732,3784377,5,3784382
31733,3784412,12,3784424
31734,3784469,19,3784488
31735,3784524,10,3784534
31736,3784642,8,3784650
31737,3784755,20,3784775
31738,3784889,5,3784894
31739,3784914,4,3784918
31740,3784925,1,3784926
31741,3784980,19,3784999
31742,3785038,32,3785070
31743,3785095,22,3785117
31744,3785253,5,3785258
31745,3785273,7,3785280
31746,3785404,7,3785411
31747,3785500,23,3785523
31748,3785560,25,3785585
31749,3785730,11,3785741
31750,3785829,8,3785837
31751,3785857,11,3785868
31752,3785950,11,3785961
31753,3786106,22,3786128
31754,3786131,3,3786134
31755,3786180,9,3786189
31756,3786258,8,3786266
31757,3786397,34,3786431
31758,3786489,21,3786510
31759,3786745,4,3786749
31760,3786751,6,3786757
31761,3786897,7,3786904
31762,3786967,33,3787000
31763,3787001,24,3787025
31764,3787096,7,3787103
31765,3787134,10,3787144
31766,3787146,5,3787151
31767,3787157,18,3787175
31768,3787195,7,3787202
31769,3787369,41,3787410
31770,3787465,19,3787484
31771,3787521,24,3787545
31772,3787546,36,3787582
31773,3787667,124,3787791
31774,3787824,13,3787837
31775,3787927,44,3787971
31776,3788031,27,3788058
31777,3788145,74,3788219
31778,3788341,32,3788373
31779,3788446,1,3788447
31780,3788658,30,3788688
31781,3788762,23,3788785
31782,3788792,21,3788813
31783,3788841,140,3788981
31784,3789115,38,3789153
31785,3789313,17,3789330
31786,3789346,32,3789378
31787,3789710,13,3789723
31788,3789874,78,3789952
31789,3790080,2,3790082
31790,3790133,6,3790139
31791,3790154,3,3790157
31792,3790517,31,3790548
31793,3790549,58,3790607
31794,3790619,8,3790627
31795,3790750,5,3790755
31796,3790761,20,3790781
31797,3790809,7,3790816
31798,3790882,2,3790884
31799,3790896,3,3790899
31800,3790919,10,3790929
31801,3791358,30,3791388
31802,3791431,27,3791458
31803,3791673,3,3791676
31804,3791755,24,3791779
31805,3791896,45,3791941
31806,3792037,3,3792040
31807,3792068,12,3792080
31808,3792140,1,3792141
31809,3792173,14,3792187
31810,3792202,7,3792209
31811,3792567,8,3792575
31812,3792674,10,3792684
31813,3792796,54,3792850
31814,3792995,13,3793008
31815,3793112,36,3793148
31816,3793244,44,3793288
31817,3793354,21,3793375
31818,3793389,1,3793390
31819,3793451,3,3793454
31820,3793501,35,3793536
31821,3793613,12,3793625
31822,3793771,10,3793781
31823,3793884,21,3793905
31824,3793935,45,3793980
31825,3794019,45,3794064
31826,3794506,2,3794508
31827,3794537,11,3794548
31828,3794566,68,3794634
31829,3794733,7,3794740
31830,3794901,5,3794906
31831,3795088,39,3795127
31832,3795163,9,3795172
31833,3795207,7,3795214
31834,3795372,7,3795379
31835,3795442,46,3795488
31836,3795606,4,3795610
31837,3795613,4,3795617
31838,3795731,26,3795757
31839,3795778,6,3795784
31840,3795869,4,3795873
31841,3796001,38,3796039
31842,3796172,6,3796178
31843,3796277,88,3796365
31844,3796732,18,3796750
31845,3796797,39,3796836
31846,3797074,3,3797077
31847,3797084,31,3797115
31848,3797155,30,3797185
31849,3797188,12,3797200
31850,3797264,7,3797271
31851,3797448,24,3797472
31852,3797550,12,3797562
31853,3797586,24,3797610
31854,3797803,23,3797826
31855,3797860,6,3797866
31856,3797932,19,3797951
31857,3797992,34,3798026
31858,3798108,1,3798109
31859,3798349,34,3798383
31860,3798518,72,3798590
31861,3798739,15,3798754
31862,3798768,26,3798794
31863,3798812,3,3798815
31864,3798886,6,3798892
31865,3798907,9,3798916
31866,3798937,9,3798946
31867,3799098,76,3799174
31868,3799187,2,3799189
31869,3799193,24,3799217
31870,3799256,22,3799278
31871,3799362,21,3799383
31872,3799438,15,3799453
31873,3799465,32,3799497
31874,3799570,10,3799580
31875,3799777,17,3799794
31876,3799880,2,3799882
31877,3800032,27,3800059
31878,3800394,4,3800398
31879,3800540,23,3800563
31880,3800691,10,3800701
31881,3800851,14,3800865
31882,3800913,55,3800968
31883,3801170,22,3801192
31884,3801363,49,3801412
31885,3801427,8,3801435
31886,3801438,3,3801441
31887,3801506,51,3801557
31888,3802052,12,3802064
31889,3802077,5,3802082
31890,3802307,16,3802323
31891,3802351,3,3802354
31892,3802457,45,3802502
31893,3802523,16,3802539
31894,3802540,8,3802548
31895,3802650,105,3802755
31896,3802785,6,3802791
31897,3802886,16,3802902
31898,3803527,7,3803534
31899,3803561,3,3803564
31900,3803584,34,3803618
31901,3803707,8,3803715
31902,3803732,2,3803734
31903,3803824,19,3803843
31904,3803869,21,3803890
31905,3804036,2,3804038
31906,3804132,51,3804183
31907,3804221,32,3804253
31908,3804348,30,3804378
31909,3804417,10,3804427
31910,3804473,24,3804497
31911,3804507,12,3804519
31912,3804666,8,3804674
31913,3804700,27,3804727
31914,3805147,44,3805191
31915,3805264,6,3805270
31916,3805307,5,3805312
31917,3805352,27,3805379
31918,3805448,12,3805460
31919,3805618,7,3805625
31920,3805958,1,3805959
31921,3806166,3,3806169
31922,3806196,17,3806213
31923,3806625,43,3806668
31924,3806764,1,3806765
31925,3806794,34,3806828
31926,3806850,9,3806859
31927,3807107,20,3807127
31928,3807180,11,3807191
31929,3807389,26,3807415
31930,3807473,9,3807482
31931,3807692,16,3807708
31932,3807827,2,3807829
31933,3807909,50,3807959
31934,3807973,28,3808001
31935,3808087,19,3808106
31936,3808173,1,3808174
31937,3808245,2,3808247
31938,3808310,5,3808315
31939,3808414,3,3808417
31940,3808517,4,3808521
31941,3808524,28,3808552
31942,3808669,5,3808674
31943,3809308,36,3809344
31944,3809482,6,3809488
31945,3809510,28,3809538
31946,3809576,3,3809579
31947,3809824,21,3809845
31948,3809861,12,3809873
31949,3810059,10,3810069
31950,3810223,22,3810245
31951,3810277,29,3810306
31952,3810316,21,3810337
31953,3810398,53,3810451
31954,3810501,1,3810502
31955,3810640,14,3810654
31956,3810694,19,3810713
31957,3810757,39,3810796
31958,3810820,1,3810821
31959,3811109,5,3811114
31960,3811223,3,3811226
31961,3811349,10,3811359
31962,3811520,87,3811607
31963,3811626,3,3811629
31964,3811646,8,3811654
31965,3811826,1,3811827
31966,3811993,14,3812007
31967,3812046,8,3812054
31968,3812143,17,3812160
31969,3812446,14,3812460
31970,3812536,1,3812537
31971,3812595,5,3812600
31972,3812602,25,3812627
31973,3812665,5,3812670
31974,3812694,13,3812707
31975,3812896,19,3812915
31976,3812977,15,3812992
31977,3813194,4,3813198
31978,3813295,21,3813316
31979,3813583,32,3813615
31980,3813737,3,3813740
31981,3813769,5,3813774
31982,3813815,22,3813837
31983,3813958,15,3813973
31984,3814038,23,3814061
31985,3814259,15,3814274
31986,3814318,10,3814328
31987,3814407,22,3814429
31988,3814648,4,3814652
31989,3814678,6,3814684
31990,3815145,37,3815182
31991,3815205,7,3815212
31992,3815330,1,3815331
31993,3815393,7,3815400
31994,3815434,12,3815446
31995,3815513,13,3815526
31996,3815614,37,3815651
31997,3815655,28,3815683
31998,3815760,3,3815763
31999,3815859,13,3815872
32000,3817061,7,3817068
32001,3817101,21,3817122
32002,3817191,3,3817194
32003,3817320,16,3817336
32004,3817355,43,3817398
32005,3817556,26,3817582
32006,3817648,10,3817658
32007,3817820,7,3817827
32008,3817951,2,3817953
32009,3818158,2,3818160
32010,3818283,4,3818287
32011,3818293,23,3818316
32012,3818682,28,3818710
32013,3818856,8,3818864
32014,3818984,15,3818999
32015,3819024,14,3819038
32016,3819066,3,3819069
32017,3819072,10,3819082
32018,3819236,10,3819246
32019,3819622,50,3819672
32020,3820015,3,3820018
32021,3820121,16,3820137
32022,3820221,1,3820222
32023,3820306,12,3820318
32024,3820332,3,3820335
32025,3820453,15,3820468
32026,3820593,7,3820600
32027,3820846,2,3820848
32028,3820854,7,3820861
32029,3820952,97,3821049
32030,3821107,6,3821113
32031,3821153,7,3821160
32032,3821262,10,3821272
32033,3821335,13,3821348
32034,3821469,6,3821475
32035,3821705,20,3821725
32036,3821881,26,3821907
32037,3821971,31,3822002
32038,3822006,21,3822027
32039,3822030,17,3822047
32040,3822064,11,3822075
32041,3822402,21,3822423
32042,3822525,117,3822642
32043,3822668,37,3822705
32044,3822742,39,3822781
32045,3822904,21,3822925
32046,3823076,43,3823119
32047,3823142,30,3823172
32048,3823244,9,3823253
32049,3823368,14,3823382
32050,3823405,33,3823438
32051,3823637,41,3823678
32052,3823774,5,3823779
32053,3823939,31,3823970
32054,3824002,17,3824019
32055,3824020,5,3824025
32056,3824232,6,3824238
32057,3824248,8,3824256
32058,3824338,59,3824397
32059,3824458,2,3824460
32060,3824689,53,3824742
32061,3824913,4,3824917
32062,3824930,56,3824986
32063,3825002,23,3825025
32064,3825029,1,3825030
32065,3825091,32,3825123
32066,3825145,3,3825148
32067,3825216,3,3825219
32068,3825244,29,3825273
32069,3825355,6,3825361
32070,3825530,1,3825531
32071,3825570,22,3825592
32072,3825731,58,3825789
32073,3825808,14,3825822
32074,3825871,7,3825878
32075,3825968,16,3825984
32076,3825985,14,3825999
32077,3826185,5,3826190
32078,3826209,63,3826272
32079,3826301,94,3826395
32080,3826483,7,3826490
32081,3826774,50,3826824
32082,3826837,13,3826850
32083,3826875,23,3826898
32084,3826974,10,3826984
32085,3827029,24,3827053
32086,3827058,9,3827067
32087,3827073,30,3827103
32088,3827111,11,3827122
32089,3827163,22,3827185
32090,3827237,50,3827287
32091,3827320,46,3827366
32092,3827497,13,3827510
32093,3827527,5,3827532
32094,3827636,4,3827640
32095,3827663,1,3827664
32096,3827742,15,3827757
32097,3827774,25,3827799
32098,3828017,9,3828026
32099,3828094,19,3828113
32100,3828141,23,3828164
32101,3828251,30,3828281
32102,3828416,27,3828443
32103,3828733,3,3828736
32104,3828781,17,3828798
32105,3828888,13,3828901
32106,3829039,30,3829069
32107,3829157,2,3829159
32108,3829226,1,3829227
32109,3829319,3,3829322
32110,3829479,11,3829490
32111,3829498,81,3829579
32112,3829603,4,3829607
32113,3829648,1,3829649
32114,3829706,12,3829718
32115,3829764,2,3829766
32116,3829820,23,3829843
32117,3829881,44,3829925
32118,3830123,31,3830154
32119,3830184,14,3830198
32120,3830203,6,3830209
32121,3830304,10,3830314
32122,3830591,22,3830613
32123,3830644,15,3830659
32124,3830744,3,3830747
32125,3830998,24,3831022
32126,3831174,31,3831205
32127,3831297,91,3831388
32128,3831421,13,3831434
32129,3831901,2,3831903
32130,3831906,57,3831963
32131,3832053,44,3832097
32132,3832242,4,3832246
32133,3832341,7,3832348
32134,3832353,19,3832372
32135,3832404,31,3832435
32136,3832472,13,3832485
32137,3832611,36,3832647
32138,3832721,8,3832729
32139,3832942,62,3833004
32140,3833158,17,3833175
32141,3833274,4,3833278
32142,3833306,5,3833311
32143,3833331,58,3833389
32144,3833699,2,3833701
32145,3833708,7,3833715
32146,3833813,3,3833816
32147,3833931,63,3833994
32148,3834203,25,3834228
32149,3834232,33,3834265
32150,3834276,44,3834320
32151,3834419,15,3834434
32152,3834460,20,3834480
32153,3834570,6,3834576
32154,3834581,4,3834585
32155,3834649,56,3834705
32156,3834755,7,3834762
32157,3834768,1,3834769
32158,3835594,13,3835607
32159,3835716,12,3835728
32160,3835851,25,3835876
32161,3835967,120,3836087
32162,3836110,15,3836125
32163,3836149,66,3836215
32164,3836393,13,3836406
32165,3836466,14,3836480
32166,3836598,4,3836602
32167,3836638,12,3836650
32168,3836662,5,3836667
32169,3836864,7,3836871
32170,3837018,8,3837026
32171,3837238,14,3837252
32172,3837279,11,3837290
32173,3837509,22,3837531
32174,3837568,10,3837578
32175,3837690,43,3837733
32176,3837859,83,3837942
32177,3838025,1,3838026
32178,3838056,2,3838058
32179,3838154,20,3838174
32180,3838218,62,3838280
32181,3838502,78,3838580
32182,3838596,11,3838607
32183,3838618,38,3838656
32184,3838669,13,3838682
32185,3838692,21,3838713
32186,3838991,2,3838993
32187,3839185,3,3839188
32188,3839280,11,3839291
32189,3839335,94,3839429
32190,3839501,54,3839555
32191,3839641,14,3839655
32192,3839804,68,3839872
32193,3839943,3,3839946
32194,3840141,5,3840146
32195,3840177,76,3840253
32196,3840268,6,3840274
32197,3840409,2,3840411
32198,3840475,26,3840501
32199,3840532,2,3840534
32200,3840664,3,3840667
32201,3840771,23,3840794
32202,3840836,33,3840869
32203,3841141,6,3841147
32204,3841203,7,3841210
32205,3841401,5,3841406
32206,3841411,5,3841416
32207,3841650,1,3841651
32208,3841741,21,3841762
32209,3841957,18,3841975
32210,3841979,14,3841993
32211,3842043,19,3842062
32212,3842106,1,3842107
32213,3842230,57,3842287
32214,3842292,6,3842298
32215,3842311,12,3842323
32216,3842349,3,3842352
32217,3842373,13,3842386
32218,3842655,48,3842703
32219,3842728,35,3842763
32220,3842801,20,3842821
32221,3842864,4,3842868
32222,3842973,64,3843037
32223,3843054,20,3843074
32224,3843145,10,3843155
32225,3843163,24,3843187
32226,3843369,21,3843390
32227,3843705,34,3843739
32228,3843767,10,3843777
32229,3844088,6,3844094
32230,3844248,7,3844255
32231,3844281,3,3844284
32232,3844286,10,3844296
32233,3844395,23,3844418
32234,3844498,29,3844527
32235,3844532,25,3844557
32236,3844568,43,3844611
32237,3844713,18,3844731
32238,3844732,6,3844738
32239,3844886,9,3844895
32240,3844949,8,3844957
32241,3845001,18,3845019
32242,3845252,8,3845260
32243,3845415,12,3845427
32244,3845494,6,3845500
32245,3845725,36,3845761
32246,3845900,7,3845907
32247,3846285,20,3846305
32248,3846359,20,3846379
32249,3846409,15,3846424
32250,3846472,6,3846478
32251,3846490,9,3846499
32252,3846597,53,3846650
32253,3846676,79,3846755
32254,3846858,25,3846883
32255,3846912,149,3847061
32256,3847084,5,3847089
32257,3847098,27,3847125
32258,3847352,6,3847358
32259,3847385,5,3847390
32260,3847521,38,3847559
32261,3847714,4,3847718
32262,3847730,67,3847797
32263,3847868,6,3847874
32264,3847979,22,3848001
32265,3848006,36,3848042
32266,3848044,38,3848082
32267,3848138,25,3848163
32268,3848187,25,3848212
32269,3848386,7,3848393
32270,3848446,3,3848449
32271,3848590,7,3848597
32272,3848606,10,3848616
32273,3848642,2,3848644
32274,3848683,14,3848697
32275,3848705,10,3848715
32276,3848738,22,3848760
32277,3848809,1,3848810
32278,3848883,29,3848912
32279,3848935,61,3848996
32280,3849000,16,3849016
32281,3849121,6,3849127
32282,3849151,13,3849164
32283,3849215,11,3849226
32284,3849505,33,3849538
32285,3849632,1,3849633
32286,3849673,7,3849680
32287,3849709,12,3849721
32288,3849731,4,3849735
32289,3849841,2,3849843
32290,3849909,8,3849917
32291,3850201,33,3850234
32292,3850305,3,3850308
32293,3850355,48,3850403
32294,3850800,9,3850809
32295,3850902,1,3850903
32296,3850906,7,3850913
32297,3850991,15,3851006
32298,3851023,4,3851027
32299,3851251,4,3851255
32300,3851356,2,3851358
32301,3851397,13,3851410
32302,3851450,31,3851481
32303,3851663,29,3851692
32304,3851997,1,3851998
32305,3852023,8,3852031
32306,3852191,3,3852194
32307,3852242,2,3852244
32308,3852265,45,3852310
32309,3852377,29,3852406
32310,3852945,10,3852955
32311,3853102,20,3853122
32312,3853423,11,3853434
32313,3853759,29,3853788
32314,3853843,4,3853847
32315,3853960,2,3853962
32316,3854029,25,3854054
32317,3854301,33,3854334
32318,3854369,8,3854377
32319,3854388,9,3854397
32320,3854545,6,3854551
32321,3854590,44,3854634
32322,3854696,9,3854705
32323,3854731,38,3854769
32324,3854862,24,3854886
32325,3854914,16,3854930
32326,3854933,1,3854934
32327,3855479,32,3855511
32328,3855539,18,3855557
32329,3855594,22,3855616
32330,3855635,16,3855651
32331,3855677,1,3855678
32332,3855733,5,3855738
32333,3855932,14,3855946
32334,3855990,18,3856008
32335,3856036,27,3856063
32336,3856068,17,3856085
32337,3856200,2,3856202
32338,3856363,12,3856375
32339,3856454,5,3856459
32340,3856714,9,3856723
32341,3856735,8,3856743
32342,3856869,8,3856877
32343,3856897,14,3856911
32344,3856940,5,3856945
32345,3857231,95,3857326
32346,3857364,5,3857369
32347,3857459,132,3857591
32348,3857609,7,3857616
32349,3857748,12,3857760
32350,3858108,25,3858133
32351,3858161,3,3858164
32352,3858252,4,3858256
32353,3858308,20,3858328
32354,3858332,3,3858335
32355,3858338,1,3858339
32356,3858558,11,3858569
32357,3858614,1,3858615
32358,3858627,28,3858655
32359,3858670,8,3858678
32360,3858693,8,3858701
32361,3858703,13,3858716
32362,3858761,96,3858857
32363,3858871,7,3858878
32364,3858912,37,3858949
32365,3859160,12,3859172
32366,3859251,20,3859271
32367,3859286,8,3859294
32368,3859383,22,3859405
32369,3859458,1,3859459
32370,3859525,4,3859529
32371,3859581,18,3859599
32372,3859725,7,3859732
32373,3859762,1,3859763
32374,3859828,44,3859872
32375,3859919,12,3859931
32376,3859968,13,3859981
32377,3860066,23,3860089
32378,3860117,7,3860124
32379,3860461,17,3860478
32380,3860505,30,3860535
32381,3860578,29,3860607
32382,3860630,7,3860637
32383,3860763,21,3860784
32384,3860786,7,3860793
32385,3860814,3,3860817
32386,3860940,13,3860953
32387,3861032,59,3861091
32388,3861111,23,3861134
32389,3861138,6,3861144
32390,3861214,9,3861223
32391,3861528,44,3861572
32392,3861587,17,3861604
32393,3861792,20,3861812
32394,3861939,50,3861989
32395,3861998,25,3862023
32396,3862111,32,3862143
32397,3862427,27,3862454
32398,3862747,23,3862770
32399,3862886,32,3862918
32400,3863014,33,3863047
32401,3863212,30,3863242
32402,3863743,2,3863745
32403,3863876,46,3863922
32404,3863936,1,3863937
32405,3864092,12,3864104
32406,3864121,9,3864130
32407,3864140,22,3864162
32408,3864164,25,3864189
32409,3864331,26,3864357
32410,3864401,22,3864423
32411,3864428,18,3864446
32412,3864453,59,3864512
32413,3864576,5,3864581
32414,3864727,38,3864765
32415,3864797,29,3864826
32416,3864917,12,3864929
32417,3864942,60,3865002
32418,3865048,14,3865062
32419,3865080,2,3865082
32420,3865132,17,3865149
32421,3865200,37,3865237
32422,3865332,13,3865345
32423,3865374,23,3865397
32424,3865470,32,3865502
32425,3865517,10,3865527
32426,3865610,2,3865612
32427,3865720,51,3865771
32428,3865823,16,3865839
32429,3865885,19,3865904
32430,3865921,24,3865945
32431,3866028,35,3866063
32432,3866157,24,3866181
32433,3866413,50,3866463
32434,3866467,9,3866476
32435,3866531,37,3866568
32436,3866588,6,3866594
32437,3866619,19,3866638
32438,3866741,10,3866751
32439,3866772,18,3866790
32440,3866875,10,3866885
32441,3866941,8,3866949
32442,3866981,4,3866985
32443,3867178,54,3867232
32444,3867242,29,3867271
32445,3867306,6,3867312
32446,3867464,7,3867471
32447,3867561,33,3867594
32448,3867709,19,3867728
32449,3867930,25,3867955
32450,3868166,7,3868173
32451,3868220,22,3868242
32452,3868293,49,3868342
32453,3868360,17,3868377
32454,3868392,5,3868397
32455,3868431,25,3868456
32456,3868507,27,3868534
32457,3868773,5,3868778
32458,3868856,1,3868857
32459,3869027,2,3869029
32460,3869176,23,3869199
32461,3869336,15,3869351
32462,3869643,1,3869644
32463,3869784,5,3869789
32464,3869945,25,3869970
32465,3870156,33,3870189
32466,3870320,123,3870443
32467,3870496,29,3870525
32468,3870598,11,3870609
32469,3870835,5,3870840
32470,3871162,35,3871197
32471,3871261,14,3871275
32472,3871310,6,3871316
32473,3871324,6,3871330
32474,3871397,5,3871402
32475,3871459,21,3871480
32476,3871723,11,3871734
32477,3871759,1,3871760
32478,3871784,41,3871825
32479,3871843,2,3871845
32480,3871858,6,3871864
32481,3871977,20,3871997
32482,3872019,22,3872041
32483,3872137,6,3872143
32484,3872158,11,3872169
32485,3872196,30,3872226
32486,3872307,30,3872337
32487,3872569,13,3872582
32488,3872599,44,3872643
32489,3872803,34,3872837
32490,3872844,63,3872907
32491,3872957,76,3873033
32492,3873081,82,3873163
32493,3873195,2,3873197
32494,3873225,26,3873251
32495,3873424,12,3873436
32496,3873587,49,3873636
32497,3874003,1,3874004
32498,3874118,38,3874156
32499,3874234,6,3874240
32500,3874246,11,3874257
32501,3874305,1,3874306
32502,3874394,1,3874395
32503,3874442,1,3874443
32504,3874493,53,3874546
32505,3874644,1,3874645
32506,3874866,13,3874879
32507,3874892,20,3874912
32508,3875045,11,3875056
32509,3875067,3,3875070
32510,3875321,4,3875325
32511,3875446,14,3875460
32512,3875769,1,3875770
32513,3875808,12,3875820
32514,3875853,10,3875863
32515,3876018,41,3876059
32516,3876098,37,3876135
32517,3876221,16,3876237
32518,3876242,39,3876281
32519,3876520,10,3876530
32520,3876577,53,3876630
32521,3876672,5,3876677
32522,3876700,52,3876752
32523,3876814,1,3876815
32524,3876970,11,3876981
32525,3876988,6,3876994
32526,3877516,29,3877545
32527,3877558,8,3877566
32528,3877809,1,3877810
32529,3877845,35,3877880
32530,3878014,34,3878048
32531,3878062,2,3878064
32532,3878325,65,3878390
32533,3878554,3,3878557
32534,3878644,9,3878653
32535,3878677,24,3878701
32536,3878737,7,3878744
32537,3878935,6,3878941
32538,3879006,4,3879010
32539,3879014,4,3879018
32540,3879081,20,3879101
32541,3879201,24,3879225
32542,3879229,18,3879247
32543,3879256,23,3879279
32544,3879340,22,3879362
32545,3879412,11,3879423
32546,3879558,7,3879565
32547,3879612,1,3879613
32548,3879624,1,3879625
32549,3879717,9,3879726
32550,3879906,10,3879916
32551,3879943,16,3879959
32552,3880156,13,3880169
32553,3880244,12,3880256
32554,3880303,43,3880346
32555,3880423,5,3880428
32556,3880442,9,3880451
32557,3880497,30,3880527
32558,3880711,25,3880736
32559,3880787,9,3880796
32560,3880925,27,3880952
32561,3881068,11,3881079
32562,3881475,37,3881512
32563,3881548,19,3881567
32564,3881599,45,3881644
32565,3881661,40,3881701
32566,3881742,14,3881756
32567,3881775,1,3881776
32568,3881795,48,3881843
32569,3881961,5,3881966
32570,3882128,49,3882177
32571,3882195,6,3882201
32572,3882265,16,3882281
32573,3882292,80,3882372
32574,3882389,1,3882390
32575,3882511,5,3882516
32576,3882552,12,3882564
32577,3882610,4,3882614
32578,3882675,32,3882707
32579,3882752,12,3882764
32580,3882791,2,3882793
32581,3882962,1,3882963
32582,3883024,17,3883041
32583,3883079,3,3883082
32584,3883087,56,3883143
32585,3883191,50,3883241
32586,3883375,18,3883393
32587,3883656,1,3883657
32588,3883689,1,3883690
32589,3883701,10,3883711
32590,3883828,8,3883836
32591,3884067,56,3884123
32592,3884209,37,3884246
32593,3884673,57,3884730
32594,3884731,30,3884761
32595,3884872,32,3884904
32596,3885228,13,3885241
32597,3885302,17,3885319
32598,3885425,31,3885456
32599,3885713,1,3885714
32600,3885727,1,3885728
32601,3885815,17,3885832
32602,3885898,47,3885945
32603,3886207,16,3886223
32604,3886384,3,3886387
32605,3886595,24,3886619
32606,3886678,1,3886679
32607,3886965,4,3886969
32608,3886987,15,3887002
32609,3887171,75,3887246
32610,3887284,5,3887289
32611,3887299,1,3887300
32612,3887394,45,3887439
32613,3887447,10,3887457
32614,3887576,16,3887592
32615,3887626,5,3887631
32616,3887726,19,3887745
32617,3887792,13,3887805
32618,3887816,72,3887888
32619,3887939,40,3887979
32620,3888569,44,3888613
32621,3888660,13,3888673
32622,3888776,10,3888786
32623,3889021,8,3889029
32624,3889176,43,3889219
32625,3889382,3,3889385
32626,3889390,24,3889414
32627,3889517,7,3889524
32628,3889622,1,3889623
32629,3889693,21,3889714
32630,3889916,8,3889924
32631,3890093,9,3890102
32632,3890123,8,3890131
32633,3890187,37,3890224
32634,3890305,9,3890314
32635,3890583,49,3890632
32636,3890718,33,3890751
32637,3890760,57,3890817
32638,3890828,1,3890829
32639,3890843,85,3890928
32640,3890953,3,3890956
32641,3891075,1,3891076
32642,3891227,6,3891233
32643,3891277,22,3891299
32644,3891510,17,3891527
32645,3891552,20,3891572
32646,3891579,32,3891611
32647,3891749,2,3891751
32648,3891762,14,3891776
32649,3891831,13,3891844
32650,3891870,87,3891957
32651,3892251,9,3892260
32652,3892312,29,3892341
32653,3892371,3,3892374
32654,3892463,4,3892467
32655,3892553,4,3892557
32656,3892559,8,3892567
32657,3892713,16,3892729
32658,3892921,2,3892923
32659,3893118,9,3893127
32660,3893191,13,3893204
32661,3893357,10,3893367
32662,3893399,13,3893412
32663,3893491,10,3893501
32664,3893677,19,3893696
32665,3893702,6,3893708
32666,3893855,1,3893856
32667,3893936,4,3893940
32668,3894090,1,3894091
32669,3894225,10,3894235
32670,3894314,13,3894327
32671,3894416,15,3894431
32672,3894520,21,3894541
32673,3894618,41,3894659
32674,3894692,18,3894710
32675,3894751,6,3894757
32676,3894819,5,3894824
32677,3894926,42,3894968
32678,3895111,68,3895179
32679,3895351,14,3895365
32680,3895468,11,3895479
32681,3895543,28,3895571
32682,3895582,12,3895594
32683,3895710,4,3895714
32684,3895756,8,3895764
32685,3895769,41,3895810
32686,3895864,3,3895867
32687,3895868,6,3895874
32688,3895917,67,3895984
32689,3896094,10,3896104
32690,3896227,10,3896237
32691,3896244,1,3896245
32692,3896333,69,3896402
32693,3896812,4,3896816
32694,3896865,14,3896879
32695,3897003,17,3897020
32696,3897257,52,3897309
32697,3897470,47,3897517
32698,3897630,6,3897636
32699,3897709,38,3897747
32700,3898312,24,3898336
32701,3898413,11,3898424
32702,3898467,25,3898492
32703,3898495,7,3898502
32704,3898567,33,3898600
32705,3898651,35,3898686
32706,3898903,14,3898917
32707,3898956,10,3898966
32708,3898982,7,3898989
32709,3899029,2,3899031
32710,3899063,11,3899074
32711,3899081,16,3899097
32712,3899371,56,3899427
32713,3899465,3,3899468
32714,3899664,5,3899669
32715,3899732,4,3899736
32716,3899748,29,3899777
32717,3899891,33,3899924
32718,3900386,8,3900394
32719,3900550,1,3900551
32720,3900735,13,3900748
32721,3900899,4,3900903
32722,3901061,83,3901144
32723,3901169,16,3901185
32724,3901560,12,3901572
32725,3901599,6,3901605
32726,3901642,46,3901688
32727,3901703,55,3901758
32728,3901891,4,3901895
32729,3901986,12,3901998
32730,3902014,20,3902034
32731,3902124,16,3902140
32732,3902331,34,3902365
32733,3902453,2,3902455
32734,3902479,22,3902501
32735,3902596,19,3902615
32736,3902619,21,3902640
32737,3902885,13,3902898
32738,3902975,4,3902979
32739,3903024,1,3903025
32740,3903138,5,3903143
32741,3903244,13,3903257
32742,3903352,5,3903357
32743,3903486,43,3903529
32744,3903617,20,3903637
32745,3903645,22,3903667
32746,3903689,9,3903698
32747,3903767,16,3903783
32748,3903851,40,3903891
32749,3903926,60,3903986
32750,3904029,17,3904046
32751,3904127,6,3904133
32752,3904181,13,3904194
32753,3904316,24,3904340
32754,3904648,2,3904650
32755,3904742,6,3904748
32756,3904789,13,3904802
32757,3904913,8,3904921
32758,3905194,2,3905196
32759,3905427,20,3905447
32760,3905618,1,3905619
32761,3905874,3,3905877
32762,3906067,13,3906080
32763,3906200,21,3906221
32764,3906368,12,3906380
32765,3906446,4,3906450
32766,3906473,55,3906528
32767,3906765,30,3906795
32768,3906818,56,3906874
32769,3907053,9,3907062
32770,3907064,13,3907077
32771,3907086,6,3907092
32772,3907121,28,3907149
32773,3907297,23,3907320
32774,3907428,48,3907476
32775,3907619,7,3907626
32776,3907653,14,3907667
32777,3907687,4,3907691
32778,3907798,28,3907826
32779,3907884,40,3907924
32780,3908053,50,3908103
32781,3908288,19,3908307
32782,3908340,41,3908381
32783,3908592,20,3908612
32784,3908639,72,3908711
32785,3908849,15,3908864
32786,3909016,30,3909046
32787,3909121,31,3909152
32788,3909156,4,3909160
32789,3909179,7,3909186
32790,3909220,2,3909222
32791,3909374,5,3909379
32792,3909385,6,3909391
32793,3909488,8,3909496
32794,3909667,12,3909679
32795,3909733,9,3909742
32796,3909746,17,3909763
32797,3909792,27,3909819
32798,3910195,14,3910209
32799,3910229,4,3910233
32800,3910327,39,3910366
32801,3910399,6,3910405
32802,3910517,40,3910557
32803,3910635,2,3910637
32804,3910683,30,3910713
32805,3910805,42,3910847
32806,3910853,2,3910855
32807,3910896,14,3910910
32808,3911032,26,3911058
32809,3911065,4,3911069
32810,3911319,84,3911403
32811,3911527,5,3911532
32812,3911576,34,3911610
32813,3911788,2,3911790
32814,3911856,32,3911888
32815,3911940,53,3911993
32816,3912062,20,3912082
32817,3912246,10,3912256
32818,3912369,13,3912382
32819,3912556,14,3912570
32820,3912624,21,3912645
32821,3912663,45,3912708
32822,3912774,20,3912794
32823,3912831,3,3912834
32824,3912899,16,3912915
32825,3913036,42,3913078
32826,3913092,9,3913101
32827,3913405,9,3913414
32828,3913634,3,3913637
32829,3913667,52,3913719
32830,3913936,1,3913937
32831,3914066,3,3914069
32832,3914103,39,3914142
32833,3914317,53,3914370
32834,3914488,11,3914499
32835,3914585,73,3914658
32836,3914708,15,3914723
32837,3915084,12,3915096
32838,3915270,11,3915281
32839,3915302,7,3915309
32840,3915320,19,3915339
32841,3915351,14,3915365
32842,3915423,4,3915427
32843,3915595,31,3915626
32844,3915731,20,3915751
32845,3915777,1,3915778
32846,3915933,1,3915934
32847,3915938,3,3915941
32848,3916056,3,3916059
32849,3916100,6,3916106
32850,3916200,7,3916207
32851,3916233,3,3916236
32852,3916241,8,3916249
32853,3916414,25,3916439
32854,3916616,62,3916678
32855,3916725,4,3916729
32856,3916855,12,3916867
32857,3916900,13,3916913
32858,3916961,53,3917014
32859,3917161,22,3917183
32860,3917334,16,3917350
32861,3917494,110,3917604
32862,3917832,4,3917836
32863,3917839,18,3917857
32864,3917871,4,3917875
32865,3917906,3,3917909
32866,3917988,34,3918022
32867,3918059,4,3918063
32868,3918187,72,3918259
32869,3918362,2,3918364
32870,3918460,7,3918467
32871,3918502,2,3918504
32872,3918542,6,3918548
32873,3918579,12,3918591
32874,3918694,7,3918701
32875,3918976,52,3919028
32876,3919074,71,3919145
32877,3919182,9,3919191
32878,3919320,8,3919328
32879,3919436,18,3919454
32880,3919514,21,3919535
32881,3919541,38,3919579
32882,3919580,20,3919600
32883,3919694,7,3919701
32884,3919828,24,3919852
32885,3919921,3,3919924
32886,3920035,38,3920073
32887,3920114,2,3920116
32888,3920205,13,3920218
32889,3920246,5,3920251
32890,3920268,20,3920288
32891,3920298,3,3920301
32892,3920360,33,3920393
32893,3920572,6,3920578
32894,3920623,12,3920635
32895,3920689,15,3920704
32896,3920782,4,3920786
32897,3920901,92,3920993
32898,3921173,20,3921193
32899,3921315,7,3921322
32900,3921403,30,3921433
32901,3921484,53,3921537
32902,3921564,2,3921566
32903,3921593,11,3921604
32904,3921641,21,3921662
32905,3921702,50,3921752
32906,3921833,11,3921844
32907,3921903,38,3921941
32908,3921951,26,3921977
32909,3921995,25,3922020
32910,3922053,27,3922080
32911,3922314,13,3922327
32912,3922368,5,3922373
32913,3922398,13,3922411
32914,3922474,1,3922475
32915,3922641,7,3922648
32916,3922737,18,3922755
32917,3923011,27,3923038
32918,3923081,22,3923103
32919,3923179,19,3923198
32920,3923343,4,3923347
32921,3923407,27,3923434
32922,3923682,6,3923688
32923,3923695,6,3923701
32924,3923733,27,3923760
32925,3923933,5,3923938
32926,3923970,2,3923972
32927,3924162,35,3924197
32928,3924230,13,3924243
32929,3924298,13,3924311
32930,3924405,2,3924407
32931,3924495,10,3924505
32932,3924662,7,3924669
32933,3924684,10,3924694
32934,3924736,1,3924737
32935,3924785,3,3924788
32936,3924899,1,3924900
32937,3924956,67,3925023
32938,3925174,3,3925177
32939,3925312,1,3925313
32940,3925327,2,3925329
32941,3925720,52,3925772
32942,3925785,15,3925800
32943,3925828,27,3925855
32944,3925874,3,3925877
32945,3925899,11,3925910
32946,3925919,1,3925920
32947,3925961,7,3925968
32948,3925970,3,3925973
32949,3926002,2,3926004
32950,3926230,5,3926235
32951,3926469,2,3926471
32952,3926569,56,3926625
32953,3926806,24,3926830
32954,3926846,10,3926856
32955,3926894,51,3926945
32956,3927050,14,3927064
32957,3927137,27,3927164
32958,3927193,24,3927217
32959,3927328,10,3927338
32960,3927350,15,3927365
32961,3927379,18,3927397
32962,3927417,39,3927456
32963,3927473,13,3927486
32964,3927530,1,3927531
32965,3927551,1,3927552
32966,3927553,2,3927555
32967,3927758,16,3927774
32968,3927894,9,3927903
32969,3927913,12,3927925
32970,3928120,7,3928127
32971,3928225,29,3928254
32972,3928403,9,3928412
32973,3928672,18,3928690
32974,3928704,1,3928705
32975,3928709,1,3928710
32976,3928729,3,3928732
32977,3928762,24,3928786
32978,3929117,56,3929173
32979,3929251,11,3929262
32980,3929355,7,3929362
32981,3929473,9,3929482
32982,3929488,107,3929595
32983,3929666,5,3929671
32984,3929794,3,3929797
32985,3929808,11,3929819
32986,3929896,26,3929922
32987,3930185,26,3930211
32988,3930243,1,3930244
32989,3930295,39,3930334
32990,3930696,23,3930719
32991,3930842,20,3930862
32992,3930954,3,3930957
32993,3931227,42,3931269
32994,3931332,15,3931347
32995,3931555,18,3931573
32996,3931641,9,3931650
32997,3931868,2,3931870
32998,3932011,25,3932036
32999,3932208,48,3932256
33000,3932294,1,3932295
33001,3932297,33,3932330
33002,3932331,24,3932355
33003,3932372,23,3932395
33004,3932455,9,3932464
33005,3932583,12,3932595
33006,3932635,6,3932641
33007,3932689,3,3932692
33008,3932940,85,3933025
33009,3933038,11,3933049
33010,3933227,19,3933246
33011,3933367,3,3933370
33012,3933443,4,3933447
33013,3933502,24,3933526
33014,3933544,37,3933581
33015,3933627,19,3933646
33016,3933663,3,3933666
33017,3933736,6,3933742
33018,3933748,37,3933785
33019,3933795,1,3933796
33020,3933913,15,3933928
33021,3933945,2,3933947
33022,3933965,9,3933974
33023,3934069,17,3934086
33024,3934148,1,3934149
33025,3934226,3,3934229
33026,3934240,14,3934254
33027,3934313,28,3934341
33028,3934512,3,3934515
33029,3934517,7,3934524
33030,3934585,13,3934598
33031,3934742,7,3934749
33032,3934869,5,3934874
33033,3935025,27,3935052
33034,3935179,34,3935213
33035,3935439,5,3935444
33036,3935460,21,3935481
33037,3935628,96,3935724
33038,3935726,6,3935732
33039,3935961,34,3935995
33040,3936035,2,3936037
33041,3936153,6,3936159
33042,3936317,2,3936319
33043,3936569,21,3936590
33044,3936769,9,3936778
33045,3936908,6,3936914
33046,3936930,5,3936935
33047,3936936,39,3936975
33048,3936976,9,3936985
33049,3937332,80,3937412
33050,3937499,62,3937561
33051,3937586,12,3937598
33052,3937733,5,3937738
33053,3937792,19,3937811
33054,3937846,20,3937866
33055,3937929,53,3937982
33056,3938026,11,3938037
33057,3938183,15,3938198
33058,3938293,34,3938327
33059,3938363,32,3938395
33060,3938424,6,3938430
33061,3938444,12,3938456
33062,3938582,3,3938585
33063,3938692,9,3938701
33064,3938741,11,3938752
33065,3938787,35,3938822
33066,3938843,14,3938857
33067,3938889,4,3938893
33068,3938971,38,3939009
33069,3939025,13,3939038
33070,3939175,4,3939179
33071,3939281,8,3939289
33072,3939772,22,3939794
33073,3939796,2,3939798
33074,3939799,40,3939839
33075,3939989,4,3939993
33076,3940082,25,3940107
33077,3940296,24,3940320
33078,3940358,34,3940392
33079,3940469,2,3940471
33080,3940493,14,3940507
33081,3940608,18,3940626
33082,3940635,5,3940640
33083,3940700,22,3940722
33084,3940903,10,3940913
33085,3941082,8,3941090
33086,3941108,19,3941127
33087,3941145,8,3941153
33088,3941173,3,3941176
33089,3941401,13,3941414
33090,3941418,8,3941426
33091,3941620,36,3941656
33092,3941890,10,3941900
33093,3941975,26,3942001
33094,3942015,12,3942027
33095,3942070,23,3942093
33096,3942132,4,3942136
33097,3942301,7,3942308
33098,3942569,9,3942578
33099,3942982,51,3943033
33100,3943251,4,3943255
33101,3943481,72,3943553
33102,3943597,24,3943621
33103,3943638,30,3943668
33104,3943687,1,3943688
33105,3943697,17,3943714
33106,3943840,25,3943865
33107,3943902,42,3943944
33108,3943967,15,3943982
33109,3943989,26,3944015
33110,3944196,49,3944245
33111,3944323,17,3944340
33112,3944570,12,3944582
33113,3944628,13,3944641
33114,3944659,26,3944685
33115,3944692,11,3944703
33116,3944728,20,3944748
33117,3944754,7,3944761
33118,3944828,7,3944835
33119,3945300,30,3945330
33120,3945365,4,3945369
33121,3945621,12,3945633
33122,3945695,2,3945697
33123,3945787,11,3945798
33124,3945849,32,3945881
33125,3946153,10,3946163
33126,3946206,41,3946247
33127,3946272,28,3946300
33128,3946533,30,3946563
33129,3946579,2,3946581
33130,3946711,38,3946749
33131,3946784,16,3946800
33132,3946856,8,3946864
33133,3946980,13,3946993
33134,3947128,46,3947174
33135,3947196,15,3947211
33136,3947456,14,3947470
33137,3947492,15,3947507
33138,3947666,23,3947689
33139,3947735,27,3947762
33140,3948007,44,3948051
33141,3948322,1,3948323
33142,3948337,37,3948374
33143,3948383,52,3948435
33144,3948454,10,3948464
33145,3948489,25,3948514
33146,3948594,4,3948598
33147,3948661,20,3948681
33148,3948704,21,3948725
33149,3948733,3,3948736
33150,3948884,31,3948915
33151,3949151,2,3949153
33152,3949166,8,3949174
33153,3949322,16,3949338
33154,3949355,8,3949363
33155,3949365,4,3949369
33156,3949417,38,3949455
33157,3949741,5,3949746
33158,3949775,5,3949780
33159,3949887,45,3949932
33160,3949989,17,3950006
33161,3950038,4,3950042
33162,3950103,21,3950124
33163,3950227,19,3950246
33164,3950318,4,3950322
33165,3950377,42,3950419
33166,3950623,10,3950633
33167,3950642,53,3950695
33168,3950751,39,3950790
33169,3951022,22,3951044
33170,3951150,26,3951176
33171,3951248,5,3951253
33172,3951282,2,3951284
33173,3951357,44,3951401
33174,3951538,11,3951549
33175,3952015,3,3952018
33176,3952265,31,3952296
33177,3952374,1,3952375
33178,3952432,37,3952469
33179,3952595,5,3952600
33180,3952709,15,3952724
33181,3952742,13,3952755
33182,3952820,25,3952845
33183,3952926,14,3952940
33184,3953066,1,3953067
33185,3953256,60,3953316
33186,3953352,20,3953372
33187,3953419,4,3953423
33188,3953585,4,3953589
33189,3953761,17,3953778
33190,3953809,7,3953816
33191,3953934,59,3953993
33192,3953997,40,3954037
33193,3954070,2,3954072
33194,3954136,3,3954139
33195,3954205,17,3954222
33196,3954281,11,3954292
33197,3954507,11,3954518
33198,3954520,34,3954554
33199,3954573,13,3954586
33200,3954592,15,3954607
33201,3954613,58,3954671
33202,3954736,13,3954749
33203,3954859,16,3954875
33204,3954889,45,3954934
33205,3954947,6,3954953
33206,3955063,12,3955075
33207,3955139,6,3955145
33208,3955244,31,3955275
33209,3955371,1,3955372
33210,3955377,4,3955381
33211,3955724,27,3955751
33212,3955809,9,3955818
33213,3955879,12,3955891
33214,3955988,47,3956035
33215,3956047,26,3956073
33216,3956133,19,3956152
33217,3956156,3,3956159
33218,3956238,11,3956249
33219,3956288,23,3956311
33220,3956435,8,3956443
33221,3956487,30,3956517
33222,3956584,18,3956602
33223,3956734,49,3956783
33224,3957342,11,3957353
33225,3957427,11,3957438
33226,3957452,6,3957458
33227,3957489,59,3957548
33228,3957555,12,3957567
33229,3957921,6,3957927
33230,3957941,48,3957989
33231,3958007,4,3958011
33232,3958254,55,3958309
33233,3958344,7,3958351
33234,3958536,7,3958543
33235,3958661,41,3958702
33236,3958905,1,3958906
33237,3958911,2,3958913
33238,3958973,4,3958977
33239,3959010,63,3959073
33240,3959079,19,3959098
33241,3959181,9,3959190
33242,3959208,69,3959277
33243,3959659,56,3959715
33244,3959728,4,3959732
33245,3959779,11,3959790
33246,3959791,28,3959819
33247,3959884,32,3959916
33248,3960018,5,3960023
33249,3960073,17,3960090
33250,3960137,14,3960151
33251,3960317,10,3960327
33252,3960328,41,3960369
33253,3960392,32,3960424
33254,3960449,25,3960474
33255,3960752,3,3960755
33256,3960789,17,3960806
33257,3960922,15,3960937
33258,3961039,27,3961066
33259,3961339,2,3961341
33260,3961584,13,3961597
33261,3961730,46,3961776
33262,3961801,42,3961843
33263,3961916,47,3961963
33264,3962317,8,3962325
33265,3962441,11,3962452
33266,3962698,11,3962709
33267,3962771,3,3962774
33268,3963108,31,3963139
33269,3963183,9,3963192
33270,3963204,3,3963207
33271,3963385,7,3963392
33272,3963441,21,3963462
33273,3963608,16,3963624
33274,3963716,12,3963728
33275,3963760,24,3963784
33276,3963842,16,3963858
33277,3964173,21,3964194
33278,3964197,6,3964203
33279,3964348,7,3964355
33280,3964371,3,3964374
33281,3964434,9,3964443
33282,3964546,31,3964577
33283,3965129,29,3965158
33284,3965252,8,3965260
33285,3965387,10,3965397
33286,3965457,7,3965464
33287,3965549,5,3965554
33288,3965768,9,3965777
33289,3965940,23,3965963
33290,3966077,6,3966083
33291,3966154,4,3966158
33292,3966188,9,3966197
33293,3966199,60,3966259
33294,3966343,1,3966344
33295,3966488,8,3966496
33296,3966601,3,3966604
33297,3966664,47,3966711
33298,3966753,43,3966796
33299,3967007,7,3967014
33300,3967036,39,3967075
33301,3967223,11,3967234
33302,3967305,57,3967362
33303,3967370,11,3967381
33304,3967451,19,3967470
33305,3967519,15,3967534
33306,3967596,89,3967685
33307,3967730,54,3967784
33308,3968118,63,3968181
33309,3968186,16,3968202
33310,3968456,4,3968460
33311,3968525,52,3968577
33312,3968611,3,3968614
33313,3968668,11,3968679
33314,3968753,27,3968780
33315,3968938,5,3968943
33316,3969089,4,3969093
33317,3969137,41,3969178
33318,3969223,12,3969235
33319,3969380,5,3969385
33320,3969583,6,3969589
33321,3969670,2,3969672
33322,3969726,57,3969783
33323,3969914,1,3969915
33324,3970091,2,3970093
33325,3970170,10,3970180
33326,3970238,1,3970239
33327,3970260,9,3970269
33328,3970363,31,3970394
33329,3970547,94,3970641
33330,3970711,88,3970799
33331,3970815,35,3970850
33332,3970853,43,3970896
33333,3971079,24,3971103
33334,3971306,17,3971323
33335,3971403,43,3971446
33336,3971655,19,3971674
33337,3971797,39,3971836
33338,3972059,2,3972061
33339,3972178,27,3972205
33340,3972267,77,3972344
33341,3972547,6,3972553
33342,3972574,13,3972587
33343,3972719,4,3972723
33344,3972937,54,3972991
33345,3973254,8,3973262
33346,3973448,27,3973475
33347,3973595,125,3973720
33348,3973770,28,3973798
33349,3973807,13,3973820
33350,3973821,6,3973827
33351,3973859,1,3973860
33352,3973939,5,3973944
33353,3974015,25,3974040
33354,3974145,14,3974159
33355,3974200,5,3974205
33356,3974286,43,3974329
33357,3974355,15,3974370
33358,3974436,8,3974444
33359,3974485,3,3974488
33360,3974491,43,3974534
33361,3974597,31,3974628
33362,3974768,20,3974788
33363,3974900,1,3974901
33364,3974922,3,3974925
33365,3975006,7,3975013
33366,3975105,56,3975161
33367,3975210,51,3975261
33368,3975350,70,3975420
33369,3975539,1,3975540
33370,3975597,4,3975601
33371,3975620,80,3975700
33372,3975709,16,3975725
33373,3975764,2,3975766
33374,3976062,41,3976103
33375,3976197,39,3976236
33376,3976567,26,3976593
33377,3976597,2,3976599
33378,3976660,28,3976688
33379,3976701,78,3976779
33380,3976875,24,3976899
33381,3977049,23,3977072
33382,3977110,2,3977112
33383,3977268,10,3977278
33384,3977454,34,3977488
33385,3977530,32,3977562
33386,3977679,7,3977686
33387,3977708,6,3977714
33388,3977778,60,3977838
33389,3978066,4,3978070
33390,3978104,21,3978125
33391,3978140,52,3978192
33392,3978373,23,3978396
33393,3978690,8,3978698
33394,3978808,22,3978830
33395,3978877,4,3978881
33396,3978935,25,3978960
33397,3978967,68,3979035
33398,3979038,14,3979052
33399,3979377,11,3979388
33400,3979494,9,3979503
33401,3979554,3,3979557
33402,3979674,6,3979680
33403,3979707,20,3979727
33404,3979813,22,3979835
33405,3979957,32,3979989
33406,3980024,3,3980027
33407,3980163,45,3980208
33408,3980283,12,3980295
33409,3980314,28,3980342
33410,3980368,61,3980429
33411,3980458,5,3980463
33412,3980494,26,3980520
33413,3980615,2,3980617
33414,3980808,36,3980844
33415,3980958,6,3980964
33416,3981184,10,3981194
33417,3981228,21,3981249
33418,3981436,22,3981458
33419,3981485,8,3981493
33420,3981581,52,3981633
33421,3981742,15,3981757
33422,3981974,17,3981991
33423,3982183,4,3982187
33424,3982318,41,3982359
33425,3982367,8,3982375
33426,3982380,11,3982391
33427,3982441,5,3982446
33428,3982447,20,3982467
33429,3982570,34,3982604
33430,3982613,53,3982666
33431,3982667,79,3982746
33432,3982943,31,3982974
33433,3983113,12,3983125
33434,3983170,69,3983239
33435,3983366,5,3983371
33436,3983382,38,3983420
33437,3983448,1,3983449
33438,3983659,4,3983663
33439,3983824,18,3983842
33440,3983857,7,3983864
33441,3984024,14,3984038
33442,3984149,21,3984170
33443,3984245,46,3984291
33444,3984373,55,3984428
33445,3984529,24,3984553
33446,3984575,13,3984588
33447,3984767,60,3984827
33448,3985180,33,3985213
33449,3985334,17,3985351
33450,3985399,25,3985424
33451,3985437,36,3985473
33452,3985568,9,3985577
33453,3985743,69,3985812
33454,3985861,1,3985862
33455,3985885,14,3985899
33456,3985944,16,3985960
33457,3985999,13,3986012
33458,3986058,49,3986107
33459,3986221,14,3986235
33460,3986385,14,3986399
33461,3986529,21,3986550
33462,3986636,9,3986645
33463,3986660,3,3986663
33464,3986734,13,3986747
33465,3986813,10,3986823
33466,3987001,52,3987053
33467,3987123,30,3987153
33468,3987247,6,3987253
33469,3987412,6,3987418
33470,3987448,11,3987459
33471,3987468,27,3987495
33472,3987572,17,3987589
33473,3987611,60,3987671
33474,3987742,43,3987785
33475,3987823,13,3987836
33476,3987908,1,3987909
33477,3988308,20,3988328
33478,3988519,10,3988529
33479,3988838,6,3988844
33480,3988879,1,3988880
33481,3988920,20,3988940
33482,3989057,19,3989076
33483,3989126,5,3989131
33484,3989155,24,3989179
33485,3989204,74,3989278
33486,3989414,2,3989416
33487,3989468,28,3989496
33488,3989664,6,3989670
33489,3989807,11,3989818
33490,3990109,43,3990152
33491,3990206,10,3990216
33492,3990300,2,3990302
33493,3990715,3,3990718
33494,3990837,74,3990911
33495,3990932,43,3990975
33496,3990980,35,3991015
33497,3991082,3,3991085
33498,3991111,22,3991133
33499,3991180,50,3991230
33500,3991400,28,3991428
33501,3991480,1,3991481
33502,3991489,38,3991527
33503,3991648,1,3991649
33504,3991683,42,3991725
33505,3991781,11,3991792
33506,3991834,14,3991848
33507,3991900,26,3991926
33508,3992017,17,3992034
33509,3992152,5,3992157
33510,3992339,1,3992340
33511,3992350,25,3992375
33512,3992377,3,3992380
33513,3992455,2,3992457
33514,3992505,47,3992552
33515,3992656,10,3992666
33516,3992812,13,3992825
33517,3992862,5,3992867
33518,3992872,5,3992877
33519,3993064,11,3993075
33520,3993146,35,3993181
33521,3993300,41,3993341
33522,3993523,10,3993533
33523,3993575,5,3993580
33524,3993597,2,3993599
33525,3993919,15,3993934
33526,3994190,24,3994214
33527,3994234,13,3994247
33528,3994259,2,3994261
33529,3994305,11,3994316
33530,3994542,32,3994574
33531,3994648,26,3994674
33532,3994684,8,3994692
33533,3994746,21,3994767
33534,3994981,9,3994990
33535,3995149,5,3995154
33536,3995164,35,3995199
33537,3995200,45,3995245
33538,3995372,46,3995418
33539,3995559,41,3995600
33540,3995642,11,3995653
33541,3995734,20,3995754
33542,3995774,14,3995788
33543,3995932,7,3995939
33544,3995965,14,3995979
33545,3995982,13,3995995
33546,3996081,6,3996087
33547,3996140,5,3996145
33548,3996185,8,3996193
33549,3996312,2,3996314
33550,3996347,17,3996364
33551,3996403,17,3996420
33552,3996476,20,3996496
33553,3996526,11,3996537
33554,3996619,2,3996621
33555,3996756,14,3996770
33556,3996791,8,3996799
33557,3996928,12,3996940
33558,3997010,1,3997011
33559,3997614,28,3997642
33560,3997661,34,3997695
33561,3997967,14,3997981
33562,3998017,38,3998055
33563,3998135,12,3998147
33564,3998163,31,3998194
33565,3998257,1,3998258
33566,3998292,10,3998302
33567,3998368,4,3998372
33568,3998384,22,3998406
33569,3998445,21,3998466
33570,3998509,4,3998513
33571,3998614,1,3998615
33572,3998631,32,3998663
33573,3998740,15,3998755
33574,3998918,54,3998972
33575,3999134,79,3999213
33576,3999235,2,3999237
33577,3999313,2,3999315
33578,3999533,76,3999609
33579,3999615,3,3999618
33580,3999623,8,3999631
33581,3999859,37,3999896
33582,3999965,14,3999979
33583,4000015,9,4000024
33584,4000043,11,4000054
33585,4000087,37,4000124
33586,4000335,3,4000338
33587,4000363,4,4000367
33588,4000444,33,4000477
33589,4000478,74,4000552
33590,4000778,12,4000790
33591,4000839,30,4000869
33592,4001107,17,4001124
33593,4001283,43,4001326
33594,4001536,4,4001540
33595,4001562,69,4001631
33596,4001753,1,4001754
33597,4001806,12,4001818
33598,4001926,11,4001937
33599,4001952,4,4001956
33600,4002069,2,4002071
33601,4002178,2,4002180
33602,4002240,39,4002279
33603,4002435,20,4002455
33604,4002468,74,4002542
33605,4002717,22,4002739
33606,4002896,22,4002918
33607,4002951,10,4002961
33608,4003062,27,4003089
33609,4003480,10,4003490
33610,4003741,43,4003784
33611,4004059,48,4004107
33612,4004148,169,4004317
33613,4004601,5,4004606
33614,4004676,43,4004719
33615,4005146,61,4005207
33616,4005305,22,4005327
33617,4005476,4,4005480
33618,4005584,1,4005585
33619,4005591,23,4005614
33620,4005746,3,4005749
33621,4005864,8,4005872
33622,4005902,40,4005942
33623,4006029,46,4006075
33624,4006095,12,4006107
33625,4006358,19,4006377
33626,4006385,6,4006391
33627,4006403,12,4006415
33628,4006446,21,4006467
33629,4006566,24,4006590
33630,4006592,16,4006608
33631,4006612,10,4006622
33632,4006658,4,4006662
33633,4006777,2,4006779
33634,4006871,13,4006884
33635,4007083,35,4007118
33636,4007821,17,4007838
33637,4007887,25,4007912
33638,4008136,67,4008203
33639,4008279,33,4008312
33640,4008451,40,4008491
33641,4008498,32,4008530
33642,4008680,4,4008684
33643,4008697,19,4008716
33644,4008980,9,4008989
33645,4009059,18,4009077
33646,4009267,17,4009284
33647,4009309,5,4009314
33648,4009315,2,4009317
33649,4009383,6,4009389
33650,4009522,31,4009553
33651,4009737,32,4009769
33652,4009796,20,4009816
33653,4009942,26,4009968
33654,4010000,16,4010016
33655,4010091,30,4010121
33656,4010387,2,4010389
33657,4010433,8,4010441
33658,4010651,5,4010656
33659,4010710,7,4010717
33660,4010811,4,4010815
33661,4010860,7,4010867
33662,4010908,19,4010927
33663,4010997,27,4011024
33664,4011109,10,4011119
33665,4011141,3,4011144
33666,4011294,25,4011319
33667,4011442,11,4011453
33668,4011487,23,4011510
33669,4011519,8,4011527
33670,4011583,21,4011604
33671,4011637,101,4011738
33672,4011779,17,4011796
33673,4011948,127,4012075
33674,4012286,20,4012306
33675,4012350,2,4012352
33676,4012391,2,4012393
33677,4012445,26,4012471
33678,4012550,12,4012562
33679,4012598,4,4012602
33680,4012680,45,4012725
33681,4012808,10,4012818
33682,4012917,1,4012918
33683,4012952,10,4012962
33684,4013005,20,4013025
33685,4013170,2,4013172
33686,4013502,23,4013525
33687,4013939,16,4013955
33688,4014036,55,4014091
33689,4014101,8,4014109
33690,4014225,21,4014246
33691,4014422,2,4014424
33692,4014552,19,4014571
33693,4014687,2,4014689
33694,4014798,4,4014802
33695,4014888,19,4014907
33696,4014956,9,4014965
33697,4015148,4,4015152
33698,4015338,7,4015345
33699,4015365,41,4015406
33700,4015450,31,4015481
33701,4015650,9,4015659
33702,4016035,4,4016039
33703,4016147,25,4016172
33704,4016312,6,4016318
33705,4016470,22,4016492
33706,4016667,7,4016674
33707,4016716,22,4016738
33708,4016918,29,4016947
33709,4016969,21,4016990
33710,4017022,11,4017033
33711,4017287,6,4017293
33712,4017460,6,4017466
33713,4017527,18,4017545
33714,4017549,4,4017553
33715,4017672,26,4017698
33716,4018046,11,4018057
33717,4018110,3,4018113
33718,4018123,4,4018127
33719,4018131,29,4018160
33720,4018162,56,4018218
33721,4018322,12,4018334
33722,4018352,7,4018359
33723,4018554,19,4018573
33724,4018577,1,4018578
33725,4018585,3,4018588
33726,4018636,16,4018652
33727,4018853,20,4018873
33728,4018912,50,4018962
33729,4019039,50,4019089
33730,4019162,1,4019163
33731,4019304,9,4019313
33732,4019344,7,4019351
33733,4019436,6,4019442
33734,4019761,11,4019772
33735,4019814,52,4019866
33736,4019965,11,4019976
33737,4020281,10,4020291
33738,4020535,31,4020566
33739,4020581,10,4020591
33740,4020868,10,4020878
33741,4020963,12,4020975
33742,4020986,1,4020987
33743,4020998,39,4021037
33744,4021040,20,4021060
33745,4021137,11,4021148
33746,4021281,1,4021282
33747,4021305,18,4021323
33748,4021328,10,4021338
33749,4021357,22,4021379
33750,4021406,11,4021417
33751,4021524,2,4021526
33752,4021532,22,4021554
33753,4021604,11,4021615
33754,4021655,36,4021691
33755,4021917,3,4021920
33756,4022016,1,4022017
33757,4022261,8,4022269
33758,4022631,6,4022637
33759,4022681,13,4022694
33760,4022861,20,4022881
33761,4023059,18,4023077
33762,4023155,126,4023281
33763,4023456,5,4023461
33764,4023503,13,4023516
33765,4023519,3,4023522
33766,4023632,5,4023637
33767,4023647,8,4023655
33768,4023675,1,4023676
33769,4024061,2,4024063
33770,4024086,15,4024101
33771,4024249,29,4024278
33772,4024389,52,4024441
33773,4024458,23,4024481
33774,4024491,4,4024495
33775,4024547,15,4024562
33776,4024710,27,4024737
33777,4024904,20,4024924
33778,4025323,22,4025345
33779,4025410,26,4025436
33780,4025518,27,4025545
33781,4025546,22,4025568
33782,4025597,24,4025621
33783,4025758,25,4025783
33784,4025900,5,4025905
33785,4025929,16,4025945
33786,4026030,4,4026034
33787,4026301,37,4026338
33788,4026577,16,4026593
33789,4026909,7,4026916
33790,4027053,8,4027061
33791,4027101,7,4027108
33792,4027134,38,4027172
33793,4027211,81,4027292
33794,4027337,16,4027353
33795,4027401,13,4027414
33796,4027440,56,4027496
33797,4027535,1,4027536
33798,4028005,27,4028032
33799,4028057,20,4028077
33800,4028404,1,4028405
33801,4028413,17,4028430
33802,4028479,43,4028522
33803,4028621,18,4028639
33804,4028716,7,4028723
33805,4028838,20,4028858
33806,4028906,12,4028918
33807,4028957,59,4029016
33808,4029041,37,4029078
33809,4029094,10,4029104
33810,4029151,56,4029207
33811,4029308,26,4029334
33812,4029391,2,4029393
33813,4029396,10,4029406
33814,4029409,19,4029428
33815,4029506,12,4029518
33816,4029723,13,4029736
33817,4029776,13,4029789
33818,4029979,19,4029998
33819,4030149,15,4030164
33820,4030181,47,4030228
33821,4030370,3,4030373
33822,4030691,22,4030713
33823,4030718,22,4030740
33824,4030822,8,4030830
33825,4030943,2,4030945
33826,4031051,12,4031063
33827,4031193,19,4031212
33828,4031226,27,4031253
33829,4031273,66,4031339
33830,4031349,37,4031386
33831,4031523,3,4031526
33832,4031558,6,4031564
33833,4031587,85,4031672
33834,4031830,16,4031846
33835,4032033,22,4032055
33836,4032097,70,4032167
33837,4032267,28,4032295
33838,4032319,53,4032372
33839,4032619,18,4032637
33840,4032866,13,4032879
33841,4032901,21,4032922
33842,4032994,13,4033007
33843,4033083,32,4033115
33844,4033150,65,4033215
33845,4033376,65,4033441
33846,4033669,34,4033703
33847,4033848,14,4033862
33848,4033897,51,4033948
33849,4034158,8,4034166
33850,4034252,17,4034269
33851,4034326,4,4034330
33852,4034415,11,4034426
33853,4034521,23,4034544
33854,4034645,13,4034658
33855,4034984,47,4035031
33856,4035034,29,4035063
33857,4035094,7,4035101
33858,4035164,9,4035173
33859,4035291,36,4035327
33860,4035394,14,4035408
33861,4035640,21,4035661
33862,4035707,44,4035751
33863,4035785,17,4035802
33864,4035892,4,4035896
33865,4035908,13,4035921
33866,4035965,36,4036001
33867,4036093,2,4036095
33868,4036155,17,4036172
33869,4036402,80,4036482
33870,4036835,31,4036866
33871,4037066,12,4037078
33872,4037430,60,4037490
33873,4037550,11,4037561
33874,4037584,27,4037611
33875,4037681,81,4037762
33876,4037822,7,4037829
33877,4037830,1,4037831
33878,4037857,35,4037892
33879,4037955,18,4037973
33880,4037999,15,4038014
33881,4038067,2,4038069
33882,4038184,19,4038203
33883,4038269,11,4038280
33884,4038363,30,4038393
33885,4038406,39,4038445
33886,4038471,28,4038499
33887,4038673,12,4038685
33888,4038709,8,4038717
33889,4038766,7,4038773
33890,4038793,3,4038796
33891,4038876,101,4038977
33892,4039119,20,4039139
33893,4039188,5,4039193
33894,4039424,26,4039450
33895,4039478,24,4039502
33896,4039571,66,4039637
33897,4039818,26,4039844
33898,4040019,18,4040037
33899,4040103,27,4040130
33900,4040279,5,4040284
33901,4040310,32,4040342
33902,4040493,2,4040495
33903,4040508,1,4040509
33904,4040814,61,4040875
33905,4040895,25,4040920
33906,4040950,5,4040955
33907,4040969,3,4040972
33908,4041114,13,4041127
33909,4041179,17,4041196
33910,4041222,6,4041228
33911,4041537,2,4041539
33912,4041664,32,4041696
33913,4041742,75,4041817
33914,4042046,7,4042053
33915,4042284,8,4042292
33916,4042388,6,4042394
33917,4042399,21,4042420
33918,4042434,9,4042443
33919,4042624,7,4042631
33920,4042704,97,4042801
33921,4043031,23,4043054
33922,4043455,48,4043503
33923,4043626,36,4043662
33924,4043728,15,4043743
33925,4043756,48,4043804
33926,4043847,2,4043849
33927,4044048,4,4044052
33928,4044268,33,4044301
33929,4044467,20,4044487
33930,4044542,9,4044551
33931,4044780,1,4044781
33932,4044859,7,4044866
33933,4044910,50,4044960
33934,4045151,13,4045164
33935,4045617,16,4045633
33936,4045814,5,4045819
33937,4045848,11,4045859
33938,4045963,6,4045969
33939,4046056,19,4046075
33940,4046225,7,4046232
33941,4046346,11,4046357
33942,4046372,3,4046375
33943,4046567,14,4046581
33944,4046657,16,4046673
33945,4046712,2,4046714
33946,4046810,8,4046818
33947,4046880,15,4046895
33948,4046903,8,4046911
33949,4046986,8,4046994
33950,4047006,32,4047038
33951,4047211,10,4047221
33952,4047394,5,4047399
33953,4047500,43,4047543
33954,4047649,16,4047665
33955,4047797,22,4047819
33956,4047843,22,4047865
33957,4048035,13,4048048
33958,4048246,9,4048255
33959,4048267,3,4048270
33960,4048306,2,4048308
33961,4048331,8,4048339
33962,4048383,5,4048388
33963,4048478,2,4048480
33964,4048632,52,4048684
33965,4048896,42,4048938
33966,4049058,2,4049060
33967,4049316,75,4049391
33968,4049566,38,4049604
33969,4049662,28,4049690
33970,4049716,3,4049719
33971,4049780,37,4049817
33972,4049964,6,4049970
33973,4050110,40,4050150
33974,4050282,5,4050287
33975,4050313,18,4050331
33976,4050609,6,4050615
33977,4050663,2,4050665
33978,4050724,19,4050743
33979,4050773,32,4050805
33980,4050890,20,4050910
33981,4051047,1,4051048
33982,4051058,1,4051059
33983,4051142,3,4051145
33984,4051157,35,4051192
33985,4051208,15,4051223
33986,4051285,48,4051333
33987,4051441,25,4051466
33988,4051598,9,4051607
33989,4051706,9,4051715
33990,4051867,10,4051877
33991,4051910,21,4051931
33992,4052060,42,4052102
33993,4052200,13,4052213
33994,4052622,1,4052623
33995,4052624,59,4052683
33996,4052899,13,4052912
33997,4052923,2,4052925
33998,4052940,1,4052941
33999,4053140,26,4053166
34000,4053472,10,4053482
34001,4053560,21,4053581
34002,4053649,10,4053659
34003,4053858,1,4053859
34004,4054083,12,4054095
34005,4054167,24,4054191
34006,4054202,4,4054206
34007,4054251,5,4054256
34008,4054390,25,4054415
34009,4054491,2,4054493
34010,4054569,10,4054579
34011,4054655,36,4054691
34012,4054715,9,4054724
34013,4054853,10,4054863
34014,4055241,4,4055245
34015,4055349,159,4055508
34016,4055622,20,4055642
34017,4055857,5,4055862
34018,4055870,2,4055872
34019,4055986,44,4056030
34020,4056151,13,4056164
34021,4056281,4,4056285
34022,4056395,2,4056397
34023,4056479,31,4056510
34024,4056530,16,4056546
34025,4056639,1,4056640
34026,4056766,17,4056783
34027,4056842,7,4056849
34028,4056911,9,4056920
34029,4057026,16,4057042
34030,4057128,13,4057141
34031,4057281,129,4057410
34032,4057543,13,4057556
34033,4057574,3,4057577
34034,4057592,30,4057622
34035,4057636,12,4057648
34036,4057686,14,4057700
34037,4057861,44,4057905
34038,4057950,5,4057955
34039,4058021,20,4058041
34040,4058312,10,4058322
34041,4058452,15,4058467
34042,4058583,33,4058616
34043,4058692,3,4058695
34044,4058725,4,4058729
34045,4058742,19,4058761
34046,4058849,79,4058928
34047,4059033,13,4059046
34048,4059105,25,4059130
34049,4059229,12,4059241
34050,4059291,29,4059320
34051,4059380,16,4059396
34052,4059638,34,4059672
34053,4060046,6,4060052
34054,4060071,4,4060075
34055,4060116,2,4060118
34056,4060222,3,4060225
34057,4060330,15,4060345
34058,4060462,9,4060471
34059,4060481,20,4060501
34060,4060636,43,4060679
34061,4060716,9,4060725
34062,4060832,1,4060833
34063,4060997,66,4061063
34064,4061116,8,4061124
34065,4061337,4,4061341
34066,4061499,3,4061502
34067,4061533,44,4061577
34068,4061888,33,4061921
34069,4061925,36,4061961
34070,4062122,1,4062123
34071,4062195,16,4062211
34072,4062270,12,4062282
34073,4062358,9,4062367
34074,4062557,28,4062585
34075,4062675,46,4062721
34076,4062865,17,4062882
34077,4062915,62,4062977
34078,4062986,30,4063016
34079,4063118,23,4063141
34080,4063164,31,4063195
34081,4063267,69,4063336
34082,4063420,1,4063421
34083,4063633,45,4063678
34084,4063895,20,4063915
34085,4063955,25,4063980
34086,4064113,8,4064121
34087,4064124,21,4064145
34088,4064174,5,4064179
34089,4064195,29,4064224
34090,4064329,4,4064333
34091,4064389,43,4064432
34092,4064450,4,4064454
34093,4064467,4,4064471
34094,4064618,69,4064687
34095,4064834,73,4064907
34096,4065036,25,4065061
34097,4065146,3,4065149
34098,4065269,4,4065273
34099,4065370,37,4065407
34100,4065505,13,4065518
34101,4065559,48,4065607
34102,4065745,8,4065753
34103,4065815,27,4065842
34104,4066221,1,4066222
34105,4066263,38,4066301
34106,4066307,7,4066314
34107,4066582,8,4066590
34108,4066637,2,4066639
34109,4066683,6,4066689
34110,4066791,45,4066836
34111,4066866,18,4066884
34112,4066943,10,4066953
34113,4066959,22,4066981
34114,4067114,5,4067119
34115,4067174,15,4067189
34116,4067267,6,4067273
34117,4067295,8,4067303
34118,4067361,5,4067366
34119,4067631,3,4067634
34120,4067676,9,4067685
34121,4067784,9,4067793
34122,4067947,34,4067981
34123,4068066,7,4068073
34124,4068196,18,4068214
34125,4068224,51,4068275
34126,4068405,7,4068412
34127,4068415,107,4068522
34128,4068713,18,4068731
34129,4068844,29,4068873
34130,4068929,6,4068935
34131,4069025,10,4069035
34132,4069089,2,4069091
34133,4069227,65,4069292
34134,4069334,1,4069335
34135,4069369,14,4069383
34136,4069408,7,4069415
34137,4069465,2,4069467
34138,4069547,2,4069549
34139,4069618,8,4069626
34140,4069672,6,4069678
34141,4069867,14,4069881
34142,4070023,2,4070025
34143,4070045,78,4070123
34144,4070228,1,4070229
34145,4070359,4,4070363
34146,4070432,9,4070441
34147,4070484,4,4070488
34148,4070585,3,4070588
34149,4070730,23,4070753
34150,4070847,1,4070848
34151,4071050,43,4071093
34152,4071109,16,4071125
34153,4071188,34,4071222
34154,4071327,21,4071348
34155,4071477,15,4071492
34156,4071499,9,4071508
34157,4071557,7,4071564
34158,4071574,5,4071579
34159,4071647,42,4071689
34160,4071757,12,4071769
34161,4071832,17,4071849
34162,4071861,5,4071866
34163,4072299,17,4072316
34164,4072343,3,4072346
34165,4072369,18,4072387
34166,4072444,42,4072486
34167,4072527,9,4072536
34168,4072553,27,4072580
34169,4072784,39,4072823
34170,4072844,14,4072858
34171,4072900,8,4072908
34172,4073087,22,4073109
34173,4073201,1,4073202
34174,4073244,20,4073264
34175,4073474,45,4073519
34176,4073779,39,4073818
34177,4074245,16,4074261
34178,4074287,4,4074291
34179,4074302,15,4074317
34180,4074358,10,4074368
34181,4074405,1,4074406
34182,4074462,17,4074479
34183,4074573,1,4074574
34184,4074681,28,4074709
34185,4074737,13,4074750
34186,4074845,10,4074855
34187,4075121,9,4075130
34188,4075287,10,4075297
34189,4075301,8,4075309
34190,4075617,19,4075636
34191,4075689,5,4075694
34192,4075904,12,4075916
34193,4076296,9,4076305
34194,4076505,22,4076527
34195,4076706,26,4076732
34196,4076886,7,4076893
34197,4076897,15,4076912
34198,4076973,26,4076999
34199,4077089,35,4077124
34200,4077194,14,4077208
34201,4077457,2,4077459
34202,4077489,9,4077498
34203,4077807,3,4077810
34204,4077906,10,4077916
34205,4077932,37,4077969
34206,4078111,26,4078137
34207,4078264,103,4078367
34208,4078384,28,4078412
34209,4078414,17,4078431
34210,4078846,53,4078899
34211,4078970,39,4079009
34212,4079028,1,4079029
34213,4079230,54,4079284
34214,4079373,35,4079408
34215,4079567,24,4079591
34216,4079633,7,4079640
34217,4079643,45,4079688
34218,4079931,12,4079943
34219,4079950,4,4079954
34220,4080158,47,4080205
34221,4080219,22,4080241
34222,4080814,10,4080824
34223,4080890,13,4080903
34224,4080934,9,4080943
34225,4080965,23,4080988
34226,4081011,4,4081015
34227,4081096,16,4081112
34228,4081121,2,4081123
34229,4081206,59,4081265
34230,4081340,21,4081361
34231,4081432,3,4081435
34232,4081477,19,4081496
34233,4081775,1,4081776
34234,4082155,26,4082181
34235,4082184,2,4082186
34236,4082199,3,4082202
34237,4082240,18,4082258
34238,4082327,17,4082344
34239,4082494,10,4082504
34240,4082621,6,4082627
34241,4082694,16,4082710
34242,4082965,6,4082971
34243,4083200,53,4083253
34244,4083315,1,4083316
34245,4083456,17,4083473
34246,4083507,28,4083535
34247,4083664,13,4083677
34248,4083854,2,4083856
34249,4083913,36,4083949
34250,4084132,8,4084140
34251,4084175,16,4084191
34252,4084196,12,4084208
34253,4084373,20,4084393
34254,4084486,12,4084498
34255,4084526,5,4084531
34256,4084555,57,4084612
34257,4084853,22,4084875
34258,4084893,21,4084914
34259,4084968,1,4084969
34260,4085174,15,4085189
34261,4085204,8,4085212
34262,4085304,56,4085360
34263,4085369,7,4085376
34264,4085604,53,4085657
34265,4085689,38,4085727
34266,4085899,29,4085928
34267,4085977,2,4085979
34268,4086052,4,4086056
34269,4086084,7,4086091
34270,4086095,2,4086097
34271,4086179,22,4086201
34272,4086337,13,4086350
34273,4086411,89,4086500
34274,4086534,22,4086556
34275,4086572,35,4086607
34276,4086618,19,4086637
34277,4086638,16,4086654
34278,4086693,27,4086720
34279,4086743,1,4086744
34280,4086766,10,4086776
34281,4087025,5,4087030
34282,4087607,2,4087609
34283,4087659,109,4087768
34284,4087851,16,4087867
34285,4088152,3,4088155
34286,4088259,6,4088265
34287,4088303,28,4088331
34288,4088352,18,4088370
34289,4088531,46,4088577
34290,4088653,17,4088670
34291,4088912,13,4088925
34292,4089115,19,4089134
34293,4089229,4,4089233
34294,4089328,5,4089333
34295,4089374,22,4089396
34296,4089491,19,4089510
34297,4089607,37,4089644
34298,4089714,14,4089728
34299,4089849,10,4089859
34300,4089874,43,4089917
34301,4090242,14,4090256
34302,4090508,1,4090509
34303,4090542,52,4090594
34304,4090811,85,4090896
34305,4091130,1,4091131
34306,4091202,8,4091210
34307,4091213,63,4091276
34308,4091378,13,4091391
34309,4091551,12,4091563
34310,4091859,15,4091874
34311,4091903,9,4091912
34312,4092033,62,4092095
34313,4092131,65,4092196
34314,4092260,32,4092292
34315,4092361,5,4092366
34316,4092543,1,4092544
34317,4092821,24,4092845
34318,4092930,2,4092932
34319,4092956,3,4092959
34320,4093440,19,4093459
34321,4093495,4,4093499
34322,4093537,6,4093543
34323,4093767,30,4093797
34324,4094342,5,4094347
34325,4094478,6,4094484
34326,4094519,14,4094533
34327,4094574,79,4094653
34328,4094670,13,4094683
34329,4094717,30,4094747
34330,4094786,9,4094795
34331,4094809,6,4094815
34332,4094929,8,4094937
34333,4094971,4,4094975
34334,4094992,3,4094995
34335,4095234,32,4095266
34336,4095345,32,4095377
34337,4095624,6,4095630
34338,4095689,3,4095692
34339,4095834,35,4095869
34340,4095933,5,4095938
34341,4095999,4,4096003
34342,4096046,13,4096059
34343,4096210,3,4096213
34344,4096248,13,4096261
34345,4096288,21,4096309
34346,4096364,11,4096375
34347,4096385,5,4096390
34348,4096488,70,4096558
34349,4096854,6,4096860
34350,4096902,6,4096908
34351,4097046,2,4097048
34352,4097059,2,4097061
34353,4097154,9,4097163
34354,4097407,6,4097413
34355,4097495,10,4097505
34356,4097529,13,4097542
34357,4097640,12,4097652
34358,4097761,20,4097781
34359,4097890,14,4097904
34360,4097914,24,4097938
34361,4098040,56,4098096
34362,4098166,18,4098184
34363,4098349,29,4098378
34364,4098581,2,4098583
34365,4098645,38,4098683
34366,4099001,3,4099004
34367,4099067,6,4099073
34368,4099343,4,4099347
34369,4099362,18,4099380
34370,4099443,7,4099450
34371,4099565,16,4099581
34372,4100004,36,4100040
34373,4100162,33,4100195
34374,4100316,17,4100333
34375,4100807,22,4100829
34376,4101573,8,4101581
34377,4101833,14,4101847
34378,4101876,31,4101907
34379,4101936,16,4101952
34380,4101972,9,4101981
34381,4102143,47,4102190
34382,4102381,45,4102426
34383,4102610,7,4102617
34384,4102838,23,4102861
34385,4103052,8,4103060
34386,4103393,8,4103401
34387,4103419,22,4103441
34388,4103449,20,4103469
34389,4103477,19,4103496
34390,4103765,9,4103774
34391,4103865,53,4103918
34392,4103932,7,4103939
34393,4104089,64,4104153
34394,4104258,7,4104265
34395,4104278,45,4104323
34396,4104387,34,4104421
34397,4104429,11,4104440
34398,4104477,17,4104494
34399,4104551,28,4104579
34400,4104702,3,4104705
34401,4104909,24,4104933
34402,4105166,82,4105248
34403,4105451,19,4105470
34404,4105649,2,4105651
34405,4105729,2,4105731
34406,4105903,1,4105904
34407,4105989,4,4105993
34408,4105995,74,4106069
34409,4106262,58,4106320
34410,4106358,28,4106386
34411,4106406,16,4106422
34412,4106447,14,4106461
34413,4106555,2,4106557
34414,4106677,35,4106712
34415,4106820,7,4106827
34416,4106845,22,4106867
34417,4106909,38,4106947
34418,4107304,20,4107324
34419,4107417,12,4107429
34420,4107617,1,4107618
34421,4107766,32,4107798
34422,4107868,5,4107873
34423,4107944,27,4107971
34424,4108245,9,4108254
34425,4108285,3,4108288
34426,4108326,34,4108360
34427,4108476,17,4108493
34428,4108500,23,4108523
34429,4108656,1,4108657
34430,4108681,37,4108718
34431,4108801,1,4108802
34432,4108830,1,4108831
34433,4109328,13,4109341
34434,4109480,7,4109487
34435,4109638,11,4109649
34436,4109801,21,4109822
34437,4109828,1,4109829
34438,4109838,4,4109842
34439,4109870,61,4109931
34440,4110009,24,4110033
34441,4110087,23,4110110
34442,4110123,50,4110173
34443,4110658,30,4110688
34444,4110700,25,4110725
34445,4110731,42,4110773
34446,4110866,23,4110889
34447,4110913,26,4110939
34448,4111084,24,4111108
34449,4111149,13,4111162
34450,4111227,1,4111228
34451,4111299,52,4111351
34452,4111467,2,4111469
34453,4111502,19,4111521
34454,4111608,48,4111656
34455,4111704,4,4111708
34456,4111861,6,4111867
34457,4111942,72,4112014
34458,4112267,13,4112280
34459,4112604,24,4112628
34460,4112639,10,4112649
34461,4112670,2,4112672
34462,4112709,69,4112778
34463,4113348,21,4113369
34464,4113506,7,4113513
34465,4113529,11,4113540
34466,4113867,6,4113873
34467,4113875,1,4113876
34468,4113937,50,4113987
34469,4114025,12,4114037
34470,4114050,17,4114067
34471,4114251,15,4114266
34472,4114707,54,4114761
34473,4114774,3,4114777
34474,4115041,19,4115060
34475,4115102,64,4115166
34476,4115168,4,4115172
34477,4115233,29,4115262
34478,4115361,6,4115367
34479,4115535,80,4115615
34480,4115764,12,4115776
34481,4115831,42,4115873
34482,4116005,38,4116043
34483,4116055,28,4116083
34484,4116406,88,4116494
34485,4116701,3,4116704
34486,4116705,5,4116710
34487,4116770,31,4116801
34488,4116871,31,4116902
34489,4116943,31,4116974
34490,4117086,2,4117088
34491,4117167,19,4117186
34492,4117281,26,4117307
34493,4117308,42,4117350
34494,4117560,39,4117599
34495,4117657,2,4117659
34496,4117705,16,4117721
34497,4117923,15,4117938
34498,4117939,1,4117940
34499,4118043,102,4118145
34500,4118306,18,4118324
34501,4118576,1,4118577
34502,4118610,31,4118641
34503,4118826,14,4118840
34504,4118926,26,4118952
34505,4119011,13,4119024
34506,4119189,15,4119204
34507,4119265,9,4119274
34508,4119337,9,4119346
34509,4119407,16,4119423
34510,4119520,24,4119544
34511,4119655,23,4119678
34512,4120017,109,4120126
34513,4120269,52,4120321
34514,4120367,12,4120379
34515,4120655,22,4120677
34516,4120962,25,4120987
34517,4121458,3,4121461
34518,4121560,6,4121566
34519,4121637,13,4121650
34520,4121708,1,4121709
34521,4121744,3,4121747
34522,4121779,12,4121791
34523,4121993,43,4122036
34524,4122085,2,4122087
34525,4122143,24,4122167
34526,4122247,5,4122252
34527,4122334,12,4122346
34528,4122438,157,4122595
34529,4122632,38,4122670
34530,4123041,1,4123042
34531,4123063,4,4123067
34532,4123149,1,4123150
34533,4123267,11,4123278
34534,4123338,5,4123343
34535,4123411,48,4123459
34536,4123538,25,4123563
34537,4123614,5,4123619
34538,4123623,21,4123644
34539,4123710,4,4123714
34540,4123728,8,4123736
34541,4123795,43,4123838
34542,4124005,45,4124050
34543,4124103,6,4124109
34544,4124147,1,4124148
34545,4124155,8,4124163
34546,4124208,15,4124223
34547,4124249,2,4124251
34548,4124313,20,4124333
34549,4124353,21,4124374
34550,4124572,21,4124593
34551,4124824,113,4124937
34552,4124994,2,4124996
34553,4125086,31,4125117
34554,4125229,15,4125244
34555,4125265,1,4125266
34556,4125268,10,4125278
34557,4125298,16,4125314
34558,4125325,18,4125343
34559,4125368,75,4125443
34560,4125607,6,4125613
34561,4125652,18,4125670
34562,4125707,4,4125711
34563,4125767,6,4125773
34564,4125775,7,4125782
34565,4125818,10,4125828
34566,4125976,7,4125983
34567,4126018,24,4126042
34568,4126085,71,4126156
34569,4126200,38,4126238
34570,4126404,10,4126414
34571,4126438,34,4126472
34572,4126496,18,4126514
34573,4126610,9,4126619
34574,4126724,23,4126747
34575,4126807,17,4126824
34576,4127019,37,4127056
34577,4127098,47,4127145
34578,4127146,14,4127160
34579,4127167,27,4127194
34580,4127255,60,4127315
34581,4127344,8,4127352
34582,4127365,8,4127373
34583,4127580,8,4127588
34584,4127704,30,4127734
34585,4127746,5,4127751
34586,4127840,36,4127876
34587,4128018,18,4128036
34588,4128182,28,4128210
34589,4128235,10,4128245
34590,4128388,12,4128400
34591,4128404,21,4128425
34592,4128535,26,4128561
34593,4128574,2,4128576
34594,4128664,51,4128715
34595,4128732,3,4128735
34596,4128741,26,4128767
34597,4128772,4,4128776
34598,4128827,2,4128829
34599,4128863,35,4128898
34600,4128917,2,4128919
34601,4128971,7,4128978
34602,4129024,8,4129032
34603,4129113,42,4129155
34604,4129372,12,4129384
34605,4129797,32,4129829
34606,4130066,46,4130112
34607,4130207,5,4130212
34608,4130275,8,4130283
34609,4130415,4,4130419
34610,4130429,18,4130447
34611,4130503,4,4130507
34612,4130654,19,4130673
34613,4130707,28,4130735
34614,4130959,8,4130967
34615,4131086,2,4131088
34616,4131122,7,4131129
34617,4131343,8,4131351
34618,4131439,8,4131447
34619,4131465,38,4131503
34620,4131532,25,4131557
34621,4131686,9,4131695
34622,4131703,8,4131711
34623,4132006,16,4132022
34624,4132032,8,4132040
34625,4132109,76,4132185
34626,4132250,3,4132253
34627,4132533,25,4132558
34628,4132583,30,4132613
34629,4132692,51,4132743
34630,4133036,6,4133042
34631,4133162,24,4133186
34632,4133192,7,4133199
34633,4133201,28,4133229
34634,4133260,9,4133269
34635,4133300,57,4133357
34636,4133472,43,4133515
34637,4133578,7,4133585
34638,4133750,8,4133758
34639,4133860,10,4133870
34640,4133925,4,4133929
34641,4134049,10,4134059
34642,4134197,1,4134198
34643,4134304,23,4134327
34644,4134437,2,4134439
34645,4134491,15,4134506
34646,4134681,14,4134695
34647,4134968,19,4134987
34648,4135102,58,4135160
34649,4135198,20,4135218
34650,4135536,1,4135537
34651,4135567,23,4135590
34652,4135875,8,4135883
34653,4135992,24,4136016
34654,4136085,12,4136097
34655,4136180,28,4136208
34656,4136300,5,4136305
34657,4136366,2,4136368
34658,4136371,28,4136399
34659,4136454,9,4136463
34660,4136616,14,4136630
34661,4136817,5,4136822
34662,4137090,8,4137098
34663,4137235,19,4137254
34664,4137476,7,4137483
34665,4137490,13,4137503
34666,4137636,35,4137671
34667,4138014,3,4138017
34668,4138161,5,4138166
34669,4138432,16,4138448
34670,4138507,14,4138521
34671,4138538,34,4138572
34672,4138594,19,4138613
34673,4138709,7,4138716
34674,4138754,47,4138801
34675,4138819,35,4138854
34676,4138957,61,4139018
34677,4139036,3,4139039
34678,4139041,3,4139044
34679,4139143,8,4139151
34680,4139214,5,4139219
34681,4139324,8,4139332
34682,4139393,11,4139404
34683,4139413,17,4139430
34684,4139482,12,4139494
34685,4139521,1,4139522
34686,4139541,21,4139562
34687,4139567,3,4139570
34688,4139708,30,4139738
34689,4139791,12,4139803
34690,4139886,7,4139893
34691,4139920,2,4139922
34692,4139935,18,4139953
34693,4139956,87,4140043
34694,4140066,1,4140067
34695,4140085,6,4140091
34696,4140201,138,4140339
34697,4140401,1,4140402
34698,4140495,25,4140520
34699,4140633,56,4140689
34700,4140970,7,4140977
34701,4140986,21,4141007
34702,4141038,19,4141057
34703,4141123,49,4141172
34704,4141210,54,4141264
34705,4141311,19,4141330
34706,4141385,24,4141409
34707,4141413,37,4141450
34708,4141500,27,4141527
34709,4141990,31,4142021
34710,4142086,4,4142090
34711,4142233,34,4142267
34712,4142379,2,4142381
34713,4142401,10,4142411
34714,4142530,15,4142545
34715,4142577,27,4142604
34716,4142691,47,4142738
34717,4142876,43,4142919
34718,4142973,29,4143002
34719,4143095,51,4143146
34720,4143173,26,4143199
34721,4143206,35,4143241
34722,4143270,16,4143286
34723,4143301,5,4143306
34724,4143589,2,4143591
34725,4143807,9,4143816
34726,4144173,16,4144189
34727,4144521,8,4144529
34728,4144547,25,4144572
34729,4144805,24,4144829
34730,4144960,35,4144995
34731,4145216,17,4145233
34732,4145384,6,4145390
34733,4145639,43,4145682
34734,4145740,6,4145746
34735,4145831,37,4145868
34736,4145962,31,4145993
34737,4146408,38,4146446
34738,4146840,63,4146903
34739,4146955,2,4146957
34740,4147019,32,4147051
34741,4147182,12,4147194
34742,4147233,1,4147234
34743,4147400,4,4147404
34744,4147488,5,4147493
34745,4147536,49,4147585
34746,4147586,23,4147609
34747,4147778,3,4147781
34748,4148013,3,4148016
34749,4148775,3,4148778
34750,4148982,16,4148998
34751,4149002,22,4149024
34752,4149083,2,4149085
34753,4149524,20,4149544
34754,4149650,1,4149651
34755,4149681,19,4149700
34756,4149708,23,4149731
34757,4149872,4,4149876
34758,4149898,15,4149913
34759,4149998,12,4150010
34760,4150094,16,4150110
34761,4150125,63,4150188
34762,4150211,50,4150261
34763,4150267,23,4150290
34764,4150296,14,4150310
34765,4150452,66,4150518
34766,4150705,5,4150710
34767,4150802,4,4150806
34768,4150820,1,4150821
34769,4151019,15,4151034
34770,4151122,35,4151157
34771,4151308,36,4151344
34772,4151392,26,4151418
34773,4151472,1,4151473
34774,4151490,55,4151545
34775,4151610,15,4151625
34776,4151642,5,4151647
34777,4151669,2,4151671
34778,4151700,64,4151764
34779,4152268,7,4152275
34780,4152349,16,4152365
34781,4152390,28,4152418
34782,4152419,35,4152454
34783,4152551,5,4152556
34784,4152830,1,4152831
34785,4152869,24,4152893
34786,4152926,18,4152944
34787,4152973,1,4152974
34788,4153003,13,4153016
34789,4153104,18,4153122
34790,4153316,10,4153326
34791,4153438,16,4153454
34792,4153612,22,4153634
34793,4153739,9,4153748
34794,4153823,17,4153840
34795,4153860,8,4153868
34796,4153890,45,4153935
34797,4153953,4,4153957
34798,4153976,22,4153998
34799,4154102,63,4154165
34800,4154494,14,4154508
34801,4154657,15,4154672
34802,4154739,9,4154748
34803,4154762,27,4154789
34804,4154878,6,4154884
34805,4154920,8,4154928
34806,4154997,6,4155003
34807,4155034,11,4155045
34808,4155098,37,4155135
34809,4155199,10,4155209
34810,4155268,10,4155278
34811,4155310,8,4155318
34812,4155385,23,4155408
34813,4155415,19,4155434
34814,4155518,16,4155534
34815,4155636,24,4155660
34816,4155775,13,4155788
34817,4156075,80,4156155
34818,4156160,7,4156167
34819,4156333,28,4156361
34820,4156507,5,4156512
34821,4156542,3,4156545
34822,4156594,7,4156601
34823,4156651,9,4156660
34824,4156801,22,4156823
34825,4156830,2,4156832
34826,4156844,27,4156871
34827,4156877,25,4156902
34828,4156936,11,4156947
34829,4157129,18,4157147
34830,4157282,11,4157293
34831,4157325,7,4157332
34832,4157435,52,4157487
34833,4157507,2,4157509
34834,4157616,21,4157637
34835,4157730,31,4157761
34836,4157922,11,4157933
34837,4157980,10,4157990
34838,4158165,23,4158188
34839,4158217,32,4158249
34840,4158270,39,4158309
34841,4158765,23,4158788
34842,4158801,11,4158812
34843,4158822,5,4158827
34844,4158831,11,4158842
34845,4159021,24,4159045
34846,4159170,8,4159178
34847,4159526,5,4159531
34848,4159625,18,4159643
34849,4159720,3,4159723
34850,4159760,9,4159769
34851,4159930,43,4159973
34852,4160112,3,4160115
34853,4160282,8,4160290
34854,4160375,9,4160384
34855,4160578,5,4160583
34856,4160589,68,4160657
34857,4160863,1,4160864
34858,4160968,9,4160977
34859,4161024,5,4161029
34860,4161177,12,4161189
34861,4161310,37,4161347
34862,4161439,5,4161444
34863,4161617,115,4161732
34864,4161749,6,4161755
34865,4162112,8,4162120
34866,4162264,8,4162272
34867,4162277,5,4162282
34868,4162485,37,4162522
34869,4162815,22,4162837
34870,4162922,3,4162925
34871,4163022,51,4163073
34872,4163138,25,4163163
34873,4163461,77,4163538
34874,4163744,8,4163752
34875,4163864,1,4163865
34876,4163909,1,4163910
34877,4163950,36,4163986
34878,4164103,11,4164114
34879,4164232,1,4164233
34880,4164423,5,4164428
34881,4164483,19,4164502
34882,4164558,5,4164563
34883,4164574,12,4164586
34884,4164682,6,4164688
34885,4164924,1,4164925
34886,4165190,3,4165193
34887,4165318,22,4165340
34888,4165413,20,4165433
34889,4165597,17,4165614
34890,4165689,4,4165693
34891,4165721,37,4165758
34892,4165831,23,4165854
34893,4165915,62,4165977
34894,4166047,30,4166077
34895,4166099,52,4166151
34896,4166174,15,4166189
34897,4166280,5,4166285
34898,4166390,6,4166396
34899,4166444,29,4166473
34900,4166508,35,4166543
34901,4166680,51,4166731
34902,4166893,40,4166933
34903,4167073,5,4167078
34904,4167298,11,4167309
34905,4167382,18,4167400
34906,4167453,22,4167475
34907,4167477,1,4167478
34908,4167583,11,4167594
34909,4167691,3,4167694
34910,4167805,13,4167818
34911,4167882,7,4167889
34912,4167898,2,4167900
34913,4167954,5,4167959
34914,4167991,2,4167993
34915,4168083,13,4168096
34916,4168127,3,4168130
34917,4168248,7,4168255
34918,4168735,33,4168768
34919,4168786,35,4168821
34920,4168896,17,4168913
34921,4169162,7,4169169
34922,4169245,1,4169246
34923,4169426,9,4169435
34924,4169614,20,4169634
34925,4169849,25,4169874
34926,4170054,7,4170061
34927,4170152,36,4170188
34928,4170310,7,4170317
34929,4170421,41,4170462
34930,4170554,1,4170555
34931,4170606,14,4170620
34932,4170640,2,4170642
34933,4170828,22,4170850
34934,4170908,94,4171002
34935,4171277,27,4171304
34936,4171419,7,4171426
34937,4171443,43,4171486
34938,4171506,8,4171514
34939,4171670,24,4171694
34940,4171820,24,4171844
34941,4172127,18,4172145
34942,4172454,2,4172456
34943,4172558,1,4172559
34944,4172922,19,4172941
34945,4172947,2,4172949
34946,4173085,10,4173095
34947,4173097,37,4173134
34948,4173455,36,4173491
34949,4173529,10,4173539
34950,4173569,31,4173600
34951,4173634,35,4173669
34952,4173797,8,4173805
34953,4173808,1,4173809
34954,4173825,10,4173835
34955,4173872,20,4173892
34956,4174083,5,4174088
34957,4174414,9,4174423
34958,4174439,17,4174456
34959,4174515,16,4174531
34960,4174651,47,4174698
34961,4174725,4,4174729
34962,4174757,6,4174763
34963,4174900,7,4174907
34964,4174968,20,4174988
34965,4175172,2,4175174
34966,4175368,18,4175386
34967,4175457,22,4175479
34968,4175552,5,4175557
34969,4175868,24,4175892
34970,4176016,1,4176017
34971,4176104,3,4176107
34972,4176135,4,4176139
34973,4176352,10,4176362
34974,4176457,18,4176475
34975,4176582,85,4176667
34976,4176969,9,4176978
34977,4177084,42,4177126
34978,4177241,13,4177254
34979,4177321,43,4177364
34980,4177373,16,4177389
34981,4177434,25,4177459
34982,4177509,32,4177541
34983,4177650,19,4177669
34984,4177818,11,4177829
34985,4177973,35,4178008
34986,4178026,38,4178064
34987,4178113,6,4178119
34988,4178177,41,4178218
34989,4178225,22,4178247
34990,4178334,5,4178339
34991,4178348,3,4178351
34992,4178357,16,4178373
34993,4178605,11,4178616
34994,4178651,15,4178666
34995,4178910,35,4178945
34996,4179349,4,4179353
34997,4179447,58,4179505
34998,4179591,38,4179629
34999,4179752,7,4179759
35000,4179892,17,4179909
35001,4179947,9,4179956
35002,4180209,3,4180212
35003,4180306,19,4180325
35004,4180569,3,4180572
35005,4180599,2,4180601
35006,4180661,7,4180668
35007,4180737,23,4180760
35008,4180884,9,4180893
35009,4180925,6,4180931
35010,4180932,1,4180933
35011,4181002,38,4181040
35012,4181068,1,4181069
35013,4181253,32,4181285
35014,4181668,3,4181671
35015,4181680,38,4181718
35016,4181751,31,4181782
35017,4182078,28,4182106
35018,4182400,19,4182419
35019,4182454,20,4182474
35020,4182525,26,4182551
35021,4182703,8,4182711
35022,4182723,1,4182724
35023,4182791,17,4182808
35024,4182838,15,4182853
35025,4182877,5,4182882
35026,4182989,23,4183012
35027,4183060,23,4183083
35028,4183120,47,4183167
35029,4183234,5,4183239
35030,4183327,8,4183335
35031,4183395,5,4183400
35032,4183429,15,4183444
35033,4183533,24,4183557
35034,4183685,13,4183698
35035,4183746,23,4183769
35036,4183842,10,4183852
35037,4183912,28,4183940
35038,4183976,27,4184003
35039,4184158,23,4184181
35040,4184282,11,4184293
35041,4184329,4,4184333
35042,4184356,11,4184367
35043,4184505,44,4184549
35044,4184648,20,4184668
35045,4184734,20,4184754
35046,4184900,5,4184905
35047,4184920,50,4184970
35048,4185106,11,4185117
35049,4185314,6,4185320
35050,4185392,7,4185399
35051,4185772,34,4185806
35052,4185810,18,4185828
35053,4185830,14,4185844
35054,4185884,20,4185904
35055,4185918,20,4185938
35056,4186044,37,4186081
35057,4186209,33,4186242
35058,4186399,2,4186401
35059,4186431,11,4186442
35060,4186600,15,4186615
35061,4186626,12,4186638
35062,4186861,40,4186901
35063,4186921,1,4186922
35064,4187011,5,4187016
35065,4187148,42,4187190
35066,4187290,5,4187295
35067,4187345,6,4187351
35068,4187511,7,4187518
35069,4187572,23,4187595
35070,4187601,8,4187609
35071,4187648,18,4187666
35072,4187724,10,4187734
35073,4187787,11,4187798
35074,4187992,22,4188014
35075,4188015,38,4188053
35076,4188139,6,4188145
35077,4188158,21,4188179
35078,4188261,4,4188265
35079,4188273,18,4188291
35080,4188477,30,4188507
35081,4188540,5,4188545
35082,4188599,5,4188604
35083,4188777,52,4188829
35084,4188873,34,4188907
35085,4188942,15,4188957
35086,4189041,32,4189073
35087,4189081,4,4189085
35088,4189132,34,4189166
35089,4189283,10,4189293
35090,4189446,7,4189453
35091,4189485,11,4189496
35092,4189661,87,4189748
35093,4189774,33,4189807
35094,4189949,13,4189962
35095,4189981,5,4189986
35096,4190016,8,4190024
35097,4190046,48,4190094
35098,4190310,6,4190316
35099,4190442,5,4190447
35100,4190484,16,4190500
35101,4190704,1,4190705
35102,4190824,7,4190831
35103,4190901,15,4190916
35104,4190923,5,4190928
35105,4191174,4,4191178
35106,4191207,19,4191226
35107,4191320,21,4191341
35108,4191395,4,4191399
35109,4191451,28,4191479
35110,4191506,7,4191513
35111,4191525,7,4191532
35112,4191593,3,4191596
35113,4191597,5,4191602
35114,4191616,20,4191636
35115,4191866,7,4191873
35116,4192104,11,4192115
35117,4192127,31,4192158
35118,4192325,7,4192332
35119,4192334,23,4192357
35120,4192788,5,4192793
35121,4193015,36,4193051
35122,4193075,4,4193079
35123,4193107,62,4193169
35124,4193210,14,4193224
35125,4193387,27,4193414
35126,4193538,34,4193572
35127,4193575,17,4193592
35128,4193599,13,4193612
35129,4193733,31,4193764
35130,4193783,19,4193802
35131,4193928,2,4193930
35132,4194093,3,4194096
35133,4194100,26,4194126
35134,4194158,30,4194188
35135,4194215,86,4194301
35136,4194386,31,4194417
35137,4194461,48,4194509
35138,4194524,8,4194532
35139,4194621,5,4194626
35140,4194651,23,4194674
35141,4194698,2,4194700
35142,4194702,56,4194758
35143,4194767,29,4194796
35144,4194945,49,4194994
35145,4195009,13,4195022
35146,4195058,15,4195073
35147,4195242,20,4195262
35148,4195597,59,4195656
35149,4195787,18,4195805
35150,4195872,64,4195936
35151,4196050,5,4196055
35152,4196211,1,4196212
35153,4196221,38,4196259
35154,4196321,21,4196342
35155,4196376,8,4196384
35156,4196539,14,4196553
35157,4196715,2,4196717
35158,4196897,11,4196908
35159,4196982,1,4196983
35160,4197081,1,4197082
35161,4197088,6,4197094
35162,4197121,11,4197132
35163,4197173,52,4197225
35164,4197443,3,4197446
35165,4197457,41,4197498
35166,4197545,83,4197628
35167,4197849,42,4197891
35168,4197898,10,4197908
35169,4197964,44,4198008
35170,4198017,8,4198025
35171,4198131,26,4198157
35172,4198168,5,4198173
35173,4198190,12,4198202
35174,4198232,1,4198233
35175,4198273,14,4198287
35176,4198288,28,4198316
35177,4198542,18,4198560
35178,4198586,24,4198610
35179,4198616,2,4198618
35180,4198643,36,4198679
35181,4198786,20,4198806
35182,4198846,22,4198868
35183,4198947,6,4198953
35184,4198963,24,4198987
35185,4199134,12,4199146
35186,4199190,15,4199205
35187,4199330,16,4199346
35188,4199436,8,4199444
35189,4199524,37,4199561
35190,4199645,9,4199654
35191,4199659,100,4199759
35192,4199777,6,4199783
35193,4199818,1,4199819
35194,4199830,20,4199850
35195,4200087,1,4200088
35196,4200277,12,4200289
35197,4200318,62,4200380
35198,4200503,1,4200504
35199,4200535,3,4200538
35200,4200611,4,4200615
35201,4200832,91,4200923
35202,4201023,37,4201060
35203,4201396,13,4201409
35204,4201565,15,4201580
35205,4201659,12,4201671
35206,4201858,41,4201899
35207,4202006,3,4202009
35208,4202046,76,4202122
35209,4202347,3,4202350
35210,4202355,23,4202378
35211,4202565,26,4202591
35212,4202712,26,4202738
35213,4202994,3,4202997
35214,4203100,36,4203136
35215,4203260,7,4203267
35216,4203435,11,4203446
35217,4203471,5,4203476
35218,4203698,43,4203741
35219,4203770,1,4203771
35220,4203790,2,4203792
35221,4204110,4,4204114
35222,4204575,2,4204577
35223,4204590,5,4204595
35224,4204698,5,4204703
35225,4204722,3,4204725
35226,4204818,15,4204833
35227,4205174,4,4205178
35228,4205182,14,4205196
35229,4205341,4,4205345
35230,4205469,8,4205477
35231,4205499,3,4205502
35232,4205508,9,4205517
35233,4205820,4,4205824
35234,4205946,29,4205975
35235,4206163,8,4206171
35236,4206180,3,4206183
35237,4206189,3,4206192
35238,4206289,25,4206314
35239,4206472,2,4206474
35240,4206558,5,4206563
35241,4206620,15,4206635
35242,4206725,31,4206756
35243,4206844,18,4206862
35244,4206914,2,4206916
35245,4206985,20,4207005
35246,4207067,6,4207073
35247,4207164,1,4207165
35248,4207272,9,4207281
35249,4207466,28,4207494
35250,4207863,9,4207872
35251,4208199,17,4208216
35252,4208238,37,4208275
35253,4208287,5,4208292
35254,4208375,2,4208377
35255,4208441,64,4208505
35256,4208542,12,4208554
35257,4208788,73,4208861
35258,4209166,6,4209172
35259,4209183,2,4209185
35260,4209219,7,4209226
35261,4209433,8,4209441
35262,4209451,34,4209485
35263,4209602,11,4209613
35264,4209674,41,4209715
35265,4209730,14,4209744
35266,4209914,2,4209916
35267,4209952,16,4209968
35268,4209970,32,4210002
35269,4210027,27,4210054
35270,4210070,5,4210075
35271,4210097,1,4210098
35272,4210144,4,4210148
35273,4210365,18,4210383
35274,4210433,41,4210474
35275,4210536,41,4210577
35276,4210658,20,4210678
35277,4210725,40,4210765
35278,4210866,32,4210898
35279,4210976,24,4211000
35280,4211172,15,4211187
35281,4211229,1,4211230
35282,4211449,17,4211466
35283,4211518,6,4211524
35284,4211629,70,4211699
35285,4211809,14,4211823
35286,4211867,20,4211887
35287,4212336,2,4212338
35288,4212450,30,4212480
35289,4212594,8,4212602
35290,4212781,6,4212787
35291,4213015,2,4213017
35292,4213133,3,4213136
35293,4213192,10,4213202
35294,4213428,3,4213431
35295,4213566,14,4213580
35296,4213655,18,4213673
35297,4213787,15,4213802
35298,4213843,70,4213913
35299,4213982,29,4214011
35300,4214176,5,4214181
35301,4214296,18,4214314
35302,4214378,12,4214390
35303,4214645,20,4214665
35304,4214858,5,4214863
35305,4215355,17,4215372
35306,4215412,15,4215427
35307,4215534,20,4215554
35308,4215678,63,4215741
35309,4215807,15,4215822
35310,4215843,4,4215847
35311,4215877,60,4215937
35312,4215954,15,4215969
35313,4215985,30,4216015
35314,4216211,7,4216218
35315,4216612,5,4216617
35316,4216820,3,4216823
35317,4216896,23,4216919
35318,4216966,1,4216967
35319,4217081,12,4217093
35320,4217176,9,4217185
35321,4217206,18,4217224
35322,4217249,31,4217280
35323,4217371,8,4217379
35324,4217440,44,4217484
35325,4217680,6,4217686
35326,4217718,26,4217744
35327,4217751,30,4217781
35328,4218014,9,4218023
35329,4218093,20,4218113
35330,4218163,6,4218169
35331,4218184,7,4218191
35332,4218238,22,4218260
35333,4218333,17,4218350
35334,4218404,50,4218454
35335,4218514,35,4218549
35336,4218684,52,4218736
35337,4218891,1,4218892
35338,4218904,11,4218915
35339,4219026,49,4219075
35340,4219121,1,4219122
35341,4219139,2,4219141
35342,4219184,23,4219207
35343,4219245,27,4219272
35344,4219298,12,4219310
35345,4219319,7,4219326
35346,4219357,30,4219387
35347,4219664,2,4219666
35348,4219670,10,4219680
35349,4219753,35,4219788
35350,4220136,8,4220144
35351,4220207,36,4220243
35352,4220345,6,4220351
35353,4220402,33,4220435
35354,4220437,54,4220491
35355,4220582,1,4220583
35356,4220617,10,4220627
35357,4220741,37,4220778
35358,4220807,7,4220814
35359,4220860,5,4220865
35360,4220982,44,4221026
35361,4221075,14,4221089
35362,4221195,23,4221218
35363,4221234,18,4221252
35364,4221260,13,4221273
35365,4221306,23,4221329
35366,4221450,4,4221454
35367,4221483,68,4221551
35368,4221666,19,4221685
35369,4221794,44,4221838
35370,4221867,18,4221885
35371,4222036,16,4222052
35372,4222079,14,4222093
35373,4222175,30,4222205
35374,4222219,8,4222227
35375,4222231,4,4222235
35376,4222271,4,4222275
35377,4222304,1,4222305
35378,4222366,23,4222389
35379,4222404,3,4222407
35380,4222811,49,4222860
35381,4222863,30,4222893
35382,4222942,9,4222951
35383,4222984,34,4223018
35384,4223022,3,4223025
35385,4223065,17,4223082
35386,4223111,26,4223137
35387,4223144,20,4223164
35388,4223229,21,4223250
35389,4223284,22,4223306
35390,4223376,2,4223378
35391,4223501,8,4223509
35392,4223539,6,4223545
35393,4223591,28,4223619
35394,4223924,23,4223947
35395,4223969,65,4224034
35396,4224046,4,4224050
35397,4224164,6,4224170
35398,4224245,2,4224247
35399,4224305,1,4224306
35400,4224393,16,4224409
35401,4224508,6,4224514
35402,4224581,11,4224592
35403,4224605,33,4224638
35404,4224639,15,4224654
35405,4224681,2,4224683
35406,4224762,1,4224763
35407,4224798,4,4224802
35408,4225013,19,4225032
35409,4225162,3,4225165
35410,4225267,7,4225274
35411,4225365,5,4225370
35412,4225382,10,4225392
35413,4225421,1,4225422
35414,4225586,26,4225612
35415,4225748,3,4225751
35416,4225836,6,4225842
35417,4225929,9,4225938
35418,4226210,1,4226211
35419,4226223,13,4226236
35420,4226412,41,4226453
35421,4226457,36,4226493
35422,4226575,11,4226586
35423,4226619,23,4226642
35424,4226683,20,4226703
35425,4226713,8,4226721
35426,4226852,18,4226870
35427,4227023,8,4227031
35428,4227542,1,4227543
35429,4227665,5,4227670
35430,4227681,48,4227729
35431,4227847,8,4227855
35432,4227953,11,4227964
35433,4227984,56,4228040
35434,4228625,1,4228626
35435,4228638,14,4228652
35436,4228691,29,4228720
35437,4228765,21,4228786
35438,4228801,7,4228808
35439,4228829,14,4228843
35440,4229482,21,4229503
35441,4229518,23,4229541
35442,4229574,27,4229601
35443,4229629,2,4229631
35444,4229713,28,4229741
35445,4229752,3,4229755
35446,4229812,44,4229856
35447,4230220,2,4230222
35448,4230254,23,4230277
35449,4230287,20,4230307
35450,4230378,19,4230397
35451,4230477,22,4230499
35452,4230775,1,4230776
35453,4230941,6,4230947
35454,4231082,4,4231086
35455,4231134,12,4231146
35456,4231163,30,4231193
35457,4231209,13,4231222
35458,4231264,12,4231276
35459,4231345,2,4231347
35460,4231397,26,4231423
35461,4231430,13,4231443
35462,4231461,11,4231472
35463,4231546,11,4231557
35464,4231569,32,4231601
35465,4231680,6,4231686
35466,4231886,17,4231903
35467,4231919,6,4231925
35468,4231972,21,4231993
35469,4232057,4,4232061
35470,4232163,11,4232174
35471,4232259,53,4232312
35472,4232388,30,4232418
35473,4232660,4,4232664
35474,4232691,43,4232734
35475,4232829,3,4232832
35476,4232882,67,4232949
35477,4232963,1,4232964
35478,4233002,19,4233021
35479,4233061,2,4233063
35480,4233085,11,4233096
35481,4233444,59,4233503
35482,4233544,7,4233551
35483,4233652,3,4233655
35484,4233658,16,4233674
35485,4233743,16,4233759
35486,4233816,66,4233882
35487,4233895,8,4233903
35488,4233910,28,4233938
35489,4233967,16,4233983
35490,4234159,10,4234169
35491,4234398,32,4234430
35492,4234701,8,4234709
35493,4234803,1,4234804
35494,4234827,10,4234837
35495,4234854,18,4234872
35496,4234931,31,4234962
35497,4234972,33,4235005
35498,4235041,5,4235046
35499,4235136,6,4235142
35500,4235290,23,4235313
35501,4235355,7,4235362
35502,4235401,7,4235408
35503,4235535,34,4235569
35504,4235854,4,4235858
35505,4236103,34,4236137
35506,4236281,29,4236310
35507,4236641,27,4236668
35508,4236684,19,4236703
35509,4236860,35,4236895
35510,4237054,55,4237109
35511,4237193,15,4237208
35512,4237365,12,4237377
35513,4237446,55,4237501
35514,4237520,37,4237557
35515,4237591,51,4237642
35516,4237658,5,4237663
35517,4237780,5,4237785
35518,4237962,24,4237986
35519,4237990,1,4237991
35520,4238079,5,4238084
35521,4238182,62,4238244
35522,4238375,18,4238393
35523,4238449,5,4238454
35524,4238603,3,4238606
35525,4238764,27,4238791
35526,4238828,7,4238835
35527,4239006,14,4239020
35528,4239299,11,4239310
35529,4239613,32,4239645
35530,4239723,18,4239741
35531,4239993,5,4239998
35532,4240102,40,4240142
35533,4240262,13,4240275
35534,4240307,7,4240314
35535,4240450,2,4240452
35536,4240488,30,4240518
35537,4240830,8,4240838
35538,4240855,83,4240938
35539,4241063,45,4241108
35540,4241242,12,4241254
35541,4241418,12,4241430
35542,4241463,13,4241476
35543,4241478,35,4241513
35544,4241593,24,4241617
35545,4241633,49,4241682
35546,4241734,6,4241740
35547,4241771,10,4241781
35548,4241803,18,4241821
35549,4241855,3,4241858
35550,4241930,7,4241937
35551,4241974,42,4242016
35552,4242102,3,4242105
35553,4242367,17,4242384
35554,4242392,26,4242418
35555,4242886,38,4242924
35556,4243348,26,4243374
35557,4243398,5,4243403
35558,4243425,22,4243447
35559,4243463,9,4243472
35560,4243563,8,4243571
35561,4243623,43,4243666
35562,4243672,19,4243691
35563,4243760,20,4243780
35564,4243965,9,4243974
35565,4244262,15,4244277
35566,4244490,22,4244512
35567,4244514,10,4244524
35568,4244550,18,4244568
35569,4244578,11,4244589
35570,4244602,11,4244613
35571,4244986,17,4245003
35572,4245084,37,4245121
35573,4245122,30,4245152
35574,4245266,5,4245271
35575,4245343,4,4245347
35576,4245496,24,4245520
35577,4245796,20,4245816
35578,4245943,13,4245956
35579,4246366,18,4246384
35580,4246407,34,4246441
35581,4246538,14,4246552
35582,4246679,41,4246720
35583,4246759,40,4246799
35584,4246810,11,4246821
35585,4247358,2,4247360
35586,4247424,10,4247434
35587,4247506,64,4247570
35588,4248027,6,4248033
35589,4248037,54,4248091
35590,4248482,49,4248531
35591,4248614,26,4248640
35592,4248806,12,4248818
35593,4248927,7,4248934
35594,4248977,1,4248978
35595,4249113,26,4249139
35596,4249141,28,4249169
35597,4249280,21,4249301
35598,4249404,32,4249436
35599,4249728,13,4249741
35600,4249912,48,4249960
35601,4249987,45,4250032
35602,4250152,1,4250153
35603,4250240,44,4250284
35604,4250451,49,4250500
35605,4250592,3,4250595
35606,4250653,13,4250666
35607,4250707,11,4250718
35608,4250733,16,4250749
35609,4250869,11,4250880
35610,4250913,65,4250978
35611,4251052,71,4251123
35612,4251187,22,4251209
35613,4251383,12,4251395
35614,4251542,1,4251543
35615,4251598,7,4251605
35616,4251624,3,4251627
35617,4251698,26,4251724
35618,4251762,7,4251769
35619,4251849,11,4251860
35620,4252220,14,4252234
35621,4252268,27,4252295
35622,4252418,80,4252498
35623,4252747,51,4252798
35624,4252822,1,4252823
35625,4252995,27,4253022
35626,4253033,12,4253045
35627,4253105,11,4253116
35628,4253143,2,4253145
35629,4253172,83,4253255
35630,4253267,3,4253270
35631,4253282,1,4253283
35632,4253328,11,4253339
35633,4253488,14,4253502
35634,4253539,17,4253556
35635,4253617,43,4253660
35636,4253758,14,4253772
35637,4253799,2,4253801
35638,4254076,16,4254092
35639,4254135,20,4254155
35640,4254200,12,4254212
35641,4254482,18,4254500
35642,4254530,6,4254536
35643,4254603,5,4254608
35644,4254748,28,4254776
35645,4254820,10,4254830
35646,4254940,8,4254948
35647,4254992,10,4255002
35648,4255197,47,4255244
35649,4255265,23,4255288
35650,4255447,5,4255452
35651,4255454,11,4255465
35652,4255644,60,4255704
35653,4255766,3,4255769
35654,4255933,5,4255938
35655,4255968,15,4255983
35656,4256126,7,4256133
35657,4256142,14,4256156
35658,4256223,29,4256252
35659,4256288,4,4256292
35660,4256313,1,4256314
35661,4256491,7,4256498
35662,4256694,3,4256697
35663,4256707,12,4256719
35664,4256733,35,4256768
35665,4256916,57,4256973
35666,4257245,29,4257274
35667,4257349,43,4257392
35668,4257472,10,4257482
35669,4257666,12,4257678
35670,4257737,11,4257748
35671,4258097,10,4258107
35672,4258219,5,4258224
35673,4258271,19,4258290
35674,4258437,2,4258439
35675,4258594,1,4258595
35676,4258763,8,4258771
35677,4259102,38,4259140
35678,4259191,2,4259193
35679,4259201,9,4259210
35680,4259233,42,4259275
35681,4259296,18,4259314
35682,4259321,50,4259371
35683,4259462,6,4259468
35684,4259484,12,4259496
35685,4259514,5,4259519
35686,4259650,36,4259686
35687,4259940,33,4259973
35688,4259976,15,4259991
35689,4260064,29,4260093
35690,4260271,13,4260284
35691,4260390,11,4260401
35692,4260501,2,4260503
35693,4260653,42,4260695
35694,4260907,3,4260910
35695,4261045,6,4261051
35696,4261118,8,4261126
35697,4261212,9,4261221
35698,4261230,17,4261247
35699,4261508,6,4261514
35700,4261660,31,4261691
35701,4261824,38,4261862
35702,4261880,12,4261892
35703,4262258,29,4262287
35704,4262371,41,4262412
35705,4262582,17,4262599
35706,4262679,6,4262685
35707,4262747,2,4262749
35708,4262779,28,4262807
35709,4262861,2,4262863
35710,4262930,30,4262960
35711,4262966,14,4262980
35712,4262992,10,4263002
35713,4263036,32,4263068
35714,4263159,5,4263164
35715,4263173,24,4263197
35716,4263265,42,4263307
35717,4263598,5,4263603
35718,4263840,22,4263862
35719,4263907,12,4263919
35720,4263922,27,4263949
35721,4264085,10,4264095
35722,4264194,3,4264197
35723,4264230,11,4264241
35724,4264318,7,4264325
35725,4264370,43,4264413
35726,4264418,46,4264464
35727,4264615,3,4264618
35728,4264665,63,4264728
35729,4264771,64,4264835
35730,4264867,7,4264874
35731,4264885,1,4264886
35732,4264941,4,4264945
35733,4264976,25,4265001
35734,4265156,22,4265178
35735,4265212,10,4265222
35736,4265381,40,4265421
35737,4265432,21,4265453
35738,4265489,14,4265503
35739,4265544,24,4265568
35740,4265577,52,4265629
35741,4265896,12,4265908
35742,4265916,14,4265930
35743,4265969,4,4265973
35744,4266198,9,4266207
35745,4266223,14,4266237
35746,4266560,11,4266571
35747,4266662,53,4266715
35748,4266815,33,4266848
35749,4267390,44,4267434
35750,4267836,30,4267866
35751,4268169,8,4268177
35752,4268216,31,4268247
35753,4268381,13,4268394
35754,4268414,4,4268418
35755,4268614,2,4268616
35756,4268656,47,4268703
35757,4268836,67,4268903
35758,4269044,10,4269054
35759,4269255,32,4269287
35760,4269601,6,4269607
35761,4269844,14,4269858
35762,4270045,26,4270071
35763,4270427,26,4270453
35764,4270607,31,4270638
35765,4270757,1,4270758
35766,4270870,13,4270883
35767,4270928,1,4270929
35768,4271060,25,4271085
35769,4271103,19,4271122
35770,4271134,4,4271138
35771,4271238,34,4271272
35772,4271320,3,4271323
35773,4271454,29,4271483
35774,4271532,6,4271538
35775,4271572,1,4271573
35776,4271641,1,4271642
35777,4272003,5,4272008
35778,4272026,11,4272037
35779,4272179,9,4272188
35780,4272197,22,4272219
35781,4272228,7,4272235
35782,4272493,22,4272515
35783,4272602,20,4272622
35784,4272845,1,4272846
35785,4272854,20,4272874
35786,4272919,11,4272930
35787,4273031,18,4273049
35788,4273127,5,4273132
35789,4273181,6,4273187
35790,4273208,8,4273216
35791,4273314,5,4273319
35792,4273450,23,4273473
35793,4273499,12,4273511
35794,4273657,32,4273689
35795,4273859,6,4273865
35796,4273981,18,4273999
35797,4274009,8,4274017
35798,4274153,38,4274191
35799,4274409,8,4274417
35800,4274580,14,4274594
35801,4274639,10,4274649
35802,4274770,1,4274771
35803,4274772,21,4274793
35804,4274899,55,4274954
35805,4274987,2,4274989
35806,4275019,7,4275026
35807,4275093,15,4275108
35808,4275143,9,4275152
35809,4275213,4,4275217
35810,4275290,3,4275293
35811,4275371,8,4275379
35812,4275412,6,4275418
35813,4275440,26,4275466
35814,4275626,7,4275633
35815,4275661,11,4275672
35816,4275830,67,4275897
35817,4275915,1,4275916
35818,4276005,3,4276008
35819,4276051,2,4276053
35820,4276056,2,4276058
35821,4276139,27,4276166
35822,4276281,14,4276295
35823,4276438,43,4276481
35824,4276645,11,4276656
35825,4276767,25,4276792
35826,4276843,20,4276863
35827,4276987,3,4276990
35828,4276997,10,4277007
35829,4277141,10,4277151
35830,4277267,13,4277280
35831,4277526,16,4277542
35832,4277908,42,4277950
35833,4278065,38,4278103
35834,4278134,26,4278160
35835,4278213,28,4278241
35836,4278348,1,4278349
35837,4278666,17,4278683
35838,4278719,17,4278736
35839,4278790,26,4278816
35840,4278921,1,4278922
35841,4278958,3,4278961
35842,4279027,19,4279046
35843,4279185,5,4279190
35844,4279250,3,4279253
35845,4279406,58,4279464
35846,4279485,10,4279495
35847,4279509,11,4279520
35848,4279552,49,4279601
35849,4279735,2,4279737
35850,4279825,43,4279868
35851,4279961,3,4279964
35852,4280012,6,4280018
35853,4280275,6,4280281
35854,4280333,10,4280343
35855,4280424,11,4280435
35856,4280454,10,4280464
35857,4280478,28,4280506
35858,4280704,13,4280717
35859,4280805,47,4280852
35860,4280900,7,4280907
35861,4281096,11,4281107
35862,4281330,16,4281346
35863,4281553,31,4281584
35864,4281703,3,4281706
35865,4281710,1,4281711
35866,4281926,18,4281944
35867,4281978,1,4281979
35868,4282013,71,4282084
35869,4282111,37,4282148
35870,4282189,5,4282194
35871,4282291,24,4282315
35872,4282732,12,4282744
35873,4282780,19,4282799
35874,4282836,10,4282846
35875,4283136,24,4283160
35876,4283191,8,4283199
35877,4283209,6,4283215
35878,4283304,15,4283319
35879,4283343,15,4283358
35880,4283383,11,4283394
35881,4283434,17,4283451
35882,4283686,39,4283725
35883,4283854,62,4283916
35884,4283957,58,4284015
35885,4284045,16,4284061
35886,4284252,7,4284259
35887,4284340,15,4284355
35888,4284398,12,4284410
35889,4284625,96,4284721
35890,4284824,92,4284916
35891,4285026,7,4285033
35892,4285098,23,4285121
35893,4285325,40,4285365
35894,4285404,26,4285430
35895,4285497,17,4285514
35896,4285585,7,4285592
35897,4285670,55,4285725
35898,4285801,39,4285840
35899,4286052,2,4286054
35900,4286068,8,4286076
35901,4286119,3,4286122
35902,4286141,15,4286156
35903,4286179,16,4286195
35904,4286368,8,4286376
35905,4286497,4,4286501
35906,4286601,33,4286634
35907,4286647,15,4286662
35908,4286881,3,4286884
35909,4286956,7,4286963
35910,4286975,8,4286983
35911,4287040,23,4287063
35912,4287071,36,4287107
35913,4287143,44,4287187
35914,4287455,44,4287499
35915,4287501,4,4287505
35916,4287557,31,4287588
35917,4287609,77,4287686
35918,4288064,18,4288082
35919,4288140,1,4288141
35920,4288207,17,4288224
35921,4288227,5,4288232
35922,4288342,69,4288411
35923,4288773,24,4288797
35924,4289061,31,4289092
35925,4289211,6,4289217
35926,4289433,13,4289446
35927,4289563,29,4289592
35928,4289627,25,4289652
35929,4289653,7,4289660
35930,4289890,15,4289905
35931,4290023,11,4290034
35932,4290090,22,4290112
35933,4290198,29,4290227
35934,4290454,3,4290457
35935,4290624,18,4290642
35936,4290660,7,4290667
35937,4290723,33,4290756
35938,4290843,49,4290892
35939,4291047,9,4291056
35940,4291069,19,4291088
35941,4291095,29,4291124
35942,4291443,28,4291471
35943,4291623,15,4291638
35944,4291853,2,4291855
35945,4291882,17,4291899
35946,4292088,17,4292105
35947,4292119,20,4292139
35948,4292243,59,4292302
35949,4292308,68,4292376
35950,4292612,8,4292620
35951,4292706,15,4292721
35952,4292954,23,4292977
35953,4293023,5,4293028
35954,4293627,1,4293628
35955,4293683,7,4293690
35956,4293769,17,4293786
35957,4294045,8,4294053
35958,4294091,97,4294188
35959,4294339,17,4294356
35960,4294773,11,4294784
35961,4294861,2,4294863
35962,4295054,14,4295068
35963,4295136,27,4295163
35964,4295318,7,4295325
35965,4295400,19,4295419
35966,4295512,9,4295521
35967,4295541,2,4295543
35968,4295579,1,4295580
35969,4295597,1,4295598
35970,4295628,8,4295636
35971,4295677,35,4295712
35972,4295828,11,4295839
35973,4296001,3,4296004
35974,4296065,40,4296105
35975,4296200,25,4296225
35976,4296538,13,4296551
35977,4296620,2,4296622
35978,4296771,9,4296780
35979,4296785,13,4296798
35980,4296851,4,4296855
35981,4297065,16,4297081
35982,4297351,23,4297374
35983,4297460,6,4297466
35984,4297535,18,4297553
35985,4297578,5,4297583
35986,4297826,22,4297848
35987,4297908,5,4297913
35988,4297918,12,4297930
35989,4298011,33,4298044
35990,4298068,4,4298072
35991,4298078,4,4298082
35992,4298134,31,4298165
35993,4298191,109,4298300
35994,4298309,1,4298310
35995,4298348,85,4298433
35996,4298458,52,4298510
35997,4298556,12,4298568
35998,4298624,38,4298662
35999,4298704,7,4298711
36000,4298804,9,4298813
36001,4298899,25,4298924
36002,4298979,38,4299017
36003,4299067,17,4299084
36004,4299159,10,4299169
36005,4299214,11,4299225
36006,4299329,84,4299413
36007,4299551,18,4299569
36008,4299586,22,4299608
36009,4299769,39,4299808
36010,4299814,74,4299888
36011,4299952,12,4299964
36012,4300073,30,4300103
36013,4300148,57,4300205
36014,4300337,11,4300348
36015,4300409,32,4300441
36016,4300444,12,4300456
36017,4300503,24,4300527
36018,4300535,10,4300545
36019,4300580,8,4300588
36020,4300706,19,4300725
36021,4300791,10,4300801
36022,4300812,61,4300873
36023,4300874,23,4300897
36024,4300978,7,4300985
36025,4300989,1,4300990
36026,4301251,3,4301254
36027,4301293,44,4301337
36028,4301398,22,4301420
36029,4301459,6,4301465
36030,4301672,32,4301704
36031,4301771,23,4301794
36032,4301802,9,4301811
36033,4301864,47,4301911
36034,4301988,62,4302050
36035,4302115,4,4302119
36036,4302256,4,4302260
36037,4302310,13,4302323
36038,4302433,12,4302445
36039,4302614,6,4302620
36040,4302996,21,4303017
36041,4303083,7,4303090
36042,4303171,10,4303181
36043,4303449,8,4303457
36044,4303576,7,4303583
36045,4303591,50,4303641
36046,4303776,20,4303796
36047,4303845,5,4303850
36048,4303944,1,4303945
36049,4303958,3,4303961
36050,4304069,5,4304074
36051,4304116,4,4304120
36052,4304160,6,4304166
36053,4304252,41,4304293
36054,4304387,5,4304392
36055,4304507,6,4304513
36056,4304673,7,4304680
36057,4304861,4,4304865
36058,4305086,18,4305104
36059,4305253,16,4305269
36060,4305340,14,4305354
36061,4305516,8,4305524
36062,4305553,15,4305568
36063,4305733,3,4305736
36064,4305995,102,4306097
36065,4306167,70,4306237
36066,4306313,29,4306342
36067,4306414,6,4306420
36068,4306588,37,4306625
36069,4306970,39,4307009
36070,4307203,42,4307245
36071,4307287,2,4307289
36072,4307486,7,4307493
36073,4307593,19,4307612
36074,4307629,67,4307696
36075,4307760,17,4307777
36076,4307921,27,4307948
36077,4307987,21,4308008
36078,4308066,3,4308069
36079,4308135,51,4308186
36080,4308306,50,4308356
36081,4308388,13,4308401
36082,4308418,48,4308466
36083,4308591,11,4308602
36084,4308715,13,4308728
36085,4309006,7,4309013
36086,4309015,12,4309027
36087,4309225,59,4309284
36088,4309332,28,4309360
36089,4309405,7,4309412
36090,4309563,21,4309584
36091,4309614,27,4309641
36092,4309700,39,4309739
36093,4309790,7,4309797
36094,4309912,21,4309933
36095,4310022,12,4310034
36096,4310073,8,4310081
36097,4310499,19,4310518
36098,4310621,10,4310631
36099,4311116,8,4311124
36100,4311234,8,4311242
36101,4311432,38,4311470
36102,4311676,32,4311708
36103,4311751,107,4311858
36104,4312364,85,4312449
36105,4312479,17,4312496
36106,4312656,11,4312667
36107,4312724,20,4312744
36108,4312856,37,4312893
36109,4313288,10,4313298
36110,4313322,4,4313326
36111,4313479,18,4313497
36112,4313634,13,4313647
36113,4313676,29,4313705
36114,4313879,30,4313909
36115,4313924,6,4313930
36116,4314003,29,4314032
36117,4314316,5,4314321
36118,4314337,48,4314385
36119,4314543,1,4314544
36120,4314569,13,4314582
36121,4314584,9,4314593
36122,4314631,4,4314635
36123,4314639,49,4314688
36124,4314735,8,4314743
36125,4314913,4,4314917
36126,4314923,1,4314924
36127,4315035,8,4315043
36128,4315171,13,4315184
36129,4315256,21,4315277
36130,4315348,14,4315362
36131,4315392,48,4315440
36132,4315549,1,4315550
36133,4315608,15,4315623
36134,4315653,12,4315665
36135,4315681,21,4315702
36136,4315732,5,4315737
36137,4315778,51,4315829
36138,4315885,6,4315891
36139,4315908,29,4315937
36140,4316084,2,4316086
36141,4316160,109,4316269
36142,4316411,6,4316417
36143,4316477,1,4316478
36144,4316506,8,4316514
36145,4316517,14,4316531
36146,4316772,13,4316785
36147,4316809,10,4316819
36148,4316939,18,4316957
36149,4316996,18,4317014
36150,4317044,33,4317077
36151,4317083,3,4317086
36152,4317206,24,4317230
36153,4317266,35,4317301
36154,4317483,1,4317484
36155,4317619,108,4317727
36156,4317851,48,4317899
36157,4317966,17,4317983
36158,4318054,7,4318061
36159,4318130,1,4318131
36160,4318261,3,4318264
36161,4318268,28,4318296
36162,4318315,36,4318351
36163,4318363,2,4318365
36164,4318530,10,4318540
36165,4318555,27,4318582
36166,4318600,15,4318615
36167,4318623,2,4318625
36168,4318681,34,4318715
36169,4318757,16,4318773
36170,4318774,20,4318794
36171,4318813,21,4318834
36172,4318994,20,4319014
36173,4319119,24,4319143
36174,4319195,134,4319329
36175,4319395,80,4319475
36176,4319550,3,4319553
36177,4319590,47,4319637
36178,4319679,13,4319692
36179,4319891,7,4319898
36180,4319958,10,4319968
36181,4319975,19,4319994
36182,4320099,3,4320102
36183,4320374,26,4320400
36184,4320436,2,4320438
36185,4320487,2,4320489
36186,4320577,40,4320617
36187,4320685,9,4320694
36188,4320720,1,4320721
36189,4320735,11,4320746
36190,4320821,23,4320844
36191,4320923,2,4320925
36192,4320959,5,4320964
36193,4321351,15,4321366
36194,4321369,12,4321381
36195,4321425,8,4321433
36196,4321496,13,4321509
36197,4321754,3,4321757
36198,4321948,13,4321961
36199,4322079,21,4322100
36200,4322220,36,4322256
36201,4322287,2,4322289
36202,4322361,11,4322372
36203,4322456,48,4322504
36204,4322523,10,4322533
36205,4322688,97,4322785
36206,4323152,21,4323173
36207,4323237,6,4323243
36208,4323267,16,4323283
36209,4323299,21,4323320
36210,4323365,2,4323367
36211,4323444,1,4323445
36212,4323476,11,4323487
36213,4323572,6,4323578
36214,4323721,5,4323726
36215,4323760,19,4323779
36216,4323971,61,4324032
36217,4324206,39,4324245
36218,4324309,11,4324320
36219,4324365,61,4324426
36220,4324450,25,4324475
36221,4324502,8,4324510
36222,4324522,18,4324540
36223,4324904,35,4324939
36224,4325371,12,4325383
36225,4325461,4,4325465
36226,4325562,33,4325595
36227,4325615,5,4325620
36228,4325787,24,4325811
36229,4325974,18,4325992
36230,4326291,47,4326338
36231,4326409,18,4326427
36232,4326488,1,4326489
36233,4326551,28,4326579
36234,4326607,19,4326626
36235,4326635,4,4326639
36236,4326669,68,4326737
36237,4326741,26,4326767
36238,4326878,32,4326910
36239,4327135,69,4327204
36240,4327296,18,4327314
36241,4327401,12,4327413
36242,4327621,4,4327625
36243,4327655,57,4327712
36244,4327997,9,4328006
36245,4328156,2,4328158
36246,4328201,20,4328221
36247,4328253,9,4328262
36248,4328342,33,4328375
36249,4328383,11,4328394
36250,4328540,1,4328541
36251,4328577,19,4328596
36252,4328621,6,4328627
36253,4328703,13,4328716
36254,4328851,27,4328878
36255,4328962,52,4329014
36256,4329071,6,4329077
36257,4329106,5,4329111
36258,4329122,10,4329132
36259,4329153,47,4329200
36260,4329248,36,4329284
36261,4329294,1,4329295
36262,4329303,14,4329317
36263,4329430,3,4329433
36264,4329469,13,4329482
36265,4329492,11,4329503
36266,4329518,18,4329536
36267,4329634,4,4329638
36268,4330097,22,4330119
36269,4330162,14,4330176
36270,4330182,24,4330206
36271,4330280,1,4330281
36272,4330402,16,4330418
36273,4330424,63,4330487
36274,4330519,1,4330520
36275,4330533,13,4330546
36276,4330589,36,4330625
36277,4330665,24,4330689
36278,4330863,12,4330875
36279,4331124,26,4331150
36280,4331197,2,4331199
36281,4331229,9,4331238
36282,4331413,56,4331469
36283,4331519,11,4331530
36284,4331609,30,4331639
36285,4331702,7,4331709
36286,4331749,37,4331786
36287,4331845,3,4331848
36288,4331865,52,4331917
36289,4331973,5,4331978
36290,4332111,11,4332122
36291,4332208,4,4332212
36292,4332271,18,4332289
36293,4332383,73,4332456
36294,4332467,18,4332485
36295,4332558,21,4332579
36296,4332594,2,4332596
36297,4332605,9,4332614
36298,4332750,33,4332783
36299,4332863,18,4332881
36300,4332962,12,4332974
36301,4333169,52,4333221
36302,4333534,7,4333541
36303,4333685,64,4333749
36304,4333901,29,4333930
36305,4333936,42,4333978
36306,4334179,1,4334180
36307,4334502,6,4334508
36308,4334516,8,4334524
36309,4334738,1,4334739
36310,4334969,6,4334975
36311,4335001,6,4335007
36312,4335179,13,4335192
36313,4335379,1,4335380
36314,4335538,4,4335542
36315,4335700,11,4335711
36316,4335924,28,4335952
36317,4336197,6,4336203
36318,4336283,2,4336285
36319,4336309,16,4336325
36320,4336391,21,4336412
36321,4336426,4,4336430
36322,4336699,12,4336711
36323,4336771,3,4336774
36324,4336823,29,4336852
36325,4336893,24,4336917
36326,4336959,15,4336974
36327,4336977,10,4336987
36328,4337036,12,4337048
36329,4337056,3,4337059
36330,4337141,52,4337193
36331,4337325,1,4337326
36332,4337452,23,4337475
36333,4337629,8,4337637
36334,4337735,56,4337791
36335,4337794,32,4337826
36336,4337849,15,4337864
36337,4337889,4,4337893
36338,4337904,34,4337938
36339,4338115,12,4338127
36340,4338153,1,4338154
36341,4338170,8,4338178
36342,4338273,40,4338313
36343,4338361,16,4338377
36344,4338460,12,4338472
36345,4338478,4,4338482
36346,4338519,19,4338538
36347,4338632,71,4338703
36348,4338706,21,4338727
36349,4338791,14,4338805
36350,4338842,1,4338843
36351,4339391,14,4339405
36352,4339433,15,4339448
36353,4339458,9,4339467
36354,4339469,29,4339498
36355,4339639,20,4339659
36356,4339662,14,4339676
36357,4339784,32,4339816
36358,4339911,6,4339917
36359,4339952,48,4340000
36360,4340386,1,4340387
36361,4340397,4,4340401
36362,4340590,11,4340601
36363,4340934,6,4340940
36364,4340989,13,4341002
36365,4341072,29,4341101
36366,4341188,22,4341210
36367,4341316,17,4341333
36368,4341409,9,4341418
36369,4341491,17,4341508
36370,4341698,6,4341704
36371,4341752,1,4341753
36372,4341847,13,4341860
36373,4342037,3,4342040
36374,4342113,1,4342114
36375,4342201,14,4342215
36376,4342290,21,4342311
36377,4342312,36,4342348
36378,4342387,1,4342388
36379,4342526,4,4342530
36380,4342669,52,4342721
36381,4343052,34,4343086
36382,4343087,10,4343097
36383,4343503,30,4343533
36384,4343586,10,4343596
36385,4343603,32,4343635
36386,4343672,28,4343700
36387,4343705,2,4343707
36388,4343781,1,4343782
36389,4344139,28,4344167
36390,4344277,25,4344302
36391,4344325,2,4344327
36392,4344471,10,4344481
36393,4344489,7,4344496
36394,4344551,67,4344618
36395,4344776,9,4344785
36396,4344849,6,4344855
36397,4344882,14,4344896
36398,4344992,7,4344999
36399,4345016,29,4345045
36400,4345063,13,4345076
36401,4345225,17,4345242
36402,4345342,11,4345353
36403,4345357,3,4345360
36404,4345431,3,4345434
36405,4345477,4,4345481
36406,4345534,11,4345545
36407,4345549,7,4345556
36408,4345594,20,4345614
36409,4345618,93,4345711
36410,4345829,10,4345839
36411,4346182,14,4346196
36412,4346203,20,4346223
36413,4346250,2,4346252
36414,4346277,13,4346290
36415,4346292,6,4346298
36416,4346318,66,4346384
36417,4346486,1,4346487
36418,4346532,3,4346535
36419,4346563,90,4346653
36420,4346696,16,4346712
36421,4346799,13,4346812
36422,4347181,6,4347187
36423,4347201,5,4347206
36424,4347370,16,4347386
36425,4347742,30,4347772
36426,4347791,37,4347828
36427,4347986,8,4347994
36428,4348056,9,4348065
36429,4348273,7,4348280
36430,4348620,12,4348632
36431,4348862,7,4348869
36432,4349068,19,4349087
36433,4349210,25,4349235
36434,4349521,79,4349600
36435,4349657,34,4349691
36436,4349883,42,4349925
36437,4349971,4,4349975
36438,4350332,2,4350334
36439,4350348,47,4350395
36440,4350626,12,4350638
36441,4350639,37,4350676
36442,4350724,39,4350763
36443,4350967,3,4350970
36444,4351004,20,4351024
36445,4351122,2,4351124
36446,4351198,50,4351248
36447,4351291,18,4351309
36448,4351418,7,4351425
36449,4351680,4,4351684
36450,4351703,8,4351711
36451,4351820,7,4351827
36452,4351894,11,4351905
36453,4352172,19,4352191
36454,4352201,15,4352216
36455,4352470,22,4352492
36456,4352590,27,4352617
36457,4352642,5,4352647
36458,4352682,41,4352723
36459,4352978,55,4353033
36460,4353083,4,4353087
36461,4353205,20,4353225
36462,4353434,44,4353478
36463,4353664,2,4353666
36464,4353816,54,4353870
36465,4354049,49,4354098
36466,4354112,12,4354124
36467,4354154,15,4354169
36468,4354309,62,4354371
36469,4354429,22,4354451
36470,4354484,6,4354490
36471,4354587,1,4354588
36472,4354635,65,4354700
36473,4354850,6,4354856
36474,4354950,8,4354958
36475,4355074,21,4355095
36476,4355298,21,4355319
36477,4355607,5,4355612
36478,4355787,68,4355855
36479,4355890,10,4355900
36480,4356064,26,4356090
36481,4356203,1,4356204
36482,4356267,5,4356272
36483,4356382,13,4356395
36484,4356406,148,4356554
36485,4356689,3,4356692
36486,4356786,11,4356797
36487,4357162,38,4357200
36488,4357225,1,4357226
36489,4357420,28,4357448
36490,4357549,3,4357552
36491,4357592,27,4357619
36492,4357625,7,4357632
36493,4357640,93,4357733
36494,4357908,17,4357925
36495,4357973,6,4357979
36496,4358069,50,4358119
36497,4358337,60,4358397
36498,4358894,44,4358938
36499,4358959,4,4358963
36500,4359056,56,4359112
36501,4359253,4,4359257
36502,4359473,6,4359479
36503,4359507,25,4359532
36504,4359760,14,4359774
36505,4359820,46,4359866
36506,4359870,10,4359880
36507,4360195,30,4360225
36508,4360270,16,4360286
36509,4360321,26,4360347
36510,4360431,33,4360464
36511,4360534,3,4360537
36512,4360678,17,4360695
36513,4360740,6,4360746
36514,4360851,22,4360873
36515,4360916,13,4360929
36516,4361095,49,4361144
36517,4361477,7,4361484
36518,4361598,26,4361624
36519,4361868,91,4361959
36520,4362006,7,4362013
36521,4362064,6,4362070
36522,4362172,18,4362190
36523,4362219,81,4362300
36524,4362346,50,4362396
36525,4362408,19,4362427
36526,4362444,35,4362479
36527,4362601,13,4362614
36528,4362674,41,4362715
36529,4362849,10,4362859
36530,4362980,53,4363033
36531,4363095,40,4363135
36532,4363137,28,4363165
36533,4363435,7,4363442
36534,4363501,16,4363517
36535,4363626,5,4363631
36536,4363734,3,4363737
36537,4363958,21,4363979
36538,4363992,14,4364006
36539,4364044,10,4364054
36540,4364202,14,4364216
36541,4364284,14,4364298
36542,4364484,24,4364508
36543,4364628,41,4364669
36544,4364697,25,4364722
36545,4364723,16,4364739
36546,4364934,68,4365002
36547,4365035,21,4365056
36548,4365101,31,4365132
36549,4365318,2,4365320
36550,4365526,49,4365575
36551,4365689,8,4365697
36552,4365796,45,4365841
36553,4365896,22,4365918
36554,4366047,30,4366077
36555,4366265,22,4366287
36556,4366429,25,4366454
36557,4366943,3,4366946
36558,4367221,11,4367232
36559,4367261,3,4367264
36560,4367662,9,4367671
36561,4367674,41,4367715
36562,4367725,42,4367767
36563,4367785,3,4367788
36564,4368013,80,4368093
36565,4368149,11,4368160
36566,4368296,4,4368300
36567,4368395,2,4368397
36568,4368502,67,4368569
36569,4368617,35,4368652
36570,4368679,105,4368784
36571,4368845,91,4368936
36572,4368971,13,4368984
36573,4368989,6,4368995
36574,4368997,21,4369018
36575,4369031,7,4369038
36576,4369041,5,4369046
36577,4369057,10,4369067
36578,4369520,15,4369535
36579,4369745,1,4369746
36580,4369776,5,4369781
36581,4369909,31,4369940
36582,4369990,22,4370012
36583,4370119,44,4370163
36584,4370164,28,4370192
36585,4370341,5,4370346
36586,4370403,19,4370422
36587,4370483,15,4370498
36588,4370660,65,4370725
36589,4370772,50,4370822
36590,4370909,9,4370918
36591,4371012,3,4371015
36592,4371040,85,4371125
36593,4371143,4,4371147
36594,4371198,15,4371213
36595,4371400,28,4371428
36596,4371430,37,4371467
36597,4371536,8,4371544
36598,4371589,12,4371601
36599,4371868,13,4371881
36600,4372073,2,4372075
36601,4372094,26,4372120
36602,4372210,41,4372251
36603,4372299,32,4372331
36604,4372500,81,4372581
36605,4372607,9,4372616
36606,4372771,26,4372797
36607,4372909,1,4372910
36608,4372940,34,4372974
36609,4373180,8,4373188
36610,4373229,7,4373236
36611,4373241,7,4373248
36612,4373268,18,4373286
36613,4373354,60,4373414
36614,4373457,13,4373470
36615,4373525,2,4373527
36616,4373550,8,4373558
36617,4373779,47,4373826
36618,4374030,2,4374032
36619,4374090,5,4374095
36620,4374257,24,4374281
36621,4374416,10,4374426
36622,4374450,19,4374469
36623,4374568,2,4374570
36624,4374609,32,4374641
36625,4374691,8,4374699
36626,4374758,28,4374786
36627,4374937,2,4374939
36628,4375408,43,4375451
36629,4375506,3,4375509
36630,4375570,14,4375584
36631,4375623,15,4375638
36632,4375783,69,4375852
36633,4375913,51,4375964
36634,4376075,1,4376076
36635,4376078,9,4376087
36636,4376093,8,4376101
36637,4376192,26,4376218
36638,4376444,19,4376463
36639,4376544,120,4376664
36640,4376678,35,4376713
36641,4376718,16,4376734
36642,4376755,9,4376764
36643,4376786,51,4376837
36644,4376868,45,4376913
36645,4376919,26,4376945
36646,4377072,14,4377086
36647,4377348,9,4377357
36648,4377369,8,4377377
36649,4377521,16,4377537
36650,4377543,1,4377544
36651,4377883,43,4377926
36652,4377956,13,4377969
36653,4378056,2,4378058
36654,4378101,5,4378106
36655,4378292,20,4378312
36656,4378361,2,4378363
36657,4378422,14,4378436
36658,4378488,16,4378504
36659,4378756,2,4378758
36660,4378823,3,4378826
36661,4378950,30,4378980
36662,4379062,29,4379091
36663,4379107,19,4379126
36664,4379187,4,4379191
36665,4379216,21,4379237
36666,4379252,31,4379283
36667,4379346,6,4379352
36668,4379445,9,4379454
36669,4379507,68,4379575
36670,4379597,12,4379609
36671,4379866,23,4379889
36672,4380181,10,4380191
36673,4380388,45,4380433
36674,4380549,23,4380572
36675,4380622,5,4380627
36676,4381266,6,4381272
36677,4381282,17,4381299
36678,4381302,100,4381402
36679,4381806,108,4381914
36680,4381918,59,4381977
36681,4381998,1,4381999
36682,4382037,4,4382041
36683,4382076,16,4382092
36684,4382136,35,4382171
36685,4382202,35,4382237
36686,4382276,11,4382287
36687,4382436,5,4382441
36688,4382485,13,4382498
36689,4382501,30,4382531
36690,4382750,11,4382761
36691,4382763,9,4382772
36692,4382793,105,4382898
36693,4382963,43,4383006
36694,4383075,37,4383112
36695,4383201,3,4383204
36696,4383287,23,4383310
36697,4383407,52,4383459
36698,4383542,16,4383558
36699,4383664,11,4383675
36700,4383746,27,4383773
36701,4383933,41,4383974
36702,4384058,15,4384073
36703,4384163,33,4384196
36704,4384413,8,4384421
36705,4384579,9,4384588
36706,4384646,39,4384685
36707,4384991,16,4385007
36708,4385080,50,4385130
36709,4385629,11,4385640
36710,4386288,4,4386292
36711,4386298,16,4386314
36712,4386431,13,4386444
36713,4387239,1,4387240
36714,4387266,1,4387267
36715,4387431,8,4387439
36716,4387588,7,4387595
36717,4387794,10,4387804
36718,4387828,28,4387856
36719,4387948,17,4387965
36720,4388044,100,4388144
36721,4388270,7,4388277
36722,4388446,16,4388462
36723,4388746,60,4388806
36724,4388935,7,4388942
36725,4388952,48,4389000
36726,4389170,7,4389177
36727,4389189,7,4389196
36728,4389550,8,4389558
36729,4389587,30,4389617
36730,4389821,36,4389857
36731,4389882,72,4389954
36732,4390117,15,4390132
36733,4390181,12,4390193
36734,4390213,26,4390239
36735,4390359,16,4390375
36736,4390410,81,4390491
36737,4390536,7,4390543
36738,4390596,1,4390597
36739,4390618,34,4390652
36740,4390938,10,4390948
36741,4390967,94,4391061
36742,4391118,2,4391120
36743,4391214,2,4391216
36744,4391352,67,4391419
36745,4391431,3,4391434
36746,4391456,6,4391462
36747,4391549,20,4391569
36748,4391624,20,4391644
36749,4391759,6,4391765
36750,4391778,23,4391801
36751,4391884,47,4391931
36752,4391989,3,4391992
36753,4392029,35,4392064
36754,4392130,28,4392158
36755,4392510,7,4392517
36756,4392811,41,4392852
36757,4393056,14,4393070
36758,4393180,9,4393189
36759,4393236,10,4393246
36760,4393250,7,4393257
36761,4393299,6,4393305
36762,4393364,31,4393395
36763,4393402,14,4393416
36764,4393848,9,4393857
36765,4393867,13,4393880
36766,4393937,28,4393965
36767,4394081,2,4394083
36768,4394225,20,4394245
36769,4394266,2,4394268
36770,4394287,14,4394301
36771,4394636,8,4394644
36772,4394699,24,4394723
36773,4394874,4,4394878
36774,4394925,3,4394928
36775,4394939,33,4394972
36776,4394980,1,4394981
36777,4395062,28,4395090
36778,4395157,27,4395184
36779,4395217,43,4395260
36780,4395339,10,4395349
36781,4395429,15,4395444
36782,4395600,10,4395610
36783,4395862,21,4395883
36784,4396117,12,4396129
36785,4396193,6,4396199
36786,4396340,52,4396392
36787,4396552,36,4396588
36788,4396623,40,4396663
36789,4396670,52,4396722
36790,4396845,1,4396846
36791,4396896,27,4396923
36792,4397024,6,4397030
36793,4397043,11,4397054
36794,4397367,1,4397368
36795,4397498,21,4397519
36796,4397525,58,4397583
36797,4397635,37,4397672
36798,4397749,34,4397783
36799,4397903,1,4397904
36800,4398037,20,4398057
36801,4398065,31,4398096
36802,4398169,17,4398186
36803,4398378,4,4398382
36804,4398404,16,4398420
36805,4398458,37,4398495
36806,4398592,14,4398606
36807,4398665,4,4398669
36808,4398697,32,4398729
36809,4398759,6,4398765
36810,4398885,2,4398887
36811,4398898,15,4398913
36812,4398984,4,4398988
36813,4398998,8,4399006
36814,4399150,12,4399162
36815,4399305,16,4399321
36816,4399323,18,4399341
36817,4399422,3,4399425
36818,4399443,30,4399473
36819,4399813,33,4399846
36820,4399886,9,4399895
36821,4400122,48,4400170
36822,4400211,47,4400258
36823,4400369,52,4400421
36824,4400538,1,4400539
36825,4400583,74,4400657
36826,4400755,5,4400760
36827,4400840,7,4400847
36828,4400991,27,4401018
36829,4401093,8,4401101
36830,4401105,59,4401164
36831,4401250,21,4401271
36832,4401451,1,4401452
36833,4401689,2,4401691
36834,4402046,2,4402048
36835,4402163,42,4402205
36836,4402247,18,4402265
36837,4402401,8,4402409
36838,4402526,7,4402533
36839,4402611,3,4402614
36840,4402714,80,4402794
36841,4402814,35,4402849
36842,4402890,20,4402910
36843,4403054,6,4403060
36844,4403235,40,4403275
36845,4403456,11,4403467
36846,4403819,34,4403853
36847,4403856,8,4403864
36848,4403988,19,4404007
36849,4404092,7,4404099
36850,4404220,16,4404236
36851,4404269,3,4404272
36852,4404295,9,4404304
36853,4404466,18,4404484
36854,4404490,4,4404494
36855,4404536,8,4404544
36856,4404670,20,4404690
36857,4404737,5,4404742
36858,4405048,4,4405052
36859,4405376,9,4405385
36860,4405430,6,4405436
36861,4405454,19,4405473
36862,4405533,12,4405545
36863,4405584,71,4405655
36864,4405669,7,4405676
36865,4405785,17,4405802
36866,4405873,11,4405884
36867,4405939,8,4405947
36868,4405964,15,4405979
36869,4406107,32,4406139
36870,4406222,10,4406232
36871,4406285,19,4406304
36872,4406333,32,4406365
36873,4406381,25,4406406
36874,4406496,3,4406499
36875,4406658,6,4406664
36876,4406698,8,4406706
36877,4406718,40,4406758
36878,4406810,43,4406853
36879,4406870,3,4406873
36880,4407013,24,4407037
36881,4407203,3,4407206
36882,4407472,13,4407485
36883,4407528,19,4407547
36884,4407678,45,4407723
36885,4407729,41,4407770
36886,4407788,17,4407805
36887,4407825,29,4407854
36888,4407996,4,4408000
36889,4408393,1,4408394
36890,4408407,41,4408448
36891,4408614,22,4408636
36892,4408687,11,4408698
36893,4408708,8,4408716
36894,4408727,18,4408745
36895,4408796,63,4408859
36896,4409084,27,4409111
36897,4409161,6,4409167
36898,4409349,12,4409361
36899,4409371,15,4409386
36900,4409407,12,4409419
36901,4409468,13,4409481
36902,4409493,17,4409510
36903,4409571,3,4409574
36904,4409691,14,4409705
36905,4409765,3,4409768
36906,4410248,26,4410274
36907,4410291,9,4410300
36908,4410342,5,4410347
36909,4410497,12,4410509
36910,4410640,50,4410690
36911,4410699,5,4410704
36912,4410722,9,4410731
36913,4410738,9,4410747
36914,4410860,29,4410889
36915,4410923,15,4410938
36916,4410987,40,4411027
36917,4411103,8,4411111
36918,4411525,20,4411545
36919,4411576,2,4411578
36920,4411956,2,4411958
36921,4411978,39,4412017
36922,4412038,10,4412048
36923,4412415,32,4412447
36924,4412500,24,4412524
36925,4412694,8,4412702
36926,4412945,6,4412951
36927,4412977,17,4412994
36928,4413352,31,4413383
36929,4413573,39,4413612
36930,4413643,3,4413646
36931,4413717,2,4413719
36932,4413776,1,4413777
36933,4413898,9,4413907
36934,4414105,39,4414144
36935,4414251,21,4414272
36936,4414313,4,4414317
36937,4414474,8,4414482
36938,4414511,10,4414521
36939,4414578,27,4414605
36940,4414623,5,4414628
36941,4414754,18,4414772
36942,4414824,2,4414826
36943,4414910,6,4414916
36944,4415086,45,4415131
36945,4415135,23,4415158
36946,4415303,12,4415315
36947,4415365,6,4415371
36948,4415606,45,4415651
36949,4415703,10,4415713
36950,4415728,13,4415741
36951,4415850,34,4415884
36952,4416230,29,4416259
36953,4416298,19,4416317
36954,4416342,16,4416358
36955,4416426,12,4416438
36956,4416463,4,4416467
36957,4416585,7,4416592
36958,4416788,7,4416795
36959,4416803,3,4416806
36960,4416896,7,4416903
36961,4417072,6,4417078
36962,4417371,20,4417391
36963,4417470,33,4417503
36964,4417550,7,4417557
36965,4417649,43,4417692
36966,4417968,5,4417973
36967,4417992,41,4418033
36968,4418078,40,4418118
36969,4418200,3,4418203
36970,4418248,2,4418250
36971,4418313,7,4418320
36972,4418348,21,4418369
36973,4418447,29,4418476
36974,4418575,31,4418606
36975,4418703,4,4418707
36976,4418724,7,4418731
36977,4418947,16,4418963
36978,4419032,8,4419040
36979,4419207,7,4419214
36980,4419240,25,4419265
36981,4419277,13,4419290
36982,4419488,56,4419544
36983,4419556,11,4419567
36984,4419581,2,4419583
36985,4419600,6,4419606
36986,4419621,2,4419623
36987,4419647,5,4419652
36988,4419726,29,4419755
36989,4420032,41,4420073
36990,4420104,24,4420128
36991,4420203,2,4420205
36992,4420259,29,4420288
36993,4420396,45,4420441
36994,4420465,1,4420466
36995,4420518,37,4420555
36996,4420869,6,4420875
36997,4420951,10,4420961
36998,4421103,68,4421171
36999,4421316,3,4421319
37000,4421344,17,4421361
37001,4421586,10,4421596
37002,4421632,30,4421662
37003,4421664,21,4421685
37004,4421747,13,4421760
37005,4422582,24,4422606
37006,4422945,5,4422950
37007,4422958,11,4422969
37008,4422989,5,4422994
37009,4423228,4,4423232
37010,4423297,26,4423323
37011,4423357,21,4423378
37012,4423414,21,4423435
37013,4423441,41,4423482
37014,4423692,7,4423699
37015,4423758,6,4423764
37016,4423948,28,4423976
37017,4423991,2,4423993
37018,4424088,16,4424104
37019,4424142,2,4424144
37020,4424189,14,4424203
37021,4424423,3,4424426
37022,4424446,61,4424507
37023,4424564,7,4424571
37024,4424612,10,4424622
37025,4424629,38,4424667
37026,4424746,25,4424771
37027,4424848,51,4424899
37028,4425026,5,4425031
37029,4425042,57,4425099
37030,4425135,8,4425143
37031,4425210,11,4425221
37032,4425321,17,4425338
37033,4425346,16,4425362
37034,4425500,5,4425505
37035,4425693,17,4425710
37036,4425713,10,4425723
37037,4425953,14,4425967
37038,4426043,2,4426045
37039,4426070,38,4426108
37040,4426109,7,4426116
37041,4426230,1,4426231
37042,4426240,7,4426247
37043,4426344,18,4426362
37044,4426549,19,4426568
37045,4426571,8,4426579
37046,4426833,100,4426933
37047,4427232,2,4427234
37048,4427351,21,4427372
37049,4427437,5,4427442
37050,4427658,5,4427663
37051,4427701,11,4427712
37052,4427738,32,4427770
37053,4427791,18,4427809
37054,4427894,17,4427911
37055,4427988,8,4427996
37056,4428213,20,4428233
37057,4428292,68,4428360
37058,4428473,29,4428502
37059,4428633,32,4428665
37060,4428694,9,4428703
37061,4428781,3,4428784
37062,4428860,3,4428863
37063,4428956,21,4428977
37064,4429060,3,4429063
37065,4429125,6,4429131
37066,4429232,66,4429298
37067,4429453,8,4429461
37068,4429486,47,4429533
37069,4429760,40,4429800
37070,4429885,36,4429921
37071,4429942,2,4429944
37072,4429951,17,4429968
37073,4430066,14,4430080
37074,4430085,56,4430141
37075,4430249,19,4430268
37076,4430491,15,4430506
37077,4430565,19,4430584
37078,4430603,9,4430612
37079,4430648,19,4430667
37080,4430679,5,4430684
37081,4430852,6,4430858
37082,4430966,14,4430980
37083,4431035,1,4431036
37084,4431096,50,4431146
37085,4431199,72,4431271
37086,4431306,30,4431336
37087,4431350,25,4431375
37088,4431467,9,4431476
37089,4431553,8,4431561
37090,4431611,21,4431632
37091,4431643,8,4431651
37092,4431762,5,4431767
37093,4431799,7,4431806
37094,4432010,4,4432014
37095,4432057,17,4432074
37096,4432087,25,4432112
37097,4432182,11,4432193
37098,4432233,18,4432251
37099,4432329,4,4432333
37100,4432431,7,4432438
37101,4432556,17,4432573
37102,4432802,11,4432813
37103,4432880,13,4432893
37104,4432911,18,4432929
37105,4433025,13,4433038
37106,4433098,38,4433136
37107,4433284,14,4433298
37108,4433335,1,4433336
37109,4433409,24,4433433
37110,4433593,4,4433597
37111,4433614,57,4433671
37112,4433678,15,4433693
37113,4433792,32,4433824
37114,4433885,26,4433911
37115,4433917,26,4433943
37116,4433996,9,4434005
37117,4434185,26,4434211
37118,4434215,5,4434220
37119,4434265,4,4434269
37120,4434335,3,4434338
37121,4434353,15,4434368
37122,4434393,17,4434410
37123,4434426,5,4434431
37124,4434436,38,4434474
37125,4434496,24,4434520
37126,4434709,12,4434721
37127,4434777,5,4434782
37128,4434837,11,4434848
37129,4434924,12,4434936
37130,4434988,12,4435000
37131,4435061,35,4435096
37132,4435150,4,4435154
37133,4435285,21,4435306
37134,4435340,19,4435359
37135,4435543,16,4435559
37136,4435593,40,4435633
37137,4435707,3,4435710
37138,4436049,11,4436060
37139,4436259,1,4436260
37140,4436320,17,4436337
37141,4436446,53,4436499
37142,4436687,1,4436688
37143,4436785,51,4436836
37144,4436938,15,4436953
37145,4436971,45,4437016
37146,4437060,8,4437068
37147,4437253,31,4437284
37148,4437323,2,4437325
37149,4437395,4,4437399
37150,4437587,27,4437614
37151,4437621,10,4437631
37152,4437988,14,4438002
37153,4438189,1,4438190
37154,4438403,3,4438406
37155,4438555,22,4438577
37156,4438637,3,4438640
37157,4438758,31,4438789
37158,4438910,2,4438912
37159,4438960,6,4438966
37160,4439075,23,4439098
37161,4439106,15,4439121
37162,4439170,24,4439194
37163,4439252,3,4439255
37164,4439315,26,4439341
37165,4439493,2,4439495
37166,4439570,24,4439594
37167,4439604,46,4439650
37168,4439711,36,4439747
37169,4439890,10,4439900
37170,4440059,31,4440090
37171,4440198,22,4440220
37172,4440224,3,4440227
37173,4440280,53,4440333
37174,4440369,1,4440370
37175,4440441,14,4440455
37176,4440532,23,4440555
37177,4440687,20,4440707
37178,4440830,8,4440838
37179,4440915,9,4440924
37180,4440957,35,4440992
37181,4441218,19,4441237
37182,4441407,7,4441414
37183,4441427,12,4441439
37184,4441535,29,4441564
37185,4441608,26,4441634
37186,4441824,34,4441858
37187,4441877,21,4441898
37188,4442057,23,4442080
37189,4442157,7,4442164
37190,4442517,64,4442581
37191,4442588,11,4442599
37192,4442645,41,4442686
37193,4442745,18,4442763
37194,4442900,25,4442925
37195,4442972,8,4442980
37196,4443189,14,4443203
37197,4443216,32,4443248
37198,4443448,30,4443478
37199,4443486,35,4443521
37200,4443534,14,4443548
37201,4443607,31,4443638
37202,4443718,12,4443730
37203,4443955,1,4443956
37204,4444026,10,4444036
37205,4444051,10,4444061
37206,4444130,26,4444156
37207,4444208,4,4444212
37208,4444217,47,4444264
37209,4444274,10,4444284
37210,4444288,46,4444334
37211,4444399,36,4444435
37212,4444569,20,4444589
37213,4444610,9,4444619
37214,4444735,35,4444770
37215,4444976,37,4445013
37216,4445036,10,4445046
37217,4445257,19,4445276
37218,4445280,7,4445287
37219,4445696,6,4445702
37220,4445847,34,4445881
37221,4445933,9,4445942
37222,4446011,1,4446012
37223,4446178,96,4446274
37224,4446375,9,4446384
37225,4446415,8,4446423
37226,4446484,15,4446499
37227,4446670,2,4446672
37228,4446768,4,4446772
37229,4447004,32,4447036
37230,4447232,86,4447318
37231,4447375,6,4447381
37232,4447394,18,4447412
37233,4447466,21,4447487
37234,4447539,20,4447559
37235,4447560,16,4447576
37236,4447726,13,4447739
37237,4447744,19,4447763
37238,4447857,73,4447930
37239,4448055,6,4448061
37240,4448085,35,4448120
37241,4448194,31,4448225
37242,4448392,59,4448451
37243,4448501,35,4448536
37244,4448545,24,4448569
37245,4448758,16,4448774
37246,4448870,10,4448880
37247,4448884,19,4448903
37248,4449139,21,4449160
37249,4449194,52,4449246
37250,4449260,5,4449265
37251,4449283,15,4449298
37252,4449440,1,4449441
37253,4449485,11,4449496
37254,4449535,2,4449537
37255,4449585,95,4449680
37256,4449732,18,4449750
37257,4449865,28,4449893
37258,4450057,4,4450061
37259,4450101,35,4450136
37260,4450145,12,4450157
37261,4450386,5,4450391
37262,4450763,1,4450764
37263,4450783,6,4450789
37264,4450851,25,4450876
37265,4451193,24,4451217
37266,4451234,57,4451291
37267,4451343,4,4451347
37268,4451388,8,4451396
37269,4451503,8,4451511
37270,4451531,11,4451542
37271,4451629,23,4451652
37272,4451669,1,4451670
37273,4451802,84,4451886
37274,4451969,7,4451976
37275,4451977,5,4451982
37276,4452103,8,4452111
37277,4452225,11,4452236
37278,4452316,4,4452320
37279,4452414,16,4452430
37280,4452451,16,4452467
37281,4452642,18,4452660
37282,4452781,10,4452791
37283,4452968,10,4452978
37284,4453075,8,4453083
37285,4453174,27,4453201
37286,4453249,14,4453263
37287,4453365,43,4453408
37288,4453477,1,4453478
37289,4453494,4,4453498
37290,4453517,8,4453525
37291,4453668,30,4453698
37292,4453752,21,4453773
37293,4454122,16,4454138
37294,4454256,17,4454273
37295,4454277,22,4454299
37296,4454370,1,4454371
37297,4454439,28,4454467
37298,4454527,19,4454546
37299,4454631,3,4454634
37300,4454652,25,4454677
37301,4454685,17,4454702
37302,4454896,12,4454908
37303,4455197,6,4455203
37304,4455299,5,4455304
37305,4455365,14,4455379
37306,4455438,73,4455511
37307,4455543,14,4455557
37308,4455579,22,4455601
37309,4455862,10,4455872
37310,4455956,51,4456007
37311,4456092,1,4456093
37312,4456226,18,4456244
37313,4456285,60,4456345
37314,4456510,8,4456518
37315,4456647,59,4456706
37316,4456835,28,4456863
37317,4457200,53,4457253
37318,4457469,6,4457475
37319,4457673,4,4457677
37320,4457808,13,4457821
37321,4457855,6,4457861
37322,4457866,11,4457877
37323,4458060,19,4458079
37324,4458141,8,4458149
37325,4458260,32,4458292
37326,4458383,2,4458385
37327,4458542,9,4458551
37328,4458612,2,4458614
37329,4458630,20,4458650
37330,4458676,13,4458689
37331,4458775,42,4458817
37332,4458877,23,4458900
37333,4459180,7,4459187
37334,4459220,9,4459229
37335,4459426,20,4459446
37336,4459547,6,4459553
37337,4459801,93,4459894
37338,4460086,51,4460137
37339,4460489,7,4460496
37340,4460535,11,4460546
37341,4460609,10,4460619
37342,4460644,1,4460645
37343,4460884,4,4460888
37344,4460903,11,4460914
37345,4461196,14,4461210
37346,4461530,44,4461574
37347,4461594,1,4461595
37348,4461627,5,4461632
37349,4461746,6,4461752
37350,4461830,3,4461833
37351,4461860,6,4461866
37352,4461921,51,4461972
37353,4461976,11,4461987
37354,4461997,12,4462009
37355,4462034,7,4462041
37356,4462048,7,4462055
37357,4462129,10,4462139
37358,4462189,5,4462194
37359,4462219,28,4462247
37360,4462268,25,4462293
37361,4462395,20,4462415
37362,4462631,20,4462651
37363,4462755,9,4462764
37364,4462845,8,4462853
37365,4462991,59,4463050
37366,4463067,1,4463068
37367,4463071,7,4463078
37368,4463158,14,4463172
37369,4463195,14,4463209
37370,4463250,67,4463317
37371,4463602,6,4463608
37372,4463754,49,4463803
37373,4463804,11,4463815
37374,4463927,27,4463954
37375,4464158,12,4464170
37376,4464194,45,4464239
37377,4464246,27,4464273
37378,4464399,29,4464428
37379,4464588,11,4464599
37380,4464725,5,4464730
37381,4464768,23,4464791
37382,4464837,63,4464900
37383,4465011,11,4465022
37384,4465073,11,4465084
37385,4465282,21,4465303
37386,4465335,7,4465342
37387,4465394,6,4465400
37388,4465473,33,4465506
37389,4465701,11,4465712
37390,4465795,54,4465849
37391,4465978,12,4465990
37392,4466044,5,4466049
37393,4466133,7,4466140
37394,4466425,5,4466430
37395,4466492,3,4466495
37396,4466537,13,4466550
37397,4466639,6,4466645
37398,4466777,11,4466788
37399,4466802,23,4466825
37400,4466938,10,4466948
37401,4467121,20,4467141
37402,4467453,25,4467478
37403,4467563,9,4467572
37404,4467709,15,4467724
37405,4468126,6,4468132
37406,4468147,28,4468175
37407,4468287,7,4468294
37408,4468392,14,4468406
37409,4468824,6,4468830
37410,4468871,53,4468924
37411,4469051,3,4469054
37412,4469055,8,4469063
37413,4469218,17,4469235
37414,4469764,4,4469768
37415,4469876,26,4469902
37416,4469955,42,4469997
37417,4470073,10,4470083
37418,4470102,76,4470178
37419,4470312,5,4470317
37420,4470379,3,4470382
37421,4470383,88,4470471
37422,4470561,3,4470564
37423,4470579,12,4470591
37424,4470614,13,4470627
37425,4470690,15,4470705
37426,4470854,41,4470895
37427,4471102,28,4471130
37428,4471240,2,4471242
37429,4471448,38,4471486
37430,4471726,37,4471763
37431,4471989,12,4472001
37432,4472063,1,4472064
37433,4472124,50,4472174
37434,4472253,10,4472263
37435,4472291,4,4472295
37436,4472310,17,4472327
37437,4472332,42,4472374
37438,4472527,69,4472596
37439,4472606,22,4472628
37440,4472659,7,4472666
37441,4472744,48,4472792
37442,4473086,30,4473116
37443,4473199,16,4473215
37444,4473430,5,4473435
37445,4473581,23,4473604
37446,4473774,25,4473799
37447,4473868,1,4473869
37448,4473919,4,4473923
37449,4474146,3,4474149
37450,4474193,25,4474218
37451,4474222,26,4474248
37452,4474419,20,4474439
37453,4475046,20,4475066
37454,4475095,17,4475112
37455,4475162,20,4475182
37456,4475252,46,4475298
37457,4475658,25,4475683
37458,4475898,4,4475902
37459,4476261,1,4476262
37460,4476296,1,4476297
37461,4476342,5,4476347
37462,4476367,40,4476407
37463,4476753,12,4476765
37464,4476868,37,4476905
37465,4477009,40,4477049
37466,4477280,7,4477287
37467,4477351,10,4477361
37468,4477427,59,4477486
37469,4477503,1,4477504
37470,4477514,6,4477520
37471,4477664,18,4477682
37472,4477735,35,4477770
37473,4477834,2,4477836
37474,4477847,32,4477879
37475,4477939,5,4477944
37476,4478053,46,4478099
37477,4478159,67,4478226
37478,4478262,27,4478289
37479,4478438,19,4478457
37480,4478600,11,4478611
37481,4478827,2,4478829
37482,4478933,14,4478947
37483,4478965,12,4478977
37484,4479139,14,4479153
37485,4479234,22,4479256
37486,4479286,35,4479321
37487,4479574,11,4479585
37488,4479612,20,4479632
37489,4479939,14,4479953
37490,4479974,32,4480006
37491,4480168,1,4480169
37492,4480332,9,4480341
37493,4480585,4,4480589
37494,4480645,6,4480651
37495,4481364,26,4481390
37496,4481505,2,4481507
37497,4481544,39,4481583
37498,4481635,15,4481650
37499,4481779,36,4481815
37500,4481835,20,4481855
37501,4482003,17,4482020
37502,4482053,47,4482100
37503,4482284,80,4482364
37504,4482390,2,4482392
37505,4482547,2,4482549
37506,4482616,15,4482631
37507,4482702,27,4482729
37508,4482970,14,4482984
37509,4483292,9,4483301
37510,4483410,67,4483477
37511,4483495,8,4483503
37512,4483555,40,4483595
37513,4483605,3,4483608
37514,4483780,10,4483790
37515,4483805,2,4483807
37516,4483905,12,4483917
37517,4483975,90,4484065
37518,4484299,6,4484305
37519,4484344,13,4484357
37520,4484375,24,4484399
37521,4484508,20,4484528
37522,4484539,32,4484571
37523,4484579,12,4484591
37524,4484634,22,4484656
37525,4484764,49,4484813
37526,4484856,27,4484883
37527,4484977,37,4485014
37528,4485207,17,4485224
37529,4485257,12,4485269
37530,4485272,10,4485282
37531,4485288,28,4485316
37532,4485320,32,4485352
37533,4485461,9,4485470
37534,4485629,6,4485635
37535,4485684,7,4485691
37536,4485832,2,4485834
37537,4485846,12,4485858
37538,4486060,3,4486063
37539,4486285,12,4486297
37540,4486471,33,4486504
37541,4486549,2,4486551
37542,4486675,9,4486684
37543,4486688,43,4486731
37544,4487019,67,4487086
37545,4487211,10,4487221
37546,4487317,13,4487330
37547,4487407,55,4487462
37548,4487529,1,4487530
37549,4487893,18,4487911
37550,4487957,2,4487959
37551,4488044,21,4488065
37552,4488343,4,4488347
37553,4488559,28,4488587
37554,4488618,22,4488640
37555,4488655,9,4488664
37556,4488791,22,4488813
37557,4488969,47,4489016
37558,4489043,139,4489182
37559,4489332,26,4489358
37560,4489467,4,4489471
37561,4489487,11,4489498
37562,4489575,3,4489578
37563,4489587,11,4489598
37564,4490058,17,4490075
37565,4490278,12,4490290
37566,4490459,38,4490497
37567,4490573,7,4490580
37568,4490625,71,4490696
37569,4490784,69,4490853
37570,4490889,3,4490892
37571,4491016,3,4491019
37572,4491026,15,4491041
37573,4491059,3,4491062
37574,4491092,15,4491107
37575,4491139,16,4491155
37576,4491204,32,4491236
37577,4491252,28,4491280
37578,4491362,17,4491379
37579,4491592,1,4491593
37580,4491759,18,4491777
37581,4491890,6,4491896
37582,4491908,1,4491909
37583,4491914,2,4491916
37584,4491974,38,4492012
37585,4492084,67,4492151
37586,4492248,30,4492278
37587,4492327,10,4492337
37588,4492690,11,4492701
37589,4492717,85,4492802
37590,4492907,20,4492927
37591,4492940,9,4492949
37592,4493026,9,4493035
37593,4493173,16,4493189
37594,4493232,5,4493237
37595,4493312,12,4493324
37596,4493588,15,4493603
37597,4493636,13,4493649
37598,4493722,12,4493734
37599,4493809,1,4493810
37600,4494109,7,4494116
37601,4494306,24,4494330
37602,4494483,18,4494501
37603,4494589,1,4494590
37604,4495084,47,4495131
37605,4495241,10,4495251
37606,4495280,9,4495289
37607,4495305,11,4495316
37608,4495536,10,4495546
37609,4495640,20,4495660
37610,4495884,6,4495890
37611,4495933,27,4495960
37612,4495974,1,4495975
37613,4496035,12,4496047
37614,4496062,35,4496097
37615,4496282,32,4496314
37616,4496339,20,4496359
37617,4496416,15,4496431
37618,4496610,12,4496622
37619,4496657,4,4496661
37620,4496799,11,4496810
37621,4496831,6,4496837
37622,4496871,6,4496877
37623,4496974,17,4496991
37624,4497211,11,4497222
37625,4497346,85,4497431
37626,4497505,17,4497522
37627,4497534,11,4497545
37628,4497687,23,4497710
37629,4497856,12,4497868
37630,4497918,7,4497925
37631,4497953,49,4498002
37632,4498043,8,4498051
37633,4498218,10,4498228
37634,4498429,64,4498493
37635,4498545,31,4498576
37636,4498649,2,4498651
37637,4498722,11,4498733
37638,4498810,5,4498815
37639,4498851,10,4498861
37640,4498889,5,4498894
37641,4499010,34,4499044
37642,4499047,1,4499048
37643,4499113,15,4499128
37644,4499169,10,4499179
37645,4499181,5,4499186
37646,4499401,3,4499404
37647,4499458,1,4499459
37648,4499718,2,4499720
37649,4499824,1,4499825
37650,4500087,2,4500089
37651,4500112,15,4500127
37652,4500141,25,4500166
37653,4500175,9,4500184
37654,4500241,13,4500254
37655,4500372,85,4500457
37656,4500563,8,4500571
37657,4500725,11,4500736
37658,4500905,40,4500945
37659,4501175,6,4501181
37660,4501184,12,4501196
37661,4501219,12,4501231
37662,4501413,15,4501428
37663,4501505,10,4501515
37664,4501614,20,4501634
37665,4501756,2,4501758
37666,4501895,27,4501922
37667,4501975,28,4502003
37668,4502208,4,4502212
37669,4502350,40,4502390
37670,4502772,33,4502805
37671,4502874,8,4502882
37672,4502967,19,4502986
37673,4503004,1,4503005
37674,4503215,3,4503218
37675,4503297,7,4503304
37676,4503328,4,4503332
37677,4503490,10,4503500
37678,4503664,7,4503671
37679,4503731,40,4503771
37680,4503778,13,4503791
37681,4503818,2,4503820
37682,4504222,15,4504237
37683,4504251,13,4504264
37684,4504340,75,4504415
37685,4504482,1,4504483
37686,4504576,3,4504579
37687,4504876,4,4504880
37688,4504917,1,4504918
37689,4505134,9,4505143
37690,4505271,1,4505272
37691,4505277,1,4505278
37692,4505922,16,4505938
37693,4506001,19,4506020
37694,4506022,1,4506023
37695,4506071,10,4506081
37696,4506267,2,4506269
37697,4506335,7,4506342
37698,4506504,65,4506569
37699,4506634,5,4506639
37700,4506787,2,4506789
37701,4506902,39,4506941
37702,4506983,11,4506994
37703,4507133,20,4507153
37704,4507185,5,4507190
37705,4507225,35,4507260
37706,4507394,5,4507399
37707,4507428,51,4507479
37708,4507561,6,4507567
37709,4507568,8,4507576
37710,4507589,19,4507608
37711,4507621,1,4507622
37712,4507626,56,4507682
37713,4507695,8,4507703
37714,4507795,3,4507798
37715,4507926,11,4507937
37716,4508018,33,4508051
37717,4508243,29,4508272
37718,4508404,12,4508416
37719,4508441,3,4508444
37720,4508607,25,4508632
37721,4508824,40,4508864
37722,4508896,1,4508897
37723,4509135,14,4509149
37724,4509191,1,4509192
37725,4509249,8,4509257
37726,4509727,10,4509737
37727,4509771,1,4509772
37728,4509865,34,4509899
37729,4510224,47,4510271
37730,4510493,7,4510500
37731,4510620,17,4510637
37732,4510665,70,4510735
37733,4510838,9,4510847
37734,4510861,3,4510864
37735,4510915,26,4510941
37736,4511008,20,4511028
37737,4511204,5,4511209
37738,4511233,5,4511238
37739,4511642,32,4511674
37740,4511686,2,4511688
37741,4511734,11,4511745
37742,4511830,25,4511855
37743,4512050,26,4512076
37744,4512104,25,4512129
37745,4512148,65,4512213
37746,4512287,13,4512300
37747,4512316,1,4512317
37748,4512468,34,4512502
37749,4512512,6,4512518
37750,4512642,44,4512686
37751,4512743,34,4512777
37752,4512975,40,4513015
37753,4513019,4,4513023
37754,4513098,7,4513105
37755,4513347,10,4513357
37756,4513444,28,4513472
37757,4513524,19,4513543
37758,4513544,28,4513572
37759,4513619,21,4513640
37760,4513697,10,4513707
37761,4513731,5,4513736
37762,4513845,53,4513898
37763,4513904,2,4513906
37764,4513966,58,4514024
37765,4514155,21,4514176
37766,4514189,18,4514207
37767,4514238,8,4514246
37768,4514289,60,4514349
37769,4514391,16,4514407
37770,4514546,34,4514580
37771,4514610,5,4514615
37772,4514690,3,4514693
37773,4514814,1,4514815
37774,4514858,2,4514860
37775,4514876,29,4514905
37776,4514929,19,4514948
37777,4515097,25,4515122
37778,4515126,4,4515130
37779,4515161,36,4515197
37780,4515219,38,4515257
37781,4515436,31,4515467
37782,4515499,37,4515536
37783,4515582,5,4515587
37784,4515849,13,4515862
37785,4515936,5,4515941
37786,4515980,5,4515985
37787,4515999,3,4516002
37788,4516006,27,4516033
37789,4516053,37,4516090
37790,4516180,6,4516186
37791,4516220,25,4516245
37792,4516304,31,4516335
37793,4516638,22,4516660
37794,4516715,4,4516719
37795,4516870,6,4516876
37796,4516919,17,4516936
37797,4517165,24,4517189
37798,4517244,2,4517246
37799,4517270,34,4517304
37800,4517349,40,4517389
37801,4517405,3,4517408
37802,4517500,47,4517547
37803,4517558,37,4517595
37804,4517660,11,4517671
37805,4517909,27,4517936
37806,4518091,8,4518099
37807,4518134,1,4518135
37808,4518168,2,4518170
37809,4518217,54,4518271
37810,4518454,19,4518473
37811,4518651,10,4518661
37812,4518779,1,4518780
37813,4518786,35,4518821
37814,4519191,111,4519302
37815,4519369,51,4519420
37816,4519599,76,4519675
37817,4519718,20,4519738
37818,4519880,10,4519890
37819,4519909,8,4519917
37820,4520157,4,4520161
37821,4520197,53,4520250
37822,4520616,16,4520632
37823,4520734,26,4520760
37824,4520891,55,4520946
37825,4521073,31,4521104
37826,4521193,1,4521194
37827,4521283,8,4521291
37828,4521359,1,4521360
37829,4521449,6,4521455
37830,4521562,18,4521580
37831,4521606,7,4521613
37832,4521785,7,4521792
37833,4521966,19,4521985
37834,4522055,37,4522092
37835,4522308,20,4522328
37836,4522385,14,4522399
37837,4522451,17,4522468
37838,4522666,13,4522679
37839,4522770,30,4522800
37840,4522813,21,4522834
37841,4522954,2,4522956
37842,4523091,19,4523110
37843,4523194,88,4523282
37844,4523310,11,4523321
37845,4523640,1,4523641
37846,4523859,21,4523880
37847,4523887,35,4523922
37848,4524334,75,4524409
37849,4524422,7,4524429
37850,4524480,46,4524526
37851,4524759,17,4524776
37852,4524813,30,4524843
37853,4524952,11,4524963
37854,4525455,1,4525456
37855,4525492,10,4525502
37856,4525586,17,4525603
37857,4525802,17,4525819
37858,4525902,30,4525932
37859,4526223,5,4526228
37860,4526305,36,4526341
37861,4526389,24,4526413
37862,4526504,6,4526510
37863,4526539,11,4526550
37864,4526560,1,4526561
37865,4526621,29,4526650
37866,4526685,18,4526703
37867,4526727,3,4526730
37868,4526848,2,4526850
37869,4526982,2,4526984
37870,4527009,55,4527064
37871,4527179,14,4527193
37872,4527332,17,4527349
37873,4527391,4,4527395
37874,4527419,1,4527420
37875,4527505,27,4527532
37876,4527534,24,4527558
37877,4527620,21,4527641
37878,4527690,26,4527716
37879,4527905,44,4527949
37880,4528069,34,4528103
37881,4528104,37,4528141
37882,4528317,89,4528406
37883,4528564,27,4528591
37884,4528617,34,4528651
37885,4528660,10,4528670
37886,4528742,17,4528759
37887,4528836,25,4528861
37888,4528928,36,4528964
37889,4529001,8,4529009
37890,4529078,7,4529085
37891,4529190,18,4529208
37892,4529214,51,4529265
37893,4529358,79,4529437
37894,4529438,16,4529454
37895,4529590,23,4529613
37896,4529669,41,4529710
37897,4529873,8,4529881
37898,4529932,14,4529946
37899,4530297,15,4530312
37900,4530333,108,4530441
37901,4530566,4,4530570
37902,4530722,10,4530732
37903,4530832,5,4530837
37904,4530970,17,4530987
37905,4531017,47,4531064
37906,4531073,11,4531084
37907,4531143,3,4531146
37908,4531155,17,4531172
37909,4531368,6,4531374
37910,4531478,11,4531489
37911,4531558,38,4531596
37912,4531703,20,4531723
37913,4531786,6,4531792
37914,4531937,29,4531966
37915,4531980,60,4532040
37916,4532126,30,4532156
37917,4532174,7,4532181
37918,4532201,10,4532211
37919,4532358,16,4532374
37920,4532554,44,4532598
37921,4532607,52,4532659
37922,4532851,17,4532868
37923,4532927,41,4532968
37924,4532976,8,4532984
37925,4532989,26,4533015
37926,4533058,36,4533094
37927,4533130,4,4533134
37928,4533249,4,4533253
37929,4533317,6,4533323
37930,4533651,28,4533679
37931,4533839,2,4533841
37932,4534002,25,4534027
37933,4534093,2,4534095
37934,4534272,23,4534295
37935,4534516,20,4534536
37936,4534748,15,4534763
37937,4534884,80,4534964
37938,4534978,5,4534983
37939,4535030,12,4535042
37940,4535077,4,4535081
37941,4535088,49,4535137
37942,4535142,16,4535158
37943,4535225,13,4535238
37944,4535315,13,4535328
37945,4535541,33,4535574
37946,4535579,12,4535591
37947,4535636,1,4535637
37948,4535743,1,4535744
37949,4535815,66,4535881
37950,4536027,16,4536043
37951,4536111,99,4536210
37952,4536294,43,4536337
37953,4536505,10,4536515
37954,4536571,19,4536590
37955,4536659,25,4536684
37956,4536859,1,4536860
37957,4537014,8,4537022
37958,4537026,6,4537032
37959,4537037,3,4537040
37960,4537182,2,4537184
37961,4537368,20,4537388
37962,4537679,2,4537681
37963,4537693,3,4537696
37964,4537772,17,4537789
37965,4537864,12,4537876
37966,4537948,19,4537967
37967,4537991,38,4538029
37968,4538075,1,4538076
37969,4538087,10,4538097
37970,4538100,54,4538154
37971,4538273,20,4538293
37972,4538325,43,4538368
37973,4538693,6,4538699
37974,4538771,36,4538807
37975,4538826,10,4538836
37976,4539099,8,4539107
37977,4539204,19,4539223
37978,4539419,58,4539477
37979,4539483,2,4539485
37980,4539600,24,4539624
37981,4539646,16,4539662
37982,4539677,35,4539712
37983,4539731,24,4539755
37984,4539818,26,4539844
37985,4540051,11,4540062
37986,4540086,2,4540088
37987,4540240,7,4540247
37988,4540679,28,4540707
37989,4540972,11,4540983
37990,4541049,14,4541063
37991,4541163,36,4541199
37992,4541382,12,4541394
37993,4541477,72,4541549
37994,4541671,8,4541679
37995,4541782,19,4541801
37996,4542231,19,4542250
37997,4542253,4,4542257
37998,4542292,22,4542314
37999,4542388,60,4542448
38000,4542466,20,4542486
38001,4542550,14,4542564
38002,4542614,37,4542651
38003,4542667,6,4542673
38004,4542837,56,4542893
38005,4542965,2,4542967
38006,4543016,82,4543098
38007,4543295,4,4543299
38008,4543405,60,4543465
38009,4543558,3,4543561
38010,4543649,5,4543654
38011,4543806,2,4543808
38012,4543811,10,4543821
38013,4543886,34,4543920
38014,4543958,5,4543963
38015,4544051,81,4544132
38016,4544136,27,4544163
38017,4544583,13,4544596
38018,4544617,5,4544622
38019,4544760,29,4544789
38020,4544813,25,4544838
38021,4544839,6,4544845
38022,4544909,8,4544917
38023,4544972,27,4544999
38024,4545001,32,4545033
38025,4545064,12,4545076
38026,4545111,8,4545119
38027,4545225,4,4545229
38028,4545241,46,4545287
38029,4545397,6,4545403
38030,4545572,5,4545577
38031,4545677,4,4545681
38032,4545717,1,4545718
38033,4545994,18,4546012
38034,4546512,25,4546537
38035,4546599,4,4546603
38036,4546621,48,4546669
38037,4546845,4,4546849
38038,4546866,7,4546873
38039,4547128,6,4547134
38040,4547238,28,4547266
38041,4547394,16,4547410
38042,4547475,4,4547479
38043,4547599,1,4547600
38044,4547619,4,4547623
38045,4547684,15,4547699
38046,4547740,5,4547745
38047,4547749,6,4547755
38048,4547781,5,4547786
38049,4547910,48,4547958
38050,4548422,2,4548424
38051,4548705,30,4548735
38052,4548828,11,4548839
38053,4548941,19,4548960
38054,4549073,59,4549132
38055,4549237,15,4549252
38056,4549383,38,4549421
38057,4549585,2,4549587
38058,4549852,56,4549908
38059,4550274,31,4550305
38060,4550351,11,4550362
38061,4550841,13,4550854
38062,4550916,14,4550930
38063,4550953,7,4550960
38064,4551139,15,4551154
38065,4551261,4,4551265
38066,4551285,43,4551328
38067,4551583,71,4551654
38068,4551664,4,4551668
38069,4551676,20,4551696
38070,4552001,10,4552011
38071,4552052,13,4552065
38072,4552084,107,4552191
38073,4552325,15,4552340
38074,4552413,48,4552461
38075,4552468,70,4552538
38076,4552607,24,4552631
38077,4552690,3,4552693
38078,4552911,11,4552922
38079,4552926,17,4552943
38080,4553080,49,4553129
38081,4553209,7,4553216
38082,4553333,103,4553436
38083,4553512,22,4553534
38084,4553599,8,4553607
38085,4553660,24,4553684
38086,4553812,4,4553816
38087,4554011,12,4554023
38088,4554194,60,4554254
38089,4554260,42,4554302
38090,4554612,7,4554619
38091,4554700,18,4554718
38092,4554775,1,4554776
38093,4554884,24,4554908
38094,4554984,4,4554988
38095,4555035,36,4555071
38096,4555181,25,4555206
38097,4555250,7,4555257
38098,4555368,35,4555403
38099,4555409,27,4555436
38100,4555449,13,4555462
38101,4555475,26,4555501
38102,4555586,17,4555603
38103,4555671,1,4555672
38104,4555707,2,4555709
38105,4555850,13,4555863
38106,4556185,16,4556201
38107,4556336,5,4556341
38108,4556366,21,4556387
38109,4556410,19,4556429
38110,4556469,17,4556486
38111,4556516,16,4556532
38112,4556551,21,4556572
38113,4556771,13,4556784
38114,4556917,6,4556923
38115,4556969,6,4556975
38116,4557009,9,4557018
38117,4557126,58,4557184
38118,4557190,12,4557202
38119,4557258,20,4557278
38120,4557321,6,4557327
38121,4557483,7,4557490
38122,4557625,59,4557684
38123,4557815,27,4557842
38124,4557888,41,4557929
38125,4558019,9,4558028
38126,4558084,1,4558085
38127,4558349,12,4558361
38128,4558719,8,4558727
38129,4558751,17,4558768
38130,4558780,78,4558858
38131,4559162,7,4559169
38132,4559173,22,4559195
38133,4559266,51,4559317
38134,4559383,10,4559393
38135,4559500,10,4559510
38136,4559687,35,4559722
38137,4559913,25,4559938
38138,4560223,5,4560228
38139,4560229,32,4560261
38140,4560481,2,4560483
38141,4560485,2,4560487
38142,4560559,62,4560621
38143,4560659,6,4560665
38144,4560728,15,4560743
38145,4560747,4,4560751
38146,4560994,8,4561002
38147,4561035,62,4561097
38148,4561225,11,4561236
38149,4561539,28,4561567
38150,4561646,9,4561655
38151,4561774,6,4561780
38152,4561812,18,4561830
38153,4561852,9,4561861
38154,4561974,2,4561976
38155,4562182,19,4562201
38156,4562296,13,4562309
38157,4562371,6,4562377
38158,4562565,75,4562640
38159,4562890,5,4562895
38160,4563002,9,4563011
38161,4563090,4,4563094
38162,4563282,26,4563308
38163,4563570,9,4563579
38164,4563853,13,4563866
38165,4564007,1,4564008
38166,4564290,22,4564312
38167,4564460,10,4564470
38168,4564699,14,4564713
38169,4564829,2,4564831
38170,4564934,11,4564945
38171,4565346,23,4565369
38172,4565376,16,4565392
38173,4565594,13,4565607
38174,4565910,3,4565913
38175,4565938,20,4565958
38176,4566032,24,4566056
38177,4566165,18,4566183
38178,4566298,20,4566318
38179,4566390,13,4566403
38180,4566731,31,4566762
38181,4567051,25,4567076
38182,4567230,2,4567232
38183,4567441,19,4567460
38184,4567518,35,4567553
38185,4567563,7,4567570
38186,4567699,1,4567700
38187,4567722,4,4567726
38188,4567748,6,4567754
38189,4567991,10,4568001
38190,4568244,17,4568261
38191,4568382,20,4568402
38192,4568439,5,4568444
38193,4568498,29,4568527
38194,4568550,3,4568553
38195,4568590,13,4568603
38196,4568704,1,4568705
38197,4568880,8,4568888
38198,4568963,62,4569025
38199,4569118,2,4569120
38200,4569357,5,4569362
38201,4569386,28,4569414
38202,4569597,38,4569635
38203,4569679,2,4569681
38204,4569741,51,4569792
38205,4569957,2,4569959
38206,4570261,2,4570263
38207,4570470,16,4570486
38208,4570509,22,4570531
38209,4570585,33,4570618
38210,4570774,2,4570776
38211,4570870,6,4570876
38212,4570889,3,4570892
38213,4570897,12,4570909
38214,4571006,6,4571012
38215,4571017,27,4571044
38216,4571116,50,4571166
38217,4571197,12,4571209
38218,4571318,20,4571338
38219,4571360,12,4571372
38220,4571521,45,4571566
38221,4571645,28,4571673
38222,4571676,34,4571710
38223,4571733,11,4571744
38224,4571832,10,4571842
38225,4572046,25,4572071
38226,4572129,15,4572144
38227,4572435,21,4572456
38228,4572587,1,4572588
38229,4572738,15,4572753
38230,4572798,1,4572799
38231,4572828,5,4572833
38232,4572886,6,4572892
38233,4573011,18,4573029
38234,4573148,36,4573184
38235,4573352,33,4573385
38236,4573541,10,4573551
38237,4573579,34,4573613
38238,4573699,16,4573715
38239,4573786,31,4573817
38240,4573819,3,4573822
38241,4573914,6,4573920
38242,4573930,4,4573934
38243,4573976,26,4574002
38244,4574009,18,4574027
38245,4574082,5,4574087
38246,4574192,4,4574196
38247,4574334,36,4574370
38248,4574611,17,4574628
38249,4574678,39,4574717
38250,4574733,13,4574746
38251,4575007,8,4575015
38252,4575154,55,4575209
38253,4575276,84,4575360
38254,4575372,13,4575385
38255,4575574,5,4575579
38256,4575811,2,4575813
38257,4575940,3,4575943
38258,4576135,37,4576172
38259,4576191,10,4576201
38260,4576296,3,4576299
38261,4576322,11,4576333
38262,4576422,9,4576431
38263,4576450,8,4576458
38264,4576534,36,4576570
38265,4576617,34,4576651
38266,4576807,23,4576830
38267,4576894,15,4576909
38268,4576921,7,4576928
38269,4577023,8,4577031
38270,4577057,57,4577114
38271,4577127,60,4577187
38272,4577344,56,4577400
38273,4577439,41,4577480
38274,4577615,44,4577659
38275,4577906,31,4577937
38276,4577958,3,4577961
38277,4577971,40,4578011
38278,4578192,35,4578227
38279,4578270,8,4578278
38280,4578310,20,4578330
38281,4578415,12,4578427
38282,4578497,1,4578498
38283,4578522,18,4578540
38284,4578829,16,4578845
38285,4579092,7,4579099
38286,4579199,15,4579214
38287,4579327,41,4579368
38288,4579706,70,4579776
38289,4579900,7,4579907
38290,4580192,39,4580231
38291,4580249,34,4580283
38292,4580465,6,4580471
38293,4580530,7,4580537
38294,4580615,3,4580618
38295,4580666,21,4580687
38296,4580814,1,4580815
38297,4580915,22,4580937
38298,4581001,6,4581007
38299,4581325,22,4581347
38300,4581363,14,4581377
38301,4581384,3,4581387
38302,4581624,13,4581637
38303,4581653,11,4581664
38304,4581705,24,4581729
38305,4581744,6,4581750
38306,4581821,5,4581826
38307,4581852,11,4581863
38308,4581878,9,4581887
38309,4581969,16,4581985
38310,4581986,18,4582004
38311,4582072,15,4582087
38312,4582182,6,4582188
38313,4582262,27,4582289
38314,4582572,4,4582576
38315,4582675,20,4582695
38316,4582703,16,4582719
38317,4582843,14,4582857
38318,4582893,20,4582913
38319,4583073,31,4583104
38320,4583368,7,4583375
38321,4583979,67,4584046
38322,4584070,30,4584100
38323,4584102,51,4584153
38324,4584360,72,4584432
38325,4584505,8,4584513
38326,4584614,32,4584646
38327,4584753,1,4584754
38328,4585027,4,4585031
38329,4585213,15,4585228
38330,4585284,16,4585300
38331,4585408,12,4585420
38332,4585691,17,4585708
38333,4585711,38,4585749
38334,4585766,33,4585799
38335,4585905,14,4585919
38336,4586014,4,4586018
38337,4586029,17,4586046
38338,4586070,19,4586089
38339,4586195,11,4586206
38340,4586450,22,4586472
38341,4586970,7,4586977
38342,4587066,11,4587077
38343,4587084,3,4587087
38344,4587154,2,4587156
38345,4587370,23,4587393
38346,4587408,6,4587414
38347,4587528,13,4587541
38348,4587558,2,4587560
38349,4587598,5,4587603
38350,4587714,6,4587720
38351,4587872,5,4587877
38352,4587881,7,4587888
38353,4588027,2,4588029
38354,4588172,25,4588197
38355,4588284,35,4588319
38356,4588357,26,4588383
38357,4588410,21,4588431
38358,4588641,6,4588647
38359,4588720,15,4588735
38360,4588811,27,4588838
38361,4588884,35,4588919
38362,4589072,49,4589121
38363,4589132,30,4589162
38364,4589423,12,4589435
38365,4589446,20,4589466
38366,4589566,24,4589590
38367,4589643,8,4589651
38368,4589781,4,4589785
38369,4589843,10,4589853
38370,4589944,6,4589950
38371,4589968,18,4589986
38372,4590069,11,4590080
38373,4590117,5,4590122
38374,4590133,2,4590135
38375,4590303,8,4590311
38376,4590438,13,4590451
38377,4590465,10,4590475
38378,4591045,24,4591069
38379,4591127,12,4591139
38380,4591154,25,4591179
38381,4591295,7,4591302
38382,4591347,3,4591350
38383,4591401,33,4591434
38384,4591496,56,4591552
38385,4591567,2,4591569
38386,4591760,8,4591768
38387,4591777,14,4591791
38388,4591850,80,4591930
38389,4591933,8,4591941
38390,4592006,29,4592035
38391,4592066,23,4592089
38392,4592193,13,4592206
38393,4592236,64,4592300
38394,4592313,4,4592317
38395,4592488,30,4592518
38396,4592554,20,4592574
38397,4592687,70,4592757
38398,4592829,1,4592830
38399,4592939,48,4592987
38400,4593025,51,4593076
38401,4593093,11,4593104
38402,4593117,1,4593118
38403,4593149,9,4593158
38404,4593353,8,4593361
38405,4593421,30,4593451
38406,4593477,28,4593505
38407,4593604,12,4593616
38408,4593627,3,4593630
38409,4593666,11,4593677
38410,4593683,13,4593696
38411,4593699,25,4593724
38412,4593740,17,4593757
38413,4593999,15,4594014
38414,4594180,22,4594202
38415,4594210,1,4594211
38416,4594251,15,4594266
38417,4594369,1,4594370
38418,4594529,31,4594560
38419,4594563,33,4594596
38420,4594615,25,4594640
38421,4594766,51,4594817
38422,4595004,10,4595014
38423,4595247,3,4595250
38424,4595304,16,4595320
38425,4595346,1,4595347
38426,4595364,38,4595402
38427,4595413,19,4595432
38428,4595464,31,4595495
38429,4595646,37,4595683
38430,4595709,8,4595717
38431,4595867,6,4595873
38432,4595896,5,4595901
38433,4595915,14,4595929
38434,4595973,19,4595992
38435,4596071,16,4596087
38436,4596115,7,4596122
38437,4596125,8,4596133
38438,4596197,5,4596202
38439,4596212,8,4596220
38440,4596246,34,4596280
38441,4596395,13,4596408
38442,4596697,37,4596734
38443,4596874,33,4596907
38444,4596943,18,4596961
38445,4596984,14,4596998
38446,4597054,30,4597084
38447,4597131,10,4597141
38448,4597146,24,4597170
38449,4597213,5,4597218
38450,4597241,11,4597252
38451,4597321,4,4597325
38452,4597361,98,4597459
38453,4597596,33,4597629
38454,4597644,30,4597674
38455,4597682,4,4597686
38456,4597800,3,4597803
38457,4598027,9,4598036
38458,4598094,4,4598098
38459,4598339,5,4598344
38460,4598356,13,4598369
38461,4598488,26,4598514
38462,4598561,23,4598584
38463,4598682,21,4598703
38464,4598855,38,4598893
38465,4598939,23,4598962
38466,4599047,27,4599074
38467,4599165,14,4599179
38468,4599228,24,4599252
38469,4599253,41,4599294
38470,4599308,2,4599310
38471,4599363,16,4599379
38472,4599427,22,4599449
38473,4599523,14,4599537
38474,4599557,17,4599574
38475,4599641,3,4599644
38476,4599773,9,4599782
38477,4599785,36,4599821
38478,4599832,31,4599863
38479,4600049,8,4600057
38480,4600071,4,4600075
38481,4600204,19,4600223
38482,4600360,24,4600384
38483,4600561,1,4600562
38484,4600625,1,4600626
38485,4600688,15,4600703
38486,4600768,12,4600780
38487,4600828,153,4600981
38488,4601026,19,4601045
38489,4601092,27,4601119
38490,4601200,19,4601219
38491,4601324,40,4601364
38492,4601404,9,4601413
38493,4601429,22,4601451
38494,4601567,12,4601579
38495,4601705,36,4601741
38496,4601760,39,4601799
38497,4601881,53,4601934
38498,4602010,2,4602012
38499,4602143,42,4602185
38500,4602365,6,4602371
38501,4602380,12,4602392
38502,4602684,25,4602709
38503,4602756,8,4602764
38504,4602830,4,4602834
38505,4602938,37,4602975
38506,4602977,15,4602992
38507,4602999,6,4603005
38508,4603045,9,4603054
38509,4603351,22,4603373
38510,4603374,20,4603394
38511,4603395,5,4603400
38512,4603426,3,4603429
38513,4603648,23,4603671
38514,4603841,8,4603849
38515,4603993,8,4604001
38516,4604125,11,4604136
38517,4604157,27,4604184
38518,4604499,7,4604506
38519,4604563,19,4604582
38520,4604711,57,4604768
38521,4604883,2,4604885
38522,4604986,10,4604996
38523,4605186,1,4605187
38524,4605233,46,4605279
38525,4605283,19,4605302
38526,4605338,1,4605339
38527,4605640,12,4605652
38528,4605821,13,4605834
38529,4605952,2,4605954
38530,4606002,14,4606016
38531,4606175,1,4606176
38532,4606343,57,4606400
38533,4606549,44,4606593
38534,4606671,33,4606704
38535,4606919,41,4606960
38536,4607120,3,4607123
38537,4607196,39,4607235
38538,4607425,30,4607455
38539,4607462,19,4607481
38540,4607591,4,4607595
38541,4607681,2,4607683
38542,4607749,24,4607773
38543,4608453,22,4608475
38544,4608480,24,4608504
38545,4608725,8,4608733
38546,4608774,56,4608830
38547,4608881,1,4608882
38548,4608883,1,4608884
38549,4609038,4,4609042
38550,4609064,21,4609085
38551,4609155,4,4609159
38552,4609164,13,4609177
38553,4609271,22,4609293
38554,4609394,10,4609404
38555,4609453,27,4609480
38556,4609493,68,4609561
38557,4609796,25,4609821
38558,4609859,8,4609867
38559,4609904,7,4609911
38560,4610032,39,4610071
38561,4610132,32,4610164
38562,4610178,7,4610185
38563,4610240,13,4610253
38564,4610274,26,4610300
38565,4610325,4,4610329
38566,4610384,3,4610387
38567,4610466,14,4610480
38568,4610483,10,4610493
38569,4610663,9,4610672
38570,4610689,19,4610708
38571,4610999,12,4611011
38572,4611115,5,4611120
38573,4611173,2,4611175
38574,4611226,15,4611241
38575,4611727,2,4611729
38576,4611756,43,4611799
38577,4611824,34,4611858
38578,4611934,40,4611974
38579,4612253,1,4612254
38580,4612453,27,4612480
38581,4612483,26,4612509
38582,4612606,19,4612625
38583,4612636,3,4612639
38584,4612735,2,4612737
38585,4612833,5,4612838
38586,4612918,20,4612938
38587,4613082,9,4613091
38588,4613102,21,4613123
38589,4613150,8,4613158
38590,4613212,3,4613215
38591,4613243,20,4613263
38592,4613276,47,4613323
38593,4613331,32,4613363
38594,4613377,25,4613402
38595,4613424,49,4613473
38596,4613504,3,4613507
38597,4613509,30,4613539
38598,4613578,1,4613579
38599,4613625,1,4613626
38600,4613700,6,4613706
38601,4613751,8,4613759
38602,4613871,7,4613878
38603,4613968,13,4613981
38604,4614048,4,4614052
38605,4614158,11,4614169
38606,4614221,3,4614224
38607,4614391,15,4614406
38608,4614687,20,4614707
38609,4614721,39,4614760
38610,4614884,20,4614904
38611,4614910,20,4614930
38612,4614969,12,4614981
38613,4614987,23,4615010
38614,4615125,5,4615130
38615,4615290,1,4615291
38616,4615304,11,4615315
38617,4615375,28,4615403
38618,4615498,6,4615504
38619,4615568,10,4615578
38620,4615579,1,4615580
38621,4615659,59,4615718
38622,4615924,3,4615927
38623,4616005,84,4616089
38624,4616178,16,4616194
38625,4616244,11,4616255
38626,4616314,18,4616332
38627,4616432,26,4616458
38628,4616644,9,4616653
38629,4616765,42,4616807
38630,4616899,4,4616903
38631,4616918,46,4616964
38632,4617039,11,4617050
38633,4617100,10,4617110
38634,4617126,28,4617154
38635,4617208,6,4617214
38636,4617233,5,4617238
38637,4617297,8,4617305
38638,4617393,5,4617398
38639,4617444,4,4617448
38640,4617501,17,4617518
38641,4617557,9,4617566
38642,4617743,4,4617747
38643,4618083,19,4618102
38644,4618128,35,4618163
38645,4618297,17,4618314
38646,4618503,4,4618507
38647,4618563,20,4618583
38648,4618590,7,4618597
38649,4618766,9,4618775
38650,4618804,46,4618850
38651,4618957,22,4618979
38652,4619021,27,4619048
38653,4619158,21,4619179
38654,4619254,36,4619290
38655,4619397,11,4619408
38656,4619557,27,4619584
38657,4619667,30,4619697
38658,4619719,5,4619724
38659,4619790,18,4619808
38660,4619816,18,4619834
38661,4619855,22,4619877
38662,4619911,4,4619915
38663,4619936,14,4619950
38664,4620008,34,4620042
38665,4620059,6,4620065
38666,4620123,42,4620165
38667,4620239,9,4620248
38668,4620343,15,4620358
38669,4620406,1,4620407
38670,4620569,22,4620591
38671,4620605,25,4620630
38672,4620699,7,4620706
38673,4620716,9,4620725
38674,4620766,7,4620773
38675,4620812,76,4620888
38676,4620976,6,4620982
38677,4621120,5,4621125
38678,4621285,2,4621287
38679,4621355,20,4621375
38680,4621376,27,4621403
38681,4621419,38,4621457
38682,4621623,73,4621696
38683,4621954,9,4621963
38684,4622165,5,4622170
38685,4622268,2,4622270
38686,4622364,14,4622378
38687,4622806,3,4622809
38688,4622823,17,4622840
38689,4622862,30,4622892
38690,4623008,38,4623046
38691,4623063,2,4623065
38692,4623158,22,4623180
38693,4623213,13,4623226
38694,4623246,2,4623248
38695,4623319,25,4623344
38696,4623399,5,4623404
38697,4623460,7,4623467
38698,4623507,33,4623540
38699,4623728,3,4623731
38700,4623756,5,4623761
38701,4623866,4,4623870
38702,4624008,30,4624038
38703,4624119,47,4624166
38704,4624190,2,4624192
38705,4624288,26,4624314
38706,4624364,19,4624383
38707,4624515,32,4624547
38708,4624614,53,4624667
38709,4624714,50,4624764
38710,4624945,19,4624964
38711,4625156,13,4625169
38712,4625224,10,4625234
38713,4625552,19,4625571
38714,4625679,3,4625682
38715,4625818,32,4625850
38716,4625877,32,4625909
38717,4625912,52,4625964
38718,4626024,7,4626031
38719,4626089,34,4626123
38720,4626203,7,4626210
38721,4626326,7,4626333
38722,4626339,1,4626340
38723,4626591,8,4626599
38724,4626962,1,4626963
38725,4626967,115,4627082
38726,4627173,2,4627175
38727,4627225,5,4627230
38728,4627243,21,4627264
38729,4627310,16,4627326
38730,4627332,11,4627343
38731,4627416,10,4627426
38732,4627562,56,4627618
38733,4627701,7,4627708
38734,4627725,2,4627727
38735,4627786,9,4627795
38736,4627837,4,4627841
38737,4628051,17,4628068
38738,4628332,21,4628353
38739,4628359,51,4628410
38740,4628537,25,4628562
38741,4628712,65,4628777
38742,4628965,47,4629012
38743,4629073,40,4629113
38744,4629123,6,4629129
38745,4629165,70,4629235
38746,4629345,6,4629351
38747,4629502,18,4629520
38748,4629530,14,4629544
38749,4629624,9,4629633
38750,4629645,3,4629648
38751,4629700,10,4629710
38752,4629864,13,4629877
38753,4629887,41,4629928
38754,4630017,25,4630042
38755,4630185,26,4630211
38756,4630297,15,4630312
38757,4630321,10,4630331
38758,4630359,7,4630366
38759,4630375,9,4630384
38760,4630410,11,4630421
38761,4630481,16,4630497
38762,4630559,11,4630570
38763,4630604,39,4630643
38764,4630666,49,4630715
38765,4630903,39,4630942
38766,4630962,11,4630973
38767,4631128,10,4631138
38768,4631265,2,4631267
38769,4631412,37,4631449
38770,4631461,4,4631465
38771,4631648,14,4631662
38772,4631689,41,4631730
38773,4631810,29,4631839
38774,4631891,42,4631933
38775,4632223,11,4632234
38776,4632236,3,4632239
38777,4632291,11,4632302
38778,4632336,10,4632346
38779,4632377,24,4632401
38780,4632447,27,4632474
38781,4632628,2,4632630
38782,4633291,81,4633372
38783,4633374,17,4633391
38784,4633448,16,4633464
38785,4633517,22,4633539
38786,4633588,10,4633598
38787,4634192,11,4634203
38788,4634536,11,4634547
38789,4634667,6,4634673
38790,4634727,27,4634754
38791,4634765,20,4634785
38792,4634789,25,4634814
38793,4634828,21,4634849
38794,4634932,71,4635003
38795,4635097,23,4635120
38796,4635219,1,4635220
38797,4635380,8,4635388
38798,4635572,40,4635612
38799,4635669,6,4635675
38800,4635738,8,4635746
38801,4635748,14,4635762
38802,4635872,23,4635895
38803,4635906,5,4635911
38804,4636008,9,4636017
38805,4636177,17,4636194
38806,4636377,3,4636380
38807,4636411,44,4636455
38808,4636463,86,4636549
38809,4636657,28,4636685
38810,4636695,12,4636707
38811,4636944,8,4636952
38812,4636998,23,4637021
38813,4637246,6,4637252
38814,4637369,9,4637378
38815,4637380,12,4637392
38816,4637396,21,4637417
38817,4637868,7,4637875
38818,4637917,15,4637932
38819,4638162,5,4638167
38820,4638248,33,4638281
38821,4638500,7,4638507
38822,4638820,8,4638828
38823,4638847,1,4638848
38824,4638943,7,4638950
38825,4639038,4,4639042
38826,4639079,15,4639094
38827,4639209,11,4639220
38828,4639505,15,4639520
38829,4639527,29,4639556
38830,4639726,3,4639729
38831,4639973,7,4639980
38832,4640067,17,4640084
38833,4640207,13,4640220
38834,4640381,26,4640407
38835,4640783,2,4640785
38836,4640796,23,4640819
38837,4640885,12,4640897
38838,4640901,3,4640904
38839,4640930,7,4640937
38840,4641052,23,4641075
38841,4641118,7,4641125
38842,4641195,20,4641215
38843,4641307,9,4641316
38844,4641371,10,4641381
38845,4641384,4,4641388
38846,4641440,23,4641463
38847,4641669,17,4641686
38848,4641714,8,4641722
38849,4641921,5,4641926
38850,4642035,12,4642047
38851,4642113,10,4642123
38852,4642195,41,4642236
38853,4642355,15,4642370
38854,4642384,10,4642394
38855,4642476,31,4642507
38856,4642573,23,4642596
38857,4642614,32,4642646
38858,4642845,8,4642853
38859,4643015,21,4643036
38860,4643096,9,4643105
38861,4643187,13,4643200
38862,4643402,16,4643418
38863,4643517,10,4643527
38864,4643828,54,4643882
38865,4643915,54,4643969
38866,4643979,4,4643983
38867,4644011,22,4644033
38868,4644043,7,4644050
38869,4644099,6,4644105
38870,4644211,14,4644225
38871,4644452,13,4644465
38872,4644532,12,4644544
38873,4644582,33,4644615
38874,4644629,36,4644665
38875,4644693,6,4644699
38876,4644915,4,4644919
38877,4645039,13,4645052
38878,4645408,148,4645556
38879,4645635,28,4645663
38880,4645835,42,4645877
38881,4645899,25,4645924
38882,4646049,1,4646050
38883,4646195,1,4646196
38884,4646237,41,4646278
38885,4646459,7,4646466
38886,4646502,32,4646534
38887,4646743,11,4646754
38888,4646999,2,4647001
38889,4647006,4,4647010
38890,4647043,3,4647046
38891,4647143,52,4647195
38892,4647258,66,4647324
38893,4647456,36,4647492
38894,4647715,5,4647720
38895,4647767,22,4647789
38896,4647795,9,4647804
38897,4647826,8,4647834
38898,4647896,16,4647912
38899,4647917,8,4647925
38900,4647955,2,4647957
38901,4648179,29,4648208
38902,4648227,2,4648229
38903,4648264,2,4648266
38904,4648436,32,4648468
38905,4648730,14,4648744
38906,4648805,12,4648817
38907,4648926,10,4648936
38908,4648959,5,4648964
38909,4649211,21,4649232
38910,4649342,49,4649391
38911,4649413,48,4649461
38912,4649597,3,4649600
38913,4649623,44,4649667
38914,4649773,3,4649776
38915,4649803,24,4649827
38916,4649935,3,4649938
38917,4649959,17,4649976
38918,4649993,52,4650045
38919,4650063,32,4650095
38920,4650161,3,4650164
38921,4650183,16,4650199
38922,4650208,2,4650210
38923,4650407,27,4650434
38924,4650548,10,4650558
38925,4650584,20,4650604
38926,4650830,17,4650847
38927,4650881,41,4650922
38928,4650993,10,4651003
38929,4651023,7,4651030
38930,4651089,20,4651109
38931,4651220,26,4651246
38932,4651317,10,4651327
38933,4651334,5,4651339
38934,4651593,10,4651603
38935,4651641,12,4651653
38936,4651665,3,4651668
38937,4651688,1,4651689
38938,4651796,4,4651800
38939,4651822,50,4651872
38940,4651879,5,4651884
38941,4651903,2,4651905
38942,4651908,1,4651909
38943,4651910,17,4651927
38944,4651988,13,4652001
38945,4652108,38,4652146
38946,4652155,55,4652210
38947,4652369,51,4652420
38948,4652631,7,4652638
38949,4652718,1,4652719
38950,4653031,14,4653045
38951,4653118,20,4653138
38952,4653225,1,4653226
38953,4653318,11,4653329
38954,4653377,19,4653396
38955,4653404,5,4653409
38956,4653471,12,4653483
38957,4653636,7,4653643
38958,4653714,9,4653723
38959,4653833,1,4653834
38960,4653896,18,4653914
38961,4653964,15,4653979
38962,4654262,3,4654265
38963,4654347,23,4654370
38964,4654399,2,4654401
38965,4654439,16,4654455
38966,4654576,28,4654604
38967,4654620,13,4654633
38968,4654641,8,4654649
38969,4654711,5,4654716
38970,4654971,12,4654983
38971,4655061,1,4655062
38972,4655151,11,4655162
38973,4655270,23,4655293
38974,4655363,3,4655366
38975,4655369,9,4655378
38976,4655407,10,4655417
38977,4655419,2,4655421
38978,4655505,10,4655515
38979,4655526,4,4655530
38980,4655627,8,4655635
38981,4655650,11,4655661
38982,4656036,31,4656067
38983,4656290,12,4656302
38984,4656322,23,4656345
38985,4656779,5,4656784
38986,4656793,67,4656860
38987,4656878,5,4656883
38988,4656948,28,4656976
38989,4657021,1,4657022
38990,4657249,39,4657288
38991,4657359,16,4657375
38992,4657533,32,4657565
38993,4657568,26,4657594
38994,4657824,8,4657832
38995,4658138,10,4658148
38996,4658274,10,4658284
38997,4658361,13,4658374
38998,4658404,3,4658407
38999,4658502,12,4658514
39000,4658577,43,4658620
39001,4658881,66,4658947
39002,4659005,5,4659010
39003,4659018,9,4659027
39004,4659343,2,4659345
39005,4659359,1,4659360
39006,4659512,36,4659548
39007,4659639,2,4659641
39008,4659714,14,4659728
39009,4659733,9,4659742
39010,4659821,14,4659835
39011,4659837,2,4659839
39012,4659848,2,4659850
39013,4659951,13,4659964
39014,4660107,32,4660139
39015,4660313,51,4660364
39016,4660437,43,4660480
39017,4660516,57,4660573
39018,4660716,21,4660737
39019,4660787,33,4660820
39020,4660950,3,4660953
39021,4660998,2,4661000
39022,4661020,33,4661053
39023,4661068,11,4661079
39024,4661197,17,4661214
39025,4661314,46,4661360
39026,4661366,3,4661369
39027,4661476,5,4661481
39028,4661508,29,4661537
39029,4661551,6,4661557
39030,4661712,2,4661714
39031,4661949,13,4661962
39032,4662184,4,4662188
39033,4662221,15,4662236
39034,4662241,17,4662258
39035,4662264,3,4662267
39036,4662335,2,4662337
39037,4662353,17,4662370
39038,4662396,91,4662487
39039,4662611,16,4662627
39040,4662795,3,4662798
39041,4662833,2,4662835
39042,4662855,25,4662880
39043,4662919,1,4662920
39044,4662982,3,4662985
39045,4663112,36,4663148
39046,4663224,27,4663251
39047,4663373,15,4663388
39048,4663487,20,4663507
39049,4663537,1,4663538
39050,4663547,24,4663571
39051,4663610,93,4663703
39052,4663821,2,4663823
39053,4663843,6,4663849
39054,4663861,55,4663916
39055,4663963,20,4663983
39056,4663986,2,4663988
39057,4664026,19,4664045
39058,4664192,6,4664198
39059,4664210,53,4664263
39060,4664380,20,4664400
39061,4664496,38,4664534
39062,4664563,1,4664564
39063,4664628,7,4664635
39064,4664735,47,4664782
39065,4664919,12,4664931
39066,4665014,36,4665050
39067,4665096,45,4665141
39068,4665269,7,4665276
39069,4665372,7,4665379
39070,4665424,14,4665438
39071,4665511,1,4665512
39072,4665559,51,4665610
39073,4665642,1,4665643
39074,4665779,9,4665788
39075,4665862,16,4665878
39076,4665900,32,4665932
39077,4665953,5,4665958
39078,4666028,26,4666054
39079,4666056,1,4666057
39080,4666224,41,4666265
39081,4666318,18,4666336
39082,4666340,29,4666369
39083,4666462,50,4666512
39084,4666527,6,4666533
39085,4666658,3,4666661
39086,4666663,1,4666664
39087,4666709,14,4666723
39088,4667145,23,4667168
39089,4667173,9,4667182
39090,4667240,140,4667380
39091,4667497,8,4667505
39092,4667513,24,4667537
39093,4667625,6,4667631
39094,4667700,4,4667704
39095,4667718,23,4667741
39096,4667922,1,4667923
39097,4667999,64,4668063
39098,4668131,22,4668153
39099,4668287,19,4668306
39100,4668523,11,4668534
39101,4668673,11,4668684
39102,4668707,16,4668723
39103,4669070,119,4669189
39104,4669360,24,4669384
39105,4669417,16,4669433
39106,4669524,6,4669530
39107,4669591,74,4669665
39108,4669712,29,4669741
39109,4669779,49,4669828
39110,4669921,6,4669927
39111,4670101,18,4670119
39112,4670136,32,4670168
39113,4670212,22,4670234
39114,4670320,26,4670346
39115,4670605,22,4670627
39116,4670811,10,4670821
39117,4670976,22,4670998
39118,4671069,3,4671072
39119,4671085,2,4671087
39120,4671107,16,4671123
39121,4671379,12,4671391
39122,4671545,5,4671550
39123,4671606,31,4671637
39124,4671677,17,4671694
39125,4671705,1,4671706
39126,4671767,9,4671776
39127,4671794,13,4671807
39128,4671843,37,4671880
39129,4672051,32,4672083
39130,4672101,4,4672105
39131,4672250,27,4672277
39132,4672333,115,4672448
39133,4672500,18,4672518
39134,4672553,15,4672568
39135,4672618,2,4672620
39136,4672742,20,4672762
39137,4672833,40,4672873
39138,4672983,22,4673005
39139,4673058,23,4673081
39140,4673362,4,4673366
39141,4673387,24,4673411
39142,4673466,8,4673474
39143,4673645,48,4673693
39144,4673721,30,4673751
39145,4673844,16,4673860
39146,4673881,12,4673893
39147,4673932,9,4673941
39148,4674024,64,4674088
39149,4674402,76,4674478
39150,4674656,81,4674737
39151,4674954,28,4674982
39152,4674988,1,4674989
39153,4675064,27,4675091
39154,4675221,2,4675223
39155,4675261,26,4675287
39156,4675292,35,4675327
39157,4675369,11,4675380
39158,4675390,13,4675403
39159,4675499,156,4675655
39160,4675809,52,4675861
39161,4675927,9,4675936
39162,4675944,5,4675949
39163,4676114,35,4676149
39164,4676293,13,4676306
39165,4676366,17,4676383
39166,4676461,23,4676484
39167,4676537,13,4676550
39168,4677174,8,4677182
39169,4677197,8,4677205
39170,4677377,33,4677410
39171,4677521,2,4677523
39172,4677782,7,4677789
39173,4677957,29,4677986
39174,4678015,18,4678033
39175,4678192,4,4678196
39176,4678290,10,4678300
39177,4678352,34,4678386
39178,4678448,23,4678471
39179,4678499,10,4678509
39180,4678640,42,4678682
39181,4678857,44,4678901
39182,4678947,54,4679001
39183,4679197,1,4679198
39184,4679254,31,4679285
39185,4679311,40,4679351
39186,4679700,2,4679702
39187,4679720,14,4679734
39188,4679833,43,4679876
39189,4679974,25,4679999
39190,4680131,21,4680152
39191,4680264,18,4680282
39192,4680787,14,4680801
39193,4681239,16,4681255
39194,4681285,22,4681307
39195,4681464,113,4681577
39196,4681592,3,4681595
39197,4681616,28,4681644
39198,4681756,75,4681831
39199,4682192,21,4682213
39200,4682349,13,4682362
39201,4682412,11,4682423
39202,4682447,6,4682453
39203,4682558,33,4682591
39204,4682668,4,4682672
39205,4682802,68,4682870
39206,4682984,14,4682998
39207,4683070,15,4683085
39208,4683189,43,4683232
39209,4683312,22,4683334
39210,4683571,32,4683603
39211,4683885,71,4683956
39212,4684230,6,4684236
39213,4684268,18,4684286
39214,4684476,27,4684503
39215,4684733,8,4684741
39216,4684869,21,4684890
39217,4684911,31,4684942
39218,4685044,7,4685051
39219,4685258,5,4685263
39220,4685448,6,4685454
39221,4685656,2,4685658
39222,4685798,12,4685810
39223,4685867,30,4685897
39224,4685931,10,4685941
39225,4685942,28,4685970
39226,4686102,17,4686119
39227,4686267,26,4686293
39228,4686378,14,4686392
39229,4686421,24,4686445
39230,4686545,3,4686548
39231,4686588,20,4686608
39232,4686704,8,4686712
39233,4687246,9,4687255
39234,4687347,7,4687354
39235,4687627,46,4687673
39236,4687691,7,4687698
39237,4687750,74,4687824
39238,4687831,52,4687883
39239,4687928,11,4687939
39240,4688069,25,4688094
39241,4688127,34,4688161
39242,4688397,27,4688424
39243,4688465,9,4688474
39244,4688491,11,4688502
39245,4688930,4,4688934
39246,4688944,33,4688977
39247,4689069,7,4689076
39248,4689083,11,4689094
39249,4689164,36,4689200
39250,4689225,99,4689324
39251,4689470,12,4689482
39252,4689499,43,4689542
39253,4689873,15,4689888
39254,4689890,14,4689904
39255,4689975,16,4689991
39256,4690393,17,4690410
39257,4690497,19,4690516
39258,4690526,4,4690530
39259,4690544,18,4690562
39260,4691030,47,4691077
39261,4691111,5,4691116
39262,4691179,38,4691217
39263,4691281,13,4691294
39264,4691443,14,4691457
39265,4691485,9,4691494
39266,4691603,12,4691615
39267,4691843,18,4691861
39268,4691887,29,4691916
39269,4692070,69,4692139
39270,4692170,16,4692186
39271,4692393,57,4692450
39272,4692511,19,4692530
39273,4692553,17,4692570
39274,4692750,15,4692765
39275,4692790,13,4692803
39276,4692921,24,4692945
39277,4693044,5,4693049
39278,4693211,5,4693216
39279,4693247,10,4693257
39280,4693274,7,4693281
39281,4693299,44,4693343
39282,4693537,27,4693564
39283,4693655,3,4693658
39284,4693762,24,4693786
39285,4693864,1,4693865
39286,4694036,13,4694049
39287,4694136,37,4694173
39288,4694218,1,4694219
39289,4694281,12,4694293
39290,4694564,30,4694594
39291,4694627,16,4694643
39292,4694804,18,4694822
39293,4694871,10,4694881
39294,4694907,4,4694911
39295,4695007,13,4695020
39296,4695211,4,4695215
39297,4695218,6,4695224
39298,4695230,26,4695256
39299,4695394,28,4695422
39300,4695606,17,4695623
39301,4695632,32,4695664
39302,4695740,7,4695747
39303,4695790,52,4695842
39304,4695917,11,4695928
39305,4695929,32,4695961
39306,4695969,31,4696000
39307,4696184,3,4696187
39308,4696241,8,4696249
39309,4696467,16,4696483
39310,4696633,10,4696643
39311,4696650,9,4696659
39312,4696741,2,4696743
39313,4696854,21,4696875
39314,4696884,57,4696941
39315,4697069,19,4697088
39316,4697183,41,4697224
39317,4697399,39,4697438
39318,4697767,9,4697776
39319,4697841,12,4697853
39320,4698008,26,4698034
39321,4698035,12,4698047
39322,4698131,16,4698147
39323,4698248,34,4698282
39324,4698336,23,4698359
39325,4698412,1,4698413
39326,4698418,10,4698428
39327,4698624,37,4698661
39328,4698739,6,4698745
39329,4698776,23,4698799
39330,4698924,2,4698926
39331,4698938,35,4698973
39332,4699024,23,4699047
39333,4699159,73,4699232
39334,4699255,13,4699268
39335,4699376,26,4699402
39336,4699489,47,4699536
39337,4699588,78,4699666
39338,4699713,38,4699751
39339,4700038,81,4700119
39340,4700513,57,4700570
39341,4700575,14,4700589
39342,4700602,16,4700618
39343,4700797,4,4700801
39344,4700946,10,4700956
39345,4701065,22,4701087
39346,4701225,1,4701226
39347,4701421,10,4701431
39348,4701460,37,4701497
39349,4701756,37,4701793
39350,4701847,7,4701854
39351,4701868,22,4701890
39352,4701899,8,4701907
39353,4702042,2,4702044
39354,4702051,8,4702059
39355,4702146,30,4702176
39356,4702178,16,4702194
39357,4702299,11,4702310
39358,4702331,3,4702334
39359,4702446,12,4702458
39360,4702658,17,4702675
39361,4702678,3,4702681
39362,4702716,59,4702775
39363,4702950,18,4702968
39364,4703078,8,4703086
39365,4703140,11,4703151
39366,4703175,1,4703176
39367,4703236,41,4703277
39368,4703396,25,4703421
39369,4703543,8,4703551
39370,4703649,75,4703724
39371,4703894,4,4703898
39372,4703961,14,4703975
39373,4703993,7,4704000
39374,4704060,111,4704171
39375,4704229,5,4704234
39376,4704248,16,4704264
39377,4704323,3,4704326
39378,4704344,2,4704346
39379,4704352,2,4704354
39380,4704360,11,4704371
39381,4704414,11,4704425
39382,4704622,35,4704657
39383,4704878,9,4704887
39384,4705113,29,4705142
39385,4705158,10,4705168
39386,4705232,48,4705280
39387,4705407,10,4705417
39388,4705426,21,4705447
39389,4705654,2,4705656
39390,4705691,11,4705702
39391,4705708,6,4705714
39392,4705862,13,4705875
39393,4705889,18,4705907
39394,4706009,7,4706016
39395,4706193,3,4706196
39396,4706351,9,4706360
39397,4706408,18,4706426
39398,4706519,17,4706536
39399,4706537,25,4706562
39400,4706572,55,4706627
39401,4706728,4,4706732
39402,4706939,3,4706942
39403,4707311,18,4707329
39404,4707440,17,4707457
39405,4707987,45,4708032
39406,4708391,8,4708399
39407,4708406,35,4708441
39408,4708509,16,4708525
39409,4708539,27,4708566
39410,4708632,2,4708634
39411,4708869,7,4708876
39412,4708948,1,4708949
39413,4709010,7,4709017
39414,4709041,50,4709091
39415,4709104,2,4709106
39416,4709227,4,4709231
39417,4709663,46,4709709
39418,4709727,51,4709778
39419,4709803,3,4709806
39420,4709933,5,4709938
39421,4710164,7,4710171
39422,4710218,22,4710240
39423,4710396,15,4710411
39424,4710416,11,4710427
39425,4710436,6,4710442
39426,4710489,15,4710504
39427,4710591,7,4710598
39428,4710635,11,4710646
39429,4710686,1,4710687
39430,4711049,49,4711098
39431,4711186,13,4711199
39432,4711212,5,4711217
39433,4711255,14,4711269
39434,4711379,33,4711412
39435,4711605,16,4711621
39436,4711964,46,4712010
39437,4712014,4,4712018
39438,4712074,9,4712083
39439,4712111,18,4712129
39440,4712131,12,4712143
39441,4712351,29,4712380
39442,4712713,98,4712811
39443,4712833,14,4712847
39444,4712964,3,4712967
39445,4713150,18,4713168
39446,4713356,14,4713370
39447,4713462,9,4713471
39448,4713550,20,4713570
39449,4713625,29,4713654
39450,4713960,21,4713981
39451,4713982,27,4714009
39452,4714135,2,4714137
39453,4714202,14,4714216
39454,4714272,6,4714278
39455,4714295,22,4714317
39456,4714407,2,4714409
39457,4714460,11,4714471
39458,4714515,69,4714584
39459,4714646,12,4714658
39460,4714660,5,4714665
39461,4714827,49,4714876
39462,4714938,19,4714957
39463,4714960,5,4714965
39464,4714981,37,4715018
39465,4715531,20,4715551
39466,4715560,13,4715573
39467,4715606,7,4715613
39468,4715692,40,4715732
39469,4715905,1,4715906
39470,4716037,34,4716071
39471,4716190,58,4716248
39472,4716336,19,4716355
39473,4716529,7,4716536
39474,4716741,12,4716753
39475,4716866,36,4716902
39476,4717021,52,4717073
39477,4717297,8,4717305
39478,4717350,19,4717369
39479,4717379,27,4717406
39480,4717421,7,4717428
39481,4717644,117,4717761
39482,4717786,25,4717811
39483,4717867,51,4717918
39484,4717923,9,4717932
39485,4717948,8,4717956
39486,4717961,32,4717993
39487,4718266,11,4718277
39488,4718389,13,4718402
39489,4718708,4,4718712
39490,4718733,22,4718755
39491,4718903,5,4718908
39492,4718921,5,4718926
39493,4719115,51,4719166
39494,4719231,33,4719264
39495,4719321,27,4719348
39496,4719381,44,4719425
39497,4719489,32,4719521
39498,4719714,3,4719717
39499,4720004,3,4720007
39500,4720065,29,4720094
39501,4720119,12,4720131
39502,4720165,14,4720179
39503,4720228,57,4720285
39504,4720288,27,4720315
39505,4720354,4,4720358
39506,4720451,52,4720503
39507,4720570,21,4720591
39508,4720625,23,4720648
39509,4720653,10,4720663
39510,4720847,10,4720857
39511,4720880,25,4720905
39512,4720982,40,4721022
39513,4721037,7,4721044
39514,4721278,5,4721283
39515,4721302,68,4721370
39516,4721420,42,4721462
39517,4721521,9,4721530
39518,4721583,6,4721589
39519,4721633,12,4721645
39520,4721782,40,4721822
39521,4721873,25,4721898
39522,4722104,15,4722119
39523,4722173,8,4722181
39524,4722492,7,4722499
39525,4722503,24,4722527
39526,4722552,20,4722572
39527,4722772,10,4722782
39528,4722840,11,4722851
39529,4722861,49,4722910
39530,4722962,4,4722966
39531,4722994,42,4723036
39532,4723158,23,4723181
39533,4723244,15,4723259
39534,4723390,10,4723400
39535,4723410,4,4723414
39536,4723432,25,4723457
39537,4723582,41,4723623
39538,4723664,3,4723667
39539,4723751,16,4723767
39540,4723867,10,4723877
39541,4723996,9,4724005
39542,4724062,2,4724064
39543,4724455,14,4724469
39544,4724542,2,4724544
39545,4724662,66,4724728
39546,4724729,19,4724748
39547,4724769,6,4724775
39548,4724817,7,4724824
39549,4724903,3,4724906
39550,4725043,9,4725052
39551,4725059,6,4725065
39552,4725128,10,4725138
39553,4725165,22,4725187
39554,4725396,25,4725421
39555,4725502,4,4725506
39556,4725513,7,4725520
39557,4725521,85,4725606
39558,4725839,43,4725882
39559,4726167,21,4726188
39560,4726313,5,4726318
39561,4726320,3,4726323
39562,4726418,11,4726429
39563,4726468,9,4726477
39564,4726519,18,4726537
39565,4726623,11,4726634
39566,4726912,9,4726921
39567,4726998,63,4727061
39568,4727247,9,4727256
39569,4727525,27,4727552
39570,4727575,4,4727579
39571,4727885,21,4727906
39572,4727944,1,4727945
39573,4728090,1,4728091
39574,4728193,7,4728200
39575,4728224,5,4728229
39576,4728329,16,4728345
39577,4728378,55,4728433
39578,4728712,4,4728716
39579,4728721,17,4728738
39580,4728746,6,4728752
39581,4728839,4,4728843
39582,4728866,35,4728901
39583,4728907,2,4728909
39584,4728949,12,4728961
39585,4728967,7,4728974
39586,4729013,13,4729026
39587,4729038,3,4729041
39588,4729048,10,4729058
39589,4729172,10,4729182
39590,4729234,41,4729275
39591,4729506,31,4729537
39592,4729601,18,4729619
39593,4729641,11,4729652
39594,4729654,16,4729670
39595,4729744,3,4729747
39596,4729787,4,4729791
39597,4730105,5,4730110
39598,4730179,1,4730180
39599,4730307,4,4730311
39600,4730385,12,4730397
39601,4730565,9,4730574
39602,4730578,22,4730600
39603,4730657,4,4730661
39604,4730699,12,4730711
39605,4730738,3,4730741
39606,4730910,9,4730919
39607,4731086,9,4731095
39608,4731139,25,4731164
39609,4731205,50,4731255
39610,4731314,5,4731319
39611,4731374,32,4731406
39612,4731566,9,4731575
39613,4731807,9,4731816
39614,4731995,4,4731999
39615,4732083,18,4732101
39616,4732352,24,4732376
39617,4732462,6,4732468
39618,4732496,2,4732498
39619,4732545,7,4732552
39620,4732856,29,4732885
39621,4732887,9,4732896
39622,4732901,34,4732935
39623,4732992,14,4733006
39624,4733047,80,4733127
39625,4733196,12,4733208
39626,4733442,45,4733487
39627,4733488,5,4733493
39628,4733517,13,4733530
39629,4733712,47,4733759
39630,4733945,66,4734011
39631,4734316,1,4734317
39632,4734436,6,4734442
39633,4734511,16,4734527
39634,4734540,88,4734628
39635,4734775,2,4734777
39636,4734869,12,4734881
39637,4734953,20,4734973
39638,4735001,64,4735065
39639,4735134,18,4735152
39640,4735333,5,4735338
39641,4735343,7,4735350
39642,4735450,9,4735459
39643,4735508,7,4735515
39644,4735562,18,4735580
39645,4736069,20,4736089
39646,4736150,10,4736160
39647,4736190,5,4736195
39648,4736295,1,4736296
39649,4736303,14,4736317
39650,4736327,15,4736342
39651,4736678,41,4736719
39652,4736826,2,4736828
39653,4736877,8,4736885
39654,4736966,19,4736985
39655,4737001,6,4737007
39656,4737157,7,4737164
39657,4737204,2,4737206
39658,4737321,25,4737346
39659,4737355,54,4737409
39660,4737490,10,4737500
39661,4737536,5,4737541
39662,4737657,55,4737712
39663,4737753,15,4737768
39664,4738102,26,4738128
39665,4738206,23,4738229
39666,4738362,48,4738410
39667,4738427,13,4738440
39668,4738879,8,4738887
39669,4738926,25,4738951
39670,4738989,3,4738992
39671,4738996,76,4739072
39672,4739074,1,4739075
39673,4739139,1,4739140
39674,4739475,16,4739491
39675,4739494,48,4739542
39676,4739611,5,4739616
39677,4739689,48,4739737
39678,4739816,15,4739831
39679,4739890,17,4739907
39680,4739961,17,4739978
39681,4740146,7,4740153
39682,4740199,49,4740248
39683,4740281,6,4740287
39684,4740341,48,4740389
39685,4740449,43,4740492
39686,4740496,25,4740521
39687,4740642,6,4740648
39688,4740773,8,4740781
39689,4740874,9,4740883
39690,4740905,1,4740906
39691,4740910,6,4740916
39692,4740993,12,4741005
39693,4741034,13,4741047
39694,4741157,2,4741159
39695,4741350,33,4741383
39696,4741462,58,4741520
39697,4741557,42,4741599
39698,4741662,2,4741664
39699,4741674,11,4741685
39700,4741887,15,4741902
39701,4742140,4,4742144
39702,4742153,20,4742173
39703,4742347,42,4742389
39704,4742425,9,4742434
39705,4742460,45,4742505
39706,4742614,13,4742627
39707,4742679,6,4742685
39708,4742716,21,4742737
39709,4742801,15,4742816
39710,4742866,44,4742910
39711,4742930,27,4742957
39712,4742994,58,4743052
39713,4743118,97,4743215
39714,4743284,8,4743292
39715,4743309,22,4743331
39716,4743453,29,4743482
39717,4743551,62,4743613
39718,4743615,28,4743643
39719,4743683,41,4743724
39720,4744045,24,4744069
39721,4744398,29,4744427
39722,4744429,109,4744538
39723,4744584,11,4744595
39724,4744656,8,4744664
39725,4744689,5,4744694
39726,4744757,65,4744822
39727,4744905,11,4744916
39728,4744922,1,4744923
39729,4745044,23,4745067
39730,4745079,4,4745083
39731,4745234,4,4745238
39732,4745402,3,4745405
39733,4745406,12,4745418
39734,4745591,14,4745605
39735,4745804,12,4745816
39736,4746010,23,4746033
39737,4746096,18,4746114
39738,4746141,14,4746155
39739,4746187,47,4746234
39740,4746364,91,4746455
39741,4746471,27,4746498
39742,4746521,21,4746542
39743,4746552,14,4746566
39744,4746706,32,4746738
39745,4746750,33,4746783
39746,4746797,9,4746806
39747,4746979,6,4746985
39748,4747023,41,4747064
39749,4747183,35,4747218
39750,4747509,19,4747528
39751,4747549,28,4747577
39752,4747602,2,4747604
39753,4747698,3,4747701
39754,4747870,14,4747884
39755,4747993,15,4748008
39756,4748077,11,4748088
39757,4748317,30,4748347
39758,4748782,6,4748788
39759,4748875,12,4748887
39760,4748911,13,4748924
39761,4748942,11,4748953
39762,4748971,24,4748995
39763,4749209,6,4749215
39764,4749415,1,4749416
39765,4749819,2,4749821
39766,4749884,3,4749887
39767,4750006,9,4750015
39768,4750276,9,4750285
39769,4750323,23,4750346
39770,4750498,1,4750499
39771,4750552,35,4750587
39772,4750625,16,4750641
39773,4750691,2,4750693
39774,4750749,6,4750755
39775,4750772,6,4750778
39776,4750785,4,4750789
39777,4751010,30,4751040
39778,4751051,25,4751076
39779,4751387,12,4751399
39780,4751536,79,4751615
39781,4751927,64,4751991
39782,4752082,6,4752088
39783,4752164,18,4752182
39784,4752232,35,4752267
39785,4752320,5,4752325
39786,4752361,37,4752398
39787,4752418,33,4752451
39788,4752472,23,4752495
39789,4752500,13,4752513
39790,4752556,37,4752593
39791,4752756,9,4752765
39792,4752840,24,4752864
39793,4753055,18,4753073
39794,4753104,53,4753157
39795,4753193,1,4753194
39796,4753474,35,4753509
39797,4753605,16,4753621
39798,4753852,8,4753860
39799,4753862,10,4753872
39800,4753890,6,4753896
39801,4754356,2,4754358
39802,4754450,17,4754467
39803,4754483,2,4754485
39804,4754558,19,4754577
39805,4754801,21,4754822
39806,4755115,30,4755145
39807,4755200,18,4755218
39808,4755408,27,4755435
39809,4755533,9,4755542
39810,4755704,32,4755736
39811,4755961,28,4755989
39812,4756096,11,4756107
39813,4756108,25,4756133
39814,4756236,1,4756237
39815,4756307,4,4756311
39816,4756398,3,4756401
39817,4756439,17,4756456
39818,4756515,35,4756550
39819,4757189,16,4757205
39820,4757332,15,4757347
39821,4757556,48,4757604
39822,4757619,44,4757663
39823,4757746,35,4757781
39824,4757923,12,4757935
39825,4757972,11,4757983
39826,4758005,32,4758037
39827,4758301,1,4758302
39828,4758370,16,4758386
39829,4758417,28,4758445
39830,4758452,21,4758473
39831,4758594,27,4758621
39832,4758686,51,4758737
39833,4759225,35,4759260
39834,4759378,18,4759396
39835,4759632,22,4759654
39836,4759715,17,4759732
39837,4759788,6,4759794
39838,4759826,28,4759854
39839,4759855,14,4759869
39840,4760016,69,4760085
39841,4760127,2,4760129
39842,4760174,12,4760186
39843,4760206,10,4760216
39844,4760422,11,4760433
39845,4760517,2,4760519
39846,4760589,2,4760591
39847,4760783,5,4760788
39848,4760838,32,4760870
39849,4760911,30,4760941
39850,4760999,25,4761024
39851,4761214,14,4761228
39852,4761258,15,4761273
39853,4761398,33,4761431
39854,4761536,34,4761570
39855,4761581,12,4761593
39856,4761636,8,4761644
39857,4761769,1,4761770
39858,4761785,22,4761807
39859,4761814,21,4761835
39860,4761974,8,4761982
39861,4762000,2,4762002
39862,4762069,34,4762103
39863,4762216,21,4762237
39864,4762372,14,4762386
39865,4762469,23,4762492
39866,4762662,5,4762667
39867,4763075,23,4763098
39868,4763149,1,4763150
39869,4763246,9,4763255
39870,4763527,6,4763533
39871,4763579,52,4763631
39872,4763887,7,4763894
39873,4763917,54,4763971
39874,4764061,52,4764113
39875,4764118,9,4764127
39876,4764390,41,4764431
39877,4764468,20,4764488
39878,4764774,25,4764799
39879,4764906,8,4764914
39880,4764922,18,4764940
39881,4765019,9,4765028
39882,4765228,8,4765236
39883,4765237,9,4765246
39884,4765349,39,4765388
39885,4765471,8,4765479
39886,4765520,2,4765522
39887,4765570,5,4765575
39888,4765586,22,4765608
39889,4765654,7,4765661
39890,4765662,12,4765674
39891,4765924,26,4765950
39892,4766167,15,4766182
39893,4766500,5,4766505
39894,4767070,21,4767091
39895,4767216,30,4767246
39896,4767351,48,4767399
39897,4767403,4,4767407
39898,4767434,2,4767436
39899,4767547,18,4767565
39900,4767683,4,4767687
39901,4767698,9,4767707
39902,4767720,1,4767721
39903,4767734,21,4767755
39904,4768051,36,4768087
39905,4768141,14,4768155
39906,4768225,2,4768227
39907,4768235,27,4768262
39908,4768296,15,4768311
39909,4768396,6,4768402
39910,4768423,3,4768426
39911,4768470,45,4768515
39912,4768517,2,4768519
39913,4768982,45,4769027
39914,4769057,40,4769097
39915,4769345,31,4769376
39916,4769552,7,4769559
39917,4769575,12,4769587
39918,4769814,8,4769822
39919,4769965,8,4769973
39920,4769993,11,4770004
39921,4770067,9,4770076
39922,4770170,7,4770177
39923,4770229,11,4770240
39924,4770311,25,4770336
39925,4770360,1,4770361
39926,4770624,28,4770652
39927,4770667,13,4770680
39928,4770780,59,4770839
39929,4770976,17,4770993
39930,4771005,19,4771024
39931,4771069,14,4771083
39932,4771153,26,4771179
39933,4771315,22,4771337
39934,4771355,11,4771366
39935,4771412,25,4771437
39936,4771516,11,4771527
39937,4771529,61,4771590
39938,4771728,28,4771756
39939,4771889,1,4771890
39940,4771953,6,4771959
39941,4771965,18,4771983
39942,4771991,7,4771998
39943,4772042,13,4772055
39944,4772077,24,4772101
39945,4772130,48,4772178
39946,4772448,33,4772481
39947,4772788,5,4772793
39948,4772818,33,4772851
39949,4772880,12,4772892
39950,4773183,39,4773222
39951,4773240,23,4773263
39952,4773431,17,4773448
39953,4773614,10,4773624
39954,4773678,6,4773684
39955,4773858,2,4773860
39956,4773864,10,4773874
39957,4773971,7,4773978
39958,4773982,9,4773991
39959,4774017,9,4774026
39960,4774067,4,4774071
39961,4774093,42,4774135
39962,4774392,20,4774412
39963,4774458,2,4774460
39964,4774487,6,4774493
39965,4774552,58,4774610
39966,4774666,9,4774675
39967,4774693,9,4774702
39968,4774771,18,4774789
39969,4774799,4,4774803
39970,4774820,62,4774882
39971,4774957,34,4774991
39972,4775048,14,4775062
39973,4775125,33,4775158
39974,4775254,20,4775274
39975,4775297,12,4775309
39976,4775411,33,4775444
39977,4775566,1,4775567
39978,4775684,12,4775696
39979,4775744,2,4775746
39980,4775816,13,4775829
39981,4776019,7,4776026
39982,4776035,9,4776044
39983,4776537,24,4776561
39984,4776608,10,4776618
39985,4776635,12,4776647
39986,4776680,26,4776706
39987,4776724,22,4776746
39988,4776948,11,4776959
39989,4777080,14,4777094
39990,4777316,30,4777346
39991,4777382,35,4777417
39992,4777500,1,4777501
39993,4777603,100,4777703
39994,4777743,8,4777751
39995,4777789,2,4777791
39996,4778104,8,4778112
39997,4778113,46,4778159
39998,4778180,10,4778190
39999,4778193,21,4778214
40000,4778487,10,4778497
40001,4778553,25,4778578
40002,4779064,51,4779115
40003,4779119,22,4779141
40004,4779360,11,4779371
40005,4779522,9,4779531
40006,4779564,12,4779576
40007,4779660,9,4779669
40008,4779746,45,4779791
40009,4779928,13,4779941
40010,4780002,79,4780081
40011,4780113,5,4780118
40012,4780161,21,4780182
40013,4780187,7,4780194
40014,4780381,26,4780407
40015,4780413,50,4780463
40016,4780560,6,4780566
40017,4780614,7,4780621
40018,4780646,8,4780654
40019,4780809,8,4780817
40020,4780859,16,4780875
40021,4780904,4,4780908
40022,4781280,32,4781312
40023,4781524,14,4781538
40024,4782099,37,4782136
40025,4782244,19,4782263
40026,4782507,26,4782533
40027,4782562,15,4782577
40028,4782672,34,4782706
40029,4782879,18,4782897
40030,4783130,48,4783178
40031,4783208,1,4783209
40032,4783404,6,4783410
40033,4783902,16,4783918
40034,4784211,13,4784224
40035,4784385,1,4784386
40036,4784412,20,4784432
40037,4784532,17,4784549
40038,4784960,17,4784977
40039,4785004,36,4785040
40040,4785202,17,4785219
40041,4785235,11,4785246
40042,4785285,8,4785293
40043,4785479,51,4785530
40044,4785542,9,4785551
40045,4785563,13,4785576
40046,4785639,14,4785653
40047,4785699,3,4785702
40048,4786153,12,4786165
40049,4786286,28,4786314
40050,4786334,36,4786370
40051,4786392,6,4786398
40052,4786516,2,4786518
40053,4786664,36,4786700
40054,4786960,32,4786992
40055,4787141,1,4787142
40056,4787213,6,4787219
40057,4787302,4,4787306
40058,4787398,41,4787439
40059,4787450,13,4787463
40060,4787607,30,4787637
40061,4787733,12,4787745
40062,4787914,2,4787916
40063,4788200,23,4788223
40064,4788505,22,4788527
40065,4788596,71,4788667
40066,4788672,60,4788732
40067,4788790,20,4788810
40068,4789347,12,4789359
40069,4789494,19,4789513
40070,4789716,87,4789803
40071,4789846,35,4789881
40072,4789917,28,4789945
40073,4789951,29,4789980
40074,4790100,4,4790104
40075,4790110,33,4790143
40076,4790224,10,4790234
40077,4790402,2,4790404
40078,4790409,4,4790413
40079,4790476,36,4790512
40080,4790513,15,4790528
40081,4790701,18,4790719
40082,4790741,56,4790797
40083,4790803,3,4790806
40084,4790896,56,4790952
40085,4790959,49,4791008
40086,4791024,49,4791073
40087,4791125,12,4791137
40088,4791291,71,4791362
40089,4791373,76,4791449
40090,4791474,11,4791485
40091,4791730,52,4791782
40092,4791796,14,4791810
40093,4791899,108,4792007
40094,4792210,26,4792236
40095,4792284,11,4792295
40096,4792559,6,4792565
40097,4792570,6,4792576
40098,4792607,7,4792614
40099,4792631,42,4792673
40100,4792925,1,4792926
40101,4792967,40,4793007
40102,4793038,8,4793046
40103,4793056,39,4793095
40104,4793163,4,4793167
40105,4793400,3,4793403
40106,4793584,27,4793611
40107,4793694,4,4793698
40108,4793805,1,4793806
40109,4793991,3,4793994
40110,4794039,4,4794043
40111,4794434,22,4794456
40112,4794487,36,4794523
40113,4794536,7,4794543
40114,4794554,5,4794559
40115,4794563,57,4794620
40116,4794838,8,4794846
40117,4794941,40,4794981
40118,4794999,22,4795021
40119,4795109,3,4795112
40120,4795210,7,4795217
40121,4795272,30,4795302
40122,4795424,60,4795484
40123,4795496,83,4795579
40124,4795730,21,4795751
40125,4795829,26,4795855
40126,4795880,5,4795885
40127,4795974,10,4795984
40128,4796123,11,4796134
40129,4796281,17,4796298
40130,4796308,3,4796311
40131,4796352,1,4796353
40132,4796450,6,4796456
40133,4796492,23,4796515
40134,4796603,2,4796605
40135,4796657,1,4796658
40136,4796663,3,4796666
40137,4796820,44,4796864
40138,4796912,2,4796914
40139,4797037,3,4797040
40140,4797053,36,4797089
40141,4797097,53,4797150
40142,4797394,22,4797416
40143,4797427,1,4797428
40144,4797480,8,4797488
40145,4797772,2,4797774
40146,4797897,16,4797913
40147,4797975,27,4798002
40148,4798027,25,4798052
40149,4798331,5,4798336
40150,4798466,11,4798477
40151,4798480,31,4798511
40152,4798662,13,4798675
40153,4798686,9,4798695
40154,4798786,14,4798800
40155,4798803,17,4798820
40156,4798855,9,4798864
40157,4798868,10,4798878
40158,4798990,25,4799015
40159,4799188,53,4799241
40160,4799264,23,4799287
40161,4799385,11,4799396
40162,4799401,7,4799408
40163,4799423,12,4799435
40164,4799440,14,4799454
40165,4799502,12,4799514
40166,4799575,39,4799614
40167,4799631,4,4799635
40168,4799730,19,4799749
40169,4799869,38,4799907
40170,4799954,35,4799989
40171,4800000,9,4800009
40172,4800169,31,4800200
40173,4800327,16,4800343
40174,4800526,3,4800529
40175,4800544,4,4800548
40176,4800551,46,4800597
40177,4800699,7,4800706
40178,4800766,61,4800827
40179,4800909,6,4800915
40180,4801010,10,4801020
40181,4801270,9,4801279
40182,4801286,2,4801288
40183,4801326,5,4801331
40184,4801408,17,4801425
40185,4801438,16,4801454
40186,4801579,7,4801586
40187,4801885,25,4801910
40188,4801933,27,4801960
40189,4801975,36,4802011
40190,4802159,1,4802160
40191,4802264,78,4802342
40192,4802861,6,4802867
40193,4803002,3,4803005
40194,4803028,12,4803040
40195,4803045,19,4803064
40196,4803102,14,4803116
40197,4803130,10,4803140
40198,4803352,10,4803362
40199,4803396,9,4803405
40200,4803440,21,4803461
40201,4803573,38,4803611
40202,4803620,29,4803649
40203,4804049,12,4804061
40204,4804088,1,4804089
40205,4804192,12,4804204
40206,4804430,38,4804468
40207,4804736,30,4804766
40208,4804786,10,4804796
40209,4805059,15,4805074
40210,4805243,2,4805245
40211,4805255,21,4805276
40212,4805491,5,4805496
40213,4805511,4,4805515
40214,4805750,12,4805762
40215,4805919,4,4805923
40216,4805925,3,4805928
40217,4806180,2,4806182
40218,4806196,29,4806225
40219,4806626,1,4806627
40220,4806673,3,4806676
40221,4807144,11,4807155
40222,4807312,29,4807341
40223,4807407,3,4807410
40224,4807412,13,4807425
40225,4807464,18,4807482
40226,4807542,3,4807545
40227,4807666,10,4807676
40228,4807751,7,4807758
40229,4807791,25,4807816
40230,4807955,8,4807963
40231,4808024,16,4808040
40232,4808059,8,4808067
40233,4809044,32,4809076
40234,4809197,1,4809198
40235,4809464,12,4809476
40236,4809700,46,4809746
40237,4809917,24,4809941
40238,4810093,104,4810197
40239,4810240,13,4810253
40240,4810291,20,4810311
40241,4810431,24,4810455
40242,4810624,41,4810665
40243,4810730,71,4810801
40244,4810865,7,4810872
40245,4810949,43,4810992
40246,4811006,3,4811009
40247,4811061,22,4811083
40248,4811128,13,4811141
40249,4811282,35,4811317
40250,4811556,7,4811563
40251,4811684,8,4811692
40252,4811731,12,4811743
40253,4811792,17,4811809
40254,4812108,36,4812144
40255,4812145,49,4812194
40256,4812409,6,4812415
40257,4812416,12,4812428
40258,4812486,4,4812490
40259,4812539,11,4812550
40260,4812614,24,4812638
40261,4812648,77,4812725
40262,4812740,3,4812743
40263,4812799,18,4812817
40264,4813010,29,4813039
40265,4813356,14,4813370
40266,4813550,5,4813555
40267,4813561,8,4813569
40268,4813720,6,4813726
40269,4813755,1,4813756
40270,4813762,47,4813809
40271,4813846,10,4813856
40272,4813924,5,4813929
40273,4813988,24,4814012
40274,4814018,31,4814049
40275,4814446,11,4814457
40276,4814472,10,4814482
40277,4814584,50,4814634
40278,4814725,1,4814726
40279,4814747,9,4814756
40280,4814935,4,4814939
40281,4814945,3,4814948
40282,4814974,5,4814979
40283,4814981,38,4815019
40284,4815034,1,4815035
40285,4815039,23,4815062
40286,4815087,2,4815089
40287,4815179,1,4815180
40288,4815246,17,4815263
40289,4815281,15,4815296
40290,4815627,27,4815654
40291,4815655,32,4815687
40292,4815797,6,4815803
40293,4815859,26,4815885
40294,4815920,2,4815922
40295,4815984,10,4815994
40296,4816039,2,4816041
40297,4816096,7,4816103
40298,4816114,18,4816132
40299,4816302,3,4816305
40300,4816408,13,4816421
40301,4816454,7,4816461
40302,4816811,18,4816829
40303,4817284,9,4817293
40304,4817386,23,4817409
40305,4817888,14,4817902
40306,4818033,36,4818069
40307,4818080,2,4818082
40308,4818216,14,4818230
40309,4818378,35,4818413
40310,4818419,16,4818435
40311,4818621,60,4818681
40312,4818822,11,4818833
40313,4818978,8,4818986
40314,4819100,9,4819109
40315,4819126,86,4819212
40316,4819383,11,4819394
40317,4819434,16,4819450
40318,4819522,28,4819550
40319,4819688,25,4819713
40320,4819821,8,4819829
40321,4819846,27,4819873
40322,4819966,1,4819967
40323,4819973,68,4820041
40324,4820126,21,4820147
40325,4820402,16,4820418
40326,4820811,7,4820818
40327,4820829,23,4820852
40328,4820935,5,4820940
40329,4821195,8,4821203
40330,4821285,4,4821289
40331,4821532,17,4821549
40332,4821794,54,4821848
40333,4821973,5,4821978
40334,4821995,2,4821997
40335,4822063,9,4822072
40336,4822104,52,4822156
40337,4822335,29,4822364
40338,4822384,2,4822386
40339,4822388,1,4822389
40340,4822669,2,4822671
40341,4822858,16,4822874
40342,4823164,11,4823175
40343,4823222,34,4823256
40344,4823317,42,4823359
40345,4823370,6,4823376
40346,4823392,37,4823429
40347,4823466,20,4823486
40348,4823507,16,4823523
40349,4823735,44,4823779
40350,4823822,61,4823883
40351,4824145,7,4824152
40352,4824377,9,4824386
40353,4824486,5,4824491
40354,4824568,68,4824636
40355,4824733,8,4824741
40356,4824850,11,4824861
40357,4824870,1,4824871
40358,4824943,17,4824960
40359,4824979,7,4824986
40360,4825010,2,4825012
40361,4825046,11,4825057
40362,4825125,113,4825238
40363,4825335,52,4825387
40364,4825455,3,4825458
40365,4825468,4,4825472
40366,4825528,30,4825558
40367,4825624,8,4825632
40368,4825707,10,4825717
40369,4825803,10,4825813
40370,4825814,10,4825824
40371,4825932,4,4825936
40372,4825975,6,4825981
40373,4826002,19,4826021
40374,4826039,8,4826047
40375,4826178,16,4826194
40376,4826580,14,4826594
40377,4826734,13,4826747
40378,4826792,18,4826810
40379,4827174,29,4827203
40380,4827255,3,4827258
40381,4827261,82,4827343
40382,4827344,16,4827360
40383,4827368,34,4827402
40384,4827535,1,4827536
40385,4827563,66,4827629
40386,4827637,30,4827667
40387,4827745,29,4827774
40388,4827775,17,4827792
40389,4827843,14,4827857
40390,4827959,14,4827973
40391,4828025,18,4828043
40392,4828318,38,4828356
40393,4828573,1,4828574
40394,4828981,38,4829019
40395,4829094,5,4829099
40396,4829205,17,4829222
40397,4829312,2,4829314
40398,4829358,74,4829432
40399,4829450,5,4829455
40400,4829517,17,4829534
40401,4829625,3,4829628
40402,4829717,66,4829783
40403,4830237,3,4830240
40404,4830316,19,4830335
40405,4830607,17,4830624
40406,4830825,26,4830851
40407,4830854,35,4830889
40408,4830919,57,4830976
40409,4831173,32,4831205
40410,4831304,21,4831325
40411,4831366,32,4831398
40412,4831411,18,4831429
40413,4831448,4,4831452
40414,4831688,4,4831692
40415,4831704,4,4831708
40416,4831723,9,4831732
40417,4831746,69,4831815
40418,4831841,14,4831855
40419,4832032,36,4832068
40420,4832089,7,4832096
40421,4832217,19,4832236
40422,4832342,7,4832349
40423,4832364,1,4832365
40424,4832431,88,4832519
40425,4832623,7,4832630
40426,4832707,49,4832756
40427,4832832,4,4832836
40428,4832964,7,4832971
40429,4833243,29,4833272
40430,4833302,15,4833317
40431,4833433,24,4833457
40432,4833625,68,4833693
40433,4833727,1,4833728
40434,4833894,9,4833903
40435,4833959,16,4833975
40436,4834149,50,4834199
40437,4834518,13,4834531
40438,4834549,5,4834554
40439,4834573,17,4834590
40440,4834704,12,4834716
40441,4834786,17,4834803
40442,4834862,7,4834869
40443,4835300,75,4835375
40444,4835597,10,4835607
40445,4835902,16,4835918
40446,4835935,9,4835944
40447,4836011,19,4836030
40448,4836212,5,4836217
40449,4836235,56,4836291
40450,4836538,22,4836560
40451,4836563,29,4836592
40452,4836770,4,4836774
40453,4836775,1,4836776
40454,4836929,30,4836959
40455,4837185,9,4837194
40456,4837285,13,4837298
40457,4837362,6,4837368
40458,4837410,13,4837423
40459,4837472,38,4837510
40460,4837610,31,4837641
40461,4837781,16,4837797
40462,4837814,18,4837832
40463,4838049,15,4838064
40464,4838317,2,4838319
40465,4838445,5,4838450
40466,4838522,25,4838547
40467,4838549,63,4838612
40468,4838662,35,4838697
40469,4838767,9,4838776
40470,4839041,5,4839046
40471,4839213,13,4839226
40472,4839401,48,4839449
40473,4839612,15,4839627
40474,4839648,4,4839652
40475,4839682,10,4839692
40476,4839941,9,4839950
40477,4840059,38,4840097
40478,4840124,22,4840146
40479,4840205,12,4840217
40480,4840250,18,4840268
40481,4840457,29,4840486
40482,4840514,9,4840523
40483,4840622,6,4840628
40484,4840693,5,4840698
40485,4840721,29,4840750
40486,4840889,32,4840921
40487,4841072,56,4841128
40488,4841406,1,4841407
40489,4841418,10,4841428
40490,4841531,4,4841535
40491,4841590,11,4841601
40492,4841643,19,4841662
40493,4841668,28,4841696
40494,4841761,11,4841772
40495,4842156,13,4842169
40496,4842180,19,4842199
40497,4842478,10,4842488
40498,4842503,1,4842504
40499,4842530,13,4842543
40500,4842639,76,4842715
40501,4842937,57,4842994
40502,4843150,5,4843155
40503,4843215,43,4843258
40504,4843330,4,4843334
40505,4843384,7,4843391
40506,4843489,2,4843491
40507,4843613,1,4843614
40508,4843676,18,4843694
40509,4843708,10,4843718
40510,4843891,11,4843902
40511,4843916,11,4843927
40512,4844162,46,4844208
40513,4844318,68,4844386
40514,4844700,14,4844714
40515,4844763,34,4844797
40516,4844969,7,4844976
40517,4844995,17,4845012
40518,4845090,5,4845095
40519,4845234,25,4845259
40520,4845300,15,4845315
40521,4845658,55,4845713
40522,4845735,6,4845741
40523,4845886,59,4845945
40524,4845974,3,4845977
40525,4846243,36,4846279
40526,4846359,2,4846361
40527,4846370,83,4846453
40528,4846615,17,4846632
40529,4846824,14,4846838
40530,4846843,5,4846848
40531,4846920,3,4846923
40532,4847170,5,4847175
40533,4847408,7,4847415
40534,4847589,8,4847597
40535,4847629,50,4847679
40536,4847708,6,4847714
40537,4847830,12,4847842
40538,4847863,6,4847869
40539,4847998,9,4848007
40540,4848072,5,4848077
40541,4848086,13,4848099
40542,4848277,31,4848308
40543,4848321,17,4848338
40544,4848349,14,4848363
40545,4848646,4,4848650
40546,4848652,19,4848671
40547,4848674,18,4848692
40548,4848699,14,4848713
40549,4848733,36,4848769
40550,4848829,17,4848846
40551,4849028,1,4849029
40552,4849031,1,4849032
40553,4849033,39,4849072
40554,4849113,12,4849125
40555,4849134,24,4849158
40556,4849353,25,4849378
40557,4849414,11,4849425
40558,4849581,11,4849592
40559,4849872,8,4849880
40560,4850052,5,4850057
40561,4850235,2,4850237
40562,4850253,18,4850271
40563,4850443,2,4850445
40564,4850464,30,4850494
40565,4850510,34,4850544
40566,4850574,27,4850601
40567,4850627,18,4850645
40568,4850682,23,4850705
40569,4850730,4,4850734
40570,4850879,52,4850931
40571,4851140,29,4851169
40572,4851260,11,4851271
40573,4851311,4,4851315
40574,4851475,7,4851482
40575,4851523,1,4851524
40576,4851594,45,4851639
40577,4851707,4,4851711
40578,4851815,1,4851816
40579,4851995,15,4852010
40580,4852066,2,4852068
40581,4852102,7,4852109
40582,4852230,9,4852239
40583,4852355,2,4852357
40584,4852406,7,4852413
40585,4852493,1,4852494
40586,4852497,4,4852501
40587,4852719,11,4852730
40588,4852911,3,4852914
40589,4852959,12,4852971
40590,4853125,24,4853149
40591,4853152,27,4853179
40592,4853340,2,4853342
40593,4853480,18,4853498
40594,4853593,3,4853596
40595,4853597,16,4853613
40596,4853771,8,4853779
40597,4853975,16,4853991
40598,4854183,10,4854193
40599,4854278,11,4854289
40600,4854293,3,4854296
40601,4854363,2,4854365
40602,4854502,2,4854504
40603,4854578,3,4854581
40604,4854625,18,4854643
40605,4854733,32,4854765
40606,4855082,58,4855140
40607,4855146,1,4855147
40608,4855264,6,4855270
40609,4855300,8,4855308
40610,4855633,12,4855645
40611,4855757,6,4855763
40612,4855810,3,4855813
40613,4855840,56,4855896
40614,4856162,9,4856171
40615,4856230,27,4856257
40616,4856268,8,4856276
40617,4856523,13,4856536
40618,4856783,6,4856789
40619,4856870,4,4856874
40620,4857004,30,4857034
40621,4857042,21,4857063
40622,4857068,7,4857075
40623,4857175,8,4857183
40624,4857200,38,4857238
40625,4857384,10,4857394
40626,4857445,40,4857485
40627,4857555,26,4857581
40628,4857693,53,4857746
40629,4857890,10,4857900
40630,4858279,23,4858302
40631,4858395,6,4858401
40632,4858414,4,4858418
40633,4858708,19,4858727
40634,4858729,1,4858730
40635,4858757,21,4858778
40636,4858801,4,4858805
40637,4858916,2,4858918
40638,4858920,12,4858932
40639,4859088,25,4859113
40640,4859151,4,4859155
40641,4859209,5,4859214
40642,4859254,3,4859257
40643,4859311,64,4859375
40644,4859479,18,4859497
40645,4859551,9,4859560
40646,4860030,32,4860062
40647,4860384,5,4860389
40648,4860403,17,4860420
40649,4860531,16,4860547
40650,4860643,37,4860680
40651,4860744,11,4860755
40652,4860829,7,4860836
40653,4861000,1,4861001
40654,4861068,64,4861132
40655,4861166,13,4861179
40656,4861221,17,4861238
40657,4861433,2,4861435
40658,4861451,34,4861485
40659,4861562,3,4861565
40660,4861678,25,4861703
40661,4861712,1,4861713
40662,4861725,13,4861738
40663,4861756,27,4861783
40664,4861962,3,4861965
40665,4862029,8,4862037
40666,4862121,35,4862156
40667,4862376,3,4862379
40668,4862397,20,4862417
40669,4862558,20,4862578
40670,4862610,30,4862640
40671,4862870,4,4862874
40672,4863523,29,4863552
40673,4863723,32,4863755
40674,4863810,59,4863869
40675,4863886,2,4863888
40676,4863993,3,4863996
40677,4864180,17,4864197
40678,4864250,7,4864257
40679,4864415,1,4864416
40680,4864484,1,4864485
40681,4864527,13,4864540
40682,4864583,56,4864639
40683,4864670,14,4864684
40684,4864772,9,4864781
40685,4864806,25,4864831
40686,4864849,19,4864868
40687,4865096,21,4865117
40688,4865164,13,4865177
40689,4865180,25,4865205
40690,4865311,28,4865339
40691,4865373,18,4865391
40692,4865481,6,4865487
40693,4865597,71,4865668
40694,4865826,18,4865844
40695,4866077,4,4866081
40696,4866109,20,4866129
40697,4866300,4,4866304
40698,4866548,16,4866564
40699,4866584,22,4866606
40700,4866868,15,4866883
40701,4866910,1,4866911
40702,4866960,4,4866964
40703,4867117,30,4867147
40704,4867287,2,4867289
40705,4867314,16,4867330
40706,4867350,20,4867370
40707,4867391,31,4867422
40708,4867626,8,4867634
40709,4867818,38,4867856
40710,4867998,2,4868000
40711,4868111,2,4868113
40712,4868228,8,4868236
40713,4868273,19,4868292
40714,4868305,1,4868306
40715,4868331,32,4868363
40716,4868387,35,4868422
40717,4868480,29,4868509
40718,4868586,3,4868589
40719,4868663,7,4868670
40720,4868799,23,4868822
40721,4868825,15,4868840
40722,4869019,12,4869031
40723,4869089,19,4869108
40724,4869260,12,4869272
40725,4869396,19,4869415
40726,4869525,40,4869565
40727,4869580,17,4869597
40728,4869777,34,4869811
40729,4869917,7,4869924
40730,4869947,10,4869957
40731,4870051,103,4870154
40732,4870241,23,4870264
40733,4870375,18,4870393
40734,4870448,4,4870452
40735,4870898,28,4870926
40736,4870933,2,4870935
40737,4870969,5,4870974
40738,4871116,7,4871123
40739,4871164,3,4871167
40740,4871213,10,4871223
40741,4871228,76,4871304
40742,4871479,16,4871495
40743,4871497,71,4871568
40744,4871695,27,4871722
40745,4871799,24,4871823
40746,4871966,15,4871981
40747,4871993,66,4872059
40748,4872156,28,4872184
40749,4872192,35,4872227
40750,4872319,4,4872323
40751,4872367,43,4872410
40752,4872480,8,4872488
40753,4872566,25,4872591
40754,4872783,35,4872818
40755,4872914,38,4872952
40756,4873066,2,4873068
40757,4873205,46,4873251
40758,4873310,5,4873315
40759,4873392,22,4873414
40760,4873471,15,4873486
40761,4873570,18,4873588
40762,4873613,13,4873626
40763,4873730,36,4873766
40764,4873831,5,4873836
40765,4873886,25,4873911
40766,4873940,15,4873955
40767,4874312,5,4874317
40768,4874382,3,4874385
40769,4874546,16,4874562
40770,4874656,28,4874684
40771,4874728,31,4874759
40772,4874832,63,4874895
40773,4874942,2,4874944
40774,4875244,5,4875249
40775,4875270,1,4875271
40776,4875332,1,4875333
40777,4875382,6,4875388
40778,4875425,13,4875438
40779,4875545,15,4875560
40780,4875605,2,4875607
40781,4875639,7,4875646
40782,4875714,12,4875726
40783,4876041,3,4876044
40784,4876151,4,4876155
40785,4876231,35,4876266
40786,4876274,9,4876283
40787,4876327,48,4876375
40788,4876450,14,4876464
40789,4876499,7,4876506
40790,4876674,35,4876709
40791,4876910,12,4876922
40792,4876997,31,4877028
40793,4877117,36,4877153
40794,4877232,12,4877244
40795,4877380,6,4877386
40796,4877399,30,4877429
40797,4877461,7,4877468
40798,4877710,5,4877715
40799,4877951,2,4877953
40800,4878001,3,4878004
40801,4878122,1,4878123
40802,4878148,31,4878179
40803,4878247,4,4878251
40804,4878368,5,4878373
40805,4878390,53,4878443
40806,4878571,4,4878575
40807,4878792,47,4878839
40808,4878998,7,4879005
40809,4879190,13,4879203
40810,4879209,3,4879212
40811,4879275,8,4879283
40812,4879365,14,4879379
40813,4879427,13,4879440
40814,4879523,25,4879548
40815,4879591,26,4879617
40816,4879624,7,4879631
40817,4879960,21,4879981
40818,4880419,11,4880430
40819,4880462,43,4880505
40820,4880566,37,4880603
40821,4880628,8,4880636
40822,4880699,2,4880701
40823,4880707,32,4880739
40824,4880796,25,4880821
40825,4880880,10,4880890
40826,4880937,37,4880974
40827,4881030,13,4881043
40828,4881060,4,4881064
40829,4881186,4,4881190
40830,4881301,33,4881334
40831,4881396,9,4881405
40832,4881447,11,4881458
40833,4881489,6,4881495
40834,4881653,23,4881676
40835,4881686,5,4881691
40836,4881711,22,4881733
40837,4881921,7,4881928
40838,4882057,34,4882091
40839,4882189,15,4882204
40840,4882331,94,4882425
40841,4882473,7,4882480
40842,4882754,6,4882760
40843,4882782,1,4882783
40844,4882913,4,4882917
40845,4882959,22,4882981
40846,4883079,8,4883087
40847,4883250,62,4883312
40848,4883496,6,4883502
40849,4883631,55,4883686
40850,4883887,41,4883928
40851,4884059,26,4884085
40852,4884179,2,4884181
40853,4884183,3,4884186
40854,4884202,23,4884225
40855,4884405,4,4884409
40856,4884558,37,4884595
40857,4884721,3,4884724
40858,4884857,21,4884878
40859,4884923,54,4884977
40860,4885135,9,4885144
40861,4885216,24,4885240
40862,4885438,5,4885443
40863,4885480,53,4885533
40864,4885905,9,4885914
40865,4886112,29,4886141
40866,4886178,14,4886192
40867,4886562,26,4886588
40868,4886603,28,4886631
40869,4886667,90,4886757
40870,4886960,21,4886981
40871,4887044,6,4887050
40872,4887302,6,4887308
40873,4887401,4,4887405
40874,4887443,17,4887460
40875,4887516,49,4887565
40876,4887588,1,4887589
40877,4887672,7,4887679
40878,4887795,19,4887814
40879,4887904,8,4887912
40880,4887914,8,4887922
40881,4887928,27,4887955
40882,4887965,4,4887969
40883,4888086,6,4888092
40884,4888093,19,4888112
40885,4888122,31,4888153
40886,4888198,68,4888266
40887,4888269,4,4888273
40888,4888375,3,4888378
40889,4888505,3,4888508
40890,4888593,3,4888596
40891,4888633,6,4888639
40892,4888825,56,4888881
40893,4889021,6,4889027
40894,4889146,6,4889152
40895,4889372,16,4889388
40896,4889456,9,4889465
40897,4889688,19,4889707
40898,4889754,8,4889762
40899,4889885,13,4889898
40900,4889912,14,4889926
40901,4890029,18,4890047
40902,4890088,45,4890133
40903,4890152,15,4890167
40904,4890552,6,4890558
40905,4890582,55,4890637
40906,4890751,12,4890763
40907,4890791,13,4890804
40908,4891130,9,4891139
40909,4891198,71,4891269
40910,4891391,23,4891414
40911,4891442,4,4891446
40912,4891597,1,4891598
40913,4891629,42,4891671
40914,4891895,32,4891927
40915,4892108,39,4892147
40916,4892314,14,4892328
40917,4892334,2,4892336
40918,4892359,5,4892364
40919,4892367,9,4892376
40920,4892709,2,4892711
40921,4892870,19,4892889
40922,4893047,2,4893049
40923,4893065,2,4893067
40924,4893134,25,4893159
40925,4893355,2,4893357
40926,4893394,21,4893415
40927,4893421,4,4893425
40928,4893474,20,4893494
40929,4893545,4,4893549
40930,4893762,19,4893781
40931,4893871,1,4893872
40932,4894037,57,4894094
40933,4894104,4,4894108
40934,4894135,2,4894137
40935,4894367,4,4894371
40936,4895022,2,4895024
40937,4895036,24,4895060
40938,4895072,14,4895086
40939,4895091,5,4895096
40940,4895543,6,4895549
40941,4895775,22,4895797
40942,4895838,18,4895856
40943,4895953,25,4895978
40944,4896285,4,4896289
40945,4896435,8,4896443
40946,4896506,89,4896595
40947,4896865,28,4896893
40948,4897354,30,4897384
40949,4897493,2,4897495
40950,4897661,10,4897671
40951,4897704,2,4897706
40952,4898109,13,4898122
40953,4898196,21,4898217
40954,4898630,1,4898631
40955,4898671,43,4898714
40956,4899016,24,4899040
40957,4899166,4,4899170
40958,4899188,14,4899202
40959,4899231,15,4899246
40960,4899270,14,4899284
40961,4899325,8,4899333
40962,4899363,33,4899396
40963,4899402,15,4899417
40964,4899450,5,4899455
40965,4899511,39,4899550
40966,4899585,13,4899598
40967,4899686,32,4899718
40968,4899883,14,4899897
40969,4899937,1,4899938
40970,4899977,35,4900012
40971,4900087,7,4900094
40972,4900160,35,4900195
40973,4900378,3,4900381
40974,4900615,9,4900624
40975,4900670,73,4900743
40976,4900792,20,4900812
40977,4900813,34,4900847
40978,4900899,1,4900900
40979,4901048,2,4901050
40980,4901071,2,4901073
40981,4901111,8,4901119
40982,4901123,19,4901142
40983,4901284,16,4901300
40984,4901304,10,4901314
40985,4901365,31,4901396
40986,4901570,6,4901576
40987,4901582,11,4901593
40988,4901614,43,4901657
40989,4901767,23,4901790
40990,4901999,38,4902037
40991,4902101,15,4902116
40992,4902243,15,4902258
40993,4902333,17,4902350
40994,4902514,10,4902524
40995,4902604,12,4902616
40996,4902619,7,4902626
40997,4902746,25,4902771
40998,4902878,9,4902887
40999,4903131,4,4903135
41000,4903136,25,4903161
41001,4903312,4,4903316
41002,4903380,16,4903396
41003,4903469,29,4903498
41004,4903673,45,4903718
41005,4903794,24,4903818
41006,4903960,22,4903982
41007,4904010,46,4904056
41008,4904167,31,4904198
41009,4904239,22,4904261
41010,4904383,13,4904396
41011,4904538,11,4904549
41012,4904665,23,4904688
41013,4904711,1,4904712
41014,4904728,5,4904733
41015,4904792,7,4904799
41016,4905068,6,4905074
41017,4905113,62,4905175
41018,4905178,46,4905224
41019,4905361,2,4905363
41020,4905700,62,4905762
41021,4905786,21,4905807
41022,4905884,3,4905887
41023,4905906,19,4905925
41024,4906368,20,4906388
41025,4906461,18,4906479
41026,4906807,3,4906810
41027,4907112,28,4907140
41028,4907307,6,4907313
41029,4907390,12,4907402
41030,4907448,9,4907457
41031,4907494,54,4907548
41032,4907594,7,4907601
41033,4907646,59,4907705
41034,4907752,12,4907764
41035,4907932,4,4907936
41036,4908018,20,4908038
41037,4908089,16,4908105
41038,4908139,17,4908156
41039,4908398,13,4908411
41040,4908454,12,4908466
41041,4908543,17,4908560
41042,4908671,4,4908675
41043,4908801,58,4908859
41044,4908882,55,4908937
41045,4909225,32,4909257
41046,4909288,37,4909325
41047,4909368,16,4909384
41048,4909624,23,4909647
41049,4909648,30,4909678
41050,4909903,4,4909907
41051,4910302,22,4910324
41052,4910355,18,4910373
41053,4910389,20,4910409
41054,4910560,7,4910567
41055,4910569,5,4910574
41056,4910614,6,4910620
41057,4910656,24,4910680
41058,4910722,20,4910742
41059,4910765,33,4910798
41060,4910977,15,4910992
41061,4911032,7,4911039
41062,4911103,2,4911105
41063,4911165,43,4911208
41064,4911322,33,4911355
41065,4911709,29,4911738
41066,4911782,2,4911784
41067,4911809,10,4911819
41068,4911900,1,4911901
41069,4911945,2,4911947
41070,4912083,4,4912087
41071,4912140,55,4912195
41072,4912321,47,4912368
41073,4912391,34,4912425
41074,4912501,24,4912525
41075,4912673,16,4912689
41076,4912968,17,4912985
41077,4913022,34,4913056
41078,4913060,21,4913081
41079,4913099,22,4913121
41080,4913146,34,4913180
41081,4913328,18,4913346
41082,4913428,8,4913436
41083,4913509,4,4913513
41084,4913879,9,4913888
41085,4913960,17,4913977
41086,4914040,1,4914041
41087,4914138,10,4914148
41088,4914278,34,4914312
41089,4914374,22,4914396
41090,4914426,29,4914455
41091,4914468,7,4914475
41092,4914515,7,4914522
41093,4914683,30,4914713
41094,4914802,9,4914811
41095,4915018,37,4915055
41096,4915133,7,4915140
41097,4915173,1,4915174
41098,4915274,22,4915296
41099,4915330,28,4915358
41100,4915421,3,4915424
41101,4915438,15,4915453
41102,4915464,5,4915469
41103,4915620,28,4915648
41104,4915701,7,4915708
41105,4915737,12,4915749
41106,4916065,15,4916080
41107,4916086,43,4916129
41108,4916160,33,4916193
41109,4916209,4,4916213
41110,4916215,99,4916314
41111,4916338,25,4916363
41112,4916459,63,4916522
41113,4917000,3,4917003
41114,4917135,9,4917144
41115,4917511,14,4917525
41116,4917528,22,4917550
41117,4917570,12,4917582
41118,4917669,3,4917672
41119,4917693,8,4917701
41120,4917912,17,4917929
41121,4918059,20,4918079
41122,4918107,7,4918114
41123,4918312,17,4918329
41124,4918435,104,4918539
41125,4918688,35,4918723
41126,4918811,2,4918813
41127,4918845,9,4918854
41128,4919037,12,4919049
41129,4919228,8,4919236
41130,4919323,33,4919356
41131,4919375,12,4919387
41132,4919408,10,4919418
41133,4919430,11,4919441
41134,4919844,6,4919850
41135,4919907,5,4919912
41136,4919926,1,4919927
41137,4920036,3,4920039
41138,4920045,17,4920062
41139,4920166,8,4920174
41140,4920195,12,4920207
41141,4920274,4,4920278
41142,4920307,17,4920324
41143,4920515,9,4920524
41144,4920549,10,4920559
41145,4920578,22,4920600
41146,4920653,37,4920690
41147,4920698,17,4920715
41148,4920779,22,4920801
41149,4920964,12,4920976
41150,4921120,23,4921143
41151,4921242,43,4921285
41152,4921450,77,4921527
41153,4921536,10,4921546
41154,4921664,20,4921684
41155,4921748,3,4921751
41156,4921906,49,4921955
41157,4921989,4,4921993
41158,4922093,26,4922119
41159,4922123,26,4922149
41160,4922178,3,4922181
41161,4922192,2,4922194
41162,4922524,5,4922529
41163,4922542,1,4922543
41164,4922708,10,4922718
41165,4923090,18,4923108
41166,4923134,18,4923152
41167,4923224,20,4923244
41168,4923470,7,4923477
41169,4923655,25,4923680
41170,4923703,7,4923710
41171,4923740,26,4923766
41172,4923870,29,4923899
41173,4924247,90,4924337
41174,4924348,43,4924391
41175,4924411,8,4924419
41176,4924518,2,4924520
41177,4924638,10,4924648
41178,4924687,42,4924729
41179,4924965,12,4924977
41180,4925143,36,4925179
41181,4925311,3,4925314
41182,4925315,17,4925332
41183,4925344,7,4925351
41184,4925449,18,4925467
41185,4925858,5,4925863
41186,4925932,9,4925941
41187,4926098,23,4926121
41188,4926199,11,4926210
41189,4926280,15,4926295
41190,4926339,29,4926368
41191,4926455,2,4926457
41192,4926549,62,4926611
41193,4926751,7,4926758
41194,4926778,58,4926836
41195,4926881,35,4926916
41196,4926989,4,4926993
41197,4927120,8,4927128
41198,4927255,2,4927257
41199,4927428,37,4927465
41200,4927552,19,4927571
41201,4927615,10,4927625
41202,4927682,1,4927683
41203,4927756,27,4927783
41204,4927981,10,4927991
41205,4928132,34,4928166
41206,4928170,72,4928242
41207,4928256,10,4928266
41208,4928280,5,4928285
41209,4928601,16,4928617
41210,4928618,1,4928619
41211,4928695,3,4928698
41212,4928837,38,4928875
41213,4928950,10,4928960
41214,4928983,14,4928997
41215,4929110,22,4929132
41216,4929366,12,4929378
41217,4929478,8,4929486
41218,4929671,12,4929683
41219,4929780,18,4929798
41220,4929921,1,4929922
41221,4930052,5,4930057
41222,4930164,6,4930170
41223,4930347,9,4930356
41224,4930426,39,4930465
41225,4930526,10,4930536
41226,4930615,54,4930669
41227,4930775,30,4930805
41228,4930974,9,4930983
41229,4931064,10,4931074
41230,4931105,18,4931123
41231,4931130,15,4931145
41232,4931289,6,4931295
41233,4931349,11,4931360
41234,4931388,20,4931408
41235,4931504,55,4931559
41236,4931749,6,4931755
41237,4931795,13,4931808
41238,4932043,19,4932062
41239,4932085,22,4932107
41240,4932132,53,4932185
41241,4932525,46,4932571
41242,4932586,7,4932593
41243,4932828,22,4932850
41244,4932946,21,4932967
41245,4933052,2,4933054
41246,4933125,44,4933169
41247,4933252,13,4933265
41248,4933328,2,4933330
41249,4933381,5,4933386
41250,4933395,1,4933396
41251,4933552,9,4933561
41252,4933596,1,4933597
41253,4933788,2,4933790
41254,4933852,17,4933869
41255,4933884,53,4933937
41256,4933958,46,4934004
41257,4934079,3,4934082
41258,4934105,65,4934170
41259,4934250,39,4934289
41260,4934314,12,4934326
41261,4934361,3,4934364
41262,4934379,11,4934390
41263,4934457,2,4934459
41264,4934710,6,4934716
41265,4934790,21,4934811
41266,4934813,21,4934834
41267,4934835,14,4934849
41268,4934874,16,4934890
41269,4934896,12,4934908
41270,4934996,1,4934997
41271,4935216,4,4935220
41272,4935553,22,4935575
41273,4935599,23,4935622
41274,4935636,3,4935639
41275,4935686,19,4935705
41276,4935775,17,4935792
41277,4935926,7,4935933
41278,4936187,10,4936197
41279,4936382,28,4936410
41280,4936449,14,4936463
41281,4936624,13,4936637
41282,4936731,38,4936769
41283,4936823,21,4936844
41284,4936910,4,4936914
41285,4937227,8,4937235
41286,4937257,26,4937283
41287,4937373,27,4937400
41288,4937408,6,4937414
41289,4937587,16,4937603
41290,4937671,11,4937682
41291,4937715,33,4937748
41292,4937823,15,4937838
41293,4937881,1,4937882
41294,4937991,37,4938028
41295,4938057,21,4938078
41296,4938190,5,4938195
41297,4938259,12,4938271
41298,4938354,50,4938404
41299,4938455,51,4938506
41300,4938559,30,4938589
41301,4938934,12,4938946
41302,4939016,3,4939019
41303,4939048,22,4939070
41304,4939208,19,4939227
41305,4939336,3,4939339
41306,4939455,16,4939471
41307,4939656,68,4939724
41308,4939788,1,4939789
41309,4940198,32,4940230
41310,4940348,38,4940386
41311,4940410,18,4940428
41312,4940885,21,4940906
41313,4940934,8,4940942
41314,4941031,32,4941063
41315,4941101,12,4941113
41316,4941286,11,4941297
41317,4941339,33,4941372
41318,4941393,2,4941395
41319,4941776,26,4941802
41320,4941888,88,4941976
41321,4941995,12,4942007
41322,4942227,16,4942243
41323,4942335,4,4942339
41324,4942353,11,4942364
41325,4942366,4,4942370
41326,4942539,4,4942543
41327,4942553,4,4942557
41328,4942562,16,4942578
41329,4942637,1,4942638
41330,4942673,43,4942716
41331,4942737,21,4942758
41332,4942761,44,4942805
41333,4942827,23,4942850
41334,4942876,49,4942925
41335,4943071,11,4943082
41336,4943090,6,4943096
41337,4943272,52,4943324
41338,4943377,5,4943382
41339,4943575,4,4943579
41340,4943661,6,4943667
41341,4943699,3,4943702
41342,4943797,11,4943808
41343,4943823,11,4943834
41344,4943843,43,4943886
41345,4944012,5,4944017
41346,4944048,9,4944057
41347,4944090,9,4944099
41348,4944168,9,4944177
41349,4944349,16,4944365
41350,4944486,5,4944491
41351,4944520,25,4944545
41352,4944573,25,4944598
41353,4944616,56,4944672
41354,4944828,16,4944844
41355,4945330,7,4945337
41356,4945362,10,4945372
41357,4945480,21,4945501
41358,4945505,3,4945508
41359,4945572,9,4945581
41360,4945691,15,4945706
41361,4945743,12,4945755
41362,4945863,8,4945871
41363,4945996,40,4946036
41364,4946103,2,4946105
41365,4946562,16,4946578
41366,4946724,80,4946804
41367,4946827,27,4946854
41368,4946918,17,4946935
41369,4946984,21,4947005
41370,4947048,19,4947067
41371,4947092,2,4947094
41372,4947125,55,4947180
41373,4947206,62,4947268
41374,4947294,47,4947341
41375,4947461,4,4947465
41376,4947481,75,4947556
41377,4947622,12,4947634
41378,4947649,14,4947663
41379,4947709,41,4947750
41380,4947773,6,4947779
41381,4947804,5,4947809
41382,4947820,73,4947893
41383,4947896,14,4947910
41384,4947922,8,4947930
41385,4947983,4,4947987
41386,4948127,5,4948132
41387,4948228,17,4948245
41388,4948266,22,4948288
41389,4948536,42,4948578
41390,4948598,105,4948703
41391,4948752,46,4948798
41392,4948904,2,4948906
41393,4949056,21,4949077
41394,4949171,60,4949231
41395,4949411,70,4949481
41396,4949550,1,4949551
41397,4949747,6,4949753
41398,4949761,4,4949765
41399,4949777,26,4949803
41400,4949804,15,4949819
41401,4949879,8,4949887
41402,4950150,16,4950166
41403,4950239,4,4950243
41404,4950323,15,4950338
41405,4950430,23,4950453
41406,4950560,34,4950594
41407,4950667,14,4950681
41408,4950717,6,4950723
41409,4950775,12,4950787
41410,4950838,16,4950854
41411,4950919,14,4950933
41412,4950950,24,4950974
41413,4951113,20,4951133
41414,4951191,10,4951201
41415,4951234,1,4951235
41416,4951306,105,4951411
41417,4951485,37,4951522
41418,4951666,51,4951717
41419,4951823,80,4951903
41420,4951910,83,4951993
41421,4951996,32,4952028
41422,4952039,3,4952042
41423,4952167,2,4952169
41424,4952303,12,4952315
41425,4952327,7,4952334
41426,4952356,2,4952358
41427,4952382,20,4952402
41428,4952472,21,4952493
41429,4952561,37,4952598
41430,4953072,11,4953083
41431,4953168,6,4953174
41432,4953347,3,4953350
41433,4953369,19,4953388
41434,4953432,4,4953436
41435,4953485,10,4953495
41436,4953815,72,4953887
41437,4954014,16,4954030
41438,4954129,5,4954134
41439,4954143,25,4954168
41440,4954193,29,4954222
41441,4954402,5,4954407
41442,4954453,15,4954468
41443,4954544,67,4954611
41444,4954620,20,4954640
41445,4954657,42,4954699
41446,4954822,4,4954826
41447,4955052,3,4955055
41448,4955294,7,4955301
41449,4955479,1,4955480
41450,4955513,63,4955576
41451,4955580,2,4955582
41452,4955651,30,4955681
41453,4955704,13,4955717
41454,4955797,47,4955844
41455,4955869,1,4955870
41456,4955875,96,4955971
41457,4956024,15,4956039
41458,4956131,3,4956134
41459,4956209,24,4956233
41460,4956334,11,4956345
41461,4956365,49,4956414
41462,4956556,15,4956571
41463,4956745,11,4956756
41464,4956901,28,4956929
41465,4957105,60,4957165
41466,4957273,7,4957280
41467,4957331,10,4957341
41468,4957382,13,4957395
41469,4957456,59,4957515
41470,4957543,2,4957545
41471,4957579,38,4957617
41472,4957666,14,4957680
41473,4957681,1,4957682
41474,4957694,10,4957704
41475,4957743,1,4957744
41476,4957811,9,4957820
41477,4957930,8,4957938
41478,4958044,19,4958063
41479,4958098,2,4958100
41480,4958177,18,4958195
41481,4958575,9,4958584
41482,4958632,20,4958652
41483,4958760,1,4958761
41484,4958906,1,4958907
41485,4958960,29,4958989
41486,4959053,26,4959079
41487,4959182,4,4959186
41488,4959254,16,4959270
41489,4959297,10,4959307
41490,4959387,5,4959392
41491,4959507,2,4959509
41492,4959544,45,4959589
41493,4959617,6,4959623
41494,4959660,67,4959727
41495,4959756,78,4959834
41496,4959846,1,4959847
41497,4960282,3,4960285
41498,4960519,25,4960544
41499,4960565,24,4960589
41500,4960604,7,4960611
41501,4960619,13,4960632
41502,4960664,9,4960673
41503,4960798,14,4960812
41504,4960958,47,4961005
41505,4961208,10,4961218
41506,4961319,11,4961330
41507,4961460,42,4961502
41508,4961550,19,4961569
41509,4961586,13,4961599
41510,4961655,5,4961660
41511,4961891,17,4961908
41512,4962092,20,4962112
41513,4962324,8,4962332
41514,4962519,6,4962525
41515,4962535,14,4962549
41516,4962602,5,4962607
41517,4962670,10,4962680
41518,4962719,9,4962728
41519,4962734,29,4962763
41520,4962873,6,4962879
41521,4962919,16,4962935
41522,4962978,15,4962993
41523,4963092,13,4963105
41524,4963133,9,4963142
41525,4963238,32,4963270
41526,4963467,25,4963492
41527,4963528,38,4963566
41528,4963607,4,4963611
41529,4963847,47,4963894
41530,4963977,5,4963982
41531,4964022,13,4964035
41532,4964044,22,4964066
41533,4964113,13,4964126
41534,4964150,14,4964164
41535,4964370,17,4964387
41536,4964498,4,4964502
41537,4964622,14,4964636
41538,4964680,6,4964686
41539,4964692,5,4964697
41540,4964906,4,4964910
41541,4964915,66,4964981
41542,4965019,2,4965021
41543,4965126,19,4965145
41544,4965200,7,4965207
41545,4965328,13,4965341
41546,4965360,6,4965366
41547,4965602,13,4965615
41548,4965650,12,4965662
41549,4965998,19,4966017
41550,4966138,13,4966151
41551,4966201,7,4966208
41552,4966295,41,4966336
41553,4966585,30,4966615
41554,4966649,5,4966654
41555,4966661,32,4966693
41556,4966697,34,4966731
41557,4966810,12,4966822
41558,4966880,3,4966883
41559,4967001,24,4967025
41560,4967064,17,4967081
41561,4967103,8,4967111
41562,4967168,117,4967285
41563,4967530,38,4967568
41564,4967594,20,4967614
41565,4968045,37,4968082
41566,4968092,39,4968131
41567,4968307,19,4968326
41568,4968468,5,4968473
41569,4968659,32,4968691
41570,4969039,20,4969059
41571,4969092,12,4969104
41572,4969108,15,4969123
41573,4969142,20,4969162
41574,4969370,19,4969389
41575,4969394,3,4969397
41576,4969473,23,4969496
41577,4969735,36,4969771
41578,4969813,3,4969816
41579,4969820,1,4969821
41580,4969847,15,4969862
41581,4969872,4,4969876
41582,4970018,1,4970019
41583,4970064,27,4970091
41584,4970139,42,4970181
41585,4970320,31,4970351
41586,4970436,44,4970480
41587,4970526,22,4970548
41588,4970698,5,4970703
41589,4970859,1,4970860
41590,4970861,47,4970908
41591,4971003,20,4971023
41592,4971179,9,4971188
41593,4971489,17,4971506
41594,4971516,29,4971545
41595,4971768,4,4971772
41596,4971815,31,4971846
41597,4971878,28,4971906
41598,4972114,7,4972121
41599,4972138,3,4972141
41600,4972146,47,4972193
41601,4972222,6,4972228
41602,4972234,6,4972240
41603,4972346,4,4972350
41604,4972368,36,4972404
41605,4972411,14,4972425
41606,4972499,11,4972510
41607,4972523,8,4972531
41608,4972792,42,4972834
41609,4972854,54,4972908
41610,4973004,3,4973007
41611,4973046,40,4973086
41612,4973171,24,4973195
41613,4973254,6,4973260
41614,4973338,13,4973351
41615,4973566,6,4973572
41616,4973675,61,4973736
41617,4973813,31,4973844
41618,4973899,10,4973909
41619,4973913,22,4973935
41620,4974075,13,4974088
41621,4974097,42,4974139
41622,4974183,24,4974207
41623,4974243,10,4974253
41624,4974261,1,4974262
41625,4974339,1,4974340
41626,4974398,19,4974417
41627,4974573,9,4974582
41628,4974606,12,4974618
41629,4974653,5,4974658
41630,4974673,6,4974679
41631,4974810,23,4974833
41632,4974952,22,4974974
41633,4974983,38,4975021
41634,4975235,28,4975263
41635,4975277,26,4975303
41636,4975451,16,4975467
41637,4975518,37,4975555
41638,4975710,17,4975727
41639,4975745,3,4975748
41640,4975758,6,4975764
41641,4975797,19,4975816
41642,4975857,38,4975895
41643,4975929,12,4975941
41644,4975952,12,4975964
41645,4976118,1,4976119
41646,4976143,17,4976160
41647,4976229,12,4976241
41648,4976274,50,4976324
41649,4976328,56,4976384
41650,4976554,42,4976596
41651,4976627,76,4976703
41652,4976709,56,4976765
41653,4976831,9,4976840
41654,4976907,16,4976923
41655,4976943,48,4976991
41656,4977293,25,4977318
41657,4977325,30,4977355
41658,4977421,22,4977443
41659,4977470,8,4977478
41660,4977535,21,4977556
41661,4977726,24,4977750
41662,4977849,20,4977869
41663,4977947,8,4977955
41664,4978110,47,4978157
41665,4978224,13,4978237
41666,4978604,1,4978605
41667,4978649,28,4978677
41668,4978853,35,4978888
41669,4978990,20,4979010
41670,4979022,22,4979044
41671,4979099,18,4979117
41672,4979122,39,4979161
41673,4979218,24,4979242
41674,4979545,51,4979596
41675,4979743,25,4979768
41676,4979770,23,4979793
41677,4979801,20,4979821
41678,4979836,4,4979840
41679,4979878,12,4979890
41680,4980248,9,4980257
41681,4980319,41,4980360
41682,4980564,17,4980581
41683,4980712,3,4980715
41684,4980728,28,4980756
41685,4980760,52,4980812
41686,4980853,11,4980864
41687,4980930,9,4980939
41688,4980991,10,4981001
41689,4981012,22,4981034
41690,4981051,6,4981057
41691,4981068,10,4981078
41692,4981154,19,4981173
41693,4981335,1,4981336
41694,4981458,3,4981461
41695,4981633,45,4981678
41696,4981859,2,4981861
41697,4982063,46,4982109
41698,4982304,69,4982373
41699,4982380,5,4982385
41700,4982443,20,4982463
41701,4982465,6,4982471
41702,4982531,4,4982535
41703,4982600,16,4982616
41704,4982684,12,4982696
41705,4982712,1,4982713
41706,4982773,16,4982789
41707,4982820,11,4982831
41708,4982923,53,4982976
41709,4983083,1,4983084
41710,4983306,14,4983320
41711,4983424,3,4983427
41712,4983572,17,4983589
41713,4983698,9,4983707
41714,4984110,53,4984163
41715,4984223,4,4984227
41716,4984393,52,4984445
41717,4984522,12,4984534
41718,4984658,25,4984683
41719,4984846,68,4984914
41720,4984947,41,4984988
41721,4985132,1,4985133
41722,4985263,64,4985327
41723,4985383,8,4985391
41724,4985411,16,4985427
41725,4985465,3,4985468
41726,4985524,5,4985529
41727,4985667,2,4985669
41728,4985718,19,4985737
41729,4986150,20,4986170
41730,4986246,72,4986318
41731,4986499,18,4986517
41732,4986552,4,4986556
41733,4987102,1,4987103
41734,4987163,1,4987164
41735,4987304,46,4987350
41736,4987777,10,4987787
41737,4988048,45,4988093
41738,4988312,35,4988347
41739,4988367,57,4988424
41740,4988583,45,4988628
41741,4988705,9,4988714
41742,4988817,4,4988821
41743,4988873,24,4988897
41744,4989102,75,4989177
41745,4989238,45,4989283
41746,4990085,12,4990097
41747,4990264,10,4990274
41748,4990355,5,4990360
41749,4990430,12,4990442
41750,4990499,4,4990503
41751,4990520,6,4990526
41752,4990541,36,4990577
41753,4990668,11,4990679
41754,4990680,10,4990690
41755,4990705,15,4990720
41756,4990824,47,4990871
41757,4990980,53,4991033
41758,4991298,67,4991365
41759,4991379,9,4991388
41760,4991401,7,4991408
41761,4991474,78,4991552
41762,4991631,15,4991646
41763,4991656,11,4991667
41764,4991742,10,4991752
41765,4991793,2,4991795
41766,4991855,1,4991856
41767,4991885,4,4991889
41768,4991942,27,4991969
41769,4991999,50,4992049
41770,4992073,8,4992081
41771,4992109,13,4992122
41772,4992148,30,4992178
41773,4992455,64,4992519
41774,4992687,39,4992726
41775,4992811,17,4992828
41776,4992956,3,4992959
41777,4992991,24,4993015
41778,4993118,18,4993136
41779,4993249,50,4993299
41780,4993317,15,4993332
41781,4993454,22,4993476
41782,4993532,37,4993569
41783,4993602,19,4993621
41784,4993666,16,4993682
41785,4993751,34,4993785
41786,4993934,14,4993948
41787,4993962,6,4993968
41788,4994273,2,4994275
41789,4994664,16,4994680
41790,4994742,1,4994743
41791,4995214,8,4995222
41792,4995290,9,4995299
41793,4995361,9,4995370
41794,4995466,6,4995472
41795,4995490,8,4995498
41796,4995551,37,4995588
41797,4995598,28,4995626
41798,4995654,22,4995676
41799,4995756,27,4995783
41800,4995858,9,4995867
41801,4995964,6,4995970
41802,4996253,15,4996268
41803,4996295,4,4996299
41804,4996314,2,4996316
41805,4996430,9,4996439
41806,4996536,48,4996584
41807,4996764,2,4996766
41808,4996785,30,4996815
41809,4996890,13,4996903
41810,4996956,15,4996971
41811,4996988,32,4997020
41812,4997279,3,4997282
41813,4997629,10,4997639
41814,4997691,6,4997697
41815,4997741,21,4997762
41816,4997776,62,4997838
41817,4997901,56,4997957
41818,4997969,50,4998019
41819,4998030,3,4998033
41820,4998150,28,4998178
41821,4998298,27,4998325
41822,4998425,7,4998432
41823,4998461,1,4998462
41824,4998586,4,4998590
41825,4998791,18,4998809
41826,4998994,35,4999029
41827,4999117,57,4999174
41828,4999379,52,4999431
41829,4999469,50,4999519
41830,4999530,25,4999555
41831,4999621,8,4999629
41832,4999670,51,4999721
41833,4999724,1,4999725
41834,4999818,10,4999828
41835,4999871,47,4999918
