,Start,Duration,End
0,60,56,116
1,160,20,180
2,190,17,207
3,338,13,351
4,374,22,396
5,423,89,512
6,766,21,787
7,809,61,870
8,924,22,946
9,1029,23,1052
10,1103,9,1112
11,1132,72,1204
12,1381,17,1398
13,1404,18,1422
14,1447,7,1454
15,1460,83,1543
16,1570,47,1617
17,1670,9,1679
18,1723,5,1728
19,1906,207,2113
20,2128,20,2148
21,2311,104,2415
22,2738,19,2757
23,2863,38,2901
24,2953,188,3141
25,3180,5,3185
26,3489,100,3589
27,3626,82,3708
28,3717,34,3751
29,4155,65,4220
30,4329,53,4382
31,4462,117,4579
32,4588,36,4624
33,4796,18,4814
34,4896,7,4903
35,5044,36,5080
36,5126,6,5132
37,5136,59,5195
38,5208,175,5383
39,5415,31,5446
40,5490,137,5627
41,5979,16,5995
42,6105,42,6147
43,6175,13,6188
44,6278,34,6312
45,6438,53,6491
46,6500,1,6501
47,6519,53,6572
48,6604,2,6606
49,6631,50,6681
50,6723,39,6762
51,6835,116,6951
52,7089,33,7122
53,7264,29,7293
54,7386,17,7403
55,7423,99,7522
56,7546,24,7570
57,7625,37,7662
58,7688,27,7715
59,7802,38,7840
60,7891,32,7923
61,7974,152,8126
62,8307,30,8337
63,8590,49,8639
64,8779,182,8961
65,8965,57,9022
66,9039,25,9064
67,9224,30,9254
68,9269,36,9305
69,9387,71,9458
70,9474,64,9538
71,9609,51,9660
72,9690,97,9787
73,9972,13,9985
74,10245,58,10303
75,10304,10,10314
76,10525,27,10552
77,10605,43,10648
78,10655,31,10686
79,10690,134,10824
80,10832,135,10967
81,11060,235,11295
82,11460,48,11508
83,11581,8,11589
84,11713,31,11744
85,11872,21,11893
86,11953,1,11954
87,12115,33,12148
88,12423,10,12433
89,12562,3,12565
90,12598,94,12692
91,12733,138,12871
92,13259,123,13382
93,13652,105,13757
94,13811,21,13832
95,13931,96,14027
96,14131,36,14167
97,14237,217,14454
98,14458,23,14481
99,14505,9,14514
100,15058,24,15082
101,15128,15,15143
102,15226,76,15302
103,15312,46,15358
104,15636,41,15677
105,15934,75,16009
106,16109,17,16126
107,16229,19,16248
108,16263,55,16318
109,16380,23,16403
110,16411,23,16434
111,16467,108,16575
112,16605,20,16625
113,16661,6,16667
114,16867,11,16878
115,16992,20,17012
116,17105,16,17121
117,17598,22,17620
118,17912,58,17970
119,17979,15,17994
120,18008,31,18039
121,18148,32,18180
122,18298,18,18316
123,18354,78,18432
124,18448,36,18484
125,18524,13,18537
126,18558,2,18560
127,18581,132,18713
128,18737,9,18746
129,18755,74,18829
130,18859,72,18931
131,18940,87,19027
132,19043,24,19067
133,19105,13,19118
134,19260,43,19303
135,19380,49,19429
136,19439,13,19452
137,19508,5,19513
138,19847,20,19867
139,19917,50,19967
140,20048,93,20141
141,20168,10,20178
142,20305,12,20317
143,20587,9,20596
144,20625,17,20642
145,20666,10,20676
146,20681,27,20708
147,20710,62,20772
148,20839,67,20906
149,20961,97,21058
150,21069,33,21102
151,21112,89,21201
152,21204,51,21255
153,21358,50,21408
154,21437,55,21492
155,21541,28,21569
156,21622,71,21693
157,21732,231,21963
158,21970,1,21971
159,22088,62,22150
160,22151,131,22282
161,22301,104,22405
162,22416,14,22430
163,22573,123,22696
164,22840,63,22903
165,22950,62,23012
166,23144,85,23229
167,23304,67,23371
168,23431,87,23518
169,23604,170,23774
170,23989,19,24008
171,24110,33,24143
172,24370,165,24535
173,24784,30,24814
174,24817,41,24858
175,25082,193,25275
176,25344,20,25364
177,25701,15,25716
178,25720,99,25819
179,25886,5,25891
180,25952,19,25971
181,26130,6,26136
182,26276,24,26300
183,26306,47,26353
184,26376,68,26444
185,26471,84,26555
186,26609,75,26684
187,26707,29,26736
188,26945,4,26949
189,26953,25,26978
190,26999,101,27100
191,27257,39,27296
192,27447,28,27475
193,27716,1,27717
194,27731,9,27740
195,28076,120,28196
196,28203,8,28211
197,28361,8,28369
198,28654,49,28703
199,28774,17,28791
200,28901,3,28904
201,29054,60,29114
202,29178,23,29201
203,29218,39,29257
204,29262,111,29373
205,29681,45,29726
206,29732,6,29738
207,29929,26,29955
208,30169,50,30219
209,30255,7,30262
210,30316,37,30353
211,30356,68,30424
212,30715,15,30730
213,30991,5,30996
214,31475,31,31506
215,31517,72,31589
216,31857,32,31889
217,31945,128,32073
218,32111,2,32113
219,32323,84,32407
220,32420,21,32441
221,32476,29,32505
222,32580,118,32698
223,32908,17,32925
224,32976,107,33083
225,33603,41,33644
226,33646,188,33834
227,33838,5,33843
228,33988,78,34066
229,34196,6,34202
230,34220,114,34334
231,34338,9,34347
232,34354,48,34402
233,34475,41,34516
234,34531,8,34539
235,34596,33,34629
236,34700,62,34762
237,34878,17,34895
238,35132,72,35204
239,35317,35,35352
240,35423,17,35440
241,35500,13,35513
242,35565,57,35622
243,35764,48,35812
244,35892,87,35979
245,35993,14,36007
246,36135,16,36151
247,36561,101,36662
248,36755,10,36765
249,36808,39,36847
250,36902,180,37082
251,37203,91,37294
252,37296,13,37309
253,37354,198,37552
254,37624,32,37656
255,37773,238,38011
256,38401,68,38469
257,38553,2,38555
258,38665,12,38677
259,38741,66,38807
260,38899,4,38903
261,38958,42,39000
262,39037,66,39103
263,39314,20,39334
264,39468,21,39489
265,39594,44,39638
266,39791,20,39811
267,39828,5,39833
268,40085,59,40144
269,40149,55,40204
270,40314,123,40437
271,40569,32,40601
272,40608,70,40678
273,40710,2,40712
274,40902,85,40987
275,41091,45,41136
276,41220,14,41234
277,41321,6,41327
278,41342,23,41365
279,41393,19,41412
280,41428,42,41470
281,41537,16,41553
282,41942,118,42060
283,42170,5,42175
284,42522,64,42586
285,42602,9,42611
286,42731,3,42734
287,42820,25,42845
288,42861,43,42904
289,42961,8,42969
290,43181,20,43201
291,43301,58,43359
292,43475,3,43478
293,43538,4,43542
294,43567,108,43675
295,43684,36,43720
296,43821,94,43915
297,44094,24,44118
298,44124,20,44144
299,44328,60,44388
300,44448,39,44487
301,44551,51,44602
302,44827,16,44843
303,44856,75,44931
304,44941,8,44949
305,45033,80,45113
306,45386,58,45444
307,45465,192,45657
308,45672,8,45680
309,45811,31,45842
310,45971,20,45991
311,46008,30,46038
312,46044,80,46124
313,46253,27,46280
314,46308,45,46353
315,46417,22,46439
316,46719,46,46765
317,46915,102,47017
318,47033,2,47035
319,47256,48,47304
320,47305,9,47314
321,47319,40,47359
322,47516,4,47520
323,47598,22,47620
324,47627,55,47682
325,47689,195,47884
326,47909,27,47936
327,47938,20,47958
328,48025,11,48036
329,48110,78,48188
330,48264,2,48266
331,48290,84,48374
332,48482,6,48488
333,48495,107,48602
334,48659,33,48692
335,48737,26,48763
336,48771,120,48891
337,48923,24,48947
338,48949,8,48957
339,48989,18,49007
340,49015,30,49045
341,49125,18,49143
342,49152,7,49159
343,49210,75,49285
344,49328,79,49407
345,49577,3,49580
346,49957,13,49970
347,49995,8,50003
348,50121,111,50232
349,50239,8,50247
350,50376,62,50438
351,50443,55,50498
352,50509,161,50670
353,50717,1,50718
354,50966,4,50970
355,51077,61,51138
356,51287,7,51294
357,51361,24,51385
358,51666,82,51748
359,51817,90,51907
360,52035,60,52095
361,52162,39,52201
362,52547,80,52627
363,52722,29,52751
364,52785,43,52828
365,52859,57,52916
366,53062,45,53107
367,53398,119,53517
368,53682,8,53690
369,53702,31,53733
370,53752,185,53937
371,54015,8,54023
372,54086,86,54172
373,54233,62,54295
374,54388,11,54399
375,54409,71,54480
376,54527,24,54551
377,54656,52,54708
378,54942,64,55006
379,55012,22,55034
380,55082,32,55114
381,55220,13,55233
382,55306,46,55352
383,55505,93,55598
384,55620,30,55650
385,55818,62,55880
386,55901,12,55913
387,56073,58,56131
388,56184,8,56192
389,56370,8,56378
390,56433,13,56446
391,56466,12,56478
392,56495,105,56600
393,56884,71,56955
394,56977,17,56994
395,56995,116,57111
396,57163,8,57171
397,57294,52,57346
398,57439,16,57455
399,57510,5,57515
400,57926,88,58014
401,58100,8,58108
402,58169,195,58364
403,58372,40,58412
404,58450,105,58555
405,58914,58,58972
406,59047,49,59096
407,59263,6,59269
408,59271,6,59277
409,59287,4,59291
410,59331,79,59410
411,59492,70,59562
412,59758,27,59785
413,59867,81,59948
414,59980,107,60087
415,60112,88,60200
416,60403,34,60437
417,60534,73,60607
418,60660,16,60676
419,60892,59,60951
420,60979,29,61008
421,61176,5,61181
422,61458,128,61586
423,61824,96,61920
424,61941,55,61996
425,62223,19,62242
426,62309,6,62315
427,62591,87,62678
428,62757,4,62761
429,62774,227,63001
430,63098,74,63172
431,63176,14,63190
432,63307,203,63510
433,63515,21,63536
434,63659,90,63749
435,63891,1,63892
436,64045,200,64245
437,64316,49,64365
438,64397,6,64403
439,64585,40,64625
440,64823,43,64866
441,64968,21,64989
442,65123,139,65262
443,65297,8,65305
444,65466,56,65522
445,65827,40,65867
446,66042,37,66079
447,66089,110,66199
448,66250,76,66326
449,66439,7,66446
450,66471,73,66544
451,66842,37,66879
452,67012,31,67043
453,67055,1,67056
454,67153,63,67216
455,67226,190,67416
456,67417,16,67433
457,67675,16,67691
458,67724,29,67753
459,68054,38,68092
460,68119,23,68142
461,68162,16,68178
462,68372,133,68505
463,68557,82,68639
464,68777,6,68783
465,68908,4,68912
466,69036,10,69046
467,69088,66,69154
468,69234,3,69237
469,69262,10,69272
470,69275,25,69300
471,69302,25,69327
472,69363,24,69387
473,69597,42,69639
474,69645,61,69706
475,70029,70,70099
476,70202,158,70360
477,70391,42,70433
478,70528,10,70538
479,70689,188,70877
480,71047,39,71086
481,71310,18,71328
482,71354,21,71375
483,71414,17,71431
484,71447,55,71502
485,71546,41,71587
486,71931,26,71957
487,72038,123,72161
488,72262,58,72320
489,72357,75,72432
490,72551,6,72557
491,72574,10,72584
492,72760,36,72796
493,72808,94,72902
494,72945,29,72974
495,72987,33,73020
496,73122,2,73124
497,73147,61,73208
498,73992,35,74027
499,74101,133,74234
500,74262,110,74372
501,74389,25,74414
502,74423,128,74551
503,74601,34,74635
504,74948,18,74966
505,75057,29,75086
506,75108,55,75163
507,75235,48,75283
508,75520,46,75566
509,75826,9,75835
510,75977,85,76062
511,76282,56,76338
512,76406,100,76506
513,76530,3,76533
514,76557,64,76621
515,76756,93,76849
516,76878,19,76897
517,76964,91,77055
518,77063,79,77142
519,77219,21,77240
520,77333,36,77369
521,77570,30,77600
522,77698,101,77799
523,77820,157,77977
524,78004,66,78070
525,78148,50,78198
526,78370,23,78393
527,78493,3,78496
528,78904,6,78910
529,78930,76,79006
530,79014,10,79024
531,79112,66,79178
532,79209,116,79325
533,79329,7,79336
534,79346,10,79356
535,79452,282,79734
536,79848,2,79850
537,80104,34,80138
538,80244,36,80280
539,80347,53,80400
540,80462,7,80469
541,80553,22,80575
542,80602,90,80692
543,80741,9,80750
544,80751,29,80780
545,80853,110,80963
546,80969,3,80972
547,81133,11,81144
548,81272,90,81362
549,81571,3,81574
550,81620,70,81690
551,82059,23,82082
552,82411,6,82417
553,82544,28,82572
554,82629,7,82636
555,82795,216,83011
556,83109,50,83159
557,83395,96,83491
558,83555,61,83616
559,83699,84,83783
560,83789,12,83801
561,83827,19,83846
562,83857,33,83890
563,84100,138,84238
564,84274,64,84338
565,84391,30,84421
566,84490,5,84495
567,84606,74,84680
568,84837,109,84946
569,84947,36,84983
570,85027,21,85048
571,85201,78,85279
572,85323,1,85324
573,85473,118,85591
574,85746,46,85792
575,85803,98,85901
576,86059,96,86155
577,86521,1,86522
578,86698,201,86899
579,87086,46,87132
580,87137,49,87186
581,87187,96,87283
582,87382,129,87511
583,87597,103,87700
584,87877,93,87970
585,88052,32,88084
586,88251,3,88254
587,88465,17,88482
588,88770,21,88791
589,88838,266,89104
590,89143,38,89181
591,89383,54,89437
592,89468,1,89469
593,89494,35,89529
594,89695,104,89799
595,89853,40,89893
596,89920,22,89942
597,90006,44,90050
598,90073,5,90078
599,90111,10,90121
600,90396,21,90417
601,90488,47,90535
602,90635,32,90667
603,90892,62,90954
604,90997,14,91011
605,91076,125,91201
606,91205,68,91273
607,91445,18,91463
608,91685,4,91689
609,91780,79,91859
610,91881,74,91955
611,92046,57,92103
612,92234,25,92259
613,92329,95,92424
614,92426,29,92455
615,92622,26,92648
616,92705,66,92771
617,92876,13,92889
618,92941,2,92943
619,93097,26,93123
620,93259,89,93348
621,93567,7,93574
622,93588,62,93650
623,93700,50,93750
624,93773,20,93793
625,93995,59,94054
626,94081,20,94101
627,94141,39,94180
628,94217,146,94363
629,94669,10,94679
630,94701,33,94734
631,94796,184,94980
632,95214,34,95248
633,95270,57,95327
634,95883,218,96101
635,96154,82,96236
636,96275,6,96281
637,96310,153,96463
638,96471,45,96516
639,96525,118,96643
640,96815,57,96872
641,96931,58,96989
642,97001,19,97020
643,97296,15,97311
644,97358,28,97386
645,97521,108,97629
646,97681,145,97826
647,98154,75,98229
648,98238,12,98250
649,98422,58,98480
650,98581,4,98585
651,98774,47,98821
652,98902,14,98916
653,98925,69,98994
654,99078,14,99092
655,99254,26,99280
656,99489,85,99574
657,99620,26,99646
658,99661,158,99819
659,99832,8,99840
660,99989,6,99995
661,100016,62,100078
662,100170,108,100278
663,100327,32,100359
664,100430,27,100457
665,100546,1,100547
666,100551,60,100611
667,100831,15,100846
668,100882,89,100971
669,101004,147,101151
670,101255,39,101294
671,101474,70,101544
672,101561,106,101667
673,101765,3,101768
674,101771,22,101793
675,101824,56,101880
676,101930,55,101985
677,102055,116,102171
678,102331,48,102379
679,102705,5,102710
680,102888,13,102901
681,103131,3,103134
682,103208,49,103257
683,103407,121,103528
684,103542,11,103553
685,103580,14,103594
686,103701,6,103707
687,103759,19,103778
688,103925,62,103987
689,104083,44,104127
690,104485,9,104494
691,104576,5,104581
692,104669,91,104760
693,104938,5,104943
694,104945,11,104956
695,104970,14,104984
696,104991,164,105155
697,105363,118,105481
698,105652,30,105682
699,105725,39,105764
700,105888,34,105922
701,105957,111,106068
702,106150,97,106247
703,106271,70,106341
704,106388,4,106392
705,106423,5,106428
706,106474,22,106496
707,106520,78,106598
708,106607,80,106687
709,106695,30,106725
710,106781,19,106800
711,106834,28,106862
712,107000,14,107014
713,107112,18,107130
714,107264,11,107275
715,107646,33,107679
716,107680,80,107760
717,107810,12,107822
718,107831,26,107857
719,107947,75,108022
720,108130,21,108151
721,108190,65,108255
722,108310,4,108314
723,108389,12,108401
724,108469,17,108486
725,108489,12,108501
726,108519,58,108577
727,108643,76,108719
728,108784,57,108841
729,108898,9,108907
730,108943,90,109033
731,109061,34,109095
732,109205,8,109213
733,109231,33,109264
734,109292,28,109320
735,109652,9,109661
736,109747,23,109770
737,109880,156,110036
738,110095,43,110138
739,110163,86,110249
740,110270,26,110296
741,110397,240,110637
742,110668,143,110811
743,111071,87,111158
744,111352,20,111372
745,111396,13,111409
746,111435,38,111473
747,111666,49,111715
748,111802,40,111842
749,111920,164,112084
750,112126,63,112189
751,112218,60,112278
752,112469,16,112485
753,112546,55,112601
754,112652,52,112704
755,112730,15,112745
756,112763,23,112786
757,112787,49,112836
758,112978,14,112992
759,113014,60,113074
760,113234,11,113245
761,113293,43,113336
762,113429,92,113521
763,113604,18,113622
764,113664,3,113667
765,113917,49,113966
766,114364,156,114520
767,114547,14,114561
768,114564,84,114648
769,114658,105,114763
770,114764,7,114771
771,114792,48,114840
772,114932,10,114942
773,114969,1,114970
774,115048,7,115055
775,115077,35,115112
776,115210,76,115286
777,115292,60,115352
778,115425,30,115455
779,115463,57,115520
780,115668,45,115713
781,116147,136,116283
782,116291,12,116303
783,116334,107,116441
784,116474,4,116478
785,116510,3,116513
786,116785,90,116875
787,117079,28,117107
788,117212,14,117226
789,117307,67,117374
790,117411,242,117653
791,117794,46,117840
792,117861,24,117885
793,117963,59,118022
794,118040,153,118193
795,118200,85,118285
796,118460,47,118507
797,118518,37,118555
798,118664,5,118669
799,118768,36,118804
800,119045,65,119110
801,119149,103,119252
802,119271,7,119278
803,119331,92,119423
804,119655,13,119668
805,119699,33,119732
806,119821,21,119842
807,119876,18,119894
808,119953,32,119985
809,120096,10,120106
810,120343,164,120507
811,120532,24,120556
812,120663,4,120667
813,120880,103,120983
814,121018,32,121050
815,121072,200,121272
816,121539,76,121615
817,121624,32,121656
818,121967,4,121971
819,122033,7,122040
820,122051,55,122106
821,122272,1,122273
822,122437,171,122608
823,122754,52,122806
824,122869,2,122871
825,122953,16,122969
826,123142,3,123145
827,123201,30,123231
828,123256,20,123276
829,123354,61,123415
830,123540,49,123589
831,123620,167,123787
832,123814,20,123834
833,123951,112,124063
834,124304,106,124410
835,124449,7,124456
836,124480,27,124507
837,124546,26,124572
838,124644,23,124667
839,124688,113,124801
840,124823,209,125032
841,125043,16,125059
842,125080,29,125109
843,125135,46,125181
844,125260,144,125404
845,125447,57,125504
846,125518,25,125543
847,125647,24,125671
848,125711,27,125738
849,125872,78,125950
850,126006,137,126143
851,126296,43,126339
852,126381,49,126430
853,126557,63,126620
854,126812,62,126874
855,126950,50,127000
856,127132,75,127207
857,127235,144,127379
858,127380,47,127427
859,127878,63,127941
860,128036,13,128049
861,128054,20,128074
862,128211,117,128328
863,128462,31,128493
864,128504,74,128578
865,128585,30,128615
866,128629,19,128648
867,128654,141,128795
868,128814,48,128862
869,128967,10,128977
870,129128,77,129205
871,129217,18,129235
872,129533,65,129598
873,129801,18,129819
874,129908,16,129924
875,130040,12,130052
876,130256,28,130284
877,130380,15,130395
878,130512,33,130545
879,130582,28,130610
880,130726,65,130791
881,130930,8,130938
882,131286,11,131297
883,131426,80,131506
884,131589,96,131685
885,131729,32,131761
886,131840,61,131901
887,131940,94,132034
888,132102,179,132281
889,132356,103,132459
890,132594,19,132613
891,132704,10,132714
892,132722,57,132779
893,132948,53,133001
894,133011,14,133025
895,133125,195,133320
896,133325,19,133344
897,133346,72,133418
898,133480,27,133507
899,133613,97,133710
900,133731,14,133745
901,134224,5,134229
902,134303,170,134473
903,134777,76,134853
904,134968,20,134988
905,135131,61,135192
906,135472,51,135523
907,135544,18,135562
908,135635,25,135660
909,135700,29,135729
910,135770,38,135808
911,135815,80,135895
912,136022,105,136127
913,136137,61,136198
914,136203,62,136265
915,136351,34,136385
916,136428,18,136446
917,136512,20,136532
918,136619,110,136729
919,137079,64,137143
920,137368,59,137427
921,137581,129,137710
922,137736,25,137761
923,137774,9,137783
924,137788,99,137887
925,138283,75,138358
926,138475,108,138583
927,138836,38,138874
928,138911,17,138928
929,138951,19,138970
930,139038,23,139061
931,139487,177,139664
932,139936,23,139959
933,140027,14,140041
934,140078,68,140146
935,140335,3,140338
936,140343,38,140381
937,140414,74,140488
938,140536,2,140538
939,140540,3,140543
940,140712,14,140726
941,140760,106,140866
942,140982,42,141024
943,141071,5,141076
944,141094,4,141098
945,141157,1,141158
946,141189,108,141297
947,141541,20,141561
948,141590,19,141609
949,141621,43,141664
950,141752,88,141840
951,142128,47,142175
952,142258,46,142304
953,142352,132,142484
954,142532,79,142611
955,142690,21,142711
956,142808,32,142840
957,143168,63,143231
958,143350,26,143376
959,143378,20,143398
960,143462,24,143486
961,143501,39,143540
962,143605,7,143612
963,143751,25,143776
964,143916,60,143976
965,144315,50,144365
966,144456,12,144468
967,144495,34,144529
968,144634,32,144666
969,144779,17,144796
970,144799,25,144824
971,144847,10,144857
972,144888,17,144905
973,145081,43,145124
974,145431,34,145465
975,145555,32,145587
976,145673,17,145690
977,145700,14,145714
978,145823,26,145849
979,145887,74,145961
980,146296,2,146298
981,146388,50,146438
982,146528,11,146539
983,146604,90,146694
984,146724,24,146748
985,146779,51,146830
986,147051,1,147052
987,147187,10,147197
988,147225,45,147270
989,147349,49,147398
990,147406,5,147411
991,147513,2,147515
992,147519,12,147531
993,147566,133,147699
994,147720,32,147752
995,147840,14,147854
996,147945,83,148028
997,148037,2,148039
998,148048,1,148049
999,148071,27,148098
1000,148126,42,148168
1001,148397,30,148427
1002,148491,17,148508
1003,148509,7,148516
1004,148565,37,148602
1005,148975,32,149007
1006,149035,106,149141
1007,149142,71,149213
1008,149283,3,149286
1009,149638,58,149696
1010,149706,4,149710
1011,149716,32,149748
1012,149805,18,149823
1013,149829,2,149831
1014,149948,99,150047
1015,150049,4,150053
1016,150077,131,150208
1017,150369,47,150416
1018,150459,12,150471
1019,150622,84,150706
1020,150879,16,150895
1021,150897,4,150901
1022,151002,46,151048
1023,151290,68,151358
1024,151403,19,151422
1025,151684,67,151751
1026,151940,45,151985
1027,152054,164,152218
1028,152236,1,152237
1029,152436,8,152444
1030,152457,39,152496
1031,152683,167,152850
1032,152883,85,152968
1033,153044,18,153062
1034,153153,27,153180
1035,153235,114,153349
1036,153363,22,153385
1037,153408,19,153427
1038,153495,1,153496
1039,153718,96,153814
1040,154123,34,154157
1041,154316,8,154324
1042,154696,77,154773
1043,154955,85,155040
1044,155074,6,155080
1045,155172,8,155180
1046,155239,10,155249
1047,155321,6,155327
1048,155455,61,155516
1049,155589,38,155627
1050,155650,42,155692
1051,155883,58,155941
1052,155961,7,155968
1053,156100,64,156164
1054,156183,65,156248
1055,156260,36,156296
1056,156303,23,156326
1057,156367,33,156400
1058,156410,10,156420
1059,156485,38,156523
1060,156546,86,156632
1061,156764,70,156834
1062,157431,144,157575
1063,157712,29,157741
1064,157782,8,157790
1065,157810,26,157836
1066,158171,23,158194
1067,158330,15,158345
1068,158487,122,158609
1069,158652,45,158697
1070,158794,38,158832
1071,158882,41,158923
1072,158938,8,158946
1073,159242,31,159273
1074,159418,127,159545
1075,159767,34,159801
1076,159964,79,160043
1077,160474,81,160555
1078,160864,74,160938
1079,161029,13,161042
1080,161138,7,161145
1081,161279,102,161381
1082,161401,10,161411
1083,161427,2,161429
1084,161498,65,161563
1085,161586,17,161603
1086,161765,16,161781
1087,161836,24,161860
1088,161881,37,161918
1089,161927,26,161953
1090,161986,79,162065
1091,162328,119,162447
1092,162490,69,162559
1093,162669,14,162683
1094,162692,10,162702
1095,162848,38,162886
1096,162998,68,163066
1097,163067,46,163113
1098,163125,38,163163
1099,163171,29,163200
1100,163233,124,163357
1101,163372,197,163569
1102,163638,11,163649
1103,163744,35,163779
1104,163850,5,163855
1105,164091,16,164107
1106,164135,13,164148
1107,164222,54,164276
1108,164312,13,164325
1109,164328,40,164368
1110,164427,13,164440
1111,164457,33,164490
1112,164677,15,164692
1113,164767,12,164779
1114,164843,3,164846
1115,164858,19,164877
1116,164894,61,164955
1117,165003,32,165035
1118,165082,55,165137
1119,165182,30,165212
1120,165288,49,165337
1121,165685,48,165733
1122,165807,47,165854
1123,166103,46,166149
1124,166345,61,166406
1125,166536,12,166548
1126,166596,19,166615
1127,166722,10,166732
1128,167199,94,167293
1129,167536,3,167539
1130,167626,39,167665
1131,167797,90,167887
1132,168054,28,168082
1133,168130,49,168179
1134,168196,44,168240
1135,168267,185,168452
1136,168570,31,168601
1137,168811,40,168851
1138,168953,79,169032
1139,169071,44,169115
1140,169165,93,169258
1141,169402,138,169540
1142,169587,92,169679
1143,169685,47,169732
1144,169885,66,169951
1145,169966,152,170118
1146,170132,22,170154
1147,170193,123,170316
1148,170333,62,170395
1149,170461,37,170498
1150,170738,65,170803
1151,170864,69,170933
1152,170993,82,171075
1153,171613,75,171688
1154,171768,86,171854
1155,171896,68,171964
1156,171995,35,172030
1157,172052,18,172070
1158,172152,20,172172
1159,172226,36,172262
1160,172278,26,172304
1161,172341,49,172390
1162,172400,19,172419
1163,172438,3,172441
1164,172456,59,172515
1165,172519,33,172552
1166,172704,41,172745
1167,172785,67,172852
1168,173040,4,173044
1169,173228,36,173264
1170,173456,24,173480
1171,173677,96,173773
1172,173859,24,173883
1173,173898,57,173955
1174,174060,63,174123
1175,174250,24,174274
1176,174370,73,174443
1177,174459,61,174520
1178,174563,18,174581
1179,174635,4,174639
1180,174804,5,174809
1181,175020,12,175032
1182,175036,8,175044
1183,175250,42,175292
1184,175500,21,175521
1185,175735,43,175778
1186,175780,58,175838
1187,175919,56,175975
1188,176336,142,176478
1189,176485,125,176610
1190,176699,31,176730
1191,176811,42,176853
1192,176854,43,176897
1193,176921,7,176928
1194,177002,10,177012
1195,177194,70,177264
1196,177349,47,177396
1197,177496,71,177567
1198,177609,58,177667
1199,177862,59,177921
1200,178012,29,178041
1201,178083,48,178131
1202,178136,117,178253
1203,178301,13,178314
1204,178379,18,178397
1205,178406,44,178450
1206,178567,61,178628
1207,178707,44,178751
1208,178869,44,178913
1209,178967,189,179156
1210,179252,39,179291
1211,179296,58,179354
1212,179407,21,179428
1213,179520,95,179615
1214,179821,53,179874
1215,179954,15,179969
1216,180015,46,180061
1217,180095,48,180143
1218,180291,5,180296
1219,180331,14,180345
1220,180360,118,180478
1221,180559,23,180582
1222,180665,74,180739
1223,180745,70,180815
1224,180978,11,180989
1225,181012,141,181153
1226,181260,28,181288
1227,181334,20,181354
1228,181434,60,181494
1229,181498,16,181514
1230,181534,32,181566
1231,181843,51,181894
1232,182217,91,182308
1233,182359,10,182369
1234,182387,140,182527
1235,182536,7,182543
1236,182593,7,182600
1237,182646,18,182664
1238,182669,7,182676
1239,182771,10,182781
1240,183121,3,183124
1241,183151,59,183210
1242,183326,87,183413
1243,183641,286,183927
1244,183965,184,184149
1245,184290,4,184294
1246,184324,15,184339
1247,184808,90,184898
1248,185121,19,185140
1249,185225,241,185466
1250,185531,20,185551
1251,185606,5,185611
1252,185790,60,185850
1253,185881,7,185888
1254,185907,188,186095
1255,186280,45,186325
1256,186407,45,186452
1257,186472,37,186509
1258,186597,56,186653
1259,187082,6,187088
1260,187197,38,187235
1261,187332,4,187336
1262,187556,7,187563
1263,187670,87,187757
1264,187785,164,187949
1265,188038,114,188152
1266,188207,59,188266
1267,188379,105,188484
1268,188505,67,188572
1269,188629,114,188743
1270,189008,15,189023
1271,189079,50,189129
1272,189148,10,189158
1273,189314,77,189391
1274,189747,11,189758
1275,190009,66,190075
1276,190296,29,190325
1277,190338,31,190369
1278,190413,53,190466
1279,190637,135,190772
1280,190791,21,190812
1281,190826,36,190862
1282,191002,16,191018
1283,191059,24,191083
1284,191125,22,191147
1285,191216,3,191219
1286,191380,38,191418
1287,191479,56,191535
1288,191561,48,191609
1289,191631,5,191636
1290,191646,3,191649
1291,191707,25,191732
1292,191736,38,191774
1293,191902,37,191939
1294,192108,46,192154
1295,192258,17,192275
1296,192492,27,192519
1297,192538,4,192542
1298,192586,49,192635
1299,192674,101,192775
1300,192778,11,192789
1301,192870,39,192909
1302,192943,4,192947
1303,193070,14,193084
1304,193246,175,193421
1305,193462,29,193491
1306,193525,2,193527
1307,193571,15,193586
1308,193705,32,193737
1309,193808,54,193862
1310,193873,40,193913
1311,194220,7,194227
1312,194356,6,194362
1313,194434,123,194557
1314,194571,33,194604
1315,194687,8,194695
1316,194735,15,194750
1317,194784,37,194821
1318,194933,3,194936
1319,195378,10,195388
1320,195482,25,195507
1321,195664,4,195668
1322,195862,22,195884
1323,196028,34,196062
1324,196186,34,196220
1325,196459,59,196518
1326,196532,4,196536
1327,196540,2,196542
1328,196560,31,196591
1329,196826,6,196832
1330,196976,13,196989
1331,197034,98,197132
1332,197147,133,197280
1333,197309,3,197312
1334,197413,4,197417
1335,197538,16,197554
1336,197574,17,197591
1337,197622,46,197668
1338,197728,9,197737
1339,197798,55,197853
1340,197929,51,197980
1341,197990,4,197994
1342,198266,274,198540
1343,198750,33,198783
1344,198831,10,198841
1345,198846,21,198867
1346,198893,93,198986
1347,199102,15,199117
1348,199151,13,199164
1349,199857,35,199892
1350,199958,13,199971
1351,199987,24,200011
1352,200090,102,200192
1353,200207,42,200249
1354,200279,12,200291
1355,200356,2,200358
1356,200451,36,200487
1357,200558,16,200574
1358,200644,75,200719
1359,200802,13,200815
1360,201039,22,201061
1361,201338,39,201377
1362,201554,22,201576
1363,201734,8,201742
1364,201883,42,201925
1365,201957,44,202001
1366,202007,2,202009
1367,202079,20,202099
1368,202118,27,202145
1369,202197,8,202205
1370,202373,5,202378
1371,202750,5,202755
1372,202756,63,202819
1373,202868,3,202871
1374,202963,117,203080
1375,203202,48,203250
1376,203505,29,203534
1377,203696,17,203713
1378,203714,7,203721
1379,203862,24,203886
1380,203965,3,203968
1381,204031,40,204071
1382,204325,192,204517
1383,204783,28,204811
1384,204880,92,204972
1385,205067,54,205121
1386,205279,13,205292
1387,205297,33,205330
1388,205353,5,205358
1389,205383,27,205410
1390,205464,148,205612
1391,205738,29,205767
1392,205937,12,205949
1393,206025,18,206043
1394,206173,2,206175
1395,206266,2,206268
1396,206300,36,206336
1397,206381,71,206452
1398,206612,10,206622
1399,206714,7,206721
1400,206741,39,206780
1401,206789,49,206838
1402,206918,143,207061
1403,207068,8,207076
1404,207159,228,207387
1405,207596,42,207638
1406,207807,19,207826
1407,207834,85,207919
1408,207940,26,207966
1409,208122,17,208139
1410,208169,8,208177
1411,208303,183,208486
1412,208577,222,208799
1413,208986,15,209001
1414,209030,40,209070
1415,209123,11,209134
1416,209295,24,209319
1417,209593,128,209721
1418,209764,45,209809
1419,209822,216,210038
1420,210048,11,210059
1421,210157,67,210224
1422,210263,117,210380
1423,210407,30,210437
1424,210438,82,210520
1425,210626,33,210659
1426,210709,26,210735
1427,210751,21,210772
1428,210783,44,210827
1429,210831,15,210846
1430,210865,32,210897
1431,210908,7,210915
1432,210946,2,210948
1433,211005,95,211100
1434,211231,79,211310
1435,211400,64,211464
1436,211622,31,211653
1437,211873,1,211874
1438,211933,8,211941
1439,212463,39,212502
1440,212804,19,212823
1441,212844,17,212861
1442,213275,13,213288
1443,213348,117,213465
1444,213539,28,213567
1445,213597,71,213668
1446,213770,10,213780
1447,213865,55,213920
1448,213998,31,214029
1449,214130,26,214156
1450,214195,128,214323
1451,214484,41,214525
1452,214539,59,214598
1453,214662,88,214750
1454,214940,38,214978
1455,214986,22,215008
1456,215204,59,215263
1457,215356,16,215372
1458,215429,15,215444
1459,215517,23,215540
1460,215575,8,215583
1461,215688,10,215698
1462,215703,58,215761
1463,215762,8,215770
1464,215828,42,215870
1465,216037,6,216043
1466,216045,12,216057
1467,216161,96,216257
1468,216436,9,216445
1469,216624,4,216628
1470,216661,20,216681
1471,216690,2,216692
1472,216775,144,216919
1473,216953,85,217038
1474,217079,4,217083
1475,217354,157,217511
1476,217556,72,217628
1477,217819,46,217865
1478,217881,4,217885
1479,218490,151,218641
1480,218659,110,218769
1481,218816,29,218845
1482,218860,25,218885
1483,218936,20,218956
1484,218971,135,219106
1485,219245,10,219255
1486,219470,48,219518
1487,219732,18,219750
1488,219765,81,219846
1489,219915,14,219929
1490,220167,2,220169
1491,220226,21,220247
1492,220337,41,220378
1493,220449,40,220489
1494,220908,48,220956
1495,221027,126,221153
1496,221201,155,221356
1497,221358,78,221436
1498,221458,57,221515
1499,221593,3,221596
1500,221657,171,221828
1501,222240,26,222266
1502,222274,34,222308
1503,222325,27,222352
1504,222388,216,222604
1505,222756,150,222906
1506,223111,294,223405
1507,223500,11,223511
1508,223574,12,223586
1509,223633,6,223639
1510,223641,20,223661
1511,223818,75,223893
1512,223907,2,223909
1513,223933,6,223939
1514,223967,43,224010
1515,224092,18,224110
1516,224181,66,224247
1517,224402,29,224431
1518,224463,132,224595
1519,224618,8,224626
1520,224634,111,224745
1521,224779,95,224874
1522,224967,17,224984
1523,225154,10,225164
1524,225320,19,225339
1525,225370,48,225418
1526,225514,249,225763
1527,225777,71,225848
1528,226045,52,226097
1529,226266,2,226268
1530,226437,232,226669
1531,226796,10,226806
1532,226905,8,226913
1533,226924,1,226925
1534,226971,6,226977
1535,227153,26,227179
1536,227202,8,227210
1537,227294,119,227413
1538,227439,29,227468
1539,227514,30,227544
1540,227589,31,227620
1541,227637,46,227683
1542,227700,63,227763
1543,227779,38,227817
1544,227877,14,227891
1545,227959,23,227982
1546,228040,86,228126
1547,228247,62,228309
1548,228313,91,228404
1549,228465,49,228514
1550,228644,14,228658
1551,228843,138,228981
1552,229034,46,229080
1553,229123,25,229148
1554,229262,42,229304
1555,229317,72,229389
1556,229504,50,229554
1557,229638,51,229689
1558,229714,111,229825
1559,229922,44,229966
1560,229979,7,229986
1561,230091,9,230100
1562,230169,11,230180
1563,230371,58,230429
1564,230454,72,230526
1565,230652,56,230708
1566,230779,16,230795
1567,230879,23,230902
1568,230908,10,230918
1569,230923,36,230959
1570,231295,67,231362
1571,231564,92,231656
1572,231773,2,231775
1573,231854,37,231891
1574,231919,52,231971
1575,232041,81,232122
1576,232159,145,232304
1577,232518,28,232546
1578,232622,59,232681
1579,232694,3,232697
1580,232842,9,232851
1581,232855,2,232857
1582,232890,10,232900
1583,232997,49,233046
1584,233133,126,233259
1585,233302,12,233314
1586,233411,4,233415
1587,233521,26,233547
1588,233819,24,233843
1589,233868,340,234208
1590,234246,18,234264
1591,234338,102,234440
1592,234584,101,234685
1593,235068,24,235092
1594,235154,19,235173
1595,235309,9,235318
1596,235367,35,235402
1597,235517,29,235546
1598,235771,13,235784
1599,235791,46,235837
1600,235870,139,236009
1601,236015,71,236086
1602,236107,29,236136
1603,236292,34,236326
1604,236599,39,236638
1605,236756,5,236761
1606,236762,6,236768
1607,236837,76,236913
1608,236936,59,236995
1609,237066,30,237096
1610,237224,1,237225
1611,237332,47,237379
1612,237560,24,237584
1613,237648,78,237726
1614,237885,49,237934
1615,238097,110,238207
1616,238244,47,238291
1617,238306,14,238320
1618,238429,98,238527
1619,238549,31,238580
1620,238744,24,238768
1621,238833,83,238916
1622,239124,38,239162
1623,239404,45,239449
1624,239451,65,239516
1625,239536,31,239567
1626,239613,12,239625
1627,239744,66,239810
1628,239920,41,239961
1629,240086,1,240087
1630,240202,34,240236
1631,240257,61,240318
1632,240346,74,240420
1633,240436,123,240559
1634,241177,36,241213
1635,241217,8,241225
1636,241390,6,241396
1637,241451,34,241485
1638,241640,42,241682
1639,241763,7,241770
1640,241785,9,241794
1641,241809,12,241821
1642,241937,26,241963
1643,242183,90,242273
1644,242342,1,242343
1645,242407,3,242410
1646,242513,178,242691
1647,242709,6,242715
1648,242793,32,242825
1649,243020,50,243070
1650,243207,78,243285
1651,243361,34,243395
1652,243576,21,243597
1653,243715,120,243835
1654,243865,61,243926
1655,243971,14,243985
1656,244040,316,244356
1657,244403,36,244439
1658,244654,65,244719
1659,244812,112,244924
1660,245036,19,245055
1661,245118,2,245120
1662,245271,53,245324
1663,245408,10,245418
1664,245425,56,245481
1665,245971,12,245983
1666,246123,12,246135
1667,246245,135,246380
1668,246399,71,246470
1669,246490,2,246492
1670,246569,49,246618
1671,246752,80,246832
1672,246836,19,246855
1673,246960,7,246967
1674,247022,48,247070
1675,247087,8,247095
1676,247347,37,247384
1677,247394,24,247418
1678,247423,35,247458
1679,247495,43,247538
1680,247923,18,247941
1681,248241,47,248288
1682,248428,29,248457
1683,248528,28,248556
1684,248632,17,248649
1685,248834,61,248895
1686,248940,133,249073
1687,249129,3,249132
1688,249241,7,249248
1689,249295,33,249328
1690,249348,5,249353
1691,249408,41,249449
1692,249635,63,249698
1693,249841,14,249855
1694,249968,117,250085
1695,250108,133,250241
1696,250269,78,250347
1697,250355,40,250395
1698,250603,9,250612
1699,250926,17,250943
1700,250982,76,251058
1701,251185,67,251252
1702,251278,80,251358
1703,251367,69,251436
1704,251547,4,251551
1705,251724,27,251751
1706,251757,118,251875
1707,251984,10,251994
1708,252016,38,252054
1709,252080,102,252182
1710,252341,59,252400
1711,252628,16,252644
1712,252769,95,252864
1713,253114,15,253129
1714,253183,10,253193
1715,253287,1,253288
1716,253386,52,253438
1717,253557,26,253583
1718,253873,30,253903
1719,253971,56,254027
1720,254045,4,254049
1721,254165,130,254295
1722,254361,92,254453
1723,254643,99,254742
1724,254838,13,254851
1725,254870,51,254921
1726,255239,98,255337
1727,255361,46,255407
1728,255418,36,255454
1729,255507,29,255536
1730,255630,30,255660
1731,255738,29,255767
1732,255770,119,255889
1733,256006,63,256069
1734,256161,29,256190
1735,256197,54,256251
1736,256350,50,256400
1737,256484,51,256535
1738,256631,75,256706
1739,256770,35,256805
1740,256875,25,256900
1741,257171,35,257206
1742,257231,18,257249
1743,257262,107,257369
1744,257593,85,257678
1745,257857,8,257865
1746,257928,41,257969
1747,258027,1,258028
1748,258065,28,258093
1749,258144,49,258193
1750,258242,26,258268
1751,258273,6,258279
1752,258282,9,258291
1753,258580,49,258629
1754,258655,53,258708
1755,258718,73,258791
1756,258974,42,259016
1757,259169,99,259268
1758,259288,75,259363
1759,259405,43,259448
1760,259479,13,259492
1761,259622,11,259633
1762,259941,83,260024
1763,260247,200,260447
1764,260459,65,260524
1765,260718,17,260735
1766,260753,22,260775
1767,260839,8,260847
1768,261043,52,261095
1769,261179,19,261198
1770,261665,14,261679
1771,261706,9,261715
1772,262050,1,262051
1773,262170,73,262243
1774,262244,128,262372
1775,262373,4,262377
1776,262527,40,262567
1777,262585,23,262608
1778,262674,8,262682
1779,262789,13,262802
1780,262808,27,262835
1781,262933,14,262947
1782,262979,75,263054
1783,263065,13,263078
1784,263153,9,263162
1785,263273,24,263297
1786,263634,15,263649
1787,263671,28,263699
1788,263784,167,263951
1789,263995,8,264003
1790,264075,112,264187
1791,264233,44,264277
1792,264296,26,264322
1793,264420,11,264431
1794,264606,101,264707
1795,264870,15,264885
1796,264961,42,265003
1797,265009,18,265027
1798,265044,24,265068
1799,265729,23,265752
1800,265774,20,265794
1801,265882,206,266088
1802,266139,24,266163
1803,266195,3,266198
1804,266566,54,266620
1805,266683,3,266686
1806,266694,30,266724
1807,266780,50,266830
1808,266901,45,266946
1809,266962,46,267008
1810,267195,31,267226
1811,267355,67,267422
1812,267558,34,267592
1813,267767,95,267862
1814,267939,86,268025
1815,268189,21,268210
1816,268288,22,268310
1817,268484,63,268547
1818,268568,27,268595
1819,268602,42,268644
1820,268679,67,268746
1821,268945,83,269028
1822,269107,83,269190
1823,269316,17,269333
1824,269336,3,269339
1825,269368,10,269378
1826,269430,62,269492
1827,269607,29,269636
1828,269672,29,269701
1829,269727,135,269862
1830,269886,74,269960
1831,270099,8,270107
1832,270168,45,270213
1833,270312,106,270418
1834,270543,45,270588
1835,270604,68,270672
1836,270730,107,270837
1837,270847,27,270874
1838,270946,12,270958
1839,271030,107,271137
1840,271179,149,271328
1841,271359,5,271364
1842,271419,88,271507
1843,271767,168,271935
1844,272196,83,272279
1845,272366,14,272380
1846,272552,53,272605
1847,272636,62,272698
1848,272731,40,272771
1849,272799,49,272848
1850,272894,48,272942
1851,272981,80,273061
1852,273159,16,273175
1853,273245,53,273298
1854,273494,49,273543
1855,273647,42,273689
1856,273778,87,273865
1857,274090,25,274115
1858,274266,17,274283
1859,274423,115,274538
1860,274582,27,274609
1861,274768,22,274790
1862,275082,10,275092
1863,275114,82,275196
1864,275436,20,275456
1865,275547,34,275581
1866,275675,20,275695
1867,275857,34,275891
1868,276093,26,276119
1869,276175,77,276252
1870,276261,8,276269
1871,276354,22,276376
1872,276414,1,276415
1873,276675,31,276706
1874,276887,25,276912
1875,276959,69,277028
1876,277236,24,277260
1877,277367,128,277495
1878,277542,1,277543
1879,277657,47,277704
1880,277773,53,277826
1881,277887,24,277911
1882,277942,44,277986
1883,278027,10,278037
1884,278199,24,278223
1885,278231,12,278243
1886,278384,4,278388
1887,278437,30,278467
1888,278507,30,278537
1889,278550,1,278551
1890,278603,20,278623
1891,278800,40,278840
1892,278872,56,278928
1893,279007,11,279018
1894,279142,23,279165
1895,279173,73,279246
1896,279254,43,279297
1897,279440,44,279484
1898,279492,63,279555
1899,279606,16,279622
1900,279699,22,279721
1901,279981,11,279992
1902,280001,179,280180
1903,280218,20,280238
1904,280259,14,280273
1905,280313,5,280318
1906,280345,33,280378
1907,280405,42,280447
1908,280492,23,280515
1909,280643,23,280666
1910,280783,11,280794
1911,280815,152,280967
1912,281019,2,281021
1913,281274,55,281329
1914,281395,10,281405
1915,281450,42,281492
1916,281535,111,281646
1917,281762,9,281771
1918,281864,65,281929
1919,281941,97,282038
1920,282078,126,282204
1921,282334,45,282379
1922,282546,5,282551
1923,282781,15,282796
1924,282867,55,282922
1925,282963,4,282967
1926,283099,14,283113
1927,283384,13,283397
1928,283416,40,283456
1929,283614,22,283636
1930,283791,124,283915
1931,284413,36,284449
1932,284564,104,284668
1933,284893,7,284900
1934,285046,36,285082
1935,285123,18,285141
1936,285206,38,285244
1937,285366,27,285393
1938,285554,13,285567
1939,285800,22,285822
1940,285902,21,285923
1941,285956,15,285971
1942,286000,75,286075
1943,286534,18,286552
1944,286777,28,286805
1945,286881,106,286987
1946,287351,13,287364
1947,287424,48,287472
1948,287674,1,287675
1949,287722,3,287725
1950,287788,9,287797
1951,287809,91,287900
1952,287911,47,287958
1953,288119,9,288128
1954,288415,59,288474
1955,288540,6,288546
1956,288584,42,288626
1957,288789,116,288905
1958,288913,156,289069
1959,289111,10,289121
1960,289195,25,289220
1961,289228,154,289382
1962,289396,89,289485
1963,289487,30,289517
1964,289611,19,289630
1965,289760,7,289767
1966,289855,72,289927
1967,290040,22,290062
1968,290136,3,290139
1969,290225,31,290256
1970,290387,32,290419
1971,290464,27,290491
1972,290536,179,290715
1973,290729,10,290739
1974,291138,50,291188
1975,291343,28,291371
1976,291527,17,291544
1977,291612,49,291661
1978,291723,48,291771
1979,291830,132,291962
1980,291963,22,291985
1981,292373,108,292481
1982,292488,32,292520
1983,292609,17,292626
1984,292672,52,292724
1985,292831,31,292862
1986,292867,24,292891
1987,293011,229,293240
1988,293244,120,293364
1989,293406,31,293437
1990,293501,84,293585
1991,293598,37,293635
1992,293655,38,293693
1993,293791,24,293815
1994,293894,102,293996
1995,294175,65,294240
1996,294490,6,294496
1997,294550,50,294600
1998,294722,82,294804
1999,295274,26,295300
2000,295328,7,295335
2001,295577,8,295585
2002,295677,1,295678
2003,295727,83,295810
2004,295852,6,295858
2005,295889,6,295895
2006,295912,29,295941
2007,295944,59,296003
2008,296044,12,296056
2009,296065,82,296147
2010,296149,19,296168
2011,296347,2,296349
2012,296371,12,296383
2013,296454,99,296553
2014,296723,4,296727
2015,296962,17,296979
2016,296983,27,297010
2017,297139,13,297152
2018,297178,108,297286
2019,297354,16,297370
2020,297438,99,297537
2021,297567,30,297597
2022,297603,145,297748
2023,297969,11,297980
2024,297994,37,298031
2025,298170,26,298196
2026,298343,14,298357
2027,298629,24,298653
2028,298927,40,298967
2029,298977,102,299079
2030,299149,10,299159
2031,299536,6,299542
2032,299556,70,299626
2033,299684,35,299719
2034,299875,56,299931
2035,300049,56,300105
2036,300129,65,300194
2037,300239,8,300247
2038,300366,45,300411
2039,300447,73,300520
2040,300539,93,300632
2041,300646,86,300732
2042,300794,48,300842
2043,300847,134,300981
2044,301323,212,301535
2045,301552,9,301561
2046,301709,22,301731
2047,301759,28,301787
2048,302142,153,302295
2049,302658,24,302682
2050,302777,119,302896
2051,302942,89,303031
2052,303080,63,303143
2053,303189,1,303190
2054,303368,9,303377
2055,303430,35,303465
2056,303484,68,303552
2057,303599,28,303627
2058,303774,46,303820
2059,303929,4,303933
2060,304161,71,304232
2061,304371,13,304384
2062,304436,61,304497
2063,304540,24,304564
2064,304640,27,304667
2065,304772,15,304787
2066,304826,1,304827
2067,304922,129,305051
2068,305057,6,305063
2069,305066,8,305074
2070,305232,29,305261
2071,305684,12,305696
2072,305814,116,305930
2073,306161,46,306207
2074,306237,7,306244
2075,306289,16,306305
2076,306420,31,306451
2077,306472,45,306517
2078,306606,102,306708
2079,306820,8,306828
2080,306886,80,306966
2081,307136,42,307178
2082,307221,12,307233
2083,307301,243,307544
2084,307734,142,307876
2085,307882,7,307889
2086,307931,123,308054
2087,308069,142,308211
2088,308212,123,308335
2089,308555,17,308572
2090,308623,31,308654
2091,308908,79,308987
2092,309053,10,309063
2093,309180,57,309237
2094,309268,23,309291
2095,309325,120,309445
2096,309759,18,309777
2097,310044,12,310056
2098,310278,13,310291
2099,310373,14,310387
2100,310421,17,310438
2101,310480,68,310548
2102,310692,49,310741
2103,310753,14,310767
2104,310808,31,310839
2105,310848,110,310958
2106,311153,16,311169
2107,311200,18,311218
2108,311342,27,311369
2109,311375,39,311414
2110,311666,8,311674
2111,311677,34,311711
2112,311997,36,312033
2113,312040,23,312063
2114,312131,3,312134
2115,312264,15,312279
2116,312283,7,312290
2117,312319,6,312325
2118,312340,56,312396
2119,312437,8,312445
2120,312479,69,312548
2121,312612,31,312643
2122,312667,20,312687
2123,312811,63,312874
2124,312949,97,313046
2125,313052,30,313082
2126,313084,3,313087
2127,313135,15,313150
2128,313258,66,313324
2129,313375,9,313384
2130,313402,9,313411
2131,313508,32,313540
2132,313542,37,313579
2133,313830,86,313916
2134,313947,26,313973
2135,314168,14,314182
2136,314206,79,314285
2137,314366,75,314441
2138,314807,51,314858
2139,315027,7,315034
2140,315154,40,315194
2141,315343,179,315522
2142,315523,12,315535
2143,315611,46,315657
2144,315660,6,315666
2145,315745,46,315791
2146,315844,1,315845
2147,315875,11,315886
2148,316048,118,316166
2149,316271,11,316282
2150,316350,1,316351
2151,316445,50,316495
2152,316524,33,316557
2153,316571,71,316642
2154,316649,1,316650
2155,316781,58,316839
2156,316937,88,317025
2157,317066,73,317139
2158,317151,9,317160
2159,317242,53,317295
2160,317447,62,317509
2161,317532,293,317825
2162,317841,95,317936
2163,318023,127,318150
2164,318166,74,318240
2165,318520,33,318553
2166,318634,8,318642
2167,318780,68,318848
2168,319066,6,319072
2169,319173,113,319286
2170,319376,31,319407
2171,319433,11,319444
2172,319476,176,319652
2173,319769,28,319797
2174,319905,9,319914
2175,319962,46,320008
2176,320195,3,320198
2177,320341,32,320373
2178,320532,48,320580
2179,320669,27,320696
2180,320771,1,320772
2181,320833,16,320849
2182,320857,33,320890
2183,320892,19,320911
2184,321020,5,321025
2185,321103,14,321117
2186,321132,4,321136
2187,321167,43,321210
2188,321269,3,321272
2189,321433,104,321537
2190,321668,98,321766
2191,321848,46,321894
2192,321927,11,321938
2193,321992,11,322003
2194,322108,21,322129
2195,322340,33,322373
2196,322454,3,322457
2197,322801,23,322824
2198,322855,22,322877
2199,322893,2,322895
2200,322955,2,322957
2201,323093,36,323129
2202,323137,73,323210
2203,323559,17,323576
2204,323580,6,323586
2205,323623,4,323627
2206,323676,73,323749
2207,323774,134,323908
2208,323978,78,324056
2209,324210,17,324227
2210,324358,142,324500
2211,324664,53,324717
2212,324895,91,324986
2213,325066,23,325089
2214,325175,6,325181
2215,325434,186,325620
2216,325869,31,325900
2217,325918,21,325939
2218,326093,53,326146
2219,326403,108,326511
2220,326601,5,326606
2221,326765,19,326784
2222,326862,45,326907
2223,326913,25,326938
2224,327190,1,327191
2225,327294,21,327315
2226,327386,65,327451
2227,327461,1,327462
2228,327622,99,327721
2229,327881,23,327904
2230,327922,16,327938
2231,327995,37,328032
2232,328047,61,328108
2233,328355,36,328391
2234,328404,35,328439
2235,328458,34,328492
2236,328547,27,328574
2237,328714,57,328771
2238,329131,6,329137
2239,329166,4,329170
2240,329247,56,329303
2241,329415,60,329475
2242,329504,58,329562
2243,329650,19,329669
2244,329690,25,329715
2245,329847,29,329876
2246,330019,13,330032
2247,330081,107,330188
2248,330199,47,330246
2249,330324,52,330376
2250,330379,132,330511
2251,330616,102,330718
2252,330745,25,330770
2253,330840,4,330844
2254,330892,23,330915
2255,331013,36,331049
2256,331087,200,331287
2257,331351,15,331366
2258,331524,8,331532
2259,331658,28,331686
2260,331736,37,331773
2261,331853,11,331864
2262,332221,55,332276
2263,332288,143,332431
2264,332446,13,332459
2265,332574,10,332584
2266,332636,9,332645
2267,332646,125,332771
2268,332809,25,332834
2269,332919,13,332932
2270,332970,7,332977
2271,333068,47,333115
2272,333138,2,333140
2273,333142,46,333188
2274,333212,15,333227
2275,333339,11,333350
2276,333599,24,333623
2277,333669,46,333715
2278,333894,6,333900
2279,333914,162,334076
2280,334097,24,334121
2281,334123,32,334155
2282,334288,84,334372
2283,334396,10,334406
2284,334431,59,334490
2285,334539,82,334621
2286,334980,65,335045
2287,335065,130,335195
2288,335220,72,335292
2289,335345,24,335369
2290,335407,46,335453
2291,335503,34,335537
2292,335555,89,335644
2293,335731,45,335776
2294,335937,63,336000
2295,336111,17,336128
2296,336151,179,336330
2297,336430,35,336465
2298,336503,34,336537
2299,336697,173,336870
2300,336894,11,336905
2301,336984,46,337030
2302,337066,60,337126
2303,337338,2,337340
2304,337361,87,337448
2305,337546,185,337731
2306,337821,102,337923
2307,337991,5,337996
2308,338060,47,338107
2309,338155,7,338162
2310,338221,88,338309
2311,338321,36,338357
2312,338382,35,338417
2313,338458,130,338588
2314,338929,139,339068
2315,339232,75,339307
2316,339398,3,339401
2317,339430,10,339440
2318,339453,12,339465
2319,339564,1,339565
2320,339604,52,339656
2321,339683,7,339690
2322,339743,28,339771
2323,339830,14,339844
2324,339955,12,339967
2325,340233,51,340284
2326,340338,99,340437
2327,340867,68,340935
2328,341022,29,341051
2329,341210,34,341244
2330,341321,41,341362
2331,341671,115,341786
2332,341947,64,342011
2333,342087,49,342136
2334,342184,12,342196
2335,342493,95,342588
2336,342608,49,342657
2337,342673,15,342688
2338,342804,65,342869
2339,342874,71,342945
2340,343137,86,343223
2341,343651,4,343655
2342,343745,91,343836
2343,343892,20,343912
2344,344007,2,344009
2345,344097,33,344130
2346,344171,52,344223
2347,344255,23,344278
2348,344289,128,344417
2349,344442,59,344501
2350,344590,16,344606
2351,344687,9,344696
2352,344718,10,344728
2353,344927,9,344936
2354,344938,8,344946
2355,345127,36,345163
2356,345414,93,345507
2357,345829,143,345972
2358,346130,11,346141
2359,346144,7,346151
2360,346156,100,346256
2361,346336,65,346401
2362,346413,29,346442
2363,346487,20,346507
2364,346546,8,346554
2365,346606,1,346607
2366,346907,63,346970
2367,347419,14,347433
2368,347448,60,347508
2369,347694,28,347722
2370,347832,49,347881
2371,347896,8,347904
2372,348033,14,348047
2373,348160,22,348182
2374,348505,40,348545
2375,348559,3,348562
2376,348569,30,348599
2377,348717,133,348850
2378,348904,18,348922
2379,348932,69,349001
2380,349055,22,349077
2381,349209,11,349220
2382,349416,41,349457
2383,349477,3,349480
2384,349621,78,349699
2385,349968,95,350063
2386,350096,48,350144
2387,350210,150,350360
2388,350493,100,350593
2389,350654,40,350694
2390,350717,34,350751
2391,350823,76,350899
2392,351049,45,351094
2393,351115,18,351133
2394,351155,7,351162
2395,351170,49,351219
2396,351425,120,351545
2397,351608,25,351633
2398,351785,12,351797
2399,351980,2,351982
2400,352016,68,352084
2401,352085,7,352092
2402,352165,59,352224
2403,352263,44,352307
2404,352324,73,352397
2405,352457,34,352491
2406,352545,9,352554
2407,352639,91,352730
2408,353266,34,353300
2409,353361,14,353375
2410,353412,19,353431
2411,353601,37,353638
2412,353663,38,353701
2413,353913,68,353981
2414,354024,42,354066
2415,354174,21,354195
2416,354303,43,354346
2417,354365,2,354367
2418,354400,25,354425
2419,354504,197,354701
2420,354943,14,354957
2421,355049,55,355104
2422,355504,59,355563
2423,355669,101,355770
2424,355866,50,355916
2425,355921,47,355968
2426,356083,10,356093
2427,356162,7,356169
2428,356175,15,356190
2429,356197,91,356288
2430,356297,13,356310
2431,356318,20,356338
2432,356366,22,356388
2433,356392,41,356433
2434,356741,14,356755
2435,356802,104,356906
2436,356914,28,356942
2437,357052,60,357112
2438,357139,2,357141
2439,357176,72,357248
2440,357264,16,357280
2441,357294,8,357302
2442,357316,14,357330
2443,357399,18,357417
2444,357454,40,357494
2445,357518,24,357542
2446,357686,20,357706
2447,357728,49,357777
2448,357780,16,357796
2449,357994,1,357995
2450,358349,110,358459
2451,358714,52,358766
2452,358820,90,358910
2453,358975,95,359070
2454,359255,93,359348
2455,359352,2,359354
2456,359381,135,359516
2457,359655,22,359677
2458,359793,113,359906
2459,360040,32,360072
2460,360121,35,360156
2461,360279,69,360348
2462,360477,20,360497
2463,360529,5,360534
2464,360632,216,360848
2465,360890,16,360906
2466,361425,25,361450
2467,361471,99,361570
2468,361579,79,361658
2469,361694,189,361883
2470,361915,11,361926
2471,361945,33,361978
2472,362116,21,362137
2473,362211,33,362244
2474,362340,18,362358
2475,362420,10,362430
2476,362627,110,362737
2477,362822,107,362929
2478,362949,40,362989
2479,363109,44,363153
2480,363211,123,363334
2481,363346,2,363348
2482,363429,1,363430
2483,363460,46,363506
2484,363549,5,363554
2485,363568,67,363635
2486,363695,39,363734
2487,363805,9,363814
2488,363890,131,364021
2489,364031,2,364033
2490,364079,7,364086
2491,364130,21,364151
2492,364179,103,364282
2493,364506,33,364539
2494,364678,18,364696
2495,364766,3,364769
2496,365150,136,365286
2497,365396,34,365430
2498,365487,143,365630
2499,365788,6,365794
2500,365820,17,365837
2501,365872,36,365908
2502,366179,90,366269
2503,366308,71,366379
2504,366428,22,366450
2505,366457,10,366467
2506,366511,8,366519
2507,366558,3,366561
2508,366595,108,366703
2509,366864,80,366944
2510,366946,39,366985
2511,367093,14,367107
2512,367548,21,367569
2513,367628,76,367704
2514,367866,25,367891
2515,367930,16,367946
2516,367949,44,367993
2517,368028,199,368227
2518,368306,21,368327
2519,368381,223,368604
2520,368789,59,368848
2521,369033,6,369039
2522,369051,47,369098
2523,369151,27,369178
2524,369316,45,369361
2525,369390,1,369391
2526,369460,1,369461
2527,369668,46,369714
2528,369826,15,369841
2529,370018,18,370036
2530,370093,29,370122
2531,370172,140,370312
2532,370316,6,370322
2533,370354,43,370397
2534,370558,5,370563
2535,370621,47,370668
2536,370915,23,370938
2537,371042,4,371046
2538,371248,23,371271
2539,371283,50,371333
2540,371510,30,371540
2541,371937,16,371953
2542,372011,38,372049
2543,372078,159,372237
2544,372284,45,372329
2545,372680,67,372747
2546,372847,188,373035
2547,373380,195,373575
2548,373745,8,373753
2549,373775,8,373783
2550,373830,24,373854
2551,373871,24,373895
2552,374004,20,374024
2553,374135,19,374154
2554,374202,218,374420
2555,374502,6,374508
2556,374616,15,374631
2557,374863,27,374890
2558,374910,34,374944
2559,375104,86,375190
2560,375276,69,375345
2561,375567,39,375606
2562,375637,25,375662
2563,375759,63,375822
2564,376001,16,376017
2565,376068,109,376177
2566,376511,128,376639
2567,376725,162,376887
2568,376925,8,376933
2569,376949,56,377005
2570,377022,66,377088
2571,377184,19,377203
2572,377352,13,377365
2573,377701,11,377712
2574,377752,44,377796
2575,377861,23,377884
2576,378333,45,378378
2577,378400,3,378403
2578,378524,19,378543
2579,378786,7,378793
2580,378816,13,378829
2581,378845,12,378857
2582,378881,4,378885
2583,378971,52,379023
2584,379250,11,379261
2585,379362,156,379518
2586,379622,55,379677
2587,379751,33,379784
2588,379947,262,380209
2589,380255,170,380425
2590,380449,74,380523
2591,380619,253,380872
2592,381161,54,381215
2593,381252,24,381276
2594,381315,24,381339
2595,381390,117,381507
2596,381583,33,381616
2597,381667,38,381705
2598,381757,23,381780
2599,381926,27,381953
2600,381957,3,381960
2601,382008,47,382055
2602,382243,32,382275
2603,382287,2,382289
2604,382293,31,382324
2605,382579,84,382663
2606,382725,21,382746
2607,382781,8,382789
2608,383017,70,383087
2609,383106,64,383170
2610,383412,14,383426
2611,383444,39,383483
2612,383487,165,383652
2613,383717,18,383735
2614,383783,75,383858
2615,384021,76,384097
2616,384112,71,384183
2617,384254,60,384314
2618,384409,59,384468
2619,384502,23,384525
2620,384543,17,384560
2621,384721,13,384734
2622,384772,53,384825
2623,384848,60,384908
2624,385067,34,385101
2625,385175,44,385219
2626,385682,13,385695
2627,385906,107,386013
2628,386054,16,386070
2629,386180,58,386238
2630,386836,62,386898
2631,386945,42,386987
2632,387105,18,387123
2633,387316,17,387333
2634,387341,136,387477
2635,387509,1,387510
2636,387517,6,387523
2637,387731,115,387846
2638,387988,66,388054
2639,388155,42,388197
2640,388241,89,388330
2641,388350,69,388419
2642,388482,14,388496
2643,388671,61,388732
2644,388991,126,389117
2645,389249,13,389262
2646,389263,1,389264
2647,389477,137,389614
2648,389704,52,389756
2649,389817,92,389909
2650,389938,42,389980
2651,390073,4,390077
2652,390255,5,390260
2653,390327,5,390332
2654,390390,10,390400
2655,390461,316,390777
2656,391008,21,391029
2657,391154,29,391183
2658,391280,6,391286
2659,391294,45,391339
2660,391665,5,391670
2661,391718,32,391750
2662,391940,28,391968
2663,392499,124,392623
2664,392725,49,392774
2665,392807,9,392816
2666,392864,5,392869
2667,392905,5,392910
2668,393107,97,393204
2669,393209,59,393268
2670,393280,95,393375
2671,393412,23,393435
2672,393463,7,393470
2673,393517,92,393609
2674,393688,53,393741
2675,393828,76,393904
2676,393908,3,393911
2677,393916,137,394053
2678,394143,103,394246
2679,394328,10,394338
2680,394352,32,394384
2681,394607,4,394611
2682,394787,27,394814
2683,394851,23,394874
2684,395025,68,395093
2685,395174,38,395212
2686,395431,16,395447
2687,395490,135,395625
2688,395676,59,395735
2689,395770,16,395786
2690,395924,41,395965
2691,396142,162,396304
2692,396315,25,396340
2693,396574,41,396615
2694,396698,31,396729
2695,396963,44,397007
2696,397265,73,397338
2697,397360,22,397382
2698,397407,65,397472
2699,397568,39,397607
2700,397637,5,397642
2701,397707,36,397743
2702,397831,2,397833
2703,397933,47,397980
2704,398027,57,398084
2705,398193,3,398196
2706,398202,9,398211
2707,398246,36,398282
2708,398341,29,398370
2709,398535,15,398550
2710,398631,65,398696
2711,399183,82,399265
2712,399314,15,399329
2713,399381,13,399394
2714,399410,27,399437
2715,399448,77,399525
2716,399549,9,399558
2717,399566,18,399584
2718,399826,11,399837
2719,399896,14,399910
2720,400274,67,400341
2721,400687,83,400770
2722,400793,71,400864
2723,400891,65,400956
2724,401004,51,401055
2725,401247,4,401251
2726,401327,19,401346
2727,401364,22,401386
2728,401529,31,401560
2729,401599,84,401683
2730,401969,15,401984
2731,402050,135,402185
2732,402318,58,402376
2733,402553,7,402560
2734,402657,42,402699
2735,402742,165,402907
2736,403040,3,403043
2737,403202,45,403247
2738,403264,150,403414
2739,403456,164,403620
2740,403652,40,403692
2741,403711,49,403760
2742,403938,184,404122
2743,404196,109,404305
2744,404566,27,404593
2745,404737,33,404770
2746,404949,33,404982
2747,404986,29,405015
2748,405084,30,405114
2749,405442,18,405460
2750,405714,32,405746
2751,405991,3,405994
2752,406007,27,406034
2753,406191,93,406284
2754,406436,189,406625
2755,406676,27,406703
2756,406754,29,406783
2757,406807,44,406851
2758,406964,47,407011
2759,407077,29,407106
2760,407263,85,407348
2761,407741,66,407807
2762,407940,63,408003
2763,408182,26,408208
2764,408219,1,408220
2765,408405,19,408424
2766,408469,9,408478
2767,408519,55,408574
2768,408780,13,408793
2769,408969,61,409030
2770,409106,92,409198
2771,409221,101,409322
2772,409381,32,409413
2773,409448,8,409456
2774,409466,21,409487
2775,409549,121,409670
2776,409702,147,409849
2777,410151,20,410171
2778,410178,17,410195
2779,410356,4,410360
2780,410391,20,410411
2781,410445,4,410449
2782,410471,11,410482
2783,410811,32,410843
2784,410920,22,410942
2785,410954,13,410967
2786,411044,152,411196
2787,411568,54,411622
2788,411668,34,411702
2789,411703,35,411738
2790,411770,120,411890
2791,412210,181,412391
2792,412463,10,412473
2793,412839,131,412970
2794,413010,87,413097
2795,413124,37,413161
2796,413262,13,413275
2797,413286,31,413317
2798,413383,111,413494
2799,413523,169,413692
2800,413992,158,414150
2801,414202,83,414285
2802,414394,16,414410
2803,414611,113,414724
2804,414737,28,414765
2805,414811,5,414816
2806,414934,64,414998
2807,415028,103,415131
2808,415167,39,415206
2809,415260,48,415308
2810,415359,70,415429
2811,415496,41,415537
2812,415670,28,415698
2813,415705,18,415723
2814,415726,39,415765
2815,415776,16,415792
2816,415863,24,415887
2817,415969,74,416043
2818,416156,184,416340
2819,416352,9,416361
2820,416428,3,416431
2821,416542,16,416558
2822,416710,21,416731
2823,416743,32,416775
2824,416799,72,416871
2825,416927,96,417023
2826,417034,14,417048
2827,417102,13,417115
2828,417119,17,417136
2829,417190,39,417229
2830,417362,17,417379
2831,417445,37,417482
2832,417632,1,417633
2833,417648,24,417672
2834,417681,10,417691
2835,417740,10,417750
2836,417850,26,417876
2837,417917,34,417951
2838,417989,9,417998
2839,418108,15,418123
2840,418269,74,418343
2841,418351,40,418391
2842,418452,38,418490
2843,418604,129,418733
2844,418768,12,418780
2845,418876,42,418918
2846,419016,37,419053
2847,419073,52,419125
2848,419630,38,419668
2849,419702,145,419847
2850,419852,52,419904
2851,419960,100,420060
2852,420131,49,420180
2853,420185,31,420216
2854,420242,7,420249
2855,420352,34,420386
2856,420762,8,420770
2857,420851,114,420965
2858,421108,15,421123
2859,421217,34,421251
2860,421313,94,421407
2861,421632,21,421653
2862,421797,2,421799
2863,421938,144,422082
2864,422181,26,422207
2865,422275,40,422315
2866,422338,7,422345
2867,422349,4,422353
2868,422421,18,422439
2869,422539,7,422546
2870,422564,59,422623
2871,422651,81,422732
2872,422740,18,422758
2873,422908,107,423015
2874,423343,32,423375
2875,423433,9,423442
2876,423466,47,423513
2877,423754,8,423762
2878,423818,63,423881
2879,424042,15,424057
2880,424121,28,424149
2881,424228,97,424325
2882,424381,27,424408
2883,424492,95,424587
2884,424670,85,424755
2885,424865,2,424867
2886,424956,43,424999
2887,425292,10,425302
2888,425435,12,425447
2889,425536,79,425615
2890,425663,64,425727
2891,425739,8,425747
2892,425857,26,425883
2893,425944,4,425948
2894,425965,37,426002
2895,426028,1,426029
2896,426186,106,426292
2897,426430,131,426561
2898,426671,49,426720
2899,426990,12,427002
2900,427238,109,427347
2901,427573,2,427575
2902,427803,36,427839
2903,428000,23,428023
2904,428033,126,428159
2905,428195,33,428228
2906,428271,187,428458
2907,428481,57,428538
2908,428617,182,428799
2909,429693,59,429752
2910,429771,9,429780
2911,429804,36,429840
2912,429932,11,429943
2913,429981,165,430146
2914,430162,43,430205
2915,430219,66,430285
2916,430320,120,430440
2917,430471,51,430522
2918,430536,169,430705
2919,430736,96,430832
2920,430900,79,430979
2921,430983,107,431090
2922,431161,23,431184
2923,431215,36,431251
2924,431254,54,431308
2925,431432,30,431462
2926,431578,15,431593
2927,431772,34,431806
2928,431815,52,431867
2929,431921,68,431989
2930,432117,40,432157
2931,432172,108,432280
2932,432385,52,432437
2933,432563,32,432595
2934,432753,80,432833
2935,432894,79,432973
2936,433052,14,433066
2937,433188,55,433243
2938,433294,54,433348
2939,433426,50,433476
2940,433479,79,433558
2941,433738,46,433784
2942,433995,15,434010
2943,434041,16,434057
2944,434143,286,434429
2945,434444,80,434524
2946,434545,34,434579
2947,434652,52,434704
2948,434732,119,434851
2949,435162,83,435245
2950,435436,41,435477
2951,435807,7,435814
2952,435895,80,435975
2953,436027,78,436105
2954,436240,7,436247
2955,436603,75,436678
2956,436971,78,437049
2957,437083,7,437090
2958,437189,3,437192
2959,437329,138,437467
2960,437475,119,437594
2961,437686,113,437799
2962,437837,5,437842
2963,437912,117,438029
2964,438059,154,438213
2965,438497,48,438545
2966,438579,119,438698
2967,438738,7,438745
2968,438754,49,438803
2969,438989,67,439056
2970,439147,1,439148
2971,439150,10,439160
2972,439230,5,439235
2973,439260,21,439281
2974,439300,255,439555
2975,439589,63,439652
2976,439662,43,439705
2977,439803,27,439830
2978,439856,85,439941
2979,439996,19,440015
2980,440147,48,440195
2981,440251,49,440300
2982,440304,3,440307
2983,440349,99,440448
2984,440537,40,440577
2985,440662,45,440707
2986,440739,95,440834
2987,440846,31,440877
2988,440944,6,440950
2989,440959,66,441025
2990,441030,69,441099
2991,441223,35,441258
2992,441313,13,441326
2993,441473,86,441559
2994,441601,209,441810
2995,442127,13,442140
2996,442215,19,442234
2997,442274,15,442289
2998,442357,101,442458
2999,442622,30,442652
3000,442975,137,443112
3001,443114,107,443221
3002,443253,31,443284
3003,443323,112,443435
3004,443552,43,443595
3005,443606,94,443700
3006,443749,32,443781
3007,443884,3,443887
3008,443959,31,443990
3009,444005,10,444015
3010,444274,15,444289
3011,444437,69,444506
3012,444522,1,444523
3013,444674,134,444808
3014,444894,41,444935
3015,444937,31,444968
3016,445340,22,445362
3017,445367,61,445428
3018,445443,81,445524
3019,445548,22,445570
3020,445734,29,445763
3021,446041,73,446114
3022,446147,24,446171
3023,446243,6,446249
3024,446257,91,446348
3025,446459,3,446462
3026,446590,4,446594
3027,446634,47,446681
3028,446683,22,446705
3029,446735,15,446750
3030,446856,23,446879
3031,446941,41,446982
3032,447269,69,447338
3033,447370,42,447412
3034,447435,19,447454
3035,447520,26,447546
3036,447646,11,447657
3037,447688,32,447720
3038,447751,93,447844
3039,447907,58,447965
3040,448060,66,448126
3041,448427,17,448444
3042,448837,32,448869
3043,448903,22,448925
3044,449015,22,449037
3045,449141,11,449152
3046,449479,177,449656
3047,449670,119,449789
3048,449815,51,449866
3049,450031,3,450034
3050,450302,143,450445
3051,450578,66,450644
3052,450808,86,450894
3053,450901,4,450905
3054,450959,45,451004
3055,451228,119,451347
3056,451383,3,451386
3057,451465,41,451506
3058,451624,69,451693
3059,451750,22,451772
3060,451881,3,451884
3061,451933,20,451953
3062,452010,26,452036
3063,452380,49,452429
3064,452451,169,452620
3065,452686,3,452689
3066,452858,36,452894
3067,452936,11,452947
3068,452959,35,452994
3069,453234,151,453385
3070,453397,36,453433
3071,453550,66,453616
3072,453639,3,453642
3073,453662,35,453697
3074,453853,92,453945
3075,453985,11,453996
3076,454051,55,454106
3077,454115,4,454119
3078,454128,55,454183
3079,454304,132,454436
3080,454662,10,454672
3081,454800,44,454844
3082,454945,60,455005
3083,455012,26,455038
3084,455059,42,455101
3085,455258,50,455308
3086,455388,94,455482
3087,455505,172,455677
3088,455715,7,455722
3089,455917,9,455926
3090,456071,88,456159
3091,456216,30,456246
3092,456528,78,456606
3093,456622,34,456656
3094,456818,3,456821
3095,456834,57,456891
3096,456989,7,456996
3097,457098,1,457099
3098,457117,30,457147
3099,457355,168,457523
3100,457529,11,457540
3101,457670,25,457695
3102,457719,64,457783
3103,457912,4,457916
3104,457922,10,457932
3105,457994,13,458007
3106,458048,25,458073
3107,458108,6,458114
3108,458155,15,458170
3109,458198,45,458243
3110,458290,86,458376
3111,458410,22,458432
3112,458470,76,458546
3113,458550,34,458584
3114,458886,51,458937
3115,459036,5,459041
3116,459122,23,459145
3117,459231,154,459385
3118,459443,59,459502
3119,459546,156,459702
3120,459730,12,459742
3121,459778,2,459780
3122,460073,79,460152
3123,460275,38,460313
3124,460398,164,460562
3125,460579,72,460651
3126,460770,72,460842
3127,460964,94,461058
3128,461067,52,461119
3129,461298,16,461314
3130,461395,26,461421
3131,461461,16,461477
3132,461486,35,461521
3133,461629,54,461683
3134,462011,6,462017
3135,462113,2,462115
3136,462289,12,462301
3137,462306,34,462340
3138,462427,44,462471
3139,462703,13,462716
3140,462758,59,462817
3141,462957,107,463064
3142,463145,244,463389
3143,463543,6,463549
3144,463578,88,463666
3145,463724,21,463745
3146,463857,34,463891
3147,464063,115,464178
3148,464188,46,464234
3149,464294,48,464342
3150,464389,3,464392
3151,464430,12,464442
3152,464559,15,464574
3153,464575,5,464580
3154,464690,15,464705
3155,464896,14,464910
3156,464960,85,465045
3157,465055,20,465075
3158,465090,1,465091
3159,465119,1,465120
3160,465151,7,465158
3161,465228,6,465234
3162,465351,138,465489
3163,465592,42,465634
3164,466173,43,466216
3165,466265,35,466300
3166,466401,135,466536
3167,466570,16,466586
3168,466599,59,466658
3169,466677,62,466739
3170,466769,19,466788
3171,466873,2,466875
3172,466937,2,466939
3173,466945,59,467004
3174,467017,57,467074
3175,467177,3,467180
3176,467383,65,467448
3177,467793,12,467805
3178,467860,34,467894
3179,467914,108,468022
3180,468229,135,468364
3181,468531,114,468645
3182,468649,19,468668
3183,468855,13,468868
3184,468915,51,468966
3185,469094,18,469112
3186,469379,39,469418
3187,469427,80,469507
3188,469549,106,469655
3189,469682,14,469696
3190,469759,9,469768
3191,469997,12,470009
3192,470143,5,470148
3193,470150,181,470331
3194,470356,12,470368
3195,470782,6,470788
3196,470868,37,470905
3197,471095,19,471114
3198,471282,2,471284
3199,471314,3,471317
3200,471354,13,471367
3201,471380,81,471461
3202,471514,8,471522
3203,471619,3,471622
3204,471706,67,471773
3205,472007,18,472025
3206,472091,1,472092
3207,472100,47,472147
3208,472169,45,472214
3209,472237,68,472305
3210,472318,73,472391
3211,472470,6,472476
3212,472515,122,472637
3213,472738,108,472846
3214,472878,57,472935
3215,473099,23,473122
3216,473245,20,473265
3217,473270,133,473403
3218,473461,1,473462
3219,473503,50,473553
3220,473799,219,474018
3221,474529,10,474539
3222,474596,54,474650
3223,474655,34,474689
3224,474722,22,474744
3225,474871,1,474872
3226,474911,41,474952
3227,475013,39,475052
3228,475668,76,475744
3229,475828,103,475931
3230,475942,55,475997
3231,476004,10,476014
3232,476290,11,476301
3233,476312,56,476368
3234,476388,33,476421
3235,476452,246,476698
3236,476815,25,476840
3237,476861,17,476878
3238,476887,23,476910
3239,477148,88,477236
3240,477285,39,477324
3241,477398,19,477417
3242,477453,18,477471
3243,477515,1,477516
3244,477553,45,477598
3245,477661,32,477693
3246,477822,141,477963
3247,477986,39,478025
3248,478424,95,478519
3249,478539,70,478609
3250,478612,126,478738
3251,478863,46,478909
3252,478992,51,479043
3253,479046,226,479272
3254,479508,28,479536
3255,479582,63,479645
3256,479670,21,479691
3257,479756,85,479841
3258,480120,260,480380
3259,480516,30,480546
3260,480564,12,480576
3261,480677,3,480680
3262,480801,5,480806
3263,480949,12,480961
3264,481045,98,481143
3265,481173,81,481254
3266,481333,19,481352
3267,481356,46,481402
3268,481505,37,481542
3269,481700,66,481766
3270,481914,18,481932
3271,482063,27,482090
3272,482185,4,482189
3273,482225,39,482264
3274,482274,1,482275
3275,482307,119,482426
3276,482556,53,482609
3277,482800,15,482815
3278,482870,28,482898
3279,483171,15,483186
3280,483216,43,483259
3281,483320,16,483336
3282,483371,30,483401
3283,483405,5,483410
3284,483431,44,483475
3285,483598,10,483608
3286,483629,39,483668
3287,483677,17,483694
3288,483960,33,483993
3289,484093,33,484126
3290,484339,35,484374
3291,484379,4,484383
3292,484648,13,484661
3293,484686,39,484725
3294,485059,35,485094
3295,485409,24,485433
3296,485500,14,485514
3297,485849,20,485869
3298,485969,105,486074
3299,486091,12,486103
3300,486217,2,486219
3301,486390,6,486396
3302,486556,11,486567
3303,486596,17,486613
3304,486699,64,486763
3305,486769,65,486834
3306,486868,9,486877
3307,486904,81,486985
3308,487170,24,487194
3309,487305,53,487358
3310,487437,29,487466
3311,487475,102,487577
3312,487779,42,487821
3313,487838,16,487854
3314,487992,17,488009
3315,488065,58,488123
3316,488135,30,488165
3317,488403,134,488537
3318,488646,1,488647
3319,488668,46,488714
3320,488833,79,488912
3321,489111,23,489134
3322,489209,16,489225
3323,489496,63,489559
3324,489591,25,489616
3325,489861,3,489864
3326,490291,188,490479
3327,490505,183,490688
3328,490723,35,490758
3329,490987,25,491012
3330,491159,110,491269
3331,491641,9,491650
3332,491665,1,491666
3333,491749,5,491754
3334,491905,22,491927
3335,491981,22,492003
3336,492061,84,492145
3337,492353,75,492428
3338,492513,128,492641
3339,492778,3,492781
3340,492937,66,493003
3341,493233,80,493313
3342,493517,27,493544
3343,493617,41,493658
3344,493854,147,494001
3345,494050,48,494098
3346,494116,46,494162
3347,494165,57,494222
3348,494260,101,494361
3349,494389,3,494392
3350,494475,91,494566
3351,494572,55,494627
3352,494651,129,494780
3353,494830,56,494886
3354,494996,29,495025
3355,495165,100,495265
3356,495395,12,495407
3357,495864,87,495951
3358,496072,56,496128
3359,496288,61,496349
3360,496360,58,496418
3361,496575,8,496583
3362,496598,24,496622
3363,496668,1,496669
3364,496958,13,496971
3365,497030,98,497128
3366,497247,9,497256
3367,497343,18,497361
3368,497446,17,497463
3369,497492,13,497505
3370,497798,112,497910
3371,498012,33,498045
3372,498109,2,498111
3373,498210,89,498299
3374,498330,68,498398
3375,498524,23,498547
3376,498721,91,498812
3377,498835,39,498874
3378,498878,48,498926
3379,499084,13,499097
3380,499160,77,499237
3381,499238,14,499252
3382,499278,30,499308
3383,499450,56,499506
3384,499567,67,499634
3385,499712,80,499792
3386,500034,3,500037
3387,500200,145,500345
3388,500416,141,500557
3389,500578,82,500660
3390,500708,22,500730
3391,500797,13,500810
3392,500942,10,500952
3393,501008,438,501446
3394,501532,9,501541
3395,501590,11,501601
3396,501624,18,501642
3397,501666,6,501672
3398,502245,13,502258
3399,502302,56,502358
3400,502389,7,502396
3401,502505,30,502535
3402,502659,11,502670
3403,502746,49,502795
3404,502886,68,502954
3405,502966,44,503010
3406,503100,16,503116
3407,503259,24,503283
3408,503403,58,503461
3409,503469,1,503470
3410,503531,22,503553
3411,503576,32,503608
3412,503613,41,503654
3413,503753,40,503793
3414,504215,110,504325
3415,504426,3,504429
3416,504601,59,504660
3417,505180,10,505190
3418,505273,73,505346
3419,505349,111,505460
3420,505471,40,505511
3421,505660,12,505672
3422,505802,66,505868
3423,506011,40,506051
3424,506085,35,506120
3425,506202,6,506208
3426,506251,9,506260
3427,506400,7,506407
3428,506490,41,506531
3429,506597,7,506604
3430,506748,309,507057
3431,507088,79,507167
3432,507298,55,507353
3433,507405,24,507429
3434,507595,47,507642
3435,507648,18,507666
3436,507730,60,507790
3437,507814,1,507815
3438,507843,90,507933
3439,508037,11,508048
3440,508250,7,508257
3441,508300,45,508345
3442,508368,59,508427
3443,508441,27,508468
3444,508738,20,508758
3445,508766,20,508786
3446,509065,17,509082
3447,509147,3,509150
3448,509272,54,509326
3449,509430,4,509434
3450,509464,32,509496
3451,509542,86,509628
3452,509675,29,509704
3453,509791,9,509800
3454,509804,10,509814
3455,509972,65,510037
3456,510057,11,510068
3457,510191,8,510199
3458,510256,6,510262
3459,510268,63,510331
3460,510387,41,510428
3461,510433,33,510466
3462,510494,4,510498
3463,510630,30,510660
3464,510706,133,510839
3465,510897,21,510918
3466,511005,95,511100
3467,511557,48,511605
3468,511640,93,511733
3469,512049,33,512082
3470,512135,76,512211
3471,512225,4,512229
3472,512259,56,512315
3473,512500,29,512529
3474,512838,37,512875
3475,512988,7,512995
3476,513216,20,513236
3477,513337,222,513559
3478,513564,42,513606
3479,513610,16,513626
3480,513637,31,513668
3481,513722,164,513886
3482,513986,1,513987
3483,514021,186,514207
3484,514291,114,514405
3485,514410,211,514621
3486,514697,60,514757
3487,514775,9,514784
3488,514827,7,514834
3489,514839,20,514859
3490,515229,8,515237
3491,515460,101,515561
3492,515655,6,515661
3493,515768,77,515845
3494,515875,9,515884
3495,515959,30,515989
3496,516052,1,516053
3497,516064,44,516108
3498,516163,155,516318
3499,516449,132,516581
3500,516798,72,516870
3501,516911,15,516926
3502,517066,19,517085
3503,517213,67,517280
3504,517402,40,517442
3505,517522,38,517560
3506,517671,17,517688
3507,517714,31,517745
3508,518011,21,518032
3509,518121,25,518146
3510,518471,30,518501
3511,518521,16,518537
3512,518659,5,518664
3513,518751,149,518900
3514,518919,54,518973
3515,519000,11,519011
3516,519123,1,519124
3517,519164,4,519168
3518,519459,9,519468
3519,519504,28,519532
3520,519915,47,519962
3521,520109,14,520123
3522,520206,6,520212
3523,520239,54,520293
3524,520417,46,520463
3525,520500,52,520552
3526,520712,48,520760
3527,520769,65,520834
3528,520871,36,520907
3529,520936,66,521002
3530,521139,63,521202
3531,521275,106,521381
3532,521480,29,521509
3533,521590,166,521756
3534,521790,12,521802
3535,521819,108,521927
3536,522009,121,522130
3537,522187,11,522198
3538,522683,6,522689
3539,522732,64,522796
3540,522801,100,522901
3541,523171,31,523202
3542,523245,29,523274
3543,523376,52,523428
3544,523549,32,523581
3545,523596,47,523643
3546,523801,30,523831
3547,523881,22,523903
3548,523964,48,524012
3549,524095,49,524144
3550,524173,76,524249
3551,524272,13,524285
3552,524355,31,524386
3553,524407,119,524526
3554,524616,9,524625
3555,524763,149,524912
3556,525026,12,525038
3557,525146,22,525168
3558,525210,52,525262
3559,525279,66,525345
3560,525351,51,525402
3561,525555,16,525571
3562,525684,111,525795
3563,525967,32,525999
3564,526022,78,526100
3565,526147,40,526187
3566,526252,44,526296
3567,526343,30,526373
3568,526432,61,526493
3569,526689,49,526738
3570,526810,3,526813
3571,526838,29,526867
3572,526939,81,527020
3573,527063,20,527083
3574,527170,8,527178
3575,527383,97,527480
3576,527550,24,527574
3577,527764,92,527856
3578,527978,4,527982
3579,528389,43,528432
3580,528536,39,528575
3581,528617,83,528700
3582,528742,63,528805
3583,528988,11,528999
3584,529079,12,529091
3585,529229,4,529233
3586,529281,37,529318
3587,529323,53,529376
3588,529382,6,529388
3589,529453,9,529462
3590,529526,31,529557
3591,529614,143,529757
3592,529787,38,529825
3593,529852,100,529952
3594,530022,13,530035
3595,530110,64,530174
3596,530199,159,530358
3597,530378,36,530414
3598,530470,41,530511
3599,530560,16,530576
3600,530638,3,530641
3601,530659,16,530675
3602,530735,95,530830
3603,530863,43,530906
3604,531031,33,531064
3605,531149,26,531175
3606,531188,110,531298
3607,531338,14,531352
3608,531370,117,531487
3609,531593,53,531646
3610,531886,4,531890
3611,531938,26,531964
3612,532208,29,532237
3613,532266,30,532296
3614,532353,39,532392
3615,532395,101,532496
3616,532521,22,532543
3617,532656,39,532695
3618,532722,31,532753
3619,532792,14,532806
3620,532923,133,533056
3621,533126,10,533136
3622,533335,34,533369
3623,533380,63,533443
3624,533444,16,533460
3625,533488,71,533559
3626,533563,7,533570
3627,533596,32,533628
3628,533781,8,533789
3629,533942,220,534162
3630,534175,78,534253
3631,534263,18,534281
3632,534321,6,534327
3633,534371,118,534489
3634,534681,18,534699
3635,534888,12,534900
3636,535031,82,535113
3637,535194,13,535207
3638,535349,54,535403
3639,535595,90,535685
3640,535703,17,535720
3641,535766,48,535814
3642,535816,4,535820
3643,536287,49,536336
3644,536435,22,536457
3645,536470,253,536723
3646,536777,140,536917
3647,536952,13,536965
3648,537006,10,537016
3649,537093,13,537106
3650,537405,48,537453
3651,537588,12,537600
3652,537605,107,537712
3653,537979,82,538061
3654,538180,31,538211
3655,538231,97,538328
3656,538591,13,538604
3657,538721,112,538833
3658,538913,17,538930
3659,539029,21,539050
3660,539167,9,539176
3661,539215,46,539261
3662,539528,77,539605
3663,539763,37,539800
3664,539928,18,539946
3665,540002,27,540029
3666,540053,2,540055
3667,540247,5,540252
3668,540277,186,540463
3669,540574,220,540794
3670,540819,20,540839
3671,540915,9,540924
3672,541351,53,541404
3673,541446,33,541479
3674,541675,31,541706
3675,541745,45,541790
3676,541846,51,541897
3677,541991,10,542001
3678,542376,43,542419
3679,542499,67,542566
3680,542583,193,542776
3681,543057,39,543096
3682,543319,32,543351
3683,543385,63,543448
3684,543626,4,543630
3685,543702,16,543718
3686,543907,36,543943
3687,544080,63,544143
3688,544265,81,544346
3689,544428,55,544483
3690,544628,60,544688
3691,544747,9,544756
3692,545120,23,545143
3693,545182,5,545187
3694,545270,42,545312
3695,545341,42,545383
3696,545413,115,545528
3697,545594,15,545609
3698,545611,193,545804
3699,546031,61,546092
3700,546228,41,546269
3701,546506,3,546509
3702,546612,19,546631
3703,546943,20,546963
3704,547191,28,547219
3705,547314,10,547324
3706,547336,4,547340
3707,547476,55,547531
3708,547537,135,547672
3709,547752,164,547916
3710,547959,58,548017
3711,548020,90,548110
3712,548175,25,548200
3713,548241,189,548430
3714,548448,5,548453
3715,548524,26,548550
3716,548642,93,548735
3717,548736,68,548804
3718,548811,52,548863
3719,548868,56,548924
3720,548985,72,549057
3721,549071,71,549142
3722,549213,123,549336
3723,549347,16,549363
3724,549449,119,549568
3725,549648,99,549747
3726,549898,12,549910
3727,549913,10,549923
3728,550015,25,550040
3729,550188,120,550308
3730,550402,3,550405
3731,550443,125,550568
3732,550717,3,550720
3733,550774,78,550852
3734,550893,2,550895
3735,551011,10,551021
3736,551095,53,551148
3737,551246,125,551371
3738,551402,1,551403
3739,551477,91,551568
3740,551618,12,551630
3741,551679,90,551769
3742,551878,15,551893
3743,551974,90,552064
3744,552406,95,552501
3745,552604,6,552610
3746,552655,33,552688
3747,552813,56,552869
3748,552986,93,553079
3749,553137,104,553241
3750,553298,2,553300
3751,553425,8,553433
3752,553535,11,553546
3753,553625,4,553629
3754,553770,24,553794
3755,553838,14,553852
3756,553910,80,553990
3757,554073,15,554088
3758,554110,7,554117
3759,554276,72,554348
3760,554512,62,554574
3761,554577,18,554595
3762,554735,38,554773
3763,554797,202,554999
3764,555272,106,555378
3765,555499,41,555540
3766,555687,61,555748
3767,555874,10,555884
3768,555920,18,555938
3769,556030,84,556114
3770,556142,29,556171
3771,556264,10,556274
3772,556553,127,556680
3773,556691,70,556761
3774,556770,28,556798
3775,556988,16,557004
3776,557290,25,557315
3777,557388,36,557424
3778,557482,6,557488
3779,557580,22,557602
3780,557625,40,557665
3781,557711,37,557748
3782,557837,79,557916
3783,558011,4,558015
3784,558113,76,558189
3785,558323,23,558346
3786,558351,14,558365
3787,558526,12,558538
3788,558590,17,558607
3789,558651,5,558656
3790,558711,11,558722
3791,558727,139,558866
3792,559005,12,559017
3793,559066,47,559113
3794,559490,43,559533
3795,559861,28,559889
3796,559900,28,559928
3797,560214,15,560229
3798,560330,15,560345
3799,560354,41,560395
3800,560462,138,560600
3801,560618,122,560740
3802,560753,32,560785
3803,560811,42,560853
3804,561071,97,561168
3805,561317,21,561338
3806,561350,13,561363
3807,561373,9,561382
3808,561392,8,561400
3809,561487,20,561507
3810,561529,48,561577
3811,561641,61,561702
3812,561800,4,561804
3813,561848,65,561913
3814,561953,110,562063
3815,562093,107,562200
3816,562257,60,562317
3817,562343,228,562571
3818,562638,45,562683
3819,562693,102,562795
3820,562973,10,562983
3821,563036,24,563060
3822,563098,57,563155
3823,563243,75,563318
3824,563705,20,563725
3825,563752,50,563802
3826,563826,8,563834
3827,563949,32,563981
3828,564064,13,564077
3829,564150,48,564198
3830,564239,12,564251
3831,564354,42,564396
3832,564771,5,564776
3833,564805,4,564809
3834,564856,43,564899
3835,564943,24,564967
3836,565162,14,565176
3837,565304,185,565489
3838,565697,64,565761
3839,565768,7,565775
3840,565976,83,566059
3841,566067,17,566084
3842,566309,27,566336
3843,566485,203,566688
3844,566736,103,566839
3845,567094,15,567109
3846,567130,49,567179
3847,567339,87,567426
3848,567515,3,567518
3849,567569,90,567659
3850,567722,65,567787
3851,567899,56,567955
3852,568057,1,568058
3853,568103,12,568115
3854,568170,25,568195
3855,568317,142,568459
3856,568620,46,568666
3857,568921,44,568965
3858,569056,26,569082
3859,569177,76,569253
3860,569334,6,569340
3861,569453,6,569459
3862,569524,59,569583
3863,569777,112,569889
3864,569928,26,569954
3865,569971,58,570029
3866,570149,34,570183
3867,570191,93,570284
3868,570309,33,570342
3869,570363,100,570463
3870,570554,23,570577
3871,570771,26,570797
3872,570871,75,570946
3873,571156,96,571252
3874,571277,76,571353
3875,571434,39,571473
3876,571534,158,571692
3877,571792,32,571824
3878,571861,42,571903
3879,572021,13,572034
3880,572211,116,572327
3881,572430,24,572454
3882,572466,91,572557
3883,572579,35,572614
3884,572702,18,572720
3885,572728,80,572808
3886,572842,8,572850
3887,572998,2,573000
3888,573051,13,573064
3889,573112,12,573124
3890,573239,251,573490
3891,573583,33,573616
3892,573675,61,573736
3893,573812,121,573933
3894,573977,51,574028
3895,574076,15,574091
3896,574143,103,574246
3897,574302,36,574338
3898,574472,11,574483
3899,574513,34,574547
3900,574587,22,574609
3901,574800,84,574884
3902,574893,10,574903
3903,575024,2,575026
3904,575184,32,575216
3905,575327,38,575365
3906,575563,21,575584
3907,575621,4,575625
3908,575735,19,575754
3909,575786,15,575801
3910,575850,1,575851
3911,575911,36,575947
3912,575967,12,575979
3913,576043,93,576136
3914,576438,97,576535
3915,576570,68,576638
3916,576691,7,576698
3917,576918,20,576938
3918,576965,7,576972
3919,577065,68,577133
3920,577194,140,577334
3921,577496,12,577508
3922,577794,66,577860
3923,577874,5,577879
3924,578201,265,578466
3925,578553,2,578555
3926,578614,39,578653
3927,578665,38,578703
3928,578741,96,578837
3929,579038,133,579171
3930,579175,138,579313
3931,579376,7,579383
3932,579396,31,579427
3933,579466,37,579503
3934,579551,45,579596
3935,579610,8,579618
3936,579645,12,579657
3937,579662,5,579667
3938,579791,23,579814
3939,579969,28,579997
3940,580214,1,580215
3941,580223,5,580228
3942,580315,55,580370
3943,580405,115,580520
3944,580555,18,580573
3945,580679,10,580689
3946,580897,36,580933
3947,580959,74,581033
3948,581050,131,581181
3949,581185,31,581216
3950,581312,6,581318
3951,581340,24,581364
3952,581379,81,581460
3953,581522,77,581599
3954,581678,30,581708
3955,581787,9,581796
3956,581867,34,581901
3957,582036,15,582051
3958,582435,32,582467
3959,582475,21,582496
3960,582922,17,582939
3961,583050,6,583056
3962,583171,105,583276
3963,583289,127,583416
3964,583442,39,583481
3965,583484,187,583671
3966,583821,28,583849
3967,583887,74,583961
3968,584021,152,584173
3969,584221,22,584243
3970,584283,61,584344
3971,584477,66,584543
3972,584790,52,584842
3973,584933,34,584967
3974,585137,37,585174
3975,585296,2,585298
3976,585365,17,585382
3977,585578,8,585586
3978,585770,10,585780
3979,585942,14,585956
3980,586095,60,586155
3981,586215,1,586216
3982,586317,26,586343
3983,586395,36,586431
3984,586571,56,586627
3985,586690,161,586851
3986,586951,26,586977
3987,586979,11,586990
3988,587042,122,587164
3989,587340,16,587356
3990,587382,118,587500
3991,587504,22,587526
3992,587725,15,587740
3993,587837,40,587877
3994,587932,46,587978
3995,588131,46,588177
3996,588202,53,588255
3997,588345,19,588364
3998,588754,22,588776
3999,588849,1,588850
4000,589021,47,589068
4001,589141,54,589195
4002,589316,76,589392
4003,589425,7,589432
4004,589486,13,589499
4005,589542,54,589596
4006,589867,83,589950
4007,589993,46,590039
4008,590148,36,590184
4009,590358,50,590408
4010,590416,76,590492
4011,590658,11,590669
4012,590763,36,590799
4013,590854,51,590905
4014,590957,21,590978
4015,591007,107,591114
4016,591333,57,591390
4017,591700,12,591712
4018,591738,34,591772
4019,591860,62,591922
4020,591971,50,592021
4021,592035,4,592039
4022,592112,28,592140
4023,592201,30,592231
4024,592251,62,592313
4025,592354,37,592391
4026,592477,96,592573
4027,592860,38,592898
4028,593021,355,593376
4029,593485,64,593549
4030,593668,15,593683
4031,593745,1,593746
4032,593811,52,593863
4033,593873,53,593926
4034,594223,57,594280
4035,594406,74,594480
4036,594627,40,594667
4037,594819,19,594838
4038,594928,59,594987
4039,595138,9,595147
4040,595200,13,595213
4041,595219,7,595226
4042,595517,41,595558
4043,595577,70,595647
4044,595762,6,595768
4045,595812,104,595916
4046,595962,66,596028
4047,596098,24,596122
4048,596194,15,596209
4049,596471,98,596569
4050,596717,13,596730
4051,596803,1,596804
4052,596820,103,596923
4053,596941,57,596998
4054,597052,31,597083
4055,597356,30,597386
4056,597395,90,597485
4057,597843,21,597864
4058,598116,32,598148
4059,598278,32,598310
4060,598643,111,598754
4061,599051,18,599069
4062,599173,195,599368
4063,599446,83,599529
4064,599546,13,599559
4065,599639,1,599640
4066,599641,57,599698
4067,599807,136,599943
4068,599950,14,599964
4069,600312,6,600318
4070,600363,51,600414
4071,600455,78,600533
4072,600613,11,600624
4073,600638,88,600726
4074,600786,159,600945
4075,601101,30,601131
4076,601183,39,601222
4077,601416,15,601431
4078,601482,36,601518
4079,601544,35,601579
4080,601842,36,601878
4081,601970,2,601972
4082,601982,10,601992
4083,602042,28,602070
4084,602118,111,602229
4085,602236,27,602263
4086,602336,48,602384
4087,602398,5,602403
4088,602432,42,602474
4089,602552,49,602601
4090,602636,19,602655
4091,602901,42,602943
4092,602946,1,602947
4093,603183,5,603188
4094,603256,344,603600
4095,603683,74,603757
4096,603792,33,603825
4097,603891,63,603954
4098,604009,27,604036
4099,604098,31,604129
4100,604176,91,604267
4101,604299,5,604304
4102,604367,24,604391
4103,604478,35,604513
4104,604552,72,604624
4105,604669,110,604779
4106,604910,2,604912
4107,605060,189,605249
4108,605256,27,605283
4109,605310,22,605332
4110,605457,46,605503
4111,605520,18,605538
4112,605574,42,605616
4113,605621,73,605694
4114,606105,6,606111
4115,606175,17,606192
4116,606273,36,606309
4117,606351,17,606368
4118,606451,147,606598
4119,606892,31,606923
4120,606950,15,606965
4121,606970,6,606976
4122,607335,134,607469
4123,607529,36,607565
4124,607741,14,607755
4125,607817,23,607840
4126,607860,39,607899
4127,608019,30,608049
4128,608202,107,608309
4129,608364,188,608552
4130,608759,14,608773
4131,608776,48,608824
4132,608851,21,608872
4133,608937,8,608945
4134,609089,35,609124
4135,609219,144,609363
4136,609365,53,609418
4137,609449,9,609458
4138,609504,110,609614
4139,609630,49,609679
4140,609922,12,609934
4141,610041,145,610186
4142,610468,128,610596
4143,610617,9,610626
4144,610789,10,610799
4145,610835,4,610839
4146,610903,68,610971
4147,611027,7,611034
4148,611104,67,611171
4149,611279,53,611332
4150,611417,67,611484
4151,611522,27,611549
4152,611626,39,611665
4153,611887,6,611893
4154,611973,106,612079
4155,612206,284,612490
4156,612531,114,612645
4157,612903,23,612926
4158,612993,74,613067
4159,613091,13,613104
4160,613222,34,613256
4161,613365,9,613374
4162,613393,93,613486
4163,613621,20,613641
4164,613671,89,613760
4165,614178,37,614215
4166,614307,56,614363
4167,614447,13,614460
4168,614466,50,614516
4169,614821,55,614876
4170,615272,52,615324
4171,615461,56,615517
4172,615529,13,615542
4173,615715,12,615727
4174,615854,43,615897
4175,615907,39,615946
4176,616201,182,616383
4177,616490,53,616543
4178,616559,22,616581
4179,616625,16,616641
4180,616660,29,616689
4181,616804,8,616812
4182,616825,43,616868
4183,616981,22,617003
4184,617230,63,617293
4185,617324,66,617390
4186,617406,39,617445
4187,617511,2,617513
4188,617532,63,617595
4189,617634,47,617681
4190,617738,14,617752
4191,617866,3,617869
4192,617957,18,617975
4193,618152,49,618201
4194,618254,113,618367
4195,618557,63,618620
4196,618718,53,618771
4197,618813,76,618889
4198,619253,108,619361
4199,619372,51,619423
4200,619530,56,619586
4201,619666,27,619693
4202,619785,192,619977
4203,620006,162,620168
4204,620362,3,620365
4205,620626,41,620667
4206,620843,36,620879
4207,620916,49,620965
4208,621035,33,621068
4209,621127,9,621136
4210,621213,65,621278
4211,621420,36,621456
4212,621625,12,621637
4213,621663,36,621699
4214,621716,16,621732
4215,621970,91,622061
4216,622384,105,622489
4217,622636,1,622637
4218,622730,47,622777
4219,622847,62,622909
4220,623143,49,623192
4221,623280,4,623284
4222,623389,35,623424
4223,623441,22,623463
4224,623517,15,623532
4225,623735,5,623740
4226,623759,21,623780
4227,623933,47,623980
4228,624039,25,624064
4229,624152,26,624178
4230,624179,31,624210
4231,624450,4,624454
4232,624497,111,624608
4233,624643,46,624689
4234,624912,11,624923
4235,625043,22,625065
4236,625071,9,625080
4237,625256,18,625274
4238,625298,27,625325
4239,625365,86,625451
4240,625598,123,625721
4241,625730,55,625785
4242,625804,77,625881
4243,626010,99,626109
4244,626269,156,626425
4245,626521,5,626526
4246,626765,45,626810
4247,626999,119,627118
4248,627269,51,627320
4249,627472,48,627520
4250,627573,21,627594
4251,627716,12,627728
4252,627788,10,627798
4253,627885,147,628032
4254,628203,75,628278
4255,628285,9,628294
4256,628383,21,628404
4257,628736,19,628755
4258,628955,29,628984
4259,629030,44,629074
4260,629285,44,629329
4261,629366,13,629379
4262,629518,116,629634
4263,629689,6,629695
4264,629725,37,629762
4265,629970,35,630005
4266,630011,61,630072
4267,630198,32,630230
4268,630296,66,630362
4269,630430,8,630438
4270,630445,137,630582
4271,630730,144,630874
4272,630972,14,630986
4273,630990,12,631002
4274,631366,77,631443
4275,631652,88,631740
4276,631772,56,631828
4277,631899,52,631951
4278,632050,73,632123
4279,632251,2,632253
4280,632708,4,632712
4281,632869,29,632898
4282,632936,95,633031
4283,633101,29,633130
4284,633273,73,633346
4285,633462,203,633665
4286,633721,22,633743
4287,633756,3,633759
4288,633850,9,633859
4289,634002,29,634031
4290,634511,16,634527
4291,634579,8,634587
4292,634609,5,634614
4293,634687,1,634688
4294,634707,1,634708
4295,634740,3,634743
4296,634846,61,634907
4297,634932,12,634944
4298,635180,1,635181
4299,635229,50,635279
4300,635287,6,635293
4301,635359,7,635366
4302,635576,32,635608
4303,635649,6,635655
4304,635920,88,636008
4305,636019,6,636025
4306,636179,76,636255
4307,636316,108,636424
4308,636616,16,636632
4309,636690,2,636692
4310,636700,38,636738
4311,636924,202,637126
4312,637339,41,637380
4313,637434,17,637451
4314,637463,15,637478
4315,637546,38,637584
4316,637628,82,637710
4317,637728,19,637747
4318,637790,104,637894
4319,638001,26,638027
4320,638137,34,638171
4321,638488,15,638503
4322,638524,89,638613
4323,638756,48,638804
4324,638879,18,638897
4325,639078,25,639103
4326,639238,79,639317
4327,639346,29,639375
4328,639385,41,639426
4329,639435,366,639801
4330,639916,3,639919
4331,640253,11,640264
4332,640376,6,640382
4333,640715,25,640740
4334,640970,215,641185
4335,641208,89,641297
4336,641309,8,641317
4337,641340,116,641456
4338,641553,13,641566
4339,641615,29,641644
4340,641648,69,641717
4341,641827,38,641865
4342,641970,67,642037
4343,642110,25,642135
4344,642306,2,642308
4345,642738,13,642751
4346,642833,30,642863
4347,642870,4,642874
4348,642939,55,642994
4349,642997,111,643108
4350,643145,148,643293
4351,643313,2,643315
4352,643328,128,643456
4353,643468,7,643475
4354,643498,2,643500
4355,643519,15,643534
4356,643606,5,643611
4357,643758,131,643889
4358,643924,113,644037
4359,644186,62,644248
4360,644448,56,644504
4361,644638,22,644660
4362,644661,2,644663
4363,644679,131,644810
4364,644814,75,644889
4365,644952,134,645086
4366,645143,42,645185
4367,645261,17,645278
4368,645310,16,645326
4369,645460,24,645484
4370,645534,41,645575
4371,645740,17,645757
4372,646237,194,646431
4373,646612,96,646708
4374,646781,69,646850
4375,646862,14,646876
4376,647595,17,647612
4377,647642,38,647680
4378,647761,26,647787
4379,647796,87,647883
4380,647897,14,647911
4381,648092,38,648130
4382,648413,15,648428
4383,648548,66,648614
4384,648728,13,648741
4385,648825,39,648864
4386,648982,83,649065
4387,649230,26,649256
4388,649271,55,649326
4389,649335,132,649467
4390,649479,8,649487
4391,649534,57,649591
4392,649613,7,649620
4393,649623,26,649649
4394,649757,33,649790
4395,649799,22,649821
4396,650099,76,650175
4397,650256,100,650356
4398,650689,91,650780
4399,650815,120,650935
4400,651241,26,651267
4401,651411,37,651448
4402,651648,1,651649
4403,651671,83,651754
4404,651898,5,651903
4405,651949,96,652045
4406,652513,42,652555
4407,652791,17,652808
4408,652877,280,653157
4409,653238,47,653285
4410,653313,34,653347
4411,653399,51,653450
4412,653528,35,653563
4413,653650,15,653665
4414,653688,53,653741
4415,654026,12,654038
4416,654055,12,654067
4417,654069,80,654149
4418,654251,119,654370
4419,654679,56,654735
4420,654915,122,655037
4421,655125,129,655254
4422,655255,105,655360
4423,655432,78,655510
4424,655638,327,655965
4425,656077,10,656087
4426,656568,2,656570
4427,656739,149,656888
4428,656942,3,656945
4429,656997,2,656999
4430,657025,198,657223
4431,657690,163,657853
4432,657929,36,657965
4433,658088,26,658114
4434,658226,49,658275
4435,658287,108,658395
4436,658575,130,658705
4437,658818,9,658827
4438,658863,27,658890
4439,659001,185,659186
4440,659224,105,659329
4441,659470,12,659482
4442,659780,37,659817
4443,659823,29,659852
4444,659905,16,659921
4445,659944,26,659970
4446,659982,122,660104
4447,660138,14,660152
4448,660240,108,660348
4449,660447,29,660476
4450,660544,58,660602
4451,660630,31,660661
4452,660722,56,660778
4453,660845,7,660852
4454,660858,20,660878
4455,660978,29,661007
4456,661107,26,661133
4457,661206,126,661332
4458,661359,8,661367
4459,661437,11,661448
4460,661524,19,661543
4461,661595,287,661882
4462,661917,26,661943
4463,661970,1,661971
4464,662025,27,662052
4465,662079,31,662110
4466,662193,142,662335
4467,662337,43,662380
4468,662449,193,662642
4469,662757,204,662961
4470,663030,81,663111
4471,663131,72,663203
4472,663237,7,663244
4473,663340,39,663379
4474,663470,172,663642
4475,663659,39,663698
4476,663837,57,663894
4477,664017,7,664024
4478,664098,9,664107
4479,664166,85,664251
4480,664399,22,664421
4481,664713,6,664719
4482,664792,178,664970
4483,665228,49,665277
4484,665616,8,665624
4485,666278,81,666359
4486,666401,65,666466
4487,666558,2,666560
4488,666570,9,666579
4489,666707,63,666770
4490,666785,7,666792
4491,666892,32,666924
4492,666950,11,666961
4493,667050,1,667051
4494,667168,74,667242
4495,667282,23,667305
4496,667398,152,667550
4497,667583,93,667676
4498,667784,81,667865
4499,667962,3,667965
4500,668054,23,668077
4501,668159,18,668177
4502,668370,114,668484
4503,668548,48,668596
4504,668910,7,668917
4505,668934,102,669036
4506,669071,40,669111
4507,669144,29,669173
4508,669178,23,669201
4509,669283,42,669325
4510,669333,104,669437
4511,669552,109,669661
4512,669790,87,669877
4513,670262,171,670433
4514,670504,87,670591
4515,670724,11,670735
4516,670786,44,670830
4517,670913,25,670938
4518,671060,12,671072
4519,671177,55,671232
4520,671271,4,671275
4521,671364,37,671401
4522,671422,33,671455
4523,671680,4,671684
4524,671704,44,671748
4525,671789,10,671799
4526,671827,2,671829
4527,672009,1,672010
4528,672192,13,672205
4529,672283,5,672288
4530,672328,124,672452
4531,672574,102,672676
4532,672717,26,672743
4533,673024,31,673055
4534,673144,75,673219
4535,673428,26,673454
4536,673475,17,673492
4537,673642,41,673683
4538,673738,63,673801
4539,673831,57,673888
4540,673929,98,674027
4541,674158,129,674287
4542,674452,4,674456
4543,674570,63,674633
4544,674797,43,674840
4545,674870,12,674882
4546,674886,82,674968
4547,675074,147,675221
4548,675384,47,675431
4549,675469,14,675483
4550,675567,17,675584
4551,675682,8,675690
4552,675804,58,675862
4553,676056,35,676091
4554,676094,34,676128
4555,676278,29,676307
4556,676313,90,676403
4557,676535,32,676567
4558,676586,45,676631
4559,676724,5,676729
4560,676795,64,676859
4561,676921,22,676943
4562,676971,66,677037
4563,677048,30,677078
4564,677554,34,677588
4565,677610,6,677616
4566,678009,122,678131
4567,678234,17,678251
4568,678706,105,678811
4569,678815,35,678850
4570,679053,11,679064
4571,679140,9,679149
4572,679189,160,679349
4573,679994,7,680001
4574,680017,20,680037
4575,680358,78,680436
4576,680456,47,680503
4577,680766,9,680775
4578,680792,37,680829
4579,680900,73,680973
4580,681378,8,681386
4581,681427,89,681516
4582,681567,9,681576
4583,681966,3,681969
4584,681983,6,681989
4585,682065,2,682067
4586,682189,3,682192
4587,682256,25,682281
4588,682368,23,682391
4589,682459,13,682472
4590,682613,12,682625
4591,682745,81,682826
4592,682832,160,682992
4593,683021,2,683023
4594,683116,58,683174
4595,683239,69,683308
4596,683391,43,683434
4597,683470,53,683523
4598,683537,43,683580
4599,683590,4,683594
4600,683683,8,683691
4601,683838,86,683924
4602,683984,148,684132
4603,684229,182,684411
4604,684436,13,684449
4605,684534,19,684553
4606,684560,153,684713
4607,684770,22,684792
4608,685351,111,685462
4609,685517,50,685567
4610,685589,22,685611
4611,685665,69,685734
4612,685844,50,685894
4613,686085,51,686136
4614,686155,36,686191
4615,686273,53,686326
4616,686595,2,686597
4617,686625,102,686727
4618,686743,30,686773
4619,687015,33,687048
4620,687072,36,687108
4621,687428,5,687433
4622,687451,38,687489
4623,687542,43,687585
4624,687614,6,687620
4625,687688,4,687692
4626,687943,43,687986
4627,688072,29,688101
4628,688169,161,688330
4629,688390,30,688420
4630,688513,31,688544
4631,688565,29,688594
4632,688621,9,688630
4633,688648,110,688758
4634,688848,19,688867
4635,688904,66,688970
4636,689050,88,689138
4637,689195,40,689235
4638,689476,21,689497
4639,689602,2,689604
4640,689815,75,689890
4641,690136,3,690139
4642,690191,31,690222
4643,690330,5,690335
4644,690628,97,690725
4645,690906,3,690909
4646,690932,115,691047
4647,691186,79,691265
4648,691330,63,691393
4649,691397,78,691475
4650,691673,12,691685
4651,691862,13,691875
4652,692037,38,692075
4653,692281,65,692346
4654,692365,38,692403
4655,692405,16,692421
4656,692626,22,692648
4657,692831,53,692884
4658,692897,19,692916
4659,693242,180,693422
4660,693439,4,693443
4661,693455,9,693464
4662,693723,51,693774
4663,693797,10,693807
4664,693954,42,693996
4665,694007,70,694077
4666,694089,34,694123
4667,694129,38,694167
4668,694354,46,694400
4669,694455,88,694543
4670,694579,35,694614
4671,694620,90,694710
4672,694850,5,694855
4673,694866,21,694887
4674,695018,47,695065
4675,695126,36,695162
4676,695171,12,695183
4677,695320,37,695357
4678,695379,15,695394
4679,695549,39,695588
4680,695636,31,695667
4681,695682,8,695690
4682,695790,18,695808
4683,695819,106,695925
4684,695934,41,695975
4685,696236,1,696237
4686,696322,11,696333
4687,696436,3,696439
4688,696440,19,696459
4689,696544,30,696574
4690,696698,11,696709
4691,696830,53,696883
4692,697229,96,697325
4693,697339,15,697354
4694,697518,103,697621
4695,697658,11,697669
4696,697884,115,697999
4697,698007,31,698038
4698,698049,44,698093
4699,698158,33,698191
4700,698293,1,698294
4701,698314,16,698330
4702,698471,39,698510
4703,698679,129,698808
4704,698826,20,698846
4705,698864,46,698910
4706,698914,83,698997
4707,699083,51,699134
4708,699392,7,699399
4709,699452,60,699512
4710,699523,45,699568
4711,699668,4,699672
4712,699735,5,699740
4713,699785,43,699828
4714,699954,57,700011
4715,700013,21,700034
4716,700175,42,700217
4717,700292,2,700294
4718,700342,40,700382
4719,700459,32,700491
4720,700540,4,700544
4721,700657,39,700696
4722,700732,132,700864
4723,700893,25,700918
4724,701165,28,701193
4725,701264,56,701320
4726,701920,96,702016
4727,702077,12,702089
4728,702209,19,702228
4729,702240,48,702288
4730,702320,11,702331
4731,702548,111,702659
4732,702679,6,702685
4733,703028,44,703072
4734,703261,111,703372
4735,703430,51,703481
4736,703628,18,703646
4737,703804,13,703817
4738,703852,2,703854
4739,704036,151,704187
4740,704254,47,704301
4741,704348,18,704366
4742,704473,28,704501
4743,704703,18,704721
4744,704827,39,704866
4745,704907,24,704931
4746,704950,3,704953
4747,704967,53,705020
4748,705086,61,705147
4749,705314,36,705350
4750,705609,168,705777
4751,705999,14,706013
4752,706017,9,706026
4753,706217,188,706405
4754,706571,85,706656
4755,706835,3,706838
4756,706843,48,706891
4757,706905,1,706906
4758,706936,14,706950
4759,707037,30,707067
4760,707222,143,707365
4761,707389,40,707429
4762,707565,54,707619
4763,707653,117,707770
4764,707777,53,707830
4765,707946,50,707996
4766,708078,12,708090
4767,708167,4,708171
4768,708235,18,708253
4769,708296,45,708341
4770,708527,66,708593
4771,708602,52,708654
4772,708717,52,708769
4773,708822,37,708859
4774,708903,53,708956
4775,709162,101,709263
4776,709283,124,709407
4777,709430,47,709477
4778,709584,36,709620
4779,709634,13,709647
4780,709726,64,709790
4781,709869,58,709927
4782,710174,95,710269
4783,710354,134,710488
4784,710529,40,710569
4785,710677,49,710726
4786,710827,21,710848
4787,711146,19,711165
4788,711257,128,711385
4789,711565,24,711589
4790,711669,54,711723
4791,711742,99,711841
4792,711893,30,711923
4793,711968,36,712004
4794,712170,8,712178
4795,712411,8,712419
4796,712444,60,712504
4797,712564,29,712593
4798,712596,194,712790
4799,713023,138,713161
4800,713289,46,713335
4801,713355,12,713367
4802,713416,3,713419
4803,713472,79,713551
4804,713587,44,713631
4805,713796,11,713807
4806,714119,119,714238
4807,714254,56,714310
4808,714355,94,714449
4809,714545,67,714612
4810,714651,36,714687
4811,714697,75,714772
4812,714787,49,714836
4813,714858,32,714890
4814,715065,13,715078
4815,715228,98,715326
4816,715418,45,715463
4817,715474,7,715481
4818,715593,1,715594
4819,715627,47,715674
4820,715711,26,715737
4821,715850,11,715861
4822,715873,6,715879
4823,716098,135,716233
4824,716532,88,716620
4825,716964,61,717025
4826,717292,67,717359
4827,717419,71,717490
4828,717609,40,717649
4829,717666,63,717729
4830,717770,29,717799
4831,718025,152,718177
4832,718205,34,718239
4833,718305,82,718387
4834,718400,92,718492
4835,718583,5,718588
4836,718701,19,718720
4837,718804,174,718978
4838,719021,27,719048
4839,719150,20,719170
4840,719235,123,719358
4841,719363,124,719487
4842,719494,70,719564
4843,719797,73,719870
4844,719992,3,719995
4845,720016,81,720097
4846,720236,128,720364
4847,720656,23,720679
4848,720789,157,720946
4849,721026,144,721170
4850,721175,12,721187
4851,721348,16,721364
4852,721399,83,721482
4853,721523,30,721553
4854,721574,1,721575
4855,721655,122,721777
4856,722018,27,722045
4857,722082,48,722130
4858,722154,18,722172
4859,722210,5,722215
4860,722254,13,722267
4861,722343,27,722370
4862,722388,87,722475
4863,722546,18,722564
4864,722666,166,722832
4865,722921,253,723174
4866,723324,7,723331
4867,723385,191,723576
4868,723615,8,723623
4869,724113,21,724134
4870,724156,64,724220
4871,724563,123,724686
4872,724733,15,724748
4873,725095,95,725190
4874,725226,20,725246
4875,725301,3,725304
4876,725514,11,725525
4877,725661,10,725671
4878,725729,88,725817
4879,725974,5,725979
4880,726087,23,726110
4881,726120,28,726148
4882,726281,132,726413
4883,726465,2,726467
4884,726617,22,726639
4885,726695,50,726745
4886,726766,124,726890
4887,726899,1,726900
4888,727134,163,727297
4889,727416,36,727452
4890,727720,76,727796
4891,728061,7,728068
4892,728172,86,728258
4893,728340,33,728373
4894,728425,24,728449
4895,728565,41,728606
4896,728779,52,728831
4897,728861,87,728948
4898,728981,8,728989
4899,729047,9,729056
4900,729059,135,729194
4901,729213,57,729270
4902,729284,99,729383
4903,729484,64,729548
4904,729622,90,729712
4905,729990,61,730051
4906,730440,82,730522
4907,730545,4,730549
4908,730612,18,730630
4909,730762,87,730849
4910,731032,128,731160
4911,731185,41,731226
4912,731369,151,731520
4913,731545,34,731579
4914,731690,55,731745
4915,731875,8,731883
4916,732041,56,732097
4917,732114,14,732128
4918,732167,26,732193
4919,732383,20,732403
4920,732421,51,732472
4921,732500,7,732507
4922,732565,14,732579
4923,732584,21,732605
4924,732664,30,732694
4925,732696,22,732718
4926,732856,39,732895
4927,732941,89,733030
4928,733155,21,733176
4929,733301,32,733333
4930,733345,22,733367
4931,733657,69,733726
4932,733865,47,733912
4933,733954,29,733983
4934,734022,113,734135
4935,734198,52,734250
4936,734385,24,734409
4937,734418,3,734421
4938,734427,27,734454
4939,734539,3,734542
4940,734855,70,734925
4941,735016,14,735030
4942,735048,16,735064
4943,735147,1,735148
4944,735186,5,735191
4945,735498,52,735550
4946,735843,39,735882
4947,736080,38,736118
4948,736124,77,736201
4949,736440,5,736445
4950,736481,57,736538
4951,736563,23,736586
4952,736762,62,736824
4953,736846,13,736859
4954,737004,18,737022
4955,737024,8,737032
4956,737104,8,737112
4957,737114,37,737151
4958,737191,24,737215
4959,737422,86,737508
4960,737681,2,737683
4961,737719,9,737728
4962,737896,42,737938
4963,738169,126,738295
4964,738308,17,738325
4965,738506,9,738515
4966,738611,40,738651
4967,738824,20,738844
4968,738936,12,738948
4969,739015,16,739031
4970,739050,47,739097
4971,739103,51,739154
4972,739367,7,739374
4973,739583,4,739587
4974,739774,104,739878
4975,739932,3,739935
4976,739983,69,740052
4977,740255,1,740256
4978,740378,61,740439
4979,740684,33,740717
4980,740770,6,740776
4981,740834,4,740838
4982,740843,9,740852
4983,740863,11,740874
4984,740885,31,740916
4985,740919,1,740920
4986,740979,139,741118
4987,741260,24,741284
4988,741433,24,741457
4989,741731,99,741830
4990,741832,34,741866
4991,742268,72,742340
4992,742403,5,742408
4993,742434,118,742552
4994,742561,18,742579
4995,742735,47,742782
4996,743013,115,743128
4997,743314,14,743328
4998,743745,84,743829
4999,743862,16,743878
5000,744188,27,744215
5001,744265,112,744377
5002,744588,48,744636
5003,744766,33,744799
5004,744828,37,744865
5005,745011,75,745086
5006,745169,7,745176
5007,745270,37,745307
5008,745361,12,745373
5009,745443,16,745459
5010,745518,25,745543
5011,745597,126,745723
5012,745772,17,745789
5013,745941,66,746007
5014,746215,16,746231
5015,746361,37,746398
5016,746432,68,746500
5017,746658,13,746671
5018,746710,24,746734
5019,746783,82,746865
5020,747034,41,747075
5021,747155,25,747180
5022,747345,103,747448
5023,747555,77,747632
5024,747756,3,747759
5025,747838,80,747918
5026,748056,2,748058
5027,748090,17,748107
5028,748134,24,748158
5029,748259,55,748314
5030,748454,48,748502
5031,748543,29,748572
5032,748578,31,748609
5033,748633,243,748876
5034,748933,47,748980
5035,749029,55,749084
5036,749518,58,749576
5037,749663,25,749688
5038,749719,12,749731
5039,749811,52,749863
5040,749963,51,750014
5041,750155,174,750329
5042,750364,53,750417
5043,750607,3,750610
5044,750620,220,750840
5045,750857,21,750878
5046,750925,74,750999
5047,751001,166,751167
5048,751247,84,751331
5049,751494,20,751514
5050,751616,12,751628
5051,751736,25,751761
5052,751847,17,751864
5053,751928,26,751954
5054,752166,16,752182
5055,752230,63,752293
5056,752551,53,752604
5057,752612,11,752623
5058,752781,44,752825
5059,752857,74,752931
5060,752966,16,752982
5061,752997,10,753007
5062,753345,5,753350
5063,753367,74,753441
5064,753445,59,753504
5065,753718,65,753783
5066,753800,13,753813
5067,753827,45,753872
5068,753892,59,753951
5069,754011,56,754067
5070,754159,104,754263
5071,754265,4,754269
5072,754332,7,754339
5073,754362,186,754548
5074,754711,11,754722
5075,754750,27,754777
5076,754855,69,754924
5077,755036,22,755058
5078,755067,11,755078
5079,755247,18,755265
5080,755307,10,755317
5081,755466,6,755472
5082,755516,29,755545
5083,755606,3,755609
5084,755610,57,755667
5085,755686,73,755759
5086,755848,23,755871
5087,755887,54,755941
5088,756113,19,756132
5089,756250,3,756253
5090,756291,43,756334
5091,756366,94,756460
5092,756519,12,756531
5093,757147,16,757163
5094,757223,3,757226
5095,757545,141,757686
5096,757716,5,757721
5097,757746,13,757759
5098,757913,21,757934
5099,757961,10,757971
5100,758189,20,758209
5101,758296,27,758323
5102,758365,12,758377
5103,758629,36,758665
5104,758700,174,758874
5105,758921,14,758935
5106,758958,41,758999
5107,759035,11,759046
5108,759225,8,759233
5109,759458,12,759470
5110,759498,40,759538
5111,759620,32,759652
5112,759786,80,759866
5113,759887,36,759923
5114,760024,52,760076
5115,760168,30,760198
5116,760353,7,760360
5117,760526,78,760604
5118,760629,105,760734
5119,760842,105,760947
5120,760964,10,760974
5121,760999,95,761094
5122,761444,9,761453
5123,761700,11,761711
5124,761728,13,761741
5125,761765,26,761791
5126,761965,69,762034
5127,762040,47,762087
5128,762276,4,762280
5129,762293,19,762312
5130,762510,90,762600
5131,762676,151,762827
5132,763095,3,763098
5133,763443,36,763479
5134,763553,69,763622
5135,763732,47,763779
5136,763856,16,763872
5137,763938,31,763969
5138,764127,8,764135
5139,764189,31,764220
5140,764485,26,764511
5141,764649,136,764785
5142,764801,3,764804
5143,764983,76,765059
5144,765398,4,765402
5145,765590,63,765653
5146,765664,52,765716
5147,765730,45,765775
5148,765797,15,765812
5149,765868,6,765874
5150,765896,27,765923
5151,765989,36,766025
5152,766040,64,766104
5153,766125,58,766183
5154,766256,9,766265
5155,766323,10,766333
5156,766475,6,766481
5157,766605,8,766613
5158,766669,78,766747
5159,766846,14,766860
5160,766892,2,766894
5161,766956,25,766981
5162,767056,49,767105
5163,767228,19,767247
5164,767518,3,767521
5165,767584,30,767614
5166,767874,81,767955
5167,767971,33,768004
5168,768051,8,768059
5169,768527,34,768561
5170,768584,24,768608
5171,768658,21,768679
5172,768750,19,768769
5173,769030,60,769090
5174,769213,3,769216
5175,769310,45,769355
5176,769413,107,769520
5177,769616,30,769646
5178,769917,33,769950
5179,769951,32,769983
5180,770015,4,770019
5181,770115,63,770178
5182,770188,17,770205
5183,770411,39,770450
5184,770503,72,770575
5185,770616,68,770684
5186,770908,42,770950
5187,770953,7,770960
5188,770961,209,771170
5189,771313,9,771322
5190,771632,188,771820
5191,772302,27,772329
5192,772357,95,772452
5193,772647,124,772771
5194,772828,18,772846
5195,772864,33,772897
5196,773063,3,773066
5197,773170,38,773208
5198,773212,13,773225
5199,773422,73,773495
5200,773563,92,773655
5201,773732,35,773767
5202,773794,77,773871
5203,773875,19,773894
5204,774107,60,774167
5205,774196,47,774243
5206,774448,20,774468
5207,774505,70,774575
5208,774777,121,774898
5209,774900,23,774923
5210,775113,148,775261
5211,775327,156,775483
5212,775521,22,775543
5213,775681,41,775722
5214,775821,229,776050
5215,776069,55,776124
5216,776195,6,776201
5217,776340,8,776348
5218,776468,59,776527
5219,776542,21,776563
5220,776567,17,776584
5221,776596,1,776597
5222,776652,2,776654
5223,776673,66,776739
5224,776751,31,776782
5225,777013,159,777172
5226,777228,56,777284
5227,777288,7,777295
5228,777420,7,777427
5229,777441,70,777511
5230,777600,119,777719
5231,777958,24,777982
5232,778228,149,778377
5233,778445,8,778453
5234,778535,26,778561
5235,778610,7,778617
5236,778731,9,778740
5237,778959,79,779038
5238,779080,25,779105
5239,779126,2,779128
5240,779193,9,779202
5241,779206,68,779274
5242,779314,9,779323
5243,779490,3,779493
5244,779533,211,779744
5245,779813,6,779819
5246,780071,10,780081
5247,780176,15,780191
5248,780306,14,780320
5249,780376,75,780451
5250,780527,16,780543
5251,780633,15,780648
5252,780708,38,780746
5253,780796,69,780865
5254,780912,12,780924
5255,780928,6,780934
5256,780985,55,781040
5257,781129,37,781166
5258,781230,12,781242
5259,781243,80,781323
5260,781440,74,781514
5261,781745,165,781910
5262,781940,21,781961
5263,782090,26,782116
5264,782330,175,782505
5265,782513,32,782545
5266,782783,24,782807
5267,782898,4,782902
5268,782918,212,783130
5269,783174,29,783203
5270,783231,17,783248
5271,783394,52,783446
5272,783516,12,783528
5273,783552,117,783669
5274,783862,79,783941
5275,783950,5,783955
5276,783957,18,783975
5277,783995,50,784045
5278,784142,228,784370
5279,784397,14,784411
5280,784429,94,784523
5281,784613,169,784782
5282,784792,45,784837
5283,784849,30,784879
5284,784927,16,784943
5285,784968,126,785094
5286,785183,20,785203
5287,785261,172,785433
5288,785486,58,785544
5289,785592,8,785600
5290,785674,147,785821
5291,785833,91,785924
5292,786021,3,786024
5293,786033,86,786119
5294,786270,92,786362
5295,786429,11,786440
5296,786462,114,786576
5297,786640,12,786652
5298,786709,95,786804
5299,786886,28,786914
5300,787120,47,787167
5301,787301,12,787313
5302,787366,10,787376
5303,787385,49,787434
5304,787493,67,787560
5305,787580,146,787726
5306,787764,6,787770
5307,787774,115,787889
5308,788027,14,788041
5309,788043,58,788101
5310,788102,66,788168
5311,788761,3,788764
5312,788839,59,788898
5313,789058,27,789085
5314,789091,2,789093
5315,789198,22,789220
5316,789241,69,789310
5317,789347,13,789360
5318,789519,30,789549
5319,789688,3,789691
5320,789716,46,789762
5321,789815,19,789834
5322,789855,6,789861
5323,789929,17,789946
5324,789972,164,790136
5325,790164,100,790264
5326,790322,33,790355
5327,790418,14,790432
5328,790554,32,790586
5329,790601,18,790619
5330,790647,24,790671
5331,790706,16,790722
5332,790901,126,791027
5333,791165,19,791184
5334,791279,195,791474
5335,791574,40,791614
5336,791617,7,791624
5337,791685,25,791710
5338,791995,91,792086
5339,792185,12,792197
5340,792382,7,792389
5341,792390,133,792523
5342,792567,20,792587
5343,792915,55,792970
5344,793015,134,793149
5345,793183,59,793242
5346,793337,134,793471
5347,793689,44,793733
5348,793862,41,793903
5349,793920,161,794081
5350,794152,93,794245
5351,794306,127,794433
5352,794573,82,794655
5353,794764,334,795098
5354,795253,38,795291
5355,795466,137,795603
5356,795627,48,795675
5357,795839,22,795861
5358,796018,69,796087
5359,796122,79,796201
5360,796245,28,796273
5361,796295,63,796358
5362,796403,30,796433
5363,796553,66,796619
5364,796784,20,796804
5365,796955,15,796970
5366,797036,7,797043
5367,797098,18,797116
5368,797127,28,797155
5369,797246,20,797266
5370,797618,16,797634
5371,797764,17,797781
5372,797831,37,797868
5373,797886,30,797916
5374,797975,14,797989
5375,798106,24,798130
5376,798296,21,798317
5377,798411,12,798423
5378,798630,6,798636
5379,798757,50,798807
5380,798809,6,798815
5381,798838,102,798940
5382,799062,4,799066
5383,799284,51,799335
5384,799351,29,799380
5385,799877,19,799896
5386,799980,139,800119
5387,800166,45,800211
5388,800231,47,800278
5389,800361,17,800378
5390,800384,54,800438
5391,800460,72,800532
5392,800662,43,800705
5393,800762,2,800764
5394,800924,73,800997
5395,801029,31,801060
5396,801150,1,801151
5397,801226,11,801237
5398,801300,32,801332
5399,801420,5,801425
5400,801479,66,801545
5401,801550,30,801580
5402,801600,18,801618
5403,801631,14,801645
5404,801857,3,801860
5405,801872,30,801902
5406,801936,240,802176
5407,802312,11,802323
5408,802476,299,802775
5409,802841,2,802843
5410,802891,38,802929
5411,802953,72,803025
5412,803169,5,803174
5413,803269,130,803399
5414,803442,18,803460
5415,803491,35,803526
5416,803864,25,803889
5417,804019,1,804020
5418,805083,50,805133
5419,805267,36,805303
5420,805313,14,805327
5421,805472,51,805523
5422,805557,44,805601
5423,805759,22,805781
5424,805896,58,805954
5425,806001,95,806096
5426,806111,45,806156
5427,806389,58,806447
5428,806544,41,806585
5429,806634,22,806656
5430,806775,6,806781
5431,806791,2,806793
5432,807040,18,807058
5433,807104,87,807191
5434,807267,55,807322
5435,807369,329,807698
5436,807825,43,807868
5437,807968,27,807995
5438,807999,83,808082
5439,808294,4,808298
5440,808307,25,808332
5441,808393,164,808557
5442,808598,95,808693
5443,808703,85,808788
5444,808922,19,808941
5445,808990,52,809042
5446,809054,57,809111
5447,809133,180,809313
5448,809481,6,809487
5449,809539,10,809549
5450,809701,76,809777
5451,809875,19,809894
5452,809926,88,810014
5453,810125,48,810173
5454,810215,19,810234
5455,810316,105,810421
5456,810510,28,810538
5457,810611,15,810626
5458,810720,11,810731
5459,810744,57,810801
5460,810860,44,810904
5461,811040,21,811061
5462,811271,5,811276
5463,811485,43,811528
5464,811534,45,811579
5465,811601,93,811694
5466,811710,29,811739
5467,811814,15,811829
5468,811885,22,811907
5469,812052,11,812063
5470,812129,29,812158
5471,812265,63,812328
5472,812339,132,812471
5473,812564,91,812655
5474,812673,1,812674
5475,812725,5,812730
5476,812797,22,812819
5477,812847,32,812879
5478,812892,25,812917
5479,812947,33,812980
5480,813057,1,813058
5481,813100,17,813117
5482,813170,102,813272
5483,813358,4,813362
5484,813570,20,813590
5485,813751,28,813779
5486,813861,23,813884
5487,814015,20,814035
5488,814082,21,814103
5489,814238,12,814250
5490,814470,61,814531
5491,814776,51,814827
5492,814975,3,814978
5493,814996,77,815073
5494,815112,54,815166
5495,815203,21,815224
5496,815430,22,815452
5497,815535,20,815555
5498,815623,91,815714
5499,815729,10,815739
5500,815843,34,815877
5501,815931,25,815956
5502,816198,57,816255
5503,816404,148,816552
5504,816785,195,816980
5505,817000,145,817145
5506,817226,38,817264
5507,817425,1,817426
5508,817429,17,817446
5509,817500,101,817601
5510,817968,22,817990
5511,818022,52,818074
5512,818089,31,818120
5513,818142,63,818205
5514,818233,90,818323
5515,818332,4,818336
5516,818337,52,818389
5517,818511,109,818620
5518,818749,39,818788
5519,818868,11,818879
5520,818968,23,818991
5521,819325,181,819506
5522,819626,29,819655
5523,819787,28,819815
5524,819833,44,819877
5525,820052,25,820077
5526,820418,29,820447
5527,820546,1,820547
5528,820560,58,820618
5529,820672,1,820673
5530,820680,101,820781
5531,820902,214,821116
5532,821129,12,821141
5533,821290,4,821294
5534,821373,22,821395
5535,821416,51,821467
5536,821850,21,821871
5537,821985,22,822007
5538,822261,71,822332
5539,822383,53,822436
5540,822534,24,822558
5541,822667,107,822774
5542,822783,7,822790
5543,822825,10,822835
5544,822919,11,822930
5545,823068,13,823081
5546,823131,18,823149
5547,823250,45,823295
5548,823339,172,823511
5549,823603,53,823656
5550,823662,43,823705
5551,823711,5,823716
5552,823814,29,823843
5553,823991,34,824025
5554,824198,12,824210
5555,824255,11,824266
5556,824270,16,824286
5557,824442,1,824443
5558,824944,13,824957
5559,824997,114,825111
5560,825361,83,825444
5561,825482,8,825490
5562,825547,103,825650
5563,825654,29,825683
5564,825692,90,825782
5565,825788,58,825846
5566,825853,87,825940
5567,826139,31,826170
5568,826357,90,826447
5569,826570,3,826573
5570,826587,66,826653
5571,826737,179,826916
5572,827022,125,827147
5573,827187,111,827298
5574,827333,113,827446
5575,827614,15,827629
5576,827632,66,827698
5577,827795,77,827872
5578,828051,36,828087
5579,828134,3,828137
5580,828329,64,828393
5581,828403,49,828452
5582,828574,74,828648
5583,828672,27,828699
5584,828755,16,828771
5585,828834,56,828890
5586,828960,56,829016
5587,829102,1,829103
5588,829300,3,829303
5589,829390,47,829437
5590,829620,35,829655
5591,829729,8,829737
5592,829947,4,829951
5593,830000,225,830225
5594,830291,13,830304
5595,830341,15,830356
5596,830393,57,830450
5597,830473,121,830594
5598,830755,96,830851
5599,830893,37,830930
5600,831089,47,831136
5601,831248,17,831265
5602,831270,55,831325
5603,831351,170,831521
5604,831741,61,831802
5605,831942,55,831997
5606,832032,34,832066
5607,832067,6,832073
5608,832081,60,832141
5609,832147,41,832188
5610,832456,43,832499
5611,832503,63,832566
5612,832572,44,832616
5613,832738,22,832760
5614,832803,161,832964
5615,833017,33,833050
5616,833190,47,833237
5617,833346,60,833406
5618,833698,122,833820
5619,833895,97,833992
5620,834075,23,834098
5621,834295,57,834352
5622,834414,15,834429
5623,834496,106,834602
5624,834698,28,834726
5625,834734,93,834827
5626,834840,42,834882
5627,835103,39,835142
5628,835237,10,835247
5629,835626,2,835628
5630,835694,8,835702
5631,835965,12,835977
5632,836075,52,836127
5633,836144,66,836210
5634,836264,34,836298
5635,836336,32,836368
5636,836377,174,836551
5637,836655,20,836675
5638,836760,47,836807
5639,836813,38,836851
5640,836887,2,836889
5641,836929,22,836951
5642,837037,12,837049
5643,837085,27,837112
5644,837169,33,837202
5645,837215,36,837251
5646,837254,44,837298
5647,837450,96,837546
5648,837578,51,837629
5649,837716,63,837779
5650,837782,11,837793
5651,837812,11,837823
5652,837861,24,837885
5653,837935,14,837949
5654,837977,23,838000
5655,838073,86,838159
5656,838203,12,838215
5657,838313,33,838346
5658,838356,7,838363
5659,838491,50,838541
5660,838752,81,838833
5661,838848,73,838921
5662,838954,47,839001
5663,839065,32,839097
5664,839255,3,839258
5665,839320,9,839329
5666,839362,3,839365
5667,839554,102,839656
5668,839674,33,839707
5669,839758,60,839818
5670,839937,121,840058
5671,840137,189,840326
5672,840642,123,840765
5673,840849,141,840990
5674,841074,46,841120
5675,841169,83,841252
5676,841347,58,841405
5677,841447,33,841480
5678,842062,93,842155
5679,842408,53,842461
5680,842547,101,842648
5681,842976,73,843049
5682,843123,46,843169
5683,843217,5,843222
5684,843246,6,843252
5685,843341,72,843413
5686,843457,118,843575
5687,843671,97,843768
5688,843849,24,843873
5689,844021,22,844043
5690,844262,42,844304
5691,844422,11,844433
5692,844470,65,844535
5693,844642,59,844701
5694,844797,53,844850
5695,844871,52,844923
5696,845050,36,845086
5697,845121,118,845239
5698,845423,47,845470
5699,845599,13,845612
5700,846092,49,846141
5701,846160,21,846181
5702,846268,3,846271
5703,846273,1,846274
5704,846412,20,846432
5705,846447,42,846489
5706,846777,57,846834
5707,847009,94,847103
5708,847127,33,847160
5709,847171,16,847187
5710,847280,35,847315
5711,847451,7,847458
5712,847641,55,847696
5713,847718,131,847849
5714,848150,54,848204
5715,848348,12,848360
5716,848374,48,848422
5717,848682,14,848696
5718,848777,46,848823
5719,848881,56,848937
5720,848941,24,848965
5721,848989,62,849051
5722,849099,132,849231
5723,849369,95,849464
5724,849772,3,849775
5725,849858,95,849953
5726,849963,14,849977
5727,850057,101,850158
5728,850266,3,850269
5729,850287,23,850310
5730,850331,14,850345
5731,850452,43,850495
5732,850698,54,850752
5733,850759,41,850800
5734,850993,106,851099
5735,851369,25,851394
5736,851472,129,851601
5737,851688,76,851764
5738,851796,6,851802
5739,851940,81,852021
5740,852063,74,852137
5741,852175,98,852273
5742,852472,4,852476
5743,852477,27,852504
5744,852603,80,852683
5745,852726,10,852736
5746,852753,208,852961
5747,853291,40,853331
5748,853335,60,853395
5749,853575,49,853624
5750,853661,2,853663
5751,853694,91,853785
5752,853791,9,853800
5753,853833,41,853874
5754,854102,118,854220
5755,854248,13,854261
5756,854275,28,854303
5757,854400,1,854401
5758,854638,80,854718
5759,855059,77,855136
5760,855137,60,855197
5761,855763,6,855769
5762,855815,75,855890
5763,855956,6,855962
5764,856220,237,856457
5765,856473,33,856506
5766,856683,28,856711
5767,857126,132,857258
5768,857516,23,857539
5769,857640,125,857765
5770,857786,1,857787
5771,857830,77,857907
5772,858015,26,858041
5773,858104,29,858133
5774,858187,35,858222
5775,858285,47,858332
5776,858339,57,858396
5777,858490,7,858497
5778,858590,29,858619
5779,858780,79,858859
5780,858873,17,858890
5781,858992,17,859009
5782,859225,40,859265
5783,859295,99,859394
5784,859511,36,859547
5785,859885,18,859903
5786,860042,74,860116
5787,860143,53,860196
5788,860343,57,860400
5789,860419,72,860491
5790,860503,29,860532
5791,860728,81,860809
5792,860909,36,860945
5793,861323,9,861332
5794,861551,8,861559
5795,861666,330,861996
5796,862093,3,862096
5797,862152,13,862165
5798,862235,19,862254
5799,862387,22,862409
5800,862439,25,862464
5801,862753,48,862801
5802,862874,125,862999
5803,863068,31,863099
5804,863217,87,863304
5805,863384,17,863401
5806,863405,2,863407
5807,863499,99,863598
5808,863662,8,863670
5809,863719,39,863758
5810,863783,125,863908
5811,863973,19,863992
5812,864012,48,864060
5813,864100,86,864186
5814,864258,5,864263
5815,864506,7,864513
5816,864717,10,864727
5817,864779,3,864782
5818,864802,8,864810
5819,864823,207,865030
5820,865511,65,865576
5821,865579,4,865583
5822,865622,156,865778
5823,865849,15,865864
5824,865936,30,865966
5825,865990,5,865995
5826,866082,5,866087
5827,866123,61,866184
5828,866535,132,866667
5829,866677,32,866709
5830,866723,48,866771
5831,866789,49,866838
5832,866964,205,867169
5833,867290,85,867375
5834,867489,14,867503
5835,867581,59,867640
5836,867868,110,867978
5837,867980,18,867998
5838,868002,7,868009
5839,868148,55,868203
5840,868450,38,868488
5841,868556,113,868669
5842,868735,31,868766
5843,868814,26,868840
5844,868890,67,868957
5845,868999,135,869134
5846,869136,4,869140
5847,869257,58,869315
5848,869745,73,869818
5849,869822,40,869862
5850,870070,79,870149
5851,870196,108,870304
5852,870514,159,870673
5853,870854,52,870906
5854,870955,2,870957
5855,871202,281,871483
5856,871515,19,871534
5857,871768,23,871791
5858,871867,140,872007
5859,872026,18,872044
5860,872125,23,872148
5861,872194,98,872292
5862,872324,35,872359
5863,872380,59,872439
5864,872539,56,872595
5865,872621,74,872695
5866,872734,2,872736
5867,872913,7,872920
5868,872926,5,872931
5869,873219,30,873249
5870,873335,47,873382
5871,873396,29,873425
5872,873553,51,873604
5873,873692,28,873720
5874,873847,9,873856
5875,873895,23,873918
5876,873944,65,874009
5877,874072,41,874113
5878,874231,44,874275
5879,874374,20,874394
5880,874449,1,874450
5881,874556,40,874596
5882,874734,77,874811
5883,874842,187,875029
5884,875055,66,875121
5885,875153,93,875246
5886,875360,56,875416
5887,875498,22,875520
5888,875699,8,875707
5889,875719,192,875911
5890,875949,19,875968
5891,876094,3,876097
5892,876191,135,876326
5893,876376,98,876474
5894,876495,22,876517
5895,876633,24,876657
5896,876675,50,876725
5897,876791,215,877006
5898,877060,24,877084
5899,877198,26,877224
5900,877265,70,877335
5901,877343,6,877349
5902,877884,6,877890
5903,877960,39,877999
5904,878153,27,878180
5905,878233,9,878242
5906,878303,3,878306
5907,878310,16,878326
5908,878418,7,878425
5909,878471,50,878521
5910,878710,14,878724
5911,878875,79,878954
5912,879098,35,879133
5913,879268,13,879281
5914,879292,20,879312
5915,879333,69,879402
5916,879639,124,879763
5917,879872,25,879897
5918,879951,32,879983
5919,879988,1,879989
5920,880011,48,880059
5921,880135,50,880185
5922,880291,28,880319
5923,880386,50,880436
5924,880553,70,880623
5925,880844,57,880901
5926,881024,20,881044
5927,881046,63,881109
5928,881421,66,881487
5929,881530,54,881584
5930,881791,7,881798
5931,881808,151,881959
5932,882233,41,882274
5933,882387,30,882417
5934,882564,97,882661
5935,882854,2,882856
5936,882970,31,883001
5937,883140,31,883171
5938,883359,4,883363
5939,883529,17,883546
5940,883582,354,883936
5941,884063,82,884145
5942,884255,19,884274
5943,884311,26,884337
5944,884572,9,884581
5945,884774,22,884796
5946,884903,38,884941
5947,885171,35,885206
5948,885233,6,885239
5949,885406,5,885411
5950,885496,89,885585
5951,885683,47,885730
5952,885888,6,885894
5953,885895,28,885923
5954,885969,21,885990
5955,886034,32,886066
5956,886117,222,886339
5957,886539,163,886702
5958,886780,15,886795
5959,886889,36,886925
5960,886977,34,887011
5961,887141,12,887153
5962,887342,8,887350
5963,887376,6,887382
5964,887529,11,887540
5965,887571,16,887587
5966,887634,40,887674
5967,887794,31,887825
5968,887875,70,887945
5969,888060,16,888076
5970,888134,18,888152
5971,888166,95,888261
5972,888322,27,888349
5973,888553,261,888814
5974,889280,112,889392
5975,889457,8,889465
5976,889469,1,889470
5977,889483,34,889517
5978,889694,55,889749
5979,889849,8,889857
5980,889903,33,889936
5981,890077,24,890101
5982,890262,48,890310
5983,890344,109,890453
5984,890457,121,890578
5985,890740,36,890776
5986,890837,64,890901
5987,890960,2,890962
5988,891261,14,891275
5989,891337,7,891344
5990,891353,10,891363
5991,891380,24,891404
5992,891615,23,891638
5993,891678,21,891699
5994,892238,110,892348
5995,892374,71,892445
5996,892520,19,892539
5997,892611,38,892649
5998,892688,41,892729
5999,892760,2,892762
6000,892811,97,892908
6001,893008,41,893049
6002,893114,49,893163
6003,893286,15,893301
6004,893332,74,893406
6005,893488,34,893522
6006,893677,28,893705
6007,893833,151,893984
6008,894099,14,894113
6009,894282,32,894314
6010,894407,41,894448
6011,894460,86,894546
6012,894561,39,894600
6013,894960,31,894991
6014,895313,31,895344
6015,895625,21,895646
6016,895743,10,895753
6017,895755,7,895762
6018,895938,80,896018
6019,896084,47,896131
6020,896349,28,896377
6021,896442,33,896475
6022,896543,33,896576
6023,896582,39,896621
6024,896789,27,896816
6025,896978,49,897027
6026,897061,87,897148
6027,897169,89,897258
6028,897286,90,897376
6029,897546,100,897646
6030,897713,208,897921
6031,897928,167,898095
6032,898261,35,898296
6033,898311,98,898409
6034,898578,116,898694
6035,898742,50,898792
6036,898907,40,898947
6037,899029,62,899091
6038,899199,34,899233
6039,899384,58,899442
6040,899465,15,899480
6041,899557,86,899643
6042,899716,13,899729
6043,899745,63,899808
6044,899847,9,899856
6045,899999,10,900009
6046,900223,38,900261
6047,900289,16,900305
6048,900347,14,900361
6049,900619,233,900852
6050,900972,111,901083
6051,901164,27,901191
6052,901276,36,901312
6053,901358,70,901428
6054,901461,27,901488
6055,901525,145,901670
6056,901763,32,901795
6057,901876,23,901899
6058,901933,42,901975
6059,902023,31,902054
6060,902207,13,902220
6061,902235,7,902242
6062,902298,20,902318
6063,902330,132,902462
6064,902526,25,902551
6065,902586,96,902682
6066,903041,26,903067
6067,903130,17,903147
6068,903445,12,903457
6069,903528,18,903546
6070,903791,30,903821
6071,903833,23,903856
6072,903997,64,904061
6073,904111,53,904164
6074,904366,21,904387
6075,904443,108,904551
6076,904692,9,904701
6077,904745,5,904750
6078,904792,135,904927
6079,904934,55,904989
6080,905201,60,905261
6081,905329,381,905710
6082,905756,7,905763
6083,905912,13,905925
6084,905958,109,906067
6085,906292,49,906341
6086,906509,1,906510
6087,906544,50,906594
6088,906599,65,906664
6089,906774,34,906808
6090,907040,68,907108
6091,907273,32,907305
6092,907349,34,907383
6093,907408,33,907441
6094,907529,29,907558
6095,907672,8,907680
6096,907750,30,907780
6097,907819,46,907865
6098,908007,47,908054
6099,908360,163,908523
6100,908540,65,908605
6101,908898,15,908913
6102,909010,80,909090
6103,909303,64,909367
6104,909442,19,909461
6105,909524,98,909622
6106,909704,31,909735
6107,909822,17,909839
6108,909921,42,909963
6109,910168,15,910183
6110,910347,38,910385
6111,910447,53,910500
6112,910736,47,910783
6113,910861,1,910862
6114,910979,6,910985
6115,911049,74,911123
6116,911256,4,911260
6117,911323,4,911327
6118,911507,206,911713
6119,911745,22,911767
6120,911769,19,911788
6121,911923,19,911942
6122,911961,30,911991
6123,912161,169,912330
6124,912404,59,912463
6125,912493,60,912553
6126,912589,45,912634
6127,912665,12,912677
6128,912930,110,913040
6129,913177,16,913193
6130,913231,54,913285
6131,913309,64,913373
6132,913491,93,913584
6133,913695,24,913719
6134,913866,93,913959
6135,914007,12,914019
6136,914192,42,914234
6137,914257,7,914264
6138,914348,35,914383
6139,914427,126,914553
6140,914679,26,914705
6141,914759,48,914807
6142,914840,9,914849
6143,914872,222,915094
6144,915291,66,915357
6145,915497,88,915585
6146,915643,24,915667
6147,915685,93,915778
6148,915873,79,915952
6149,916019,84,916103
6150,916115,40,916155
6151,916346,67,916413
6152,916436,28,916464
6153,916515,62,916577
6154,916705,64,916769
6155,916803,113,916916
6156,917014,6,917020
6157,917215,7,917222
6158,917347,11,917358
6159,917423,24,917447
6160,917462,30,917492
6161,917557,24,917581
6162,917678,1,917679
6163,917819,30,917849
6164,917926,74,918000
6165,918006,132,918138
6166,918149,4,918153
6167,918493,42,918535
6168,918620,39,918659
6169,918684,38,918722
6170,918742,47,918789
6171,918885,31,918916
6172,918925,170,919095
6173,919284,50,919334
6174,919367,27,919394
6175,919520,13,919533
6176,919536,40,919576
6177,919642,42,919684
6178,919781,12,919793
6179,919794,19,919813
6180,919835,86,919921
6181,919930,28,919958
6182,920017,10,920027
6183,920276,57,920333
6184,920335,33,920368
6185,920387,26,920413
6186,920528,6,920534
6187,920576,30,920606
6188,920678,4,920682
6189,920832,2,920834
6190,921077,2,921079
6191,921166,66,921232
6192,921393,9,921402
6193,921407,66,921473
6194,921496,9,921505
6195,921546,7,921553
6196,921583,11,921594
6197,921723,14,921737
6198,921835,47,921882
6199,921885,20,921905
6200,921985,19,922004
6201,922217,60,922277
6202,922362,42,922404
6203,922442,79,922521
6204,922599,11,922610
6205,922631,3,922634
6206,922650,102,922752
6207,922838,13,922851
6208,922905,3,922908
6209,922930,33,922963
6210,923155,104,923259
6211,923329,92,923421
6212,923464,122,923586
6213,923770,77,923847
6214,923931,17,923948
6215,924011,49,924060
6216,924228,56,924284
6217,924341,13,924354
6218,924462,120,924582
6219,924622,27,924649
6220,924732,45,924777
6221,924816,19,924835
6222,924836,76,924912
6223,924950,47,924997
6224,925191,33,925224
6225,925229,58,925287
6226,925422,27,925449
6227,925530,104,925634
6228,925690,18,925708
6229,926405,22,926427
6230,926447,42,926489
6231,926496,22,926518
6232,926677,36,926713
6233,926812,2,926814
6234,926819,77,926896
6235,926917,112,927029
6236,927093,130,927223
6237,927262,46,927308
6238,927438,146,927584
6239,927593,136,927729
6240,928034,58,928092
6241,928255,1,928256
6242,928340,153,928493
6243,928522,8,928530
6244,928652,50,928702
6245,928808,5,928813
6246,928932,143,929075
6247,929467,65,929532
6248,929554,13,929567
6249,929594,17,929611
6250,929615,19,929634
6251,929640,45,929685
6252,929689,6,929695
6253,929726,38,929764
6254,930071,6,930077
6255,930109,36,930145
6256,930169,53,930222
6257,930351,344,930695
6258,930711,14,930725
6259,930963,65,931028
6260,931070,11,931081
6261,931241,23,931264
6262,931389,236,931625
6263,931635,75,931710
6264,931906,40,931946
6265,931971,23,931994
6266,932110,39,932149
6267,932290,10,932300
6268,932669,46,932715
6269,932849,139,932988
6270,932999,48,933047
6271,933048,59,933107
6272,933112,5,933117
6273,933456,145,933601
6274,933602,38,933640
6275,933727,95,933822
6276,933852,29,933881
6277,933887,13,933900
6278,934119,66,934185
6279,934250,29,934279
6280,934526,3,934529
6281,934593,12,934605
6282,934720,40,934760
6283,934824,66,934890
6284,934904,65,934969
6285,935129,21,935150
6286,935259,70,935329
6287,935443,30,935473
6288,935564,11,935575
6289,935605,8,935613
6290,935624,97,935721
6291,935812,33,935845
6292,936034,99,936133
6293,936153,11,936164
6294,936281,39,936320
6295,936381,28,936409
6296,936410,132,936542
6297,936649,68,936717
6298,936742,23,936765
6299,936773,146,936919
6300,936921,7,936928
6301,937062,58,937120
6302,937164,15,937179
6303,937212,30,937242
6304,937319,5,937324
6305,937487,97,937584
6306,937675,36,937711
6307,937744,19,937763
6308,937830,2,937832
6309,938029,22,938051
6310,938285,23,938308
6311,938653,33,938686
6312,938737,68,938805
6313,938950,85,939035
6314,939041,6,939047
6315,939085,1,939086
6316,939122,41,939163
6317,939189,100,939289
6318,939505,37,939542
6319,939597,1,939598
6320,939604,14,939618
6321,939667,29,939696
6322,939752,9,939761
6323,939762,95,939857
6324,939957,87,940044
6325,940181,20,940201
6326,940217,171,940388
6327,940408,57,940465
6328,940522,116,940638
6329,940741,1,940742
6330,940925,44,940969
6331,940987,69,941056
6332,941219,12,941231
6333,941287,35,941322
6334,941326,9,941335
6335,941507,47,941554
6336,941724,43,941767
6337,941798,12,941810
6338,941862,88,941950
6339,942003,40,942043
6340,942127,35,942162
6341,942219,138,942357
6342,942459,19,942478
6343,942520,8,942528
6344,942614,68,942682
6345,942731,16,942747
6346,942757,60,942817
6347,943023,112,943135
6348,943278,49,943327
6349,943344,58,943402
6350,943453,37,943490
6351,943597,13,943610
6352,943675,20,943695
6353,943916,90,944006
6354,944007,42,944049
6355,944207,87,944294
6356,944400,119,944519
6357,944605,5,944610
6358,944680,88,944768
6359,944894,71,944965
6360,945115,104,945219
6361,945220,221,945441
6362,945446,13,945459
6363,945481,48,945529
6364,945588,99,945687
6365,945751,85,945836
6366,945937,93,946030
6367,946148,24,946172
6368,946212,33,946245
6369,946271,10,946281
6370,946433,34,946467
6371,946538,14,946552
6372,946570,55,946625
6373,946816,32,946848
6374,946877,10,946887
6375,947034,4,947038
6376,947100,88,947188
6377,947193,20,947213
6378,947248,34,947282
6379,947313,94,947407
6380,947477,1,947478
6381,947481,67,947548
6382,947684,16,947700
6383,947742,7,947749
6384,947891,47,947938
6385,947969,8,947977
6386,948073,14,948087
6387,948196,17,948213
6388,948380,62,948442
6389,948592,67,948659
6390,948702,14,948716
6391,948807,20,948827
6392,948841,6,948847
6393,948888,174,949062
6394,949229,58,949287
6395,949437,5,949442
6396,949543,35,949578
6397,949638,32,949670
6398,949913,74,949987
6399,950025,34,950059
6400,950154,13,950167
6401,950196,34,950230
6402,950283,59,950342
6403,950433,26,950459
6404,950477,44,950521
6405,950673,38,950711
6406,950831,36,950867
6407,950995,39,951034
6408,951043,3,951046
6409,951167,78,951245
6410,951389,130,951519
6411,951578,5,951583
6412,951666,13,951679
6413,951685,51,951736
6414,951757,66,951823
6415,952157,64,952221
6416,952427,16,952443
6417,952453,9,952462
6418,952540,1,952541
6419,952571,69,952640
6420,952650,82,952732
6421,952878,13,952891
6422,952933,28,952961
6423,953043,56,953099
6424,953198,8,953206
6425,953341,40,953381
6426,953500,31,953531
6427,953684,19,953703
6428,953773,18,953791
6429,953973,60,954033
6430,954145,14,954159
6431,954177,2,954179
6432,954361,28,954389
6433,954492,11,954503
6434,954519,5,954524
6435,954950,79,955029
6436,955086,11,955097
6437,955180,57,955237
6438,955246,81,955327
6439,955365,39,955404
6440,955413,55,955468
6441,955568,34,955602
6442,955731,82,955813
6443,956021,8,956029
6444,956096,7,956103
6445,956142,35,956177
6446,956204,10,956214
6447,956268,90,956358
6448,956509,7,956516
6449,956642,4,956646
6450,956651,91,956742
6451,956748,10,956758
6452,956945,38,956983
6453,956987,55,957042
6454,957140,147,957287
6455,957366,96,957462
6456,957506,71,957577
6457,957910,46,957956
6458,958057,171,958228
6459,958253,49,958302
6460,958312,50,958362
6461,958363,152,958515
6462,958565,15,958580
6463,958615,35,958650
6464,958785,66,958851
6465,958976,153,959129
6466,959195,4,959199
6467,959251,217,959468
6468,959548,78,959626
6469,959916,38,959954
6470,960163,54,960217
6471,960466,5,960471
6472,960639,25,960664
6473,960702,43,960745
6474,960837,4,960841
6475,960854,28,960882
6476,960978,77,961055
6477,961093,1,961094
6478,961174,17,961191
6479,961359,2,961361
6480,961388,326,961714
6481,961996,58,962054
6482,962056,202,962258
6483,962361,10,962371
6484,962430,73,962503
6485,962586,17,962603
6486,962955,40,962995
6487,963161,20,963181
6488,963328,13,963341
6489,963390,52,963442
6490,963444,27,963471
6491,963502,75,963577
6492,963740,39,963779
6493,963908,52,963960
6494,963980,15,963995
6495,964024,147,964171
6496,964232,9,964241
6497,964336,8,964344
6498,964686,48,964734
6499,964802,86,964888
6500,964988,48,965036
6501,965338,29,965367
6502,965516,56,965572
6503,965610,16,965626
6504,965646,18,965664
6505,965696,14,965710
6506,965728,100,965828
6507,965835,170,966005
6508,966008,121,966129
6509,966134,29,966163
6510,966276,15,966291
6511,966715,13,966728
6512,966734,3,966737
6513,966937,72,967009
6514,967135,3,967138
6515,967161,4,967165
6516,967397,4,967401
6517,967416,22,967438
6518,967481,22,967503
6519,967512,45,967557
6520,967575,15,967590
6521,967616,21,967637
6522,967664,48,967712
6523,967741,27,967768
6524,967788,14,967802
6525,967837,77,967914
6526,967935,62,967997
6527,968156,14,968170
6528,968242,51,968293
6529,968382,26,968408
6530,968447,44,968491
6531,968544,48,968592
6532,968638,20,968658
6533,968733,89,968822
6534,968843,28,968871
6535,968905,30,968935
6536,968971,73,969044
6537,969076,29,969105
6538,969166,51,969217
6539,969362,23,969385
6540,969389,36,969425
6541,969444,171,969615
6542,969644,62,969706
6543,969942,43,969985
6544,970198,84,970282
6545,970324,87,970411
6546,970423,58,970481
6547,970671,40,970711
6548,970901,115,971016
6549,971055,17,971072
6550,971080,12,971092
6551,971135,30,971165
6552,971445,27,971472
6553,971604,35,971639
6554,971783,65,971848
6555,971929,58,971987
6556,972007,77,972084
6557,972155,28,972183
6558,972214,18,972232
6559,972300,39,972339
6560,972464,57,972521
6561,972553,30,972583
6562,972629,24,972653
6563,972718,33,972751
6564,972824,30,972854
6565,972898,37,972935
6566,972973,80,973053
6567,973100,145,973245
6568,973248,15,973263
6569,973283,62,973345
6570,973391,100,973491
6571,973549,35,973584
6572,973592,334,973926
6573,974025,43,974068
6574,974218,11,974229
6575,974369,168,974537
6576,974874,42,974916
6577,974965,7,974972
6578,975050,4,975054
6579,975099,165,975264
6580,975314,67,975381
6581,975455,97,975552
6582,975868,139,976007
6583,976192,8,976200
6584,976261,24,976285
6585,976363,58,976421
6586,976522,11,976533
6587,976594,12,976606
6588,976607,27,976634
6589,976646,37,976683
6590,976980,6,976986
6591,976999,79,977078
6592,977230,12,977242
6593,977297,335,977632
6594,977662,2,977664
6595,977944,8,977952
6596,978004,13,978017
6597,978157,37,978194
6598,978279,51,978330
6599,978335,28,978363
6600,978364,25,978389
6601,978462,26,978488
6602,978502,19,978521
6603,978558,50,978608
6604,978633,12,978645
6605,978651,22,978673
6606,978777,28,978805
6607,978825,19,978844
6608,978961,32,978993
6609,979007,3,979010
6610,979038,6,979044
6611,979558,49,979607
6612,979627,49,979676
6613,979828,7,979835
6614,979904,29,979933
6615,979994,57,980051
6616,980065,10,980075
6617,980103,28,980131
6618,980155,32,980187
6619,980224,142,980366
6620,980514,49,980563
6621,980599,143,980742
6622,980889,18,980907
6623,980910,108,981018
6624,981074,11,981085
6625,981133,1,981134
6626,981254,79,981333
6627,981471,57,981528
6628,981568,40,981608
6629,981661,7,981668
6630,981709,72,981781
6631,981984,17,982001
6632,982075,70,982145
6633,982171,87,982258
6634,982606,39,982645
6635,982981,36,983017
6636,983046,29,983075
6637,983119,91,983210
6638,983456,29,983485
6639,983532,114,983646
6640,983735,33,983768
6641,983769,64,983833
6642,983857,27,983884
6643,983988,74,984062
6644,984112,13,984125
6645,984189,54,984243
6646,984486,70,984556
6647,984731,20,984751
6648,984842,117,984959
6649,984983,26,985009
6650,985279,26,985305
6651,985339,61,985400
6652,985415,11,985426
6653,985447,26,985473
6654,985751,42,985793
6655,985849,11,985860
6656,985982,37,986019
6657,986029,16,986045
6658,986284,45,986329
6659,986333,4,986337
6660,986381,48,986429
6661,986606,4,986610
6662,986828,17,986845
6663,987053,48,987101
6664,987131,1,987132
6665,987388,4,987392
6666,987444,51,987495
6667,987567,31,987598
6668,987612,37,987649
6669,987674,116,987790
6670,987860,107,987967
6671,987989,8,987997
6672,988176,9,988185
6673,988347,32,988379
6674,988396,8,988404
6675,988417,21,988438
6676,988570,3,988573
6677,988633,82,988715
6678,988940,17,988957
6679,988977,14,988991
6680,989007,41,989048
6681,989201,7,989208
6682,989290,9,989299
6683,989305,34,989339
6684,989396,81,989477
6685,989594,76,989670
6686,989840,34,989874
6687,989896,57,989953
6688,989958,179,990137
6689,990176,23,990199
6690,990304,114,990418
6691,990552,9,990561
6692,990646,100,990746
6693,990935,8,990943
6694,990944,23,990967
6695,991009,20,991029
6696,991068,140,991208
6697,991397,56,991453
6698,991727,36,991763
6699,991794,1,991795
6700,991870,37,991907
6701,991962,173,992135
6702,992200,57,992257
6703,992272,132,992404
6704,992432,23,992455
6705,992929,9,992938
6706,992973,2,992975
6707,993012,38,993050
6708,993058,41,993099
6709,993293,21,993314
6710,993603,45,993648
6711,993773,6,993779
6712,994022,45,994067
6713,994285,43,994328
6714,994453,21,994474
6715,994646,27,994673
6716,994734,22,994756
6717,994840,150,994990
6718,995019,18,995037
6719,995109,18,995127
6720,995235,16,995251
6721,995350,117,995467
6722,995521,10,995531
6723,995567,31,995598
6724,995698,170,995868
6725,996007,9,996016
6726,996394,56,996450
6727,996458,10,996468
6728,996480,19,996499
6729,996620,6,996626
6730,996854,8,996862
6731,996896,51,996947
6732,997060,22,997082
6733,997191,33,997224
6734,997250,10,997260
6735,997313,62,997375
6736,997455,24,997479
6737,997481,24,997505
6738,997649,4,997653
6739,998070,15,998085
6740,998159,50,998209
6741,998429,12,998441
6742,998458,48,998506
6743,998511,38,998549
6744,998565,180,998745
6745,998814,56,998870
6746,998991,5,998996
6747,999555,49,999604
6748,999630,42,999672
6749,999750,26,999776
6750,999814,55,999869
6751,999901,37,999938
6752,999967,345,1000312
6753,1000330,4,1000334
6754,1000364,63,1000427
6755,1000598,38,1000636
6756,1000670,15,1000685
6757,1000750,77,1000827
6758,1000886,103,1000989
6759,1001122,23,1001145
6760,1001237,94,1001331
6761,1001351,41,1001392
6762,1001473,24,1001497
6763,1001545,89,1001634
6764,1001651,84,1001735
6765,1001737,78,1001815
6766,1001822,151,1001973
6767,1002045,42,1002087
6768,1002243,1,1002244
6769,1002281,115,1002396
6770,1002669,97,1002766
6771,1002872,20,1002892
6772,1002980,56,1003036
6773,1003109,48,1003157
6774,1003267,16,1003283
6775,1003290,4,1003294
6776,1003519,42,1003561
6777,1003684,107,1003791
6778,1003970,18,1003988
6779,1004020,99,1004119
6780,1004166,46,1004212
6781,1004339,108,1004447
6782,1004474,2,1004476
6783,1004487,37,1004524
6784,1004526,87,1004613
6785,1004676,61,1004737
6786,1004795,3,1004798
6787,1005012,37,1005049
6788,1005072,48,1005120
6789,1005183,114,1005297
6790,1005319,49,1005368
6791,1005441,5,1005446
6792,1005492,49,1005541
6793,1005818,107,1005925
6794,1006256,15,1006271
6795,1006276,4,1006280
6796,1006366,21,1006387
6797,1006514,10,1006524
6798,1006680,46,1006726
6799,1006839,92,1006931
6800,1006952,53,1007005
6801,1007023,8,1007031
6802,1007068,46,1007114
6803,1007146,64,1007210
6804,1007235,27,1007262
6805,1007387,34,1007421
6806,1007496,71,1007567
6807,1007579,116,1007695
6808,1007801,9,1007810
6809,1007895,29,1007924
6810,1008258,8,1008266
6811,1008329,17,1008346
6812,1008360,38,1008398
6813,1008409,8,1008417
6814,1008665,156,1008821
6815,1009039,84,1009123
6816,1009202,10,1009212
6817,1009259,23,1009282
6818,1009574,20,1009594
6819,1009692,62,1009754
6820,1009963,63,1010026
6821,1010061,91,1010152
6822,1010242,133,1010375
6823,1010546,87,1010633
6824,1010648,145,1010793
6825,1010823,94,1010917
6826,1011103,39,1011142
6827,1011175,11,1011186
6828,1011254,25,1011279
6829,1011349,109,1011458
6830,1011507,61,1011568
6831,1011578,37,1011615
6832,1011635,9,1011644
6833,1011701,18,1011719
6834,1011838,13,1011851
6835,1012000,41,1012041
6836,1012159,20,1012179
6837,1012262,28,1012290
6838,1012319,24,1012343
6839,1012488,32,1012520
6840,1012664,43,1012707
6841,1012725,51,1012776
6842,1012983,60,1013043
6843,1013071,2,1013073
6844,1013114,31,1013145
6845,1013330,23,1013353
6846,1013542,64,1013606
6847,1013620,39,1013659
6848,1013908,2,1013910
6849,1014374,37,1014411
6850,1014553,1,1014554
6851,1014572,37,1014609
6852,1014716,50,1014766
6853,1014949,114,1015063
6854,1015144,87,1015231
6855,1015293,41,1015334
6856,1015756,17,1015773
6857,1015866,98,1015964
6858,1016003,39,1016042
6859,1016061,8,1016069
6860,1016110,29,1016139
6861,1016267,20,1016287
6862,1016317,62,1016379
6863,1016412,68,1016480
6864,1016549,78,1016627
6865,1016663,8,1016671
6866,1016676,10,1016686
6867,1016772,27,1016799
6868,1016800,3,1016803
6869,1016935,9,1016944
6870,1016969,39,1017008
6871,1017016,11,1017027
6872,1017115,34,1017149
6873,1017161,138,1017299
6874,1017325,89,1017414
6875,1017445,2,1017447
6876,1017601,58,1017659
6877,1017744,25,1017769
6878,1017826,28,1017854
6879,1018028,106,1018134
6880,1018282,71,1018353
6881,1018375,97,1018472
6882,1018987,2,1018989
6883,1019053,77,1019130
6884,1019221,31,1019252
6885,1019541,77,1019618
6886,1019733,11,1019744
6887,1019890,49,1019939
6888,1020206,70,1020276
6889,1020278,38,1020316
6890,1020335,408,1020743
6891,1020779,38,1020817
6892,1021021,22,1021043
6893,1021096,22,1021118
6894,1021121,1,1021122
6895,1021133,34,1021167
6896,1021255,41,1021296
6897,1021447,41,1021488
6898,1021504,57,1021561
6899,1021677,48,1021725
6900,1021773,27,1021800
6901,1021804,8,1021812
6902,1021834,51,1021885
6903,1021990,6,1021996
6904,1022083,48,1022131
6905,1022181,75,1022256
6906,1022269,41,1022310
6907,1022365,30,1022395
6908,1022397,20,1022417
6909,1022630,12,1022642
6910,1022658,17,1022675
6911,1022701,3,1022704
6912,1022711,78,1022789
6913,1022913,109,1023022
6914,1023074,100,1023174
6915,1023220,93,1023313
6916,1023314,44,1023358
6917,1023395,5,1023400
6918,1023428,10,1023438
6919,1023450,1,1023451
6920,1023570,45,1023615
6921,1023723,41,1023764
6922,1024086,37,1024123
6923,1024143,27,1024170
6924,1024245,47,1024292
6925,1024371,66,1024437
6926,1024477,64,1024541
6927,1024620,25,1024645
6928,1024703,7,1024710
6929,1024736,64,1024800
6930,1024884,48,1024932
6931,1025111,21,1025132
6932,1025254,46,1025300
6933,1025682,12,1025694
6934,1025808,30,1025838
6935,1025940,50,1025990
6936,1026055,11,1026066
6937,1026180,20,1026200
6938,1026234,24,1026258
6939,1026820,23,1026843
6940,1027039,98,1027137
6941,1027404,131,1027535
6942,1027788,61,1027849
6943,1027938,53,1027991
6944,1028067,78,1028145
6945,1028216,65,1028281
6946,1028303,83,1028386
6947,1028397,5,1028402
6948,1028421,135,1028556
6949,1028568,17,1028585
6950,1028682,156,1028838
6951,1029216,41,1029257
6952,1029426,133,1029559
6953,1029620,20,1029640
6954,1029717,19,1029736
6955,1029753,80,1029833
6956,1029875,107,1029982
6957,1030055,33,1030088
6958,1030129,36,1030165
6959,1030224,50,1030274
6960,1030278,162,1030440
6961,1030468,43,1030511
6962,1030542,33,1030575
6963,1030589,9,1030598
6964,1031017,163,1031180
6965,1031225,108,1031333
6966,1031399,58,1031457
6967,1031678,14,1031692
6968,1031897,171,1032068
6969,1032092,49,1032141
6970,1032368,2,1032370
6971,1032512,74,1032586
6972,1032630,14,1032644
6973,1032700,71,1032771
6974,1032974,63,1033037
6975,1033467,45,1033512
6976,1033562,1,1033563
6977,1033703,10,1033713
6978,1034190,3,1034193
6979,1034202,24,1034226
6980,1034304,6,1034310
6981,1034370,148,1034518
6982,1034521,83,1034604
6983,1034623,109,1034732
6984,1034743,54,1034797
6985,1034895,30,1034925
6986,1034947,111,1035058
6987,1035131,100,1035231
6988,1035283,78,1035361
6989,1035371,115,1035486
6990,1035780,11,1035791
6991,1036137,2,1036139
6992,1036170,9,1036179
6993,1036371,32,1036403
6994,1036485,26,1036511
6995,1036648,49,1036697
6996,1036729,35,1036764
6997,1036812,35,1036847
6998,1036872,35,1036907
6999,1036990,35,1037025
7000,1037265,5,1037270
7001,1037543,57,1037600
7002,1037673,21,1037694
7003,1037737,97,1037834
7004,1038014,214,1038228
7005,1038276,10,1038286
7006,1038344,20,1038364
7007,1038375,62,1038437
7008,1038559,86,1038645
7009,1038806,70,1038876
7010,1038891,2,1038893
7011,1038992,9,1039001
7012,1039317,64,1039381
7013,1039620,10,1039630
7014,1039646,59,1039705
7015,1039729,55,1039784
7016,1040201,98,1040299
7017,1040374,5,1040379
7018,1040609,84,1040693
7019,1040743,31,1040774
7020,1040915,170,1041085
7021,1041117,36,1041153
7022,1041154,55,1041209
7023,1041211,38,1041249
7024,1041501,7,1041508
7025,1041557,4,1041561
7026,1041615,6,1041621
7027,1041663,53,1041716
7028,1041784,44,1041828
7029,1041861,20,1041881
7030,1041990,70,1042060
7031,1042083,58,1042141
7032,1042310,47,1042357
7033,1042403,16,1042419
7034,1042564,14,1042578
7035,1042688,32,1042720
7036,1042750,116,1042866
7037,1042987,21,1043008
7038,1043060,73,1043133
7039,1043217,19,1043236
7040,1043401,30,1043431
7041,1043513,20,1043533
7042,1043653,81,1043734
7043,1043822,69,1043891
7044,1044226,38,1044264
7045,1044385,109,1044494
7046,1044554,11,1044565
7047,1044640,42,1044682
7048,1044913,15,1044928
7049,1044948,11,1044959
7050,1045060,68,1045128
7051,1045272,32,1045304
7052,1045366,106,1045472
7053,1045627,8,1045635
7054,1045717,39,1045756
7055,1045813,36,1045849
7056,1045939,59,1045998
7057,1046086,11,1046097
7058,1046308,6,1046314
7059,1046573,40,1046613
7060,1046669,70,1046739
7061,1046747,17,1046764
7062,1046827,40,1046867
7063,1046976,11,1046987
7064,1047027,15,1047042
7065,1047185,69,1047254
7066,1047346,38,1047384
7067,1047416,74,1047490
7068,1047599,25,1047624
7069,1047764,22,1047786
7070,1047805,21,1047826
7071,1047870,23,1047893
7072,1048190,33,1048223
7073,1048304,30,1048334
7074,1048384,9,1048393
7075,1048488,15,1048503
7076,1048526,98,1048624
7077,1048628,60,1048688
7078,1048928,3,1048931
7079,1048959,61,1049020
7080,1049253,36,1049289
7081,1049325,81,1049406
7082,1049465,41,1049506
7083,1049553,63,1049616
7084,1049626,4,1049630
7085,1049849,37,1049886
7086,1049981,34,1050015
7087,1050262,88,1050350
7088,1050421,34,1050455
7089,1050569,27,1050596
7090,1050627,5,1050632
7091,1050640,45,1050685
7092,1050943,18,1050961
7093,1051014,45,1051059
7094,1051138,1,1051139
7095,1051255,5,1051260
7096,1051264,27,1051291
7097,1051350,1,1051351
7098,1051575,81,1051656
7099,1051785,110,1051895
7100,1052078,34,1052112
7101,1052123,80,1052203
7102,1052369,127,1052496
7103,1052563,150,1052713
7104,1053604,7,1053611
7105,1054015,12,1054027
7106,1054195,7,1054202
7107,1054414,78,1054492
7108,1054568,38,1054606
7109,1054720,21,1054741
7110,1054742,17,1054759
7111,1054779,47,1054826
7112,1055088,38,1055126
7113,1055265,96,1055361
7114,1055640,20,1055660
7115,1055725,137,1055862
7116,1055870,39,1055909
7117,1056084,5,1056089
7118,1056310,121,1056431
7119,1056526,111,1056637
7120,1056779,25,1056804
7121,1056921,52,1056973
7122,1057105,6,1057111
7123,1057247,108,1057355
7124,1057387,17,1057404
7125,1057431,27,1057458
7126,1057509,10,1057519
7127,1057598,23,1057621
7128,1057689,38,1057727
7129,1058052,35,1058087
7130,1058176,2,1058178
7131,1058284,17,1058301
7132,1058306,88,1058394
7133,1058395,26,1058421
7134,1058523,62,1058585
7135,1058629,18,1058647
7136,1058700,31,1058731
7137,1059082,15,1059097
7138,1059355,36,1059391
7139,1059698,6,1059704
7140,1059714,14,1059728
7141,1059811,92,1059903
7142,1060385,16,1060401
7143,1060478,91,1060569
7144,1060582,27,1060609
7145,1060911,65,1060976
7146,1061159,2,1061161
7147,1061398,2,1061400
7148,1061782,12,1061794
7149,1061893,16,1061909
7150,1061965,10,1061975
7151,1062073,51,1062124
7152,1062233,31,1062264
7153,1062296,119,1062415
7154,1062499,32,1062531
7155,1062894,49,1062943
7156,1063011,108,1063119
7157,1063139,37,1063176
7158,1063339,30,1063369
7159,1063676,15,1063691
7160,1064250,114,1064364
7161,1064435,36,1064471
7162,1064581,69,1064650
7163,1064667,127,1064794
7164,1064876,72,1064948
7165,1064976,90,1065066
7166,1065069,118,1065187
7167,1065230,15,1065245
7168,1065275,1,1065276
7169,1065597,123,1065720
7170,1065731,7,1065738
7171,1065779,37,1065816
7172,1065840,40,1065880
7173,1065910,22,1065932
7174,1065939,36,1065975
7175,1066040,74,1066114
7176,1066117,59,1066176
7177,1066197,30,1066227
7178,1066542,88,1066630
7179,1066714,9,1066723
7180,1067001,43,1067044
7181,1067106,22,1067128
7182,1067214,86,1067300
7183,1067385,103,1067488
7184,1067558,15,1067573
7185,1067626,20,1067646
7186,1067679,106,1067785
7187,1067792,1,1067793
7188,1067890,28,1067918
7189,1068114,131,1068245
7190,1068312,204,1068516
7191,1068678,63,1068741
7192,1068857,180,1069037
7193,1069189,78,1069267
7194,1069286,85,1069371
7195,1069432,76,1069508
7196,1070003,26,1070029
7197,1070106,23,1070129
7198,1070132,35,1070167
7199,1070306,181,1070487
7200,1070578,38,1070616
7201,1070713,6,1070719
7202,1070858,86,1070944
7203,1071070,3,1071073
7204,1071254,45,1071299
7205,1071391,117,1071508
7206,1071637,52,1071689
7207,1071848,21,1071869
7208,1071874,31,1071905
7209,1071998,92,1072090
7210,1072132,10,1072142
7211,1072423,33,1072456
7212,1072480,47,1072527
7213,1072667,65,1072732
7214,1072756,29,1072785
7215,1072953,27,1072980
7216,1073041,108,1073149
7217,1073176,21,1073197
7218,1073205,138,1073343
7219,1073570,24,1073594
7220,1073763,20,1073783
7221,1073787,5,1073792
7222,1073838,9,1073847
7223,1073900,55,1073955
7224,1074118,29,1074147
7225,1074197,43,1074240
7226,1074313,7,1074320
7227,1074351,28,1074379
7228,1074613,4,1074617
7229,1074983,32,1075015
7230,1075074,47,1075121
7231,1075226,54,1075280
7232,1075601,180,1075781
7233,1075792,18,1075810
7234,1075839,97,1075936
7235,1076001,18,1076019
7236,1076056,73,1076129
7237,1076163,28,1076191
7238,1076250,26,1076276
7239,1076461,117,1076578
7240,1076663,14,1076677
7241,1076906,16,1076922
7242,1077040,45,1077085
7243,1077091,65,1077156
7244,1077285,6,1077291
7245,1077444,30,1077474
7246,1077594,56,1077650
7247,1077709,73,1077782
7248,1077920,126,1078046
7249,1078065,39,1078104
7250,1078191,28,1078219
7251,1078235,33,1078268
7252,1078600,148,1078748
7253,1078808,40,1078848
7254,1078885,34,1078919
7255,1079072,30,1079102
7256,1079350,21,1079371
7257,1079494,8,1079502
7258,1079539,119,1079658
7259,1079748,22,1079770
7260,1079960,47,1080007
7261,1080072,71,1080143
7262,1080209,6,1080215
7263,1080221,39,1080260
7264,1080373,30,1080403
7265,1080410,28,1080438
7266,1080577,83,1080660
7267,1081037,1,1081038
7268,1081152,25,1081177
7269,1081250,29,1081279
7270,1081537,17,1081554
7271,1082537,138,1082675
7272,1082888,20,1082908
7273,1083682,34,1083716
7274,1083797,17,1083814
7275,1084103,9,1084112
7276,1084194,4,1084198
7277,1084260,65,1084325
7278,1084342,38,1084380
7279,1084428,21,1084449
7280,1084468,7,1084475
7281,1084514,52,1084566
7282,1084695,42,1084737
7283,1085242,21,1085263
7284,1085547,18,1085565
7285,1085671,15,1085686
7286,1085704,15,1085719
7287,1085951,6,1085957
7288,1086167,59,1086226
7289,1086228,100,1086328
7290,1086400,28,1086428
7291,1086445,189,1086634
7292,1086783,80,1086863
7293,1086870,23,1086893
7294,1086914,49,1086963
7295,1087003,7,1087010
7296,1087161,11,1087172
7297,1087398,46,1087444
7298,1087617,15,1087632
7299,1087947,44,1087991
7300,1088036,13,1088049
7301,1088229,193,1088422
7302,1088444,41,1088485
7303,1088513,73,1088586
7304,1088644,16,1088660
7305,1088665,7,1088672
7306,1089112,51,1089163
7307,1089255,72,1089327
7308,1089333,85,1089418
7309,1089449,68,1089517
7310,1089681,41,1089722
7311,1089863,102,1089965
7312,1089967,23,1089990
7313,1090017,26,1090043
7314,1090125,36,1090161
7315,1090163,122,1090285
7316,1090373,14,1090387
7317,1090470,24,1090494
7318,1090495,47,1090542
7319,1090640,17,1090657
7320,1090845,75,1090920
7321,1091025,3,1091028
7322,1091152,30,1091182
7323,1091293,21,1091314
7324,1091321,19,1091340
7325,1091465,74,1091539
7326,1091544,24,1091568
7327,1091585,12,1091597
7328,1091921,19,1091940
7329,1092035,65,1092100
7330,1092184,117,1092301
7331,1092373,16,1092389
7332,1092511,1,1092512
7333,1092812,23,1092835
7334,1092897,9,1092906
7335,1093031,7,1093038
7336,1093064,57,1093121
7337,1093133,6,1093139
7338,1093261,11,1093272
7339,1093295,47,1093342
7340,1093361,88,1093449
7341,1093595,3,1093598
7342,1093601,23,1093624
7343,1093721,3,1093724
7344,1094083,3,1094086
7345,1094141,5,1094146
7346,1094152,13,1094165
7347,1094226,223,1094449
7348,1094717,90,1094807
7349,1094842,13,1094855
7350,1094941,58,1094999
7351,1095334,59,1095393
7352,1095424,13,1095437
7353,1095861,136,1095997
7354,1096089,31,1096120
7355,1096123,44,1096167
7356,1096274,5,1096279
7357,1096298,24,1096322
7358,1096609,42,1096651
7359,1096717,59,1096776
7360,1096935,144,1097079
7361,1097139,55,1097194
7362,1097362,94,1097456
7363,1097942,112,1098054
7364,1098145,3,1098148
7365,1098264,22,1098286
7366,1098289,37,1098326
7367,1098356,132,1098488
7368,1098526,46,1098572
7369,1098581,35,1098616
7370,1098742,117,1098859
7371,1098950,21,1098971
7372,1099182,31,1099213
7373,1099247,29,1099276
7374,1099491,3,1099494
7375,1099576,5,1099581
7376,1099656,9,1099665
7377,1099740,41,1099781
7378,1099845,18,1099863
7379,1099909,202,1100111
7380,1100684,12,1100696
7381,1100857,12,1100869
7382,1101003,7,1101010
7383,1101284,57,1101341
7384,1101585,14,1101599
7385,1101628,24,1101652
7386,1101804,47,1101851
7387,1101966,115,1102081
7388,1102136,53,1102189
7389,1102221,41,1102262
7390,1102586,43,1102629
7391,1102730,6,1102736
7392,1102777,68,1102845
7393,1102985,52,1103037
7394,1103115,13,1103128
7395,1103226,37,1103263
7396,1103303,128,1103431
7397,1103469,94,1103563
7398,1103641,180,1103821
7399,1103869,37,1103906
7400,1104115,6,1104121
7401,1104339,102,1104441
7402,1104474,152,1104626
7403,1104651,19,1104670
7404,1104691,12,1104703
7405,1104895,104,1104999
7406,1105172,165,1105337
7407,1105401,25,1105426
7408,1105658,22,1105680
7409,1105815,40,1105855
7410,1105936,44,1105980
7411,1106114,10,1106124
7412,1106177,30,1106207
7413,1106226,107,1106333
7414,1106399,84,1106483
7415,1106572,18,1106590
7416,1106695,2,1106697
7417,1106703,101,1106804
7418,1106851,117,1106968
7419,1106980,41,1107021
7420,1107147,221,1107368
7421,1107375,223,1107598
7422,1107786,29,1107815
7423,1107847,2,1107849
7424,1107886,144,1108030
7425,1108159,8,1108167
7426,1108198,72,1108270
7427,1108339,30,1108369
7428,1108405,116,1108521
7429,1108601,49,1108650
7430,1108682,126,1108808
7431,1109001,28,1109029
7432,1109095,6,1109101
7433,1109109,7,1109116
7434,1109128,71,1109199
7435,1109228,270,1109498
7436,1109648,88,1109736
7437,1109904,17,1109921
7438,1109946,31,1109977
7439,1110073,8,1110081
7440,1110136,121,1110257
7441,1110268,16,1110284
7442,1110304,206,1110510
7443,1110524,6,1110530
7444,1110543,84,1110627
7445,1110821,13,1110834
7446,1111089,16,1111105
7447,1111285,4,1111289
7448,1111324,26,1111350
7449,1111432,122,1111554
7450,1111653,21,1111674
7451,1111730,56,1111786
7452,1111790,35,1111825
7453,1111908,18,1111926
7454,1112269,24,1112293
7455,1112311,8,1112319
7456,1112418,43,1112461
7457,1112503,27,1112530
7458,1112549,21,1112570
7459,1112574,93,1112667
7460,1112916,62,1112978
7461,1113060,20,1113080
7462,1113154,42,1113196
7463,1113334,16,1113350
7464,1113368,4,1113372
7465,1113398,83,1113481
7466,1113503,66,1113569
7467,1113572,265,1113837
7468,1113876,14,1113890
7469,1114032,16,1114048
7470,1114085,22,1114107
7471,1114160,19,1114179
7472,1114276,51,1114327
7473,1114359,9,1114368
7474,1114551,105,1114656
7475,1114969,77,1115046
7476,1115056,8,1115064
7477,1115066,15,1115081
7478,1115518,22,1115540
7479,1115674,47,1115721
7480,1115890,7,1115897
7481,1115998,37,1116035
7482,1116156,96,1116252
7483,1116261,58,1116319
7484,1116436,71,1116507
7485,1116647,37,1116684
7486,1116686,88,1116774
7487,1117054,23,1117077
7488,1117092,4,1117096
7489,1117143,23,1117166
7490,1117319,76,1117395
7491,1117515,3,1117518
7492,1117604,23,1117627
7493,1117666,77,1117743
7494,1117866,42,1117908
7495,1118127,31,1118158
7496,1118262,99,1118361
7497,1118379,127,1118506
7498,1118646,17,1118663
7499,1118727,74,1118801
7500,1118855,100,1118955
7501,1119051,40,1119091
7502,1119099,5,1119104
7503,1119180,67,1119247
7504,1119354,91,1119445
7505,1119457,170,1119627
7506,1119748,7,1119755
7507,1119798,43,1119841
7508,1119847,13,1119860
7509,1119872,56,1119928
7510,1120083,40,1120123
7511,1120135,135,1120270
7512,1120285,3,1120288
7513,1120321,16,1120337
7514,1120424,1,1120425
7515,1120728,65,1120793
7516,1120841,55,1120896
7517,1120922,34,1120956
7518,1120984,58,1121042
7519,1121066,1,1121067
7520,1121095,122,1121217
7521,1121505,208,1121713
7522,1121754,12,1121766
7523,1121844,91,1121935
7524,1122204,25,1122229
7525,1122250,52,1122302
7526,1122332,48,1122380
7527,1122443,64,1122507
7528,1122529,18,1122547
7529,1122768,18,1122786
7530,1123075,17,1123092
7531,1123628,95,1123723
7532,1123841,63,1123904
7533,1123927,88,1124015
7534,1124023,34,1124057
7535,1124523,15,1124538
7536,1124542,57,1124599
7537,1124627,26,1124653
7538,1124661,13,1124674
7539,1124773,115,1124888
7540,1124897,20,1124917
7541,1124932,5,1124937
7542,1125049,74,1125123
7543,1125149,25,1125174
7544,1125186,37,1125223
7545,1125251,36,1125287
7546,1125351,11,1125362
7547,1125370,89,1125459
7548,1125527,56,1125583
7549,1125629,64,1125693
7550,1125739,17,1125756
7551,1126070,62,1126132
7552,1126160,31,1126191
7553,1126245,15,1126260
7554,1126388,73,1126461
7555,1126538,104,1126642
7556,1126665,37,1126702
7557,1126856,163,1127019
7558,1127067,154,1127221
7559,1127238,10,1127248
7560,1127250,12,1127262
7561,1127492,97,1127589
7562,1127870,49,1127919
7563,1128204,2,1128206
7564,1128405,49,1128454
7565,1128460,26,1128486
7566,1128494,21,1128515
7567,1128552,72,1128624
7568,1128716,62,1128778
7569,1129047,38,1129085
7570,1129155,39,1129194
7571,1129246,33,1129279
7572,1129311,29,1129340
7573,1129414,56,1129470
7574,1129478,30,1129508
7575,1129556,192,1129748
7576,1129948,23,1129971
7577,1130232,113,1130345
7578,1130413,44,1130457
7579,1130522,40,1130562
7580,1130767,52,1130819
7581,1130849,44,1130893
7582,1131023,27,1131050
7583,1131206,29,1131235
7584,1131362,53,1131415
7585,1131476,138,1131614
7586,1131685,46,1131731
7587,1131979,154,1132133
7588,1132146,38,1132184
7589,1132269,21,1132290
7590,1132449,21,1132470
7591,1132621,30,1132651
7592,1132686,53,1132739
7593,1132765,65,1132830
7594,1133167,26,1133193
7595,1133262,11,1133273
7596,1133286,1,1133287
7597,1133307,169,1133476
7598,1133655,31,1133686
7599,1133766,2,1133768
7600,1133796,28,1133824
7601,1134047,18,1134065
7602,1134115,65,1134180
7603,1134252,37,1134289
7604,1134305,41,1134346
7605,1134511,27,1134538
7606,1134591,59,1134650
7607,1134680,17,1134697
7608,1134843,96,1134939
7609,1134943,66,1135009
7610,1135054,7,1135061
7611,1135156,23,1135179
7612,1135279,3,1135282
7613,1135308,122,1135430
7614,1135479,66,1135545
7615,1135577,40,1135617
7616,1135645,57,1135702
7617,1135740,80,1135820
7618,1135943,17,1135960
7619,1135964,24,1135988
7620,1136064,3,1136067
7621,1136142,106,1136248
7622,1136270,26,1136296
7623,1136394,7,1136401
7624,1136494,23,1136517
7625,1136531,22,1136553
7626,1136598,5,1136603
7627,1136654,84,1136738
7628,1136757,98,1136855
7629,1137113,3,1137116
7630,1137262,38,1137300
7631,1137332,7,1137339
7632,1137368,90,1137458
7633,1137487,6,1137493
7634,1137529,28,1137557
7635,1137616,18,1137634
7636,1137648,25,1137673
7637,1137684,243,1137927
7638,1138011,62,1138073
7639,1138257,57,1138314
7640,1138392,60,1138452
7641,1138472,9,1138481
7642,1138536,6,1138542
7643,1138601,34,1138635
7644,1138808,1,1138809
7645,1138938,43,1138981
7646,1139024,35,1139059
7647,1139152,4,1139156
7648,1139186,17,1139203
7649,1139256,31,1139287
7650,1139483,252,1139735
7651,1139836,54,1139890
7652,1139932,124,1140056
7653,1140136,6,1140142
7654,1140189,7,1140196
7655,1140427,12,1140439
7656,1140536,52,1140588
7657,1140799,17,1140816
7658,1140907,77,1140984
7659,1140993,39,1141032
7660,1141086,28,1141114
7661,1141116,8,1141124
7662,1141147,137,1141284
7663,1141287,81,1141368
7664,1141406,22,1141428
7665,1141508,32,1141540
7666,1141635,131,1141766
7667,1141808,53,1141861
7668,1142016,6,1142022
7669,1142026,78,1142104
7670,1142547,19,1142566
7671,1142579,19,1142598
7672,1142737,44,1142781
7673,1143008,13,1143021
7674,1143080,7,1143087
7675,1143161,23,1143184
7676,1143308,28,1143336
7677,1143363,4,1143367
7678,1143438,138,1143576
7679,1143728,70,1143798
7680,1143896,20,1143916
7681,1143947,12,1143959
7682,1144012,33,1144045
7683,1144048,60,1144108
7684,1144326,29,1144355
7685,1144460,16,1144476
7686,1144525,21,1144546
7687,1144683,13,1144696
7688,1144905,19,1144924
7689,1144933,2,1144935
7690,1144954,28,1144982
7691,1145080,18,1145098
7692,1145099,15,1145114
7693,1145123,17,1145140
7694,1145185,4,1145189
7695,1145514,201,1145715
7696,1145728,72,1145800
7697,1146123,15,1146138
7698,1146359,42,1146401
7699,1146514,93,1146607
7700,1146614,21,1146635
7701,1146681,16,1146697
7702,1146846,112,1146958
7703,1146990,34,1147024
7704,1147037,2,1147039
7705,1147048,53,1147101
7706,1147188,10,1147198
7707,1147208,112,1147320
7708,1147382,28,1147410
7709,1147495,16,1147511
7710,1147676,95,1147771
7711,1147797,54,1147851
7712,1147873,92,1147965
7713,1148043,9,1148052
7714,1148102,69,1148171
7715,1148232,4,1148236
7716,1148259,23,1148282
7717,1148342,32,1148374
7718,1148437,7,1148444
7719,1148559,34,1148593
7720,1149279,24,1149303
7721,1149348,17,1149365
7722,1149379,49,1149428
7723,1149523,24,1149547
7724,1149726,30,1149756
7725,1150098,1,1150099
7726,1150142,13,1150155
7727,1150269,54,1150323
7728,1150469,311,1150780
7729,1150943,3,1150946
7730,1150993,124,1151117
7731,1151170,14,1151184
7732,1151307,131,1151438
7733,1151463,120,1151583
7734,1151601,9,1151610
7735,1151642,102,1151744
7736,1151861,37,1151898
7737,1151994,22,1152016
7738,1152032,53,1152085
7739,1152263,17,1152280
7740,1152465,15,1152480
7741,1152640,7,1152647
7742,1152653,20,1152673
7743,1152679,39,1152718
7744,1152992,18,1153010
7745,1153032,16,1153048
7746,1153260,55,1153315
7747,1153510,28,1153538
7748,1153595,37,1153632
7749,1153865,123,1153988
7750,1154427,3,1154430
7751,1154541,64,1154605
7752,1154659,49,1154708
7753,1154910,10,1154920
7754,1155104,117,1155221
7755,1155222,119,1155341
7756,1155342,38,1155380
7757,1155482,11,1155493
7758,1155837,28,1155865
7759,1156065,139,1156204
7760,1156231,35,1156266
7761,1156330,20,1156350
7762,1156457,42,1156499
7763,1156626,117,1156743
7764,1156877,153,1157030
7765,1157065,27,1157092
7766,1157149,19,1157168
7767,1157220,56,1157276
7768,1157372,13,1157385
7769,1157667,39,1157706
7770,1157779,77,1157856
7771,1157925,7,1157932
7772,1158078,74,1158152
7773,1158179,16,1158195
7774,1158260,105,1158365
7775,1158496,46,1158542
7776,1158656,97,1158753
7777,1158790,96,1158886
7778,1158948,217,1159165
7779,1159205,20,1159225
7780,1159237,10,1159247
7781,1159445,48,1159493
7782,1159522,114,1159636
7783,1159802,6,1159808
7784,1160009,7,1160016
7785,1160034,63,1160097
7786,1160249,10,1160259
7787,1160313,11,1160324
7788,1160376,12,1160388
7789,1160445,20,1160465
7790,1160479,46,1160525
7791,1160634,20,1160654
7792,1161006,38,1161044
7793,1161065,161,1161226
7794,1161268,54,1161322
7795,1161488,104,1161592
7796,1161693,34,1161727
7797,1161764,7,1161771
7798,1161843,84,1161927
7799,1162090,59,1162149
7800,1162191,14,1162205
7801,1162244,60,1162304
7802,1162379,21,1162400
7803,1162474,33,1162507
7804,1162730,12,1162742
7805,1163086,108,1163194
7806,1163229,10,1163239
7807,1163335,1,1163336
7808,1163497,101,1163598
7809,1164065,28,1164093
7810,1164104,55,1164159
7811,1164194,56,1164250
7812,1164271,10,1164281
7813,1164465,13,1164478
7814,1164479,21,1164500
7815,1164665,183,1164848
7816,1165006,42,1165048
7817,1165122,67,1165189
7818,1165244,9,1165253
7819,1165309,18,1165327
7820,1165465,196,1165661
7821,1165771,24,1165795
7822,1165893,4,1165897
7823,1166104,67,1166171
7824,1166212,109,1166321
7825,1166322,14,1166336
7826,1166578,9,1166587
7827,1166591,18,1166609
7828,1167061,102,1167163
7829,1167169,115,1167284
7830,1167319,4,1167323
7831,1167762,36,1167798
7832,1167813,4,1167817
7833,1167846,119,1167965
7834,1168049,27,1168076
7835,1168245,29,1168274
7836,1168518,10,1168528
7837,1168871,15,1168886
7838,1168888,42,1168930
7839,1168941,77,1169018
7840,1169152,129,1169281
7841,1169299,38,1169337
7842,1169387,144,1169531
7843,1169545,45,1169590
7844,1169633,14,1169647
7845,1169691,13,1169704
7846,1169708,3,1169711
7847,1169796,17,1169813
7848,1169837,2,1169839
7849,1170016,3,1170019
7850,1170098,55,1170153
7851,1170367,25,1170392
7852,1170418,13,1170431
7853,1170481,252,1170733
7854,1170824,64,1170888
7855,1171005,267,1171272
7856,1171585,11,1171596
7857,1172069,90,1172159
7858,1172220,45,1172265
7859,1172352,3,1172355
7860,1172525,63,1172588
7861,1172685,57,1172742
7862,1172792,19,1172811
7863,1173025,5,1173030
7864,1173083,12,1173095
7865,1173146,2,1173148
7866,1173226,89,1173315
7867,1173410,29,1173439
7868,1173540,20,1173560
7869,1173648,24,1173672
7870,1173918,5,1173923
7871,1173943,8,1173951
7872,1174099,36,1174135
7873,1174175,21,1174196
7874,1174209,207,1174416
7875,1174539,12,1174551
7876,1174941,16,1174957
7877,1175098,42,1175140
7878,1175219,2,1175221
7879,1175297,49,1175346
7880,1175668,68,1175736
7881,1175853,31,1175884
7882,1175886,35,1175921
7883,1176107,65,1176172
7884,1176230,49,1176279
7885,1176290,4,1176294
7886,1176356,70,1176426
7887,1176479,43,1176522
7888,1176590,7,1176597
7889,1176665,34,1176699
7890,1176702,47,1176749
7891,1176797,64,1176861
7892,1176975,129,1177104
7893,1177265,137,1177402
7894,1177609,12,1177621
7895,1177815,17,1177832
7896,1177862,8,1177870
7897,1177892,8,1177900
7898,1178015,45,1178060
7899,1178266,149,1178415
7900,1178741,42,1178783
7901,1178850,24,1178874
7902,1178933,56,1178989
7903,1179028,62,1179090
7904,1179100,125,1179225
7905,1179350,13,1179363
7906,1179436,22,1179458
7907,1179654,14,1179668
7908,1179742,158,1179900
7909,1179984,116,1180100
7910,1180158,50,1180208
7911,1180266,163,1180429
7912,1180451,2,1180453
7913,1180472,21,1180493
7914,1180638,98,1180736
7915,1180897,39,1180936
7916,1181192,11,1181203
7917,1181260,59,1181319
7918,1181334,9,1181343
7919,1181403,14,1181417
7920,1181566,4,1181570
7921,1181729,27,1181756
7922,1181909,66,1181975
7923,1182200,56,1182256
7924,1182529,12,1182541
7925,1182570,53,1182623
7926,1182659,9,1182668
7927,1182940,11,1182951
7928,1182956,16,1182972
7929,1182999,33,1183032
7930,1183057,48,1183105
7931,1183302,121,1183423
7932,1183610,25,1183635
7933,1183646,92,1183738
7934,1183963,70,1184033
7935,1184079,26,1184105
7936,1184120,30,1184150
7937,1184245,11,1184256
7938,1184491,63,1184554
7939,1184704,165,1184869
7940,1184891,9,1184900
7941,1184933,76,1185009
7942,1185050,27,1185077
7943,1185116,37,1185153
7944,1185300,53,1185353
7945,1185615,1,1185616
7946,1185842,150,1185992
7947,1186122,177,1186299
7948,1186492,59,1186551
7949,1186558,53,1186611
7950,1186669,50,1186719
7951,1186787,52,1186839
7952,1186880,2,1186882
7953,1186924,68,1186992
7954,1186993,9,1187002
7955,1187011,47,1187058
7956,1187072,37,1187109
7957,1187286,10,1187296
7958,1187312,104,1187416
7959,1187421,78,1187499
7960,1187550,44,1187594
7961,1187671,40,1187711
7962,1187961,145,1188106
7963,1188107,22,1188129
7964,1188263,24,1188287
7965,1188432,87,1188519
7966,1188573,1,1188574
7967,1188737,125,1188862
7968,1188885,33,1188918
7969,1189072,3,1189075
7970,1189078,45,1189123
7971,1189528,96,1189624
7972,1189756,64,1189820
7973,1190114,1,1190115
7974,1190228,18,1190246
7975,1190335,14,1190349
7976,1190482,7,1190489
7977,1190568,9,1190577
7978,1190630,26,1190656
7979,1190689,9,1190698
7980,1190851,44,1190895
7981,1190960,45,1191005
7982,1191026,54,1191080
7983,1191163,18,1191181
7984,1191214,2,1191216
7985,1191243,66,1191309
7986,1191481,13,1191494
7987,1191679,146,1191825
7988,1191840,106,1191946
7989,1192207,17,1192224
7990,1192256,72,1192328
7991,1192621,39,1192660
7992,1192702,88,1192790
7993,1192866,34,1192900
7994,1192922,9,1192931
7995,1192938,13,1192951
7996,1193123,21,1193144
7997,1193227,8,1193235
7998,1193268,20,1193288
7999,1193303,40,1193343
8000,1193384,55,1193439
8001,1193510,34,1193544
8002,1193749,20,1193769
8003,1193788,51,1193839
8004,1193974,70,1194044
8005,1194287,34,1194321
8006,1194325,2,1194327
8007,1194345,33,1194378
8008,1194420,14,1194434
8009,1194534,16,1194550
8010,1194609,5,1194614
8011,1194782,8,1194790
8012,1194813,99,1194912
8013,1194955,39,1194994
8014,1195035,33,1195068
8015,1195447,28,1195475
8016,1195495,84,1195579
8017,1195742,162,1195904
8018,1195911,3,1195914
8019,1195922,23,1195945
8020,1195983,153,1196136
8021,1196181,35,1196216
8022,1196306,40,1196346
8023,1196353,29,1196382
8024,1196588,59,1196647
8025,1196832,84,1196916
8026,1196931,36,1196967
8027,1196998,14,1197012
8028,1197075,93,1197168
8029,1197408,63,1197471
8030,1197564,30,1197594
8031,1197639,158,1197797
8032,1198059,18,1198077
8033,1198319,2,1198321
8034,1198415,51,1198466
8035,1198547,25,1198572
8036,1198651,67,1198718
8037,1199054,39,1199093
8038,1199109,45,1199154
8039,1199172,14,1199186
8040,1199200,42,1199242
8041,1199255,34,1199289
8042,1199294,66,1199360
8043,1199390,25,1199415
8044,1199435,18,1199453
8045,1199587,85,1199672
8046,1199790,74,1199864
8047,1200187,10,1200197
8048,1200369,51,1200420
8049,1200861,36,1200897
8050,1201092,44,1201136
8051,1201270,254,1201524
8052,1201544,36,1201580
8053,1201708,108,1201816
8054,1202000,29,1202029
8055,1202078,11,1202089
8056,1202110,6,1202116
8057,1202164,103,1202267
8058,1202330,59,1202389
8059,1202506,1,1202507
8060,1202540,30,1202570
8061,1203152,181,1203333
8062,1203518,19,1203537
8063,1203594,78,1203672
8064,1203752,12,1203764
8065,1203911,44,1203955
8066,1204025,2,1204027
8067,1204126,28,1204154
8068,1204230,49,1204279
8069,1204308,12,1204320
8070,1204471,1,1204472
8071,1204518,51,1204569
8072,1204670,79,1204749
8073,1204779,390,1205169
8074,1205244,16,1205260
8075,1205301,67,1205368
8076,1205431,71,1205502
8077,1205531,10,1205541
8078,1205556,97,1205653
8079,1205899,55,1205954
8080,1205971,109,1206080
8081,1206101,20,1206121
8082,1206162,58,1206220
8083,1206252,13,1206265
8084,1206396,91,1206487
8085,1206498,13,1206511
8086,1206569,32,1206601
8087,1207122,77,1207199
8088,1207347,99,1207446
8089,1207741,129,1207870
8090,1207984,27,1208011
8091,1208128,60,1208188
8092,1208262,27,1208289
8093,1208332,66,1208398
8094,1208558,35,1208593
8095,1208669,24,1208693
8096,1208780,45,1208825
8097,1208894,4,1208898
8098,1209279,101,1209380
8099,1209417,78,1209495
8100,1209570,23,1209593
8101,1209634,33,1209667
8102,1209682,60,1209742
8103,1209760,56,1209816
8104,1210175,20,1210195
8105,1210305,11,1210316
8106,1210455,31,1210486
8107,1210536,21,1210557
8108,1210727,22,1210749
8109,1210984,76,1211060
8110,1211173,237,1211410
8111,1211540,10,1211550
8112,1211685,35,1211720
8113,1211818,21,1211839
8114,1211842,15,1211857
8115,1211884,6,1211890
8116,1211906,124,1212030
8117,1212190,8,1212198
8118,1212304,29,1212333
8119,1212402,50,1212452
8120,1212754,33,1212787
8121,1213017,33,1213050
8122,1213099,171,1213270
8123,1213338,22,1213360
8124,1213386,10,1213396
8125,1213403,7,1213410
8126,1213493,26,1213519
8127,1213646,176,1213822
8128,1213938,89,1214027
8129,1214101,15,1214116
8130,1214141,7,1214148
8131,1214169,17,1214186
8132,1214580,64,1214644
8133,1214785,49,1214834
8134,1214897,195,1215092
8135,1215324,23,1215347
8136,1215618,27,1215645
8137,1215662,289,1215951
8138,1216268,8,1216276
8139,1216656,21,1216677
8140,1216771,108,1216879
8141,1216981,11,1216992
8142,1217031,15,1217046
8143,1217349,7,1217356
8144,1217396,134,1217530
8145,1217623,114,1217737
8146,1217818,16,1217834
8147,1218050,39,1218089
8148,1218252,20,1218272
8149,1218402,143,1218545
8150,1218617,56,1218673
8151,1218748,49,1218797
8152,1218822,16,1218838
8153,1219180,1,1219181
8154,1219532,45,1219577
8155,1219726,28,1219754
8156,1219761,24,1219785
8157,1219806,1,1219807
8158,1219880,26,1219906
8159,1219982,25,1220007
8160,1220019,12,1220031
8161,1220215,27,1220242
8162,1220422,34,1220456
8163,1220535,12,1220547
8164,1220663,17,1220680
8165,1220934,19,1220953
8166,1221033,1,1221034
8167,1221203,18,1221221
8168,1221349,5,1221354
8169,1221437,82,1221519
8170,1221565,75,1221640
8171,1221644,63,1221707
8172,1221708,27,1221735
8173,1221912,26,1221938
8174,1221965,90,1222055
8175,1222255,88,1222343
8176,1222369,134,1222503
8177,1222560,2,1222562
8178,1222792,51,1222843
8179,1222936,95,1223031
8180,1223073,11,1223084
8181,1223457,22,1223479
8182,1223573,27,1223600
8183,1224183,3,1224186
8184,1224315,12,1224327
8185,1224353,77,1224430
8186,1224436,9,1224445
8187,1224602,62,1224664
8188,1224845,43,1224888
8189,1224944,33,1224977
8190,1225101,2,1225103
8191,1225287,43,1225330
8192,1225433,25,1225458
8193,1225530,65,1225595
8194,1225619,13,1225632
8195,1225747,34,1225781
8196,1225887,1,1225888
8197,1226132,123,1226255
8198,1226269,19,1226288
8199,1226343,48,1226391
8200,1226394,51,1226445
8201,1226600,16,1226616
8202,1226738,73,1226811
8203,1226838,22,1226860
8204,1227006,2,1227008
8205,1227081,190,1227271
8206,1227274,40,1227314
8207,1227354,78,1227432
8208,1227508,96,1227604
8209,1227687,29,1227716
8210,1228003,35,1228038
8211,1228172,78,1228250
8212,1228286,133,1228419
8213,1228426,76,1228502
8214,1228714,1,1228715
8215,1228745,47,1228792
8216,1228813,29,1228842
8217,1228917,131,1229048
8218,1229361,37,1229398
8219,1229534,127,1229661
8220,1229673,22,1229695
8221,1229740,51,1229791
8222,1229881,17,1229898
8223,1229939,49,1229988
8224,1230010,55,1230065
8225,1230097,110,1230207
8226,1230227,30,1230257
8227,1230369,3,1230372
8228,1230379,30,1230409
8229,1230591,5,1230596
8230,1230720,44,1230764
8231,1231036,23,1231059
8232,1231538,53,1231591
8233,1231637,8,1231645
8234,1231661,60,1231721
8235,1231751,67,1231818
8236,1231824,47,1231871
8237,1232068,53,1232121
8238,1232224,72,1232296
8239,1232298,32,1232330
8240,1232426,29,1232455
8241,1232566,40,1232606
8242,1232845,78,1232923
8243,1233227,291,1233518
8244,1233599,36,1233635
8245,1233641,11,1233652
8246,1233688,28,1233716
8247,1233813,5,1233818
8248,1233860,44,1233904
8249,1233999,65,1234064
8250,1234255,6,1234261
8251,1234392,40,1234432
8252,1234535,24,1234559
8253,1234597,39,1234636
8254,1234690,21,1234711
8255,1234726,36,1234762
8256,1234813,46,1234859
8257,1234905,49,1234954
8258,1234979,19,1234998
8259,1235177,67,1235244
8260,1235358,18,1235376
8261,1235380,15,1235395
8262,1235404,13,1235417
8263,1235452,78,1235530
8264,1235561,54,1235615
8265,1235654,119,1235773
8266,1235916,31,1235947
8267,1236059,35,1236094
8268,1236171,3,1236174
8269,1236295,36,1236331
8270,1236428,103,1236531
8271,1236567,229,1236796
8272,1236833,154,1236987
8273,1237247,50,1237297
8274,1237353,112,1237465
8275,1237522,7,1237529
8276,1237617,66,1237683
8277,1237815,15,1237830
8278,1237995,9,1238004
8279,1238094,73,1238167
8280,1238239,33,1238272
8281,1238280,80,1238360
8282,1238409,155,1238564
8283,1238665,22,1238687
8284,1238715,23,1238738
8285,1238747,76,1238823
8286,1238936,6,1238942
8287,1239061,4,1239065
8288,1239068,123,1239191
8289,1239238,84,1239322
8290,1239336,29,1239365
8291,1239481,98,1239579
8292,1239691,2,1239693
8293,1239761,49,1239810
8294,1239899,69,1239968
8295,1240021,14,1240035
8296,1240128,121,1240249
8297,1240491,4,1240495
8298,1240508,15,1240523
8299,1240733,43,1240776
8300,1240912,49,1240961
8301,1241047,46,1241093
8302,1241116,54,1241170
8303,1241189,84,1241273
8304,1241299,94,1241393
8305,1241543,12,1241555
8306,1241848,20,1241868
8307,1241939,41,1241980
8308,1242074,28,1242102
8309,1242131,94,1242225
8310,1242411,20,1242431
8311,1242488,5,1242493
8312,1242512,42,1242554
8313,1242578,34,1242612
8314,1242774,10,1242784
8315,1242792,42,1242834
8316,1242862,27,1242889
8317,1243110,92,1243202
8318,1243261,1,1243262
8319,1243303,16,1243319
8320,1243358,71,1243429
8321,1243450,12,1243462
8322,1243508,124,1243632
8323,1243832,224,1244056
8324,1244344,99,1244443
8325,1244526,2,1244528
8326,1244541,83,1244624
8327,1245081,153,1245234
8328,1245409,33,1245442
8329,1245773,25,1245798
8330,1245816,117,1245933
8331,1245984,59,1246043
8332,1246302,15,1246317
8333,1246436,2,1246438
8334,1246546,238,1246784
8335,1246843,36,1246879
8336,1247109,33,1247142
8337,1247148,52,1247200
8338,1247339,20,1247359
8339,1247622,65,1247687
8340,1247860,19,1247879
8341,1248213,95,1248308
8342,1248469,39,1248508
8343,1248554,100,1248654
8344,1249161,34,1249195
8345,1249198,24,1249222
8346,1249315,46,1249361
8347,1249373,4,1249377
8348,1249437,38,1249475
8349,1249501,59,1249560
8350,1249654,9,1249663
8351,1249683,37,1249720
8352,1249892,99,1249991
8353,1250065,19,1250084
8354,1250183,19,1250202
8355,1250237,121,1250358
8356,1250437,26,1250463
8357,1250571,46,1250617
8358,1250786,21,1250807
8359,1250895,22,1250917
8360,1250943,3,1250946
8361,1250990,34,1251024
8362,1251205,115,1251320
8363,1251409,6,1251415
8364,1251418,32,1251450
8365,1251534,53,1251587
8366,1251705,3,1251708
8367,1251873,21,1251894
8368,1252067,90,1252157
8369,1252168,7,1252175
8370,1252296,50,1252346
8371,1252441,18,1252459
8372,1252481,125,1252606
8373,1252610,58,1252668
8374,1252713,119,1252832
8375,1252963,54,1253017
8376,1253023,18,1253041
8377,1253108,48,1253156
8378,1253169,102,1253271
8379,1253349,7,1253356
8380,1253599,81,1253680
8381,1253766,25,1253791
8382,1253833,36,1253869
8383,1254034,173,1254207
8384,1254301,42,1254343
8385,1254399,7,1254406
8386,1254427,87,1254514
8387,1254526,144,1254670
8388,1254711,3,1254714
8389,1254796,13,1254809
8390,1254825,18,1254843
8391,1254929,53,1254982
8392,1255038,60,1255098
8393,1255118,140,1255258
8394,1255306,30,1255336
8395,1255385,77,1255462
8396,1255509,17,1255526
8397,1255594,45,1255639
8398,1255921,235,1256156
8399,1256176,18,1256194
8400,1256373,51,1256424
8401,1256478,16,1256494
8402,1256513,77,1256590
8403,1256707,8,1256715
8404,1256839,35,1256874
8405,1257005,99,1257104
8406,1257125,59,1257184
8407,1257374,98,1257472
8408,1257606,49,1257655
8409,1257686,6,1257692
8410,1257759,1,1257760
8411,1257895,37,1257932
8412,1258222,78,1258300
8413,1258453,41,1258494
8414,1258499,39,1258538
8415,1258553,12,1258565
8416,1258576,24,1258600
8417,1258656,1,1258657
8418,1259136,7,1259143
8419,1259234,19,1259253
8420,1259393,3,1259396
8421,1259450,72,1259522
8422,1259557,13,1259570
8423,1259675,7,1259682
8424,1259714,45,1259759
8425,1259874,32,1259906
8426,1259939,27,1259966
8427,1260077,3,1260080
8428,1260133,22,1260155
8429,1260225,10,1260235
8430,1260252,26,1260278
8431,1260611,33,1260644
8432,1260656,23,1260679
8433,1260732,69,1260801
8434,1261061,10,1261071
8435,1261091,20,1261111
8436,1261131,33,1261164
8437,1261256,31,1261287
8438,1261481,26,1261507
8439,1261589,11,1261600
8440,1261803,119,1261922
8441,1261926,62,1261988
8442,1262059,90,1262149
8443,1262194,37,1262231
8444,1262249,18,1262267
8445,1262302,3,1262305
8446,1262345,5,1262350
8447,1262423,44,1262467
8448,1262577,26,1262603
8449,1262729,112,1262841
8450,1262879,8,1262887
8451,1262918,77,1262995
8452,1263255,22,1263277
8453,1263341,52,1263393
8454,1263458,9,1263467
8455,1263484,1,1263485
8456,1263687,10,1263697
8457,1263724,18,1263742
8458,1263888,110,1263998
8459,1264082,189,1264271
8460,1264298,70,1264368
8461,1264631,37,1264668
8462,1264728,6,1264734
8463,1264865,84,1264949
8464,1265014,15,1265029
8465,1265094,94,1265188
8466,1265641,8,1265649
8467,1265760,10,1265770
8468,1265782,30,1265812
8469,1265816,41,1265857
8470,1265919,24,1265943
8471,1265955,14,1265969
8472,1266097,20,1266117
8473,1266160,39,1266199
8474,1266201,64,1266265
8475,1266392,23,1266415
8476,1266510,5,1266515
8477,1266621,41,1266662
8478,1266860,10,1266870
8479,1266967,93,1267060
8480,1267101,162,1267263
8481,1267286,124,1267410
8482,1267751,29,1267780
8483,1267789,31,1267820
8484,1267930,27,1267957
8485,1268274,12,1268286
8486,1268330,125,1268455
8487,1268477,116,1268593
8488,1268608,113,1268721
8489,1268917,57,1268974
8490,1269046,58,1269104
8491,1269256,37,1269293
8492,1269334,14,1269348
8493,1269388,19,1269407
8494,1269420,5,1269425
8495,1269464,48,1269512
8496,1269521,39,1269560
8497,1269661,16,1269677
8498,1269687,1,1269688
8499,1269699,59,1269758
8500,1269967,2,1269969
8501,1270045,116,1270161
8502,1270185,40,1270225
8503,1270254,2,1270256
8504,1270358,17,1270375
8505,1270432,12,1270444
8506,1270541,22,1270563
8507,1270634,18,1270652
8508,1270667,82,1270749
8509,1271132,45,1271177
8510,1271268,59,1271327
8511,1271637,9,1271646
8512,1271682,5,1271687
8513,1271719,22,1271741
8514,1271845,25,1271870
8515,1271940,33,1271973
8516,1272005,60,1272065
8517,1272129,15,1272144
8518,1272234,7,1272241
8519,1272407,10,1272417
8520,1272447,21,1272468
8521,1272734,9,1272743
8522,1272839,1,1272840
8523,1272896,36,1272932
8524,1272948,1,1272949
8525,1272982,75,1273057
8526,1273216,150,1273366
8527,1273396,53,1273449
8528,1273568,4,1273572
8529,1273581,18,1273599
8530,1273625,26,1273651
8531,1273706,61,1273767
8532,1273901,30,1273931
8533,1273959,7,1273966
8534,1274248,97,1274345
8535,1274412,53,1274465
8536,1274488,38,1274526
8537,1274534,33,1274567
8538,1274861,55,1274916
8539,1274967,31,1274998
8540,1275090,12,1275102
8541,1275124,173,1275297
8542,1275403,102,1275505
8543,1275760,59,1275819
8544,1275863,54,1275917
8545,1275918,7,1275925
8546,1275965,35,1276000
8547,1276157,47,1276204
8548,1276472,26,1276498
8549,1276914,250,1277164
8550,1277366,97,1277463
8551,1277743,16,1277759
8552,1277785,61,1277846
8553,1277883,27,1277910
8554,1277926,44,1277970
8555,1278019,11,1278030
8556,1278154,11,1278165
8557,1278209,147,1278356
8558,1278549,37,1278586
8559,1278801,6,1278807
8560,1278879,128,1279007
8561,1279248,29,1279277
8562,1279321,81,1279402
8563,1279421,169,1279590
8564,1279614,35,1279649
8565,1279678,38,1279716
8566,1279756,42,1279798
8567,1279945,8,1279953
8568,1280044,35,1280079
8569,1280147,27,1280174
8570,1280369,77,1280446
8571,1280545,14,1280559
8572,1280631,143,1280774
8573,1281093,65,1281158
8574,1281160,7,1281167
8575,1281541,118,1281659
8576,1281727,4,1281731
8577,1281791,38,1281829
8578,1282018,1,1282019
8579,1282037,26,1282063
8580,1282127,46,1282173
8581,1282427,41,1282468
8582,1282663,31,1282694
8583,1282970,53,1283023
8584,1283042,36,1283078
8585,1283087,145,1283232
8586,1283495,9,1283504
8587,1283587,15,1283602
8588,1283848,76,1283924
8589,1283967,15,1283982
8590,1284058,25,1284083
8591,1284086,14,1284100
8592,1284176,2,1284178
8593,1284245,23,1284268
8594,1284272,53,1284325
8595,1284354,19,1284373
8596,1284422,62,1284484
8597,1284526,38,1284564
8598,1284667,46,1284713
8599,1284784,2,1284786
8600,1285075,5,1285080
8601,1285091,178,1285269
8602,1285510,126,1285636
8603,1285864,19,1285883
8604,1286060,76,1286136
8605,1286403,34,1286437
8606,1286439,65,1286504
8607,1286514,4,1286518
8608,1286561,86,1286647
8609,1286799,2,1286801
8610,1286926,20,1286946
8611,1287256,45,1287301
8612,1287319,98,1287417
8613,1287713,52,1287765
8614,1287832,2,1287834
8615,1287996,2,1287998
8616,1288046,87,1288133
8617,1288206,25,1288231
8618,1288235,4,1288239
8619,1288344,24,1288368
8620,1288444,69,1288513
8621,1288681,81,1288762
8622,1288970,111,1289081
8623,1289109,116,1289225
8624,1289304,4,1289308
8625,1289349,11,1289360
8626,1289411,14,1289425
8627,1289636,7,1289643
8628,1289703,11,1289714
8629,1289748,19,1289767
8630,1289846,6,1289852
8631,1289997,16,1290013
8632,1290275,147,1290422
8633,1290458,5,1290463
8634,1290464,30,1290494
8635,1290684,170,1290854
8636,1290861,34,1290895
8637,1290915,24,1290939
8638,1291052,32,1291084
8639,1291167,12,1291179
8640,1291259,23,1291282
8641,1291361,37,1291398
8642,1291609,32,1291641
8643,1291674,28,1291702
8644,1291718,77,1291795
8645,1291996,25,1292021
8646,1292317,16,1292333
8647,1292352,19,1292371
8648,1292468,13,1292481
8649,1292580,29,1292609
8650,1292718,32,1292750
8651,1292800,59,1292859
8652,1292990,44,1293034
8653,1293055,6,1293061
8654,1293065,50,1293115
8655,1293181,23,1293204
8656,1293216,48,1293264
8657,1293282,37,1293319
8658,1293400,54,1293454
8659,1293517,21,1293538
8660,1293542,144,1293686
8661,1293876,17,1293893
8662,1294049,5,1294054
8663,1294244,3,1294247
8664,1294260,134,1294394
8665,1294484,32,1294516
8666,1294550,12,1294562
8667,1294568,3,1294571
8668,1294745,12,1294757
8669,1295159,45,1295204
8670,1295205,170,1295375
8671,1295406,96,1295502
8672,1295532,34,1295566
8673,1295695,38,1295733
8674,1295737,37,1295774
8675,1295883,33,1295916
8676,1295929,1,1295930
8677,1295997,12,1296009
8678,1296241,71,1296312
8679,1296359,35,1296394
8680,1296436,6,1296442
8681,1296626,33,1296659
8682,1297046,51,1297097
8683,1297124,62,1297186
8684,1297267,77,1297344
8685,1297385,26,1297411
8686,1297631,85,1297716
8687,1297744,61,1297805
8688,1297933,140,1298073
8689,1298194,41,1298235
8690,1298363,208,1298571
8691,1298668,60,1298728
8692,1298752,72,1298824
8693,1298846,3,1298849
8694,1298865,6,1298871
8695,1299140,31,1299171
8696,1299251,84,1299335
8697,1299353,11,1299364
8698,1299433,38,1299471
8699,1299489,85,1299574
8700,1299730,2,1299732
8701,1299783,27,1299810
8702,1299823,11,1299834
8703,1299852,17,1299869
8704,1299898,11,1299909
8705,1299964,125,1300089
8706,1300206,60,1300266
8707,1300316,41,1300357
8708,1300396,54,1300450
8709,1300452,35,1300487
8710,1300610,82,1300692
8711,1300758,55,1300813
8712,1301163,10,1301173
8713,1301175,20,1301195
8714,1301203,16,1301219
8715,1301404,7,1301411
8716,1301454,78,1301532
8717,1301546,201,1301747
8718,1301787,1,1301788
8719,1301793,3,1301796
8720,1301907,23,1301930
8721,1302021,128,1302149
8722,1302214,54,1302268
8723,1302275,40,1302315
8724,1302439,96,1302535
8725,1302645,87,1302732
8726,1302772,19,1302791
8727,1302802,52,1302854
8728,1302964,99,1303063
8729,1303148,6,1303154
8730,1303223,68,1303291
8731,1303419,152,1303571
8732,1303588,18,1303606
8733,1303914,14,1303928
8734,1303991,202,1304193
8735,1304352,10,1304362
8736,1304372,6,1304378
8737,1304576,97,1304673
8738,1304993,56,1305049
8739,1305052,22,1305074
8740,1305085,109,1305194
8741,1305234,16,1305250
8742,1305340,108,1305448
8743,1305656,3,1305659
8744,1305664,118,1305782
8745,1305803,145,1305948
8746,1305953,24,1305977
8747,1306026,117,1306143
8748,1306151,21,1306172
8749,1306178,8,1306186
8750,1306259,37,1306296
8751,1306327,30,1306357
8752,1306372,22,1306394
8753,1306429,2,1306431
8754,1306568,10,1306578
8755,1306828,24,1306852
8756,1306862,18,1306880
8757,1307044,104,1307148
8758,1307333,38,1307371
8759,1307403,20,1307423
8760,1307446,10,1307456
8761,1307497,121,1307618
8762,1307701,11,1307712
8763,1307836,97,1307933
8764,1307942,30,1307972
8765,1308022,28,1308050
8766,1308167,78,1308245
8767,1308341,13,1308354
8768,1308586,75,1308661
8769,1308742,20,1308762
8770,1308783,33,1308816
8771,1308846,15,1308861
8772,1309003,7,1309010
8773,1309055,25,1309080
8774,1309229,53,1309282
8775,1309411,18,1309429
8776,1309466,25,1309491
8777,1309512,128,1309640
8778,1309692,4,1309696
8779,1309758,24,1309782
8780,1309783,1,1309784
8781,1309787,3,1309790
8782,1309848,41,1309889
8783,1309921,1,1309922
8784,1309957,19,1309976
8785,1310033,46,1310079
8786,1310102,12,1310114
8787,1310163,58,1310221
8788,1310255,81,1310336
8789,1310378,62,1310440
8790,1310649,9,1310658
8791,1310695,2,1310697
8792,1310723,21,1310744
8793,1310909,19,1310928
8794,1310965,51,1311016
8795,1311224,9,1311233
8796,1311236,7,1311243
8797,1311329,146,1311475
8798,1311544,67,1311611
8799,1311658,86,1311744
8800,1311795,26,1311821
8801,1312075,34,1312109
8802,1312162,13,1312175
8803,1312271,107,1312378
8804,1312380,39,1312419
8805,1312526,114,1312640
8806,1312909,21,1312930
8807,1313020,106,1313126
8808,1313132,7,1313139
8809,1313221,213,1313434
8810,1313468,35,1313503
8811,1313532,61,1313593
8812,1313597,96,1313693
8813,1313726,76,1313802
8814,1313905,1,1313906
8815,1313934,17,1313951
8816,1314140,8,1314148
8817,1314207,5,1314212
8818,1314451,68,1314519
8819,1314563,34,1314597
8820,1314806,61,1314867
8821,1315107,22,1315129
8822,1315175,36,1315211
8823,1315386,50,1315436
8824,1315514,51,1315565
8825,1315577,24,1315601
8826,1315640,22,1315662
8827,1315699,85,1315784
8828,1316106,80,1316186
8829,1316337,18,1316355
8830,1316530,49,1316579
8831,1316606,32,1316638
8832,1316818,40,1316858
8833,1317003,27,1317030
8834,1317107,72,1317179
8835,1317375,25,1317400
8836,1317515,7,1317522
8837,1317624,23,1317647
8838,1317885,11,1317896
8839,1318101,68,1318169
8840,1318181,8,1318189
8841,1318195,17,1318212
8842,1318430,51,1318481
8843,1318497,19,1318516
8844,1318622,107,1318729
8845,1318735,11,1318746
8846,1318760,116,1318876
8847,1318972,44,1319016
8848,1319285,20,1319305
8849,1319326,39,1319365
8850,1319654,56,1319710
8851,1319731,26,1319757
8852,1319904,109,1320013
8853,1320166,8,1320174
8854,1320182,6,1320188
8855,1320191,94,1320285
8856,1320322,11,1320333
8857,1320379,7,1320386
8858,1320436,35,1320471
8859,1320511,65,1320576
8860,1320601,54,1320655
8861,1320987,8,1320995
8862,1321055,27,1321082
8863,1321092,24,1321116
8864,1321125,43,1321168
8865,1321319,66,1321385
8866,1321485,54,1321539
8867,1321656,18,1321674
8868,1321729,11,1321740
8869,1321744,48,1321792
8870,1321922,80,1322002
8871,1322242,34,1322276
8872,1322343,72,1322415
8873,1322478,10,1322488
8874,1322496,24,1322520
8875,1322596,29,1322625
8876,1322728,4,1322732
8877,1322754,15,1322769
8878,1322781,130,1322911
8879,1323140,44,1323184
8880,1323187,124,1323311
8881,1323441,8,1323449
8882,1323452,24,1323476
8883,1323573,7,1323580
8884,1323823,73,1323896
8885,1323995,64,1324059
8886,1324349,10,1324359
8887,1324513,23,1324536
8888,1324670,43,1324713
8889,1324778,77,1324855
8890,1325048,125,1325173
8891,1325314,10,1325324
8892,1325493,27,1325520
8893,1325525,367,1325892
8894,1326155,120,1326275
8895,1326347,115,1326462
8896,1326494,23,1326517
8897,1326531,27,1326558
8898,1326605,38,1326643
8899,1326742,51,1326793
8900,1326892,16,1326908
8901,1326932,83,1327015
8902,1327071,18,1327089
8903,1327112,98,1327210
8904,1327370,111,1327481
8905,1327677,41,1327718
8906,1328106,7,1328113
8907,1328188,11,1328199
8908,1328248,217,1328465
8909,1328466,41,1328507
8910,1328635,150,1328785
8911,1328797,54,1328851
8912,1329111,50,1329161
8913,1329250,72,1329322
8914,1329523,13,1329536
8915,1329603,56,1329659
8916,1329673,24,1329697
8917,1329744,42,1329786
8918,1330029,26,1330055
8919,1330079,4,1330083
8920,1330312,37,1330349
8921,1330356,14,1330370
8922,1330443,34,1330477
8923,1330488,102,1330590
8924,1330664,112,1330776
8925,1331013,52,1331065
8926,1331192,97,1331289
8927,1331502,2,1331504
8928,1331577,54,1331631
8929,1331664,115,1331779
8930,1331966,33,1331999
8931,1332047,9,1332056
8932,1332165,11,1332176
8933,1332281,24,1332305
8934,1332331,2,1332333
8935,1332452,68,1332520
8936,1332543,24,1332567
8937,1332701,137,1332838
8938,1332973,73,1333046
8939,1333057,3,1333060
8940,1333106,15,1333121
8941,1333446,89,1333535
8942,1333601,69,1333670
8943,1333699,55,1333754
8944,1333975,17,1333992
8945,1334000,19,1334019
8946,1334134,17,1334151
8947,1334425,183,1334608
8948,1334704,8,1334712
8949,1334905,4,1334909
8950,1334912,24,1334936
8951,1334976,9,1334985
8952,1335029,11,1335040
8953,1335054,68,1335122
8954,1335296,28,1335324
8955,1335332,1,1335333
8956,1335410,94,1335504
8957,1335550,28,1335578
8958,1335644,88,1335732
8959,1335756,84,1335840
8960,1335930,19,1335949
8961,1335977,5,1335982
8962,1336046,3,1336049
8963,1336101,54,1336155
8964,1336177,11,1336188
8965,1336238,55,1336293
8966,1336372,59,1336431
8967,1336456,47,1336503
8968,1336528,15,1336543
8969,1336607,280,1336887
8970,1336980,113,1337093
8971,1337127,22,1337149
8972,1337179,3,1337182
8973,1337201,7,1337208
8974,1337406,16,1337422
8975,1337475,23,1337498
8976,1337736,2,1337738
8977,1337783,76,1337859
8978,1338102,12,1338114
8979,1338119,30,1338149
8980,1338394,14,1338408
8981,1338731,25,1338756
8982,1338799,31,1338830
8983,1338898,10,1338908
8984,1339112,22,1339134
8985,1339202,94,1339296
8986,1339362,12,1339374
8987,1339399,35,1339434
8988,1339450,16,1339466
8989,1339643,81,1339724
8990,1339788,82,1339870
8991,1340066,53,1340119
8992,1340244,30,1340274
8993,1340409,68,1340477
8994,1340488,90,1340578
8995,1340630,31,1340661
8996,1340802,23,1340825
8997,1341155,162,1341317
8998,1341428,16,1341444
8999,1341447,49,1341496
9000,1341521,1,1341522
9001,1341639,90,1341729
9002,1341741,44,1341785
9003,1341792,79,1341871
9004,1341880,190,1342070
9005,1342084,14,1342098
9006,1342136,115,1342251
9007,1342285,1,1342286
9008,1342491,30,1342521
9009,1342610,20,1342630
9010,1342690,6,1342696
9011,1342815,3,1342818
9012,1342838,113,1342951
9013,1343091,28,1343119
9014,1343177,11,1343188
9015,1343236,121,1343357
9016,1343381,98,1343479
9017,1343567,40,1343607
9018,1343762,121,1343883
9019,1344030,27,1344057
9020,1344059,12,1344071
9021,1344124,12,1344136
9022,1344199,115,1344314
9023,1344359,13,1344372
9024,1344468,4,1344472
9025,1344638,17,1344655
9026,1344670,17,1344687
9027,1345131,19,1345150
9028,1345232,15,1345247
9029,1345539,41,1345580
9030,1345653,64,1345717
9031,1345732,42,1345774
9032,1345899,8,1345907
9033,1346008,84,1346092
9034,1346124,11,1346135
9035,1346204,233,1346437
9036,1346456,6,1346462
9037,1346643,10,1346653
9038,1346679,73,1346752
9039,1347014,77,1347091
9040,1347109,47,1347156
9041,1347161,53,1347214
9042,1347257,28,1347285
9043,1347309,71,1347380
9044,1347397,30,1347427
9045,1347581,21,1347602
9046,1347619,17,1347636
9047,1347756,40,1347796
9048,1348087,21,1348108
9049,1348403,58,1348461
9050,1348503,151,1348654
9051,1348756,16,1348772
9052,1348777,12,1348789
9053,1348845,152,1348997
9054,1349114,3,1349117
9055,1349138,7,1349145
9056,1349169,77,1349246
9057,1349266,46,1349312
9058,1349431,25,1349456
9059,1349616,13,1349629
9060,1349761,20,1349781
9061,1349868,96,1349964
9062,1350042,59,1350101
9063,1350107,43,1350150
9064,1350274,40,1350314
9065,1350382,11,1350393
9066,1350520,67,1350587
9067,1350836,22,1350858
9068,1350859,77,1350936
9069,1351189,59,1351248
9070,1351371,79,1351450
9071,1351473,37,1351510
9072,1351563,77,1351640
9073,1351670,7,1351677
9074,1351708,36,1351744
9075,1351988,84,1352072
9076,1352093,90,1352183
9077,1352244,267,1352511
9078,1352538,38,1352576
9079,1352669,50,1352719
9080,1352810,42,1352852
9081,1352997,10,1353007
9082,1353057,17,1353074
9083,1353097,11,1353108
9084,1353120,119,1353239
9085,1353278,86,1353364
9086,1353419,123,1353542
9087,1353769,55,1353824
9088,1353882,61,1353943
9089,1354057,30,1354087
9090,1354134,14,1354148
9091,1354157,38,1354195
9092,1354224,190,1354414
9093,1354448,39,1354487
9094,1354499,5,1354504
9095,1354567,32,1354599
9096,1354773,24,1354797
9097,1354845,93,1354938
9098,1354970,44,1355014
9099,1355071,58,1355129
9100,1355211,73,1355284
9101,1355445,45,1355490
9102,1355849,43,1355892
9103,1355975,7,1355982
9104,1356189,39,1356228
9105,1356234,6,1356240
9106,1356318,227,1356545
9107,1356640,35,1356675
9108,1356714,143,1356857
9109,1356882,194,1357076
9110,1357098,14,1357112
9111,1357291,36,1357327
9112,1357407,38,1357445
9113,1357509,35,1357544
9114,1357568,70,1357638
9115,1357681,69,1357750
9116,1357789,2,1357791
9117,1357857,72,1357929
9118,1358328,12,1358340
9119,1358578,37,1358615
9120,1358632,54,1358686
9121,1358798,1,1358799
9122,1358872,87,1358959
9123,1358968,4,1358972
9124,1359018,91,1359109
9125,1359182,68,1359250
9126,1359581,13,1359594
9127,1359613,38,1359651
9128,1359782,117,1359899
9129,1359973,2,1359975
9130,1360038,38,1360076
9131,1360165,4,1360169
9132,1360221,60,1360281
9133,1360428,47,1360475
9134,1360503,255,1360758
9135,1360788,110,1360898
9136,1361077,33,1361110
9137,1361245,60,1361305
9138,1361315,21,1361336
9139,1361399,6,1361405
9140,1361608,132,1361740
9141,1361819,98,1361917
9142,1362070,49,1362119
9143,1362241,230,1362471
9144,1362572,70,1362642
9145,1362659,14,1362673
9146,1362748,28,1362776
9147,1362920,5,1362925
9148,1363018,51,1363069
9149,1363084,57,1363141
9150,1363412,6,1363418
9151,1363469,38,1363507
9152,1363606,23,1363629
9153,1363650,39,1363689
9154,1363773,16,1363789
9155,1363999,35,1364034
9156,1364066,70,1364136
9157,1364498,59,1364557
9158,1364615,220,1364835
9159,1364958,1,1364959
9160,1364975,43,1365018
9161,1365198,56,1365254
9162,1365256,11,1365267
9163,1365334,7,1365341
9164,1365457,34,1365491
9165,1365521,45,1365566
9166,1365704,15,1365719
9167,1365931,68,1365999
9168,1366149,20,1366169
9169,1366265,4,1366269
9170,1366487,31,1366518
9171,1366747,279,1367026
9172,1367042,33,1367075
9173,1367384,81,1367465
9174,1367505,46,1367551
9175,1367746,28,1367774
9176,1367835,10,1367845
9177,1367864,149,1368013
9178,1368020,2,1368022
9179,1368075,4,1368079
9180,1368146,85,1368231
9181,1368425,4,1368429
9182,1368585,23,1368608
9183,1368780,57,1368837
9184,1368847,19,1368866
9185,1368980,116,1369096
9186,1369479,8,1369487
9187,1369570,29,1369599
9188,1369622,199,1369821
9189,1369909,40,1369949
9190,1369980,73,1370053
9191,1370085,65,1370150
9192,1370153,73,1370226
9193,1370237,117,1370354
9194,1370371,3,1370374
9195,1370440,36,1370476
9196,1370760,16,1370776
9197,1370833,109,1370942
9198,1370998,46,1371044
9199,1371057,41,1371098
9200,1371157,108,1371265
9201,1371296,26,1371322
9202,1371364,76,1371440
9203,1371523,66,1371589
9204,1371669,38,1371707
9205,1371712,130,1371842
9206,1371951,3,1371954
9207,1371981,35,1372016
9208,1372028,72,1372100
9209,1372196,130,1372326
9210,1372332,10,1372342
9211,1372378,38,1372416
9212,1372955,7,1372962
9213,1373023,7,1373030
9214,1373086,1,1373087
9215,1373091,79,1373170
9216,1373291,4,1373295
9217,1373364,86,1373450
9218,1373650,2,1373652
9219,1373695,14,1373709
9220,1373875,82,1373957
9221,1373977,7,1373984
9222,1374055,286,1374341
9223,1374365,31,1374396
9224,1374565,15,1374580
9225,1374608,77,1374685
9226,1374765,37,1374802
9227,1374875,22,1374897
9228,1375029,25,1375054
9229,1375203,52,1375255
9230,1375265,3,1375268
9231,1375281,106,1375387
9232,1375439,54,1375493
9233,1375558,80,1375638
9234,1375851,80,1375931
9235,1376087,43,1376130
9236,1376599,32,1376631
9237,1376633,167,1376800
9238,1376815,92,1376907
9239,1376960,98,1377058
9240,1377259,47,1377306
9241,1377391,28,1377419
9242,1377475,15,1377490
9243,1377501,1,1377502
9244,1377643,30,1377673
9245,1377739,74,1377813
9246,1378324,20,1378344
9247,1378379,9,1378388
9248,1378579,89,1378668
9249,1378715,3,1378718
9250,1378752,13,1378765
9251,1378849,99,1378948
9252,1379087,101,1379188
9253,1379435,7,1379442
9254,1379699,2,1379701
9255,1379735,44,1379779
9256,1379842,80,1379922
9257,1379930,3,1379933
9258,1380025,17,1380042
9259,1380061,65,1380126
9260,1380193,3,1380196
9261,1380356,17,1380373
9262,1380435,20,1380455
9263,1380463,15,1380478
9264,1380524,12,1380536
9265,1380596,22,1380618
9266,1380694,39,1380733
9267,1380846,1,1380847
9268,1380896,46,1380942
9269,1380971,12,1380983
9270,1380996,129,1381125
9271,1381146,4,1381150
9272,1381203,11,1381214
9273,1381297,88,1381385
9274,1381468,73,1381541
9275,1381559,10,1381569
9276,1381581,1,1381582
9277,1381665,85,1381750
9278,1381788,33,1381821
9279,1381885,28,1381913
9280,1381993,49,1382042
9281,1382073,163,1382236
9282,1382279,46,1382325
9283,1382364,81,1382445
9284,1382457,38,1382495
9285,1382509,38,1382547
9286,1382589,8,1382597
9287,1382638,33,1382671
9288,1382828,42,1382870
9289,1382873,53,1382926
9290,1382974,84,1383058
9291,1383321,60,1383381
9292,1383594,66,1383660
9293,1383686,92,1383778
9294,1383819,1,1383820
9295,1383853,58,1383911
9296,1383954,182,1384136
9297,1384149,13,1384162
9298,1384227,6,1384233
9299,1384261,41,1384302
9300,1384317,3,1384320
9301,1384551,129,1384680
9302,1384793,8,1384801
9303,1384814,85,1384899
9304,1384923,61,1384984
9305,1385090,20,1385110
9306,1385113,3,1385116
9307,1385171,47,1385218
9308,1385335,96,1385431
9309,1385538,96,1385634
9310,1385812,84,1385896
9311,1385966,50,1386016
9312,1386027,50,1386077
9313,1386208,5,1386213
9314,1386455,2,1386457
9315,1387087,39,1387126
9316,1387258,37,1387295
9317,1387296,42,1387338
9318,1387453,128,1387581
9319,1387588,62,1387650
9320,1387669,106,1387775
9321,1388217,4,1388221
9322,1388317,249,1388566
9323,1388576,19,1388595
9324,1388753,96,1388849
9325,1388945,31,1388976
9326,1389176,68,1389244
9327,1389385,1,1389386
9328,1389451,61,1389512
9329,1389534,16,1389550
9330,1389627,61,1389688
9331,1389709,69,1389778
9332,1389829,35,1389864
9333,1389986,69,1390055
9334,1390297,58,1390355
9335,1390498,26,1390524
9336,1390566,13,1390579
9337,1390594,5,1390599
9338,1390665,26,1390691
9339,1390759,88,1390847
9340,1390943,37,1390980
9341,1390983,35,1391018
9342,1391125,52,1391177
9343,1391356,76,1391432
9344,1391629,70,1391699
9345,1391783,27,1391810
9346,1391984,28,1392012
9347,1392078,66,1392144
9348,1392171,64,1392235
9349,1392302,85,1392387
9350,1392451,20,1392471
9351,1392488,5,1392493
9352,1392671,58,1392729
9353,1392928,5,1392933
9354,1393127,98,1393225
9355,1393470,46,1393516
9356,1393585,66,1393651
9357,1393867,107,1393974
9358,1394317,38,1394355
9359,1394485,42,1394527
9360,1394571,21,1394592
9361,1394668,11,1394679
9362,1394701,63,1394764
9363,1394770,3,1394773
9364,1395030,63,1395093
9365,1395325,3,1395328
9366,1395473,63,1395536
9367,1395591,16,1395607
9368,1395656,11,1395667
9369,1395718,10,1395728
9370,1395804,39,1395843
9371,1395877,18,1395895
9372,1395915,18,1395933
9373,1396141,9,1396150
9374,1396248,278,1396526
9375,1396999,101,1397100
9376,1397110,86,1397196
9377,1397320,109,1397429
9378,1397493,62,1397555
9379,1398073,10,1398083
9380,1398189,96,1398285
9381,1398352,6,1398358
9382,1398757,40,1398797
9383,1398938,47,1398985
9384,1399006,62,1399068
9385,1399150,29,1399179
9386,1399251,29,1399280
9387,1399364,26,1399390
9388,1399554,7,1399561
9389,1399726,39,1399765
9390,1399791,18,1399809
9391,1399918,43,1399961
9392,1400047,75,1400122
9393,1400165,60,1400225
9394,1400308,64,1400372
9395,1400414,6,1400420
9396,1400504,5,1400509
9397,1400622,40,1400662
9398,1400717,51,1400768
9399,1400789,27,1400816
9400,1400830,142,1400972
9401,1401344,13,1401357
9402,1401813,36,1401849
9403,1402516,190,1402706
9404,1402925,7,1402932
9405,1403133,13,1403146
9406,1403281,37,1403318
9407,1403324,36,1403360
9408,1403423,47,1403470
9409,1403580,51,1403631
9410,1403701,35,1403736
9411,1403831,11,1403842
9412,1403929,18,1403947
9413,1403972,17,1403989
9414,1404017,1,1404018
9415,1404060,32,1404092
9416,1404101,100,1404201
9417,1404303,66,1404369
9418,1404479,49,1404528
9419,1404557,19,1404576
9420,1404661,12,1404673
9421,1404805,19,1404824
9422,1404837,1,1404838
9423,1404983,9,1404992
9424,1405083,34,1405117
9425,1405124,77,1405201
9426,1405212,41,1405253
9427,1405321,54,1405375
9428,1405560,24,1405584
9429,1405587,20,1405607
9430,1405672,22,1405694
9431,1405840,73,1405913
9432,1405931,15,1405946
9433,1406312,38,1406350
9434,1406380,8,1406388
9435,1406397,3,1406400
9436,1406468,38,1406506
9437,1406508,70,1406578
9438,1406584,10,1406594
9439,1406850,183,1407033
9440,1407040,71,1407111
9441,1407134,39,1407173
9442,1407297,42,1407339
9443,1407760,4,1407764
9444,1407785,32,1407817
9445,1407915,3,1407918
9446,1407925,41,1407966
9447,1407992,130,1408122
9448,1408138,127,1408265
9449,1408507,96,1408603
9450,1408717,91,1408808
9451,1409008,50,1409058
9452,1409125,24,1409149
9453,1409156,3,1409159
9454,1409240,3,1409243
9455,1409424,60,1409484
9456,1409570,11,1409581
9457,1409606,24,1409630
9458,1409655,79,1409734
9459,1409749,12,1409761
9460,1409785,20,1409805
9461,1409832,48,1409880
9462,1409893,9,1409902
9463,1409906,67,1409973
9464,1410216,157,1410373
9465,1410391,2,1410393
9466,1410439,36,1410475
9467,1410488,15,1410503
9468,1410616,56,1410672
9469,1410712,78,1410790
9470,1410823,74,1410897
9471,1411043,11,1411054
9472,1411115,3,1411118
9473,1411125,34,1411159
9474,1411205,5,1411210
9475,1411258,48,1411306
9476,1411413,21,1411434
9477,1411744,31,1411775
9478,1411841,33,1411874
9479,1412050,39,1412089
9480,1412117,6,1412123
9481,1412148,4,1412152
9482,1412220,62,1412282
9483,1412352,38,1412390
9484,1412473,85,1412558
9485,1412697,20,1412717
9486,1412820,43,1412863
9487,1412883,1,1412884
9488,1412888,48,1412936
9489,1413126,4,1413130
9490,1413209,23,1413232
9491,1413247,72,1413319
9492,1413513,52,1413565
9493,1413590,40,1413630
9494,1413888,38,1413926
9495,1413942,24,1413966
9496,1414084,10,1414094
9497,1414100,25,1414125
9498,1414201,95,1414296
9499,1414298,29,1414327
9500,1414353,62,1414415
9501,1414426,42,1414468
9502,1414543,2,1414545
9503,1414670,36,1414706
9504,1414830,25,1414855
9505,1414882,6,1414888
9506,1414938,106,1415044
9507,1415221,36,1415257
9508,1415435,122,1415557
9509,1415641,38,1415679
9510,1415748,35,1415783
9511,1415902,5,1415907
9512,1416220,172,1416392
9513,1416578,132,1416710
9514,1416874,22,1416896
9515,1417299,13,1417312
9516,1417371,47,1417418
9517,1417431,2,1417433
9518,1417460,110,1417570
9519,1417582,2,1417584
9520,1418126,18,1418144
9521,1418227,19,1418246
9522,1418559,21,1418580
9523,1418650,3,1418653
9524,1418866,198,1419064
9525,1419486,4,1419490
9526,1419699,65,1419764
9527,1419863,292,1420155
9528,1420360,43,1420403
9529,1420442,12,1420454
9530,1420539,24,1420563
9531,1420597,12,1420609
9532,1420659,83,1420742
9533,1420752,9,1420761
9534,1420771,31,1420802
9535,1420820,79,1420899
9536,1421039,135,1421174
9537,1421204,7,1421211
9538,1421326,77,1421403
9539,1421816,9,1421825
9540,1421848,39,1421887
9541,1421949,59,1422008
9542,1422134,26,1422160
9543,1422179,145,1422324
9544,1422430,4,1422434
9545,1422618,44,1422662
9546,1423053,17,1423070
9547,1423117,22,1423139
9548,1423150,26,1423176
9549,1423545,64,1423609
9550,1423640,34,1423674
9551,1423748,29,1423777
9552,1423781,1,1423782
9553,1423819,6,1423825
9554,1423855,5,1423860
9555,1424217,1,1424218
9556,1424333,62,1424395
9557,1424439,268,1424707
9558,1424737,46,1424783
9559,1424797,192,1424989
9560,1425053,47,1425100
9561,1425123,58,1425181
9562,1425459,54,1425513
9563,1425517,117,1425634
9564,1425680,49,1425729
9565,1425808,3,1425811
9566,1425870,20,1425890
9567,1425994,4,1425998
9568,1426023,11,1426034
9569,1426122,16,1426138
9570,1426142,60,1426202
9571,1426250,56,1426306
9572,1426465,102,1426567
9573,1426672,84,1426756
9574,1426880,54,1426934
9575,1427170,110,1427280
9576,1427326,215,1427541
9577,1427582,13,1427595
9578,1427603,51,1427654
9579,1427669,49,1427718
9580,1427900,31,1427931
9581,1427951,26,1427977
9582,1428140,20,1428160
9583,1428286,92,1428378
9584,1428498,18,1428516
9585,1428747,20,1428767
9586,1429004,107,1429111
9587,1429144,203,1429347
9588,1429590,2,1429592
9589,1429641,29,1429670
9590,1429676,7,1429683
9591,1429744,37,1429781
9592,1429886,12,1429898
9593,1429999,8,1430007
9594,1430057,1,1430058
9595,1430414,32,1430446
9596,1430637,31,1430668
9597,1430841,35,1430876
9598,1430955,120,1431075
9599,1431107,47,1431154
9600,1431219,5,1431224
9601,1431312,10,1431322
9602,1431422,19,1431441
9603,1431482,15,1431497
9604,1431553,138,1431691
9605,1431745,120,1431865
9606,1432011,25,1432036
9607,1432216,17,1432233
9608,1432835,42,1432877
9609,1432910,20,1432930
9610,1432962,139,1433101
9611,1433281,32,1433313
9612,1433753,25,1433778
9613,1433871,116,1433987
9614,1434132,147,1434279
9615,1434432,83,1434515
9616,1434671,1,1434672
9617,1434815,24,1434839
9618,1434875,6,1434881
9619,1434948,2,1434950
9620,1435048,192,1435240
9621,1435322,89,1435411
9622,1435720,47,1435767
9623,1435802,2,1435804
9624,1435885,15,1435900
9625,1436139,39,1436178
9626,1436328,84,1436412
9627,1436466,16,1436482
9628,1436523,11,1436534
9629,1436559,12,1436571
9630,1436695,44,1436739
9631,1436744,140,1436884
9632,1436893,4,1436897
9633,1436961,30,1436991
9634,1437177,26,1437203
9635,1437220,96,1437316
9636,1437400,49,1437449
9637,1437480,59,1437539
9638,1437576,74,1437650
9639,1437822,17,1437839
9640,1437926,35,1437961
9641,1438191,87,1438278
9642,1438297,33,1438330
9643,1438406,19,1438425
9644,1438793,33,1438826
9645,1438933,35,1438968
9646,1439066,2,1439068
9647,1439352,71,1439423
9648,1439505,27,1439532
9649,1439563,104,1439667
9650,1439696,26,1439722
9651,1439856,72,1439928
9652,1440108,80,1440188
9653,1440228,173,1440401
9654,1440488,12,1440500
9655,1440513,92,1440605
9656,1440746,26,1440772
9657,1441031,6,1441037
9658,1441100,11,1441111
9659,1441197,27,1441224
9660,1441234,2,1441236
9661,1441369,35,1441404
9662,1441483,23,1441506
9663,1442062,50,1442112
9664,1442120,12,1442132
9665,1442190,51,1442241
9666,1442315,134,1442449
9667,1442598,25,1442623
9668,1442663,21,1442684
9669,1442814,55,1442869
9670,1443046,179,1443225
9671,1443301,51,1443352
9672,1443412,96,1443508
9673,1443720,20,1443740
9674,1443746,64,1443810
9675,1443914,40,1443954
9676,1444384,3,1444387
9677,1444531,31,1444562
9678,1444572,12,1444584
9679,1444605,5,1444610
9680,1444692,17,1444709
9681,1444877,10,1444887
9682,1444924,3,1444927
9683,1445187,30,1445217
9684,1445225,41,1445266
9685,1445420,18,1445438
9686,1445972,25,1445997
9687,1446178,3,1446181
9688,1446241,13,1446254
9689,1446385,77,1446462
9690,1446693,67,1446760
9691,1446809,109,1446918
9692,1446981,68,1447049
9693,1447086,11,1447097
9694,1447105,64,1447169
9695,1447252,69,1447321
9696,1447376,18,1447394
9697,1447438,25,1447463
9698,1447542,20,1447562
9699,1447683,101,1447784
9700,1447811,17,1447828
9701,1447996,56,1448052
9702,1448307,31,1448338
9703,1448419,82,1448501
9704,1448583,87,1448670
9705,1448733,51,1448784
9706,1448863,18,1448881
9707,1449067,22,1449089
9708,1449129,152,1449281
9709,1449362,94,1449456
9710,1449463,21,1449484
9711,1449489,46,1449535
9712,1449584,14,1449598
9713,1449600,28,1449628
9714,1449642,11,1449653
9715,1449704,2,1449706
9716,1449825,128,1449953
9717,1449996,54,1450050
9718,1450277,49,1450326
9719,1450437,144,1450581
9720,1450605,109,1450714
9721,1450758,17,1450775
9722,1450793,85,1450878
9723,1450951,14,1450965
9724,1451082,7,1451089
9725,1451103,18,1451121
9726,1451414,4,1451418
9727,1451426,28,1451454
9728,1451555,32,1451587
9729,1451930,3,1451933
9730,1452035,13,1452048
9731,1452187,81,1452268
9732,1452444,82,1452526
9733,1452696,18,1452714
9734,1452734,14,1452748
9735,1452814,42,1452856
9736,1453067,31,1453098
9737,1453276,48,1453324
9738,1453346,1,1453347
9739,1453366,56,1453422
9740,1453464,8,1453472
9741,1453590,61,1453651
9742,1453683,28,1453711
9743,1453785,116,1453901
9744,1453922,84,1454006
9745,1454053,2,1454055
9746,1454087,16,1454103
9747,1454171,59,1454230
9748,1454321,43,1454364
9749,1454387,59,1454446
9750,1454468,2,1454470
9751,1454478,4,1454482
9752,1454499,42,1454541
9753,1454548,31,1454579
9754,1454654,3,1454657
9755,1454768,7,1454775
9756,1454906,71,1454977
9757,1455081,2,1455083
9758,1455180,1,1455181
9759,1455191,162,1455353
9760,1455401,6,1455407
9761,1455415,20,1455435
9762,1455486,114,1455600
9763,1455629,8,1455637
9764,1455684,73,1455757
9765,1455997,13,1456010
9766,1456060,76,1456136
9767,1456480,32,1456512
9768,1456611,7,1456618
9769,1456656,6,1456662
9770,1456767,5,1456772
9771,1456773,44,1456817
9772,1457071,49,1457120
9773,1457274,32,1457306
9774,1457380,39,1457419
9775,1457458,101,1457559
9776,1457570,59,1457629
9777,1457670,113,1457783
9778,1457857,2,1457859
9779,1457984,182,1458166
9780,1458280,66,1458346
9781,1458605,121,1458726
9782,1458804,54,1458858
9783,1458894,1,1458895
9784,1458993,139,1459132
9785,1459137,24,1459161
9786,1459256,121,1459377
9787,1459419,86,1459505
9788,1459550,88,1459638
9789,1459834,81,1459915
9790,1460134,4,1460138
9791,1460293,11,1460304
9792,1460387,8,1460395
9793,1460465,1,1460466
9794,1460672,106,1460778
9795,1460850,135,1460985
9796,1461057,121,1461178
9797,1461229,73,1461302
9798,1461613,24,1461637
9799,1461738,66,1461804
9800,1461819,91,1461910
9801,1461983,50,1462033
9802,1462072,24,1462096
9803,1462177,32,1462209
9804,1462210,29,1462239
9805,1462246,41,1462287
9806,1462350,18,1462368
9807,1462466,132,1462598
9808,1462623,23,1462646
9809,1462776,20,1462796
9810,1462803,29,1462832
9811,1463139,1,1463140
9812,1463254,34,1463288
9813,1463352,20,1463372
9814,1463418,96,1463514
9815,1463582,19,1463601
9816,1463740,12,1463752
9817,1463895,111,1464006
9818,1464187,65,1464252
9819,1464308,70,1464378
9820,1464793,70,1464863
9821,1464974,137,1465111
9822,1465220,1,1465221
9823,1465314,28,1465342
9824,1465361,171,1465532
9825,1465633,60,1465693
9826,1465756,158,1465914
9827,1466207,12,1466219
9828,1466362,87,1466449
9829,1466856,26,1466882
9830,1466955,26,1466981
9831,1467009,101,1467110
9832,1467134,55,1467189
9833,1467276,103,1467379
9834,1467434,45,1467479
9835,1467511,95,1467606
9836,1467710,74,1467784
9837,1467793,36,1467829
9838,1467946,16,1467962
9839,1467975,49,1468024
9840,1468050,8,1468058
9841,1468104,67,1468171
9842,1468354,78,1468432
9843,1468652,17,1468669
9844,1468757,75,1468832
9845,1468833,90,1468923
9846,1469014,60,1469074
9847,1469236,30,1469266
9848,1469318,45,1469363
9849,1469440,13,1469453
9850,1469461,73,1469534
9851,1469587,73,1469660
9852,1469835,16,1469851
9853,1469860,18,1469878
9854,1469988,29,1470017
9855,1470057,35,1470092
9856,1470149,65,1470214
9857,1470284,68,1470352
9858,1470439,41,1470480
9859,1470558,37,1470595
9860,1470628,21,1470649
9861,1470858,22,1470880
9862,1470920,5,1470925
9863,1471123,7,1471130
9864,1471148,57,1471205
9865,1471331,140,1471471
9866,1471592,9,1471601
9867,1471783,21,1471804
9868,1471911,144,1472055
9869,1472080,43,1472123
9870,1472166,2,1472168
9871,1472471,62,1472533
9872,1472603,44,1472647
9873,1472784,5,1472789
9874,1472977,157,1473134
9875,1473284,26,1473310
9876,1473326,28,1473354
9877,1473452,204,1473656
9878,1473702,7,1473709
9879,1473950,41,1473991
9880,1474033,3,1474036
9881,1474176,100,1474276
9882,1474300,44,1474344
9883,1474446,36,1474482
9884,1474577,123,1474700
9885,1474756,17,1474773
9886,1474878,2,1474880
9887,1474904,23,1474927
9888,1474939,50,1474989
9889,1475078,48,1475126
9890,1475222,24,1475246
9891,1475415,58,1475473
9892,1475518,90,1475608
9893,1475686,43,1475729
9894,1475791,129,1475920
9895,1475977,44,1476021
9896,1476060,24,1476084
9897,1476095,23,1476118
9898,1476181,106,1476287
9899,1476417,51,1476468
9900,1476568,12,1476580
9901,1476937,15,1476952
9902,1477055,52,1477107
9903,1477167,26,1477193
9904,1477296,66,1477362
9905,1477455,90,1477545
9906,1477594,11,1477605
9907,1477629,19,1477648
9908,1477782,98,1477880
9909,1477913,53,1477966
9910,1477977,41,1478018
9911,1478139,181,1478320
9912,1478390,71,1478461
9913,1478516,1,1478517
9914,1478576,25,1478601
9915,1478628,12,1478640
9916,1478695,31,1478726
9917,1478746,40,1478786
9918,1478795,60,1478855
9919,1479081,65,1479146
9920,1479277,15,1479292
9921,1479373,13,1479386
9922,1479524,100,1479624
9923,1479654,27,1479681
9924,1479791,112,1479903
9925,1479919,142,1480061
9926,1480100,31,1480131
9927,1480208,160,1480368
9928,1480951,137,1481088
9929,1481395,140,1481535
9930,1481789,58,1481847
9931,1481920,91,1482011
9932,1482134,185,1482319
9933,1482372,9,1482381
9934,1482432,20,1482452
9935,1482525,104,1482629
9936,1482714,9,1482723
9937,1482875,13,1482888
9938,1482912,212,1483124
9939,1483280,54,1483334
9940,1483379,67,1483446
9941,1483598,43,1483641
9942,1483699,71,1483770
9943,1483771,203,1483974
9944,1484484,45,1484529
9945,1484558,85,1484643
9946,1484936,53,1484989
9947,1485129,9,1485138
9948,1485244,22,1485266
9949,1485374,10,1485384
9950,1485448,66,1485514
9951,1485639,87,1485726
9952,1485730,34,1485764
9953,1485778,117,1485895
9954,1485965,32,1485997
9955,1486071,40,1486111
9956,1486216,82,1486298
9957,1486300,135,1486435
9958,1486481,55,1486536
9959,1486581,23,1486604
9960,1486646,39,1486685
9961,1486717,99,1486816
9962,1486823,28,1486851
9963,1486875,78,1486953
9964,1487339,67,1487406
9965,1487419,89,1487508
9966,1487509,153,1487662
9967,1487907,1,1487908
9968,1488016,51,1488067
9969,1488107,8,1488115
9970,1488200,17,1488217
9971,1488338,139,1488477
9972,1488516,92,1488608
9973,1488820,28,1488848
9974,1489134,138,1489272
9975,1489527,42,1489569
9976,1489683,82,1489765
9977,1489935,98,1490033
9978,1490090,67,1490157
9979,1490238,33,1490271
9980,1490438,25,1490463
9981,1490476,50,1490526
9982,1490550,24,1490574
9983,1490579,18,1490597
9984,1490674,61,1490735
9985,1490768,33,1490801
9986,1490810,33,1490843
9987,1490987,30,1491017
9988,1491060,37,1491097
9989,1491224,27,1491251
9990,1491305,65,1491370
9991,1491386,64,1491450
9992,1491648,146,1491794
9993,1491842,9,1491851
9994,1492193,98,1492291
9995,1492319,64,1492383
9996,1492392,16,1492408
9997,1492418,14,1492432
9998,1492586,30,1492616
9999,1492658,29,1492687
10000,1492804,38,1492842
10001,1492847,14,1492861
10002,1492918,31,1492949
10003,1493017,39,1493056
10004,1493186,40,1493226
10005,1493262,8,1493270
10006,1493303,63,1493366
10007,1493370,48,1493418
10008,1493428,78,1493506
10009,1493546,11,1493557
10010,1493754,10,1493764
10011,1493770,19,1493789
10012,1493800,7,1493807
10013,1494016,62,1494078
10014,1494114,8,1494122
10015,1494226,33,1494259
10016,1494399,9,1494408
10017,1494440,75,1494515
10018,1494533,41,1494574
10019,1494623,5,1494628
10020,1494717,53,1494770
10021,1494872,27,1494899
10022,1494962,16,1494978
10023,1495129,28,1495157
10024,1495341,16,1495357
10025,1495515,78,1495593
10026,1495616,2,1495618
10027,1495830,24,1495854
10028,1495904,15,1495919
10029,1495962,139,1496101
10030,1496503,30,1496533
10031,1496540,14,1496554
10032,1496867,83,1496950
10033,1497061,15,1497076
10034,1497120,119,1497239
10035,1497311,39,1497350
10036,1497456,181,1497637
10037,1497640,2,1497642
10038,1498032,18,1498050
10039,1498079,25,1498104
10040,1498184,27,1498211
10041,1498566,4,1498570
10042,1498634,180,1498814
10043,1498834,9,1498843
10044,1498876,37,1498913
10045,1499104,232,1499336
10046,1499383,63,1499446
10047,1499808,123,1499931
10048,1500299,53,1500352
10049,1500373,152,1500525
10050,1500539,61,1500600
10051,1500653,2,1500655
10052,1500692,56,1500748
10053,1501122,68,1501190
10054,1501235,34,1501269
10055,1501283,46,1501329
10056,1501379,69,1501448
10057,1501547,13,1501560
10058,1501563,5,1501568
10059,1501672,4,1501676
10060,1501894,7,1501901
10061,1502164,208,1502372
10062,1502418,36,1502454
10063,1502511,131,1502642
10064,1502696,104,1502800
10065,1503066,15,1503081
10066,1503120,75,1503195
10067,1503254,31,1503285
10068,1503311,123,1503434
10069,1503533,42,1503575
10070,1503608,87,1503695
10071,1503710,27,1503737
10072,1503768,18,1503786
10073,1503832,6,1503838
10074,1503839,87,1503926
10075,1503972,39,1504011
10076,1504103,15,1504118
10077,1504179,68,1504247
10078,1504327,1,1504328
10079,1504373,51,1504424
10080,1504477,46,1504523
10081,1504526,6,1504532
10082,1504538,263,1504801
10083,1504837,6,1504843
10084,1504850,63,1504913
10085,1504976,185,1505161
10086,1505399,118,1505517
10087,1505567,27,1505594
10088,1505715,98,1505813
10089,1505913,68,1505981
10090,1506100,53,1506153
10091,1506195,9,1506204
10092,1506430,47,1506477
10093,1506516,16,1506532
10094,1506715,73,1506788
10095,1506833,1,1506834
10096,1506925,4,1506929
10097,1506956,12,1506968
10098,1506983,34,1507017
10099,1507076,5,1507081
10100,1507160,67,1507227
10101,1507232,9,1507241
10102,1507311,35,1507346
10103,1507382,102,1507484
10104,1507591,181,1507772
10105,1507801,198,1507999
10106,1508039,1,1508040
10107,1508325,11,1508336
10108,1508570,113,1508683
10109,1508722,45,1508767
10110,1508931,62,1508993
10111,1509014,109,1509123
10112,1509253,50,1509303
10113,1509318,1,1509319
10114,1509419,39,1509458
10115,1509810,74,1509884
10116,1510176,43,1510219
10117,1510266,81,1510347
10118,1510492,4,1510496
10119,1510503,8,1510511
10120,1510548,1,1510549
10121,1510585,110,1510695
10122,1510753,16,1510769
10123,1510879,80,1510959
10124,1510968,14,1510982
10125,1511072,20,1511092
10126,1511211,92,1511303
10127,1511321,2,1511323
10128,1511331,2,1511333
10129,1511433,24,1511457
10130,1511506,51,1511557
10131,1511676,205,1511881
10132,1511978,57,1512035
10133,1512053,18,1512071
10134,1512207,13,1512220
10135,1512314,60,1512374
10136,1512387,46,1512433
10137,1512565,57,1512622
10138,1512648,11,1512659
10139,1512664,56,1512720
10140,1512796,6,1512802
10141,1512981,8,1512989
10142,1513036,26,1513062
10143,1513072,147,1513219
10144,1513340,16,1513356
10145,1513367,32,1513399
10146,1513658,70,1513728
10147,1513777,36,1513813
10148,1513876,81,1513957
10149,1514015,24,1514039
10150,1514225,31,1514256
10151,1514298,112,1514410
10152,1514479,27,1514506
10153,1514525,63,1514588
10154,1514725,17,1514742
10155,1514873,18,1514891
10156,1514903,15,1514918
10157,1515155,8,1515163
10158,1515177,12,1515189
10159,1515205,8,1515213
10160,1515299,15,1515314
10161,1515556,68,1515624
10162,1515639,7,1515646
10163,1515759,19,1515778
10164,1516044,92,1516136
10165,1516186,40,1516226
10166,1516233,3,1516236
10167,1516241,96,1516337
10168,1516355,9,1516364
10169,1516375,36,1516411
10170,1516583,33,1516616
10171,1516654,74,1516728
10172,1516768,5,1516773
10173,1516881,28,1516909
10174,1516983,369,1517352
10175,1517364,5,1517369
10176,1517468,54,1517522
10177,1517991,132,1518123
10178,1518129,127,1518256
10179,1518317,34,1518351
10180,1518505,1,1518506
10181,1518539,35,1518574
10182,1518693,13,1518706
10183,1518997,6,1519003
10184,1519009,45,1519054
10185,1519339,14,1519353
10186,1519599,42,1519641
10187,1519713,73,1519786
10188,1519890,96,1519986
10189,1520054,66,1520120
10190,1520201,42,1520243
10191,1520394,6,1520400
10192,1520563,157,1520720
10193,1520923,4,1520927
10194,1520960,17,1520977
10195,1521074,2,1521076
10196,1521303,5,1521308
10197,1521320,99,1521419
10198,1521447,21,1521468
10199,1521472,6,1521478
10200,1521698,5,1521703
10201,1521814,17,1521831
10202,1521874,69,1521943
10203,1521986,2,1521988
10204,1521999,7,1522006
10205,1522040,55,1522095
10206,1522111,16,1522127
10207,1522257,33,1522290
10208,1522348,191,1522539
10209,1522650,47,1522697
10210,1522713,24,1522737
10211,1522806,39,1522845
10212,1522915,13,1522928
10213,1522971,84,1523055
10214,1523195,107,1523302
10215,1523576,74,1523650
10216,1523651,177,1523828
10217,1523858,13,1523871
10218,1524027,129,1524156
10219,1524180,25,1524205
10220,1524344,3,1524347
10221,1524354,70,1524424
10222,1524517,4,1524521
10223,1524547,1,1524548
10224,1524617,87,1524704
10225,1524873,55,1524928
10226,1524994,71,1525065
10227,1525176,16,1525192
10228,1525226,12,1525238
10229,1525262,67,1525329
10230,1525411,12,1525423
10231,1525509,59,1525568
10232,1525637,84,1525721
10233,1525870,5,1525875
10234,1526049,52,1526101
10235,1526381,23,1526404
10236,1526433,24,1526457
10237,1526578,224,1526802
10238,1526855,83,1526938
10239,1527134,51,1527185
10240,1527212,36,1527248
10241,1527353,41,1527394
10242,1527766,6,1527772
10243,1528078,2,1528080
10244,1528102,163,1528265
10245,1528365,12,1528377
10246,1528486,29,1528515
10247,1528719,2,1528721
10248,1528836,194,1529030
10249,1529104,7,1529111
10250,1529131,10,1529141
10251,1529461,54,1529515
10252,1529778,33,1529811
10253,1529936,131,1530067
10254,1530136,15,1530151
10255,1530189,39,1530228
10256,1530244,9,1530253
10257,1530259,53,1530312
10258,1530331,8,1530339
10259,1530351,62,1530413
10260,1530460,11,1530471
10261,1530513,33,1530546
10262,1530565,152,1530717
10263,1531048,31,1531079
10264,1531237,39,1531276
10265,1531410,79,1531489
10266,1531512,40,1531552
10267,1531587,8,1531595
10268,1531703,5,1531708
10269,1531924,22,1531946
10270,1532070,29,1532099
10271,1532261,2,1532263
10272,1532272,35,1532307
10273,1532345,28,1532373
10274,1532610,6,1532616
10275,1532631,34,1532665
10276,1532756,98,1532854
10277,1533023,197,1533220
10278,1533405,9,1533414
10279,1533432,133,1533565
10280,1533750,19,1533769
10281,1533864,11,1533875
10282,1533957,7,1533964
10283,1534022,51,1534073
10284,1534233,15,1534248
10285,1534439,42,1534481
10286,1534679,64,1534743
10287,1534852,5,1534857
10288,1534929,47,1534976
10289,1535263,81,1535344
10290,1535376,16,1535392
10291,1535466,5,1535471
10292,1535812,21,1535833
10293,1535907,47,1535954
10294,1536057,45,1536102
10295,1536346,27,1536373
10296,1536515,27,1536542
10297,1536885,17,1536902
10298,1536922,25,1536947
10299,1536967,20,1536987
10300,1537064,155,1537219
10301,1537347,9,1537356
10302,1537443,23,1537466
10303,1537479,21,1537500
10304,1537622,20,1537642
10305,1537668,178,1537846
10306,1538112,13,1538125
10307,1538289,99,1538388
10308,1538481,151,1538632
10309,1538737,51,1538788
10310,1538906,91,1538997
10311,1539218,14,1539232
10312,1539352,51,1539403
10313,1539449,39,1539488
10314,1539736,38,1539774
10315,1539789,64,1539853
10316,1540004,10,1540014
10317,1540356,9,1540365
10318,1540415,98,1540513
10319,1540560,1,1540561
10320,1540648,3,1540651
10321,1540749,285,1541034
10322,1541134,109,1541243
10323,1541378,55,1541433
10324,1541448,72,1541520
10325,1541674,8,1541682
10326,1541739,20,1541759
10327,1541816,56,1541872
10328,1541904,15,1541919
10329,1541985,1,1541986
10330,1542178,120,1542298
10331,1542588,73,1542661
10332,1542910,57,1542967
10333,1543084,22,1543106
10334,1543127,38,1543165
10335,1543182,90,1543272
10336,1543325,30,1543355
10337,1543496,66,1543562
10338,1543590,65,1543655
10339,1543665,4,1543669
10340,1543679,12,1543691
10341,1543882,42,1543924
10342,1543936,148,1544084
10343,1544097,11,1544108
10344,1544146,46,1544192
10345,1544304,62,1544366
10346,1544436,131,1544567
10347,1544579,162,1544741
10348,1544785,137,1544922
10349,1545182,20,1545202
10350,1545365,27,1545392
10351,1545525,4,1545529
10352,1545548,212,1545760
10353,1545815,11,1545826
10354,1545883,3,1545886
10355,1545977,33,1546010
10356,1546137,115,1546252
10357,1546501,7,1546508
10358,1546657,72,1546729
10359,1546731,40,1546771
10360,1546925,41,1546966
10361,1546987,82,1547069
10362,1547277,7,1547284
10363,1547312,17,1547329
10364,1547348,9,1547357
10365,1547481,108,1547589
10366,1547669,14,1547683
10367,1547714,52,1547766
10368,1547891,23,1547914
10369,1548024,17,1548041
10370,1548076,12,1548088
10371,1548159,15,1548174
10372,1548232,56,1548288
10373,1548299,50,1548349
10374,1548371,93,1548464
10375,1548599,19,1548618
10376,1548821,68,1548889
10377,1549002,222,1549224
10378,1549230,48,1549278
10379,1549288,68,1549356
10380,1549761,17,1549778
10381,1549808,91,1549899
10382,1549995,67,1550062
10383,1550118,30,1550148
10384,1550149,70,1550219
10385,1550310,56,1550366
10386,1550404,9,1550413
10387,1550618,27,1550645
10388,1550887,23,1550910
10389,1550952,41,1550993
10390,1551074,65,1551139
10391,1551158,74,1551232
10392,1551329,29,1551358
10393,1551371,75,1551446
10394,1551590,94,1551684
10395,1551771,2,1551773
10396,1551835,34,1551869
10397,1551966,123,1552089
10398,1552200,20,1552220
10399,1552242,27,1552269
10400,1552413,29,1552442
10401,1552527,30,1552557
10402,1552603,30,1552633
10403,1552685,72,1552757
10404,1552953,106,1553059
10405,1553069,90,1553159
10406,1553236,29,1553265
10407,1553342,12,1553354
10408,1553398,20,1553418
10409,1553424,61,1553485
10410,1553585,30,1553615
10411,1553888,36,1553924
10412,1553952,13,1553965
10413,1553985,75,1554060
10414,1554123,25,1554148
10415,1554174,21,1554195
10416,1554358,135,1554493
10417,1554970,2,1554972
10418,1555052,2,1555054
10419,1555179,93,1555272
10420,1555790,5,1555795
10421,1555887,11,1555898
10422,1555976,31,1556007
10423,1556010,21,1556031
10424,1556101,79,1556180
10425,1556614,31,1556645
10426,1556664,123,1556787
10427,1556888,50,1556938
10428,1557031,1,1557032
10429,1557220,104,1557324
10430,1557334,290,1557624
10431,1557684,101,1557785
10432,1557818,16,1557834
10433,1557835,56,1557891
10434,1558059,102,1558161
10435,1558519,3,1558522
10436,1558538,11,1558549
10437,1558655,63,1558718
10438,1558847,9,1558856
10439,1558948,121,1559069
10440,1559097,33,1559130
10441,1559263,6,1559269
10442,1559384,57,1559441
10443,1559456,24,1559480
10444,1559505,191,1559696
10445,1559738,43,1559781
10446,1559942,52,1559994
10447,1560000,21,1560021
10448,1560030,24,1560054
10449,1560261,30,1560291
10450,1560388,5,1560393
10451,1560396,27,1560423
10452,1560426,138,1560564
10453,1560670,50,1560720
10454,1560784,47,1560831
10455,1560851,76,1560927
10456,1561012,61,1561073
10457,1561285,25,1561310
10458,1561353,1,1561354
10459,1561493,5,1561498
10460,1561562,181,1561743
10461,1561897,9,1561906
10462,1562023,17,1562040
10463,1562159,9,1562168
10464,1562353,139,1562492
10465,1562579,71,1562650
10466,1562723,12,1562735
10467,1562878,19,1562897
10468,1563006,40,1563046
10469,1563265,13,1563278
10470,1563497,19,1563516
10471,1563645,82,1563727
10472,1563950,33,1563983
10473,1564002,41,1564043
10474,1564061,24,1564085
10475,1564152,46,1564198
10476,1564222,102,1564324
10477,1564368,21,1564389
10478,1565058,9,1565067
10479,1565122,82,1565204
10480,1565436,18,1565454
10481,1565623,11,1565634
10482,1565738,3,1565741
10483,1565770,28,1565798
10484,1565920,78,1565998
10485,1566041,186,1566227
10486,1566292,212,1566504
10487,1566549,56,1566605
10488,1566637,9,1566646
10489,1566651,42,1566693
10490,1566728,160,1566888
10491,1566913,55,1566968
10492,1567026,66,1567092
10493,1567201,78,1567279
10494,1567350,19,1567369
10495,1567402,19,1567421
10496,1567422,27,1567449
10497,1567566,8,1567574
10498,1567581,106,1567687
10499,1567779,15,1567794
10500,1567803,25,1567828
10501,1567969,70,1568039
10502,1568042,92,1568134
10503,1568245,226,1568471
10504,1568681,88,1568769
10505,1568851,46,1568897
10506,1568957,11,1568968
10507,1569058,119,1569177
10508,1569233,7,1569240
10509,1569276,77,1569353
10510,1569397,55,1569452
10511,1569570,82,1569652
10512,1569715,2,1569717
10513,1569724,131,1569855
10514,1569962,52,1570014
10515,1570038,13,1570051
10516,1570142,5,1570147
10517,1570361,32,1570393
10518,1570471,19,1570490
10519,1570592,23,1570615
10520,1570767,11,1570778
10521,1570809,24,1570833
10522,1570977,32,1571009
10523,1571069,2,1571071
10524,1571110,25,1571135
10525,1571151,52,1571203
10526,1571274,105,1571379
10527,1571455,106,1571561
10528,1571568,44,1571612
10529,1571813,38,1571851
10530,1571935,14,1571949
10531,1572062,25,1572087
10532,1572215,12,1572227
10533,1572761,31,1572792
10534,1572953,5,1572958
10535,1572986,23,1573009
10536,1573267,90,1573357
10537,1573472,23,1573495
10538,1573532,28,1573560
10539,1573678,77,1573755
10540,1573907,70,1573977
10541,1574158,84,1574242
10542,1574260,1,1574261
10543,1574406,34,1574440
10544,1574527,29,1574556
10545,1574659,14,1574673
10546,1574698,21,1574719
10547,1574758,13,1574771
10548,1574964,25,1574989
10549,1575054,45,1575099
10550,1575183,106,1575289
10551,1575290,15,1575305
10552,1575322,28,1575350
10553,1575493,15,1575508
10554,1575525,84,1575609
10555,1575721,55,1575776
10556,1575821,29,1575850
10557,1575925,14,1575939
10558,1575962,30,1575992
10559,1576005,11,1576016
10560,1576020,99,1576119
10561,1576349,59,1576408
10562,1576433,85,1576518
10563,1576684,29,1576713
10564,1576719,77,1576796
10565,1576815,48,1576863
10566,1576864,23,1576887
10567,1577133,41,1577174
10568,1577226,16,1577242
10569,1577636,24,1577660
10570,1577773,188,1577961
10571,1578207,9,1578216
10572,1578490,73,1578563
10573,1578684,66,1578750
10574,1579052,6,1579058
10575,1579113,70,1579183
10576,1579272,60,1579332
10577,1579412,58,1579470
10578,1579544,11,1579555
10579,1579589,77,1579666
10580,1579813,53,1579866
10581,1580021,15,1580036
10582,1580190,25,1580215
10583,1580256,52,1580308
10584,1580309,40,1580349
10585,1580362,13,1580375
10586,1580448,46,1580494
10587,1580673,106,1580779
10588,1580832,5,1580837
10589,1581115,44,1581159
10590,1581315,60,1581375
10591,1581423,3,1581426
10592,1581467,39,1581506
10593,1581619,61,1581680
10594,1581767,58,1581825
10595,1582043,140,1582183
10596,1582405,87,1582492
10597,1582509,90,1582599
10598,1582612,108,1582720
10599,1582805,7,1582812
10600,1582896,17,1582913
10601,1582922,49,1582971
10602,1582984,51,1583035
10603,1583043,42,1583085
10604,1583154,69,1583223
10605,1583327,35,1583362
10606,1583377,2,1583379
10607,1583651,15,1583666
10608,1583811,16,1583827
10609,1583881,36,1583917
10610,1584185,1,1584186
10611,1584304,108,1584412
10612,1584658,30,1584688
10613,1584743,2,1584745
10614,1584781,22,1584803
10615,1585131,132,1585263
10616,1585309,124,1585433
10617,1585459,4,1585463
10618,1585550,114,1585664
10619,1585754,52,1585806
10620,1586039,61,1586100
10621,1586159,8,1586167
10622,1586184,201,1586385
10623,1586461,114,1586575
10624,1586597,20,1586617
10625,1586663,35,1586698
10626,1587034,132,1587166
10627,1587553,78,1587631
10628,1587839,44,1587883
10629,1588039,24,1588063
10630,1588113,91,1588204
10631,1588451,34,1588485
10632,1588510,77,1588587
10633,1588628,32,1588660
10634,1588720,92,1588812
10635,1588934,108,1589042
10636,1589200,17,1589217
10637,1589445,5,1589450
10638,1589650,41,1589691
10639,1589890,182,1590072
10640,1590103,20,1590123
10641,1590234,1,1590235
10642,1590250,18,1590268
10643,1590382,204,1590586
10644,1590733,48,1590781
10645,1590822,11,1590833
10646,1590878,18,1590896
10647,1591027,125,1591152
10648,1591313,6,1591319
10649,1591374,36,1591410
10650,1591442,3,1591445
10651,1591455,180,1591635
10652,1592018,108,1592126
10653,1592143,53,1592196
10654,1592313,10,1592323
10655,1592341,9,1592350
10656,1592361,91,1592452
10657,1592560,19,1592579
10658,1592589,27,1592616
10659,1592899,10,1592909
10660,1593095,44,1593139
10661,1593209,236,1593445
10662,1593713,69,1593782
10663,1593887,27,1593914
10664,1593973,22,1593995
10665,1594164,74,1594238
10666,1594322,58,1594380
10667,1594383,8,1594391
10668,1594772,50,1594822
10669,1594836,24,1594860
10670,1594966,104,1595070
10671,1595134,98,1595232
10672,1595247,43,1595290
10673,1595495,61,1595556
10674,1595903,21,1595924
10675,1596193,37,1596230
10676,1596240,4,1596244
10677,1596491,2,1596493
10678,1596559,2,1596561
10679,1596653,58,1596711
10680,1596965,92,1597057
10681,1597153,80,1597233
10682,1597262,83,1597345
10683,1597404,79,1597483
10684,1597826,2,1597828
10685,1597899,16,1597915
10686,1597966,80,1598046
10687,1598089,26,1598115
10688,1598153,35,1598188
10689,1598253,38,1598291
10690,1598327,25,1598352
10691,1598375,1,1598376
10692,1598524,16,1598540
10693,1598542,14,1598556
10694,1598719,24,1598743
10695,1598792,120,1598912
10696,1598944,70,1599014
10697,1599033,34,1599067
10698,1599125,50,1599175
10699,1599328,29,1599357
10700,1599497,30,1599527
10701,1599855,12,1599867
10702,1599921,74,1599995
10703,1600047,16,1600063
10704,1600161,23,1600184
10705,1600228,35,1600263
10706,1600314,2,1600316
10707,1600350,18,1600368
10708,1600621,2,1600623
10709,1600820,69,1600889
10710,1600917,26,1600943
10711,1601079,95,1601174
10712,1601225,110,1601335
10713,1601437,3,1601440
10714,1601592,49,1601641
10715,1601703,14,1601717
10716,1602079,71,1602150
10717,1602321,7,1602328
10718,1602549,59,1602608
10719,1602681,25,1602706
10720,1602894,31,1602925
10721,1603147,8,1603155
10722,1603179,85,1603264
10723,1603336,78,1603414
10724,1603447,7,1603454
10725,1603476,75,1603551
10726,1603580,45,1603625
10727,1603801,47,1603848
10728,1603971,5,1603976
10729,1603984,15,1603999
10730,1604033,65,1604098
10731,1604138,110,1604248
10732,1604286,125,1604411
10733,1604557,1,1604558
10734,1604653,103,1604756
10735,1605016,64,1605080
10736,1605140,2,1605142
10737,1605175,44,1605219
10738,1605633,10,1605643
10739,1605670,178,1605848
10740,1606216,17,1606233
10741,1606241,93,1606334
10742,1606704,81,1606785
10743,1606993,73,1607066
10744,1607128,15,1607143
10745,1607336,16,1607352
10746,1607431,85,1607516
10747,1607575,6,1607581
10748,1607734,28,1607762
10749,1607773,51,1607824
10750,1607884,14,1607898
10751,1607970,31,1608001
10752,1608037,138,1608175
10753,1608314,24,1608338
10754,1608629,33,1608662
10755,1608758,82,1608840
10756,1608925,10,1608935
10757,1608948,33,1608981
10758,1608998,109,1609107
10759,1609277,60,1609337
10760,1609360,89,1609449
10761,1609548,19,1609567
10762,1610028,53,1610081
10763,1610144,1,1610145
10764,1610215,61,1610276
10765,1610280,27,1610307
10766,1610544,37,1610581
10767,1610616,20,1610636
10768,1610644,35,1610679
10769,1610752,77,1610829
10770,1610981,201,1611182
10771,1611292,71,1611363
10772,1611488,53,1611541
10773,1611617,8,1611625
10774,1611887,60,1611947
10775,1611954,121,1612075
10776,1612151,25,1612176
10777,1612235,26,1612261
10778,1612476,25,1612501
10779,1612551,31,1612582
10780,1612843,84,1612927
10781,1613146,28,1613174
10782,1613510,62,1613572
10783,1613580,43,1613623
10784,1613672,39,1613711
10785,1613728,49,1613777
10786,1613802,95,1613897
10787,1613900,16,1613916
10788,1613952,221,1614173
10789,1614238,183,1614421
10790,1614645,20,1614665
10791,1615284,159,1615443
10792,1615524,100,1615624
10793,1615627,20,1615647
10794,1615660,33,1615693
10795,1615884,12,1615896
10796,1616052,33,1616085
10797,1616244,56,1616300
10798,1616376,3,1616379
10799,1616981,4,1616985
10800,1617055,53,1617108
10801,1617116,11,1617127
10802,1617136,46,1617182
10803,1617316,74,1617390
10804,1617607,21,1617628
10805,1617652,44,1617696
10806,1617723,71,1617794
10807,1617811,59,1617870
10808,1617901,13,1617914
10809,1617988,306,1618294
10810,1618310,69,1618379
10811,1618470,71,1618541
10812,1618592,88,1618680
10813,1618704,73,1618777
10814,1619177,20,1619197
10815,1619223,39,1619262
10816,1619538,121,1619659
10817,1619699,30,1619729
10818,1619772,1,1619773
10819,1619834,33,1619867
10820,1619877,107,1619984
10821,1620142,93,1620235
10822,1620441,37,1620478
10823,1620571,3,1620574
10824,1620596,38,1620634
10825,1620735,28,1620763
10826,1620784,109,1620893
10827,1620907,67,1620974
10828,1621217,46,1621263
10829,1621298,3,1621301
10830,1621372,25,1621397
10831,1621447,95,1621542
10832,1621590,72,1621662
10833,1621664,32,1621696
10834,1621780,29,1621809
10835,1622072,38,1622110
10836,1622230,83,1622313
10837,1622473,68,1622541
10838,1622617,8,1622625
10839,1622722,37,1622759
10840,1623074,18,1623092
10841,1623267,28,1623295
10842,1623311,129,1623440
10843,1623535,70,1623605
10844,1623668,49,1623717
10845,1623822,9,1623831
10846,1623866,95,1623961
10847,1623998,12,1624010
10848,1624077,19,1624096
10849,1624238,13,1624251
10850,1624255,12,1624267
10851,1624293,171,1624464
10852,1624588,13,1624601
10853,1624698,8,1624706
10854,1624745,17,1624762
10855,1624785,11,1624796
10856,1625028,82,1625110
10857,1625129,25,1625154
10858,1625327,110,1625437
10859,1625464,47,1625511
10860,1625554,83,1625637
10861,1625686,43,1625729
10862,1625879,4,1625883
10863,1626037,127,1626164
10864,1626179,28,1626207
10865,1626467,29,1626496
10866,1626534,61,1626595
10867,1626928,83,1627011
10868,1627013,147,1627160
10869,1627341,27,1627368
10870,1627507,12,1627519
10871,1627592,23,1627615
10872,1627647,81,1627728
10873,1627824,4,1627828
10874,1628027,10,1628037
10875,1628158,142,1628300
10876,1628334,42,1628376
10877,1628653,13,1628666
10878,1628682,12,1628694
10879,1628709,22,1628731
10880,1628816,67,1628883
10881,1628962,205,1629167
10882,1629196,8,1629204
10883,1629431,25,1629456
10884,1629596,37,1629633
10885,1629824,5,1629829
10886,1629916,9,1629925
10887,1630052,8,1630060
10888,1630066,79,1630145
10889,1630157,50,1630207
10890,1630323,7,1630330
10891,1630546,61,1630607
10892,1630797,9,1630806
10893,1630926,14,1630940
10894,1631080,99,1631179
10895,1631186,2,1631188
10896,1631431,38,1631469
10897,1631607,9,1631616
10898,1631679,128,1631807
10899,1631949,19,1631968
10900,1631972,1,1631973
10901,1632211,15,1632226
10902,1632267,9,1632276
10903,1632361,103,1632464
10904,1632578,142,1632720
10905,1632724,37,1632761
10906,1633003,81,1633084
10907,1633152,22,1633174
10908,1633357,11,1633368
10909,1633436,19,1633455
10910,1633661,24,1633685
10911,1633824,27,1633851
10912,1633866,21,1633887
10913,1634058,46,1634104
10914,1634139,107,1634246
10915,1634302,180,1634482
10916,1634549,160,1634709
10917,1634739,8,1634747
10918,1634958,101,1635059
10919,1635124,31,1635155
10920,1635179,12,1635191
10921,1635264,3,1635267
10922,1635327,99,1635426
10923,1635511,59,1635570
10924,1635709,127,1635836
10925,1636055,13,1636068
10926,1636157,30,1636187
10927,1636427,5,1636432
10928,1636486,49,1636535
10929,1636628,54,1636682
10930,1636770,19,1636789
10931,1636868,33,1636901
10932,1636940,115,1637055
10933,1637163,51,1637214
10934,1637290,51,1637341
10935,1637406,7,1637413
10936,1637453,3,1637456
10937,1637557,198,1637755
10938,1637833,19,1637852
10939,1637899,22,1637921
10940,1637933,232,1638165
10941,1638194,9,1638203
10942,1638299,166,1638465
10943,1638523,206,1638729
10944,1638780,55,1638835
10945,1638886,160,1639046
10946,1639068,25,1639093
10947,1639177,32,1639209
10948,1639221,2,1639223
10949,1639275,16,1639291
10950,1639521,147,1639668
10951,1639706,69,1639775
10952,1640195,106,1640301
10953,1640354,24,1640378
10954,1640385,61,1640446
10955,1640560,41,1640601
10956,1640646,51,1640697
10957,1640723,35,1640758
10958,1640774,77,1640851
10959,1640981,8,1640989
10960,1640994,16,1641010
10961,1641017,16,1641033
10962,1641119,66,1641185
10963,1641305,35,1641340
10964,1641385,51,1641436
10965,1641584,81,1641665
10966,1641783,5,1641788
10967,1641795,112,1641907
10968,1642037,19,1642056
10969,1642115,35,1642150
10970,1642159,35,1642194
10971,1642342,8,1642350
10972,1642446,2,1642448
10973,1642534,1,1642535
10974,1642587,131,1642718
10975,1642735,88,1642823
10976,1642886,123,1643009
10977,1643212,21,1643233
10978,1643356,26,1643382
10979,1643641,7,1643648
10980,1643806,7,1643813
10981,1643920,42,1643962
10982,1644180,16,1644196
10983,1644234,77,1644311
10984,1644392,46,1644438
10985,1644439,26,1644465
10986,1644594,71,1644665
10987,1644832,42,1644874
10988,1644920,3,1644923
10989,1645092,145,1645237
10990,1645344,87,1645431
10991,1645488,111,1645599
10992,1645766,29,1645795
10993,1645885,40,1645925
10994,1645956,47,1646003
10995,1646100,51,1646151
10996,1646162,4,1646166
10997,1646175,55,1646230
10998,1646283,63,1646346
10999,1646373,43,1646416
11000,1646452,11,1646463
11001,1646563,38,1646601
11002,1646696,18,1646714
11003,1646781,42,1646823
11004,1646903,10,1646913
11005,1647060,211,1647271
11006,1647315,27,1647342
11007,1647368,199,1647567
11008,1647863,9,1647872
11009,1648104,44,1648148
11010,1648164,3,1648167
11011,1648501,75,1648576
11012,1648611,48,1648659
11013,1648710,42,1648752
11014,1648862,2,1648864
11015,1648876,43,1648919
11016,1649052,77,1649129
11017,1649213,15,1649228
11018,1649240,17,1649257
11019,1649576,11,1649587
11020,1649631,46,1649677
11021,1649826,21,1649847
11022,1649863,13,1649876
11023,1649891,7,1649898
11024,1650072,24,1650096
11025,1650177,5,1650182
11026,1650211,41,1650252
11027,1650281,130,1650411
11028,1650849,10,1650859
11029,1650948,39,1650987
11030,1651004,106,1651110
11031,1651115,21,1651136
11032,1651175,2,1651177
11033,1651487,160,1651647
11034,1651654,25,1651679
11035,1651722,108,1651830
11036,1651837,153,1651990
11037,1652032,93,1652125
11038,1652175,89,1652264
11039,1652462,135,1652597
11040,1652701,2,1652703
11041,1652741,36,1652777
11042,1652943,5,1652948
11043,1653150,73,1653223
11044,1653316,9,1653325
11045,1653414,39,1653453
11046,1653521,45,1653566
11047,1653616,46,1653662
11048,1653681,31,1653712
11049,1653762,4,1653766
11050,1653936,35,1653971
11051,1653986,59,1654045
11052,1654061,7,1654068
11053,1654093,54,1654147
11054,1654191,32,1654223
11055,1654286,78,1654364
11056,1654381,20,1654401
11057,1654431,24,1654455
11058,1654474,16,1654490
11059,1654531,57,1654588
11060,1654658,29,1654687
11061,1654773,12,1654785
11062,1655114,8,1655122
11063,1655171,51,1655222
11064,1655283,40,1655323
11065,1655383,9,1655392
11066,1655446,4,1655450
11067,1655564,1,1655565
11068,1655731,68,1655799
11069,1655803,3,1655806
11070,1655875,3,1655878
11071,1655885,143,1656028
11072,1656052,5,1656057
11073,1656276,55,1656331
11074,1656581,210,1656791
11075,1656832,130,1656962
11076,1657102,51,1657153
11077,1657365,36,1657401
11078,1657524,12,1657536
11079,1657768,2,1657770
11080,1657869,118,1657987
11081,1658026,20,1658046
11082,1658078,20,1658098
11083,1658142,3,1658145
11084,1658183,21,1658204
11085,1658233,22,1658255
11086,1658431,80,1658511
11087,1658524,99,1658623
11088,1658644,25,1658669
11089,1658751,5,1658756
11090,1658794,40,1658834
11091,1658934,33,1658967
11092,1659031,61,1659092
11093,1659103,2,1659105
11094,1659193,41,1659234
11095,1659642,14,1659656
11096,1659692,13,1659705
11097,1659801,94,1659895
11098,1660202,19,1660221
11099,1660379,11,1660390
11100,1660468,11,1660479
11101,1660624,9,1660633
11102,1660717,60,1660777
11103,1660844,14,1660858
11104,1660965,42,1661007
11105,1661084,81,1661165
11106,1661332,28,1661360
11107,1661560,44,1661604
11108,1661833,68,1661901
11109,1661906,29,1661935
11110,1662029,38,1662067
11111,1662220,3,1662223
11112,1662334,5,1662339
11113,1662365,40,1662405
11114,1662493,25,1662518
11115,1662636,156,1662792
11116,1662823,168,1662991
11117,1663028,74,1663102
11118,1663136,52,1663188
11119,1663206,80,1663286
11120,1663522,14,1663536
11121,1663562,29,1663591
11122,1663681,23,1663704
11123,1663741,48,1663789
11124,1663807,3,1663810
11125,1663978,8,1663986
11126,1664090,64,1664154
11127,1664173,24,1664197
11128,1664203,276,1664479
11129,1664540,40,1664580
11130,1664783,227,1665010
11131,1665070,26,1665096
11132,1665153,120,1665273
11133,1665275,10,1665285
11134,1665386,4,1665390
11135,1665544,4,1665548
11136,1665592,9,1665601
11137,1665821,17,1665838
11138,1665908,9,1665917
11139,1665969,97,1666066
11140,1666084,7,1666091
11141,1666104,12,1666116
11142,1666123,8,1666131
11143,1666247,9,1666256
11144,1666548,9,1666557
11145,1666573,49,1666622
11146,1666921,26,1666947
11147,1667217,165,1667382
11148,1667659,74,1667733
11149,1667795,62,1667857
11150,1668123,15,1668138
11151,1668373,3,1668376
11152,1668484,6,1668490
11153,1668593,55,1668648
11154,1668771,40,1668811
11155,1668868,7,1668875
11156,1668914,66,1668980
11157,1669015,103,1669118
11158,1669160,50,1669210
11159,1669276,94,1669370
11160,1669473,57,1669530
11161,1669600,1,1669601
11162,1669695,18,1669713
11163,1669880,47,1669927
11164,1670032,77,1670109
11165,1670155,5,1670160
11166,1670178,31,1670209
11167,1670486,12,1670498
11168,1670528,8,1670536
11169,1670639,69,1670708
11170,1670819,15,1670834
11171,1670954,7,1670961
11172,1671020,17,1671037
11173,1671071,189,1671260
11174,1671311,3,1671314
11175,1671330,106,1671436
11176,1671709,34,1671743
11177,1671810,54,1671864
11178,1671987,55,1672042
11179,1672197,8,1672205
11180,1672349,3,1672352
11181,1672380,63,1672443
11182,1672576,87,1672663
11183,1672724,40,1672764
11184,1672816,20,1672836
11185,1673182,32,1673214
11186,1673379,56,1673435
11187,1673484,122,1673606
11188,1673696,70,1673766
11189,1673782,99,1673881
11190,1673926,4,1673930
11191,1673976,93,1674069
11192,1674250,21,1674271
11193,1674393,11,1674404
11194,1674452,46,1674498
11195,1674648,12,1674660
11196,1674701,39,1674740
11197,1674788,41,1674829
11198,1675221,2,1675223
11199,1675417,68,1675485
11200,1675586,33,1675619
11201,1675622,3,1675625
11202,1675647,13,1675660
11203,1675896,4,1675900
11204,1675923,20,1675943
11205,1675995,12,1676007
11206,1676126,16,1676142
11207,1676304,19,1676323
11208,1676404,94,1676498
11209,1676565,71,1676636
11210,1676637,19,1676656
11211,1676793,32,1676825
11212,1676829,3,1676832
11213,1676888,25,1676913
11214,1677007,36,1677043
11215,1677286,127,1677413
11216,1677454,2,1677456
11217,1677457,3,1677460
11218,1677567,81,1677648
11219,1677665,5,1677670
11220,1677697,9,1677706
11221,1677759,65,1677824
11222,1678039,37,1678076
11223,1678320,66,1678386
11224,1678421,246,1678667
11225,1678944,46,1678990
11226,1679087,8,1679095
11227,1679411,15,1679426
11228,1679482,8,1679490
11229,1679546,7,1679553
11230,1679677,24,1679701
11231,1679722,97,1679819
11232,1679838,68,1679906
11233,1679984,54,1680038
11234,1680369,2,1680371
11235,1680593,57,1680650
11236,1680706,15,1680721
11237,1681134,22,1681156
11238,1681165,5,1681170
11239,1681210,10,1681220
11240,1681459,90,1681549
11241,1681622,57,1681679
11242,1681984,31,1682015
11243,1682134,6,1682140
11244,1682281,62,1682343
11245,1682504,3,1682507
11246,1682534,33,1682567
11247,1682585,62,1682647
11248,1682658,72,1682730
11249,1682905,113,1683018
11250,1683043,25,1683068
11251,1683108,19,1683127
11252,1683164,11,1683175
11253,1683187,70,1683257
11254,1683304,19,1683323
11255,1683367,49,1683416
11256,1683417,52,1683469
11257,1683507,48,1683555
11258,1683596,136,1683732
11259,1683745,81,1683826
11260,1683878,11,1683889
11261,1684079,7,1684086
11262,1684189,15,1684204
11263,1684245,101,1684346
11264,1684461,244,1684705
11265,1684887,34,1684921
11266,1685036,29,1685065
11267,1685332,53,1685385
11268,1685541,10,1685551
11269,1685609,3,1685612
11270,1685618,22,1685640
11271,1685751,264,1686015
11272,1686080,116,1686196
11273,1686263,39,1686302
11274,1686388,1,1686389
11275,1686435,32,1686467
11276,1686606,11,1686617
11277,1686696,1,1686697
11278,1686756,17,1686773
11279,1686884,37,1686921
11280,1687091,9,1687100
11281,1687120,18,1687138
11282,1687141,82,1687223
11283,1687233,67,1687300
11284,1687478,21,1687499
11285,1687500,28,1687528
11286,1687642,84,1687726
11287,1687772,84,1687856
11288,1688066,23,1688089
11289,1688210,155,1688365
11290,1688466,7,1688473
11291,1688608,9,1688617
11292,1688653,12,1688665
11293,1688773,60,1688833
11294,1688880,19,1688899
11295,1689140,59,1689199
11296,1689270,78,1689348
11297,1689663,201,1689864
11298,1689876,138,1690014
11299,1690100,9,1690109
11300,1690188,18,1690206
11301,1690212,58,1690270
11302,1690274,3,1690277
11303,1690385,37,1690422
11304,1690592,120,1690712
11305,1690853,64,1690917
11306,1690985,6,1690991
11307,1691045,5,1691050
11308,1691089,13,1691102
11309,1691119,16,1691135
11310,1691153,113,1691266
11311,1691430,33,1691463
11312,1691587,40,1691627
11313,1691851,131,1691982
11314,1692031,49,1692080
11315,1692180,3,1692183
11316,1692266,48,1692314
11317,1692318,26,1692344
11318,1692455,26,1692481
11319,1692515,28,1692543
11320,1692570,8,1692578
11321,1692607,48,1692655
11322,1692853,50,1692903
11323,1692927,44,1692971
11324,1693053,68,1693121
11325,1693144,18,1693162
11326,1693303,126,1693429
11327,1693483,63,1693546
11328,1693583,95,1693678
11329,1693785,81,1693866
11330,1694093,86,1694179
11331,1694267,80,1694347
11332,1694607,15,1694622
11333,1694623,65,1694688
11334,1694741,15,1694756
11335,1695033,33,1695066
11336,1695159,46,1695205
11337,1695313,28,1695341
11338,1695362,39,1695401
11339,1695454,21,1695475
11340,1695482,117,1695599
11341,1695614,51,1695665
11342,1695802,3,1695805
11343,1695855,157,1696012
11344,1696024,29,1696053
11345,1696066,25,1696091
11346,1696107,70,1696177
11347,1696310,53,1696363
11348,1696421,82,1696503
11349,1696521,40,1696561
11350,1696641,24,1696665
11351,1696675,5,1696680
11352,1696708,212,1696920
11353,1697052,42,1697094
11354,1697147,24,1697171
11355,1697305,40,1697345
11356,1697438,27,1697465
11357,1697524,136,1697660
11358,1697927,11,1697938
11359,1697983,74,1698057
11360,1698232,137,1698369
11361,1698677,7,1698684
11362,1698700,46,1698746
11363,1698941,67,1699008
11364,1699070,70,1699140
11365,1699423,72,1699495
11366,1699906,171,1700077
11367,1700078,48,1700126
11368,1700176,139,1700315
11369,1700333,47,1700380
11370,1700403,206,1700609
11371,1700750,25,1700775
11372,1700910,51,1700961
11373,1700999,15,1701014
11374,1701081,52,1701133
11375,1701180,47,1701227
11376,1701280,44,1701324
11377,1701325,3,1701328
11378,1701415,7,1701422
11379,1701476,4,1701480
11380,1701491,101,1701592
11381,1701698,34,1701732
11382,1701863,51,1701914
11383,1702021,34,1702055
11384,1702085,7,1702092
11385,1702100,114,1702214
11386,1702240,47,1702287
11387,1702299,179,1702478
11388,1702691,35,1702726
11389,1702738,17,1702755
11390,1702876,17,1702893
11391,1703129,17,1703146
11392,1703309,14,1703323
11393,1703349,58,1703407
11394,1703555,130,1703685
11395,1703725,36,1703761
11396,1703860,77,1703937
11397,1704005,150,1704155
11398,1704182,48,1704230
11399,1704797,39,1704836
11400,1704893,31,1704924
11401,1704927,2,1704929
11402,1705123,18,1705141
11403,1705210,83,1705293
11404,1705402,142,1705544
11405,1705642,15,1705657
11406,1706306,1,1706307
11407,1706354,53,1706407
11408,1706491,98,1706589
11409,1706608,11,1706619
11410,1706693,29,1706722
11411,1706797,44,1706841
11412,1707078,135,1707213
11413,1707292,2,1707294
11414,1707479,67,1707546
11415,1707547,52,1707599
11416,1707788,22,1707810
11417,1708110,161,1708271
11418,1708381,3,1708384
11419,1708387,54,1708441
11420,1708483,7,1708490
11421,1708557,76,1708633
11422,1708786,22,1708808
11423,1708976,183,1709159
11424,1709186,26,1709212
11425,1709341,12,1709353
11426,1709391,26,1709417
11427,1709458,3,1709461
11428,1709532,3,1709535
11429,1709663,13,1709676
11430,1709712,3,1709715
11431,1709823,106,1709929
11432,1710015,11,1710026
11433,1710277,85,1710362
11434,1710463,9,1710472
11435,1710532,233,1710765
11436,1710836,136,1710972
11437,1711077,64,1711141
11438,1711177,12,1711189
11439,1711222,19,1711241
11440,1711334,80,1711414
11441,1711516,19,1711535
11442,1711741,5,1711746
11443,1711919,16,1711935
11444,1712055,22,1712077
11445,1712293,44,1712337
11446,1712462,127,1712589
11447,1712604,38,1712642
11448,1712647,22,1712669
11449,1712684,30,1712714
11450,1712715,31,1712746
11451,1712759,79,1712838
11452,1712847,100,1712947
11453,1712949,18,1712967
11454,1713173,28,1713201
11455,1713203,5,1713208
11456,1713361,35,1713396
11457,1713434,71,1713505
11458,1713707,35,1713742
11459,1713832,17,1713849
11460,1713931,52,1713983
11461,1714153,10,1714163
11462,1714299,42,1714341
11463,1714344,8,1714352
11464,1714395,13,1714408
11465,1714508,144,1714652
11466,1714770,29,1714799
11467,1714849,9,1714858
11468,1714896,7,1714903
11469,1714908,15,1714923
11470,1715017,74,1715091
11471,1715120,30,1715150
11472,1715259,5,1715264
11473,1715276,39,1715315
11474,1715471,186,1715657
11475,1715701,14,1715715
11476,1716003,120,1716123
11477,1716398,17,1716415
11478,1716490,27,1716517
11479,1716519,65,1716584
11480,1716601,2,1716603
11481,1716607,236,1716843
11482,1716846,70,1716916
11483,1716997,25,1717022
11484,1717099,25,1717124
11485,1717226,28,1717254
11486,1717514,17,1717531
11487,1717559,75,1717634
11488,1717793,46,1717839
11489,1717860,72,1717932
11490,1718099,24,1718123
11491,1718157,12,1718169
11492,1718182,42,1718224
11493,1718291,185,1718476
11494,1718491,7,1718498
11495,1718564,6,1718570
11496,1718890,33,1718923
11497,1719096,10,1719106
11498,1719287,5,1719292
11499,1719320,41,1719361
11500,1719627,83,1719710
11501,1719733,80,1719813
11502,1719818,17,1719835
11503,1719951,30,1719981
11504,1720029,145,1720174
11505,1720183,85,1720268
11506,1720446,96,1720542
11507,1720743,2,1720745
11508,1720792,73,1720865
11509,1720870,35,1720905
11510,1720926,65,1720991
11511,1721092,29,1721121
11512,1721160,13,1721173
11513,1721554,62,1721616
11514,1721711,148,1721859
11515,1721931,118,1722049
11516,1722097,36,1722133
11517,1722163,21,1722184
11518,1722410,14,1722424
11519,1722460,93,1722553
11520,1722575,13,1722588
11521,1722743,34,1722777
11522,1722802,224,1723026
11523,1723325,7,1723332
11524,1723338,85,1723423
11525,1723599,1,1723600
11526,1723674,28,1723702
11527,1723861,116,1723977
11528,1724279,37,1724316
11529,1724356,2,1724358
11530,1724471,69,1724540
11531,1724583,11,1724594
11532,1724995,129,1725124
11533,1725210,165,1725375
11534,1725581,7,1725588
11535,1725631,30,1725661
11536,1726018,43,1726061
11537,1726103,101,1726204
11538,1726225,167,1726392
11539,1726422,28,1726450
11540,1726474,190,1726664
11541,1726689,76,1726765
11542,1727092,43,1727135
11543,1727338,93,1727431
11544,1727442,27,1727469
11545,1727485,50,1727535
11546,1727568,14,1727582
11547,1727618,1,1727619
11548,1727676,62,1727738
11549,1727787,22,1727809
11550,1727888,80,1727968
11551,1728097,33,1728130
11552,1728283,22,1728305
11553,1728615,46,1728661
11554,1728868,58,1728926
11555,1729042,69,1729111
11556,1729174,26,1729200
11557,1729285,30,1729315
11558,1729349,37,1729386
11559,1729429,62,1729491
11560,1729501,132,1729633
11561,1729670,44,1729714
11562,1729842,28,1729870
11563,1730127,67,1730194
11564,1730253,36,1730289
11565,1730324,108,1730432
11566,1730442,20,1730462
11567,1730608,47,1730655
11568,1730826,51,1730877
11569,1730932,15,1730947
11570,1731085,199,1731284
11571,1731365,35,1731400
11572,1731830,5,1731835
11573,1731854,7,1731861
11574,1731904,22,1731926
11575,1732123,9,1732132
11576,1732358,13,1732371
11577,1732449,59,1732508
11578,1732519,77,1732596
11579,1732660,16,1732676
11580,1732687,114,1732801
11581,1732806,66,1732872
11582,1732991,52,1733043
11583,1733166,134,1733300
11584,1733429,54,1733483
11585,1733575,13,1733588
11586,1733620,60,1733680
11587,1733815,26,1733841
11588,1733886,130,1734016
11589,1734114,38,1734152
11590,1734179,125,1734304
11591,1734312,15,1734327
11592,1734349,53,1734402
11593,1734426,22,1734448
11594,1734495,99,1734594
11595,1734939,55,1734994
11596,1735069,5,1735074
11597,1735088,121,1735209
11598,1735256,14,1735270
11599,1735311,10,1735321
11600,1735535,53,1735588
11601,1735779,68,1735847
11602,1735900,12,1735912
11603,1736188,35,1736223
11604,1736340,61,1736401
11605,1736508,50,1736558
11606,1736791,204,1736995
11607,1737006,32,1737038
11608,1737056,10,1737066
11609,1737131,111,1737242
11610,1737612,148,1737760
11611,1737764,32,1737796
11612,1737833,8,1737841
11613,1738098,24,1738122
11614,1738370,16,1738386
11615,1738635,118,1738753
11616,1738827,48,1738875
11617,1738974,481,1739455
11618,1739734,40,1739774
11619,1739785,12,1739797
11620,1739836,65,1739901
11621,1740004,56,1740060
11622,1740113,83,1740196
11623,1740326,131,1740457
11624,1740509,103,1740612
11625,1740730,1,1740731
11626,1740999,34,1741033
11627,1741067,153,1741220
11628,1741297,272,1741569
11629,1741649,48,1741697
11630,1741766,201,1741967
11631,1742000,6,1742006
11632,1742265,19,1742284
11633,1742386,17,1742403
11634,1742433,24,1742457
11635,1742461,167,1742628
11636,1742633,20,1742653
11637,1742718,60,1742778
11638,1742795,21,1742816
11639,1742914,47,1742961
11640,1743074,51,1743125
11641,1743133,4,1743137
11642,1743211,66,1743277
11643,1743299,69,1743368
11644,1743370,31,1743401
11645,1743497,5,1743502
11646,1743522,43,1743565
11647,1743677,114,1743791
11648,1743836,29,1743865
11649,1743974,44,1744018
11650,1744054,15,1744069
11651,1744089,4,1744093
11652,1744252,43,1744295
11653,1744315,3,1744318
11654,1744405,63,1744468
11655,1744723,1,1744724
11656,1744744,29,1744773
11657,1744788,22,1744810
11658,1744837,35,1744872
11659,1745112,4,1745116
11660,1745509,5,1745514
11661,1745748,16,1745764
11662,1745895,105,1746000
11663,1746014,116,1746130
11664,1746272,43,1746315
11665,1746521,8,1746529
11666,1746538,34,1746572
11667,1746696,178,1746874
11668,1746899,78,1746977
11669,1746985,23,1747008
11670,1747049,141,1747190
11671,1747421,2,1747423
11672,1747590,52,1747642
11673,1747784,12,1747796
11674,1747955,96,1748051
11675,1748078,35,1748113
11676,1748135,155,1748290
11677,1748589,89,1748678
11678,1748959,13,1748972
11679,1748999,30,1749029
11680,1749091,41,1749132
11681,1749148,56,1749204
11682,1749214,75,1749289
11683,1749363,151,1749514
11684,1749556,48,1749604
11685,1749978,17,1749995
11686,1750052,41,1750093
11687,1750197,66,1750263
11688,1750450,104,1750554
11689,1750629,54,1750683
11690,1750910,2,1750912
11691,1751145,48,1751193
11692,1751308,21,1751329
11693,1751591,131,1751722
11694,1751729,3,1751732
11695,1751741,11,1751752
11696,1751829,27,1751856
11697,1751912,67,1751979
11698,1752103,6,1752109
11699,1752416,47,1752463
11700,1752508,29,1752537
11701,1752683,94,1752777
11702,1752806,89,1752895
11703,1752902,13,1752915
11704,1753006,276,1753282
11705,1753628,61,1753689
11706,1753709,138,1753847
11707,1753917,64,1753981
11708,1754038,66,1754104
11709,1754128,4,1754132
11710,1754183,19,1754202
11711,1754248,3,1754251
11712,1754286,13,1754299
11713,1754303,224,1754527
11714,1754547,75,1754622
11715,1754786,66,1754852
11716,1754863,77,1754940
11717,1755083,50,1755133
11718,1755148,22,1755170
11719,1755290,36,1755326
11720,1755436,98,1755534
11721,1755668,35,1755703
11722,1755725,36,1755761
11723,1755787,128,1755915
11724,1756045,26,1756071
11725,1756134,44,1756178
11726,1756334,28,1756362
11727,1756422,9,1756431
11728,1756482,19,1756501
11729,1756836,131,1756967
11730,1757123,24,1757147
11731,1757173,16,1757189
11732,1757251,102,1757353
11733,1757468,40,1757508
11734,1757558,10,1757568
11735,1757629,33,1757662
11736,1757685,77,1757762
11737,1757763,38,1757801
11738,1757831,22,1757853
11739,1757877,58,1757935
11740,1758013,84,1758097
11741,1758098,5,1758103
11742,1758284,31,1758315
11743,1758366,85,1758451
11744,1758498,99,1758597
11745,1758670,23,1758693
11746,1758920,58,1758978
11747,1758992,93,1759085
11748,1759152,17,1759169
11749,1759242,28,1759270
11750,1759286,5,1759291
11751,1759319,51,1759370
11752,1759400,92,1759492
11753,1759502,171,1759673
11754,1759808,61,1759869
11755,1760155,208,1760363
11756,1760587,35,1760622
11757,1760715,16,1760731
11758,1760732,1,1760733
11759,1760816,15,1760831
11760,1760854,215,1761069
11761,1761102,10,1761112
11762,1761174,135,1761309
11763,1761352,13,1761365
11764,1761730,34,1761764
11765,1762257,29,1762286
11766,1762324,16,1762340
11767,1762550,29,1762579
11768,1762749,45,1762794
11769,1762884,17,1762901
11770,1762956,18,1762974
11771,1763072,58,1763130
11772,1763271,91,1763362
11773,1763493,8,1763501
11774,1763648,21,1763669
11775,1763697,240,1763937
11776,1764039,54,1764093
11777,1764165,176,1764341
11778,1764390,45,1764435
11779,1764477,34,1764511
11780,1764687,58,1764745
11781,1764863,32,1764895
11782,1764981,42,1765023
11783,1765225,43,1765268
11784,1765298,83,1765381
11785,1765388,47,1765435
11786,1765681,4,1765685
11787,1765875,24,1765899
11788,1765919,9,1765928
11789,1766095,52,1766147
11790,1766338,103,1766441
11791,1766479,41,1766520
11792,1766671,127,1766798
11793,1766826,24,1766850
11794,1766923,5,1766928
11795,1766949,109,1767058
11796,1767079,70,1767149
11797,1767199,21,1767220
11798,1767235,3,1767238
11799,1767269,10,1767279
11800,1767346,16,1767362
11801,1767515,8,1767523
11802,1767547,14,1767561
11803,1767598,150,1767748
11804,1767899,5,1767904
11805,1768016,29,1768045
11806,1768084,185,1768269
11807,1768299,1,1768300
11808,1768321,20,1768341
11809,1768626,65,1768691
11810,1768853,1,1768854
11811,1768862,35,1768897
11812,1768917,2,1768919
11813,1768934,11,1768945
11814,1768962,2,1768964
11815,1769140,84,1769224
11816,1769352,32,1769384
11817,1769622,192,1769814
11818,1769857,207,1770064
11819,1770141,16,1770157
11820,1770477,48,1770525
11821,1770565,38,1770603
11822,1770655,48,1770703
11823,1771093,56,1771149
11824,1771328,80,1771408
11825,1771541,61,1771602
11826,1771709,19,1771728
11827,1771888,8,1771896
11828,1771952,7,1771959
11829,1772200,7,1772207
11830,1772382,13,1772395
11831,1772486,25,1772511
11832,1772560,40,1772600
11833,1772670,43,1772713
11834,1772714,24,1772738
11835,1772839,101,1772940
11836,1772972,88,1773060
11837,1773109,42,1773151
11838,1773298,5,1773303
11839,1773355,40,1773395
11840,1773440,20,1773460
11841,1773506,28,1773534
11842,1773836,64,1773900
11843,1773904,22,1773926
11844,1774007,7,1774014
11845,1774081,102,1774183
11846,1774240,163,1774403
11847,1774405,22,1774427
11848,1774606,44,1774650
11849,1774699,84,1774783
11850,1774798,35,1774833
11851,1775047,192,1775239
11852,1775348,7,1775355
11853,1775405,37,1775442
11854,1775484,182,1775666
11855,1775775,8,1775783
11856,1775817,13,1775830
11857,1775935,84,1776019
11858,1776157,14,1776171
11859,1776200,55,1776255
11860,1776334,15,1776349
11861,1776350,12,1776362
11862,1776406,42,1776448
11863,1776657,35,1776692
11864,1776808,87,1776895
11865,1776926,13,1776939
11866,1776966,106,1777072
11867,1777353,2,1777355
11868,1777386,8,1777394
11869,1777566,21,1777587
11870,1777641,46,1777687
11871,1777741,18,1777759
11872,1777902,107,1778009
11873,1778335,3,1778338
11874,1778347,54,1778401
11875,1778486,46,1778532
11876,1778584,81,1778665
11877,1778691,130,1778821
11878,1778929,22,1778951
11879,1778997,38,1779035
11880,1779130,6,1779136
11881,1779336,205,1779541
11882,1779591,49,1779640
11883,1779863,23,1779886
11884,1779898,21,1779919
11885,1779954,23,1779977
11886,1780007,17,1780024
11887,1780102,25,1780127
11888,1780747,57,1780804
11889,1780824,63,1780887
11890,1780925,151,1781076
11891,1781139,48,1781187
11892,1781193,67,1781260
11893,1781296,4,1781300
11894,1781703,20,1781723
11895,1781747,66,1781813
11896,1781819,105,1781924
11897,1782284,1,1782285
11898,1782501,82,1782583
11899,1782644,58,1782702
11900,1782732,79,1782811
11901,1782822,9,1782831
11902,1782875,55,1782930
11903,1782959,110,1783069
11904,1783132,11,1783143
11905,1783382,85,1783467
11906,1783800,41,1783841
11907,1784031,84,1784115
11908,1784229,123,1784352
11909,1784374,24,1784398
11910,1784439,74,1784513
11911,1784559,87,1784646
11912,1784680,11,1784691
11913,1784797,33,1784830
11914,1784841,12,1784853
11915,1784894,20,1784914
11916,1784961,9,1784970
11917,1785135,26,1785161
11918,1785224,61,1785285
11919,1785433,22,1785455
11920,1785738,73,1785811
11921,1785896,80,1785976
11922,1786296,4,1786300
11923,1786461,123,1786584
11924,1786743,31,1786774
11925,1786829,295,1787124
11926,1787373,98,1787471
11927,1787485,3,1787488
11928,1787573,141,1787714
11929,1787796,42,1787838
11930,1787841,1,1787842
11931,1787964,13,1787977
11932,1787996,59,1788055
11933,1788154,1,1788155
11934,1788504,116,1788620
11935,1788722,75,1788797
11936,1788862,24,1788886
11937,1788889,20,1788909
11938,1788953,71,1789024
11939,1789126,129,1789255
11940,1789351,43,1789394
11941,1789537,41,1789578
11942,1789626,14,1789640
11943,1789647,2,1789649
11944,1789679,139,1789818
11945,1789868,46,1789914
11946,1789994,41,1790035
11947,1790114,42,1790156
11948,1790317,7,1790324
11949,1790432,37,1790469
11950,1790728,27,1790755
11951,1790778,5,1790783
11952,1790904,110,1791014
11953,1791176,49,1791225
11954,1791339,25,1791364
11955,1791513,56,1791569
11956,1791705,98,1791803
11957,1791865,103,1791968
11958,1792024,80,1792104
11959,1792276,22,1792298
11960,1792317,87,1792404
11961,1792556,31,1792587
11962,1792792,10,1792802
11963,1792941,27,1792968
11964,1792979,149,1793128
11965,1793185,147,1793332
11966,1793728,82,1793810
11967,1793817,18,1793835
11968,1794015,88,1794103
11969,1794169,39,1794208
11970,1794236,15,1794251
11971,1794282,20,1794302
11972,1794317,22,1794339
11973,1794595,28,1794623
11974,1794862,27,1794889
11975,1794907,92,1794999
11976,1795090,45,1795135
11977,1795419,75,1795494
11978,1795745,6,1795751
11979,1795992,66,1796058
11980,1796107,2,1796109
11981,1796340,37,1796377
11982,1796407,94,1796501
11983,1796602,27,1796629
11984,1796646,12,1796658
11985,1796691,49,1796740
11986,1796773,3,1796776
11987,1796812,59,1796871
11988,1797089,46,1797135
11989,1797154,50,1797204
11990,1797717,32,1797749
11991,1797799,25,1797824
11992,1797831,97,1797928
11993,1797952,24,1797976
11994,1798064,30,1798094
11995,1798132,17,1798149
11996,1798197,19,1798216
11997,1798307,18,1798325
11998,1798467,45,1798512
11999,1798554,146,1798700
12000,1798903,23,1798926
12001,1798983,60,1799043
12002,1799058,22,1799080
12003,1799204,48,1799252
12004,1799305,78,1799383
12005,1799409,27,1799436
12006,1799478,25,1799503
12007,1799684,59,1799743
12008,1799762,104,1799866
12009,1799939,29,1799968
12010,1799974,31,1800005
12011,1800053,109,1800162
12012,1800409,17,1800426
12013,1800452,3,1800455
12014,1800469,105,1800574
12015,1800766,70,1800836
12016,1800953,14,1800967
12017,1801035,19,1801054
12018,1801101,19,1801120
12019,1801230,8,1801238
12020,1801305,42,1801347
12021,1801515,26,1801541
12022,1801745,46,1801791
12023,1801878,33,1801911
12024,1802056,16,1802072
12025,1802219,90,1802309
12026,1802525,84,1802609
12027,1802793,2,1802795
12028,1802808,59,1802867
12029,1802981,147,1803128
12030,1803161,30,1803191
12031,1803680,15,1803695
12032,1803752,46,1803798
12033,1803837,13,1803850
12034,1803900,19,1803919
12035,1803980,25,1804005
12036,1804047,30,1804077
12037,1804199,3,1804202
12038,1804213,8,1804221
12039,1804289,76,1804365
12040,1804482,94,1804576
12041,1804783,20,1804803
12042,1804822,1,1804823
12043,1805050,46,1805096
12044,1805178,43,1805221
12045,1805270,75,1805345
12046,1805359,11,1805370
12047,1805534,53,1805587
12048,1805750,3,1805753
12049,1805870,30,1805900
12050,1805917,21,1805938
12051,1806130,26,1806156
12052,1806240,4,1806244
12053,1806270,106,1806376
12054,1806483,3,1806486
12055,1806547,93,1806640
12056,1806712,22,1806734
12057,1806946,81,1807027
12058,1807180,47,1807227
12059,1807318,15,1807333
12060,1807439,121,1807560
12061,1807621,58,1807679
12062,1807710,5,1807715
12063,1807774,68,1807842
12064,1807880,19,1807899
12065,1807913,60,1807973
12066,1807978,32,1808010
12067,1808017,44,1808061
12068,1808328,51,1808379
12069,1808490,90,1808580
12070,1808650,132,1808782
12071,1808801,5,1808806
12072,1808889,133,1809022
12073,1809231,67,1809298
12074,1809363,27,1809390
12075,1809436,2,1809438
12076,1809495,5,1809500
12077,1809615,3,1809618
12078,1809688,37,1809725
12079,1809945,14,1809959
12080,1810197,68,1810265
12081,1810305,6,1810311
12082,1810410,99,1810509
12083,1810682,4,1810686
12084,1810740,67,1810807
12085,1810828,40,1810868
12086,1810915,6,1810921
12087,1811025,33,1811058
12088,1811098,1,1811099
12089,1811264,72,1811336
12090,1811401,70,1811471
12091,1811476,161,1811637
12092,1811664,15,1811679
12093,1811739,7,1811746
12094,1811828,76,1811904
12095,1811909,188,1812097
12096,1812100,11,1812111
12097,1812244,133,1812377
12098,1812387,199,1812586
12099,1812765,204,1812969
12100,1812971,8,1812979
12101,1813017,30,1813047
12102,1813151,9,1813160
12103,1813189,64,1813253
12104,1813319,19,1813338
12105,1813361,136,1813497
12106,1813611,19,1813630
12107,1813654,238,1813892
12108,1813905,40,1813945
12109,1814073,11,1814084
12110,1814109,3,1814112
12111,1814226,72,1814298
12112,1814303,71,1814374
12113,1814396,53,1814449
12114,1814544,147,1814691
12115,1814839,33,1814872
12116,1815083,84,1815167
12117,1815388,151,1815539
12118,1815590,32,1815622
12119,1815737,69,1815806
12120,1815849,10,1815859
12121,1815879,6,1815885
12122,1816019,37,1816056
12123,1816101,9,1816110
12124,1816207,21,1816228
12125,1816231,23,1816254
12126,1816330,15,1816345
12127,1816601,137,1816738
12128,1816773,77,1816850
12129,1816959,11,1816970
12130,1817003,23,1817026
12131,1817095,38,1817133
12132,1817136,65,1817201
12133,1817256,27,1817283
12134,1817380,11,1817391
12135,1817396,14,1817410
12136,1817545,27,1817572
12137,1817754,45,1817799
12138,1817801,61,1817862
12139,1818256,25,1818281
12140,1818314,105,1818419
12141,1818527,22,1818549
12142,1818602,37,1818639
12143,1818692,9,1818701
12144,1818786,61,1818847
12145,1818908,75,1818983
12146,1818984,8,1818992
12147,1819105,12,1819117
12148,1819225,2,1819227
12149,1819316,107,1819423
12150,1819757,10,1819767
12151,1820053,53,1820106
12152,1820197,43,1820240
12153,1820262,29,1820291
12154,1820302,33,1820335
12155,1820377,25,1820402
12156,1820569,106,1820675
12157,1820684,44,1820728
12158,1820761,97,1820858
12159,1820995,29,1821024
12160,1821035,157,1821192
12161,1821253,24,1821277
12162,1821335,102,1821437
12163,1821470,21,1821491
12164,1821522,13,1821535
12165,1821629,6,1821635
12166,1821666,65,1821731
12167,1821762,22,1821784
12168,1821953,61,1822014
12169,1822155,32,1822187
12170,1822240,45,1822285
12171,1822301,64,1822365
12172,1822440,44,1822484
12173,1822539,2,1822541
12174,1822583,41,1822624
12175,1822637,39,1822676
12176,1822731,21,1822752
12177,1822783,12,1822795
12178,1822873,100,1822973
12179,1823239,21,1823260
12180,1823273,46,1823319
12181,1823566,38,1823604
12182,1823669,3,1823672
12183,1823990,79,1824069
12184,1824228,18,1824246
12185,1824413,12,1824425
12186,1824515,28,1824543
12187,1824838,175,1825013
12188,1825022,104,1825126
12189,1825207,106,1825313
12190,1825372,46,1825418
12191,1825516,71,1825587
12192,1825606,15,1825621
12193,1825822,1,1825823
12194,1825936,83,1826019
12195,1826095,47,1826142
12196,1826160,153,1826313
12197,1826314,31,1826345
12198,1826512,64,1826576
12199,1826607,35,1826642
12200,1826946,27,1826973
12201,1827059,17,1827076
12202,1827355,37,1827392
12203,1827460,12,1827472
12204,1827598,116,1827714
12205,1827746,82,1827828
12206,1827921,57,1827978
12207,1828182,5,1828187
12208,1828197,69,1828266
12209,1828397,27,1828424
12210,1828691,99,1828790
12211,1828820,12,1828832
12212,1828862,4,1828866
12213,1828964,13,1828977
12214,1829379,65,1829444
12215,1829528,57,1829585
12216,1829644,24,1829668
12217,1829765,11,1829776
12218,1830293,53,1830346
12219,1830407,43,1830450
12220,1830507,1,1830508
12221,1830541,89,1830630
12222,1830707,74,1830781
12223,1830994,12,1831006
12224,1831209,90,1831299
12225,1831456,4,1831460
12226,1831559,143,1831702
12227,1831706,14,1831720
12228,1831770,61,1831831
12229,1831862,12,1831874
12230,1831981,13,1831994
12231,1832083,87,1832170
12232,1832202,19,1832221
12233,1832288,10,1832298
12234,1832374,151,1832525
12235,1832568,4,1832572
12236,1832599,12,1832611
12237,1832676,6,1832682
12238,1832878,81,1832959
12239,1832989,208,1833197
12240,1833302,17,1833319
12241,1833486,14,1833500
12242,1833510,20,1833530
12243,1833582,18,1833600
12244,1833628,9,1833637
12245,1833822,30,1833852
12246,1833876,16,1833892
12247,1834235,19,1834254
12248,1834339,26,1834365
12249,1834481,23,1834504
12250,1834551,14,1834565
12251,1834583,65,1834648
12252,1834703,20,1834723
12253,1834944,37,1834981
12254,1834982,160,1835142
12255,1835184,80,1835264
12256,1835268,30,1835298
12257,1835362,60,1835422
12258,1835568,40,1835608
12259,1835615,4,1835619
12260,1835696,24,1835720
12261,1835854,95,1835949
12262,1836047,7,1836054
12263,1836092,33,1836125
12264,1836145,12,1836157
12265,1836173,54,1836227
12266,1836319,342,1836661
12267,1836820,33,1836853
12268,1836974,39,1837013
12269,1837075,41,1837116
12270,1837177,102,1837279
12271,1837341,6,1837347
12272,1837368,32,1837400
12273,1837625,24,1837649
12274,1837684,88,1837772
12275,1837788,62,1837850
12276,1837909,66,1837975
12277,1838082,74,1838156
12278,1838197,127,1838324
12279,1838402,62,1838464
12280,1838627,70,1838697
12281,1838815,17,1838832
12282,1838838,3,1838841
12283,1838946,16,1838962
12284,1839288,4,1839292
12285,1839347,67,1839414
12286,1839498,47,1839545
12287,1839846,8,1839854
12288,1839960,102,1840062
12289,1840269,14,1840283
12290,1840304,56,1840360
12291,1840439,48,1840487
12292,1840501,9,1840510
12293,1840567,4,1840571
12294,1840612,1,1840613
12295,1840614,55,1840669
12296,1840832,125,1840957
12297,1840987,11,1840998
12298,1841029,7,1841036
12299,1841080,3,1841083
12300,1841133,62,1841195
12301,1841303,3,1841306
12302,1841360,45,1841405
12303,1841464,33,1841497
12304,1841649,109,1841758
12305,1841982,64,1842046
12306,1842069,125,1842194
12307,1842377,26,1842403
12308,1842698,7,1842705
12309,1842949,24,1842973
12310,1843324,14,1843338
12311,1843649,17,1843666
12312,1843681,34,1843715
12313,1843753,5,1843758
12314,1843846,219,1844065
12315,1844115,63,1844178
12316,1844203,2,1844205
12317,1844306,46,1844352
12318,1844369,26,1844395
12319,1844450,47,1844497
12320,1844548,1,1844549
12321,1844681,63,1844744
12322,1844818,40,1844858
12323,1844967,35,1845002
12324,1845124,43,1845167
12325,1845189,35,1845224
12326,1845225,72,1845297
12327,1845485,124,1845609
12328,1845797,92,1845889
12329,1845974,61,1846035
12330,1846061,53,1846114
12331,1846194,81,1846275
12332,1846329,11,1846340
12333,1846379,8,1846387
12334,1846498,12,1846510
12335,1846585,60,1846645
12336,1846729,31,1846760
12337,1846769,5,1846774
12338,1846965,32,1846997
12339,1847082,61,1847143
12340,1847248,9,1847257
12341,1847376,9,1847385
12342,1847412,42,1847454
12343,1847606,23,1847629
12344,1847851,160,1848011
12345,1848043,15,1848058
12346,1848096,126,1848222
12347,1848311,177,1848488
12348,1848668,22,1848690
12349,1848736,45,1848781
12350,1848817,14,1848831
12351,1849068,22,1849090
12352,1849123,1,1849124
12353,1849175,26,1849201
12354,1849203,19,1849222
12355,1849367,153,1849520
12356,1849718,47,1849765
12357,1849793,34,1849827
12358,1850010,30,1850040
12359,1850213,155,1850368
12360,1850607,62,1850669
12361,1850690,37,1850727
12362,1850780,32,1850812
12363,1850868,114,1850982
12364,1851000,24,1851024
12365,1851135,13,1851148
12366,1851244,3,1851247
12367,1851298,7,1851305
12368,1851493,95,1851588
12369,1851622,34,1851656
12370,1851783,25,1851808
12371,1851845,73,1851918
12372,1851930,12,1851942
12373,1852075,37,1852112
12374,1852183,53,1852236
12375,1852296,81,1852377
12376,1852379,16,1852395
12377,1852396,8,1852404
12378,1852820,110,1852930
12379,1853159,2,1853161
12380,1853190,43,1853233
12381,1853338,30,1853368
12382,1853470,41,1853511
12383,1853531,70,1853601
12384,1853639,167,1853806
12385,1853838,95,1853933
12386,1853936,3,1853939
12387,1853984,15,1853999
12388,1854049,36,1854085
12389,1854086,59,1854145
12390,1854196,1,1854197
12391,1854390,73,1854463
12392,1854488,42,1854530
12393,1854716,316,1855032
12394,1855079,64,1855143
12395,1855178,5,1855183
12396,1855185,56,1855241
12397,1855357,46,1855403
12398,1855444,1,1855445
12399,1855447,2,1855449
12400,1855454,4,1855458
12401,1855492,74,1855566
12402,1855599,6,1855605
12403,1855658,1,1855659
12404,1855863,42,1855905
12405,1855952,8,1855960
12406,1855966,52,1856018
12407,1856037,23,1856060
12408,1856148,36,1856184
12409,1856230,120,1856350
12410,1856370,46,1856416
12411,1856503,28,1856531
12412,1856723,9,1856732
12413,1856877,53,1856930
12414,1857018,80,1857098
12415,1857139,22,1857161
12416,1857377,108,1857485
12417,1857534,19,1857553
12418,1857648,19,1857667
12419,1857913,35,1857948
12420,1857961,29,1857990
12421,1858200,87,1858287
12422,1858767,46,1858813
12423,1858844,66,1858910
12424,1858922,69,1858991
12425,1859054,88,1859142
12426,1859273,33,1859306
12427,1859311,27,1859338
12428,1859811,115,1859926
12429,1859955,4,1859959
12430,1859985,27,1860012
12431,1860367,24,1860391
12432,1860461,24,1860485
12433,1860506,164,1860670
12434,1860735,98,1860833
12435,1860886,22,1860908
12436,1860942,59,1861001
12437,1861221,38,1861259
12438,1861406,1,1861407
12439,1861503,22,1861525
12440,1861935,12,1861947
12441,1862078,11,1862089
12442,1862141,135,1862276
12443,1862415,31,1862446
12444,1862777,299,1863076
12445,1863086,33,1863119
12446,1863237,20,1863257
12447,1863263,241,1863504
12448,1863580,22,1863602
12449,1863649,14,1863663
12450,1863803,23,1863826
12451,1863880,63,1863943
12452,1864143,8,1864151
12453,1864185,29,1864214
12454,1864335,9,1864344
12455,1864389,32,1864421
12456,1864438,83,1864521
12457,1864904,46,1864950
12458,1865031,5,1865036
12459,1865065,14,1865079
12460,1865123,79,1865202
12461,1865239,37,1865276
12462,1865285,45,1865330
12463,1865472,74,1865546
12464,1865636,121,1865757
12465,1865778,4,1865782
12466,1865838,25,1865863
12467,1865880,19,1865899
12468,1866006,27,1866033
12469,1866064,71,1866135
12470,1866168,16,1866184
12471,1866363,1,1866364
12472,1866402,182,1866584
12473,1866654,16,1866670
12474,1866928,12,1866940
12475,1867037,62,1867099
12476,1867100,49,1867149
12477,1867303,78,1867381
12478,1867666,43,1867709
12479,1867782,4,1867786
12480,1868008,33,1868041
12481,1868193,25,1868218
12482,1868526,3,1868529
12483,1868748,62,1868810
12484,1868817,51,1868868
12485,1868955,42,1868997
12486,1869007,34,1869041
12487,1869106,53,1869159
12488,1869323,1,1869324
12489,1869350,44,1869394
12490,1869441,32,1869473
12491,1869628,239,1869867
12492,1869987,22,1870009
12493,1870020,24,1870044
12494,1870077,15,1870092
12495,1870354,126,1870480
12496,1870492,97,1870589
12497,1870629,8,1870637
12498,1870898,81,1870979
12499,1871023,32,1871055
12500,1871185,24,1871209
12501,1871269,10,1871279
12502,1871374,17,1871391
12503,1871404,15,1871419
12504,1871430,25,1871455
12505,1871551,28,1871579
12506,1871844,93,1871937
12507,1871947,115,1872062
12508,1872145,32,1872177
12509,1872186,114,1872300
12510,1872461,34,1872495
12511,1872589,39,1872628
12512,1872681,43,1872724
12513,1872859,143,1873002
12514,1873041,14,1873055
12515,1873057,11,1873068
12516,1873225,73,1873298
12517,1873680,23,1873703
12518,1873726,55,1873781
12519,1873789,83,1873872
12520,1873889,59,1873948
12521,1873975,55,1874030
12522,1874062,36,1874098
12523,1874370,6,1874376
12524,1874407,48,1874455
12525,1874642,104,1874746
12526,1874750,8,1874758
12527,1874940,104,1875044
12528,1875046,72,1875118
12529,1875177,79,1875256
12530,1875412,66,1875478
12531,1875498,56,1875554
12532,1875565,62,1875627
12533,1875804,66,1875870
12534,1875907,73,1875980
12535,1875993,12,1876005
12536,1876008,50,1876058
12537,1876200,47,1876247
12538,1876257,16,1876273
12539,1876293,5,1876298
12540,1876300,12,1876312
12541,1876395,8,1876403
12542,1876484,25,1876509
12543,1876723,12,1876735
12544,1876844,87,1876931
12545,1876937,23,1876960
12546,1876961,39,1877000
12547,1877013,74,1877087
12548,1877257,25,1877282
12549,1877513,6,1877519
12550,1877930,13,1877943
12551,1877958,49,1878007
12552,1878160,12,1878172
12553,1878289,9,1878298
12554,1878357,13,1878370
12555,1878426,30,1878456
12556,1878479,26,1878505
12557,1878533,85,1878618
12558,1878619,163,1878782
12559,1879189,7,1879196
12560,1879518,20,1879538
12561,1879721,20,1879741
12562,1879742,32,1879774
12563,1879848,30,1879878
12564,1879894,53,1879947
12565,1879989,216,1880205
12566,1880461,11,1880472
12567,1880473,57,1880530
12568,1880765,23,1880788
12569,1880855,2,1880857
12570,1881037,32,1881069
12571,1881139,99,1881238
12572,1881372,2,1881374
12573,1881456,40,1881496
12574,1881637,82,1881719
12575,1881738,151,1881889
12576,1881928,15,1881943
12577,1882093,58,1882151
12578,1882212,17,1882229
12579,1882296,16,1882312
12580,1882362,33,1882395
12581,1882478,50,1882528
12582,1882605,13,1882618
12583,1882657,71,1882728
12584,1882909,114,1883023
12585,1883040,20,1883060
12586,1883125,8,1883133
12587,1883218,1,1883219
12588,1883246,38,1883284
12589,1883289,90,1883379
12590,1883753,166,1883919
12591,1884000,14,1884014
12592,1884084,59,1884143
12593,1884177,16,1884193
12594,1884391,31,1884422
12595,1884462,3,1884465
12596,1884484,90,1884574
12597,1884694,2,1884696
12598,1885018,3,1885021
12599,1885334,84,1885418
12600,1885514,105,1885619
12601,1885688,173,1885861
12602,1885981,30,1886011
12603,1886050,15,1886065
12604,1886093,10,1886103
12605,1886113,104,1886217
12606,1886221,8,1886229
12607,1886337,80,1886417
12608,1886453,63,1886516
12609,1886905,89,1886994
12610,1887089,143,1887232
12611,1887282,29,1887311
12612,1887435,16,1887451
12613,1887622,71,1887693
12614,1887779,54,1887833
12615,1887912,6,1887918
12616,1887974,83,1888057
12617,1888152,53,1888205
12618,1888579,65,1888644
12619,1888845,23,1888868
12620,1889102,3,1889105
12621,1889243,39,1889282
12622,1889329,28,1889357
12623,1889435,56,1889491
12624,1889499,77,1889576
12625,1889620,36,1889656
12626,1889827,18,1889845
12627,1889946,4,1889950
12628,1890061,138,1890199
12629,1890214,2,1890216
12630,1890278,36,1890314
12631,1890512,37,1890549
12632,1890554,27,1890581
12633,1890664,23,1890687
12634,1890821,8,1890829
12635,1891048,154,1891202
12636,1891227,42,1891269
12637,1891295,2,1891297
12638,1891320,82,1891402
12639,1891409,16,1891425
12640,1891431,4,1891435
12641,1891615,36,1891651
12642,1891729,90,1891819
12643,1891862,49,1891911
12644,1891970,61,1892031
12645,1892080,10,1892090
12646,1892248,4,1892252
12647,1892266,21,1892287
12648,1892308,6,1892314
12649,1892340,18,1892358
12650,1892478,4,1892482
12651,1892540,16,1892556
12652,1892685,45,1892730
12653,1892773,34,1892807
12654,1892905,37,1892942
12655,1893059,45,1893104
12656,1893194,110,1893304
12657,1893329,13,1893342
12658,1893431,16,1893447
12659,1893507,28,1893535
12660,1893588,11,1893599
12661,1893603,15,1893618
12662,1893699,11,1893710
12663,1893788,36,1893824
12664,1893901,6,1893907
12665,1894042,25,1894067
12666,1894084,145,1894229
12667,1894383,12,1894395
12668,1894422,29,1894451
12669,1894615,10,1894625
12670,1894716,57,1894773
12671,1894783,22,1894805
12672,1894844,25,1894869
12673,1894958,55,1895013
12674,1895048,103,1895151
12675,1895185,34,1895219
12676,1895302,77,1895379
12677,1895797,42,1895839
12678,1896077,14,1896091
12679,1896200,20,1896220
12680,1896425,99,1896524
12681,1896528,32,1896560
12682,1896577,70,1896647
12683,1896949,4,1896953
12684,1896995,19,1897014
12685,1897105,17,1897122
12686,1897170,14,1897184
12687,1897216,30,1897246
12688,1897347,158,1897505
12689,1897554,106,1897660
12690,1897948,81,1898029
12691,1898231,2,1898233
12692,1898377,28,1898405
12693,1898580,55,1898635
12694,1898669,76,1898745
12695,1898778,104,1898882
12696,1898950,3,1898953
12697,1899014,1,1899015
12698,1899033,30,1899063
12699,1899165,44,1899209
12700,1899241,16,1899257
12701,1899263,23,1899286
12702,1899313,39,1899352
12703,1899354,1,1899355
12704,1899566,160,1899726
12705,1899818,47,1899865
12706,1900047,11,1900058
12707,1900091,126,1900217
12708,1900229,19,1900248
12709,1900294,1,1900295
12710,1900417,52,1900469
12711,1900878,40,1900918
12712,1900957,7,1900964
12713,1901259,12,1901271
12714,1901280,70,1901350
12715,1901572,54,1901626
12716,1901680,18,1901698
12717,1901841,82,1901923
12718,1901942,148,1902090
12719,1902199,8,1902207
12720,1902316,5,1902321
12721,1902344,10,1902354
12722,1902448,40,1902488
12723,1902527,4,1902531
12724,1902572,98,1902670
12725,1902953,9,1902962
12726,1903074,12,1903086
12727,1903125,227,1903352
12728,1903521,88,1903609
12729,1903655,45,1903700
12730,1903802,149,1903951
12731,1904045,73,1904118
12732,1904169,36,1904205
12733,1904277,68,1904345
12734,1904388,38,1904426
12735,1904490,21,1904511
12736,1904581,171,1904752
12737,1904813,74,1904887
12738,1904893,16,1904909
12739,1904921,29,1904950
12740,1905022,160,1905182
12741,1905204,25,1905229
12742,1905426,15,1905441
12743,1905452,5,1905457
12744,1905541,23,1905564
12745,1905786,5,1905791
12746,1905844,26,1905870
12747,1906260,15,1906275
12748,1906331,47,1906378
12749,1906456,62,1906518
12750,1907154,82,1907236
12751,1907320,78,1907398
12752,1907465,56,1907521
12753,1907686,27,1907713
12754,1907734,66,1907800
12755,1907829,18,1907847
12756,1907890,52,1907942
12757,1907969,64,1908033
12758,1908072,5,1908077
12759,1908425,12,1908437
12760,1908509,19,1908528
12761,1908732,23,1908755
12762,1908779,130,1908909
12763,1908970,49,1909019
12764,1909066,8,1909074
12765,1909250,85,1909335
12766,1909492,40,1909532
12767,1909640,15,1909655
12768,1909795,88,1909883
12769,1910202,100,1910302
12770,1910378,10,1910388
12771,1910478,2,1910480
12772,1910762,69,1910831
12773,1910961,226,1911187
12774,1911262,198,1911460
12775,1911624,3,1911627
12776,1911667,3,1911670
12777,1911705,11,1911716
12778,1911870,73,1911943
12779,1912038,17,1912055
12780,1912124,42,1912166
12781,1912473,11,1912484
12782,1912748,49,1912797
12783,1913206,33,1913239
12784,1913270,25,1913295
12785,1913311,104,1913415
12786,1913514,70,1913584
12787,1913640,32,1913672
12788,1913759,16,1913775
12789,1914045,37,1914082
12790,1914088,6,1914094
12791,1914204,95,1914299
12792,1914526,28,1914554
12793,1914744,59,1914803
12794,1914830,33,1914863
12795,1914959,1,1914960
12796,1914964,39,1915003
12797,1915026,24,1915050
12798,1915124,30,1915154
12799,1915189,18,1915207
12800,1915451,72,1915523
12801,1915619,157,1915776
12802,1915849,83,1915932
12803,1916060,127,1916187
12804,1916248,5,1916253
12805,1916388,30,1916418
12806,1916432,107,1916539
12807,1916609,2,1916611
12808,1916707,13,1916720
12809,1916808,42,1916850
12810,1917150,104,1917254
12811,1917291,62,1917353
12812,1917408,16,1917424
12813,1917485,158,1917643
12814,1917677,33,1917710
12815,1917801,22,1917823
12816,1917840,12,1917852
12817,1917912,6,1917918
12818,1917968,44,1918012
12819,1918077,14,1918091
12820,1918212,64,1918276
12821,1918357,19,1918376
12822,1918441,21,1918462
12823,1918558,1,1918559
12824,1918568,51,1918619
12825,1918624,180,1918804
12826,1918873,24,1918897
12827,1918981,1,1918982
12828,1919243,52,1919295
12829,1919611,69,1919680
12830,1919865,35,1919900
12831,1920007,18,1920025
12832,1920265,8,1920273
12833,1920332,29,1920361
12834,1920483,104,1920587
12835,1920596,35,1920631
12836,1920961,27,1920988
12837,1921123,15,1921138
12838,1921383,3,1921386
12839,1921469,285,1921754
12840,1921816,88,1921904
12841,1921929,116,1922045
12842,1922068,198,1922266
12843,1922286,30,1922316
12844,1922360,5,1922365
12845,1922576,43,1922619
12846,1922695,6,1922701
12847,1922925,31,1922956
12848,1923129,34,1923163
12849,1923348,74,1923422
12850,1923491,143,1923634
12851,1923692,151,1923843
12852,1923967,38,1924005
12853,1924035,13,1924048
12854,1924062,15,1924077
12855,1924108,26,1924134
12856,1924301,66,1924367
12857,1924369,193,1924562
12858,1924659,39,1924698
12859,1924723,45,1924768
12860,1924910,18,1924928
12861,1924955,74,1925029
12862,1925120,18,1925138
12863,1925310,20,1925330
12864,1925336,54,1925390
12865,1925423,8,1925431
12866,1925487,60,1925547
12867,1925569,60,1925629
12868,1925715,14,1925729
12869,1925774,5,1925779
12870,1925810,116,1925926
12871,1925935,10,1925945
12872,1926037,92,1926129
12873,1926316,61,1926377
12874,1926439,4,1926443
12875,1926593,60,1926653
12876,1927039,23,1927062
12877,1927271,103,1927374
12878,1927380,46,1927426
12879,1927450,40,1927490
12880,1927517,34,1927551
12881,1927610,14,1927624
12882,1927722,83,1927805
12883,1927866,92,1927958
12884,1928080,74,1928154
12885,1928175,234,1928409
12886,1928714,80,1928794
12887,1928809,9,1928818
12888,1928861,22,1928883
12889,1928949,196,1929145
12890,1929166,39,1929205
12891,1929251,64,1929315
12892,1929408,72,1929480
12893,1929529,76,1929605
12894,1929690,131,1929821
12895,1929871,21,1929892
12896,1929942,76,1930018
12897,1930109,67,1930176
12898,1930270,15,1930285
12899,1930590,5,1930595
12900,1930630,33,1930663
12901,1931030,81,1931111
12902,1931164,23,1931187
12903,1931308,32,1931340
12904,1931368,85,1931453
12905,1931526,3,1931529
12906,1931564,128,1931692
12907,1931938,60,1931998
12908,1932136,3,1932139
12909,1932217,67,1932284
12910,1932473,25,1932498
12911,1932585,44,1932629
12912,1932630,13,1932643
12913,1932923,22,1932945
12914,1933144,135,1933279
12915,1933702,7,1933709
12916,1934019,93,1934112
12917,1934217,10,1934227
12918,1934271,80,1934351
12919,1934394,34,1934428
12920,1934556,8,1934564
12921,1934599,61,1934660
12922,1934738,20,1934758
12923,1934880,20,1934900
12924,1935017,152,1935169
12925,1935460,31,1935491
12926,1935525,41,1935566
12927,1935662,16,1935678
12928,1935706,192,1935898
12929,1935962,7,1935969
12930,1935985,10,1935995
12931,1936509,9,1936518
12932,1936675,79,1936754
12933,1936794,35,1936829
12934,1936874,21,1936895
12935,1937065,5,1937070
12936,1937107,42,1937149
12937,1937156,18,1937174
12938,1937211,13,1937224
12939,1937235,27,1937262
12940,1937407,16,1937423
12941,1937427,18,1937445
12942,1937558,57,1937615
12943,1937622,33,1937655
12944,1937743,184,1937927
12945,1938134,97,1938231
12946,1938326,15,1938341
12947,1938385,61,1938446
12948,1938565,1,1938566
12949,1938779,3,1938782
12950,1938808,22,1938830
12951,1938970,87,1939057
12952,1939062,20,1939082
12953,1939328,248,1939576
12954,1939623,6,1939629
12955,1940093,15,1940108
12956,1940134,12,1940146
12957,1940174,10,1940184
12958,1940211,72,1940283
12959,1940284,279,1940563
12960,1940571,86,1940657
12961,1940829,183,1941012
12962,1941110,203,1941313
12963,1941530,15,1941545
12964,1941793,31,1941824
12965,1941826,11,1941837
12966,1941839,106,1941945
12967,1941953,2,1941955
12968,1942074,41,1942115
12969,1942238,4,1942242
12970,1942311,19,1942330
12971,1942701,46,1942747
12972,1942769,106,1942875
12973,1943010,146,1943156
12974,1943275,46,1943321
12975,1943380,10,1943390
12976,1943423,2,1943425
12977,1943519,5,1943524
12978,1943622,40,1943662
12979,1943803,247,1944050
12980,1944052,41,1944093
12981,1944146,45,1944191
12982,1944264,32,1944296
12983,1944316,23,1944339
12984,1944537,126,1944663
12985,1944687,99,1944786
12986,1944908,11,1944919
12987,1944925,58,1944983
12988,1945034,25,1945059
12989,1945108,85,1945193
12990,1945393,11,1945404
12991,1945452,4,1945456
12992,1945539,104,1945643
12993,1945724,104,1945828
12994,1946018,24,1946042
12995,1946071,75,1946146
12996,1946158,12,1946170
12997,1946200,12,1946212
12998,1946352,13,1946365
12999,1946413,69,1946482
13000,1946564,185,1946749
13001,1946807,10,1946817
13002,1946856,19,1946875
13003,1947102,30,1947132
13004,1947249,113,1947362
13005,1947420,49,1947469
13006,1947541,66,1947607
13007,1947678,7,1947685
13008,1947766,11,1947777
13009,1947808,83,1947891
13010,1948006,26,1948032
13011,1948134,3,1948137
13012,1948225,53,1948278
13013,1948491,159,1948650
13014,1948744,99,1948843
13015,1948860,112,1948972
13016,1948989,115,1949104
13017,1949321,3,1949324
13018,1949405,7,1949412
13019,1950024,39,1950063
13020,1950077,35,1950112
13021,1950119,37,1950156
13022,1950180,156,1950336
13023,1950415,141,1950556
13024,1950565,33,1950598
13025,1950661,92,1950753
13026,1950782,32,1950814
13027,1950876,68,1950944
13028,1951110,40,1951150
13029,1951298,8,1951306
13030,1951327,6,1951333
13031,1951352,4,1951356
13032,1951394,5,1951399
13033,1951435,43,1951478
13034,1951479,167,1951646
13035,1951666,7,1951673
13036,1951801,13,1951814
13037,1951844,27,1951871
13038,1952127,45,1952172
13039,1952481,359,1952840
13040,1952847,95,1952942
13041,1952982,44,1953026
13042,1953410,22,1953432
13043,1953762,27,1953789
13044,1953874,11,1953885
13045,1953892,56,1953948
13046,1954291,46,1954337
13047,1954375,21,1954396
13048,1954474,6,1954480
13049,1954509,218,1954727
13050,1954911,5,1954916
13051,1954939,106,1955045
13052,1955078,113,1955191
13053,1955397,12,1955409
13054,1955563,263,1955826
13055,1955879,44,1955923
13056,1956134,42,1956176
13057,1956181,187,1956368
13058,1956532,8,1956540
13059,1956552,69,1956621
13060,1956688,79,1956767
13061,1956831,197,1957028
13062,1957177,18,1957195
13063,1957244,100,1957344
13064,1957536,178,1957714
13065,1957878,1,1957879
13066,1957966,30,1957996
13067,1958102,4,1958106
13068,1958134,39,1958173
13069,1958398,28,1958426
13070,1958541,24,1958565
13071,1958655,41,1958696
13072,1958730,74,1958804
13073,1958861,18,1958879
13074,1958893,37,1958930
13075,1958990,9,1958999
13076,1959082,5,1959087
13077,1959174,10,1959184
13078,1959363,84,1959447
13079,1959501,67,1959568
13080,1959570,40,1959610
13081,1959727,13,1959740
13082,1959764,6,1959770
13083,1959873,180,1960053
13084,1960201,167,1960368
13085,1960384,88,1960472
13086,1960508,1,1960509
13087,1960741,24,1960765
13088,1960790,43,1960833
13089,1960860,18,1960878
13090,1960879,104,1960983
13091,1961040,21,1961061
13092,1961150,53,1961203
13093,1961261,5,1961266
13094,1961424,77,1961501
13095,1961515,45,1961560
13096,1961568,132,1961700
13097,1961716,63,1961779
13098,1961839,33,1961872
13099,1961954,15,1961969
13100,1962210,6,1962216
13101,1962234,105,1962339
13102,1962371,20,1962391
13103,1962564,13,1962577
13104,1962631,46,1962677
13105,1962726,5,1962731
13106,1963001,28,1963029
13107,1963212,11,1963223
13108,1963374,130,1963504
13109,1963580,58,1963638
13110,1963664,11,1963675
13111,1963703,78,1963781
13112,1963814,38,1963852
13113,1964015,32,1964047
13114,1964224,11,1964235
13115,1964316,90,1964406
13116,1964460,9,1964469
13117,1964532,95,1964627
13118,1964718,82,1964800
13119,1964955,41,1964996
13120,1965145,1,1965146
13121,1965172,27,1965199
13122,1965530,46,1965576
13123,1965664,101,1965765
13124,1965964,6,1965970
13125,1966031,85,1966116
13126,1966138,12,1966150
13127,1966166,65,1966231
13128,1966405,27,1966432
13129,1966957,47,1967004
13130,1967017,8,1967025
13131,1967027,80,1967107
13132,1967112,41,1967153
13133,1967175,32,1967207
13134,1967266,115,1967381
13135,1967578,49,1967627
13136,1967725,134,1967859
13137,1967891,78,1967969
13138,1968023,45,1968068
13139,1968197,26,1968223
13140,1968347,4,1968351
13141,1968413,156,1968569
13142,1968583,26,1968609
13143,1968632,95,1968727
13144,1968790,63,1968853
13145,1968955,15,1968970
13146,1969029,80,1969109
13147,1969129,94,1969223
13148,1969432,81,1969513
13149,1969731,33,1969764
13150,1969989,4,1969993
13151,1970437,48,1970485
13152,1970556,31,1970587
13153,1970607,48,1970655
13154,1970788,79,1970867
13155,1970948,39,1970987
13156,1971099,25,1971124
13157,1971171,8,1971179
13158,1971228,139,1971367
13159,1971392,50,1971442
13160,1971537,58,1971595
13161,1971707,18,1971725
13162,1971968,45,1972013
13163,1972076,6,1972082
13164,1972087,28,1972115
13165,1972143,34,1972177
13166,1972845,56,1972901
13167,1972937,62,1972999
13168,1973040,9,1973049
13169,1973094,26,1973120
13170,1973461,45,1973506
13171,1973511,30,1973541
13172,1973585,10,1973595
13173,1973696,60,1973756
13174,1973766,58,1973824
13175,1973972,31,1974003
13176,1974019,11,1974030
13177,1974032,16,1974048
13178,1974072,40,1974112
13179,1974176,44,1974220
13180,1974310,25,1974335
13181,1974480,143,1974623
13182,1974834,6,1974840
13183,1974922,116,1975038
13184,1975153,24,1975177
13185,1975212,29,1975241
13186,1975373,2,1975375
13187,1975380,111,1975491
13188,1975555,43,1975598
13189,1975769,17,1975786
13190,1975792,139,1975931
13191,1975960,6,1975966
13192,1976137,15,1976152
13193,1976371,91,1976462
13194,1976539,117,1976656
13195,1976747,106,1976853
13196,1976889,42,1976931
13197,1977056,18,1977074
13198,1977145,43,1977188
13199,1977308,102,1977410
13200,1977431,19,1977450
13201,1977544,25,1977569
13202,1977737,65,1977802
13203,1978002,3,1978005
13204,1978053,14,1978067
13205,1978126,103,1978229
13206,1978249,19,1978268
13207,1978296,7,1978303
13208,1978307,193,1978500
13209,1978668,46,1978714
13210,1978727,16,1978743
13211,1978904,25,1978929
13212,1978978,31,1979009
13213,1979047,58,1979105
13214,1979160,42,1979202
13215,1979216,116,1979332
13216,1979551,13,1979564
13217,1979653,59,1979712
13218,1979853,3,1979856
13219,1979910,12,1979922
13220,1980023,54,1980077
13221,1980101,28,1980129
13222,1980183,10,1980193
13223,1980670,1,1980671
13224,1980770,63,1980833
13225,1981038,23,1981061
13226,1981087,129,1981216
13227,1981264,41,1981305
13228,1981316,212,1981528
13229,1981659,103,1981762
13230,1981946,1,1981947
13231,1982049,127,1982176
13232,1982576,51,1982627
13233,1982652,111,1982763
13234,1982854,12,1982866
13235,1982902,13,1982915
13236,1982922,84,1983006
13237,1983008,120,1983128
13238,1983167,75,1983242
13239,1983476,6,1983482
13240,1983623,83,1983706
13241,1983767,9,1983776
13242,1983931,10,1983941
13243,1983956,41,1983997
13244,1984041,9,1984050
13245,1984171,82,1984253
13246,1984267,24,1984291
13247,1984294,1,1984295
13248,1984304,109,1984413
13249,1984604,79,1984683
13250,1984752,11,1984763
13251,1984842,46,1984888
13252,1984930,28,1984958
13253,1984995,41,1985036
13254,1985040,15,1985055
13255,1985115,32,1985147
13256,1985196,18,1985214
13257,1985456,148,1985604
13258,1985635,104,1985739
13259,1985745,33,1985778
13260,1985810,169,1985979
13261,1985999,75,1986074
13262,1986178,30,1986208
13263,1986391,79,1986470
13264,1986508,24,1986532
13265,1986548,113,1986661
13266,1986763,23,1986786
13267,1987073,38,1987111
13268,1987376,25,1987401
13269,1987568,8,1987576
13270,1987677,28,1987705
13271,1987796,1,1987797
13272,1987968,102,1988070
13273,1988105,46,1988151
13274,1988216,53,1988269
13275,1988356,6,1988362
13276,1988416,6,1988422
13277,1988429,46,1988475
13278,1988501,43,1988544
13279,1988657,12,1988669
13280,1988782,75,1988857
13281,1989148,94,1989242
13282,1989272,27,1989299
13283,1989423,17,1989440
13284,1989669,24,1989693
13285,1989706,18,1989724
13286,1989767,45,1989812
13287,1989949,36,1989985
13288,1989993,10,1990003
13289,1990059,22,1990081
13290,1990229,7,1990236
13291,1990242,6,1990248
13292,1990344,113,1990457
13293,1990515,110,1990625
13294,1990645,185,1990830
13295,1991046,35,1991081
13296,1991084,149,1991233
13297,1991252,33,1991285
13298,1991333,39,1991372
13299,1991933,5,1991938
13300,1991965,36,1992001
13301,1992034,111,1992145
13302,1992359,99,1992458
13303,1992536,92,1992628
13304,1992736,158,1992894
13305,1993084,38,1993122
13306,1993128,56,1993184
13307,1993409,12,1993421
13308,1993478,26,1993504
13309,1993632,10,1993642
13310,1993671,21,1993692
13311,1993734,6,1993740
13312,1993930,4,1993934
13313,1993964,60,1994024
13314,1994060,13,1994073
13315,1994188,119,1994307
13316,1994317,126,1994443
13317,1994477,64,1994541
13318,1994562,25,1994587
13319,1994648,10,1994658
13320,1994736,20,1994756
13321,1994913,13,1994926
13322,1995371,45,1995416
13323,1995503,25,1995528
13324,1995677,14,1995691
13325,1995870,7,1995877
13326,1995919,67,1995986
13327,1996080,64,1996144
13328,1996237,90,1996327
13329,1996392,11,1996403
13330,1996528,17,1996545
13331,1997136,133,1997269
13332,1997394,12,1997406
13333,1997483,18,1997501
13334,1997512,34,1997546
13335,1997926,31,1997957
13336,1997988,169,1998157
13337,1998236,9,1998245
13338,1998289,53,1998342
13339,1998568,42,1998610
13340,1998881,27,1998908
13341,1998966,25,1998991
13342,1999087,19,1999106
13343,1999257,18,1999275
13344,1999813,25,1999838
13345,1999920,32,1999952
13346,2000062,12,2000074
13347,2000106,83,2000189
13348,2000427,16,2000443
13349,2000444,60,2000504
13350,2000564,14,2000578
13351,2000647,58,2000705
13352,2000729,56,2000785
13353,2000798,107,2000905
13354,2000947,116,2001063
13355,2001064,55,2001119
13356,2001613,26,2001639
13357,2001712,39,2001751
13358,2001890,49,2001939
13359,2002261,39,2002300
13360,2002622,4,2002626
13361,2002662,44,2002706
13362,2002810,4,2002814
13363,2002920,101,2003021
13364,2003113,86,2003199
13365,2003278,21,2003299
13366,2003300,53,2003353
13367,2003761,44,2003805
13368,2003828,41,2003869
13369,2004104,43,2004147
13370,2004182,51,2004233
13371,2004306,7,2004313
13372,2004401,14,2004415
13373,2004423,8,2004431
13374,2004540,54,2004594
13375,2004602,62,2004664
13376,2004691,13,2004704
13377,2005069,94,2005163
13378,2005338,51,2005389
13379,2005490,28,2005518
13380,2005538,82,2005620
13381,2005798,8,2005806
13382,2005842,53,2005895
13383,2006132,29,2006161
13384,2006255,110,2006365
13385,2006429,8,2006437
13386,2006485,90,2006575
13387,2006612,29,2006641
13388,2006656,41,2006697
13389,2006813,83,2006896
13390,2007105,23,2007128
13391,2007234,30,2007264
13392,2007300,70,2007370
13393,2007503,159,2007662
13394,2007663,33,2007696
13395,2007752,7,2007759
13396,2007855,7,2007862
13397,2007919,14,2007933
13398,2008058,29,2008087
13399,2008415,32,2008447
13400,2008449,8,2008457
13401,2008535,35,2008570
13402,2008709,41,2008750
13403,2008795,167,2008962
13404,2008967,67,2009034
13405,2009086,2,2009088
13406,2009129,41,2009170
13407,2009241,87,2009328
13408,2009371,4,2009375
13409,2009529,16,2009545
13410,2009587,46,2009633
13411,2009678,81,2009759
13412,2009760,15,2009775
13413,2009997,34,2010031
13414,2010366,72,2010438
13415,2010462,53,2010515
13416,2010593,7,2010600
13417,2010697,82,2010779
13418,2010916,37,2010953
13419,2011012,11,2011023
13420,2011068,109,2011177
13421,2011610,2,2011612
13422,2011613,52,2011665
13423,2011668,58,2011726
13424,2012177,69,2012246
13425,2012465,68,2012533
13426,2012779,36,2012815
13427,2012925,82,2013007
13428,2013132,64,2013196
13429,2013198,15,2013213
13430,2013276,21,2013297
13431,2013446,107,2013553
13432,2013716,86,2013802
13433,2013928,19,2013947
13434,2013981,8,2013989
13435,2014117,26,2014143
13436,2014213,48,2014261
13437,2014438,24,2014462
13438,2014604,59,2014663
13439,2014750,67,2014817
13440,2014844,3,2014847
13441,2014904,134,2015038
13442,2015158,28,2015186
13443,2015313,14,2015327
13444,2015499,6,2015505
13445,2015702,20,2015722
13446,2015858,100,2015958
13447,2016016,70,2016086
13448,2016380,9,2016389
13449,2016405,49,2016454
13450,2016723,84,2016807
13451,2016966,22,2016988
13452,2017004,10,2017014
13453,2017036,24,2017060
13454,2017108,99,2017207
13455,2017391,167,2017558
13456,2017762,16,2017778
13457,2017804,4,2017808
13458,2017835,52,2017887
13459,2017974,89,2018063
13460,2018086,1,2018087
13461,2018341,28,2018369
13462,2018498,4,2018502
13463,2018717,24,2018741
13464,2018756,35,2018791
13465,2018907,32,2018939
13466,2019146,142,2019288
13467,2019312,52,2019364
13468,2019514,55,2019569
13469,2019637,27,2019664
13470,2019760,106,2019866
13471,2019874,103,2019977
13472,2020409,4,2020413
13473,2020441,12,2020453
13474,2020504,3,2020507
13475,2020606,5,2020611
13476,2020668,21,2020689
13477,2020692,11,2020703
13478,2020826,42,2020868
13479,2020887,175,2021062
13480,2021127,8,2021135
13481,2021181,11,2021192
13482,2021276,17,2021293
13483,2021377,144,2021521
13484,2021637,20,2021657
13485,2021820,6,2021826
13486,2021863,34,2021897
13487,2022004,4,2022008
13488,2022260,160,2022420
13489,2022438,36,2022474
13490,2022668,36,2022704
13491,2022753,136,2022889
13492,2022957,66,2023023
13493,2023056,40,2023096
13494,2023140,97,2023237
13495,2023483,28,2023511
13496,2023644,47,2023691
13497,2023699,89,2023788
13498,2023789,18,2023807
13499,2023970,31,2024001
13500,2024145,33,2024178
13501,2024276,72,2024348
13502,2024380,17,2024397
13503,2024442,52,2024494
13504,2024498,23,2024521
13505,2024557,10,2024567
13506,2024667,34,2024701
13507,2024711,9,2024720
13508,2024809,6,2024815
13509,2024842,17,2024859
13510,2024936,17,2024953
13511,2024968,4,2024972
13512,2024974,54,2025028
13513,2025108,45,2025153
13514,2025169,2,2025171
13515,2025175,4,2025179
13516,2025186,83,2025269
13517,2025432,3,2025435
13518,2025517,46,2025563
13519,2025633,25,2025658
13520,2025685,13,2025698
13521,2025832,3,2025835
13522,2026169,15,2026184
13523,2026249,76,2026325
13524,2026332,57,2026389
13525,2026493,66,2026559
13526,2026624,57,2026681
13527,2026778,72,2026850
13528,2026899,58,2026957
13529,2026977,137,2027114
13530,2027120,65,2027185
13531,2027203,5,2027208
13532,2027427,28,2027455
13533,2027535,215,2027750
13534,2027814,87,2027901
13535,2028017,42,2028059
13536,2028088,38,2028126
13537,2028139,54,2028193
13538,2028226,21,2028247
13539,2028345,79,2028424
13540,2028472,16,2028488
13541,2028506,30,2028536
13542,2028792,67,2028859
13543,2028900,143,2029043
13544,2029120,19,2029139
13545,2029155,23,2029178
13546,2029404,79,2029483
13547,2029585,130,2029715
13548,2029753,27,2029780
13549,2029844,105,2029949
13550,2030142,130,2030272
13551,2030329,21,2030350
13552,2030585,23,2030608
13553,2030759,35,2030794
13554,2030859,68,2030927
13555,2031172,79,2031251
13556,2031457,23,2031480
13557,2031513,60,2031573
13558,2031760,31,2031791
13559,2032032,13,2032045
13560,2032166,24,2032190
13561,2032291,54,2032345
13562,2032404,46,2032450
13563,2032479,20,2032499
13564,2032525,93,2032618
13565,2032704,2,2032706
13566,2032726,79,2032805
13567,2032989,24,2033013
13568,2033079,138,2033217
13569,2033319,32,2033351
13570,2033530,106,2033636
13571,2033707,5,2033712
13572,2033904,28,2033932
13573,2033970,129,2034099
13574,2034118,171,2034289
13575,2034724,85,2034809
13576,2034955,51,2035006
13577,2035223,27,2035250
13578,2035254,69,2035323
13579,2035331,62,2035393
13580,2035493,45,2035538
13581,2035540,24,2035564
13582,2035623,15,2035638
13583,2035692,17,2035709
13584,2035752,6,2035758
13585,2036012,58,2036070
13586,2036085,56,2036141
13587,2036148,28,2036176
13588,2036219,108,2036327
13589,2036390,9,2036399
13590,2036417,181,2036598
13591,2036637,22,2036659
13592,2036662,2,2036664
13593,2036746,183,2036929
13594,2036937,1,2036938
13595,2036973,35,2037008
13596,2037238,86,2037324
13597,2037389,162,2037551
13598,2037900,2,2037902
13599,2038010,38,2038048
13600,2038076,45,2038121
13601,2038313,16,2038329
13602,2038399,56,2038455
13603,2038570,109,2038679
13604,2038783,33,2038816
13605,2038961,32,2038993
13606,2039024,5,2039029
13607,2039354,85,2039439
13608,2039446,17,2039463
13609,2039524,22,2039546
13610,2039808,25,2039833
13611,2039837,102,2039939
13612,2039949,44,2039993
13613,2040015,50,2040065
13614,2040096,57,2040153
13615,2040265,3,2040268
13616,2040361,32,2040393
13617,2040405,21,2040426
13618,2040482,175,2040657
13619,2040689,32,2040721
13620,2040782,40,2040822
13621,2040976,43,2041019
13622,2041023,107,2041130
13623,2041241,63,2041304
13624,2041350,115,2041465
13625,2041602,18,2041620
13626,2041754,30,2041784
13627,2041787,48,2041835
13628,2041950,9,2041959
13629,2042146,148,2042294
13630,2042428,125,2042553
13631,2042841,8,2042849
13632,2042862,106,2042968
13633,2043082,90,2043172
13634,2043391,86,2043477
13635,2043575,7,2043582
13636,2043685,11,2043696
13637,2043912,175,2044087
13638,2044088,92,2044180
13639,2044391,3,2044394
13640,2044521,93,2044614
13641,2044621,27,2044648
13642,2044739,68,2044807
13643,2045030,74,2045104
13644,2045119,65,2045184
13645,2045217,39,2045256
13646,2045388,18,2045406
13647,2045507,50,2045557
13648,2045810,54,2045864
13649,2046044,15,2046059
13650,2046112,120,2046232
13651,2046288,17,2046305
13652,2046423,13,2046436
13653,2046437,85,2046522
13654,2046594,19,2046613
13655,2046728,34,2046762
13656,2046884,27,2046911
13657,2047113,1,2047114
13658,2047147,20,2047167
13659,2047171,32,2047203
13660,2047218,141,2047359
13661,2047436,23,2047459
13662,2047492,9,2047501
13663,2047510,21,2047531
13664,2047629,66,2047695
13665,2047785,31,2047816
13666,2047853,4,2047857
13667,2047958,15,2047973
13668,2047975,2,2047977
13669,2047990,2,2047992
13670,2048048,34,2048082
13671,2048223,18,2048241
13672,2048256,43,2048299
13673,2048329,8,2048337
13674,2048400,5,2048405
13675,2048411,157,2048568
13676,2048572,17,2048589
13677,2048705,55,2048760
13678,2048772,25,2048797
13679,2048799,9,2048808
13680,2048881,39,2048920
13681,2049239,27,2049266
13682,2049706,156,2049862
13683,2049944,23,2049967
13684,2050034,11,2050045
13685,2050060,5,2050065
13686,2050149,7,2050156
13687,2050287,301,2050588
13688,2050601,47,2050648
13689,2050650,152,2050802
13690,2050877,73,2050950
13691,2051109,53,2051162
13692,2051181,93,2051274
13693,2051336,17,2051353
13694,2051384,25,2051409
13695,2051421,1,2051422
13696,2051721,50,2051771
13697,2051915,11,2051926
13698,2052032,26,2052058
13699,2052099,23,2052122
13700,2052204,94,2052298
13701,2052314,67,2052381
13702,2052432,28,2052460
13703,2052473,16,2052489
13704,2052497,112,2052609
13705,2052752,168,2052920
13706,2053021,3,2053024
13707,2053068,37,2053105
13708,2053244,1,2053245
13709,2053260,48,2053308
13710,2053381,25,2053406
13711,2053443,18,2053461
13712,2053478,5,2053483
13713,2053513,71,2053584
13714,2053589,48,2053637
13715,2053734,34,2053768
13716,2053777,78,2053855
13717,2053860,36,2053896
13718,2054444,80,2054524
13719,2054534,56,2054590
13720,2054651,6,2054657
13721,2054943,89,2055032
13722,2055085,74,2055159
13723,2055189,37,2055226
13724,2055285,11,2055296
13725,2055336,160,2055496
13726,2055576,14,2055590
13727,2055629,10,2055639
13728,2055658,58,2055716
13729,2055721,147,2055868
13730,2056091,30,2056121
13731,2056213,195,2056408
13732,2056532,22,2056554
13733,2056557,22,2056579
13734,2056611,64,2056675
13735,2056740,15,2056755
13736,2056820,5,2056825
13737,2056878,19,2056897
13738,2056918,19,2056937
13739,2056957,7,2056964
13740,2057109,134,2057243
13741,2057538,59,2057597
13742,2057601,1,2057602
13743,2057629,13,2057642
13744,2057834,53,2057887
13745,2057978,22,2058000
13746,2058028,87,2058115
13747,2058218,7,2058225
13748,2058231,11,2058242
13749,2058286,60,2058346
13750,2058357,42,2058399
13751,2058401,15,2058416
13752,2058524,21,2058545
13753,2058596,110,2058706
13754,2058927,51,2058978
13755,2059242,126,2059368
13756,2059496,57,2059553
13757,2059611,116,2059727
13758,2059863,77,2059940
13759,2060050,75,2060125
13760,2060231,15,2060246
13761,2060293,178,2060471
13762,2060491,252,2060743
13763,2060802,31,2060833
13764,2060837,40,2060877
13765,2060931,1,2060932
13766,2060998,22,2061020
13767,2061025,59,2061084
13768,2061146,1,2061147
13769,2061180,10,2061190
13770,2061549,42,2061591
13771,2061604,18,2061622
13772,2061726,15,2061741
13773,2061771,70,2061841
13774,2062089,44,2062133
13775,2062178,1,2062179
13776,2062357,112,2062469
13777,2062476,41,2062517
13778,2062849,28,2062877
13779,2062905,7,2062912
13780,2062969,37,2063006
13781,2063008,57,2063065
13782,2063125,47,2063172
13783,2063229,9,2063238
13784,2063376,2,2063378
13785,2063405,3,2063408
13786,2063423,21,2063444
13787,2063512,35,2063547
13788,2063559,22,2063581
13789,2063630,6,2063636
13790,2063734,1,2063735
13791,2063738,125,2063863
13792,2064141,11,2064152
13793,2064193,65,2064258
13794,2064281,12,2064293
13795,2064354,59,2064413
13796,2064456,7,2064463
13797,2064581,69,2064650
13798,2065005,66,2065071
13799,2065097,81,2065178
13800,2065320,55,2065375
13801,2065445,53,2065498
13802,2065508,1,2065509
13803,2065586,42,2065628
13804,2065688,102,2065790
13805,2066057,81,2066138
13806,2066211,189,2066400
13807,2066471,2,2066473
13808,2066636,2,2066638
13809,2066833,10,2066843
13810,2066924,5,2066929
13811,2066938,29,2066967
13812,2067045,3,2067048
13813,2067107,162,2067269
13814,2067290,16,2067306
13815,2067372,104,2067476
13816,2067628,13,2067641
13817,2067796,11,2067807
13818,2067862,13,2067875
13819,2067938,3,2067941
13820,2067947,8,2067955
13821,2067993,127,2068120
13822,2068205,39,2068244
13823,2068288,44,2068332
13824,2068556,49,2068605
13825,2068835,13,2068848
13826,2068899,72,2068971
13827,2069003,14,2069017
13828,2069244,100,2069344
13829,2069406,2,2069408
13830,2069837,4,2069841
13831,2069990,25,2070015
13832,2070021,2,2070023
13833,2070249,100,2070349
13834,2070498,58,2070556
13835,2070643,6,2070649
13836,2070820,1,2070821
13837,2071030,67,2071097
13838,2071120,73,2071193
13839,2071206,200,2071406
13840,2071419,14,2071433
13841,2071448,4,2071452
13842,2071564,122,2071686
13843,2071717,24,2071741
13844,2071876,48,2071924
13845,2072047,4,2072051
13846,2072059,50,2072109
13847,2072378,42,2072420
13848,2072513,54,2072567
13849,2072591,24,2072615
13850,2072736,2,2072738
13851,2072881,176,2073057
13852,2073485,98,2073583
13853,2073647,16,2073663
13854,2073685,73,2073758
13855,2073852,2,2073854
13856,2074052,51,2074103
13857,2074120,40,2074160
13858,2074179,102,2074281
13859,2074343,75,2074418
13860,2074692,22,2074714
13861,2075101,2,2075103
13862,2075194,55,2075249
13863,2075250,16,2075266
13864,2075358,6,2075364
13865,2075389,114,2075503
13866,2075664,4,2075668
13867,2075805,50,2075855
13868,2076248,57,2076305
13869,2076316,28,2076344
13870,2076493,2,2076495
13871,2076562,52,2076614
13872,2076675,20,2076695
13873,2076787,40,2076827
13874,2076961,35,2076996
13875,2077010,66,2077076
13876,2077086,35,2077121
13877,2077128,77,2077205
13878,2077228,32,2077260
13879,2077347,9,2077356
13880,2077423,6,2077429
13881,2077485,24,2077509
13882,2077534,73,2077607
13883,2077681,17,2077698
13884,2078179,31,2078210
13885,2078239,51,2078290
13886,2078363,22,2078385
13887,2078418,2,2078420
13888,2078449,32,2078481
13889,2078526,51,2078577
13890,2078681,2,2078683
13891,2078691,19,2078710
13892,2078767,9,2078776
13893,2078798,3,2078801
13894,2078851,36,2078887
13895,2078890,13,2078903
13896,2078905,41,2078946
13897,2079082,7,2079089
13898,2079143,23,2079166
13899,2079194,24,2079218
13900,2079251,10,2079261
13901,2079686,58,2079744
13902,2079765,109,2079874
13903,2079928,9,2079937
13904,2080040,58,2080098
13905,2080127,3,2080130
13906,2080295,36,2080331
13907,2080512,200,2080712
13908,2080787,126,2080913
13909,2081125,16,2081141
13910,2081287,40,2081327
13911,2081426,61,2081487
13912,2081490,157,2081647
13913,2081655,35,2081690
13914,2081745,40,2081785
13915,2081789,114,2081903
13916,2082083,75,2082158
13917,2082164,8,2082172
13918,2082285,7,2082292
13919,2082536,45,2082581
13920,2082655,16,2082671
13921,2082852,32,2082884
13922,2083014,14,2083028
13923,2083041,18,2083059
13924,2083156,40,2083196
13925,2083219,109,2083328
13926,2083380,14,2083394
13927,2083443,88,2083531
13928,2083653,22,2083675
13929,2083787,39,2083826
13930,2083867,14,2083881
13931,2083918,12,2083930
13932,2083963,2,2083965
13933,2084009,147,2084156
13934,2084223,27,2084250
13935,2084466,3,2084469
13936,2084495,33,2084528
13937,2084657,4,2084661
13938,2084722,45,2084767
13939,2084849,23,2084872
13940,2084890,1,2084891
13941,2084971,17,2084988
13942,2085013,80,2085093
13943,2085104,10,2085114
13944,2085251,18,2085269
13945,2085423,18,2085441
13946,2085880,17,2085897
13947,2085919,147,2086066
13948,2086099,2,2086101
13949,2086265,18,2086283
13950,2086495,18,2086513
13951,2086557,23,2086580
13952,2086607,60,2086667
13953,2086833,37,2086870
13954,2087130,61,2087191
13955,2087342,107,2087449
13956,2087567,14,2087581
13957,2087647,22,2087669
13958,2087714,82,2087796
13959,2087809,1,2087810
13960,2087824,4,2087828
13961,2087844,7,2087851
13962,2087872,1,2087873
13963,2087915,12,2087927
13964,2088027,9,2088036
13965,2088396,171,2088567
13966,2088574,12,2088586
13967,2088703,2,2088705
13968,2088736,27,2088763
13969,2088922,6,2088928
13970,2088992,58,2089050
13971,2089097,32,2089129
13972,2089232,146,2089378
13973,2089529,31,2089560
13974,2089611,50,2089661
13975,2089806,112,2089918
13976,2089946,39,2089985
13977,2089994,58,2090052
13978,2090201,35,2090236
13979,2090337,142,2090479
13980,2090644,21,2090665
13981,2090959,19,2090978
13982,2091006,73,2091079
13983,2091166,29,2091195
13984,2091203,88,2091291
13985,2091444,47,2091491
13986,2091991,4,2091995
13987,2092031,1,2092032
13988,2092033,125,2092158
13989,2092609,38,2092647
13990,2092703,86,2092789
13991,2092883,10,2092893
13992,2092915,35,2092950
13993,2093381,133,2093514
13994,2093705,116,2093821
13995,2093903,4,2093907
13996,2093945,58,2094003
13997,2094047,28,2094075
13998,2094397,38,2094435
13999,2094476,21,2094497
14000,2094558,44,2094602
14001,2094637,135,2094772
14002,2094881,30,2094911
14003,2094933,2,2094935
14004,2094971,145,2095116
14005,2095151,45,2095196
14006,2095559,36,2095595
14007,2095726,14,2095740
14008,2095852,40,2095892
14009,2095944,109,2096053
14010,2096226,46,2096272
14011,2096382,87,2096469
14012,2096493,86,2096579
14013,2096581,163,2096744
14014,2096780,8,2096788
14015,2096885,8,2096893
14016,2097033,67,2097100
14017,2097289,10,2097299
14018,2097309,24,2097333
14019,2097478,10,2097488
14020,2097504,8,2097512
14021,2097647,93,2097740
14022,2097770,103,2097873
14023,2097883,48,2097931
14024,2098000,41,2098041
14025,2098133,51,2098184
14026,2098314,72,2098386
14027,2098433,65,2098498
14028,2098537,51,2098588
14029,2098591,9,2098600
14030,2098685,36,2098721
14031,2098758,98,2098856
14032,2098861,1,2098862
14033,2099014,143,2099157
14034,2099458,31,2099489
14035,2099496,24,2099520
14036,2099603,10,2099613
14037,2099646,39,2099685
14038,2099750,43,2099793
14039,2100052,29,2100081
14040,2100122,16,2100138
14041,2100192,29,2100221
14042,2100729,28,2100757
14043,2100832,53,2100885
14044,2101009,15,2101024
14045,2101025,46,2101071
14046,2101106,21,2101127
14047,2101235,55,2101290
14048,2101335,40,2101375
14049,2101462,20,2101482
14050,2101771,24,2101795
14051,2101863,99,2101962
14052,2101981,106,2102087
14053,2102178,13,2102191
14054,2102214,87,2102301
14055,2102390,131,2102521
14056,2102541,60,2102601
14057,2102704,2,2102706
14058,2102817,63,2102880
14059,2103254,4,2103258
14060,2103372,38,2103410
14061,2103454,57,2103511
14062,2103527,191,2103718
14063,2103947,72,2104019
14064,2104367,80,2104447
14065,2104460,34,2104494
14066,2104522,71,2104593
14067,2104710,23,2104733
14068,2104771,95,2104866
14069,2104904,192,2105096
14070,2105231,2,2105233
14071,2105603,81,2105684
14072,2105727,81,2105808
14073,2105946,9,2105955
14074,2106123,76,2106199
14075,2106255,5,2106260
14076,2106434,32,2106466
14077,2106470,34,2106504
14078,2106857,63,2106920
14079,2106985,92,2107077
14080,2107108,52,2107160
14081,2107171,41,2107212
14082,2107263,19,2107282
14083,2107301,24,2107325
14084,2107458,5,2107463
14085,2107586,22,2107608
14086,2107676,132,2107808
14087,2108121,48,2108169
14088,2108182,4,2108186
14089,2108344,6,2108350
14090,2108375,16,2108391
14091,2108419,50,2108469
14092,2108470,113,2108583
14093,2108730,11,2108741
14094,2108794,9,2108803
14095,2108964,66,2109030
14096,2109127,134,2109261
14097,2109330,30,2109360
14098,2109549,1,2109550
14099,2109563,19,2109582
14100,2109620,12,2109632
14101,2109640,65,2109705
14102,2109721,28,2109749
14103,2109919,99,2110018
14104,2110154,14,2110168
14105,2110434,65,2110499
14106,2110825,69,2110894
14107,2111021,15,2111036
14108,2111039,26,2111065
14109,2111072,49,2111121
14110,2111164,34,2111198
14111,2111374,75,2111449
14112,2111464,85,2111549
14113,2111717,51,2111768
14114,2112034,103,2112137
14115,2112393,94,2112487
14116,2112529,59,2112588
14117,2113025,69,2113094
14118,2113103,70,2113173
14119,2113295,33,2113328
14120,2113427,42,2113469
14121,2113603,26,2113629
14122,2113861,25,2113886
14123,2113909,9,2113918
14124,2113925,7,2113932
14125,2114026,64,2114090
14126,2114156,11,2114167
14127,2114412,190,2114602
14128,2114622,55,2114677
14129,2114761,1,2114762
14130,2114863,125,2114988
14131,2115061,53,2115114
14132,2115120,14,2115134
14133,2115281,125,2115406
14134,2115572,20,2115592
14135,2115781,9,2115790
14136,2115794,73,2115867
14137,2116009,84,2116093
14138,2116480,40,2116520
14139,2116689,238,2116927
14140,2117052,13,2117065
14141,2117186,21,2117207
14142,2117295,11,2117306
14143,2117644,127,2117771
14144,2117826,10,2117836
14145,2117919,26,2117945
14146,2118027,4,2118031
14147,2118096,7,2118103
14148,2118378,89,2118467
14149,2118511,115,2118626
14150,2118652,68,2118720
14151,2118746,36,2118782
14152,2118792,2,2118794
14153,2118877,120,2118997
14154,2119128,46,2119174
14155,2119249,299,2119548
14156,2119819,139,2119958
14157,2119978,48,2120026
14158,2120168,15,2120183
14159,2120185,22,2120207
14160,2120268,81,2120349
14161,2120401,23,2120424
14162,2120443,22,2120465
14163,2120510,111,2120621
14164,2120723,82,2120805
14165,2120827,56,2120883
14166,2121013,128,2121141
14167,2121322,178,2121500
14168,2121502,1,2121503
14169,2121571,10,2121581
14170,2121612,5,2121617
14171,2121691,83,2121774
14172,2121883,61,2121944
14173,2121959,136,2122095
14174,2122190,95,2122285
14175,2122289,12,2122301
14176,2122431,9,2122440
14177,2122497,62,2122559
14178,2122775,1,2122776
14179,2122805,17,2122822
14180,2122859,5,2122864
14181,2122868,3,2122871
14182,2122877,101,2122978
14183,2123081,101,2123182
14184,2123425,47,2123472
14185,2123613,162,2123775
14186,2123796,55,2123851
14187,2124015,1,2124016
14188,2124149,23,2124172
14189,2124236,84,2124320
14190,2124440,7,2124447
14191,2124548,4,2124552
14192,2124764,41,2124805
14193,2124832,5,2124837
14194,2124883,14,2124897
14195,2124988,29,2125017
14196,2125132,22,2125154
14197,2125168,35,2125203
14198,2125323,11,2125334
14199,2125349,55,2125404
14200,2125516,2,2125518
14201,2125596,36,2125632
14202,2125768,13,2125781
14203,2125794,62,2125856
14204,2125903,11,2125914
14205,2126000,114,2126114
14206,2126156,129,2126285
14207,2126286,19,2126305
14208,2126375,47,2126422
14209,2126640,7,2126647
14210,2126712,2,2126714
14211,2126730,11,2126741
14212,2126980,49,2127029
14213,2127111,61,2127172
14214,2127190,27,2127217
14215,2127262,21,2127283
14216,2127589,13,2127602
14217,2127644,75,2127719
14218,2127933,18,2127951
14219,2128081,59,2128140
14220,2128198,34,2128232
14221,2128382,3,2128385
14222,2128436,24,2128460
14223,2128491,85,2128576
14224,2128620,40,2128660
14225,2128702,41,2128743
14226,2128764,238,2129002
14227,2129102,10,2129112
14228,2129176,110,2129286
14229,2129561,12,2129573
14230,2129597,73,2129670
14231,2129715,6,2129721
14232,2129800,27,2129827
14233,2129857,4,2129861
14234,2130494,123,2130617
14235,2130650,18,2130668
14236,2130688,109,2130797
14237,2130814,205,2131019
14238,2131095,61,2131156
14239,2131215,77,2131292
14240,2131502,49,2131551
14241,2131662,29,2131691
14242,2131723,144,2131867
14243,2132001,100,2132101
14244,2132297,68,2132365
14245,2132396,39,2132435
14246,2132456,116,2132572
14247,2132626,10,2132636
14248,2132716,80,2132796
14249,2132839,29,2132868
14250,2132958,130,2133088
14251,2133152,29,2133181
14252,2133233,6,2133239
14253,2133253,76,2133329
14254,2133422,36,2133458
14255,2133544,21,2133565
14256,2133604,10,2133614
14257,2133647,72,2133719
14258,2133761,17,2133778
14259,2133818,26,2133844
14260,2133875,69,2133944
14261,2134041,6,2134047
14262,2134132,22,2134154
14263,2134312,3,2134315
14264,2134466,47,2134513
14265,2134574,17,2134591
14266,2134673,35,2134708
14267,2134816,10,2134826
14268,2134834,5,2134839
14269,2135022,12,2135034
14270,2135186,70,2135256
14271,2135588,29,2135617
14272,2135626,40,2135666
14273,2135959,53,2136012
14274,2136039,27,2136066
14275,2136090,48,2136138
14276,2136245,182,2136427
14277,2136489,56,2136545
14278,2136563,83,2136646
14279,2136692,91,2136783
14280,2136844,48,2136892
14281,2136910,22,2136932
14282,2136964,88,2137052
14283,2137152,9,2137161
14284,2137199,166,2137365
14285,2137418,50,2137468
14286,2137603,19,2137622
14287,2137681,115,2137796
14288,2138099,128,2138227
14289,2138315,102,2138417
14290,2138470,66,2138536
14291,2138612,397,2139009
14292,2139028,62,2139090
14293,2139284,15,2139299
14294,2139336,2,2139338
14295,2139962,129,2140091
14296,2140145,41,2140186
14297,2140264,64,2140328
14298,2140365,16,2140381
14299,2140559,54,2140613
14300,2141392,66,2141458
14301,2141525,17,2141542
14302,2141582,1,2141583
14303,2141641,23,2141664
14304,2141732,35,2141767
14305,2141958,12,2141970
14306,2142069,236,2142305
14307,2142513,27,2142540
14308,2142643,46,2142689
14309,2143192,55,2143247
14310,2143276,6,2143282
14311,2143365,102,2143467
14312,2143507,49,2143556
14313,2143665,144,2143809
14314,2144131,80,2144211
14315,2144302,49,2144351
14316,2144397,11,2144408
14317,2144635,231,2144866
14318,2144934,52,2144986
14319,2145131,11,2145142
14320,2145167,62,2145229
14321,2145231,5,2145236
14322,2145265,22,2145287
14323,2145295,5,2145300
14324,2145372,116,2145488
14325,2145609,11,2145620
14326,2145714,16,2145730
14327,2145850,27,2145877
14328,2145883,42,2145925
14329,2145995,44,2146039
14330,2146180,187,2146367
14331,2146555,195,2146750
14332,2147189,12,2147201
14333,2147367,33,2147400
14334,2147834,14,2147848
14335,2147892,29,2147921
14336,2147958,53,2148011
14337,2148069,5,2148074
14338,2148128,16,2148144
14339,2148182,29,2148211
14340,2148409,67,2148476
14341,2148759,10,2148769
14342,2148841,36,2148877
14343,2148922,96,2149018
14344,2149027,42,2149069
14345,2149210,64,2149274
14346,2149381,40,2149421
14347,2149427,63,2149490
14348,2149580,112,2149692
14349,2149735,36,2149771
14350,2149790,40,2149830
14351,2149890,222,2150112
14352,2150435,23,2150458
14353,2150459,21,2150480
14354,2150536,108,2150644
14355,2150695,28,2150723
14356,2151340,5,2151345
14357,2151424,37,2151461
14358,2151464,24,2151488
14359,2151555,71,2151626
14360,2152041,15,2152056
14361,2152071,17,2152088
14362,2152090,46,2152136
14363,2152152,35,2152187
14364,2152495,11,2152506
14365,2152562,48,2152610
14366,2152618,6,2152624
14367,2152727,6,2152733
14368,2152906,2,2152908
14369,2152995,28,2153023
14370,2153079,55,2153134
14371,2153284,10,2153294
14372,2153320,4,2153324
14373,2153450,5,2153455
14374,2153638,73,2153711
14375,2153735,9,2153744
14376,2153849,7,2153856
14377,2153924,13,2153937
14378,2153940,118,2154058
14379,2154241,1,2154242
14380,2154393,91,2154484
14381,2154723,11,2154734
14382,2154749,20,2154769
14383,2154853,33,2154886
14384,2154959,22,2154981
14385,2154987,61,2155048
14386,2155050,28,2155078
14387,2155123,64,2155187
14388,2155234,1,2155235
14389,2155380,15,2155395
14390,2155485,46,2155531
14391,2155720,16,2155736
14392,2155834,1,2155835
14393,2155858,75,2155933
14394,2155987,9,2155996
14395,2156010,74,2156084
14396,2156093,77,2156170
14397,2156311,7,2156318
14398,2156432,41,2156473
14399,2156479,4,2156483
14400,2156675,51,2156726
14401,2156727,23,2156750
14402,2156752,1,2156753
14403,2156757,15,2156772
14404,2156919,43,2156962
14405,2157199,48,2157247
14406,2157373,216,2157589
14407,2157715,175,2157890
14408,2158232,29,2158261
14409,2158328,7,2158335
14410,2158712,58,2158770
14411,2158827,28,2158855
14412,2158928,51,2158979
14413,2159375,106,2159481
14414,2159529,71,2159600
14415,2159735,115,2159850
14416,2160268,19,2160287
14417,2160552,54,2160606
14418,2160742,101,2160843
14419,2161164,69,2161233
14420,2161314,2,2161316
14421,2161335,68,2161403
14422,2161565,94,2161659
14423,2161850,111,2161961
14424,2162302,131,2162433
14425,2162508,25,2162533
14426,2162579,156,2162735
14427,2162761,20,2162781
14428,2162865,30,2162895
14429,2163058,45,2163103
14430,2163195,21,2163216
14431,2163502,17,2163519
14432,2163680,9,2163689
14433,2163736,18,2163754
14434,2163904,12,2163916
14435,2163992,109,2164101
14436,2164170,43,2164213
14437,2164227,4,2164231
14438,2164357,35,2164392
14439,2164420,5,2164425
14440,2164649,10,2164659
14441,2164951,41,2164992
14442,2165053,88,2165141
14443,2165198,14,2165212
14444,2165313,59,2165372
14445,2165532,15,2165547
14446,2165639,262,2165901
14447,2165926,105,2166031
14448,2166379,13,2166392
14449,2166431,10,2166441
14450,2166646,66,2166712
14451,2166733,94,2166827
14452,2166830,298,2167128
14453,2167136,96,2167232
14454,2167269,5,2167274
14455,2167363,20,2167383
14456,2167474,6,2167480
14457,2167502,55,2167557
14458,2167578,5,2167583
14459,2167827,15,2167842
14460,2168002,48,2168050
14461,2168061,48,2168109
14462,2168156,16,2168172
14463,2168236,67,2168303
14464,2168334,8,2168342
14465,2168438,12,2168450
14466,2168473,37,2168510
14467,2168559,16,2168575
14468,2168634,47,2168681
14469,2168773,126,2168899
14470,2168919,1,2168920
14471,2168997,1,2168998
14472,2169169,1,2169170
14473,2169273,27,2169300
14474,2169343,51,2169394
14475,2169457,73,2169530
14476,2170212,181,2170393
14477,2170801,79,2170880
14478,2170925,46,2170971
14479,2170982,174,2171156
14480,2171346,160,2171506
14481,2171698,33,2171731
14482,2171810,8,2171818
14483,2171866,33,2171899
14484,2171989,32,2172021
14485,2172024,43,2172067
14486,2172357,104,2172461
14487,2172484,23,2172507
14488,2172581,40,2172621
14489,2172677,1,2172678
14490,2172730,14,2172744
14491,2172870,81,2172951
14492,2173227,34,2173261
14493,2173275,2,2173277
14494,2173289,16,2173305
14495,2173420,40,2173460
14496,2173477,108,2173585
14497,2173716,25,2173741
14498,2173902,6,2173908
14499,2173933,14,2173947
14500,2173977,9,2173986
14501,2174193,48,2174241
14502,2174291,45,2174336
14503,2174354,86,2174440
14504,2174547,6,2174553
14505,2174633,97,2174730
14506,2174794,21,2174815
14507,2174819,5,2174824
14508,2175106,65,2175171
14509,2175487,22,2175509
14510,2175524,121,2175645
14511,2175686,70,2175756
14512,2175772,92,2175864
14513,2176043,87,2176130
14514,2176265,30,2176295
14515,2176482,135,2176617
14516,2176986,35,2177021
14517,2177084,29,2177113
14518,2177114,16,2177130
14519,2177203,27,2177230
14520,2177421,49,2177470
14521,2177576,2,2177578
14522,2177583,77,2177660
14523,2177787,28,2177815
14524,2177878,1,2177879
14525,2177898,67,2177965
14526,2177978,58,2178036
14527,2178116,48,2178164
14528,2178357,214,2178571
14529,2178642,194,2178836
14530,2179065,130,2179195
14531,2179217,48,2179265
14532,2179315,22,2179337
14533,2179367,116,2179483
14534,2179560,89,2179649
14535,2179712,167,2179879
14536,2179881,6,2179887
14537,2180267,50,2180317
14538,2180382,31,2180413
14539,2180483,153,2180636
14540,2180676,101,2180777
14541,2180802,46,2180848
14542,2180866,201,2181067
14543,2181074,21,2181095
14544,2181108,12,2181120
14545,2181148,54,2181202
14546,2181208,112,2181320
14547,2181324,52,2181376
14548,2181564,112,2181676
14549,2181706,16,2181722
14550,2181787,110,2181897
14551,2181955,13,2181968
14552,2182008,31,2182039
14553,2182275,83,2182358
14554,2182359,64,2182423
14555,2182586,6,2182592
14556,2182622,89,2182711
14557,2182860,60,2182920
14558,2182941,58,2182999
14559,2183008,10,2183018
14560,2183057,25,2183082
14561,2183239,42,2183281
14562,2183287,14,2183301
14563,2183371,115,2183486
14564,2183580,12,2183592
14565,2183655,80,2183735
14566,2183834,58,2183892
14567,2183959,62,2184021
14568,2184063,61,2184124
14569,2184147,55,2184202
14570,2184354,151,2184505
14571,2184611,31,2184642
14572,2184770,26,2184796
14573,2184919,35,2184954
14574,2184960,29,2184989
14575,2185018,1,2185019
14576,2185072,20,2185092
14577,2185467,8,2185475
14578,2185529,37,2185566
14579,2185668,32,2185700
14580,2185765,9,2185774
14581,2185906,4,2185910
14582,2186017,47,2186064
14583,2186092,90,2186182
14584,2186276,208,2186484
14585,2186672,7,2186679
14586,2186762,109,2186871
14587,2186959,25,2186984
14588,2187039,91,2187130
14589,2187163,31,2187194
14590,2187340,2,2187342
14591,2187443,5,2187448
14592,2187468,6,2187474
14593,2187706,38,2187744
14594,2187762,102,2187864
14595,2187909,8,2187917
14596,2187944,79,2188023
14597,2188034,48,2188082
14598,2188127,7,2188134
14599,2188326,13,2188339
14600,2188516,80,2188596
14601,2189152,19,2189171
14602,2189425,55,2189480
14603,2189481,7,2189488
14604,2189580,100,2189680
14605,2189881,38,2189919
14606,2189944,2,2189946
14607,2189999,12,2190011
14608,2190352,66,2190418
14609,2190468,108,2190576
14610,2190761,74,2190835
14611,2190939,30,2190969
14612,2191057,1,2191058
14613,2191166,24,2191190
14614,2191361,64,2191425
14615,2191509,18,2191527
14616,2191565,174,2191739
14617,2191842,23,2191865
14618,2191891,203,2192094
14619,2192461,92,2192553
14620,2192936,45,2192981
14621,2193002,73,2193075
14622,2193103,7,2193110
14623,2193198,110,2193308
14624,2193394,26,2193420
14625,2193537,122,2193659
14626,2193738,40,2193778
14627,2193808,88,2193896
14628,2193899,54,2193953
14629,2193971,23,2193994
14630,2194426,4,2194430
14631,2194650,8,2194658
14632,2194808,9,2194817
14633,2195164,10,2195174
14634,2195230,3,2195233
14635,2195418,25,2195443
14636,2195496,38,2195534
14637,2195714,50,2195764
14638,2195803,138,2195941
14639,2195978,12,2195990
14640,2196033,3,2196036
14641,2196177,71,2196248
14642,2196376,69,2196445
14643,2196450,13,2196463
14644,2196487,17,2196504
14645,2196646,48,2196694
14646,2196726,10,2196736
14647,2196796,201,2196997
14648,2197063,85,2197148
14649,2197214,5,2197219
14650,2197317,61,2197378
14651,2197389,35,2197424
14652,2197545,89,2197634
14653,2197704,33,2197737
14654,2197791,14,2197805
14655,2197899,24,2197923
14656,2197951,6,2197957
14657,2198021,36,2198057
14658,2198061,54,2198115
14659,2198213,127,2198340
14660,2198353,88,2198441
14661,2198501,2,2198503
14662,2198567,22,2198589
14663,2198790,1,2198791
14664,2198870,60,2198930
14665,2198931,89,2199020
14666,2199052,86,2199138
14667,2199171,35,2199206
14668,2199207,63,2199270
14669,2199279,5,2199284
14670,2199341,56,2199397
14671,2199415,3,2199418
14672,2199596,106,2199702
14673,2199721,167,2199888
14674,2199924,5,2199929
14675,2199931,25,2199956
14676,2200059,4,2200063
14677,2200298,11,2200309
14678,2200335,2,2200337
14679,2200805,80,2200885
14680,2200968,26,2200994
14681,2201001,8,2201009
14682,2201100,7,2201107
14683,2201388,112,2201500
14684,2201506,33,2201539
14685,2201601,40,2201641
14686,2201758,29,2201787
14687,2201913,177,2202090
14688,2202122,2,2202124
14689,2202227,51,2202278
14690,2202513,8,2202521
14691,2202638,207,2202845
14692,2202854,71,2202925
14693,2203083,5,2203088
14694,2203284,49,2203333
14695,2203562,16,2203578
14696,2203842,24,2203866
14697,2204300,27,2204327
14698,2204441,80,2204521
14699,2204661,42,2204703
14700,2204979,73,2205052
14701,2205231,43,2205274
14702,2205384,146,2205530
14703,2205594,10,2205604
14704,2205614,12,2205626
14705,2205640,31,2205671
14706,2205898,52,2205950
14707,2205983,15,2205998
14708,2206008,19,2206027
14709,2206089,206,2206295
14710,2206306,37,2206343
14711,2206345,16,2206361
14712,2206437,23,2206460
14713,2206468,2,2206470
14714,2206537,10,2206547
14715,2206685,26,2206711
14716,2206786,26,2206812
14717,2206936,165,2207101
14718,2207140,35,2207175
14719,2207179,32,2207211
14720,2207398,11,2207409
14721,2207604,7,2207611
14722,2207744,41,2207785
14723,2208028,36,2208064
14724,2208130,83,2208213
14725,2208247,10,2208257
14726,2208471,157,2208628
14727,2208695,4,2208699
14728,2208860,81,2208941
14729,2209085,26,2209111
14730,2209421,38,2209459
14731,2209627,48,2209675
14732,2209873,63,2209936
14733,2210161,2,2210163
14734,2210363,36,2210399
14735,2210472,31,2210503
14736,2210687,34,2210721
14737,2210770,84,2210854
14738,2210905,4,2210909
14739,2210962,8,2210970
14740,2211051,39,2211090
14741,2211094,37,2211131
14742,2211142,38,2211180
14743,2211316,71,2211387
14744,2211436,46,2211482
14745,2211580,45,2211625
14746,2211639,87,2211726
14747,2212256,92,2212348
14748,2212395,4,2212399
14749,2212451,56,2212507
14750,2212533,99,2212632
14751,2212799,21,2212820
14752,2212993,39,2213032
14753,2213034,11,2213045
14754,2213117,77,2213194
14755,2213350,24,2213374
14756,2213887,4,2213891
14757,2213910,3,2213913
14758,2213927,31,2213958
14759,2214023,111,2214134
14760,2214151,39,2214190
14761,2214200,10,2214210
14762,2214266,49,2214315
14763,2214519,175,2214694
14764,2214724,18,2214742
14765,2214862,84,2214946
14766,2214950,66,2215016
14767,2215111,59,2215170
14768,2215187,52,2215239
14769,2215268,40,2215308
14770,2215347,71,2215418
14771,2215420,267,2215687
14772,2215710,48,2215758
14773,2215830,22,2215852
14774,2216028,162,2216190
14775,2216249,55,2216304
14776,2216316,27,2216343
14777,2216345,4,2216349
14778,2216350,1,2216351
14779,2216441,81,2216522
14780,2216801,101,2216902
14781,2216917,46,2216963
14782,2217061,9,2217070
14783,2217087,17,2217104
14784,2217207,142,2217349
14785,2217395,17,2217412
14786,2217611,125,2217736
14787,2217824,12,2217836
14788,2217840,87,2217927
14789,2217985,108,2218093
14790,2218195,22,2218217
14791,2218255,4,2218259
14792,2218303,42,2218345
14793,2218481,85,2218566
14794,2218940,10,2218950
14795,2218964,24,2218988
14796,2219210,44,2219254
14797,2219302,31,2219333
14798,2219696,39,2219735
14799,2219751,114,2219865
14800,2219959,80,2220039
14801,2220088,98,2220186
14802,2220256,18,2220274
14803,2220757,39,2220796
14804,2220837,77,2220914
14805,2221089,48,2221137
14806,2221335,45,2221380
14807,2221387,24,2221411
14808,2221437,24,2221461
14809,2221526,11,2221537
14810,2221560,74,2221634
14811,2221937,40,2221977
14812,2222043,43,2222086
14813,2222154,221,2222375
14814,2222413,68,2222481
14815,2222785,177,2222962
14816,2223021,42,2223063
14817,2223097,1,2223098
14818,2223400,16,2223416
14819,2223668,25,2223693
14820,2223873,57,2223930
14821,2224034,38,2224072
14822,2224138,109,2224247
14823,2224421,1,2224422
14824,2224471,37,2224508
14825,2224513,82,2224595
14826,2224765,95,2224860
14827,2224968,54,2225022
14828,2225026,37,2225063
14829,2225101,9,2225110
14830,2225165,74,2225239
14831,2225298,87,2225385
14832,2225516,119,2225635
14833,2225674,17,2225691
14834,2225871,21,2225892
14835,2226263,25,2226288
14836,2226374,6,2226380
14837,2226492,82,2226574
14838,2226583,146,2226729
14839,2226731,4,2226735
14840,2226747,6,2226753
14841,2226874,4,2226878
14842,2226964,57,2227021
14843,2227044,4,2227048
14844,2227087,14,2227101
14845,2227950,32,2227982
14846,2228190,41,2228231
14847,2228283,43,2228326
14848,2228477,21,2228498
14849,2228520,15,2228535
14850,2228543,11,2228554
14851,2228621,23,2228644
14852,2228673,92,2228765
14853,2229053,21,2229074
14854,2229154,12,2229166
14855,2229187,1,2229188
14856,2229217,82,2229299
14857,2229405,27,2229432
14858,2229464,55,2229519
14859,2229619,11,2229630
14860,2229906,6,2229912
14861,2230069,23,2230092
14862,2230141,64,2230205
14863,2230494,82,2230576
14864,2230625,35,2230660
14865,2231033,40,2231073
14866,2231177,54,2231231
14867,2231245,33,2231278
14868,2231283,36,2231319
14869,2231386,56,2231442
14870,2231575,25,2231600
14871,2231764,24,2231788
14872,2231821,143,2231964
14873,2232004,12,2232016
14874,2232038,127,2232165
14875,2232187,10,2232197
14876,2232327,47,2232374
14877,2232455,40,2232495
14878,2232618,56,2232674
14879,2232811,91,2232902
14880,2232963,24,2232987
14881,2233229,129,2233358
14882,2233513,151,2233664
14883,2233796,129,2233925
14884,2234042,10,2234052
14885,2234154,122,2234276
14886,2234470,103,2234573
14887,2234631,47,2234678
14888,2234702,7,2234709
14889,2234726,3,2234729
14890,2234736,24,2234760
14891,2234961,10,2234971
14892,2234999,57,2235056
14893,2235082,8,2235090
14894,2235257,18,2235275
14895,2235484,100,2235584
14896,2235698,7,2235705
14897,2235809,18,2235827
14898,2235959,44,2236003
14899,2236091,67,2236158
14900,2236216,129,2236345
14901,2236711,184,2236895
14902,2237262,54,2237316
14903,2237550,15,2237565
14904,2237576,107,2237683
14905,2237703,26,2237729
14906,2237939,36,2237975
14907,2238001,217,2238218
14908,2238279,1,2238280
14909,2238367,222,2238589
14910,2238601,9,2238610
14911,2238665,12,2238677
14912,2238779,43,2238822
14913,2238844,17,2238861
14914,2238907,4,2238911
14915,2238944,58,2239002
14916,2239335,68,2239403
14917,2239453,61,2239514
14918,2239644,95,2239739
14919,2239912,11,2239923
14920,2240093,102,2240195
14921,2240335,102,2240437
14922,2240628,67,2240695
14923,2240763,172,2240935
14924,2240939,161,2241100
14925,2241176,56,2241232
14926,2241283,22,2241305
14927,2241372,15,2241387
14928,2241607,113,2241720
14929,2241822,15,2241837
14930,2241985,32,2242017
14931,2242242,20,2242262
14932,2242674,17,2242691
14933,2242778,10,2242788
14934,2242854,50,2242904
14935,2242938,14,2242952
14936,2242956,80,2243036
14937,2243049,41,2243090
14938,2243293,15,2243308
14939,2243318,19,2243337
14940,2243627,27,2243654
14941,2243673,218,2243891
14942,2243953,13,2243966
14943,2243976,39,2244015
14944,2244084,32,2244116
14945,2244138,58,2244196
14946,2244212,15,2244227
14947,2244348,151,2244499
14948,2244570,24,2244594
14949,2244766,21,2244787
14950,2244861,21,2244882
14951,2244909,29,2244938
14952,2245313,48,2245361
14953,2245499,100,2245599
14954,2245702,4,2245706
14955,2245707,13,2245720
14956,2245817,12,2245829
14957,2245902,36,2245938
14958,2246008,33,2246041
14959,2246068,61,2246129
14960,2246165,61,2246226
14961,2246472,18,2246490
14962,2246553,80,2246633
14963,2246673,124,2246797
14964,2247135,5,2247140
14965,2247144,18,2247162
14966,2247262,92,2247354
14967,2247455,8,2247463
14968,2247569,27,2247596
14969,2247611,15,2247626
14970,2247755,233,2247988
14971,2248145,14,2248159
14972,2248193,85,2248278
14973,2248378,38,2248416
14974,2248432,48,2248480
14975,2248702,19,2248721
14976,2248727,10,2248737
14977,2248823,3,2248826
14978,2248839,72,2248911
14979,2248939,45,2248984
14980,2249166,17,2249183
14981,2249321,3,2249324
14982,2249342,7,2249349
14983,2249567,31,2249598
14984,2249716,63,2249779
14985,2249787,77,2249864
14986,2250174,26,2250200
14987,2250284,14,2250298
14988,2250412,12,2250424
14989,2250913,21,2250934
14990,2250946,226,2251172
14991,2251273,7,2251280
14992,2251437,20,2251457
14993,2251520,4,2251524
14994,2251583,104,2251687
14995,2251719,75,2251794
14996,2251801,15,2251816
14997,2251863,72,2251935
14998,2252101,91,2252192
14999,2252243,42,2252285
15000,2252348,112,2252460
15001,2252552,37,2252589
15002,2252638,36,2252674
15003,2252922,119,2253041
15004,2253147,14,2253161
15005,2253296,52,2253348
15006,2253385,49,2253434
15007,2253581,39,2253620
15008,2253692,84,2253776
15009,2253955,3,2253958
15010,2253965,32,2253997
15011,2254288,99,2254387
15012,2254480,85,2254565
15013,2254856,13,2254869
15014,2255036,34,2255070
15015,2255073,49,2255122
15016,2255145,15,2255160
15017,2255179,3,2255182
15018,2255512,42,2255554
15019,2255585,34,2255619
15020,2255636,20,2255656
15021,2255734,9,2255743
15022,2255889,61,2255950
15023,2256021,28,2256049
15024,2256256,44,2256300
15025,2256342,154,2256496
15026,2256742,11,2256753
15027,2256864,45,2256909
15028,2257299,37,2257336
15029,2257417,9,2257426
15030,2257563,61,2257624
15031,2257651,12,2257663
15032,2257710,2,2257712
15033,2257739,57,2257796
15034,2257801,26,2257827
15035,2257842,64,2257906
15036,2257942,14,2257956
15037,2258130,29,2258159
15038,2258328,9,2258337
15039,2258427,133,2258560
15040,2258821,25,2258846
15041,2258865,25,2258890
15042,2258917,26,2258943
15043,2259014,4,2259018
15044,2259054,22,2259076
15045,2259163,101,2259264
15046,2259449,33,2259482
15047,2259495,9,2259504
15048,2259547,179,2259726
15049,2259991,165,2260156
15050,2260158,9,2260167
15051,2260184,95,2260279
15052,2260607,7,2260614
15053,2260639,153,2260792
15054,2260832,10,2260842
15055,2260915,94,2261009
15056,2261067,73,2261140
15057,2261198,21,2261219
15058,2261259,32,2261291
15059,2261294,8,2261302
15060,2261594,72,2261666
15061,2261744,127,2261871
15062,2261981,61,2262042
15063,2262084,69,2262153
15064,2262366,19,2262385
15065,2262422,35,2262457
15066,2262772,126,2262898
15067,2262938,48,2262986
15068,2263191,110,2263301
15069,2263361,39,2263400
15070,2263466,15,2263481
15071,2263520,17,2263537
15072,2263665,6,2263671
15073,2263778,13,2263791
15074,2263796,74,2263870
15075,2263916,1,2263917
15076,2263960,21,2263981
15077,2264051,59,2264110
15078,2264212,4,2264216
15079,2264227,33,2264260
15080,2264414,5,2264419
15081,2264722,33,2264755
15082,2264857,13,2264870
15083,2264882,35,2264917
15084,2265382,21,2265403
15085,2265550,5,2265555
15086,2265593,107,2265700
15087,2265718,23,2265741
15088,2266193,40,2266233
15089,2266286,180,2266466
15090,2266487,17,2266504
15091,2266534,150,2266684
15092,2266724,119,2266843
15093,2266893,73,2266966
15094,2267054,52,2267106
15095,2267142,88,2267230
15096,2267350,87,2267437
15097,2267462,85,2267547
15098,2267743,39,2267782
15099,2267833,91,2267924
15100,2268441,27,2268468
15101,2268560,52,2268612
15102,2268618,8,2268626
15103,2268878,41,2268919
15104,2268930,7,2268937
15105,2269016,54,2269070
15106,2269079,17,2269096
15107,2269175,8,2269183
15108,2269248,45,2269293
15109,2269336,89,2269425
15110,2269511,73,2269584
15111,2269694,26,2269720
15112,2269827,94,2269921
15113,2270028,57,2270085
15114,2270103,56,2270159
15115,2270174,50,2270224
15116,2270244,15,2270259
15117,2270292,3,2270295
15118,2270296,40,2270336
15119,2270337,37,2270374
15120,2270862,58,2270920
15121,2270974,27,2271001
15122,2271046,123,2271169
15123,2271418,12,2271430
15124,2271441,59,2271500
15125,2271523,8,2271531
15126,2271538,16,2271554
15127,2271722,2,2271724
15128,2271821,28,2271849
15129,2271888,59,2271947
15130,2272011,156,2272167
15131,2272169,11,2272180
15132,2272222,53,2272275
15133,2272303,135,2272438
15134,2272807,139,2272946
15135,2273207,330,2273537
15136,2273591,8,2273599
15137,2273700,20,2273720
15138,2273763,15,2273778
15139,2273800,73,2273873
15140,2273998,18,2274016
15141,2274147,56,2274203
15142,2274209,170,2274379
15143,2274494,1,2274495
15144,2274699,7,2274706
15145,2274756,33,2274789
15146,2274836,1,2274837
15147,2274958,105,2275063
15148,2275149,34,2275183
15149,2275249,116,2275365
15150,2275424,81,2275505
15151,2275567,130,2275697
15152,2275742,113,2275855
15153,2276005,19,2276024
15154,2276333,14,2276347
15155,2276647,116,2276763
15156,2276814,122,2276936
15157,2277080,66,2277146
15158,2277147,15,2277162
15159,2277186,62,2277248
15160,2277255,37,2277292
15161,2277309,2,2277311
15162,2277316,12,2277328
15163,2277436,176,2277612
15164,2277656,6,2277662
15165,2277671,29,2277700
15166,2277752,29,2277781
15167,2277983,13,2277996
15168,2278344,1,2278345
15169,2278450,28,2278478
15170,2278620,110,2278730
15171,2278789,12,2278801
15172,2278954,114,2279068
15173,2279113,40,2279153
15174,2279167,118,2279285
15175,2279490,62,2279552
15176,2279656,41,2279697
15177,2279794,142,2279936
15178,2280290,48,2280338
15179,2280454,25,2280479
15180,2280623,53,2280676
15181,2280721,12,2280733
15182,2280840,34,2280874
15183,2281096,80,2281176
15184,2281214,32,2281246
15185,2281255,20,2281275
15186,2281291,60,2281351
15187,2281420,4,2281424
15188,2281470,15,2281485
15189,2281603,72,2281675
15190,2281720,143,2281863
15191,2282253,49,2282302
15192,2282356,82,2282438
15193,2282454,10,2282464
15194,2282609,12,2282621
15195,2282813,35,2282848
15196,2282929,46,2282975
15197,2282977,54,2283031
15198,2283155,11,2283166
15199,2283204,106,2283310
15200,2283312,2,2283314
15201,2283374,37,2283411
15202,2283466,45,2283511
15203,2283555,64,2283619
15204,2283638,186,2283824
15205,2283833,4,2283837
15206,2283882,5,2283887
15207,2283920,49,2283969
15208,2284024,21,2284045
15209,2284054,25,2284079
15210,2284195,21,2284216
15211,2284271,115,2284386
15212,2284520,9,2284529
15213,2284558,12,2284570
15214,2284780,12,2284792
15215,2284991,1,2284992
15216,2285037,11,2285048
15217,2285158,44,2285202
15218,2285318,14,2285332
15219,2285400,70,2285470
15220,2285516,14,2285530
15221,2285599,31,2285630
15222,2285678,1,2285679
15223,2285697,56,2285753
15224,2285834,45,2285879
15225,2286019,1,2286020
15226,2286035,24,2286059
15227,2286162,11,2286173
15228,2286228,10,2286238
15229,2286342,83,2286425
15230,2286463,532,2286995
15231,2287054,48,2287102
15232,2287106,3,2287109
15233,2287134,17,2287151
15234,2287243,41,2287284
15235,2287344,18,2287362
15236,2287478,4,2287482
15237,2287579,11,2287590
15238,2287649,77,2287726
15239,2287752,62,2287814
15240,2287934,29,2287963
15241,2288044,33,2288077
15242,2288193,8,2288201
15243,2288541,42,2288583
15244,2289011,103,2289114
15245,2289735,45,2289780
15246,2289921,90,2290011
15247,2290017,68,2290085
15248,2290415,23,2290438
15249,2290457,76,2290533
15250,2290542,94,2290636
15251,2290743,21,2290764
15252,2291108,25,2291133
15253,2291249,23,2291272
15254,2291338,19,2291357
15255,2291390,44,2291434
15256,2291559,176,2291735
15257,2291944,27,2291971
15258,2292103,48,2292151
15259,2292264,35,2292299
15260,2292301,59,2292360
15261,2292540,122,2292662
15262,2292724,38,2292762
15263,2292857,3,2292860
15264,2293145,62,2293207
15265,2293229,519,2293748
15266,2293814,80,2293894
15267,2293982,8,2293990
15268,2294014,34,2294048
15269,2294125,142,2294267
15270,2294280,5,2294285
15271,2294386,115,2294501
15272,2294623,209,2294832
15273,2294993,37,2295030
15274,2295078,163,2295241
15275,2295395,10,2295405
15276,2295435,7,2295442
15277,2295539,1,2295540
15278,2295656,66,2295722
15279,2295864,110,2295974
15280,2296055,63,2296118
15281,2296536,157,2296693
15282,2296810,66,2296876
15283,2297027,5,2297032
15284,2297121,159,2297280
15285,2297379,100,2297479
15286,2297541,46,2297587
15287,2297606,8,2297614
15288,2297707,88,2297795
15289,2297976,25,2298001
15290,2298055,39,2298094
15291,2298164,76,2298240
15292,2298302,43,2298345
15293,2298455,92,2298547
15294,2298775,140,2298915
15295,2299125,94,2299219
15296,2299378,4,2299382
15297,2299402,21,2299423
15298,2299473,243,2299716
15299,2299743,5,2299748
15300,2299795,86,2299881
15301,2300157,15,2300172
15302,2300363,3,2300366
15303,2300408,172,2300580
15304,2300608,6,2300614
15305,2300825,74,2300899
15306,2301182,30,2301212
15307,2301302,8,2301310
15308,2301428,79,2301507
15309,2301562,27,2301589
15310,2301631,72,2301703
15311,2301720,2,2301722
15312,2301782,42,2301824
15313,2301880,58,2301938
15314,2301950,88,2302038
15315,2302067,3,2302070
15316,2302135,18,2302153
15317,2302202,87,2302289
15318,2302513,45,2302558
15319,2302611,2,2302613
15320,2302614,128,2302742
15321,2302801,4,2302805
15322,2302949,7,2302956
15323,2303152,5,2303157
15324,2303222,11,2303233
15325,2303239,11,2303250
15326,2303265,9,2303274
15327,2303361,20,2303381
15328,2303390,29,2303419
15329,2303474,8,2303482
15330,2303601,48,2303649
15331,2303733,5,2303738
15332,2303780,8,2303788
15333,2303819,78,2303897
15334,2303914,79,2303993
15335,2304131,54,2304185
15336,2304393,39,2304432
15337,2304503,9,2304512
15338,2304548,27,2304575
15339,2304591,36,2304627
15340,2304646,46,2304692
15341,2304935,129,2305064
15342,2305126,69,2305195
15343,2305254,28,2305282
15344,2305300,35,2305335
15345,2305356,26,2305382
15346,2305472,64,2305536
15347,2305622,13,2305635
15348,2305640,21,2305661
15349,2305729,10,2305739
15350,2305752,5,2305757
15351,2305970,16,2305986
15352,2306171,8,2306179
15353,2306267,30,2306297
15354,2306366,55,2306421
15355,2306469,49,2306518
15356,2306565,141,2306706
15357,2306889,35,2306924
15358,2307374,70,2307444
15359,2307533,184,2307717
15360,2308122,18,2308140
15361,2308214,10,2308224
15362,2308275,87,2308362
15363,2308418,105,2308523
15364,2308603,3,2308606
15365,2308616,9,2308625
15366,2308873,134,2309007
15367,2309055,79,2309134
15368,2309282,7,2309289
15369,2309469,329,2309798
15370,2310077,67,2310144
15371,2310172,10,2310182
15372,2310193,60,2310253
15373,2310377,10,2310387
15374,2310471,108,2310579
15375,2310626,7,2310633
15376,2310649,33,2310682
15377,2310723,23,2310746
15378,2310755,40,2310795
15379,2310948,120,2311068
15380,2311211,56,2311267
15381,2311327,99,2311426
15382,2312088,1,2312089
15383,2312180,39,2312219
15384,2312239,2,2312241
15385,2312255,3,2312258
15386,2312457,83,2312540
15387,2312582,49,2312631
15388,2312650,20,2312670
15389,2312682,57,2312739
15390,2312745,360,2313105
15391,2313193,21,2313214
15392,2313286,47,2313333
15393,2313515,60,2313575
15394,2313660,3,2313663
15395,2313708,120,2313828
15396,2313872,192,2314064
15397,2314336,11,2314347
15398,2314353,48,2314401
15399,2314414,24,2314438
15400,2314484,32,2314516
15401,2314559,7,2314566
15402,2314694,181,2314875
15403,2314899,106,2315005
15404,2315248,25,2315273
15405,2315288,48,2315336
15406,2315454,74,2315528
15407,2315546,13,2315559
15408,2315598,57,2315655
15409,2315684,25,2315709
15410,2315774,27,2315801
15411,2315824,11,2315835
15412,2315869,4,2315873
15413,2316189,60,2316249
15414,2316258,32,2316290
15415,2316803,184,2316987
15416,2316993,10,2317003
15417,2317177,29,2317206
15418,2317271,5,2317276
15419,2317482,77,2317559
15420,2317656,9,2317665
15421,2317767,20,2317787
15422,2318077,19,2318096
15423,2318192,19,2318211
15424,2318514,68,2318582
15425,2318619,189,2318808
15426,2318841,39,2318880
15427,2318885,167,2319052
15428,2319055,142,2319197
15429,2319236,70,2319306
15430,2319503,20,2319523
15431,2319524,2,2319526
15432,2319696,23,2319719
15433,2319760,22,2319782
15434,2319927,88,2320015
15435,2320144,22,2320166
15436,2320194,123,2320317
15437,2320419,19,2320438
15438,2320528,139,2320667
15439,2320682,14,2320696
15440,2320873,34,2320907
15441,2321030,16,2321046
15442,2321049,14,2321063
15443,2321113,54,2321167
15444,2321213,4,2321217
15445,2321348,48,2321396
15446,2321432,2,2321434
15447,2321529,5,2321534
15448,2321637,20,2321657
15449,2321907,1,2321908
15450,2322095,38,2322133
15451,2322140,1,2322141
15452,2322234,47,2322281
15453,2322507,136,2322643
15454,2322728,9,2322737
15455,2322753,57,2322810
15456,2322899,89,2322988
15457,2323039,7,2323046
15458,2323126,35,2323161
15459,2323184,76,2323260
15460,2323302,183,2323485
15461,2323542,23,2323565
15462,2323668,106,2323774
15463,2323821,17,2323838
15464,2323943,41,2323984
15465,2323993,24,2324017
15466,2324044,37,2324081
15467,2324167,90,2324257
15468,2324341,43,2324384
15469,2324389,47,2324436
15470,2324444,6,2324450
15471,2324586,34,2324620
15472,2324883,5,2324888
15473,2325115,4,2325119
15474,2325158,19,2325177
15475,2325367,19,2325386
15476,2325457,10,2325467
15477,2325503,35,2325538
15478,2325664,122,2325786
15479,2325817,70,2325887
15480,2326083,31,2326114
15481,2326216,10,2326226
15482,2326289,67,2326356
15483,2326482,10,2326492
15484,2326514,13,2326527
15485,2326678,39,2326717
15486,2326723,27,2326750
15487,2326759,36,2326795
15488,2326831,2,2326833
15489,2326968,24,2326992
15490,2327068,4,2327072
15491,2327244,53,2327297
15492,2327729,59,2327788
15493,2327850,14,2327864
15494,2327900,46,2327946
15495,2328001,7,2328008
15496,2328125,85,2328210
15497,2328225,5,2328230
15498,2328359,12,2328371
15499,2328479,27,2328506
15500,2328669,12,2328681
15501,2328740,42,2328782
15502,2328960,45,2329005
15503,2329145,43,2329188
15504,2329484,29,2329513
15505,2329527,33,2329560
15506,2329641,241,2329882
15507,2329893,24,2329917
15508,2330098,4,2330102
15509,2330163,2,2330165
15510,2330256,12,2330268
15511,2330333,176,2330509
15512,2330537,41,2330578
15513,2330595,28,2330623
15514,2330649,59,2330708
15515,2330741,26,2330767
15516,2330990,3,2330993
15517,2331049,125,2331174
15518,2331338,84,2331422
15519,2331635,36,2331671
15520,2331760,18,2331778
15521,2331869,110,2331979
15522,2332024,5,2332029
15523,2332279,84,2332363
15524,2332424,28,2332452
15525,2332500,24,2332524
15526,2332592,27,2332619
15527,2332719,119,2332838
15528,2332911,135,2333046
15529,2333280,182,2333462
15530,2333513,3,2333516
15531,2333613,2,2333615
15532,2333762,82,2333844
15533,2333856,4,2333860
15534,2333982,27,2334009
15535,2334285,113,2334398
15536,2334485,17,2334502
15537,2334613,22,2334635
15538,2334810,36,2334846
15539,2334855,54,2334909
15540,2335069,3,2335072
15541,2335165,181,2335346
15542,2335619,3,2335622
15543,2335648,23,2335671
15544,2335795,3,2335798
15545,2335813,174,2335987
15546,2336112,108,2336220
15547,2336246,46,2336292
15548,2336385,137,2336522
15549,2336715,35,2336750
15550,2336874,155,2337029
15551,2337202,20,2337222
15552,2337366,7,2337373
15553,2337378,63,2337441
15554,2337446,56,2337502
15555,2337646,38,2337684
15556,2337688,37,2337725
15557,2337733,91,2337824
15558,2337886,1,2337887
15559,2337919,5,2337924
15560,2338121,58,2338179
15561,2338197,28,2338225
15562,2338317,131,2338448
15563,2338801,7,2338808
15564,2338944,32,2338976
15565,2338981,54,2339035
15566,2339091,8,2339099
15567,2339379,27,2339406
15568,2339443,23,2339466
15569,2339470,49,2339519
15570,2339750,128,2339878
15571,2340295,4,2340299
15572,2340336,52,2340388
15573,2340479,92,2340571
15574,2340764,35,2340799
15575,2340828,58,2340886
15576,2340898,33,2340931
15577,2341156,27,2341183
15578,2341282,7,2341289
15579,2341326,44,2341370
15580,2341410,35,2341445
15581,2341541,8,2341549
15582,2341551,1,2341552
15583,2341563,34,2341597
15584,2341848,55,2341903
15585,2341917,107,2342024
15586,2342028,75,2342103
15587,2342249,30,2342279
15588,2342282,57,2342339
15589,2342342,56,2342398
15590,2342411,3,2342414
15591,2342588,92,2342680
15592,2342884,70,2342954
15593,2342965,42,2343007
15594,2343088,18,2343106
15595,2343122,13,2343135
15596,2343210,66,2343276
15597,2343278,42,2343320
15598,2343334,40,2343374
15599,2343496,132,2343628
15600,2343743,6,2343749
15601,2343796,55,2343851
15602,2343900,103,2344003
15603,2344171,32,2344203
15604,2344401,121,2344522
15605,2344586,13,2344599
15606,2344864,75,2344939
15607,2345071,55,2345126
15608,2345201,117,2345318
15609,2345365,72,2345437
15610,2345495,20,2345515
15611,2345665,190,2345855
15612,2345888,14,2345902
15613,2345929,86,2346015
15614,2346052,152,2346204
15615,2346351,25,2346376
15616,2346541,25,2346566
15617,2346573,82,2346655
15618,2346659,293,2346952
15619,2347025,6,2347031
15620,2347124,17,2347141
15621,2347145,82,2347227
15622,2347353,102,2347455
15623,2347625,20,2347645
15624,2347711,46,2347757
15625,2347903,23,2347926
15626,2347957,12,2347969
15627,2347998,13,2348011
15628,2348074,55,2348129
15629,2348269,16,2348285
15630,2348355,45,2348400
15631,2348401,54,2348455
15632,2348763,40,2348803
15633,2348888,2,2348890
15634,2348892,23,2348915
15635,2348953,27,2348980
15636,2349011,99,2349110
15637,2349144,3,2349147
15638,2349209,10,2349219
15639,2349266,29,2349295
15640,2349473,72,2349545
15641,2349753,39,2349792
15642,2349933,87,2350020
15643,2350051,34,2350085
15644,2350115,46,2350161
15645,2350277,8,2350285
15646,2350329,84,2350413
15647,2350438,17,2350455
15648,2350483,126,2350609
15649,2350770,39,2350809
15650,2350835,10,2350845
15651,2350932,145,2351077
15652,2351211,37,2351248
15653,2351249,14,2351263
15654,2351268,51,2351319
15655,2351653,114,2351767
15656,2351968,87,2352055
15657,2352063,1,2352064
15658,2352189,63,2352252
15659,2352259,12,2352271
15660,2352704,134,2352838
15661,2352878,39,2352917
15662,2353131,25,2353156
15663,2353385,9,2353394
15664,2353602,39,2353641
15665,2353863,17,2353880
15666,2354046,61,2354107
15667,2354194,1,2354195
15668,2354316,43,2354359
15669,2354412,46,2354458
15670,2354572,28,2354600
15671,2354612,281,2354893
15672,2355051,328,2355379
15673,2355384,36,2355420
15674,2355601,79,2355680
15675,2355848,110,2355958
15676,2356181,4,2356185
15677,2356202,16,2356218
15678,2356323,1,2356324
15679,2356465,104,2356569
15680,2356634,5,2356639
15681,2356718,41,2356759
15682,2357116,24,2357140
15683,2357377,137,2357514
15684,2357600,77,2357677
15685,2357707,129,2357836
15686,2358140,64,2358204
15687,2358242,20,2358262
15688,2358431,26,2358457
15689,2358466,20,2358486
15690,2358493,82,2358575
15691,2358595,102,2358697
15692,2358762,22,2358784
15693,2358846,9,2358855
15694,2358927,4,2358931
15695,2359027,4,2359031
15696,2359061,94,2359155
15697,2359187,15,2359202
15698,2359286,4,2359290
15699,2359467,39,2359506
15700,2359525,31,2359556
15701,2359666,31,2359697
15702,2359710,33,2359743
15703,2359773,47,2359820
15704,2359983,141,2360124
15705,2360231,58,2360289
15706,2360384,26,2360410
15707,2360473,7,2360480
15708,2360519,42,2360561
15709,2360577,119,2360696
15710,2360734,14,2360748
15711,2360799,4,2360803
15712,2360940,14,2360954
15713,2360995,23,2361018
15714,2361039,39,2361078
15715,2361087,41,2361128
15716,2361304,14,2361318
15717,2361440,100,2361540
15718,2361874,99,2361973
15719,2362365,15,2362380
15720,2362449,21,2362470
15721,2362660,17,2362677
15722,2362696,34,2362730
15723,2362834,78,2362912
15724,2362919,43,2362962
15725,2362964,16,2362980
15726,2362990,70,2363060
15727,2363305,49,2363354
15728,2363368,6,2363374
15729,2363542,23,2363565
15730,2363567,1,2363568
15731,2363675,4,2363679
15732,2363688,33,2363721
15733,2363730,274,2364004
15734,2364006,1,2364007
15735,2364194,5,2364199
15736,2364288,20,2364308
15737,2364330,4,2364334
15738,2364351,77,2364428
15739,2364434,13,2364447
15740,2364455,74,2364529
15741,2364695,92,2364787
15742,2364871,66,2364937
15743,2364951,12,2364963
15744,2365211,87,2365298
15745,2365485,104,2365589
15746,2365599,123,2365722
15747,2365761,31,2365792
15748,2365852,16,2365868
15749,2365953,6,2365959
15750,2366019,21,2366040
15751,2366225,197,2366422
15752,2366467,50,2366517
15753,2366602,25,2366627
15754,2366712,58,2366770
15755,2367470,22,2367492
15756,2367599,26,2367625
15757,2367732,32,2367764
15758,2367844,17,2367861
15759,2367927,4,2367931
15760,2367977,22,2367999
15761,2368078,60,2368138
15762,2368512,40,2368552
15763,2368759,12,2368771
15764,2368789,49,2368838
15765,2369007,59,2369066
15766,2369104,75,2369179
15767,2369204,19,2369223
15768,2369315,29,2369344
15769,2369386,41,2369427
15770,2369446,53,2369499
15771,2369584,52,2369636
15772,2369670,111,2369781
15773,2369981,84,2370065
15774,2370278,20,2370298
15775,2370405,12,2370417
15776,2370674,16,2370690
15777,2370882,28,2370910
15778,2371127,19,2371146
15779,2371155,23,2371178
15780,2371261,19,2371280
15781,2371328,10,2371338
15782,2371408,26,2371434
15783,2371617,11,2371628
15784,2371723,142,2371865
15785,2371889,83,2371972
15786,2371996,66,2372062
15787,2372131,117,2372248
15788,2372352,269,2372621
15789,2372833,24,2372857
15790,2372864,98,2372962
15791,2373471,46,2373517
15792,2373732,23,2373755
15793,2373854,23,2373877
15794,2373902,97,2373999
15795,2374156,79,2374235
15796,2374275,106,2374381
15797,2374623,41,2374664
15798,2374819,38,2374857
15799,2374956,6,2374962
15800,2375017,16,2375033
15801,2375042,8,2375050
15802,2375099,28,2375127
15803,2375153,23,2375176
15804,2375321,153,2375474
15805,2375543,54,2375597
15806,2375605,112,2375717
15807,2375742,35,2375777
15808,2375828,31,2375859
15809,2375864,7,2375871
15810,2376058,6,2376064
15811,2376126,20,2376146
15812,2376215,7,2376222
15813,2376224,27,2376251
15814,2376284,7,2376291
15815,2376356,72,2376428
15816,2376467,56,2376523
15817,2376527,4,2376531
15818,2376779,41,2376820
15819,2376882,58,2376940
15820,2377017,33,2377050
15821,2377189,27,2377216
15822,2377344,123,2377467
15823,2377896,21,2377917
15824,2378013,114,2378127
15825,2378160,26,2378186
15826,2378254,19,2378273
15827,2378394,7,2378401
15828,2378481,86,2378567
15829,2378889,36,2378925
15830,2379030,4,2379034
15831,2379082,28,2379110
15832,2379198,68,2379266
15833,2379355,109,2379464
15834,2379674,43,2379717
15835,2379832,9,2379841
15836,2379849,94,2379943
15837,2380082,26,2380108
15838,2380156,26,2380182
15839,2380203,22,2380225
15840,2380230,24,2380254
15841,2380462,62,2380524
15842,2380597,32,2380629
15843,2380669,62,2380731
15844,2380844,4,2380848
15845,2380978,34,2381012
15846,2381017,52,2381069
15847,2381397,176,2381573
15848,2381660,14,2381674
15849,2381721,23,2381744
15850,2381848,95,2381943
15851,2382125,3,2382128
15852,2382162,24,2382186
15853,2382294,142,2382436
15854,2382528,38,2382566
15855,2382750,6,2382756
15856,2383134,37,2383171
15857,2383254,129,2383383
15858,2383422,44,2383466
15859,2383507,26,2383533
15860,2383603,28,2383631
15861,2383748,36,2383784
15862,2383793,68,2383861
15863,2383978,9,2383987
15864,2384072,202,2384274
15865,2384293,27,2384320
15866,2384357,91,2384448
15867,2384486,69,2384555
15868,2384668,1,2384669
15869,2384775,7,2384782
15870,2384783,1,2384784
15871,2384846,90,2384936
15872,2385104,100,2385204
15873,2385245,86,2385331
15874,2385384,30,2385414
15875,2385453,34,2385487
15876,2385522,60,2385582
15877,2385633,53,2385686
15878,2385722,24,2385746
15879,2385783,4,2385787
15880,2386141,5,2386146
15881,2386182,114,2386296
15882,2386356,44,2386400
15883,2386516,11,2386527
15884,2386918,46,2386964
15885,2387126,33,2387159
15886,2387330,2,2387332
15887,2387437,54,2387491
15888,2387532,79,2387611
15889,2387645,93,2387738
15890,2387762,18,2387780
15891,2387853,120,2387973
15892,2387983,30,2388013
15893,2388076,79,2388155
15894,2388535,2,2388537
15895,2388644,99,2388743
15896,2388791,19,2388810
15897,2388814,19,2388833
15898,2388923,9,2388932
15899,2388944,8,2388952
15900,2389217,27,2389244
15901,2389467,7,2389474
15902,2389857,95,2389952
15903,2390115,5,2390120
15904,2390300,17,2390317
15905,2390403,3,2390406
15906,2390469,22,2390491
15907,2390546,38,2390584
15908,2390765,171,2390936
15909,2391061,72,2391133
15910,2391270,93,2391363
15911,2391654,41,2391695
15912,2391824,7,2391831
15913,2391941,23,2391964
15914,2392239,65,2392304
15915,2392345,8,2392353
15916,2392362,6,2392368
15917,2392375,6,2392381
15918,2392485,88,2392573
15919,2392603,1,2392604
15920,2392659,73,2392732
15921,2392763,24,2392787
15922,2393015,17,2393032
15923,2393221,81,2393302
15924,2393341,27,2393368
15925,2393454,46,2393500
15926,2393596,18,2393614
15927,2393771,7,2393778
15928,2393892,6,2393898
15929,2393912,59,2393971
15930,2394014,15,2394029
15931,2394046,14,2394060
15932,2394148,79,2394227
15933,2394370,87,2394457
15934,2394494,11,2394505
15935,2394680,142,2394822
15936,2395014,22,2395036
15937,2395188,8,2395196
15938,2395557,8,2395565
15939,2395566,102,2395668
15940,2395714,22,2395736
15941,2395751,15,2395766
15942,2395824,112,2395936
15943,2395997,6,2396003
15944,2396097,73,2396170
15945,2396335,2,2396337
15946,2396475,76,2396551
15947,2396631,87,2396718
15948,2396901,27,2396928
15949,2397053,8,2397061
15950,2397174,39,2397213
15951,2397287,52,2397339
15952,2397356,132,2397488
15953,2397532,6,2397538
15954,2397596,35,2397631
15955,2397720,55,2397775
15956,2397798,86,2397884
15957,2398092,18,2398110
15958,2398139,117,2398256
15959,2398269,17,2398286
15960,2398383,45,2398428
15961,2398431,45,2398476
15962,2398687,6,2398693
15963,2398768,4,2398772
15964,2398816,117,2398933
15965,2398976,32,2399008
15966,2399242,14,2399256
15967,2399272,7,2399279
15968,2399357,54,2399411
15969,2399575,12,2399587
15970,2399594,2,2399596
15971,2399703,61,2399764
15972,2399889,10,2399899
15973,2400069,10,2400079
15974,2400238,29,2400267
15975,2400458,28,2400486
15976,2400551,40,2400591
15977,2400638,13,2400651
15978,2400851,49,2400900
15979,2401020,27,2401047
15980,2401221,58,2401279
15981,2401313,43,2401356
15982,2401667,22,2401689
15983,2401751,105,2401856
15984,2401954,22,2401976
15985,2402139,84,2402223
15986,2402248,17,2402265
15987,2402416,21,2402437
15988,2402455,23,2402478
15989,2402530,27,2402557
15990,2402588,90,2402678
15991,2402858,69,2402927
15992,2403045,51,2403096
15993,2403167,48,2403215
15994,2403251,162,2403413
15995,2403862,16,2403878
15996,2403909,20,2403929
15997,2403947,79,2404026
15998,2404078,3,2404081
15999,2404095,25,2404120
16000,2404173,56,2404229
16001,2404249,110,2404359
16002,2404402,38,2404440
16003,2404451,23,2404474
16004,2404498,55,2404553
16005,2404639,77,2404716
16006,2404717,5,2404722
16007,2404750,46,2404796
16008,2405169,19,2405188
16009,2405404,17,2405421
16010,2405438,38,2405476
16011,2405532,50,2405582
16012,2405635,29,2405664
16013,2405889,5,2405894
16014,2405927,10,2405937
16015,2405960,51,2406011
16016,2406152,68,2406220
16017,2406280,34,2406314
16018,2406678,12,2406690
16019,2406729,25,2406754
16020,2406808,117,2406925
16021,2407002,38,2407040
16022,2407211,26,2407237
16023,2407267,10,2407277
16024,2407349,114,2407463
16025,2407744,23,2407767
16026,2407792,153,2407945
16027,2407955,43,2407998
16028,2408093,64,2408157
16029,2408220,21,2408241
16030,2408417,44,2408461
16031,2408739,167,2408906
16032,2408907,34,2408941
16033,2409197,34,2409231
16034,2409262,44,2409306
16035,2409353,21,2409374
16036,2409508,54,2409562
16037,2409651,59,2409710
16038,2409750,28,2409778
16039,2409844,5,2409849
16040,2409947,92,2410039
16041,2410252,4,2410256
16042,2410270,20,2410290
16043,2410359,8,2410367
16044,2410662,139,2410801
16045,2410851,125,2410976
16046,2410989,1,2410990
16047,2411172,34,2411206
16048,2411250,47,2411297
16049,2411342,72,2411414
16050,2411630,8,2411638
16051,2411757,1,2411758
16052,2411813,77,2411890
16053,2411942,45,2411987
16054,2412028,23,2412051
16055,2412055,49,2412104
16056,2412203,25,2412228
16057,2412244,56,2412300
16058,2412402,12,2412414
16059,2412426,5,2412431
16060,2412548,50,2412598
16061,2412925,85,2413010
16062,2413087,6,2413093
16063,2413373,210,2413583
16064,2413653,54,2413707
16065,2413786,2,2413788
16066,2413914,27,2413941
16067,2414052,3,2414055
16068,2414222,21,2414243
16069,2414293,25,2414318
16070,2414334,59,2414393
16071,2414406,37,2414443
16072,2414456,3,2414459
16073,2414488,84,2414572
16074,2414578,24,2414602
16075,2414733,15,2414748
16076,2414888,22,2414910
16077,2414926,43,2414969
16078,2415036,93,2415129
16079,2415135,7,2415142
16080,2415342,44,2415386
16081,2415432,13,2415445
16082,2415572,49,2415621
16083,2415639,84,2415723
16084,2415899,147,2416046
16085,2416147,6,2416153
16086,2416396,30,2416426
16087,2416434,106,2416540
16088,2416552,2,2416554
16089,2416657,11,2416668
16090,2416693,36,2416729
16091,2416805,40,2416845
16092,2417194,15,2417209
16093,2417502,32,2417534
16094,2417546,14,2417560
16095,2417578,162,2417740
16096,2417787,24,2417811
16097,2417835,18,2417853
16098,2417986,35,2418021
16099,2418025,42,2418067
16100,2418174,72,2418246
16101,2418261,10,2418271
16102,2418341,53,2418394
16103,2418428,36,2418464
16104,2418604,42,2418646
16105,2418824,40,2418864
16106,2419132,42,2419174
16107,2419321,190,2419511
16108,2419723,58,2419781
16109,2419986,53,2420039
16110,2420194,60,2420254
16111,2420402,39,2420441
16112,2420895,9,2420904
16113,2420971,95,2421066
16114,2421085,56,2421141
16115,2421194,53,2421247
16116,2421260,29,2421289
16117,2421311,2,2421313
16118,2421375,64,2421439
16119,2421855,47,2421902
16120,2422074,20,2422094
16121,2422185,174,2422359
16122,2422479,48,2422527
16123,2422800,111,2422911
16124,2423158,5,2423163
16125,2423250,67,2423317
16126,2423359,8,2423367
16127,2423453,90,2423543
16128,2423606,73,2423679
16129,2423706,29,2423735
16130,2423847,6,2423853
16131,2423876,47,2423923
16132,2423978,42,2424020
16133,2424344,44,2424388
16134,2424413,40,2424453
16135,2424554,171,2424725
16136,2424956,2,2424958
16137,2425015,3,2425018
16138,2425166,14,2425180
16139,2425224,4,2425228
16140,2425230,111,2425341
16141,2425356,139,2425495
16142,2425597,78,2425675
16143,2425788,23,2425811
16144,2425888,3,2425891
16145,2426089,113,2426202
16146,2426549,76,2426625
16147,2426648,156,2426804
16148,2426982,8,2426990
16149,2427057,65,2427122
16150,2427144,67,2427211
16151,2427601,3,2427604
16152,2427830,90,2427920
16153,2427980,17,2427997
16154,2428078,26,2428104
16155,2428130,42,2428172
16156,2428199,185,2428384
16157,2428545,51,2428596
16158,2428602,11,2428613
16159,2428634,62,2428696
16160,2428749,4,2428753
16161,2428773,22,2428795
16162,2428917,21,2428938
16163,2429042,58,2429100
16164,2429137,32,2429169
16165,2429285,63,2429348
16166,2429396,23,2429419
16167,2429446,9,2429455
16168,2429516,23,2429539
16169,2429549,134,2429683
16170,2429813,1,2429814
16171,2430142,12,2430154
16172,2430327,16,2430343
16173,2430452,80,2430532
16174,2430606,25,2430631
16175,2430778,14,2430792
16176,2430913,18,2430931
16177,2430943,85,2431028
16178,2431065,12,2431077
16179,2431157,57,2431214
16180,2431360,17,2431377
16181,2431552,56,2431608
16182,2431739,50,2431789
16183,2432277,7,2432284
16184,2432327,17,2432344
16185,2432417,21,2432438
16186,2432575,5,2432580
16187,2432774,24,2432798
16188,2432802,160,2432962
16189,2433004,27,2433031
16190,2433116,50,2433166
16191,2433228,158,2433386
16192,2433583,29,2433612
16193,2433643,15,2433658
16194,2433939,86,2434025
16195,2434256,25,2434281
16196,2434379,4,2434383
16197,2434389,120,2434509
16198,2434631,99,2434730
16199,2434951,3,2434954
16200,2435049,37,2435086
16201,2435301,15,2435316
16202,2435443,79,2435522
16203,2435871,43,2435914
16204,2436021,6,2436027
16205,2436098,71,2436169
16206,2436385,17,2436402
16207,2436439,64,2436503
16208,2436520,1,2436521
16209,2436715,35,2436750
16210,2436945,7,2436952
16211,2437034,42,2437076
16212,2437215,45,2437260
16213,2437398,14,2437412
16214,2437414,30,2437444
16215,2437613,5,2437618
16216,2437845,22,2437867
16217,2438004,67,2438071
16218,2438143,196,2438339
16219,2438448,55,2438503
16220,2438605,28,2438633
16221,2438781,3,2438784
16222,2438985,24,2439009
16223,2439134,11,2439145
16224,2439261,4,2439265
16225,2439321,6,2439327
16226,2439754,26,2439780
16227,2439786,217,2440003
16228,2440043,1,2440044
16229,2440105,90,2440195
16230,2440242,5,2440247
16231,2440255,68,2440323
16232,2440341,17,2440358
16233,2440641,91,2440732
16234,2440751,20,2440771
16235,2440797,36,2440833
16236,2440854,188,2441042
16237,2441111,63,2441174
16238,2441422,248,2441670
16239,2441757,11,2441768
16240,2441845,18,2441863
16241,2441947,37,2441984
16242,2442001,53,2442054
16243,2442075,81,2442156
16244,2442226,191,2442417
16245,2442460,48,2442508
16246,2442529,162,2442691
16247,2442707,52,2442759
16248,2442834,45,2442879
16249,2442930,2,2442932
16250,2443050,4,2443054
16251,2443097,12,2443109
16252,2443234,124,2443358
16253,2443528,74,2443602
16254,2443612,18,2443630
16255,2443642,14,2443656
16256,2443747,225,2443972
16257,2444124,94,2444218
16258,2444296,121,2444417
16259,2444530,9,2444539
16260,2444702,33,2444735
16261,2444994,9,2445003
16262,2445261,69,2445330
16263,2445495,27,2445522
16264,2445751,86,2445837
16265,2445937,40,2445977
16266,2446039,21,2446060
16267,2446379,112,2446491
16268,2446647,16,2446663
16269,2446671,187,2446858
16270,2446922,10,2446932
16271,2447189,45,2447234
16272,2447498,78,2447576
16273,2447655,14,2447669
16274,2447673,195,2447868
16275,2447931,15,2447946
16276,2447984,44,2448028
16277,2448047,2,2448049
16278,2448137,45,2448182
16279,2448191,9,2448200
16280,2448267,17,2448284
16281,2448467,7,2448474
16282,2448535,12,2448547
16283,2448572,11,2448583
16284,2448617,42,2448659
16285,2448884,147,2449031
16286,2449040,6,2449046
16287,2449108,17,2449125
16288,2449223,107,2449330
16289,2449372,9,2449381
16290,2449404,35,2449439
16291,2449580,119,2449699
16292,2449714,3,2449717
16293,2449739,132,2449871
16294,2449941,6,2449947
16295,2450007,19,2450026
16296,2450060,26,2450086
16297,2450115,14,2450129
16298,2450206,79,2450285
16299,2450469,14,2450483
16300,2450517,64,2450581
16301,2450673,47,2450720
16302,2450788,51,2450839
16303,2450917,11,2450928
16304,2450951,173,2451124
16305,2451248,41,2451289
16306,2451313,77,2451390
16307,2451411,22,2451433
16308,2451501,54,2451555
16309,2451566,73,2451639
16310,2451696,90,2451786
16311,2452017,16,2452033
16312,2452115,34,2452149
16313,2452184,21,2452205
16314,2452301,80,2452381
16315,2452396,94,2452490
16316,2452526,5,2452531
16317,2452599,72,2452671
16318,2452734,54,2452788
16319,2452877,94,2452971
16320,2453066,6,2453072
16321,2453129,33,2453162
16322,2453207,136,2453343
16323,2453553,121,2453674
16324,2453829,37,2453866
16325,2453878,70,2453948
16326,2454034,132,2454166
16327,2454256,4,2454260
16328,2454295,23,2454318
16329,2454482,43,2454525
16330,2454526,63,2454589
16331,2454708,52,2454760
16332,2454776,8,2454784
16333,2455350,48,2455398
16334,2455448,52,2455500
16335,2455626,58,2455684
16336,2455708,3,2455711
16337,2455723,110,2455833
16338,2455923,47,2455970
16339,2456138,57,2456195
16340,2456597,93,2456690
16341,2456956,2,2456958
16342,2456974,93,2457067
16343,2457089,13,2457102
16344,2457169,13,2457182
16345,2457373,56,2457429
16346,2457735,6,2457741
16347,2457758,61,2457819
16348,2457826,18,2457844
16349,2458004,203,2458207
16350,2458242,32,2458274
16351,2458289,42,2458331
16352,2458348,34,2458382
16353,2458400,157,2458557
16354,2458630,198,2458828
16355,2458842,19,2458861
16356,2458963,34,2458997
16357,2459188,8,2459196
16358,2459412,120,2459532
16359,2459544,115,2459659
16360,2459753,31,2459784
16361,2459828,162,2459990
16362,2460159,39,2460198
16363,2460358,92,2460450
16364,2460483,4,2460487
16365,2460530,30,2460560
16366,2460620,3,2460623
16367,2460675,10,2460685
16368,2460961,47,2461008
16369,2461077,33,2461110
16370,2461156,11,2461167
16371,2461184,9,2461193
16372,2461553,44,2461597
16373,2461754,12,2461766
16374,2461779,5,2461784
16375,2461980,103,2462083
16376,2462105,4,2462109
16377,2462113,18,2462131
16378,2462318,61,2462379
16379,2462516,32,2462548
16380,2462751,21,2462772
16381,2462885,40,2462925
16382,2462955,9,2462964
16383,2462998,30,2463028
16384,2463071,29,2463100
16385,2463194,33,2463227
16386,2463333,39,2463372
16387,2463549,13,2463562
16388,2463636,202,2463838
16389,2463995,61,2464056
16390,2464101,36,2464137
16391,2464179,6,2464185
16392,2464200,313,2464513
16393,2464648,6,2464654
16394,2464729,31,2464760
16395,2464764,7,2464771
16396,2465036,47,2465083
16397,2465103,45,2465148
16398,2465376,39,2465415
16399,2465490,112,2465602
16400,2465640,165,2465805
16401,2465828,76,2465904
16402,2466171,10,2466181
16403,2466378,64,2466442
16404,2466507,58,2466565
16405,2466692,107,2466799
16406,2466935,26,2466961
16407,2467052,4,2467056
16408,2467097,12,2467109
16409,2467243,80,2467323
16410,2467905,12,2467917
16411,2467938,52,2467990
16412,2468123,14,2468137
16413,2468233,33,2468266
16414,2468431,77,2468508
16415,2468542,16,2468558
16416,2468976,14,2468990
16417,2469041,26,2469067
16418,2469362,56,2469418
16419,2469527,26,2469553
16420,2469693,40,2469733
16421,2469736,4,2469740
16422,2470013,42,2470055
16423,2470061,35,2470096
16424,2470098,53,2470151
16425,2470333,22,2470355
16426,2470477,19,2470496
16427,2470559,147,2470706
16428,2470871,114,2470985
16429,2471000,26,2471026
16430,2471049,20,2471069
16431,2471218,39,2471257
16432,2471595,44,2471639
16433,2471855,112,2471967
16434,2472138,23,2472161
16435,2472405,1,2472406
16436,2472447,65,2472512
16437,2472514,146,2472660
16438,2472770,4,2472774
16439,2472811,5,2472816
16440,2472944,59,2473003
16441,2473110,138,2473248
16442,2473280,32,2473312
16443,2473365,81,2473446
16444,2473459,62,2473521
16445,2473589,141,2473730
16446,2473840,14,2473854
16447,2473955,12,2473967
16448,2473989,14,2474003
16449,2474017,39,2474056
16450,2474146,63,2474209
16451,2474220,36,2474256
16452,2474280,26,2474306
16453,2474550,119,2474669
16454,2474795,3,2474798
16455,2474867,5,2474872
16456,2475047,44,2475091
16457,2475148,48,2475196
16458,2475198,47,2475245
16459,2475252,7,2475259
16460,2475405,109,2475514
16461,2475756,42,2475798
16462,2475993,113,2476106
16463,2476109,41,2476150
16464,2476198,79,2476277
16465,2476309,47,2476356
16466,2476434,11,2476445
16467,2476484,5,2476489
16468,2476523,97,2476620
16469,2476657,104,2476761
16470,2477347,7,2477354
16471,2477475,6,2477481
16472,2477569,90,2477659
16473,2477740,88,2477828
16474,2477837,4,2477841
16475,2477863,82,2477945
16476,2478048,56,2478104
16477,2478146,32,2478178
16478,2478355,76,2478431
16479,2478551,145,2478696
16480,2478734,49,2478783
16481,2478844,10,2478854
16482,2478927,36,2478963
16483,2479028,58,2479086
16484,2479249,152,2479401
16485,2479716,34,2479750
16486,2479762,4,2479766
16487,2479883,7,2479890
16488,2479961,4,2479965
16489,2480000,39,2480039
16490,2480217,25,2480242
16491,2480280,17,2480297
16492,2480348,20,2480368
16493,2480391,3,2480394
16494,2480624,14,2480638
16495,2480648,17,2480665
16496,2480771,197,2480968
16497,2481034,83,2481117
16498,2481152,55,2481207
16499,2481511,39,2481550
16500,2481732,118,2481850
16501,2481997,15,2482012
16502,2482027,11,2482038
16503,2482098,14,2482112
16504,2482160,1,2482161
16505,2482331,19,2482350
16506,2482371,42,2482413
16507,2482421,13,2482434
16508,2482580,159,2482739
16509,2482750,12,2482762
16510,2483179,12,2483191
16511,2483233,13,2483246
16512,2483302,18,2483320
16513,2483426,81,2483507
16514,2483559,11,2483570
16515,2483730,29,2483759
16516,2483784,1,2483785
16517,2483794,121,2483915
16518,2483951,115,2484066
16519,2484132,101,2484233
16520,2484291,58,2484349
16521,2484488,1,2484489
16522,2484524,24,2484548
16523,2484592,77,2484669
16524,2484739,6,2484745
16525,2484838,21,2484859
16526,2484955,16,2484971
16527,2485138,36,2485174
16528,2485205,7,2485212
16529,2485252,44,2485296
16530,2485390,29,2485419
16531,2485431,20,2485451
16532,2485453,2,2485455
16533,2485498,10,2485508
16534,2485652,56,2485708
16535,2486112,52,2486164
16536,2486230,2,2486232
16537,2486323,15,2486338
16538,2486365,3,2486368
16539,2486394,29,2486423
16540,2486491,20,2486511
16541,2486592,226,2486818
16542,2486947,94,2487041
16543,2487082,17,2487099
16544,2487105,7,2487112
16545,2487134,27,2487161
16546,2487188,20,2487208
16547,2487337,6,2487343
16548,2487392,43,2487435
16549,2487568,121,2487689
16550,2487813,17,2487830
16551,2487843,48,2487891
16552,2487920,187,2488107
16553,2488128,85,2488213
16554,2488420,36,2488456
16555,2488508,31,2488539
16556,2488576,145,2488721
16557,2488837,54,2488891
16558,2489001,26,2489027
16559,2489123,105,2489228
16560,2489320,49,2489369
16561,2489658,49,2489707
16562,2489717,60,2489777
16563,2489853,36,2489889
16564,2490082,48,2490130
16565,2490226,28,2490254
16566,2490310,40,2490350
16567,2490361,10,2490371
16568,2490850,19,2490869
16569,2490953,14,2490967
16570,2490993,2,2490995
16571,2491011,44,2491055
16572,2491059,78,2491137
16573,2491183,32,2491215
16574,2491381,13,2491394
16575,2491460,27,2491487
16576,2491626,61,2491687
16577,2491922,116,2492038
16578,2492191,78,2492269
16579,2492354,70,2492424
16580,2492436,30,2492466
16581,2492559,39,2492598
16582,2492752,34,2492786
16583,2492806,103,2492909
16584,2493012,126,2493138
16585,2493172,21,2493193
16586,2493239,11,2493250
16587,2493569,167,2493736
16588,2493850,12,2493862
16589,2493887,71,2493958
16590,2493959,75,2494034
16591,2494137,43,2494180
16592,2494272,45,2494317
16593,2494451,96,2494547
16594,2494606,74,2494680
16595,2494686,10,2494696
16596,2494706,10,2494716
16597,2494734,13,2494747
16598,2495016,30,2495046
16599,2495134,25,2495159
16600,2495244,46,2495290
16601,2495392,46,2495438
16602,2495517,240,2495757
16603,2495831,2,2495833
16604,2496094,12,2496106
16605,2496340,13,2496353
16606,2496481,38,2496519
16607,2496732,44,2496776
16608,2496846,44,2496890
16609,2497021,31,2497052
16610,2497319,211,2497530
16611,2497546,74,2497620
16612,2497654,1,2497655
16613,2497792,6,2497798
16614,2497813,18,2497831
16615,2497846,5,2497851
16616,2497904,21,2497925
16617,2498156,38,2498194
16618,2498223,43,2498266
16619,2498300,17,2498317
16620,2498340,6,2498346
16621,2498388,19,2498407
16622,2498529,8,2498537
16623,2498547,14,2498561
16624,2498602,11,2498613
16625,2498818,35,2498853
16626,2498956,4,2498960
16627,2498976,12,2498988
16628,2499016,48,2499064
16629,2499069,2,2499071
16630,2499243,29,2499272
16631,2499283,43,2499326
16632,2499456,29,2499485
16633,2499542,87,2499629
16634,2499637,35,2499672
16635,2499676,12,2499688
16636,2499760,127,2499887
16637,2499899,32,2499931
16638,2499952,43,2499995
16639,2500259,67,2500326
16640,2500363,103,2500466
16641,2500590,24,2500614
16642,2500823,103,2500926
16643,2500948,5,2500953
16644,2500977,1,2500978
16645,2501200,89,2501289
16646,2501294,20,2501314
16647,2501347,93,2501440
16648,2501516,3,2501519
16649,2501721,66,2501787
16650,2502007,1,2502008
16651,2502015,82,2502097
16652,2502210,35,2502245
16653,2502532,30,2502562
16654,2502834,37,2502871
16655,2503049,10,2503059
16656,2503264,26,2503290
16657,2503294,134,2503428
16658,2503469,103,2503572
16659,2503702,5,2503707
16660,2503747,19,2503766
16661,2503836,46,2503882
16662,2504034,64,2504098
16663,2504166,43,2504209
16664,2504242,46,2504288
16665,2504557,3,2504560
16666,2504587,15,2504602
16667,2504610,6,2504616
16668,2504828,3,2504831
16669,2504924,5,2504929
16670,2505016,37,2505053
16671,2505075,13,2505088
16672,2505124,40,2505164
16673,2505242,1,2505243
16674,2505434,91,2505525
16675,2505568,44,2505612
16676,2505644,17,2505661
16677,2505889,15,2505904
16678,2505935,163,2506098
16679,2506125,6,2506131
16680,2506237,53,2506290
16681,2506379,76,2506455
16682,2506466,71,2506537
16683,2506567,7,2506574
16684,2506593,6,2506599
16685,2506658,51,2506709
16686,2506827,70,2506897
16687,2506918,99,2507017
16688,2507319,62,2507381
16689,2507473,90,2507563
16690,2507748,97,2507845
16691,2507976,28,2508004
16692,2508021,22,2508043
16693,2508332,69,2508401
16694,2508519,44,2508563
16695,2508733,108,2508841
16696,2508880,115,2508995
16697,2509096,12,2509108
16698,2509152,11,2509163
16699,2509247,139,2509386
16700,2509782,174,2509956
16701,2509985,18,2510003
16702,2510068,104,2510172
16703,2510175,34,2510209
16704,2510235,63,2510298
16705,2510358,55,2510413
16706,2510441,15,2510456
16707,2510544,51,2510595
16708,2510670,55,2510725
16709,2510772,59,2510831
16710,2511019,13,2511032
16711,2511201,80,2511281
16712,2511292,6,2511298
16713,2511354,104,2511458
16714,2511468,7,2511475
16715,2511518,113,2511631
16716,2511847,31,2511878
16717,2512193,103,2512296
16718,2512528,6,2512534
16719,2512699,17,2512716
16720,2512869,64,2512933
16721,2513009,31,2513040
16722,2513077,3,2513080
16723,2513249,12,2513261
16724,2513267,59,2513326
16725,2513373,23,2513396
16726,2513419,31,2513450
16727,2513748,3,2513751
16728,2513873,47,2513920
16729,2514015,6,2514021
16730,2514031,95,2514126
16731,2514170,88,2514258
16732,2514305,31,2514336
16733,2514387,105,2514492
16734,2514541,13,2514554
16735,2514574,60,2514634
16736,2514730,131,2514861
16737,2514947,5,2514952
16738,2514958,51,2515009
16739,2515083,55,2515138
16740,2515169,17,2515186
16741,2515204,49,2515253
16742,2515667,111,2515778
16743,2515832,19,2515851
16744,2515856,2,2515858
16745,2515871,50,2515921
16746,2515995,45,2516040
16747,2516130,19,2516149
16748,2516155,96,2516251
16749,2516271,33,2516304
16750,2516319,120,2516439
16751,2516468,10,2516478
16752,2516538,58,2516596
16753,2516682,103,2516785
16754,2516811,3,2516814
16755,2516843,10,2516853
16756,2516883,7,2516890
16757,2516894,66,2516960
16758,2517009,2,2517011
16759,2517081,82,2517163
16760,2517252,21,2517273
16761,2517369,66,2517435
16762,2517581,65,2517646
16763,2517753,66,2517819
16764,2517915,20,2517935
16765,2518062,61,2518123
16766,2518193,5,2518198
16767,2518315,4,2518319
16768,2518375,37,2518412
16769,2518972,93,2519065
16770,2519085,71,2519156
16771,2519224,12,2519236
16772,2519315,44,2519359
16773,2519419,235,2519654
16774,2519776,5,2519781
16775,2519809,4,2519813
16776,2519867,30,2519897
16777,2519951,110,2520061
16778,2520069,22,2520091
16779,2520429,90,2520519
16780,2520626,29,2520655
16781,2521002,226,2521228
16782,2521480,109,2521589
16783,2521689,51,2521740
16784,2521750,14,2521764
16785,2521849,33,2521882
16786,2522119,42,2522161
16787,2522323,148,2522471
16788,2522488,4,2522492
16789,2522509,10,2522519
16790,2522562,30,2522592
16791,2522685,19,2522704
16792,2522724,44,2522768
16793,2522892,55,2522947
16794,2523005,19,2523024
16795,2523087,73,2523160
16796,2523209,41,2523250
16797,2523347,17,2523364
16798,2523440,157,2523597
16799,2523626,14,2523640
16800,2523653,168,2523821
16801,2523827,27,2523854
16802,2523893,54,2523947
16803,2523958,6,2523964
16804,2524003,52,2524055
16805,2524069,60,2524129
16806,2524133,97,2524230
16807,2524254,10,2524264
16808,2524304,140,2524444
16809,2524456,85,2524541
16810,2524585,96,2524681
16811,2525098,32,2525130
16812,2525496,22,2525518
16813,2525527,23,2525550
16814,2525575,18,2525593
16815,2525730,30,2525760
16816,2525806,32,2525838
16817,2525874,61,2525935
16818,2525946,72,2526018
16819,2526063,177,2526240
16820,2526437,141,2526578
16821,2526714,216,2526930
16822,2526964,69,2527033
16823,2527084,2,2527086
16824,2527188,1,2527189
16825,2527343,9,2527352
16826,2527413,65,2527478
16827,2527484,28,2527512
16828,2527530,50,2527580
16829,2527651,19,2527670
16830,2527913,1,2527914
16831,2527931,70,2528001
16832,2528022,44,2528066
16833,2528252,8,2528260
16834,2528291,116,2528407
16835,2528561,63,2528624
16836,2528899,44,2528943
16837,2529154,6,2529160
16838,2529208,29,2529237
16839,2529365,8,2529373
16840,2529496,37,2529533
16841,2529630,107,2529737
16842,2529762,8,2529770
16843,2529884,121,2530005
16844,2530103,81,2530184
16845,2530355,2,2530357
16846,2530461,107,2530568
16847,2530664,26,2530690
16848,2530801,38,2530839
16849,2530874,160,2531034
16850,2531197,6,2531203
16851,2531272,34,2531306
16852,2531618,2,2531620
16853,2531784,2,2531786
16854,2531825,60,2531885
16855,2531895,21,2531916
16856,2531961,77,2532038
16857,2532103,63,2532166
16858,2532227,54,2532281
16859,2532315,31,2532346
16860,2532353,180,2532533
16861,2532754,42,2532796
16862,2532851,65,2532916
16863,2533076,12,2533088
16864,2533131,5,2533136
16865,2533344,26,2533370
16866,2533456,5,2533461
16867,2533694,29,2533723
16868,2533887,2,2533889
16869,2534052,45,2534097
16870,2534194,8,2534202
16871,2534222,11,2534233
16872,2534723,75,2534798
16873,2535151,6,2535157
16874,2535303,9,2535312
16875,2535562,34,2535596
16876,2535626,25,2535651
16877,2535749,9,2535758
16878,2536038,55,2536093
16879,2536116,57,2536173
16880,2536393,30,2536423
16881,2536502,17,2536519
16882,2536567,42,2536609
16883,2536634,32,2536666
16884,2536795,56,2536851
16885,2536913,84,2536997
16886,2537083,37,2537120
16887,2537380,56,2537436
16888,2537566,41,2537607
16889,2537667,82,2537749
16890,2537893,3,2537896
16891,2537902,48,2537950
16892,2537955,138,2538093
16893,2538122,84,2538206
16894,2538223,12,2538235
16895,2538247,22,2538269
16896,2538365,56,2538421
16897,2538431,36,2538467
16898,2538515,22,2538537
16899,2538587,2,2538589
16900,2538786,59,2538845
16901,2538870,20,2538890
16902,2539166,12,2539178
16903,2539341,27,2539368
16904,2539481,48,2539529
16905,2539614,15,2539629
16906,2539653,31,2539684
16907,2539792,14,2539806
16908,2539952,64,2540016
16909,2540068,32,2540100
16910,2540142,15,2540157
16911,2540163,83,2540246
16912,2540287,19,2540306
16913,2540359,236,2540595
16914,2540889,14,2540903
16915,2540989,57,2541046
16916,2541092,30,2541122
16917,2541277,21,2541298
16918,2541355,13,2541368
16919,2541550,41,2541591
16920,2541614,6,2541620
16921,2541670,7,2541677
16922,2541687,86,2541773
16923,2542301,67,2542368
16924,2542591,44,2542635
16925,2542650,31,2542681
16926,2542747,14,2542761
16927,2542788,87,2542875
16928,2542898,16,2542914
16929,2543049,52,2543101
16930,2543110,6,2543116
16931,2543122,9,2543131
16932,2543136,23,2543159
16933,2543180,65,2543245
16934,2543440,49,2543489
16935,2543560,32,2543592
16936,2543656,200,2543856
16937,2543869,35,2543904
16938,2544080,207,2544287
16939,2544469,133,2544602
16940,2544711,56,2544767
16941,2544918,13,2544931
16942,2545217,76,2545293
16943,2545355,114,2545469
16944,2545624,47,2545671
16945,2545775,128,2545903
16946,2545936,91,2546027
16947,2546171,87,2546258
16948,2546508,55,2546563
16949,2546806,16,2546822
16950,2546913,62,2546975
16951,2547081,136,2547217
16952,2547239,38,2547277
16953,2547347,70,2547417
16954,2547517,53,2547570
16955,2547748,25,2547773
16956,2547916,74,2547990
16957,2548117,11,2548128
16958,2548163,40,2548203
16959,2548220,66,2548286
16960,2548326,1,2548327
16961,2548398,16,2548414
16962,2548780,6,2548786
16963,2548795,29,2548824
16964,2548889,69,2548958
16965,2548997,61,2549058
16966,2549131,71,2549202
16967,2549231,8,2549239
16968,2549270,54,2549324
16969,2549388,76,2549464
16970,2549555,64,2549619
16971,2549636,15,2549651
16972,2549717,11,2549728
16973,2549744,34,2549778
16974,2549972,71,2550043
16975,2550064,24,2550088
16976,2550166,44,2550210
16977,2550243,56,2550299
16978,2550495,51,2550546
16979,2550720,51,2550771
16980,2550816,5,2550821
16981,2550992,21,2551013
16982,2551039,114,2551153
16983,2551295,110,2551405
16984,2551438,20,2551458
16985,2551735,134,2551869
16986,2552000,19,2552019
16987,2552092,272,2552364
16988,2552377,26,2552403
16989,2552546,65,2552611
16990,2552612,22,2552634
16991,2552705,97,2552802
16992,2552815,6,2552821
16993,2553175,74,2553249
16994,2553318,94,2553412
16995,2553474,90,2553564
16996,2553621,25,2553646
16997,2553734,30,2553764
16998,2553884,65,2553949
16999,2554020,3,2554023
17000,2554541,62,2554603
17001,2554658,108,2554766
17002,2554932,72,2555004
17003,2555354,41,2555395
17004,2555422,50,2555472
17005,2555521,6,2555527
17006,2555752,12,2555764
17007,2555790,2,2555792
17008,2555805,114,2555919
17009,2556246,2,2556248
17010,2556269,4,2556273
17011,2556281,3,2556284
17012,2556330,49,2556379
17013,2556407,3,2556410
17014,2556424,38,2556462
17015,2556477,4,2556481
17016,2556717,37,2556754
17017,2556807,14,2556821
17018,2556824,54,2556878
17019,2557392,35,2557427
17020,2557447,3,2557450
17021,2557468,68,2557536
17022,2557748,18,2557766
17023,2557791,2,2557793
17024,2557810,11,2557821
17025,2557846,6,2557852
17026,2557945,30,2557975
17027,2558066,30,2558096
17028,2558131,51,2558182
17029,2558197,143,2558340
17030,2558373,31,2558404
17031,2558607,70,2558677
17032,2558682,9,2558691
17033,2558734,1,2558735
17034,2558826,127,2558953
17035,2559060,57,2559117
17036,2559204,11,2559215
17037,2559454,42,2559496
17038,2559563,6,2559569
17039,2559711,11,2559722
17040,2559802,84,2559886
17041,2559989,75,2560064
17042,2560112,10,2560122
17043,2560170,160,2560330
17044,2560686,31,2560717
17045,2560887,247,2561134
17046,2561328,41,2561369
17047,2561521,114,2561635
17048,2561637,130,2561767
17049,2561864,24,2561888
17050,2561945,4,2561949
17051,2562025,233,2562258
17052,2562278,31,2562309
17053,2562326,61,2562387
17054,2562391,104,2562495
17055,2562644,65,2562709
17056,2562724,6,2562730
17057,2562766,2,2562768
17058,2562788,185,2562973
17059,2563191,17,2563208
17060,2563279,9,2563288
17061,2563290,2,2563292
17062,2563391,66,2563457
17063,2563541,122,2563663
17064,2563818,4,2563822
17065,2563867,16,2563883
17066,2563930,116,2564046
17067,2564146,25,2564171
17068,2564236,64,2564300
17069,2564646,15,2564661
17070,2564683,53,2564736
17071,2564753,147,2564900
17072,2565006,5,2565011
17073,2565111,19,2565130
17074,2565163,230,2565393
17075,2565585,94,2565679
17076,2565711,26,2565737
17077,2565884,9,2565893
17078,2565952,143,2566095
17079,2566192,24,2566216
17080,2566278,40,2566318
17081,2566393,85,2566478
17082,2566526,84,2566610
17083,2566705,88,2566793
17084,2566835,95,2566930
17085,2567381,17,2567398
17086,2567505,7,2567512
17087,2567560,25,2567585
17088,2567702,4,2567706
17089,2567908,275,2568183
17090,2568265,11,2568276
17091,2568296,226,2568522
17092,2568587,15,2568602
17093,2568715,35,2568750
17094,2568838,10,2568848
17095,2569005,69,2569074
17096,2569180,109,2569289
17097,2569328,5,2569333
17098,2569382,64,2569446
17099,2569451,136,2569587
17100,2569635,21,2569656
17101,2569670,12,2569682
17102,2569703,40,2569743
17103,2569757,212,2569969
17104,2570105,65,2570170
17105,2570186,9,2570195
17106,2570234,100,2570334
17107,2570417,92,2570509
17108,2570609,53,2570662
17109,2570895,45,2570940
17110,2570994,25,2571019
17111,2571148,47,2571195
17112,2571329,18,2571347
17113,2571355,2,2571357
17114,2571380,26,2571406
17115,2571570,59,2571629
17116,2571736,10,2571746
17117,2572235,95,2572330
17118,2572339,89,2572428
17119,2572521,32,2572553
17120,2572572,178,2572750
17121,2572777,51,2572828
17122,2572862,14,2572876
17123,2573117,58,2573175
17124,2573367,4,2573371
17125,2573570,6,2573576
17126,2573622,68,2573690
17127,2573758,93,2573851
17128,2574091,63,2574154
17129,2574263,66,2574329
17130,2574368,65,2574433
17131,2574516,7,2574523
17132,2574577,30,2574607
17133,2574611,42,2574653
17134,2574882,250,2575132
17135,2575208,83,2575291
17136,2575364,73,2575437
17137,2575719,38,2575757
17138,2575819,22,2575841
17139,2576016,17,2576033
17140,2576171,43,2576214
17141,2576218,91,2576309
17142,2576335,14,2576349
17143,2576761,53,2576814
17144,2577091,6,2577097
17145,2577163,7,2577170
17146,2577271,24,2577295
17147,2577364,33,2577397
17148,2577509,3,2577512
17149,2577817,14,2577831
17150,2577848,19,2577867
17151,2577943,44,2577987
17152,2578087,80,2578167
17153,2578266,36,2578302
17154,2578439,46,2578485
17155,2578646,148,2578794
17156,2578967,40,2579007
17157,2579262,70,2579332
17158,2579472,42,2579514
17159,2579541,122,2579663
17160,2579769,4,2579773
17161,2580194,9,2580203
17162,2580222,2,2580224
17163,2580324,20,2580344
17164,2580550,17,2580567
17165,2580616,48,2580664
17166,2580686,58,2580744
17167,2580828,66,2580894
17168,2581091,58,2581149
17169,2581245,76,2581321
17170,2581461,98,2581559
17171,2581585,9,2581594
17172,2581605,69,2581674
17173,2581752,28,2581780
17174,2581824,86,2581910
17175,2581960,27,2581987
17176,2582020,2,2582022
17177,2582134,130,2582264
17178,2582402,3,2582405
17179,2582425,220,2582645
17180,2582763,1,2582764
17181,2582851,85,2582936
17182,2583210,20,2583230
17183,2583273,2,2583275
17184,2583515,59,2583574
17185,2583805,48,2583853
17186,2583869,119,2583988
17187,2584118,27,2584145
17188,2584189,14,2584203
17189,2584219,31,2584250
17190,2584482,22,2584504
17191,2584542,141,2584683
17192,2584773,52,2584825
17193,2584833,19,2584852
17194,2585007,61,2585068
17195,2585222,4,2585226
17196,2585314,2,2585316
17197,2585346,71,2585417
17198,2585599,61,2585660
17199,2585863,33,2585896
17200,2585937,65,2586002
17201,2586027,35,2586062
17202,2586123,334,2586457
17203,2586526,72,2586598
17204,2586694,75,2586769
17205,2587264,12,2587276
17206,2587414,26,2587440
17207,2587505,115,2587620
17208,2587785,157,2587942
17209,2587994,73,2588067
17210,2588089,104,2588193
17211,2588229,106,2588335
17212,2588379,26,2588405
17213,2588451,97,2588548
17214,2588774,91,2588865
17215,2588923,61,2588984
17216,2589024,44,2589068
17217,2589071,55,2589126
17218,2589359,91,2589450
17219,2589529,106,2589635
17220,2589685,45,2589730
17221,2589817,9,2589826
17222,2589910,1,2589911
17223,2590168,26,2590194
17224,2590338,28,2590366
17225,2590409,68,2590477
17226,2590875,99,2590974
17227,2591073,141,2591214
17228,2591221,23,2591244
17229,2591256,68,2591324
17230,2591431,73,2591504
17231,2591831,29,2591860
17232,2591868,26,2591894
17233,2592432,210,2592642
17234,2592950,106,2593056
17235,2593248,2,2593250
17236,2593274,38,2593312
17237,2593448,3,2593451
17238,2593478,54,2593532
17239,2593591,7,2593598
17240,2593604,47,2593651
17241,2593703,134,2593837
17242,2593869,16,2593885
17243,2593968,80,2594048
17244,2594064,85,2594149
17245,2594237,52,2594289
17246,2594541,8,2594549
17247,2594664,15,2594679
17248,2594900,89,2594989
17249,2595354,67,2595421
17250,2595499,7,2595506
17251,2595593,17,2595610
17252,2595919,12,2595931
17253,2596048,42,2596090
17254,2596133,19,2596152
17255,2596238,35,2596273
17256,2596372,2,2596374
17257,2596382,3,2596385
17258,2596599,7,2596606
17259,2596784,7,2596791
17260,2596846,103,2596949
17261,2597279,36,2597315
17262,2597336,62,2597398
17263,2597466,104,2597570
17264,2597654,134,2597788
17265,2597860,17,2597877
17266,2598136,42,2598178
17267,2598325,28,2598353
17268,2598402,12,2598414
17269,2598458,22,2598480
17270,2598572,67,2598639
17271,2598964,7,2598971
17272,2598993,113,2599106
17273,2599122,9,2599131
17274,2599244,13,2599257
17275,2599324,4,2599328
17276,2599437,29,2599466
17277,2599646,105,2599751
17278,2599768,65,2599833
17279,2599849,30,2599879
17280,2599930,64,2599994
17281,2600100,67,2600167
17282,2600305,89,2600394
17283,2600453,12,2600465
17284,2600796,62,2600858
17285,2600877,11,2600888
17286,2600903,43,2600946
17287,2600964,38,2601002
17288,2601123,69,2601192
17289,2601239,7,2601246
17290,2601316,36,2601352
17291,2601372,2,2601374
17292,2601419,51,2601470
17293,2601809,2,2601811
17294,2601857,3,2601860
17295,2601874,18,2601892
17296,2601930,1,2601931
17297,2602049,6,2602055
17298,2602107,45,2602152
17299,2602153,23,2602176
17300,2602450,28,2602478
17301,2602535,62,2602597
17302,2602643,35,2602678
17303,2602712,7,2602719
17304,2602900,19,2602919
17305,2602921,47,2602968
17306,2603024,1,2603025
17307,2603246,15,2603261
17308,2603338,1,2603339
17309,2603449,2,2603451
17310,2603467,11,2603478
17311,2603487,86,2603573
17312,2603758,54,2603812
17313,2603850,4,2603854
17314,2604015,50,2604065
17315,2604178,18,2604196
17316,2604209,19,2604228
17317,2604287,11,2604298
17318,2604395,21,2604416
17319,2604451,81,2604532
17320,2604603,7,2604610
17321,2604669,3,2604672
17322,2604740,14,2604754
17323,2605200,18,2605218
17324,2605232,35,2605267
17325,2605270,106,2605376
17326,2605424,283,2605707
17327,2605741,121,2605862
17328,2606048,20,2606068
17329,2606074,37,2606111
17330,2606313,10,2606323
17331,2606399,13,2606412
17332,2606478,15,2606493
17333,2606589,26,2606615
17334,2606750,15,2606765
17335,2606810,14,2606824
17336,2606965,85,2607050
17337,2607109,262,2607371
17338,2607580,19,2607599
17339,2607653,38,2607691
17340,2607842,16,2607858
17341,2607888,79,2607967
17342,2607979,1,2607980
17343,2607988,1,2607989
17344,2608034,137,2608171
17345,2608272,27,2608299
17346,2608341,7,2608348
17347,2608387,19,2608406
17348,2608423,5,2608428
17349,2608514,51,2608565
17350,2608807,20,2608827
17351,2608869,9,2608878
17352,2608948,1,2608949
17353,2608969,152,2609121
17354,2609266,5,2609271
17355,2609388,52,2609440
17356,2609541,15,2609556
17357,2609612,47,2609659
17358,2609874,89,2609963
17359,2610134,16,2610150
17360,2610708,95,2610803
17361,2610944,30,2610974
17362,2611015,181,2611196
17363,2611300,7,2611307
17364,2611515,105,2611620
17365,2611624,13,2611637
17366,2611741,16,2611757
17367,2611928,165,2612093
17368,2612629,40,2612669
17369,2612674,28,2612702
17370,2612794,16,2612810
17371,2612988,11,2612999
17372,2613255,2,2613257
17373,2613532,67,2613599
17374,2613668,76,2613744
17375,2613785,7,2613792
17376,2613800,3,2613803
17377,2613841,26,2613867
17378,2614179,3,2614182
17379,2614232,10,2614242
17380,2614254,125,2614379
17381,2614414,42,2614456
17382,2614475,4,2614479
17383,2614559,100,2614659
17384,2614707,113,2614820
17385,2614852,89,2614941
17386,2615157,65,2615222
17387,2615245,88,2615333
17388,2615335,147,2615482
17389,2615514,37,2615551
17390,2615637,110,2615747
17391,2615771,106,2615877
17392,2616087,28,2616115
17393,2616135,74,2616209
17394,2616265,26,2616291
17395,2616328,3,2616331
17396,2616377,3,2616380
17397,2616391,33,2616424
17398,2616446,6,2616452
17399,2616568,94,2616662
17400,2616909,76,2616985
17401,2617188,33,2617221
17402,2617401,8,2617409
17403,2617471,6,2617477
17404,2617637,130,2617767
17405,2617845,120,2617965
17406,2617985,40,2618025
17407,2618043,27,2618070
17408,2618249,95,2618344
17409,2618445,39,2618484
17410,2618640,43,2618683
17411,2618781,5,2618786
17412,2618964,136,2619100
17413,2619104,21,2619125
17414,2619171,38,2619209
17415,2619302,3,2619305
17416,2619347,67,2619414
17417,2619569,79,2619648
17418,2619772,1,2619773
17419,2619776,7,2619783
17420,2619843,34,2619877
17421,2619917,8,2619925
17422,2619928,34,2619962
17423,2619993,45,2620038
17424,2620063,168,2620231
17425,2620270,194,2620464
17426,2620482,65,2620547
17427,2620599,2,2620601
17428,2620900,24,2620924
17429,2620976,4,2620980
17430,2621180,22,2621202
17431,2621439,13,2621452
17432,2621462,68,2621530
17433,2621586,23,2621609
17434,2621702,7,2621709
17435,2621828,1,2621829
17436,2621912,6,2621918
17437,2621953,27,2621980
17438,2622167,35,2622202
17439,2622223,45,2622268
17440,2622348,11,2622359
17441,2622466,21,2622487
17442,2622729,6,2622735
17443,2622764,165,2622929
17444,2623093,181,2623274
17445,2623466,5,2623471
17446,2623475,34,2623509
17447,2623752,127,2623879
17448,2623964,95,2624059
17449,2624119,45,2624164
17450,2624208,121,2624329
17451,2624360,84,2624444
17452,2624477,70,2624547
17453,2624629,77,2624706
17454,2624775,70,2624845
17455,2624850,4,2624854
17456,2624889,43,2624932
17457,2624958,35,2624993
17458,2625258,52,2625310
17459,2625351,37,2625388
17460,2625673,59,2625732
17461,2625750,46,2625796
17462,2625946,2,2625948
17463,2625980,3,2625983
17464,2626154,43,2626197
17465,2626220,76,2626296
17466,2626364,7,2626371
17467,2626384,64,2626448
17468,2626456,33,2626489
17469,2626748,48,2626796
17470,2626939,4,2626943
17471,2627038,84,2627122
17472,2627133,119,2627252
17473,2627268,3,2627271
17474,2627343,186,2627529
17475,2627536,40,2627576
17476,2627766,7,2627773
17477,2628251,28,2628279
17478,2628370,60,2628430
17479,2628468,1,2628469
17480,2628602,19,2628621
17481,2628905,97,2629002
17482,2629232,84,2629316
17483,2629721,14,2629735
17484,2629806,111,2629917
17485,2629952,74,2630026
17486,2630146,13,2630159
17487,2630166,14,2630180
17488,2630208,92,2630300
17489,2630596,129,2630725
17490,2630761,103,2630864
17491,2630916,11,2630927
17492,2630937,3,2630940
17493,2630948,30,2630978
17494,2631167,62,2631229
17495,2631268,68,2631336
17496,2631337,56,2631393
17497,2631396,113,2631509
17498,2631660,42,2631702
17499,2631789,35,2631824
17500,2632063,30,2632093
17501,2632162,100,2632262
17502,2632484,64,2632548
17503,2632597,4,2632601
17504,2632616,37,2632653
17505,2632856,19,2632875
17506,2632929,158,2633087
17507,2633139,170,2633309
17508,2633406,39,2633445
17509,2633785,59,2633844
17510,2634020,25,2634045
17511,2634072,61,2634133
17512,2634153,269,2634422
17513,2634544,6,2634550
17514,2634668,11,2634679
17515,2634955,80,2635035
17516,2635221,91,2635312
17517,2635358,1,2635359
17518,2635423,74,2635497
17519,2635622,86,2635708
17520,2635775,54,2635829
17521,2636010,30,2636040
17522,2636053,5,2636058
17523,2636097,61,2636158
17524,2636440,33,2636473
17525,2636560,97,2636657
17526,2636724,95,2636819
17527,2636930,108,2637038
17528,2637103,19,2637122
17529,2637193,40,2637233
17530,2637239,118,2637357
17531,2637548,13,2637561
17532,2637571,39,2637610
17533,2637634,12,2637646
17534,2637762,28,2637790
17535,2637858,42,2637900
17536,2637958,1,2637959
17537,2638167,215,2638382
17538,2638523,46,2638569
17539,2638704,77,2638781
17540,2638896,84,2638980
17541,2639065,34,2639099
17542,2639158,71,2639229
17543,2639432,39,2639471
17544,2639493,56,2639549
17545,2639639,56,2639695
17546,2639706,100,2639806
17547,2639812,5,2639817
17548,2639886,50,2639936
17549,2640033,14,2640047
17550,2640092,2,2640094
17551,2640129,79,2640208
17552,2640348,113,2640461
17553,2640483,89,2640572
17554,2640687,3,2640690
17555,2640730,24,2640754
17556,2640874,5,2640879
17557,2641028,13,2641041
17558,2641194,32,2641226
17559,2641259,3,2641262
17560,2641471,2,2641473
17561,2641480,1,2641481
17562,2641499,64,2641563
17563,2642032,104,2642136
17564,2642150,122,2642272
17565,2642362,81,2642443
17566,2642721,24,2642745
17567,2642758,30,2642788
17568,2642829,23,2642852
17569,2642884,16,2642900
17570,2642916,17,2642933
17571,2642987,28,2643015
17572,2643018,61,2643079
17573,2643088,34,2643122
17574,2643196,44,2643240
17575,2643251,7,2643258
17576,2643281,14,2643295
17577,2643353,63,2643416
17578,2643761,19,2643780
17579,2643849,122,2643971
17580,2644127,54,2644181
17581,2644393,56,2644449
17582,2644585,25,2644610
17583,2644744,18,2644762
17584,2644776,3,2644779
17585,2644879,143,2645022
17586,2645055,96,2645151
17587,2645246,37,2645283
17588,2645477,1,2645478
17589,2645485,101,2645586
17590,2645658,54,2645712
17591,2645797,16,2645813
17592,2645836,81,2645917
17593,2645985,42,2646027
17594,2646099,30,2646129
17595,2646265,65,2646330
17596,2646727,17,2646744
17597,2646772,55,2646827
17598,2646919,15,2646934
17599,2646988,53,2647041
17600,2647045,8,2647053
17601,2647077,1,2647078
17602,2647095,31,2647126
17603,2647131,66,2647197
17604,2647239,19,2647258
17605,2647341,42,2647383
17606,2647672,6,2647678
17607,2647689,72,2647761
17608,2647917,11,2647928
17609,2647986,5,2647991
17610,2648048,41,2648089
17611,2648182,66,2648248
17612,2648554,37,2648591
17613,2648648,28,2648676
17614,2648688,5,2648693
17615,2648739,32,2648771
17616,2648841,9,2648850
17617,2648923,133,2649056
17618,2649181,24,2649205
17619,2649257,16,2649273
17620,2649293,56,2649349
17621,2649409,105,2649514
17622,2649535,63,2649598
17623,2649608,90,2649698
17624,2650018,77,2650095
17625,2650173,159,2650332
17626,2650341,74,2650415
17627,2650499,39,2650538
17628,2650561,64,2650625
17629,2650674,37,2650711
17630,2650733,29,2650762
17631,2650900,23,2650923
17632,2650957,75,2651032
17633,2651176,5,2651181
17634,2651213,77,2651290
17635,2651366,39,2651405
17636,2651431,66,2651497
17637,2651641,8,2651649
17638,2651738,14,2651752
17639,2651788,55,2651843
17640,2651846,3,2651849
17641,2652039,15,2652054
17642,2652170,4,2652174
17643,2652228,63,2652291
17644,2652296,21,2652317
17645,2652475,109,2652584
17646,2652618,178,2652796
17647,2653008,82,2653090
17648,2653417,65,2653482
17649,2653503,41,2653544
17650,2653592,101,2653693
17651,2653714,36,2653750
17652,2653854,46,2653900
17653,2654372,2,2654374
17654,2654379,105,2654484
17655,2654527,85,2654612
17656,2654983,70,2655053
17657,2655295,12,2655307
17658,2655398,9,2655407
17659,2655529,203,2655732
17660,2655918,20,2655938
17661,2655990,18,2656008
17662,2656081,21,2656102
17663,2656186,10,2656196
17664,2656202,55,2656257
17665,2656467,37,2656504
17666,2656597,5,2656602
17667,2656650,53,2656703
17668,2656720,9,2656729
17669,2657065,1,2657066
17670,2657103,10,2657113
17671,2657234,40,2657274
17672,2657528,22,2657550
17673,2657703,12,2657715
17674,2657953,114,2658067
17675,2658131,12,2658143
17676,2658244,61,2658305
17677,2658309,140,2658449
17678,2658485,67,2658552
17679,2658697,27,2658724
17680,2658725,21,2658746
17681,2658883,15,2658898
17682,2659037,36,2659073
17683,2659263,81,2659344
17684,2659422,35,2659457
17685,2659608,3,2659611
17686,2659616,8,2659624
17687,2659657,64,2659721
17688,2659734,27,2659761
17689,2659768,14,2659782
17690,2659947,200,2660147
17691,2660148,70,2660218
17692,2660281,7,2660288
17693,2660566,10,2660576
17694,2660720,6,2660726
17695,2660838,47,2660885
17696,2660947,10,2660957
17697,2661243,12,2661255
17698,2661352,18,2661370
17699,2661515,29,2661544
17700,2661585,11,2661596
17701,2661703,41,2661744
17702,2661922,210,2662132
17703,2662196,34,2662230
17704,2662348,9,2662357
17705,2662415,91,2662506
17706,2662524,13,2662537
17707,2662655,26,2662681
17708,2662793,3,2662796
17709,2662982,8,2662990
17710,2663266,41,2663307
17711,2663499,35,2663534
17712,2663917,113,2664030
17713,2664037,70,2664107
17714,2664504,67,2664571
17715,2664663,89,2664752
17716,2664814,7,2664821
17717,2665095,2,2665097
17718,2665142,16,2665158
17719,2665176,35,2665211
17720,2665228,18,2665246
17721,2665470,16,2665486
17722,2665544,12,2665556
17723,2665795,43,2665838
17724,2665867,65,2665932
17725,2665978,31,2666009
17726,2666175,65,2666240
17727,2666533,49,2666582
17728,2666606,93,2666699
17729,2666810,18,2666828
17730,2666903,115,2667018
17731,2667164,65,2667229
17732,2667283,13,2667296
17733,2667329,42,2667371
17734,2667459,14,2667473
17735,2667486,15,2667501
17736,2667504,25,2667529
17737,2667821,50,2667871
17738,2668003,67,2668070
17739,2668139,15,2668154
17740,2668246,10,2668256
17741,2668356,14,2668370
17742,2668581,69,2668650
17743,2668789,19,2668808
17744,2669038,9,2669047
17745,2669280,6,2669286
17746,2669330,13,2669343
17747,2669398,74,2669472
17748,2669571,91,2669662
17749,2669781,54,2669835
17750,2669853,15,2669868
17751,2669889,75,2669964
17752,2670005,78,2670083
17753,2670160,22,2670182
17754,2670184,39,2670223
17755,2670268,31,2670299
17756,2670350,50,2670400
17757,2670587,70,2670657
17758,2670851,22,2670873
17759,2670962,62,2671024
17760,2671084,51,2671135
17761,2671240,61,2671301
17762,2671303,176,2671479
17763,2671569,14,2671583
17764,2671741,9,2671750
17765,2671818,95,2671913
17766,2672059,22,2672081
17767,2672141,24,2672165
17768,2672277,132,2672409
17769,2672487,41,2672528
17770,2672545,44,2672589
17771,2672606,7,2672613
17772,2672647,67,2672714
17773,2672737,5,2672742
17774,2672874,189,2673063
17775,2673101,74,2673175
17776,2673187,99,2673286
17777,2673300,97,2673397
17778,2673602,20,2673622
17779,2673633,56,2673689
17780,2673723,53,2673776
17781,2673819,35,2673854
17782,2673863,30,2673893
17783,2674028,26,2674054
17784,2674119,5,2674124
17785,2674197,63,2674260
17786,2674501,24,2674525
17787,2674632,4,2674636
17788,2674804,20,2674824
17789,2674853,53,2674906
17790,2675000,3,2675003
17791,2675019,32,2675051
17792,2675054,18,2675072
17793,2675122,153,2675275
17794,2675359,30,2675389
17795,2675416,32,2675448
17796,2675496,6,2675502
17797,2675513,105,2675618
17798,2675712,10,2675722
17799,2675863,80,2675943
17800,2676017,31,2676048
17801,2676054,99,2676153
17802,2676224,13,2676237
17803,2676266,109,2676375
17804,2676400,9,2676409
17805,2676413,6,2676419
17806,2676608,59,2676667
17807,2677076,10,2677086
17808,2677111,24,2677135
17809,2677417,103,2677520
17810,2677574,80,2677654
17811,2677755,9,2677764
17812,2677889,11,2677900
17813,2677913,74,2677987
17814,2678088,57,2678145
17815,2678308,3,2678311
17816,2678690,145,2678835
17817,2678878,18,2678896
17818,2678906,19,2678925
17819,2679009,28,2679037
17820,2679149,55,2679204
17821,2679367,12,2679379
17822,2679608,29,2679637
17823,2679639,74,2679713
17824,2679804,8,2679812
17825,2679966,55,2680021
17826,2680035,36,2680071
17827,2680107,34,2680141
17828,2680349,7,2680356
17829,2680391,15,2680406
17830,2680435,174,2680609
17831,2680938,44,2680982
17832,2681191,68,2681259
17833,2681288,8,2681296
17834,2681357,40,2681397
17835,2681458,7,2681465
17836,2681754,49,2681803
17837,2682159,26,2682185
17838,2682229,33,2682262
17839,2682516,21,2682537
17840,2682541,27,2682568
17841,2682766,117,2682883
17842,2682884,31,2682915
17843,2683139,21,2683160
17844,2683375,28,2683403
17845,2683492,114,2683606
17846,2683716,71,2683787
17847,2683870,83,2683953
17848,2684020,16,2684036
17849,2684058,32,2684090
17850,2684192,152,2684344
17851,2684408,188,2684596
17852,2684756,21,2684777
17853,2684800,20,2684820
17854,2685040,22,2685062
17855,2685159,17,2685176
17856,2685213,96,2685309
17857,2685399,3,2685402
17858,2685432,58,2685490
17859,2685511,14,2685525
17860,2685642,66,2685708
17861,2685754,91,2685845
17862,2685876,57,2685933
17863,2686070,25,2686095
17864,2686231,36,2686267
17865,2686503,62,2686565
17866,2686603,41,2686644
17867,2687007,103,2687110
17868,2687378,6,2687384
17869,2687448,151,2687599
17870,2687611,12,2687623
17871,2687686,24,2687710
17872,2687722,24,2687746
17873,2687871,71,2687942
17874,2687980,12,2687992
17875,2688188,8,2688196
17876,2688229,46,2688275
17877,2688348,27,2688375
17878,2688482,85,2688567
17879,2688580,38,2688618
17880,2688632,132,2688764
17881,2688818,23,2688841
17882,2688996,2,2688998
17883,2689294,55,2689349
17884,2689380,32,2689412
17885,2689486,115,2689601
17886,2689611,3,2689614
17887,2689650,48,2689698
17888,2689884,177,2690061
17889,2690110,9,2690119
17890,2690367,23,2690390
17891,2690545,43,2690588
17892,2690592,95,2690687
17893,2690762,5,2690767
17894,2691201,27,2691228
17895,2691278,84,2691362
17896,2691419,53,2691472
17897,2691493,5,2691498
17898,2691515,9,2691524
17899,2691540,145,2691685
17900,2691717,21,2691738
17901,2692001,77,2692078
17902,2692145,10,2692155
17903,2692185,27,2692212
17904,2692232,79,2692311
17905,2692344,89,2692433
17906,2692537,83,2692620
17907,2692659,33,2692692
17908,2693061,7,2693068
17909,2693091,139,2693230
17910,2693360,37,2693397
17911,2693482,58,2693540
17912,2693658,31,2693689
17913,2693703,137,2693840
17914,2694041,12,2694053
17915,2694561,135,2694696
17916,2694886,34,2694920
17917,2694948,54,2695002
17918,2695355,57,2695412
17919,2695635,5,2695640
17920,2695807,19,2695826
17921,2695846,42,2695888
17922,2695986,98,2696084
17923,2696102,85,2696187
17924,2696613,40,2696653
17925,2696693,10,2696703
17926,2696736,11,2696747
17927,2696771,21,2696792
17928,2696866,10,2696876
17929,2696925,48,2696973
17930,2697272,263,2697535
17931,2697583,83,2697666
17932,2697974,12,2697986
17933,2698420,2,2698422
17934,2698483,5,2698488
17935,2698490,44,2698534
17936,2698952,32,2698984
17937,2699505,12,2699517
17938,2699641,74,2699715
17939,2700020,3,2700023
17940,2700241,47,2700288
17941,2700336,18,2700354
17942,2700429,20,2700449
17943,2700491,18,2700509
17944,2700570,4,2700574
17945,2700790,81,2700871
17946,2700980,70,2701050
17947,2701203,35,2701238
17948,2701498,18,2701516
17949,2701565,37,2701602
17950,2701661,20,2701681
17951,2701770,66,2701836
17952,2702057,64,2702121
17953,2702177,69,2702246
17954,2702428,42,2702470
17955,2702554,45,2702599
17956,2702753,87,2702840
17957,2702841,64,2702905
17958,2702928,65,2702993
17959,2703160,33,2703193
17960,2703232,21,2703253
17961,2703265,80,2703345
17962,2703390,6,2703396
17963,2703462,76,2703538
17964,2703808,48,2703856
17965,2703875,147,2704022
17966,2704391,34,2704425
17967,2704510,34,2704544
17968,2704567,8,2704575
17969,2704671,93,2704764
17970,2705028,131,2705159
17971,2705250,8,2705258
17972,2705261,70,2705331
17973,2705349,5,2705354
17974,2705429,17,2705446
17975,2705465,99,2705564
17976,2706121,19,2706140
17977,2706365,4,2706369
17978,2706428,39,2706467
17979,2706611,20,2706631
17980,2706779,13,2706792
17981,2707074,27,2707101
17982,2707217,9,2707226
17983,2707333,60,2707393
17984,2707576,28,2707604
17985,2707761,5,2707766
17986,2707835,31,2707866
17987,2707881,31,2707912
17988,2708012,181,2708193
17989,2708358,3,2708361
17990,2708504,52,2708556
17991,2708642,78,2708720
17992,2709007,23,2709030
17993,2709134,24,2709158
17994,2709240,54,2709294
17995,2709325,12,2709337
17996,2709400,20,2709420
17997,2709566,57,2709623
17998,2709691,38,2709729
17999,2709780,44,2709824
18000,2709935,25,2709960
18001,2709975,82,2710057
18002,2710141,14,2710155
18003,2710195,41,2710236
18004,2710386,82,2710468
18005,2710601,21,2710622
18006,2710625,29,2710654
18007,2710798,23,2710821
18008,2710871,13,2710884
18009,2710900,110,2711010
18010,2711019,102,2711121
18011,2711214,39,2711253
18012,2711297,35,2711332
18013,2711356,4,2711360
18014,2711361,49,2711410
18015,2711430,35,2711465
18016,2711686,40,2711726
18017,2711736,5,2711741
18018,2711744,3,2711747
18019,2711931,20,2711951
18020,2712191,16,2712207
18021,2712216,5,2712221
18022,2712277,41,2712318
18023,2712552,52,2712604
18024,2712654,83,2712737
18025,2712750,61,2712811
18026,2712961,4,2712965
18027,2713080,51,2713131
18028,2713133,6,2713139
18029,2713318,5,2713323
18030,2713354,50,2713404
18031,2713407,9,2713416
18032,2713435,56,2713491
18033,2713702,14,2713716
18034,2713777,11,2713788
18035,2713864,19,2713883
18036,2714239,71,2714310
18037,2714319,48,2714367
18038,2714406,82,2714488
18039,2714615,10,2714625
18040,2714674,8,2714682
18041,2714687,7,2714694
18042,2714874,21,2714895
18043,2714958,3,2714961
18044,2714965,91,2715056
18045,2715250,13,2715263
18046,2715282,57,2715339
18047,2715595,21,2715616
18048,2715637,43,2715680
18049,2715691,45,2715736
18050,2715802,8,2715810
18051,2715818,64,2715882
18052,2716049,4,2716053
18053,2716104,40,2716144
18054,2716249,9,2716258
18055,2716293,54,2716347
18056,2716468,116,2716584
18057,2716725,97,2716822
18058,2716862,61,2716923
18059,2717164,54,2717218
18060,2717290,118,2717408
18061,2717578,118,2717696
18062,2717722,48,2717770
18063,2717779,8,2717787
18064,2717880,154,2718034
18065,2718202,99,2718301
18066,2718314,110,2718424
18067,2718485,43,2718528
18068,2718539,93,2718632
18069,2718720,4,2718724
18070,2718738,120,2718858
18071,2719313,26,2719339
18072,2719464,82,2719546
18073,2719626,114,2719740
18074,2719861,11,2719872
18075,2719941,66,2720007
18076,2720070,20,2720090
18077,2720187,83,2720270
18078,2720351,11,2720362
18079,2720402,60,2720462
18080,2720487,50,2720537
18081,2720667,6,2720673
18082,2721131,24,2721155
18083,2721202,43,2721245
18084,2721649,32,2721681
18085,2721827,21,2721848
18086,2721893,26,2721919
18087,2722129,149,2722278
18088,2722302,26,2722328
18089,2722456,222,2722678
18090,2722679,102,2722781
18091,2723115,42,2723157
18092,2723202,5,2723207
18093,2723409,5,2723414
18094,2723441,48,2723489
18095,2723560,34,2723594
18096,2723736,5,2723741
18097,2723977,85,2724062
18098,2724279,17,2724296
18099,2724437,20,2724457
18100,2724476,8,2724484
18101,2724550,17,2724567
18102,2725030,160,2725190
18103,2725379,33,2725412
18104,2725479,65,2725544
18105,2725684,1,2725685
18106,2725718,30,2725748
18107,2725798,49,2725847
18108,2726057,206,2726263
18109,2726370,9,2726379
18110,2726459,7,2726466
18111,2726663,123,2726786
18112,2726887,41,2726928
18113,2726973,14,2726987
18114,2727028,31,2727059
18115,2727340,60,2727400
18116,2727415,57,2727472
18117,2727583,48,2727631
18118,2727699,34,2727733
18119,2727735,50,2727785
18120,2728216,6,2728222
18121,2728234,25,2728259
18122,2728352,29,2728381
18123,2728427,20,2728447
18124,2728465,6,2728471
18125,2728479,59,2728538
18126,2728572,58,2728630
18127,2729077,51,2729128
18128,2729200,111,2729311
18129,2729631,38,2729669
18130,2729721,13,2729734
18131,2729897,20,2729917
18132,2730089,5,2730094
18133,2730101,77,2730178
18134,2730346,15,2730361
18135,2730443,21,2730464
18136,2730479,39,2730518
18137,2730588,14,2730602
18138,2730799,28,2730827
18139,2730834,28,2730862
18140,2730896,41,2730937
18141,2731484,51,2731535
18142,2731689,118,2731807
18143,2731897,3,2731900
18144,2732014,31,2732045
18145,2732077,2,2732079
18146,2732204,39,2732243
18147,2732397,53,2732450
18148,2732486,60,2732546
18149,2732698,50,2732748
18150,2732789,54,2732843
18151,2732904,51,2732955
18152,2732956,17,2732973
18153,2732986,102,2733088
18154,2733166,66,2733232
18155,2733309,56,2733365
18156,2733367,15,2733382
18157,2733518,147,2733665
18158,2733771,6,2733777
18159,2734034,45,2734079
18160,2734295,75,2734370
18161,2734524,32,2734556
18162,2734630,95,2734725
18163,2734778,103,2734881
18164,2734906,37,2734943
18165,2734986,4,2734990
18166,2735000,194,2735194
18167,2735312,20,2735332
18168,2735589,51,2735640
18169,2735786,12,2735798
18170,2735906,37,2735943
18171,2735995,87,2736082
18172,2736278,1,2736279
18173,2736377,9,2736386
18174,2736454,78,2736532
18175,2736616,54,2736670
18176,2736810,29,2736839
18177,2736932,42,2736974
18178,2737002,4,2737006
18179,2737130,1,2737131
18180,2737182,149,2737331
18181,2737412,6,2737418
18182,2737482,203,2737685
18183,2737760,24,2737784
18184,2737895,53,2737948
18185,2738036,56,2738092
18186,2738385,29,2738414
18187,2738548,116,2738664
18188,2738677,16,2738693
18189,2738825,64,2738889
18190,2739110,7,2739117
18191,2739279,1,2739280
18192,2739341,60,2739401
18193,2739438,81,2739519
18194,2739528,101,2739629
18195,2739683,49,2739732
18196,2739746,122,2739868
18197,2739966,67,2740033
18198,2740094,77,2740171
18199,2740201,17,2740218
18200,2740359,20,2740379
18201,2740633,6,2740639
18202,2740645,30,2740675
18203,2740676,56,2740732
18204,2740761,104,2740865
18205,2740910,27,2740937
18206,2740968,99,2741067
18207,2741094,69,2741163
18208,2741166,37,2741203
18209,2741226,3,2741229
18210,2741262,45,2741307
18211,2741467,16,2741483
18212,2741487,27,2741514
18213,2741549,22,2741571
18214,2741758,34,2741792
18215,2741811,59,2741870
18216,2741908,55,2741963
18217,2742098,33,2742131
18218,2742138,6,2742144
18219,2742164,81,2742245
18220,2742505,8,2742513
18221,2742515,157,2742672
18222,2742689,65,2742754
18223,2742768,89,2742857
18224,2742957,57,2743014
18225,2743092,19,2743111
18226,2743124,52,2743176
18227,2743199,17,2743216
18228,2743223,65,2743288
18229,2743414,67,2743481
18230,2743557,84,2743641
18231,2743674,51,2743725
18232,2743798,36,2743834
18233,2743902,121,2744023
18234,2744079,72,2744151
18235,2744382,34,2744416
18236,2744638,4,2744642
18237,2744646,74,2744720
18238,2744781,86,2744867
18239,2745028,129,2745157
18240,2745184,19,2745203
18241,2745246,75,2745321
18242,2745336,122,2745458
18243,2745546,50,2745596
18244,2745640,47,2745687
18245,2745689,55,2745744
18246,2745872,7,2745879
18247,2745920,60,2745980
18248,2746012,32,2746044
18249,2746065,67,2746132
18250,2746209,10,2746219
18251,2746314,4,2746318
18252,2746398,29,2746427
18253,2746467,5,2746472
18254,2746678,118,2746796
18255,2746849,81,2746930
18256,2747091,9,2747100
18257,2747102,2,2747104
18258,2747116,161,2747277
18259,2747363,2,2747365
18260,2747409,2,2747411
18261,2747433,49,2747482
18262,2747595,55,2747650
18263,2747657,23,2747680
18264,2747783,3,2747786
18265,2747889,26,2747915
18266,2747990,51,2748041
18267,2748101,56,2748157
18268,2748222,20,2748242
18269,2748551,1,2748552
18270,2748556,4,2748560
18271,2748599,34,2748633
18272,2748669,138,2748807
18273,2748830,45,2748875
18274,2748982,4,2748986
18275,2749184,15,2749199
18276,2749223,68,2749291
18277,2749292,11,2749303
18278,2749372,74,2749446
18279,2749583,21,2749604
18280,2749724,50,2749774
18281,2749805,79,2749884
18282,2749915,58,2749973
18283,2750069,34,2750103
18284,2750169,31,2750200
18285,2750307,32,2750339
18286,2750558,57,2750615
18287,2750635,11,2750646
18288,2750771,8,2750779
18289,2750857,82,2750939
18290,2751045,5,2751050
18291,2751055,12,2751067
18292,2751075,38,2751113
18293,2751133,118,2751251
18294,2751330,88,2751418
18295,2751486,13,2751499
18296,2751508,13,2751521
18297,2751765,4,2751769
18298,2751810,97,2751907
18299,2751947,9,2751956
18300,2751964,9,2751973
18301,2752117,35,2752152
18302,2752232,58,2752290
18303,2752340,25,2752365
18304,2752484,23,2752507
18305,2752535,51,2752586
18306,2752734,26,2752760
18307,2752938,13,2752951
18308,2753010,8,2753018
18309,2753302,66,2753368
18310,2753384,18,2753402
18311,2753405,19,2753424
18312,2753640,11,2753651
18313,2753717,29,2753746
18314,2753793,33,2753826
18315,2753943,13,2753956
18316,2754004,55,2754059
18317,2754134,40,2754174
18318,2754176,59,2754235
18319,2754303,1,2754304
18320,2754411,205,2754616
18321,2754676,284,2754960
18322,2755172,43,2755215
18323,2755289,125,2755414
18324,2755447,69,2755516
18325,2755563,33,2755596
18326,2755598,7,2755605
18327,2755915,83,2755998
18328,2756112,43,2756155
18329,2756495,36,2756531
18330,2756685,31,2756716
18331,2756737,18,2756755
18332,2756784,43,2756827
18333,2756935,28,2756963
18334,2757355,93,2757448
18335,2757491,67,2757558
18336,2757574,60,2757634
18337,2757699,38,2757737
18338,2757791,57,2757848
18339,2757854,64,2757918
18340,2757920,101,2758021
18341,2758057,46,2758103
18342,2758125,52,2758177
18343,2758254,186,2758440
18344,2758454,66,2758520
18345,2758624,104,2758728
18346,2758825,4,2758829
18347,2758945,65,2759010
18348,2759066,31,2759097
18349,2759277,40,2759317
18350,2759408,6,2759414
18351,2759551,76,2759627
18352,2759847,15,2759862
18353,2759871,66,2759937
18354,2760063,44,2760107
18355,2760278,115,2760393
18356,2760416,82,2760498
18357,2760572,4,2760576
18358,2760883,1,2760884
18359,2760959,43,2761002
18360,2761008,2,2761010
18361,2761241,8,2761249
18362,2761341,6,2761347
18363,2761387,51,2761438
18364,2761545,170,2761715
18365,2761849,26,2761875
18366,2762236,11,2762247
18367,2762287,96,2762383
18368,2762427,12,2762439
18369,2762602,8,2762610
18370,2762793,149,2762942
18371,2762956,27,2762983
18372,2763008,174,2763182
18373,2763425,22,2763447
18374,2763461,31,2763492
18375,2763511,8,2763519
18376,2763588,2,2763590
18377,2763668,26,2763694
18378,2764036,62,2764098
18379,2764120,37,2764157
18380,2764161,36,2764197
18381,2764252,23,2764275
18382,2764300,18,2764318
18383,2764352,27,2764379
18384,2764429,7,2764436
18385,2764453,18,2764471
18386,2764671,112,2764783
18387,2764870,69,2764939
18388,2764993,26,2765019
18389,2765265,5,2765270
18390,2765608,50,2765658
18391,2765768,106,2765874
18392,2765978,13,2765991
18393,2766224,40,2766264
18394,2766319,65,2766384
18395,2766959,35,2766994
18396,2767106,117,2767223
18397,2767318,114,2767432
18398,2767485,5,2767490
18399,2767646,50,2767696
18400,2767729,53,2767782
18401,2767802,55,2767857
18402,2767921,49,2767970
18403,2768033,19,2768052
18404,2768321,159,2768480
18405,2768571,78,2768649
18406,2768678,8,2768686
18407,2768821,115,2768936
18408,2768966,150,2769116
18409,2769282,123,2769405
18410,2769563,7,2769570
18411,2769639,8,2769647
18412,2769685,29,2769714
18413,2769816,8,2769824
18414,2769906,37,2769943
18415,2770029,3,2770032
18416,2770100,18,2770118
18417,2770234,40,2770274
18418,2770323,44,2770367
18419,2770532,36,2770568
18420,2770749,42,2770791
18421,2770806,52,2770858
18422,2771049,38,2771087
18423,2771100,16,2771116
18424,2771192,95,2771287
18425,2771350,32,2771382
18426,2771609,52,2771661
18427,2771685,133,2771818
18428,2771826,53,2771879
18429,2771900,25,2771925
18430,2771988,56,2772044
18431,2772064,4,2772068
18432,2772166,16,2772182
18433,2772204,10,2772214
18434,2772373,2,2772375
18435,2772467,38,2772505
18436,2772599,2,2772601
18437,2772677,16,2772693
18438,2772895,13,2772908
18439,2772987,27,2773014
18440,2773170,9,2773179
18441,2773458,11,2773469
18442,2773600,44,2773644
18443,2773803,67,2773870
18444,2773990,5,2773995
18445,2774107,64,2774171
18446,2774309,76,2774385
18447,2774403,4,2774407
18448,2774417,55,2774472
18449,2774561,7,2774568
18450,2774604,22,2774626
18451,2774747,60,2774807
18452,2774851,17,2774868
18453,2774897,8,2774905
18454,2775078,76,2775154
18455,2775179,128,2775307
18456,2775381,14,2775395
18457,2775433,72,2775505
18458,2775556,41,2775597
18459,2776015,69,2776084
18460,2776123,28,2776151
18461,2776311,53,2776364
18462,2776425,64,2776489
18463,2776516,17,2776533
18464,2776615,2,2776617
18465,2776637,28,2776665
18466,2776808,5,2776813
18467,2777057,31,2777088
18468,2777179,150,2777329
18469,2777349,4,2777353
18470,2777401,165,2777566
18471,2777614,8,2777622
18472,2777693,4,2777697
18473,2777862,280,2778142
18474,2778273,11,2778284
18475,2778344,38,2778382
18476,2778408,14,2778422
18477,2778833,73,2778906
18478,2778913,116,2779029
18479,2779054,115,2779169
18480,2779173,15,2779188
18481,2779237,75,2779312
18482,2779356,13,2779369
18483,2779448,61,2779509
18484,2779636,26,2779662
18485,2779727,10,2779737
18486,2779829,95,2779924
18487,2779985,52,2780037
18488,2780165,71,2780236
18489,2780333,7,2780340
18490,2780541,2,2780543
18491,2780549,12,2780561
18492,2780796,7,2780803
18493,2780811,44,2780855
18494,2780871,30,2780901
18495,2780936,213,2781149
18496,2781236,17,2781253
18497,2781266,11,2781277
18498,2781289,2,2781291
18499,2781569,27,2781596
18500,2781647,211,2781858
18501,2781984,95,2782079
18502,2782170,5,2782175
18503,2782243,15,2782258
18504,2782332,40,2782372
18505,2782557,143,2782700
18506,2782862,41,2782903
18507,2782983,92,2783075
18508,2783139,1,2783140
18509,2783202,27,2783229
18510,2783322,43,2783365
18511,2783379,68,2783447
18512,2783463,54,2783517
18513,2783537,48,2783585
18514,2783763,62,2783825
18515,2783837,81,2783918
18516,2783965,27,2783992
18517,2784613,34,2784647
18518,2784659,24,2784683
18519,2784717,35,2784752
18520,2784842,52,2784894
18521,2784935,31,2784966
18522,2785000,4,2785004
18523,2785143,32,2785175
18524,2785198,141,2785339
18525,2785348,25,2785373
18526,2785446,7,2785453
18527,2785461,47,2785508
18528,2785552,86,2785638
18529,2785693,32,2785725
18530,2785752,6,2785758
18531,2785854,28,2785882
18532,2786080,8,2786088
18533,2786115,24,2786139
18534,2786210,19,2786229
18535,2786437,72,2786509
18536,2786630,170,2786800
18537,2786851,25,2786876
18538,2786921,60,2786981
18539,2787119,30,2787149
18540,2787279,7,2787286
18541,2787318,92,2787410
18542,2787424,91,2787515
18543,2787517,30,2787547
18544,2787673,46,2787719
18545,2787739,141,2787880
18546,2787907,28,2787935
18547,2787999,30,2788029
18548,2788032,52,2788084
18549,2788141,55,2788196
18550,2788321,38,2788359
18551,2788509,27,2788536
18552,2788639,116,2788755
18553,2789012,49,2789061
18554,2789164,140,2789304
18555,2789385,22,2789407
18556,2789480,67,2789547
18557,2789603,10,2789613
18558,2789787,39,2789826
18559,2789999,74,2790073
18560,2790110,36,2790146
18561,2790231,10,2790241
18562,2790309,62,2790371
18563,2790384,52,2790436
18564,2790472,205,2790677
18565,2790684,59,2790743
18566,2790878,27,2790905
18567,2790973,39,2791012
18568,2791124,65,2791189
18569,2791257,70,2791327
18570,2791503,38,2791541
18571,2791639,14,2791653
18572,2791945,18,2791963
18573,2792010,78,2792088
18574,2792095,50,2792145
18575,2792167,12,2792179
18576,2792221,59,2792280
18577,2792284,64,2792348
18578,2792373,69,2792442
18579,2792484,6,2792490
18580,2792550,86,2792636
18581,2792648,47,2792695
18582,2792702,33,2792735
18583,2792865,17,2792882
18584,2793020,9,2793029
18585,2793051,37,2793088
18586,2793241,39,2793280
18587,2793431,29,2793460
18588,2793585,91,2793676
18589,2793730,73,2793803
18590,2793885,7,2793892
18591,2793896,85,2793981
18592,2794135,32,2794167
18593,2794190,16,2794206
18594,2794352,103,2794455
18595,2794545,9,2794554
18596,2794598,147,2794745
18597,2794972,36,2795008
18598,2795226,15,2795241
18599,2795321,72,2795393
18600,2795414,27,2795441
18601,2795512,9,2795521
18602,2795624,99,2795723
18603,2796031,102,2796133
18604,2796269,100,2796369
18605,2796434,16,2796450
18606,2796473,4,2796477
18607,2796484,4,2796488
18608,2796570,12,2796582
18609,2796602,235,2796837
18610,2796888,4,2796892
18611,2796949,57,2797006
18612,2797064,70,2797134
18613,2797358,6,2797364
18614,2797400,10,2797410
18615,2797483,129,2797612
18616,2797673,34,2797707
18617,2797816,43,2797859
18618,2797909,72,2797981
18619,2798056,335,2798391
18620,2798496,11,2798507
18621,2798544,11,2798555
18622,2798717,22,2798739
18623,2798877,280,2799157
18624,2799170,101,2799271
18625,2799605,62,2799667
18626,2799759,193,2799952
18627,2800214,8,2800222
18628,2800223,4,2800227
18629,2800529,42,2800571
18630,2800623,23,2800646
18631,2800651,9,2800660
18632,2800751,41,2800792
18633,2800930,81,2801011
18634,2801192,2,2801194
18635,2801341,54,2801395
18636,2801606,63,2801669
18637,2801834,3,2801837
18638,2801935,62,2801997
18639,2802003,240,2802243
18640,2802305,52,2802357
18641,2802436,137,2802573
18642,2802586,40,2802626
18643,2802683,17,2802700
18644,2802793,62,2802855
18645,2802915,32,2802947
18646,2803036,54,2803090
18647,2803124,19,2803143
18648,2803171,130,2803301
18649,2803307,85,2803392
18650,2803609,47,2803656
18651,2803925,18,2803943
18652,2803949,105,2804054
18653,2804074,41,2804115
18654,2804135,20,2804155
18655,2804208,107,2804315
18656,2804374,101,2804475
18657,2804752,61,2804813
18658,2804898,13,2804911
18659,2805014,60,2805074
18660,2805119,10,2805129
18661,2805195,67,2805262
18662,2805398,80,2805478
18663,2805605,31,2805636
18664,2805659,104,2805763
18665,2805989,15,2806004
18666,2806259,3,2806262
18667,2806321,81,2806402
18668,2806553,55,2806608
18669,2806768,80,2806848
18670,2806916,83,2806999
18671,2807074,177,2807251
18672,2807503,21,2807524
18673,2807540,73,2807613
18674,2807702,74,2807776
18675,2807904,70,2807974
18676,2808032,3,2808035
18677,2808094,24,2808118
18678,2808282,7,2808289
18679,2808319,44,2808363
18680,2808409,120,2808529
18681,2808534,4,2808538
18682,2808630,68,2808698
18683,2808936,25,2808961
18684,2809089,4,2809093
18685,2809150,59,2809209
18686,2809215,46,2809261
18687,2809305,16,2809321
18688,2809554,7,2809561
18689,2809608,88,2809696
18690,2809748,26,2809774
18691,2809795,134,2809929
18692,2810144,40,2810184
18693,2810215,36,2810251
18694,2810521,38,2810559
18695,2810593,27,2810620
18696,2810816,8,2810824
18697,2810975,6,2810981
18698,2811015,24,2811039
18699,2811227,49,2811276
18700,2811541,156,2811697
18701,2811820,49,2811869
18702,2812102,17,2812119
18703,2812165,79,2812244
18704,2812270,22,2812292
18705,2812326,77,2812403
18706,2812448,130,2812578
18707,2812686,87,2812773
18708,2812865,49,2812914
18709,2812967,50,2813017
18710,2813140,22,2813162
18711,2813215,45,2813260
18712,2813270,56,2813326
18713,2813387,33,2813420
18714,2813627,193,2813820
18715,2814057,8,2814065
18716,2814102,142,2814244
18717,2814314,33,2814347
18718,2814496,14,2814510
18719,2814550,19,2814569
18720,2814611,91,2814702
18721,2815446,23,2815469
18722,2815551,16,2815567
18723,2815648,93,2815741
18724,2815830,18,2815848
18725,2816244,16,2816260
18726,2816328,47,2816375
18727,2816421,1,2816422
18728,2816507,23,2816530
18729,2816568,76,2816644
18730,2816758,37,2816795
18731,2816843,88,2816931
18732,2816935,107,2817042
18733,2817243,22,2817265
18734,2817608,31,2817639
18735,2817706,13,2817719
18736,2818033,31,2818064
18737,2818091,58,2818149
18738,2818154,39,2818193
18739,2818235,7,2818242
18740,2818328,8,2818336
18741,2818827,1,2818828
18742,2819084,28,2819112
18743,2819165,21,2819186
18744,2819293,70,2819363
18745,2819431,68,2819499
18746,2819599,6,2819605
18747,2819807,12,2819819
18748,2819842,24,2819866
18749,2819887,68,2819955
18750,2819960,233,2820193
18751,2820585,161,2820746
18752,2820781,48,2820829
18753,2820908,80,2820988
18754,2821168,119,2821287
18755,2821411,155,2821566
18756,2821616,34,2821650
18757,2821656,73,2821729
18758,2821864,158,2822022
18759,2822041,90,2822131
18760,2822212,60,2822272
18761,2822330,2,2822332
18762,2822503,34,2822537
18763,2822660,7,2822667
18764,2822799,29,2822828
18765,2822890,5,2822895
18766,2822914,11,2822925
18767,2823029,11,2823040
18768,2823520,18,2823538
18769,2823576,15,2823591
18770,2823769,5,2823774
18771,2823825,17,2823842
18772,2823911,83,2823994
18773,2824118,75,2824193
18774,2824230,21,2824251
18775,2824318,80,2824398
18776,2824494,10,2824504
18777,2824529,33,2824562
18778,2824635,35,2824670
18779,2824790,197,2824987
18780,2824990,72,2825062
18781,2825125,7,2825132
18782,2825451,29,2825480
18783,2825499,2,2825501
18784,2825515,36,2825551
18785,2825554,50,2825604
18786,2825800,77,2825877
18787,2825986,51,2826037
18788,2826055,109,2826164
18789,2826329,20,2826349
18790,2826555,73,2826628
18791,2826707,35,2826742
18792,2826796,24,2826820
18793,2827319,46,2827365
18794,2827811,58,2827869
18795,2827920,48,2827968
18796,2828030,48,2828078
18797,2828211,31,2828242
18798,2828365,10,2828375
18799,2828425,23,2828448
18800,2828504,53,2828557
18801,2828587,2,2828589
18802,2828733,44,2828777
18803,2828835,101,2828936
18804,2828944,34,2828978
18805,2829149,25,2829174
18806,2829350,17,2829367
18807,2829464,27,2829491
18808,2829527,21,2829548
18809,2829813,13,2829826
18810,2829844,48,2829892
18811,2829933,73,2830006
18812,2830160,13,2830173
18813,2830229,89,2830318
18814,2830589,9,2830598
18815,2830750,47,2830797
18816,2830804,98,2830902
18817,2830924,26,2830950
18818,2831002,55,2831057
18819,2831092,54,2831146
18820,2831156,1,2831157
18821,2831223,22,2831245
18822,2831248,11,2831259
18823,2831294,2,2831296
18824,2831390,43,2831433
18825,2831533,46,2831579
18826,2831664,18,2831682
18827,2831737,34,2831771
18828,2831972,39,2832011
18829,2832012,8,2832020
18830,2832133,84,2832217
18831,2832411,28,2832439
18832,2832585,35,2832620
18833,2832699,4,2832703
18834,2832709,55,2832764
18835,2832775,77,2832852
18836,2832963,4,2832967
18837,2833110,2,2833112
18838,2833158,24,2833182
18839,2833320,43,2833363
18840,2833455,51,2833506
18841,2833795,16,2833811
18842,2833817,57,2833874
18843,2833900,46,2833946
18844,2833998,18,2834016
18845,2834140,127,2834267
18846,2834389,7,2834396
18847,2834485,62,2834547
18848,2834666,5,2834671
18849,2834726,11,2834737
18850,2834981,23,2835004
18851,2835054,4,2835058
18852,2835155,71,2835226
18853,2835237,26,2835263
18854,2835287,62,2835349
18855,2835562,117,2835679
18856,2835748,86,2835834
18857,2835896,15,2835911
18858,2835958,4,2835962
18859,2836086,6,2836092
18860,2836094,8,2836102
18861,2836128,30,2836158
18862,2836186,13,2836199
18863,2836264,39,2836303
18864,2836392,120,2836512
18865,2836640,16,2836656
18866,2836892,22,2836914
18867,2836946,4,2836950
18868,2837166,173,2837339
18869,2837353,38,2837391
18870,2837419,97,2837516
18871,2837809,11,2837820
18872,2837969,31,2838000
18873,2838071,13,2838084
18874,2838092,26,2838118
18875,2838143,62,2838205
18876,2838465,63,2838528
18877,2838531,57,2838588
18878,2838686,104,2838790
18879,2838988,45,2839033
18880,2839038,15,2839053
18881,2839108,16,2839124
18882,2839138,5,2839143
18883,2839318,63,2839381
18884,2839525,10,2839535
18885,2839949,82,2840031
18886,2840137,21,2840158
18887,2840350,6,2840356
18888,2840526,118,2840644
18889,2840684,33,2840717
18890,2840726,20,2840746
18891,2840767,42,2840809
18892,2840811,5,2840816
18893,2840851,59,2840910
18894,2841037,1,2841038
18895,2841143,49,2841192
18896,2841451,61,2841512
18897,2841749,60,2841809
18898,2842134,91,2842225
18899,2842381,148,2842529
18900,2842590,110,2842700
18901,2842792,16,2842808
18902,2843021,150,2843171
18903,2843262,22,2843284
18904,2843354,117,2843471
18905,2843481,12,2843493
18906,2843811,40,2843851
18907,2843916,51,2843967
18908,2844079,33,2844112
18909,2844501,45,2844546
18910,2844646,126,2844772
18911,2844788,40,2844828
18912,2844938,101,2845039
18913,2845625,78,2845703
18914,2845747,175,2845922
18915,2845933,79,2846012
18916,2846057,15,2846072
18917,2846077,213,2846290
18918,2846573,13,2846586
18919,2846967,38,2847005
18920,2847111,13,2847124
18921,2847180,9,2847189
18922,2847350,17,2847367
18923,2847384,33,2847417
18924,2847545,24,2847569
18925,2847592,66,2847658
18926,2847785,14,2847799
18927,2847912,44,2847956
18928,2848042,49,2848091
18929,2848184,3,2848187
18930,2848496,28,2848524
18931,2848815,24,2848839
18932,2848902,42,2848944
18933,2849131,23,2849154
18934,2849248,34,2849282
18935,2849332,110,2849442
18936,2849457,19,2849476
18937,2849691,55,2849746
18938,2849762,169,2849931
18939,2850015,63,2850078
18940,2850226,1,2850227
18941,2850250,8,2850258
18942,2850286,117,2850403
18943,2850549,4,2850553
18944,2850596,85,2850681
18945,2850699,92,2850791
18946,2850956,80,2851036
18947,2851202,138,2851340
18948,2851415,82,2851497
18949,2851537,18,2851555
18950,2852251,31,2852282
18951,2852329,51,2852380
18952,2852430,28,2852458
18953,2852507,2,2852509
18954,2852563,13,2852576
18955,2852665,156,2852821
18956,2852829,55,2852884
18957,2853073,36,2853109
18958,2853198,12,2853210
18959,2853317,5,2853322
18960,2853467,152,2853619
18961,2853630,37,2853667
18962,2853671,65,2853736
18963,2853887,17,2853904
18964,2853939,2,2853941
18965,2853999,79,2854078
18966,2854120,98,2854218
18967,2854292,22,2854314
18968,2854440,24,2854464
18969,2854650,44,2854694
18970,2854700,8,2854708
18971,2854789,83,2854872
18972,2854950,27,2854977
18973,2855088,31,2855119
18974,2855133,12,2855145
18975,2855158,12,2855170
18976,2855291,90,2855381
18977,2855389,81,2855470
18978,2855533,73,2855606
18979,2855615,41,2855656
18980,2855832,65,2855897
18981,2855972,66,2856038
18982,2856043,124,2856167
18983,2856189,153,2856342
18984,2856590,83,2856673
18985,2856693,19,2856712
18986,2856749,14,2856763
18987,2856885,4,2856889
18988,2857082,28,2857110
18989,2857276,170,2857446
18990,2857724,155,2857879
18991,2857979,188,2858167
18992,2858379,8,2858387
18993,2858486,41,2858527
18994,2858663,13,2858676
18995,2858888,15,2858903
18996,2859052,96,2859148
18997,2859325,119,2859444
18998,2859530,7,2859537
18999,2859577,267,2859844
19000,2859943,35,2859978
19001,2860218,28,2860246
19002,2860306,8,2860314
19003,2860368,15,2860383
19004,2860665,62,2860727
19005,2860773,50,2860823
19006,2860849,39,2860888
19007,2860907,18,2860925
19008,2860991,204,2861195
19009,2861281,139,2861420
19010,2861812,10,2861822
19011,2861851,37,2861888
19012,2862054,20,2862074
19013,2862208,45,2862253
19014,2862392,23,2862415
19015,2862624,13,2862637
19016,2862698,32,2862730
19017,2862782,37,2862819
19018,2862882,68,2862950
19019,2862981,53,2863034
19020,2863057,18,2863075
19021,2863179,169,2863348
19022,2863412,16,2863428
19023,2863435,188,2863623
19024,2864118,118,2864236
19025,2864252,64,2864316
19026,2864342,16,2864358
19027,2864892,73,2864965
19028,2865052,93,2865145
19029,2865233,1,2865234
19030,2865298,115,2865413
19031,2865479,150,2865629
19032,2865751,264,2866015
19033,2866112,115,2866227
19034,2866373,17,2866390
19035,2866414,73,2866487
19036,2866565,15,2866580
19037,2866639,63,2866702
19038,2866844,70,2866914
19039,2866986,8,2866994
19040,2867033,144,2867177
19041,2867292,17,2867309
19042,2867331,91,2867422
19043,2867538,258,2867796
19044,2867797,46,2867843
19045,2867910,93,2868003
19046,2868025,3,2868028
19047,2868046,1,2868047
19048,2868080,43,2868123
19049,2868422,29,2868451
19050,2868573,13,2868586
19051,2868614,46,2868660
19052,2868694,40,2868734
19053,2868762,20,2868782
19054,2868835,56,2868891
19055,2868930,66,2868996
19056,2869179,23,2869202
19057,2869254,70,2869324
19058,2869494,11,2869505
19059,2869587,10,2869597
19060,2869696,8,2869704
19061,2869707,71,2869778
19062,2869868,20,2869888
19063,2870046,32,2870078
19064,2870336,24,2870360
19065,2870418,32,2870450
19066,2870489,4,2870493
19067,2870539,20,2870559
19068,2870825,2,2870827
19069,2871022,61,2871083
19070,2871105,19,2871124
19071,2871193,56,2871249
19072,2871274,48,2871322
19073,2871486,185,2871671
19074,2871835,6,2871841
19075,2871849,14,2871863
19076,2871945,51,2871996
19077,2872069,31,2872100
19078,2872461,17,2872478
19079,2872532,10,2872542
19080,2872620,291,2872911
19081,2872993,7,2873000
19082,2873032,82,2873114
19083,2873159,29,2873188
19084,2873205,106,2873311
19085,2873483,46,2873529
19086,2873599,4,2873603
19087,2873614,23,2873637
19088,2873705,109,2873814
19089,2873918,117,2874035
19090,2874101,77,2874178
19091,2874270,123,2874393
19092,2874438,43,2874481
19093,2874578,27,2874605
19094,2874959,1,2874960
19095,2874989,34,2875023
19096,2875144,23,2875167
19097,2875171,33,2875204
19098,2875316,64,2875380
19099,2875527,19,2875546
19100,2875673,108,2875781
19101,2875846,8,2875854
19102,2875987,64,2876051
19103,2876268,48,2876316
19104,2876501,10,2876511
19105,2876656,2,2876658
19106,2876732,152,2876884
19107,2877053,5,2877058
19108,2877121,44,2877165
19109,2877446,91,2877537
19110,2877551,63,2877614
19111,2877766,25,2877791
19112,2877876,7,2877883
19113,2877914,64,2877978
19114,2878011,78,2878089
19115,2878191,104,2878295
19116,2878329,2,2878331
19117,2878473,9,2878482
19118,2878552,61,2878613
19119,2878620,102,2878722
19120,2878736,45,2878781
19121,2878833,27,2878860
19122,2879010,12,2879022
19123,2879047,64,2879111
19124,2879363,4,2879367
19125,2879381,5,2879386
19126,2879419,68,2879487
19127,2879530,56,2879586
19128,2879768,31,2879799
19129,2879800,89,2879889
19130,2880098,24,2880122
19131,2880151,63,2880214
19132,2880216,26,2880242
19133,2880255,6,2880261
19134,2880484,160,2880644
19135,2880694,15,2880709
19136,2880717,22,2880739
19137,2880799,27,2880826
19138,2880853,29,2880882
19139,2880994,20,2881014
19140,2881279,14,2881293
19141,2881300,240,2881540
19142,2881560,12,2881572
19143,2881732,2,2881734
19144,2881804,7,2881811
19145,2882012,70,2882082
19146,2882096,37,2882133
19147,2882555,33,2882588
19148,2882701,26,2882727
19149,2882990,5,2882995
19150,2883134,167,2883301
19151,2883349,30,2883379
19152,2883553,6,2883559
19153,2883673,77,2883750
19154,2883845,13,2883858
19155,2883887,6,2883893
19156,2883927,38,2883965
19157,2884041,101,2884142
19158,2884212,7,2884219
19159,2884248,15,2884263
19160,2884273,48,2884321
19161,2884552,77,2884629
19162,2884843,92,2884935
19163,2885080,34,2885114
19164,2885115,55,2885170
19165,2885188,138,2885326
19166,2885574,68,2885642
19167,2885809,11,2885820
19168,2885918,11,2885929
19169,2886002,52,2886054
19170,2886144,99,2886243
19171,2886252,35,2886287
19172,2886300,21,2886321
19173,2886322,49,2886371
19174,2886573,23,2886596
19175,2886628,59,2886687
19176,2886892,3,2886895
19177,2886917,18,2886935
19178,2886952,57,2887009
19179,2887051,53,2887104
19180,2887158,7,2887165
19181,2887289,81,2887370
19182,2887408,65,2887473
19183,2887614,13,2887627
19184,2887658,72,2887730
19185,2887964,122,2888086
19186,2888146,12,2888158
19187,2888420,43,2888463
19188,2888578,24,2888602
19189,2888617,25,2888642
19190,2888757,2,2888759
19191,2888817,33,2888850
19192,2888929,18,2888947
19193,2889013,71,2889084
19194,2889124,18,2889142
19195,2889273,1,2889274
19196,2889340,33,2889373
19197,2889588,9,2889597
19198,2890174,19,2890193
19199,2890230,79,2890309
19200,2890493,104,2890597
19201,2890619,9,2890628
19202,2890937,192,2891129
19203,2891252,143,2891395
19204,2891443,51,2891494
19205,2891530,1,2891531
19206,2891735,54,2891789
19207,2891879,23,2891902
19208,2891942,180,2892122
19209,2892226,3,2892229
19210,2892417,63,2892480
19211,2892489,51,2892540
19212,2892571,4,2892575
19213,2892707,56,2892763
19214,2892875,12,2892887
19215,2892925,85,2893010
19216,2893094,104,2893198
19217,2893230,23,2893253
19218,2893336,59,2893395
19219,2893482,23,2893505
19220,2893623,21,2893644
19221,2893704,10,2893714
19222,2893734,24,2893758
19223,2893810,2,2893812
19224,2893839,77,2893916
19225,2893932,9,2893941
19226,2894012,212,2894224
19227,2894252,12,2894264
19228,2894334,196,2894530
19229,2894581,47,2894628
19230,2894653,69,2894722
19231,2894768,52,2894820
19232,2894845,1,2894846
19233,2894865,43,2894908
19234,2895000,63,2895063
19235,2895085,65,2895150
19236,2895253,105,2895358
19237,2895363,34,2895397
19238,2895474,132,2895606
19239,2895644,67,2895711
19240,2895732,4,2895736
19241,2895859,31,2895890
19242,2896001,26,2896027
19243,2896040,73,2896113
19244,2896134,18,2896152
19245,2896202,17,2896219
19246,2896266,3,2896269
19247,2896352,70,2896422
19248,2896443,15,2896458
19249,2896486,69,2896555
19250,2896793,41,2896834
19251,2896998,175,2897173
19252,2897328,111,2897439
19253,2897442,15,2897457
19254,2897471,62,2897533
19255,2897545,5,2897550
19256,2897599,120,2897719
19257,2897729,63,2897792
19258,2897822,70,2897892
19259,2898343,108,2898451
19260,2898475,28,2898503
19261,2898565,3,2898568
19262,2898684,113,2898797
19263,2899013,31,2899044
19264,2899150,23,2899173
19265,2899198,66,2899264
19266,2899390,42,2899432
19267,2899889,2,2899891
19268,2899928,12,2899940
19269,2900129,21,2900150
19270,2900312,91,2900403
19271,2900460,19,2900479
19272,2900722,4,2900726
19273,2901199,57,2901256
19274,2901296,62,2901358
19275,2901379,12,2901391
19276,2901474,55,2901529
19277,2901557,115,2901672
19278,2901675,7,2901682
19279,2901821,29,2901850
19280,2901852,43,2901895
19281,2901979,1,2901980
19282,2902140,25,2902165
19283,2902278,2,2902280
19284,2902606,4,2902610
19285,2902616,59,2902675
19286,2902761,114,2902875
19287,2903093,121,2903214
19288,2903361,7,2903368
19289,2903395,5,2903400
19290,2903483,8,2903491
19291,2903526,25,2903551
19292,2903566,52,2903618
19293,2903845,4,2903849
19294,2903964,4,2903968
19295,2904222,25,2904247
19296,2904325,48,2904373
19297,2904401,72,2904473
19298,2904595,94,2904689
19299,2904715,10,2904725
19300,2904845,55,2904900
19301,2904995,36,2905031
19302,2905155,3,2905158
19303,2905262,28,2905290
19304,2905409,71,2905480
19305,2905645,15,2905660
19306,2905807,4,2905811
19307,2905936,94,2906030
19308,2906179,34,2906213
19309,2906235,69,2906304
19310,2906338,38,2906376
19311,2906378,10,2906388
19312,2906408,48,2906456
19313,2906685,45,2906730
19314,2906898,13,2906911
19315,2907084,71,2907155
19316,2907404,53,2907457
19317,2907637,64,2907701
19318,2907756,3,2907759
19319,2907795,27,2907822
19320,2908008,10,2908018
19321,2908090,34,2908124
19322,2908195,32,2908227
19323,2908296,44,2908340
19324,2908357,19,2908376
19325,2908490,8,2908498
19326,2908717,42,2908759
19327,2908848,58,2908906
19328,2908928,25,2908953
19329,2909009,2,2909011
19330,2909023,14,2909037
19331,2909051,24,2909075
19332,2909214,60,2909274
19333,2909750,11,2909761
19334,2909870,70,2909940
19335,2910008,46,2910054
19336,2910167,34,2910201
19337,2910248,12,2910260
19338,2910267,15,2910282
19339,2910367,30,2910397
19340,2910535,251,2910786
19341,2911028,37,2911065
19342,2911195,116,2911311
19343,2911380,87,2911467
19344,2911481,13,2911494
19345,2911573,28,2911601
19346,2911700,80,2911780
19347,2912011,36,2912047
19348,2912141,116,2912257
19349,2912262,18,2912280
19350,2912458,53,2912511
19351,2912584,37,2912621
19352,2912770,1,2912771
19353,2912898,47,2912945
19354,2912986,6,2912992
19355,2913230,1,2913231
19356,2913240,17,2913257
19357,2913426,54,2913480
19358,2913594,64,2913658
19359,2913707,10,2913717
19360,2913784,22,2913806
19361,2913841,11,2913852
19362,2913914,20,2913934
19363,2913938,5,2913943
19364,2914001,72,2914073
19365,2914672,27,2914699
19366,2914800,25,2914825
19367,2914833,18,2914851
19368,2914858,51,2914909
19369,2914964,16,2914980
19370,2915029,6,2915035
19371,2915038,11,2915049
19372,2915099,22,2915121
19373,2915224,58,2915282
19374,2915293,107,2915400
19375,2915482,26,2915508
19376,2915621,84,2915705
19377,2915893,91,2915984
19378,2915997,9,2916006
19379,2916180,14,2916194
19380,2916205,11,2916216
19381,2916292,46,2916338
19382,2916407,46,2916453
19383,2916517,21,2916538
19384,2916597,20,2916617
19385,2916664,13,2916677
19386,2916708,18,2916726
19387,2916851,50,2916901
19388,2917027,81,2917108
19389,2917149,38,2917187
19390,2917349,6,2917355
19391,2917494,184,2917678
19392,2917700,51,2917751
19393,2917817,15,2917832
19394,2917885,56,2917941
19395,2918075,35,2918110
19396,2918143,175,2918318
19397,2918322,10,2918332
19398,2918339,61,2918400
19399,2918582,41,2918623
19400,2918712,38,2918750
19401,2918813,15,2918828
19402,2918856,48,2918904
19403,2919081,7,2919088
19404,2919203,8,2919211
19405,2919257,15,2919272
19406,2919399,17,2919416
19407,2919663,6,2919669
19408,2919893,47,2919940
19409,2920170,39,2920209
19410,2920303,33,2920336
19411,2920366,17,2920383
19412,2920561,81,2920642
19413,2920678,39,2920717
19414,2920737,33,2920770
19415,2920788,184,2920972
19416,2921086,33,2921119
19417,2921215,25,2921240
19418,2921596,2,2921598
19419,2921700,27,2921727
19420,2922026,185,2922211
19421,2922273,19,2922292
19422,2922474,58,2922532
19423,2922673,37,2922710
19424,2922946,64,2923010
19425,2923028,116,2923144
19426,2923322,50,2923372
19427,2923525,16,2923541
19428,2923552,21,2923573
19429,2923615,28,2923643
19430,2923864,24,2923888
19431,2923926,50,2923976
19432,2924026,66,2924092
19433,2924130,41,2924171
19434,2924397,18,2924415
19435,2924524,24,2924548
19436,2924613,56,2924669
19437,2924731,36,2924767
19438,2924787,20,2924807
19439,2924994,19,2925013
19440,2925065,65,2925130
19441,2925514,68,2925582
19442,2925663,37,2925700
19443,2925801,53,2925854
19444,2926033,9,2926042
19445,2926230,2,2926232
19446,2926244,1,2926245
19447,2926293,46,2926339
19448,2926428,23,2926451
19449,2926472,170,2926642
19450,2926804,45,2926849
19451,2926972,29,2927001
19452,2927092,14,2927106
19453,2927124,171,2927295
19454,2927357,33,2927390
19455,2927484,3,2927487
19456,2927491,22,2927513
19457,2927673,18,2927691
19458,2927698,12,2927710
19459,2927797,67,2927864
19460,2927888,37,2927925
19461,2928076,19,2928095
19462,2928125,40,2928165
19463,2928168,75,2928243
19464,2928263,39,2928302
19465,2928361,94,2928455
19466,2928823,178,2929001
19467,2929122,67,2929189
19468,2929204,2,2929206
19469,2929247,123,2929370
19470,2929384,9,2929393
19471,2929418,49,2929467
19472,2929701,37,2929738
19473,2929788,18,2929806
19474,2929828,172,2930000
19475,2930052,9,2930061
19476,2930170,18,2930188
19477,2930311,4,2930315
19478,2930344,78,2930422
19479,2930460,49,2930509
19480,2930567,31,2930598
19481,2930715,46,2930761
19482,2930982,123,2931105
19483,2931324,159,2931483
19484,2931504,10,2931514
19485,2931764,87,2931851
19486,2931928,23,2931951
19487,2932243,1,2932244
19488,2932365,32,2932397
19489,2932407,99,2932506
19490,2932552,36,2932588
19491,2932723,42,2932765
19492,2932774,210,2932984
19493,2933117,13,2933130
19494,2933234,25,2933259
19495,2933287,26,2933313
19496,2933557,42,2933599
19497,2933613,58,2933671
19498,2933687,122,2933809
19499,2933955,29,2933984
19500,2934109,14,2934123
19501,2934186,68,2934254
19502,2934454,41,2934495
19503,2934533,77,2934610
19504,2934613,45,2934658
19505,2934666,102,2934768
19506,2934808,9,2934817
19507,2934840,76,2934916
19508,2935007,31,2935038
19509,2935218,15,2935233
19510,2935256,91,2935347
19511,2935416,59,2935475
19512,2935549,10,2935559
19513,2935571,36,2935607
19514,2935662,68,2935730
19515,2935833,3,2935836
19516,2935900,74,2935974
19517,2936031,139,2936170
19518,2936369,87,2936456
19519,2936748,38,2936786
19520,2936805,5,2936810
19521,2937127,106,2937233
19522,2937494,31,2937525
19523,2937664,12,2937676
19524,2937739,30,2937769
19525,2937951,120,2938071
19526,2938111,68,2938179
19527,2938259,2,2938261
19528,2938438,9,2938447
19529,2938460,9,2938469
19530,2938530,3,2938533
19531,2938578,18,2938596
19532,2938600,51,2938651
19533,2938791,75,2938866
19534,2938903,91,2938994
19535,2939089,5,2939094
19536,2939212,120,2939332
19537,2939348,4,2939352
19538,2939586,61,2939647
19539,2939794,1,2939795
19540,2940101,97,2940198
19541,2940209,42,2940251
19542,2940296,7,2940303
19543,2940332,31,2940363
19544,2940530,55,2940585
19545,2940819,26,2940845
19546,2940990,43,2941033
19547,2941533,101,2941634
19548,2941645,12,2941657
19549,2941666,19,2941685
19550,2941785,15,2941800
19551,2941873,198,2942071
19552,2942097,15,2942112
19553,2942250,145,2942395
19554,2942443,77,2942520
19555,2942817,57,2942874
19556,2943117,82,2943199
19557,2943490,85,2943575
19558,2943605,153,2943758
19559,2943909,29,2943938
19560,2944049,68,2944117
19561,2944196,1,2944197
19562,2944274,18,2944292
19563,2944294,1,2944295
19564,2944393,170,2944563
19565,2944723,11,2944734
19566,2944751,102,2944853
19567,2944933,147,2945080
19568,2945106,18,2945124
19569,2945132,87,2945219
19570,2945251,86,2945337
19571,2945458,64,2945522
19572,2945920,133,2946053
19573,2946062,12,2946074
19574,2946121,6,2946127
19575,2946235,55,2946290
19576,2946422,88,2946510
19577,2946669,79,2946748
19578,2946770,63,2946833
19579,2946931,35,2946966
19580,2947121,9,2947130
19581,2947148,78,2947226
19582,2947294,1,2947295
19583,2947391,79,2947470
19584,2947643,162,2947805
19585,2947892,68,2947960
19586,2947982,44,2948026
19587,2948166,142,2948308
19588,2948338,11,2948349
19589,2948370,86,2948456
19590,2948501,41,2948542
19591,2948707,68,2948775
19592,2948834,18,2948852
19593,2948880,32,2948912
19594,2948928,29,2948957
19595,2949157,7,2949164
19596,2949220,11,2949231
19597,2949323,58,2949381
19598,2949394,3,2949397
19599,2949450,21,2949471
19600,2949477,1,2949478
19601,2949488,199,2949687
19602,2949742,39,2949781
19603,2949898,41,2949939
19604,2949987,10,2949997
19605,2950153,43,2950196
19606,2950245,86,2950331
19607,2950345,19,2950364
19608,2950575,12,2950587
19609,2950589,18,2950607
19610,2950675,12,2950687
19611,2950841,5,2950846
19612,2950854,18,2950872
19613,2950981,25,2951006
19614,2951054,8,2951062
19615,2951315,2,2951317
19616,2951341,73,2951414
19617,2951419,92,2951511
19618,2951542,165,2951707
19619,2951765,97,2951862
19620,2951984,36,2952020
19621,2952249,23,2952272
19622,2952316,34,2952350
19623,2952566,56,2952622
19624,2952744,51,2952795
19625,2953041,57,2953098
19626,2953249,44,2953293
19627,2953303,32,2953335
19628,2953441,41,2953482
19629,2953553,16,2953569
19630,2953649,48,2953697
19631,2953704,53,2953757
19632,2953815,54,2953869
19633,2954174,67,2954241
19634,2954312,30,2954342
19635,2954344,100,2954444
19636,2954458,15,2954473
19637,2954534,15,2954549
19638,2954581,5,2954586
19639,2954732,4,2954736
19640,2954821,117,2954938
19641,2954957,36,2954993
19642,2955053,73,2955126
19643,2955181,10,2955191
19644,2955207,28,2955235
19645,2955257,37,2955294
19646,2955368,47,2955415
19647,2955420,79,2955499
19648,2955504,29,2955533
19649,2955656,49,2955705
19650,2955717,99,2955816
19651,2955840,16,2955856
19652,2955908,11,2955919
19653,2955983,46,2956029
19654,2956258,24,2956282
19655,2956287,134,2956421
19656,2956464,23,2956487
19657,2956831,103,2956934
19658,2957019,121,2957140
19659,2957285,8,2957293
19660,2957323,68,2957391
19661,2957453,27,2957480
19662,2957786,3,2957789
19663,2958017,28,2958045
19664,2958304,2,2958306
19665,2958432,81,2958513
19666,2958616,24,2958640
19667,2958645,113,2958758
19668,2958795,15,2958810
19669,2958835,2,2958837
19670,2958937,73,2959010
19671,2959063,8,2959071
19672,2959474,129,2959603
19673,2959779,9,2959788
19674,2959814,50,2959864
19675,2959946,35,2959981
19676,2960060,17,2960077
19677,2960344,6,2960350
19678,2960392,41,2960433
19679,2960885,101,2960986
19680,2960994,24,2961018
19681,2961257,33,2961290
19682,2961344,66,2961410
19683,2961483,8,2961491
19684,2961527,196,2961723
19685,2961903,44,2961947
19686,2961958,100,2962058
19687,2962248,16,2962264
19688,2962303,6,2962309
19689,2962558,17,2962575
19690,2962609,34,2962643
19691,2962670,84,2962754
19692,2962859,2,2962861
19693,2962916,6,2962922
19694,2963134,44,2963178
19695,2963241,4,2963245
19696,2963302,5,2963307
19697,2963642,45,2963687
19698,2963709,51,2963760
19699,2963955,78,2964033
19700,2964197,114,2964311
19701,2964426,20,2964446
19702,2964501,64,2964565
19703,2964618,127,2964745
19704,2964797,130,2964927
19705,2964946,40,2964986
19706,2965208,18,2965226
19707,2965280,5,2965285
19708,2965726,127,2965853
19709,2966010,38,2966048
19710,2966111,70,2966181
19711,2966253,14,2966267
19712,2966303,61,2966364
19713,2966517,102,2966619
19714,2966621,21,2966642
19715,2966695,32,2966727
19716,2966798,25,2966823
19717,2966869,4,2966873
19718,2966932,24,2966956
19719,2967015,60,2967075
19720,2967146,30,2967176
19721,2967191,44,2967235
19722,2967238,52,2967290
19723,2967375,65,2967440
19724,2967464,77,2967541
19725,2967542,11,2967553
19726,2967654,103,2967757
19727,2967766,9,2967775
19728,2968022,25,2968047
19729,2968134,68,2968202
19730,2968209,9,2968218
19731,2968391,61,2968452
19732,2968554,5,2968559
19733,2968608,55,2968663
19734,2968740,54,2968794
19735,2968910,48,2968958
19736,2969047,5,2969052
19737,2969126,8,2969134
19738,2969262,7,2969269
19739,2969524,79,2969603
19740,2969842,109,2969951
19741,2970045,103,2970148
19742,2970175,9,2970184
19743,2970319,23,2970342
19744,2970399,143,2970542
19745,2970624,102,2970726
19746,2970731,9,2970740
19747,2970760,4,2970764
19748,2970782,33,2970815
19749,2970971,31,2971002
19750,2971055,16,2971071
19751,2971076,29,2971105
19752,2971129,28,2971157
19753,2971540,48,2971588
19754,2971605,112,2971717
19755,2971811,59,2971870
19756,2971934,39,2971973
19757,2972219,1,2972220
19758,2972312,25,2972337
19759,2972456,13,2972469
19760,2972562,55,2972617
19761,2972680,21,2972701
19762,2972742,17,2972759
19763,2972851,91,2972942
19764,2973020,177,2973197
19765,2973228,75,2973303
19766,2973784,36,2973820
19767,2974319,43,2974362
19768,2974397,6,2974403
19769,2974482,62,2974544
19770,2975040,6,2975046
19771,2975060,51,2975111
19772,2975120,21,2975141
19773,2975153,14,2975167
19774,2975262,3,2975265
19775,2975424,1,2975425
19776,2975449,28,2975477
19777,2975534,15,2975549
19778,2975645,38,2975683
19779,2975788,30,2975818
19780,2975903,130,2976033
19781,2976230,33,2976263
19782,2976339,73,2976412
19783,2976660,3,2976663
19784,2976696,31,2976727
19785,2976819,55,2976874
19786,2977165,32,2977197
19787,2977262,23,2977285
19788,2977420,82,2977502
19789,2977632,67,2977699
19790,2977705,12,2977717
19791,2977775,38,2977813
19792,2978135,30,2978165
19793,2978227,65,2978292
19794,2978341,32,2978373
19795,2978402,54,2978456
19796,2978584,42,2978626
19797,2978696,22,2978718
19798,2978751,1,2978752
19799,2978951,14,2978965
19800,2979036,65,2979101
19801,2979172,6,2979178
19802,2979319,135,2979454
19803,2979686,50,2979736
19804,2979759,26,2979785
19805,2979792,70,2979862
19806,2979879,1,2979880
19807,2979920,125,2980045
19808,2980061,8,2980069
19809,2980222,3,2980225
19810,2980626,60,2980686
19811,2980972,2,2980974
19812,2980993,21,2981014
19813,2981037,14,2981051
19814,2981177,12,2981189
19815,2981200,106,2981306
19816,2981660,34,2981694
19817,2981702,90,2981792
19818,2981803,1,2981804
19819,2982029,78,2982107
19820,2982161,12,2982173
19821,2982226,14,2982240
19822,2982404,101,2982505
19823,2982516,23,2982539
19824,2982729,112,2982841
19825,2982850,40,2982890
19826,2982933,32,2982965
19827,2982986,38,2983024
19828,2983036,33,2983069
19829,2983090,19,2983109
19830,2983127,21,2983148
19831,2983212,29,2983241
19832,2983273,75,2983348
19833,2983465,51,2983516
19834,2983561,60,2983621
19835,2983630,26,2983656
19836,2983657,24,2983681
19837,2983912,21,2983933
19838,2984001,59,2984060
19839,2984087,14,2984101
19840,2984227,50,2984277
19841,2984435,5,2984440
19842,2984491,10,2984501
19843,2984774,102,2984876
19844,2984881,5,2984886
19845,2985023,12,2985035
19846,2985052,87,2985139
19847,2985167,9,2985176
19848,2985288,61,2985349
19849,2985377,17,2985394
19850,2985479,51,2985530
19851,2985531,18,2985549
19852,2985636,29,2985665
19853,2986075,1,2986076
19854,2986125,7,2986132
19855,2986137,5,2986142
19856,2986212,63,2986275
19857,2986295,43,2986338
19858,2986350,48,2986398
19859,2986401,7,2986408
19860,2986433,45,2986478
19861,2986486,1,2986487
19862,2986488,84,2986572
19863,2986651,17,2986668
19864,2986749,38,2986787
19865,2986821,15,2986836
19866,2987177,15,2987192
19867,2987327,10,2987337
19868,2987349,106,2987455
19869,2987518,59,2987577
19870,2987736,48,2987784
19871,2987806,15,2987821
19872,2987880,26,2987906
19873,2987976,41,2988017
19874,2988164,31,2988195
19875,2988359,76,2988435
19876,2988441,45,2988486
19877,2988503,72,2988575
19878,2988578,233,2988811
19879,2988834,46,2988880
19880,2989045,45,2989090
19881,2989137,51,2989188
19882,2989202,92,2989294
19883,2989425,31,2989456
19884,2989599,143,2989742
19885,2989745,45,2989790
19886,2989808,8,2989816
19887,2989817,48,2989865
19888,2989967,77,2990044
19889,2990060,148,2990208
19890,2990283,7,2990290
19891,2990349,43,2990392
19892,2990464,44,2990508
19893,2990612,8,2990620
19894,2991014,46,2991060
19895,2991093,148,2991241
19896,2991318,4,2991322
19897,2991390,9,2991399
19898,2991435,6,2991441
19899,2991465,2,2991467
19900,2991475,60,2991535
19901,2991546,15,2991561
19902,2991627,1,2991628
19903,2991676,3,2991679
19904,2991755,40,2991795
19905,2992431,79,2992510
19906,2992648,70,2992718
19907,2992883,16,2992899
19908,2992949,67,2993016
19909,2993080,11,2993091
19910,2993171,30,2993201
19911,2993403,87,2993490
19912,2993551,48,2993599
19913,2993732,85,2993817
19914,2993829,19,2993848
19915,2993915,146,2994061
19916,2994079,35,2994114
19917,2994120,40,2994160
19918,2994278,134,2994412
19919,2994510,131,2994641
19920,2994669,27,2994696
19921,2994966,4,2994970
19922,2994974,58,2995032
19923,2995097,94,2995191
19924,2995197,123,2995320
19925,2995384,18,2995402
19926,2995423,25,2995448
19927,2995473,30,2995503
19928,2995562,3,2995565
19929,2995792,69,2995861
19930,2996108,83,2996191
19931,2996203,48,2996251
19932,2996334,49,2996383
19933,2996510,64,2996574
19934,2996636,87,2996723
19935,2996744,23,2996767
19936,2996829,87,2996916
19937,2997187,85,2997272
19938,2997359,3,2997362
19939,2997377,72,2997449
19940,2997489,20,2997509
19941,2997526,2,2997528
19942,2997815,16,2997831
19943,2997911,195,2998106
19944,2998175,60,2998235
19945,2998248,135,2998383
19946,2998467,41,2998508
19947,2998755,66,2998821
19948,2999035,90,2999125
19949,2999407,50,2999457
19950,2999482,36,2999518
19951,2999646,183,2999829
19952,2999854,33,2999887
19953,2999888,68,2999956
19954,2999991,75,3000066
19955,3000069,66,3000135
19956,3000255,77,3000332
19957,3000358,10,3000368
19958,3000470,72,3000542
19959,3000607,73,3000680
19960,3000697,39,3000736
19961,3000923,22,3000945
19962,3001097,79,3001176
19963,3001213,2,3001215
19964,3001259,18,3001277
19965,3001459,133,3001592
19966,3001606,76,3001682
19967,3001734,64,3001798
19968,3002012,15,3002027
19969,3002115,34,3002149
19970,3002226,69,3002295
19971,3002312,8,3002320
19972,3002391,5,3002396
19973,3002645,37,3002682
19974,3002731,68,3002799
19975,3002886,15,3002901
19976,3002979,1,3002980
19977,3003100,2,3003102
19978,3003118,62,3003180
19979,3003481,33,3003514
19980,3003623,47,3003670
19981,3003794,98,3003892
19982,3004054,30,3004084
19983,3004087,19,3004106
19984,3004202,92,3004294
19985,3004305,3,3004308
19986,3004527,84,3004611
19987,3004642,20,3004662
19988,3004671,22,3004693
19989,3004879,2,3004881
19990,3005322,22,3005344
19991,3005365,13,3005378
19992,3005449,74,3005523
19993,3005736,3,3005739
19994,3005771,65,3005836
19995,3006052,6,3006058
19996,3006217,41,3006258
19997,3006277,24,3006301
19998,3006311,91,3006402
19999,3006417,30,3006447
20000,3006491,35,3006526
20001,3006535,83,3006618
20002,3006694,4,3006698
20003,3006838,14,3006852
20004,3006949,39,3006988
20005,3007034,5,3007039
20006,3007184,10,3007194
20007,3007287,21,3007308
20008,3007456,61,3007517
20009,3007752,4,3007756
20010,3007764,78,3007842
20011,3007855,30,3007885
20012,3007926,172,3008098
20013,3008106,16,3008122
20014,3008679,50,3008729
20015,3008856,81,3008937
20016,3008950,31,3008981
20017,3009039,2,3009041
20018,3009101,1,3009102
20019,3009268,13,3009281
20020,3009297,8,3009305
20021,3009399,153,3009552
20022,3009561,70,3009631
20023,3009683,9,3009692
20024,3009698,54,3009752
20025,3009848,165,3010013
20026,3010054,166,3010220
20027,3010242,52,3010294
20028,3010300,43,3010343
20029,3010373,14,3010387
20030,3010421,39,3010460
20031,3010465,11,3010476
20032,3010563,3,3010566
20033,3010580,12,3010592
20034,3010674,72,3010746
20035,3010914,20,3010934
20036,3010997,82,3011079
20037,3011126,24,3011150
20038,3011233,6,3011239
20039,3011266,99,3011365
20040,3011422,35,3011457
20041,3011491,38,3011529
20042,3011877,33,3011910
20043,3011938,14,3011952
20044,3011976,59,3012035
20045,3012060,149,3012209
20046,3012265,29,3012294
20047,3012823,1,3012824
20048,3012849,110,3012959
20049,3013053,90,3013143
20050,3013145,73,3013218
20051,3013230,83,3013313
20052,3013344,28,3013372
20053,3013905,115,3014020
20054,3014044,2,3014046
20055,3014087,140,3014227
20056,3014395,7,3014402
20057,3014614,44,3014658
20058,3014690,147,3014837
20059,3014854,6,3014860
20060,3014921,102,3015023
20061,3015114,21,3015135
20062,3015234,81,3015315
20063,3015349,11,3015360
20064,3015415,41,3015456
20065,3015558,73,3015631
20066,3015674,26,3015700
20067,3015821,194,3016015
20068,3016102,59,3016161
20069,3016308,24,3016332
20070,3016374,11,3016385
20071,3016393,119,3016512
20072,3016575,201,3016776
20073,3016822,38,3016860
20074,3016883,17,3016900
20075,3016938,155,3017093
20076,3017220,19,3017239
20077,3017275,145,3017420
20078,3017605,21,3017626
20079,3017800,105,3017905
20080,3018092,64,3018156
20081,3018457,24,3018481
20082,3018566,22,3018588
20083,3018706,24,3018730
20084,3018746,59,3018805
20085,3018866,23,3018889
20086,3018988,5,3018993
20087,3019028,21,3019049
20088,3019069,137,3019206
20089,3019265,58,3019323
20090,3019549,34,3019583
20091,3019591,10,3019601
20092,3019875,73,3019948
20093,3020066,8,3020074
20094,3020204,42,3020246
20095,3020252,68,3020320
20096,3020406,101,3020507
20097,3020536,34,3020570
20098,3020657,65,3020722
20099,3020800,212,3021012
20100,3021045,16,3021061
20101,3021114,6,3021120
20102,3021129,29,3021158
20103,3021256,80,3021336
20104,3021350,62,3021412
20105,3021456,5,3021461
20106,3021485,11,3021496
20107,3021504,77,3021581
20108,3021613,31,3021644
20109,3021693,24,3021717
20110,3021738,151,3021889
20111,3022012,6,3022018
20112,3022026,27,3022053
20113,3022068,30,3022098
20114,3022171,33,3022204
20115,3022211,20,3022231
20116,3022239,5,3022244
20117,3022333,96,3022429
20118,3022497,8,3022505
20119,3022669,45,3022714
20120,3022816,9,3022825
20121,3022855,9,3022864
20122,3022871,20,3022891
20123,3023040,32,3023072
20124,3023150,85,3023235
20125,3023287,48,3023335
20126,3023475,1,3023476
20127,3023665,105,3023770
20128,3023943,69,3024012
20129,3024031,19,3024050
20130,3024073,13,3024086
20131,3024309,109,3024418
20132,3024420,13,3024433
20133,3024474,37,3024511
20134,3024560,147,3024707
20135,3024742,6,3024748
20136,3024853,211,3025064
20137,3025564,49,3025613
20138,3025709,111,3025820
20139,3025994,92,3026086
20140,3026118,12,3026130
20141,3026288,66,3026354
20142,3026368,24,3026392
20143,3026473,26,3026499
20144,3026791,24,3026815
20145,3026816,12,3026828
20146,3026841,38,3026879
20147,3027081,14,3027095
20148,3027180,9,3027189
20149,3027203,40,3027243
20150,3027252,19,3027271
20151,3027290,17,3027307
20152,3027411,77,3027488
20153,3027496,38,3027534
20154,3027637,13,3027650
20155,3027668,44,3027712
20156,3027871,36,3027907
20157,3027919,25,3027944
20158,3027993,27,3028020
20159,3028023,1,3028024
20160,3028155,34,3028189
20161,3028256,7,3028263
20162,3028384,4,3028388
20163,3028526,87,3028613
20164,3028784,21,3028805
20165,3028809,6,3028815
20166,3028837,11,3028848
20167,3028994,47,3029041
20168,3029100,16,3029116
20169,3029147,4,3029151
20170,3029158,21,3029179
20171,3029202,20,3029222
20172,3029359,74,3029433
20173,3029493,2,3029495
20174,3029530,6,3029536
20175,3029604,14,3029618
20176,3029640,9,3029649
20177,3029688,34,3029722
20178,3029783,15,3029798
20179,3029950,29,3029979
20180,3030008,91,3030099
20181,3030184,15,3030199
20182,3030249,32,3030281
20183,3030320,17,3030337
20184,3030399,14,3030413
20185,3030494,33,3030527
20186,3030664,201,3030865
20187,3030876,27,3030903
20188,3031335,115,3031450
20189,3031522,155,3031677
20190,3031810,31,3031841
20191,3031866,6,3031872
20192,3032345,31,3032376
20193,3032474,139,3032613
20194,3032953,28,3032981
20195,3033078,47,3033125
20196,3033430,110,3033540
20197,3033569,5,3033574
20198,3033610,16,3033626
20199,3033692,62,3033754
20200,3034063,18,3034081
20201,3034305,4,3034309
20202,3034573,53,3034626
20203,3034647,46,3034693
20204,3034700,188,3034888
20205,3035024,20,3035044
20206,3035098,45,3035143
20207,3035294,26,3035320
20208,3035364,18,3035382
20209,3035416,18,3035434
20210,3035529,20,3035549
20211,3035553,112,3035665
20212,3035709,46,3035755
20213,3035775,12,3035787
20214,3035820,16,3035836
20215,3035942,124,3036066
20216,3036067,33,3036100
20217,3036316,65,3036381
20218,3036477,4,3036481
20219,3036485,39,3036524
20220,3036598,21,3036619
20221,3036663,62,3036725
20222,3036730,7,3036737
20223,3036891,43,3036934
20224,3037039,5,3037044
20225,3037053,52,3037105
20226,3037162,11,3037173
20227,3037180,138,3037318
20228,3037523,59,3037582
20229,3037622,107,3037729
20230,3037837,36,3037873
20231,3037928,44,3037972
20232,3037980,46,3038026
20233,3038065,55,3038120
20234,3038162,34,3038196
20235,3038290,29,3038319
20236,3038466,308,3038774
20237,3038866,45,3038911
20238,3038922,76,3038998
20239,3039018,12,3039030
20240,3039258,27,3039285
20241,3039335,125,3039460
20242,3039481,51,3039532
20243,3039625,51,3039676
20244,3039696,19,3039715
20245,3039916,69,3039985
20246,3040221,90,3040311
20247,3040657,72,3040729
20248,3040768,23,3040791
20249,3040817,63,3040880
20250,3040940,10,3040950
20251,3040995,28,3041023
20252,3041056,1,3041057
20253,3041175,39,3041214
20254,3041431,80,3041511
20255,3041559,4,3041563
20256,3041655,79,3041734
20257,3041746,81,3041827
20258,3041872,37,3041909
20259,3041970,43,3042013
20260,3042031,56,3042087
20261,3042507,18,3042525
20262,3042637,33,3042670
20263,3042728,27,3042755
20264,3042957,43,3043000
20265,3043139,7,3043146
20266,3043220,160,3043380
20267,3043701,55,3043756
20268,3043855,6,3043861
20269,3043946,68,3044014
20270,3044298,24,3044322
20271,3044324,63,3044387
20272,3044416,38,3044454
20273,3044543,8,3044551
20274,3045086,81,3045167
20275,3045205,82,3045287
20276,3045313,61,3045374
20277,3045562,71,3045633
20278,3045650,20,3045670
20279,3045798,88,3045886
20280,3045921,25,3045946
20281,3046027,23,3046050
20282,3046144,90,3046234
20283,3046341,158,3046499
20284,3046639,90,3046729
20285,3046757,15,3046772
20286,3046788,40,3046828
20287,3046862,41,3046903
20288,3047068,31,3047099
20289,3047109,43,3047152
20290,3047200,53,3047253
20291,3047399,105,3047504
20292,3047675,21,3047696
20293,3047932,61,3047993
20294,3048028,33,3048061
20295,3048156,31,3048187
20296,3048277,52,3048329
20297,3048335,6,3048341
20298,3048400,43,3048443
20299,3048480,250,3048730
20300,3048846,59,3048905
20301,3048909,20,3048929
20302,3049020,16,3049036
20303,3049064,19,3049083
20304,3049152,152,3049304
20305,3049318,21,3049339
20306,3049430,117,3049547
20307,3049723,62,3049785
20308,3049888,190,3050078
20309,3050083,78,3050161
20310,3050180,9,3050189
20311,3050220,86,3050306
20312,3050316,197,3050513
20313,3050571,37,3050608
20314,3050631,72,3050703
20315,3050912,33,3050945
20316,3050999,2,3051001
20317,3051065,67,3051132
20318,3051285,63,3051348
20319,3051382,118,3051500
20320,3051505,2,3051507
20321,3051562,58,3051620
20322,3051791,43,3051834
20323,3051846,24,3051870
20324,3051880,66,3051946
20325,3052081,39,3052120
20326,3052323,20,3052343
20327,3052361,32,3052393
20328,3052446,54,3052500
20329,3052598,25,3052623
20330,3052650,41,3052691
20331,3052755,102,3052857
20332,3052926,170,3053096
20333,3053136,12,3053148
20334,3053160,6,3053166
20335,3053201,2,3053203
20336,3053563,5,3053568
20337,3053807,13,3053820
20338,3053851,95,3053946
20339,3054265,24,3054289
20340,3054537,185,3054722
20341,3054911,55,3054966
20342,3055006,2,3055008
20343,3055049,107,3055156
20344,3055189,14,3055203
20345,3055419,23,3055442
20346,3055568,101,3055669
20347,3055818,12,3055830
20348,3055898,28,3055926
20349,3056098,13,3056111
20350,3056123,113,3056236
20351,3056403,75,3056478
20352,3056554,12,3056566
20353,3056587,17,3056604
20354,3056736,17,3056753
20355,3056781,94,3056875
20356,3057092,60,3057152
20357,3057167,150,3057317
20358,3057330,23,3057353
20359,3057537,67,3057604
20360,3057606,7,3057613
20361,3057667,9,3057676
20362,3057780,67,3057847
20363,3057898,153,3058051
20364,3058059,47,3058106
20365,3058112,13,3058125
20366,3058163,45,3058208
20367,3058213,16,3058229
20368,3058365,45,3058410
20369,3058447,9,3058456
20370,3058666,9,3058675
20371,3058720,81,3058801
20372,3058895,73,3058968
20373,3059082,39,3059121
20374,3059137,73,3059210
20375,3059226,22,3059248
20376,3059705,71,3059776
20377,3059844,12,3059856
20378,3060001,69,3060070
20379,3060195,22,3060217
20380,3060337,96,3060433
20381,3060948,4,3060952
20382,3061204,11,3061215
20383,3061222,9,3061231
20384,3061289,49,3061338
20385,3061460,212,3061672
20386,3061817,68,3061885
20387,3061924,46,3061970
20388,3061973,46,3062019
20389,3062084,6,3062090
20390,3062195,39,3062234
20391,3062238,52,3062290
20392,3062301,26,3062327
20393,3062435,7,3062442
20394,3062597,10,3062607
20395,3062807,68,3062875
20396,3062898,15,3062913
20397,3062979,17,3062996
20398,3063431,10,3063441
20399,3063447,20,3063467
20400,3063535,9,3063544
20401,3063616,29,3063645
20402,3063658,19,3063677
20403,3063688,7,3063695
20404,3063766,17,3063783
20405,3063973,79,3064052
20406,3064138,52,3064190
20407,3064436,51,3064487
20408,3064579,140,3064719
20409,3064969,18,3064987
20410,3065041,9,3065050
20411,3065256,7,3065263
20412,3065381,51,3065432
20413,3065464,77,3065541
20414,3065715,47,3065762
20415,3065765,13,3065778
20416,3065793,25,3065818
20417,3065995,20,3066015
20418,3066090,14,3066104
20419,3066129,9,3066138
20420,3066228,43,3066271
20421,3066498,170,3066668
20422,3066768,102,3066870
20423,3066969,60,3067029
20424,3067239,266,3067505
20425,3067586,8,3067594
20426,3067673,71,3067744
20427,3067760,52,3067812
20428,3067895,33,3067928
20429,3067997,62,3068059
20430,3068110,65,3068175
20431,3068211,10,3068221
20432,3068252,28,3068280
20433,3068281,17,3068298
20434,3068350,23,3068373
20435,3068390,40,3068430
20436,3068657,90,3068747
20437,3068858,89,3068947
20438,3069030,38,3069068
20439,3069076,58,3069134
20440,3069245,127,3069372
20441,3069427,165,3069592
20442,3069759,115,3069874
20443,3069913,66,3069979
20444,3070059,45,3070104
20445,3070181,1,3070182
20446,3070263,2,3070265
20447,3070309,118,3070427
20448,3070470,60,3070530
20449,3070537,19,3070556
20450,3070651,42,3070693
20451,3070745,14,3070759
20452,3070852,41,3070893
20453,3071038,155,3071193
20454,3071196,41,3071237
20455,3071254,125,3071379
20456,3071381,67,3071448
20457,3071855,3,3071858
20458,3071928,86,3072014
20459,3072178,12,3072190
20460,3072413,9,3072422
20461,3072660,44,3072704
20462,3072854,126,3072980
20463,3073058,287,3073345
20464,3073531,47,3073578
20465,3073614,67,3073681
20466,3073737,58,3073795
20467,3073834,17,3073851
20468,3073884,100,3073984
20469,3074005,24,3074029
20470,3074063,56,3074119
20471,3074147,55,3074202
20472,3074204,32,3074236
20473,3074237,73,3074310
20474,3074449,41,3074490
20475,3074596,106,3074702
20476,3074716,110,3074826
20477,3074945,81,3075026
20478,3075187,10,3075197
20479,3075334,27,3075361
20480,3075369,5,3075374
20481,3075382,37,3075419
20482,3075489,17,3075506
20483,3075507,61,3075568
20484,3075637,114,3075751
20485,3075769,84,3075853
20486,3076013,59,3076072
20487,3076173,57,3076230
20488,3076519,47,3076566
20489,3076576,74,3076650
20490,3076720,5,3076725
20491,3076985,112,3077097
20492,3077120,7,3077127
20493,3077354,12,3077366
20494,3077673,54,3077727
20495,3078011,70,3078081
20496,3078139,2,3078141
20497,3078326,32,3078358
20498,3078457,65,3078522
20499,3078593,2,3078595
20500,3078659,12,3078671
20501,3078759,22,3078781
20502,3078833,31,3078864
20503,3078999,13,3079012
20504,3079024,32,3079056
20505,3079162,16,3079178
20506,3079203,31,3079234
20507,3079254,3,3079257
20508,3079289,30,3079319
20509,3079498,20,3079518
20510,3079584,113,3079697
20511,3079700,33,3079733
20512,3079748,4,3079752
20513,3079773,3,3079776
20514,3079786,46,3079832
20515,3079854,41,3079895
20516,3080017,12,3080029
20517,3080131,26,3080157
20518,3080174,251,3080425
20519,3080638,16,3080654
20520,3080667,37,3080704
20521,3080707,95,3080802
20522,3081288,226,3081514
20523,3081723,159,3081882
20524,3081892,24,3081916
20525,3081966,80,3082046
20526,3082225,89,3082314
20527,3082332,21,3082353
20528,3082456,5,3082461
20529,3082596,24,3082620
20530,3082638,109,3082747
20531,3082866,19,3082885
20532,3082950,109,3083059
20533,3083121,63,3083184
20534,3083199,13,3083212
20535,3083282,3,3083285
20536,3083312,3,3083315
20537,3083450,139,3083589
20538,3083614,5,3083619
20539,3083656,61,3083717
20540,3083821,61,3083882
20541,3083883,41,3083924
20542,3083989,21,3084010
20543,3084022,74,3084096
20544,3084199,65,3084264
20545,3084352,60,3084412
20546,3084665,27,3084692
20547,3084762,5,3084767
20548,3084809,3,3084812
20549,3084869,32,3084901
20550,3085062,4,3085066
20551,3085191,50,3085241
20552,3085300,30,3085330
20553,3085404,102,3085506
20554,3085674,34,3085708
20555,3085807,23,3085830
20556,3086083,26,3086109
20557,3086189,38,3086227
20558,3086271,114,3086385
20559,3086466,25,3086491
20560,3086497,42,3086539
20561,3086571,11,3086582
20562,3086900,22,3086922
20563,3087254,24,3087278
20564,3087285,69,3087354
20565,3087369,35,3087404
20566,3087447,12,3087459
20567,3087568,66,3087634
20568,3087655,20,3087675
20569,3087720,217,3087937
20570,3087943,103,3088046
20571,3088081,5,3088086
20572,3088172,40,3088212
20573,3088270,69,3088339
20574,3088349,78,3088427
20575,3088461,21,3088482
20576,3088527,34,3088561
20577,3088589,4,3088593
20578,3088596,64,3088660
20579,3088813,53,3088866
20580,3088880,50,3088930
20581,3088994,94,3089088
20582,3089285,18,3089303
20583,3089365,18,3089383
20584,3089443,45,3089488
20585,3089523,38,3089561
20586,3089591,74,3089665
20587,3089815,83,3089898
20588,3089992,88,3090080
20589,3090223,32,3090255
20590,3090371,19,3090390
20591,3090529,29,3090558
20592,3090741,51,3090792
20593,3091244,42,3091286
20594,3091351,2,3091353
20595,3091435,6,3091441
20596,3091480,12,3091492
20597,3091583,184,3091767
20598,3091853,113,3091966
20599,3092015,11,3092026
20600,3092115,18,3092133
20601,3092180,1,3092181
20602,3092270,33,3092303
20603,3092355,25,3092380
20604,3092502,89,3092591
20605,3092679,33,3092712
20606,3092774,44,3092818
20607,3092849,82,3092931
20608,3093015,19,3093034
20609,3093459,29,3093488
20610,3093699,40,3093739
20611,3093764,18,3093782
20612,3093853,106,3093959
20613,3094222,8,3094230
20614,3094270,32,3094302
20615,3094313,122,3094435
20616,3094462,17,3094479
20617,3094555,7,3094562
20618,3094585,32,3094617
20619,3094660,120,3094780
20620,3094798,127,3094925
20621,3095011,25,3095036
20622,3095411,68,3095479
20623,3095540,23,3095563
20624,3095570,17,3095587
20625,3095774,175,3095949
20626,3096122,16,3096138
20627,3096140,4,3096144
20628,3096196,119,3096315
20629,3096343,17,3096360
20630,3096373,87,3096460
20631,3096477,138,3096615
20632,3096633,27,3096660
20633,3096848,4,3096852
20634,3097117,110,3097227
20635,3097549,54,3097603
20636,3097725,6,3097731
20637,3097750,34,3097784
20638,3097809,49,3097858
20639,3098136,45,3098181
20640,3098201,2,3098203
20641,3098287,90,3098377
20642,3098463,47,3098510
20643,3098740,84,3098824
20644,3098973,104,3099077
20645,3099206,14,3099220
20646,3099267,10,3099277
20647,3099390,100,3099490
20648,3099525,23,3099548
20649,3099684,6,3099690
20650,3099795,144,3099939
20651,3100111,179,3100290
20652,3100316,17,3100333
20653,3100396,30,3100426
20654,3100450,77,3100527
20655,3100747,28,3100775
20656,3101102,48,3101150
20657,3101297,19,3101316
20658,3101324,43,3101367
20659,3101517,26,3101543
20660,3101705,89,3101794
20661,3101865,51,3101916
20662,3101932,17,3101949
20663,3101988,61,3102049
20664,3102067,55,3102122
20665,3102207,87,3102294
20666,3102404,4,3102408
20667,3102426,40,3102466
20668,3102502,16,3102518
20669,3102600,1,3102601
20670,3102796,31,3102827
20671,3102835,5,3102840
20672,3102901,56,3102957
20673,3102966,56,3103022
20674,3103049,15,3103064
20675,3103087,17,3103104
20676,3103129,30,3103159
20677,3103173,62,3103235
20678,3103511,37,3103548
20679,3103551,75,3103626
20680,3103952,39,3103991
20681,3104128,3,3104131
20682,3104132,1,3104133
20683,3104177,3,3104180
20684,3104232,18,3104250
20685,3104266,17,3104283
20686,3104351,20,3104371
20687,3104522,8,3104530
20688,3104670,10,3104680
20689,3104856,13,3104869
20690,3104892,17,3104909
20691,3105072,46,3105118
20692,3105168,33,3105201
20693,3105228,55,3105283
20694,3105296,5,3105301
20695,3105360,16,3105376
20696,3105407,2,3105409
20697,3105423,84,3105507
20698,3105549,376,3105925
20699,3105962,50,3106012
20700,3106066,226,3106292
20701,3106470,28,3106498
20702,3106539,51,3106590
20703,3106692,32,3106724
20704,3106808,67,3106875
20705,3106922,67,3106989
20706,3107100,55,3107155
20707,3107187,15,3107202
20708,3107355,52,3107407
20709,3107415,36,3107451
20710,3107486,83,3107569
20711,3107599,6,3107605
20712,3107619,17,3107636
20713,3107655,31,3107686
20714,3107772,14,3107786
20715,3107912,18,3107930
20716,3107962,34,3107996
20717,3108080,54,3108134
20718,3108204,12,3108216
20719,3108290,50,3108340
20720,3108510,15,3108525
20721,3108758,23,3108781
20722,3108900,44,3108944
20723,3109101,78,3109179
20724,3109263,11,3109274
20725,3109422,97,3109519
20726,3109773,26,3109799
20727,3109896,28,3109924
20728,3110071,78,3110149
20729,3110319,26,3110345
20730,3110754,36,3110790
20731,3110954,17,3110971
20732,3110984,138,3111122
20733,3111227,29,3111256
20734,3111611,55,3111666
20735,3111794,13,3111807
20736,3111812,39,3111851
20737,3111857,12,3111869
20738,3111980,47,3112027
20739,3112291,77,3112368
20740,3112601,4,3112605
20741,3112645,14,3112659
20742,3112783,35,3112818
20743,3113010,24,3113034
20744,3113110,6,3113116
20745,3113172,38,3113210
20746,3113235,116,3113351
20747,3113491,3,3113494
20748,3113715,38,3113753
20749,3113786,13,3113799
20750,3113867,215,3114082
20751,3114103,30,3114133
20752,3114144,46,3114190
20753,3114251,48,3114299
20754,3114405,104,3114509
20755,3114574,45,3114619
20756,3114907,44,3114951
20757,3115020,106,3115126
20758,3115562,11,3115573
20759,3116053,121,3116174
20760,3116496,33,3116529
20761,3116739,46,3116785
20762,3116786,95,3116881
20763,3116887,19,3116906
20764,3116997,36,3117033
20765,3117096,10,3117106
20766,3117410,196,3117606
20767,3117638,23,3117661
20768,3117689,44,3117733
20769,3117793,21,3117814
20770,3117885,39,3117924
20771,3118057,79,3118136
20772,3118383,36,3118419
20773,3118430,108,3118538
20774,3118830,10,3118840
20775,3118929,93,3119022
20776,3119104,32,3119136
20777,3119215,44,3119259
20778,3119347,211,3119558
20779,3119564,15,3119579
20780,3119652,97,3119749
20781,3119781,6,3119787
20782,3119963,40,3120003
20783,3120084,70,3120154
20784,3120196,3,3120199
20785,3120294,27,3120321
20786,3120390,37,3120427
20787,3120453,7,3120460
20788,3121030,2,3121032
20789,3121068,15,3121083
20790,3121612,130,3121742
20791,3121865,8,3121873
20792,3122091,16,3122107
20793,3122114,43,3122157
20794,3122249,191,3122440
20795,3122484,36,3122520
20796,3122604,17,3122621
20797,3122633,72,3122705
20798,3122749,19,3122768
20799,3122893,40,3122933
20800,3122936,218,3123154
20801,3123351,77,3123428
20802,3123477,21,3123498
20803,3123586,24,3123610
20804,3123668,139,3123807
20805,3123827,2,3123829
20806,3123866,107,3123973
20807,3124128,45,3124173
20808,3124285,11,3124296
20809,3124351,41,3124392
20810,3124455,15,3124470
20811,3124497,50,3124547
20812,3124688,6,3124694
20813,3124749,31,3124780
20814,3124796,8,3124804
20815,3124973,43,3125016
20816,3125178,1,3125179
20817,3125311,23,3125334
20818,3125458,148,3125606
20819,3125652,19,3125671
20820,3125677,133,3125810
20821,3125903,65,3125968
20822,3126016,110,3126126
20823,3126359,36,3126395
20824,3126407,29,3126436
20825,3127033,14,3127047
20826,3127113,99,3127212
20827,3127279,92,3127371
20828,3127505,141,3127646
20829,3127773,147,3127920
20830,3127945,23,3127968
20831,3127998,29,3128027
20832,3128045,1,3128046
20833,3128081,34,3128115
20834,3128136,14,3128150
20835,3128221,11,3128232
20836,3128299,42,3128341
20837,3128365,11,3128376
20838,3128767,5,3128772
20839,3128976,44,3129020
20840,3129046,26,3129072
20841,3129088,55,3129143
20842,3129189,52,3129241
20843,3129345,85,3129430
20844,3129497,112,3129609
20845,3129922,5,3129927
20846,3130022,25,3130047
20847,3130194,260,3130454
20848,3130652,95,3130747
20849,3130769,78,3130847
20850,3130946,13,3130959
20851,3131164,5,3131169
20852,3131505,3,3131508
20853,3131532,76,3131608
20854,3131621,50,3131671
20855,3131703,32,3131735
20856,3131990,11,3132001
20857,3132037,17,3132054
20858,3132153,44,3132197
20859,3132340,16,3132356
20860,3132389,15,3132404
20861,3132429,107,3132536
20862,3132572,26,3132598
20863,3132618,15,3132633
20864,3132644,53,3132697
20865,3132973,2,3132975
20866,3132986,17,3133003
20867,3133105,21,3133126
20868,3133139,46,3133185
20869,3133338,88,3133426
20870,3133480,89,3133569
20871,3133682,22,3133704
20872,3133731,157,3133888
20873,3134070,41,3134111
20874,3134133,103,3134236
20875,3134253,36,3134289
20876,3134428,3,3134431
20877,3134615,46,3134661
20878,3134720,44,3134764
20879,3134861,44,3134905
20880,3135292,18,3135310
20881,3135432,70,3135502
20882,3135527,75,3135602
20883,3135724,21,3135745
20884,3135842,29,3135871
20885,3135883,69,3135952
20886,3135963,105,3136068
20887,3136269,1,3136270
20888,3136463,42,3136505
20889,3136683,3,3136686
20890,3136982,5,3136987
20891,3137047,41,3137088
20892,3137386,34,3137420
20893,3137719,74,3137793
20894,3137947,148,3138095
20895,3138133,56,3138189
20896,3138279,2,3138281
20897,3138976,7,3138983
20898,3139050,107,3139157
20899,3139168,55,3139223
20900,3139246,51,3139297
20901,3139835,18,3139853
20902,3140204,21,3140225
20903,3140231,4,3140235
20904,3140263,48,3140311
20905,3140356,97,3140453
20906,3140625,46,3140671
20907,3140703,40,3140743
20908,3140830,17,3140847
20909,3140859,11,3140870
20910,3140956,45,3141001
20911,3141095,32,3141127
20912,3141242,15,3141257
20913,3141296,46,3141342
20914,3141358,85,3141443
20915,3141663,157,3141820
20916,3141838,61,3141899
20917,3142296,74,3142370
20918,3142590,66,3142656
20919,3142658,16,3142674
20920,3142911,38,3142949
20921,3143175,8,3143183
20922,3143197,20,3143217
20923,3143405,16,3143421
20924,3143493,183,3143676
20925,3143767,5,3143772
20926,3143825,41,3143866
20927,3143995,85,3144080
20928,3144114,88,3144202
20929,3144359,149,3144508
20930,3144592,69,3144661
20931,3144757,42,3144799
20932,3144831,55,3144886
20933,3145275,148,3145423
20934,3145573,3,3145576
20935,3145585,4,3145589
20936,3145691,3,3145694
20937,3145857,1,3145858
20938,3145871,4,3145875
20939,3145900,108,3146008
20940,3146064,2,3146066
20941,3146129,4,3146133
20942,3146277,24,3146301
20943,3146451,20,3146471
20944,3146567,1,3146568
20945,3146582,69,3146651
20946,3147116,98,3147214
20947,3147239,17,3147256
20948,3147265,71,3147336
20949,3147394,88,3147482
20950,3147521,11,3147532
20951,3147540,139,3147679
20952,3147874,52,3147926
20953,3147932,16,3147948
20954,3148015,5,3148020
20955,3148116,192,3148308
20956,3148309,10,3148319
20957,3148339,28,3148367
20958,3148368,17,3148385
20959,3148563,37,3148600
20960,3148611,19,3148630
20961,3148649,26,3148675
20962,3148741,38,3148779
20963,3149239,31,3149270
20964,3149369,2,3149371
20965,3149619,39,3149658
20966,3149757,28,3149785
20967,3149849,2,3149851
20968,3149892,17,3149909
20969,3149945,79,3150024
20970,3150088,54,3150142
20971,3150204,31,3150235
20972,3150634,35,3150669
20973,3150853,72,3150925
20974,3150974,181,3151155
20975,3151249,44,3151293
20976,3151315,11,3151326
20977,3151331,17,3151348
20978,3151396,77,3151473
20979,3151571,84,3151655
20980,3151810,17,3151827
20981,3151829,28,3151857
20982,3151929,36,3151965
20983,3152231,4,3152235
20984,3152408,10,3152418
20985,3152523,63,3152586
20986,3152689,11,3152700
20987,3152727,54,3152781
20988,3152947,94,3153041
20989,3153069,15,3153084
20990,3153257,27,3153284
20991,3153324,66,3153390
20992,3153401,107,3153508
20993,3153515,33,3153548
20994,3153558,19,3153577
20995,3153900,40,3153940
20996,3153989,101,3154090
20997,3154270,29,3154299
20998,3154415,59,3154474
20999,3154669,13,3154682
21000,3154747,41,3154788
21001,3154872,19,3154891
21002,3155066,24,3155090
21003,3155274,52,3155326
21004,3155453,2,3155455
21005,3155467,23,3155490
21006,3155706,85,3155791
21007,3155807,74,3155881
21008,3156055,6,3156061
21009,3156062,13,3156075
21010,3156148,13,3156161
21011,3156237,82,3156319
21012,3156608,61,3156669
21013,3156702,2,3156704
21014,3156806,32,3156838
21015,3156936,3,3156939
21016,3156979,38,3157017
21017,3157028,15,3157043
21018,3157203,36,3157239
21019,3157290,59,3157349
21020,3157359,14,3157373
21021,3157421,27,3157448
21022,3157643,21,3157664
21023,3157768,106,3157874
21024,3157880,203,3158083
21025,3158390,35,3158425
21026,3158681,101,3158782
21027,3158888,38,3158926
21028,3159278,48,3159326
21029,3159586,199,3159785
21030,3159812,15,3159827
21031,3159866,1,3159867
21032,3159882,7,3159889
21033,3159894,204,3160098
21034,3160159,32,3160191
21035,3160364,184,3160548
21036,3160643,59,3160702
21037,3160704,64,3160768
21038,3161141,20,3161161
21039,3161264,23,3161287
21040,3161450,22,3161472
21041,3161556,12,3161568
21042,3161754,9,3161763
21043,3161821,23,3161844
21044,3162162,49,3162211
21045,3162620,81,3162701
21046,3162936,178,3163114
21047,3163172,67,3163239
21048,3163342,131,3163473
21049,3163512,55,3163567
21050,3163936,3,3163939
21051,3164007,35,3164042
21052,3164132,94,3164226
21053,3164244,8,3164252
21054,3164261,43,3164304
21055,3164393,47,3164440
21056,3164491,62,3164553
21057,3164596,3,3164599
21058,3164614,48,3164662
21059,3164676,18,3164694
21060,3164817,2,3164819
21061,3164825,33,3164858
21062,3164965,6,3164971
21063,3165051,58,3165109
21064,3165265,12,3165277
21065,3165703,109,3165812
21066,3165944,77,3166021
21067,3166485,134,3166619
21068,3166633,37,3166670
21069,3166681,53,3166734
21070,3166765,49,3166814
21071,3166984,35,3167019
21072,3167169,25,3167194
21073,3167283,33,3167316
21074,3167472,37,3167509
21075,3167707,99,3167806
21076,3167833,39,3167872
21077,3167935,66,3168001
21078,3168012,24,3168036
21079,3168091,14,3168105
21080,3168155,83,3168238
21081,3168287,23,3168310
21082,3168546,25,3168571
21083,3168586,6,3168592
21084,3168643,122,3168765
21085,3168786,23,3168809
21086,3168821,46,3168867
21087,3168894,180,3169074
21088,3169118,192,3169310
21089,3169669,33,3169702
21090,3169779,36,3169815
21091,3170002,54,3170056
21092,3170190,36,3170226
21093,3170329,130,3170459
21094,3170521,161,3170682
21095,3170712,32,3170744
21096,3170917,11,3170928
21097,3170949,37,3170986
21098,3171016,53,3171069
21099,3171153,69,3171222
21100,3171274,93,3171367
21101,3171535,44,3171579
21102,3171581,78,3171659
21103,3171718,141,3171859
21104,3171866,95,3171961
21105,3172071,70,3172141
21106,3172213,10,3172223
21107,3172400,6,3172406
21108,3172426,10,3172436
21109,3172522,27,3172549
21110,3172702,40,3172742
21111,3172751,28,3172779
21112,3172807,29,3172836
21113,3172948,40,3172988
21114,3173280,12,3173292
21115,3173331,69,3173400
21116,3173431,14,3173445
21117,3173459,65,3173524
21118,3173599,7,3173606
21119,3173628,27,3173655
21120,3173734,24,3173758
21121,3173762,145,3173907
21122,3173937,183,3174120
21123,3174147,27,3174174
21124,3174455,23,3174478
21125,3174604,63,3174667
21126,3174802,17,3174819
21127,3174898,14,3174912
21128,3174929,30,3174959
21129,3175004,26,3175030
21130,3175271,52,3175323
21131,3175427,14,3175441
21132,3175493,135,3175628
21133,3175630,145,3175775
21134,3175982,7,3175989
21135,3176041,8,3176049
21136,3176140,64,3176204
21137,3176259,8,3176267
21138,3176305,13,3176318
21139,3176358,19,3176377
21140,3176387,18,3176405
21141,3176613,11,3176624
21142,3176676,23,3176699
21143,3176739,5,3176744
21144,3176890,98,3176988
21145,3177274,16,3177290
21146,3177431,19,3177450
21147,3177690,6,3177696
21148,3177723,10,3177733
21149,3177736,22,3177758
21150,3177820,9,3177829
21151,3178198,31,3178229
21152,3178314,38,3178352
21153,3178565,57,3178622
21154,3178682,7,3178689
21155,3178694,37,3178731
21156,3178749,88,3178837
21157,3179177,11,3179188
21158,3179367,21,3179388
21159,3179394,42,3179436
21160,3179463,29,3179492
21161,3179567,55,3179622
21162,3179689,58,3179747
21163,3179780,4,3179784
21164,3179841,55,3179896
21165,3179946,14,3179960
21166,3179966,9,3179975
21167,3180066,154,3180220
21168,3180306,42,3180348
21169,3180706,23,3180729
21170,3180784,67,3180851
21171,3180914,3,3180917
21172,3180927,27,3180954
21173,3181167,43,3181210
21174,3181216,45,3181261
21175,3181546,117,3181663
21176,3181696,66,3181762
21177,3181953,95,3182048
21178,3182185,223,3182408
21179,3182557,53,3182610
21180,3182742,64,3182806
21181,3182838,7,3182845
21182,3183156,147,3183303
21183,3183389,7,3183396
21184,3183692,91,3183783
21185,3183987,18,3184005
21186,3184242,94,3184336
21187,3184432,20,3184452
21188,3184641,64,3184705
21189,3184805,40,3184845
21190,3184850,14,3184864
21191,3185127,28,3185155
21192,3185378,190,3185568
21193,3185677,4,3185681
21194,3186021,153,3186174
21195,3186178,3,3186181
21196,3186239,120,3186359
21197,3186450,83,3186533
21198,3186538,5,3186543
21199,3186642,22,3186664
21200,3186713,24,3186737
21201,3186760,22,3186782
21202,3186885,111,3186996
21203,3187068,63,3187131
21204,3187150,37,3187187
21205,3187289,79,3187368
21206,3187383,26,3187409
21207,3187538,24,3187562
21208,3187621,34,3187655
21209,3187698,110,3187808
21210,3187910,47,3187957
21211,3188046,70,3188116
21212,3188153,41,3188194
21213,3188274,52,3188326
21214,3188370,94,3188464
21215,3188534,270,3188804
21216,3188835,27,3188862
21217,3189050,31,3189081
21218,3189647,3,3189650
21219,3189956,31,3189987
21220,3190109,30,3190139
21221,3190170,141,3190311
21222,3190449,51,3190500
21223,3190587,65,3190652
21224,3190795,14,3190809
21225,3190844,186,3191030
21226,3191192,60,3191252
21227,3191274,33,3191307
21228,3191318,17,3191335
21229,3191350,95,3191445
21230,3191698,36,3191734
21231,3191858,102,3191960
21232,3191983,134,3192117
21233,3192137,16,3192153
21234,3192157,57,3192214
21235,3192245,63,3192308
21236,3192390,165,3192555
21237,3192603,32,3192635
21238,3192885,44,3192929
21239,3192932,20,3192952
21240,3192980,8,3192988
21241,3193067,61,3193128
21242,3193198,6,3193204
21243,3193313,11,3193324
21244,3193497,27,3193524
21245,3193644,22,3193666
21246,3193673,59,3193732
21247,3193735,140,3193875
21248,3193889,29,3193918
21249,3193992,5,3193997
21250,3194119,89,3194208
21251,3194391,96,3194487
21252,3194857,122,3194979
21253,3195198,150,3195348
21254,3195362,9,3195371
21255,3195422,16,3195438
21256,3195525,37,3195562
21257,3195790,94,3195884
21258,3195953,38,3195991
21259,3196115,71,3196186
21260,3196232,2,3196234
21261,3196240,72,3196312
21262,3196348,59,3196407
21263,3196430,22,3196452
21264,3196625,232,3196857
21265,3196962,8,3196970
21266,3197048,98,3197146
21267,3197173,105,3197278
21268,3197282,5,3197287
21269,3197447,41,3197488
21270,3197521,29,3197550
21271,3197608,35,3197643
21272,3197862,31,3197893
21273,3198311,41,3198352
21274,3198462,3,3198465
21275,3198500,13,3198513
21276,3198531,112,3198643
21277,3198994,98,3199092
21278,3199223,8,3199231
21279,3199245,74,3199319
21280,3199333,18,3199351
21281,3199433,18,3199451
21282,3199611,109,3199720
21283,3199802,61,3199863
21284,3199909,13,3199922
21285,3199998,23,3200021
21286,3200022,15,3200037
21287,3200079,49,3200128
21288,3200463,17,3200480
21289,3200619,125,3200744
21290,3200765,6,3200771
21291,3200869,49,3200918
21292,3201064,35,3201099
21293,3201178,8,3201186
21294,3201253,113,3201366
21295,3201379,80,3201459
21296,3201472,18,3201490
21297,3201694,46,3201740
21298,3201743,39,3201782
21299,3201810,7,3201817
21300,3201851,7,3201858
21301,3201963,175,3202138
21302,3202141,37,3202178
21303,3202318,38,3202356
21304,3202612,66,3202678
21305,3202891,76,3202967
21306,3203021,47,3203068
21307,3203516,121,3203637
21308,3203712,22,3203734
21309,3203799,38,3203837
21310,3204467,96,3204563
21311,3204691,88,3204779
21312,3204875,35,3204910
21313,3205042,81,3205123
21314,3205255,5,3205260
21315,3205402,111,3205513
21316,3205537,34,3205571
21317,3205672,72,3205744
21318,3205830,5,3205835
21319,3205940,100,3206040
21320,3206188,14,3206202
21321,3206290,6,3206296
21322,3206442,95,3206537
21323,3206617,32,3206649
21324,3206763,11,3206774
21325,3206779,62,3206841
21326,3206861,79,3206940
21327,3206956,48,3207004
21328,3207018,1,3207019
21329,3207020,47,3207067
21330,3207204,15,3207219
21331,3207355,43,3207398
21332,3207487,11,3207498
21333,3207705,67,3207772
21334,3208016,64,3208080
21335,3208139,146,3208285
21336,3208314,63,3208377
21337,3208379,65,3208444
21338,3208654,2,3208656
21339,3208729,6,3208735
21340,3208890,38,3208928
21341,3208931,74,3209005
21342,3209023,3,3209026
21343,3209119,221,3209340
21344,3209379,18,3209397
21345,3209460,65,3209525
21346,3209659,19,3209678
21347,3209682,10,3209692
21348,3209825,2,3209827
21349,3210029,31,3210060
21350,3210097,109,3210206
21351,3210654,11,3210665
21352,3210723,48,3210771
21353,3210903,95,3210998
21354,3211183,47,3211230
21355,3211291,90,3211381
21356,3211421,12,3211433
21357,3211436,57,3211493
21358,3211502,8,3211510
21359,3211532,25,3211557
21360,3211559,53,3211612
21361,3211778,10,3211788
21362,3211924,14,3211938
21363,3212065,32,3212097
21364,3212184,28,3212212
21365,3212233,67,3212300
21366,3212359,25,3212384
21367,3212459,1,3212460
21368,3212470,37,3212507
21369,3212646,32,3212678
21370,3212716,14,3212730
21371,3212737,33,3212770
21372,3212860,15,3212875
21373,3212883,55,3212938
21374,3213106,13,3213119
21375,3213192,39,3213231
21376,3213276,63,3213339
21377,3213469,15,3213484
21378,3213561,39,3213600
21379,3213835,98,3213933
21380,3214035,83,3214118
21381,3214322,12,3214334
21382,3214459,11,3214470
21383,3214563,5,3214568
21384,3214719,14,3214733
21385,3214894,21,3214915
21386,3214987,27,3215014
21387,3215205,82,3215287
21388,3215340,50,3215390
21389,3215548,67,3215615
21390,3215619,129,3215748
21391,3215858,9,3215867
21392,3215879,75,3215954
21393,3216019,25,3216044
21394,3216086,12,3216098
21395,3216203,12,3216215
21396,3216325,74,3216399
21397,3216446,20,3216466
21398,3216623,19,3216642
21399,3216958,77,3217035
21400,3217238,29,3217267
21401,3217273,134,3217407
21402,3217433,87,3217520
21403,3217598,145,3217743
21404,3217860,4,3217864
21405,3217880,14,3217894
21406,3217912,9,3217921
21407,3217953,14,3217967
21408,3217974,71,3218045
21409,3218378,34,3218412
21410,3218583,159,3218742
21411,3218957,21,3218978
21412,3219112,14,3219126
21413,3219199,18,3219217
21414,3219403,73,3219476
21415,3219481,22,3219503
21416,3219530,61,3219591
21417,3219623,27,3219650
21418,3219755,197,3219952
21419,3220010,8,3220018
21420,3220226,96,3220322
21421,3220448,25,3220473
21422,3220616,82,3220698
21423,3220848,74,3220922
21424,3221100,49,3221149
21425,3221258,7,3221265
21426,3221323,48,3221371
21427,3221568,21,3221589
21428,3221802,5,3221807
21429,3221865,10,3221875
21430,3221886,35,3221921
21431,3222043,117,3222160
21432,3222260,231,3222491
21433,3222591,6,3222597
21434,3222645,36,3222681
21435,3222702,42,3222744
21436,3222864,22,3222886
21437,3222924,7,3222931
21438,3223086,56,3223142
21439,3223592,47,3223639
21440,3223782,112,3223894
21441,3224160,3,3224163
21442,3224357,28,3224385
21443,3224558,103,3224661
21444,3224708,51,3224759
21445,3225102,4,3225106
21446,3225149,18,3225167
21447,3225339,35,3225374
21448,3225547,6,3225553
21449,3225578,33,3225611
21450,3225670,20,3225690
21451,3225727,1,3225728
21452,3225757,8,3225765
21453,3225778,154,3225932
21454,3226010,4,3226014
21455,3226289,7,3226296
21456,3226390,52,3226442
21457,3226511,86,3226597
21458,3226841,4,3226845
21459,3227249,6,3227255
21460,3227271,7,3227278
21461,3227327,66,3227393
21462,3227421,40,3227461
21463,3227508,294,3227802
21464,3227854,143,3227997
21465,3228000,57,3228057
21466,3228259,58,3228317
21467,3228393,19,3228412
21468,3228477,13,3228490
21469,3228507,49,3228556
21470,3228612,41,3228653
21471,3228740,109,3228849
21472,3228897,95,3228992
21473,3229188,11,3229199
21474,3229287,63,3229350
21475,3229504,105,3229609
21476,3229896,80,3229976
21477,3230025,36,3230061
21478,3230063,48,3230111
21479,3230230,42,3230272
21480,3230313,24,3230337
21481,3230422,21,3230443
21482,3230569,118,3230687
21483,3230977,38,3231015
21484,3231112,26,3231138
21485,3231147,24,3231171
21486,3231179,34,3231213
21487,3231295,1,3231296
21488,3231321,13,3231334
21489,3231361,18,3231379
21490,3231429,23,3231452
21491,3231565,8,3231573
21492,3231802,28,3231830
21493,3231859,76,3231935
21494,3232052,21,3232073
21495,3232080,197,3232277
21496,3232482,48,3232530
21497,3232540,6,3232546
21498,3232588,32,3232620
21499,3232768,2,3232770
21500,3232929,23,3232952
21501,3233202,179,3233381
21502,3233506,23,3233529
21503,3233549,142,3233691
21504,3233704,78,3233782
21505,3233857,31,3233888
21506,3233889,26,3233915
21507,3233929,20,3233949
21508,3234006,4,3234010
21509,3234113,13,3234126
21510,3234236,15,3234251
21511,3234293,114,3234407
21512,3234440,39,3234479
21513,3234498,37,3234535
21514,3234567,8,3234575
21515,3234608,3,3234611
21516,3234792,2,3234794
21517,3234954,65,3235019
21518,3235045,19,3235064
21519,3235076,21,3235097
21520,3235122,5,3235127
21521,3235142,7,3235149
21522,3235197,94,3235291
21523,3235394,8,3235402
21524,3235631,50,3235681
21525,3236181,102,3236283
21526,3236345,93,3236438
21527,3236562,38,3236600
21528,3236766,98,3236864
21529,3236997,10,3237007
21530,3237254,25,3237279
21531,3237285,26,3237311
21532,3237322,31,3237353
21533,3237494,12,3237506
21534,3237808,50,3237858
21535,3237863,58,3237921
21536,3238131,32,3238163
21537,3238261,136,3238397
21538,3238432,17,3238449
21539,3238525,96,3238621
21540,3238675,44,3238719
21541,3238740,27,3238767
21542,3239086,49,3239135
21543,3239247,59,3239306
21544,3239684,17,3239701
21545,3239841,24,3239865
21546,3239885,19,3239904
21547,3239976,73,3240049
21548,3240113,149,3240262
21549,3240486,133,3240619
21550,3240682,8,3240690
21551,3240862,16,3240878
21552,3240906,24,3240930
21553,3240959,50,3241009
21554,3241070,13,3241083
21555,3241144,15,3241159
21556,3241173,4,3241177
21557,3241396,234,3241630
21558,3241730,11,3241741
21559,3241784,9,3241793
21560,3241841,16,3241857
21561,3242137,71,3242208
21562,3242467,112,3242579
21563,3242628,117,3242745
21564,3242970,118,3243088
21565,3243359,90,3243449
21566,3243515,13,3243528
21567,3243811,57,3243868
21568,3243881,1,3243882
21569,3243951,142,3244093
21570,3244250,76,3244326
21571,3244342,8,3244350
21572,3244432,26,3244458
21573,3244472,4,3244476
21574,3244604,142,3244746
21575,3244751,18,3244769
21576,3244818,48,3244866
21577,3244889,40,3244929
21578,3244973,50,3245023
21579,3245057,21,3245078
21580,3245093,67,3245160
21581,3245205,67,3245272
21582,3245489,10,3245499
21583,3245536,53,3245589
21584,3245594,108,3245702
21585,3245707,100,3245807
21586,3245873,30,3245903
21587,3245983,139,3246122
21588,3246228,37,3246265
21589,3246404,58,3246462
21590,3246490,19,3246509
21591,3246579,35,3246614
21592,3246686,21,3246707
21593,3246796,48,3246844
21594,3246875,49,3246924
21595,3247077,186,3247263
21596,3247298,162,3247460
21597,3247583,24,3247607
21598,3247680,57,3247737
21599,3247979,12,3247991
21600,3248135,83,3248218
21601,3248304,15,3248319
21602,3248496,58,3248554
21603,3248669,95,3248764
21604,3249048,28,3249076
21605,3249143,12,3249155
21606,3249201,32,3249233
21607,3249475,15,3249490
21608,3249624,25,3249649
21609,3249688,26,3249714
21610,3249809,29,3249838
21611,3249943,40,3249983
21612,3250020,31,3250051
21613,3250142,80,3250222
21614,3250675,14,3250689
21615,3250751,190,3250941
21616,3251028,101,3251129
21617,3251442,29,3251471
21618,3251502,22,3251524
21619,3251536,85,3251621
21620,3251719,32,3251751
21621,3251903,62,3251965
21622,3252039,58,3252097
21623,3252285,97,3252382
21624,3252551,44,3252595
21625,3252722,113,3252835
21626,3252864,19,3252883
21627,3252893,49,3252942
21628,3253031,55,3253086
21629,3253097,63,3253160
21630,3253187,12,3253199
21631,3253293,57,3253350
21632,3253406,27,3253433
21633,3253529,16,3253545
21634,3253598,67,3253665
21635,3253702,5,3253707
21636,3253708,189,3253897
21637,3253969,11,3253980
21638,3254156,28,3254184
21639,3254190,36,3254226
21640,3254255,198,3254453
21641,3254483,132,3254615
21642,3254640,35,3254675
21643,3254705,85,3254790
21644,3254938,75,3255013
21645,3255113,55,3255168
21646,3255245,30,3255275
21647,3255308,7,3255315
21648,3255382,10,3255392
21649,3255422,42,3255464
21650,3255490,110,3255600
21651,3255898,113,3256011
21652,3256037,8,3256045
21653,3256111,162,3256273
21654,3256338,6,3256344
21655,3256393,3,3256396
21656,3256438,215,3256653
21657,3256661,45,3256706
21658,3256737,96,3256833
21659,3256900,33,3256933
21660,3257017,179,3257196
21661,3257222,18,3257240
21662,3257282,66,3257348
21663,3257670,31,3257701
21664,3257774,31,3257805
21665,3257890,159,3258049
21666,3258107,37,3258144
21667,3258346,54,3258400
21668,3258484,3,3258487
21669,3258527,37,3258564
21670,3258621,4,3258625
21671,3258670,89,3258759
21672,3258861,56,3258917
21673,3259326,4,3259330
21674,3259637,11,3259648
21675,3259670,49,3259719
21676,3259787,11,3259798
21677,3259799,8,3259807
21678,3259950,44,3259994
21679,3260122,12,3260134
21680,3260190,4,3260194
21681,3260272,46,3260318
21682,3260320,94,3260414
21683,3260566,42,3260608
21684,3260696,9,3260705
21685,3260707,96,3260803
21686,3260909,20,3260929
21687,3261067,83,3261150
21688,3261164,22,3261186
21689,3261213,57,3261270
21690,3261397,22,3261419
21691,3261433,138,3261571
21692,3261577,30,3261607
21693,3261849,87,3261936
21694,3261976,154,3262130
21695,3262325,7,3262332
21696,3262747,13,3262760
21697,3262937,46,3262983
21698,3263159,10,3263169
21699,3263280,11,3263291
21700,3263332,9,3263341
21701,3263387,57,3263444
21702,3263515,88,3263603
21703,3263613,88,3263701
21704,3263778,32,3263810
21705,3263816,5,3263821
21706,3263864,44,3263908
21707,3263936,49,3263985
21708,3264110,19,3264129
21709,3264193,52,3264245
21710,3264482,15,3264497
21711,3264652,8,3264660
21712,3264661,81,3264742
21713,3265066,31,3265097
21714,3265105,20,3265125
21715,3265298,11,3265309
21716,3265365,63,3265428
21717,3265498,264,3265762
21718,3265862,29,3265891
21719,3266004,31,3266035
21720,3266094,140,3266234
21721,3266362,89,3266451
21722,3266545,45,3266590
21723,3266745,3,3266748
21724,3266764,19,3266783
21725,3266819,34,3266853
21726,3266885,12,3266897
21727,3266990,45,3267035
21728,3267107,2,3267109
21729,3267128,37,3267165
21730,3267177,71,3267248
21731,3267269,25,3267294
21732,3267372,62,3267434
21733,3267725,46,3267771
21734,3268083,216,3268299
21735,3268645,37,3268682
21736,3268753,75,3268828
21737,3268974,33,3269007
21738,3269032,19,3269051
21739,3269103,107,3269210
21740,3269218,3,3269221
21741,3269387,70,3269457
21742,3269542,138,3269680
21743,3269684,14,3269698
21744,3269699,25,3269724
21745,3269779,18,3269797
21746,3269849,117,3269966
21747,3270088,14,3270102
21748,3270190,38,3270228
21749,3270282,15,3270297
21750,3270308,7,3270315
21751,3270518,103,3270621
21752,3270748,73,3270821
21753,3270870,12,3270882
21754,3270954,42,3270996
21755,3271109,44,3271153
21756,3271323,53,3271376
21757,3271515,44,3271559
21758,3271600,49,3271649
21759,3271796,7,3271803
21760,3271805,9,3271814
21761,3271842,20,3271862
21762,3272041,48,3272089
21763,3272322,17,3272339
21764,3272462,84,3272546
21765,3272553,16,3272569
21766,3272570,32,3272602
21767,3272646,109,3272755
21768,3272875,59,3272934
21769,3272973,79,3273052
21770,3273243,65,3273308
21771,3273328,62,3273390
21772,3273545,136,3273681
21773,3273683,38,3273721
21774,3273958,1,3273959
21775,3274004,4,3274008
21776,3274027,41,3274068
21777,3274227,32,3274259
21778,3274401,212,3274613
21779,3274757,66,3274823
21780,3274912,20,3274932
21781,3274972,43,3275015
21782,3275033,51,3275084
21783,3275110,102,3275212
21784,3275347,178,3275525
21785,3275630,8,3275638
21786,3275669,62,3275731
21787,3275847,66,3275913
21788,3276227,12,3276239
21789,3276337,126,3276463
21790,3276486,64,3276550
21791,3276575,40,3276615
21792,3276654,15,3276669
21793,3276979,22,3277001
21794,3277341,42,3277383
21795,3277399,22,3277421
21796,3277518,35,3277553
21797,3277642,48,3277690
21798,3277740,25,3277765
21799,3277807,3,3277810
21800,3278147,211,3278358
21801,3278376,45,3278421
21802,3278607,39,3278646
21803,3278705,31,3278736
21804,3278792,13,3278805
21805,3278829,36,3278865
21806,3279215,13,3279228
21807,3279268,42,3279310
21808,3279335,31,3279366
21809,3279411,134,3279545
21810,3279676,46,3279722
21811,3279744,8,3279752
21812,3279920,8,3279928
21813,3279959,50,3280009
21814,3280041,51,3280092
21815,3280148,14,3280162
21816,3280225,8,3280233
21817,3280267,149,3280416
21818,3280664,9,3280673
21819,3280695,37,3280732
21820,3280754,64,3280818
21821,3281060,16,3281076
21822,3281158,67,3281225
21823,3281404,169,3281573
21824,3281688,71,3281759
21825,3282043,136,3282179
21826,3282198,146,3282344
21827,3282396,8,3282404
21828,3282414,33,3282447
21829,3282805,22,3282827
21830,3282834,14,3282848
21831,3282855,18,3282873
21832,3282874,132,3283006
21833,3283007,5,3283012
21834,3283211,8,3283219
21835,3283285,6,3283291
21836,3283768,8,3283776
21837,3284001,46,3284047
21838,3284092,181,3284273
21839,3284441,120,3284561
21840,3284571,53,3284624
21841,3284708,5,3284713
21842,3284771,7,3284778
21843,3284982,21,3285003
21844,3285042,26,3285068
21845,3285154,116,3285270
21846,3285353,22,3285375
21847,3285467,44,3285511
21848,3285519,97,3285616
21849,3285672,31,3285703
21850,3285718,7,3285725
21851,3286035,2,3286037
21852,3286115,94,3286209
21853,3286683,70,3286753
21854,3286804,7,3286811
21855,3286912,103,3287015
21856,3287095,36,3287131
21857,3287156,71,3287227
21858,3287361,120,3287481
21859,3287613,6,3287619
21860,3287704,16,3287720
21861,3287743,93,3287836
21862,3287861,82,3287943
21863,3288193,145,3288338
21864,3288425,170,3288595
21865,3288753,100,3288853
21866,3288882,2,3288884
21867,3288896,6,3288902
21868,3288925,7,3288932
21869,3288972,58,3289030
21870,3289145,8,3289153
21871,3289204,30,3289234
21872,3289412,20,3289432
21873,3289560,41,3289601
21874,3289709,2,3289711
21875,3290226,11,3290237
21876,3290364,28,3290392
21877,3290452,68,3290520
21878,3290530,64,3290594
21879,3290702,22,3290724
21880,3290900,13,3290913
21881,3290982,18,3291000
21882,3291006,32,3291038
21883,3291056,106,3291162
21884,3291184,30,3291214
21885,3291292,99,3291391
21886,3291609,48,3291657
21887,3291706,33,3291739
21888,3292011,1,3292012
21889,3292032,50,3292082
21890,3292118,41,3292159
21891,3292754,11,3292765
21892,3292958,24,3292982
21893,3292983,114,3293097
21894,3293128,18,3293146
21895,3293172,87,3293259
21896,3293262,92,3293354
21897,3293539,1,3293540
21898,3293652,31,3293683
21899,3293803,34,3293837
21900,3294067,8,3294075
21901,3294155,22,3294177
21902,3294362,63,3294425
21903,3294605,156,3294761
21904,3294802,65,3294867
21905,3294919,8,3294927
21906,3294951,87,3295038
21907,3295061,2,3295063
21908,3295387,32,3295419
21909,3295467,185,3295652
21910,3295805,54,3295859
21911,3295881,4,3295885
21912,3296031,79,3296110
21913,3296121,2,3296123
21914,3296332,7,3296339
21915,3296445,29,3296474
21916,3296595,6,3296601
21917,3296733,4,3296737
21918,3296760,7,3296767
21919,3296785,171,3296956
21920,3296985,130,3297115
21921,3297170,10,3297180
21922,3297197,2,3297199
21923,3297214,5,3297219
21924,3297304,6,3297310
21925,3297328,158,3297486
21926,3297955,47,3298002
21927,3298014,68,3298082
21928,3298326,140,3298466
21929,3298539,74,3298613
21930,3298842,7,3298849
21931,3299013,84,3299097
21932,3299277,14,3299291
21933,3299295,48,3299343
21934,3299423,98,3299521
21935,3299552,36,3299588
21936,3299670,40,3299710
21937,3300001,22,3300023
21938,3300050,98,3300148
21939,3300151,28,3300179
21940,3300262,105,3300367
21941,3300386,71,3300457
21942,3300529,48,3300577
21943,3300619,7,3300626
21944,3300659,22,3300681
21945,3300765,75,3300840
21946,3301031,8,3301039
21947,3301156,23,3301179
21948,3301230,52,3301282
21949,3301306,28,3301334
21950,3301361,27,3301388
21951,3301389,56,3301445
21952,3301699,64,3301763
21953,3301841,28,3301869
21954,3301901,40,3301941
21955,3302159,72,3302231
21956,3302315,12,3302327
21957,3302373,19,3302392
21958,3302418,97,3302515
21959,3302626,99,3302725
21960,3302845,1,3302846
21961,3303237,27,3303264
21962,3303312,16,3303328
21963,3303480,2,3303482
21964,3303555,47,3303602
21965,3303654,34,3303688
21966,3303796,55,3303851
21967,3303896,162,3304058
21968,3304374,15,3304389
21969,3304483,95,3304578
21970,3304676,7,3304683
21971,3304790,52,3304842
21972,3304927,8,3304935
21973,3305029,47,3305076
21974,3305204,16,3305220
21975,3305293,58,3305351
21976,3305430,225,3305655
21977,3305667,3,3305670
21978,3305676,44,3305720
21979,3305763,31,3305794
21980,3305805,137,3305942
21981,3306014,14,3306028
21982,3306118,147,3306265
21983,3306322,69,3306391
21984,3306615,1,3306616
21985,3306802,62,3306864
21986,3307010,68,3307078
21987,3307091,5,3307096
21988,3307122,6,3307128
21989,3307169,45,3307214
21990,3307318,63,3307381
21991,3307545,114,3307659
21992,3307679,53,3307732
21993,3307891,5,3307896
21994,3308007,18,3308025
21995,3308060,17,3308077
21996,3308253,26,3308279
21997,3308370,3,3308373
21998,3308432,52,3308484
21999,3308533,114,3308647
22000,3309026,2,3309028
22001,3309111,7,3309118
22002,3309229,8,3309237
22003,3309281,61,3309342
22004,3309400,62,3309462
22005,3309496,14,3309510
22006,3309699,76,3309775
22007,3309864,33,3309897
22008,3309998,38,3310036
22009,3310122,41,3310163
22010,3310233,38,3310271
22011,3310447,109,3310556
22012,3310627,38,3310665
22013,3310731,43,3310774
22014,3310887,10,3310897
22015,3310960,63,3311023
22016,3311061,16,3311077
22017,3311166,52,3311218
22018,3311358,32,3311390
22019,3311458,2,3311460
22020,3311461,87,3311548
22021,3311700,12,3311712
22022,3311742,14,3311756
22023,3311820,26,3311846
22024,3311850,25,3311875
22025,3311949,157,3312106
22026,3312194,58,3312252
22027,3312350,204,3312554
22028,3312610,50,3312660
22029,3312707,19,3312726
22030,3312765,131,3312896
22031,3312899,68,3312967
22032,3313173,7,3313180
22033,3313240,69,3313309
22034,3313327,20,3313347
22035,3313350,93,3313443
22036,3313622,108,3313730
22037,3313796,75,3313871
22038,3313891,7,3313898
22039,3313929,85,3314014
22040,3314081,80,3314161
22041,3314181,2,3314183
22042,3314253,15,3314268
22043,3314579,39,3314618
22044,3315112,81,3315193
22045,3315215,133,3315348
22046,3315469,11,3315480
22047,3315727,11,3315738
22048,3315758,16,3315774
22049,3315834,10,3315844
22050,3315846,180,3316026
22051,3316088,96,3316184
22052,3316450,48,3316498
22053,3316523,24,3316547
22054,3316753,67,3316820
22055,3316890,1,3316891
22056,3317081,35,3317116
22057,3317238,50,3317288
22058,3317384,2,3317386
22059,3317468,8,3317476
22060,3317501,41,3317542
22061,3317675,91,3317766
22062,3317844,130,3317974
22063,3318049,221,3318270
22064,3318498,151,3318649
22065,3318732,134,3318866
22066,3318967,31,3318998
22067,3319027,169,3319196
22068,3319204,13,3319217
22069,3319245,32,3319277
22070,3319279,16,3319295
22071,3319450,33,3319483
22072,3319636,116,3319752
22073,3319881,111,3319992
22074,3320515,9,3320524
22075,3320574,21,3320595
22076,3320702,27,3320729
22077,3320948,12,3320960
22078,3320979,30,3321009
22079,3321024,80,3321104
22080,3321277,4,3321281
22081,3321561,12,3321573
22082,3321662,10,3321672
22083,3321699,5,3321704
22084,3321759,40,3321799
22085,3321899,122,3322021
22086,3322457,157,3322614
22087,3322658,53,3322711
22088,3322855,12,3322867
22089,3322928,20,3322948
22090,3323227,228,3323455
22091,3323621,147,3323768
22092,3323985,4,3323989
22093,3324104,14,3324118
22094,3324120,65,3324185
22095,3324328,94,3324422
22096,3324468,35,3324503
22097,3324512,76,3324588
22098,3324752,14,3324766
22099,3324770,10,3324780
22100,3324787,231,3325018
22101,3325040,21,3325061
22102,3325302,46,3325348
22103,3325413,92,3325505
22104,3325565,20,3325585
22105,3325620,1,3325621
22106,3325740,28,3325768
22107,3325858,75,3325933
22108,3326093,3,3326096
22109,3326183,83,3326266
22110,3326309,113,3326422
22111,3326436,8,3326444
22112,3326452,239,3326691
22113,3326699,69,3326768
22114,3326874,10,3326884
22115,3327044,45,3327089
22116,3327128,44,3327172
22117,3327235,65,3327300
22118,3327478,18,3327496
22119,3327553,104,3327657
22120,3327658,1,3327659
22121,3327776,30,3327806
22122,3327850,26,3327876
22123,3327957,49,3328006
22124,3328009,29,3328038
22125,3328148,36,3328184
22126,3328331,35,3328366
22127,3328516,38,3328554
22128,3328972,5,3328977
22129,3329156,38,3329194
22130,3329438,129,3329567
22131,3329665,22,3329687
22132,3329833,26,3329859
22133,3329884,4,3329888
22134,3329900,13,3329913
22135,3330221,102,3330323
22136,3330331,34,3330365
22137,3330420,56,3330476
22138,3330643,55,3330698
22139,3330739,74,3330813
22140,3330845,139,3330984
22141,3330991,99,3331090
22142,3331292,49,3331341
22143,3331621,68,3331689
22144,3331798,5,3331803
22145,3331888,85,3331973
22146,3332000,28,3332028
22147,3332105,45,3332150
22148,3332203,39,3332242
22149,3332357,15,3332372
22150,3332373,49,3332422
22151,3332435,20,3332455
22152,3332523,32,3332555
22153,3332586,129,3332715
22154,3332774,93,3332867
22155,3333002,13,3333015
22156,3333282,216,3333498
22157,3333516,13,3333529
22158,3333647,38,3333685
22159,3333762,57,3333819
22160,3333934,235,3334169
22161,3334412,60,3334472
22162,3334634,45,3334679
22163,3334731,5,3334736
22164,3334747,42,3334789
22165,3334899,14,3334913
22166,3335108,71,3335179
22167,3335345,55,3335400
22168,3335762,76,3335838
22169,3335859,9,3335868
22170,3335895,5,3335900
22171,3335910,30,3335940
22172,3336072,97,3336169
22173,3336236,58,3336294
22174,3336462,146,3336608
22175,3336904,143,3337047
22176,3337087,46,3337133
22177,3337208,93,3337301
22178,3337337,2,3337339
22179,3337381,7,3337388
22180,3337485,62,3337547
22181,3337730,27,3337757
22182,3337759,29,3337788
22183,3338037,62,3338099
22184,3338274,7,3338281
22185,3338317,85,3338402
22186,3338511,76,3338587
22187,3338729,33,3338762
22188,3338834,38,3338872
22189,3339205,2,3339207
22190,3339238,34,3339272
22191,3339606,33,3339639
22192,3339778,34,3339812
22193,3339873,25,3339898
22194,3339933,11,3339944
22195,3340012,24,3340036
22196,3340039,54,3340093
22197,3340114,5,3340119
22198,3340253,42,3340295
22199,3340352,65,3340417
22200,3340562,6,3340568
22201,3340608,9,3340617
22202,3340623,10,3340633
22203,3341073,23,3341096
22204,3341317,31,3341348
22205,3341365,11,3341376
22206,3341403,146,3341549
22207,3341641,1,3341642
22208,3341923,18,3341941
22209,3341981,37,3342018
22210,3342026,26,3342052
22211,3342059,33,3342092
22212,3342212,50,3342262
22213,3342326,114,3342440
22214,3342448,26,3342474
22215,3342483,5,3342488
22216,3342678,47,3342725
22217,3342852,51,3342903
22218,3342938,53,3342991
22219,3343048,120,3343168
22220,3343268,9,3343277
22221,3343308,21,3343329
22222,3343952,120,3344072
22223,3344087,25,3344112
22224,3344128,15,3344143
22225,3344256,5,3344261
22226,3344366,10,3344376
22227,3344763,18,3344781
22228,3344786,5,3344791
22229,3344798,196,3344994
22230,3345028,3,3345031
22231,3345039,144,3345183
22232,3345197,20,3345217
22233,3345220,10,3345230
22234,3345312,101,3345413
22235,3345437,73,3345510
22236,3345664,15,3345679
22237,3345712,48,3345760
22238,3345771,14,3345785
22239,3345797,102,3345899
22240,3345931,33,3345964
22241,3346047,30,3346077
22242,3346113,30,3346143
22243,3346299,47,3346346
22244,3346474,158,3346632
22245,3346714,22,3346736
22246,3346824,14,3346838
22247,3346887,31,3346918
22248,3346942,12,3346954
22249,3346956,7,3346963
22250,3347042,11,3347053
22251,3347091,17,3347108
22252,3347252,53,3347305
22253,3347471,123,3347594
22254,3347672,60,3347732
22255,3347734,90,3347824
22256,3347917,164,3348081
22257,3348203,14,3348217
22258,3348227,5,3348232
22259,3348305,11,3348316
22260,3348318,8,3348326
22261,3348565,18,3348583
22262,3348735,18,3348753
22263,3348805,42,3348847
22264,3348855,16,3348871
22265,3348913,24,3348937
22266,3349008,4,3349012
22267,3349026,22,3349048
22268,3349065,114,3349179
22269,3349294,11,3349305
22270,3349364,53,3349417
22271,3349578,41,3349619
22272,3349725,66,3349791
22273,3349804,113,3349917
22274,3349985,90,3350075
22275,3350086,76,3350162
22276,3350175,94,3350269
22277,3350391,115,3350506
22278,3350876,13,3350889
22279,3350927,6,3350933
22280,3350994,20,3351014
22281,3351099,127,3351226
22282,3351267,113,3351380
22283,3351629,31,3351660
22284,3351708,65,3351773
22285,3351890,19,3351909
22286,3352020,4,3352024
22287,3352026,58,3352084
22288,3352187,218,3352405
22289,3352433,20,3352453
22290,3352522,135,3352657
22291,3352756,111,3352867
22292,3353289,27,3353316
22293,3353320,72,3353392
22294,3353842,65,3353907
22295,3353980,169,3354149
22296,3354278,11,3354289
22297,3354432,22,3354454
22298,3354484,58,3354542
22299,3354556,19,3354575
22300,3354624,7,3354631
22301,3354651,54,3354705
22302,3354763,8,3354771
22303,3355080,40,3355120
22304,3355192,15,3355207
22305,3355326,6,3355332
22306,3355401,30,3355431
22307,3355482,117,3355599
22308,3355618,128,3355746
22309,3355825,74,3355899
22310,3356199,38,3356237
22311,3356429,4,3356433
22312,3356484,111,3356595
22313,3356786,11,3356797
22314,3356798,32,3356830
22315,3357014,34,3357048
22316,3357340,99,3357439
22317,3357527,138,3357665
22318,3357725,17,3357742
22319,3357783,125,3357908
22320,3357973,6,3357979
22321,3358043,25,3358068
22322,3358178,30,3358208
22323,3358324,48,3358372
22324,3358373,35,3358408
22325,3358562,71,3358633
22326,3358736,187,3358923
22327,3359428,20,3359448
22328,3359467,13,3359480
22329,3359753,36,3359789
22330,3359836,1,3359837
22331,3359875,107,3359982
22332,3360076,14,3360090
22333,3360230,42,3360272
22334,3360334,25,3360359
22335,3360437,14,3360451
22336,3360467,40,3360507
22337,3360541,54,3360595
22338,3360771,32,3360803
22339,3360890,9,3360899
22340,3361087,20,3361107
22341,3361210,12,3361222
22342,3361225,15,3361240
22343,3361303,1,3361304
22344,3361424,11,3361435
22345,3361461,43,3361504
22346,3361518,21,3361539
22347,3361698,187,3361885
22348,3362062,1,3362063
22349,3362128,14,3362142
22350,3362297,17,3362314
22351,3362364,44,3362408
22352,3362674,7,3362681
22353,3362879,143,3363022
22354,3363050,25,3363075
22355,3363242,41,3363283
22356,3363319,107,3363426
22357,3363680,162,3363842
22358,3363896,106,3364002
22359,3364328,14,3364342
22360,3364365,7,3364372
22361,3364415,13,3364428
22362,3364458,59,3364517
22363,3364646,20,3364666
22364,3364699,84,3364783
22365,3364821,82,3364903
22366,3365121,72,3365193
22367,3365312,50,3365362
22368,3365415,28,3365443
22369,3365610,35,3365645
22370,3365686,3,3365689
22371,3365705,1,3365706
22372,3365979,65,3366044
22373,3366091,51,3366142
22374,3366412,6,3366418
22375,3366469,23,3366492
22376,3366499,27,3366526
22377,3366553,25,3366578
22378,3366890,20,3366910
22379,3367067,102,3367169
22380,3367187,71,3367258
22381,3367277,40,3367317
22382,3367344,59,3367403
22383,3367571,5,3367576
22384,3367853,5,3367858
22385,3367871,19,3367890
22386,3368070,85,3368155
22387,3368371,7,3368378
22388,3368451,46,3368497
22389,3368744,65,3368809
22390,3369101,3,3369104
22391,3369154,6,3369160
22392,3369182,74,3369256
22393,3369314,13,3369327
22394,3369403,13,3369416
22395,3369589,149,3369738
22396,3369740,52,3369792
22397,3369880,16,3369896
22398,3369900,34,3369934
22399,3370153,6,3370159
22400,3370388,44,3370432
22401,3370540,45,3370585
22402,3370781,7,3370788
22403,3371018,76,3371094
22404,3371123,42,3371165
22405,3371251,40,3371291
22406,3371440,9,3371449
22407,3371452,11,3371463
22408,3371594,16,3371610
22409,3371757,60,3371817
22410,3371896,72,3371968
22411,3372081,7,3372088
22412,3372417,147,3372564
22413,3372570,33,3372603
22414,3372787,61,3372848
22415,3372933,44,3372977
22416,3373019,56,3373075
22417,3373123,58,3373181
22418,3373313,14,3373327
22419,3373393,164,3373557
22420,3373648,11,3373659
22421,3373682,121,3373803
22422,3374124,49,3374173
22423,3374262,67,3374329
22424,3374365,83,3374448
22425,3374803,8,3374811
22426,3374869,17,3374886
22427,3374917,12,3374929
22428,3375013,76,3375089
22429,3375202,10,3375212
22430,3375230,12,3375242
22431,3375246,78,3375324
22432,3375637,41,3375678
22433,3375682,94,3375776
22434,3375840,104,3375944
22435,3376203,26,3376229
22436,3376635,175,3376810
22437,3376838,68,3376906
22438,3376969,122,3377091
22439,3377128,20,3377148
22440,3377426,11,3377437
22441,3377448,149,3377597
22442,3377624,6,3377630
22443,3377638,51,3377689
22444,3377977,92,3378069
22445,3378080,40,3378120
22446,3378206,9,3378215
22447,3378329,106,3378435
22448,3378447,8,3378455
22449,3378652,62,3378714
22450,3378824,55,3378879
22451,3379012,85,3379097
22452,3379177,51,3379228
22453,3379389,20,3379409
22454,3379510,27,3379537
22455,3379644,26,3379670
22456,3379765,65,3379830
22457,3379873,27,3379900
22458,3379947,18,3379965
22459,3379979,87,3380066
22460,3380094,28,3380122
22461,3380124,38,3380162
22462,3380249,2,3380251
22463,3380331,52,3380383
22464,3380424,11,3380435
22465,3380509,59,3380568
22466,3380595,18,3380613
22467,3380685,2,3380687
22468,3380711,17,3380728
22469,3380857,14,3380871
22470,3380955,127,3381082
22471,3381182,66,3381248
22472,3381284,2,3381286
22473,3381342,139,3381481
22474,3381493,58,3381551
22475,3381733,25,3381758
22476,3381837,199,3382036
22477,3382136,41,3382177
22478,3382328,151,3382479
22479,3382496,1,3382497
22480,3382521,95,3382616
22481,3382638,9,3382647
22482,3382730,42,3382772
22483,3382821,18,3382839
22484,3383128,105,3383233
22485,3383245,23,3383268
22486,3383273,101,3383374
22487,3383395,91,3383486
22488,3383538,2,3383540
22489,3383605,29,3383634
22490,3383642,26,3383668
22491,3383749,16,3383765
22492,3383927,22,3383949
22493,3384019,125,3384144
22494,3384277,20,3384297
22495,3384383,20,3384403
22496,3384408,19,3384427
22497,3384531,116,3384647
22498,3384692,9,3384701
22499,3385354,32,3385386
22500,3385422,28,3385450
22501,3385553,82,3385635
22502,3385686,1,3385687
22503,3385748,227,3385975
22504,3386187,75,3386262
22505,3386280,26,3386306
22506,3386474,14,3386488
22507,3386589,8,3386597
22508,3386827,31,3386858
22509,3387321,22,3387343
22510,3387356,75,3387431
22511,3387535,87,3387622
22512,3387890,31,3387921
22513,3387938,42,3387980
22514,3388033,3,3388036
22515,3388328,136,3388464
22516,3388623,8,3388631
22517,3388661,30,3388691
22518,3388976,34,3389010
22519,3389143,15,3389158
22520,3389418,1,3389419
22521,3389487,29,3389516
22522,3389599,98,3389697
22523,3389841,14,3389855
22524,3390028,39,3390067
22525,3390151,99,3390250
22526,3390297,1,3390298
22527,3390393,30,3390423
22528,3390543,34,3390577
22529,3390617,12,3390629
22530,3390692,12,3390704
22531,3390820,12,3390832
22532,3391078,3,3391081
22533,3391111,13,3391124
22534,3391215,21,3391236
22535,3391305,31,3391336
22536,3391530,15,3391545
22537,3391777,45,3391822
22538,3392099,45,3392144
22539,3392162,21,3392183
22540,3392225,33,3392258
22541,3392324,4,3392328
22542,3392551,56,3392607
22543,3392692,6,3392698
22544,3392725,85,3392810
22545,3392868,22,3392890
22546,3393061,99,3393160
22547,3393178,3,3393181
22548,3393244,65,3393309
22549,3393334,35,3393369
22550,3393391,13,3393404
22551,3393418,3,3393421
22552,3393491,143,3393634
22553,3393670,119,3393789
22554,3393811,8,3393819
22555,3394059,53,3394112
22556,3394213,42,3394255
22557,3394286,1,3394287
22558,3394369,15,3394384
22559,3394499,104,3394603
22560,3394619,3,3394622
22561,3394667,10,3394677
22562,3394876,27,3394903
22563,3395079,3,3395082
22564,3395148,10,3395158
22565,3395677,5,3395682
22566,3395720,13,3395733
22567,3395901,205,3396106
22568,3396163,145,3396308
22569,3396570,23,3396593
22570,3396689,4,3396693
22571,3396916,80,3396996
22572,3397003,3,3397006
22573,3397061,52,3397113
22574,3397296,11,3397307
22575,3397414,42,3397456
22576,3397464,70,3397534
22577,3397740,66,3397806
22578,3397900,17,3397917
22579,3398297,36,3398333
22580,3398407,114,3398521
22581,3398529,12,3398541
22582,3398593,28,3398621
22583,3398650,76,3398726
22584,3398870,77,3398947
22585,3399002,19,3399021
22586,3399059,55,3399114
22587,3399239,62,3399301
22588,3399418,16,3399434
22589,3399579,121,3399700
22590,3399824,47,3399871
22591,3399897,5,3399902
22592,3400203,23,3400226
22593,3400245,19,3400264
22594,3400310,43,3400353
22595,3400737,11,3400748
22596,3400761,46,3400807
22597,3400818,62,3400880
22598,3400899,33,3400932
22599,3401050,75,3401125
22600,3401251,21,3401272
22601,3401390,82,3401472
22602,3401748,9,3401757
22603,3401926,39,3401965
22604,3401984,10,3401994
22605,3402020,28,3402048
22606,3402215,21,3402236
22607,3402244,78,3402322
22608,3402377,34,3402411
22609,3402416,35,3402451
22610,3402472,1,3402473
22611,3402906,69,3402975
22612,3403008,3,3403011
22613,3403034,75,3403109
22614,3403114,41,3403155
22615,3403385,22,3403407
22616,3403565,23,3403588
22617,3403834,47,3403881
22618,3403910,66,3403976
22619,3404171,21,3404192
22620,3404340,4,3404344
22621,3404417,32,3404449
22622,3404454,14,3404468
22623,3404591,200,3404791
22624,3404842,14,3404856
22625,3404946,14,3404960
22626,3405010,162,3405172
22627,3405370,178,3405548
22628,3405665,15,3405680
22629,3405797,29,3405826
22630,3405829,25,3405854
22631,3405882,11,3405893
22632,3406037,22,3406059
22633,3406431,56,3406487
22634,3406504,19,3406523
22635,3406612,27,3406639
22636,3406704,78,3406782
22637,3406843,25,3406868
22638,3406998,31,3407029
22639,3407036,17,3407053
22640,3407056,54,3407110
22641,3407500,182,3407682
22642,3407751,66,3407817
22643,3407938,132,3408070
22644,3408201,76,3408277
22645,3408323,88,3408411
22646,3408550,96,3408646
22647,3408647,58,3408705
22648,3408751,42,3408793
22649,3408807,7,3408814
22650,3408962,15,3408977
22651,3409015,46,3409061
22652,3409065,47,3409112
22653,3409163,71,3409234
22654,3409267,77,3409344
22655,3409357,58,3409415
22656,3409437,134,3409571
22657,3409593,155,3409748
22658,3409753,38,3409791
22659,3409852,18,3409870
22660,3409899,27,3409926
22661,3409972,46,3410018
22662,3410062,67,3410129
22663,3410300,48,3410348
22664,3410363,61,3410424
22665,3410453,6,3410459
22666,3410469,10,3410479
22667,3410532,65,3410597
22668,3410599,145,3410744
22669,3410823,57,3410880
22670,3410904,8,3410912
22671,3410929,5,3410934
22672,3411032,6,3411038
22673,3411076,11,3411087
22674,3411092,117,3411209
22675,3411312,21,3411333
22676,3411469,138,3411607
22677,3411700,35,3411735
22678,3411825,264,3412089
22679,3412118,38,3412156
22680,3412269,8,3412277
22681,3412289,6,3412295
22682,3412328,86,3412414
22683,3412610,16,3412626
22684,3412637,4,3412641
22685,3412667,11,3412678
22686,3413117,56,3413173
22687,3413290,53,3413343
22688,3413473,3,3413476
22689,3413733,7,3413740
22690,3414038,131,3414169
22691,3414184,9,3414193
22692,3414293,33,3414326
22693,3414689,88,3414777
22694,3414865,6,3414871
22695,3414937,102,3415039
22696,3415051,24,3415075
22697,3415303,9,3415312
22698,3415341,4,3415345
22699,3415500,4,3415504
22700,3415561,12,3415573
22701,3415713,20,3415733
22702,3415821,17,3415838
22703,3415855,8,3415863
22704,3415888,34,3415922
22705,3415928,20,3415948
22706,3416000,31,3416031
22707,3416221,7,3416228
22708,3416413,27,3416440
22709,3416560,52,3416612
22710,3416687,31,3416718
22711,3416869,134,3417003
22712,3417049,40,3417089
22713,3417238,3,3417241
22714,3417327,70,3417397
22715,3417415,64,3417479
22716,3417523,18,3417541
22717,3417728,23,3417751
22718,3417760,1,3417761
22719,3417789,9,3417798
22720,3418090,46,3418136
22721,3418211,56,3418267
22722,3418418,19,3418437
22723,3418520,92,3418612
22724,3418629,100,3418729
22725,3418853,177,3419030
22726,3419258,95,3419353
22727,3419460,39,3419499
22728,3419638,10,3419648
22729,3419659,49,3419708
22730,3419800,68,3419868
22731,3419897,5,3419902
22732,3419989,114,3420103
22733,3420122,4,3420126
22734,3420204,11,3420215
22735,3420227,3,3420230
22736,3420513,20,3420533
22737,3420546,44,3420590
22738,3420693,69,3420762
22739,3420791,56,3420847
22740,3420886,50,3420936
22741,3421168,37,3421205
22742,3421520,30,3421550
22743,3421615,59,3421674
22744,3421709,6,3421715
22745,3421743,27,3421770
22746,3421786,82,3421868
22747,3421880,7,3421887
22748,3421888,65,3421953
22749,3422253,5,3422258
22750,3422315,11,3422326
22751,3422368,7,3422375
22752,3422411,25,3422436
22753,3422513,30,3422543
22754,3422741,27,3422768
22755,3422770,16,3422786
22756,3422895,3,3422898
22757,3423148,20,3423168
22758,3423223,14,3423237
22759,3423259,103,3423362
22760,3423380,6,3423386
22761,3423453,4,3423457
22762,3423655,21,3423676
22763,3423682,19,3423701
22764,3423948,34,3423982
22765,3423986,107,3424093
22766,3424097,2,3424099
22767,3424166,44,3424210
22768,3424455,28,3424483
22769,3424531,46,3424577
22770,3424736,106,3424842
22771,3424854,56,3424910
22772,3424932,32,3424964
22773,3425090,70,3425160
22774,3425182,101,3425283
22775,3425300,1,3425301
22776,3425424,65,3425489
22777,3425581,23,3425604
22778,3425778,19,3425797
22779,3425865,4,3425869
22780,3426069,57,3426126
22781,3426345,36,3426381
22782,3426382,125,3426507
22783,3426644,79,3426723
22784,3426826,83,3426909
22785,3427014,11,3427025
22786,3427030,46,3427076
22787,3427132,88,3427220
22788,3427349,148,3427497
22789,3427498,50,3427548
22790,3427649,24,3427673
22791,3427746,44,3427790
22792,3427836,2,3427838
22793,3427851,3,3427854
22794,3427969,12,3427981
22795,3427992,182,3428174
22796,3428323,83,3428406
22797,3428537,3,3428540
22798,3428568,105,3428673
22799,3428817,2,3428819
22800,3428838,5,3428843
22801,3428939,124,3429063
22802,3429114,25,3429139
22803,3429158,48,3429206
22804,3429511,32,3429543
22805,3429585,13,3429598
22806,3429649,1,3429650
22807,3429668,10,3429678
22808,3429691,5,3429696
22809,3430076,15,3430091
22810,3430281,2,3430283
22811,3430346,186,3430532
22812,3430563,32,3430595
22813,3430747,89,3430836
22814,3430995,66,3431061
22815,3431096,7,3431103
22816,3431158,7,3431165
22817,3431183,95,3431278
22818,3431400,7,3431407
22819,3431448,32,3431480
22820,3432034,63,3432097
22821,3432142,16,3432158
22822,3432320,108,3432428
22823,3432512,36,3432548
22824,3432637,42,3432679
22825,3432790,57,3432847
22826,3433021,23,3433044
22827,3433334,18,3433352
22828,3433521,150,3433671
22829,3433773,24,3433797
22830,3433805,82,3433887
22831,3434001,147,3434148
22832,3434391,32,3434423
22833,3434620,71,3434691
22834,3434748,118,3434866
22835,3434938,75,3435013
22836,3435111,68,3435179
22837,3435314,1,3435315
22838,3435362,7,3435369
22839,3435375,94,3435469
22840,3435597,94,3435691
22841,3435838,24,3435862
22842,3435888,3,3435891
22843,3435936,54,3435990
22844,3436283,24,3436307
22845,3436394,28,3436422
22846,3436498,48,3436546
22847,3436722,39,3436761
22848,3436843,67,3436910
22849,3436958,3,3436961
22850,3437142,13,3437155
22851,3437487,17,3437504
22852,3437533,21,3437554
22853,3437604,24,3437628
22854,3437672,59,3437731
22855,3437840,15,3437855
22856,3437896,9,3437905
22857,3438165,6,3438171
22858,3438256,63,3438319
22859,3438388,5,3438393
22860,3438981,30,3439011
22861,3439051,194,3439245
22862,3439248,60,3439308
22863,3439327,4,3439331
22864,3439830,5,3439835
22865,3440052,22,3440074
22866,3440110,36,3440146
22867,3440264,251,3440515
22868,3440528,22,3440550
22869,3440587,57,3440644
22870,3440676,47,3440723
22871,3440766,82,3440848
22872,3440888,6,3440894
22873,3441035,138,3441173
22874,3441219,60,3441279
22875,3441291,4,3441295
22876,3441419,86,3441505
22877,3441549,5,3441554
22878,3441643,83,3441726
22879,3442041,15,3442056
22880,3442223,19,3442242
22881,3442292,53,3442345
22882,3442510,18,3442528
22883,3442617,23,3442640
22884,3442647,19,3442666
22885,3442731,45,3442776
22886,3442829,55,3442884
22887,3443135,27,3443162
22888,3443371,10,3443381
22889,3443695,81,3443776
22890,3443797,73,3443870
22891,3444294,2,3444296
22892,3444513,18,3444531
22893,3444647,5,3444652
22894,3444781,98,3444879
22895,3444979,71,3445050
22896,3445127,11,3445138
22897,3445257,69,3445326
22898,3445344,9,3445353
22899,3445364,41,3445405
22900,3445406,40,3445446
22901,3445739,71,3445810
22902,3445909,54,3445963
22903,3446084,107,3446191
22904,3446223,64,3446287
22905,3446361,70,3446431
22906,3446482,89,3446571
22907,3446645,19,3446664
22908,3446681,14,3446695
22909,3446728,22,3446750
22910,3446786,8,3446794
22911,3447004,16,3447020
22912,3447036,121,3447157
22913,3447239,36,3447275
22914,3447299,60,3447359
22915,3447453,5,3447458
22916,3447464,47,3447511
22917,3447639,205,3447844
22918,3447853,50,3447903
22919,3448295,4,3448299
22920,3448437,28,3448465
22921,3448737,50,3448787
22922,3448980,24,3449004
22923,3449506,60,3449566
22924,3449620,43,3449663
22925,3449720,13,3449733
22926,3449923,4,3449927
22927,3450022,1,3450023
22928,3450084,82,3450166
22929,3450243,12,3450255
22930,3450520,109,3450629
22931,3450651,4,3450655
22932,3450677,41,3450718
22933,3450720,158,3450878
22934,3450916,35,3450951
22935,3450991,74,3451065
22936,3451122,4,3451126
22937,3451250,5,3451255
22938,3451312,16,3451328
22939,3451366,20,3451386
22940,3451387,38,3451425
22941,3451455,2,3451457
22942,3451589,34,3451623
22943,3451781,109,3451890
22944,3452040,20,3452060
22945,3452079,27,3452106
22946,3452224,50,3452274
22947,3452275,2,3452277
22948,3452805,13,3452818
22949,3452828,9,3452837
22950,3452845,56,3452901
22951,3453374,14,3453388
22952,3453495,34,3453529
22953,3453546,75,3453621
22954,3453662,15,3453677
22955,3453740,16,3453756
22956,3453955,5,3453960
22957,3454062,46,3454108
22958,3454160,66,3454226
22959,3454259,13,3454272
22960,3454330,41,3454371
22961,3454461,18,3454479
22962,3454603,46,3454649
22963,3454738,6,3454744
22964,3454791,85,3454876
22965,3454993,30,3455023
22966,3455166,16,3455182
22967,3455246,41,3455287
22968,3455335,68,3455403
22969,3455639,101,3455740
22970,3455819,44,3455863
22971,3456073,23,3456096
22972,3456270,22,3456292
22973,3456653,46,3456699
22974,3456762,44,3456806
22975,3456901,21,3456922
22976,3456966,16,3456982
22977,3456994,48,3457042
22978,3457355,33,3457388
22979,3457409,45,3457454
22980,3457470,7,3457477
22981,3457547,20,3457567
22982,3457663,23,3457686
22983,3457969,6,3457975
22984,3458289,39,3458328
22985,3458409,27,3458436
22986,3458467,12,3458479
22987,3458528,93,3458621
22988,3458722,9,3458731
22989,3458760,41,3458801
22990,3458827,47,3458874
22991,3458971,10,3458981
22992,3459111,36,3459147
22993,3459170,1,3459171
22994,3459180,52,3459232
22995,3459326,12,3459338
22996,3459341,60,3459401
22997,3459586,10,3459596
22998,3459672,40,3459712
22999,3459856,73,3459929
23000,3459950,54,3460004
23001,3460091,60,3460151
23002,3460329,89,3460418
23003,3460585,83,3460668
23004,3460727,11,3460738
23005,3460881,22,3460903
23006,3460918,34,3460952
23007,3461019,10,3461029
23008,3461115,108,3461223
23009,3461276,282,3461558
23010,3461646,41,3461687
23011,3461713,38,3461751
23012,3461865,29,3461894
23013,3461900,75,3461975
23014,3461981,51,3462032
23015,3462311,62,3462373
23016,3462495,44,3462539
23017,3462712,78,3462790
23018,3462895,20,3462915
23019,3462979,4,3462983
23020,3463087,12,3463099
23021,3463153,37,3463190
23022,3463320,5,3463325
23023,3463489,32,3463521
23024,3463599,164,3463763
23025,3463823,39,3463862
23026,3463871,2,3463873
23027,3464032,116,3464148
23028,3464246,58,3464304
23029,3464454,20,3464474
23030,3464520,66,3464586
23031,3464672,158,3464830
23032,3464887,7,3464894
23033,3465117,31,3465148
23034,3465276,33,3465309
23035,3465352,10,3465362
23036,3465368,2,3465370
23037,3465456,17,3465473
23038,3465537,10,3465547
23039,3465558,151,3465709
23040,3465827,35,3465862
23041,3466060,8,3466068
23042,3466125,60,3466185
23043,3466204,6,3466210
23044,3466294,8,3466302
23045,3466403,31,3466434
23046,3466639,103,3466742
23047,3466751,76,3466827
23048,3467253,133,3467386
23049,3467398,57,3467455
23050,3467814,28,3467842
23051,3467922,49,3467971
23052,3468011,8,3468019
23053,3468155,43,3468198
23054,3468683,9,3468692
23055,3468751,5,3468756
23056,3468757,31,3468788
23057,3468922,55,3468977
23058,3469109,5,3469114
23059,3469115,28,3469143
23060,3469372,8,3469380
23061,3469546,102,3469648
23062,3469885,38,3469923
23063,3470052,117,3470169
23064,3470182,20,3470202
23065,3470273,52,3470325
23066,3470417,7,3470424
23067,3470469,35,3470504
23068,3470605,51,3470656
23069,3470801,56,3470857
23070,3471227,84,3471311
23071,3471325,27,3471352
23072,3471528,34,3471562
23073,3471599,99,3471698
23074,3471925,8,3471933
23075,3472036,25,3472061
23076,3472069,16,3472085
23077,3472284,18,3472302
23078,3472318,51,3472369
23079,3472470,60,3472530
23080,3472665,31,3472696
23081,3472916,91,3473007
23082,3473132,90,3473222
23083,3473293,100,3473393
23084,3473498,3,3473501
23085,3473623,4,3473627
23086,3473644,102,3473746
23087,3473821,28,3473849
23088,3473937,10,3473947
23089,3474052,181,3474233
23090,3474265,29,3474294
23091,3474355,42,3474397
23092,3474453,9,3474462
23093,3474485,106,3474591
23094,3474635,4,3474639
23095,3474647,112,3474759
23096,3474769,7,3474776
23097,3474794,57,3474851
23098,3474865,22,3474887
23099,3474952,30,3474982
23100,3475111,6,3475117
23101,3475297,1,3475298
23102,3475443,32,3475475
23103,3475484,5,3475489
23104,3475793,22,3475815
23105,3475821,13,3475834
23106,3475883,64,3475947
23107,3476046,1,3476047
23108,3476263,41,3476304
23109,3476470,37,3476507
23110,3476664,35,3476699
23111,3476713,76,3476789
23112,3476958,7,3476965
23113,3477062,34,3477096
23114,3477119,65,3477184
23115,3477208,27,3477235
23116,3477343,9,3477352
23117,3477521,30,3477551
23118,3477641,77,3477718
23119,3477974,135,3478109
23120,3478404,20,3478424
23121,3478746,61,3478807
23122,3478860,19,3478879
23123,3479050,23,3479073
23124,3479086,41,3479127
23125,3479141,36,3479177
23126,3479431,24,3479455
23127,3479474,156,3479630
23128,3479721,9,3479730
23129,3480039,11,3480050
23130,3480295,202,3480497
23131,3480646,34,3480680
23132,3480693,76,3480769
23133,3480917,26,3480943
23134,3481140,58,3481198
23135,3481375,4,3481379
23136,3481455,18,3481473
23137,3481483,13,3481496
23138,3481637,59,3481696
23139,3481758,44,3481802
23140,3481840,1,3481841
23141,3481874,42,3481916
23142,3481993,8,3482001
23143,3482124,35,3482159
23144,3482170,38,3482208
23145,3482311,269,3482580
23146,3482623,12,3482635
23147,3482891,23,3482914
23148,3482979,65,3483044
23149,3483079,181,3483260
23150,3483266,96,3483362
23151,3483443,79,3483522
23152,3483845,44,3483889
23153,3483922,53,3483975
23154,3483986,6,3483992
23155,3484027,54,3484081
23156,3484165,131,3484296
23157,3484609,12,3484621
23158,3484640,19,3484659
23159,3484669,9,3484678
23160,3484714,3,3484717
23161,3484988,48,3485036
23162,3485058,19,3485077
23163,3485176,94,3485270
23164,3485297,11,3485308
23165,3485320,165,3485485
23166,3485544,128,3485672
23167,3485686,70,3485756
23168,3485792,76,3485868
23169,3485886,50,3485936
23170,3485949,120,3486069
23171,3486077,2,3486079
23172,3486083,53,3486136
23173,3486519,49,3486568
23174,3486577,4,3486581
23175,3486994,209,3487203
23176,3487347,100,3487447
23177,3487489,57,3487546
23178,3487698,110,3487808
23179,3487937,14,3487951
23180,3487966,37,3488003
23181,3488419,29,3488448
23182,3488535,35,3488570
23183,3488634,18,3488652
23184,3488706,35,3488741
23185,3488743,11,3488754
23186,3488760,46,3488806
23187,3488843,38,3488881
23188,3488901,89,3488990
23189,3488998,12,3489010
23190,3489053,106,3489159
23191,3489160,89,3489249
23192,3489305,18,3489323
23193,3489327,59,3489386
23194,3489457,34,3489491
23195,3489538,43,3489581
23196,3489952,34,3489986
23197,3490032,4,3490036
23198,3490075,1,3490076
23199,3490229,7,3490236
23200,3490432,86,3490518
23201,3490623,27,3490650
23202,3490732,93,3490825
23203,3490845,17,3490862
23204,3490926,9,3490935
23205,3491231,51,3491282
23206,3491475,25,3491500
23207,3491518,283,3491801
23208,3491821,70,3491891
23209,3491893,39,3491932
23210,3491940,9,3491949
23211,3491950,69,3492019
23212,3492025,90,3492115
23213,3492324,72,3492396
23214,3492739,1,3492740
23215,3492763,16,3492779
23216,3492854,45,3492899
23217,3493036,4,3493040
23218,3493254,52,3493306
23219,3493674,150,3493824
23220,3493839,24,3493863
23221,3493876,24,3493900
23222,3493915,81,3493996
23223,3494031,148,3494179
23224,3494292,50,3494342
23225,3494462,86,3494548
23226,3494663,31,3494694
23227,3494808,9,3494817
23228,3494897,46,3494943
23229,3495010,40,3495050
23230,3495125,17,3495142
23231,3495206,52,3495258
23232,3495304,61,3495365
23233,3495702,3,3495705
23234,3495806,78,3495884
23235,3496020,44,3496064
23236,3496140,9,3496149
23237,3496183,57,3496240
23238,3496265,24,3496289
23239,3496297,114,3496411
23240,3496510,31,3496541
23241,3496621,51,3496672
23242,3496718,41,3496759
23243,3497173,37,3497210
23244,3497492,13,3497505
23245,3497645,74,3497719
23246,3497945,20,3497965
23247,3498010,9,3498019
23248,3498145,41,3498186
23249,3498417,96,3498513
23250,3498691,98,3498789
23251,3499035,62,3499097
23252,3499414,108,3499522
23253,3499617,8,3499625
23254,3499634,110,3499744
23255,3499749,24,3499773
23256,3499999,19,3500018
23257,3500154,45,3500199
23258,3500203,47,3500250
23259,3500269,33,3500302
23260,3500322,152,3500474
23261,3500753,15,3500768
23262,3500897,67,3500964
23263,3501023,29,3501052
23264,3501065,84,3501149
23265,3501251,56,3501307
23266,3501397,9,3501406
23267,3501442,88,3501530
23268,3501708,105,3501813
23269,3501993,99,3502092
23270,3502159,23,3502182
23271,3502263,64,3502327
23272,3502541,4,3502545
23273,3502625,63,3502688
23274,3502745,27,3502772
23275,3502823,136,3502959
23276,3503034,7,3503041
23277,3503330,51,3503381
23278,3503382,87,3503469
23279,3503527,27,3503554
23280,3503652,85,3503737
23281,3503792,1,3503793
23282,3503998,157,3504155
23283,3504202,24,3504226
23284,3504308,40,3504348
23285,3504405,96,3504501
23286,3504769,108,3504877
23287,3504983,152,3505135
23288,3505233,30,3505263
23289,3505338,13,3505351
23290,3505433,44,3505477
23291,3505689,21,3505710
23292,3505736,5,3505741
23293,3505801,25,3505826
23294,3505991,66,3506057
23295,3506295,17,3506312
23296,3506425,17,3506442
23297,3506464,4,3506468
23298,3506495,77,3506572
23299,3506611,7,3506618
23300,3506738,41,3506779
23301,3506847,20,3506867
23302,3506905,132,3507037
23303,3507043,31,3507074
23304,3507158,21,3507179
23305,3507276,62,3507338
23306,3507421,125,3507546
23307,3507689,27,3507716
23308,3507873,36,3507909
23309,3507953,60,3508013
23310,3508065,93,3508158
23311,3508500,13,3508513
23312,3508597,99,3508696
23313,3509189,41,3509230
23314,3509641,34,3509675
23315,3509787,59,3509846
23316,3509874,101,3509975
23317,3509991,57,3510048
23318,3510327,7,3510334
23319,3510441,13,3510454
23320,3510563,15,3510578
23321,3510756,38,3510794
23322,3510810,16,3510826
23323,3510850,147,3510997
23324,3511013,48,3511061
23325,3511201,8,3511209
23326,3511538,9,3511547
23327,3511590,55,3511645
23328,3511859,19,3511878
23329,3511940,39,3511979
23330,3512412,1,3512413
23331,3512533,69,3512602
23332,3512615,18,3512633
23333,3512704,107,3512811
23334,3512943,37,3512980
23335,3513063,40,3513103
23336,3513257,12,3513269
23337,3513336,239,3513575
23338,3513719,135,3513854
23339,3513944,26,3513970
23340,3513979,103,3514082
23341,3514111,36,3514147
23342,3514165,55,3514220
23343,3514330,21,3514351
23344,3514367,19,3514386
23345,3514402,20,3514422
23346,3514606,3,3514609
23347,3514808,108,3514916
23348,3515025,103,3515128
23349,3515209,38,3515247
23350,3515319,95,3515414
23351,3515424,79,3515503
23352,3515545,13,3515558
23353,3515581,12,3515593
23354,3515782,5,3515787
23355,3515990,56,3516046
23356,3516145,143,3516288
23357,3516695,158,3516853
23358,3516939,14,3516953
23359,3516994,130,3517124
23360,3517188,18,3517206
23361,3517279,46,3517325
23362,3517530,6,3517536
23363,3517797,123,3517920
23364,3517987,6,3517993
23365,3518028,34,3518062
23366,3518072,43,3518115
23367,3518320,24,3518344
23368,3518354,224,3518578
23369,3518607,12,3518619
23370,3518667,54,3518721
23371,3518833,124,3518957
23372,3519067,25,3519092
23373,3519165,42,3519207
23374,3519234,6,3519240
23375,3519315,18,3519333
23376,3519532,43,3519575
23377,3520108,180,3520288
23378,3520366,13,3520379
23379,3520467,31,3520498
23380,3520618,38,3520656
23381,3520739,121,3520860
23382,3520947,63,3521010
23383,3521106,43,3521149
23384,3521191,34,3521225
23385,3521376,2,3521378
23386,3521451,82,3521533
23387,3521538,13,3521551
23388,3521744,12,3521756
23389,3521770,13,3521783
23390,3521894,52,3521946
23391,3522040,65,3522105
23392,3522142,62,3522204
23393,3522406,62,3522468
23394,3522684,15,3522699
23395,3522817,15,3522832
23396,3522836,26,3522862
23397,3522982,13,3522995
23398,3523217,33,3523250
23399,3523345,26,3523371
23400,3523405,24,3523429
23401,3523551,48,3523599
23402,3523779,86,3523865
23403,3523960,37,3523997
23404,3524007,3,3524010
23405,3524020,9,3524029
23406,3524196,21,3524217
23407,3524259,61,3524320
23408,3524327,45,3524372
23409,3524630,52,3524682
23410,3524743,41,3524784
23411,3524897,29,3524926
23412,3525145,29,3525174
23413,3525198,8,3525206
23414,3525233,70,3525303
23415,3525554,51,3525605
23416,3525644,13,3525657
23417,3525673,24,3525697
23418,3525730,45,3525775
23419,3526403,260,3526663
23420,3527142,36,3527178
23421,3527788,22,3527810
23422,3527837,86,3527923
23423,3527943,56,3527999
23424,3528042,4,3528046
23425,3528080,59,3528139
23426,3528210,103,3528313
23427,3528612,31,3528643
23428,3528655,1,3528656
23429,3528761,70,3528831
23430,3528878,4,3528882
23431,3528926,158,3529084
23432,3529092,36,3529128
23433,3529129,17,3529146
23434,3529260,10,3529270
23435,3529427,13,3529440
23436,3529508,183,3529691
23437,3529745,7,3529752
23438,3529953,31,3529984
23439,3530083,14,3530097
23440,3530282,47,3530329
23441,3530581,38,3530619
23442,3530680,29,3530709
23443,3530912,33,3530945
23444,3531241,6,3531247
23445,3531297,66,3531363
23446,3531372,34,3531406
23447,3531681,4,3531685
23448,3531711,15,3531726
23449,3531741,95,3531836
23450,3531933,39,3531972
23451,3531976,56,3532032
23452,3532102,5,3532107
23453,3532187,25,3532212
23454,3532238,36,3532274
23455,3532500,49,3532549
23456,3532663,21,3532684
23457,3532696,38,3532734
23458,3532818,85,3532903
23459,3533084,35,3533119
23460,3533251,58,3533309
23461,3533397,157,3533554
23462,3533617,22,3533639
23463,3533653,41,3533694
23464,3534049,70,3534119
23465,3534200,27,3534227
23466,3534341,1,3534342
23467,3534355,17,3534372
23468,3534422,86,3534508
23469,3534675,37,3534712
23470,3534969,38,3535007
23471,3535105,22,3535127
23472,3535215,1,3535216
23473,3535220,100,3535320
23474,3535330,128,3535458
23475,3535464,13,3535477
23476,3535568,165,3535733
23477,3535815,27,3535842
23478,3535897,4,3535901
23479,3535959,54,3536013
23480,3536045,44,3536089
23481,3536251,7,3536258
23482,3536644,35,3536679
23483,3536979,21,3537000
23484,3537117,17,3537134
23485,3537152,22,3537174
23486,3537292,49,3537341
23487,3537402,23,3537425
23488,3537755,56,3537811
23489,3537922,188,3538110
23490,3538158,1,3538159
23491,3538238,29,3538267
23492,3538275,136,3538411
23493,3538472,192,3538664
23494,3538836,4,3538840
23495,3538841,14,3538855
23496,3538875,24,3538899
23497,3538953,2,3538955
23498,3538962,51,3539013
23499,3539029,38,3539067
23500,3539085,21,3539106
23501,3539201,62,3539263
23502,3539317,81,3539398
23503,3539533,18,3539551
23504,3539559,57,3539616
23505,3540061,33,3540094
23506,3540104,107,3540211
23507,3540434,6,3540440
23508,3540462,12,3540474
23509,3540516,198,3540714
23510,3540743,139,3540882
23511,3540961,175,3541136
23512,3541284,9,3541293
23513,3541357,18,3541375
23514,3541387,53,3541440
23515,3541519,9,3541528
23516,3541627,147,3541774
23517,3541967,15,3541982
23518,3542182,24,3542206
23519,3542340,5,3542345
23520,3542387,36,3542423
23521,3542449,42,3542491
23522,3542612,22,3542634
23523,3542832,77,3542909
23524,3542918,5,3542923
23525,3543156,73,3543229
23526,3543372,64,3543436
23527,3543514,9,3543523
23528,3543543,26,3543569
23529,3543592,167,3543759
23530,3543829,19,3543848
23531,3543900,54,3543954
23532,3544003,197,3544200
23533,3544226,26,3544252
23534,3544338,1,3544339
23535,3544375,52,3544427
23536,3544567,42,3544609
23537,3544826,47,3544873
23538,3544976,23,3544999
23539,3545039,11,3545050
23540,3545057,16,3545073
23541,3545088,35,3545123
23542,3545170,9,3545179
23543,3545248,4,3545252
23544,3545604,49,3545653
23545,3545877,135,3546012
23546,3546342,99,3546441
23547,3546583,30,3546613
23548,3546720,42,3546762
23549,3546818,214,3547032
23550,3547036,37,3547073
23551,3547101,66,3547167
23552,3547210,55,3547265
23553,3547462,107,3547569
23554,3547647,119,3547766
23555,3547823,102,3547925
23556,3548004,24,3548028
23557,3548045,5,3548050
23558,3548177,52,3548229
23559,3548345,25,3548370
23560,3548643,26,3548669
23561,3548836,23,3548859
23562,3548881,19,3548900
23563,3549287,4,3549291
23564,3549298,121,3549419
23565,3549444,70,3549514
23566,3549606,71,3549677
23567,3549929,19,3549948
23568,3549956,54,3550010
23569,3550020,16,3550036
23570,3550064,136,3550200
23571,3550234,125,3550359
23572,3550456,16,3550472
23573,3550553,31,3550584
23574,3550703,140,3550843
23575,3551046,98,3551144
23576,3551166,34,3551200
23577,3551340,74,3551414
23578,3551503,93,3551596
23579,3551687,45,3551732
23580,3551876,54,3551930
23581,3552157,65,3552222
23582,3552405,29,3552434
23583,3552497,40,3552537
23584,3552542,68,3552610
23585,3552818,7,3552825
23586,3552839,27,3552866
23587,3552872,11,3552883
23588,3553011,8,3553019
23589,3553027,4,3553031
23590,3553179,98,3553277
23591,3553375,183,3553558
23592,3554253,87,3554340
23593,3554367,79,3554446
23594,3554534,29,3554563
23595,3554628,118,3554746
23596,3554795,50,3554845
23597,3554872,8,3554880
23598,3554994,26,3555020
23599,3555104,83,3555187
23600,3555231,83,3555314
23601,3555327,34,3555361
23602,3555367,59,3555426
23603,3555467,4,3555471
23604,3555635,9,3555644
23605,3556037,60,3556097
23606,3556219,78,3556297
23607,3556310,40,3556350
23608,3556358,66,3556424
23609,3556461,121,3556582
23610,3556585,117,3556702
23611,3556782,114,3556896
23612,3556982,148,3557130
23613,3557194,42,3557236
23614,3557371,3,3557374
23615,3557406,4,3557410
23616,3557421,207,3557628
23617,3557641,1,3557642
23618,3557660,8,3557668
23619,3557703,16,3557719
23620,3557798,40,3557838
23621,3558450,19,3558469
23622,3558588,70,3558658
23623,3558739,24,3558763
23624,3558786,40,3558826
23625,3558849,13,3558862
23626,3559145,1,3559146
23627,3559250,135,3559385
23628,3559508,12,3559520
23629,3559538,18,3559556
23630,3559559,32,3559591
23631,3559598,5,3559603
23632,3559703,5,3559708
23633,3559779,12,3559791
23634,3559793,26,3559819
23635,3560078,10,3560088
23636,3560204,67,3560271
23637,3560328,4,3560332
23638,3560415,4,3560419
23639,3560430,77,3560507
23640,3560620,3,3560623
23641,3560668,125,3560793
23642,3560895,73,3560968
23643,3561115,16,3561131
23644,3561264,1,3561265
23645,3561343,19,3561362
23646,3561382,76,3561458
23647,3561831,162,3561993
23648,3562020,150,3562170
23649,3562191,100,3562291
23650,3562408,99,3562507
23651,3562562,34,3562596
23652,3562653,185,3562838
23653,3562942,148,3563090
23654,3563203,172,3563375
23655,3563533,50,3563583
23656,3563615,7,3563622
23657,3564028,27,3564055
23658,3564148,93,3564241
23659,3564278,66,3564344
23660,3564415,3,3564418
23661,3564605,9,3564614
23662,3564636,28,3564664
23663,3564931,72,3565003
23664,3565063,46,3565109
23665,3565111,4,3565115
23666,3565142,2,3565144
23667,3565294,111,3565405
23668,3565476,1,3565477
23669,3565529,80,3565609
23670,3565633,143,3565776
23671,3565950,103,3566053
23672,3566126,14,3566140
23673,3566188,18,3566206
23674,3566247,25,3566272
23675,3566581,76,3566657
23676,3566824,24,3566848
23677,3567233,35,3567268
23678,3567280,81,3567361
23679,3567377,29,3567406
23680,3567458,38,3567496
23681,3567535,21,3567556
23682,3567623,56,3567679
23683,3567779,52,3567831
23684,3568159,91,3568250
23685,3568424,48,3568472
23686,3568513,27,3568540
23687,3568624,25,3568649
23688,3569013,138,3569151
23689,3569170,42,3569212
23690,3569221,155,3569376
23691,3569431,94,3569525
23692,3569572,25,3569597
23693,3569603,22,3569625
23694,3569706,60,3569766
23695,3569865,15,3569880
23696,3569994,3,3569997
23697,3570153,74,3570227
23698,3570284,137,3570421
23699,3570474,61,3570535
23700,3570568,117,3570685
23701,3570720,35,3570755
23702,3570902,16,3570918
23703,3570954,34,3570988
23704,3571193,112,3571305
23705,3571463,16,3571479
23706,3571642,23,3571665
23707,3571763,3,3571766
23708,3571812,66,3571878
23709,3571910,186,3572096
23710,3572161,71,3572232
23711,3572463,15,3572478
23712,3572961,27,3572988
23713,3573094,7,3573101
23714,3573172,35,3573207
23715,3573233,69,3573302
23716,3573519,3,3573522
23717,3573535,17,3573552
23718,3573595,34,3573629
23719,3573721,39,3573760
23720,3573944,11,3573955
23721,3574027,3,3574030
23722,3574058,8,3574066
23723,3574104,39,3574143
23724,3574280,3,3574283
23725,3574332,45,3574377
23726,3574386,30,3574416
23727,3574482,275,3574757
23728,3574760,16,3574776
23729,3574941,1,3574942
23730,3574996,68,3575064
23731,3575176,11,3575187
23732,3575194,29,3575223
23733,3575477,46,3575523
23734,3575541,1,3575542
23735,3575546,2,3575548
23736,3575626,19,3575645
23737,3575756,54,3575810
23738,3575915,181,3576096
23739,3576262,81,3576343
23740,3576364,6,3576370
23741,3576563,64,3576627
23742,3576672,39,3576711
23743,3576767,35,3576802
23744,3576821,16,3576837
23745,3576857,258,3577115
23746,3577155,6,3577161
23747,3577164,38,3577202
23748,3577301,14,3577315
23749,3577437,4,3577441
23750,3577558,22,3577580
23751,3577582,11,3577593
23752,3577642,8,3577650
23753,3577809,33,3577842
23754,3577955,20,3577975
23755,3577998,8,3578006
23756,3578161,158,3578319
23757,3578341,20,3578361
23758,3578388,15,3578403
23759,3578433,24,3578457
23760,3578634,6,3578640
23761,3578904,68,3578972
23762,3579276,15,3579291
23763,3579331,60,3579391
23764,3579553,41,3579594
23765,3579633,160,3579793
23766,3579825,21,3579846
23767,3579934,55,3579989
23768,3580141,22,3580163
23769,3580164,12,3580176
23770,3580253,20,3580273
23771,3580291,81,3580372
23772,3580626,33,3580659
23773,3580681,13,3580694
23774,3580748,14,3580762
23775,3580865,13,3580878
23776,3580883,35,3580918
23777,3580978,25,3581003
23778,3581066,4,3581070
23779,3581270,130,3581400
23780,3581497,32,3581529
23781,3581744,173,3581917
23782,3582014,23,3582037
23783,3582066,31,3582097
23784,3582114,70,3582184
23785,3582214,9,3582223
23786,3582481,5,3582486
23787,3582546,45,3582591
23788,3582636,286,3582922
23789,3583035,39,3583074
23790,3583254,186,3583440
23791,3583472,70,3583542
23792,3583585,6,3583591
23793,3583870,124,3583994
23794,3584015,30,3584045
23795,3584158,24,3584182
23796,3584211,4,3584215
23797,3584237,49,3584286
23798,3584341,179,3584520
23799,3584701,47,3584748
23800,3584752,114,3584866
23801,3584914,115,3585029
23802,3585121,28,3585149
23803,3585214,108,3585322
23804,3585325,18,3585343
23805,3585466,9,3585475
23806,3585759,101,3585860
23807,3585910,73,3585983
23808,3586077,37,3586114
23809,3586157,37,3586194
23810,3586354,84,3586438
23811,3586724,44,3586768
23812,3586810,18,3586828
23813,3586930,45,3586975
23814,3587101,6,3587107
23815,3587274,147,3587421
23816,3587506,41,3587547
23817,3587663,21,3587684
23818,3587768,97,3587865
23819,3587921,58,3587979
23820,3588003,29,3588032
23821,3588033,19,3588052
23822,3588080,38,3588118
23823,3588146,60,3588206
23824,3588351,51,3588402
23825,3588419,23,3588442
23826,3588666,35,3588701
23827,3588830,9,3588839
23828,3588840,130,3588970
23829,3589035,22,3589057
23830,3589143,64,3589207
23831,3589283,38,3589321
23832,3589360,14,3589374
23833,3589391,77,3589468
23834,3589630,1,3589631
23835,3589829,37,3589866
23836,3590092,146,3590238
23837,3590239,19,3590258
23838,3590313,255,3590568
23839,3590730,89,3590819
23840,3591008,116,3591124
23841,3591197,6,3591203
23842,3591242,18,3591260
23843,3591369,6,3591375
23844,3591422,29,3591451
23845,3591483,119,3591602
23846,3591604,5,3591609
23847,3591656,6,3591662
23848,3591773,1,3591774
23849,3592011,23,3592034
23850,3592091,6,3592097
23851,3592324,26,3592350
23852,3592370,35,3592405
23853,3592438,75,3592513
23854,3592614,26,3592640
23855,3592691,38,3592729
23856,3592731,128,3592859
23857,3593063,65,3593128
23858,3593270,9,3593279
23859,3593328,16,3593344
23860,3593734,27,3593761
23861,3593800,119,3593919
23862,3594078,80,3594158
23863,3594202,10,3594212
23864,3594388,2,3594390
23865,3594677,30,3594707
23866,3595094,23,3595117
23867,3595478,13,3595491
23868,3595550,44,3595594
23869,3595847,27,3595874
23870,3595983,53,3596036
23871,3596206,26,3596232
23872,3596487,130,3596617
23873,3596786,39,3596825
23874,3597211,4,3597215
23875,3597290,34,3597324
23876,3597365,77,3597442
23877,3597570,52,3597622
23878,3597632,16,3597648
23879,3597653,42,3597695
23880,3597894,21,3597915
23881,3597959,67,3598026
23882,3598093,70,3598163
23883,3598214,37,3598251
23884,3598337,150,3598487
23885,3598502,45,3598547
23886,3598579,44,3598623
23887,3598640,9,3598649
23888,3598675,18,3598693
23889,3598720,8,3598728
23890,3598738,50,3598788
23891,3598927,9,3598936
23892,3598979,32,3599011
23893,3599127,133,3599260
23894,3599570,67,3599637
23895,3599646,33,3599679
23896,3599730,67,3599797
23897,3600347,20,3600367
23898,3600390,1,3600391
23899,3600490,25,3600515
23900,3600683,45,3600728
23901,3600830,9,3600839
23902,3600914,97,3601011
23903,3601137,43,3601180
23904,3601263,45,3601308
23905,3601337,77,3601414
23906,3601489,6,3601495
23907,3601670,10,3601680
23908,3601804,123,3601927
23909,3601931,16,3601947
23910,3601992,52,3602044
23911,3602111,40,3602151
23912,3602177,69,3602246
23913,3602304,26,3602330
23914,3602354,24,3602378
23915,3602421,174,3602595
23916,3602951,33,3602984
23917,3603031,66,3603097
23918,3603162,15,3603177
23919,3603278,36,3603314
23920,3603624,31,3603655
23921,3603955,70,3604025
23922,3604069,53,3604122
23923,3604182,102,3604284
23924,3604402,21,3604423
23925,3604541,68,3604609
23926,3604857,42,3604899
23927,3605056,5,3605061
23928,3605108,58,3605166
23929,3605186,53,3605239
23930,3605336,12,3605348
23931,3605358,19,3605377
23932,3605517,65,3605582
23933,3605620,158,3605778
23934,3605802,19,3605821
23935,3605870,10,3605880
23936,3606124,18,3606142
23937,3606145,49,3606194
23938,3606575,66,3606641
23939,3606679,6,3606685
23940,3606906,25,3606931
23941,3607035,34,3607069
23942,3607214,9,3607223
23943,3607358,194,3607552
23944,3607723,14,3607737
23945,3607826,6,3607832
23946,3607880,14,3607894
23947,3608045,296,3608341
23948,3608372,61,3608433
23949,3608594,111,3608705
23950,3608775,37,3608812
23951,3608825,63,3608888
23952,3608949,22,3608971
23953,3609016,127,3609143
23954,3609287,85,3609372
23955,3609564,26,3609590
23956,3609682,41,3609723
23957,3609815,32,3609847
23958,3609871,11,3609882
23959,3609900,92,3609992
23960,3610161,54,3610215
23961,3610238,13,3610251
23962,3610359,10,3610369
23963,3610462,22,3610484
23964,3610580,20,3610600
23965,3610608,1,3610609
23966,3610674,8,3610682
23967,3610710,77,3610787
23968,3610838,99,3610937
23969,3610964,11,3610975
23970,3611080,33,3611113
23971,3611207,41,3611248
23972,3611478,24,3611502
23973,3611800,219,3612019
23974,3612101,5,3612106
23975,3612217,138,3612355
23976,3612379,83,3612462
23977,3612533,6,3612539
23978,3612594,15,3612609
23979,3612651,82,3612733
23980,3612919,43,3612962
23981,3613050,8,3613058
23982,3613091,42,3613133
23983,3613202,15,3613217
23984,3613388,14,3613402
23985,3613411,72,3613483
23986,3613602,8,3613610
23987,3613619,11,3613630
23988,3613919,5,3613924
23989,3613971,13,3613984
23990,3614112,36,3614148
23991,3614229,18,3614247
23992,3614252,4,3614256
23993,3614302,6,3614308
23994,3614320,45,3614365
23995,3614407,58,3614465
23996,3614557,116,3614673
23997,3614823,11,3614834
23998,3614891,41,3614932
23999,3615014,89,3615103
24000,3615119,6,3615125
24001,3615562,6,3615568
24002,3615604,64,3615668
24003,3615723,9,3615732
24004,3615866,15,3615881
24005,3615985,50,3616035
24006,3616137,54,3616191
24007,3616251,5,3616256
24008,3616352,3,3616355
24009,3616415,36,3616451
24010,3616560,31,3616591
24011,3616649,22,3616671
24012,3616673,30,3616703
24013,3616711,25,3616736
24014,3616971,149,3617120
24015,3617149,3,3617152
24016,3617236,245,3617481
24017,3617574,15,3617589
24018,3617757,23,3617780
24019,3617889,42,3617931
24020,3617990,31,3618021
24021,3618167,8,3618175
24022,3618398,91,3618489
24023,3618608,76,3618684
24024,3618693,212,3618905
24025,3619091,17,3619108
24026,3619228,82,3619310
24027,3619496,13,3619509
24028,3619721,88,3619809
24029,3619815,1,3619816
24030,3619930,28,3619958
24031,3619971,108,3620079
24032,3620163,16,3620179
24033,3620189,28,3620217
24034,3620411,1,3620412
24035,3620462,4,3620466
24036,3620517,104,3620621
24037,3620662,64,3620726
24038,3620770,102,3620872
24039,3620885,1,3620886
24040,3621246,138,3621384
24041,3621450,43,3621493
24042,3621714,45,3621759
24043,3621766,94,3621860
24044,3622000,71,3622071
24045,3622178,66,3622244
24046,3622304,93,3622397
24047,3622507,12,3622519
24048,3622796,27,3622823
24049,3622927,1,3622928
24050,3622941,203,3623144
24051,3623204,36,3623240
24052,3623352,19,3623371
24053,3623466,104,3623570
24054,3623772,1,3623773
24055,3624153,11,3624164
24056,3624191,24,3624215
24057,3624265,23,3624288
24058,3624341,8,3624349
24059,3624385,106,3624491
24060,3624514,138,3624652
24061,3624800,63,3624863
24062,3624897,52,3624949
24063,3625317,73,3625390
24064,3625396,47,3625443
24065,3625450,1,3625451
24066,3625531,142,3625673
24067,3625686,26,3625712
24068,3626042,83,3626125
24069,3626131,64,3626195
24070,3626278,13,3626291
24071,3626465,3,3626468
24072,3626506,79,3626585
24073,3626989,58,3627047
24074,3627159,44,3627203
24075,3627213,25,3627238
24076,3627254,9,3627263
24077,3627268,42,3627310
24078,3627354,3,3627357
24079,3627538,73,3627611
24080,3627643,79,3627722
24081,3627878,13,3627891
24082,3627982,34,3628016
24083,3628261,9,3628270
24084,3628424,35,3628459
24085,3628577,17,3628594
24086,3628660,130,3628790
24087,3628823,13,3628836
24088,3629320,206,3629526
24089,3629555,141,3629696
24090,3629791,25,3629816
24091,3630093,51,3630144
24092,3630268,19,3630287
24093,3630435,29,3630464
24094,3630485,14,3630499
24095,3630774,6,3630780
24096,3630897,135,3631032
24097,3631074,84,3631158
24098,3631260,33,3631293
24099,3631513,108,3631621
24100,3631777,3,3631780
24101,3631794,101,3631895
24102,3631919,160,3632079
24103,3632210,38,3632248
24104,3632330,3,3632333
24105,3632573,15,3632588
24106,3632591,48,3632639
24107,3632765,12,3632777
24108,3632889,6,3632895
24109,3633197,4,3633201
24110,3633213,59,3633272
24111,3633273,30,3633303
24112,3633310,20,3633330
24113,3633523,14,3633537
24114,3633669,52,3633721
24115,3634030,15,3634045
24116,3634113,48,3634161
24117,3634269,68,3634337
24118,3634379,4,3634383
24119,3634414,39,3634453
24120,3634570,57,3634627
24121,3634739,13,3634752
24122,3634819,34,3634853
24123,3635102,80,3635182
24124,3635289,5,3635294
24125,3635627,59,3635686
24126,3635964,253,3636217
24127,3636461,5,3636466
24128,3636537,84,3636621
24129,3636965,28,3636993
24130,3637059,72,3637131
24131,3637328,100,3637428
24132,3637440,15,3637455
24133,3637611,27,3637638
24134,3637798,7,3637805
24135,3637898,77,3637975
24136,3638052,17,3638069
24137,3638134,55,3638189
24138,3638209,11,3638220
24139,3638324,51,3638375
24140,3638392,20,3638412
24141,3638420,27,3638447
24142,3638484,102,3638586
24143,3638801,20,3638821
24144,3639076,21,3639097
24145,3639117,20,3639137
24146,3639182,1,3639183
24147,3639185,3,3639188
24148,3639227,11,3639238
24149,3639239,27,3639266
24150,3639328,14,3639342
24151,3639353,30,3639383
24152,3639384,12,3639396
24153,3639553,6,3639559
24154,3639605,155,3639760
24155,3640045,118,3640163
24156,3640189,151,3640340
24157,3640512,55,3640567
24158,3640709,21,3640730
24159,3640807,93,3640900
24160,3640973,19,3640992
24161,3641110,127,3641237
24162,3641239,90,3641329
24163,3641359,65,3641424
24164,3641532,28,3641560
24165,3641665,17,3641682
24166,3641751,49,3641800
24167,3641974,8,3641982
24168,3642011,72,3642083
24169,3642199,105,3642304
24170,3642335,32,3642367
24171,3642410,41,3642451
24172,3642631,44,3642675
24173,3642681,73,3642754
24174,3642777,175,3642952
24175,3642978,38,3643016
24176,3643099,16,3643115
24177,3643201,39,3643240
24178,3643261,67,3643328
24179,3643438,78,3643516
24180,3643740,6,3643746
24181,3643803,36,3643839
24182,3643877,36,3643913
24183,3643925,56,3643981
24184,3644001,22,3644023
24185,3644042,96,3644138
24186,3644220,21,3644241
24187,3644260,31,3644291
24188,3644480,77,3644557
24189,3644568,15,3644583
24190,3644788,3,3644791
24191,3644927,14,3644941
24192,3644948,358,3645306
24193,3645362,80,3645442
24194,3645478,17,3645495
24195,3645525,19,3645544
24196,3645555,67,3645622
24197,3645931,77,3646008
24198,3646139,76,3646215
24199,3646224,37,3646261
24200,3646362,34,3646396
24201,3646523,15,3646538
24202,3646676,18,3646694
24203,3646788,11,3646799
24204,3646827,22,3646849
24205,3646881,76,3646957
24206,3647386,31,3647417
24207,3647679,95,3647774
24208,3647823,93,3647916
24209,3648056,14,3648070
24210,3648077,152,3648229
24211,3648289,21,3648310
24212,3648419,53,3648472
24213,3648545,52,3648597
24214,3648840,48,3648888
24215,3648906,75,3648981
24216,3648987,47,3649034
24217,3649263,45,3649308
24218,3649454,134,3649588
24219,3649734,80,3649814
24220,3649885,27,3649912
24221,3649921,9,3649930
24222,3649965,54,3650019
24223,3650023,174,3650197
24224,3650225,75,3650300
24225,3650385,9,3650394
24226,3650401,13,3650414
24227,3650446,29,3650475
24228,3650482,52,3650534
24229,3650916,46,3650962
24230,3651041,35,3651076
24231,3651094,13,3651107
24232,3651208,61,3651269
24233,3651500,33,3651533
24234,3651564,47,3651611
24235,3651673,21,3651694
24236,3651701,90,3651791
24237,3651903,152,3652055
24238,3652080,13,3652093
24239,3652112,63,3652175
24240,3652236,9,3652245
24241,3652249,36,3652285
24242,3652319,40,3652359
24243,3652759,191,3652950
24244,3653006,186,3653192
24245,3653251,1,3653252
24246,3653319,35,3653354
24247,3653806,68,3653874
24248,3653902,23,3653925
24249,3654050,23,3654073
24250,3654239,80,3654319
24251,3654358,29,3654387
24252,3654520,16,3654536
24253,3654636,7,3654643
24254,3654803,15,3654818
24255,3654957,22,3654979
24256,3655078,36,3655114
24257,3655242,43,3655285
24258,3655593,60,3655653
24259,3655669,16,3655685
24260,3655700,16,3655716
24261,3656093,215,3656308
24262,3656349,5,3656354
24263,3656364,96,3656460
24264,3656474,82,3656556
24265,3656662,19,3656681
24266,3656899,35,3656934
24267,3657011,3,3657014
24268,3657131,103,3657234
24269,3657237,34,3657271
24270,3657389,78,3657467
24271,3657556,51,3657607
24272,3657760,41,3657801
24273,3657964,4,3657968
24274,3658216,23,3658239
24275,3658329,110,3658439
24276,3658488,71,3658559
24277,3658701,151,3658852
24278,3658912,229,3659141
24279,3659230,111,3659341
24280,3659532,14,3659546
24281,3659551,64,3659615
24282,3659624,34,3659658
24283,3659679,55,3659734
24284,3659789,28,3659817
24285,3659836,22,3659858
24286,3659889,34,3659923
24287,3660063,59,3660122
24288,3660474,12,3660486
24289,3660559,77,3660636
24290,3660859,18,3660877
24291,3660916,45,3660961
24292,3660997,3,3661000
24293,3661078,5,3661083
24294,3661140,28,3661168
24295,3661226,89,3661315
24296,3661521,26,3661547
24297,3661552,14,3661566
24298,3661786,21,3661807
24299,3661833,27,3661860
24300,3661983,73,3662056
24301,3662126,17,3662143
24302,3662379,11,3662390
24303,3662405,18,3662423
24304,3662473,55,3662528
24305,3662740,44,3662784
24306,3662852,79,3662931
24307,3662939,89,3663028
24308,3663119,18,3663137
24309,3663156,82,3663238
24310,3663284,64,3663348
24311,3663380,34,3663414
24312,3663466,68,3663534
24313,3663752,12,3663764
24314,3663778,10,3663788
24315,3663918,27,3663945
24316,3664129,110,3664239
24317,3664378,2,3664380
24318,3664389,63,3664452
24319,3664482,127,3664609
24320,3664632,6,3664638
24321,3664991,21,3665012
24322,3665030,70,3665100
24323,3665323,27,3665350
24324,3665481,28,3665509
24325,3665749,60,3665809
24326,3665855,140,3665995
24327,3666032,167,3666199
24328,3666240,41,3666281
24329,3666285,124,3666409
24330,3666490,23,3666513
24331,3666563,9,3666572
24332,3666583,29,3666612
24333,3666689,33,3666722
24334,3666773,21,3666794
24335,3666893,73,3666966
24336,3667014,67,3667081
24337,3667130,18,3667148
24338,3667212,18,3667230
24339,3667293,40,3667333
24340,3667386,8,3667394
24341,3667611,56,3667667
24342,3667673,57,3667730
24343,3667766,106,3667872
24344,3667946,60,3668006
24345,3668116,99,3668215
24346,3668302,37,3668339
24347,3668496,20,3668516
24348,3668576,11,3668587
24349,3668629,21,3668650
24350,3668920,51,3668971
24351,3669017,57,3669074
24352,3669293,71,3669364
24353,3669589,9,3669598
24354,3669803,29,3669832
24355,3669842,33,3669875
24356,3670091,15,3670106
24357,3670179,54,3670233
24358,3670292,100,3670392
24359,3670669,52,3670721
24360,3671092,17,3671109
24361,3671150,44,3671194
24362,3671298,5,3671303
24363,3671320,39,3671359
24364,3671394,81,3671475
24365,3671591,33,3671624
24366,3671641,15,3671656
24367,3671694,4,3671698
24368,3671803,6,3671809
24369,3672029,32,3672061
24370,3672139,82,3672221
24371,3672298,14,3672312
24372,3672410,14,3672424
24373,3672506,181,3672687
24374,3672688,25,3672713
24375,3673098,43,3673141
24376,3673326,6,3673332
24377,3673408,80,3673488
24378,3673503,2,3673505
24379,3673617,61,3673678
24380,3673797,1,3673798
24381,3673874,1,3673875
24382,3673890,47,3673937
24383,3673990,43,3674033
24384,3674348,120,3674468
24385,3674628,11,3674639
24386,3674710,6,3674716
24387,3674876,40,3674916
24388,3674924,18,3674942
24389,3674945,5,3674950
24390,3674990,9,3674999
24391,3675023,3,3675026
24392,3675091,8,3675099
24393,3675146,2,3675148
24394,3675342,3,3675345
24395,3675365,17,3675382
24396,3675441,45,3675486
24397,3676317,7,3676324
24398,3676456,11,3676467
24399,3676535,47,3676582
24400,3676895,36,3676931
24401,3676991,121,3677112
24402,3677140,15,3677155
24403,3677161,81,3677242
24404,3677394,22,3677416
24405,3677476,42,3677518
24406,3677545,42,3677587
24407,3677654,109,3677763
24408,3677853,16,3677869
24409,3678130,2,3678132
24410,3678146,23,3678169
24411,3678220,81,3678301
24412,3678391,172,3678563
24413,3679199,16,3679215
24414,3679398,80,3679478
24415,3679529,24,3679553
24416,3679603,274,3679877
24417,3680171,41,3680212
24418,3680371,25,3680396
24419,3680513,54,3680567
24420,3680587,64,3680651
24421,3680672,46,3680718
24422,3680860,97,3680957
24423,3680994,72,3681066
24424,3681084,59,3681143
24425,3681154,144,3681298
24426,3681323,122,3681445
24427,3681587,17,3681604
24428,3682013,56,3682069
24429,3682182,152,3682334
24430,3682354,40,3682394
24431,3682447,3,3682450
24432,3682661,8,3682669
24433,3682697,201,3682898
24434,3682993,20,3683013
24435,3683050,14,3683064
24436,3683121,8,3683129
24437,3683142,35,3683177
24438,3683206,60,3683266
24439,3683388,135,3683523
24440,3683569,22,3683591
24441,3683614,11,3683625
24442,3683627,60,3683687
24443,3683773,52,3683825
24444,3683835,165,3684000
24445,3684065,14,3684079
24446,3684160,22,3684182
24447,3684210,30,3684240
24448,3684626,41,3684667
24449,3684732,36,3684768
24450,3684856,29,3684885
24451,3684918,9,3684927
24452,3685056,20,3685076
24453,3685236,38,3685274
24454,3685383,71,3685454
24455,3685494,45,3685539
24456,3685848,128,3685976
24457,3686025,52,3686077
24458,3686105,18,3686123
24459,3686201,126,3686327
24460,3686544,79,3686623
24461,3686653,175,3686828
24462,3687150,27,3687177
24463,3687211,23,3687234
24464,3687291,60,3687351
24465,3687424,12,3687436
24466,3687524,14,3687538
24467,3687560,222,3687782
24468,3687850,155,3688005
24469,3688172,14,3688186
24470,3688203,30,3688233
24471,3688245,36,3688281
24472,3688408,8,3688416
24473,3688420,29,3688449
24474,3688450,93,3688543
24475,3688608,42,3688650
24476,3688660,94,3688754
24477,3688765,60,3688825
24478,3688857,13,3688870
24479,3688935,140,3689075
24480,3689108,92,3689200
24481,3689356,10,3689366
24482,3689459,7,3689466
24483,3689468,23,3689491
24484,3689520,54,3689574
24485,3689605,49,3689654
24486,3689721,267,3689988
24487,3690272,27,3690299
24488,3690381,89,3690470
24489,3690556,34,3690590
24490,3690593,47,3690640
24491,3690687,33,3690720
24492,3691018,117,3691135
24493,3691152,68,3691220
24494,3691262,14,3691276
24495,3691280,145,3691425
24496,3691439,43,3691482
24497,3691505,1,3691506
24498,3691523,31,3691554
24499,3691691,43,3691734
24500,3691796,6,3691802
24501,3691892,133,3692025
24502,3692044,14,3692058
24503,3692184,21,3692205
24504,3692256,7,3692263
24505,3692429,16,3692445
24506,3692475,8,3692483
24507,3692515,26,3692541
24508,3692716,20,3692736
24509,3692851,218,3693069
24510,3693102,47,3693149
24511,3693273,28,3693301
24512,3693392,26,3693418
24513,3693476,1,3693477
24514,3693585,68,3693653
24515,3693694,9,3693703
24516,3693754,19,3693773
24517,3693787,3,3693790
24518,3693841,38,3693879
24519,3694043,227,3694270
24520,3694341,48,3694389
24521,3694619,195,3694814
24522,3695123,23,3695146
24523,3695318,216,3695534
24524,3695762,36,3695798
24525,3695943,13,3695956
24526,3696168,60,3696228
24527,3696239,19,3696258
24528,3696264,35,3696299
24529,3696436,46,3696482
24530,3696616,63,3696679
24531,3696787,93,3696880
24532,3696905,122,3697027
24533,3697153,7,3697160
24534,3697267,81,3697348
24535,3697398,9,3697407
24536,3697414,44,3697458
24537,3697736,51,3697787
24538,3697813,87,3697900
24539,3697904,2,3697906
24540,3698324,4,3698328
24541,3698359,67,3698426
24542,3698490,95,3698585
24543,3698648,13,3698661
24544,3698995,101,3699096
24545,3699260,29,3699289
24546,3699610,53,3699663
24547,3699736,47,3699783
24548,3699784,94,3699878
24549,3699961,28,3699989
24550,3699998,5,3700003
24551,3700158,23,3700181
24552,3700220,79,3700299
24553,3700643,30,3700673
24554,3700923,129,3701052
24555,3701088,10,3701098
24556,3701158,40,3701198
24557,3701231,2,3701233
24558,3701248,16,3701264
24559,3701296,65,3701361
24560,3701448,85,3701533
24561,3701559,89,3701648
24562,3701656,140,3701796
24563,3701806,8,3701814
24564,3701862,9,3701871
24565,3701948,6,3701954
24566,3702040,30,3702070
24567,3702102,65,3702167
24568,3702234,16,3702250
24569,3702271,21,3702292
24570,3702370,148,3702518
24571,3702895,59,3702954
24572,3702987,126,3703113
24573,3703334,59,3703393
24574,3703436,28,3703464
24575,3703645,42,3703687
24576,3703711,77,3703788
24577,3703929,8,3703937
24578,3704136,37,3704173
24579,3704282,15,3704297
24580,3704432,16,3704448
24581,3704777,27,3704804
24582,3704818,4,3704822
24583,3704866,112,3704978
24584,3705045,39,3705084
24585,3705091,179,3705270
24586,3705301,122,3705423
24587,3705656,11,3705667
24588,3705690,96,3705786
24589,3705827,38,3705865
24590,3706338,45,3706383
24591,3706417,30,3706447
24592,3706535,32,3706567
24593,3706641,3,3706644
24594,3706750,55,3706805
24595,3707264,54,3707318
24596,3707444,17,3707461
24597,3707494,38,3707532
24598,3707622,42,3707664
24599,3707732,18,3707750
24600,3707856,77,3707933
24601,3707942,17,3707959
24602,3708086,7,3708093
24603,3708277,88,3708365
24604,3708555,43,3708598
24605,3708778,19,3708797
24606,3708844,23,3708867
24607,3708874,71,3708945
24608,3708961,35,3708996
24609,3709038,88,3709126
24610,3709202,24,3709226
24611,3709420,6,3709426
24612,3709575,15,3709590
24613,3709724,93,3709817
24614,3709886,27,3709913
24615,3709980,7,3709987
24616,3710066,3,3710069
24617,3710172,125,3710297
24618,3710496,91,3710587
24619,3710753,39,3710792
24620,3710834,90,3710924
24621,3710959,32,3710991
24622,3711184,96,3711280
24623,3711528,5,3711533
24624,3711610,24,3711634
24625,3711818,41,3711859
24626,3712023,42,3712065
24627,3712076,46,3712122
24628,3712215,22,3712237
24629,3712299,34,3712333
24630,3712336,64,3712400
24631,3712427,57,3712484
24632,3712533,10,3712543
24633,3712577,31,3712608
24634,3712675,73,3712748
24635,3712765,7,3712772
24636,3712812,91,3712903
24637,3713030,57,3713087
24638,3713108,4,3713112
24639,3713183,28,3713211
24640,3713342,3,3713345
24641,3713372,258,3713630
24642,3713814,38,3713852
24643,3713871,33,3713904
24644,3713977,83,3714060
24645,3714128,4,3714132
24646,3714243,44,3714287
24647,3714301,83,3714384
24648,3714516,17,3714533
24649,3714568,15,3714583
24650,3714646,5,3714651
24651,3714694,99,3714793
24652,3714827,32,3714859
24653,3714928,4,3714932
24654,3715070,93,3715163
24655,3715241,27,3715268
24656,3715498,4,3715502
24657,3715576,7,3715583
24658,3715705,173,3715878
24659,3715879,90,3715969
24660,3716081,49,3716130
24661,3716305,5,3716310
24662,3716342,25,3716367
24663,3716509,20,3716529
24664,3716581,19,3716600
24665,3717032,23,3717055
24666,3717123,20,3717143
24667,3717176,7,3717183
24668,3717203,2,3717205
24669,3717265,4,3717269
24670,3717270,33,3717303
24671,3717368,14,3717382
24672,3717507,15,3717522
24673,3717646,69,3717715
24674,3717779,78,3717857
24675,3717995,25,3718020
24676,3718097,26,3718123
24677,3718250,14,3718264
24678,3718421,11,3718432
24679,3718499,11,3718510
24680,3718740,14,3718754
24681,3718775,155,3718930
24682,3719136,24,3719160
24683,3719241,66,3719307
24684,3719432,21,3719453
24685,3719533,74,3719607
24686,3719622,36,3719658
24687,3719863,12,3719875
24688,3719910,10,3719920
24689,3719976,57,3720033
24690,3720214,64,3720278
24691,3720425,175,3720600
24692,3720803,86,3720889
24693,3721193,1,3721194
24694,3721258,41,3721299
24695,3721445,46,3721491
24696,3721537,66,3721603
24697,3721684,42,3721726
24698,3721885,29,3721914
24699,3721973,8,3721981
24700,3722047,43,3722090
24701,3722175,211,3722386
24702,3722403,35,3722438
24703,3722514,173,3722687
24704,3722725,22,3722747
24705,3722824,25,3722849
24706,3722908,36,3722944
24707,3722953,138,3723091
24708,3723391,3,3723394
24709,3723424,37,3723461
24710,3723498,18,3723516
24711,3723540,29,3723569
24712,3723572,91,3723663
24713,3723783,5,3723788
24714,3723926,62,3723988
24715,3724128,12,3724140
24716,3724213,19,3724232
24717,3724238,35,3724273
24718,3724357,26,3724383
24719,3724411,5,3724416
24720,3724480,3,3724483
24721,3724579,30,3724609
24722,3724654,41,3724695
24723,3724746,10,3724756
24724,3724826,6,3724832
24725,3724883,16,3724899
24726,3724964,152,3725116
24727,3725226,107,3725333
24728,3725434,32,3725466
24729,3725471,70,3725541
24730,3725547,26,3725573
24731,3725684,15,3725699
24732,3725837,13,3725850
24733,3726122,101,3726223
24734,3726246,28,3726274
24735,3726334,21,3726355
24736,3726810,119,3726929
24737,3726985,157,3727142
24738,3727146,34,3727180
24739,3727248,199,3727447
24740,3727558,178,3727736
24741,3727775,7,3727782
24742,3727831,79,3727910
24743,3727922,5,3727927
24744,3727937,25,3727962
24745,3728113,85,3728198
24746,3728486,3,3728489
24747,3728609,107,3728716
24748,3728750,67,3728817
24749,3728833,1,3728834
24750,3728846,45,3728891
24751,3729091,7,3729098
24752,3729421,51,3729472
24753,3729534,58,3729592
24754,3729714,23,3729737
24755,3729787,58,3729845
24756,3729877,65,3729942
24757,3730060,14,3730074
24758,3730092,22,3730114
24759,3730345,47,3730392
24760,3730416,9,3730425
24761,3730655,33,3730688
24762,3730797,53,3730850
24763,3731041,2,3731043
24764,3731049,25,3731074
24765,3731154,21,3731175
24766,3731212,117,3731329
24767,3731424,172,3731596
24768,3731600,7,3731607
24769,3731675,203,3731878
24770,3731957,49,3732006
24771,3732007,12,3732019
24772,3732046,54,3732100
24773,3732200,2,3732202
24774,3732244,3,3732247
24775,3732264,67,3732331
24776,3732364,37,3732401
24777,3732565,64,3732629
24778,3732687,17,3732704
24779,3732729,60,3732789
24780,3732808,6,3732814
24781,3732867,80,3732947
24782,3732950,95,3733045
24783,3733085,12,3733097
24784,3733142,10,3733152
24785,3733186,7,3733193
24786,3733510,39,3733549
24787,3733552,31,3733583
24788,3733695,19,3733714
24789,3733875,28,3733903
24790,3733905,22,3733927
24791,3734027,97,3734124
24792,3734199,6,3734205
24793,3734395,10,3734405
24794,3734427,139,3734566
24795,3734569,12,3734581
24796,3734605,24,3734629
24797,3734679,27,3734706
24798,3734804,13,3734817
24799,3734832,53,3734885
24800,3735135,182,3735317
24801,3735426,86,3735512
24802,3735531,3,3735534
24803,3735705,29,3735734
24804,3735794,15,3735809
24805,3735851,43,3735894
24806,3735949,97,3736046
24807,3736255,4,3736259
24808,3736871,8,3736879
24809,3736994,3,3736997
24810,3737002,97,3737099
24811,3737119,8,3737127
24812,3737134,47,3737181
24813,3737185,19,3737204
24814,3737316,15,3737331
24815,3737427,43,3737470
24816,3737471,64,3737535
24817,3737724,20,3737744
24818,3737837,6,3737843
24819,3737936,66,3738002
24820,3738117,14,3738131
24821,3738143,30,3738173
24822,3738183,15,3738198
24823,3738278,48,3738326
24824,3738364,4,3738368
24825,3738467,9,3738476
24826,3738502,11,3738513
24827,3738539,27,3738566
24828,3738657,89,3738746
24829,3738847,136,3738983
24830,3739003,14,3739017
24831,3739100,106,3739206
24832,3739211,75,3739286
24833,3739299,29,3739328
24834,3739456,43,3739499
24835,3739545,17,3739562
24836,3740136,6,3740142
24837,3740237,41,3740278
24838,3740293,43,3740336
24839,3740496,18,3740514
24840,3740555,65,3740620
24841,3740762,32,3740794
24842,3740982,29,3741011
24843,3741081,14,3741095
24844,3741174,14,3741188
24845,3741292,3,3741295
24846,3741397,39,3741436
24847,3741714,9,3741723
24848,3741890,16,3741906
24849,3741930,37,3741967
24850,3742010,10,3742020
24851,3742113,27,3742140
24852,3742426,117,3742543
24853,3742967,54,3743021
24854,3743028,5,3743033
24855,3743126,32,3743158
24856,3743184,64,3743248
24857,3743308,72,3743380
24858,3743396,10,3743406
24859,3743436,19,3743455
24860,3743673,5,3743678
24861,3743784,14,3743798
24862,3743884,36,3743920
24863,3743929,68,3743997
24864,3744091,52,3744143
24865,3744232,79,3744311
24866,3744343,54,3744397
24867,3744894,256,3745150
24868,3745239,23,3745262
24869,3745415,34,3745449
24870,3745453,27,3745480
24871,3745499,2,3745501
24872,3745536,30,3745566
24873,3745582,25,3745607
24874,3745778,33,3745811
24875,3745977,78,3746055
24876,3746284,7,3746291
24877,3746327,74,3746401
24878,3746432,139,3746571
24879,3746780,57,3746837
24880,3746880,5,3746885
24881,3746894,11,3746905
24882,3746929,110,3747039
24883,3747104,26,3747130
24884,3747226,31,3747257
24885,3747364,68,3747432
24886,3747491,5,3747496
24887,3747509,65,3747574
24888,3747593,3,3747596
24889,3747609,26,3747635
24890,3747663,16,3747679
24891,3747805,4,3747809
24892,3748092,56,3748148
24893,3748301,144,3748445
24894,3748538,10,3748548
24895,3748626,51,3748677
24896,3748772,22,3748794
24897,3748923,8,3748931
24898,3749011,13,3749024
24899,3749120,2,3749122
24900,3749181,45,3749226
24901,3749252,55,3749307
24902,3749318,82,3749400
24903,3749407,92,3749499
24904,3749518,78,3749596
24905,3749730,59,3749789
24906,3749828,64,3749892
24907,3749933,18,3749951
24908,3750074,108,3750182
24909,3750235,13,3750248
24910,3750454,114,3750568
24911,3750761,37,3750798
24912,3750851,65,3750916
24913,3751017,28,3751045
24914,3751077,40,3751117
24915,3751212,95,3751307
24916,3751434,6,3751440
24917,3751451,8,3751459
24918,3751532,110,3751642
24919,3751672,6,3751678
24920,3751704,53,3751757
24921,3751827,12,3751839
24922,3751856,33,3751889
24923,3751895,87,3751982
24924,3752305,62,3752367
24925,3752374,210,3752584
24926,3752585,55,3752640
24927,3752699,83,3752782
24928,3753101,104,3753205
24929,3753312,5,3753317
24930,3753587,78,3753665
24931,3753743,2,3753745
24932,3753805,33,3753838
24933,3753849,116,3753965
24934,3754187,4,3754191
24935,3754228,26,3754254
24936,3754288,2,3754290
24937,3754294,138,3754432
24938,3754484,30,3754514
24939,3754533,7,3754540
24940,3754728,16,3754744
24941,3755038,105,3755143
24942,3755240,9,3755249
24943,3755263,30,3755293
24944,3755389,90,3755479
24945,3755565,48,3755613
24946,3755735,12,3755747
24947,3755864,16,3755880
24948,3755908,95,3756003
24949,3756054,60,3756114
24950,3756149,13,3756162
24951,3756356,113,3756469
24952,3756570,21,3756591
24953,3756614,138,3756752
24954,3756783,159,3756942
24955,3757064,21,3757085
24956,3757106,6,3757112
24957,3757200,43,3757243
24958,3757330,76,3757406
24959,3757558,13,3757571
24960,3757745,99,3757844
24961,3758089,11,3758100
24962,3758135,171,3758306
24963,3758596,86,3758682
24964,3758733,35,3758768
24965,3758955,143,3759098
24966,3759258,29,3759287
24967,3759690,74,3759764
24968,3759914,74,3759988
24969,3760126,15,3760141
24970,3760209,70,3760279
24971,3760346,10,3760356
24972,3760377,15,3760392
24973,3760537,5,3760542
24974,3760611,107,3760718
24975,3760748,65,3760813
24976,3760873,52,3760925
24977,3760992,55,3761047
24978,3761160,178,3761338
24979,3761433,120,3761553
24980,3761612,3,3761615
24981,3761647,30,3761677
24982,3761909,1,3761910
24983,3761993,28,3762021
24984,3762204,30,3762234
24985,3762304,8,3762312
24986,3762333,19,3762352
24987,3762409,98,3762507
24988,3762680,46,3762726
24989,3762749,3,3762752
24990,3762835,14,3762849
24991,3762873,46,3762919
24992,3762955,1,3762956
24993,3762957,67,3763024
24994,3763187,35,3763222
24995,3763233,112,3763345
24996,3763359,28,3763387
24997,3763416,60,3763476
24998,3763545,67,3763612
24999,3763678,68,3763746
25000,3763861,64,3763925
25001,3763929,33,3763962
25002,3764131,111,3764242
25003,3764355,2,3764357
25004,3764457,28,3764485
25005,3764578,5,3764583
25006,3764589,10,3764599
25007,3764688,43,3764731
25008,3764956,55,3765011
25009,3765014,3,3765017
25010,3765324,40,3765364
25011,3765621,5,3765626
25012,3765716,125,3765841
25013,3765927,81,3766008
25014,3766016,102,3766118
25015,3766149,1,3766150
25016,3766259,12,3766271
25017,3766413,152,3766565
25018,3766661,122,3766783
25019,3766890,45,3766935
25020,3767034,48,3767082
25021,3767134,28,3767162
25022,3767174,53,3767227
25023,3767260,75,3767335
25024,3767346,7,3767353
25025,3767501,19,3767520
25026,3767600,20,3767620
25027,3767713,38,3767751
25028,3767757,23,3767780
25029,3767826,50,3767876
25030,3767991,37,3768028
25031,3768062,9,3768071
25032,3768367,16,3768383
25033,3768400,2,3768402
25034,3768478,105,3768583
25035,3768725,20,3768745
25036,3768746,103,3768849
25037,3768942,45,3768987
25038,3769198,9,3769207
25039,3769310,160,3769470
25040,3769727,91,3769818
25041,3769998,23,3770021
25042,3770105,21,3770126
25043,3770154,36,3770190
25044,3770321,19,3770340
25045,3770396,12,3770408
25046,3770488,51,3770539
25047,3770597,27,3770624
25048,3770681,51,3770732
25049,3770970,65,3771035
25050,3771100,9,3771109
25051,3771161,13,3771174
25052,3771185,13,3771198
25053,3771232,1,3771233
25054,3771244,33,3771277
25055,3771333,4,3771337
25056,3771341,52,3771393
25057,3771485,139,3771624
25058,3771905,79,3771984
25059,3772063,2,3772065
25060,3772430,25,3772455
25061,3772693,11,3772704
25062,3772729,58,3772787
25063,3772803,54,3772857
25064,3773017,53,3773070
25065,3773077,5,3773082
25066,3773093,79,3773172
25067,3773199,25,3773224
25068,3773500,100,3773600
25069,3773652,104,3773756
25070,3773761,24,3773785
25071,3773805,22,3773827
25072,3773912,1,3773913
25073,3773926,25,3773951
25074,3774093,96,3774189
25075,3774317,50,3774367
25076,3774492,8,3774500
25077,3774563,25,3774588
25078,3774600,157,3774757
25079,3774773,25,3774798
25080,3774825,50,3774875
25081,3774912,74,3774986
25082,3775089,229,3775318
25083,3775464,3,3775467
25084,3775481,3,3775484
25085,3775487,58,3775545
25086,3775701,72,3775773
25087,3775805,59,3775864
25088,3776004,56,3776060
25089,3776062,49,3776111
25090,3776166,102,3776268
25091,3776300,3,3776303
25092,3776372,104,3776476
25093,3776560,45,3776605
25094,3776710,42,3776752
25095,3776927,30,3776957
25096,3776967,142,3777109
25097,3777152,72,3777224
25098,3777315,49,3777364
25099,3777449,9,3777458
25100,3777691,125,3777816
25101,3777887,48,3777935
25102,3777989,16,3778005
25103,3778032,24,3778056
25104,3778137,10,3778147
25105,3778157,10,3778167
25106,3778341,19,3778360
25107,3778376,119,3778495
25108,3778503,4,3778507
25109,3778588,41,3778629
25110,3778636,60,3778696
25111,3778889,67,3778956
25112,3779029,68,3779097
25113,3779143,45,3779188
25114,3779309,11,3779320
25115,3779374,21,3779395
25116,3779617,22,3779639
25117,3779690,3,3779693
25118,3779808,151,3779959
25119,3780105,80,3780185
25120,3780226,1,3780227
25121,3780281,21,3780302
25122,3780529,14,3780543
25123,3780832,14,3780846
25124,3780893,51,3780944
25125,3780979,19,3780998
25126,3781081,9,3781090
25127,3781163,39,3781202
25128,3781207,129,3781336
25129,3781384,60,3781444
25130,3781568,13,3781581
25131,3781749,78,3781827
25132,3781833,33,3781866
25133,3781951,18,3781969
25134,3782311,36,3782347
25135,3782389,7,3782396
25136,3782475,6,3782481
25137,3782543,2,3782545
25138,3782613,12,3782625
25139,3782656,92,3782748
25140,3782990,46,3783036
25141,3783057,31,3783088
25142,3783375,3,3783378
25143,3783537,25,3783562
25144,3783633,26,3783659
25145,3784029,44,3784073
25146,3784360,9,3784369
25147,3784386,93,3784479
25148,3784542,181,3784723
25149,3784775,4,3784779
25150,3784838,157,3784995
25151,3785025,53,3785078
25152,3785079,42,3785121
25153,3785209,72,3785281
25154,3785292,30,3785322
25155,3785490,23,3785513
25156,3785584,16,3785600
25157,3785643,28,3785671
25158,3786075,42,3786117
25159,3786213,55,3786268
25160,3786397,12,3786409
25161,3786485,49,3786534
25162,3786573,70,3786643
25163,3786693,30,3786723
25164,3786931,25,3786956
25165,3787026,21,3787047
25166,3787138,20,3787158
25167,3787282,19,3787301
25168,3787307,8,3787315
25169,3787543,39,3787582
25170,3787617,40,3787657
25171,3787792,10,3787802
25172,3787952,79,3788031
25173,3788034,45,3788079
25174,3788274,14,3788288
25175,3788473,2,3788475
25176,3788629,86,3788715
25177,3788764,19,3788783
25178,3788968,19,3788987
25179,3789077,16,3789093
25180,3789381,18,3789399
25181,3789546,40,3789586
25182,3789734,148,3789882
25183,3790128,1,3790129
25184,3790174,1,3790175
25185,3790232,75,3790307
25186,3790311,97,3790408
25187,3790499,52,3790551
25188,3790582,62,3790644
25189,3790765,4,3790769
25190,3790846,4,3790850
25191,3790872,64,3790936
25192,3791016,196,3791212
25193,3791315,92,3791407
25194,3791682,25,3791707
25195,3791723,38,3791761
25196,3791851,51,3791902
25197,3791961,70,3792031
25198,3792277,6,3792283
25199,3792284,29,3792313
25200,3792538,94,3792632
25201,3792647,8,3792655
25202,3793075,8,3793083
25203,3793094,9,3793103
25204,3793130,41,3793171
25205,3793295,41,3793336
25206,3793371,22,3793393
25207,3793508,61,3793569
25208,3793784,27,3793811
25209,3793944,24,3793968
25210,3794024,69,3794093
25211,3794121,18,3794139
25212,3794295,7,3794302
25213,3794368,19,3794387
25214,3794510,37,3794547
25215,3794593,39,3794632
25216,3794747,20,3794767
25217,3794965,46,3795011
25218,3795076,2,3795078
25219,3795204,55,3795259
25220,3795274,127,3795401
25221,3795585,3,3795588
25222,3795694,25,3795719
25223,3795781,14,3795795
25224,3795816,34,3795850
25225,3795859,72,3795931
25226,3796004,198,3796202
25227,3796291,15,3796306
25228,3796649,13,3796662
25229,3796669,22,3796691
25230,3796831,23,3796854
25231,3796997,21,3797018
25232,3797107,22,3797129
25233,3797135,5,3797140
25234,3797165,25,3797190
25235,3797208,124,3797332
25236,3797780,57,3797837
25237,3798001,21,3798022
25238,3798033,98,3798131
25239,3798189,28,3798217
25240,3798253,3,3798256
25241,3798447,39,3798486
25242,3798509,53,3798562
25243,3798723,2,3798725
25244,3798726,114,3798840
25245,3798875,140,3799015
25246,3799143,30,3799173
25247,3799277,15,3799292
25248,3799608,10,3799618
25249,3799666,14,3799680
25250,3799886,44,3799930
25251,3799960,25,3799985
25252,3800081,124,3800205
25253,3800368,1,3800369
25254,3800371,97,3800468
25255,3800471,15,3800486
25256,3800509,19,3800528
25257,3800598,95,3800693
25258,3801176,35,3801211
25259,3801366,36,3801402
25260,3801460,29,3801489
25261,3801512,60,3801572
25262,3801747,194,3801941
25263,3802026,11,3802037
25264,3802090,23,3802113
25265,3802131,19,3802150
25266,3802169,92,3802261
25267,3802287,160,3802447
25268,3802584,22,3802606
25269,3802678,44,3802722
25270,3802794,29,3802823
25271,3802824,34,3802858
25272,3802903,77,3802980
25273,3802993,183,3803176
25274,3803286,91,3803377
25275,3803494,101,3803595
25276,3803847,3,3803850
25277,3804042,132,3804174
25278,3804291,11,3804302
25279,3804362,3,3804365
25280,3804492,1,3804493
25281,3804672,26,3804698
25282,3804714,145,3804859
25283,3805051,8,3805059
25284,3805152,14,3805166
25285,3805190,91,3805281
25286,3805352,130,3805482
25287,3805492,65,3805557
25288,3805625,3,3805628
25289,3805724,23,3805747
25290,3805828,114,3805942
25291,3805970,55,3806025
25292,3806249,16,3806265
25293,3806301,35,3806336
25294,3806388,56,3806444
25295,3806534,96,3806630
25296,3806652,96,3806748
25297,3807073,18,3807091
25298,3807119,49,3807168
25299,3807174,18,3807192
25300,3807359,45,3807404
25301,3807501,12,3807513
25302,3807745,80,3807825
25303,3808203,17,3808220
25304,3808380,76,3808456
25305,3808470,9,3808479
25306,3808514,7,3808521
25307,3808678,10,3808688
25308,3808723,19,3808742
25309,3808774,5,3808779
25310,3808883,30,3808913
25311,3808985,12,3808997
25312,3809023,37,3809060
25313,3809184,92,3809276
25314,3809373,43,3809416
25315,3809515,7,3809522
25316,3809602,83,3809685
25317,3809721,120,3809841
25318,3809960,25,3809985
25319,3810092,108,3810200
25320,3810356,57,3810413
25321,3810497,40,3810537
25322,3810675,3,3810678
25323,3810728,38,3810766
25324,3810778,2,3810780
25325,3811106,37,3811143
25326,3811247,75,3811322
25327,3811383,14,3811397
25328,3811490,17,3811507
25329,3811542,10,3811552
25330,3811646,9,3811655
25331,3811666,125,3811791
25332,3811891,28,3811919
25333,3811998,64,3812062
25334,3812244,148,3812392
25335,3812488,76,3812564
25336,3812577,31,3812608
25337,3812612,78,3812690
25338,3812749,8,3812757
25339,3812794,55,3812849
25340,3812885,25,3812910
25341,3813049,89,3813138
25342,3813147,90,3813237
25343,3813730,159,3813889
25344,3813949,38,3813987
25345,3814002,63,3814065
25346,3814103,35,3814138
25347,3814212,67,3814279
25348,3814423,1,3814424
25349,3814482,40,3814522
25350,3814556,7,3814563
25351,3814643,22,3814665
25352,3814694,152,3814846
25353,3814907,5,3814912
25354,3815003,106,3815109
25355,3815227,132,3815359
25356,3815506,40,3815546
25357,3815554,2,3815556
25358,3815607,68,3815675
25359,3815939,197,3816136
25360,3816343,160,3816503
25361,3816525,107,3816632
25362,3816776,61,3816837
25363,3816876,5,3816881
25364,3816975,44,3817019
25365,3817117,14,3817131
25366,3817147,24,3817171
25367,3817265,26,3817291
25368,3817293,348,3817641
25369,3817666,38,3817704
25370,3817839,29,3817868
25371,3817959,36,3817995
25372,3818200,179,3818379
25373,3818710,62,3818772
25374,3818778,21,3818799
25375,3818870,96,3818966
25376,3818989,14,3819003
25377,3819037,21,3819058
25378,3819060,64,3819124
25379,3819324,50,3819374
25380,3819542,75,3819617
25381,3819916,41,3819957
25382,3820145,4,3820149
25383,3820218,11,3820229
25384,3820285,71,3820356
25385,3820448,3,3820451
25386,3820468,190,3820658
25387,3820902,42,3820944
25388,3821158,36,3821194
25389,3821284,19,3821303
25390,3821310,15,3821325
25391,3821467,19,3821486
25392,3821585,20,3821605
25393,3821646,18,3821664
25394,3821682,29,3821711
25395,3821731,60,3821791
25396,3822042,19,3822061
25397,3822328,14,3822342
25398,3822469,81,3822550
25399,3822840,8,3822848
25400,3823005,30,3823035
25401,3823174,57,3823231
25402,3823632,2,3823634
25403,3823653,91,3823744
25404,3823779,47,3823826
25405,3823851,35,3823886
25406,3823887,6,3823893
25407,3823930,12,3823942
25408,3824026,112,3824138
25409,3824218,30,3824248
25410,3824427,42,3824469
25411,3824588,26,3824614
25412,3824644,13,3824657
25413,3825116,131,3825247
25414,3825262,161,3825423
25415,3825548,14,3825562
25416,3825612,3,3825615
25417,3825715,76,3825791
25418,3825830,157,3825987
25419,3826079,64,3826143
25420,3826279,99,3826378
25421,3826478,63,3826541
25422,3826560,1,3826561
25423,3827128,23,3827151
25424,3827167,70,3827237
25425,3827310,31,3827341
25426,3827366,9,3827375
25427,3827731,25,3827756
25428,3827848,83,3827931
25429,3827989,135,3828124
25430,3828189,33,3828222
25431,3828479,63,3828542
25432,3828601,59,3828660
25433,3828738,180,3828918
25434,3828993,80,3829073
25435,3829091,61,3829152
25436,3829987,41,3830028
25437,3830110,5,3830115
25438,3830125,63,3830188
25439,3830234,21,3830255
25440,3830405,17,3830422
25441,3830485,14,3830499
25442,3830528,30,3830558
25443,3830670,186,3830856
25444,3830919,53,3830972
25445,3831088,24,3831112
25446,3831126,19,3831145
25447,3831160,140,3831300
25448,3831449,171,3831620
25449,3831661,140,3831801
25450,3831902,73,3831975
25451,3832051,7,3832058
25452,3832076,18,3832094
25453,3832148,9,3832157
25454,3832188,30,3832218
25455,3832305,9,3832314
25456,3832354,11,3832365
25457,3832475,47,3832522
25458,3832538,1,3832539
25459,3832560,98,3832658
25460,3832906,19,3832925
25461,3833011,5,3833016
25462,3833027,92,3833119
25463,3833202,34,3833236
25464,3833408,35,3833443
25465,3833469,12,3833481
25466,3833542,128,3833670
25467,3833724,3,3833727
25468,3833767,167,3833934
25469,3833979,47,3834026
25470,3834053,39,3834092
25471,3834190,114,3834304
25472,3834570,68,3834638
25473,3834735,20,3834755
25474,3835077,6,3835083
25475,3835299,32,3835331
25476,3835785,2,3835787
25477,3836248,79,3836327
25478,3836387,75,3836462
25479,3836536,17,3836553
25480,3836619,25,3836644
25481,3836657,39,3836696
25482,3836922,80,3837002
25483,3837108,98,3837206
25484,3837215,30,3837245
25485,3837769,45,3837814
25486,3837845,2,3837847
25487,3837912,4,3837916
25488,3837921,170,3838091
25489,3838151,75,3838226
25490,3838262,90,3838352
25491,3838356,16,3838372
25492,3838404,61,3838465
25493,3838518,35,3838553
25494,3838665,59,3838724
25495,3838738,33,3838771
25496,3838829,74,3838903
25497,3839086,7,3839093
25498,3839154,7,3839161
25499,3839217,6,3839223
25500,3839369,25,3839394
25501,3839429,81,3839510
25502,3839545,3,3839548
25503,3839578,153,3839731
25504,3839752,189,3839941
25505,3839954,5,3839959
25506,3840072,43,3840115
25507,3840169,13,3840182
25508,3840198,16,3840214
25509,3840250,8,3840258
25510,3840543,26,3840569
25511,3840648,26,3840674
25512,3840701,42,3840743
25513,3840985,59,3841044
25514,3841145,51,3841196
25515,3841218,118,3841336
25516,3841406,66,3841472
25517,3841480,52,3841532
25518,3841823,17,3841840
25519,3841913,61,3841974
25520,3842011,9,3842020
25521,3842039,106,3842145
25522,3842257,11,3842268
25523,3842387,40,3842427
25524,3842607,16,3842623
25525,3842740,238,3842978
25526,3843110,12,3843122
25527,3843263,13,3843276
25528,3843520,11,3843531
25529,3843862,5,3843867
25530,3843870,3,3843873
25531,3843951,51,3844002
25532,3844031,61,3844092
25533,3844104,11,3844115
25534,3844251,8,3844259
25535,3844343,23,3844366
25536,3844587,52,3844639
25537,3844734,189,3844923
25538,3844932,55,3844987
25539,3845012,32,3845044
25540,3845125,67,3845192
25541,3845231,114,3845345
25542,3845509,93,3845602
25543,3845645,56,3845701
25544,3845792,8,3845800
25545,3845805,10,3845815
25546,3845930,60,3845990
25547,3846102,8,3846110
25548,3846125,11,3846136
25549,3846226,13,3846239
25550,3846321,17,3846338
25551,3846356,81,3846437
25552,3846457,1,3846458
25553,3846572,10,3846582
25554,3846863,59,3846922
25555,3846938,17,3846955
25556,3846966,2,3846968
25557,3846998,13,3847011
25558,3847057,20,3847077
25559,3847088,18,3847106
25560,3847232,175,3847407
25561,3847430,22,3847452
25562,3847505,89,3847594
25563,3847617,87,3847704
25564,3847721,14,3847735
25565,3847783,102,3847885
25566,3847920,6,3847926
25567,3848086,9,3848095
25568,3848141,14,3848155
25569,3848223,50,3848273
25570,3848452,37,3848489
25571,3848639,81,3848720
25572,3848780,6,3848786
25573,3848805,12,3848817
25574,3848971,36,3849007
25575,3849079,30,3849109
25576,3849302,48,3849350
25577,3849353,37,3849390
25578,3849517,423,3849940
25579,3849953,52,3850005
25580,3850353,25,3850378
25581,3850400,72,3850472
25582,3850501,47,3850548
25583,3850608,68,3850676
25584,3850770,108,3850878
25585,3850964,78,3851042
25586,3851049,3,3851052
25587,3851185,65,3851250
25588,3851386,128,3851514
25589,3851583,60,3851643
25590,3851745,41,3851786
25591,3851788,40,3851828
25592,3851889,45,3851934
25593,3852046,15,3852061
25594,3852103,69,3852172
25595,3852320,19,3852339
25596,3852692,2,3852694
25597,3852707,21,3852728
25598,3852736,42,3852778
25599,3852796,13,3852809
25600,3853130,38,3853168
25601,3853338,54,3853392
25602,3853395,16,3853411
25603,3853667,67,3853734
25604,3853740,25,3853765
25605,3853829,94,3853923
25606,3853967,18,3853985
25607,3854081,33,3854114
25608,3854213,30,3854243
25609,3854400,6,3854406
25610,3854536,1,3854537
25611,3854671,79,3854750
25612,3854780,11,3854791
25613,3854807,42,3854849
25614,3854916,24,3854940
25615,3855259,19,3855278
25616,3855317,51,3855368
25617,3855560,22,3855582
25618,3855592,41,3855633
25619,3855699,37,3855736
25620,3855861,2,3855863
25621,3855864,2,3855866
25622,3855867,15,3855882
25623,3855895,44,3855939
25624,3855950,44,3855994
25625,3856123,15,3856138
25626,3856184,16,3856200
25627,3856260,111,3856371
25628,3856544,20,3856564
25629,3856752,52,3856804
25630,3856831,14,3856845
25631,3856859,14,3856873
25632,3856891,4,3856895
25633,3857057,55,3857112
25634,3857411,12,3857423
25635,3857435,40,3857475
25636,3857492,132,3857624
25637,3857688,159,3857847
25638,3857949,33,3857982
25639,3858284,60,3858344
25640,3858598,60,3858658
25641,3858943,3,3858946
25642,3859110,26,3859136
25643,3859179,3,3859182
25644,3859235,8,3859243
25645,3859270,41,3859311
25646,3859313,104,3859417
25647,3859459,8,3859467
25648,3859706,118,3859824
25649,3859881,17,3859898
25650,3859930,91,3860021
25651,3860039,61,3860100
25652,3860252,3,3860255
25653,3860992,18,3861010
25654,3861073,15,3861088
25655,3861199,38,3861237
25656,3861351,19,3861370
25657,3861479,2,3861481
25658,3861497,3,3861500
25659,3861513,6,3861519
25660,3861566,29,3861595
25661,3861605,16,3861621
25662,3861677,5,3861682
25663,3861723,36,3861759
25664,3861847,25,3861872
25665,3862030,151,3862181
25666,3862224,33,3862257
25667,3862269,58,3862327
25668,3862408,21,3862429
25669,3862481,34,3862515
25670,3862573,7,3862580
25671,3862581,11,3862592
25672,3862929,65,3862994
25673,3862998,23,3863021
25674,3863425,213,3863638
25675,3863697,21,3863718
25676,3863751,2,3863753
25677,3863777,1,3863778
25678,3863814,11,3863825
25679,3863935,28,3863963
25680,3864029,42,3864071
25681,3864088,25,3864113
25682,3864134,24,3864158
25683,3864454,102,3864556
25684,3864572,16,3864588
25685,3864595,19,3864614
25686,3864660,57,3864717
25687,3864854,8,3864862
25688,3864969,59,3865028
25689,3865054,119,3865173
25690,3865193,45,3865238
25691,3865282,12,3865294
25692,3865323,57,3865380
25693,3865420,29,3865449
25694,3865625,66,3865691
25695,3865787,14,3865801
25696,3865833,71,3865904
25697,3865967,2,3865969
25698,3866038,48,3866086
25699,3866240,61,3866301
25700,3866336,20,3866356
25701,3866389,175,3866564
25702,3866633,18,3866651
25703,3866781,142,3866923
25704,3866948,30,3866978
25705,3866988,6,3866994
25706,3867164,29,3867193
25707,3867225,65,3867290
25708,3867446,78,3867524
25709,3867533,45,3867578
25710,3867734,10,3867744
25711,3867938,63,3868001
25712,3868006,29,3868035
25713,3868291,14,3868305
25714,3868439,38,3868477
25715,3868484,4,3868488
25716,3868577,1,3868578
25717,3868584,45,3868629
25718,3868687,37,3868724
25719,3868726,95,3868821
25720,3869000,4,3869004
25721,3869103,108,3869211
25722,3869279,55,3869334
25723,3869375,5,3869380
25724,3869382,106,3869488
25725,3869702,75,3869777
25726,3869786,117,3869903
25727,3870047,156,3870203
25728,3870224,5,3870229
25729,3870369,36,3870405
25730,3870423,28,3870451
25731,3870484,7,3870491
25732,3870774,39,3870813
25733,3870889,5,3870894
25734,3870927,51,3870978
25735,3871007,34,3871041
25736,3871113,8,3871121
25737,3871414,7,3871421
25738,3871662,63,3871725
25739,3872183,86,3872269
25740,3872336,31,3872367
25741,3872763,7,3872770
25742,3872800,14,3872814
25743,3873006,117,3873123
25744,3873135,27,3873162
25745,3873212,141,3873353
25746,3873421,7,3873428
25747,3873488,4,3873492
25748,3873693,83,3873776
25749,3873802,2,3873804
25750,3874040,84,3874124
25751,3874190,6,3874196
25752,3874256,9,3874265
25753,3874311,3,3874314
25754,3874374,16,3874390
25755,3874434,46,3874480
25756,3874495,23,3874518
25757,3874623,19,3874642
25758,3874660,30,3874690
25759,3874750,52,3874802
25760,3874965,79,3875044
25761,3875248,34,3875282
25762,3875454,18,3875472
25763,3875623,35,3875658
25764,3875784,16,3875800
25765,3875869,37,3875906
25766,3875979,43,3876022
25767,3876107,234,3876341
25768,3876450,213,3876663
25769,3876785,52,3876837
25770,3876842,1,3876843
25771,3876851,42,3876893
25772,3877012,24,3877036
25773,3877062,49,3877111
25774,3877141,13,3877154
25775,3877306,6,3877312
25776,3877412,58,3877470
25777,3877519,7,3877526
25778,3877532,36,3877568
25779,3877628,54,3877682
25780,3877777,83,3877860
25781,3878293,29,3878322
25782,3878467,23,3878490
25783,3878579,166,3878745
25784,3878766,38,3878804
25785,3878872,32,3878904
25786,3878906,45,3878951
25787,3879666,7,3879673
25788,3879771,4,3879775
25789,3879969,182,3880151
25790,3880217,5,3880222
25791,3880311,39,3880350
25792,3880577,142,3880719
25793,3880744,48,3880792
25794,3880843,5,3880848
25795,3880905,21,3880926
25796,3880949,104,3881053
25797,3881178,8,3881186
25798,3881200,14,3881214
25799,3881253,36,3881289
25800,3881328,33,3881361
25801,3881554,54,3881608
25802,3881619,26,3881645
25803,3881791,38,3881829
25804,3881904,8,3881912
25805,3882019,11,3882030
25806,3882068,19,3882087
25807,3882100,135,3882235
25808,3882281,21,3882302
25809,3882399,47,3882446
25810,3882490,38,3882528
25811,3882613,4,3882617
25812,3882685,34,3882719
25813,3882754,20,3882774
25814,3882790,54,3882844
25815,3882854,28,3882882
25816,3882963,35,3882998
25817,3883060,70,3883130
25818,3883282,25,3883307
25819,3883426,8,3883434
25820,3883559,16,3883575
25821,3883646,25,3883671
25822,3883747,26,3883773
25823,3883903,39,3883942
25824,3883974,54,3884028
25825,3884033,17,3884050
25826,3884097,38,3884135
25827,3884384,56,3884440
25828,3884450,37,3884487
25829,3884612,43,3884655
25830,3884839,45,3884884
25831,3885092,46,3885138
25832,3885174,36,3885210
25833,3885283,33,3885316
25834,3885343,8,3885351
25835,3885424,44,3885468
25836,3885496,12,3885508
25837,3885510,19,3885529
25838,3885549,88,3885637
25839,3885721,78,3885799
25840,3885986,2,3885988
25841,3886025,18,3886043
25842,3886108,71,3886179
25843,3886195,25,3886220
25844,3886308,34,3886342
25845,3886411,1,3886412
25846,3886510,28,3886538
25847,3886686,88,3886774
25848,3886891,12,3886903
25849,3886961,5,3886966
25850,3886998,31,3887029
25851,3887129,215,3887344
25852,3887363,27,3887390
25853,3887473,98,3887571
25854,3887697,14,3887711
25855,3888070,124,3888194
25856,3888443,126,3888569
25857,3888731,30,3888761
25858,3888950,43,3888993
25859,3889246,25,3889271
25860,3889387,77,3889464
25861,3889513,30,3889543
25862,3889553,91,3889644
25863,3889725,12,3889737
25864,3890218,26,3890244
25865,3890284,43,3890327
25866,3890586,21,3890607
25867,3890688,57,3890745
25868,3890847,44,3890891
25869,3890927,65,3890992
25870,3891046,40,3891086
25871,3891262,28,3891290
25872,3891636,16,3891652
25873,3891788,24,3891812
25874,3891856,15,3891871
25875,3892170,41,3892211
25876,3892377,102,3892479
25877,3892496,39,3892535
25878,3892556,45,3892601
25879,3892610,64,3892674
25880,3892699,47,3892746
25881,3892801,16,3892817
25882,3893009,23,3893032
25883,3893043,27,3893070
25884,3893071,59,3893130
25885,3893359,74,3893433
25886,3893446,51,3893497
25887,3893549,41,3893590
25888,3893679,72,3893751
25889,3893788,37,3893825
25890,3893937,24,3893961
25891,3893985,10,3893995
25892,3894010,2,3894012
25893,3894061,20,3894081
25894,3894132,15,3894147
25895,3894153,5,3894158
25896,3894283,7,3894290
25897,3894344,28,3894372
25898,3894552,6,3894558
25899,3894577,28,3894605
25900,3894838,91,3894929
25901,3895050,58,3895108
25902,3895139,76,3895215
25903,3895238,2,3895240
25904,3895416,207,3895623
25905,3895718,18,3895736
25906,3895744,12,3895756
25907,3895807,184,3895991
25908,3896012,53,3896065
25909,3896108,3,3896111
25910,3896193,81,3896274
25911,3896409,88,3896497
25912,3896735,51,3896786
25913,3896804,76,3896880
25914,3897049,6,3897055
25915,3897059,40,3897099
25916,3897119,2,3897121
25917,3897453,22,3897475
25918,3897509,119,3897628
25919,3897841,30,3897871
25920,3897901,1,3897902
25921,3897993,79,3898072
25922,3898186,9,3898195
25923,3898398,22,3898420
25924,3898525,51,3898576
25925,3898600,185,3898785
25926,3898802,17,3898819
25927,3898870,19,3898889
25928,3898926,42,3898968
25929,3899020,32,3899052
25930,3899072,74,3899146
25931,3899447,29,3899476
25932,3899525,22,3899547
25933,3899630,154,3899784
25934,3899793,11,3899804
25935,3899916,59,3899975
25936,3900064,67,3900131
25937,3900189,70,3900259
25938,3900595,125,3900720
25939,3900772,3,3900775
25940,3901011,108,3901119
25941,3901177,2,3901179
25942,3901188,45,3901233
25943,3901310,25,3901335
25944,3901451,13,3901464
25945,3901797,35,3901832
25946,3901844,16,3901860
25947,3901929,104,3902033
25948,3902171,12,3902183
25949,3902302,68,3902370
25950,3902372,19,3902391
25951,3902441,42,3902483
25952,3902484,17,3902501
25953,3902795,29,3902824
25954,3902845,38,3902883
25955,3902916,31,3902947
25956,3903054,93,3903147
25957,3903285,123,3903408
25958,3903617,11,3903628
25959,3903642,11,3903653
25960,3903821,56,3903877
25961,3903880,9,3903889
25962,3903928,30,3903958
25963,3904039,21,3904060
25964,3904307,23,3904330
25965,3904437,22,3904459
25966,3904624,32,3904656
25967,3904677,19,3904696
25968,3905012,35,3905047
25969,3905217,3,3905220
25970,3905358,85,3905443
25971,3905577,7,3905584
25972,3905734,17,3905751
25973,3905780,11,3905791
25974,3906032,37,3906069
25975,3906126,6,3906132
25976,3906159,80,3906239
25977,3906253,28,3906281
25978,3906285,25,3906310
25979,3906427,122,3906549
25980,3906590,57,3906647
25981,3906701,32,3906733
25982,3906944,54,3906998
25983,3907135,19,3907154
25984,3907157,58,3907215
25985,3907237,128,3907365
25986,3907447,39,3907486
25987,3907522,25,3907547
25988,3907634,39,3907673
25989,3907823,20,3907843
25990,3908193,56,3908249
25991,3908337,21,3908358
25992,3908497,5,3908502
25993,3908515,19,3908534
25994,3908541,17,3908558
25995,3908666,12,3908678
25996,3908755,92,3908847
25997,3908887,9,3908896
25998,3908926,32,3908958
25999,3909307,14,3909321
26000,3909372,152,3909524
26001,3909638,20,3909658
26002,3909968,7,3909975
26003,3910004,24,3910028
26004,3910289,33,3910322
26005,3910442,5,3910447
26006,3910477,22,3910499
26007,3910506,44,3910550
26008,3910728,46,3910774
26009,3910914,68,3910982
26010,3911020,25,3911045
26011,3911261,7,3911268
26012,3911346,14,3911360
26013,3911386,77,3911463
26014,3911738,20,3911758
26015,3911922,49,3911971
26016,3912011,2,3912013
26017,3912069,7,3912076
26018,3912180,22,3912202
26019,3912370,218,3912588
26020,3912632,1,3912633
26021,3912845,97,3912942
26022,3913050,148,3913198
26023,3913252,84,3913336
26024,3913578,24,3913602
26025,3913631,16,3913647
26026,3913691,43,3913734
26027,3913839,39,3913878
26028,3914180,34,3914214
26029,3914237,12,3914249
26030,3914264,35,3914299
26031,3914453,17,3914470
26032,3914595,83,3914678
26033,3914688,58,3914746
26034,3914761,30,3914791
26035,3914794,9,3914803
26036,3914836,91,3914927
26037,3914968,5,3914973
26038,3914990,86,3915076
26039,3915192,45,3915237
26040,3915290,15,3915305
26041,3915455,6,3915461
26042,3915524,49,3915573
26043,3915601,114,3915715
26044,3915905,2,3915907
26045,3915934,32,3915966
26046,3916037,98,3916135
26047,3916145,10,3916155
26048,3916299,68,3916367
26049,3916394,31,3916425
26050,3916442,19,3916461
26051,3916532,23,3916555
26052,3916563,28,3916591
26053,3916601,55,3916656
26054,3916789,113,3916902
26055,3916977,31,3917008
26056,3917179,33,3917212
26057,3917273,8,3917281
26058,3917301,61,3917362
26059,3917386,14,3917400
26060,3917467,112,3917579
26061,3917601,116,3917717
26062,3917819,19,3917838
26063,3918103,84,3918187
26064,3918242,64,3918306
26065,3918331,47,3918378
26066,3918427,109,3918536
26067,3918554,27,3918581
26068,3918718,125,3918843
26069,3918892,18,3918910
26070,3918913,52,3918965
26071,3918971,27,3918998
26072,3919101,48,3919149
26073,3919208,15,3919223
26074,3919410,23,3919433
26075,3919462,27,3919489
26076,3919514,64,3919578
26077,3919657,117,3919774
26078,3919790,29,3919819
26079,3919963,173,3920136
26080,3920376,114,3920490
26081,3920553,16,3920569
26082,3920630,19,3920649
26083,3920664,45,3920709
26084,3920802,5,3920807
26085,3920835,5,3920840
26086,3920963,6,3920969
26087,3921094,20,3921114
26088,3921132,33,3921165
26089,3921361,55,3921416
26090,3921648,50,3921698
26091,3921769,11,3921780
26092,3921842,3,3921845
26093,3921890,44,3921934
26094,3922017,31,3922048
26095,3922147,68,3922215
26096,3922292,5,3922297
26097,3922315,50,3922365
26098,3922391,14,3922405
26099,3922426,56,3922482
26100,3922697,20,3922717
26101,3922784,146,3922930
26102,3923065,7,3923072
26103,3923347,84,3923431
26104,3923808,40,3923848
26105,3924016,53,3924069
26106,3924593,14,3924607
26107,3924611,35,3924646
26108,3924657,5,3924662
26109,3924802,132,3924934
26110,3925088,3,3925091
26111,3925371,58,3925429
26112,3925463,43,3925506
26113,3925557,36,3925593
26114,3925801,37,3925838
26115,3926053,103,3926156
26116,3926229,44,3926273
26117,3926469,49,3926518
26118,3926533,10,3926543
26119,3926616,17,3926633
26120,3926909,57,3926966
26121,3927043,43,3927086
26122,3927130,15,3927145
26123,3927270,8,3927278
26124,3927310,94,3927404
26125,3927518,65,3927583
26126,3928052,44,3928096
26127,3928282,28,3928310
26128,3928313,15,3928328
26129,3928405,109,3928514
26130,3928581,204,3928785
26131,3928976,119,3929095
26132,3929191,4,3929195
26133,3929317,80,3929397
26134,3929503,5,3929508
26135,3929652,67,3929719
26136,3929800,2,3929802
26137,3929886,11,3929897
26138,3929924,54,3929978
26139,3930033,22,3930055
26140,3930157,24,3930181
26141,3930190,172,3930362
26142,3930655,142,3930797
26143,3930828,38,3930866
26144,3930980,19,3930999
26145,3931035,14,3931049
26146,3931067,30,3931097
26147,3931228,15,3931243
26148,3931321,84,3931405
26149,3931776,15,3931791
26150,3931795,94,3931889
26151,3931925,48,3931973
26152,3932071,15,3932086
26153,3932094,231,3932325
26154,3932358,88,3932446
26155,3932606,53,3932659
26156,3932768,114,3932882
26157,3932900,34,3932934
26158,3933035,180,3933215
26159,3933224,59,3933283
26160,3933375,8,3933383
26161,3933427,166,3933593
26162,3933653,16,3933669
26163,3933738,58,3933796
26164,3934072,107,3934179
26165,3934325,179,3934504
26166,3934575,6,3934581
26167,3934671,31,3934702
26168,3934781,21,3934802
26169,3934968,49,3935017
26170,3935090,4,3935094
26171,3935124,16,3935140
26172,3935602,159,3935761
26173,3935952,40,3935992
26174,3936090,61,3936151
26175,3936152,12,3936164
26176,3936536,56,3936592
26177,3936736,9,3936745
26178,3936953,23,3936976
26179,3936993,16,3937009
26180,3937018,46,3937064
26181,3937240,127,3937367
26182,3937452,11,3937463
26183,3937563,22,3937585
26184,3937627,45,3937672
26185,3937727,22,3937749
26186,3937777,58,3937835
26187,3937918,158,3938076
26188,3938085,51,3938136
26189,3938170,6,3938176
26190,3938232,6,3938238
26191,3938260,67,3938327
26192,3938439,1,3938440
26193,3938480,17,3938497
26194,3938605,4,3938609
26195,3938637,14,3938651
26196,3938734,22,3938756
26197,3938890,55,3938945
26198,3939295,60,3939355
26199,3939407,2,3939409
26200,3939760,11,3939771
26201,3939965,37,3940002
26202,3940042,16,3940058
26203,3940387,7,3940394
26204,3940397,1,3940398
26205,3940457,11,3940468
26206,3940760,40,3940800
26207,3940890,30,3940920
26208,3940966,61,3941027
26209,3941044,4,3941048
26210,3941194,24,3941218
26211,3941274,50,3941324
26212,3941420,69,3941489
26213,3941617,62,3941679
26214,3942096,2,3942098
26215,3942205,39,3942244
26216,3942264,9,3942273
26217,3942317,23,3942340
26218,3942375,71,3942446
26219,3942451,49,3942500
26220,3942574,28,3942602
26221,3942626,34,3942660
26222,3942715,40,3942755
26223,3942796,5,3942801
26224,3942891,122,3943013
26225,3943098,14,3943112
26226,3943220,120,3943340
26227,3943440,157,3943597
26228,3943662,4,3943666
26229,3943713,10,3943723
26230,3943800,101,3943901
26231,3944001,11,3944012
26232,3944051,99,3944150
26233,3944161,48,3944209
26234,3944217,1,3944218
26235,3944318,8,3944326
26236,3944344,15,3944359
26237,3944507,18,3944525
26238,3944576,252,3944828
26239,3944940,8,3944948
26240,3945065,52,3945117
26241,3945185,67,3945252
26242,3945471,10,3945481
26243,3945482,6,3945488
26244,3945524,22,3945546
26245,3945842,57,3945899
26246,3946051,82,3946133
26247,3946158,19,3946177
26248,3946303,47,3946350
26249,3946405,51,3946456
26250,3946584,72,3946656
26251,3946740,61,3946801
26252,3946902,34,3946936
26253,3947009,2,3947011
26254,3947102,37,3947139
26255,3947213,37,3947250
26256,3947295,5,3947300
26257,3947331,94,3947425
26258,3947577,8,3947585
26259,3947611,4,3947615
26260,3947667,49,3947716
26261,3947752,69,3947821
26262,3947868,38,3947906
26263,3948465,17,3948482
26264,3948605,30,3948635
26265,3948774,35,3948809
26266,3948877,5,3948882
26267,3949119,74,3949193
26268,3949201,13,3949214
26269,3949365,33,3949398
26270,3949542,36,3949578
26271,3949679,56,3949735
26272,3949752,31,3949783
26273,3949913,9,3949922
26274,3950096,9,3950105
26275,3950115,87,3950202
26276,3950414,43,3950457
26277,3950574,1,3950575
26278,3950617,24,3950641
26279,3950663,10,3950673
26280,3950798,88,3950886
26281,3950943,24,3950967
26282,3951033,56,3951089
26283,3951201,203,3951404
26284,3951731,53,3951784
26285,3951877,47,3951924
26286,3951980,18,3951998
26287,3952016,85,3952101
26288,3952244,37,3952281
26289,3952398,15,3952413
26290,3952443,16,3952459
26291,3952477,62,3952539
26292,3952627,6,3952633
26293,3952787,56,3952843
26294,3952960,87,3953047
26295,3953080,51,3953131
26296,3953221,69,3953290
26297,3953329,38,3953367
26298,3953390,10,3953400
26299,3953417,11,3953428
26300,3953462,53,3953515
26301,3953535,14,3953549
26302,3953655,44,3953699
26303,3953841,7,3953848
26304,3953969,16,3953985
26305,3953988,88,3954076
26306,3954188,25,3954213
26307,3954306,81,3954387
26308,3954539,32,3954571
26309,3954687,66,3954753
26310,3954832,44,3954876
26311,3955105,7,3955112
26312,3955278,67,3955345
26313,3955490,5,3955495
26314,3955592,2,3955594
26315,3955643,76,3955719
26316,3955747,3,3955750
26317,3955758,86,3955844
26318,3955903,43,3955946
26319,3955947,170,3956117
26320,3956179,18,3956197
26321,3956224,20,3956244
26322,3956280,82,3956362
26323,3956403,17,3956420
26324,3956517,94,3956611
26325,3956696,184,3956880
26326,3956950,41,3956991
26327,3957041,16,3957057
26328,3957058,18,3957076
26329,3957214,34,3957248
26330,3957271,68,3957339
26331,3957387,22,3957409
26332,3957483,4,3957487
26333,3957504,25,3957529
26334,3957547,41,3957588
26335,3957674,9,3957683
26336,3957721,2,3957723
26337,3957816,95,3957911
26338,3957951,97,3958048
26339,3958056,3,3958059
26340,3958064,158,3958222
26341,3958343,221,3958564
26342,3958646,85,3958731
26343,3958780,24,3958804
26344,3958839,54,3958893
26345,3959209,29,3959238
26346,3959592,77,3959669
26347,3959702,60,3959762
26348,3959837,1,3959838
26349,3959886,44,3959930
26350,3960060,3,3960063
26351,3960127,134,3960261
26352,3960361,7,3960368
26353,3960639,8,3960647
26354,3960660,19,3960679
26355,3960813,23,3960836
26356,3960913,27,3960940
26357,3960946,36,3960982
26358,3961033,128,3961161
26359,3961442,72,3961514
26360,3961525,9,3961534
26361,3961680,57,3961737
26362,3961924,42,3961966
26363,3962007,141,3962148
26364,3962212,61,3962273
26365,3962308,18,3962326
26366,3962468,65,3962533
26367,3962604,15,3962619
26368,3962706,100,3962806
26369,3963067,104,3963171
26370,3963461,23,3963484
26371,3963533,15,3963548
26372,3963558,72,3963630
26373,3963739,73,3963812
26374,3963996,3,3963999
26375,3964140,22,3964162
26376,3964335,13,3964348
26377,3964452,21,3964473
26378,3964749,30,3964779
26379,3965032,102,3965134
26380,3965152,60,3965212
26381,3965253,10,3965263
26382,3965284,11,3965295
26383,3966273,52,3966325
26384,3966335,122,3966457
26385,3966583,23,3966606
26386,3966705,104,3966809
26387,3966926,4,3966930
26388,3966988,110,3967098
26389,3967128,29,3967157
26390,3967484,4,3967488
26391,3967510,69,3967579
26392,3967713,40,3967753
26393,3967754,130,3967884
26394,3967991,255,3968246
26395,3968334,29,3968363
26396,3968386,22,3968408
26397,3968627,75,3968702
26398,3968768,137,3968905
26399,3968934,10,3968944
26400,3969006,31,3969037
26401,3969166,7,3969173
26402,3969208,19,3969227
26403,3969253,168,3969421
26404,3969506,82,3969588
26405,3969655,34,3969689
26406,3969840,57,3969897
26407,3969959,39,3969998
26408,3970007,6,3970013
26409,3970027,19,3970046
26410,3970160,60,3970220
26411,3970247,40,3970287
26412,3970302,117,3970419
26413,3970448,45,3970493
26414,3970571,1,3970572
26415,3970595,8,3970603
26416,3970808,39,3970847
26417,3970860,28,3970888
26418,3971184,20,3971204
26419,3971376,54,3971430
26420,3971776,77,3971853
26421,3971891,1,3971892
26422,3971922,1,3971923
26423,3972014,28,3972042
26424,3972129,16,3972145
26425,3972203,5,3972208
26426,3972218,5,3972223
26427,3972339,8,3972347
26428,3972393,86,3972479
26429,3972499,31,3972530
26430,3972565,60,3972625
26431,3972645,159,3972804
26432,3973282,109,3973391
26433,3973501,12,3973513
26434,3973708,32,3973740
26435,3973829,125,3973954
26436,3973973,59,3974032
26437,3974050,7,3974057
26438,3974122,21,3974143
26439,3974219,9,3974228
26440,3974519,31,3974550
26441,3974742,43,3974785
26442,3974794,81,3974875
26443,3975319,71,3975390
26444,3975485,30,3975515
26445,3975547,8,3975555
26446,3975618,43,3975661
26447,3975706,42,3975748
26448,3975783,78,3975861
26449,3975884,24,3975908
26450,3975992,17,3976009
26451,3976012,58,3976070
26452,3976115,54,3976169
26453,3976186,32,3976218
26454,3976538,80,3976618
26455,3976629,2,3976631
26456,3976741,67,3976808
26457,3976828,30,3976858
26458,3977098,88,3977186
26459,3977206,52,3977258
26460,3977354,79,3977433
26461,3977472,35,3977507
26462,3977598,25,3977623
26463,3977719,43,3977762
26464,3977804,4,3977808
26465,3977894,20,3977914
26466,3977951,23,3977974
26467,3977978,84,3978062
26468,3978237,95,3978332
26469,3978391,8,3978399
26470,3978503,3,3978506
26471,3978540,156,3978696
26472,3978933,184,3979117
26473,3979507,7,3979514
26474,3979527,68,3979595
26475,3979757,69,3979826
26476,3979875,54,3979929
26477,3980111,67,3980178
26478,3980321,29,3980350
26479,3980500,76,3980576
26480,3980609,22,3980631
26481,3980669,13,3980682
26482,3980709,44,3980753
26483,3980869,15,3980884
26484,3980945,42,3980987
26485,3981010,47,3981057
26486,3981070,39,3981109
26487,3981215,95,3981310
26488,3981313,60,3981373
26489,3981524,36,3981560
26490,3981801,177,3981978
26491,3981998,49,3982047
26492,3982062,10,3982072
26493,3982264,23,3982287
26494,3982375,69,3982444
26495,3982489,10,3982499
26496,3982670,40,3982710
26497,3982754,60,3982814
26498,3982857,33,3982890
26499,3982932,10,3982942
26500,3982947,58,3983005
26501,3983268,24,3983292
26502,3983435,21,3983456
26503,3983463,1,3983464
26504,3983580,33,3983613
26505,3983908,29,3983937
26506,3984005,117,3984122
26507,3984388,145,3984533
26508,3984603,25,3984628
26509,3984849,17,3984866
26510,3984927,11,3984938
26511,3985004,32,3985036
26512,3985098,19,3985117
26513,3985173,99,3985272
26514,3985341,65,3985406
26515,3985442,3,3985445
26516,3985456,24,3985480
26517,3985487,103,3985590
26518,3985600,144,3985744
26519,3985916,10,3985926
26520,3986197,102,3986299
26521,3986480,53,3986533
26522,3986586,75,3986661
26523,3986846,14,3986860
26524,3986861,9,3986870
26525,3986873,35,3986908
26526,3986943,21,3986964
26527,3986969,115,3987084
26528,3987203,85,3987288
26529,3987303,139,3987442
26530,3987740,21,3987761
26531,3987792,85,3987877
26532,3988030,9,3988039
26533,3988054,11,3988065
26534,3988256,83,3988339
26535,3988370,47,3988417
26536,3988501,1,3988502
26537,3988514,72,3988586
26538,3988610,35,3988645
26539,3988689,7,3988696
26540,3988841,31,3988872
26541,3988914,124,3989038
26542,3989041,71,3989112
26543,3989598,96,3989694
26544,3989731,35,3989766
26545,3989843,108,3989951
26546,3989955,47,3990002
26547,3990018,5,3990023
26548,3990058,7,3990065
26549,3990127,253,3990380
26550,3990616,3,3990619
26551,3990906,36,3990942
26552,3990999,95,3991094
26553,3991131,162,3991293
26554,3991316,95,3991411
26555,3991659,18,3991677
26556,3991869,137,3992006
26557,3992084,46,3992130
26558,3992151,144,3992295
26559,3992399,11,3992410
26560,3992618,33,3992651
26561,3992728,23,3992751
26562,3992844,7,3992851
26563,3992868,43,3992911
26564,3993026,50,3993076
26565,3993115,28,3993143
26566,3993290,87,3993377
26567,3993381,115,3993496
26568,3993523,14,3993537
26569,3993907,177,3994084
26570,3994086,57,3994143
26571,3994158,167,3994325
26572,3994518,51,3994569
26573,3994749,48,3994797
26574,3994936,50,3994986
26575,3995203,65,3995268
26576,3995694,61,3995755
26577,3996004,99,3996103
26578,3996145,162,3996307
26579,3996428,76,3996504
26580,3996619,5,3996624
26581,3996779,30,3996809
26582,3996863,66,3996929
26583,3997083,3,3997086
26584,3997284,40,3997324
26585,3997456,72,3997528
26586,3997706,9,3997715
26587,3997858,18,3997876
26588,3998015,15,3998030
26589,3998096,57,3998153
26590,3998174,20,3998194
26591,3998290,104,3998394
26592,3998434,92,3998526
26593,3998615,152,3998767
26594,3998769,11,3998780
26595,3998788,66,3998854
26596,3999035,13,3999048
26597,3999149,13,3999162
26598,3999423,185,3999608
26599,3999773,43,3999816
26600,3999874,378,4000252
26601,4000335,35,4000370
26602,4000423,109,4000532
26603,4000642,1,4000643
26604,4000647,27,4000674
26605,4000693,58,4000751
26606,4000804,23,4000827
26607,4000980,73,4001053
26608,4001193,38,4001231
26609,4001281,38,4001319
26610,4001550,47,4001597
26611,4001771,47,4001818
26612,4001841,25,4001866
26613,4002046,27,4002073
26614,4002080,7,4002087
26615,4002152,11,4002163
26616,4002313,37,4002350
26617,4002450,14,4002464
26618,4002527,4,4002531
26619,4002545,25,4002570
26620,4002578,117,4002695
26621,4002843,64,4002907
26622,4003146,6,4003152
26623,4003189,16,4003205
26624,4003245,46,4003291
26625,4003310,3,4003313
26626,4003327,101,4003428
26627,4003543,13,4003556
26628,4003617,9,4003626
26629,4003652,122,4003774
26630,4003889,81,4003970
26631,4004071,34,4004105
26632,4004154,5,4004159
26633,4004165,25,4004190
26634,4004319,12,4004331
26635,4004346,7,4004353
26636,4004385,10,4004395
26637,4004516,184,4004700
26638,4004778,19,4004797
26639,4004907,36,4004943
26640,4005126,5,4005131
26641,4005239,10,4005249
26642,4005496,3,4005499
26643,4005524,22,4005546
26644,4005587,185,4005772
26645,4005787,15,4005802
26646,4006114,58,4006172
26647,4006269,93,4006362
26648,4006501,163,4006664
26649,4006762,31,4006793
26650,4006908,53,4006961
26651,4007205,28,4007233
26652,4007318,58,4007376
26653,4007397,24,4007421
26654,4007523,86,4007609
26655,4007780,48,4007828
26656,4007921,9,4007930
26657,4007931,176,4008107
26658,4008374,79,4008453
26659,4008606,62,4008668
26660,4008674,1,4008675
26661,4008713,99,4008812
26662,4008952,253,4009205
26663,4009212,9,4009221
26664,4009303,31,4009334
26665,4009374,3,4009377
26666,4009566,51,4009617
26667,4009682,8,4009690
26668,4009768,17,4009785
26669,4009876,36,4009912
26670,4010138,34,4010172
26671,4010297,4,4010301
26672,4010501,27,4010528
26673,4010536,114,4010650
26674,4010666,116,4010782
26675,4010846,190,4011036
26676,4011083,8,4011091
26677,4011170,58,4011228
26678,4011314,20,4011334
26679,4011357,32,4011389
26680,4011477,33,4011510
26681,4011572,20,4011592
26682,4011629,13,4011642
26683,4011877,10,4011887
26684,4011941,101,4012042
26685,4012085,27,4012112
26686,4012490,30,4012520
26687,4012558,69,4012627
26688,4012636,42,4012678
26689,4012786,5,4012791
26690,4012848,36,4012884
26691,4012887,100,4012987
26692,4013183,27,4013210
26693,4013246,144,4013390
26694,4013575,26,4013601
26695,4013783,36,4013819
26696,4013930,120,4014050
26697,4014061,71,4014132
26698,4014134,32,4014166
26699,4014239,29,4014268
26700,4014537,11,4014548
26701,4014580,28,4014608
26702,4014653,8,4014661
26703,4015113,43,4015156
26704,4015166,7,4015173
26705,4015215,42,4015257
26706,4015280,18,4015298
26707,4015444,26,4015470
26708,4015513,49,4015562
26709,4015607,44,4015651
26710,4015739,20,4015759
26711,4015763,47,4015810
26712,4015815,93,4015908
26713,4015963,24,4015987
26714,4016036,17,4016053
26715,4016118,50,4016168
26716,4016378,23,4016401
26717,4016477,49,4016526
26718,4016583,58,4016641
26719,4016754,81,4016835
26720,4017084,143,4017227
26721,4017241,39,4017280
26722,4017451,123,4017574
26723,4018375,37,4018412
26724,4018546,115,4018661
26725,4018708,38,4018746
26726,4018925,16,4018941
26727,4018999,32,4019031
26728,4019072,105,4019177
26729,4019297,104,4019401
26730,4019475,57,4019532
26731,4019537,30,4019567
26732,4019661,34,4019695
26733,4019886,27,4019913
26734,4020112,53,4020165
26735,4020398,166,4020564
26736,4020819,17,4020836
26737,4020865,40,4020905
26738,4021045,90,4021135
26739,4021154,6,4021160
26740,4021174,40,4021214
26741,4021232,148,4021380
26742,4021403,86,4021489
26743,4021501,24,4021525
26744,4021529,91,4021620
26745,4021887,3,4021890
26746,4021921,4,4021925
26747,4022131,10,4022141
26748,4022251,27,4022278
26749,4022373,6,4022379
26750,4022500,51,4022551
26751,4022610,32,4022642
26752,4022697,9,4022706
26753,4022871,89,4022960
26754,4022967,37,4023004
26755,4023042,54,4023096
26756,4023117,16,4023133
26757,4023455,89,4023544
26758,4023614,92,4023706
26759,4023748,14,4023762
26760,4023831,24,4023855
26761,4023919,19,4023938
26762,4024126,58,4024184
26763,4024211,113,4024324
26764,4024622,6,4024628
26765,4024661,101,4024762
26766,4024786,24,4024810
26767,4024921,220,4025141
26768,4025252,56,4025308
26769,4025354,35,4025389
26770,4025437,20,4025457
26771,4025519,58,4025577
26772,4025641,122,4025763
26773,4025878,2,4025880
26774,4025928,24,4025952
26775,4026202,12,4026214
26776,4026404,40,4026444
26777,4026662,63,4026725
26778,4026767,4,4026771
26779,4026853,3,4026856
26780,4026858,103,4026961
26781,4027012,3,4027015
26782,4027047,119,4027166
26783,4027300,10,4027310
26784,4027354,81,4027435
26785,4027490,7,4027497
26786,4027537,13,4027550
26787,4027600,67,4027667
26788,4027700,50,4027750
26789,4027753,126,4027879
26790,4027970,28,4027998
26791,4028121,29,4028150
26792,4028485,34,4028519
26793,4028544,2,4028546
26794,4028559,36,4028595
26795,4028631,37,4028668
26796,4028841,27,4028868
26797,4028902,54,4028956
26798,4029281,17,4029298
26799,4029669,45,4029714
26800,4029721,118,4029839
26801,4029861,147,4030008
26802,4030015,25,4030040
26803,4030247,31,4030278
26804,4030564,101,4030665
26805,4030672,39,4030711
26806,4030766,159,4030925
26807,4030937,129,4031066
26808,4031341,2,4031343
26809,4031405,3,4031408
26810,4031508,7,4031515
26811,4031562,142,4031704
26812,4031914,99,4032013
26813,4032064,13,4032077
26814,4032332,2,4032334
26815,4032631,13,4032644
26816,4032661,94,4032755
26817,4032884,46,4032930
26818,4033360,8,4033368
26819,4033598,22,4033620
26820,4033688,21,4033709
26821,4033867,64,4033931
26822,4033944,3,4033947
26823,4034007,17,4034024
26824,4034036,4,4034040
26825,4034150,29,4034179
26826,4034260,4,4034264
26827,4034342,20,4034362
26828,4034594,57,4034651
26829,4034654,31,4034685
26830,4034818,228,4035046
26831,4035256,170,4035426
26832,4035443,19,4035462
26833,4035492,46,4035538
26834,4035635,240,4035875
26835,4035971,91,4036062
26836,4036095,22,4036117
26837,4036156,40,4036196
26838,4036401,35,4036436
26839,4036438,7,4036445
26840,4036519,36,4036555
26841,4036604,6,4036610
26842,4036657,51,4036708
26843,4036721,58,4036779
26844,4036929,57,4036986
26845,4036991,5,4036996
26846,4037011,24,4037035
26847,4037265,27,4037292
26848,4037310,210,4037520
26849,4037528,44,4037572
26850,4037881,8,4037889
26851,4037978,29,4038007
26852,4038096,63,4038159
26853,4038170,51,4038221
26854,4038272,33,4038305
26855,4038314,16,4038330
26856,4038471,37,4038508
26857,4038522,34,4038556
26858,4038619,3,4038622
26859,4038708,38,4038746
26860,4038966,22,4038988
26861,4039046,29,4039075
26862,4039082,133,4039215
26863,4039324,44,4039368
26864,4039387,34,4039421
26865,4039458,9,4039467
26866,4039535,16,4039551
26867,4039711,78,4039789
26868,4039805,145,4039950
26869,4040148,72,4040220
26870,4040361,19,4040380
26871,4040390,54,4040444
26872,4040470,15,4040485
26873,4040490,57,4040547
26874,4040555,118,4040673
26875,4040684,22,4040706
26876,4040815,98,4040913
26877,4041034,102,4041136
26878,4041171,1,4041172
26879,4041409,21,4041430
26880,4041776,62,4041838
26881,4041917,31,4041948
26882,4041961,37,4041998
26883,4042042,11,4042053
26884,4042057,138,4042195
26885,4042227,129,4042356
26886,4042710,43,4042753
26887,4042852,16,4042868
26888,4042961,11,4042972
26889,4043021,215,4043236
26890,4043391,3,4043394
26891,4043418,60,4043478
26892,4043721,159,4043880
26893,4044120,57,4044177
26894,4044281,27,4044308
26895,4044397,41,4044438
26896,4044506,81,4044587
26897,4044604,35,4044639
26898,4044666,57,4044723
26899,4044825,33,4044858
26900,4044903,31,4044934
26901,4045030,15,4045045
26902,4045065,157,4045222
26903,4045257,97,4045354
26904,4045362,11,4045373
26905,4045391,26,4045417
26906,4045419,22,4045441
26907,4045462,164,4045626
26908,4045662,69,4045731
26909,4045845,8,4045853
26910,4045866,29,4045895
26911,4045913,50,4045963
26912,4046018,128,4046146
26913,4046334,93,4046427
26914,4046430,18,4046448
26915,4046455,150,4046605
26916,4046672,2,4046674
26917,4046675,2,4046677
26918,4046709,30,4046739
26919,4046775,129,4046904
26920,4046915,57,4046972
26921,4047182,16,4047198
26922,4047411,113,4047524
26923,4047775,62,4047837
26924,4047930,125,4048055
26925,4048120,46,4048166
26926,4048170,117,4048287
26927,4048546,157,4048703
26928,4048786,64,4048850
26929,4048858,26,4048884
26930,4049082,3,4049085
26931,4049111,77,4049188
26932,4049320,85,4049405
26933,4049458,104,4049562
26934,4049587,53,4049640
26935,4049641,29,4049670
26936,4049731,11,4049742
26937,4049810,73,4049883
26938,4049903,51,4049954
26939,4050006,13,4050019
26940,4050026,385,4050411
26941,4050424,29,4050453
26942,4050555,111,4050666
26943,4050936,148,4051084
26944,4051093,6,4051099
26945,4051117,25,4051142
26946,4051169,36,4051205
26947,4051245,77,4051322
26948,4051455,10,4051465
26949,4051567,72,4051639
26950,4051668,9,4051677
26951,4051805,52,4051857
26952,4051917,2,4051919
26953,4051978,24,4052002
26954,4052185,58,4052243
26955,4052245,58,4052303
26956,4052495,70,4052565
26957,4052737,31,4052768
26958,4053126,48,4053174
26959,4053175,59,4053234
26960,4053449,10,4053459
26961,4053509,23,4053532
26962,4053644,99,4053743
26963,4053815,14,4053829
26964,4053830,124,4053954
26965,4053985,32,4054017
26966,4054072,5,4054077
26967,4054127,25,4054152
26968,4054284,101,4054385
26969,4054424,77,4054501
26970,4054548,2,4054550
26971,4054555,55,4054610
26972,4054795,25,4054820
26973,4054824,87,4054911
26974,4054935,8,4054943
26975,4055203,18,4055221
26976,4055335,19,4055354
26977,4055501,95,4055596
26978,4055879,42,4055921
26979,4056094,16,4056110
26980,4056225,19,4056244
26981,4056285,89,4056374
26982,4056386,5,4056391
26983,4056433,48,4056481
26984,4056549,135,4056684
26985,4056737,33,4056770
26986,4056779,60,4056839
26987,4057049,25,4057074
26988,4057079,65,4057144
26989,4057363,25,4057388
26990,4057400,52,4057452
26991,4057557,98,4057655
26992,4057675,13,4057688
26993,4057753,19,4057772
26994,4057863,99,4057962
26995,4057971,3,4057974
26996,4058117,15,4058132
26997,4058209,15,4058224
26998,4058415,11,4058426
26999,4058512,40,4058552
27000,4058658,9,4058667
27001,4058727,79,4058806
27002,4058853,39,4058892
27003,4059032,3,4059035
27004,4059050,95,4059145
27005,4059263,26,4059289
27006,4059336,50,4059386
27007,4059405,26,4059431
27008,4059497,114,4059611
27009,4059668,64,4059732
27010,4059834,1,4059835
27011,4059878,4,4059882
27012,4059985,135,4060120
27013,4060219,73,4060292
27014,4060324,15,4060339
27015,4060502,32,4060534
27016,4060624,24,4060648
27017,4060875,19,4060894
27018,4061029,26,4061055
27019,4061061,138,4061199
27020,4061267,3,4061270
27021,4061397,30,4061427
27022,4061748,97,4061845
27023,4061905,55,4061960
27024,4062003,20,4062023
27025,4062053,116,4062169
27026,4062239,3,4062242
27027,4062338,7,4062345
27028,4062436,80,4062516
27029,4062604,10,4062614
27030,4062852,23,4062875
27031,4062877,34,4062911
27032,4063133,71,4063204
27033,4063236,273,4063509
27034,4063580,100,4063680
27035,4063740,12,4063752
27036,4063814,100,4063914
27037,4064277,2,4064279
27038,4064344,42,4064386
27039,4064421,36,4064457
27040,4064504,11,4064515
27041,4064693,27,4064720
27042,4064737,98,4064835
27043,4064853,1,4064854
27044,4064939,127,4065066
27045,4065098,32,4065130
27046,4065151,18,4065169
27047,4065202,24,4065226
27048,4065254,9,4065263
27049,4065281,38,4065319
27050,4065556,9,4065565
27051,4065711,2,4065713
27052,4065721,4,4065725
27053,4065733,20,4065753
27054,4065984,37,4066021
27055,4066118,41,4066159
27056,4066181,30,4066211
27057,4066402,6,4066408
27058,4066443,102,4066545
27059,4066549,27,4066576
27060,4066636,2,4066638
27061,4066669,60,4066729
27062,4066792,39,4066831
27063,4066904,77,4066981
27064,4067053,18,4067071
27065,4067085,20,4067105
27066,4067180,36,4067216
27067,4067295,31,4067326
27068,4067544,5,4067549
27069,4067588,129,4067717
27070,4067917,6,4067923
27071,4067953,16,4067969
27072,4068223,53,4068276
27073,4068313,80,4068393
27074,4068415,29,4068444
27075,4068475,4,4068479
27076,4068563,118,4068681
27077,4068704,10,4068714
27078,4068717,97,4068814
27079,4068845,166,4069011
27080,4069251,37,4069288
27081,4069308,20,4069328
27082,4069523,98,4069621
27083,4069649,95,4069744
27084,4069764,8,4069772
27085,4069799,59,4069858
27086,4069928,33,4069961
27087,4070067,9,4070076
27088,4070089,55,4070144
27089,4070151,32,4070183
27090,4070247,11,4070258
27091,4070271,19,4070290
27092,4070666,94,4070760
27093,4070771,7,4070778
27094,4070796,101,4070897
27095,4070992,59,4071051
27096,4071128,10,4071138
27097,4071184,37,4071221
27098,4071282,1,4071283
27099,4071419,152,4071571
27100,4071643,36,4071679
27101,4071962,1,4071963
27102,4072004,10,4072014
27103,4072089,72,4072161
27104,4072166,9,4072175
27105,4072261,67,4072328
27106,4072387,8,4072395
27107,4072432,72,4072504
27108,4072823,13,4072836
27109,4072848,25,4072873
27110,4072878,35,4072913
27111,4073045,118,4073163
27112,4073200,20,4073220
27113,4073236,44,4073280
27114,4073498,81,4073579
27115,4073625,65,4073690
27116,4073839,9,4073848
27117,4073877,111,4073988
27118,4073999,6,4074005
27119,4074107,39,4074146
27120,4074261,138,4074399
27121,4074408,10,4074418
27122,4074751,11,4074762
27123,4074861,8,4074869
27124,4074918,42,4074960
27125,4074984,6,4074990
27126,4074993,9,4075002
27127,4075100,35,4075135
27128,4075556,2,4075558
27129,4075635,12,4075647
27130,4075800,16,4075816
27131,4075912,103,4076015
27132,4076094,12,4076106
27133,4076151,90,4076241
27134,4076444,29,4076473
27135,4076573,11,4076584
27136,4076627,38,4076665
27137,4076678,68,4076746
27138,4076830,23,4076853
27139,4076956,3,4076959
27140,4077598,65,4077663
27141,4077684,135,4077819
27142,4077890,14,4077904
27143,4077953,151,4078104
27144,4078169,8,4078177
27145,4078179,66,4078245
27146,4078331,20,4078351
27147,4078495,24,4078519
27148,4078572,83,4078655
27149,4078782,40,4078822
27150,4078829,15,4078844
27151,4078879,132,4079011
27152,4079166,53,4079219
27153,4079347,54,4079401
27154,4079471,80,4079551
27155,4079687,13,4079700
27156,4080041,6,4080047
27157,4080132,14,4080146
27158,4080184,9,4080193
27159,4080537,102,4080639
27160,4080787,12,4080799
27161,4080812,97,4080909
27162,4080910,52,4080962
27163,4080966,3,4080969
27164,4081003,31,4081034
27165,4081043,21,4081064
27166,4081080,2,4081082
27167,4081092,75,4081167
27168,4081264,75,4081339
27169,4081490,5,4081495
27170,4081772,39,4081811
27171,4081814,224,4082038
27172,4082039,21,4082060
27173,4082419,81,4082500
27174,4082529,159,4082688
27175,4082824,27,4082851
27176,4082997,5,4083002
27177,4083322,5,4083327
27178,4083541,11,4083552
27179,4083618,60,4083678
27180,4083764,2,4083766
27181,4083837,6,4083843
27182,4083860,5,4083865
27183,4083881,9,4083890
27184,4083907,10,4083917
27185,4084259,23,4084282
27186,4084293,80,4084373
27187,4084745,11,4084756
27188,4084807,1,4084808
27189,4084902,162,4085064
27190,4085118,49,4085167
27191,4085383,85,4085468
27192,4085493,11,4085504
27193,4085759,54,4085813
27194,4085818,6,4085824
27195,4085910,76,4085986
27196,4086095,14,4086109
27197,4086215,1,4086216
27198,4086515,25,4086540
27199,4086922,1,4086923
27200,4087083,39,4087122
27201,4087134,37,4087171
27202,4087235,45,4087280
27203,4087307,16,4087323
27204,4087480,3,4087483
27205,4087496,124,4087620
27206,4087674,17,4087691
27207,4087792,2,4087794
27208,4087806,55,4087861
27209,4087863,117,4087980
27210,4088011,50,4088061
27211,4088142,47,4088189
27212,4088247,84,4088331
27213,4088498,2,4088500
27214,4088521,42,4088563
27215,4088658,43,4088701
27216,4088840,57,4088897
27217,4088915,20,4088935
27218,4089427,121,4089548
27219,4089706,37,4089743
27220,4089887,31,4089918
27221,4089948,7,4089955
27222,4090077,3,4090080
27223,4090118,33,4090151
27224,4090152,127,4090279
27225,4090280,187,4090467
27226,4090632,37,4090669
27227,4090687,121,4090808
27228,4090824,68,4090892
27229,4090906,18,4090924
27230,4090948,58,4091006
27231,4091093,4,4091097
27232,4091183,35,4091218
27233,4091239,63,4091302
27234,4091399,18,4091417
27235,4091424,49,4091473
27236,4091506,100,4091606
27237,4091616,60,4091676
27238,4091725,114,4091839
27239,4091858,13,4091871
27240,4091872,11,4091883
27241,4091920,60,4091980
27242,4092093,17,4092110
27243,4092123,14,4092137
27244,4092188,14,4092202
27245,4092261,38,4092299
27246,4092387,25,4092412
27247,4092603,10,4092613
27248,4092752,54,4092806
27249,4093081,54,4093135
27250,4093325,13,4093338
27251,4093376,40,4093416
27252,4093489,64,4093553
27253,4093736,143,4093879
27254,4093903,34,4093937
27255,4094155,25,4094180
27256,4094225,102,4094327
27257,4094448,55,4094503
27258,4094818,153,4094971
27259,4094983,11,4094994
27260,4095097,24,4095121
27261,4095142,33,4095175
27262,4095178,95,4095273
27263,4095398,19,4095417
27264,4095518,36,4095554
27265,4095668,4,4095672
27266,4095674,20,4095694
27267,4095821,85,4095906
27268,4096055,29,4096084
27269,4096120,29,4096149
27270,4096231,185,4096416
27271,4096908,143,4097051
27272,4097064,232,4097296
27273,4097525,20,4097545
27274,4097547,15,4097562
27275,4097691,41,4097732
27276,4097809,32,4097841
27277,4097861,31,4097892
27278,4098134,22,4098156
27279,4098286,9,4098295
27280,4098412,46,4098458
27281,4098719,25,4098744
27282,4098753,31,4098784
27283,4098937,26,4098963
27284,4099110,46,4099156
27285,4099208,28,4099236
27286,4099339,222,4099561
27287,4099641,15,4099656
27288,4099679,20,4099699
27289,4099839,89,4099928
27290,4100002,95,4100097
27291,4100137,54,4100191
27292,4100254,85,4100339
27293,4100393,14,4100407
27294,4100474,67,4100541
27295,4100598,171,4100769
27296,4100802,1,4100803
27297,4100831,40,4100871
27298,4100882,35,4100917
27299,4100970,12,4100982
27300,4101168,6,4101174
27301,4101439,39,4101478
27302,4101516,2,4101518
27303,4101574,7,4101581
27304,4101596,97,4101693
27305,4101799,46,4101845
27306,4101879,74,4101953
27307,4102192,75,4102267
27308,4102280,24,4102304
27309,4102361,44,4102405
27310,4102618,1,4102619
27311,4102631,209,4102840
27312,4103078,24,4103102
27313,4103135,54,4103189
27314,4103205,2,4103207
27315,4103234,16,4103250
27316,4103322,74,4103396
27317,4103416,25,4103441
27318,4103554,17,4103571
27319,4103596,3,4103599
27320,4103606,85,4103691
27321,4103811,22,4103833
27322,4103960,11,4103971
27323,4104038,36,4104074
27324,4104115,50,4104165
27325,4104197,2,4104199
27326,4104274,88,4104362
27327,4104428,23,4104451
27328,4104523,112,4104635
27329,4104670,52,4104722
27330,4104755,22,4104777
27331,4104874,80,4104954
27332,4105094,18,4105112
27333,4105197,69,4105266
27334,4105277,105,4105382
27335,4105450,15,4105465
27336,4105568,22,4105590
27337,4105700,25,4105725
27338,4105766,54,4105820
27339,4105879,24,4105903
27340,4105958,40,4105998
27341,4106266,63,4106329
27342,4106363,8,4106371
27343,4106444,17,4106461
27344,4106466,42,4106508
27345,4106553,20,4106573
27346,4106628,44,4106672
27347,4106797,38,4106835
27348,4106846,10,4106856
27349,4107263,56,4107319
27350,4107354,85,4107439
27351,4107491,37,4107528
27352,4107571,11,4107582
27353,4107674,3,4107677
27354,4107718,76,4107794
27355,4107853,172,4108025
27356,4108058,3,4108061
27357,4108082,74,4108156
27358,4108299,90,4108389
27359,4108522,20,4108542
27360,4108623,17,4108640
27361,4108641,3,4108644
27362,4108655,134,4108789
27363,4108790,94,4108884
27364,4108893,10,4108903
27365,4108970,32,4109002
27366,4109053,3,4109056
27367,4109090,2,4109092
27368,4109137,33,4109170
27369,4109202,46,4109248
27370,4109270,37,4109307
27371,4109496,119,4109615
27372,4109616,3,4109619
27373,4109653,20,4109673
27374,4110011,108,4110119
27375,4110192,41,4110233
27376,4110262,38,4110300
27377,4110322,3,4110325
27378,4110335,23,4110358
27379,4110421,37,4110458
27380,4110498,14,4110512
27381,4110520,94,4110614
27382,4110829,61,4110890
27383,4111069,17,4111086
27384,4111182,160,4111342
27385,4111396,12,4111408
27386,4111536,10,4111546
27387,4111571,121,4111692
27388,4111697,67,4111764
27389,4111877,19,4111896
27390,4111927,32,4111959
27391,4112093,96,4112189
27392,4112337,5,4112342
27393,4112348,12,4112360
27394,4112400,64,4112464
27395,4112476,27,4112503
27396,4112602,2,4112604
27397,4112681,85,4112766
27398,4113228,30,4113258
27399,4113299,8,4113307
27400,4113576,51,4113627
27401,4113664,103,4113767
27402,4113796,40,4113836
27403,4113983,52,4114035
27404,4114145,18,4114163
27405,4114419,165,4114584
27406,4114733,12,4114745
27407,4114775,64,4114839
27408,4114918,47,4114965
27409,4115160,5,4115165
27410,4115264,8,4115272
27411,4115314,46,4115360
27412,4115528,68,4115596
27413,4115746,10,4115756
27414,4115894,13,4115907
27415,4115999,15,4116014
27416,4116177,60,4116237
27417,4116300,58,4116358
27418,4116512,36,4116548
27419,4116565,6,4116571
27420,4116782,15,4116797
27421,4116977,70,4117047
27422,4117148,17,4117165
27423,4117569,32,4117601
27424,4117630,52,4117682
27425,4117966,8,4117974
27426,4117983,16,4117999
27427,4118037,26,4118063
27428,4118481,248,4118729
27429,4118891,6,4118897
27430,4119015,28,4119043
27431,4119213,55,4119268
27432,4119269,14,4119283
27433,4119370,25,4119395
27434,4119734,10,4119744
27435,4119813,14,4119827
27436,4119979,1,4119980
27437,4119987,21,4120008
27438,4120147,28,4120175
27439,4120219,42,4120261
27440,4120295,84,4120379
27441,4120470,74,4120544
27442,4120547,71,4120618
27443,4120678,63,4120741
27444,4120904,4,4120908
27445,4120976,68,4121044
27446,4121309,34,4121343
27447,4121456,44,4121500
27448,4121571,108,4121679
27449,4121785,21,4121806
27450,4121824,59,4121883
27451,4121976,12,4121988
27452,4122209,200,4122409
27453,4122470,6,4122476
27454,4122477,64,4122541
27455,4122657,6,4122663
27456,4122775,56,4122831
27457,4122943,21,4122964
27458,4122984,6,4122990
27459,4123021,222,4123243
27460,4123325,1,4123326
27461,4123367,153,4123520
27462,4123571,14,4123585
27463,4123684,72,4123756
27464,4123810,126,4123936
27465,4124081,13,4124094
27466,4124164,6,4124170
27467,4124195,66,4124261
27468,4124452,12,4124464
27469,4124683,8,4124691
27470,4124738,28,4124766
27471,4124816,106,4124922
27472,4125323,71,4125394
27473,4125774,53,4125827
27474,4125898,41,4125939
27475,4125948,2,4125950
27476,4126128,33,4126161
27477,4126162,34,4126196
27478,4126356,35,4126391
27479,4126740,85,4126825
27480,4127132,3,4127135
27481,4127177,47,4127224
27482,4127482,26,4127508
27483,4127661,4,4127665
27484,4127722,120,4127842
27485,4127849,53,4127902
27486,4127933,7,4127940
27487,4127943,25,4127968
27488,4128045,36,4128081
27489,4128089,22,4128111
27490,4128160,19,4128179
27491,4128183,10,4128193
27492,4128224,37,4128261
27493,4128287,3,4128290
27494,4128314,19,4128333
27495,4128647,69,4128716
27496,4128735,104,4128839
27497,4129117,21,4129138
27498,4129180,33,4129213
27499,4129335,14,4129349
27500,4129371,72,4129443
27501,4129477,73,4129550
27502,4129744,5,4129749
27503,4129786,23,4129809
27504,4130012,6,4130018
27505,4130129,1,4130130
27506,4130457,45,4130502
27507,4130596,1,4130597
27508,4130607,358,4130965
27509,4131176,4,4131180
27510,4131186,4,4131190
27511,4131225,16,4131241
27512,4131320,12,4131332
27513,4131347,74,4131421
27514,4131544,10,4131554
27515,4131566,39,4131605
27516,4131618,21,4131639
27517,4131704,17,4131721
27518,4131792,21,4131813
27519,4131851,84,4131935
27520,4131942,50,4131992
27521,4132093,37,4132130
27522,4132273,37,4132310
27523,4132407,15,4132422
27524,4132443,44,4132487
27525,4132512,10,4132522
27526,4132642,37,4132679
27527,4132807,4,4132811
27528,4132841,109,4132950
27529,4133050,78,4133128
27530,4133294,6,4133300
27531,4133568,8,4133576
27532,4133622,2,4133624
27533,4133642,26,4133668
27534,4133751,17,4133768
27535,4133828,38,4133866
27536,4133920,27,4133947
27537,4133986,32,4134018
27538,4134150,2,4134152
27539,4134196,65,4134261
27540,4134322,74,4134396
27541,4134470,7,4134477
27542,4134733,45,4134778
27543,4134861,27,4134888
27544,4134966,8,4134974
27545,4135001,99,4135100
27546,4135173,138,4135311
27547,4135323,196,4135519
27548,4135701,59,4135760
27549,4135774,25,4135799
27550,4135828,33,4135861
27551,4135889,8,4135897
27552,4135917,12,4135929
27553,4135942,3,4135945
27554,4135961,4,4135965
27555,4135969,210,4136179
27556,4136294,56,4136350
27557,4136465,28,4136493
27558,4136560,12,4136572
27559,4136666,148,4136814
27560,4136869,57,4136926
27561,4137105,7,4137112
27562,4137199,86,4137285
27563,4137316,106,4137422
27564,4137472,4,4137476
27565,4137515,25,4137540
27566,4137605,21,4137626
27567,4137702,70,4137772
27568,4137789,23,4137812
27569,4137873,29,4137902
27570,4138323,24,4138347
27571,4138380,72,4138452
27572,4138489,23,4138512
27573,4138577,59,4138636
27574,4138652,3,4138655
27575,4138713,48,4138761
27576,4138789,13,4138802
27577,4138861,27,4138888
27578,4139111,45,4139156
27579,4139452,23,4139475
27580,4139528,29,4139557
27581,4139561,13,4139574
27582,4139583,30,4139613
27583,4139614,14,4139628
27584,4139629,30,4139659
27585,4139702,127,4139829
27586,4139849,34,4139883
27587,4140075,55,4140130
27588,4140139,25,4140164
27589,4140290,56,4140346
27590,4140518,52,4140570
27591,4140652,1,4140653
27592,4140721,11,4140732
27593,4140752,36,4140788
27594,4140887,15,4140902
27595,4140913,7,4140920
27596,4141041,5,4141046
27597,4141121,140,4141261
27598,4141353,12,4141365
27599,4141455,14,4141469
27600,4141582,14,4141596
27601,4141641,32,4141673
27602,4141934,22,4141956
27603,4141969,8,4141977
27604,4142025,6,4142031
27605,4142128,24,4142152
27606,4142156,65,4142221
27607,4142251,4,4142255
27608,4142261,40,4142301
27609,4142403,59,4142462
27610,4142477,40,4142517
27611,4142672,28,4142700
27612,4142776,58,4142834
27613,4142968,237,4143205
27614,4143210,71,4143281
27615,4143496,95,4143591
27616,4143608,84,4143692
27617,4143775,3,4143778
27618,4143800,39,4143839
27619,4143861,22,4143883
27620,4143890,3,4143893
27621,4144100,70,4144170
27622,4144324,39,4144363
27623,4144404,2,4144406
27624,4144454,87,4144541
27625,4144550,37,4144587
27626,4144595,4,4144599
27627,4144662,33,4144695
27628,4144706,51,4144757
27629,4144819,22,4144841
27630,4144862,48,4144910
27631,4144922,55,4144977
27632,4145372,24,4145396
27633,4145459,1,4145460
27634,4145475,138,4145613
27635,4145620,93,4145713
27636,4145840,10,4145850
27637,4145948,149,4146097
27638,4146489,21,4146510
27639,4146579,24,4146603
27640,4146768,105,4146873
27641,4146933,60,4146993
27642,4147079,160,4147239
27643,4147284,85,4147369
27644,4147610,32,4147642
27645,4147669,23,4147692
27646,4147699,6,4147705
27647,4147783,1,4147784
27648,4147831,8,4147839
27649,4147922,14,4147936
27650,4148100,64,4148164
27651,4148183,15,4148198
27652,4148417,129,4148546
27653,4148611,28,4148639
27654,4148729,13,4148742
27655,4149120,73,4149193
27656,4149320,95,4149415
27657,4149435,7,4149442
27658,4149504,73,4149577
27659,4149579,88,4149667
27660,4149694,28,4149722
27661,4149816,9,4149825
27662,4149884,72,4149956
27663,4150025,4,4150029
27664,4150389,27,4150416
27665,4150449,32,4150481
27666,4150623,30,4150653
27667,4150670,12,4150682
27668,4150786,37,4150823
27669,4150967,4,4150971
27670,4150976,76,4151052
27671,4151090,83,4151173
27672,4151182,14,4151196
27673,4151218,135,4151353
27674,4151545,53,4151598
27675,4151786,49,4151835
27676,4151907,3,4151910
27677,4152031,160,4152191
27678,4152266,33,4152299
27679,4152310,11,4152321
27680,4152375,11,4152386
27681,4152404,25,4152429
27682,4152436,65,4152501
27683,4152517,49,4152566
27684,4152675,40,4152715
27685,4152787,24,4152811
27686,4152868,7,4152875
27687,4153062,63,4153125
27688,4153232,9,4153241
27689,4153295,18,4153313
27690,4153340,46,4153386
27691,4153528,12,4153540
27692,4153934,3,4153937
27693,4153943,15,4153958
27694,4153960,50,4154010
27695,4154063,48,4154111
27696,4154206,91,4154297
27697,4154445,18,4154463
27698,4154470,55,4154525
27699,4154559,32,4154591
27700,4154944,49,4154993
27701,4155168,116,4155284
27702,4155378,1,4155379
27703,4155411,90,4155501
27704,4155520,23,4155543
27705,4155631,70,4155701
27706,4155719,39,4155758
27707,4156011,227,4156238
27708,4156329,5,4156334
27709,4156496,114,4156610
27710,4156628,6,4156634
27711,4156780,12,4156792
27712,4156799,6,4156805
27713,4156882,199,4157081
27714,4157315,42,4157357
27715,4157600,12,4157612
27716,4157713,18,4157731
27717,4157933,103,4158036
27718,4158051,12,4158063
27719,4158186,48,4158234
27720,4158266,55,4158321
27721,4158331,90,4158421
27722,4158499,88,4158587
27723,4158619,14,4158633
27724,4158793,22,4158815
27725,4158851,25,4158876
27726,4158911,142,4159053
27727,4159272,59,4159331
27728,4159482,103,4159585
27729,4159597,26,4159623
27730,4160050,54,4160104
27731,4160255,60,4160315
27732,4160345,28,4160373
27733,4160411,19,4160430
27734,4160576,41,4160617
27735,4160671,4,4160675
27736,4160733,31,4160764
27737,4160805,35,4160840
27738,4161179,242,4161421
27739,4161688,132,4161820
27740,4161845,14,4161859
27741,4161868,39,4161907
27742,4161944,5,4161949
27743,4162225,20,4162245
27744,4162307,20,4162327
27745,4162480,22,4162502
27746,4162514,16,4162530
27747,4162577,34,4162611
27748,4162712,40,4162752
27749,4162761,8,4162769
27750,4163286,67,4163353
27751,4163560,141,4163701
27752,4163784,3,4163787
27753,4164068,29,4164097
27754,4164214,35,4164249
27755,4164312,95,4164407
27756,4164427,100,4164527
27757,4164538,151,4164689
27758,4164866,16,4164882
27759,4165051,29,4165080
27760,4165422,3,4165425
27761,4165831,130,4165961
27762,4166169,168,4166337
27763,4166400,50,4166450
27764,4166459,106,4166565
27765,4166638,56,4166694
27766,4166697,12,4166709
27767,4166813,82,4166895
27768,4166949,13,4166962
27769,4167419,42,4167461
27770,4167485,12,4167497
27771,4167556,290,4167846
27772,4167932,4,4167936
27773,4167966,38,4168004
27774,4168114,123,4168237
27775,4168254,235,4168489
27776,4168753,41,4168794
27777,4168815,60,4168875
27778,4168995,73,4169068
27779,4169452,49,4169501
27780,4169863,9,4169872
27781,4169913,7,4169920
27782,4170131,1,4170132
27783,4170260,36,4170296
27784,4170302,11,4170313
27785,4170371,47,4170418
27786,4170495,4,4170499
27787,4170674,14,4170688
27788,4170747,68,4170815
27789,4170937,5,4170942
27790,4171018,37,4171055
27791,4171074,69,4171143
27792,4171158,7,4171165
27793,4171340,24,4171364
27794,4171444,99,4171543
27795,4171795,51,4171846
27796,4171959,12,4171971
27797,4171997,17,4172014
27798,4172131,23,4172154
27799,4172239,13,4172252
27800,4172280,196,4172476
27801,4172516,2,4172518
27802,4172657,31,4172688
27803,4172757,35,4172792
27804,4172855,87,4172942
27805,4172996,9,4173005
27806,4173258,31,4173289
27807,4173495,4,4173499
27808,4173516,77,4173593
27809,4173617,147,4173764
27810,4173810,31,4173841
27811,4173959,80,4174039
27812,4174105,48,4174153
27813,4174202,79,4174281
27814,4174329,147,4174476
27815,4174615,32,4174647
27816,4174771,162,4174933
27817,4175059,18,4175077
27818,4175191,32,4175223
27819,4175301,79,4175380
27820,4175472,187,4175659
27821,4175679,9,4175688
27822,4175725,15,4175740
27823,4175784,52,4175836
27824,4176020,231,4176251
27825,4176299,18,4176317
27826,4176600,15,4176615
27827,4176631,126,4176757
27828,4176884,30,4176914
27829,4176943,4,4176947
27830,4176962,42,4177004
27831,4177095,188,4177283
27832,4177485,22,4177507
27833,4177889,64,4177953
27834,4178008,42,4178050
27835,4178107,22,4178129
27836,4178712,22,4178734
27837,4178795,22,4178817
27838,4179324,59,4179383
27839,4179480,12,4179492
27840,4179548,20,4179568
27841,4179574,106,4179680
27842,4179799,47,4179846
27843,4179869,105,4179974
27844,4180031,21,4180052
27845,4180202,81,4180283
27846,4180453,40,4180493
27847,4180596,34,4180630
27848,4180643,5,4180648
27849,4180761,27,4180788
27850,4180794,23,4180817
27851,4180962,1,4180963
27852,4181158,29,4181187
27853,4181269,15,4181284
27854,4181383,59,4181442
27855,4181527,80,4181607
27856,4181823,19,4181842
27857,4181868,39,4181907
27858,4181924,10,4181934
27859,4181940,17,4181957
27860,4181981,48,4182029
27861,4182327,30,4182357
27862,4182447,20,4182467
27863,4182992,39,4183031
27864,4183171,60,4183231
27865,4183271,25,4183296
27866,4183418,48,4183466
27867,4183726,8,4183734
27868,4183857,35,4183892
27869,4183920,27,4183947
27870,4184256,16,4184272
27871,4184310,20,4184330
27872,4184331,2,4184333
27873,4184418,41,4184459
27874,4184500,19,4184519
27875,4184646,169,4184815
27876,4185032,51,4185083
27877,4185288,48,4185336
27878,4185404,57,4185461
27879,4185477,2,4185479
27880,4185494,60,4185554
27881,4185608,53,4185661
27882,4185717,96,4185813
27883,4185855,7,4185862
27884,4185897,23,4185920
27885,4186322,4,4186326
27886,4186392,122,4186514
27887,4186646,2,4186648
27888,4186760,13,4186773
27889,4186854,27,4186881
27890,4187001,121,4187122
27891,4187222,63,4187285
27892,4187548,5,4187553
27893,4187700,30,4187730
27894,4187866,20,4187886
27895,4187901,53,4187954
27896,4187965,43,4188008
27897,4188123,63,4188186
27898,4188216,109,4188325
27899,4188470,190,4188660
27900,4188667,35,4188702
27901,4188723,14,4188737
27902,4188798,43,4188841
27903,4188879,72,4188951
27904,4189058,3,4189061
27905,4189074,6,4189080
27906,4189124,9,4189133
27907,4189145,2,4189147
27908,4189181,39,4189220
27909,4189259,16,4189275
27910,4189450,1,4189451
27911,4189535,144,4189679
27912,4189718,16,4189734
27913,4189742,68,4189810
27914,4189964,15,4189979
27915,4190076,77,4190153
27916,4190177,49,4190226
27917,4190364,97,4190461
27918,4190991,45,4191036
27919,4191042,10,4191052
27920,4191175,37,4191212
27921,4191335,108,4191443
27922,4191477,86,4191563
27923,4191569,43,4191612
27924,4191699,45,4191744
27925,4191792,2,4191794
27926,4191820,396,4192216
27927,4192529,7,4192536
27928,4192566,31,4192597
27929,4192608,23,4192631
27930,4192740,27,4192767
27931,4192910,33,4192943
27932,4193114,91,4193205
27933,4193233,11,4193244
27934,4193429,3,4193432
27935,4193679,55,4193734
27936,4194187,88,4194275
27937,4194462,52,4194514
27938,4194558,14,4194572
27939,4194593,41,4194634
27940,4194784,46,4194830
27941,4194930,8,4194938
27942,4194946,28,4194974
27943,4194986,160,4195146
27944,4195227,7,4195234
27945,4195302,8,4195310
27946,4195388,30,4195418
27947,4195595,62,4195657
27948,4195662,17,4195679
27949,4195843,201,4196044
27950,4196267,14,4196281
27951,4196345,35,4196380
27952,4196381,18,4196399
27953,4196479,31,4196510
27954,4196828,67,4196895
27955,4196911,41,4196952
27956,4196961,35,4196996
27957,4197066,123,4197189
27958,4197314,114,4197428
27959,4197498,4,4197502
27960,4197514,50,4197564
27961,4197584,29,4197613
27962,4197657,30,4197687
27963,4197717,36,4197753
27964,4197955,295,4198250
27965,4198298,53,4198351
27966,4198396,5,4198401
27967,4198407,106,4198513
27968,4198642,24,4198666
27969,4198729,2,4198731
27970,4198805,20,4198825
27971,4198910,6,4198916
27972,4198958,28,4198986
27973,4199008,116,4199124
27974,4199293,33,4199326
27975,4199364,35,4199399
27976,4199495,49,4199544
27977,4199574,4,4199578
27978,4199648,46,4199694
27979,4199700,14,4199714
27980,4199768,18,4199786
27981,4199805,5,4199810
27982,4199844,4,4199848
27983,4200076,10,4200086
27984,4200251,87,4200338
27985,4200392,102,4200494
27986,4200639,43,4200682
27987,4200812,10,4200822
27988,4200830,75,4200905
27989,4200916,100,4201016
27990,4201064,56,4201120
27991,4201229,112,4201341
27992,4201461,43,4201504
27993,4201593,63,4201656
27994,4201724,21,4201745
27995,4201760,10,4201770
27996,4201783,5,4201788
27997,4201944,135,4202079
27998,4202087,25,4202112
27999,4202129,26,4202155
28000,4202340,7,4202347
28001,4202540,2,4202542
28002,4202583,24,4202607
28003,4202617,190,4202807
28004,4202967,3,4202970
28005,4203032,23,4203055
28006,4203072,109,4203181
28007,4203256,131,4203387
28008,4203528,32,4203560
28009,4203676,56,4203732
28010,4203903,123,4204026
28011,4204377,26,4204403
28012,4204429,34,4204463
28013,4204528,82,4204610
28014,4204645,11,4204656
28015,4204698,78,4204776
28016,4204808,9,4204817
28017,4204830,40,4204870
28018,4205065,6,4205071
28019,4205155,242,4205397
28020,4205451,15,4205466
28021,4205534,16,4205550
28022,4205593,21,4205614
28023,4205688,300,4205988
28024,4206089,17,4206106
28025,4206119,50,4206169
28026,4206200,10,4206210
28027,4206320,23,4206343
28028,4206418,140,4206558
28029,4206611,81,4206692
28030,4206705,35,4206740
28031,4206745,31,4206776
28032,4207007,44,4207051
28033,4207272,31,4207303
28034,4207348,98,4207446
28035,4207533,32,4207565
28036,4207786,82,4207868
28037,4208054,31,4208085
28038,4208140,96,4208236
28039,4208487,22,4208509
28040,4208613,30,4208643
28041,4208730,99,4208829
28042,4209143,118,4209261
28043,4209428,8,4209436
28044,4209726,56,4209782
28045,4209846,38,4209884
28046,4209901,8,4209909
28047,4209979,12,4209991
28048,4210049,38,4210087
28049,4210202,44,4210246
28050,4210328,19,4210347
28051,4210440,42,4210482
28052,4210549,126,4210675
28053,4210686,68,4210754
28054,4210806,47,4210853
28055,4210968,110,4211078
28056,4211231,55,4211286
28057,4211328,73,4211401
28058,4211623,45,4211668
28059,4211772,20,4211792
28060,4211835,48,4211883
28061,4211969,73,4212042
28062,4212131,4,4212135
28063,4212336,18,4212354
28064,4212374,34,4212408
28065,4212426,74,4212500
28066,4212636,25,4212661
28067,4212740,32,4212772
28068,4212795,2,4212797
28069,4212849,32,4212881
28070,4212898,58,4212956
28071,4213072,1,4213073
28072,4213106,13,4213119
28073,4213205,30,4213235
28074,4213267,18,4213285
28075,4213418,8,4213426
28076,4213901,43,4213944
28077,4213958,67,4214025
28078,4214253,15,4214268
28079,4214335,99,4214434
28080,4214701,11,4214712
28081,4214718,91,4214809
28082,4214858,26,4214884
28083,4215192,2,4215194
28084,4215214,36,4215250
28085,4215289,26,4215315
28086,4215506,44,4215550
28087,4215553,81,4215634
28088,4215662,30,4215692
28089,4215700,62,4215762
28090,4215975,8,4215983
28091,4215986,72,4216058
28092,4216120,57,4216177
28093,4216316,112,4216428
28094,4216517,43,4216560
28095,4216580,38,4216618
28096,4216630,86,4216716
28097,4216911,2,4216913
28098,4217089,44,4217133
28099,4217134,41,4217175
28100,4217228,3,4217231
28101,4217243,17,4217260
28102,4217280,44,4217324
28103,4217389,91,4217480
28104,4217494,18,4217512
28105,4217607,43,4217650
28106,4217687,161,4217848
28107,4218018,30,4218048
28108,4218078,126,4218204
28109,4218205,64,4218269
28110,4218341,45,4218386
28111,4218399,12,4218411
28112,4218417,26,4218443
28113,4219028,5,4219033
28114,4219073,41,4219114
28115,4219527,3,4219530
28116,4219739,36,4219775
28117,4219796,11,4219807
28118,4219814,13,4219827
28119,4219928,54,4219982
28120,4219998,73,4220071
28121,4220108,52,4220160
28122,4220200,45,4220245
28123,4220269,28,4220297
28124,4220300,24,4220324
28125,4220472,13,4220485
28126,4220636,25,4220661
28127,4220686,130,4220816
28128,4220824,297,4221121
28129,4221122,21,4221143
28130,4221183,24,4221207
28131,4221264,63,4221327
28132,4221434,39,4221473
28133,4221507,102,4221609
28134,4221714,24,4221738
28135,4221765,47,4221812
28136,4221846,14,4221860
28137,4222224,27,4222251
28138,4222293,38,4222331
28139,4222600,21,4222621
28140,4222705,58,4222763
28141,4222774,9,4222783
28142,4222838,32,4222870
28143,4222901,7,4222908
28144,4223019,32,4223051
28145,4223164,24,4223188
28146,4223274,45,4223319
28147,4223345,5,4223350
28148,4223519,112,4223631
28149,4223784,19,4223803
28150,4223880,43,4223923
28151,4224074,35,4224109
28152,4224199,51,4224250
28153,4224572,35,4224607
28154,4224685,54,4224739
28155,4224742,18,4224760
28156,4224765,41,4224806
28157,4224971,32,4225003
28158,4225124,47,4225171
28159,4225274,5,4225279
28160,4225643,38,4225681
28161,4225686,130,4225816
28162,4225917,9,4225926
28163,4226182,52,4226234
28164,4226239,30,4226269
28165,4226446,15,4226461
28166,4226609,100,4226709
28167,4226793,12,4226805
28168,4226852,8,4226860
28169,4226867,54,4226921
28170,4226942,43,4226985
28171,4227124,14,4227138
28172,4227330,27,4227357
28173,4227383,15,4227398
28174,4227452,118,4227570
28175,4227576,81,4227657
28176,4227658,83,4227741
28177,4227886,7,4227893
28178,4228128,138,4228266
28179,4228341,25,4228366
28180,4228498,8,4228506
28181,4228622,74,4228696
28182,4228718,137,4228855
28183,4228873,28,4228901
28184,4229170,51,4229221
28185,4229433,39,4229472
28186,4229575,79,4229654
28187,4229769,21,4229790
28188,4229823,20,4229843
28189,4229964,45,4230009
28190,4230138,27,4230165
28191,4230166,40,4230206
28192,4230268,196,4230464
28193,4230496,101,4230597
28194,4230758,14,4230772
28195,4230803,4,4230807
28196,4230812,73,4230885
28197,4230981,7,4230988
28198,4231101,22,4231123
28199,4231194,4,4231198
28200,4231281,66,4231347
28201,4231385,65,4231450
28202,4231512,6,4231518
28203,4231697,196,4231893
28204,4232048,93,4232141
28205,4232210,52,4232262
28206,4232301,44,4232345
28207,4232514,56,4232570
28208,4232629,84,4232713
28209,4232819,128,4232947
28210,4233200,101,4233301
28211,4233343,76,4233419
28212,4233554,40,4233594
28213,4233647,3,4233650
28214,4233736,94,4233830
28215,4233865,19,4233884
28216,4233895,24,4233919
28217,4233963,4,4233967
28218,4234047,2,4234049
28219,4234074,116,4234190
28220,4234203,52,4234255
28221,4234691,9,4234700
28222,4234729,27,4234756
28223,4234858,243,4235101
28224,4235326,64,4235390
28225,4235431,15,4235446
28226,4235484,14,4235498
28227,4235532,10,4235542
28228,4235543,12,4235555
28229,4235653,31,4235684
28230,4235719,46,4235765
28231,4235820,40,4235860
28232,4235865,136,4236001
28233,4236045,7,4236052
28234,4236223,10,4236233
28235,4236279,83,4236362
28236,4236366,15,4236381
28237,4236388,112,4236500
28238,4236540,51,4236591
28239,4236911,37,4236948
28240,4237163,37,4237200
28241,4237208,46,4237254
28242,4237337,53,4237390
28243,4237402,41,4237443
28244,4237451,18,4237469
28245,4237527,12,4237539
28246,4237643,11,4237654
28247,4237661,17,4237678
28248,4237680,37,4237717
28249,4237844,157,4238001
28250,4238051,16,4238067
28251,4238098,30,4238128
28252,4238239,104,4238343
28253,4238464,10,4238474
28254,4238644,53,4238697
28255,4238799,47,4238846
28256,4238849,28,4238877
28257,4238942,4,4238946
28258,4238968,38,4239006
28259,4239220,59,4239279
28260,4239349,49,4239398
28261,4239436,16,4239452
28262,4239503,64,4239567
28263,4239574,3,4239577
28264,4239858,114,4239972
28265,4240013,56,4240069
28266,4240188,32,4240220
28267,4240250,127,4240377
28268,4240438,50,4240488
28269,4240583,221,4240804
28270,4240806,55,4240861
28271,4240877,2,4240879
28272,4240913,105,4241018
28273,4241040,2,4241042
28274,4241151,60,4241211
28275,4241315,13,4241328
28276,4241431,5,4241436
28277,4241557,89,4241646
28278,4241754,34,4241788
28279,4241858,12,4241870
28280,4241948,36,4241984
28281,4242051,1,4242052
28282,4242122,56,4242178
28283,4242417,48,4242465
28284,4242513,1,4242514
28285,4242622,1,4242623
28286,4242654,139,4242793
28287,4242979,224,4243203
28288,4243257,100,4243357
28289,4243372,19,4243391
28290,4243488,19,4243507
28291,4243775,69,4243844
28292,4243884,94,4243978
28293,4244053,98,4244151
28294,4244160,7,4244167
28295,4244211,61,4244272
28296,4244477,71,4244548
28297,4244564,49,4244613
28298,4244830,15,4244845
28299,4244866,2,4244868
28300,4244927,27,4244954
28301,4244984,210,4245194
28302,4245201,63,4245264
28303,4245312,116,4245428
28304,4245490,9,4245499
28305,4245575,80,4245655
28306,4245693,106,4245799
28307,4245838,10,4245848
28308,4245930,65,4245995
28309,4246037,13,4246050
28310,4246058,53,4246111
28311,4246307,61,4246368
28312,4246445,61,4246506
28313,4246540,94,4246634
28314,4246916,5,4246921
28315,4247025,52,4247077
28316,4247087,131,4247218
28317,4247650,117,4247767
28318,4247960,47,4248007
28319,4248173,62,4248235
28320,4248315,1,4248316
28321,4248342,24,4248366
28322,4248648,36,4248684
28323,4248877,86,4248963
28324,4248968,12,4248980
28325,4249058,18,4249076
28326,4249285,81,4249366
28327,4249477,30,4249507
28328,4249552,18,4249570
28329,4249621,15,4249636
28330,4249652,42,4249694
28331,4249760,83,4249843
28332,4250154,19,4250173
28333,4250376,4,4250380
28334,4250397,71,4250468
28335,4250481,448,4250929
28336,4250986,10,4250996
28337,4251205,21,4251226
28338,4251508,9,4251517
28339,4251780,15,4251795
28340,4251960,128,4252088
28341,4252128,39,4252167
28342,4252320,9,4252329
28343,4252396,45,4252441
28344,4252594,3,4252597
28345,4252679,7,4252686
28346,4252699,35,4252734
28347,4252767,98,4252865
28348,4253004,163,4253167
28349,4253179,47,4253226
28350,4253278,14,4253292
28351,4253295,49,4253344
28352,4253348,5,4253353
28353,4253700,42,4253742
28354,4253743,12,4253755
28355,4253795,26,4253821
28356,4254006,3,4254009
28357,4254011,27,4254038
28358,4254054,15,4254069
28359,4254112,61,4254173
28360,4254228,26,4254254
28361,4254311,130,4254441
28362,4254487,153,4254640
28363,4254649,10,4254659
28364,4254973,22,4254995
28365,4255016,31,4255047
28366,4255259,15,4255274
28367,4255391,25,4255416
28368,4255425,41,4255466
28369,4255489,99,4255588
28370,4255642,13,4255655
28371,4255689,41,4255730
28372,4255749,9,4255758
28373,4255770,39,4255809
28374,4255810,30,4255840
28375,4256223,39,4256262
28376,4256346,7,4256353
28377,4256417,42,4256459
28378,4256771,15,4256786
28379,4256928,119,4257047
28380,4257233,36,4257269
28381,4257410,109,4257519
28382,4257592,43,4257635
28383,4257715,25,4257740
28384,4257762,108,4257870
28385,4257981,23,4258004
28386,4258271,53,4258324
28387,4258390,31,4258421
28388,4258438,68,4258506
28389,4259030,3,4259033
28390,4259071,180,4259251
28391,4259387,18,4259405
28392,4259478,29,4259507
28393,4259641,46,4259687
28394,4259697,162,4259859
28395,4259970,65,4260035
28396,4260106,38,4260144
28397,4260178,49,4260227
28398,4260253,33,4260286
28399,4260315,82,4260397
28400,4260400,33,4260433
28401,4260791,10,4260801
28402,4260952,120,4261072
28403,4261137,9,4261146
28404,4261278,18,4261296
28405,4261341,85,4261426
28406,4261576,5,4261581
28407,4261586,123,4261709
28408,4261776,25,4261801
28409,4261876,12,4261888
28410,4262022,38,4262060
28411,4262184,29,4262213
28412,4262276,31,4262307
28413,4262376,13,4262389
28414,4262403,6,4262409
28415,4262419,19,4262438
28416,4262469,103,4262572
28417,4262600,43,4262643
28418,4262690,13,4262703
28419,4262712,78,4262790
28420,4262864,19,4262883
28421,4262892,28,4262920
28422,4262933,117,4263050
28423,4263235,31,4263266
28424,4263471,23,4263494
28425,4263583,14,4263597
28426,4263605,44,4263649
28427,4263663,40,4263703
28428,4263862,48,4263910
28429,4263944,6,4263950
28430,4263989,4,4263993
28431,4264056,8,4264064
28432,4264076,7,4264083
28433,4264160,60,4264220
28434,4264368,14,4264382
28435,4264592,3,4264595
28436,4264708,57,4264765
28437,4264785,56,4264841
28438,4264909,88,4264997
28439,4265077,6,4265083
28440,4265105,18,4265123
28441,4265138,88,4265226
28442,4265245,91,4265336
28443,4265436,39,4265475
28444,4265846,39,4265885
28445,4265961,29,4265990
28446,4266403,81,4266484
28447,4266539,236,4266775
28448,4266864,21,4266885
28449,4267012,17,4267029
28450,4267094,9,4267103
28451,4267248,63,4267311
28452,4267323,20,4267343
28453,4267357,169,4267526
28454,4267561,32,4267593
28455,4267674,48,4267722
28456,4267746,104,4267850
28457,4268053,44,4268097
28458,4268251,161,4268412
28459,4268466,79,4268545
28460,4268562,8,4268570
28461,4268618,40,4268658
28462,4268783,175,4268958
28463,4269028,173,4269201
28464,4269263,24,4269287
28465,4269362,41,4269403
28466,4269413,33,4269446
28467,4269641,199,4269840
28468,4270046,11,4270057
28469,4270224,68,4270292
28470,4270373,5,4270378
28471,4270505,47,4270552
28472,4270711,78,4270789
28473,4270828,154,4270982
28474,4270997,58,4271055
28475,4271104,1,4271105
28476,4271224,98,4271322
28477,4271547,42,4271589
28478,4271682,33,4271715
28479,4271954,12,4271966
28480,4272269,33,4272302
28481,4272310,19,4272329
28482,4272394,9,4272403
28483,4272418,49,4272467
28484,4272579,17,4272596
28485,4272788,25,4272813
28486,4272857,52,4272909
28487,4273035,23,4273058
28488,4273296,62,4273358
28489,4273474,59,4273533
28490,4273745,41,4273786
28491,4273808,24,4273832
28492,4273986,19,4274005
28493,4274043,14,4274057
28494,4274084,11,4274095
28495,4274166,94,4274260
28496,4274321,48,4274369
28497,4274426,61,4274487
28498,4274558,54,4274612
28499,4274637,42,4274679
28500,4274710,25,4274735
28501,4274748,37,4274785
28502,4274852,77,4274929
28503,4274990,117,4275107
28504,4275279,9,4275288
28505,4275305,4,4275309
28506,4275451,17,4275468
28507,4275511,10,4275521
28508,4275708,38,4275746
28509,4275995,25,4276020
28510,4276237,17,4276254
28511,4276408,28,4276436
28512,4276453,7,4276460
28513,4276600,63,4276663
28514,4276756,11,4276767
28515,4276796,52,4276848
28516,4276903,10,4276913
28517,4277267,176,4277443
28518,4277487,47,4277534
28519,4277600,9,4277609
28520,4277742,55,4277797
28521,4277848,13,4277861
28522,4278286,5,4278291
28523,4278363,99,4278462
28524,4278652,32,4278684
28525,4278727,36,4278763
28526,4278902,12,4278914
28527,4279388,20,4279408
28528,4279689,35,4279724
28529,4279893,81,4279974
28530,4280028,72,4280100
28531,4280196,143,4280339
28532,4280375,85,4280460
28533,4280462,123,4280585
28534,4280654,13,4280667
28535,4280695,19,4280714
28536,4280810,56,4280866
28537,4280925,16,4280941
28538,4280970,6,4280976
28539,4280989,100,4281089
28540,4281110,32,4281142
28541,4281143,42,4281185
28542,4281294,36,4281330
28543,4281426,31,4281457
28544,4281617,87,4281704
28545,4281755,10,4281765
28546,4281859,37,4281896
28547,4282020,13,4282033
28548,4282073,7,4282080
28549,4282123,40,4282163
28550,4282166,84,4282250
28551,4282274,10,4282284
28552,4282290,146,4282436
28553,4282516,183,4282699
28554,4282827,7,4282834
28555,4282915,90,4283005
28556,4283028,162,4283190
28557,4283263,138,4283401
28558,4283640,46,4283686
28559,4283809,115,4283924
28560,4283987,16,4284003
28561,4284030,5,4284035
28562,4284137,109,4284246
28563,4284255,45,4284300
28564,4284692,66,4284758
28565,4284766,48,4284814
28566,4284926,192,4285118
28567,4285137,108,4285245
28568,4285279,52,4285331
28569,4285356,45,4285401
28570,4285616,15,4285631
28571,4285707,22,4285729
28572,4285742,8,4285750
28573,4285804,185,4285989
28574,4286100,134,4286234
28575,4286311,85,4286396
28576,4286404,3,4286407
28577,4286458,49,4286507
28578,4286615,13,4286628
28579,4286703,12,4286715
28580,4286722,16,4286738
28581,4286776,19,4286795
28582,4286800,28,4286828
28583,4287014,41,4287055
28584,4287072,19,4287091
28585,4287096,62,4287158
28586,4287177,28,4287205
28587,4287251,8,4287259
28588,4287361,38,4287399
28589,4287683,52,4287735
28590,4287877,8,4287885
28591,4287990,103,4288093
28592,4288226,87,4288313
28593,4288372,17,4288389
28594,4288432,11,4288443
28595,4288622,77,4288699
28596,4288750,76,4288826
28597,4288845,10,4288855
28598,4288933,146,4289079
28599,4289201,14,4289215
28600,4289253,28,4289281
28601,4289316,13,4289329
28602,4289397,27,4289424
28603,4289519,2,4289521
28604,4289606,102,4289708
28605,4289850,61,4289911
28606,4290210,10,4290220
28607,4290232,31,4290263
28608,4290294,57,4290351
28609,4290403,10,4290413
28610,4290432,66,4290498
28611,4290529,85,4290614
28612,4290888,20,4290908
28613,4290940,118,4291058
28614,4291228,4,4291232
28615,4291309,33,4291342
28616,4291442,31,4291473
28617,4291509,201,4291710
28618,4291809,2,4291811
28619,4292091,16,4292107
28620,4292117,8,4292125
28621,4292166,46,4292212
28622,4292296,13,4292309
28623,4292329,13,4292342
28624,4292463,11,4292474
28625,4292650,4,4292654
28626,4292704,39,4292743
28627,4292804,15,4292819
28628,4292955,64,4293019
28629,4293049,35,4293084
28630,4293096,94,4293190
28631,4293200,146,4293346
28632,4293548,108,4293656
28633,4293754,38,4293792
28634,4293944,17,4293961
28635,4294010,16,4294026
28636,4294051,2,4294053
28637,4294142,20,4294162
28638,4294200,47,4294247
28639,4294396,22,4294418
28640,4294801,24,4294825
28641,4294905,3,4294908
28642,4295125,6,4295131
28643,4295188,6,4295194
28644,4295261,4,4295265
28645,4295671,2,4295673
28646,4295779,37,4295816
28647,4295848,36,4295884
28648,4295939,85,4296024
28649,4296070,156,4296226
28650,4296243,12,4296255
28651,4296277,67,4296344
28652,4296407,17,4296424
28653,4296446,44,4296490
28654,4296563,138,4296701
28655,4296746,32,4296778
28656,4296893,5,4296898
28657,4296945,24,4296969
28658,4297098,5,4297103
28659,4297517,49,4297566
28660,4298034,48,4298082
28661,4298119,67,4298186
28662,4298209,42,4298251
28663,4298321,24,4298345
28664,4298633,4,4298637
28665,4298650,48,4298698
28666,4298795,7,4298802
28667,4298824,118,4298942
28668,4298952,6,4298958
28669,4299126,12,4299138
28670,4299160,1,4299161
28671,4299249,214,4299463
28672,4299476,71,4299547
28673,4299677,124,4299801
28674,4299854,24,4299878
28675,4299951,27,4299978
28676,4300017,38,4300055
28677,4300067,77,4300144
28678,4300317,22,4300339
28679,4300422,13,4300435
28680,4300521,12,4300533
28681,4300830,29,4300859
28682,4301022,22,4301044
28683,4301271,1,4301272
28684,4301401,2,4301403
28685,4301444,94,4301538
28686,4301782,49,4301831
28687,4301888,11,4301899
28688,4301906,30,4301936
28689,4301996,36,4302032
28690,4302294,4,4302298
28691,4302497,6,4302503
28692,4302518,2,4302520
28693,4302529,32,4302561
28694,4302564,8,4302572
28695,4302821,35,4302856
28696,4302880,7,4302887
28697,4302942,4,4302946
28698,4303045,18,4303063
28699,4303105,14,4303119
28700,4303186,8,4303194
28701,4303224,20,4303244
28702,4303377,72,4303449
28703,4303499,20,4303519
28704,4303606,44,4303650
28705,4303651,12,4303663
28706,4303701,98,4303799
28707,4304101,25,4304126
28708,4304505,3,4304508
28709,4304545,141,4304686
28710,4304899,90,4304989
28711,4304995,2,4304997
28712,4305185,50,4305235
28713,4305540,169,4305709
28714,4305817,11,4305828
28715,4305885,27,4305912
28716,4305913,10,4305923
28717,4306007,80,4306087
28718,4306161,92,4306253
28719,4306320,38,4306358
28720,4306394,26,4306420
28721,4306499,78,4306577
28722,4306833,85,4306918
28723,4306974,130,4307104
28724,4307108,28,4307136
28725,4307185,7,4307192
28726,4307193,182,4307375
28727,4307500,142,4307642
28728,4307942,72,4308014
28729,4308164,84,4308248
28730,4308280,16,4308296
28731,4308441,95,4308536
28732,4308662,61,4308723
28733,4308762,22,4308784
28734,4308854,45,4308899
28735,4308977,7,4308984
28736,4309197,7,4309204
28737,4309258,83,4309341
28738,4309719,21,4309740
28739,4309766,25,4309791
28740,4309831,76,4309907
28741,4310001,119,4310120
28742,4310360,9,4310369
28743,4310495,26,4310521
28744,4311012,9,4311021
28745,4311029,16,4311045
28746,4311058,115,4311173
28747,4311194,73,4311267
28748,4311296,59,4311355
28749,4311452,61,4311513
28750,4311530,89,4311619
28751,4311678,15,4311693
28752,4311745,3,4311748
28753,4311827,84,4311911
28754,4311990,20,4312010
28755,4312184,161,4312345
28756,4312495,92,4312587
28757,4312589,21,4312610
28758,4312647,9,4312656
28759,4312804,48,4312852
28760,4312885,91,4312976
28761,4312982,16,4312998
28762,4313083,168,4313251
28763,4313279,68,4313347
28764,4313470,7,4313477
28765,4313495,190,4313685
28766,4313772,3,4313775
28767,4313858,118,4313976
28768,4314497,34,4314531
28769,4314738,125,4314863
28770,4314934,40,4314974
28771,4315174,66,4315240
28772,4315575,68,4315643
28773,4315666,10,4315676
28774,4315704,11,4315715
28775,4316014,30,4316044
28776,4316397,115,4316512
28777,4316794,107,4316901
28778,4316913,66,4316979
28779,4317067,44,4317111
28780,4317128,9,4317137
28781,4317252,36,4317288
28782,4317409,124,4317533
28783,4317535,54,4317589
28784,4317596,78,4317674
28785,4317697,29,4317726
28786,4317863,70,4317933
28787,4318062,81,4318143
28788,4318529,39,4318568
28789,4318593,2,4318595
28790,4318631,21,4318652
28791,4318654,124,4318778
28792,4318890,71,4318961
28793,4319060,40,4319100
28794,4319181,90,4319271
28795,4319340,2,4319342
28796,4319419,74,4319493
28797,4319497,46,4319543
28798,4319578,20,4319598
28799,4319636,14,4319650
28800,4319719,38,4319757
28801,4319762,41,4319803
28802,4319850,8,4319858
28803,4319912,28,4319940
28804,4319997,61,4320058
28805,4320167,158,4320325
28806,4320419,13,4320432
28807,4320440,49,4320489
28808,4320525,27,4320552
28809,4320583,34,4320617
28810,4320697,4,4320701
28811,4320811,35,4320846
28812,4320885,4,4320889
28813,4320929,25,4320954
28814,4321093,25,4321118
28815,4321177,12,4321189
28816,4321203,57,4321260
28817,4321287,54,4321341
28818,4321403,62,4321465
28819,4321742,157,4321899
28820,4321914,8,4321922
28821,4322123,75,4322198
28822,4322316,8,4322324
28823,4322513,111,4322624
28824,4322833,7,4322840
28825,4322863,48,4322911
28826,4323052,47,4323099
28827,4323188,28,4323216
28828,4323249,105,4323354
28829,4323370,20,4323390
28830,4323663,16,4323679
28831,4323727,18,4323745
28832,4323981,43,4324024
28833,4324027,38,4324065
28834,4324160,24,4324184
28835,4324223,53,4324276
28836,4324373,11,4324384
28837,4324415,93,4324508
28838,4324522,12,4324534
28839,4324621,31,4324652
28840,4324816,1,4324817
28841,4324850,9,4324859
28842,4324926,65,4324991
28843,4325132,25,4325157
28844,4325308,14,4325322
28845,4325337,28,4325365
28846,4325412,28,4325440
28847,4325672,3,4325675
28848,4325720,203,4325923
28849,4326016,21,4326037
28850,4326102,63,4326165
28851,4326285,7,4326292
28852,4326428,111,4326539
28853,4326566,45,4326611
28854,4326679,12,4326691
28855,4326809,10,4326819
28856,4326872,165,4327037
28857,4327346,1,4327347
28858,4327448,71,4327519
28859,4327591,75,4327666
28860,4327711,62,4327773
28861,4327930,13,4327943
28862,4328037,3,4328040
28863,4328204,57,4328261
28864,4328332,5,4328337
28865,4328450,13,4328463
28866,4328592,194,4328786
28867,4328833,25,4328858
28868,4328954,3,4328957
28869,4329176,80,4329256
28870,4329272,13,4329285
28871,4329339,6,4329345
28872,4329392,16,4329408
28873,4329438,18,4329456
28874,4329562,93,4329655
28875,4329790,76,4329866
28876,4329907,120,4330027
28877,4330086,22,4330108
28878,4330214,40,4330254
28879,4330257,3,4330260
28880,4330261,58,4330319
28881,4330352,8,4330360
28882,4330390,97,4330487
28883,4330884,16,4330900
28884,4330958,196,4331154
28885,4331394,213,4331607
28886,4331681,7,4331688
28887,4331940,57,4331997
28888,4332077,108,4332185
28889,4332207,9,4332216
28890,4332327,3,4332330
28891,4332471,68,4332539
28892,4332723,112,4332835
28893,4332922,60,4332982
28894,4333121,54,4333175
28895,4333267,29,4333296
28896,4333449,52,4333501
28897,4333642,32,4333674
28898,4333803,21,4333824
28899,4333851,106,4333957
28900,4333994,133,4334127
28901,4334166,40,4334206
28902,4334239,136,4334375
28903,4334433,36,4334469
28904,4334548,115,4334663
28905,4334852,47,4334899
28906,4335029,26,4335055
28907,4335070,103,4335173
28908,4335215,51,4335266
28909,4335361,20,4335381
28910,4335450,85,4335535
28911,4335541,11,4335552
28912,4335590,36,4335626
28913,4335748,41,4335789
28914,4335891,45,4335936
28915,4336248,13,4336261
28916,4336329,94,4336423
28917,4336556,36,4336592
28918,4336596,40,4336636
28919,4336714,168,4336882
28920,4337002,85,4337087
28921,4337103,31,4337134
28922,4337154,70,4337224
28923,4337474,30,4337504
28924,4337611,75,4337686
28925,4338073,1,4338074
28926,4338163,7,4338170
28927,4338308,52,4338360
28928,4338452,181,4338633
28929,4338906,89,4338995
28930,4339096,87,4339183
28931,4339195,27,4339222
28932,4339305,34,4339339
28933,4339601,62,4339663
28934,4339727,125,4339852
28935,4339979,115,4340094
28936,4340394,5,4340399
28937,4340755,9,4340764
28938,4340883,1,4340884
28939,4340944,101,4341045
28940,4341278,103,4341381
28941,4341387,35,4341422
28942,4341427,94,4341521
28943,4341532,10,4341542
28944,4341680,42,4341722
28945,4341786,70,4341856
28946,4341866,57,4341923
28947,4342121,39,4342160
28948,4342369,36,4342405
28949,4342468,117,4342585
28950,4342614,4,4342618
28951,4342677,22,4342699
28952,4342729,12,4342741
28953,4342814,11,4342825
28954,4342848,16,4342864
28955,4342883,87,4342970
28956,4343027,18,4343045
28957,4343102,100,4343202
28958,4343252,18,4343270
28959,4343286,27,4343313
28960,4343384,10,4343394
28961,4343399,86,4343485
28962,4343597,120,4343717
28963,4344164,101,4344265
28964,4344437,23,4344460
28965,4344588,35,4344623
28966,4344931,45,4344976
28967,4345014,16,4345030
28968,4345366,31,4345397
28969,4345438,50,4345488
28970,4345518,112,4345630
28971,4345991,23,4346014
28972,4346119,153,4346272
28973,4346388,94,4346482
28974,4346583,42,4346625
28975,4346693,9,4346702
28976,4346731,167,4346898
28977,4346998,12,4347010
28978,4347142,9,4347151
28979,4347496,1,4347497
28980,4347603,8,4347611
28981,4347695,47,4347742
28982,4347751,34,4347785
28983,4348016,5,4348021
28984,4348054,19,4348073
28985,4348077,13,4348090
28986,4348097,159,4348256
28987,4348344,20,4348364
28988,4348406,10,4348416
28989,4348442,52,4348494
28990,4348517,46,4348563
28991,4348564,17,4348581
28992,4348995,108,4349103
28993,4349111,49,4349160
28994,4349172,45,4349217
28995,4349291,147,4349438
28996,4349473,21,4349494
28997,4349501,35,4349536
28998,4349538,11,4349549
28999,4349564,16,4349580
29000,4349596,48,4349644
29001,4349768,102,4349870
29002,4349907,56,4349963
29003,4350000,9,4350009
29004,4350048,105,4350153
29005,4350474,25,4350499
29006,4350564,29,4350593
29007,4350619,5,4350624
29008,4350776,24,4350800
29009,4350856,71,4350927
29010,4350952,4,4350956
29011,4351201,3,4351204
29012,4351210,16,4351226
29013,4351262,11,4351273
29014,4351424,6,4351430
29015,4351453,117,4351570
29016,4351572,122,4351694
29017,4351742,71,4351813
29018,4351814,49,4351863
29019,4351883,41,4351924
29020,4352251,83,4352334
29021,4352377,9,4352386
29022,4352495,63,4352558
29023,4352616,26,4352642
29024,4352877,20,4352897
29025,4352989,12,4353001
29026,4353019,12,4353031
29027,4353045,50,4353095
29028,4353126,36,4353162
29029,4353173,7,4353180
29030,4353233,80,4353313
29031,4353523,44,4353567
29032,4353820,49,4353869
29033,4353998,29,4354027
29034,4354037,5,4354042
29035,4354178,82,4354260
29036,4354293,24,4354317
29037,4354430,239,4354669
29038,4354687,51,4354738
29039,4354744,22,4354766
29040,4354771,169,4354940
29041,4355020,42,4355062
29042,4355378,36,4355414
29043,4355447,71,4355518
29044,4355529,6,4355535
29045,4355937,45,4355982
29046,4356147,17,4356164
29047,4356174,11,4356185
29048,4356206,55,4356261
29049,4356368,2,4356370
29050,4356404,258,4356662
29051,4356717,20,4356737
29052,4356911,51,4356962
29053,4357021,101,4357122
29054,4357152,133,4357285
29055,4357469,12,4357481
29056,4357492,22,4357514
29057,4357556,7,4357563
29058,4357609,31,4357640
29059,4357694,8,4357702
29060,4357759,66,4357825
29061,4357974,47,4358021
29062,4358126,2,4358128
29063,4358171,33,4358204
29064,4358221,12,4358233
29065,4358408,9,4358417
29066,4358564,68,4358632
29067,4358635,15,4358650
29068,4358744,87,4358831
29069,4359092,65,4359157
29070,4359518,40,4359558
29071,4359722,33,4359755
29072,4359765,36,4359801
29073,4359821,7,4359828
29074,4359843,34,4359877
29075,4360007,2,4360009
29076,4360023,59,4360082
29077,4360280,71,4360351
29078,4360576,27,4360603
29079,4360632,98,4360730
29080,4360991,28,4361019
29081,4361044,5,4361049
29082,4361181,202,4361383
29083,4361520,40,4361560
29084,4361660,9,4361669
29085,4361816,316,4362132
29086,4362206,1,4362207
29087,4362314,67,4362381
29088,4362402,7,4362409
29089,4362600,65,4362665
29090,4362730,11,4362741
29091,4362904,22,4362926
29092,4363053,66,4363119
29093,4363126,25,4363151
29094,4363174,10,4363184
29095,4363196,15,4363211
29096,4363274,39,4363313
29097,4363314,44,4363358
29098,4363542,57,4363599
29099,4363609,36,4363645
29100,4363832,34,4363866
29101,4363867,52,4363919
29102,4364434,3,4364437
29103,4364646,20,4364666
29104,4364720,190,4364910
29105,4364912,36,4364948
29106,4365039,3,4365042
29107,4365120,9,4365129
29108,4365193,4,4365197
29109,4365360,102,4365462
29110,4365493,27,4365520
29111,4365659,16,4365675
29112,4365684,40,4365724
29113,4365767,45,4365812
29114,4366170,23,4366193
29115,4366366,112,4366478
29116,4366523,45,4366568
29117,4366588,23,4366611
29118,4366628,5,4366633
29119,4366750,37,4366787
29120,4366796,77,4366873
29121,4367085,2,4367087
29122,4367126,80,4367206
29123,4367255,71,4367326
29124,4367420,23,4367443
29125,4367542,61,4367603
29126,4367677,26,4367703
29127,4367874,4,4367878
29128,4367940,90,4368030
29129,4368085,172,4368257
29130,4368365,4,4368369
29131,4368385,5,4368390
29132,4368458,61,4368519
29133,4368685,42,4368727
29134,4368762,125,4368887
29135,4368895,88,4368983
29136,4369221,48,4369269
29137,4369273,151,4369424
29138,4369932,106,4370038
29139,4370111,102,4370213
29140,4370373,23,4370396
29141,4370623,234,4370857
29142,4370974,39,4371013
29143,4371025,65,4371090
29144,4371119,26,4371145
29145,4371266,16,4371282
29146,4371395,113,4371508
29147,4371540,46,4371586
29148,4371746,88,4371834
29149,4371882,43,4371925
29150,4372008,80,4372088
29151,4372263,72,4372335
29152,4372476,5,4372481
29153,4372609,58,4372667
29154,4372782,4,4372786
29155,4372801,4,4372805
29156,4372914,44,4372958
29157,4372971,50,4373021
29158,4373138,4,4373142
29159,4373273,134,4373407
29160,4373573,4,4373577
29161,4373688,21,4373709
29162,4373786,30,4373816
29163,4373983,88,4374071
29164,4374088,16,4374104
29165,4374186,19,4374205
29166,4374220,38,4374258
29167,4374287,4,4374291
29168,4374297,123,4374420
29169,4374457,42,4374499
29170,4374552,49,4374601
29171,4374641,16,4374657
29172,4374708,38,4374746
29173,4374824,47,4374871
29174,4375074,31,4375105
29175,4375391,307,4375698
29176,4375964,52,4376016
29177,4376138,75,4376213
29178,4376281,28,4376309
29179,4376310,14,4376324
29180,4376332,64,4376396
29181,4376576,125,4376701
29182,4376908,68,4376976
29183,4377057,2,4377059
29184,4377085,17,4377102
29185,4377200,20,4377220
29186,4377227,85,4377312
29187,4377325,26,4377351
29188,4377352,22,4377374
29189,4377499,12,4377511
29190,4377515,42,4377557
29191,4377590,10,4377600
29192,4378019,110,4378129
29193,4378306,34,4378340
29194,4378398,89,4378487
29195,4378583,11,4378594
29196,4378606,47,4378653
29197,4378672,32,4378704
29198,4378914,72,4378986
29199,4379537,14,4379551
29200,4379632,27,4379659
29201,4379683,10,4379693
29202,4379838,173,4380011
29203,4380160,14,4380174
29204,4380250,8,4380258
29205,4380280,112,4380392
29206,4380397,20,4380417
29207,4380425,60,4380485
29208,4380626,40,4380666
29209,4380722,13,4380735
29210,4380950,46,4380996
29211,4381082,25,4381107
29212,4381175,116,4381291
29213,4381467,26,4381493
29214,4381507,18,4381525
29215,4381528,58,4381586
29216,4381828,6,4381834
29217,4381884,10,4381894
29218,4382017,98,4382115
29219,4382242,35,4382277
29220,4382425,30,4382455
29221,4382503,8,4382511
29222,4382532,84,4382616
29223,4382889,28,4382917
29224,4383339,90,4383429
29225,4383663,25,4383688
29226,4383692,31,4383723
29227,4383764,92,4383856
29228,4383894,49,4383943
29229,4384031,75,4384106
29230,4384119,35,4384154
29231,4384244,18,4384262
29232,4384301,60,4384361
29233,4384445,43,4384488
29234,4384538,26,4384564
29235,4384630,61,4384691
29236,4385012,97,4385109
29237,4385164,68,4385232
29238,4385457,43,4385500
29239,4385645,79,4385724
29240,4385835,31,4385866
29241,4385869,52,4385921
29242,4386027,43,4386070
29243,4386189,26,4386215
29244,4386239,10,4386249
29245,4386291,106,4386397
29246,4386491,30,4386521
29247,4386611,16,4386627
29248,4386805,9,4386814
29249,4386854,6,4386860
29250,4386959,50,4387009
29251,4387164,60,4387224
29252,4387307,76,4387383
29253,4387514,149,4387663
29254,4387759,96,4387855
29255,4387917,55,4387972
29256,4388000,108,4388108
29257,4388235,62,4388297
29258,4388309,45,4388354
29259,4388449,121,4388570
29260,4388740,12,4388752
29261,4388928,45,4388973
29262,4389068,67,4389135
29263,4389163,53,4389216
29264,4389328,69,4389397
29265,4389432,46,4389478
29266,4389565,22,4389587
29267,4389807,20,4389827
29268,4389872,7,4389879
29269,4389980,33,4390013
29270,4390026,73,4390099
29271,4390290,35,4390325
29272,4391016,65,4391081
29273,4391384,59,4391443
29274,4391769,85,4391854
29275,4392021,12,4392033
29276,4392069,14,4392083
29277,4392087,84,4392171
29278,4392195,162,4392357
29279,4392430,1,4392431
29280,4392507,13,4392520
29281,4392530,19,4392549
29282,4392640,8,4392648
29283,4392859,10,4392869
29284,4392921,7,4392928
29285,4393021,69,4393090
29286,4393095,62,4393157
29287,4393270,53,4393323
29288,4393859,16,4393875
29289,4393889,101,4393990
29290,4394056,1,4394057
29291,4394168,42,4394210
29292,4394513,51,4394564
29293,4394578,15,4394593
29294,4394656,65,4394721
29295,4394878,124,4395002
29296,4395054,26,4395080
29297,4395187,44,4395231
29298,4395238,16,4395254
29299,4395278,123,4395401
29300,4395425,25,4395450
29301,4395554,13,4395567
29302,4395575,11,4395586
29303,4395656,10,4395666
29304,4395779,88,4395867
29305,4396130,106,4396236
29306,4396291,7,4396298
29307,4396376,37,4396413
29308,4396419,62,4396481
29309,4396672,24,4396696
29310,4396718,7,4396725
29311,4396751,7,4396758
29312,4396899,19,4396918
29313,4396990,88,4397078
29314,4397110,31,4397141
29315,4397279,1,4397280
29316,4397303,22,4397325
29317,4397406,65,4397471
29318,4397553,18,4397571
29319,4397611,40,4397651
29320,4397661,25,4397686
29321,4397698,67,4397765
29322,4397814,9,4397823
29323,4397829,4,4397833
29324,4398013,44,4398057
29325,4398250,21,4398271
29326,4398331,49,4398380
29327,4398613,34,4398647
29328,4398864,90,4398954
29329,4399033,52,4399085
29330,4399418,36,4399454
29331,4399538,8,4399546
29332,4399560,25,4399585
29333,4399883,50,4399933
29334,4399938,16,4399954
29335,4400085,4,4400089
29336,4400143,49,4400192
29337,4400329,74,4400403
29338,4400759,75,4400834
29339,4400867,5,4400872
29340,4400875,124,4400999
29341,4401119,62,4401181
29342,4401255,50,4401305
29343,4401529,5,4401534
29344,4401637,131,4401768
29345,4401792,25,4401817
29346,4401882,57,4401939
29347,4402052,71,4402123
29348,4402143,72,4402215
29349,4402250,33,4402283
29350,4402427,7,4402434
29351,4402818,45,4402863
29352,4402970,9,4402979
29353,4402989,5,4402994
29354,4403098,27,4403125
29355,4403527,69,4403596
29356,4403706,21,4403727
29357,4403744,17,4403761
29358,4403776,76,4403852
29359,4403993,39,4404032
29360,4404142,18,4404160
29361,4404173,26,4404199
29362,4404275,85,4404360
29363,4404375,137,4404512
29364,4404522,21,4404543
29365,4404594,32,4404626
29366,4404802,45,4404847
29367,4404877,216,4405093
29368,4405111,24,4405135
29369,4405278,55,4405333
29370,4405506,18,4405524
29371,4405650,48,4405698
29372,4405881,73,4405954
29373,4405985,49,4406034
29374,4406088,30,4406118
29375,4406152,97,4406249
29376,4406385,76,4406461
29377,4406501,65,4406566
29378,4406815,46,4406861
29379,4406930,94,4407024
29380,4407083,38,4407121
29381,4407555,43,4407598
29382,4407607,170,4407777
29383,4407810,6,4407816
29384,4407836,127,4407963
29385,4408023,3,4408026
29386,4408027,19,4408046
29387,4408057,3,4408060
29388,4408081,66,4408147
29389,4408175,86,4408261
29390,4408356,64,4408420
29391,4408513,43,4408556
29392,4408789,70,4408859
29393,4409057,15,4409072
29394,4409165,23,4409188
29395,4409346,46,4409392
29396,4409419,65,4409484
29397,4409535,186,4409721
29398,4409723,11,4409734
29399,4409848,16,4409864
29400,4409865,20,4409885
29401,4409952,20,4409972
29402,4410047,27,4410074
29403,4410086,28,4410114
29404,4410499,77,4410576
29405,4410620,5,4410625
29406,4410689,34,4410723
29407,4410737,180,4410917
29408,4411008,3,4411011
29409,4411094,25,4411119
29410,4411509,18,4411527
29411,4411558,26,4411584
29412,4411742,94,4411836
29413,4411871,15,4411886
29414,4411932,10,4411942
29415,4412207,216,4412423
29416,4412547,14,4412561
29417,4412624,83,4412707
29418,4412721,34,4412755
29419,4412759,73,4412832
29420,4412948,7,4412955
29421,4412973,66,4413039
29422,4413332,14,4413346
29423,4413390,109,4413499
29424,4413558,6,4413564
29425,4413736,20,4413756
29426,4413870,61,4413931
29427,4414146,31,4414177
29428,4414257,52,4414309
29429,4414333,20,4414353
29430,4414439,147,4414586
29431,4414910,33,4414943
29432,4414970,33,4415003
29433,4415026,106,4415132
29434,4415212,5,4415217
29435,4415455,4,4415459
29436,4415599,54,4415653
29437,4415694,20,4415714
29438,4415835,11,4415846
29439,4415856,166,4416022
29440,4416116,57,4416173
29441,4416217,102,4416319
29442,4416367,176,4416543
29443,4416766,42,4416808
29444,4416810,9,4416819
29445,4416823,7,4416830
29446,4416859,12,4416871
29447,4416875,18,4416893
29448,4417154,14,4417168
29449,4417213,56,4417269
29450,4417323,11,4417334
29451,4417343,57,4417400
29452,4417403,186,4417589
29453,4417601,141,4417742
29454,4417745,60,4417805
29455,4417833,14,4417847
29456,4418002,8,4418010
29457,4418080,8,4418088
29458,4418105,6,4418111
29459,4418276,124,4418400
29460,4418565,40,4418605
29461,4418757,29,4418786
29462,4419017,233,4419250
29463,4419433,50,4419483
29464,4419600,20,4419620
29465,4419693,20,4419713
29466,4419722,24,4419746
29467,4419768,23,4419791
29468,4419836,183,4420019
29469,4420070,39,4420109
29470,4420148,61,4420209
29471,4420480,34,4420514
29472,4420541,30,4420571
29473,4420863,67,4420930
29474,4421092,14,4421106
29475,4421197,27,4421224
29476,4421464,35,4421499
29477,4421549,9,4421558
29478,4421576,36,4421612
29479,4421662,16,4421678
29480,4421824,30,4421854
29481,4422067,27,4422094
29482,4422096,77,4422173
29483,4422228,28,4422256
29484,4422330,109,4422439
29485,4422459,47,4422506
29486,4422571,6,4422577
29487,4422676,16,4422692
29488,4423091,36,4423127
29489,4423279,1,4423280
29490,4423395,5,4423400
29491,4423772,226,4423998
29492,4424095,14,4424109
29493,4424127,31,4424158
29494,4424288,66,4424354
29495,4424850,52,4424902
29496,4424923,83,4425006
29497,4425076,8,4425084
29498,4425528,186,4425714
29499,4425762,79,4425841
29500,4425880,26,4425906
29501,4425978,133,4426111
29502,4426248,32,4426280
29503,4426298,10,4426308
29504,4426376,108,4426484
29505,4426541,55,4426596
29506,4426638,1,4426639
29507,4426679,107,4426786
29508,4426820,12,4426832
29509,4427180,158,4427338
29510,4427340,39,4427379
29511,4427576,6,4427582
29512,4427749,12,4427761
29513,4427952,62,4428014
29514,4428076,60,4428136
29515,4428237,9,4428246
29516,4428421,16,4428437
29517,4428569,15,4428584
29518,4428644,26,4428670
29519,4428910,24,4428934
29520,4428935,136,4429071
29521,4429112,57,4429169
29522,4429337,9,4429346
29523,4429451,18,4429469
29524,4429531,63,4429594
29525,4430100,31,4430131
29526,4430381,13,4430394
29527,4430414,8,4430422
29528,4430566,126,4430692
29529,4430857,135,4430992
29530,4431070,45,4431115
29531,4431161,141,4431302
29532,4431478,128,4431606
29533,4431686,65,4431751
29534,4431890,16,4431906
29535,4432004,69,4432073
29536,4432099,46,4432145
29537,4432154,49,4432203
29538,4432340,43,4432383
29539,4432449,126,4432575
29540,4432787,119,4432906
29541,4432920,41,4432961
29542,4432985,51,4433036
29543,4433075,21,4433096
29544,4433156,57,4433213
29545,4433230,3,4433233
29546,4433481,12,4433493
29547,4433502,45,4433547
29548,4433823,6,4433829
29549,4434105,60,4434165
29550,4434499,13,4434512
29551,4434680,34,4434714
29552,4434764,91,4434855
29553,4434988,6,4434994
29554,4435079,122,4435201
29555,4435226,16,4435242
29556,4435277,1,4435278
29557,4435279,116,4435395
29558,4435401,3,4435404
29559,4435478,18,4435496
29560,4435559,5,4435564
29561,4435648,1,4435649
29562,4435705,7,4435712
29563,4435840,79,4435919
29564,4435947,84,4436031
29565,4436059,58,4436117
29566,4436189,34,4436223
29567,4436237,86,4436323
29568,4436406,8,4436414
29569,4436533,40,4436573
29570,4436606,14,4436620
29571,4436627,2,4436629
29572,4436814,166,4436980
29573,4437029,129,4437158
29574,4437196,12,4437208
29575,4437337,6,4437343
29576,4437374,70,4437444
29577,4437612,3,4437615
29578,4437627,30,4437657
29579,4437875,13,4437888
29580,4437931,53,4437984
29581,4438030,21,4438051
29582,4438465,55,4438520
29583,4438699,14,4438713
29584,4438881,5,4438886
29585,4438928,11,4438939
29586,4439074,56,4439130
29587,4439263,6,4439269
29588,4439301,3,4439304
29589,4439441,38,4439479
29590,4439694,46,4439740
29591,4439801,68,4439869
29592,4440001,61,4440062
29593,4440081,17,4440098
29594,4440120,56,4440176
29595,4440185,21,4440206
29596,4440233,19,4440252
29597,4440322,16,4440338
29598,4440369,4,4440373
29599,4440439,11,4440450
29600,4440465,85,4440550
29601,4440567,5,4440572
29602,4440636,17,4440653
29603,4440769,13,4440782
29604,4440845,118,4440963
29605,4441004,52,4441056
29606,4441088,19,4441107
29607,4441131,102,4441233
29608,4441358,8,4441366
29609,4441449,37,4441486
29610,4441564,54,4441618
29611,4441644,80,4441724
29612,4441824,16,4441840
29613,4441919,18,4441937
29614,4441981,3,4441984
29615,4442016,4,4442020
29616,4442063,51,4442114
29617,4442240,3,4442243
29618,4442758,32,4442790
29619,4442857,123,4442980
29620,4442989,28,4443017
29621,4443311,118,4443429
29622,4443444,4,4443448
29623,4443467,93,4443560
29624,4443567,40,4443607
29625,4443670,126,4443796
29626,4443931,65,4443996
29627,4443999,2,4444001
29628,4444033,34,4444067
29629,4444350,97,4444447
29630,4444793,63,4444856
29631,4444905,81,4444986
29632,4445005,9,4445014
29633,4445125,7,4445132
29634,4445149,25,4445174
29635,4445371,116,4445487
29636,4445558,180,4445738
29637,4445776,9,4445785
29638,4445830,8,4445838
29639,4445919,80,4445999
29640,4446066,80,4446146
29641,4446195,38,4446233
29642,4446278,2,4446280
29643,4446337,22,4446359
29644,4446412,222,4446634
29645,4446644,71,4446715
29646,4446780,77,4446857
29647,4447006,22,4447028
29648,4447136,44,4447180
29649,4447266,12,4447278
29650,4447335,3,4447338
29651,4447687,91,4447778
29652,4447954,178,4448132
29653,4448182,20,4448202
29654,4448422,44,4448466
29655,4448529,21,4448550
29656,4448622,22,4448644
29657,4448660,149,4448809
29658,4448814,5,4448819
29659,4448833,107,4448940
29660,4448981,37,4449018
29661,4449214,39,4449253
29662,4449365,36,4449401
29663,4449443,8,4449451
29664,4450019,12,4450031
29665,4450336,36,4450372
29666,4450494,107,4450601
29667,4450648,51,4450699
29668,4450848,24,4450872
29669,4451043,135,4451178
29670,4451189,14,4451203
29671,4451212,1,4451213
29672,4451281,246,4451527
29673,4451580,69,4451649
29674,4451744,87,4451831
29675,4451922,102,4452024
29676,4452066,8,4452074
29677,4452081,24,4452105
29678,4452184,28,4452212
29679,4452676,6,4452682
29680,4452710,14,4452724
29681,4452838,170,4453008
29682,4453221,16,4453237
29683,4453273,35,4453308
29684,4453339,10,4453349
29685,4453499,49,4453548
29686,4453604,26,4453630
29687,4453722,30,4453752
29688,4453789,494,4454283
29689,4454546,81,4454627
29690,4454825,1,4454826
29691,4454894,36,4454930
29692,4454933,3,4454936
29693,4454940,61,4455001
29694,4455036,35,4455071
29695,4455119,75,4455194
29696,4455231,7,4455238
29697,4455309,55,4455364
29698,4455370,75,4455445
29699,4455633,1,4455634
29700,4455643,55,4455698
29701,4455864,29,4455893
29702,4455969,55,4456024
29703,4456056,23,4456079
29704,4456196,73,4456269
29705,4456327,8,4456335
29706,4456410,29,4456439
29707,4456493,4,4456497
29708,4456535,40,4456575
29709,4456639,7,4456646
29710,4456758,46,4456804
29711,4456885,256,4457141
29712,4457153,67,4457220
29713,4457251,5,4457256
29714,4457322,60,4457382
29715,4457773,26,4457799
29716,4457869,22,4457891
29717,4457903,26,4457929
29718,4458019,34,4458053
29719,4458123,33,4458156
29720,4458174,166,4458340
29721,4458417,13,4458430
29722,4458454,31,4458485
29723,4458555,74,4458629
29724,4458781,25,4458806
29725,4458818,17,4458835
29726,4458857,20,4458877
29727,4458904,13,4458917
29728,4459040,61,4459101
29729,4459196,28,4459224
29730,4459365,8,4459373
29731,4459449,54,4459503
29732,4459583,108,4459691
29733,4459921,13,4459934
29734,4460147,12,4460159
29735,4460330,4,4460334
29736,4460358,11,4460369
29737,4460552,29,4460581
29738,4460626,4,4460630
29739,4461004,83,4461087
29740,4461123,30,4461153
29741,4461360,25,4461385
29742,4461409,50,4461459
29743,4461646,25,4461671
29744,4461721,93,4461814
29745,4461877,63,4461940
29746,4461949,67,4462016
29747,4462046,75,4462121
29748,4462132,50,4462182
29749,4462350,9,4462359
29750,4462381,55,4462436
29751,4462843,21,4462864
29752,4463010,110,4463120
29753,4463193,23,4463216
29754,4463495,20,4463515
29755,4463585,135,4463720
29756,4463741,91,4463832
29757,4463851,30,4463881
29758,4464018,5,4464023
29759,4464108,5,4464113
29760,4464122,28,4464150
29761,4464194,118,4464312
29762,4464349,24,4464373
29763,4464411,44,4464455
29764,4464506,9,4464515
29765,4464539,3,4464542
29766,4464590,14,4464604
29767,4464609,13,4464622
29768,4464674,112,4464786
29769,4464956,2,4464958
29770,4464983,23,4465006
29771,4465064,84,4465148
29772,4465177,19,4465196
29773,4465340,83,4465423
29774,4465470,40,4465510
29775,4465568,61,4465629
29776,4465952,13,4465965
29777,4466035,28,4466063
29778,4466138,87,4466225
29779,4466311,19,4466330
29780,4466507,55,4466562
29781,4466582,33,4466615
29782,4466782,109,4466891
29783,4466944,8,4466952
29784,4466957,1,4466958
29785,4467096,56,4467152
29786,4467595,8,4467603
29787,4467661,10,4467671
29788,4467707,11,4467718
29789,4467803,23,4467826
29790,4467993,3,4467996
29791,4468088,115,4468203
29792,4468295,4,4468299
29793,4468724,11,4468735
29794,4468736,1,4468737
29795,4468805,36,4468841
29796,4469248,76,4469324
29797,4469325,36,4469361
29798,4469394,52,4469446
29799,4469456,6,4469462
29800,4469512,125,4469637
29801,4469639,20,4469659
29802,4469757,39,4469796
29803,4469845,36,4469881
29804,4469904,16,4469920
29805,4469960,35,4469995
29806,4470012,39,4470051
29807,4470067,1,4470068
29808,4470172,6,4470178
29809,4470355,15,4470370
29810,4470422,14,4470436
29811,4470465,33,4470498
29812,4470738,68,4470806
29813,4470811,68,4470879
29814,4470959,58,4471017
29815,4471018,30,4471048
29816,4471194,16,4471210
29817,4471289,69,4471358
29818,4471647,46,4471693
29819,4471694,64,4471758
29820,4471772,17,4471789
29821,4471869,19,4471888
29822,4471963,56,4472019
29823,4472042,15,4472057
29824,4472236,190,4472426
29825,4472458,126,4472584
29826,4472659,105,4472764
29827,4472913,7,4472920
29828,4473021,35,4473056
29829,4473269,88,4473357
29830,4473482,19,4473501
29831,4473516,11,4473527
29832,4473579,85,4473664
29833,4473684,18,4473702
29834,4473802,97,4473899
29835,4473988,7,4473995
29836,4474021,10,4474031
29837,4474048,43,4474091
29838,4474099,113,4474212
29839,4474392,29,4474421
29840,4474430,25,4474455
29841,4474503,12,4474515
29842,4474588,87,4474675
29843,4474692,12,4474704
29844,4475026,28,4475054
29845,4475186,4,4475190
29846,4475219,1,4475220
29847,4475229,26,4475255
29848,4475329,31,4475360
29849,4475458,23,4475481
29850,4475486,11,4475497
29851,4475597,26,4475623
29852,4475831,51,4475882
29853,4476011,71,4476082
29854,4476101,115,4476216
29855,4476252,11,4476263
29856,4476329,84,4476413
29857,4476456,265,4476721
29858,4476741,329,4477070
29859,4477167,87,4477254
29860,4477300,92,4477392
29861,4477421,3,4477424
29862,4477485,20,4477505
29863,4477626,27,4477653
29864,4477754,21,4477775
29865,4477929,113,4478042
29866,4478049,26,4478075
29867,4478130,12,4478142
29868,4478251,12,4478263
29869,4478268,14,4478282
29870,4478295,21,4478316
29871,4478509,43,4478552
29872,4478556,20,4478576
29873,4478640,12,4478652
29874,4478736,17,4478753
29875,4479014,12,4479026
29876,4479033,13,4479046
29877,4479135,23,4479158
29878,4479482,16,4479498
29879,4479591,49,4479640
29880,4479684,28,4479712
29881,4479798,9,4479807
29882,4479863,80,4479943
29883,4480087,133,4480220
29884,4480287,112,4480399
29885,4480627,12,4480639
29886,4480715,34,4480749
29887,4480906,6,4480912
29888,4481028,120,4481148
29889,4481167,27,4481194
29890,4481341,55,4481396
29891,4481400,67,4481467
29892,4481504,34,4481538
29893,4481658,92,4481750
29894,4481873,80,4481953
29895,4482030,32,4482062
29896,4482122,10,4482132
29897,4482365,31,4482396
29898,4482428,30,4482458
29899,4482590,78,4482668
29900,4482712,54,4482766
29901,4482778,8,4482786
29902,4482833,9,4482842
29903,4482858,24,4482882
29904,4482925,20,4482945
29905,4482963,53,4483016
29906,4483191,144,4483335
29907,4483647,23,4483670
29908,4483744,20,4483764
29909,4483823,51,4483874
29910,4483933,36,4483969
29911,4483989,71,4484060
29912,4484182,52,4484234
29913,4484327,37,4484364
29914,4484397,56,4484453
29915,4484603,24,4484627
29916,4484685,22,4484707
29917,4484766,263,4485029
29918,4485056,80,4485136
29919,4485147,19,4485166
29920,4485171,156,4485327
29921,4485356,15,4485371
29922,4485636,65,4485701
29923,4485742,80,4485822
29924,4485976,49,4486025
29925,4486029,16,4486045
29926,4486254,10,4486264
29927,4486453,30,4486483
29928,4486662,343,4487005
29929,4487134,22,4487156
29930,4487472,11,4487483
29931,4487550,38,4487588
29932,4487593,108,4487701
29933,4487854,7,4487861
29934,4487875,50,4487925
29935,4488133,24,4488157
29936,4488235,20,4488255
29937,4488292,21,4488313
29938,4488341,41,4488382
29939,4488526,58,4488584
29940,4488603,20,4488623
29941,4488688,5,4488693
29942,4488969,31,4489000
29943,4489109,23,4489132
29944,4489155,1,4489156
29945,4489305,130,4489435
29946,4489467,45,4489512
29947,4489761,23,4489784
29948,4489793,60,4489853
29949,4489901,4,4489905
29950,4489973,67,4490040
29951,4490160,20,4490180
29952,4490294,36,4490330
29953,4490519,34,4490553
29954,4490580,66,4490646
29955,4490728,60,4490788
29956,4490826,21,4490847
29957,4490898,71,4490969
29958,4490977,34,4491011
29959,4491277,147,4491424
29960,4491478,140,4491618
29961,4491650,235,4491885
29962,4491972,43,4492015
29963,4492151,31,4492182
29964,4492223,34,4492257
29965,4492386,261,4492647
29966,4492897,55,4492952
29967,4493001,16,4493017
29968,4493088,28,4493116
29969,4493149,1,4493150
29970,4493176,42,4493218
29971,4493265,37,4493302
29972,4493359,2,4493361
29973,4493689,81,4493770
29974,4493917,28,4493945
29975,4494015,27,4494042
29976,4494275,129,4494404
29977,4494407,38,4494445
29978,4494546,21,4494567
29979,4494897,20,4494917
29980,4494998,25,4495023
29981,4495024,15,4495039
29982,4495067,49,4495116
29983,4495185,15,4495200
29984,4495512,104,4495616
29985,4495910,30,4495940
29986,4495993,28,4496021
29987,4496023,26,4496049
29988,4496086,60,4496146
29989,4496197,42,4496239
29990,4496274,21,4496295
29991,4496673,21,4496694
29992,4496891,2,4496893
29993,4496981,23,4497004
29994,4497075,29,4497104
29995,4497246,80,4497326
29996,4497365,10,4497375
29997,4497508,68,4497576
29998,4497608,24,4497632
29999,4497877,66,4497943
30000,4497986,63,4498049
30001,4498161,36,4498197
30002,4498333,137,4498470
30003,4498589,39,4498628
30004,4498847,65,4498912
30005,4499160,15,4499175
30006,4499183,59,4499242
30007,4499303,17,4499320
30008,4499342,96,4499438
30009,4499583,22,4499605
30010,4499674,59,4499733
30011,4499736,98,4499834
30012,4499969,49,4500018
30013,4500059,139,4500198
30014,4500201,28,4500229
30015,4500450,15,4500465
30016,4500513,34,4500547
30017,4500625,58,4500683
30018,4500829,39,4500868
30019,4501188,24,4501212
30020,4501243,77,4501320
30021,4501324,3,4501327
30022,4501378,30,4501408
30023,4501415,7,4501422
30024,4501426,134,4501560
30025,4501576,47,4501623
30026,4501642,18,4501660
30027,4501669,35,4501704
30028,4501823,156,4501979
30029,4501985,21,4502006
30030,4502189,10,4502199
30031,4502338,35,4502373
30032,4502436,19,4502455
30033,4502700,90,4502790
30034,4502817,1,4502818
30035,4502858,29,4502887
30036,4503036,66,4503102
30037,4503110,81,4503191
30038,4503192,57,4503249
30039,4503259,91,4503350
30040,4503365,40,4503405
30041,4503577,23,4503600
30042,4503672,140,4503812
30043,4503889,11,4503900
30044,4503915,5,4503920
30045,4503948,54,4504002
30046,4504267,1,4504268
30047,4504439,78,4504517
30048,4504528,26,4504554
30049,4504729,190,4504919
30050,4504953,26,4504979
30051,4504990,13,4505003
30052,4505210,24,4505234
30053,4505400,1,4505401
30054,4505631,9,4505640
30055,4505788,85,4505873
30056,4505972,6,4505978
30057,4506297,11,4506308
30058,4506385,37,4506422
30059,4506463,26,4506489
30060,4506506,5,4506511
30061,4506577,24,4506601
30062,4506611,133,4506744
30063,4506779,2,4506781
30064,4506949,28,4506977
30065,4507025,37,4507062
30066,4507068,14,4507082
30067,4507275,29,4507304
30068,4507426,9,4507435
30069,4507574,32,4507606
30070,4507683,13,4507696
30071,4507725,75,4507800
30072,4507847,79,4507926
30073,4507930,53,4507983
30074,4508030,19,4508049
30075,4508071,111,4508182
30076,4508193,113,4508306
30077,4508329,46,4508375
30078,4508528,7,4508535
30079,4508619,28,4508647
30080,4508947,49,4508996
30081,4509257,32,4509289
30082,4509296,113,4509409
30083,4509462,123,4509585
30084,4509639,49,4509688
30085,4509721,43,4509764
30086,4510007,34,4510041
30087,4510200,26,4510226
30088,4510310,8,4510318
30089,4510765,70,4510835
30090,4510848,18,4510866
30091,4510934,98,4511032
30092,4511182,15,4511197
30093,4511337,48,4511385
30094,4511394,88,4511482
30095,4511533,99,4511632
30096,4511636,45,4511681
30097,4511684,46,4511730
30098,4511875,1,4511876
30099,4511899,19,4511918
30100,4511978,106,4512084
30101,4512115,16,4512131
30102,4512401,198,4512599
30103,4512716,24,4512740
30104,4512775,5,4512780
30105,4512816,64,4512880
30106,4513046,38,4513084
30107,4513149,15,4513164
30108,4513277,14,4513291
30109,4513301,76,4513377
30110,4513513,51,4513564
30111,4513603,92,4513695
30112,4513917,4,4513921
30113,4513960,77,4514037
30114,4514154,152,4514306
30115,4514332,67,4514399
30116,4514513,85,4514598
30117,4514774,20,4514794
30118,4515008,36,4515044
30119,4515104,18,4515122
30120,4515130,9,4515139
30121,4515300,34,4515334
30122,4515347,11,4515358
30123,4515437,20,4515457
30124,4515523,41,4515564
30125,4515589,70,4515659
30126,4515888,148,4516036
30127,4516073,64,4516137
30128,4516244,3,4516247
30129,4516346,135,4516481
30130,4516501,71,4516572
30131,4516611,22,4516633
30132,4516793,38,4516831
30133,4516876,54,4516930
30134,4516932,71,4517003
30135,4517082,19,4517101
30136,4517496,20,4517516
30137,4517521,148,4517669
30138,4517901,38,4517939
30139,4518038,2,4518040
30140,4518139,34,4518173
30141,4518600,78,4518678
30142,4518827,74,4518901
30143,4518950,35,4518985
30144,4518993,35,4519028
30145,4519116,32,4519148
30146,4519178,184,4519362
30147,4519382,190,4519572
30148,4519592,36,4519628
30149,4519643,65,4519708
30150,4519779,50,4519829
30151,4519924,58,4519982
30152,4519991,61,4520052
30153,4520148,1,4520149
30154,4520236,215,4520451
30155,4520511,62,4520573
30156,4520680,118,4520798
30157,4521012,101,4521113
30158,4521176,145,4521321
30159,4521545,9,4521554
30160,4521598,74,4521672
30161,4521692,73,4521765
30162,4521800,19,4521819
30163,4521831,75,4521906
30164,4521959,106,4522065
30165,4522192,13,4522205
30166,4522260,62,4522322
30167,4522372,4,4522376
30168,4522542,121,4522663
30169,4522710,6,4522716
30170,4522865,5,4522870
30171,4522883,94,4522977
30172,4523178,6,4523184
30173,4523236,95,4523331
30174,4523652,8,4523660
30175,4523705,109,4523814
30176,4523867,188,4524055
30177,4524062,8,4524070
30178,4524147,16,4524163
30179,4524222,11,4524233
30180,4524235,13,4524248
30181,4524416,24,4524440
30182,4524477,42,4524519
30183,4524592,57,4524649
30184,4524685,41,4524726
30185,4524907,7,4524914
30186,4524947,4,4524951
30187,4524995,13,4525008
30188,4525216,80,4525296
30189,4525303,12,4525315
30190,4525921,131,4526052
30191,4526139,47,4526186
30192,4526603,6,4526609
30193,4526644,67,4526711
30194,4526789,73,4526862
30195,4526865,109,4526974
30196,4527090,77,4527167
30197,4527283,4,4527287
30198,4527679,57,4527736
30199,4527744,63,4527807
30200,4527982,8,4527990
30201,4528005,22,4528027
30202,4528117,43,4528160
30203,4528630,158,4528788
30204,4528844,32,4528876
30205,4528964,37,4529001
30206,4529030,53,4529083
30207,4529263,2,4529265
30208,4529401,107,4529508
30209,4529530,73,4529603
30210,4529652,45,4529697
30211,4529763,122,4529885
30212,4529932,30,4529962
30213,4530245,1,4530246
30214,4530412,168,4530580
30215,4530625,35,4530660
30216,4530733,15,4530748
30217,4530916,6,4530922
30218,4530931,22,4530953
30219,4530968,35,4531003
30220,4531143,36,4531179
30221,4531372,58,4531430
30222,4531461,82,4531543
30223,4531591,42,4531633
30224,4531826,42,4531868
30225,4532194,10,4532204
30226,4532304,198,4532502
30227,4532561,55,4532616
30228,4532761,76,4532837
30229,4532853,44,4532897
30230,4532978,84,4533062
30231,4533133,28,4533161
30232,4533299,9,4533308
30233,4533419,1,4533420
30234,4533471,24,4533495
30235,4533548,18,4533566
30236,4533646,37,4533683
30237,4533700,31,4533731
30238,4533787,68,4533855
30239,4534024,46,4534070
30240,4534289,1,4534290
30241,4534318,183,4534501
30242,4534543,18,4534561
30243,4534640,16,4534656
30244,4534706,112,4534818
30245,4535348,169,4535517
30246,4535535,101,4535636
30247,4535683,12,4535695
30248,4535903,25,4535928
30249,4535987,112,4536099
30250,4536115,50,4536165
30251,4536173,44,4536217
30252,4536296,133,4536429
30253,4536627,40,4536667
30254,4536832,75,4536907
30255,4536999,33,4537032
30256,4537076,23,4537099
30257,4537197,6,4537203
30258,4537257,79,4537336
30259,4537492,26,4537518
30260,4537536,140,4537676
30261,4538130,100,4538230
30262,4538308,49,4538357
30263,4538369,116,4538485
30264,4538586,48,4538634
30265,4538650,51,4538701
30266,4538741,22,4538763
30267,4538773,52,4538825
30268,4538860,67,4538927
30269,4538962,53,4539015
30270,4539036,9,4539045
30271,4539413,37,4539450
30272,4539500,7,4539507
30273,4539536,88,4539624
30274,4539861,5,4539866
30275,4539904,5,4539909
30276,4539932,58,4539990
30277,4540069,82,4540151
30278,4540170,19,4540189
30279,4540191,85,4540276
30280,4540413,35,4540448
30281,4540793,101,4540894
30282,4541275,15,4541290
30283,4541316,90,4541406
30284,4541458,15,4541473
30285,4541544,6,4541550
30286,4541624,4,4541628
30287,4541638,228,4541866
30288,4541957,2,4541959
30289,4541964,2,4541966
30290,4542076,77,4542153
30291,4542549,9,4542558
30292,4542730,10,4542740
30293,4542794,28,4542822
30294,4542825,105,4542930
30295,4543166,39,4543205
30296,4543298,10,4543308
30297,4543333,3,4543336
30298,4543614,93,4543707
30299,4543974,3,4543977
30300,4544024,37,4544061
30301,4544068,60,4544128
30302,4544147,18,4544165
30303,4544290,28,4544318
30304,4544386,10,4544396
30305,4544404,15,4544419
30306,4544551,49,4544600
30307,4544668,156,4544824
30308,4544832,27,4544859
30309,4544919,123,4545042
30310,4545070,137,4545207
30311,4545425,62,4545487
30312,4545822,32,4545854
30313,4545899,65,4545964
30314,4545971,82,4546053
30315,4546092,29,4546121
30316,4546339,13,4546352
30317,4546617,81,4546698
30318,4546724,3,4546727
30319,4546752,65,4546817
30320,4546882,89,4546971
30321,4546988,75,4547063
30322,4547223,80,4547303
30323,4547394,27,4547421
30324,4547512,42,4547554
30325,4547722,12,4547734
30326,4547751,22,4547773
30327,4548002,37,4548039
30328,4548117,7,4548124
30329,4548155,45,4548200
30330,4548517,20,4548537
30331,4548678,13,4548691
30332,4548979,100,4549079
30333,4549127,15,4549142
30334,4549280,16,4549296
30335,4549672,26,4549698
30336,4549742,22,4549764
30337,4549812,106,4549918
30338,4549921,5,4549926
30339,4549953,24,4549977
30340,4550001,14,4550015
30341,4550239,16,4550255
30342,4550317,45,4550362
30343,4550498,53,4550551
30344,4550582,22,4550604
30345,4550744,15,4550759
30346,4550779,30,4550809
30347,4550886,15,4550901
30348,4550995,25,4551020
30349,4551294,105,4551399
30350,4551492,204,4551696
30351,4551744,65,4551809
30352,4551812,37,4551849
30353,4551872,8,4551880
30354,4551936,95,4552031
30355,4552134,60,4552194
30356,4552303,23,4552326
30357,4552638,5,4552643
30358,4552650,16,4552666
30359,4552695,78,4552773
30360,4552922,3,4552925
30361,4552992,199,4553191
30362,4553223,17,4553240
30363,4553279,1,4553280
30364,4553366,65,4553431
30365,4553716,2,4553718
30366,4553728,65,4553793
30367,4553895,86,4553981
30368,4554057,7,4554064
30369,4554098,28,4554126
30370,4554161,34,4554195
30371,4554267,21,4554288
30372,4554444,44,4554488
30373,4554500,25,4554525
30374,4554609,274,4554883
30375,4555103,23,4555126
30376,4555165,50,4555215
30377,4555245,72,4555317
30378,4555516,84,4555600
30379,4556418,52,4556470
30380,4556626,2,4556628
30381,4556696,27,4556723
30382,4556906,24,4556930
30383,4557131,9,4557140
30384,4557174,35,4557209
30385,4557260,50,4557310
30386,4557326,4,4557330
30387,4557471,49,4557520
30388,4557585,17,4557602
30389,4557983,27,4558010
30390,4558116,18,4558134
30391,4558236,105,4558341
30392,4558474,82,4558556
30393,4558636,104,4558740
30394,4558831,23,4558854
30395,4558986,7,4558993
30396,4558997,64,4559061
30397,4559071,48,4559119
30398,4559150,10,4559160
30399,4559189,120,4559309
30400,4559348,1,4559349
30401,4559386,84,4559470
30402,4559583,227,4559810
30403,4559836,66,4559902
30404,4559964,17,4559981
30405,4560054,74,4560128
30406,4560132,44,4560176
30407,4560191,40,4560231
30408,4560253,36,4560289
30409,4560320,3,4560323
30410,4560394,120,4560514
30411,4560532,57,4560589
30412,4560779,122,4560901
30413,4561056,88,4561144
30414,4561236,68,4561304
30415,4561345,90,4561435
30416,4561620,20,4561640
30417,4561677,82,4561759
30418,4561871,98,4561969
30419,4561974,12,4561986
30420,4562029,5,4562034
30421,4562061,67,4562128
30422,4562299,174,4562473
30423,4562518,2,4562520
30424,4562617,4,4562621
30425,4562632,6,4562638
30426,4562952,52,4563004
30427,4563103,44,4563147
30428,4563159,10,4563169
30429,4563204,51,4563255
30430,4563278,66,4563344
30431,4563378,37,4563415
30432,4563432,27,4563459
30433,4563460,17,4563477
30434,4563508,30,4563538
30435,4563737,136,4563873
30436,4564318,84,4564402
30437,4564562,5,4564567
30438,4564701,12,4564713
30439,4564881,23,4564904
30440,4565216,19,4565235
30441,4565497,57,4565554
30442,4565902,41,4565943
30443,4565949,73,4566022
30444,4566065,42,4566107
30445,4566165,160,4566325
30446,4566336,21,4566357
30447,4566444,85,4566529
30448,4566628,159,4566787
30449,4566818,1,4566819
30450,4566884,39,4566923
30451,4566981,11,4566992
30452,4567073,130,4567203
30453,4567388,109,4567497
30454,4567499,7,4567506
30455,4567759,38,4567797
30456,4567799,115,4567914
30457,4567991,10,4568001
30458,4568035,16,4568051
30459,4568094,16,4568110
30460,4568358,48,4568406
30461,4568459,29,4568488
30462,4568493,43,4568536
30463,4568611,27,4568638
30464,4568763,35,4568798
30465,4569088,17,4569105
30466,4569447,8,4569455
30467,4569629,4,4569633
30468,4569644,35,4569679
30469,4569706,11,4569717
30470,4569884,71,4569955
30471,4569971,26,4569997
30472,4570015,7,4570022
30473,4570301,167,4570468
30474,4570630,35,4570665
30475,4570666,35,4570701
30476,4570710,52,4570762
30477,4570879,4,4570883
30478,4571092,24,4571116
30479,4571291,44,4571335
30480,4571436,10,4571446
30481,4571578,66,4571644
30482,4571777,63,4571840
30483,4571915,29,4571944
30484,4572071,12,4572083
30485,4572158,10,4572168
30486,4572198,56,4572254
30487,4572256,53,4572309
30488,4572400,40,4572440
30489,4572448,149,4572597
30490,4572616,100,4572716
30491,4573058,15,4573073
30492,4573322,40,4573362
30493,4573472,23,4573495
30494,4573619,96,4573715
30495,4573738,84,4573822
30496,4573832,148,4573980
30497,4574282,19,4574301
30498,4574325,53,4574378
30499,4574418,20,4574438
30500,4574522,5,4574527
30501,4574619,33,4574652
30502,4574755,18,4574773
30503,4574840,43,4574883
30504,4574895,26,4574921
30505,4574953,11,4574964
30506,4575001,12,4575013
30507,4575123,48,4575171
30508,4575292,13,4575305
30509,4575324,132,4575456
30510,4575485,6,4575491
30511,4575512,4,4575516
30512,4575533,133,4575666
30513,4575841,5,4575846
30514,4575848,172,4576020
30515,4576056,35,4576091
30516,4576311,4,4576315
30517,4576549,11,4576560
30518,4576659,228,4576887
30519,4576906,69,4576975
30520,4577051,86,4577137
30521,4577198,7,4577205
30522,4577212,45,4577257
30523,4577445,6,4577451
30524,4577520,53,4577573
30525,4577671,15,4577686
30526,4577771,28,4577799
30527,4577840,83,4577923
30528,4577997,85,4578082
30529,4578172,59,4578231
30530,4578256,9,4578265
30531,4578327,80,4578407
30532,4578530,46,4578576
30533,4578584,15,4578599
30534,4578705,86,4578791
30535,4578803,40,4578843
30536,4578978,11,4578989
30537,4579029,27,4579056
30538,4579087,145,4579232
30539,4579414,3,4579417
30540,4579465,54,4579519
30541,4579732,158,4579890
30542,4579945,224,4580169
30543,4580292,55,4580347
30544,4580405,85,4580490
30545,4580561,82,4580643
30546,4580671,49,4580720
30547,4580725,31,4580756
30548,4581125,11,4581136
30549,4581262,84,4581346
30550,4581353,12,4581365
30551,4581370,12,4581382
30552,4581433,116,4581549
30553,4581684,84,4581768
30554,4581821,87,4581908
30555,4581953,49,4582002
30556,4582072,39,4582111
30557,4582147,137,4582284
30558,4582363,1,4582364
30559,4582516,9,4582525
30560,4582672,14,4582686
30561,4582743,18,4582761
30562,4582784,102,4582886
30563,4582936,84,4583020
30564,4583044,3,4583047
30565,4583115,7,4583122
30566,4583192,38,4583230
30567,4583308,34,4583342
30568,4583422,17,4583439
30569,4583442,33,4583475
30570,4583489,8,4583497
30571,4583517,219,4583736
30572,4583942,4,4583946
30573,4584079,10,4584089
30574,4584147,10,4584157
30575,4584229,12,4584241
30576,4584305,27,4584332
30577,4584366,202,4584568
30578,4584591,20,4584611
30579,4584700,26,4584726
30580,4584766,139,4584905
30581,4584913,37,4584950
30582,4585026,138,4585164
30583,4585172,52,4585224
30584,4585268,32,4585300
30585,4585360,58,4585418
30586,4585475,30,4585505
30587,4585575,2,4585577
30588,4585637,14,4585651
30589,4585762,13,4585775
30590,4585822,8,4585830
30591,4585884,35,4585919
30592,4585921,29,4585950
30593,4586261,61,4586322
30594,4586407,132,4586539
30595,4586721,104,4586825
30596,4587108,2,4587110
30597,4587196,126,4587322
30598,4587434,110,4587544
30599,4587756,34,4587790
30600,4587806,29,4587835
30601,4587936,8,4587944
30602,4588071,54,4588125
30603,4588207,26,4588233
30604,4588291,27,4588318
30605,4588327,70,4588397
30606,4588472,15,4588487
30607,4588576,2,4588578
30608,4588747,40,4588787
30609,4588963,81,4589044
30610,4589138,14,4589152
30611,4589255,1,4589256
30612,4589358,12,4589370
30613,4589416,78,4589494
30614,4589655,59,4589714
30615,4589829,6,4589835
30616,4590118,49,4590167
30617,4590174,43,4590217
30618,4590368,38,4590406
30619,4590457,102,4590559
30620,4590646,12,4590658
30621,4590690,38,4590728
30622,4590892,89,4590981
30623,4591015,10,4591025
30624,4591066,26,4591092
30625,4591107,8,4591115
30626,4591353,52,4591405
30627,4591488,83,4591571
30628,4591625,122,4591747
30629,4591785,13,4591798
30630,4591875,37,4591912
30631,4591931,14,4591945
30632,4591949,2,4591951
30633,4592145,145,4592290
30634,4592375,91,4592466
30635,4592633,142,4592775
30636,4592951,214,4593165
30637,4593176,80,4593256
30638,4593401,88,4593489
30639,4593598,63,4593661
30640,4593702,33,4593735
30641,4593739,55,4593794
30642,4593844,49,4593893
30643,4593913,21,4593934
30644,4594004,40,4594044
30645,4594122,34,4594156
30646,4594252,77,4594329
30647,4594599,143,4594742
30648,4594812,49,4594861
30649,4594864,18,4594882
30650,4594954,28,4594982
30651,4595017,15,4595032
30652,4595050,26,4595076
30653,4595104,21,4595125
30654,4595181,43,4595224
30655,4595438,3,4595441
30656,4595567,86,4595653
30657,4595766,41,4595807
30658,4595946,92,4596038
30659,4596216,3,4596219
30660,4596264,23,4596287
30661,4596365,24,4596389
30662,4596422,51,4596473
30663,4596475,101,4596576
30664,4597141,81,4597222
30665,4597235,10,4597245
30666,4597552,29,4597581
30667,4597611,35,4597646
30668,4597784,32,4597816
30669,4597869,28,4597897
30670,4598026,35,4598061
30671,4598104,37,4598141
30672,4598153,73,4598226
30673,4598243,308,4598551
30674,4598828,17,4598845
30675,4598853,21,4598874
30676,4598985,13,4598998
30677,4599081,34,4599115
30678,4599410,70,4599480
30679,4599630,129,4599759
30680,4600096,99,4600195
30681,4600214,11,4600225
30682,4600310,99,4600409
30683,4600507,14,4600521
30684,4600599,43,4600642
30685,4600704,152,4600856
30686,4600978,40,4601018
30687,4601099,8,4601107
30688,4601114,43,4601157
30689,4601519,7,4601526
30690,4601586,130,4601716
30691,4601754,18,4601772
30692,4601808,23,4601831
30693,4601879,38,4601917
30694,4602100,19,4602119
30695,4602160,24,4602184
30696,4602221,44,4602265
30697,4602406,17,4602423
30698,4602580,95,4602675
30699,4602691,9,4602700
30700,4602752,28,4602780
30701,4602961,11,4602972
30702,4602976,42,4603018
30703,4603393,42,4603435
30704,4603468,4,4603472
30705,4603663,17,4603680
30706,4603731,9,4603740
30707,4603768,6,4603774
30708,4603823,106,4603929
30709,4604291,29,4604320
30710,4604352,35,4604387
30711,4604479,41,4604520
30712,4604593,78,4604671
30713,4604708,32,4604740
30714,4604811,36,4604847
30715,4605003,47,4605050
30716,4605075,33,4605108
30717,4605293,3,4605296
30718,4605494,91,4605585
30719,4605726,13,4605739
30720,4605788,14,4605802
30721,4605817,12,4605829
30722,4605849,93,4605942
30723,4606078,7,4606085
30724,4606210,42,4606252
30725,4606262,46,4606308
30726,4606325,119,4606444
30727,4606580,55,4606635
30728,4606764,30,4606794
30729,4607059,63,4607122
30730,4607124,215,4607339
30731,4607466,14,4607480
30732,4607489,17,4607506
30733,4607821,28,4607849
30734,4607968,78,4608046
30735,4608127,24,4608151
30736,4608180,79,4608259
30737,4608264,20,4608284
30738,4608378,33,4608411
30739,4608781,83,4608864
30740,4609012,2,4609014
30741,4609217,62,4609279
30742,4609509,37,4609546
30743,4609673,17,4609690
30744,4609882,90,4609972
30745,4610145,9,4610154
30746,4610163,17,4610180
30747,4610251,106,4610357
30748,4610435,24,4610459
30749,4610554,42,4610596
30750,4610780,150,4610930
30751,4610976,13,4610989
30752,4611125,14,4611139
30753,4611229,34,4611263
30754,4611501,41,4611542
30755,4611558,3,4611561
30756,4611774,27,4611801
30757,4612032,10,4612042
30758,4612164,113,4612277
30759,4612321,21,4612342
30760,4612352,9,4612361
30761,4612374,29,4612403
30762,4612572,141,4612713
30763,4612805,35,4612840
30764,4612987,15,4613002
30765,4613019,23,4613042
30766,4613119,2,4613121
30767,4613127,175,4613302
30768,4613458,88,4613546
30769,4613584,32,4613616
30770,4613676,10,4613686
30771,4613811,47,4613858
30772,4613896,28,4613924
30773,4613944,8,4613952
30774,4613962,2,4613964
30775,4614134,115,4614249
30776,4614533,15,4614548
30777,4614656,23,4614679
30778,4614701,42,4614743
30779,4614993,63,4615056
30780,4615156,12,4615168
30781,4615205,73,4615278
30782,4615330,70,4615400
30783,4615408,126,4615534
30784,4615572,48,4615620
30785,4615979,100,4616079
30786,4616108,1,4616109
30787,4616172,89,4616261
30788,4616301,22,4616323
30789,4616395,61,4616456
30790,4616465,105,4616570
30791,4616581,22,4616603
30792,4616682,99,4616781
30793,4616915,12,4616927
30794,4616977,25,4617002
30795,4617188,83,4617271
30796,4617352,3,4617355
30797,4617421,82,4617503
30798,4617574,11,4617585
30799,4617690,8,4617698
30800,4617701,6,4617707
30801,4617789,13,4617802
30802,4617856,62,4617918
30803,4617988,79,4618067
30804,4618167,37,4618204
30805,4618417,1,4618418
30806,4618461,9,4618470
30807,4618595,28,4618623
30808,4618734,25,4618759
30809,4618919,53,4618972
30810,4618982,119,4619101
30811,4619179,18,4619197
30812,4619258,55,4619313
30813,4619431,36,4619467
30814,4619489,67,4619556
30815,4619661,14,4619675
30816,4619723,33,4619756
30817,4619944,51,4619995
30818,4620009,27,4620036
30819,4620060,6,4620066
30820,4620139,26,4620165
30821,4620225,155,4620380
30822,4620544,32,4620576
30823,4620652,18,4620670
30824,4620839,52,4620891
30825,4620907,101,4621008
30826,4621164,33,4621197
30827,4621252,70,4621322
30828,4621497,3,4621500
30829,4621598,22,4621620
30830,4621641,53,4621694
30831,4621785,57,4621842
30832,4622023,20,4622043
30833,4622180,109,4622289
30834,4622336,174,4622510
30835,4622558,37,4622595
30836,4622600,5,4622605
30837,4622657,42,4622699
30838,4622704,139,4622843
30839,4623065,75,4623140
30840,4623243,12,4623255
30841,4623313,26,4623339
30842,4623359,123,4623482
30843,4623524,25,4623549
30844,4623619,26,4623645
30845,4623773,9,4623782
30846,4624195,113,4624308
30847,4624765,100,4624865
30848,4624887,113,4625000
30849,4625224,12,4625236
30850,4625301,27,4625328
30851,4625598,65,4625663
30852,4625755,86,4625841
30853,4625885,15,4625900
30854,4625931,24,4625955
30855,4626002,37,4626039
30856,4626302,55,4626357
30857,4626395,1,4626396
30858,4626681,14,4626695
30859,4626703,20,4626723
30860,4626768,15,4626783
30861,4626998,54,4627052
30862,4627109,4,4627113
30863,4627132,32,4627164
30864,4627615,7,4627622
30865,4627713,130,4627843
30866,4627857,17,4627874
30867,4627908,63,4627971
30868,4628083,132,4628215
30869,4628284,7,4628291
30870,4628522,17,4628539
30871,4628585,4,4628589
30872,4628646,86,4628732
30873,4628820,203,4629023
30874,4629194,195,4629389
30875,4629392,4,4629396
30876,4629725,5,4629730
30877,4629872,73,4629945
30878,4629947,48,4629995
30879,4630012,75,4630087
30880,4630171,6,4630177
30881,4630183,2,4630185
30882,4630379,18,4630397
30883,4630433,21,4630454
30884,4630560,47,4630607
30885,4630680,293,4630973
30886,4631068,55,4631123
30887,4631277,47,4631324
30888,4631589,5,4631594
30889,4631832,27,4631859
30890,4631872,24,4631896
30891,4631941,78,4632019
30892,4632097,38,4632135
30893,4632187,152,4632339
30894,4632478,52,4632530
30895,4632542,68,4632610
30896,4632685,34,4632719
30897,4632763,222,4632985
30898,4633198,93,4633291
30899,4633341,34,4633375
30900,4633436,38,4633474
30901,4633578,15,4633593
30902,4633705,16,4633721
30903,4633851,70,4633921
30904,4633930,25,4633955
30905,4633993,31,4634024
30906,4634149,107,4634256
30907,4634298,26,4634324
30908,4634477,15,4634492
30909,4634606,8,4634614
30910,4634738,15,4634753
30911,4634978,20,4634998
30912,4635010,44,4635054
30913,4635432,46,4635478
30914,4635502,21,4635523
30915,4635646,63,4635709
30916,4635929,6,4635935
30917,4635971,28,4635999
30918,4636067,60,4636127
30919,4636205,20,4636225
30920,4636274,9,4636283
30921,4636323,19,4636342
30922,4636382,10,4636392
30923,4636420,23,4636443
30924,4636455,22,4636477
30925,4636795,214,4637009
30926,4637152,7,4637159
30927,4637198,19,4637217
30928,4637438,8,4637446
30929,4637530,3,4637533
30930,4637878,108,4637986
30931,4638034,140,4638174
30932,4638507,65,4638572
30933,4638748,33,4638781
30934,4638946,38,4638984
30935,4639116,15,4639131
30936,4639312,34,4639346
30937,4639893,5,4639898
30938,4639910,163,4640073
30939,4640087,58,4640145
30940,4640282,65,4640347
30941,4640516,73,4640589
30942,4640872,29,4640901
30943,4641126,10,4641136
30944,4641153,25,4641178
30945,4641899,40,4641939
30946,4641957,79,4642036
30947,4642269,61,4642330
30948,4642338,21,4642359
30949,4642611,41,4642652
30950,4642887,152,4643039
30951,4643189,77,4643266
30952,4643272,2,4643274
30953,4643372,120,4643492
30954,4643639,33,4643672
30955,4643703,9,4643712
30956,4643858,56,4643914
30957,4643948,44,4643992
30958,4643998,15,4644013
30959,4644183,12,4644195
30960,4644225,8,4644233
30961,4644267,67,4644334
30962,4644348,71,4644419
30963,4644450,69,4644519
30964,4644585,16,4644601
30965,4644831,47,4644878
30966,4644907,13,4644920
30967,4644978,7,4644985
30968,4644999,29,4645028
30969,4645032,24,4645056
30970,4645322,15,4645337
30971,4645682,36,4645718
30972,4645810,58,4645868
30973,4645989,74,4646063
30974,4646065,134,4646199
30975,4646220,107,4646327
30976,4646331,8,4646339
30977,4646357,41,4646398
30978,4646608,28,4646636
30979,4646749,8,4646757
30980,4646767,4,4646771
30981,4647192,51,4647243
30982,4647290,69,4647359
30983,4647548,3,4647551
30984,4647708,3,4647711
30985,4647798,6,4647804
30986,4647918,10,4647928
30987,4648261,37,4648298
30988,4648354,93,4648447
30989,4648523,75,4648598
30990,4648663,57,4648720
30991,4648833,22,4648855
30992,4648942,20,4648962
30993,4649060,29,4649089
30994,4649128,14,4649142
30995,4649267,1,4649268
30996,4649405,65,4649470
30997,4649540,5,4649545
30998,4649759,90,4649849
30999,4650201,49,4650250
31000,4650284,8,4650292
31001,4650313,26,4650339
31002,4650523,30,4650553
31003,4650618,46,4650664
31004,4650684,32,4650716
31005,4650793,1,4650794
31006,4650916,25,4650941
31007,4650982,2,4650984
31008,4651048,41,4651089
31009,4651257,2,4651259
31010,4651365,19,4651384
31011,4651546,39,4651585
31012,4651814,2,4651816
31013,4651817,2,4651819
31014,4651824,4,4651828
31015,4651987,86,4652073
31016,4652119,84,4652203
31017,4652246,94,4652340
31018,4652345,43,4652388
31019,4652481,81,4652562
31020,4652640,55,4652695
31021,4652707,44,4652751
31022,4652804,77,4652881
31023,4653001,43,4653044
31024,4653065,48,4653113
31025,4653138,22,4653160
31026,4653421,6,4653427
31027,4653537,6,4653543
31028,4653648,19,4653667
31029,4653732,27,4653759
31030,4653872,14,4653886
31031,4653935,5,4653940
31032,4654192,31,4654223
31033,4654226,43,4654269
31034,4654285,202,4654487
31035,4654954,1,4654955
31036,4655027,34,4655061
31037,4655127,21,4655148
31038,4655167,79,4655246
31039,4655313,41,4655354
31040,4655433,58,4655491
31041,4655750,11,4655761
31042,4655775,50,4655825
31043,4655974,15,4655989
31044,4656298,34,4656332
31045,4656334,123,4656457
31046,4656481,43,4656524
31047,4656531,172,4656703
31048,4656714,17,4656731
31049,4656983,19,4657002
31050,4657047,35,4657082
31051,4657107,19,4657126
31052,4657193,23,4657216
31053,4657253,26,4657279
31054,4657538,40,4657578
31055,4657685,64,4657749
31056,4657756,39,4657795
31057,4657984,87,4658071
31058,4658078,46,4658124
31059,4658155,15,4658170
31060,4658433,165,4658598
31061,4658674,34,4658708
31062,4658871,29,4658900
31063,4659001,173,4659174
31064,4659389,179,4659568
31065,4659874,1,4659875
31066,4659996,12,4660008
31067,4660044,144,4660188
31068,4660327,24,4660351
31069,4660437,2,4660439
31070,4660746,22,4660768
31071,4660778,1,4660779
31072,4660798,31,4660829
31073,4661053,26,4661079
31074,4661173,31,4661204
31075,4661284,97,4661381
31076,4661393,262,4661655
31077,4661693,4,4661697
31078,4661755,71,4661826
31079,4661884,12,4661896
31080,4661908,6,4661914
31081,4661920,32,4661952
31082,4662112,19,4662131
31083,4662185,14,4662199
31084,4662545,7,4662552
31085,4662725,14,4662739
31086,4662927,27,4662954
31087,4663043,157,4663200
31088,4663454,84,4663538
31089,4663701,69,4663770
31090,4663896,84,4663980
31091,4664171,64,4664235
31092,4664502,39,4664541
31093,4664591,92,4664683
31094,4664753,57,4664810
31095,4664813,5,4664818
31096,4664876,21,4664897
31097,4664915,39,4664954
31098,4665250,90,4665340
31099,4665470,26,4665496
31100,4665643,95,4665738
31101,4666014,74,4666088
31102,4666307,36,4666343
31103,4666427,12,4666439
31104,4666508,2,4666510
31105,4666663,205,4666868
31106,4666987,111,4667098
31107,4667144,18,4667162
31108,4667282,27,4667309
31109,4667412,38,4667450
31110,4667501,162,4667663
31111,4667732,3,4667735
31112,4667758,63,4667821
31113,4667847,7,4667854
31114,4667916,31,4667947
31115,4667996,113,4668109
31116,4668165,165,4668330
31117,4668436,11,4668447
31118,4668512,8,4668520
31119,4668534,96,4668630
31120,4668650,71,4668721
31121,4668797,22,4668819
31122,4668841,6,4668847
31123,4668848,280,4669128
31124,4669144,32,4669176
31125,4669258,343,4669601
31126,4669624,23,4669647
31127,4669653,13,4669666
31128,4669936,64,4670000
31129,4670018,35,4670053
31130,4670123,39,4670162
31131,4670274,158,4670432
31132,4670434,189,4670623
31133,4670822,41,4670863
31134,4671045,10,4671055
31135,4671412,55,4671467
31136,4671497,148,4671645
31137,4671652,43,4671695
31138,4671706,64,4671770
31139,4671771,18,4671789
31140,4671918,20,4671938
31141,4671968,41,4672009
31142,4672018,2,4672020
31143,4672090,111,4672201
31144,4672273,257,4672530
31145,4672551,16,4672567
31146,4672618,126,4672744
31147,4672842,16,4672858
31148,4673018,82,4673100
31149,4673208,18,4673226
31150,4673288,67,4673355
31151,4673420,8,4673428
31152,4673700,12,4673712
31153,4673717,21,4673738
31154,4673961,39,4674000
31155,4674010,100,4674110
31156,4674123,60,4674183
31157,4674310,61,4674371
31158,4674397,123,4674520
31159,4674614,11,4674625
31160,4674672,46,4674718
31161,4675038,16,4675054
31162,4675064,89,4675153
31163,4675184,51,4675235
31164,4675299,212,4675511
31165,4675607,32,4675639
31166,4675764,4,4675768
31167,4675979,98,4676077
31168,4676119,217,4676336
31169,4676396,2,4676398
31170,4676671,17,4676688
31171,4677058,5,4677063
31172,4677127,36,4677163
31173,4677257,8,4677265
31174,4677677,73,4677750
31175,4677926,38,4677964
31176,4678048,8,4678056
31177,4678287,133,4678420
31178,4678435,60,4678495
31179,4678725,22,4678747
31180,4678759,57,4678816
31181,4678922,59,4678981
31182,4678984,24,4679008
31183,4679026,6,4679032
31184,4679037,51,4679088
31185,4679148,23,4679171
31186,4679198,129,4679327
31187,4679331,50,4679381
31188,4679420,2,4679422
31189,4679488,10,4679498
31190,4679525,82,4679607
31191,4679666,43,4679709
31192,4679758,61,4679819
31193,4679822,12,4679834
31194,4679846,53,4679899
31195,4680009,35,4680044
31196,4680097,81,4680178
31197,4680225,88,4680313
31198,4680339,157,4680496
31199,4680554,16,4680570
31200,4680678,108,4680786
31201,4680805,18,4680823
31202,4680904,46,4680950
31203,4681061,72,4681133
31204,4681171,117,4681288
31205,4681301,25,4681326
31206,4681428,50,4681478
31207,4681525,5,4681530
31208,4681715,6,4681721
31209,4681786,68,4681854
31210,4682060,35,4682095
31211,4682317,43,4682360
31212,4682550,156,4682706
31213,4682796,22,4682818
31214,4682838,29,4682867
31215,4682894,259,4683153
31216,4683209,29,4683238
31217,4683241,2,4683243
31218,4683258,18,4683276
31219,4683424,61,4683485
31220,4683507,48,4683555
31221,4683587,6,4683593
31222,4683651,18,4683669
31223,4683817,19,4683836
31224,4684097,95,4684192
31225,4684239,72,4684311
31226,4684367,11,4684378
31227,4684428,5,4684433
31228,4684444,145,4684589
31229,4684621,63,4684684
31230,4684723,32,4684755
31231,4684855,5,4684860
31232,4684893,52,4684945
31233,4685379,24,4685403
31234,4685417,3,4685420
31235,4685497,65,4685562
31236,4685706,69,4685775
31237,4685844,1,4685845
31238,4686055,94,4686149
31239,4686167,37,4686204
31240,4686231,102,4686333
31241,4686387,116,4686503
31242,4686588,93,4686681
31243,4686771,1,4686772
31244,4687251,174,4687425
31245,4687520,98,4687618
31246,4687633,26,4687659
31247,4687840,61,4687901
31248,4687906,53,4687959
31249,4688595,20,4688615
31250,4688740,59,4688799
31251,4688971,22,4688993
31252,4689053,16,4689069
31253,4689109,58,4689167
31254,4689445,58,4689503
31255,4689509,8,4689517
31256,4689585,21,4689606
31257,4689611,43,4689654
31258,4689911,87,4689998
31259,4690069,91,4690160
31260,4690224,255,4690479
31261,4690504,57,4690561
31262,4690574,78,4690652
31263,4690825,13,4690838
31264,4690948,225,4691173
31265,4691178,245,4691423
31266,4691430,6,4691436
31267,4691517,8,4691525
31268,4691554,23,4691577
31269,4691835,1,4691836
31270,4691888,78,4691966
31271,4692119,44,4692163
31272,4692167,4,4692171
31273,4692186,77,4692263
31274,4692449,197,4692646
31275,4692681,39,4692720
31276,4692760,4,4692764
31277,4692905,49,4692954
31278,4693013,100,4693113
31279,4693287,35,4693322
31280,4693396,11,4693407
31281,4693488,66,4693554
31282,4693655,5,4693660
31283,4693717,10,4693727
31284,4693816,72,4693888
31285,4693979,10,4693989
31286,4694311,20,4694331
31287,4694358,51,4694409
31288,4694493,64,4694557
31289,4694646,136,4694782
31290,4694978,99,4695077
31291,4695136,39,4695175
31292,4695246,8,4695254
31293,4695479,17,4695496
31294,4695558,19,4695577
31295,4695741,32,4695773
31296,4695835,4,4695839
31297,4696048,4,4696052
31298,4696348,19,4696367
31299,4696381,135,4696516
31300,4696614,49,4696663
31301,4696699,21,4696720
31302,4696984,43,4697027
31303,4697122,8,4697130
31304,4697211,47,4697258
31305,4697350,26,4697376
31306,4697496,128,4697624
31307,4697629,61,4697690
31308,4697709,33,4697742
31309,4697750,19,4697769
31310,4697917,21,4697938
31311,4697950,74,4698024
31312,4698106,47,4698153
31313,4698327,123,4698450
31314,4698528,33,4698561
31315,4698639,5,4698644
31316,4698647,8,4698655
31317,4698794,14,4698808
31318,4698818,13,4698831
31319,4698875,117,4698992
31320,4699071,64,4699135
31321,4699200,29,4699229
31322,4699344,127,4699471
31323,4699631,2,4699633
31324,4700111,15,4700126
31325,4700148,54,4700202
31326,4700237,77,4700314
31327,4700383,46,4700429
31328,4700454,81,4700535
31329,4700622,27,4700649
31330,4700837,20,4700857
31331,4700971,49,4701020
31332,4701370,11,4701381
31333,4701503,35,4701538
31334,4701760,130,4701890
31335,4701928,11,4701939
31336,4701980,11,4701991
31337,4702129,20,4702149
31338,4702314,112,4702426
31339,4702439,119,4702558
31340,4702615,27,4702642
31341,4702711,80,4702791
31342,4703090,68,4703158
31343,4703187,87,4703274
31344,4703373,2,4703375
31345,4703640,35,4703675
31346,4703704,10,4703714
31347,4703732,166,4703898
31348,4703945,77,4704022
31349,4704124,43,4704167
31350,4704240,6,4704246
31351,4704261,18,4704279
31352,4704287,84,4704371
31353,4704390,24,4704414
31354,4704494,12,4704506
31355,4704669,13,4704682
31356,4704746,11,4704757
31357,4704860,93,4704953
31358,4705028,12,4705040
31359,4705175,26,4705201
31360,4705212,4,4705216
31361,4705359,110,4705469
31362,4705547,191,4705738
31363,4705743,16,4705759
31364,4705993,160,4706153
31365,4706473,5,4706478
31366,4706493,9,4706502
31367,4706568,51,4706619
31368,4706666,37,4706703
31369,4706818,68,4706886
31370,4706906,50,4706956
31371,4706969,22,4706991
31372,4707024,58,4707082
31373,4707097,14,4707111
31374,4707222,6,4707228
31375,4707253,87,4707340
31376,4707401,7,4707408
31377,4707651,31,4707682
31378,4707740,16,4707756
31379,4707845,12,4707857
31380,4707933,201,4708134
31381,4708170,31,4708201
31382,4708225,7,4708232
31383,4708301,9,4708310
31384,4708412,14,4708426
31385,4708505,49,4708554
31386,4708556,57,4708613
31387,4708758,41,4708799
31388,4708860,28,4708888
31389,4708915,26,4708941
31390,4709140,19,4709159
31391,4709268,73,4709341
31392,4709519,23,4709542
31393,4709543,18,4709561
31394,4709730,51,4709781
31395,4709840,2,4709842
31396,4709873,12,4709885
31397,4709971,46,4710017
31398,4710171,11,4710182
31399,4710340,66,4710406
31400,4710493,48,4710541
31401,4710790,30,4710820
31402,4710939,2,4710941
31403,4710982,79,4711061
31404,4711079,118,4711197
31405,4711352,52,4711404
31406,4711594,46,4711640
31407,4711742,96,4711838
31408,4711843,30,4711873
31409,4712004,35,4712039
31410,4712056,25,4712081
31411,4712404,12,4712416
31412,4712435,115,4712550
31413,4712560,79,4712639
31414,4712701,51,4712752
31415,4712847,66,4712913
31416,4713056,3,4713059
31417,4713156,69,4713225
31418,4713279,48,4713327
31419,4713343,19,4713362
31420,4713684,45,4713729
31421,4713770,18,4713788
31422,4713812,5,4713817
31423,4713826,18,4713844
31424,4713925,64,4713989
31425,4713991,148,4714139
31426,4714140,105,4714245
31427,4714327,3,4714330
31428,4714393,24,4714417
31429,4714588,46,4714634
31430,4714666,6,4714672
31431,4714731,44,4714775
31432,4715058,14,4715072
31433,4715136,74,4715210
31434,4715416,21,4715437
31435,4715535,49,4715584
31436,4715892,123,4716015
31437,4716081,89,4716170
31438,4716190,36,4716226
31439,4716231,8,4716239
31440,4716296,74,4716370
31441,4716485,48,4716533
31442,4716588,110,4716698
31443,4716791,23,4716814
31444,4716998,127,4717125
31445,4717139,74,4717213
31446,4717298,15,4717313
31447,4717327,12,4717339
31448,4717345,48,4717393
31449,4717416,43,4717459
31450,4717637,110,4717747
31451,4717796,72,4717868
31452,4717898,114,4718012
31453,4718110,30,4718140
31454,4718145,1,4718146
31455,4718293,10,4718303
31456,4718406,21,4718427
31457,4718734,12,4718746
31458,4718802,10,4718812
31459,4718963,16,4718979
31460,4719002,1,4719003
31461,4719148,15,4719163
31462,4719330,5,4719335
31463,4719354,75,4719429
31464,4719615,81,4719696
31465,4719925,8,4719933
31466,4719943,31,4719974
31467,4720018,188,4720206
31468,4720361,5,4720366
31469,4720400,87,4720487
31470,4720537,28,4720565
31471,4720586,71,4720657
31472,4720688,15,4720703
31473,4720759,68,4720827
31474,4720886,17,4720903
31475,4720938,2,4720940
31476,4721040,17,4721057
31477,4721144,26,4721170
31478,4722021,60,4722081
31479,4722213,44,4722257
31480,4722363,128,4722491
31481,4722513,24,4722537
31482,4722684,14,4722698
31483,4722701,102,4722803
31484,4723039,73,4723112
31485,4723310,25,4723335
31486,4723411,50,4723461
31487,4723491,4,4723495
31488,4723514,7,4723521
31489,4723552,43,4723595
31490,4723624,45,4723669
31491,4723725,12,4723737
31492,4724388,20,4724408
31493,4724605,10,4724615
31494,4724650,40,4724690
31495,4724804,68,4724872
31496,4724883,179,4725062
31497,4725083,32,4725115
31498,4725162,113,4725275
31499,4725375,149,4725524
31500,4725772,92,4725864
31501,4725890,21,4725911
31502,4725987,23,4726010
31503,4726114,15,4726129
31504,4726389,12,4726401
31505,4726413,75,4726488
31506,4726584,3,4726587
31507,4726658,113,4726771
31508,4726814,36,4726850
31509,4727161,82,4727243
31510,4727315,32,4727347
31511,4727505,7,4727512
31512,4727697,53,4727750
31513,4728041,77,4728118
31514,4728167,256,4728423
31515,4728470,39,4728509
31516,4728560,2,4728562
31517,4728602,7,4728609
31518,4728732,11,4728743
31519,4728919,11,4728930
31520,4729081,7,4729088
31521,4729255,17,4729272
31522,4729359,119,4729478
31523,4729715,31,4729746
31524,4729773,11,4729784
31525,4729826,22,4729848
31526,4729878,3,4729881
31527,4729942,51,4729993
31528,4730074,21,4730095
31529,4730233,13,4730246
31530,4730273,41,4730314
31531,4730388,5,4730393
31532,4730448,75,4730523
31533,4730524,105,4730629
31534,4730778,34,4730812
31535,4730856,6,4730862
31536,4730883,45,4730928
31537,4730950,59,4731009
31538,4731076,131,4731207
31539,4731260,25,4731285
31540,4731322,11,4731333
31541,4731578,5,4731583
31542,4731624,20,4731644
31543,4731678,61,4731739
31544,4731936,67,4732003
31545,4732111,7,4732118
31546,4732314,30,4732344
31547,4732371,30,4732401
31548,4732601,30,4732631
31549,4732642,17,4732659
31550,4732770,82,4732852
31551,4732892,1,4732893
31552,4733007,21,4733028
31553,4733066,44,4733110
31554,4733155,75,4733230
31555,4733420,67,4733487
31556,4733525,4,4733529
31557,4733754,114,4733868
31558,4734053,128,4734181
31559,4734259,36,4734295
31560,4734338,54,4734392
31561,4734428,17,4734445
31562,4734489,43,4734532
31563,4734599,50,4734649
31564,4734736,30,4734766
31565,4734820,122,4734942
31566,4734961,4,4734965
31567,4735060,12,4735072
31568,4735112,76,4735188
31569,4735218,8,4735226
31570,4735242,3,4735245
31571,4735418,70,4735488
31572,4735744,125,4735869
31573,4735947,14,4735961
31574,4736011,66,4736077
31575,4736192,58,4736250
31576,4736288,221,4736509
31577,4736682,75,4736757
31578,4736781,84,4736865
31579,4736879,23,4736902
31580,4736994,147,4737141
31581,4737149,51,4737200
31582,4737210,56,4737266
31583,4737420,15,4737435
31584,4737871,11,4737882
31585,4737902,53,4737955
31586,4738008,13,4738021
31587,4738086,117,4738203
31588,4738217,15,4738232
31589,4738417,58,4738475
31590,4738656,39,4738695
31591,4738720,5,4738725
31592,4738877,16,4738893
31593,4738904,96,4739000
31594,4739004,124,4739128
31595,4739161,137,4739298
31596,4739335,26,4739361
31597,4739511,7,4739518
31598,4739566,70,4739636
31599,4739985,14,4739999
31600,4740071,17,4740088
31601,4740234,84,4740318
31602,4740324,27,4740351
31603,4740729,10,4740739
31604,4740750,11,4740761
31605,4740768,4,4740772
31606,4740775,2,4740777
31607,4740858,2,4740860
31608,4740929,163,4741092
31609,4741109,76,4741185
31610,4741293,40,4741333
31611,4741347,4,4741351
31612,4741569,7,4741576
31613,4741657,37,4741694
31614,4742012,179,4742191
31615,4742258,1,4742259
31616,4742401,26,4742427
31617,4742636,94,4742730
31618,4742787,5,4742792
31619,4742796,154,4742950
31620,4742957,34,4742991
31621,4743056,76,4743132
31622,4743218,34,4743252
31623,4743260,6,4743266
31624,4743457,54,4743511
31625,4743561,15,4743576
31626,4743601,39,4743640
31627,4743719,10,4743729
31628,4743734,21,4743755
31629,4743864,71,4743935
31630,4743964,81,4744045
31631,4744056,63,4744119
31632,4744254,38,4744292
31633,4744472,14,4744486
31634,4744567,90,4744657
31635,4744733,160,4744893
31636,4745085,10,4745095
31637,4745144,3,4745147
31638,4745188,54,4745242
31639,4745379,85,4745464
31640,4745624,7,4745631
31641,4745632,180,4745812
31642,4745921,52,4745973
31643,4746004,6,4746010
31644,4746107,16,4746123
31645,4746323,89,4746412
31646,4746422,39,4746461
31647,4746539,24,4746563
31648,4746655,1,4746656
31649,4746716,22,4746738
31650,4746969,19,4746988
31651,4747176,43,4747219
31652,4747316,192,4747508
31653,4747676,11,4747687
31654,4747910,41,4747951
31655,4748112,30,4748142
31656,4748352,14,4748366
31657,4748378,20,4748398
31658,4748473,28,4748501
31659,4748714,30,4748744
31660,4748831,51,4748882
31661,4748900,120,4749020
31662,4749144,20,4749164
31663,4749199,6,4749205
31664,4749269,21,4749290
31665,4749344,7,4749351
31666,4749393,6,4749399
31667,4749459,5,4749464
31668,4749540,3,4749543
31669,4749550,2,4749552
31670,4749628,35,4749663
31671,4749932,24,4749956
31672,4750093,169,4750262
31673,4750274,14,4750288
31674,4750704,9,4750713
31675,4750874,15,4750889
31676,4750906,39,4750945
31677,4751224,3,4751227
31678,4751252,33,4751285
31679,4751371,23,4751394
31680,4751474,44,4751518
31681,4751575,107,4751682
31682,4751714,90,4751804
31683,4751866,21,4751887
31684,4751933,8,4751941
31685,4751957,7,4751964
31686,4752005,68,4752073
31687,4752139,62,4752201
31688,4752367,57,4752424
31689,4752458,36,4752494
31690,4752606,43,4752649
31691,4752681,12,4752693
31692,4752726,10,4752736
31693,4752826,1,4752827
31694,4752882,30,4752912
31695,4752939,10,4752949
31696,4753038,4,4753042
31697,4753057,39,4753096
31698,4753137,7,4753144
31699,4753153,37,4753190
31700,4753281,15,4753296
31701,4753368,82,4753450
31702,4753486,7,4753493
31703,4753573,33,4753606
31704,4753669,9,4753678
31705,4753793,4,4753797
31706,4754019,17,4754036
31707,4754369,82,4754451
31708,4754590,12,4754602
31709,4754866,5,4754871
31710,4754987,18,4755005
31711,4755015,75,4755090
31712,4755147,33,4755180
31713,4755211,80,4755291
31714,4755336,43,4755379
31715,4755388,63,4755451
31716,4755470,42,4755512
31717,4755653,125,4755778
31718,4756037,122,4756159
31719,4756169,141,4756310
31720,4756448,50,4756498
31721,4756508,29,4756537
31722,4756643,10,4756653
31723,4756725,3,4756728
31724,4756739,3,4756742
31725,4756803,130,4756933
31726,4757008,130,4757138
31727,4757165,1,4757166
31728,4757176,28,4757204
31729,4757230,6,4757236
31730,4757303,184,4757487
31731,4757602,53,4757655
31732,4757989,28,4758017
31733,4758037,75,4758112
31734,4758154,13,4758167
31735,4758206,55,4758261
31736,4758290,19,4758309
31737,4758462,6,4758468
31738,4758497,12,4758509
31739,4758515,69,4758584
31740,4758599,31,4758630
31741,4758646,15,4758661
31742,4758690,67,4758757
31743,4758814,97,4758911
31744,4759215,29,4759244
31745,4759511,1,4759512
31746,4759562,4,4759566
31747,4759574,26,4759600
31748,4759608,29,4759637
31749,4760085,94,4760179
31750,4760198,89,4760287
31751,4760489,4,4760493
31752,4760639,45,4760684
31753,4760899,45,4760944
31754,4761153,42,4761195
31755,4761235,15,4761250
31756,4761349,72,4761421
31757,4761489,42,4761531
31758,4761599,37,4761636
31759,4761806,30,4761836
31760,4761863,19,4761882
31761,4761902,71,4761973
31762,4762035,1,4762036
31763,4762145,55,4762200
31764,4762246,86,4762332
31765,4762498,11,4762509
31766,4762532,2,4762534
31767,4762570,43,4762613
31768,4762627,36,4762663
31769,4762741,9,4762750
31770,4762774,15,4762789
31771,4763166,59,4763225
31772,4763585,24,4763609
31773,4763749,65,4763814
31774,4763830,21,4763851
31775,4763919,37,4763956
31776,4763982,31,4764013
31777,4764165,154,4764319
31778,4764368,12,4764380
31779,4764504,27,4764531
31780,4764612,17,4764629
31781,4764649,28,4764677
31782,4764725,13,4764738
31783,4764789,84,4764873
31784,4764955,7,4764962
31785,4765007,19,4765026
31786,4765071,65,4765136
31787,4765163,2,4765165
31788,4765175,35,4765210
31789,4765486,37,4765523
31790,4765536,72,4765608
31791,4765746,57,4765803
31792,4765989,86,4766075
31793,4766360,35,4766395
31794,4766519,1,4766520
31795,4766539,15,4766554
31796,4766560,26,4766586
31797,4766618,30,4766648
31798,4766689,12,4766701
31799,4766843,20,4766863
31800,4766930,96,4767026
31801,4767089,39,4767128
31802,4767134,98,4767232
31803,4767281,26,4767307
31804,4767485,33,4767518
31805,4767561,30,4767591
31806,4767740,31,4767771
31807,4767800,42,4767842
31808,4767848,29,4767877
31809,4768187,134,4768321
31810,4768489,16,4768505
31811,4768547,22,4768569
31812,4768572,27,4768599
31813,4768618,73,4768691
31814,4768940,19,4768959
31815,4769017,52,4769069
31816,4769315,63,4769378
31817,4769499,14,4769513
31818,4770014,147,4770161
31819,4770325,68,4770393
31820,4770403,18,4770421
31821,4770443,2,4770445
31822,4770501,13,4770514
31823,4770638,35,4770673
31824,4770686,16,4770702
31825,4770792,61,4770853
31826,4770986,22,4771008
31827,4771012,46,4771058
31828,4771131,139,4771270
31829,4771273,1,4771274
31830,4771286,1,4771287
31831,4771456,42,4771498
31832,4771760,100,4771860
31833,4772083,52,4772135
31834,4772395,9,4772404
31835,4772430,114,4772544
31836,4772563,12,4772575
31837,4772603,25,4772628
31838,4772631,11,4772642
31839,4772982,145,4773127
31840,4773226,72,4773298
31841,4773489,26,4773515
31842,4773867,81,4773948
31843,4774079,25,4774104
31844,4774260,12,4774272
31845,4774280,66,4774346
31846,4774452,47,4774499
31847,4774825,22,4774847
31848,4774881,84,4774965
31849,4774974,21,4774995
31850,4775029,27,4775056
31851,4775238,35,4775273
31852,4775318,12,4775330
31853,4775378,15,4775393
31854,4775421,13,4775434
31855,4775586,76,4775662
31856,4775711,7,4775718
31857,4775748,5,4775753
31858,4775995,7,4776002
31859,4776012,13,4776025
31860,4776234,3,4776237
31861,4776285,11,4776296
31862,4776404,12,4776416
31863,4776438,109,4776547
31864,4776654,105,4776759
31865,4776797,25,4776822
31866,4776968,64,4777032
31867,4777071,16,4777087
31868,4777292,326,4777618
31869,4777650,7,4777657
31870,4777772,37,4777809
31871,4777834,22,4777856
31872,4777992,3,4777995
31873,4778082,67,4778149
31874,4778259,3,4778262
31875,4778545,47,4778592
31876,4778638,187,4778825
31877,4778838,26,4778864
31878,4778922,179,4779101
31879,4779429,213,4779642
31880,4779659,72,4779731
31881,4779767,1,4779768
31882,4779776,55,4779831
31883,4779945,67,4780012
31884,4780026,55,4780081
31885,4780106,10,4780116
31886,4780293,122,4780415
31887,4780456,50,4780506
31888,4780756,7,4780763
31889,4780780,8,4780788
31890,4780821,14,4780835
31891,4780916,101,4781017
31892,4781094,31,4781125
31893,4781266,44,4781310
31894,4781346,40,4781386
31895,4781407,16,4781423
31896,4781477,10,4781487
31897,4781747,25,4781772
31898,4781784,38,4781822
31899,4781983,7,4781990
31900,4782025,30,4782055
31901,4782135,90,4782225
31902,4782236,58,4782294
31903,4782374,9,4782383
31904,4782606,133,4782739
31905,4782764,1,4782765
31906,4782832,16,4782848
31907,4782917,11,4782928
31908,4783002,13,4783015
31909,4783030,53,4783083
31910,4783130,42,4783172
31911,4783239,6,4783245
31912,4783251,84,4783335
31913,4783429,240,4783669
31914,4783752,24,4783776
31915,4783879,11,4783890
31916,4783921,95,4784016
31917,4784036,3,4784039
31918,4784347,51,4784398
31919,4784449,129,4784578
31920,4784633,13,4784646
31921,4784685,1,4784686
31922,4784787,64,4784851
31923,4784884,33,4784917
31924,4785435,2,4785437
31925,4785711,71,4785782
31926,4785891,43,4785934
31927,4785950,28,4785978
31928,4786091,46,4786137
31929,4786140,50,4786190
31930,4786346,25,4786371
31931,4786420,206,4786626
31932,4786699,2,4786701
31933,4786789,38,4786827
31934,4787015,93,4787108
31935,4787126,3,4787129
31936,4787240,5,4787245
31937,4787252,54,4787306
31938,4787338,44,4787382
31939,4787840,76,4787916
31940,4788085,78,4788163
31941,4788198,132,4788330
31942,4788404,11,4788415
31943,4788527,5,4788532
31944,4788559,29,4788588
31945,4788652,34,4788686
31946,4788885,3,4788888
31947,4788999,86,4789085
31948,4789250,44,4789294
31949,4789456,52,4789508
31950,4789510,11,4789521
31951,4790115,30,4790145
31952,4790317,41,4790358
31953,4790383,18,4790401
31954,4790734,145,4790879
31955,4790896,16,4790912
31956,4790949,11,4790960
31957,4790967,18,4790985
31958,4791121,20,4791141
31959,4791221,130,4791351
31960,4791491,113,4791604
31961,4791661,5,4791666
31962,4791780,128,4791908
31963,4792024,31,4792055
31964,4792250,42,4792292
31965,4792353,6,4792359
31966,4792550,16,4792566
31967,4792719,2,4792721
31968,4792796,35,4792831
31969,4793079,43,4793122
31970,4793125,157,4793282
31971,4793380,29,4793409
31972,4793485,27,4793512
31973,4793595,12,4793607
31974,4793686,16,4793702
31975,4793875,90,4793965
31976,4793972,99,4794071
31977,4794091,76,4794167
31978,4794189,81,4794270
31979,4794287,26,4794313
31980,4794343,36,4794379
31981,4794435,27,4794462
31982,4794722,56,4794778
31983,4795100,40,4795140
31984,4795217,71,4795288
31985,4795376,95,4795471
31986,4795965,30,4795995
31987,4795999,24,4796023
31988,4796039,6,4796045
31989,4796046,105,4796151
31990,4796158,9,4796167
31991,4796201,85,4796286
31992,4796330,1,4796331
31993,4796635,63,4796698
31994,4796731,50,4796781
31995,4796807,20,4796827
31996,4797109,29,4797138
31997,4797188,75,4797263
31998,4797305,3,4797308
31999,4797316,2,4797318
32000,4797323,24,4797347
32001,4797437,48,4797485
32002,4797735,98,4797833
32003,4797899,17,4797916
32004,4797975,103,4798078
32005,4798146,7,4798153
32006,4798378,36,4798414
32007,4798417,8,4798425
32008,4798531,2,4798533
32009,4798643,52,4798695
32010,4798702,3,4798705
32011,4798718,43,4798761
32012,4798822,7,4798829
32013,4799164,25,4799189
32014,4799291,196,4799487
32015,4799527,97,4799624
32016,4799843,31,4799874
32017,4799924,220,4800144
32018,4800145,55,4800200
32019,4800260,31,4800291
32020,4800342,105,4800447
32021,4800489,12,4800501
32022,4800806,97,4800903
32023,4800971,17,4800988
32024,4801049,10,4801059
32025,4801101,85,4801186
32026,4801334,136,4801470
32027,4801594,23,4801617
32028,4801663,25,4801688
32029,4801796,118,4801914
32030,4801945,2,4801947
32031,4802087,24,4802111
32032,4802117,41,4802158
32033,4802221,20,4802241
32034,4802279,16,4802295
32035,4802306,109,4802415
32036,4802421,14,4802435
32037,4802461,60,4802521
32038,4802564,1,4802565
32039,4802658,15,4802673
32040,4802789,18,4802807
32041,4802886,52,4802938
32042,4803019,21,4803040
32043,4803118,45,4803163
32044,4803347,22,4803369
32045,4803762,82,4803844
32046,4804034,14,4804048
32047,4804174,52,4804226
32048,4804227,98,4804325
32049,4804357,51,4804408
32050,4804840,13,4804853
32051,4804883,9,4804892
32052,4804904,5,4804909
32053,4805066,8,4805074
32054,4805138,45,4805183
32055,4805302,42,4805344
32056,4805352,70,4805422
32057,4805501,2,4805503
32058,4805581,4,4805585
32059,4805659,31,4805690
32060,4806308,42,4806350
32061,4806431,36,4806467
32062,4806606,20,4806626
32063,4806748,21,4806769
32064,4806808,111,4806919
32065,4806943,4,4806947
32066,4807442,4,4807446
32067,4807500,46,4807546
32068,4807622,128,4807750
32069,4807983,40,4808023
32070,4808031,43,4808074
32071,4808123,87,4808210
32072,4808300,19,4808319
32073,4808402,23,4808425
32074,4808536,16,4808552
32075,4808759,37,4808796
32076,4808837,40,4808877
32077,4809150,65,4809215
32078,4809252,1,4809253
32079,4809255,17,4809272
32080,4809413,29,4809442
32081,4809540,52,4809592
32082,4809608,13,4809621
32083,4809634,126,4809760
32084,4809863,18,4809881
32085,4810125,47,4810172
32086,4810966,12,4810978
32087,4811243,61,4811304
32088,4811373,74,4811447
32089,4811448,46,4811494
32090,4811602,10,4811612
32091,4811618,21,4811639
32092,4811641,7,4811648
32093,4811748,24,4811772
32094,4811906,76,4811982
32095,4812105,26,4812131
32096,4812155,2,4812157
32097,4812181,45,4812226
32098,4812253,3,4812256
32099,4812320,37,4812357
32100,4812567,107,4812674
32101,4812786,23,4812809
32102,4812818,67,4812885
32103,4812898,42,4812940
32104,4813053,5,4813058
32105,4813212,8,4813220
32106,4813258,30,4813288
32107,4813308,8,4813316
32108,4813327,17,4813344
32109,4813438,3,4813441
32110,4813491,16,4813507
32111,4813549,2,4813551
32112,4813592,87,4813679
32113,4813754,48,4813802
32114,4813930,38,4813968
32115,4814171,335,4814506
32116,4814540,36,4814576
32117,4814718,5,4814723
32118,4814731,54,4814785
32119,4815052,199,4815251
32120,4815357,43,4815400
32121,4815636,4,4815640
32122,4815671,105,4815776
32123,4815945,28,4815973
32124,4816192,1,4816193
32125,4816198,26,4816224
32126,4816328,3,4816331
32127,4816374,12,4816386
32128,4816548,18,4816566
32129,4816680,27,4816707
32130,4816719,23,4816742
32131,4816765,29,4816794
32132,4816813,13,4816826
32133,4816851,21,4816872
32134,4816897,40,4816937
32135,4817076,18,4817094
32136,4817109,42,4817151
32137,4817282,73,4817355
32138,4817371,40,4817411
32139,4817558,1,4817559
32140,4817649,17,4817666
32141,4817965,35,4818000
32142,4818019,58,4818077
32143,4818153,66,4818219
32144,4818418,47,4818465
32145,4818478,10,4818488
32146,4818506,49,4818555
32147,4818728,82,4818810
32148,4818816,5,4818821
32149,4818901,44,4818945
32150,4819138,47,4819185
32151,4819234,20,4819254
32152,4819444,11,4819455
32153,4819481,66,4819547
32154,4819567,32,4819599
32155,4819606,106,4819712
32156,4819815,38,4819853
32157,4819898,1,4819899
32158,4820105,91,4820196
32159,4820396,79,4820475
32160,4820524,91,4820615
32161,4820761,116,4820877
32162,4820897,8,4820905
32163,4821037,23,4821060
32164,4821304,21,4821325
32165,4821392,112,4821504
32166,4821563,51,4821614
32167,4821644,2,4821646
32168,4821665,77,4821742
32169,4821899,3,4821902
32170,4821953,24,4821977
32171,4821983,6,4821989
32172,4822021,66,4822087
32173,4822115,18,4822133
32174,4822147,1,4822148
32175,4822164,1,4822165
32176,4822259,36,4822295
32177,4822329,59,4822388
32178,4822460,73,4822533
32179,4822628,17,4822645
32180,4822782,11,4822793
32181,4822964,11,4822975
32182,4823092,36,4823128
32183,4823161,46,4823207
32184,4823403,14,4823417
32185,4823582,26,4823608
32186,4823637,1,4823638
32187,4823646,10,4823656
32188,4823667,16,4823683
32189,4823686,61,4823747
32190,4823849,52,4823901
32191,4823904,57,4823961
32192,4824019,20,4824039
32193,4824485,141,4824626
32194,4824628,91,4824719
32195,4824926,35,4824961
32196,4825213,7,4825220
32197,4825296,4,4825300
32198,4825513,44,4825557
32199,4825635,64,4825699
32200,4825894,19,4825913
32201,4825952,13,4825965
32202,4826004,140,4826144
32203,4826153,54,4826207
32204,4826543,54,4826597
32205,4826640,17,4826657
32206,4826747,320,4827067
32207,4827308,45,4827353
32208,4827404,21,4827425
32209,4827443,120,4827563
32210,4827616,2,4827618
32211,4827911,3,4827914
32212,4828140,23,4828163
32213,4828268,28,4828296
32214,4828475,37,4828512
32215,4828533,18,4828551
32216,4828683,51,4828734
32217,4828854,150,4829004
32218,4829269,77,4829346
32219,4829383,29,4829412
32220,4829457,3,4829460
32221,4829486,34,4829520
32222,4829615,27,4829642
32223,4829733,1,4829734
32224,4829766,123,4829889
32225,4829958,10,4829968
32226,4830010,68,4830078
32227,4830258,129,4830387
32228,4830427,30,4830457
32229,4830497,11,4830508
32230,4830534,10,4830544
32231,4830622,13,4830635
32232,4830967,4,4830971
32233,4831068,15,4831083
32234,4831464,5,4831469
32235,4831542,1,4831543
32236,4831748,14,4831762
32237,4831929,85,4832014
32238,4832051,46,4832097
32239,4832135,39,4832174
32240,4832179,30,4832209
32241,4832218,55,4832273
32242,4832770,4,4832774
32243,4832851,86,4832937
32244,4832991,100,4833091
32245,4833267,46,4833313
32246,4833424,37,4833461
32247,4833751,67,4833818
32248,4833853,7,4833860
32249,4834019,5,4834024
32250,4834401,106,4834507
32251,4834590,135,4834725
32252,4834735,11,4834746
32253,4834784,5,4834789
32254,4834810,24,4834834
32255,4834858,29,4834887
32256,4834939,30,4834969
32257,4834992,63,4835055
32258,4835422,137,4835559
32259,4835700,53,4835753
32260,4836085,18,4836103
32261,4836136,151,4836287
32262,4836459,5,4836464
32263,4836481,14,4836495
32264,4836526,63,4836589
32265,4836638,16,4836654
32266,4836934,66,4837000
32267,4837022,29,4837051
32268,4837116,20,4837136
32269,4837161,84,4837245
32270,4837545,23,4837568
32271,4837667,9,4837676
32272,4837740,80,4837820
32273,4837824,37,4837861
32274,4837986,6,4837992
32275,4837993,137,4838130
32276,4838190,17,4838207
32277,4838322,119,4838441
32278,4838524,67,4838591
32279,4838641,67,4838708
32280,4838724,8,4838732
32281,4838833,35,4838868
32282,4838919,50,4838969
32283,4838970,2,4838972
32284,4839019,20,4839039
32285,4839058,3,4839061
32286,4839324,11,4839335
32287,4839344,43,4839387
32288,4839406,6,4839412
32289,4839413,1,4839414
32290,4839524,98,4839622
32291,4839913,3,4839916
32292,4839939,87,4840026
32293,4840037,16,4840053
32294,4840140,1,4840141
32295,4840213,104,4840317
32296,4840381,42,4840423
32297,4840428,5,4840433
32298,4840774,61,4840835
32299,4840978,27,4841005
32300,4841043,19,4841062
32301,4841130,23,4841153
32302,4841154,106,4841260
32303,4841269,17,4841286
32304,4841314,59,4841373
32305,4841449,9,4841458
32306,4841592,23,4841615
32307,4841658,81,4841739
32308,4841908,46,4841954
32309,4842225,99,4842324
32310,4842401,47,4842448
32311,4842472,6,4842478
32312,4842539,77,4842616
32313,4842650,15,4842665
32314,4842679,1,4842680
32315,4842842,82,4842924
32316,4843004,36,4843040
32317,4843046,23,4843069
32318,4843087,8,4843095
32319,4843146,70,4843216
32320,4843263,47,4843310
32321,4843388,18,4843406
32322,4843440,19,4843459
32323,4843461,37,4843498
32324,4843553,1,4843554
32325,4843592,36,4843628
32326,4843688,44,4843732
32327,4843971,79,4844050
32328,4844151,16,4844167
32329,4844194,47,4844241
32330,4844243,43,4844286
32331,4844561,32,4844593
32332,4844709,4,4844713
32333,4844719,132,4844851
32334,4844911,46,4844957
32335,4845007,37,4845044
32336,4845186,74,4845260
32337,4845591,5,4845596
32338,4845630,43,4845673
32339,4845703,12,4845715
32340,4845760,68,4845828
32341,4846152,32,4846184
32342,4846456,21,4846477
32343,4846486,75,4846561
32344,4846584,39,4846623
32345,4846723,58,4846781
32346,4846849,15,4846864
32347,4847000,86,4847086
32348,4847138,17,4847155
32349,4847206,4,4847210
32350,4847279,144,4847423
32351,4847531,99,4847630
32352,4847692,302,4847994
32353,4848241,16,4848257
32354,4848495,70,4848565
32355,4848605,198,4848803
32356,4849107,99,4849206
32357,4849394,58,4849452
32358,4849611,193,4849804
32359,4849822,1,4849823
32360,4850431,12,4850443
32361,4850450,172,4850622
32362,4850758,27,4850785
32363,4850802,64,4850866
32364,4851183,131,4851314
32365,4851320,13,4851333
32366,4851423,69,4851492
32367,4851584,121,4851705
32368,4851724,106,4851830
32369,4852111,15,4852126
32370,4852316,3,4852319
32371,4852453,1,4852454
32372,4852533,26,4852559
32373,4852596,48,4852644
32374,4852659,37,4852696
32375,4852750,88,4852838
32376,4852979,43,4853022
32377,4853118,56,4853174
32378,4853207,42,4853249
32379,4853293,10,4853303
32380,4853551,71,4853622
32381,4853656,93,4853749
32382,4853853,62,4853915
32383,4854061,61,4854122
32384,4854129,38,4854167
32385,4854255,103,4854358
32386,4854547,17,4854564
32387,4854724,3,4854727
32388,4854906,20,4854926
32389,4855238,3,4855241
32390,4855548,71,4855619
32391,4855653,13,4855666
32392,4855735,24,4855759
32393,4855990,6,4855996
32394,4856090,29,4856119
32395,4856145,37,4856182
32396,4856502,9,4856511
32397,4856627,69,4856696
32398,4857100,9,4857109
32399,4857229,72,4857301
32400,4857379,5,4857384
32401,4857567,30,4857597
32402,4857608,46,4857654
32403,4857711,58,4857769
32404,4857848,66,4857914
32405,4858012,9,4858021
32406,4858035,104,4858139
32407,4858365,18,4858383
32408,4858440,139,4858579
32409,4858597,34,4858631
32410,4858635,32,4858667
32411,4858722,10,4858732
32412,4858971,72,4859043
32413,4859048,10,4859058
32414,4859062,123,4859185
32415,4859215,192,4859407
32416,4859457,46,4859503
32417,4859867,23,4859890
32418,4859895,218,4860113
32419,4860114,13,4860127
32420,4860148,9,4860157
32421,4860171,2,4860173
32422,4860231,132,4860363
32423,4860448,44,4860492
32424,4860601,29,4860630
32425,4860742,24,4860766
32426,4860774,16,4860790
32427,4860843,3,4860846
32428,4860920,31,4860951
32429,4861009,16,4861025
32430,4861082,3,4861085
32431,4861178,2,4861180
32432,4861182,243,4861425
32433,4861618,1,4861619
32434,4861690,17,4861707
32435,4861758,10,4861768
32436,4861956,20,4861976
32437,4862019,80,4862099
32438,4862337,52,4862389
32439,4862569,5,4862574
32440,4862824,4,4862828
32441,4862986,40,4863026
32442,4863048,78,4863126
32443,4863201,49,4863250
32444,4863542,60,4863602
32445,4863631,15,4863646
32446,4863804,259,4864063
32447,4864140,10,4864150
32448,4864255,48,4864303
32449,4864450,42,4864492
32450,4864610,109,4864719
32451,4864795,62,4864857
32452,4864899,22,4864921
32453,4865160,59,4865219
32454,4865235,14,4865249
32455,4865344,26,4865370
32456,4865665,11,4865676
32457,4865761,17,4865778
32458,4865962,39,4866001
32459,4866023,50,4866073
32460,4866175,21,4866196
32461,4866308,133,4866441
32462,4866477,38,4866515
32463,4866608,29,4866637
32464,4867068,94,4867162
32465,4867196,10,4867206
32466,4867405,74,4867479
32467,4867544,42,4867586
32468,4867763,78,4867841
32469,4867921,39,4867960
32470,4868443,146,4868589
32471,4868701,29,4868730
32472,4868753,89,4868842
32473,4868969,78,4869047
32474,4869126,93,4869219
32475,4869547,3,4869550
32476,4869700,52,4869752
32477,4869864,13,4869877
32478,4869880,68,4869948
32479,4869964,120,4870084
32480,4870169,10,4870179
32481,4870237,2,4870239
32482,4870287,57,4870344
32483,4870685,28,4870713
32484,4870735,48,4870783
32485,4870820,9,4870829
32486,4871047,20,4871067
32487,4871104,13,4871117
32488,4871196,52,4871248
32489,4871283,34,4871317
32490,4871410,16,4871426
32491,4871450,34,4871484
32492,4871501,24,4871525
32493,4871767,20,4871787
32494,4871802,54,4871856
32495,4871914,8,4871922
32496,4871958,11,4871969
32497,4872061,93,4872154
32498,4872246,43,4872289
32499,4872691,279,4872970
32500,4872979,155,4873134
32501,4873200,6,4873206
32502,4873248,26,4873274
32503,4873294,16,4873310
32504,4873497,3,4873500
32505,4873574,5,4873579
32506,4873589,10,4873599
32507,4873728,42,4873770
32508,4873830,35,4873865
32509,4873948,42,4873990
32510,4874013,28,4874041
32511,4874128,53,4874181
32512,4874296,63,4874359
32513,4874446,21,4874467
32514,4874542,32,4874574
32515,4874721,22,4874743
32516,4874825,69,4874894
32517,4875097,89,4875186
32518,4875327,56,4875383
32519,4875471,106,4875577
32520,4875603,51,4875654
32521,4875693,87,4875780
32522,4875786,47,4875833
32523,4875872,48,4875920
32524,4875975,172,4876147
32525,4876381,274,4876655
32526,4876679,2,4876681
32527,4876706,3,4876709
32528,4876717,36,4876753
32529,4876909,105,4877014
32530,4877271,15,4877286
32531,4877338,37,4877375
32532,4877386,48,4877434
32533,4877444,79,4877523
32534,4877816,6,4877822
32535,4877922,76,4877998
32536,4878044,59,4878103
32537,4878242,1,4878243
32538,4878302,15,4878317
32539,4878339,16,4878355
32540,4878502,27,4878529
32541,4878775,139,4878914
32542,4878941,96,4879037
32543,4879118,175,4879293
32544,4879399,7,4879406
32545,4879499,34,4879533
32546,4879595,8,4879603
32547,4879622,8,4879630
32548,4879639,49,4879688
32549,4879787,35,4879822
32550,4880018,1,4880019
32551,4880055,19,4880074
32552,4880093,97,4880190
32553,4880365,70,4880435
32554,4880831,101,4880932
32555,4881137,4,4881141
32556,4881884,90,4881974
32557,4882301,43,4882344
32558,4882410,48,4882458
32559,4882583,14,4882597
32560,4882628,22,4882650
32561,4882797,18,4882815
32562,4883056,74,4883130
32563,4883200,53,4883253
32564,4883471,20,4883491
32565,4883572,17,4883589
32566,4883645,93,4883738
32567,4884034,54,4884088
32568,4884093,218,4884311
32569,4884332,35,4884367
32570,4884467,92,4884559
32571,4884679,6,4884685
32572,4884689,37,4884726
32573,4884748,77,4884825
32574,4884979,37,4885016
32575,4885196,113,4885309
32576,4885328,63,4885391
32577,4885527,3,4885530
32578,4885577,127,4885704
32579,4886059,46,4886105
32580,4886130,23,4886153
32581,4886447,46,4886493
32582,4886517,79,4886596
32583,4886964,1,4886965
32584,4887167,31,4887198
32585,4887375,26,4887401
32586,4887454,105,4887559
32587,4887689,40,4887729
32588,4888004,13,4888017
32589,4888151,24,4888175
32590,4888250,41,4888291
32591,4888308,13,4888321
32592,4888438,4,4888442
32593,4888475,40,4888515
32594,4888545,16,4888561
32595,4888579,98,4888677
32596,4888705,19,4888724
32597,4888736,62,4888798
32598,4888820,51,4888871
32599,4888894,30,4888924
32600,4888941,43,4888984
32601,4889017,171,4889188
32602,4889253,2,4889255
32603,4889377,19,4889396
32604,4889405,7,4889412
32605,4889611,12,4889623
32606,4889750,64,4889814
32607,4889829,1,4889830
32608,4889853,9,4889862
32609,4889875,87,4889962
32610,4890058,60,4890118
32611,4890142,26,4890168
32612,4890207,107,4890314
32613,4890620,23,4890643
32614,4890693,107,4890800
32615,4890819,11,4890830
32616,4890919,70,4890989
32617,4891245,43,4891288
32618,4891449,25,4891474
32619,4891520,10,4891530
32620,4891602,14,4891616
32621,4891665,54,4891719
32622,4892051,78,4892129
32623,4892189,72,4892261
32624,4892265,53,4892318
32625,4892344,14,4892358
32626,4892531,14,4892545
32627,4892657,19,4892676
32628,4893008,34,4893042
32629,4893062,96,4893158
32630,4893253,23,4893276
32631,4893402,66,4893468
32632,4893485,60,4893545
32633,4893572,19,4893591
32634,4893607,99,4893706
32635,4893758,11,4893769
32636,4893821,36,4893857
32637,4894016,6,4894022
32638,4894083,5,4894088
32639,4894125,67,4894192
32640,4894267,14,4894281
32641,4894344,7,4894351
32642,4894409,117,4894526
32643,4894561,18,4894579
32644,4894638,125,4894763
32645,4894767,3,4894770
32646,4894817,28,4894845
32647,4895360,136,4895496
32648,4895673,98,4895771
32649,4895853,85,4895938
32650,4895957,89,4896046
32651,4896101,106,4896207
32652,4896427,43,4896470
32653,4896473,16,4896489
32654,4896508,20,4896528
32655,4896798,10,4896808
32656,4897005,46,4897051
32657,4897087,92,4897179
32658,4897364,13,4897377
32659,4897601,55,4897656
32660,4897686,32,4897718
32661,4897761,27,4897788
32662,4897882,2,4897884
32663,4897916,15,4897931
32664,4897982,15,4897997
32665,4898071,48,4898119
32666,4898359,40,4898399
32667,4898407,103,4898510
32668,4898519,58,4898577
32669,4898692,41,4898733
32670,4898747,3,4898750
32671,4898940,21,4898961
32672,4899012,68,4899080
32673,4899172,23,4899195
32674,4899231,15,4899246
32675,4899384,6,4899390
32676,4899810,235,4900045
32677,4900076,13,4900089
32678,4900390,83,4900473
32679,4900587,48,4900635
32680,4900745,66,4900811
32681,4900825,12,4900837
32682,4900867,114,4900981
32683,4901152,9,4901161
32684,4901176,68,4901244
32685,4901288,2,4901290
32686,4901536,2,4901538
32687,4901606,211,4901817
32688,4901818,28,4901846
32689,4902148,75,4902223
32690,4902254,9,4902263
32691,4902271,17,4902288
32692,4902448,17,4902465
32693,4902618,22,4902640
32694,4902706,15,4902721
32695,4902823,81,4902904
32696,4902909,11,4902920
32697,4903038,6,4903044
32698,4903192,28,4903220
32699,4903275,280,4903555
32700,4903637,18,4903655
32701,4903725,26,4903751
32702,4904190,18,4904208
32703,4904242,107,4904349
32704,4904397,81,4904478
32705,4904486,10,4904496
32706,4904501,34,4904535
32707,4904637,87,4904724
32708,4904759,20,4904779
32709,4905015,22,4905037
32710,4905053,10,4905063
32711,4905195,105,4905300
32712,4905308,64,4905372
32713,4905560,19,4905579
32714,4905697,20,4905717
32715,4905729,8,4905737
32716,4905846,102,4905948
32717,4905972,146,4906118
32718,4906205,35,4906240
32719,4906247,2,4906249
32720,4906278,5,4906283
32721,4906296,22,4906318
32722,4906371,13,4906384
32723,4906580,127,4906707
32724,4906716,43,4906759
32725,4906775,8,4906783
32726,4906829,70,4906899
32727,4907177,167,4907344
32728,4907417,15,4907432
32729,4907441,19,4907460
32730,4907472,81,4907553
32731,4907593,66,4907659
32732,4907733,65,4907798
32733,4908173,121,4908294
32734,4908392,72,4908464
32735,4908586,61,4908647
32736,4908771,53,4908824
32737,4909066,96,4909162
32738,4909238,51,4909289
32739,4909385,39,4909424
32740,4909537,57,4909594
32741,4909649,19,4909668
32742,4909722,13,4909735
32743,4909811,9,4909820
32744,4909835,59,4909894
32745,4910096,11,4910107
32746,4910168,18,4910186
32747,4910428,105,4910533
32748,4910714,3,4910717
32749,4910736,155,4910891
32750,4910937,66,4911003
32751,4911117,17,4911134
32752,4911336,3,4911339
32753,4911354,46,4911400
32754,4911513,81,4911594
32755,4911664,103,4911767
32756,4912182,123,4912305
32757,4912337,44,4912381
32758,4912575,74,4912649
32759,4912698,13,4912711
32760,4912716,58,4912774
32761,4912786,18,4912804
32762,4912815,29,4912844
32763,4912876,54,4912930
32764,4913109,21,4913130
32765,4913179,52,4913231
32766,4913286,70,4913356
32767,4913382,78,4913460
32768,4913519,23,4913542
32769,4913638,13,4913651
32770,4913702,75,4913777
32771,4913832,12,4913844
32772,4913895,12,4913907
32773,4913923,42,4913965
32774,4914018,12,4914030
32775,4914106,7,4914113
32776,4914186,17,4914203
32777,4914207,24,4914231
32778,4914283,33,4914316
32779,4914696,100,4914796
32780,4914825,54,4914879
32781,4915006,52,4915058
32782,4915210,76,4915286
32783,4915361,52,4915413
32784,4915433,17,4915450
32785,4915469,51,4915520
32786,4915586,41,4915627
32787,4915764,42,4915806
32788,4915911,49,4915960
32789,4915971,3,4915974
32790,4916002,44,4916046
32791,4916217,27,4916244
32792,4916260,15,4916275
32793,4916284,133,4916417
32794,4916669,86,4916755
32795,4917108,69,4917177
32796,4917258,40,4917298
32797,4917351,219,4917570
32798,4917782,8,4917790
32799,4917808,57,4917865
32800,4918162,25,4918187
32801,4918324,13,4918337
32802,4918665,74,4918739
32803,4918880,4,4918884
32804,4918892,289,4919181
32805,4919232,20,4919252
32806,4919409,42,4919451
32807,4919713,58,4919771
32808,4920027,8,4920035
32809,4920037,105,4920142
32810,4920269,193,4920462
32811,4920608,161,4920769
32812,4920777,179,4920956
32813,4921241,71,4921312
32814,4921357,11,4921368
32815,4921398,199,4921597
32816,4921903,285,4922188
32817,4922371,51,4922422
32818,4922586,61,4922647
32819,4922715,46,4922761
32820,4922818,46,4922864
32821,4922873,44,4922917
32822,4923173,59,4923232
32823,4923248,20,4923268
32824,4923298,205,4923503
32825,4923701,12,4923713
32826,4923840,77,4923917
32827,4923941,7,4923948
32828,4924090,19,4924109
32829,4924150,4,4924154
32830,4924181,13,4924194
32831,4924259,77,4924336
32832,4924344,113,4924457
32833,4924472,15,4924487
32834,4924548,52,4924600
32835,4924675,3,4924678
32836,4924870,11,4924881
32837,4924929,19,4924948
32838,4925162,103,4925265
32839,4925287,7,4925294
32840,4925497,23,4925520
32841,4925528,118,4925646
32842,4925725,56,4925781
32843,4926081,86,4926167
32844,4926320,37,4926357
32845,4926531,21,4926552
32846,4926776,50,4926826
32847,4926835,12,4926847
32848,4926869,19,4926888
32849,4926890,67,4926957
32850,4926976,11,4926987
32851,4927432,74,4927506
32852,4927562,5,4927567
32853,4927583,44,4927627
32854,4927642,80,4927722
32855,4928138,41,4928179
32856,4928208,32,4928240
32857,4928348,12,4928360
32858,4928382,23,4928405
32859,4928568,45,4928613
32860,4928625,31,4928656
32861,4928668,16,4928684
32862,4928741,3,4928744
32863,4928840,12,4928852
32864,4928913,45,4928958
32865,4929066,44,4929110
32866,4929280,103,4929383
32867,4929494,24,4929518
32868,4929578,89,4929667
32869,4929842,24,4929866
32870,4929977,5,4929982
32871,4930040,41,4930081
32872,4930188,10,4930198
32873,4930244,19,4930263
32874,4930364,30,4930394
32875,4930438,12,4930450
32876,4930476,85,4930561
32877,4930670,236,4930906
32878,4931052,30,4931082
32879,4931272,23,4931295
32880,4931361,2,4931363
32881,4931430,45,4931475
32882,4931501,80,4931581
32883,4931760,103,4931863
32884,4932015,13,4932028
32885,4932041,16,4932057
32886,4932108,32,4932140
32887,4932484,25,4932509
32888,4932922,15,4932937
32889,4932969,38,4933007
32890,4933065,22,4933087
32891,4933416,134,4933550
32892,4933616,27,4933643
32893,4933844,129,4933973
32894,4933980,26,4934006
32895,4934172,36,4934208
32896,4934254,7,4934261
32897,4934265,27,4934292
32898,4934325,2,4934327
32899,4934408,10,4934418
32900,4934437,8,4934445
32901,4934533,75,4934608
32902,4934686,161,4934847
32903,4935114,88,4935202
32904,4935293,2,4935295
32905,4935300,49,4935349
32906,4935357,134,4935491
32907,4935527,21,4935548
32908,4935609,18,4935627
32909,4935671,59,4935730
32910,4935788,4,4935792
32911,4935825,29,4935854
32912,4935935,18,4935953
32913,4936340,49,4936389
32914,4936554,5,4936559
32915,4936579,13,4936592
32916,4936659,86,4936745
32917,4936811,192,4937003
32918,4937080,112,4937192
32919,4937220,10,4937230
32920,4937260,114,4937374
32921,4937500,33,4937533
32922,4937537,3,4937540
32923,4937609,84,4937693
32924,4937715,39,4937754
32925,4937866,21,4937887
32926,4937926,35,4937961
32927,4938006,22,4938028
32928,4938142,19,4938161
32929,4938205,24,4938229
32930,4938302,6,4938308
32931,4938442,125,4938567
32932,4938572,16,4938588
32933,4938635,64,4938699
32934,4938761,36,4938797
32935,4939039,15,4939054
32936,4939179,56,4939235
32937,4939247,151,4939398
32938,4939427,18,4939445
32939,4939447,172,4939619
32940,4939664,11,4939675
32941,4939790,30,4939820
32942,4939856,12,4939868
32943,4939984,156,4940140
32944,4940291,69,4940360
32945,4940394,48,4940442
32946,4940479,41,4940520
32947,4940574,61,4940635
32948,4940756,73,4940829
32949,4940932,37,4940969
32950,4941032,14,4941046
32951,4941047,88,4941135
32952,4941172,97,4941269
32953,4941365,68,4941433
32954,4941487,103,4941590
32955,4941627,62,4941689
32956,4941692,86,4941778
32957,4941876,13,4941889
32958,4941915,69,4941984
32959,4942034,5,4942039
32960,4942143,12,4942155
32961,4942275,1,4942276
32962,4942328,74,4942402
32963,4942518,12,4942530
32964,4942801,50,4942851
32965,4943133,42,4943175
32966,4943196,29,4943225
32967,4943249,79,4943328
32968,4943496,12,4943508
32969,4943536,86,4943622
32970,4943984,6,4943990
32971,4944129,16,4944145
32972,4944148,16,4944164
32973,4944280,24,4944304
32974,4944356,34,4944390
32975,4944630,10,4944640
32976,4944793,161,4944954
32977,4944960,68,4945028
32978,4945039,23,4945062
32979,4945090,35,4945125
32980,4945285,20,4945305
32981,4945361,29,4945390
32982,4945405,11,4945416
32983,4945530,144,4945674
32984,4945779,84,4945863
32985,4946003,81,4946084
32986,4946094,15,4946109
32987,4946431,2,4946433
32988,4946526,3,4946529
32989,4946534,88,4946622
32990,4946815,127,4946942
32991,4947113,145,4947258
32992,4947406,19,4947425
32993,4947728,2,4947730
32994,4947847,50,4947897
32995,4948054,48,4948102
32996,4948571,37,4948608
32997,4948651,1,4948652
32998,4948880,66,4948946
32999,4948984,42,4949026
33000,4949045,12,4949057
33001,4949071,10,4949081
33002,4949084,41,4949125
33003,4949169,17,4949186
33004,4949517,127,4949644
33005,4949796,36,4949832
33006,4949947,57,4950004
33007,4950139,1,4950140
33008,4950291,70,4950361
33009,4950455,56,4950511
33010,4950604,6,4950610
33011,4950651,14,4950665
33012,4950715,6,4950721
33013,4950853,1,4950854
33014,4950941,12,4950953
33015,4950988,15,4951003
33016,4951005,171,4951176
33017,4951598,8,4951606
33018,4951839,9,4951848
33019,4951905,24,4951929
33020,4952136,10,4952146
33021,4952169,6,4952175
33022,4952371,6,4952377
33023,4952473,67,4952540
33024,4952561,3,4952564
33025,4953026,73,4953099
33026,4953172,98,4953270
33027,4953415,87,4953502
33028,4953522,41,4953563
33029,4953653,43,4953696
33030,4953740,3,4953743
33031,4953815,12,4953827
33032,4953923,40,4953963
33033,4954257,27,4954284
33034,4954395,7,4954402
33035,4954424,1,4954425
33036,4954614,4,4954618
33037,4954982,50,4955032
33038,4955258,40,4955298
33039,4955312,31,4955343
33040,4955590,2,4955592
33041,4955624,40,4955664
33042,4955743,34,4955777
33043,4955928,59,4955987
33044,4956044,85,4956129
33045,4956255,185,4956440
33046,4956486,94,4956580
33047,4956842,10,4956852
33048,4956933,6,4956939
33049,4956984,28,4957012
33050,4957094,22,4957116
33051,4957151,29,4957180
33052,4957199,11,4957210
33053,4957256,17,4957273
33054,4957541,39,4957580
33055,4957633,78,4957711
33056,4957727,10,4957737
33057,4957771,57,4957828
33058,4957858,51,4957909
33059,4958026,47,4958073
33060,4958098,104,4958202
33061,4958253,25,4958278
33062,4958307,67,4958374
33063,4958387,69,4958456
33064,4958603,73,4958676
33065,4958727,29,4958756
33066,4958936,46,4958982
33067,4959253,116,4959369
33068,4959512,40,4959552
33069,4959580,19,4959599
33070,4959601,11,4959612
33071,4959736,14,4959750
33072,4959946,38,4959984
33073,4960099,45,4960144
33074,4960240,135,4960375
33075,4960519,54,4960573
33076,4960669,42,4960711
33077,4960856,12,4960868
33078,4960923,25,4960948
33079,4961192,91,4961283
33080,4961298,43,4961341
33081,4961358,71,4961429
33082,4961640,31,4961671
33083,4961957,19,4961976
33084,4962008,104,4962112
33085,4962352,53,4962405
33086,4962530,81,4962611
33087,4962689,30,4962719
33088,4963059,41,4963100
33089,4963104,27,4963131
33090,4963366,42,4963408
33091,4963436,44,4963480
33092,4963613,23,4963636
33093,4963859,68,4963927
33094,4964001,14,4964015
33095,4964203,37,4964240
33096,4964315,15,4964330
33097,4964655,28,4964683
33098,4964718,211,4964929
33099,4964955,26,4964981
33100,4965094,53,4965147
33101,4965186,35,4965221
33102,4965250,67,4965317
33103,4965325,22,4965347
33104,4965697,81,4965778
33105,4965782,2,4965784
33106,4965826,31,4965857
33107,4965977,109,4966086
33108,4966172,84,4966256
33109,4966384,56,4966440
33110,4966503,16,4966519
33111,4966535,54,4966589
33112,4966813,88,4966901
33113,4966989,198,4967187
33114,4967288,20,4967308
33115,4967691,5,4967696
33116,4967706,8,4967714
33117,4967817,4,4967821
33118,4967830,13,4967843
33119,4967996,34,4968030
33120,4968271,10,4968281
33121,4968300,1,4968301
33122,4968482,8,4968490
33123,4968538,1,4968539
33124,4968606,8,4968614
33125,4968834,84,4968918
33126,4968930,60,4968990
33127,4969048,14,4969062
33128,4969185,18,4969203
33129,4969668,42,4969710
33130,4969864,61,4969925
33131,4970042,21,4970063
33132,4970365,58,4970423
33133,4970537,40,4970577
33134,4970706,1,4970707
33135,4970808,55,4970863
33136,4970938,90,4971028
33137,4971246,17,4971263
33138,4971339,7,4971346
33139,4971563,52,4971615
33140,4971733,13,4971746
33141,4971757,39,4971796
33142,4971849,50,4971899
33143,4971951,85,4972036
33144,4972074,96,4972170
33145,4972336,14,4972350
33146,4972529,85,4972614
33147,4972668,75,4972743
33148,4972840,73,4972913
33149,4973071,222,4973293
33150,4973305,15,4973320
33151,4973489,38,4973527
33152,4973736,93,4973829
33153,4973855,87,4973942
33154,4974025,98,4974123
33155,4974177,84,4974261
33156,4974263,21,4974284
33157,4974317,10,4974327
33158,4974723,14,4974737
33159,4974979,25,4975004
33160,4975360,193,4975553
33161,4975608,96,4975704
33162,4975742,91,4975833
33163,4975902,12,4975914
33164,4975929,49,4975978
33165,4975994,1,4975995
33166,4976051,49,4976100
33167,4976105,96,4976201
33168,4976557,34,4976591
33169,4976608,38,4976646
33170,4976711,18,4976729
33171,4976761,48,4976809
33172,4976915,35,4976950
33173,4977010,15,4977025
33174,4977678,173,4977851
33175,4977937,45,4977982
33176,4978082,174,4978256
33177,4978315,98,4978413
33178,4978489,58,4978547
33179,4978558,37,4978595
33180,4978691,11,4978702
33181,4978794,69,4978863
33182,4979016,26,4979042
33183,4979203,5,4979208
33184,4979289,69,4979358
33185,4979368,6,4979374
33186,4979458,10,4979468
33187,4979497,31,4979528
33188,4979805,57,4979862
33189,4979904,85,4979989
33190,4980119,52,4980171
33191,4980341,30,4980371
33192,4981002,22,4981024
33193,4981229,121,4981350
33194,4981389,12,4981401
33195,4981651,183,4981834
33196,4982088,99,4982187
33197,4982353,32,4982385
33198,4982492,72,4982564
33199,4982775,13,4982788
33200,4982889,166,4983055
33201,4983073,146,4983219
33202,4983302,25,4983327
33203,4983332,81,4983413
33204,4983453,4,4983457
33205,4983632,15,4983647
33206,4983681,8,4983689
33207,4983742,24,4983766
33208,4983819,93,4983912
33209,4984040,5,4984045
33210,4984092,83,4984175
33211,4984332,19,4984351
33212,4984643,177,4984820
33213,4984836,88,4984924
33214,4984984,60,4985044
33215,4985090,52,4985142
33216,4985143,146,4985289
33217,4985318,29,4985347
33218,4985360,60,4985420
33219,4985687,79,4985766
33220,4985779,38,4985817
33221,4985836,40,4985876
33222,4986001,145,4986146
33223,4986579,23,4986602
33224,4986703,6,4986709
33225,4986846,8,4986854
33226,4986902,19,4986921
33227,4987362,8,4987370
33228,4987397,5,4987402
33229,4987479,55,4987534
33230,4987849,4,4987853
33231,4987964,40,4988004
33232,4988152,78,4988230
33233,4988318,63,4988381
33234,4988393,21,4988414
33235,4988455,52,4988507
33236,4988545,143,4988688
33237,4988825,137,4988962
33238,4988994,34,4989028
33239,4989084,3,4989087
33240,4989401,186,4989587
33241,4989631,26,4989657
33242,4989688,19,4989707
33243,4989762,9,4989771
33244,4989837,1,4989838
33245,4989993,2,4989995
33246,4990082,57,4990139
33247,4990143,11,4990154
33248,4990257,29,4990286
33249,4990409,70,4990479
33250,4990500,55,4990555
33251,4990564,15,4990579
33252,4990605,19,4990624
33253,4990671,23,4990694
33254,4990774,15,4990789
33255,4990970,39,4991009
33256,4991061,10,4991071
33257,4991212,30,4991242
33258,4991367,74,4991441
33259,4991447,32,4991479
33260,4991583,20,4991603
33261,4991607,123,4991730
33262,4991741,30,4991771
33263,4992039,4,4992043
33264,4992174,51,4992225
33265,4992255,27,4992282
33266,4992396,30,4992426
33267,4992534,65,4992599
33268,4992600,19,4992619
33269,4992882,115,4992997
33270,4993018,15,4993033
33271,4993115,61,4993176
33272,4993345,137,4993482
33273,4993673,164,4993837
33274,4993979,41,4994020
33275,4994199,152,4994351
33276,4994528,38,4994566
33277,4994580,8,4994588
33278,4994641,12,4994653
33279,4994734,25,4994759
33280,4994790,37,4994827
33281,4994845,7,4994852
33282,4994967,10,4994977
33283,4994981,30,4995011
33284,4995103,1,4995104
33285,4995106,15,4995121
33286,4995135,118,4995253
33287,4995358,6,4995364
33288,4995435,44,4995479
33289,4995541,226,4995767
33290,4995829,15,4995844
33291,4995845,61,4995906
33292,4996021,45,4996066
33293,4996272,36,4996308
33294,4996374,65,4996439
33295,4996488,47,4996535
33296,4996589,13,4996602
33297,4996753,89,4996842
33298,4996955,42,4996997
33299,4997064,15,4997079
33300,4997231,42,4997273
33301,4997484,74,4997558
33302,4997670,46,4997716
33303,4997834,25,4997859
33304,4997904,4,4997908
33305,4997935,39,4997974
33306,4998299,31,4998330
33307,4998338,20,4998358
33308,4998533,70,4998603
33309,4998615,88,4998703
33310,4998736,20,4998756
33311,4998953,15,4998968
33312,4998999,160,4999159
33313,4999185,28,4999213
33314,4999591,4,4999595
33315,4999612,8,4999620
33316,4999761,28,4999789
33317,4999814,30,4999844
33318,4999946,8,4999954
33319,4999975,9,4999984
