,Start,Duration,End
0,23,78,101
1,160,9,169
2,242,14,256
3,319,7,326
4,429,42,471
5,520,32,552
6,606,6,612
7,692,2,694
8,736,2,738
9,1027,103,1130
10,1147,157,1304
11,1418,92,1510
12,1575,30,1605
13,1644,71,1715
14,1744,200,1944
15,1951,19,1970
16,2085,122,2207
17,2283,67,2350
18,2406,11,2417
19,2547,9,2556
20,2558,105,2663
21,2664,33,2697
22,2716,100,2816
23,3032,28,3060
24,3099,12,3111
25,3189,39,3228
26,3399,98,3497
27,3606,2,3608
28,3623,107,3730
29,3762,22,3784
30,3841,38,3879
31,3920,109,4029
32,4131,10,4141
33,4160,65,4225
34,4344,60,4404
35,4424,97,4521
36,4525,127,4652
37,4714,32,4746
38,4839,139,4978
39,5133,29,5162
40,5300,1,5301
41,5327,4,5331
42,5357,17,5374
43,5714,32,5746
44,5968,26,5994
45,6296,105,6401
46,6423,55,6478
47,6628,116,6744
48,6931,20,6951
49,7086,111,7197
50,7257,44,7301
51,7619,31,7650
52,7652,220,7872
53,8128,111,8239
54,8268,13,8281
55,8290,12,8302
56,8310,27,8337
57,8416,48,8464
58,8547,75,8622
59,8661,48,8709
60,8790,2,8792
61,8796,18,8814
62,8913,48,8961
63,9002,138,9140
64,9162,21,9183
65,9303,35,9338
66,9349,269,9618
67,9764,20,9784
68,9894,5,9899
69,10045,134,10179
70,10351,13,10364
71,10379,30,10409
72,10438,45,10483
73,10486,31,10517
74,10542,2,10544
75,10609,49,10658
76,10809,38,10847
77,10897,84,10981
78,10986,214,11200
79,11365,27,11392
80,11739,53,11792
81,11835,11,11846
82,12361,77,12438
83,12926,14,12940
84,13044,100,13144
85,13165,86,13251
86,13301,7,13308
87,13337,31,13368
88,13450,21,13471
89,13672,12,13684
90,14044,80,14124
91,14158,134,14292
92,14345,39,14384
93,14408,147,14555
94,14602,22,14624
95,14854,47,14901
96,15077,22,15099
97,15142,33,15175
98,15187,58,15245
99,15315,50,15365
100,15387,50,15437
101,15518,42,15560
102,15573,24,15597
103,15609,24,15633
104,15871,32,15903
105,15957,6,15963
106,16100,11,16111
107,16167,14,16181
108,16184,18,16202
109,16284,1,16285
110,16501,58,16559
111,16570,79,16649
112,16689,6,16695
113,16740,5,16745
114,16774,15,16789
115,16830,46,16876
116,17160,27,17187
117,17826,8,17834
118,17998,263,18261
119,18804,13,18817
120,18926,87,19013
121,19065,61,19126
122,19270,64,19334
123,19404,14,19418
124,19480,12,19492
125,19571,42,19613
126,19745,22,19767
127,19877,190,20067
128,20111,4,20115
129,20227,9,20236
130,20421,28,20449
131,20562,7,20569
132,20698,5,20703
133,20736,140,20876
134,20980,4,20984
135,21004,8,21012
136,21020,46,21066
137,21219,120,21339
138,21396,10,21406
139,21419,52,21471
140,21615,41,21656
141,21776,22,21798
142,21807,12,21819
143,21858,7,21865
144,21869,97,21966
145,22071,17,22088
146,22119,49,22168
147,22266,69,22335
148,22393,40,22433
149,22547,66,22613
150,22728,32,22760
151,22965,235,23200
152,23226,39,23265
153,23581,46,23627
154,23664,7,23671
155,23844,185,24029
156,24127,35,24162
157,24298,106,24404
158,24884,61,24945
159,24947,4,24951
160,25008,80,25088
161,25112,5,25117
162,25172,12,25184
163,25379,129,25508
164,25593,43,25636
165,25769,15,25784
166,25822,36,25858
167,25893,8,25901
168,26202,13,26215
169,26264,33,26297
170,26514,4,26518
171,26615,41,26656
172,26670,7,26677
173,26789,26,26815
174,26900,80,26980
175,27067,17,27084
176,27194,89,27283
177,27311,92,27403
178,27630,119,27749
179,27808,27,27835
180,27877,58,27935
181,27939,31,27970
182,28063,35,28098
183,28274,65,28339
184,28670,77,28747
185,28979,15,28994
186,29010,27,29037
187,29282,11,29293
188,29332,106,29438
189,29574,14,29588
190,29634,50,29684
191,29827,131,29958
192,29991,54,30045
193,30210,54,30264
194,30529,30,30559
195,30597,16,30613
196,30656,79,30735
197,30865,9,30874
198,31062,51,31113
199,31274,27,31301
200,31375,3,31378
201,31546,31,31577
202,31651,49,31700
203,31704,5,31709
204,31712,7,31719
205,31767,27,31794
206,31808,9,31817
207,32006,26,32032
208,32043,33,32076
209,32123,7,32130
210,32141,3,32144
211,32391,31,32422
212,32439,44,32483
213,32587,8,32595
214,32694,75,32769
215,32813,139,32952
216,32959,53,33012
217,33066,90,33156
218,33255,103,33358
219,33390,36,33426
220,33432,56,33488
221,33568,27,33595
222,33689,153,33842
223,33891,40,33931
224,33957,78,34035
225,34036,9,34045
226,34085,12,34097
227,34140,42,34182
228,34430,171,34601
229,34723,17,34740
230,34835,56,34891
231,34942,124,35066
232,35294,173,35467
233,35482,47,35529
234,35554,56,35610
235,35674,20,35694
236,36097,73,36170
237,36196,24,36220
238,36292,2,36294
239,36447,76,36523
240,36532,40,36572
241,36581,58,36639
242,36690,187,36877
243,37092,9,37101
244,37216,37,37253
245,37314,66,37380
246,37469,90,37559
247,37613,8,37621
248,37853,19,37872
249,37878,91,37969
250,37980,15,37995
251,38202,9,38211
252,38281,7,38288
253,38452,43,38495
254,38551,24,38575
255,38845,5,38850
256,38857,41,38898
257,38901,17,38918
258,39018,7,39025
259,39082,59,39141
260,39250,22,39272
261,39301,41,39342
262,39398,29,39427
263,39441,20,39461
264,39489,187,39676
265,39767,8,39775
266,40005,45,40050
267,40141,56,40197
268,40355,32,40387
269,40607,101,40708
270,40983,52,41035
271,41270,52,41322
272,41431,3,41434
273,41713,48,41761
274,41822,48,41870
275,41988,1,41989
276,42030,1,42031
277,42395,83,42478
278,42500,1,42501
279,42790,24,42814
280,42837,50,42887
281,42931,117,43048
282,43071,58,43129
283,43256,3,43259
284,43261,18,43279
285,43415,3,43418
286,43540,98,43638
287,43713,25,43738
288,43766,110,43876
289,43895,9,43904
290,43932,35,43967
291,44068,13,44081
292,44180,48,44228
293,44435,326,44761
294,44767,50,44817
295,44919,22,44941
296,44984,25,45009
297,45109,27,45136
298,45173,4,45177
299,45386,4,45390
300,45514,20,45534
301,45537,3,45540
302,45610,50,45660
303,45715,23,45738
304,45872,42,45914
305,45964,102,46066
306,46246,103,46349
307,46358,10,46368
308,46429,7,46436
309,46722,75,46797
310,46852,54,46906
311,46923,2,46925
312,46926,36,46962
313,46987,28,47015
314,47101,1,47102
315,47157,9,47166
316,47202,83,47285
317,47480,18,47498
318,47556,3,47559
319,47590,76,47666
320,47749,74,47823
321,47886,22,47908
322,47991,18,48009
323,48116,22,48138
324,48243,73,48316
325,48408,26,48434
326,48453,53,48506
327,48596,48,48644
328,48706,71,48777
329,49041,36,49077
330,49132,49,49181
331,49286,19,49305
332,49425,249,49674
333,49688,78,49766
334,49999,26,50025
335,50083,9,50092
336,50207,4,50211
337,50286,6,50292
338,50293,62,50355
339,50560,70,50630
340,50750,160,50910
341,50921,32,50953
342,50965,49,51014
343,51032,43,51075
344,51211,29,51240
345,51328,98,51426
346,51467,21,51488
347,51562,12,51574
348,51589,1,51590
349,51662,63,51725
350,51792,151,51943
351,51947,6,51953
352,51972,23,51995
353,52107,4,52111
354,52165,41,52206
355,52280,1,52281
356,52378,82,52460
357,52512,47,52559
358,52798,72,52870
359,52909,9,52918
360,52979,69,53048
361,53115,2,53117
362,53262,103,53365
363,53488,120,53608
364,53702,64,53766
365,53882,88,53970
366,54418,2,54420
367,54434,23,54457
368,54460,19,54479
369,54498,48,54546
370,54584,9,54593
371,54851,15,54866
372,54970,10,54980
373,55008,11,55019
374,55096,35,55131
375,55189,16,55205
376,55276,6,55282
377,55339,157,55496
378,55530,38,55568
379,55594,74,55668
380,55689,7,55696
381,55725,12,55737
382,55770,35,55805
383,55889,117,56006
384,56088,49,56137
385,56351,10,56361
386,56581,3,56584
387,56865,24,56889
388,56891,49,56940
389,57027,152,57179
390,57275,12,57287
391,57299,34,57333
392,57480,15,57495
393,57509,12,57521
394,57634,7,57641
395,57693,11,57704
396,57708,86,57794
397,57841,29,57870
398,57897,20,57917
399,58006,111,58117
400,58368,2,58370
401,58711,16,58727
402,58728,2,58730
403,58740,228,58968
404,58975,10,58985
405,59094,1,59095
406,59131,21,59152
407,59156,121,59277
408,59527,105,59632
409,59644,32,59676
410,59747,53,59800
411,59886,54,59940
412,59999,15,60014
413,60042,27,60069
414,60117,48,60165
415,60254,23,60277
416,60278,109,60387
417,60563,11,60574
418,60646,5,60651
419,60856,58,60914
420,60923,68,60991
421,61233,30,61263
422,61449,50,61499
423,61552,38,61590
424,61649,13,61662
425,61916,46,61962
426,61974,95,62069
427,62089,8,62097
428,62107,1,62108
429,62189,72,62261
430,62279,107,62386
431,62454,22,62476
432,62485,13,62498
433,62550,72,62622
434,62807,86,62893
435,63018,24,63042
436,63055,12,63067
437,63115,78,63193
438,63267,74,63341
439,63445,51,63496
440,63620,7,63627
441,63651,234,63885
442,63928,98,64026
443,64093,36,64129
444,64152,10,64162
445,64293,77,64370
446,64408,78,64486
447,64550,9,64559
448,64673,66,64739
449,64741,4,64745
450,64882,35,64917
451,65173,178,65351
452,65429,85,65514
453,65550,41,65591
454,65686,36,65722
455,65800,5,65805
456,65983,4,65987
457,66020,233,66253
458,66299,69,66368
459,66424,55,66479
460,66634,5,66639
461,66742,147,66889
462,67154,68,67222
463,67448,33,67481
464,67690,60,67750
465,67853,19,67872
466,68070,30,68100
467,68162,27,68189
468,68383,121,68504
469,68523,43,68566
470,68571,23,68594
471,68980,36,69016
472,69038,26,69064
473,69085,58,69143
474,69179,1,69180
475,69235,19,69254
476,69362,31,69393
477,69422,70,69492
478,69571,38,69609
479,69691,56,69747
480,69766,37,69803
481,69978,22,70000
482,70105,30,70135
483,70196,24,70220
484,70415,219,70634
485,70748,93,70841
486,71096,6,71102
487,71168,181,71349
488,71442,60,71502
489,71669,9,71678
490,71755,10,71765
491,71791,50,71841
492,71920,64,71984
493,71992,140,72132
494,72163,42,72205
495,72305,3,72308
496,72621,11,72632
497,72729,26,72755
498,72785,57,72842
499,72866,27,72893
500,73069,129,73198
501,73379,28,73407
502,73724,111,73835
503,74054,58,74112
504,74165,52,74217
505,74220,43,74263
506,74288,8,74296
507,74397,66,74463
508,74540,34,74574
509,74857,16,74873
510,74922,11,74933
511,74938,99,75037
512,75039,131,75170
513,75395,36,75431
514,75620,7,75627
515,75861,82,75943
516,75986,7,75993
517,76129,273,76402
518,76441,18,76459
519,76585,59,76644
520,76708,59,76767
521,76856,16,76872
522,76880,58,76938
523,76975,48,77023
524,77075,127,77202
525,77296,52,77348
526,77353,65,77418
527,77429,23,77452
528,77464,48,77512
529,77526,4,77530
530,77605,18,77623
531,77757,1,77758
532,77794,123,77917
533,78013,18,78031
534,78184,78,78262
535,78309,49,78358
536,78568,58,78626
537,78696,21,78717
538,78816,6,78822
539,78972,171,79143
540,79273,167,79440
541,79488,69,79557
542,79609,181,79790
543,79833,16,79849
544,79867,9,79876
545,79988,11,79999
546,80129,71,80200
547,80252,19,80271
548,80322,14,80336
549,80364,9,80373
550,80517,40,80557
551,80677,44,80721
552,80853,18,80871
553,80938,3,80941
554,81261,53,81314
555,81347,58,81405
556,81518,8,81526
557,81911,13,81924
558,82006,3,82009
559,82142,28,82170
560,82241,82,82323
561,82361,82,82443
562,82626,105,82731
563,82763,4,82767
564,83245,64,83309
565,83328,19,83347
566,83392,3,83395
567,83426,63,83489
568,83605,30,83635
569,83639,98,83737
570,83774,6,83780
571,83898,1,83899
572,83942,77,84019
573,84114,121,84235
574,84304,75,84379
575,84391,143,84534
576,84571,139,84710
577,84796,39,84835
578,85043,10,85053
579,85059,3,85062
580,85289,10,85299
581,85331,73,85404
582,85407,303,85710
583,85758,158,85916
584,85941,112,86053
585,86168,37,86205
586,86444,129,86573
587,86717,9,86726
588,87133,28,87161
589,87293,58,87351
590,87491,53,87544
591,87619,100,87719
592,87791,50,87841
593,87891,180,88071
594,88163,17,88180
595,88228,154,88382
596,88460,95,88555
597,88723,39,88762
598,88974,31,89005
599,89085,1,89086
600,89170,95,89265
601,89319,18,89337
602,89405,144,89549
603,89636,47,89683
604,89968,83,90051
605,90098,38,90136
606,90186,64,90250
607,90367,183,90550
608,90945,11,90956
609,91120,22,91142
610,91147,17,91164
611,91188,98,91286
612,91339,81,91420
613,91620,34,91654
614,91831,24,91855
615,91910,1,91911
616,92119,11,92130
617,92303,50,92353
618,92495,15,92510
619,92527,32,92559
620,92669,60,92729
621,92787,61,92848
622,92913,86,92999
623,93001,23,93024
624,93085,74,93159
625,93186,10,93196
626,93235,63,93298
627,93327,5,93332
628,93391,9,93400
629,93584,31,93615
630,93747,23,93770
631,93915,49,93964
632,94035,53,94088
633,94179,1,94180
634,94363,61,94424
635,94582,48,94630
636,94663,271,94934
637,95162,31,95193
638,95244,59,95303
639,95435,1,95436
640,95619,5,95624
641,95898,55,95953
642,95989,114,96103
643,96251,20,96271
644,96281,3,96284
645,96291,20,96311
646,96461,82,96543
647,96619,16,96635
648,96649,4,96653
649,96706,25,96731
650,96912,76,96988
651,97396,9,97405
652,97497,17,97514
653,97518,7,97525
654,97665,22,97687
655,97836,60,97896
656,97958,50,98008
657,98172,6,98178
658,98226,34,98260
659,98313,11,98324
660,98559,20,98579
661,98586,114,98700
662,98726,8,98734
663,98737,39,98776
664,98909,59,98968
665,99007,3,99010
666,99048,57,99105
667,99149,62,99211
668,99301,44,99345
669,99485,16,99501
670,99633,66,99699
671,99705,59,99764
672,99852,2,99854
673,99905,60,99965
674,100088,141,100229
675,100286,29,100315
676,100327,169,100496
677,100529,75,100604
678,100712,65,100777
679,100787,74,100861
680,100990,5,100995
681,101061,12,101073
682,101238,183,101421
683,101426,107,101533
684,101667,191,101858
685,101887,136,102023
686,102071,54,102125
687,102483,75,102558
688,102618,31,102649
689,102714,2,102716
690,102749,3,102752
691,102763,21,102784
692,102858,48,102906
693,102912,42,102954
694,103089,89,103178
695,103181,61,103242
696,103310,109,103419
697,103437,151,103588
698,103761,100,103861
699,104023,37,104060
700,104108,133,104241
701,104444,28,104472
702,104567,13,104580
703,104683,2,104685
704,104705,19,104724
705,104817,28,104845
706,105066,44,105110
707,105171,84,105255
708,105389,1,105390
709,105650,43,105693
710,105824,29,105853
711,105856,34,105890
712,105992,9,106001
713,106021,74,106095
714,106319,82,106401
715,106500,68,106568
716,106650,55,106705
717,106797,12,106809
718,106965,34,106999
719,107164,16,107180
720,107192,39,107231
721,107368,4,107372
722,107383,62,107445
723,107460,70,107530
724,107669,166,107835
725,108121,149,108270
726,108394,127,108521
727,108629,61,108690
728,108716,116,108832
729,108851,22,108873
730,108938,44,108982
731,109007,167,109174
732,109217,8,109225
733,109226,41,109267
734,109300,54,109354
735,109517,16,109533
736,109535,6,109541
737,109556,105,109661
738,109668,7,109675
739,109708,49,109757
740,109832,53,109885
741,109935,23,109958
742,109975,103,110078
743,110237,52,110289
744,110963,56,111019
745,111034,73,111107
746,111377,14,111391
747,111401,2,111403
748,111408,17,111425
749,111431,5,111436
750,111634,28,111662
751,111680,58,111738
752,111774,49,111823
753,111828,12,111840
754,111994,60,112054
755,112114,138,112252
756,112297,95,112392
757,112599,4,112603
758,112756,33,112789
759,112925,129,113054
760,113119,12,113131
761,113374,45,113419
762,113420,150,113570
763,113640,48,113688
764,113757,10,113767
765,113927,272,114199
766,114278,14,114292
767,114350,34,114384
768,114670,134,114804
769,114896,42,114938
770,115016,25,115041
771,115151,2,115153
772,115202,45,115247
773,115289,69,115358
774,115466,8,115474
775,115516,28,115544
776,115552,34,115586
777,115708,34,115742
778,115806,37,115843
779,115844,5,115849
780,115851,45,115896
781,115900,63,115963
782,115973,42,116015
783,116159,165,116324
784,116418,8,116426
785,116472,11,116483
786,116761,61,116822
787,116848,8,116856
788,116872,71,116943
789,116980,33,117013
790,117113,4,117117
791,117206,82,117288
792,117307,27,117334
793,117394,5,117399
794,117412,10,117422
795,117446,56,117502
796,117504,16,117520
797,117542,20,117562
798,117641,104,117745
799,117909,104,118013
800,118120,146,118266
801,118296,30,118326
802,118481,142,118623
803,118654,10,118664
804,118860,74,118934
805,118936,27,118963
806,118971,59,119030
807,119048,66,119114
808,119130,204,119334
809,119356,1,119357
810,119541,16,119557
811,119623,4,119627
812,119629,135,119764
813,119876,95,119971
814,120273,123,120396
815,120424,32,120456
816,120683,39,120722
817,121060,24,121084
818,121209,20,121229
819,121235,94,121329
820,121650,100,121750
821,121759,72,121831
822,122087,4,122091
823,122242,88,122330
824,122425,76,122501
825,122575,188,122763
826,122770,43,122813
827,122815,52,122867
828,122878,6,122884
829,122900,50,122950
830,123189,27,123216
831,123228,96,123324
832,123501,31,123532
833,123585,29,123614
834,123626,146,123772
835,123881,2,123883
836,124017,24,124041
837,124051,129,124180
838,124500,214,124714
839,124723,44,124767
840,124811,84,124895
841,125030,44,125074
842,125135,5,125140
843,125151,26,125177
844,125184,148,125332
845,125351,26,125377
846,125681,2,125683
847,125821,25,125846
848,125937,45,125982
849,126081,10,126091
850,126249,44,126293
851,126319,84,126403
852,126551,49,126600
853,126711,15,126726
854,126841,62,126903
855,127024,5,127029
856,127064,57,127121
857,127297,174,127471
858,127666,22,127688
859,127696,114,127810
860,128053,29,128082
861,128152,35,128187
862,128291,224,128515
863,128596,73,128669
864,128702,34,128736
865,128768,15,128783
866,128799,22,128821
867,128867,17,128884
868,129376,18,129394
869,129402,97,129499
870,129567,22,129589
871,129726,48,129774
872,129839,69,129908
873,130559,43,130602
874,130967,6,130973
875,130981,70,131051
876,131373,10,131383
877,131404,21,131425
878,131543,22,131565
879,131640,17,131657
880,131929,299,132228
881,132280,72,132352
882,132390,3,132393
883,132424,17,132441
884,132497,35,132532
885,132766,5,132771
886,132889,91,132980
887,133059,124,133183
888,133186,18,133204
889,133410,3,133413
890,133523,33,133556
891,133560,60,133620
892,133625,41,133666
893,133793,96,133889
894,134034,64,134098
895,134181,42,134223
896,134332,64,134396
897,134443,15,134458
898,134547,104,134651
899,134685,61,134746
900,134837,54,134891
901,134974,2,134976
902,135044,70,135114
903,135185,42,135227
904,135261,16,135277
905,135390,66,135456
906,135507,39,135546
907,135551,33,135584
908,135824,16,135840
909,136074,240,136314
910,136335,37,136372
911,136610,34,136644
912,136652,71,136723
913,136928,152,137080
914,137351,52,137403
915,137460,26,137486
916,137601,12,137613
917,137683,30,137713
918,138073,27,138100
919,138150,16,138166
920,138277,116,138393
921,138417,128,138545
922,138585,20,138605
923,138778,20,138798
924,138814,88,138902
925,138945,11,138956
926,138957,40,138997
927,139017,4,139021
928,139535,105,139640
929,139662,117,139779
930,139801,131,139932
931,139946,82,140028
932,140128,21,140149
933,140270,13,140283
934,140328,12,140340
935,140361,7,140368
936,140407,20,140427
937,140524,43,140567
938,140580,9,140589
939,140663,133,140796
940,141017,14,141031
941,141081,80,141161
942,141213,14,141227
943,141352,11,141363
944,141514,5,141519
945,141623,385,142008
946,142085,9,142094
947,142136,7,142143
948,142177,83,142260
949,142351,57,142408
950,142453,29,142482
951,142604,1,142605
952,142641,14,142655
953,142712,42,142754
954,143172,44,143216
955,143393,9,143402
956,143456,21,143477
957,143504,5,143509
958,143588,28,143616
959,143669,15,143684
960,143702,59,143761
961,143848,63,143911
962,143956,19,143975
963,144023,79,144102
964,144291,129,144420
965,144442,9,144451
966,144566,8,144574
967,144645,9,144654
968,144764,92,144856
969,144893,44,144937
970,144952,50,145002
971,145133,6,145139
972,145221,58,145279
973,145312,16,145328
974,145702,111,145813
975,145836,33,145869
976,145924,6,145930
977,146022,10,146032
978,146113,32,146145
979,146158,59,146217
980,146221,49,146270
981,146340,27,146367
982,146513,24,146537
983,146652,165,146817
984,146845,9,146854
985,146927,18,146945
986,146978,3,146981
987,147240,139,147379
988,147432,60,147492
989,147795,24,147819
990,147846,16,147862
991,147905,72,147977
992,148319,65,148384
993,148392,67,148459
994,148471,113,148584
995,148591,27,148618
996,148654,66,148720
997,148853,98,148951
998,149108,15,149123
999,149152,45,149197
1000,149379,8,149387
1001,149568,110,149678
1002,149720,45,149765
1003,149855,162,150017
1004,150037,16,150053
1005,150212,178,150390
1006,150539,58,150597
1007,150767,33,150800
1008,150963,129,151092
1009,151125,58,151183
1010,151307,7,151314
1011,151593,80,151673
1012,151777,78,151855
1013,152031,14,152045
1014,152068,1,152069
1015,152154,104,152258
1016,152279,33,152312
1017,152356,180,152536
1018,152706,51,152757
1019,152855,18,152873
1020,152897,15,152912
1021,153211,55,153266
1022,153402,15,153417
1023,153420,47,153467
1024,153473,68,153541
1025,153557,149,153706
1026,153782,36,153818
1027,154034,15,154049
1028,154266,15,154281
1029,154347,44,154391
1030,154560,33,154593
1031,154648,176,154824
1032,154830,6,154836
1033,154948,13,154961
1034,155019,72,155091
1035,155118,110,155228
1036,155236,104,155340
1037,155429,5,155434
1038,155523,58,155581
1039,155628,1,155629
1040,155890,49,155939
1041,156010,14,156024
1042,156032,52,156084
1043,156317,11,156328
1044,156372,124,156496
1045,156516,56,156572
1046,156706,17,156723
1047,157006,56,157062
1048,157122,6,157128
1049,157231,25,157256
1050,157259,3,157262
1051,157357,24,157381
1052,157385,24,157409
1053,157418,6,157424
1054,157569,58,157627
1055,157636,4,157640
1056,157757,4,157761
1057,157780,11,157791
1058,157926,19,157945
1059,157966,2,157968
1060,158080,22,158102
1061,158143,34,158177
1062,158180,22,158202
1063,158294,14,158308
1064,158332,16,158348
1065,158451,8,158459
1066,158467,43,158510
1067,158648,10,158658
1068,158816,23,158839
1069,159153,11,159164
1070,159234,11,159245
1071,159298,14,159312
1072,159624,23,159647
1073,159654,82,159736
1074,159920,81,160001
1075,160057,9,160066
1076,160115,14,160129
1077,160186,74,160260
1078,160291,5,160296
1079,160354,1,160355
1080,160472,45,160517
1081,160721,11,160732
1082,161094,125,161219
1083,161485,5,161490
1084,161524,5,161529
1085,161558,34,161592
1086,162058,64,162122
1087,162132,10,162142
1088,162436,21,162457
1089,162469,10,162479
1090,162496,23,162519
1091,162684,68,162752
1092,162822,40,162862
1093,163086,25,163111
1094,163142,28,163170
1095,163566,44,163610
1096,163621,36,163657
1097,163778,33,163811
1098,163812,54,163866
1099,163886,14,163900
1100,163917,124,164041
1101,164048,52,164100
1102,164536,29,164565
1103,165193,35,165228
1104,165363,34,165397
1105,165466,10,165476
1106,165492,8,165500
1107,165682,46,165728
1108,165743,17,165760
1109,165768,18,165786
1110,165999,21,166020
1111,166068,17,166085
1112,166385,85,166470
1113,166487,79,166566
1114,166732,13,166745
1115,166867,1,166868
1116,166875,25,166900
1117,167031,139,167170
1118,167183,28,167211
1119,167224,6,167230
1120,167263,9,167272
1121,167431,3,167434
1122,167524,9,167533
1123,167552,56,167608
1124,168327,20,168347
1125,168361,70,168431
1126,168500,44,168544
1127,168835,96,168931
1128,169054,171,169225
1129,169368,16,169384
1130,169472,70,169542
1131,169585,45,169630
1132,169654,66,169720
1133,169767,30,169797
1134,169803,37,169840
1135,169982,133,170115
1136,170186,37,170223
1137,170342,15,170357
1138,170404,19,170423
1139,170547,8,170555
1140,170584,36,170620
1141,170712,171,170883
1142,170915,6,170921
1143,170925,152,171077
1144,171185,1,171186
1145,171565,39,171604
1146,171727,17,171744
1147,171777,24,171801
1148,171904,30,171934
1149,171948,29,171977
1150,172111,45,172156
1151,172189,2,172191
1152,172261,16,172277
1153,172292,10,172302
1154,172608,10,172618
1155,172667,42,172709
1156,172721,1,172722
1157,172796,152,172948
1158,173137,20,173157
1159,173165,7,173172
1160,173327,36,173363
1161,173373,37,173410
1162,173477,12,173489
1163,173540,39,173579
1164,173603,11,173614
1165,173713,48,173761
1166,174074,6,174080
1167,174136,56,174192
1168,174216,26,174242
1169,174251,91,174342
1170,174359,27,174386
1171,174598,40,174638
1172,174659,16,174675
1173,174695,32,174727
1174,174939,4,174943
1175,174954,6,174960
1176,175136,77,175213
1177,175453,29,175482
1178,175502,37,175539
1179,175545,78,175623
1180,175653,17,175670
1181,175720,38,175758
1182,175845,62,175907
1183,176014,66,176080
1184,176204,33,176237
1185,176240,14,176254
1186,176388,25,176413
1187,176442,41,176483
1188,176592,26,176618
1189,176749,15,176764
1190,176778,41,176819
1191,176840,52,176892
1192,176991,22,177013
1193,177018,48,177066
1194,177287,28,177315
1195,177321,12,177333
1196,177363,1,177364
1197,177501,44,177545
1198,177679,113,177792
1199,177974,58,178032
1200,178120,31,178151
1201,178166,55,178221
1202,178231,19,178250
1203,178258,15,178273
1204,178297,142,178439
1205,178690,42,178732
1206,178748,2,178750
1207,178906,58,178964
1208,179050,118,179168
1209,179239,85,179324
1210,179400,50,179450
1211,179479,40,179519
1212,179584,2,179586
1213,179602,13,179615
1214,179711,29,179740
1215,179824,125,179949
1216,180041,3,180044
1217,180053,27,180080
1218,180154,23,180177
1219,180314,94,180408
1220,180997,121,181118
1221,181212,52,181264
1222,181310,106,181416
1223,181458,8,181466
1224,181484,48,181532
1225,181684,25,181709
1226,181828,57,181885
1227,182019,13,182032
1228,182283,4,182287
1229,182315,52,182367
1230,182407,8,182415
1231,182545,1,182546
1232,182759,48,182807
1233,182965,52,183017
1234,183114,95,183209
1235,183290,66,183356
1236,183434,32,183466
1237,183652,53,183705
1238,183855,3,183858
1239,183942,19,183961
1240,183977,23,184000
1241,184116,3,184119
1242,184213,21,184234
1243,184284,11,184295
1244,184304,17,184321
1245,184366,3,184369
1246,184378,161,184539
1247,184545,12,184557
1248,184593,30,184623
1249,184729,11,184740
1250,184782,10,184792
1251,184996,24,185020
1252,185079,70,185149
1253,185260,60,185320
1254,185368,43,185411
1255,185672,22,185694
1256,185857,46,185903
1257,186120,9,186129
1258,186159,1,186160
1259,186275,57,186332
1260,186362,107,186469
1261,186499,160,186659
1262,186764,41,186805
1263,186817,30,186847
1264,186915,68,186983
1265,187317,27,187344
1266,187473,54,187527
1267,187699,157,187856
1268,188041,105,188146
1269,188227,88,188315
1270,188345,14,188359
1271,188686,28,188714
1272,188795,8,188803
1273,188850,40,188890
1274,188955,49,189004
1275,189079,12,189091
1276,189196,53,189249
1277,189377,43,189420
1278,189432,28,189460
1279,189469,106,189575
1280,189664,162,189826
1281,189927,30,189957
1282,189972,10,189982
1283,189991,79,190070
1284,190087,30,190117
1285,190348,17,190365
1286,190466,49,190515
1287,190598,147,190745
1288,190830,35,190865
1289,190889,12,190901
1290,190912,141,191053
1291,191156,48,191204
1292,191220,17,191237
1293,191249,28,191277
1294,191350,2,191352
1295,191463,81,191544
1296,191549,50,191599
1297,191644,271,191915
1298,191948,142,192090
1299,192143,46,192189
1300,192211,13,192224
1301,192286,126,192412
1302,192445,32,192477
1303,192540,38,192578
1304,192625,48,192673
1305,192779,57,192836
1306,192998,72,193070
1307,193097,8,193105
1308,193126,50,193176
1309,193280,104,193384
1310,193399,31,193430
1311,193441,147,193588
1312,193636,95,193731
1313,193825,80,193905
1314,194032,51,194083
1315,194095,161,194256
1316,194295,28,194323
1317,194375,20,194395
1318,194640,49,194689
1319,194758,92,194850
1320,194891,13,194904
1321,194963,154,195117
1322,195145,24,195169
1323,195206,64,195270
1324,195797,10,195807
1325,196001,166,196167
1326,196208,123,196331
1327,196547,261,196808
1328,196858,36,196894
1329,196895,17,196912
1330,196940,31,196971
1331,197179,159,197338
1332,197398,25,197423
1333,197465,46,197511
1334,197562,86,197648
1335,197773,13,197786
1336,197907,76,197983
1337,198005,41,198046
1338,198062,95,198157
1339,198222,31,198253
1340,198386,23,198409
1341,198451,7,198458
1342,198749,12,198761
1343,198787,1,198788
1344,199348,8,199356
1345,199407,53,199460
1346,199519,5,199524
1347,199556,27,199583
1348,199664,44,199708
1349,199892,164,200056
1350,200308,101,200409
1351,200417,32,200449
1352,200551,60,200611
1353,200636,26,200662
1354,200674,31,200705
1355,200714,2,200716
1356,200722,82,200804
1357,201004,15,201019
1358,201237,82,201319
1359,201343,24,201367
1360,201382,3,201385
1361,201461,13,201474
1362,201506,53,201559
1363,201631,125,201756
1364,201855,28,201883
1365,201949,103,202052
1366,202343,5,202348
1367,202472,15,202487
1368,202491,64,202555
1369,202573,64,202637
1370,202687,63,202750
1371,202953,21,202974
1372,203031,9,203040
1373,203282,25,203307
1374,203364,2,203366
1375,203407,73,203480
1376,203634,34,203668
1377,203765,80,203845
1378,204002,16,204018
1379,204057,17,204074
1380,204214,1,204215
1381,204276,14,204290
1382,204388,12,204400
1383,204474,15,204489
1384,204511,144,204655
1385,204681,2,204683
1386,204760,28,204788
1387,204860,186,205046
1388,205160,72,205232
1389,205452,21,205473
1390,205479,12,205491
1391,205701,30,205731
1392,205741,20,205761
1393,205819,65,205884
1394,206227,67,206294
1395,206329,57,206386
1396,206388,31,206419
1397,206658,23,206681
1398,206807,3,206810
1399,206847,57,206904
1400,207093,16,207109
1401,207139,19,207158
1402,207442,31,207473
1403,207480,31,207511
1404,207559,27,207586
1405,207630,20,207650
1406,207951,66,208017
1407,208199,42,208241
1408,208428,14,208442
1409,208496,26,208522
1410,208662,16,208678
1411,208781,94,208875
1412,208881,49,208930
1413,209197,97,209294
1414,209413,132,209545
1415,209668,55,209723
1416,209841,57,209898
1417,210091,86,210177
1418,210325,29,210354
1419,210606,15,210621
1420,210658,3,210661
1421,210732,69,210801
1422,210814,51,210865
1423,211029,18,211047
1424,211260,126,211386
1425,211396,35,211431
1426,211670,175,211845
1427,211881,42,211923
1428,212092,65,212157
1429,212165,62,212227
1430,212308,8,212316
1431,212714,45,212759
1432,212824,42,212866
1433,213046,15,213061
1434,213164,27,213191
1435,213311,43,213354
1436,213455,153,213608
1437,213741,105,213846
1438,213858,97,213955
1439,214083,31,214114
1440,214142,94,214236
1441,214295,212,214507
1442,214508,21,214529
1443,214551,38,214589
1444,214668,11,214679
1445,214794,59,214853
1446,214957,47,215004
1447,215071,109,215180
1448,215273,63,215336
1449,215833,119,215952
1450,216147,7,216154
1451,216294,8,216302
1452,216343,20,216363
1453,216381,27,216408
1454,216549,62,216611
1455,216779,12,216791
1456,216962,5,216967
1457,216983,19,217002
1458,217022,43,217065
1459,217086,2,217088
1460,217217,61,217278
1461,217296,38,217334
1462,217339,6,217345
1463,217500,3,217503
1464,217535,109,217644
1465,217654,67,217721
1466,218026,62,218088
1467,218108,33,218141
1468,218216,24,218240
1469,218353,68,218421
1470,218502,52,218554
1471,218557,23,218580
1472,218582,39,218621
1473,218693,1,218694
1474,218755,370,219125
1475,219136,5,219141
1476,219248,16,219264
1477,219290,78,219368
1478,219421,4,219425
1479,219436,19,219455
1480,219476,70,219546
1481,219624,50,219674
1482,219812,19,219831
1483,220126,14,220140
1484,220194,11,220205
1485,220480,14,220494
1486,220552,53,220605
1487,220655,69,220724
1488,220827,14,220841
1489,220931,175,221106
1490,221180,140,221320
1491,221510,60,221570
1492,221630,17,221647
1493,221754,110,221864
1494,221936,21,221957
1495,221974,30,222004
1496,222036,15,222051
1497,222117,3,222120
1498,222192,6,222198
1499,222249,77,222326
1500,222401,208,222609
1501,222632,57,222689
1502,222792,18,222810
1503,222882,162,223044
1504,223225,8,223233
1505,223450,96,223546
1506,223551,61,223612
1507,223676,38,223714
1508,223753,16,223769
1509,223891,3,223894
1510,224020,25,224045
1511,224167,18,224185
1512,224675,51,224726
1513,224757,47,224804
1514,224859,87,224946
1515,225010,87,225097
1516,225199,65,225264
1517,225535,242,225777
1518,226054,14,226068
1519,226337,95,226432
1520,226487,31,226518
1521,226603,83,226686
1522,226820,22,226842
1523,226929,29,226958
1524,227056,156,227212
1525,227305,42,227347
1526,227534,22,227556
1527,227604,30,227634
1528,227645,33,227678
1529,227679,30,227709
1530,227836,101,227937
1531,228040,5,228045
1532,228094,33,228127
1533,228227,16,228243
1534,228251,24,228275
1535,228291,9,228300
1536,228597,107,228704
1537,228943,6,228949
1538,229054,22,229076
1539,229098,125,229223
1540,229475,1,229476
1541,229595,84,229679
1542,229705,10,229715
1543,229804,269,230073
1544,230117,20,230137
1545,230206,45,230251
1546,230512,21,230533
1547,230574,16,230590
1548,230921,223,231144
1549,231339,3,231342
1550,231371,144,231515
1551,231520,19,231539
1552,231678,95,231773
1553,231926,14,231940
1554,231969,99,232068
1555,232085,9,232094
1556,232166,9,232175
1557,232229,4,232233
1558,232241,44,232285
1559,232298,81,232379
1560,232383,32,232415
1561,232425,2,232427
1562,232555,11,232566
1563,232656,30,232686
1564,232693,244,232937
1565,233143,74,233217
1566,233370,125,233495
1567,233504,62,233566
1568,233646,1,233647
1569,233731,31,233762
1570,233898,116,234014
1571,234087,57,234144
1572,234206,28,234234
1573,234257,11,234268
1574,234380,29,234409
1575,234485,9,234494
1576,234521,28,234549
1577,234555,18,234573
1578,234696,45,234741
1579,234843,16,234859
1580,234943,22,234965
1581,234973,213,235186
1582,235210,6,235216
1583,235255,31,235286
1584,235310,49,235359
1585,235538,48,235586
1586,235631,24,235655
1587,235674,24,235698
1588,235731,33,235764
1589,235916,22,235938
1590,235952,54,236006
1591,236010,18,236028
1592,236164,48,236212
1593,236214,163,236377
1594,236411,88,236499
1595,236619,8,236627
1596,236711,67,236778
1597,236875,2,236877
1598,236909,25,236934
1599,236945,38,236983
1600,237072,140,237212
1601,237238,3,237241
1602,237327,27,237354
1603,237452,59,237511
1604,237596,7,237603
1605,237670,38,237708
1606,237893,53,237946
1607,238231,2,238233
1608,238255,220,238475
1609,238520,15,238535
1610,239002,21,239023
1611,239103,18,239121
1612,239205,57,239262
1613,239323,106,239429
1614,239440,84,239524
1615,239538,62,239600
1616,239617,48,239665
1617,239683,19,239702
1618,239769,27,239796
1619,239938,15,239953
1620,239979,67,240046
1621,240067,28,240095
1622,240173,17,240190
1623,240376,14,240390
1624,240413,48,240461
1625,240550,67,240617
1626,240693,14,240707
1627,241035,24,241059
1628,241086,15,241101
1629,241104,3,241107
1630,241175,132,241307
1631,241314,104,241418
1632,241437,60,241497
1633,241557,50,241607
1634,241688,50,241738
1635,241789,22,241811
1636,241814,31,241845
1637,242147,15,242162
1638,242169,45,242214
1639,242376,51,242427
1640,242430,49,242479
1641,242509,89,242598
1642,242614,18,242632
1643,242675,7,242682
1644,242797,15,242812
1645,242816,82,242898
1646,243019,19,243038
1647,243130,119,243249
1648,243308,24,243332
1649,243431,3,243434
1650,243449,12,243461
1651,243581,79,243660
1652,243740,62,243802
1653,243848,12,243860
1654,244047,99,244146
1655,244222,14,244236
1656,244378,65,244443
1657,244623,15,244638
1658,245021,23,245044
1659,245196,70,245266
1660,245370,5,245375
1661,245440,13,245453
1662,245464,77,245541
1663,245849,12,245861
1664,245862,15,245877
1665,245917,22,245939
1666,245967,67,246034
1667,246168,7,246175
1668,246176,2,246178
1669,246242,16,246258
1670,246332,83,246415
1671,246444,47,246491
1672,246509,23,246532
1673,246550,103,246653
1674,246748,9,246757
1675,246786,24,246810
1676,246896,43,246939
1677,247048,3,247051
1678,247173,112,247285
1679,247375,14,247389
1680,247416,59,247475
1681,247564,15,247579
1682,247690,81,247771
1683,248058,176,248234
1684,248430,14,248444
1685,248472,7,248479
1686,248649,20,248669
1687,248705,142,248847
1688,248908,5,248913
1689,248938,17,248955
1690,249239,10,249249
1691,249317,18,249335
1692,249390,45,249435
1693,249512,18,249530
1694,249582,2,249584
1695,249607,4,249611
1696,249678,76,249754
1697,249969,35,250004
1698,250106,57,250163
1699,250353,177,250530
1700,250637,14,250651
1701,250683,43,250726
1702,250945,50,250995
1703,251007,28,251035
1704,251098,101,251199
1705,251228,4,251232
1706,251280,24,251304
1707,251413,95,251508
1708,251557,5,251562
1709,251610,78,251688
1710,251729,7,251736
1711,252457,17,252474
1712,252663,88,252751
1713,253428,72,253500
1714,253542,60,253602
1715,253642,7,253649
1716,253935,10,253945
1717,253966,44,254010
1718,254059,4,254063
1719,254101,41,254142
1720,254197,8,254205
1721,254286,79,254365
1722,254419,17,254436
1723,254621,8,254629
1724,254823,55,254878
1725,254906,60,254966
1726,255033,168,255201
1727,255282,52,255334
1728,255515,2,255517
1729,255834,40,255874
1730,255957,13,255970
1731,255993,69,256062
1732,256267,12,256279
1733,256433,55,256488
1734,256677,23,256700
1735,256780,5,256785
1736,256849,3,256852
1737,256883,37,256920
1738,257045,36,257081
1739,257167,195,257362
1740,257380,84,257464
1741,257583,130,257713
1742,257715,13,257728
1743,257757,9,257766
1744,257943,38,257981
1745,258217,1,258218
1746,258413,7,258420
1747,258589,58,258647
1748,258739,51,258790
1749,258808,234,259042
1750,259162,101,259263
1751,259282,37,259319
1752,259350,12,259362
1753,259572,22,259594
1754,259725,20,259745
1755,259802,111,259913
1756,259919,55,259974
1757,259993,39,260032
1758,260117,14,260131
1759,260289,137,260426
1760,260649,13,260662
1761,260733,27,260760
1762,260888,109,260997
1763,261178,6,261184
1764,261314,26,261340
1765,261431,48,261479
1766,261587,2,261589
1767,261633,65,261698
1768,261707,4,261711
1769,261746,40,261786
1770,261795,61,261856
1771,261873,4,261877
1772,262044,37,262081
1773,262107,34,262141
1774,262171,15,262186
1775,262191,34,262225
1776,262253,39,262292
1777,262316,51,262367
1778,262520,10,262530
1779,262726,39,262765
1780,262829,113,262942
1781,263006,50,263056
1782,263307,41,263348
1783,263395,10,263405
1784,263408,2,263410
1785,263494,29,263523
1786,263571,27,263598
1787,263638,101,263739
1788,263913,80,263993
1789,264020,24,264044
1790,264146,3,264149
1791,264243,134,264377
1792,264666,5,264671
1793,264754,13,264767
1794,264915,18,264933
1795,264960,11,264971
1796,265062,54,265116
1797,265168,115,265283
1798,265321,72,265393
1799,265395,87,265482
1800,265621,53,265674
1801,265680,8,265688
1802,265825,49,265874
1803,265889,9,265898
1804,265975,15,265990
1805,266032,49,266081
1806,266211,24,266235
1807,266264,25,266289
1808,266571,16,266587
1809,266594,67,266661
1810,266870,44,266914
1811,266998,259,267257
1812,267353,24,267377
1813,267473,1,267474
1814,267566,202,267768
1815,267874,28,267902
1816,267999,61,268060
1817,268112,51,268163
1818,268500,42,268542
1819,268785,32,268817
1820,268971,24,268995
1821,269001,60,269061
1822,269118,61,269179
1823,269388,80,269468
1824,269484,14,269498
1825,269582,8,269590
1826,269734,18,269752
1827,269767,26,269793
1828,269841,62,269903
1829,270213,180,270393
1830,270479,56,270535
1831,270596,34,270630
1832,271044,49,271093
1833,271200,6,271206
1834,271663,83,271746
1835,271799,52,271851
1836,271855,22,271877
1837,271896,99,271995
1838,272085,49,272134
1839,272370,5,272375
1840,272502,113,272615
1841,272811,144,272955
1842,273015,52,273067
1843,273077,23,273100
1844,273124,88,273212
1845,273219,5,273224
1846,273303,4,273307
1847,273327,95,273422
1848,273492,29,273521
1849,273568,186,273754
1850,273858,5,273863
1851,274228,88,274316
1852,274399,116,274515
1853,274603,11,274614
1854,274686,64,274750
1855,274826,10,274836
1856,274986,26,275012
1857,275062,83,275145
1858,275438,10,275448
1859,275460,8,275468
1860,275547,20,275567
1861,275663,4,275667
1862,275699,58,275757
1863,275958,3,275961
1864,276209,25,276234
1865,276269,69,276338
1866,276350,69,276419
1867,276551,114,276665
1868,276750,53,276803
1869,276845,7,276852
1870,276856,313,277169
1871,277225,8,277233
1872,277340,24,277364
1873,277466,105,277571
1874,277715,33,277748
1875,277760,15,277775
1876,278023,28,278051
1877,278131,24,278155
1878,278216,12,278228
1879,278239,6,278245
1880,278357,27,278384
1881,278398,66,278464
1882,278474,2,278476
1883,278481,45,278526
1884,278604,43,278647
1885,278743,23,278766
1886,278836,48,278884
1887,278912,39,278951
1888,278952,122,279074
1889,279166,88,279254
1890,279290,13,279303
1891,279642,67,279709
1892,279725,24,279749
1893,279775,58,279833
1894,279905,15,279920
1895,279971,24,279995
1896,280085,2,280087
1897,280102,53,280155
1898,280167,8,280175
1899,280216,38,280254
1900,280265,14,280279
1901,280289,1,280290
1902,280471,82,280553
1903,280568,5,280573
1904,280575,9,280584
1905,280743,55,280798
1906,280873,394,281267
1907,281311,68,281379
1908,281402,32,281434
1909,281458,22,281480
1910,281607,140,281747
1911,281844,130,281974
1912,282552,40,282592
1913,282599,22,282621
1914,282720,140,282860
1915,282863,22,282885
1916,282942,6,282948
1917,282981,9,282990
1918,283096,120,283216
1919,283217,23,283240
1920,283273,78,283351
1921,283359,3,283362
1922,283378,18,283396
1923,283496,99,283595
1924,283666,82,283748
1925,283984,3,283987
1926,284077,67,284144
1927,284158,31,284189
1928,284219,45,284264
1929,284690,2,284692
1930,284765,68,284833
1931,285138,19,285157
1932,285425,45,285470
1933,285557,55,285612
1934,286052,164,286216
1935,286278,30,286308
1936,286363,87,286450
1937,286574,72,286646
1938,286779,13,286792
1939,286854,13,286867
1940,287113,13,287126
1941,287183,49,287232
1942,287236,26,287262
1943,287264,16,287280
1944,287330,45,287375
1945,287376,193,287569
1946,287709,68,287777
1947,287819,16,287835
1948,288029,10,288039
1949,288084,60,288144
1950,288308,55,288363
1951,288364,19,288383
1952,288513,41,288554
1953,288828,57,288885
1954,288942,8,288950
1955,288952,128,289080
1956,289083,16,289099
1957,289198,25,289223
1958,289408,7,289415
1959,289484,89,289573
1960,289753,19,289772
1961,289926,22,289948
1962,289988,18,290006
1963,290094,44,290138
1964,290145,14,290159
1965,290263,124,290387
1966,290559,5,290564
1967,290674,14,290688
1968,290938,41,290979
1969,291048,51,291099
1970,291152,86,291238
1971,291469,55,291524
1972,291529,55,291584
1973,291862,103,291965
1974,292421,33,292454
1975,292688,5,292693
1976,292758,62,292820
1977,292825,83,292908
1978,293063,47,293110
1979,293367,132,293499
1980,293517,17,293534
1981,293566,16,293582
1982,293636,39,293675
1983,293855,57,293912
1984,294250,20,294270
1985,294372,30,294402
1986,294546,214,294760
1987,294850,66,294916
1988,294974,39,295013
1989,295131,15,295146
1990,295277,97,295374
1991,295550,32,295582
1992,295694,23,295717
1993,295736,23,295759
1994,296016,86,296102
1995,296231,15,296246
1996,296475,25,296500
1997,296685,11,296696
1998,296740,44,296784
1999,296799,58,296857
2000,296905,12,296917
2001,296959,63,297022
2002,297359,27,297386
2003,297416,75,297491
2004,297695,38,297733
2005,297754,128,297882
2006,298000,9,298009
2007,298040,26,298066
2008,298264,14,298278
2009,298367,4,298371
2010,298491,82,298573
2011,298642,140,298782
2012,298870,215,299085
2013,299172,81,299253
2014,299270,54,299324
2015,299380,34,299414
2016,299541,107,299648
2017,299877,24,299901
2018,300239,90,300329
2019,300388,47,300435
2020,300535,107,300642
2021,300684,161,300845
2022,300887,69,300956
2023,301109,54,301163
2024,301372,42,301414
2025,301517,82,301599
2026,301918,37,301955
2027,301972,47,302019
2028,302303,36,302339
2029,302468,123,302591
2030,302613,44,302657
2031,302787,22,302809
2032,302941,17,302958
2033,303005,229,303234
2034,303295,32,303327
2035,303382,68,303450
2036,303613,102,303715
2037,303719,4,303723
2038,303880,107,303987
2039,304135,22,304157
2040,304162,32,304194
2041,304204,19,304223
2042,304279,10,304289
2043,304294,27,304321
2044,304345,4,304349
2045,304394,12,304406
2046,304596,15,304611
2047,304621,37,304658
2048,304909,115,305024
2049,305086,40,305126
2050,305295,15,305310
2051,305346,18,305364
2052,305531,42,305573
2053,305576,4,305580
2054,305697,29,305726
2055,306004,100,306104
2056,306482,11,306493
2057,306504,26,306530
2058,306599,222,306821
2059,307001,163,307164
2060,307235,19,307254
2061,307315,106,307421
2062,307575,5,307580
2063,307583,47,307630
2064,307668,17,307685
2065,307736,136,307872
2066,307875,1,307876
2067,307879,67,307946
2068,307977,30,308007
2069,308081,47,308128
2070,308158,37,308195
2071,308371,61,308432
2072,308639,35,308674
2073,308763,25,308788
2074,308850,52,308902
2075,308987,10,308997
2076,309047,45,309092
2077,309318,26,309344
2078,309612,68,309680
2079,309789,48,309837
2080,309890,12,309902
2081,309935,25,309960
2082,309964,17,309981
2083,310043,26,310069
2084,310516,62,310578
2085,310615,43,310658
2086,310952,41,310993
2087,311022,70,311092
2088,311150,32,311182
2089,311277,56,311333
2090,311380,5,311385
2091,311411,66,311477
2092,311511,7,311518
2093,311616,5,311621
2094,311830,6,311836
2095,311920,32,311952
2096,311965,6,311971
2097,312175,62,312237
2098,312258,112,312370
2099,312451,73,312524
2100,312687,2,312689
2101,312766,23,312789
2102,312860,50,312910
2103,312918,2,312920
2104,312972,68,313040
2105,313056,60,313116
2106,313317,68,313385
2107,313399,143,313542
2108,313611,31,313642
2109,313746,35,313781
2110,313796,5,313801
2111,313895,65,313960
2112,314003,11,314014
2113,314016,73,314089
2114,314093,131,314224
2115,314227,17,314244
2116,314263,9,314272
2117,314323,77,314400
2118,314509,1,314510
2119,314591,113,314704
2120,314741,30,314771
2121,314811,92,314903
2122,315010,93,315103
2123,315319,3,315322
2124,315377,39,315416
2125,315485,160,315645
2126,315670,14,315684
2127,315696,206,315902
2128,315911,62,315973
2129,316206,25,316231
2130,316529,10,316539
2131,316544,178,316722
2132,316823,42,316865
2133,317108,1,317109
2134,317204,42,317246
2135,317291,11,317302
2136,317322,12,317334
2137,317376,34,317410
2138,317430,15,317445
2139,317526,67,317593
2140,317684,117,317801
2141,318109,314,318423
2142,318551,20,318571
2143,318756,15,318771
2144,318823,30,318853
2145,318952,1,318953
2146,318962,113,319075
2147,319286,113,319399
2148,319452,5,319457
2149,319745,6,319751
2150,319776,9,319785
2151,319814,54,319868
2152,319921,20,319941
2153,320021,129,320150
2154,320218,121,320339
2155,320468,28,320496
2156,320693,10,320703
2157,320828,163,320991
2158,320998,268,321266
2159,321372,6,321378
2160,321649,40,321689
2161,321745,10,321755
2162,321756,51,321807
2163,321885,3,321888
2164,321917,17,321934
2165,322121,8,322129
2166,322174,95,322269
2167,322382,14,322396
2168,322517,24,322541
2169,322556,135,322691
2170,322693,12,322705
2171,322793,188,322981
2172,322995,28,323023
2173,323378,29,323407
2174,323411,139,323550
2175,323591,42,323633
2176,323731,15,323746
2177,324076,24,324100
2178,324179,88,324267
2179,324286,16,324302
2180,324388,20,324408
2181,324585,79,324664
2182,324747,40,324787
2183,324834,17,324851
2184,324972,7,324979
2185,325038,133,325171
2186,325315,35,325350
2187,325443,31,325474
2188,325517,17,325534
2189,325689,18,325707
2190,325725,93,325818
2191,325861,68,325929
2192,325973,129,326102
2193,326134,73,326207
2194,326209,63,326272
2195,326291,81,326372
2196,326405,94,326499
2197,326504,3,326507
2198,326524,10,326534
2199,326567,25,326592
2200,326820,15,326835
2201,326844,233,327077
2202,327219,97,327316
2203,327536,50,327586
2204,327602,21,327623
2205,327677,75,327752
2206,327795,61,327856
2207,327867,33,327900
2208,327915,51,327966
2209,328051,4,328055
2210,328482,6,328488
2211,328680,33,328713
2212,328813,6,328819
2213,328835,60,328895
2214,328933,24,328957
2215,329053,67,329120
2216,329146,34,329180
2217,329721,2,329723
2218,329739,131,329870
2219,329915,4,329919
2220,330032,68,330100
2221,330307,28,330335
2222,330562,23,330585
2223,330910,152,331062
2224,331086,45,331131
2225,331252,8,331260
2226,331282,48,331330
2227,331360,179,331539
2228,331619,2,331621
2229,331678,20,331698
2230,331760,18,331778
2231,331892,9,331901
2232,331940,4,331944
2233,331992,77,332069
2234,332301,34,332335
2235,332344,113,332457
2236,332534,60,332594
2237,332636,56,332692
2238,332715,197,332912
2239,332930,7,332937
2240,333125,144,333269
2241,333372,67,333439
2242,333641,16,333657
2243,333677,58,333735
2244,333896,62,333958
2245,333994,11,334005
2246,334008,20,334028
2247,334086,41,334127
2248,334179,48,334227
2249,334252,22,334274
2250,334413,2,334415
2251,334417,95,334512
2252,334544,221,334765
2253,334850,64,334914
2254,334955,38,334993
2255,335196,56,335252
2256,335375,27,335402
2257,335426,34,335460
2258,335472,99,335571
2259,335580,3,335583
2260,335677,58,335735
2261,335928,163,336091
2262,336338,49,336387
2263,336409,52,336461
2264,336553,16,336569
2265,336608,60,336668
2266,336733,10,336743
2267,336879,7,336886
2268,337128,42,337170
2269,337182,39,337221
2270,337328,44,337372
2271,337386,137,337523
2272,337882,33,337915
2273,338071,43,338114
2274,338283,25,338308
2275,338372,34,338406
2276,338602,1,338603
2277,338812,21,338833
2278,338950,5,338955
2279,338979,50,339029
2280,339296,25,339321
2281,339628,49,339677
2282,339828,7,339835
2283,339881,43,339924
2284,339997,4,340001
2285,340006,39,340045
2286,340111,73,340184
2287,340314,12,340326
2288,340347,28,340375
2289,340445,2,340447
2290,340533,32,340565
2291,340590,101,340691
2292,340723,12,340735
2293,340751,15,340766
2294,340794,34,340828
2295,341349,144,341493
2296,341497,5,341502
2297,341701,26,341727
2298,341798,25,341823
2299,341897,63,341960
2300,342062,103,342165
2301,342233,7,342240
2302,342396,5,342401
2303,342533,25,342558
2304,342678,55,342733
2305,342828,13,342841
2306,342856,54,342910
2307,343002,32,343034
2308,343165,9,343174
2309,343334,30,343364
2310,343506,1,343507
2311,343761,30,343791
2312,344101,100,344201
2313,344231,51,344282
2314,344409,18,344427
2315,344449,35,344484
2316,344657,24,344681
2317,344705,4,344709
2318,344891,132,345023
2319,345266,87,345353
2320,345660,26,345686
2321,345965,30,345995
2322,346011,58,346069
2323,346731,21,346752
2324,346952,118,347070
2325,347157,98,347255
2326,347359,32,347391
2327,347507,124,347631
2328,347769,45,347814
2329,348077,257,348334
2330,348447,43,348490
2331,348589,35,348624
2332,348839,20,348859
2333,348902,42,348944
2334,349030,29,349059
2335,349103,1,349104
2336,349137,49,349186
2337,349248,21,349269
2338,349281,97,349378
2339,349498,28,349526
2340,349553,40,349593
2341,349676,59,349735
2342,349747,19,349766
2343,349861,146,350007
2344,350048,40,350088
2345,350107,39,350146
2346,350307,29,350336
2347,350373,34,350407
2348,350504,131,350635
2349,350642,162,350804
2350,350871,3,350874
2351,350901,111,351012
2352,351189,76,351265
2353,351402,8,351410
2354,351442,104,351546
2355,351562,8,351570
2356,351585,112,351697
2357,351755,100,351855
2358,351892,17,351909
2359,352204,84,352288
2360,352301,46,352347
2361,352376,71,352447
2362,352494,3,352497
2363,352562,23,352585
2364,352588,51,352639
2365,352740,25,352765
2366,352772,1,352773
2367,352906,47,352953
2368,352969,70,353039
2369,353071,17,353088
2370,353110,70,353180
2371,353309,1,353310
2372,353537,32,353569
2373,353594,53,353647
2374,353900,23,353923
2375,354153,13,354166
2376,354176,157,354333
2377,354623,22,354645
2378,354692,9,354701
2379,354717,48,354765
2380,354826,2,354828
2381,354831,14,354845
2382,355114,13,355127
2383,355187,10,355197
2384,355388,101,355489
2385,355492,45,355537
2386,355808,5,355813
2387,355918,52,355970
2388,356135,53,356188
2389,356276,6,356282
2390,356516,10,356526
2391,356603,59,356662
2392,356683,23,356706
2393,356745,8,356753
2394,356899,24,356923
2395,357016,15,357031
2396,357050,85,357135
2397,357399,4,357403
2398,357796,92,357888
2399,357933,20,357953
2400,358001,1,358002
2401,358005,4,358009
2402,358031,14,358045
2403,358329,103,358432
2404,358474,164,358638
2405,358732,84,358816
2406,358879,91,358970
2407,359041,1,359042
2408,359128,38,359166
2409,359355,38,359393
2410,359425,27,359452
2411,359458,31,359489
2412,359519,1,359520
2413,359573,48,359621
2414,359668,74,359742
2415,359744,9,359753
2416,359854,38,359892
2417,359956,13,359969
2418,360022,46,360068
2419,360104,104,360208
2420,360220,84,360304
2421,360451,1,360452
2422,360645,6,360651
2423,360687,41,360728
2424,360921,67,360988
2425,361062,104,361166
2426,361208,19,361227
2427,361318,1,361319
2428,361322,35,361357
2429,361501,39,361540
2430,361628,21,361649
2431,361856,7,361863
2432,361890,79,361969
2433,362055,59,362114
2434,362150,60,362210
2435,362225,22,362247
2436,362389,103,362492
2437,362522,69,362591
2438,362991,23,363014
2439,363073,17,363090
2440,363313,68,363381
2441,363493,15,363508
2442,363532,50,363582
2443,363616,1,363617
2444,363665,29,363694
2445,363753,18,363771
2446,363778,31,363809
2447,363842,42,363884
2448,364054,18,364072
2449,364302,51,364353
2450,364392,168,364560
2451,364866,4,364870
2452,364883,13,364896
2453,364931,3,364934
2454,364997,26,365023
2455,365309,12,365321
2456,365516,13,365529
2457,365842,48,365890
2458,366123,42,366165
2459,366416,5,366421
2460,366424,278,366702
2461,366741,31,366772
2462,367029,5,367034
2463,367099,6,367105
2464,367111,44,367155
2465,367249,32,367281
2466,367300,86,367386
2467,367558,87,367645
2468,367676,36,367712
2469,367725,1,367726
2470,367988,3,367991
2471,368023,84,368107
2472,368423,73,368496
2473,368538,41,368579
2474,368660,44,368704
2475,368725,144,368869
2476,368886,29,368915
2477,368995,90,369085
2478,369101,60,369161
2479,369162,6,369168
2480,369210,56,369266
2481,369461,31,369492
2482,369548,60,369608
2483,369745,52,369797
2484,369891,2,369893
2485,369957,108,370065
2486,370099,4,370103
2487,370131,85,370216
2488,370368,14,370382
2489,370386,27,370413
2490,370470,118,370588
2491,370742,85,370827
2492,370994,54,371048
2493,371191,56,371247
2494,371781,48,371829
2495,371899,470,372369
2496,372447,150,372597
2497,372620,100,372720
2498,372725,118,372843
2499,372893,12,372905
2500,372974,32,373006
2501,373014,10,373024
2502,373049,74,373123
2503,373142,36,373178
2504,373253,23,373276
2505,373297,8,373305
2506,373428,13,373441
2507,373708,1,373709
2508,373736,254,373990
2509,374137,137,374274
2510,374459,64,374523
2511,374712,249,374961
2512,375040,34,375074
2513,375075,18,375093
2514,375343,11,375354
2515,375468,16,375484
2516,375609,21,375630
2517,375730,33,375763
2518,375768,45,375813
2519,375836,27,375863
2520,375936,7,375943
2521,376017,5,376022
2522,376133,40,376173
2523,376182,50,376232
2524,376400,37,376437
2525,376455,48,376503
2526,376507,56,376563
2527,376627,85,376712
2528,376767,1,376768
2529,376790,14,376804
2530,376876,6,376882
2531,376886,18,376904
2532,376951,14,376965
2533,376979,22,377001
2534,377101,24,377125
2535,377454,37,377491
2536,377545,26,377571
2537,377633,9,377642
2538,378005,8,378013
2539,378154,1,378155
2540,378333,2,378335
2541,378623,8,378631
2542,378680,11,378691
2543,378839,164,379003
2544,379012,24,379036
2545,379280,31,379311
2546,379334,16,379350
2547,379610,33,379643
2548,379764,6,379770
2549,379805,5,379810
2550,379824,9,379833
2551,379984,4,379988
2552,380194,36,380230
2553,380249,15,380264
2554,380328,4,380332
2555,380681,29,380710
2556,380713,96,380809
2557,380857,154,381011
2558,381261,1,381262
2559,381379,31,381410
2560,381462,56,381518
2561,381681,26,381707
2562,381908,17,381925
2563,381942,22,381964
2564,382026,151,382177
2565,382317,5,382322
2566,382591,35,382626
2567,382752,23,382775
2568,382785,36,382821
2569,382950,88,383038
2570,383174,65,383239
2571,383266,16,383282
2572,383508,20,383528
2573,383676,40,383716
2574,383717,133,383850
2575,383866,8,383874
2576,383963,32,383995
2577,384065,8,384073
2578,384347,22,384369
2579,384438,1,384439
2580,384443,38,384481
2581,384489,30,384519
2582,384608,95,384703
2583,384727,10,384737
2584,385096,10,385106
2585,385257,80,385337
2586,385430,13,385443
2587,385501,7,385508
2588,385516,184,385700
2589,385842,49,385891
2590,385997,203,386200
2591,386376,49,386425
2592,386697,39,386736
2593,386739,36,386775
2594,386798,118,386916
2595,386921,75,386996
2596,387188,28,387216
2597,387275,5,387280
2598,387332,37,387369
2599,387646,24,387670
2600,387704,123,387827
2601,387867,59,387926
2602,387947,76,388023
2603,388124,24,388148
2604,388163,126,388289
2605,388305,31,388336
2606,388343,4,388347
2607,388592,29,388621
2608,388636,25,388661
2609,388706,10,388716
2610,388737,92,388829
2611,388931,131,389062
2612,389171,43,389214
2613,389225,26,389251
2614,389398,64,389462
2615,389530,16,389546
2616,389587,23,389610
2617,389619,48,389667
2618,389818,1,389819
2619,389858,2,389860
2620,389932,83,390015
2621,390355,130,390485
2622,390508,42,390550
2623,390666,31,390697
2624,390722,5,390727
2625,391130,30,391160
2626,391194,30,391224
2627,391501,65,391566
2628,391664,20,391684
2629,391753,77,391830
2630,391897,43,391940
2631,391948,17,391965
2632,391995,46,392041
2633,392102,16,392118
2634,392272,15,392287
2635,392322,45,392367
2636,392626,19,392645
2637,392675,2,392677
2638,392679,28,392707
2639,392819,6,392825
2640,392893,158,393051
2641,393156,5,393161
2642,393249,60,393309
2643,393341,31,393372
2644,393494,17,393511
2645,393627,28,393655
2646,393674,9,393683
2647,393710,49,393759
2648,393796,14,393810
2649,393829,42,393871
2650,393880,63,393943
2651,394342,94,394436
2652,394499,16,394515
2653,394562,15,394577
2654,394798,104,394902
2655,394907,3,394910
2656,395029,126,395155
2657,395275,36,395311
2658,395440,85,395525
2659,395754,45,395799
2660,395806,74,395880
2661,395882,2,395884
2662,395902,41,395943
2663,396111,113,396224
2664,396384,10,396394
2665,396395,11,396406
2666,396429,50,396479
2667,396746,38,396784
2668,396806,61,396867
2669,397075,22,397097
2670,397158,105,397263
2671,397278,98,397376
2672,397467,1,397468
2673,397735,17,397752
2674,397763,9,397772
2675,397783,7,397790
2676,398140,16,398156
2677,398195,6,398201
2678,398354,4,398358
2679,398487,5,398492
2680,398510,19,398529
2681,398539,68,398607
2682,398772,17,398789
2683,398799,57,398856
2684,398976,20,398996
2685,399042,123,399165
2686,399565,28,399593
2687,399632,90,399722
2688,399847,123,399970
2689,400103,41,400144
2690,400268,154,400422
2691,400445,15,400460
2692,400548,75,400623
2693,400653,41,400694
2694,400881,21,400902
2695,400978,114,401092
2696,401144,37,401181
2697,401222,18,401240
2698,401303,71,401374
2699,401502,173,401675
2700,401788,67,401855
2701,401887,40,401927
2702,402032,93,402125
2703,402248,20,402268
2704,402285,36,402321
2705,402346,19,402365
2706,402422,61,402483
2707,402865,6,402871
2708,402944,38,402982
2709,403090,59,403149
2710,403231,57,403288
2711,403344,288,403632
2712,403644,43,403687
2713,403730,2,403732
2714,403952,7,403959
2715,403965,6,403971
2716,404000,58,404058
2717,404757,32,404789
2718,404883,9,404892
2719,404949,86,405035
2720,405121,1,405122
2721,405189,61,405250
2722,405323,1,405324
2723,405381,9,405390
2724,405465,145,405610
2725,405776,7,405783
2726,405925,75,406000
2727,406062,83,406145
2728,406256,109,406365
2729,406491,82,406573
2730,406598,132,406730
2731,406747,96,406843
2732,406876,42,406918
2733,406998,63,407061
2734,407154,22,407176
2735,407236,94,407330
2736,407372,14,407386
2737,407463,56,407519
2738,407627,337,407964
2739,407969,138,408107
2740,408198,14,408212
2741,408298,67,408365
2742,408577,4,408581
2743,408637,67,408704
2744,409025,1,409026
2745,409390,81,409471
2746,409516,11,409527
2747,409673,21,409694
2748,409741,65,409806
2749,410068,34,410102
2750,410142,34,410176
2751,410501,33,410534
2752,410592,89,410681
2753,410717,35,410752
2754,410753,13,410766
2755,410928,12,410940
2756,410970,32,411002
2757,411147,3,411150
2758,411369,17,411386
2759,411399,56,411455
2760,411497,21,411518
2761,411839,65,411904
2762,412054,125,412179
2763,412186,38,412224
2764,412484,13,412497
2765,412530,12,412542
2766,412559,7,412566
2767,412617,71,412688
2768,412703,88,412791
2769,412821,10,412831
2770,412891,9,412900
2771,413075,47,413122
2772,413158,18,413176
2773,413380,53,413433
2774,413449,9,413458
2775,413487,7,413494
2776,413541,9,413550
2777,413719,105,413824
2778,413843,117,413960
2779,413979,2,413981
2780,414086,30,414116
2781,414211,8,414219
2782,414345,127,414472
2783,414883,21,414904
2784,414981,52,415033
2785,415072,19,415091
2786,415092,18,415110
2787,415147,23,415170
2788,415177,59,415236
2789,415282,4,415286
2790,415296,24,415320
2791,415325,12,415337
2792,415338,43,415381
2793,415432,377,415809
2794,415883,13,415896
2795,415983,84,416067
2796,416143,41,416184
2797,416333,25,416358
2798,416360,32,416392
2799,416491,68,416559
2800,416580,4,416584
2801,416727,3,416730
2802,416774,3,416777
2803,416792,125,416917
2804,416987,140,417127
2805,417268,39,417307
2806,417330,66,417396
2807,417413,17,417430
2808,417618,21,417639
2809,417674,24,417698
2810,417718,14,417732
2811,417803,51,417854
2812,417858,92,417950
2813,418074,105,418179
2814,418181,3,418184
2815,418212,16,418228
2816,418249,17,418266
2817,418272,36,418308
2818,418443,129,418572
2819,418738,86,418824
2820,418861,246,419107
2821,419131,34,419165
2822,419239,66,419305
2823,419350,66,419416
2824,419711,9,419720
2825,419909,39,419948
2826,420065,1,420066
2827,420152,36,420188
2828,420499,38,420537
2829,420674,26,420700
2830,420724,79,420803
2831,420932,20,420952
2832,420957,98,421055
2833,421296,5,421301
2834,421534,37,421571
2835,421582,92,421674
2836,421707,17,421724
2837,421795,46,421841
2838,421889,12,421901
2839,421919,3,421922
2840,422015,41,422056
2841,422096,82,422178
2842,422483,14,422497
2843,422701,28,422729
2844,422830,55,422885
2845,422912,24,422936
2846,422968,4,422972
2847,422994,37,423031
2848,423047,6,423053
2849,423233,1,423234
2850,423311,1,423312
2851,423420,58,423478
2852,423513,92,423605
2853,423631,89,423720
2854,423770,51,423821
2855,423851,66,423917
2856,423948,211,424159
2857,424190,24,424214
2858,424249,189,424438
2859,424457,32,424489
2860,424512,32,424544
2861,424582,28,424610
2862,424624,1,424625
2863,424700,1,424701
2864,424711,43,424754
2865,424798,100,424898
2866,425053,116,425169
2867,425395,21,425416
2868,425474,22,425496
2869,425499,5,425504
2870,425520,17,425537
2871,426020,77,426097
2872,426246,105,426351
2873,426523,64,426587
2874,426724,10,426734
2875,426989,42,427031
2876,427081,9,427090
2877,427116,97,427213
2878,427321,39,427360
2879,427361,37,427398
2880,427436,2,427438
2881,427546,54,427600
2882,427620,44,427664
2883,427778,131,427909
2884,427944,4,427948
2885,427982,24,428006
2886,428009,48,428057
2887,428225,151,428376
2888,428404,145,428549
2889,428571,11,428582
2890,428646,21,428667
2891,428802,70,428872
2892,428989,129,429118
2893,429179,151,429330
2894,429545,9,429554
2895,429978,20,429998
2896,430280,41,430321
2897,430332,77,430409
2898,430466,55,430521
2899,430525,104,430629
2900,430735,14,430749
2901,430769,3,430772
2902,430784,39,430823
2903,431379,5,431384
2904,431442,27,431469
2905,431621,14,431635
2906,431673,9,431682
2907,431687,52,431739
2908,431947,110,432057
2909,432221,6,432227
2910,432466,62,432528
2911,432643,27,432670
2912,432706,7,432713
2913,432827,1,432828
2914,432839,12,432851
2915,432944,57,433001
2916,433037,22,433059
2917,433071,18,433089
2918,433094,28,433122
2919,433252,6,433258
2920,433371,82,433453
2921,433540,37,433577
2922,433579,17,433596
2923,433625,31,433656
2924,433847,92,433939
2925,433945,16,433961
2926,434008,3,434011
2927,434227,21,434248
2928,434260,3,434263
2929,434381,15,434396
2930,434405,22,434427
2931,434441,28,434469
2932,434487,113,434600
2933,434692,146,434838
2934,434906,46,434952
2935,434959,29,434988
2936,435003,29,435032
2937,435231,11,435242
2938,435244,24,435268
2939,435453,28,435481
2940,435505,75,435580
2941,435602,11,435613
2942,435666,63,435729
2943,435771,27,435798
2944,436090,37,436127
2945,436141,31,436172
2946,436313,19,436332
2947,436454,11,436465
2948,436595,33,436628
2949,436653,185,436838
2950,436900,78,436978
2951,436979,9,436988
2952,437032,43,437075
2953,437089,243,437332
2954,437366,17,437383
2955,437405,5,437410
2956,437479,49,437528
2957,437595,42,437637
2958,437944,31,437975
2959,438064,77,438141
2960,438264,67,438331
2961,438343,8,438351
2962,438352,77,438429
2963,438448,81,438529
2964,438932,30,438962
2965,439158,8,439166
2966,439385,67,439452
2967,439564,14,439578
2968,439668,26,439694
2969,439812,21,439833
2970,439862,14,439876
2971,439901,104,440005
2972,440059,65,440124
2973,440332,19,440351
2974,440404,65,440469
2975,440521,14,440535
2976,440640,101,440741
2977,440823,15,440838
2978,440982,30,441012
2979,441056,25,441081
2980,441320,4,441324
2981,441357,11,441368
2982,441564,6,441570
2983,441581,37,441618
2984,441633,19,441652
2985,441863,64,441927
2986,442004,55,442059
2987,442131,74,442205
2988,442373,83,442456
2989,442540,26,442566
2990,442583,45,442628
2991,442653,73,442726
2992,442884,69,442953
2993,443024,57,443081
2994,443170,34,443204
2995,443285,53,443338
2996,443390,37,443427
2997,443695,44,443739
2998,443790,38,443828
2999,443856,9,443865
3000,443884,106,443990
3001,444105,26,444131
3002,444238,31,444269
3003,444271,35,444306
3004,444359,43,444402
3005,444468,117,444585
3006,444854,28,444882
3007,444931,6,444937
3008,444969,104,445073
3009,445118,19,445137
3010,445312,33,445345
3011,445484,18,445502
3012,445547,34,445581
3013,445585,32,445617
3014,445768,9,445777
3015,445905,10,445915
3016,445987,20,446007
3017,446094,12,446106
3018,446217,21,446238
3019,446394,54,446448
3020,446519,100,446619
3021,446645,32,446677
3022,446757,76,446833
3023,446906,17,446923
3024,446933,110,447043
3025,447053,205,447258
3026,447308,13,447321
3027,447324,49,447373
3028,447459,8,447467
3029,447521,18,447539
3030,447677,34,447711
3031,447948,16,447964
3032,447966,18,447984
3033,448083,7,448090
3034,448143,46,448189
3035,448621,111,448732
3036,448919,9,448928
3037,448976,32,449008
3038,449012,91,449103
3039,449140,43,449183
3040,449306,207,449513
3041,449551,27,449578
3042,449584,152,449736
3043,449770,59,449829
3044,449907,9,449916
3045,449931,76,450007
3046,450014,31,450045
3047,450291,11,450302
3048,450401,123,450524
3049,450766,36,450802
3050,450835,43,450878
3051,450894,40,450934
3052,451011,83,451094
3053,451099,48,451147
3054,451160,84,451244
3055,451259,23,451282
3056,451317,6,451323
3057,451353,18,451371
3058,451502,8,451510
3059,451687,91,451778
3060,451851,29,451880
3061,451937,36,451973
3062,452211,20,452231
3063,452337,93,452430
3064,452591,6,452597
3065,452761,12,452773
3066,452897,56,452953
3067,453059,77,453136
3068,453223,70,453293
3069,453363,92,453455
3070,453552,6,453558
3071,453792,33,453825
3072,454034,3,454037
3073,454329,91,454420
3074,454480,39,454519
3075,454589,53,454642
3076,454756,61,454817
3077,454826,6,454832
3078,455021,27,455048
3079,455069,13,455082
3080,455173,71,455244
3081,455541,4,455545
3082,456113,51,456164
3083,456186,235,456421
3084,456556,14,456570
3085,456588,138,456726
3086,456931,32,456963
3087,456989,35,457024
3088,457094,2,457096
3089,457109,245,457354
3090,457386,1,457387
3091,457439,35,457474
3092,457483,111,457594
3093,457601,426,458027
3094,458082,65,458147
3095,458306,2,458308
3096,458377,79,458456
3097,458556,51,458607
3098,458942,76,459018
3099,459030,63,459093
3100,459297,52,459349
3101,459394,17,459411
3102,459526,7,459533
3103,459561,21,459582
3104,459585,8,459593
3105,459631,34,459665
3106,459774,33,459807
3107,459828,41,459869
3108,460039,67,460106
3109,460116,21,460137
3110,460350,54,460404
3111,460459,22,460481
3112,460495,54,460549
3113,460571,60,460631
3114,460769,23,460792
3115,460819,8,460827
3116,460904,49,460953
3117,460971,47,461018
3118,461122,89,461211
3119,461724,2,461726
3120,461744,28,461772
3121,461802,11,461813
3122,461945,7,461952
3123,461986,37,462023
3124,462120,84,462204
3125,462219,3,462222
3126,462331,26,462357
3127,462401,15,462416
3128,462511,30,462541
3129,462636,15,462651
3130,462664,95,462759
3131,462794,81,462875
3132,462995,50,463045
3133,463175,66,463241
3134,463348,45,463393
3135,463432,30,463462
3136,463897,106,464003
3137,464089,57,464146
3138,464201,14,464215
3139,464284,11,464295
3140,464400,2,464402
3141,464608,70,464678
3142,464720,29,464749
3143,464824,30,464854
3144,464862,47,464909
3145,464959,45,465004
3146,465139,1,465140
3147,465280,2,465282
3148,465452,3,465455
3149,465593,67,465660
3150,465678,60,465738
3151,465815,42,465857
3152,466001,14,466015
3153,466277,8,466285
3154,466317,69,466386
3155,466540,24,466564
3156,466647,13,466660
3157,466876,67,466943
3158,467017,3,467020
3159,467109,34,467143
3160,467267,80,467347
3161,467403,60,467463
3162,467652,2,467654
3163,467729,38,467767
3164,467769,50,467819
3165,467881,94,467975
3166,468141,179,468320
3167,468349,2,468351
3168,468401,182,468583
3169,468608,45,468653
3170,468683,26,468709
3171,468924,17,468941
3172,469044,27,469071
3173,469316,86,469402
3174,469656,73,469729
3175,469773,86,469859
3176,470061,7,470068
3177,470070,47,470117
3178,470266,1,470267
3179,470292,1,470293
3180,470298,58,470356
3181,470720,80,470800
3182,470946,86,471032
3183,471066,124,471190
3184,471469,29,471498
3185,471506,13,471519
3186,471602,2,471604
3187,471661,38,471699
3188,471934,11,471945
3189,472287,19,472306
3190,472354,24,472378
3191,472446,48,472494
3192,472555,32,472587
3193,472710,17,472727
3194,472742,22,472764
3195,472766,8,472774
3196,472788,68,472856
3197,472882,141,473023
3198,473123,107,473230
3199,473258,47,473305
3200,473318,123,473441
3201,473472,4,473476
3202,473482,33,473515
3203,473937,133,474070
3204,474144,6,474150
3205,474154,65,474219
3206,474413,135,474548
3207,474634,12,474646
3208,474664,37,474701
3209,474706,16,474722
3210,474746,51,474797
3211,474853,63,474916
3212,475306,44,475350
3213,475584,94,475678
3214,475772,84,475856
3215,476013,56,476069
3216,476349,44,476393
3217,476444,212,476656
3218,476680,17,476697
3219,476960,104,477064
3220,477084,12,477096
3221,477112,20,477132
3222,477139,97,477236
3223,477237,16,477253
3224,477398,4,477402
3225,477491,69,477560
3226,477586,18,477604
3227,477721,14,477735
3228,477756,53,477809
3229,477841,155,477996
3230,478007,120,478127
3231,478171,72,478243
3232,478577,15,478592
3233,478631,29,478660
3234,478668,21,478689
3235,478751,82,478833
3236,479395,373,479768
3237,479782,32,479814
3238,479966,5,479971
3239,480031,71,480102
3240,480131,3,480134
3241,480166,14,480180
3242,480196,67,480263
3243,480343,29,480372
3244,480442,29,480471
3245,480687,16,480703
3246,480775,58,480833
3247,480992,43,481035
3248,481179,1,481180
3249,481213,190,481403
3250,481509,22,481531
3251,481545,43,481588
3252,481617,32,481649
3253,481696,74,481770
3254,481934,167,482101
3255,482227,49,482276
3256,482331,279,482610
3257,482833,26,482859
3258,482917,15,482932
3259,483070,62,483132
3260,483302,36,483338
3261,483381,51,483432
3262,483436,51,483487
3263,483533,28,483561
3264,483737,26,483763
3265,483893,9,483902
3266,484073,58,484131
3267,484320,49,484369
3268,484380,66,484446
3269,484465,35,484500
3270,484729,70,484799
3271,484845,99,484944
3272,484990,132,485122
3273,485646,179,485825
3274,485877,94,485971
3275,485989,54,486043
3276,486106,91,486197
3277,486208,68,486276
3278,486318,16,486334
3279,486351,51,486402
3280,486500,18,486518
3281,486569,21,486590
3282,486636,18,486654
3283,486686,22,486708
3284,487291,43,487334
3285,487631,54,487685
3286,487703,13,487716
3287,487960,65,488025
3288,488050,127,488177
3289,488346,45,488391
3290,488743,134,488877
3291,488955,15,488970
3292,489036,172,489208
3293,489213,55,489268
3294,489451,49,489500
3295,489523,14,489537
3296,489572,6,489578
3297,489580,14,489594
3298,489888,52,489940
3299,490028,237,490265
3300,490304,36,490340
3301,490341,7,490348
3302,490413,15,490428
3303,490445,55,490500
3304,490609,75,490684
3305,490711,1,490712
3306,490851,50,490901
3307,490927,70,490997
3308,491035,76,491111
3309,491132,44,491176
3310,491212,66,491278
3311,491407,12,491419
3312,491515,86,491601
3313,491630,59,491689
3314,491916,11,491927
3315,491972,32,492004
3316,492216,18,492234
3317,492235,48,492283
3318,492290,3,492293
3319,492298,11,492309
3320,492363,6,492369
3321,492389,5,492394
3322,492400,16,492416
3323,492474,72,492546
3324,492807,3,492810
3325,492832,42,492874
3326,492926,33,492959
3327,493045,96,493141
3328,493312,26,493338
3329,493438,69,493507
3330,493799,6,493805
3331,493871,1,493872
3332,493890,44,493934
3333,494407,16,494423
3334,494431,216,494647
3335,494665,41,494706
3336,494811,57,494868
3337,494968,30,494998
3338,495009,31,495040
3339,495117,56,495173
3340,495316,10,495326
3341,495357,62,495419
3342,495420,23,495443
3343,495445,39,495484
3344,495491,19,495510
3345,495646,12,495658
3346,495669,55,495724
3347,495760,162,495922
3348,495973,49,496022
3349,496041,58,496099
3350,496110,3,496113
3351,496121,64,496185
3352,496445,13,496458
3353,496560,50,496610
3354,496945,54,496999
3355,497017,5,497022
3356,497098,13,497111
3357,497171,72,497243
3358,497252,48,497300
3359,497328,47,497375
3360,497527,63,497590
3361,497699,28,497727
3362,497791,21,497812
3363,497967,14,497981
3364,498260,160,498420
3365,498542,62,498604
3366,498664,54,498718
3367,498788,52,498840
3368,498882,88,498970
3369,499006,242,499248
3370,499296,103,499399
3371,499562,115,499677
3372,499690,3,499693
3373,499768,93,499861
3374,500048,44,500092
3375,500445,33,500478
3376,500479,12,500491
3377,500713,2,500715
3378,500896,69,500965
3379,501062,52,501114
3380,501129,70,501199
3381,501275,64,501339
3382,501623,24,501647
3383,501720,63,501783
3384,501856,19,501875
3385,502057,81,502138
3386,502160,15,502175
3387,502262,82,502344
3388,502515,52,502567
3389,502764,14,502778
3390,502848,50,502898
3391,503031,9,503040
3392,503182,36,503218
3393,503266,11,503277
3394,503310,3,503313
3395,503324,17,503341
3396,503615,23,503638
3397,503640,10,503650
3398,503797,25,503822
3399,503869,82,503951
3400,504126,25,504151
3401,504223,4,504227
3402,504330,15,504345
3403,504782,35,504817
3404,504910,8,504918
3405,504993,41,505034
3406,505234,56,505290
3407,505292,49,505341
3408,505539,51,505590
3409,505653,85,505738
3410,505786,51,505837
3411,505924,223,506147
3412,506205,26,506231
3413,506428,14,506442
3414,506942,101,507043
3415,507119,14,507133
3416,507447,38,507485
3417,507619,21,507640
3418,507687,23,507710
3419,507821,127,507948
3420,507961,12,507973
3421,508060,241,508301
3422,508453,100,508553
3423,508658,3,508661
3424,508688,43,508731
3425,508738,86,508824
3426,508876,82,508958
3427,509008,15,509023
3428,509101,126,509227
3429,509264,71,509335
3430,509435,88,509523
3431,509615,64,509679
3432,509715,77,509792
3433,509896,1,509897
3434,509981,8,509989
3435,510309,6,510315
3436,510436,54,510490
3437,510606,66,510672
3438,510686,17,510703
3439,510861,124,510985
3440,511008,14,511022
3441,511068,256,511324
3442,511401,134,511535
3443,511612,190,511802
3444,511895,113,512008
3445,512253,107,512360
3446,512401,29,512430
3447,512477,36,512513
3448,512571,56,512627
3449,512705,3,512708
3450,512821,24,512845
3451,513276,15,513291
3452,513378,28,513406
3453,513718,60,513778
3454,513806,32,513838
3455,514068,62,514130
3456,514143,31,514174
3457,514232,215,514447
3458,514494,22,514516
3459,514601,10,514611
3460,514663,45,514708
3461,514782,15,514797
3462,514896,331,515227
3463,515374,9,515383
3464,515403,193,515596
3465,515633,23,515656
3466,515703,141,515844
3467,515919,1,515920
3468,516107,53,516160
3469,516255,8,516263
3470,516297,78,516375
3471,516446,20,516466
3472,516535,62,516597
3473,516713,18,516731
3474,516777,27,516804
3475,517150,112,517262
3476,517407,75,517482
3477,517483,81,517564
3478,517623,66,517689
3479,517825,15,517840
3480,517966,15,517981
3481,518015,34,518049
3482,518333,31,518364
3483,518379,34,518413
3484,518639,23,518662
3485,518692,82,518774
3486,518842,1,518843
3487,518861,46,518907
3488,519170,9,519179
3489,519235,88,519323
3490,519350,184,519534
3491,519687,14,519701
3492,519744,53,519797
3493,519847,113,519960
3494,519961,29,519990
3495,520295,6,520301
3496,520371,39,520410
3497,520576,31,520607
3498,520624,11,520635
3499,520777,43,520820
3500,520878,6,520884
3501,520954,80,521034
3502,521126,43,521169
3503,521267,18,521285
3504,521376,117,521493
3505,521560,13,521573
3506,521869,1,521870
3507,521936,9,521945
3508,522160,92,522252
3509,522270,41,522311
3510,522663,82,522745
3511,522791,69,522860
3512,522955,2,522957
3513,522994,7,523001
3514,523007,130,523137
3515,523166,11,523177
3516,523185,87,523272
3517,523413,43,523456
3518,523589,38,523627
3519,523680,44,523724
3520,523830,235,524065
3521,524234,95,524329
3522,524362,105,524467
3523,524506,36,524542
3524,524717,156,524873
3525,524971,10,524981
3526,525128,142,525270
3527,525345,8,525353
3528,525354,45,525399
3529,525568,79,525647
3530,525692,38,525730
3531,526004,64,526068
3532,526178,17,526195
3533,526268,104,526372
3534,526808,14,526822
3535,526829,104,526933
3536,527186,8,527194
3537,527215,72,527287
3538,527471,35,527506
3539,527555,41,527596
3540,527657,88,527745
3541,527821,184,528005
3542,528060,14,528074
3543,528151,39,528190
3544,528192,113,528305
3545,528327,43,528370
3546,528412,54,528466
3547,528541,27,528568
3548,528654,39,528693
3549,528937,21,528958
3550,529021,11,529032
3551,529238,6,529244
3552,529356,61,529417
3553,529650,109,529759
3554,529895,4,529899
3555,529909,22,529931
3556,530033,10,530043
3557,530069,111,530180
3558,530185,32,530217
3559,530241,35,530276
3560,530311,17,530328
3561,530388,23,530411
3562,530708,48,530756
3563,531032,40,531072
3564,531100,47,531147
3565,531283,70,531353
3566,531474,12,531486
3567,531495,11,531506
3568,531777,65,531842
3569,531873,10,531883
3570,532001,13,532014
3571,532522,64,532586
3572,532592,100,532692
3573,532873,23,532896
3574,533043,10,533053
3575,533074,42,533116
3576,533329,1,533330
3577,533367,5,533372
3578,533434,4,533438
3579,533544,16,533560
3580,533673,4,533677
3581,533703,68,533771
3582,533780,13,533793
3583,533814,138,533952
3584,534011,68,534079
3585,534175,7,534182
3586,534205,91,534296
3587,534321,88,534409
3588,534531,173,534704
3589,534878,58,534936
3590,535077,11,535088
3591,535162,68,535230
3592,535277,1,535278
3593,535304,9,535313
3594,535337,45,535382
3595,535683,69,535752
3596,535753,12,535765
3597,535943,11,535954
3598,535956,45,536001
3599,536066,36,536102
3600,536575,24,536599
3601,536642,60,536702
3602,536741,45,536786
3603,536808,26,536834
3604,536849,114,536963
3605,536983,10,536993
3606,537053,2,537055
3607,537119,139,537258
3608,537280,50,537330
3609,537364,14,537378
3610,537385,170,537555
3611,537689,11,537700
3612,537793,2,537795
3613,537817,40,537857
3614,537882,109,537991
3615,538223,134,538357
3616,538734,15,538749
3617,538850,2,538852
3618,538984,43,539027
3619,539032,28,539060
3620,539086,6,539092
3621,539238,54,539292
3622,539294,51,539345
3623,539398,80,539478
3624,539584,232,539816
3625,539817,32,539849
3626,539880,73,539953
3627,539969,155,540124
3628,540217,60,540277
3629,540536,138,540674
3630,540713,2,540715
3631,540839,12,540851
3632,541066,7,541073
3633,541075,3,541078
3634,541140,7,541147
3635,541288,52,541340
3636,541389,22,541411
3637,541454,119,541573
3638,541584,2,541586
3639,541682,6,541688
3640,541901,81,541982
3641,542023,40,542063
3642,542189,142,542331
3643,542429,71,542500
3644,542508,15,542523
3645,542537,35,542572
3646,542596,73,542669
3647,542884,12,542896
3648,543109,15,543124
3649,543260,2,543262
3650,543263,93,543356
3651,543492,70,543562
3652,543605,11,543616
3653,543627,44,543671
3654,543703,65,543768
3655,543853,29,543882
3656,544063,134,544197
3657,544450,22,544472
3658,544493,2,544495
3659,544500,1,544501
3660,544538,8,544546
3661,544651,3,544654
3662,544681,3,544684
3663,544723,5,544728
3664,544762,16,544778
3665,545043,4,545047
3666,545069,1,545070
3667,545096,143,545239
3668,545838,42,545880
3669,546086,49,546135
3670,546290,4,546294
3671,546340,4,546344
3672,546363,23,546386
3673,546440,84,546524
3674,546759,1,546760
3675,546781,18,546799
3676,546805,44,546849
3677,546921,3,546924
3678,546928,8,546936
3679,547279,28,547307
3680,547310,23,547333
3681,547426,11,547437
3682,547442,28,547470
3683,547545,27,547572
3684,547581,41,547622
3685,547623,53,547676
3686,547834,113,547947
3687,547962,25,547987
3688,548134,48,548182
3689,548192,28,548220
3690,548353,9,548362
3691,548375,25,548400
3692,548425,3,548428
3693,548643,49,548692
3694,548761,125,548886
3695,548935,35,548970
3696,549108,26,549134
3697,549171,19,549190
3698,549301,10,549311
3699,549328,28,549356
3700,549503,29,549532
3701,549870,114,549984
3702,549989,15,550004
3703,550013,46,550059
3704,550088,2,550090
3705,550184,62,550246
3706,550321,5,550326
3707,550354,16,550370
3708,550702,3,550705
3709,550725,33,550758
3710,550779,35,550814
3711,550856,13,550869
3712,550893,42,550935
3713,550967,67,551034
3714,551041,223,551264
3715,551354,1,551355
3716,551431,70,551501
3717,551597,29,551626
3718,551706,115,551821
3719,551838,133,551971
3720,551977,50,552027
3721,552114,45,552159
3722,552366,4,552370
3723,552544,9,552553
3724,552955,52,553007
3725,553023,51,553074
3726,553194,38,553232
3727,553251,33,553284
3728,553301,79,553380
3729,553539,43,553582
3730,553646,7,553653
3731,553687,36,553723
3732,553759,8,553767
3733,553851,24,553875
3734,554004,16,554020
3735,554107,46,554153
3736,554247,67,554314
3737,554431,88,554519
3738,554691,25,554716
3739,554834,51,554885
3740,554965,203,555168
3741,555199,32,555231
3742,555401,21,555422
3743,555920,18,555938
3744,555959,22,555981
3745,555991,8,555999
3746,556151,31,556182
3747,556222,18,556240
3748,556243,97,556340
3749,556486,135,556621
3750,556769,15,556784
3751,556877,87,556964
3752,557408,25,557433
3753,557684,5,557689
3754,557790,16,557806
3755,557810,16,557826
3756,557881,34,557915
3757,558134,17,558151
3758,558326,11,558337
3759,558456,88,558544
3760,558604,107,558711
3761,558834,10,558844
3762,558854,129,558983
3763,559028,10,559038
3764,559156,129,559285
3765,559405,2,559407
3766,559573,5,559578
3767,559667,121,559788
3768,559831,15,559846
3769,559889,21,559910
3770,560119,42,560161
3771,560314,59,560373
3772,560519,12,560531
3773,560898,8,560906
3774,560967,3,560970
3775,561023,62,561085
3776,561193,170,561363
3777,561511,9,561520
3778,561738,29,561767
3779,561784,25,561809
3780,561847,55,561902
3781,562166,193,562359
3782,562391,18,562409
3783,562448,65,562513
3784,562539,35,562574
3785,562581,103,562684
3786,562685,85,562770
3787,562851,19,562870
3788,562886,12,562898
3789,562935,41,562976
3790,563017,30,563047
3791,563154,74,563228
3792,563358,56,563414
3793,563417,17,563434
3794,563474,20,563494
3795,563648,28,563676
3796,563686,27,563713
3797,563731,40,563771
3798,563795,5,563800
3799,563814,91,563905
3800,563968,66,564034
3801,564083,129,564212
3802,564303,16,564319
3803,564583,12,564595
3804,564652,6,564658
3805,564905,44,564949
3806,564968,16,564984
3807,565002,64,565066
3808,565112,20,565132
3809,565221,56,565277
3810,565278,80,565358
3811,565400,52,565452
3812,565803,69,565872
3813,565945,89,566034
3814,566084,24,566108
3815,566243,23,566266
3816,566344,7,566351
3817,566531,94,566625
3818,566651,28,566679
3819,566741,6,566747
3820,566782,43,566825
3821,566881,14,566895
3822,567144,9,567153
3823,567195,2,567197
3824,567338,16,567354
3825,567396,9,567405
3826,567632,42,567674
3827,567711,39,567750
3828,567815,63,567878
3829,567929,100,568029
3830,568042,20,568062
3831,568235,85,568320
3832,568668,77,568745
3833,568815,35,568850
3834,568994,2,568996
3835,569025,103,569128
3836,569446,261,569707
3837,569789,83,569872
3838,569991,31,570022
3839,570047,65,570112
3840,570148,123,570271
3841,570399,257,570656
3842,570697,52,570749
3843,570819,34,570853
3844,570924,105,571029
3845,571063,9,571072
3846,571108,19,571127
3847,571182,1,571183
3848,571238,8,571246
3849,571252,19,571271
3850,571354,3,571357
3851,571395,52,571447
3852,571460,3,571463
3853,571668,189,571857
3854,571860,5,571865
3855,572062,18,572080
3856,572225,2,572227
3857,572276,62,572338
3858,572411,6,572417
3859,572636,22,572658
3860,572706,10,572716
3861,572913,43,572956
3862,572975,31,573006
3863,573028,17,573045
3864,573224,17,573241
3865,573264,22,573286
3866,573706,82,573788
3867,573800,2,573802
3868,573934,69,574003
3869,574055,18,574073
3870,574106,17,574123
3871,574174,13,574187
3872,574244,15,574259
3873,574457,49,574506
3874,574579,35,574614
3875,574647,43,574690
3876,575010,36,575046
3877,575050,179,575229
3878,575258,103,575361
3879,575579,3,575582
3880,575833,1,575834
3881,575934,95,576029
3882,576597,12,576609
3883,576635,11,576646
3884,576736,46,576782
3885,576871,78,576949
3886,576952,24,576976
3887,577183,14,577197
3888,577362,1,577363
3889,577511,52,577563
3890,577599,12,577611
3891,577813,33,577846
3892,577982,119,578101
3893,578137,35,578172
3894,578248,71,578319
3895,578360,22,578382
3896,578533,29,578562
3897,578712,7,578719
3898,578779,9,578788
3899,578795,26,578821
3900,579013,10,579023
3901,579122,46,579168
3902,579220,56,579276
3903,579289,2,579291
3904,579392,54,579446
3905,579465,105,579570
3906,579575,14,579589
3907,579702,23,579725
3908,579812,76,579888
3909,579937,93,580030
3910,580279,39,580318
3911,580366,57,580423
3912,580529,31,580560
3913,580604,74,580678
3914,580746,96,580842
3915,580921,149,581070
3916,581423,7,581430
3917,581489,2,581491
3918,581588,61,581649
3919,581650,45,581695
3920,581747,20,581767
3921,581799,112,581911
3922,581989,6,581995
3923,582041,27,582068
3924,582308,66,582374
3925,582569,216,582785
3926,582795,173,582968
3927,583036,10,583046
3928,583160,7,583167
3929,583269,16,583285
3930,583399,46,583445
3931,583512,221,583733
3932,583869,11,583880
3933,584076,146,584222
3934,584325,13,584338
3935,584398,25,584423
3936,584591,116,584707
3937,584755,30,584785
3938,584846,18,584864
3939,585036,2,585038
3940,585097,2,585099
3941,585169,151,585320
3942,585536,105,585641
3943,585659,28,585687
3944,585707,111,585818
3945,585919,10,585929
3946,585955,29,585984
3947,586061,26,586087
3948,586270,5,586275
3949,586324,78,586402
3950,586418,85,586503
3951,586557,52,586609
3952,586872,39,586911
3953,586984,14,586998
3954,587015,210,587225
3955,587231,89,587320
3956,587511,155,587666
3957,587712,17,587729
3958,587732,95,587827
3959,587830,75,587905
3960,587911,18,587929
3961,588204,27,588231
3962,588374,18,588392
3963,588473,13,588486
3964,588634,98,588732
3965,588750,8,588758
3966,588819,120,588939
3967,589224,103,589327
3968,589433,25,589458
3969,589498,12,589510
3970,589548,31,589579
3971,589598,9,589607
3972,589643,18,589661
3973,589707,33,589740
3974,589765,38,589803
3975,590164,34,590198
3976,590227,168,590395
3977,590508,2,590510
3978,590802,24,590826
3979,590932,17,590949
3980,590956,15,590971
3981,591074,73,591147
3982,591587,6,591593
3983,591626,20,591646
3984,591698,180,591878
3985,592018,123,592141
3986,592173,92,592265
3987,592464,8,592472
3988,592518,88,592606
3989,592626,114,592740
3990,592992,70,593062
3991,593087,26,593113
3992,593214,93,593307
3993,593316,131,593447
3994,593500,15,593515
3995,593560,74,593634
3996,593734,7,593741
3997,593834,40,593874
3998,593998,1,593999
3999,594124,94,594218
4000,594347,22,594369
4001,594375,73,594448
4002,594496,42,594538
4003,594892,14,594906
4004,595145,19,595164
4005,595200,62,595262
4006,595605,26,595631
4007,595659,3,595662
4008,595666,25,595691
4009,595717,5,595722
4010,595785,11,595796
4011,595943,37,595980
4012,596046,3,596049
4013,596161,61,596222
4014,596431,118,596549
4015,596553,21,596574
4016,596762,8,596770
4017,596848,13,596861
4018,596948,86,597034
4019,597082,107,597189
4020,597273,64,597337
4021,597378,22,597400
4022,597789,12,597801
4023,597849,60,597909
4024,597951,22,597973
4025,598420,14,598434
4026,598590,18,598608
4027,598725,229,598954
4028,599047,98,599145
4029,599186,23,599209
4030,599256,38,599294
4031,599335,50,599385
4032,599402,23,599425
4033,599836,136,599972
4034,599999,29,600028
4035,600057,44,600101
4036,600193,123,600316
4037,600331,41,600372
4038,600448,17,600465
4039,600480,50,600530
4040,600624,40,600664
4041,600783,21,600804
4042,600937,83,601020
4043,601028,221,601249
4044,601543,8,601551
4045,601613,55,601668
4046,601799,198,601997
4047,602022,30,602052
4048,602199,41,602240
4049,602563,104,602667
4050,602767,82,602849
4051,603045,162,603207
4052,603271,4,603275
4053,603281,48,603329
4054,603344,103,603447
4055,603448,61,603509
4056,603664,42,603706
4057,603780,74,603854
4058,604166,89,604255
4059,604311,27,604338
4060,604406,180,604586
4061,604882,30,604912
4062,605093,26,605119
4063,605222,5,605227
4064,605393,124,605517
4065,605525,13,605538
4066,605555,5,605560
4067,605693,74,605767
4068,605825,36,605861
4069,605965,73,606038
4070,606066,5,606071
4071,606222,11,606233
4072,606307,180,606487
4073,606727,6,606733
4074,606772,13,606785
4075,606837,75,606912
4076,606976,110,607086
4077,607233,3,607236
4078,607327,54,607381
4079,607454,104,607558
4080,607606,168,607774
4081,607813,21,607834
4082,608030,29,608059
4083,608127,8,608135
4084,608235,40,608275
4085,608322,35,608357
4086,608376,57,608433
4087,608462,8,608470
4088,608544,100,608644
4089,608777,11,608788
4090,608888,101,608989
4091,609073,11,609084
4092,609459,62,609521
4093,609531,36,609567
4094,609786,2,609788
4095,609913,52,609965
4096,610139,107,610246
4097,610389,97,610486
4098,610539,71,610610
4099,610652,80,610732
4100,610813,26,610839
4101,610850,4,610854
4102,610882,62,610944
4103,611018,38,611056
4104,611184,14,611198
4105,611285,105,611390
4106,611470,8,611478
4107,611699,46,611745
4108,611924,15,611939
4109,612071,40,612111
4110,612137,106,612243
4111,612361,5,612366
4112,612502,102,612604
4113,612679,14,612693
4114,612897,137,613034
4115,613054,1,613055
4116,613072,4,613076
4117,613259,122,613381
4118,613425,33,613458
4119,613463,26,613489
4120,613663,14,613677
4121,613801,24,613825
4122,613999,4,614003
4123,614082,41,614123
4124,614191,39,614230
4125,614362,13,614375
4126,614513,63,614576
4127,614637,38,614675
4128,614944,33,614977
4129,615005,15,615020
4130,615167,12,615179
4131,615214,6,615220
4132,615278,19,615297
4133,615383,43,615426
4134,615686,77,615763
4135,615808,152,615960
4136,616072,3,616075
4137,616110,83,616193
4138,616239,79,616318
4139,616385,6,616391
4140,616395,39,616434
4141,616645,12,616657
4142,616769,2,616771
4143,617012,121,617133
4144,617152,24,617176
4145,617250,24,617274
4146,617326,62,617388
4147,617413,99,617512
4148,617609,164,617773
4149,617980,34,618014
4150,618019,92,618111
4151,618216,30,618246
4152,618458,98,618556
4153,618598,101,618699
4154,618928,44,618972
4155,619002,7,619009
4156,619092,7,619099
4157,619109,75,619184
4158,619280,63,619343
4159,619543,3,619546
4160,619575,2,619577
4161,619675,7,619682
4162,619767,4,619771
4163,619932,3,619935
4164,619997,37,620034
4165,620098,9,620107
4166,620224,10,620234
4167,620340,132,620472
4168,620491,35,620526
4169,620582,2,620584
4170,620706,73,620779
4171,620872,42,620914
4172,621017,11,621028
4173,621164,19,621183
4174,621235,25,621260
4175,621340,2,621342
4176,621358,12,621370
4177,621390,70,621460
4178,621539,28,621567
4179,621636,61,621697
4180,621774,22,621796
4181,622019,5,622024
4182,622110,28,622138
4183,622166,65,622231
4184,622266,64,622330
4185,622833,3,622836
4186,622903,27,622930
4187,622946,3,622949
4188,622975,107,623082
4189,623084,27,623111
4190,623336,4,623340
4191,623548,131,623679
4192,623693,35,623728
4193,623785,4,623789
4194,624060,26,624086
4195,624117,1,624118
4196,624336,68,624404
4197,624428,43,624471
4198,624509,22,624531
4199,624598,91,624689
4200,624766,15,624781
4201,624791,27,624818
4202,625005,155,625160
4203,625275,89,625364
4204,625456,131,625587
4205,625591,85,625676
4206,625821,30,625851
4207,626014,15,626029
4208,626035,19,626054
4209,626098,13,626111
4210,626235,4,626239
4211,626240,122,626362
4212,626386,175,626561
4213,626584,28,626612
4214,626740,42,626782
4215,626859,14,626873
4216,626929,96,627025
4217,627102,35,627137
4218,627294,56,627350
4219,627450,70,627520
4220,627617,16,627633
4221,627657,1,627658
4222,627685,121,627806
4223,627808,74,627882
4224,627917,88,628005
4225,628135,15,628150
4226,628218,1,628219
4227,628223,31,628254
4228,628429,56,628485
4229,628561,120,628681
4230,628695,34,628729
4231,628760,9,628769
4232,628791,5,628796
4233,629009,45,629054
4234,629083,7,629090
4235,629096,19,629115
4236,629175,34,629209
4237,629250,28,629278
4238,629494,34,629528
4239,629613,55,629668
4240,629755,19,629774
4241,630150,93,630243
4242,630501,65,630566
4243,630682,3,630685
4244,630697,2,630699
4245,630957,76,631033
4246,631040,30,631070
4247,631116,53,631169
4248,631170,23,631193
4249,631304,57,631361
4250,631466,58,631524
4251,631578,96,631674
4252,631784,3,631787
4253,631826,3,631829
4254,632121,38,632159
4255,632272,11,632283
4256,632587,26,632613
4257,632651,26,632677
4258,633094,24,633118
4259,633471,94,633565
4260,633768,59,633827
4261,633850,81,633931
4262,633961,11,633972
4263,634022,63,634085
4264,634113,14,634127
4265,634295,42,634337
4266,634663,37,634700
4267,634727,5,634732
4268,634740,1,634741
4269,634870,129,634999
4270,635076,74,635150
4271,635159,23,635182
4272,635264,14,635278
4273,635292,34,635326
4274,635476,75,635551
4275,635645,77,635722
4276,635759,34,635793
4277,635878,4,635882
4278,635904,81,635985
4279,636003,37,636040
4280,636220,50,636270
4281,636403,74,636477
4282,636563,15,636578
4283,636703,9,636712
4284,636730,79,636809
4285,636934,33,636967
4286,637139,38,637177
4287,637449,6,637455
4288,637485,89,637574
4289,637736,32,637768
4290,637845,82,637927
4291,638075,3,638078
4292,638272,2,638274
4293,638386,52,638438
4294,638444,12,638456
4295,638512,2,638514
4296,638532,17,638549
4297,638684,39,638723
4298,638880,83,638963
4299,639174,8,639182
4300,639226,31,639257
4301,639352,73,639425
4302,639450,134,639584
4303,639621,2,639623
4304,639656,59,639715
4305,639800,35,639835
4306,639969,5,639974
4307,640160,63,640223
4308,640366,4,640370
4309,640410,6,640416
4310,640428,151,640579
4311,640596,49,640645
4312,640904,28,640932
4313,641036,33,641069
4314,641111,25,641136
4315,641229,46,641275
4316,641619,41,641660
4317,641752,46,641798
4318,641825,55,641880
4319,642055,6,642061
4320,642118,35,642153
4321,642362,18,642380
4322,642430,62,642492
4323,642648,10,642658
4324,642689,79,642768
4325,642791,2,642793
4326,642939,22,642961
4327,643153,39,643192
4328,643234,155,643389
4329,644271,28,644299
4330,644897,88,644985
4331,645018,35,645053
4332,645057,32,645089
4333,645115,78,645193
4334,645198,79,645277
4335,645357,19,645376
4336,645390,13,645403
4337,645446,21,645467
4338,645634,48,645682
4339,645762,24,645786
4340,645888,67,645955
4341,646083,10,646093
4342,646107,89,646196
4343,646226,190,646416
4344,646425,22,646447
4345,646541,46,646587
4346,646616,10,646626
4347,646762,24,646786
4348,646796,14,646810
4349,646860,52,646912
4350,647012,16,647028
4351,647118,29,647147
4352,647252,37,647289
4353,647314,194,647508
4354,647550,19,647569
4355,647570,4,647574
4356,647582,8,647590
4357,647596,2,647598
4358,647677,60,647737
4359,647798,20,647818
4360,647886,107,647993
4361,648066,135,648201
4362,648400,107,648507
4363,648509,123,648632
4364,648779,28,648807
4365,648836,5,648841
4366,648978,6,648984
4367,649096,24,649120
4368,649161,27,649188
4369,649213,8,649221
4370,649243,54,649297
4371,649430,133,649563
4372,649625,273,649898
4373,650107,26,650133
4374,650148,8,650156
4375,650266,16,650282
4376,650417,13,650430
4377,650432,30,650462
4378,650574,57,650631
4379,650639,178,650817
4380,650855,24,650879
4381,651108,9,651117
4382,651140,46,651186
4383,651223,6,651229
4384,651279,29,651308
4385,651448,54,651502
4386,651546,28,651574
4387,651634,30,651664
4388,651685,24,651709
4389,651786,8,651794
4390,651813,55,651868
4391,651921,23,651944
4392,652054,27,652081
4393,652213,163,652376
4394,652381,46,652427
4395,652554,25,652579
4396,652706,42,652748
4397,652797,105,652902
4398,653230,4,653234
4399,653260,3,653263
4400,653369,2,653371
4401,653428,13,653441
4402,653470,41,653511
4403,653773,7,653780
4404,653807,20,653827
4405,653934,36,653970
4406,654060,27,654087
4407,654209,208,654417
4408,654748,30,654778
4409,654788,27,654815
4410,654822,9,654831
4411,654873,72,654945
4412,655246,48,655294
4413,655296,48,655344
4414,655366,132,655498
4415,655767,110,655877
4416,655878,4,655882
4417,656003,127,656130
4418,656178,30,656208
4419,656333,54,656387
4420,656540,76,656616
4421,656620,37,656657
4422,656707,154,656861
4423,656927,1,656928
4424,656951,36,656987
4425,657103,28,657131
4426,657203,5,657208
4427,657218,29,657247
4428,657268,63,657331
4429,657483,22,657505
4430,657513,8,657521
4431,657541,17,657558
4432,657560,44,657604
4433,657679,67,657746
4434,657773,1,657774
4435,657969,4,657973
4436,658270,14,658284
4437,658297,115,658412
4438,658430,113,658543
4439,658715,5,658720
4440,658942,21,658963
4441,659011,11,659022
4442,659110,62,659172
4443,659185,42,659227
4444,659247,10,659257
4445,659600,71,659671
4446,659740,11,659751
4447,659794,57,659851
4448,659965,18,659983
4449,660208,10,660218
4450,660252,17,660269
4451,660285,80,660365
4452,660620,139,660759
4453,660912,29,660941
4454,661026,76,661102
4455,661310,37,661347
4456,661376,65,661441
4457,661518,38,661556
4458,661605,44,661649
4459,661721,50,661771
4460,661828,113,661941
4461,661960,244,662204
4462,662350,38,662388
4463,662393,62,662455
4464,662576,275,662851
4465,662873,53,662926
4466,663180,68,663248
4467,663616,14,663630
4468,663781,83,663864
4469,664179,33,664212
4470,664260,48,664308
4471,664376,28,664404
4472,665183,66,665249
4473,665583,12,665595
4474,665715,38,665753
4475,665760,37,665797
4476,665841,89,665930
4477,666009,67,666076
4478,666122,48,666170
4479,666250,47,666297
4480,666349,13,666362
4481,666580,75,666655
4482,666824,8,666832
4483,666909,31,666940
4484,667084,85,667169
4485,667266,12,667278
4486,667315,81,667396
4487,667447,30,667477
4488,667610,110,667720
4489,668028,51,668079
4490,668120,48,668168
4491,668177,47,668224
4492,668309,9,668318
4493,668389,5,668394
4494,668565,20,668585
4495,668629,75,668704
4496,668897,12,668909
4497,669166,21,669187
4498,669214,72,669286
4499,669294,13,669307
4500,669326,37,669363
4501,669532,100,669632
4502,669639,103,669742
4503,669862,32,669894
4504,669922,11,669933
4505,669968,50,670018
4506,670110,31,670141
4507,670365,175,670540
4508,670591,12,670603
4509,670625,18,670643
4510,670739,88,670827
4511,670910,25,670935
4512,671036,36,671072
4513,671078,75,671153
4514,671178,27,671205
4515,671269,137,671406
4516,671441,13,671454
4517,671498,62,671560
4518,671639,62,671701
4519,671819,16,671835
4520,672150,34,672184
4521,672220,2,672222
4522,672280,6,672286
4523,672402,92,672494
4524,672571,20,672591
4525,672868,3,672871
4526,672880,73,672953
4527,673200,17,673217
4528,673249,15,673264
4529,673289,46,673335
4530,673352,42,673394
4531,673711,77,673788
4532,673827,12,673839
4533,673860,9,673869
4534,674071,11,674082
4535,674089,37,674126
4536,674278,7,674285
4537,674309,10,674319
4538,674381,92,674473
4539,674487,7,674494
4540,674572,30,674602
4541,674623,147,674770
4542,675014,39,675053
4543,675077,61,675138
4544,675152,2,675154
4545,675298,115,675413
4546,675446,91,675537
4547,675577,89,675666
4548,675754,41,675795
4549,675817,33,675850
4550,675915,2,675917
4551,675971,46,676017
4552,676067,21,676088
4553,676109,16,676125
4554,676452,297,676749
4555,676894,3,676897
4556,676902,50,676952
4557,677018,28,677046
4558,677173,35,677208
4559,677329,27,677356
4560,677358,34,677392
4561,677585,69,677654
4562,677661,10,677671
4563,677683,21,677704
4564,677814,4,677818
4565,677966,22,677988
4566,678094,111,678205
4567,678325,1,678326
4568,678350,125,678475
4569,678503,22,678525
4570,678537,39,678576
4571,678707,18,678725
4572,678775,26,678801
4573,678857,23,678880
4574,678926,13,678939
4575,679089,16,679105
4576,679226,154,679380
4577,679449,48,679497
4578,679574,18,679592
4579,679717,130,679847
4580,680310,56,680366
4581,680519,10,680529
4582,680596,60,680656
4583,680791,13,680804
4584,681169,4,681173
4585,681396,56,681452
4586,681551,16,681567
4587,681717,10,681727
4588,681882,10,681892
4589,681983,15,681998
4590,682012,73,682085
4591,682148,27,682175
4592,682206,66,682272
4593,682329,26,682355
4594,682545,46,682591
4595,682725,30,682755
4596,682878,69,682947
4597,682991,65,683056
4598,683060,136,683196
4599,683213,62,683275
4600,683482,7,683489
4601,683659,8,683667
4602,683781,33,683814
4603,683902,87,683989
4604,684101,19,684120
4605,684584,37,684621
4606,684630,20,684650
4607,684878,28,684906
4608,684980,28,685008
4609,685076,10,685086
4610,685385,73,685458
4611,685581,62,685643
4612,685762,94,685856
4613,685959,124,686083
4614,686243,5,686248
4615,686302,122,686424
4616,686791,27,686818
4617,686863,110,686973
4618,687084,27,687111
4619,687128,4,687132
4620,687290,29,687319
4621,687351,30,687381
4622,687532,73,687605
4623,687668,5,687673
4624,687810,78,687888
4625,687889,9,687898
4626,688015,34,688049
4627,688126,3,688129
4628,688304,30,688334
4629,688390,25,688415
4630,688432,142,688574
4631,688651,30,688681
4632,688710,39,688749
4633,688841,7,688848
4634,688874,223,689097
4635,689392,12,689404
4636,689410,35,689445
4637,689592,44,689636
4638,689656,149,689805
4639,689827,27,689854
4640,689965,7,689972
4641,689973,84,690057
4642,690211,18,690229
4643,690231,55,690286
4644,690419,28,690447
4645,690620,90,690710
4646,690749,12,690761
4647,691012,19,691031
4648,691032,34,691066
4649,691228,22,691250
4650,691253,9,691262
4651,691307,89,691396
4652,691514,32,691546
4653,691556,3,691559
4654,691584,12,691596
4655,691689,64,691753
4656,692020,48,692068
4657,692092,10,692102
4658,692131,28,692159
4659,692230,26,692256
4660,692418,77,692495
4661,692535,53,692588
4662,692647,11,692658
4663,692737,61,692798
4664,692959,90,693049
4665,693058,88,693146
4666,693304,129,693433
4667,693464,14,693478
4668,693502,176,693678
4669,693817,16,693833
4670,694189,29,694218
4671,694233,19,694252
4672,694260,8,694268
4673,694293,3,694296
4674,694364,12,694376
4675,694589,14,694603
4676,694681,38,694719
4677,694843,68,694911
4678,694950,66,695016
4679,695162,12,695174
4680,695205,4,695209
4681,695324,73,695397
4682,695488,17,695505
4683,695529,13,695542
4684,695666,24,695690
4685,695729,84,695813
4686,695833,23,695856
4687,695953,104,696057
4688,696079,7,696086
4689,696149,6,696155
4690,696173,18,696191
4691,696297,114,696411
4692,696592,66,696658
4693,696713,4,696717
4694,696736,5,696741
4695,696761,81,696842
4696,697015,7,697022
4697,697067,144,697211
4698,697251,43,697294
4699,697392,66,697458
4700,697462,85,697547
4701,697613,39,697652
4702,697724,8,697732
4703,697830,52,697882
4704,697890,31,697921
4705,698164,176,698340
4706,698367,250,698617
4707,698673,86,698759
4708,698964,28,698992
4709,699053,32,699085
4710,699132,31,699163
4711,699206,9,699215
4712,699292,37,699329
4713,699374,82,699456
4714,699536,30,699566
4715,699721,10,699731
4716,699777,179,699956
4717,699966,73,700039
4718,700084,16,700100
4719,700118,35,700153
4720,700176,33,700209
4721,700280,15,700295
4722,700301,92,700393
4723,700714,3,700717
4724,700976,32,701008
4725,701030,12,701042
4726,701062,149,701211
4727,701252,2,701254
4728,701261,15,701276
4729,701348,67,701415
4730,701446,9,701455
4731,701460,179,701639
4732,701687,87,701774
4733,701824,86,701910
4734,702047,30,702077
4735,702243,9,702252
4736,702348,108,702456
4737,702643,30,702673
4738,702744,177,702921
4739,702963,184,703147
4740,703300,21,703321
4741,703404,26,703430
4742,703625,2,703627
4743,703799,14,703813
4744,704021,35,704056
4745,704215,116,704331
4746,704346,7,704353
4747,704409,47,704456
4748,704555,10,704565
4749,704575,18,704593
4750,704658,56,704714
4751,705227,22,705249
4752,705394,184,705578
4753,705793,19,705812
4754,705888,12,705900
4755,705909,92,706001
4756,706038,29,706067
4757,706189,97,706286
4758,706440,5,706445
4759,706467,59,706526
4760,706592,41,706633
4761,706704,5,706709
4762,706907,22,706929
4763,706999,25,707024
4764,707064,219,707283
4765,707298,31,707329
4766,707506,242,707748
4767,707835,14,707849
4768,708118,30,708148
4769,708154,82,708236
4770,708413,1,708414
4771,708557,76,708633
4772,708716,83,708799
4773,709171,22,709193
4774,709373,27,709400
4775,709907,107,710014
4776,710256,5,710261
4777,710382,2,710384
4778,710639,47,710686
4779,710704,42,710746
4780,710759,7,710766
4781,710807,10,710817
4782,710843,13,710856
4783,711097,9,711106
4784,711111,76,711187
4785,711323,31,711354
4786,711361,46,711407
4787,711483,15,711498
4788,711599,56,711655
4789,711731,33,711764
4790,711833,69,711902
4791,711908,3,711911
4792,711927,138,712065
4793,712260,10,712270
4794,712452,27,712479
4795,712492,57,712549
4796,712638,102,712740
4797,712752,101,712853
4798,712893,4,712897
4799,712945,90,713035
4800,713197,27,713224
4801,713228,174,713402
4802,713432,103,713535
4803,713580,94,713674
4804,713700,21,713721
4805,713899,19,713918
4806,713922,8,713930
4807,713966,128,714094
4808,714161,3,714164
4809,714218,56,714274
4810,714374,10,714384
4811,715004,36,715040
4812,715062,29,715091
4813,715246,23,715269
4814,715300,47,715347
4815,715385,114,715499
4816,715563,11,715574
4817,715593,13,715606
4818,715613,26,715639
4819,715744,53,715797
4820,715855,82,715937
4821,715946,56,716002
4822,716175,5,716180
4823,716272,14,716286
4824,716297,23,716320
4825,716321,20,716341
4826,716677,111,716788
4827,716815,42,716857
4828,717121,10,717131
4829,717164,32,717196
4830,717228,20,717248
4831,717328,21,717349
4832,717405,4,717409
4833,717424,17,717441
4834,717795,15,717810
4835,717990,52,718042
4836,718267,11,718278
4837,718376,45,718421
4838,718431,19,718450
4839,718935,8,718943
4840,719286,13,719299
4841,719439,96,719535
4842,719542,21,719563
4843,719668,56,719724
4844,719766,64,719830
4845,719873,108,719981
4846,720182,103,720285
4847,720387,38,720425
4848,720459,60,720519
4849,720548,7,720555
4850,720666,67,720733
4851,720803,40,720843
4852,720903,37,720940
4853,721186,41,721227
4854,721291,9,721300
4855,721312,1,721313
4856,721329,39,721368
4857,721440,63,721503
4858,721510,3,721513
4859,721666,89,721755
4860,721840,23,721863
4861,721873,3,721876
4862,721886,2,721888
4863,721937,55,721992
4864,722035,7,722042
4865,722103,53,722156
4866,722276,27,722303
4867,722646,163,722809
4868,722872,64,722936
4869,723015,28,723043
4870,723213,13,723226
4871,723262,126,723388
4872,723390,29,723419
4873,723454,43,723497
4874,723499,7,723506
4875,723800,16,723816
4876,723849,47,723896
4877,723922,59,723981
4878,724115,27,724142
4879,724255,98,724353
4880,724373,52,724425
4881,724536,36,724572
4882,724641,126,724767
4883,724803,42,724845
4884,724887,36,724923
4885,724976,12,724988
4886,725088,60,725148
4887,725170,2,725172
4888,725206,108,725314
4889,725359,79,725438
4890,725471,7,725478
4891,725604,74,725678
4892,725693,13,725706
4893,725740,68,725808
4894,725915,29,725944
4895,725951,55,726006
4896,726017,75,726092
4897,726181,20,726201
4898,726227,9,726236
4899,726239,26,726265
4900,726320,143,726463
4901,726534,22,726556
4902,726801,12,726813
4903,726821,42,726863
4904,726991,66,727057
4905,727060,23,727083
4906,727239,25,727264
4907,727275,85,727360
4908,727375,2,727377
4909,727384,109,727493
4910,727519,77,727596
4911,727825,14,727839
4912,728186,195,728381
4913,728389,96,728485
4914,728570,25,728595
4915,728603,18,728621
4916,728732,106,728838
4917,728869,74,728943
4918,729096,34,729130
4919,729309,43,729352
4920,729497,42,729539
4921,729614,10,729624
4922,729660,26,729686
4923,729714,20,729734
4924,729791,18,729809
4925,729857,21,729878
4926,729950,16,729966
4927,730019,30,730049
4928,730274,52,730326
4929,730445,43,730488
4930,730524,66,730590
4931,730708,12,730720
4932,731152,42,731194
4933,731377,11,731388
4934,731412,34,731446
4935,731478,23,731501
4936,731695,51,731746
4937,731795,87,731882
4938,731904,34,731938
4939,732066,14,732080
4940,732130,51,732181
4941,732258,103,732361
4942,732439,4,732443
4943,732504,10,732514
4944,732606,37,732643
4945,732878,12,732890
4946,732916,25,732941
4947,733001,43,733044
4948,733098,77,733175
4949,733264,82,733346
4950,733460,6,733466
4951,733657,91,733748
4952,733836,75,733911
4953,734059,24,734083
4954,734133,60,734193
4955,734217,7,734224
4956,734277,84,734361
4957,734501,46,734547
4958,734802,77,734879
4959,735111,12,735123
4960,735134,62,735196
4961,735382,7,735389
4962,735507,2,735509
4963,735541,21,735562
4964,735576,49,735625
4965,735638,1,735639
4966,735665,30,735695
4967,735967,4,735971
4968,736397,37,736434
4969,736453,59,736512
4970,736532,67,736599
4971,736623,36,736659
4972,736692,106,736798
4973,736955,7,736962
4974,737095,43,737138
4975,737362,22,737384
4976,737460,43,737503
4977,737581,37,737618
4978,737685,65,737750
4979,737800,4,737804
4980,737973,56,738029
4981,738125,37,738162
4982,738469,3,738472
4983,738587,76,738663
4984,738667,15,738682
4985,738769,61,738830
4986,738970,38,739008
4987,739016,24,739040
4988,739158,2,739160
4989,739251,14,739265
4990,739350,22,739372
4991,739525,68,739593
4992,739703,53,739756
4993,739799,73,739872
4994,739874,35,739909
4995,740190,2,740192
4996,740234,145,740379
4997,740644,174,740818
4998,741049,19,741068
4999,741271,13,741284
5000,741300,142,741442
5001,741669,20,741689
5002,741694,149,741843
5003,741948,20,741968
5004,742002,7,742009
5005,742171,49,742220
5006,742409,4,742413
5007,742466,79,742545
5008,742576,113,742689
5009,743096,25,743121
5010,743147,30,743177
5011,743262,63,743325
5012,743440,4,743444
5013,743472,66,743538
5014,743558,30,743588
5015,743765,8,743773
5016,744111,9,744120
5017,744167,1,744168
5018,744219,40,744259
5019,744297,8,744305
5020,744392,2,744394
5021,744473,39,744512
5022,744579,1,744580
5023,744612,10,744622
5024,744645,33,744678
5025,744797,5,744802
5026,744814,98,744912
5027,744972,128,745100
5028,745266,87,745353
5029,745427,119,745546
5030,745893,68,745961
5031,745990,54,746044
5032,746142,36,746178
5033,746715,150,746865
5034,746903,46,746949
5035,746952,73,747025
5036,747062,12,747074
5037,747293,52,747345
5038,747372,30,747402
5039,747439,94,747533
5040,747536,27,747563
5041,747569,10,747579
5042,747702,84,747786
5043,747954,7,747961
5044,748034,17,748051
5045,748219,28,748247
5046,748268,18,748286
5047,748296,17,748313
5048,748350,5,748355
5049,748357,18,748375
5050,748554,51,748605
5051,748658,31,748689
5052,748733,21,748754
5053,748785,57,748842
5054,748980,33,749013
5055,749259,75,749334
5056,749365,123,749488
5057,749625,86,749711
5058,749776,6,749782
5059,749929,137,750066
5060,750114,33,750147
5061,750320,36,750356
5062,750516,47,750563
5063,750609,2,750611
5064,750720,9,750729
5065,750735,52,750787
5066,750893,42,750935
5067,750991,73,751064
5068,751088,99,751187
5069,751283,1,751284
5070,751356,245,751601
5071,751650,69,751719
5072,751724,86,751810
5073,751885,155,752040
5074,752128,40,752168
5075,752236,9,752245
5076,752634,19,752653
5077,752878,30,752908
5078,752982,23,753005
5079,753026,63,753089
5080,753273,4,753277
5081,753368,194,753562
5082,753736,6,753742
5083,753824,104,753928
5084,753980,81,754061
5085,754299,72,754371
5086,754384,73,754457
5087,754549,15,754564
5088,754572,9,754581
5089,754584,20,754604
5090,754746,147,754893
5091,754996,32,755028
5092,755073,30,755103
5093,755644,21,755665
5094,755724,169,755893
5095,756088,41,756129
5096,756167,20,756187
5097,756421,90,756511
5098,756621,91,756712
5099,756941,115,757056
5100,757081,59,757140
5101,757312,3,757315
5102,757357,22,757379
5103,757411,54,757465
5104,757671,60,757731
5105,757815,98,757913
5106,758133,34,758167
5107,758179,3,758182
5108,758641,23,758664
5109,758752,1,758753
5110,758831,28,758859
5111,758860,80,758940
5112,758946,12,758958
5113,759181,22,759203
5114,759205,7,759212
5115,759243,78,759321
5116,759407,45,759452
5117,759914,11,759925
5118,760085,5,760090
5119,760128,3,760131
5120,760169,31,760200
5121,760243,70,760313
5122,760368,33,760401
5123,760537,83,760620
5124,760637,45,760682
5125,760805,93,760898
5126,760998,216,761214
5127,761222,95,761317
5128,761423,8,761431
5129,761502,245,761747
5130,761970,29,761999
5131,762232,59,762291
5132,762304,128,762432
5133,762580,27,762607
5134,762825,2,762827
5135,762842,10,762852
5136,762877,2,762879
5137,763085,63,763148
5138,763452,125,763577
5139,763581,84,763665
5140,763707,3,763710
5141,763727,29,763756
5142,763798,266,764064
5143,764158,39,764197
5144,764344,10,764354
5145,764355,40,764395
5146,764665,25,764690
5147,764725,69,764794
5148,764987,16,765003
5149,765024,16,765040
5150,765318,198,765516
5151,765611,51,765662
5152,765769,84,765853
5153,765893,55,765948
5154,765962,14,765976
5155,766030,1,766031
5156,766113,6,766119
5157,766298,11,766309
5158,766567,15,766582
5159,766588,19,766607
5160,766804,29,766833
5161,767005,26,767031
5162,767059,3,767062
5163,767102,8,767110
5164,767163,43,767206
5165,767375,143,767518
5166,767542,15,767557
5167,767572,28,767600
5168,767785,84,767869
5169,767949,30,767979
5170,768220,62,768282
5171,768294,71,768365
5172,768448,78,768526
5173,768539,77,768616
5174,768675,177,768852
5175,768912,46,768958
5176,768995,173,769168
5177,769274,24,769298
5178,769444,32,769476
5179,769669,125,769794
5180,769899,9,769908
5181,769979,52,770031
5182,770047,118,770165
5183,770324,70,770394
5184,770805,62,770867
5185,770958,19,770977
5186,771295,23,771318
5187,771546,2,771548
5188,771846,52,771898
5189,771939,48,771987
5190,772140,38,772178
5191,772592,54,772646
5192,772868,1,772869
5193,772987,32,773019
5194,773071,141,773212
5195,773270,41,773311
5196,773357,8,773365
5197,773400,28,773428
5198,773528,101,773629
5199,773689,15,773704
5200,773814,27,773841
5201,773935,105,774040
5202,774128,39,774167
5203,774194,2,774196
5204,774260,57,774317
5205,774720,8,774728
5206,774827,108,774935
5207,774976,112,775088
5208,775206,77,775283
5209,775337,53,775390
5210,775406,18,775424
5211,775655,18,775673
5212,775722,16,775738
5213,776050,46,776096
5214,776167,17,776184
5215,776329,39,776368
5216,776645,3,776648
5217,776716,6,776722
5218,776848,9,776857
5219,776890,59,776949
5220,776952,16,776968
5221,777003,24,777027
5222,777269,17,777286
5223,777480,2,777482
5224,777513,25,777538
5225,777539,86,777625
5226,777719,19,777738
5227,777754,71,777825
5228,777865,57,777922
5229,778044,6,778050
5230,778054,74,778128
5231,778187,68,778255
5232,778464,87,778551
5233,778616,86,778702
5234,778766,11,778777
5235,778823,55,778878
5236,778957,69,779026
5237,779028,87,779115
5238,779159,29,779188
5239,779359,12,779371
5240,779447,153,779600
5241,779623,79,779702
5242,779780,99,779879
5243,779997,51,780048
5244,780126,72,780198
5245,780292,28,780320
5246,780375,139,780514
5247,780651,31,780682
5248,780709,47,780756
5249,780791,13,780804
5250,780815,89,780904
5251,780923,18,780941
5252,780993,172,781165
5253,781315,18,781333
5254,781343,11,781354
5255,781459,14,781473
5256,781772,54,781826
5257,781924,4,781928
5258,781949,13,781962
5259,782060,109,782169
5260,782230,21,782251
5261,782419,14,782433
5262,782527,4,782531
5263,782548,33,782581
5264,782595,73,782668
5265,783008,40,783048
5266,783142,62,783204
5267,783271,10,783281
5268,783668,47,783715
5269,784351,26,784377
5270,784429,8,784437
5271,784531,39,784570
5272,784849,85,784934
5273,784986,9,784995
5274,785290,20,785310
5275,785325,65,785390
5276,785501,10,785511
5277,785611,184,785795
5278,785891,22,785913
5279,786010,15,786025
5280,786133,66,786199
5281,786241,23,786264
5282,786276,40,786316
5283,786537,28,786565
5284,786683,147,786830
5285,787012,47,787059
5286,787074,16,787090
5287,787118,14,787132
5288,787144,88,787232
5289,787264,12,787276
5290,787327,27,787354
5291,787468,31,787499
5292,787578,102,787680
5293,787702,17,787719
5294,787724,46,787770
5295,787787,132,787919
5296,788176,32,788208
5297,788254,2,788256
5298,788267,24,788291
5299,788363,46,788409
5300,788637,1,788638
5301,788683,46,788729
5302,788836,29,788865
5303,788875,74,788949
5304,789124,38,789162
5305,789323,55,789378
5306,789432,53,789485
5307,789585,15,789600
5308,789888,38,789926
5309,789936,3,789939
5310,790134,28,790162
5311,790216,73,790289
5312,790320,1,790321
5313,790540,125,790665
5314,790738,79,790817
5315,790903,3,790906
5316,790943,112,791055
5317,791262,31,791293
5318,791382,57,791439
5319,791498,14,791512
5320,791610,33,791643
5321,791703,47,791750
5322,791757,37,791794
5323,792036,23,792059
5324,792086,97,792183
5325,792247,40,792287
5326,792512,16,792528
5327,792551,17,792568
5328,792701,91,792792
5329,792822,18,792840
5330,792920,5,792925
5331,793047,38,793085
5332,793090,15,793105
5333,793159,72,793231
5334,793514,6,793520
5335,793596,8,793604
5336,793629,58,793687
5337,793855,27,793882
5338,794059,80,794139
5339,794176,24,794200
5340,794334,68,794402
5341,794429,21,794450
5342,794827,51,794878
5343,794980,54,795034
5344,795079,65,795144
5345,795150,22,795172
5346,795724,9,795733
5347,795823,12,795835
5348,796135,69,796204
5349,796231,37,796268
5350,796410,127,796537
5351,797320,15,797335
5352,797493,1,797494
5353,797975,75,798050
5354,798105,37,798142
5355,798338,35,798373
5356,798381,5,798386
5357,798432,166,798598
5358,798618,1,798619
5359,798628,37,798665
5360,798669,76,798745
5361,798782,6,798788
5362,798812,43,798855
5363,799016,28,799044
5364,799269,84,799353
5365,799409,154,799563
5366,799586,57,799643
5367,799705,26,799731
5368,799881,15,799896
5369,799959,46,800005
5370,800010,4,800014
5371,800071,21,800092
5372,800196,4,800200
5373,800303,57,800360
5374,800363,46,800409
5375,800426,103,800529
5376,800569,34,800603
5377,800776,23,800799
5378,800883,82,800965
5379,801146,284,801430
5380,801454,3,801457
5381,801498,14,801512
5382,801580,50,801630
5383,801684,20,801704
5384,801758,67,801825
5385,801847,4,801851
5386,801939,9,801948
5387,802011,22,802033
5388,802198,326,802524
5389,802560,69,802629
5390,802745,20,802765
5391,802918,13,802931
5392,802958,129,803087
5393,803325,33,803358
5394,803363,17,803380
5395,803387,14,803401
5396,803632,20,803652
5397,803661,12,803673
5398,803730,6,803736
5399,803990,115,804105
5400,804139,62,804201
5401,804292,21,804313
5402,804488,72,804560
5403,804583,1,804584
5404,804675,78,804753
5405,804864,10,804874
5406,804923,72,804995
5407,805069,30,805099
5408,805136,54,805190
5409,805233,32,805265
5410,805277,118,805395
5411,805418,3,805421
5412,805509,11,805520
5413,805665,27,805692
5414,805762,55,805817
5415,805860,6,805866
5416,805918,6,805924
5417,806017,7,806024
5418,806048,67,806115
5419,806310,38,806348
5420,806393,12,806405
5421,806463,111,806574
5422,806908,54,806962
5423,806995,71,807066
5424,807092,20,807112
5425,807203,84,807287
5426,807385,8,807393
5427,807790,40,807830
5428,807916,88,808004
5429,808068,22,808090
5430,808206,1,808207
5431,808363,113,808476
5432,808544,69,808613
5433,808653,74,808727
5434,808742,47,808789
5435,808791,82,808873
5436,808945,69,809014
5437,809298,28,809326
5438,809931,32,809963
5439,810013,96,810109
5440,810276,33,810309
5441,810316,85,810401
5442,810441,30,810471
5443,810485,26,810511
5444,810612,17,810629
5445,810797,80,810877
5446,810949,16,810965
5447,810996,23,811019
5448,811233,7,811240
5449,811354,1,811355
5450,811508,87,811595
5451,811600,239,811839
5452,811855,27,811882
5453,812142,76,812218
5454,812293,49,812342
5455,812438,9,812447
5456,812469,81,812550
5457,812646,4,812650
5458,812829,20,812849
5459,812874,6,812880
5460,813096,51,813147
5461,813352,267,813619
5462,813683,68,813751
5463,813931,16,813947
5464,814109,69,814178
5465,814321,130,814451
5466,814546,18,814564
5467,814591,66,814657
5468,814774,42,814816
5469,814840,23,814863
5470,814907,64,814971
5471,815148,41,815189
5472,815340,61,815401
5473,815638,36,815674
5474,815768,25,815793
5475,815808,114,815922
5476,815931,98,816029
5477,816085,58,816143
5478,816198,23,816221
5479,816251,75,816326
5480,816960,5,816965
5481,817060,6,817066
5482,817136,60,817196
5483,817292,95,817387
5484,817447,28,817475
5485,817751,2,817753
5486,817795,2,817797
5487,818060,72,818132
5488,818187,2,818189
5489,818226,87,818313
5490,818682,59,818741
5491,819290,2,819292
5492,819386,181,819567
5493,819692,151,819843
5494,819882,13,819895
5495,820009,7,820016
5496,820102,84,820186
5497,820252,116,820368
5498,820396,35,820431
5499,820500,30,820530
5500,820678,20,820698
5501,820868,57,820925
5502,821054,3,821057
5503,821068,9,821077
5504,821098,11,821109
5505,821158,11,821169
5506,821415,10,821425
5507,821443,32,821475
5508,821522,89,821611
5509,821679,35,821714
5510,821815,37,821852
5511,821858,32,821890
5512,822087,116,822203
5513,822418,24,822442
5514,822522,57,822579
5515,822587,2,822589
5516,822643,32,822675
5517,822700,86,822786
5518,822849,16,822865
5519,822989,30,823019
5520,823049,100,823149
5521,823161,19,823180
5522,823263,43,823306
5523,823372,66,823438
5524,823591,65,823656
5525,823971,2,823973
5526,824023,48,824071
5527,824214,86,824300
5528,824974,77,825051
5529,825171,1,825172
5530,825195,50,825245
5531,825386,9,825395
5532,825552,45,825597
5533,825664,42,825706
5534,826204,34,826238
5535,826264,21,826285
5536,826438,86,826524
5537,826562,49,826611
5538,826667,25,826692
5539,826705,58,826763
5540,826787,154,826941
5541,827047,22,827069
5542,827078,95,827173
5543,827242,19,827261
5544,827290,34,827324
5545,827402,96,827498
5546,827615,12,827627
5547,827744,98,827842
5548,827850,97,827947
5549,827957,60,828017
5550,828073,34,828107
5551,828206,100,828306
5552,828336,1,828337
5553,828364,56,828420
5554,828588,116,828704
5555,828761,106,828867
5556,829050,15,829065
5557,829073,5,829078
5558,829354,7,829361
5559,829365,9,829374
5560,829452,117,829569
5561,829685,21,829706
5562,829802,106,829908
5563,830046,11,830057
5564,830564,29,830593
5565,830670,15,830685
5566,830689,21,830710
5567,831094,17,831111
5568,831126,45,831171
5569,831234,144,831378
5570,831431,20,831451
5571,831703,6,831709
5572,831776,5,831781
5573,831982,54,832036
5574,832037,9,832046
5575,832113,3,832116
5576,832154,119,832273
5577,832314,101,832415
5578,832449,29,832478
5579,832544,12,832556
5580,832617,124,832741
5581,832805,61,832866
5582,832916,1,832917
5583,833090,180,833270
5584,833426,132,833558
5585,833774,58,833832
5586,833942,34,833976
5587,834027,54,834081
5588,834142,108,834250
5589,834430,150,834580
5590,834720,19,834739
5591,834869,1,834870
5592,835021,111,835132
5593,835150,16,835166
5594,835344,56,835400
5595,835537,68,835605
5596,835755,41,835796
5597,835873,93,835966
5598,835968,10,835978
5599,836029,8,836037
5600,836078,43,836121
5601,836146,38,836184
5602,836322,124,836446
5603,836448,24,836472
5604,836695,71,836766
5605,836950,104,837054
5606,837277,94,837371
5607,837536,28,837564
5608,837592,77,837669
5609,837685,27,837712
5610,837926,128,838054
5611,838099,115,838214
5612,838326,2,838328
5613,838369,11,838380
5614,838769,88,838857
5615,838917,89,839006
5616,839067,31,839098
5617,839159,22,839181
5618,839208,93,839301
5619,839451,54,839505
5620,839784,193,839977
5621,840063,8,840071
5622,840092,22,840114
5623,840182,37,840219
5624,840227,16,840243
5625,840249,79,840328
5626,840380,41,840421
5627,840484,105,840589
5628,840649,23,840672
5629,840824,5,840829
5630,840927,127,841054
5631,841080,23,841103
5632,841164,18,841182
5633,841370,8,841378
5634,841402,6,841408
5635,841426,100,841526
5636,841566,137,841703
5637,841717,64,841781
5638,841838,96,841934
5639,841967,15,841982
5640,842020,19,842039
5641,842225,53,842278
5642,842445,14,842459
5643,842629,38,842667
5644,842675,118,842793
5645,842801,8,842809
5646,842907,35,842942
5647,843062,12,843074
5648,843158,8,843166
5649,843217,68,843285
5650,843346,35,843381
5651,843459,44,843503
5652,843581,1,843582
5653,843865,56,843921
5654,844124,105,844229
5655,844475,7,844482
5656,844896,42,844938
5657,844982,68,845050
5658,845200,2,845202
5659,845428,5,845433
5660,845450,34,845484
5661,845617,16,845633
5662,845932,134,846066
5663,846151,166,846317
5664,846360,101,846461
5665,846496,61,846557
5666,846628,14,846642
5667,846746,13,846759
5668,846865,3,846868
5669,846873,46,846919
5670,846952,33,846985
5671,847081,37,847118
5672,847159,301,847460
5673,847511,2,847513
5674,847718,28,847746
5675,847757,27,847784
5676,847818,4,847822
5677,847835,55,847890
5678,848114,43,848157
5679,848179,135,848314
5680,848402,24,848426
5681,848581,88,848669
5682,848711,3,848714
5683,848770,1,848771
5684,848803,46,848849
5685,848853,11,848864
5686,848869,1,848870
5687,849465,2,849467
5688,849508,28,849536
5689,849585,22,849607
5690,849701,96,849797
5691,849823,137,849960
5692,849986,51,850037
5693,850123,226,850349
5694,850493,19,850512
5695,850546,13,850559
5696,850623,14,850637
5697,850789,82,850871
5698,850907,16,850923
5699,850996,11,851007
5700,851100,21,851121
5701,851146,84,851230
5702,851357,5,851362
5703,851375,20,851395
5704,851448,33,851481
5705,851673,24,851697
5706,851834,47,851881
5707,851972,142,852114
5708,852141,60,852201
5709,852211,17,852228
5710,852392,52,852444
5711,852582,10,852592
5712,852956,73,853029
5713,853284,16,853300
5714,853362,96,853458
5715,853495,24,853519
5716,853677,21,853698
5717,853787,170,853957
5718,854225,94,854319
5719,854340,5,854345
5720,854663,8,854671
5721,854737,41,854778
5722,854846,81,854927
5723,855231,2,855233
5724,855264,69,855333
5725,855406,37,855443
5726,855460,88,855548
5727,855587,52,855639
5728,855754,28,855782
5729,855913,34,855947
5730,856305,47,856352
5731,856366,5,856371
5732,856375,31,856406
5733,856477,97,856574
5734,856576,45,856621
5735,856814,25,856839
5736,856958,62,857020
5737,857191,85,857276
5738,857420,10,857430
5739,857556,121,857677
5740,857706,43,857749
5741,858036,39,858075
5742,858219,43,858262
5743,858296,6,858302
5744,858527,82,858609
5745,858940,36,858976
5746,859110,9,859119
5747,859120,124,859244
5748,859407,77,859484
5749,859561,3,859564
5750,859654,1,859655
5751,859663,73,859736
5752,859774,27,859801
5753,859854,33,859887
5754,859970,160,860130
5755,860385,15,860400
5756,860410,30,860440
5757,860589,7,860596
5758,860737,121,860858
5759,861085,53,861138
5760,861414,8,861422
5761,861560,138,861698
5762,861832,59,861891
5763,861927,92,862019
5764,862079,74,862153
5765,862335,26,862361
5766,862372,36,862408
5767,862481,3,862484
5768,862784,4,862788
5769,862853,75,862928
5770,862933,43,862976
5771,863198,23,863221
5772,863233,23,863256
5773,863289,1,863290
5774,863320,42,863362
5775,863515,43,863558
5776,863780,64,863844
5777,864016,34,864050
5778,864131,21,864152
5779,864294,60,864354
5780,864371,100,864471
5781,864485,28,864513
5782,864697,7,864704
5783,864860,18,864878
5784,864892,55,864947
5785,865184,103,865287
5786,865397,6,865403
5787,865422,44,865466
5788,865484,99,865583
5789,865624,76,865700
5790,865897,47,865944
5791,866049,114,866163
5792,866197,24,866221
5793,866291,11,866302
5794,866319,94,866413
5795,866531,17,866548
5796,866571,68,866639
5797,866654,56,866710
5798,866807,7,866814
5799,866863,25,866888
5800,867060,17,867077
5801,867301,8,867309
5802,867393,30,867423
5803,867450,28,867478
5804,867704,88,867792
5805,867796,61,867857
5806,867961,7,867968
5807,867979,82,868061
5808,868081,14,868095
5809,868295,92,868387
5810,868388,240,868628
5811,868950,6,868956
5812,868997,91,869088
5813,869154,13,869167
5814,869254,39,869293
5815,869359,42,869401
5816,869489,230,869719
5817,869727,86,869813
5818,870068,12,870080
5819,870159,91,870250
5820,870324,42,870366
5821,870377,31,870408
5822,870566,7,870573
5823,870589,23,870612
5824,870614,53,870667
5825,870763,17,870780
5826,870828,96,870924
5827,870964,54,871018
5828,871034,6,871040
5829,871215,146,871361
5830,871431,27,871458
5831,871609,25,871634
5832,872065,183,872248
5833,872279,163,872442
5834,872535,55,872590
5835,872594,11,872605
5836,872695,20,872715
5837,872737,22,872759
5838,872956,146,873102
5839,873189,140,873329
5840,873357,6,873363
5841,873557,15,873572
5842,873634,128,873762
5843,873851,109,873960
5844,874050,172,874222
5845,874224,10,874234
5846,874327,75,874402
5847,874691,2,874693
5848,874712,52,874764
5849,874913,39,874952
5850,875085,38,875123
5851,875143,175,875318
5852,875397,117,875514
5853,875561,17,875578
5854,875588,41,875629
5855,875828,111,875939
5856,876101,133,876234
5857,876730,110,876840
5858,876866,44,876910
5859,876911,142,877053
5860,877065,8,877073
5861,877173,148,877321
5862,877330,2,877332
5863,877541,23,877564
5864,877607,3,877610
5865,877700,5,877705
5866,878109,30,878139
5867,878198,16,878214
5868,878349,59,878408
5869,878438,75,878513
5870,878533,44,878577
5871,878583,17,878600
5872,878841,11,878852
5873,878965,68,879033
5874,879113,121,879234
5875,879388,28,879416
5876,879487,145,879632
5877,879676,9,879685
5878,879980,68,880048
5879,880104,33,880137
5880,880255,15,880270
5881,880297,78,880375
5882,880584,7,880591
5883,880627,48,880675
5884,880806,6,880812
5885,880888,175,881063
5886,881091,19,881110
5887,881227,9,881236
5888,881276,27,881303
5889,881515,64,881579
5890,881634,42,881676
5891,881839,1,881840
5892,881872,17,881889
5893,882109,26,882135
5894,882140,27,882167
5895,882250,2,882252
5896,882259,21,882280
5897,882329,304,882633
5898,882642,47,882689
5899,882701,30,882731
5900,883069,27,883096
5901,883313,10,883323
5902,883410,14,883424
5903,883575,27,883602
5904,883619,17,883636
5905,883706,40,883746
5906,883753,112,883865
5907,883872,46,883918
5908,884193,28,884221
5909,884742,58,884800
5910,884872,144,885016
5911,885272,9,885281
5912,885382,46,885428
5913,885462,80,885542
5914,885587,18,885605
5915,885662,23,885685
5916,885744,5,885749
5917,885788,174,885962
5918,885965,6,885971
5919,886220,49,886269
5920,886400,76,886476
5921,886514,3,886517
5922,886577,27,886604
5923,886623,74,886697
5924,886963,35,886998
5925,887007,12,887019
5926,887184,48,887232
5927,887252,4,887256
5928,887259,71,887330
5929,887652,53,887705
5930,887944,71,888015
5931,888026,17,888043
5932,888055,23,888078
5933,888108,26,888134
5934,888236,68,888304
5935,888327,27,888354
5936,888392,3,888395
5937,888405,48,888453
5938,888542,78,888620
5939,888679,17,888696
5940,888710,118,888828
5941,888829,20,888849
5942,889097,20,889117
5943,889235,26,889261
5944,889377,3,889380
5945,889398,15,889413
5946,889521,43,889564
5947,889677,8,889685
5948,889711,23,889734
5949,890340,78,890418
5950,890427,157,890584
5951,890700,39,890739
5952,890861,37,890898
5953,890899,70,890969
5954,891101,4,891105
5955,891121,8,891129
5956,891138,50,891188
5957,891290,30,891320
5958,891388,9,891397
5959,891567,104,891671
5960,891717,128,891845
5961,891988,164,892152
5962,892410,12,892422
5963,892651,5,892656
5964,892743,3,892746
5965,892809,20,892829
5966,892888,87,892975
5967,893014,287,893301
5968,893304,81,893385
5969,893513,41,893554
5970,893846,76,893922
5971,893927,42,893969
5972,894137,23,894160
5973,894211,32,894243
5974,894392,47,894439
5975,894466,2,894468
5976,894483,72,894555
5977,894898,10,894908
5978,895244,37,895281
5979,895402,4,895406
5980,895426,48,895474
5981,895573,30,895603
5982,895681,25,895706
5983,895781,3,895784
5984,895836,93,895929
5985,895967,3,895970
5986,895976,38,896014
5987,896182,29,896211
5988,896348,11,896359
5989,896515,63,896578
5990,896752,13,896765
5991,896823,27,896850
5992,896876,6,896882
5993,896968,37,897005
5994,897038,9,897047
5995,897186,49,897235
5996,897259,28,897287
5997,897604,60,897664
5998,897679,24,897703
5999,897737,192,897929
6000,897995,64,898059
6001,898082,13,898095
6002,898103,2,898105
6003,898243,18,898261
6004,898364,24,898388
6005,898618,4,898622
6006,898681,57,898738
6007,898741,19,898760
6008,898780,55,898835
6009,898922,18,898940
6010,899074,18,899092
6011,899103,81,899184
6012,899423,50,899473
6013,899773,31,899804
6014,899961,192,900153
6015,900209,64,900273
6016,900409,27,900436
6017,901057,116,901173
6018,901247,3,901250
6019,901589,56,901645
6020,901961,16,901977
6021,902033,51,902084
6022,902159,4,902163
6023,902382,108,902490
6024,902679,29,902708
6025,902835,29,902864
6026,902906,68,902974
6027,902977,38,903015
6028,903129,13,903142
6029,903328,237,903565
6030,903761,105,903866
6031,903963,25,903988
6032,904126,1,904127
6033,904214,30,904244
6034,904287,20,904307
6035,904454,53,904507
6036,904509,84,904593
6037,904746,42,904788
6038,904848,16,904864
6039,904908,65,904973
6040,905423,6,905429
6041,905449,91,905540
6042,905644,19,905663
6043,905694,24,905718
6044,905811,14,905825
6045,905971,147,906118
6046,906230,42,906272
6047,906439,135,906574
6048,906693,4,906697
6049,906712,32,906744
6050,906845,7,906852
6051,906888,7,906895
6052,906942,32,906974
6053,907055,19,907074
6054,907360,6,907366
6055,907421,26,907447
6056,907649,56,907705
6057,907911,167,908078
6058,908386,41,908427
6059,908504,16,908520
6060,908618,209,908827
6061,908839,20,908859
6062,908884,8,908892
6063,908897,2,908899
6064,908973,132,909105
6065,909190,106,909296
6066,909378,45,909423
6067,909424,46,909470
6068,909548,38,909586
6069,909650,47,909697
6070,909807,53,909860
6071,910076,57,910133
6072,910208,4,910212
6073,910242,72,910314
6074,910339,229,910568
6075,910599,169,910768
6076,910771,7,910778
6077,910971,14,910985
6078,911050,79,911129
6079,911149,130,911279
6080,911479,25,911504
6081,911643,105,911748
6082,911750,7,911757
6083,911816,94,911910
6084,912043,105,912148
6085,912209,35,912244
6086,912334,30,912364
6087,912639,56,912695
6088,912746,29,912775
6089,912835,36,912871
6090,913384,62,913446
6091,913467,127,913594
6092,913793,102,913895
6093,913913,8,913921
6094,913942,107,914049
6095,914107,5,914112
6096,914131,9,914140
6097,914158,22,914180
6098,914232,65,914297
6099,914306,166,914472
6100,914688,39,914727
6101,915158,2,915160
6102,915240,6,915246
6103,915247,13,915260
6104,915285,34,915319
6105,915389,11,915400
6106,915465,24,915489
6107,915561,7,915568
6108,915645,7,915652
6109,915818,232,916050
6110,916192,27,916219
6111,916327,49,916376
6112,916753,18,916771
6113,916821,62,916883
6114,916943,49,916992
6115,917114,59,917173
6116,917458,30,917488
6117,917492,3,917495
6118,917514,90,917604
6119,917938,8,917946
6120,917969,8,917977
6121,918111,94,918205
6122,918212,43,918255
6123,918556,83,918639
6124,918741,70,918811
6125,918818,13,918831
6126,918919,155,919074
6127,919132,27,919159
6128,919167,49,919216
6129,919411,10,919421
6130,919493,55,919548
6131,919585,47,919632
6132,919739,40,919779
6133,919911,18,919929
6134,919996,42,920038
6135,920044,26,920070
6136,920073,8,920081
6137,920258,85,920343
6138,920399,528,920927
6139,920963,23,920986
6140,921152,20,921172
6141,921215,50,921265
6142,921329,47,921376
6143,921484,10,921494
6144,921562,9,921571
6145,921620,11,921631
6146,921784,3,921787
6147,922171,79,922250
6148,922372,132,922504
6149,922507,14,922521
6150,922629,134,922763
6151,922834,10,922844
6152,922950,2,922952
6153,923053,8,923061
6154,923241,15,923256
6155,923544,40,923584
6156,923775,22,923797
6157,923874,50,923924
6158,924195,9,924204
6159,924237,11,924248
6160,924254,42,924296
6161,924327,39,924366
6162,924680,22,924702
6163,924726,116,924842
6164,925062,161,925223
6165,925330,56,925386
6166,925421,19,925440
6167,925456,86,925542
6168,925566,19,925585
6169,925759,30,925789
6170,925842,42,925884
6171,925931,31,925962
6172,926251,4,926255
6173,926347,12,926359
6174,926370,7,926377
6175,926389,3,926392
6176,926572,24,926596
6177,926757,12,926769
6178,926919,29,926948
6179,927080,13,927093
6180,927125,87,927212
6181,927469,78,927547
6182,927622,43,927665
6183,927834,92,927926
6184,927945,95,928040
6185,928050,63,928113
6186,928189,1,928190
6187,928300,9,928309
6188,928345,17,928362
6189,928393,149,928542
6190,928589,57,928646
6191,928770,102,928872
6192,928891,24,928915
6193,928969,137,929106
6194,929349,13,929362
6195,929425,55,929480
6196,929588,37,929625
6197,929753,27,929780
6198,929791,8,929799
6199,929846,63,929909
6200,929946,153,930099
6201,930159,58,930217
6202,930244,79,930323
6203,930350,5,930355
6204,930551,240,930791
6205,930973,49,931022
6206,931060,20,931080
6207,931114,8,931122
6208,931159,63,931222
6209,931271,94,931365
6210,931453,1,931454
6211,931573,5,931578
6212,931619,47,931666
6213,931714,62,931776
6214,931808,57,931865
6215,931885,41,931926
6216,932035,12,932047
6217,932076,77,932153
6218,932157,46,932203
6219,932247,101,932348
6220,932390,52,932442
6221,932506,22,932528
6222,932650,181,932831
6223,932865,71,932936
6224,932978,26,933004
6225,933077,81,933158
6226,933196,19,933215
6227,933237,2,933239
6228,933411,4,933415
6229,933545,43,933588
6230,934111,29,934140
6231,934175,93,934268
6232,934408,82,934490
6233,934605,83,934688
6234,934836,90,934926
6235,934973,79,935052
6236,935092,84,935176
6237,935221,46,935267
6238,935289,31,935320
6239,935417,53,935470
6240,935677,4,935681
6241,935712,33,935745
6242,935782,25,935807
6243,935846,24,935870
6244,935934,36,935970
6245,936036,120,936156
6246,936240,33,936273
6247,936368,5,936373
6248,936464,34,936498
6249,936727,32,936759
6250,936877,2,936879
6251,936883,37,936920
6252,936932,41,936973
6253,937142,8,937150
6254,937238,189,937427
6255,937538,95,937633
6256,937677,5,937682
6257,937867,5,937872
6258,937975,76,938051
6259,938055,62,938117
6260,938129,73,938202
6261,938270,3,938273
6262,938546,80,938626
6263,938681,4,938685
6264,939154,28,939182
6265,939308,65,939373
6266,939440,50,939490
6267,939848,28,939876
6268,939927,1,939928
6269,940233,10,940243
6270,940457,27,940484
6271,940593,85,940678
6272,941082,129,941211
6273,941452,9,941461
6274,941556,8,941564
6275,941732,69,941801
6276,941969,56,942025
6277,942275,20,942295
6278,942332,45,942377
6279,942405,52,942457
6280,942544,10,942554
6281,942639,10,942649
6282,942654,68,942722
6283,942789,38,942827
6284,942871,280,943151
6285,943176,71,943247
6286,943306,2,943308
6287,943331,137,943468
6288,943536,39,943575
6289,943607,19,943626
6290,943706,70,943776
6291,943950,13,943963
6292,944099,53,944152
6293,944327,39,944366
6294,944423,80,944503
6295,944527,107,944634
6296,944764,13,944777
6297,944791,2,944793
6298,944816,6,944822
6299,944832,23,944855
6300,944904,7,944911
6301,944965,32,944997
6302,945068,65,945133
6303,945178,30,945208
6304,945283,1,945284
6305,945394,138,945532
6306,945676,25,945701
6307,945817,6,945823
6308,945942,304,946246
6309,946256,17,946273
6310,946295,17,946312
6311,946420,12,946432
6312,946579,58,946637
6313,946687,5,946692
6314,946877,44,946921
6315,947124,9,947133
6316,947134,11,947145
6317,947174,58,947232
6318,947316,9,947325
6319,947410,39,947449
6320,947484,26,947510
6321,947569,34,947603
6322,947631,38,947669
6323,947686,87,947773
6324,947828,38,947866
6325,947890,10,947900
6326,947918,32,947950
6327,947996,106,948102
6328,948211,64,948275
6329,948317,31,948348
6330,948352,12,948364
6331,948373,33,948406
6332,948532,113,948645
6333,948661,12,948673
6334,948827,60,948887
6335,948973,18,948991
6336,949038,108,949146
6337,949181,3,949184
6338,949259,4,949263
6339,949329,12,949341
6340,949376,43,949419
6341,949438,22,949460
6342,949504,212,949716
6343,949752,25,949777
6344,949954,1,949955
6345,949964,17,949981
6346,950012,56,950068
6347,950169,34,950203
6348,950213,14,950227
6349,950273,95,950368
6350,950553,5,950558
6351,950638,130,950768
6352,950935,33,950968
6353,951035,28,951063
6354,951091,7,951098
6355,951220,17,951237
6356,951378,95,951473
6357,951550,101,951651
6358,951670,43,951713
6359,951767,87,951854
6360,952116,69,952185
6361,952406,95,952501
6362,952569,30,952599
6363,952743,22,952765
6364,952916,42,952958
6365,953006,34,953040
6366,953316,30,953346
6367,953385,18,953403
6368,953658,27,953685
6369,953757,3,953760
6370,953905,27,953932
6371,953988,3,953991
6372,954040,102,954142
6373,954297,21,954318
6374,954351,120,954471
6375,954606,45,954651
6376,954675,17,954692
6377,954900,18,954918
6378,954967,78,955045
6379,955070,27,955097
6380,955410,112,955522
6381,955525,40,955565
6382,955639,14,955653
6383,955688,72,955760
6384,955769,35,955804
6385,955947,3,955950
6386,955993,47,956040
6387,956095,19,956114
6388,956407,92,956499
6389,956534,14,956548
6390,956600,150,956750
6391,957008,3,957011
6392,957110,66,957176
6393,957270,4,957274
6394,957325,21,957346
6395,957404,5,957409
6396,957649,109,957758
6397,957796,19,957815
6398,957841,34,957875
6399,958000,57,958057
6400,958078,91,958169
6401,958246,86,958332
6402,958683,2,958685
6403,958754,65,958819
6404,959061,12,959073
6405,959171,11,959182
6406,959206,18,959224
6407,959381,18,959399
6408,959540,33,959573
6409,959673,17,959690
6410,959751,16,959767
6411,959878,29,959907
6412,960097,181,960278
6413,960446,41,960487
6414,960578,18,960596
6415,960727,28,960755
6416,960848,10,960858
6417,960952,27,960979
6418,961074,26,961100
6419,961212,65,961277
6420,961341,27,961368
6421,961408,74,961482
6422,961542,28,961570
6423,961653,31,961684
6424,961767,7,961774
6425,961824,51,961875
6426,961881,110,961991
6427,961995,12,962007
6428,962116,4,962120
6429,962249,6,962255
6430,962607,54,962661
6431,962727,43,962770
6432,963031,58,963089
6433,963232,64,963296
6434,963506,45,963551
6435,963571,117,963688
6436,963802,70,963872
6437,964050,60,964110
6438,964205,29,964234
6439,964254,67,964321
6440,964370,40,964410
6441,964428,7,964435
6442,964899,87,964986
6443,965081,38,965119
6444,965251,24,965275
6445,965276,109,965385
6446,965460,13,965473
6447,965645,11,965656
6448,965680,4,965684
6449,966002,20,966022
6450,966026,11,966037
6451,966090,2,966092
6452,966151,28,966179
6453,966412,7,966419
6454,966740,5,966745
6455,966799,59,966858
6456,966861,95,966956
6457,967006,196,967202
6458,967214,30,967244
6459,967280,18,967298
6460,967389,6,967395
6461,967589,115,967704
6462,967881,41,967922
6463,967993,1,967994
6464,968044,31,968075
6465,968082,38,968120
6466,968148,7,968155
6467,968211,32,968243
6468,968458,27,968485
6469,968565,17,968582
6470,968589,4,968593
6471,968643,76,968719
6472,969054,98,969152
6473,969192,23,969215
6474,969237,22,969259
6475,969504,51,969555
6476,969593,19,969612
6477,969697,213,969910
6478,970091,10,970101
6479,970230,4,970234
6480,970333,74,970407
6481,970445,39,970484
6482,970588,47,970635
6483,970706,104,970810
6484,971040,29,971069
6485,971158,11,971169
6486,971185,4,971189
6487,971197,27,971224
6488,971473,74,971547
6489,971593,15,971608
6490,971686,5,971691
6491,971716,5,971721
6492,971845,30,971875
6493,971893,7,971900
6494,972071,7,972078
6495,972080,4,972084
6496,972162,21,972183
6497,972244,21,972265
6498,972357,29,972386
6499,972402,25,972427
6500,972430,24,972454
6501,972466,39,972505
6502,972678,120,972798
6503,972851,8,972859
6504,972875,47,972922
6505,972941,78,973019
6506,973027,149,973176
6507,973225,88,973313
6508,973469,2,973471
6509,973502,28,973530
6510,973551,120,973671
6511,973672,66,973738
6512,973907,58,973965
6513,973968,269,974237
6514,974329,3,974332
6515,974407,20,974427
6516,974532,11,974543
6517,974570,8,974578
6518,975110,17,975127
6519,975242,23,975265
6520,975367,127,975494
6521,975523,14,975537
6522,975668,20,975688
6523,975702,68,975770
6524,975775,11,975786
6525,975848,43,975891
6526,976384,4,976388
6527,976465,155,976620
6528,976748,45,976793
6529,976916,91,977007
6530,977095,49,977144
6531,977319,21,977340
6532,977369,105,977474
6533,977615,138,977753
6534,977827,16,977843
6535,978037,51,978088
6536,978186,53,978239
6537,978257,27,978284
6538,978425,68,978493
6539,978564,136,978700
6540,978800,116,978916
6541,979061,82,979143
6542,979172,83,979255
6543,979383,15,979398
6544,979644,28,979672
6545,979765,1,979766
6546,979825,2,979827
6547,979930,91,980021
6548,980166,33,980199
6549,980402,14,980416
6550,980482,1,980483
6551,980613,24,980637
6552,980734,26,980760
6553,980764,20,980784
6554,980917,24,980941
6555,981065,75,981140
6556,981271,73,981344
6557,981364,44,981408
6558,981543,38,981581
6559,981602,21,981623
6560,981674,4,981678
6561,981712,35,981747
6562,981963,53,982016
6563,982109,42,982151
6564,982189,6,982195
6565,982276,161,982437
6566,982438,62,982500
6567,982567,1,982568
6568,982729,218,982947
6569,983021,230,983251
6570,983398,50,983448
6571,983699,96,983795
6572,983800,19,983819
6573,983875,39,983914
6574,983975,20,983995
6575,984107,30,984137
6576,984212,26,984238
6577,984345,3,984348
6578,984380,12,984392
6579,984411,49,984460
6580,984579,105,984684
6581,984747,4,984751
6582,984777,46,984823
6583,984984,15,984999
6584,985016,57,985073
6585,985077,80,985157
6586,985253,37,985290
6587,985473,20,985493
6588,985654,49,985703
6589,985853,39,985892
6590,985998,16,986014
6591,986021,52,986073
6592,986225,67,986292
6593,986571,69,986640
6594,986674,31,986705
6595,986802,14,986816
6596,987167,5,987172
6597,987194,22,987216
6598,987685,39,987724
6599,987764,18,987782
6600,988027,27,988054
6601,988057,4,988061
6602,988128,16,988144
6603,988262,100,988362
6604,988398,4,988402
6605,988542,21,988563
6606,988602,16,988618
6607,988631,78,988709
6608,988752,13,988765
6609,988779,161,988940
6610,989068,141,989209
6611,989245,67,989312
6612,989587,123,989710
6613,989766,32,989798
6614,989885,1,989886
6615,989976,65,990041
6616,990070,1,990071
6617,990153,21,990174
6618,990202,17,990219
6619,990231,22,990253
6620,990406,4,990410
6621,990856,30,990886
6622,990951,93,991044
6623,991181,22,991203
6624,991383,49,991432
6625,991756,27,991783
6626,991941,21,991962
6627,992029,102,992131
6628,992154,33,992187
6629,992255,11,992266
6630,992306,4,992310
6631,992337,63,992400
6632,992409,14,992423
6633,992425,37,992462
6634,992539,78,992617
6635,992629,37,992666
6636,992740,1,992741
6637,993106,22,993128
6638,993151,25,993176
6639,993191,205,993396
6640,993485,19,993504
6641,993518,46,993564
6642,993670,7,993677
6643,993838,119,993957
6644,994041,60,994101
6645,994336,36,994372
6646,994718,111,994829
6647,994979,130,995109
6648,995243,23,995266
6649,995688,110,995798
6650,995991,58,996049
6651,996128,28,996156
6652,996196,41,996237
6653,996309,21,996330
6654,996414,23,996437
6655,996476,39,996515
6656,996825,78,996903
6657,996933,8,996941
6658,996955,139,997094
6659,997235,9,997244
6660,997292,54,997346
6661,997369,60,997429
6662,997468,158,997626
6663,997828,19,997847
6664,997885,19,997904
6665,997993,10,998003
6666,998042,1,998043
6667,998260,4,998264
6668,998483,50,998533
6669,998629,143,998772
6670,998831,34,998865
6671,998896,75,998971
6672,999259,104,999363
6673,999391,41,999432
6674,999439,34,999473
6675,999577,27,999604
6676,999816,6,999822
6677,999873,7,999880
6678,1000020,44,1000064
6679,1000108,8,1000116
6680,1000190,13,1000203
6681,1000283,37,1000320
6682,1000328,25,1000353
6683,1000830,183,1001013
6684,1001073,11,1001084
6685,1001159,12,1001171
6686,1001197,5,1001202
6687,1001327,15,1001342
6688,1001394,11,1001405
6689,1001419,64,1001483
6690,1001711,24,1001735
6691,1001865,7,1001872
6692,1001936,49,1001985
6693,1002232,13,1002245
6694,1002270,38,1002308
6695,1002364,49,1002413
6696,1002555,42,1002597
6697,1002613,150,1002763
6698,1002975,53,1003028
6699,1003182,40,1003222
6700,1003232,117,1003349
6701,1003516,83,1003599
6702,1003726,57,1003783
6703,1003827,42,1003869
6704,1004007,6,1004013
6705,1004022,138,1004160
6706,1004246,16,1004262
6707,1004303,34,1004337
6708,1004392,2,1004394
6709,1004479,79,1004558
6710,1004662,99,1004761
6711,1004776,179,1004955
6712,1004962,93,1005055
6713,1005287,46,1005333
6714,1005365,133,1005498
6715,1005549,2,1005551
6716,1005579,57,1005636
6717,1006063,138,1006201
6718,1006355,64,1006419
6719,1006517,31,1006548
6720,1006676,46,1006722
6721,1006754,24,1006778
6722,1006881,114,1006995
6723,1007294,4,1007298
6724,1007539,13,1007552
6725,1007573,54,1007627
6726,1007851,147,1007998
6727,1008032,60,1008092
6728,1008223,133,1008356
6729,1008450,4,1008454
6730,1008484,1,1008485
6731,1008619,70,1008689
6732,1008770,116,1008886
6733,1008920,26,1008946
6734,1009068,110,1009178
6735,1009254,15,1009269
6736,1009331,50,1009381
6737,1009442,66,1009508
6738,1009721,41,1009762
6739,1009779,59,1009838
6740,1009839,27,1009866
6741,1009893,55,1009948
6742,1010005,11,1010016
6743,1010039,7,1010046
6744,1010083,72,1010155
6745,1010186,13,1010199
6746,1010311,152,1010463
6747,1010495,17,1010512
6748,1010657,34,1010691
6749,1010749,61,1010810
6750,1010850,59,1010909
6751,1010917,46,1010963
6752,1011000,24,1011024
6753,1011066,19,1011085
6754,1011252,54,1011306
6755,1011433,26,1011459
6756,1011814,6,1011820
6757,1012000,58,1012058
6758,1012128,157,1012285
6759,1012352,82,1012434
6760,1012522,65,1012587
6761,1012614,210,1012824
6762,1013025,12,1013037
6763,1013052,1,1013053
6764,1013252,24,1013276
6765,1013452,22,1013474
6766,1013677,24,1013701
6767,1013734,107,1013841
6768,1013926,7,1013933
6769,1013985,66,1014051
6770,1014073,54,1014127
6771,1014284,5,1014289
6772,1014322,26,1014348
6773,1014399,25,1014424
6774,1014454,20,1014474
6775,1014598,2,1014600
6776,1014660,187,1014847
6777,1014870,2,1014872
6778,1014920,18,1014938
6779,1014979,57,1015036
6780,1015070,26,1015096
6781,1015123,24,1015147
6782,1015215,5,1015220
6783,1015390,60,1015450
6784,1015695,302,1015997
6785,1016063,20,1016083
6786,1016168,37,1016205
6787,1016242,17,1016259
6788,1016288,40,1016328
6789,1016406,141,1016547
6790,1016702,97,1016799
6791,1016871,10,1016881
6792,1016882,5,1016887
6793,1016938,71,1017009
6794,1017029,5,1017034
6795,1017055,27,1017082
6796,1017172,19,1017191
6797,1017309,33,1017342
6798,1017412,1,1017413
6799,1017424,84,1017508
6800,1017601,6,1017607
6801,1017622,5,1017627
6802,1017663,89,1017752
6803,1017774,10,1017784
6804,1017976,103,1018079
6805,1018188,25,1018213
6806,1018246,7,1018253
6807,1018274,23,1018297
6808,1018323,50,1018373
6809,1018410,8,1018418
6810,1018486,32,1018518
6811,1018896,42,1018938
6812,1018989,36,1019025
6813,1019036,139,1019175
6814,1019331,6,1019337
6815,1019359,70,1019429
6816,1019464,16,1019480
6817,1019519,22,1019541
6818,1019591,49,1019640
6819,1019647,35,1019682
6820,1019735,63,1019798
6821,1019820,211,1020031
6822,1020142,106,1020248
6823,1020272,20,1020292
6824,1020666,17,1020683
6825,1020766,12,1020778
6826,1020827,50,1020877
6827,1021026,105,1021131
6828,1021249,58,1021307
6829,1021354,213,1021567
6830,1021914,54,1021968
6831,1022122,89,1022211
6832,1022279,29,1022308
6833,1022511,8,1022519
6834,1022822,85,1022907
6835,1022914,10,1022924
6836,1022930,22,1022952
6837,1022953,142,1023095
6838,1023220,54,1023274
6839,1023352,33,1023385
6840,1023693,110,1023803
6841,1023875,39,1023914
6842,1024037,9,1024046
6843,1024427,25,1024452
6844,1024598,85,1024683
6845,1024806,3,1024809
6846,1024840,4,1024844
6847,1024849,74,1024923
6848,1025030,2,1025032
6849,1025034,32,1025066
6850,1025526,38,1025564
6851,1025747,60,1025807
6852,1025881,60,1025941
6853,1026021,1,1026022
6854,1026072,14,1026086
6855,1026127,22,1026149
6856,1026152,87,1026239
6857,1026367,45,1026412
6858,1026446,82,1026528
6859,1026749,40,1026789
6860,1026992,10,1027002
6861,1027033,23,1027056
6862,1027145,8,1027153
6863,1027275,14,1027289
6864,1027308,57,1027365
6865,1027401,72,1027473
6866,1027599,173,1027772
6867,1027870,88,1027958
6868,1028668,2,1028670
6869,1028795,52,1028847
6870,1028862,16,1028878
6871,1029016,64,1029080
6872,1029106,104,1029210
6873,1029225,11,1029236
6874,1029260,28,1029288
6875,1029306,84,1029390
6876,1029418,9,1029427
6877,1029429,15,1029444
6878,1029463,29,1029492
6879,1029762,50,1029812
6880,1029866,16,1029882
6881,1029936,1,1029937
6882,1029990,59,1030049
6883,1030098,5,1030103
6884,1030121,27,1030148
6885,1030151,17,1030168
6886,1030272,85,1030357
6887,1030431,110,1030541
6888,1030601,101,1030702
6889,1030737,4,1030741
6890,1030957,26,1030983
6891,1031027,63,1031090
6892,1031230,15,1031245
6893,1031461,21,1031482
6894,1031559,161,1031720
6895,1031805,55,1031860
6896,1032321,119,1032440
6897,1032483,165,1032648
6898,1032691,99,1032790
6899,1032834,99,1032933
6900,1033004,23,1033027
6901,1033065,28,1033093
6902,1033145,44,1033189
6903,1033394,47,1033441
6904,1033486,8,1033494
6905,1033782,88,1033870
6906,1033875,119,1033994
6907,1033996,18,1034014
6908,1034045,32,1034077
6909,1034130,66,1034196
6910,1034227,30,1034257
6911,1034313,40,1034353
6912,1034471,33,1034504
6913,1034514,18,1034532
6914,1034578,42,1034620
6915,1034625,297,1034922
6916,1035056,17,1035073
6917,1035078,28,1035106
6918,1035278,72,1035350
6919,1035364,113,1035477
6920,1035496,41,1035537
6921,1035674,17,1035691
6922,1035726,104,1035830
6923,1036063,96,1036159
6924,1036202,55,1036257
6925,1036266,3,1036269
6926,1036280,41,1036321
6927,1036344,10,1036354
6928,1036362,67,1036429
6929,1036565,13,1036578
6930,1036861,63,1036924
6931,1036942,22,1036964
6932,1036965,38,1037003
6933,1037074,22,1037096
6934,1037109,18,1037127
6935,1037167,159,1037326
6936,1037338,67,1037405
6937,1037741,69,1037810
6938,1038035,65,1038100
6939,1038104,24,1038128
6940,1038174,29,1038203
6941,1038466,20,1038486
6942,1038557,42,1038599
6943,1038619,107,1038726
6944,1038805,51,1038856
6945,1038911,2,1038913
6946,1038970,26,1038996
6947,1039046,10,1039056
6948,1039063,40,1039103
6949,1039194,1,1039195
6950,1039235,149,1039384
6951,1039421,3,1039424
6952,1039487,105,1039592
6953,1039997,87,1040084
6954,1040255,37,1040292
6955,1040323,6,1040329
6956,1040569,12,1040581
6957,1040606,24,1040630
6958,1040684,21,1040705
6959,1040831,14,1040845
6960,1041021,103,1041124
6961,1041169,18,1041187
6962,1041193,8,1041201
6963,1041246,192,1041438
6964,1041474,49,1041523
6965,1041851,2,1041853
6966,1041868,8,1041876
6967,1042122,58,1042180
6968,1042407,35,1042442
6969,1042569,182,1042751
6970,1042902,49,1042951
6971,1042956,95,1043051
6972,1043309,28,1043337
6973,1043485,20,1043505
6974,1043866,23,1043889
6975,1044028,11,1044039
6976,1044097,7,1044104
6977,1044161,61,1044222
6978,1044354,36,1044390
6979,1044422,82,1044504
6980,1044628,45,1044673
6981,1044753,1,1044754
6982,1045197,6,1045203
6983,1045437,121,1045558
6984,1045580,32,1045612
6985,1045645,123,1045768
6986,1045839,11,1045850
6987,1046031,24,1046055
6988,1046132,15,1046147
6989,1046164,58,1046222
6990,1046290,68,1046358
6991,1046388,111,1046499
6992,1046638,2,1046640
6993,1046846,65,1046911
6994,1047003,34,1047037
6995,1047110,6,1047116
6996,1047212,34,1047246
6997,1047264,22,1047286
6998,1047317,9,1047326
6999,1047425,21,1047446
7000,1047485,243,1047728
7001,1047801,141,1047942
7002,1047973,7,1047980
7003,1048104,79,1048183
7004,1048223,172,1048395
7005,1048582,71,1048653
7006,1048893,136,1049029
7007,1049107,8,1049115
7008,1049197,66,1049263
7009,1049279,60,1049339
7010,1049458,19,1049477
7011,1049499,31,1049530
7012,1049616,85,1049701
7013,1049812,29,1049841
7014,1049848,68,1049916
7015,1050309,54,1050363
7016,1050504,18,1050522
7017,1050609,39,1050648
7018,1050690,31,1050721
7019,1050738,63,1050801
7020,1050852,45,1050897
7021,1050916,18,1050934
7022,1050970,1,1050971
7023,1051064,184,1051248
7024,1051305,16,1051321
7025,1051530,60,1051590
7026,1051621,41,1051662
7027,1051769,76,1051845
7028,1051989,2,1051991
7029,1052061,9,1052070
7030,1052094,2,1052096
7031,1052131,11,1052142
7032,1052356,36,1052392
7033,1052422,1,1052423
7034,1052654,29,1052683
7035,1052731,100,1052831
7036,1052925,228,1053153
7037,1053179,81,1053260
7038,1053271,139,1053410
7039,1053544,5,1053549
7040,1053573,17,1053590
7041,1053836,8,1053844
7042,1053911,51,1053962
7043,1054017,28,1054045
7044,1054103,9,1054112
7045,1054191,30,1054221
7046,1054381,85,1054466
7047,1054632,164,1054796
7048,1054842,177,1055019
7049,1055210,54,1055264
7050,1055311,38,1055349
7051,1055453,43,1055496
7052,1055611,41,1055652
7053,1055752,59,1055811
7054,1055989,127,1056116
7055,1056146,38,1056184
7056,1056260,2,1056262
7057,1056495,15,1056510
7058,1056828,135,1056963
7059,1057204,32,1057236
7060,1057486,64,1057550
7061,1057840,41,1057881
7062,1057905,7,1057912
7063,1058024,97,1058121
7064,1058331,21,1058352
7065,1058386,74,1058460
7066,1058533,53,1058586
7067,1058622,14,1058636
7068,1058678,149,1058827
7069,1058859,41,1058900
7070,1059165,352,1059517
7071,1059634,129,1059763
7072,1059854,149,1060003
7073,1060156,50,1060206
7074,1060252,11,1060263
7075,1060301,8,1060309
7076,1060311,18,1060329
7077,1060396,9,1060405
7078,1060417,53,1060470
7079,1060565,18,1060583
7080,1060825,16,1060841
7081,1060888,42,1060930
7082,1060996,47,1061043
7083,1061247,57,1061304
7084,1061404,37,1061441
7085,1061471,108,1061579
7086,1061609,19,1061628
7087,1061730,62,1061792
7088,1061841,74,1061915
7089,1061922,42,1061964
7090,1062122,65,1062187
7091,1062522,43,1062565
7092,1062619,63,1062682
7093,1062752,20,1062772
7094,1062782,24,1062806
7095,1063057,53,1063110
7096,1063314,42,1063356
7097,1063492,4,1063496
7098,1063544,95,1063639
7099,1063780,64,1063844
7100,1063846,99,1063945
7101,1064084,15,1064099
7102,1064126,57,1064183
7103,1064276,84,1064360
7104,1064381,85,1064466
7105,1064557,124,1064681
7106,1064804,48,1064852
7107,1064990,7,1064997
7108,1065131,13,1065144
7109,1065171,19,1065190
7110,1065267,25,1065292
7111,1065317,8,1065325
7112,1065361,101,1065462
7113,1065475,77,1065552
7114,1065622,221,1065843
7115,1066394,96,1066490
7116,1066736,39,1066775
7117,1066788,2,1066790
7118,1066865,35,1066900
7119,1067298,23,1067321
7120,1067377,38,1067415
7121,1067434,14,1067448
7122,1067467,54,1067521
7123,1067661,9,1067670
7124,1067740,9,1067749
7125,1067803,79,1067882
7126,1068122,87,1068209
7127,1068449,1,1068450
7128,1068572,72,1068644
7129,1068682,21,1068703
7130,1068713,17,1068730
7131,1068744,37,1068781
7132,1068849,26,1068875
7133,1068901,186,1069087
7134,1069165,77,1069242
7135,1069431,96,1069527
7136,1069866,125,1069991
7137,1070128,52,1070180
7138,1070194,34,1070228
7139,1070374,211,1070585
7140,1070824,23,1070847
7141,1070949,1,1070950
7142,1070986,100,1071086
7143,1071122,28,1071150
7144,1071222,137,1071359
7145,1071433,61,1071494
7146,1071580,20,1071600
7147,1071630,100,1071730
7148,1071906,74,1071980
7149,1071993,43,1072036
7150,1072071,8,1072079
7151,1072139,22,1072161
7152,1072175,24,1072199
7153,1072240,11,1072251
7154,1072314,88,1072402
7155,1072437,89,1072526
7156,1072549,25,1072574
7157,1072585,77,1072662
7158,1072867,15,1072882
7159,1072898,73,1072971
7160,1073188,30,1073218
7161,1073416,76,1073492
7162,1073566,3,1073569
7163,1073610,78,1073688
7164,1073725,27,1073752
7165,1073817,21,1073838
7166,1073871,13,1073884
7167,1073892,34,1073926
7168,1074093,165,1074258
7169,1074563,63,1074626
7170,1074742,5,1074747
7171,1074767,29,1074796
7172,1074810,88,1074898
7173,1074914,164,1075078
7174,1075212,19,1075231
7175,1075566,12,1075578
7176,1075592,57,1075649
7177,1075734,22,1075756
7178,1075764,34,1075798
7179,1075869,12,1075881
7180,1076172,34,1076206
7181,1076239,43,1076282
7182,1076369,4,1076373
7183,1076590,8,1076598
7184,1076811,26,1076837
7185,1076980,6,1076986
7186,1077001,78,1077079
7187,1077189,67,1077256
7188,1077380,27,1077407
7189,1077508,96,1077604
7190,1077700,107,1077807
7191,1078364,50,1078414
7192,1078454,63,1078517
7193,1079017,8,1079025
7194,1079066,138,1079204
7195,1079231,113,1079344
7196,1079397,6,1079403
7197,1079410,58,1079468
7198,1079752,30,1079782
7199,1079931,7,1079938
7200,1080018,2,1080020
7201,1080039,11,1080050
7202,1080142,55,1080197
7203,1080294,61,1080355
7204,1080372,274,1080646
7205,1080961,20,1080981
7206,1081231,90,1081321
7207,1081338,93,1081431
7208,1081501,5,1081506
7209,1081555,11,1081566
7210,1081569,9,1081578
7211,1081636,75,1081711
7212,1081763,4,1081767
7213,1081785,32,1081817
7214,1081853,88,1081941
7215,1081964,145,1082109
7216,1082149,3,1082152
7217,1082163,135,1082298
7218,1082526,14,1082540
7219,1082593,18,1082611
7220,1082682,77,1082759
7221,1082985,21,1083006
7222,1083020,79,1083099
7223,1083134,62,1083196
7224,1083380,69,1083449
7225,1083601,104,1083705
7226,1083709,6,1083715
7227,1083782,23,1083805
7228,1083817,4,1083821
7229,1083925,4,1083929
7230,1084121,7,1084128
7231,1084175,89,1084264
7232,1084528,63,1084591
7233,1084746,46,1084792
7234,1084798,23,1084821
7235,1085033,96,1085129
7236,1085192,61,1085253
7237,1085352,35,1085387
7238,1085450,78,1085528
7239,1085840,12,1085852
7240,1085865,4,1085869
7241,1086517,11,1086528
7242,1086641,1,1086642
7243,1086873,1,1086874
7244,1087026,15,1087041
7245,1087073,37,1087110
7246,1087121,67,1087188
7247,1087256,50,1087306
7248,1087480,94,1087574
7249,1087582,54,1087636
7250,1087865,24,1087889
7251,1088174,12,1088186
7252,1088253,207,1088460
7253,1088474,63,1088537
7254,1088547,45,1088592
7255,1088657,78,1088735
7256,1088763,5,1088768
7257,1088774,5,1088779
7258,1088949,6,1088955
7259,1089093,3,1089096
7260,1089204,17,1089221
7261,1089473,13,1089486
7262,1089543,88,1089631
7263,1089650,3,1089653
7264,1089810,35,1089845
7265,1089989,40,1090029
7266,1090182,72,1090254
7267,1090506,23,1090529
7268,1090761,24,1090785
7269,1091140,39,1091179
7270,1091265,194,1091459
7271,1091470,48,1091518
7272,1091620,52,1091672
7273,1091756,9,1091765
7274,1092166,40,1092206
7275,1092276,98,1092374
7276,1092569,30,1092599
7277,1092698,71,1092769
7278,1092772,33,1092805
7279,1092997,60,1093057
7280,1093128,16,1093144
7281,1093349,28,1093377
7282,1093749,6,1093755
7283,1093896,41,1093937
7284,1093964,57,1094021
7285,1094073,99,1094172
7286,1094188,56,1094244
7287,1094449,61,1094510
7288,1094723,112,1094835
7289,1094992,93,1095085
7290,1095146,61,1095207
7291,1095228,31,1095259
7292,1095633,53,1095686
7293,1095904,16,1095920
7294,1096150,4,1096154
7295,1096239,156,1096395
7296,1096397,15,1096412
7297,1096429,13,1096442
7298,1096510,4,1096514
7299,1096537,74,1096611
7300,1096661,23,1096684
7301,1096857,169,1097026
7302,1097088,11,1097099
7303,1097217,41,1097258
7304,1097303,50,1097353
7305,1097400,26,1097426
7306,1097427,26,1097453
7307,1097713,76,1097789
7308,1097835,68,1097903
7309,1097957,12,1097969
7310,1097990,60,1098050
7311,1098218,99,1098317
7312,1098365,37,1098402
7313,1098446,11,1098457
7314,1098464,57,1098521
7315,1098626,95,1098721
7316,1098724,20,1098744
7317,1098838,23,1098861
7318,1098939,67,1099006
7319,1099024,30,1099054
7320,1099127,32,1099159
7321,1099168,111,1099279
7322,1099334,23,1099357
7323,1099781,25,1099806
7324,1099845,44,1099889
7325,1099958,106,1100064
7326,1100100,10,1100110
7327,1100233,32,1100265
7328,1100284,136,1100420
7329,1100454,47,1100501
7330,1100641,26,1100667
7331,1100849,145,1100994
7332,1101051,7,1101058
7333,1101424,85,1101509
7334,1101659,16,1101675
7335,1101811,11,1101822
7336,1101838,45,1101883
7337,1101900,55,1101955
7338,1101979,18,1101997
7339,1102172,165,1102337
7340,1102543,35,1102578
7341,1102622,9,1102631
7342,1102699,15,1102714
7343,1102904,60,1102964
7344,1102986,29,1103015
7345,1103057,46,1103103
7346,1103235,106,1103341
7347,1103404,10,1103414
7348,1103709,15,1103724
7349,1103806,35,1103841
7350,1103849,6,1103855
7351,1103966,18,1103984
7352,1104064,2,1104066
7353,1104156,12,1104168
7354,1104189,62,1104251
7355,1104324,38,1104362
7356,1104602,62,1104664
7357,1104694,91,1104785
7358,1105103,34,1105137
7359,1105166,70,1105236
7360,1105274,13,1105287
7361,1105288,28,1105316
7362,1105323,6,1105329
7363,1105548,31,1105579
7364,1105805,64,1105869
7365,1105874,6,1105880
7366,1105888,37,1105925
7367,1105952,30,1105982
7368,1106034,13,1106047
7369,1106075,5,1106080
7370,1106271,18,1106289
7371,1106364,117,1106481
7372,1106500,14,1106514
7373,1106518,39,1106557
7374,1106748,157,1106905
7375,1106924,38,1106962
7376,1107064,42,1107106
7377,1107117,139,1107256
7378,1107316,44,1107360
7379,1107453,255,1107708
7380,1107874,34,1107908
7381,1107909,6,1107915
7382,1108153,85,1108238
7383,1108255,58,1108313
7384,1108459,48,1108507
7385,1108540,44,1108584
7386,1108618,85,1108703
7387,1108835,10,1108845
7388,1108849,50,1108899
7389,1108908,13,1108921
7390,1109004,13,1109017
7391,1109046,6,1109052
7392,1109078,79,1109157
7393,1109220,16,1109236
7394,1109250,45,1109295
7395,1109302,40,1109342
7396,1109718,73,1109791
7397,1109824,34,1109858
7398,1109926,39,1109965
7399,1109982,98,1110080
7400,1110189,12,1110201
7401,1110308,53,1110361
7402,1110362,103,1110465
7403,1110537,3,1110540
7404,1110544,36,1110580
7405,1110602,12,1110614
7406,1110646,183,1110829
7407,1110944,8,1110952
7408,1111055,38,1111093
7409,1111296,27,1111323
7410,1111533,28,1111561
7411,1112046,35,1112081
7412,1112085,214,1112299
7413,1112517,147,1112664
7414,1112901,57,1112958
7415,1113412,4,1113416
7416,1113424,22,1113446
7417,1113448,13,1113461
7418,1113466,26,1113492
7419,1113662,23,1113685
7420,1113985,24,1114009
7421,1114042,210,1114252
7422,1114317,16,1114333
7423,1114361,68,1114429
7424,1114692,7,1114699
7425,1114982,66,1115048
7426,1115172,8,1115180
7427,1115184,13,1115197
7428,1115260,36,1115296
7429,1115415,104,1115519
7430,1115529,160,1115689
7431,1115713,50,1115763
7432,1116008,56,1116064
7433,1116102,39,1116141
7434,1116241,131,1116372
7435,1116416,64,1116480
7436,1116671,6,1116677
7437,1116752,49,1116801
7438,1116833,11,1116844
7439,1116875,4,1116879
7440,1116925,10,1116935
7441,1117021,28,1117049
7442,1117077,96,1117173
7443,1117312,21,1117333
7444,1117375,80,1117455
7445,1117529,20,1117549
7446,1117556,26,1117582
7447,1117649,2,1117651
7448,1117674,4,1117678
7449,1117718,55,1117773
7450,1117776,34,1117810
7451,1117892,26,1117918
7452,1118098,39,1118137
7453,1118204,23,1118227
7454,1118318,4,1118322
7455,1118622,77,1118699
7456,1118778,21,1118799
7457,1118871,30,1118901
7458,1118921,64,1118985
7459,1119164,17,1119181
7460,1119269,9,1119278
7461,1119480,18,1119498
7462,1119499,2,1119501
7463,1119613,10,1119623
7464,1119704,23,1119727
7465,1119781,16,1119797
7466,1119836,34,1119870
7467,1120027,22,1120049
7468,1120121,113,1120234
7469,1120296,31,1120327
7470,1120538,20,1120558
7471,1120562,58,1120620
7472,1120807,28,1120835
7473,1120885,40,1120925
7474,1121008,4,1121012
7475,1121021,162,1121183
7476,1121219,3,1121222
7477,1121282,31,1121313
7478,1121347,118,1121465
7479,1121666,104,1121770
7480,1121900,43,1121943
7481,1122020,48,1122068
7482,1122151,51,1122202
7483,1122217,49,1122266
7484,1122533,46,1122579
7485,1122678,75,1122753
7486,1122798,43,1122841
7487,1122916,106,1123022
7488,1123202,75,1123277
7489,1123344,26,1123370
7490,1123690,40,1123730
7491,1123771,57,1123828
7492,1123860,130,1123990
7493,1124096,113,1124209
7494,1124223,40,1124263
7495,1124374,109,1124483
7496,1124661,39,1124700
7497,1124849,4,1124853
7498,1124895,115,1125010
7499,1125336,15,1125351
7500,1125527,4,1125531
7501,1125599,18,1125617
7502,1125683,69,1125752
7503,1125824,262,1126086
7504,1126115,17,1126132
7505,1126209,68,1126277
7506,1126414,28,1126442
7507,1126505,12,1126517
7508,1126636,91,1126727
7509,1126761,34,1126795
7510,1126862,46,1126908
7511,1126918,53,1126971
7512,1126991,36,1127027
7513,1127050,50,1127100
7514,1127234,156,1127390
7515,1127585,30,1127615
7516,1128045,20,1128065
7517,1128098,18,1128116
7518,1128122,31,1128153
7519,1128189,38,1128227
7520,1128259,10,1128269
7521,1128335,22,1128357
7522,1128384,16,1128400
7523,1128468,32,1128500
7524,1128571,75,1128646
7525,1128680,6,1128686
7526,1128750,4,1128754
7527,1129053,42,1129095
7528,1129114,20,1129134
7529,1129159,30,1129189
7530,1129278,16,1129294
7531,1129316,20,1129336
7532,1129430,39,1129469
7533,1129471,13,1129484
7534,1129538,121,1129659
7535,1129957,18,1129975
7536,1130030,10,1130040
7537,1130079,8,1130087
7538,1130114,7,1130121
7539,1130183,7,1130190
7540,1130325,12,1130337
7541,1130404,64,1130468
7542,1130499,54,1130553
7543,1130780,67,1130847
7544,1131081,2,1131083
7545,1131148,27,1131175
7546,1131182,28,1131210
7547,1131300,45,1131345
7548,1131355,24,1131379
7549,1131412,10,1131422
7550,1131636,13,1131649
7551,1131894,13,1131907
7552,1131934,48,1131982
7553,1132118,13,1132131
7554,1132214,43,1132257
7555,1132272,36,1132308
7556,1132352,21,1132373
7557,1132449,1,1132450
7558,1132558,17,1132575
7559,1132761,10,1132771
7560,1132850,13,1132863
7561,1132948,42,1132990
7562,1133011,8,1133019
7563,1133034,21,1133055
7564,1133280,45,1133325
7565,1133415,80,1133495
7566,1133546,5,1133551
7567,1133571,70,1133641
7568,1133879,44,1133923
7569,1134100,12,1134112
7570,1134551,16,1134567
7571,1134586,21,1134607
7572,1134703,19,1134722
7573,1134754,2,1134756
7574,1134812,44,1134856
7575,1135009,22,1135031
7576,1135237,120,1135357
7577,1135568,108,1135676
7578,1135731,14,1135745
7579,1135991,78,1136069
7580,1136147,51,1136198
7581,1136260,28,1136288
7582,1136588,73,1136661
7583,1136802,10,1136812
7584,1136847,5,1136852
7585,1136884,22,1136906
7586,1136978,1,1136979
7587,1136987,8,1136995
7588,1137021,9,1137030
7589,1137038,4,1137042
7590,1137111,56,1137167
7591,1137344,16,1137360
7592,1137397,49,1137446
7593,1137618,80,1137698
7594,1137855,26,1137881
7595,1137914,152,1138066
7596,1138080,182,1138262
7597,1138310,55,1138365
7598,1138395,106,1138501
7599,1138533,14,1138547
7600,1138555,117,1138672
7601,1138689,37,1138726
7602,1138731,110,1138841
7603,1138849,10,1138859
7604,1138901,35,1138936
7605,1139017,11,1139028
7606,1139051,66,1139117
7607,1139166,7,1139173
7608,1139190,4,1139194
7609,1139400,33,1139433
7610,1139514,46,1139560
7611,1139800,133,1139933
7612,1139964,93,1140057
7613,1140483,1,1140484
7614,1140495,29,1140524
7615,1140625,23,1140648
7616,1140845,74,1140919
7617,1140957,18,1140975
7618,1141112,19,1141131
7619,1141148,7,1141155
7620,1141312,10,1141322
7621,1141493,5,1141498
7622,1141607,5,1141612
7623,1141683,14,1141697
7624,1141810,38,1141848
7625,1142146,80,1142226
7626,1142280,21,1142301
7627,1142514,39,1142553
7628,1142582,1,1142583
7629,1142621,89,1142710
7630,1142740,31,1142771
7631,1143189,111,1143300
7632,1143395,1,1143396
7633,1143427,14,1143441
7634,1143488,85,1143573
7635,1143600,39,1143639
7636,1143693,63,1143756
7637,1143770,23,1143793
7638,1143819,104,1143923
7639,1144003,48,1144051
7640,1144333,3,1144336
7641,1144445,23,1144468
7642,1144529,10,1144539
7643,1144640,93,1144733
7644,1144817,84,1144901
7645,1144923,30,1144953
7646,1145013,11,1145024
7647,1145198,16,1145214
7648,1145393,13,1145406
7649,1145437,57,1145494
7650,1145503,36,1145539
7651,1145609,26,1145635
7652,1145812,42,1145854
7653,1145874,55,1145929
7654,1146007,64,1146071
7655,1146121,39,1146160
7656,1146272,63,1146335
7657,1146500,30,1146530
7658,1146534,148,1146682
7659,1146728,68,1146796
7660,1147030,33,1147063
7661,1147086,111,1147197
7662,1147321,6,1147327
7663,1147405,116,1147521
7664,1147603,22,1147625
7665,1147658,34,1147692
7666,1147918,8,1147926
7667,1148005,88,1148093
7668,1148149,58,1148207
7669,1148258,12,1148270
7670,1148311,15,1148326
7671,1148329,97,1148426
7672,1148674,64,1148738
7673,1148778,244,1149022
7674,1149326,37,1149363
7675,1149465,27,1149492
7676,1149733,3,1149736
7677,1149862,55,1149917
7678,1149929,97,1150026
7679,1150060,42,1150102
7680,1150495,169,1150664
7681,1151215,106,1151321
7682,1151387,1,1151388
7683,1151692,50,1151742
7684,1151826,16,1151842
7685,1152114,77,1152191
7686,1152328,138,1152466
7687,1152480,66,1152546
7688,1152601,136,1152737
7689,1152835,82,1152917
7690,1152956,34,1152990
7691,1153035,28,1153063
7692,1153071,45,1153116
7693,1153260,58,1153318
7694,1153343,71,1153414
7695,1153714,15,1153729
7696,1153990,11,1154001
7697,1154012,84,1154096
7698,1154168,12,1154180
7699,1154349,144,1154493
7700,1154607,25,1154632
7701,1155114,115,1155229
7702,1155335,38,1155373
7703,1155540,38,1155578
7704,1155604,104,1155708
7705,1155816,77,1155893
7706,1155903,145,1156048
7707,1156128,39,1156167
7708,1156215,7,1156222
7709,1156309,68,1156377
7710,1156426,5,1156431
7711,1156512,12,1156524
7712,1156537,32,1156569
7713,1156573,17,1156590
7714,1156593,157,1156750
7715,1156758,22,1156780
7716,1156998,18,1157016
7717,1157076,44,1157120
7718,1157426,76,1157502
7719,1157506,58,1157564
7720,1158042,25,1158067
7721,1158114,160,1158274
7722,1158299,57,1158356
7723,1158415,163,1158578
7724,1158703,40,1158743
7725,1158760,127,1158887
7726,1158972,45,1159017
7727,1159130,22,1159152
7728,1159240,58,1159298
7729,1159328,42,1159370
7730,1159776,153,1159929
7731,1160096,1,1160097
7732,1160130,43,1160173
7733,1160481,2,1160483
7734,1160497,30,1160527
7735,1160557,69,1160626
7736,1160779,25,1160804
7737,1161001,29,1161030
7738,1161045,47,1161092
7739,1161190,1,1161191
7740,1161257,1,1161258
7741,1161283,44,1161327
7742,1161379,89,1161468
7743,1161539,11,1161550
7744,1161614,45,1161659
7745,1161694,16,1161710
7746,1162013,11,1162024
7747,1162045,7,1162052
7748,1162107,82,1162189
7749,1162281,30,1162311
7750,1162480,5,1162485
7751,1162530,72,1162602
7752,1162631,32,1162663
7753,1162697,13,1162710
7754,1162881,15,1162896
7755,1163162,138,1163300
7756,1163442,62,1163504
7757,1163533,3,1163536
7758,1163540,268,1163808
7759,1164017,16,1164033
7760,1164070,7,1164077
7761,1164079,109,1164188
7762,1164223,40,1164263
7763,1164564,7,1164571
7764,1164586,55,1164641
7765,1164685,28,1164713
7766,1165137,34,1165171
7767,1165218,4,1165222
7768,1165292,33,1165325
7769,1165337,2,1165339
7770,1165445,229,1165674
7771,1165710,11,1165721
7772,1165738,20,1165758
7773,1165815,66,1165881
7774,1165902,168,1166070
7775,1166327,31,1166358
7776,1166375,32,1166407
7777,1166470,38,1166508
7778,1166527,17,1166544
7779,1166561,138,1166699
7780,1166731,57,1166788
7781,1166855,49,1166904
7782,1166993,5,1166998
7783,1167035,35,1167070
7784,1167099,61,1167160
7785,1167234,69,1167303
7786,1167376,6,1167382
7787,1167446,160,1167606
7788,1167684,2,1167686
7789,1168133,58,1168191
7790,1168450,20,1168470
7791,1168611,34,1168645
7792,1168666,13,1168679
7793,1168760,71,1168831
7794,1169043,36,1169079
7795,1169138,56,1169194
7796,1169252,8,1169260
7797,1169263,25,1169288
7798,1169291,37,1169328
7799,1169380,90,1169470
7800,1169487,62,1169549
7801,1169555,117,1169672
7802,1169828,55,1169883
7803,1170094,2,1170096
7804,1170220,26,1170246
7805,1170313,54,1170367
7806,1170409,42,1170451
7807,1170476,64,1170540
7808,1170551,108,1170659
7809,1170975,22,1170997
7810,1171054,15,1171069
7811,1171083,55,1171138
7812,1171266,7,1171273
7813,1171300,9,1171309
7814,1171342,43,1171385
7815,1171470,2,1171472
7816,1171482,18,1171500
7817,1171523,107,1171630
7818,1171689,1,1171690
7819,1171727,54,1171781
7820,1172190,1,1172191
7821,1172525,18,1172543
7822,1172748,5,1172753
7823,1172811,5,1172816
7824,1172822,9,1172831
7825,1172879,450,1173329
7826,1173340,49,1173389
7827,1173445,38,1173483
7828,1173524,38,1173562
7829,1173654,14,1173668
7830,1173728,105,1173833
7831,1173902,35,1173937
7832,1173952,11,1173963
7833,1174090,119,1174209
7834,1174364,191,1174555
7835,1174752,8,1174760
7836,1174786,48,1174834
7837,1174929,31,1174960
7838,1175003,75,1175078
7839,1175131,28,1175159
7840,1175243,69,1175312
7841,1175321,65,1175386
7842,1175429,111,1175540
7843,1175550,15,1175565
7844,1175683,91,1175774
7845,1175901,11,1175912
7846,1175964,74,1176038
7847,1176065,2,1176067
7848,1176116,11,1176127
7849,1176153,23,1176176
7850,1176193,15,1176208
7851,1176321,13,1176334
7852,1176339,35,1176374
7853,1176466,24,1176490
7854,1176521,18,1176539
7855,1176540,64,1176604
7856,1176663,3,1176666
7857,1176709,14,1176723
7858,1176773,11,1176784
7859,1176857,93,1176950
7860,1177254,150,1177404
7861,1177420,16,1177436
7862,1177456,27,1177483
7863,1177662,4,1177666
7864,1177718,69,1177787
7865,1177832,10,1177842
7866,1177887,2,1177889
7867,1177891,47,1177938
7868,1177959,292,1178251
7869,1178571,20,1178591
7870,1178623,49,1178672
7871,1178811,56,1178867
7872,1178922,68,1178990
7873,1179140,25,1179165
7874,1179184,23,1179207
7875,1179260,3,1179263
7876,1179344,64,1179408
7877,1179420,100,1179520
7878,1179560,72,1179632
7879,1179693,33,1179726
7880,1179762,42,1179804
7881,1179881,76,1179957
7882,1179960,75,1180035
7883,1180269,113,1180382
7884,1180400,31,1180431
7885,1180619,43,1180662
7886,1180818,64,1180882
7887,1181005,20,1181025
7888,1181068,9,1181077
7889,1181213,43,1181256
7890,1181380,209,1181589
7891,1181814,25,1181839
7892,1181840,84,1181924
7893,1182008,59,1182067
7894,1182153,73,1182226
7895,1182290,73,1182363
7896,1182523,1,1182524
7897,1182720,18,1182738
7898,1182750,31,1182781
7899,1182797,8,1182805
7900,1182875,38,1182913
7901,1183116,69,1183185
7902,1183391,104,1183495
7903,1183577,56,1183633
7904,1183636,233,1183869
7905,1183901,3,1183904
7906,1183988,35,1184023
7907,1184045,101,1184146
7908,1184235,30,1184265
7909,1184283,2,1184285
7910,1184385,55,1184440
7911,1184445,81,1184526
7912,1184567,29,1184596
7913,1184715,19,1184734
7914,1184819,153,1184972
7915,1185039,6,1185045
7916,1185169,21,1185190
7917,1185216,10,1185226
7918,1185235,23,1185258
7919,1185346,76,1185422
7920,1185481,7,1185488
7921,1185581,7,1185588
7922,1185590,56,1185646
7923,1186059,9,1186068
7924,1186217,89,1186306
7925,1186422,15,1186437
7926,1186582,3,1186585
7927,1186631,9,1186640
7928,1186705,58,1186763
7929,1186846,81,1186927
7930,1187232,3,1187235
7931,1187263,25,1187288
7932,1187353,9,1187362
7933,1187737,23,1187760
7934,1188014,71,1188085
7935,1188316,47,1188363
7936,1188429,28,1188457
7937,1188602,66,1188668
7938,1188726,101,1188827
7939,1188842,69,1188911
7940,1189164,119,1189283
7941,1189290,22,1189312
7942,1189471,29,1189500
7943,1189601,65,1189666
7944,1189739,59,1189798
7945,1189862,52,1189914
7946,1189934,29,1189963
7947,1190013,10,1190023
7948,1190204,11,1190215
7949,1190240,196,1190436
7950,1190505,80,1190585
7951,1190691,61,1190752
7952,1190779,39,1190818
7953,1190851,109,1190960
7954,1191034,92,1191126
7955,1191269,20,1191289
7956,1191434,93,1191527
7957,1191580,202,1191782
7958,1192008,39,1192047
7959,1192091,151,1192242
7960,1192339,37,1192376
7961,1192529,133,1192662
7962,1192665,194,1192859
7963,1192912,39,1192951
7964,1193038,157,1193195
7965,1193205,81,1193286
7966,1193297,18,1193315
7967,1193364,64,1193428
7968,1193494,45,1193539
7969,1193565,46,1193611
7970,1193613,22,1193635
7971,1193801,64,1193865
7972,1193917,11,1193928
7973,1194052,26,1194078
7974,1194144,5,1194149
7975,1194190,33,1194223
7976,1194286,13,1194299
7977,1194307,184,1194491
7978,1194518,53,1194571
7979,1194626,59,1194685
7980,1195032,51,1195083
7981,1195121,136,1195257
7982,1195315,40,1195355
7983,1195467,14,1195481
7984,1195518,94,1195612
7985,1195627,40,1195667
7986,1195670,10,1195680
7987,1195860,69,1195929
7988,1196001,61,1196062
7989,1196219,124,1196343
7990,1196459,4,1196463
7991,1196641,1,1196642
7992,1196777,53,1196830
7993,1196903,67,1196970
7994,1197143,2,1197145
7995,1197237,59,1197296
7996,1197518,32,1197550
7997,1197694,18,1197712
7998,1197878,45,1197923
7999,1198043,58,1198101
8000,1198518,119,1198637
8001,1198770,1,1198771
8002,1198934,2,1198936
8003,1198958,56,1199014
8004,1199059,36,1199095
8005,1199327,35,1199362
8006,1199396,11,1199407
8007,1199484,23,1199507
8008,1199627,11,1199638
8009,1199692,132,1199824
8010,1199849,52,1199901
8011,1200040,349,1200389
8012,1200448,38,1200486
8013,1200511,72,1200583
8014,1200965,15,1200980
8015,1201086,25,1201111
8016,1201450,57,1201507
8017,1201569,11,1201580
8018,1201646,19,1201665
8019,1201716,48,1201764
8020,1201798,25,1201823
8021,1201854,5,1201859
8022,1201874,9,1201883
8023,1201919,16,1201935
8024,1202129,12,1202141
8025,1202180,48,1202228
8026,1202234,91,1202325
8027,1202330,52,1202382
8028,1202412,1,1202413
8029,1202615,2,1202617
8030,1202674,21,1202695
8031,1202723,40,1202763
8032,1202768,147,1202915
8033,1202970,6,1202976
8034,1203010,56,1203066
8035,1203081,5,1203086
8036,1203165,15,1203180
8037,1203212,33,1203245
8038,1203299,32,1203331
8039,1203364,10,1203374
8040,1203556,118,1203674
8041,1203689,138,1203827
8042,1203846,16,1203862
8043,1203921,26,1203947
8044,1204103,10,1204113
8045,1204189,6,1204195
8046,1204397,76,1204473
8047,1204562,5,1204567
8048,1204656,170,1204826
8049,1204829,121,1204950
8050,1204986,16,1205002
8051,1205022,59,1205081
8052,1205111,86,1205197
8053,1205216,9,1205225
8054,1205277,56,1205333
8055,1205382,66,1205448
8056,1205969,14,1205983
8057,1206393,111,1206504
8058,1206555,49,1206604
8059,1206811,24,1206835
8060,1206886,36,1206922
8061,1207182,67,1207249
8062,1207382,57,1207439
8063,1207587,12,1207599
8064,1207642,34,1207676
8065,1207718,82,1207800
8066,1207806,27,1207833
8067,1207835,36,1207871
8068,1207971,129,1208100
8069,1208142,26,1208168
8070,1208250,8,1208258
8071,1208326,87,1208413
8072,1208445,180,1208625
8073,1208662,33,1208695
8074,1208712,45,1208757
8075,1208767,18,1208785
8076,1208886,4,1208890
8077,1209183,56,1209239
8078,1209249,23,1209272
8079,1209307,27,1209334
8080,1209342,45,1209387
8081,1209419,68,1209487
8082,1209538,17,1209555
8083,1209575,6,1209581
8084,1209774,59,1209833
8085,1209879,24,1209903
8086,1210035,34,1210069
8087,1210111,154,1210265
8088,1210372,60,1210432
8089,1211231,88,1211319
8090,1211325,180,1211505
8091,1211623,29,1211652
8092,1211758,9,1211767
8093,1211948,12,1211960
8094,1212154,221,1212375
8095,1212407,56,1212463
8096,1212485,33,1212518
8097,1212555,43,1212598
8098,1212643,21,1212664
8099,1212691,3,1212694
8100,1212925,2,1212927
8101,1212992,47,1213039
8102,1213086,79,1213165
8103,1213376,16,1213392
8104,1213530,45,1213575
8105,1213653,31,1213684
8106,1213689,25,1213714
8107,1213744,34,1213778
8108,1213801,36,1213837
8109,1213864,20,1213884
8110,1213896,54,1213950
8111,1214036,10,1214046
8112,1214104,36,1214140
8113,1214197,13,1214210
8114,1214458,39,1214497
8115,1214566,132,1214698
8116,1214765,22,1214787
8117,1214830,3,1214833
8118,1214844,32,1214876
8119,1214995,3,1214998
8120,1215068,57,1215125
8121,1215441,50,1215491
8122,1215524,28,1215552
8123,1215579,83,1215662
8124,1215685,1,1215686
8125,1216041,9,1216050
8126,1216077,86,1216163
8127,1216299,15,1216314
8128,1216337,4,1216341
8129,1216516,26,1216542
8130,1216568,87,1216655
8131,1216691,94,1216785
8132,1216881,110,1216991
8133,1217009,33,1217042
8134,1217057,4,1217061
8135,1217137,7,1217144
8136,1217360,1,1217361
8137,1217401,121,1217522
8138,1217542,100,1217642
8139,1217758,72,1217830
8140,1217857,17,1217874
8141,1218339,70,1218409
8142,1218541,30,1218571
8143,1218710,7,1218717
8144,1218789,8,1218797
8145,1218810,129,1218939
8146,1218959,4,1218963
8147,1219060,18,1219078
8148,1219181,328,1219509
8149,1219532,63,1219595
8150,1219773,47,1219820
8151,1219872,13,1219885
8152,1219899,6,1219905
8153,1220034,30,1220064
8154,1220183,35,1220218
8155,1220219,86,1220305
8156,1220365,51,1220416
8157,1220439,4,1220443
8158,1220852,73,1220925
8159,1221038,108,1221146
8160,1221191,32,1221223
8161,1221249,33,1221282
8162,1221310,39,1221349
8163,1221375,42,1221417
8164,1221452,51,1221503
8165,1221526,11,1221537
8166,1221677,180,1221857
8167,1221945,7,1221952
8168,1222004,56,1222060
8169,1222075,47,1222122
8170,1222217,36,1222253
8171,1222280,224,1222504
8172,1222601,155,1222756
8173,1222788,16,1222804
8174,1223032,59,1223091
8175,1223163,35,1223198
8176,1223227,19,1223246
8177,1223434,34,1223468
8178,1223689,6,1223695
8179,1223754,1,1223755
8180,1223826,31,1223857
8181,1224019,67,1224086
8182,1224185,47,1224232
8183,1224428,71,1224499
8184,1224544,5,1224549
8185,1224862,62,1224924
8186,1225051,46,1225097
8187,1225105,75,1225180
8188,1225181,22,1225203
8189,1225228,255,1225483
8190,1225624,21,1225645
8191,1225814,68,1225882
8192,1225907,96,1226003
8193,1226018,3,1226021
8194,1226165,78,1226243
8195,1226252,24,1226276
8196,1226288,87,1226375
8197,1226428,29,1226457
8198,1226590,38,1226628
8199,1226635,47,1226682
8200,1226713,77,1226790
8201,1226869,48,1226917
8202,1227324,125,1227449
8203,1227553,34,1227587
8204,1227659,25,1227684
8205,1227781,34,1227815
8206,1227884,24,1227908
8207,1228179,34,1228213
8208,1228250,125,1228375
8209,1228436,6,1228442
8210,1228494,34,1228528
8211,1228626,169,1228795
8212,1229185,51,1229236
8213,1229240,34,1229274
8214,1229347,33,1229380
8215,1229522,95,1229617
8216,1229639,18,1229657
8217,1229770,19,1229789
8218,1229795,259,1230054
8219,1230163,16,1230179
8220,1230355,6,1230361
8221,1230408,19,1230427
8222,1230429,17,1230446
8223,1230556,2,1230558
8224,1231026,31,1231057
8225,1231414,258,1231672
8226,1231713,108,1231821
8227,1231824,111,1231935
8228,1231940,148,1232088
8229,1232183,4,1232187
8230,1232194,7,1232201
8231,1232216,18,1232234
8232,1232460,11,1232471
8233,1232695,26,1232721
8234,1232836,73,1232909
8235,1233073,30,1233103
8236,1233237,4,1233241
8237,1233287,12,1233299
8238,1233357,74,1233431
8239,1233565,52,1233617
8240,1233729,12,1233741
8241,1233776,5,1233781
8242,1234021,101,1234122
8243,1234204,118,1234322
8244,1234398,11,1234409
8245,1234510,177,1234687
8246,1234713,28,1234741
8247,1234774,117,1234891
8248,1235053,48,1235101
8249,1235136,5,1235141
8250,1235313,39,1235352
8251,1235369,167,1235536
8252,1235783,59,1235842
8253,1235863,5,1235868
8254,1235905,35,1235940
8255,1236205,20,1236225
8256,1236429,14,1236443
8257,1236716,19,1236735
8258,1236770,15,1236785
8259,1236929,70,1236999
8260,1237082,69,1237151
8261,1237268,33,1237301
8262,1237370,6,1237376
8263,1237476,40,1237516
8264,1237567,155,1237722
8265,1237987,37,1238024
8266,1238087,33,1238120
8267,1238144,2,1238146
8268,1238358,39,1238397
8269,1238476,7,1238483
8270,1238504,21,1238525
8271,1238623,26,1238649
8272,1238650,38,1238688
8273,1238723,53,1238776
8274,1238941,2,1238943
8275,1239086,4,1239090
8276,1239276,23,1239299
8277,1239372,45,1239417
8278,1239427,29,1239456
8279,1239561,9,1239570
8280,1240002,51,1240053
8281,1240225,90,1240315
8282,1240484,89,1240573
8283,1240702,16,1240718
8284,1240798,48,1240846
8285,1240860,44,1240904
8286,1240995,3,1240998
8287,1241073,48,1241121
8288,1241138,31,1241169
8289,1241255,28,1241283
8290,1241512,26,1241538
8291,1241702,39,1241741
8292,1241771,14,1241785
8293,1241866,135,1242001
8294,1242106,1,1242107
8295,1242168,4,1242172
8296,1242186,157,1242343
8297,1242362,15,1242377
8298,1242436,1,1242437
8299,1242560,104,1242664
8300,1242824,163,1242987
8301,1243006,10,1243016
8302,1243156,9,1243165
8303,1243244,117,1243361
8304,1243441,6,1243447
8305,1243498,6,1243504
8306,1243579,6,1243585
8307,1243801,37,1243838
8308,1244029,16,1244045
8309,1244076,20,1244096
8310,1244115,7,1244122
8311,1244248,105,1244353
8312,1244374,49,1244423
8313,1244483,26,1244509
8314,1244512,26,1244538
8315,1244818,34,1244852
8316,1244934,100,1245034
8317,1245100,45,1245145
8318,1245167,74,1245241
8319,1245279,33,1245312
8320,1245422,124,1245546
8321,1245609,38,1245647
8322,1245733,88,1245821
8323,1245842,8,1245850
8324,1245879,10,1245889
8325,1246115,17,1246132
8326,1246135,199,1246334
8327,1246487,41,1246528
8328,1246586,55,1246641
8329,1246720,95,1246815
8330,1246873,35,1246908
8331,1246911,31,1246942
8332,1247128,92,1247220
8333,1247325,22,1247347
8334,1247423,10,1247433
8335,1247633,20,1247653
8336,1247845,6,1247851
8337,1247932,21,1247953
8338,1248018,178,1248196
8339,1248312,7,1248319
8340,1248350,16,1248366
8341,1248434,64,1248498
8342,1248634,8,1248642
8343,1248779,29,1248808
8344,1248994,1,1248995
8345,1249079,23,1249102
8346,1249283,32,1249315
8347,1249353,2,1249355
8348,1249658,11,1249669
8349,1249672,5,1249677
8350,1249787,37,1249824
8351,1249914,37,1249951
8352,1250104,30,1250134
8353,1250181,7,1250188
8354,1250222,30,1250252
8355,1250488,181,1250669
8356,1250751,1,1250752
8357,1250962,5,1250967
8358,1251053,83,1251136
8359,1251326,157,1251483
8360,1251628,12,1251640
8361,1251723,85,1251808
8362,1252094,14,1252108
8363,1252145,35,1252180
8364,1252250,92,1252342
8365,1252578,9,1252587
8366,1252664,2,1252666
8367,1252754,37,1252791
8368,1252868,15,1252883
8369,1252924,5,1252929
8370,1252951,6,1252957
8371,1252991,54,1253045
8372,1253064,53,1253117
8373,1253266,58,1253324
8374,1253343,4,1253347
8375,1253396,2,1253398
8376,1253405,9,1253414
8377,1253660,53,1253713
8378,1253775,78,1253853
8379,1253858,12,1253870
8380,1254273,98,1254371
8381,1254442,134,1254576
8382,1254616,9,1254625
8383,1254671,29,1254700
8384,1254716,7,1254723
8385,1254820,7,1254827
8386,1254938,6,1254944
8387,1255113,2,1255115
8388,1255249,19,1255268
8389,1255334,95,1255429
8390,1255548,79,1255627
8391,1255693,43,1255736
8392,1255778,37,1255815
8393,1255848,32,1255880
8394,1255930,41,1255971
8395,1256000,22,1256022
8396,1256023,38,1256061
8397,1256099,50,1256149
8398,1256152,4,1256156
8399,1256339,7,1256346
8400,1256430,165,1256595
8401,1256720,2,1256722
8402,1256939,12,1256951
8403,1257023,45,1257068
8404,1257370,167,1257537
8405,1257539,112,1257651
8406,1257721,139,1257860
8407,1257861,22,1257883
8408,1258020,27,1258047
8409,1258115,30,1258145
8410,1258367,145,1258512
8411,1258538,22,1258560
8412,1258599,9,1258608
8413,1258644,33,1258677
8414,1258781,5,1258786
8415,1258787,4,1258791
8416,1258912,7,1258919
8417,1259141,53,1259194
8418,1259221,119,1259340
8419,1259427,26,1259453
8420,1259509,91,1259600
8421,1259659,14,1259673
8422,1259778,17,1259795
8423,1259821,117,1259938
8424,1259960,77,1260037
8425,1260604,55,1260659
8426,1260680,51,1260731
8427,1260812,38,1260850
8428,1260937,32,1260969
8429,1261238,74,1261312
8430,1261565,32,1261597
8431,1261709,1,1261710
8432,1261722,177,1261899
8433,1261987,21,1262008
8434,1262205,11,1262216
8435,1262376,26,1262402
8436,1262423,8,1262431
8437,1262643,173,1262816
8438,1262850,21,1262871
8439,1262900,21,1262921
8440,1263025,25,1263050
8441,1263086,64,1263150
8442,1263158,6,1263164
8443,1263432,108,1263540
8444,1263703,56,1263759
8445,1263778,51,1263829
8446,1263979,59,1264038
8447,1264153,21,1264174
8448,1264204,34,1264238
8449,1264458,96,1264554
8450,1264690,75,1264765
8451,1264781,15,1264796
8452,1264888,20,1264908
8453,1265030,23,1265053
8454,1265095,42,1265137
8455,1265155,8,1265163
8456,1265715,14,1265729
8457,1265834,95,1265929
8458,1266137,38,1266175
8459,1266306,97,1266403
8460,1266542,135,1266677
8461,1266731,143,1266874
8462,1266914,44,1266958
8463,1266968,19,1266987
8464,1267063,25,1267088
8465,1267231,36,1267267
8466,1267285,24,1267309
8467,1267414,50,1267464
8468,1267744,94,1267838
8469,1268059,26,1268085
8470,1268110,3,1268113
8471,1268344,63,1268407
8472,1268423,3,1268426
8473,1268447,87,1268534
8474,1268539,153,1268692
8475,1268802,29,1268831
8476,1268920,91,1269011
8477,1269160,40,1269200
8478,1269204,95,1269299
8479,1269493,6,1269499
8480,1269565,15,1269580
8481,1269596,123,1269719
8482,1269947,137,1270084
8483,1270333,70,1270403
8484,1270432,18,1270450
8485,1270510,61,1270571
8486,1270636,43,1270679
8487,1270687,4,1270691
8488,1270787,29,1270816
8489,1270938,25,1270963
8490,1271104,43,1271147
8491,1271564,17,1271581
8492,1271875,37,1271912
8493,1271967,4,1271971
8494,1272011,40,1272051
8495,1272327,12,1272339
8496,1272431,107,1272538
8497,1272552,44,1272596
8498,1272670,12,1272682
8499,1272766,28,1272794
8500,1272929,3,1272932
8501,1272988,43,1273031
8502,1273034,64,1273098
8503,1273175,23,1273198
8504,1273217,20,1273237
8505,1273275,46,1273321
8506,1273488,120,1273608
8507,1273710,21,1273731
8508,1273781,9,1273790
8509,1273849,37,1273886
8510,1274396,22,1274418
8511,1274477,73,1274550
8512,1274686,19,1274705
8513,1274775,116,1274891
8514,1274982,14,1274996
8515,1275136,33,1275169
8516,1275193,3,1275196
8517,1275246,14,1275260
8518,1275425,77,1275502
8519,1275687,46,1275733
8520,1275760,125,1275885
8521,1275939,16,1275955
8522,1276044,6,1276050
8523,1276158,13,1276171
8524,1276269,22,1276291
8525,1276428,13,1276441
8526,1276617,90,1276707
8527,1276753,185,1276938
8528,1277077,14,1277091
8529,1277092,53,1277145
8530,1277166,12,1277178
8531,1277237,62,1277299
8532,1277302,16,1277318
8533,1277544,36,1277580
8534,1278020,37,1278057
8535,1278490,1,1278491
8536,1278512,22,1278534
8537,1278626,111,1278737
8538,1278758,88,1278846
8539,1278924,18,1278942
8540,1278969,16,1278985
8541,1279185,99,1279284
8542,1279322,5,1279327
8543,1279501,47,1279548
8544,1279596,65,1279661
8545,1279837,193,1280030
8546,1280069,146,1280215
8547,1280222,4,1280226
8548,1280331,58,1280389
8549,1280402,28,1280430
8550,1280668,14,1280682
8551,1280725,10,1280735
8552,1280829,21,1280850
8553,1280994,18,1281012
8554,1281075,30,1281105
8555,1281106,97,1281203
8556,1281253,120,1281373
8557,1281640,5,1281645
8558,1281673,56,1281729
8559,1281879,26,1281905
8560,1281920,94,1282014
8561,1282029,79,1282108
8562,1282171,38,1282209
8563,1282306,53,1282359
8564,1282495,45,1282540
8565,1282565,4,1282569
8566,1282606,9,1282615
8567,1282654,57,1282711
8568,1282783,10,1282793
8569,1282819,6,1282825
8570,1282942,76,1283018
8571,1283075,1,1283076
8572,1283078,26,1283104
8573,1283113,28,1283141
8574,1283495,42,1283537
8575,1283572,17,1283589
8576,1283617,67,1283684
8577,1283810,34,1283844
8578,1283865,25,1283890
8579,1283963,6,1283969
8580,1284070,28,1284098
8581,1284391,27,1284418
8582,1284419,19,1284438
8583,1284449,20,1284469
8584,1284491,2,1284493
8585,1284529,111,1284640
8586,1284659,1,1284660
8587,1284682,58,1284740
8588,1285306,63,1285369
8589,1285438,101,1285539
8590,1285672,334,1286006
8591,1286039,18,1286057
8592,1286084,28,1286112
8593,1286250,14,1286264
8594,1286267,128,1286395
8595,1286422,26,1286448
8596,1286550,2,1286552
8597,1286632,24,1286656
8598,1286765,10,1286775
8599,1286988,59,1287047
8600,1287124,58,1287182
8601,1287316,33,1287349
8602,1287644,15,1287659
8603,1287763,7,1287770
8604,1287779,61,1287840
8605,1287843,6,1287849
8606,1288055,76,1288131
8607,1288250,105,1288355
8608,1288461,82,1288543
8609,1288674,62,1288736
8610,1288783,31,1288814
8611,1288938,154,1289092
8612,1289156,19,1289175
8613,1289418,77,1289495
8614,1289708,44,1289752
8615,1289864,59,1289923
8616,1290035,12,1290047
8617,1290100,38,1290138
8618,1290156,10,1290166
8619,1290212,3,1290215
8620,1290338,45,1290383
8621,1290434,103,1290537
8622,1290567,72,1290639
8623,1290680,39,1290719
8624,1290780,16,1290796
8625,1290865,8,1290873
8626,1290902,45,1290947
8627,1291033,158,1291191
8628,1291200,24,1291224
8629,1291257,2,1291259
8630,1291298,139,1291437
8631,1291721,4,1291725
8632,1291866,16,1291882
8633,1292066,61,1292127
8634,1292496,42,1292538
8635,1292544,14,1292558
8636,1292743,65,1292808
8637,1292891,14,1292905
8638,1293032,19,1293051
8639,1293204,52,1293256
8640,1293571,8,1293579
8641,1293681,6,1293687
8642,1293720,2,1293722
8643,1293778,11,1293789
8644,1293791,6,1293797
8645,1294012,30,1294042
8646,1294157,69,1294226
8647,1294552,140,1294692
8648,1294785,225,1295010
8649,1295139,111,1295250
8650,1295317,28,1295345
8651,1295459,226,1295685
8652,1295768,23,1295791
8653,1295798,56,1295854
8654,1296050,5,1296055
8655,1296093,79,1296172
8656,1296173,147,1296320
8657,1296444,1,1296445
8658,1296480,59,1296539
8659,1296630,28,1296658
8660,1296782,12,1296794
8661,1296808,81,1296889
8662,1296975,87,1297062
8663,1297136,12,1297148
8664,1297285,18,1297303
8665,1297307,70,1297377
8666,1297404,57,1297461
8667,1297543,7,1297550
8668,1297644,63,1297707
8669,1297738,33,1297771
8670,1297789,39,1297828
8671,1297909,26,1297935
8672,1298029,32,1298061
8673,1298070,148,1298218
8674,1298245,120,1298365
8675,1298421,44,1298465
8676,1298540,47,1298587
8677,1298903,6,1298909
8678,1299290,207,1299497
8679,1299636,7,1299643
8680,1299762,70,1299832
8681,1299939,146,1300085
8682,1300146,2,1300148
8683,1300268,1,1300269
8684,1300446,145,1300591
8685,1300911,20,1300931
8686,1300948,9,1300957
8687,1301050,25,1301075
8688,1301128,11,1301139
8689,1301252,54,1301306
8690,1301426,82,1301508
8691,1301646,83,1301729
8692,1301789,2,1301791
8693,1301800,77,1301877
8694,1302115,37,1302152
8695,1302204,15,1302219
8696,1302420,109,1302529
8697,1302639,54,1302693
8698,1302775,13,1302788
8699,1302886,101,1302987
8700,1303046,9,1303055
8701,1303093,65,1303158
8702,1303247,7,1303254
8703,1303289,41,1303330
8704,1303359,2,1303361
8705,1303385,1,1303386
8706,1303614,152,1303766
8707,1303770,23,1303793
8708,1303913,20,1303933
8709,1304007,22,1304029
8710,1304088,76,1304164
8711,1304318,133,1304451
8712,1304461,110,1304571
8713,1304665,8,1304673
8714,1304676,54,1304730
8715,1304793,63,1304856
8716,1304892,8,1304900
8717,1304995,50,1305045
8718,1305172,73,1305245
8719,1305297,94,1305391
8720,1305404,14,1305418
8721,1305515,1,1305516
8722,1305571,16,1305587
8723,1305786,25,1305811
8724,1305843,74,1305917
8725,1305968,162,1306130
8726,1306197,10,1306207
8727,1306298,11,1306309
8728,1306358,52,1306410
8729,1306519,84,1306603
8730,1306892,102,1306994
8731,1307077,2,1307079
8732,1307214,81,1307295
8733,1307316,33,1307349
8734,1307437,58,1307495
8735,1307698,101,1307799
8736,1307968,35,1308003
8737,1308110,21,1308131
8738,1308192,45,1308237
8739,1308271,19,1308290
8740,1308445,40,1308485
8741,1308654,109,1308763
8742,1308828,17,1308845
8743,1309401,68,1309469
8744,1309488,118,1309606
8745,1309635,28,1309663
8746,1309892,14,1309906
8747,1309915,9,1309924
8748,1309996,23,1310019
8749,1310029,10,1310039
8750,1310408,37,1310445
8751,1310457,47,1310504
8752,1310674,13,1310687
8753,1311027,32,1311059
8754,1311130,42,1311172
8755,1311311,150,1311461
8756,1311558,9,1311567
8757,1311575,129,1311704
8758,1311930,15,1311945
8759,1312037,58,1312095
8760,1312100,49,1312149
8761,1312468,60,1312528
8762,1312530,11,1312541
8763,1312715,8,1312723
8764,1312749,7,1312756
8765,1312778,100,1312878
8766,1312908,11,1312919
8767,1312987,57,1313044
8768,1313141,87,1313228
8769,1313460,30,1313490
8770,1313600,92,1313692
8771,1313785,115,1313900
8772,1314109,173,1314282
8773,1314312,54,1314366
8774,1314510,7,1314517
8775,1314530,29,1314559
8776,1314569,31,1314600
8777,1314977,20,1314997
8778,1315013,139,1315152
8779,1315229,52,1315281
8780,1315382,61,1315443
8781,1315594,15,1315609
8782,1315621,38,1315659
8783,1315700,79,1315779
8784,1316181,137,1316318
8785,1316320,152,1316472
8786,1316957,64,1317021
8787,1317022,26,1317048
8788,1317172,75,1317247
8789,1317298,1,1317299
8790,1317467,162,1317629
8791,1317630,25,1317655
8792,1317821,34,1317855
8793,1317856,7,1317863
8794,1317893,15,1317908
8795,1318058,31,1318089
8796,1318352,24,1318376
8797,1318439,51,1318490
8798,1318699,72,1318771
8799,1318863,2,1318865
8800,1318952,251,1319203
8801,1319316,22,1319338
8802,1319374,48,1319422
8803,1319656,32,1319688
8804,1319738,19,1319757
8805,1319843,37,1319880
8806,1319889,13,1319902
8807,1320025,108,1320133
8808,1320134,2,1320136
8809,1320175,105,1320280
8810,1320305,21,1320326
8811,1320459,24,1320483
8812,1320561,120,1320681
8813,1321000,3,1321003
8814,1321038,58,1321096
8815,1321209,14,1321223
8816,1321267,63,1321330
8817,1321420,30,1321450
8818,1321689,60,1321749
8819,1321862,17,1321879
8820,1321941,64,1322005
8821,1322071,20,1322091
8822,1322100,199,1322299
8823,1322331,16,1322347
8824,1322479,7,1322486
8825,1322538,17,1322555
8826,1322728,51,1322779
8827,1322799,59,1322858
8828,1322909,1,1322910
8829,1323039,2,1323041
8830,1323094,5,1323099
8831,1323164,35,1323199
8832,1323220,5,1323225
8833,1323348,92,1323440
8834,1323454,72,1323526
8835,1323544,26,1323570
8836,1323640,143,1323783
8837,1323874,13,1323887
8838,1324027,94,1324121
8839,1324270,6,1324276
8840,1324318,10,1324328
8841,1324352,121,1324473
8842,1324589,98,1324687
8843,1324723,82,1324805
8844,1324985,61,1325046
8845,1325057,145,1325202
8846,1325377,11,1325388
8847,1325418,92,1325510
8848,1325716,169,1325885
8849,1326000,261,1326261
8850,1326309,18,1326327
8851,1326623,35,1326658
8852,1326836,6,1326842
8853,1326873,65,1326938
8854,1327164,6,1327170
8855,1327264,54,1327318
8856,1327363,108,1327471
8857,1327477,16,1327493
8858,1327628,98,1327726
8859,1328193,3,1328196
8860,1328377,38,1328415
8861,1328461,52,1328513
8862,1328519,39,1328558
8863,1328965,39,1329004
8864,1329014,36,1329050
8865,1329254,48,1329302
8866,1329599,71,1329670
8867,1329703,18,1329721
8868,1329775,25,1329800
8869,1329808,61,1329869
8870,1330229,191,1330420
8871,1330519,21,1330540
8872,1330599,55,1330654
8873,1330730,1,1330731
8874,1330757,17,1330774
8875,1330861,13,1330874
8876,1330882,61,1330943
8877,1331025,59,1331084
8878,1331160,6,1331166
8879,1331203,63,1331266
8880,1331272,39,1331311
8881,1331452,66,1331518
8882,1331604,26,1331630
8883,1331705,12,1331717
8884,1331780,57,1331837
8885,1331931,84,1332015
8886,1332035,3,1332038
8887,1332058,2,1332060
8888,1332063,12,1332075
8889,1332092,3,1332095
8890,1332185,48,1332233
8891,1332254,65,1332319
8892,1332418,158,1332576
8893,1332706,12,1332718
8894,1332785,41,1332826
8895,1332864,90,1332954
8896,1332981,49,1333030
8897,1333156,117,1333273
8898,1333399,25,1333424
8899,1333467,57,1333524
8900,1333536,30,1333566
8901,1333625,35,1333660
8902,1333728,36,1333764
8903,1333891,93,1333984
8904,1334372,108,1334480
8905,1334603,13,1334616
8906,1335023,73,1335096
8907,1335154,86,1335240
8908,1335519,104,1335623
8909,1335728,7,1335735
8910,1335857,21,1335878
8911,1336006,70,1336076
8912,1336134,42,1336176
8913,1336199,5,1336204
8914,1336217,8,1336225
8915,1336231,20,1336251
8916,1336442,30,1336472
8917,1336649,26,1336675
8918,1336736,55,1336791
8919,1336974,20,1336994
8920,1337031,27,1337058
8921,1337250,1,1337251
8922,1337339,6,1337345
8923,1337518,83,1337601
8924,1337642,120,1337762
8925,1337805,33,1337838
8926,1337848,53,1337901
8927,1338162,154,1338316
8928,1338321,127,1338448
8929,1338491,325,1338816
8930,1338869,77,1338946
8931,1339043,5,1339048
8932,1339083,1,1339084
8933,1339117,55,1339172
8934,1339302,9,1339311
8935,1339407,4,1339411
8936,1339438,61,1339499
8937,1339605,7,1339612
8938,1339667,49,1339716
8939,1339765,121,1339886
8940,1340268,46,1340314
8941,1340743,1,1340744
8942,1340819,214,1341033
8943,1341183,18,1341201
8944,1341251,200,1341451
8945,1341641,81,1341722
8946,1341789,76,1341865
8947,1341926,63,1341989
8948,1342034,131,1342165
8949,1342215,8,1342223
8950,1342409,15,1342424
8951,1342699,6,1342705
8952,1342798,82,1342880
8953,1342993,70,1343063
8954,1343352,46,1343398
8955,1343413,52,1343465
8956,1343554,5,1343559
8957,1343672,1,1343673
8958,1343720,32,1343752
8959,1343807,63,1343870
8960,1344064,36,1344100
8961,1344439,187,1344626
8962,1344671,5,1344676
8963,1344710,66,1344776
8964,1344962,7,1344969
8965,1344994,1,1344995
8966,1345035,96,1345131
8967,1345181,43,1345224
8968,1345276,98,1345374
8969,1345424,134,1345558
8970,1345687,2,1345689
8971,1345690,20,1345710
8972,1346105,30,1346135
8973,1346209,13,1346222
8974,1346253,2,1346255
8975,1346406,62,1346468
8976,1346552,67,1346619
8977,1346791,21,1346812
8978,1346870,36,1346906
8979,1346978,21,1346999
8980,1347017,41,1347058
8981,1347102,59,1347161
8982,1347228,49,1347277
8983,1347408,103,1347511
8984,1347640,175,1347815
8985,1347830,21,1347851
8986,1347930,2,1347932
8987,1347966,32,1347998
8988,1348203,45,1348248
8989,1348371,13,1348384
8990,1348448,53,1348501
8991,1348509,63,1348572
8992,1348617,123,1348740
8993,1348747,14,1348761
8994,1348876,17,1348893
8995,1348944,75,1349019
8996,1349054,118,1349172
8997,1349295,23,1349318
8998,1349336,57,1349393
8999,1349459,7,1349466
9000,1349577,144,1349721
9001,1349755,11,1349766
9002,1349893,115,1350008
9003,1350033,59,1350092
9004,1350193,16,1350209
9005,1350219,40,1350259
9006,1350262,54,1350316
9007,1350472,3,1350475
9008,1350478,22,1350500
9009,1350595,139,1350734
9010,1350753,97,1350850
9011,1350884,2,1350886
9012,1350963,85,1351048
9013,1351206,2,1351208
9014,1351222,61,1351283
9015,1351832,73,1351905
9016,1351908,7,1351915
9017,1351995,48,1352043
9018,1352201,25,1352226
9019,1352269,79,1352348
9020,1352467,143,1352610
9021,1352616,18,1352634
9022,1352670,106,1352776
9023,1352801,140,1352941
9024,1353123,29,1353152
9025,1353220,76,1353296
9026,1353318,129,1353447
9027,1353457,18,1353475
9028,1353517,2,1353519
9029,1353699,38,1353737
9030,1353803,67,1353870
9031,1354122,1,1354123
9032,1354124,212,1354336
9033,1354402,21,1354423
9034,1354443,59,1354502
9035,1354540,20,1354560
9036,1354755,32,1354787
9037,1354806,62,1354868
9038,1355096,129,1355225
9039,1355266,53,1355319
9040,1355328,4,1355332
9041,1355345,56,1355401
9042,1355457,6,1355463
9043,1355668,17,1355685
9044,1355715,32,1355747
9045,1355810,59,1355869
9046,1355870,114,1355984
9047,1356053,53,1356106
9048,1356131,154,1356285
9049,1356442,91,1356533
9050,1356608,101,1356709
9051,1356965,99,1357064
9052,1357270,53,1357323
9053,1357413,21,1357434
9054,1357582,98,1357680
9055,1357708,7,1357715
9056,1357992,25,1358017
9057,1358188,25,1358213
9058,1358281,10,1358291
9059,1358336,76,1358412
9060,1358784,62,1358846
9061,1358931,37,1358968
9062,1359048,18,1359066
9063,1359082,64,1359146
9064,1359450,30,1359480
9065,1359534,25,1359559
9066,1359696,6,1359702
9067,1359804,108,1359912
9068,1360093,90,1360183
9069,1360426,32,1360458
9070,1360678,6,1360684
9071,1360757,20,1360777
9072,1360842,15,1360857
9073,1360971,15,1360986
9074,1360990,27,1361017
9075,1361057,3,1361060
9076,1361170,73,1361243
9077,1361524,51,1361575
9078,1361633,20,1361653
9079,1361731,62,1361793
9080,1361823,16,1361839
9081,1361895,40,1361935
9082,1362224,8,1362232
9083,1362397,56,1362453
9084,1362474,12,1362486
9085,1362700,68,1362768
9086,1362797,111,1362908
9087,1362959,10,1362969
9088,1363027,37,1363064
9089,1363303,15,1363318
9090,1363389,1,1363390
9091,1363567,36,1363603
9092,1363760,17,1363777
9093,1363778,19,1363797
9094,1363888,144,1364032
9095,1364186,37,1364223
9096,1364229,20,1364249
9097,1364411,89,1364500
9098,1364882,45,1364927
9099,1365189,30,1365219
9100,1365267,6,1365273
9101,1365276,74,1365350
9102,1365354,3,1365357
9103,1365526,106,1365632
9104,1365722,171,1365893
9105,1365904,91,1365995
9106,1366116,20,1366136
9107,1366230,30,1366260
9108,1366276,177,1366453
9109,1366622,63,1366685
9110,1366688,46,1366734
9111,1366870,21,1366891
9112,1366950,2,1366952
9113,1367201,7,1367208
9114,1367459,8,1367467
9115,1367549,3,1367552
9116,1367683,7,1367690
9117,1367770,46,1367816
9118,1367938,14,1367952
9119,1368017,2,1368019
9120,1368474,5,1368479
9121,1368543,22,1368565
9122,1368863,23,1368886
9123,1369037,62,1369099
9124,1369503,109,1369612
9125,1369650,66,1369716
9126,1369784,37,1369821
9127,1369874,48,1369922
9128,1370016,69,1370085
9129,1370134,33,1370167
9130,1370245,60,1370305
9131,1370566,115,1370681
9132,1370757,31,1370788
9133,1370792,2,1370794
9134,1370874,8,1370882
9135,1370970,15,1370985
9136,1371039,122,1371161
9137,1371234,22,1371256
9138,1371295,125,1371420
9139,1371685,55,1371740
9140,1371866,75,1371941
9141,1371947,174,1372121
9142,1372212,1,1372213
9143,1372294,83,1372377
9144,1372405,93,1372498
9145,1372583,27,1372610
9146,1372677,19,1372696
9147,1372714,51,1372765
9148,1372771,78,1372849
9149,1372870,46,1372916
9150,1373224,64,1373288
9151,1373426,8,1373434
9152,1373496,223,1373719
9153,1373770,1,1373771
9154,1373813,27,1373840
9155,1373901,15,1373916
9156,1373927,39,1373966
9157,1373970,6,1373976
9158,1374078,4,1374082
9159,1374112,47,1374159
9160,1374167,83,1374250
9161,1374267,58,1374325
9162,1374436,9,1374445
9163,1374589,45,1374634
9164,1374653,93,1374746
9165,1374753,5,1374758
9166,1374844,17,1374861
9167,1374862,80,1374942
9168,1375084,5,1375089
9169,1375331,115,1375446
9170,1375757,23,1375780
9171,1375827,51,1375878
9172,1375970,98,1376068
9173,1376145,55,1376200
9174,1376223,20,1376243
9175,1376248,35,1376283
9176,1376537,12,1376549
9177,1376589,13,1376602
9178,1376639,35,1376674
9179,1376993,135,1377128
9180,1377371,13,1377384
9181,1377416,40,1377456
9182,1377630,120,1377750
9183,1377793,287,1378080
9184,1378457,22,1378479
9185,1378678,122,1378800
9186,1378847,43,1378890
9187,1379063,63,1379126
9188,1379257,11,1379268
9189,1379323,163,1379486
9190,1379714,17,1379731
9191,1379758,103,1379861
9192,1380201,35,1380236
9193,1380294,67,1380361
9194,1380611,171,1380782
9195,1380797,82,1380879
9196,1380911,28,1380939
9197,1381056,87,1381143
9198,1381316,5,1381321
9199,1381373,93,1381466
9200,1381758,131,1381889
9201,1381903,19,1381922
9202,1381936,11,1381947
9203,1382075,149,1382224
9204,1382358,44,1382402
9205,1382409,21,1382430
9206,1382661,5,1382666
9207,1382676,44,1382720
9208,1382819,1,1382820
9209,1382878,9,1382887
9210,1383391,35,1383426
9211,1383451,44,1383495
9212,1383766,5,1383771
9213,1383791,44,1383835
9214,1384048,203,1384251
9215,1384330,5,1384335
9216,1384472,24,1384496
9217,1384518,187,1384705
9218,1384788,49,1384837
9219,1384953,25,1384978
9220,1385081,17,1385098
9221,1385123,9,1385132
9222,1385193,41,1385234
9223,1385497,142,1385639
9224,1385841,82,1385923
9225,1386351,16,1386367
9226,1386372,15,1386387
9227,1386405,64,1386469
9228,1386528,69,1386597
9229,1386601,19,1386620
9230,1386634,12,1386646
9231,1386690,26,1386716
9232,1386878,44,1386922
9233,1387125,87,1387212
9234,1387524,138,1387662
9235,1387697,33,1387730
9236,1387746,15,1387761
9237,1387786,47,1387833
9238,1387906,118,1388024
9239,1388194,48,1388242
9240,1388256,49,1388305
9241,1388358,54,1388412
9242,1388471,22,1388493
9243,1388562,77,1388639
9244,1388650,112,1388762
9245,1388799,50,1388849
9246,1388898,2,1388900
9247,1388986,61,1389047
9248,1389126,11,1389137
9249,1389388,43,1389431
9250,1389522,114,1389636
9251,1389665,87,1389752
9252,1389832,93,1389925
9253,1390028,18,1390046
9254,1390084,47,1390131
9255,1390141,39,1390180
9256,1390332,4,1390336
9257,1390710,42,1390752
9258,1390982,46,1391028
9259,1391035,31,1391066
9260,1391097,34,1391131
9261,1391242,33,1391275
9262,1391373,35,1391408
9263,1391862,37,1391899
9264,1392242,26,1392268
9265,1392365,23,1392388
9266,1392415,1,1392416
9267,1392470,45,1392515
9268,1392573,121,1392694
9269,1392725,45,1392770
9270,1392861,110,1392971
9271,1393074,18,1393092
9272,1393267,61,1393328
9273,1393411,2,1393413
9274,1393421,129,1393550
9275,1393562,5,1393567
9276,1393623,85,1393708
9277,1393716,15,1393731
9278,1393796,2,1393798
9279,1393822,74,1393896
9280,1393933,7,1393940
9281,1393954,59,1394013
9282,1394111,34,1394145
9283,1394202,47,1394249
9284,1394267,58,1394325
9285,1394335,210,1394545
9286,1394601,7,1394608
9287,1394671,65,1394736
9288,1394904,30,1394934
9289,1395166,59,1395225
9290,1395368,44,1395412
9291,1395465,3,1395468
9292,1395477,39,1395516
9293,1395925,47,1395972
9294,1396022,7,1396029
9295,1396088,9,1396097
9296,1396214,14,1396228
9297,1396372,93,1396465
9298,1396507,30,1396537
9299,1396566,65,1396631
9300,1396634,12,1396646
9301,1396659,42,1396701
9302,1396781,17,1396798
9303,1396818,57,1396875
9304,1396937,62,1396999
9305,1397010,4,1397014
9306,1397027,100,1397127
9307,1397143,18,1397161
9308,1397244,17,1397261
9309,1397611,49,1397660
9310,1397756,29,1397785
9311,1397855,4,1397859
9312,1398124,11,1398135
9313,1398145,1,1398146
9314,1398225,63,1398288
9315,1398366,25,1398391
9316,1398479,22,1398501
9317,1398525,97,1398622
9318,1398757,72,1398829
9319,1398956,161,1399117
9320,1399187,77,1399264
9321,1399390,14,1399404
9322,1399411,53,1399464
9323,1399474,27,1399501
9324,1399514,43,1399557
9325,1399618,26,1399644
9326,1399743,225,1399968
9327,1400000,11,1400011
9328,1400396,19,1400415
9329,1400419,38,1400457
9330,1400494,112,1400606
9331,1400704,28,1400732
9332,1400840,3,1400843
9333,1400981,5,1400986
9334,1400988,29,1401017
9335,1401032,76,1401108
9336,1401190,36,1401226
9337,1401270,11,1401281
9338,1401545,44,1401589
9339,1401616,36,1401652
9340,1401685,45,1401730
9341,1402064,50,1402114
9342,1402120,17,1402137
9343,1402161,101,1402262
9344,1402332,24,1402356
9345,1402507,8,1402515
9346,1402592,9,1402601
9347,1402668,45,1402713
9348,1402844,1,1402845
9349,1402913,8,1402921
9350,1403004,20,1403024
9351,1403315,12,1403327
9352,1403529,35,1403564
9353,1403610,7,1403617
9354,1403805,80,1403885
9355,1404195,132,1404327
9356,1404340,73,1404413
9357,1404442,45,1404487
9358,1404758,21,1404779
9359,1404786,23,1404809
9360,1405050,25,1405075
9361,1405241,27,1405268
9362,1405270,40,1405310
9363,1405317,10,1405327
9364,1405419,102,1405521
9365,1405575,55,1405630
9366,1405642,18,1405660
9367,1405725,142,1405867
9368,1405884,33,1405917
9369,1405926,60,1405986
9370,1406037,111,1406148
9371,1406149,25,1406174
9372,1406183,75,1406258
9373,1406288,22,1406310
9374,1406321,13,1406334
9375,1406482,65,1406547
9376,1406838,1,1406839
9377,1406860,18,1406878
9378,1406922,75,1406997
9379,1407166,38,1407204
9380,1407228,11,1407239
9381,1407295,9,1407304
9382,1407307,114,1407421
9383,1407431,92,1407523
9384,1407799,36,1407835
9385,1407958,179,1408137
9386,1408188,110,1408298
9387,1408372,45,1408417
9388,1408472,27,1408499
9389,1408698,24,1408722
9390,1409104,13,1409117
9391,1409394,129,1409523
9392,1409649,152,1409801
9393,1409855,108,1409963
9394,1410015,53,1410068
9395,1410073,7,1410080
9396,1410084,2,1410086
9397,1410180,95,1410275
9398,1410368,39,1410407
9399,1410605,27,1410632
9400,1410794,39,1410833
9401,1410857,14,1410871
9402,1410887,89,1410976
9403,1411057,28,1411085
9404,1411204,57,1411261
9405,1411372,16,1411388
9406,1411525,20,1411545
9407,1411599,20,1411619
9408,1411796,24,1411820
9409,1411879,10,1411889
9410,1411974,115,1412089
9411,1412107,66,1412173
9412,1412194,35,1412229
9413,1412302,32,1412334
9414,1412364,74,1412438
9415,1412690,6,1412696
9416,1412753,17,1412770
9417,1412835,28,1412863
9418,1412888,95,1412983
9419,1412984,33,1413017
9420,1413361,11,1413372
9421,1413507,30,1413537
9422,1413596,29,1413625
9423,1413698,44,1413742
9424,1413802,93,1413895
9425,1413904,13,1413917
9426,1413931,17,1413948
9427,1414196,59,1414255
9428,1414277,18,1414295
9429,1414414,5,1414419
9430,1414557,10,1414567
9431,1414634,171,1414805
9432,1414821,4,1414825
9433,1414835,30,1414865
9434,1414896,113,1415009
9435,1415027,4,1415031
9436,1415138,13,1415151
9437,1415188,43,1415231
9438,1415243,14,1415257
9439,1415378,142,1415520
9440,1415533,29,1415562
9441,1415573,129,1415702
9442,1415731,50,1415781
9443,1415907,209,1416116
9444,1416556,42,1416598
9445,1416701,15,1416716
9446,1416756,47,1416803
9447,1416817,275,1417092
9448,1417125,54,1417179
9449,1417256,136,1417392
9450,1417480,22,1417502
9451,1417570,4,1417574
9452,1417768,110,1417878
9453,1417899,89,1417988
9454,1418134,13,1418147
9455,1418209,15,1418224
9456,1418376,16,1418392
9457,1418399,10,1418409
9458,1418547,76,1418623
9459,1418711,9,1418720
9460,1418941,22,1418963
9461,1418981,32,1419013
9462,1419054,12,1419066
9463,1419214,69,1419283
9464,1419418,172,1419590
9465,1419612,47,1419659
9466,1420064,20,1420084
9467,1420122,35,1420157
9468,1420235,38,1420273
9469,1420312,50,1420362
9470,1420469,20,1420489
9471,1420571,85,1420656
9472,1420741,28,1420769
9473,1420799,101,1420900
9474,1420964,173,1421137
9475,1421181,96,1421277
9476,1421324,71,1421395
9477,1421559,3,1421562
9478,1421661,52,1421713
9479,1421739,88,1421827
9480,1421860,48,1421908
9481,1422095,64,1422159
9482,1422430,51,1422481
9483,1422503,63,1422566
9484,1422693,19,1422712
9485,1422719,39,1422758
9486,1422850,13,1422863
9487,1423265,45,1423310
9488,1423334,7,1423341
9489,1423372,29,1423401
9490,1423582,35,1423617
9491,1423628,36,1423664
9492,1423677,13,1423690
9493,1423721,50,1423771
9494,1423842,40,1423882
9495,1423951,47,1423998
9496,1424035,4,1424039
9497,1424172,37,1424209
9498,1424407,1,1424408
9499,1424457,71,1424528
9500,1424593,47,1424640
9501,1424707,77,1424784
9502,1424846,6,1424852
9503,1425009,119,1425128
9504,1425202,10,1425212
9505,1425287,214,1425501
9506,1425586,13,1425599
9507,1425670,49,1425719
9508,1425973,24,1425997
9509,1426268,29,1426297
9510,1426342,3,1426345
9511,1426383,4,1426387
9512,1426482,30,1426512
9513,1426513,20,1426533
9514,1426553,51,1426604
9515,1426850,46,1426896
9516,1427104,47,1427151
9517,1427156,73,1427229
9518,1427264,59,1427323
9519,1427355,186,1427541
9520,1427577,79,1427656
9521,1427874,67,1427941
9522,1428156,1,1428157
9523,1428258,39,1428297
9524,1428656,24,1428680
9525,1428799,117,1428916
9526,1428924,8,1428932
9527,1428977,154,1429131
9528,1429140,36,1429176
9529,1429203,16,1429219
9530,1429307,150,1429457
9531,1429459,29,1429488
9532,1429806,9,1429815
9533,1429834,47,1429881
9534,1430229,49,1430278
9535,1430296,9,1430305
9536,1430605,169,1430774
9537,1430822,10,1430832
9538,1430902,46,1430948
9539,1430978,108,1431086
9540,1431189,153,1431342
9541,1431606,36,1431642
9542,1431713,51,1431764
9543,1431914,11,1431925
9544,1432066,27,1432093
9545,1432269,97,1432366
9546,1432417,39,1432456
9547,1432651,40,1432691
9548,1432704,147,1432851
9549,1432885,48,1432933
9550,1433060,135,1433195
9551,1433424,4,1433428
9552,1433555,6,1433561
9553,1433660,42,1433702
9554,1433705,4,1433709
9555,1433766,8,1433774
9556,1433786,10,1433796
9557,1433878,81,1433959
9558,1433965,117,1434082
9559,1434140,167,1434307
9560,1434328,4,1434332
9561,1434363,34,1434397
9562,1434444,44,1434488
9563,1434824,72,1434896
9564,1434909,38,1434947
9565,1434970,61,1435031
9566,1435045,155,1435200
9567,1435207,77,1435284
9568,1435316,22,1435338
9569,1435525,127,1435652
9570,1435708,122,1435830
9571,1435893,49,1435942
9572,1436096,1,1436097
9573,1436215,54,1436269
9574,1436440,6,1436446
9575,1436477,124,1436601
9576,1436615,30,1436645
9577,1436809,30,1436839
9578,1436909,19,1436928
9579,1436977,3,1436980
9580,1437090,66,1437156
9581,1437200,4,1437204
9582,1437330,25,1437355
9583,1437548,29,1437577
9584,1437697,45,1437742
9585,1437834,45,1437879
9586,1437923,100,1438023
9587,1438154,53,1438207
9588,1438307,20,1438327
9589,1438435,1,1438436
9590,1438449,20,1438469
9591,1438492,36,1438528
9592,1438565,13,1438578
9593,1438621,64,1438685
9594,1438782,27,1438809
9595,1438814,103,1438917
9596,1438980,2,1438982
9597,1439041,5,1439046
9598,1439300,75,1439375
9599,1439427,14,1439441
9600,1439495,17,1439512
9601,1439529,30,1439559
9602,1439580,187,1439767
9603,1439874,42,1439916
9604,1439918,2,1439920
9605,1440043,53,1440096
9606,1440179,17,1440196
9607,1440476,71,1440547
9608,1440563,6,1440569
9609,1440718,17,1440735
9610,1440767,237,1441004
9611,1441278,87,1441365
9612,1441415,86,1441501
9613,1441627,30,1441657
9614,1441922,3,1441925
9615,1442259,35,1442294
9616,1442371,55,1442426
9617,1442437,96,1442533
9618,1442553,3,1442556
9619,1442762,6,1442768
9620,1442769,18,1442787
9621,1442816,1,1442817
9622,1442894,42,1442936
9623,1442966,4,1442970
9624,1443001,61,1443062
9625,1443285,39,1443324
9626,1443361,7,1443368
9627,1443411,11,1443422
9628,1443714,2,1443716
9629,1443812,59,1443871
9630,1443881,4,1443885
9631,1444164,34,1444198
9632,1444506,8,1444514
9633,1444543,7,1444550
9634,1444565,96,1444661
9635,1444722,5,1444727
9636,1444816,74,1444890
9637,1444935,34,1444969
9638,1445009,100,1445109
9639,1445124,10,1445134
9640,1445159,8,1445167
9641,1445278,12,1445290
9642,1445582,44,1445626
9643,1446073,19,1446092
9644,1446203,147,1446350
9645,1446389,13,1446402
9646,1446512,53,1446565
9647,1446628,7,1446635
9648,1446689,8,1446697
9649,1446732,7,1446739
9650,1446798,123,1446921
9651,1447058,95,1447153
9652,1447363,18,1447381
9653,1447401,2,1447403
9654,1447456,36,1447492
9655,1447566,66,1447632
9656,1447688,28,1447716
9657,1447979,52,1448031
9658,1448158,4,1448162
9659,1448183,3,1448186
9660,1448210,65,1448275
9661,1448323,3,1448326
9662,1448372,26,1448398
9663,1448427,59,1448486
9664,1448638,16,1448654
9665,1448796,69,1448865
9666,1448878,32,1448910
9667,1449018,208,1449226
9668,1449294,235,1449529
9669,1449576,18,1449594
9670,1449600,19,1449619
9671,1449682,5,1449687
9672,1449692,16,1449708
9673,1449805,174,1449979
9674,1449988,38,1450026
9675,1450045,6,1450051
9676,1450075,2,1450077
9677,1450108,60,1450168
9678,1450235,59,1450294
9679,1450353,84,1450437
9680,1450562,73,1450635
9681,1450729,17,1450746
9682,1450769,96,1450865
9683,1450929,36,1450965
9684,1451007,55,1451062
9685,1451210,39,1451249
9686,1451374,38,1451412
9687,1451432,44,1451476
9688,1451682,98,1451780
9689,1452040,140,1452180
9690,1452208,106,1452314
9691,1452399,34,1452433
9692,1452649,21,1452670
9693,1452779,86,1452865
9694,1452878,57,1452935
9695,1452987,10,1452997
9696,1453004,12,1453016
9697,1453022,105,1453127
9698,1453245,48,1453293
9699,1453302,11,1453313
9700,1453468,10,1453478
9701,1453542,60,1453602
9702,1453719,29,1453748
9703,1453838,24,1453862
9704,1453914,95,1454009
9705,1454168,6,1454174
9706,1454259,57,1454316
9707,1454509,8,1454517
9708,1454519,19,1454538
9709,1454723,3,1454726
9710,1454905,6,1454911
9711,1454955,17,1454972
9712,1455130,39,1455169
9713,1455220,15,1455235
9714,1455294,5,1455299
9715,1455599,23,1455622
9716,1455828,36,1455864
9717,1455964,40,1456004
9718,1456130,13,1456143
9719,1456155,16,1456171
9720,1456261,162,1456423
9721,1456492,8,1456500
9722,1456580,92,1456672
9723,1456703,52,1456755
9724,1456929,11,1456940
9725,1456958,90,1457048
9726,1457339,124,1457463
9727,1457598,60,1457658
9728,1457700,11,1457711
9729,1457719,89,1457808
9730,1458081,35,1458116
9731,1458208,79,1458287
9732,1458348,5,1458353
9733,1458372,3,1458375
9734,1458482,60,1458542
9735,1458675,9,1458684
9736,1458685,60,1458745
9737,1458779,3,1458782
9738,1458875,142,1459017
9739,1459219,14,1459233
9740,1459367,62,1459429
9741,1459558,18,1459576
9742,1459584,112,1459696
9743,1459724,136,1459860
9744,1460149,13,1460162
9745,1460276,43,1460319
9746,1460321,7,1460328
9747,1460651,167,1460818
9748,1460824,7,1460831
9749,1460969,44,1461013
9750,1461055,12,1461067
9751,1461400,192,1461592
9752,1461642,197,1461839
9753,1461949,27,1461976
9754,1462072,16,1462088
9755,1462166,32,1462198
9756,1462491,15,1462506
9757,1462837,69,1462906
9758,1462938,123,1463061
9759,1463201,45,1463246
9760,1463376,17,1463393
9761,1463556,9,1463565
9762,1463758,130,1463888
9763,1463897,57,1463954
9764,1464180,98,1464278
9765,1464322,68,1464390
9766,1464689,7,1464696
9767,1465029,8,1465037
9768,1465150,7,1465157
9769,1465218,40,1465258
9770,1465285,43,1465328
9771,1465552,38,1465590
9772,1465717,47,1465764
9773,1465811,11,1465822
9774,1465847,77,1465924
9775,1465974,219,1466193
9776,1466293,3,1466296
9777,1466345,124,1466469
9778,1466587,29,1466616
9779,1466651,40,1466691
9780,1466744,30,1466774
9781,1466841,36,1466877
9782,1466914,44,1466958
9783,1466970,4,1466974
9784,1467053,140,1467193
9785,1467244,27,1467271
9786,1467289,32,1467321
9787,1467326,34,1467360
9788,1467638,37,1467675
9789,1468024,9,1468033
9790,1468069,44,1468113
9791,1468148,31,1468179
9792,1468275,13,1468288
9793,1468534,117,1468651
9794,1468748,29,1468777
9795,1468938,11,1468949
9796,1468996,33,1469029
9797,1469089,43,1469132
9798,1469176,161,1469337
9799,1469498,44,1469542
9800,1469547,8,1469555
9801,1469604,54,1469658
9802,1469742,58,1469800
9803,1469898,25,1469923
9804,1469987,172,1470159
9805,1470163,117,1470280
9806,1470393,14,1470407
9807,1470408,25,1470433
9808,1470674,24,1470698
9809,1470747,172,1470919
9810,1470988,60,1471048
9811,1471268,39,1471307
9812,1471667,22,1471689
9813,1471825,9,1471834
9814,1471860,74,1471934
9815,1471979,31,1472010
9816,1472130,67,1472197
9817,1472515,23,1472538
9818,1472580,105,1472685
9819,1472900,27,1472927
9820,1472930,84,1473014
9821,1473194,24,1473218
9822,1473232,57,1473289
9823,1473290,65,1473355
9824,1473652,25,1473677
9825,1473705,13,1473718
9826,1473753,47,1473800
9827,1473887,34,1473921
9828,1474172,100,1474272
9829,1474288,12,1474300
9830,1474378,48,1474426
9831,1474476,15,1474491
9832,1474501,3,1474504
9833,1474555,32,1474587
9834,1474630,70,1474700
9835,1474808,53,1474861
9836,1474918,6,1474924
9837,1475084,37,1475121
9838,1475227,112,1475339
9839,1475483,17,1475500
9840,1475587,10,1475597
9841,1475615,22,1475637
9842,1475754,61,1475815
9843,1475882,30,1475912
9844,1476154,17,1476171
9845,1476233,133,1476366
9846,1476387,21,1476408
9847,1476495,181,1476676
9848,1476733,24,1476757
9849,1477064,81,1477145
9850,1477343,14,1477357
9851,1477618,86,1477704
9852,1477830,3,1477833
9853,1477886,124,1478010
9854,1478108,113,1478221
9855,1478387,1,1478388
9856,1478497,24,1478521
9857,1478933,130,1479063
9858,1479255,116,1479371
9859,1479439,44,1479483
9860,1479621,150,1479771
9861,1479971,29,1480000
9862,1480030,232,1480262
9863,1480296,1,1480297
9864,1480427,66,1480493
9865,1480625,13,1480638
9866,1480725,83,1480808
9867,1480866,38,1480904
9868,1481160,61,1481221
9869,1481308,15,1481323
9870,1481484,170,1481654
9871,1481834,103,1481937
9872,1482031,5,1482036
9873,1482483,29,1482512
9874,1482521,10,1482531
9875,1482555,16,1482571
9876,1482636,118,1482754
9877,1482807,119,1482926
9878,1483017,86,1483103
9879,1483149,94,1483243
9880,1483384,74,1483458
9881,1483486,233,1483719
9882,1483840,2,1483842
9883,1483886,25,1483911
9884,1484029,27,1484056
9885,1484061,8,1484069
9886,1484245,39,1484284
9887,1484315,53,1484368
9888,1484421,28,1484449
9889,1484520,14,1484534
9890,1484672,66,1484738
9891,1484806,20,1484826
9892,1484834,5,1484839
9893,1485001,57,1485058
9894,1485352,92,1485444
9895,1485535,5,1485540
9896,1485649,102,1485751
9897,1485758,25,1485783
9898,1485869,28,1485897
9899,1485929,2,1485931
9900,1485959,26,1485985
9901,1486086,42,1486128
9902,1486196,34,1486230
9903,1486237,25,1486262
9904,1486459,88,1486547
9905,1486590,4,1486594
9906,1486602,135,1486737
9907,1486751,59,1486810
9908,1486965,20,1486985
9909,1487077,22,1487099
9910,1487219,38,1487257
9911,1487502,58,1487560
9912,1487631,22,1487653
9913,1487956,16,1487972
9914,1488113,64,1488177
9915,1488275,23,1488298
9916,1488374,152,1488526
9917,1488635,25,1488660
9918,1488758,22,1488780
9919,1488864,103,1488967
9920,1489084,59,1489143
9921,1489215,33,1489248
9922,1489296,130,1489426
9923,1489571,24,1489595
9924,1489769,67,1489836
9925,1489964,80,1490044
9926,1490068,82,1490150
9927,1490185,5,1490190
9928,1490306,14,1490320
9929,1490337,11,1490348
9930,1490367,30,1490397
9931,1490410,33,1490443
9932,1490591,98,1490689
9933,1490725,23,1490748
9934,1490795,60,1490855
9935,1491080,10,1491090
9936,1491096,16,1491112
9937,1491158,17,1491175
9938,1491341,11,1491352
9939,1491415,72,1491487
9940,1491537,36,1491573
9941,1491599,87,1491686
9942,1491838,1,1491839
9943,1492018,17,1492035
9944,1492185,16,1492201
9945,1492269,8,1492277
9946,1492346,59,1492405
9947,1492505,21,1492526
9948,1492853,66,1492919
9949,1492958,11,1492969
9950,1493005,9,1493014
9951,1493082,27,1493109
9952,1493171,25,1493196
9953,1493200,48,1493248
9954,1493404,39,1493443
9955,1493503,56,1493559
9956,1493581,3,1493584
9957,1493931,67,1493998
9958,1494051,55,1494106
9959,1494235,31,1494266
9960,1494371,136,1494507
9961,1494682,170,1494852
9962,1495059,26,1495085
9963,1495150,54,1495204
9964,1495542,13,1495555
9965,1495623,122,1495745
9966,1495820,112,1495932
9967,1496025,150,1496175
9968,1496333,8,1496341
9969,1496427,59,1496486
9970,1496521,12,1496533
9971,1496620,12,1496632
9972,1496662,21,1496683
9973,1496776,21,1496797
9974,1497158,113,1497271
9975,1497858,9,1497867
9976,1497874,82,1497956
9977,1498061,6,1498067
9978,1498105,63,1498168
9979,1498182,1,1498183
9980,1498239,43,1498282
9981,1498372,20,1498392
9982,1498442,5,1498447
9983,1498532,51,1498583
9984,1499099,118,1499217
9985,1499277,27,1499304
9986,1499423,71,1499494
9987,1499617,66,1499683
9988,1499781,14,1499795
9989,1499974,8,1499982
9990,1500028,28,1500056
9991,1500102,62,1500164
9992,1500257,57,1500314
9993,1500344,40,1500384
9994,1500527,36,1500563
9995,1500636,58,1500694
9996,1500802,40,1500842
9997,1500880,26,1500906
9998,1500919,50,1500969
9999,1500996,9,1501005
10000,1501043,66,1501109
10001,1501111,25,1501136
10002,1501166,141,1501307
10003,1501732,22,1501754
10004,1501775,58,1501833
10005,1501873,31,1501904
10006,1502006,3,1502009
10007,1502086,9,1502095
10008,1502178,10,1502188
10009,1502193,172,1502365
10010,1502498,41,1502539
10011,1502578,33,1502611
10012,1502628,3,1502631
10013,1502878,8,1502886
10014,1503105,108,1503213
10015,1503238,8,1503246
10016,1503295,38,1503333
10017,1503507,44,1503551
10018,1503578,42,1503620
10019,1503778,6,1503784
10020,1503844,1,1503845
10021,1503850,1,1503851
10022,1503884,70,1503954
10023,1504034,70,1504104
10024,1504244,94,1504338
10025,1504377,27,1504404
10026,1504487,105,1504592
10027,1504621,40,1504661
10028,1504675,4,1504679
10029,1504719,31,1504750
10030,1504876,33,1504909
10031,1505007,117,1505124
10032,1505190,60,1505250
10033,1505469,12,1505481
10034,1505581,163,1505744
10035,1505745,14,1505759
10036,1505958,48,1506006
10037,1506038,14,1506052
10038,1506245,8,1506253
10039,1506359,6,1506365
10040,1506502,15,1506517
10041,1506795,81,1506876
10042,1506889,135,1507024
10043,1507027,183,1507210
10044,1507277,22,1507299
10045,1507712,67,1507779
10046,1507818,18,1507836
10047,1508012,14,1508026
10048,1508037,65,1508102
10049,1508159,20,1508179
10050,1508492,93,1508585
10051,1508602,44,1508646
10052,1508656,39,1508695
10053,1508744,26,1508770
10054,1508799,69,1508868
10055,1508878,74,1508952
10056,1509204,2,1509206
10057,1509248,54,1509302
10058,1509367,15,1509382
10059,1509428,31,1509459
10060,1509815,28,1509843
10061,1509920,32,1509952
10062,1510002,92,1510094
10063,1510108,82,1510190
10064,1510299,53,1510352
10065,1510402,90,1510492
10066,1510716,17,1510733
10067,1510890,164,1511054
10068,1511093,62,1511155
10069,1511165,42,1511207
10070,1511245,113,1511358
10071,1511372,77,1511449
10072,1511485,10,1511495
10073,1511647,128,1511775
10074,1511816,11,1511827
10075,1512092,11,1512103
10076,1512215,7,1512222
10077,1512314,38,1512352
10078,1512374,15,1512389
10079,1512446,37,1512483
10080,1512501,17,1512518
10081,1512638,3,1512641
10082,1512677,5,1512682
10083,1512690,13,1512703
10084,1512929,104,1513033
10085,1513178,8,1513186
10086,1513302,146,1513448
10087,1513450,36,1513486
10088,1513800,21,1513821
10089,1514053,40,1514093
10090,1514130,17,1514147
10091,1514365,14,1514379
10092,1514483,111,1514594
10093,1514635,6,1514641
10094,1514787,103,1514890
10095,1515071,12,1515083
10096,1515210,109,1515319
10097,1515376,150,1515526
10098,1515623,9,1515632
10099,1516230,1,1516231
10100,1516330,62,1516392
10101,1516443,59,1516502
10102,1516587,48,1516635
10103,1516714,24,1516738
10104,1516779,99,1516878
10105,1516896,174,1517070
10106,1517100,19,1517119
10107,1517371,107,1517478
10108,1517593,41,1517634
10109,1517832,88,1517920
10110,1518149,46,1518195
10111,1518368,34,1518402
10112,1518571,42,1518613
10113,1518683,204,1518887
10114,1518907,75,1518982
10115,1519134,66,1519200
10116,1519265,49,1519314
10117,1519377,40,1519417
10118,1519431,28,1519459
10119,1519531,36,1519567
10120,1519578,48,1519626
10121,1519648,19,1519667
10122,1519806,24,1519830
10123,1519902,29,1519931
10124,1520106,1,1520107
10125,1520129,1,1520130
10126,1520135,115,1520250
10127,1520335,9,1520344
10128,1520376,21,1520397
10129,1520405,50,1520455
10130,1520519,6,1520525
10131,1520540,76,1520616
10132,1520915,11,1520926
10133,1521082,36,1521118
10134,1521158,76,1521234
10135,1521327,180,1521507
10136,1521521,19,1521540
10137,1521618,41,1521659
10138,1521809,69,1521878
10139,1521913,3,1521916
10140,1522024,15,1522039
10141,1522093,98,1522191
10142,1522198,66,1522264
10143,1522343,12,1522355
10144,1522639,2,1522641
10145,1522719,29,1522748
10146,1522754,39,1522793
10147,1522985,140,1523125
10148,1523296,75,1523371
10149,1523390,12,1523402
10150,1523829,13,1523842
10151,1524394,12,1524406
10152,1524407,105,1524512
10153,1524513,9,1524522
10154,1524614,12,1524626
10155,1524701,62,1524763
10156,1524835,12,1524847
10157,1525061,64,1525125
10158,1525290,19,1525309
10159,1525406,82,1525488
10160,1525543,29,1525572
10161,1525616,59,1525675
10162,1525715,46,1525761
10163,1525787,50,1525837
10164,1525908,7,1525915
10165,1525956,17,1525973
10166,1526147,47,1526194
10167,1526232,3,1526235
10168,1526327,2,1526329
10169,1526667,53,1526720
10170,1526927,5,1526932
10171,1526964,53,1527017
10172,1527167,33,1527200
10173,1527234,3,1527237
10174,1527350,29,1527379
10175,1527573,68,1527641
10176,1527725,5,1527730
10177,1527881,18,1527899
10178,1527941,72,1528013
10179,1528031,95,1528126
10180,1528135,43,1528178
10181,1528220,134,1528354
10182,1528406,14,1528420
10183,1528669,115,1528784
10184,1529159,21,1529180
10185,1529203,4,1529207
10186,1529238,10,1529248
10187,1529339,162,1529501
10188,1529574,10,1529584
10189,1529664,45,1529709
10190,1529762,7,1529769
10191,1529873,31,1529904
10192,1529975,121,1530096
10193,1530358,35,1530393
10194,1530601,1,1530602
10195,1530667,43,1530710
10196,1530761,43,1530804
10197,1531083,18,1531101
10198,1531299,83,1531382
10199,1531421,16,1531437
10200,1531573,84,1531657
10201,1531846,13,1531859
10202,1531884,119,1532003
10203,1532008,80,1532088
10204,1532149,137,1532286
10205,1532628,21,1532649
10206,1532957,65,1533022
10207,1533087,36,1533123
10208,1533165,4,1533169
10209,1533207,62,1533269
10210,1533444,162,1533606
10211,1533625,28,1533653
10212,1533693,51,1533744
10213,1533761,1,1533762
10214,1533783,69,1533852
10215,1534141,4,1534145
10216,1534157,9,1534166
10217,1534240,5,1534245
10218,1534340,30,1534370
10219,1534659,363,1535022
10220,1535099,68,1535167
10221,1535277,20,1535297
10222,1535333,57,1535390
10223,1535512,30,1535542
10224,1535586,84,1535670
10225,1535684,170,1535854
10226,1535914,25,1535939
10227,1536041,3,1536044
10228,1536061,8,1536069
10229,1536260,135,1536395
10230,1536528,69,1536597
10231,1536621,13,1536634
10232,1536646,10,1536656
10233,1536668,16,1536684
10234,1536841,24,1536865
10235,1536915,1,1536916
10236,1536977,7,1536984
10237,1537188,166,1537354
10238,1537471,73,1537544
10239,1537582,52,1537634
10240,1537644,22,1537666
10241,1537710,17,1537727
10242,1537747,6,1537753
10243,1537756,18,1537774
10244,1537866,63,1537929
10245,1538094,106,1538200
10246,1538243,12,1538255
10247,1538304,137,1538441
10248,1538594,86,1538680
10249,1538838,21,1538859
10250,1538905,199,1539104
10251,1539231,29,1539260
10252,1539278,13,1539291
10253,1539441,8,1539449
10254,1539496,76,1539572
10255,1539784,13,1539797
10256,1539816,9,1539825
10257,1540169,57,1540226
10258,1540364,31,1540395
10259,1540447,93,1540540
10260,1540546,9,1540555
10261,1540666,27,1540693
10262,1540908,27,1540935
10263,1541164,78,1541242
10264,1541321,51,1541372
10265,1541385,62,1541447
10266,1541449,27,1541476
10267,1541569,6,1541575
10268,1541689,13,1541702
10269,1541712,24,1541736
10270,1541822,38,1541860
10271,1542089,17,1542106
10272,1542111,28,1542139
10273,1542372,24,1542396
10274,1542432,17,1542449
10275,1542553,14,1542567
10276,1542685,102,1542787
10277,1542792,27,1542819
10278,1542830,101,1542931
10279,1543045,5,1543050
10280,1543135,21,1543156
10281,1543197,1,1543198
10282,1543228,20,1543248
10283,1543365,38,1543403
10284,1543606,32,1543638
10285,1543915,113,1544028
10286,1544346,4,1544350
10287,1544440,56,1544496
10288,1544603,33,1544636
10289,1544696,39,1544735
10290,1544871,9,1544880
10291,1544881,53,1544934
10292,1544992,41,1545033
10293,1545136,28,1545164
10294,1545207,10,1545217
10295,1545495,39,1545534
10296,1545577,7,1545584
10297,1545616,33,1545649
10298,1545674,140,1545814
10299,1545832,2,1545834
10300,1545894,37,1545931
10301,1546249,49,1546298
10302,1546534,20,1546554
10303,1546692,5,1546697
10304,1546707,19,1546726
10305,1546939,1,1546940
10306,1546996,124,1547120
10307,1547289,86,1547375
10308,1547487,4,1547491
10309,1547630,74,1547704
10310,1547746,11,1547757
10311,1547911,109,1548020
10312,1548192,13,1548205
10313,1548338,46,1548384
10314,1548756,57,1548813
10315,1548883,9,1548892
10316,1548989,37,1549026
10317,1549102,83,1549185
10318,1549217,58,1549275
10319,1549479,16,1549495
10320,1549628,59,1549687
10321,1549791,117,1549908
10322,1549945,10,1549955
10323,1549974,37,1550011
10324,1550228,7,1550235
10325,1550356,30,1550386
10326,1550491,24,1550515
10327,1550552,26,1550578
10328,1550654,88,1550742
10329,1550760,10,1550770
10330,1550839,143,1550982
10331,1551264,58,1551322
10332,1551430,9,1551439
10333,1551460,43,1551503
10334,1551509,176,1551685
10335,1551765,271,1552036
10336,1552106,19,1552125
10337,1552304,75,1552379
10338,1552451,171,1552622
10339,1552680,41,1552721
10340,1552825,81,1552906
10341,1552944,28,1552972
10342,1553098,9,1553107
10343,1553209,4,1553213
10344,1553224,86,1553310
10345,1553511,2,1553513
10346,1553532,45,1553577
10347,1553582,112,1553694
10348,1553902,1,1553903
10349,1553915,86,1554001
10350,1554087,3,1554090
10351,1554331,11,1554342
10352,1554571,109,1554680
10353,1554694,4,1554698
10354,1554720,93,1554813
10355,1554883,13,1554896
10356,1554991,50,1555041
10357,1555057,53,1555110
10358,1555187,33,1555220
10359,1555395,116,1555511
10360,1555609,44,1555653
10361,1555657,26,1555683
10362,1555768,18,1555786
10363,1555845,19,1555864
10364,1555943,20,1555963
10365,1556041,111,1556152
10366,1556178,16,1556194
10367,1556278,79,1556357
10368,1556437,2,1556439
10369,1556488,15,1556503
10370,1556523,17,1556540
10371,1556661,29,1556690
10372,1556980,64,1557044
10373,1557188,8,1557196
10374,1557236,47,1557283
10375,1557521,52,1557573
10376,1557702,28,1557730
10377,1557832,52,1557884
10378,1558073,162,1558235
10379,1558358,39,1558397
10380,1558506,25,1558531
10381,1558609,111,1558720
10382,1558829,108,1558937
10383,1559167,50,1559217
10384,1559233,5,1559238
10385,1559253,21,1559274
10386,1559339,6,1559345
10387,1559407,69,1559476
10388,1559578,76,1559654
10389,1559722,11,1559733
10390,1559758,101,1559859
10391,1559871,28,1559899
10392,1559907,184,1560091
10393,1560192,22,1560214
10394,1560634,42,1560676
10395,1560948,50,1560998
10396,1561083,36,1561119
10397,1561215,13,1561228
10398,1561267,72,1561339
10399,1561373,23,1561396
10400,1561489,98,1561587
10401,1561668,14,1561682
10402,1561750,35,1561785
10403,1561926,24,1561950
10404,1562083,38,1562121
10405,1562247,68,1562315
10406,1562489,77,1562566
10407,1562568,38,1562606
10408,1562608,48,1562656
10409,1562698,62,1562760
10410,1563046,85,1563131
10411,1563201,9,1563210
10412,1563232,53,1563285
10413,1563315,6,1563321
10414,1563515,3,1563518
10415,1563734,39,1563773
10416,1563883,29,1563912
10417,1564206,2,1564208
10418,1564580,18,1564598
10419,1564746,66,1564812
10420,1564849,58,1564907
10421,1565000,75,1565075
10422,1565160,9,1565169
10423,1565258,87,1565345
10424,1565511,3,1565514
10425,1565768,15,1565783
10426,1565785,8,1565793
10427,1565833,62,1565895
10428,1566054,33,1566087
10429,1566131,233,1566364
10430,1566422,21,1566443
10431,1566474,44,1566518
10432,1566537,40,1566577
10433,1566664,93,1566757
10434,1566771,54,1566825
10435,1566952,33,1566985
10436,1567075,84,1567159
10437,1567192,25,1567217
10438,1567241,25,1567266
10439,1567276,176,1567452
10440,1567497,62,1567559
10441,1567728,149,1567877
10442,1567957,64,1568021
10443,1568607,18,1568625
10444,1568863,6,1568869
10445,1568915,28,1568943
10446,1568966,45,1569011
10447,1569279,104,1569383
10448,1569399,27,1569426
10449,1569476,25,1569501
10450,1569550,70,1569620
10451,1569636,19,1569655
10452,1569734,14,1569748
10453,1569834,66,1569900
10454,1569926,141,1570067
10455,1570083,31,1570114
10456,1570358,63,1570421
10457,1570588,211,1570799
10458,1570831,80,1570911
10459,1570964,15,1570979
10460,1571136,40,1571176
10461,1571184,131,1571315
10462,1571514,120,1571634
10463,1571785,12,1571797
10464,1571836,112,1571948
10465,1572187,5,1572192
10466,1572219,8,1572227
10467,1572391,45,1572436
10468,1572441,41,1572482
10469,1572758,22,1572780
10470,1572842,28,1572870
10471,1572993,69,1573062
10472,1573146,16,1573162
10473,1573201,36,1573237
10474,1573509,128,1573637
10475,1573739,107,1573846
10476,1573886,45,1573931
10477,1573948,61,1574009
10478,1574016,11,1574027
10479,1574194,24,1574218
10480,1574272,5,1574277
10481,1574567,53,1574620
10482,1574623,83,1574706
10483,1574707,81,1574788
10484,1574825,50,1574875
10485,1574948,33,1574981
10486,1575034,33,1575067
10487,1575142,48,1575190
10488,1575392,121,1575513
10489,1575533,1,1575534
10490,1575545,10,1575555
10491,1575580,45,1575625
10492,1575836,20,1575856
10493,1575929,7,1575936
10494,1575947,23,1575970
10495,1575984,102,1576086
10496,1576401,13,1576414
10497,1576571,8,1576579
10498,1576741,86,1576827
10499,1576854,27,1576881
10500,1577083,65,1577148
10501,1577194,25,1577219
10502,1577264,14,1577278
10503,1577307,60,1577367
10504,1577465,48,1577513
10505,1577519,34,1577553
10506,1577563,37,1577600
10507,1577658,63,1577721
10508,1577722,120,1577842
10509,1577871,52,1577923
10510,1578043,13,1578056
10511,1578087,124,1578211
10512,1578234,76,1578310
10513,1578340,22,1578362
10514,1578641,20,1578661
10515,1578689,30,1578719
10516,1578850,67,1578917
10517,1578936,20,1578956
10518,1578972,203,1579175
10519,1579289,41,1579330
10520,1579363,16,1579379
10521,1579394,56,1579450
10522,1579547,25,1579572
10523,1579576,32,1579608
10524,1579784,35,1579819
10525,1579899,33,1579932
10526,1580024,30,1580054
10527,1580509,1,1580510
10528,1580537,3,1580540
10529,1581067,3,1581070
10530,1581139,5,1581144
10531,1581286,1,1581287
10532,1581303,50,1581353
10533,1581369,82,1581451
10534,1581667,165,1581832
10535,1581864,13,1581877
10536,1581890,147,1582037
10537,1582049,17,1582066
10538,1582080,187,1582267
10539,1582503,63,1582566
10540,1582756,18,1582774
10541,1582810,24,1582834
10542,1582923,83,1583006
10543,1583010,9,1583019
10544,1583024,17,1583041
10545,1583157,2,1583159
10546,1583304,29,1583333
10547,1583677,48,1583725
10548,1583750,3,1583753
10549,1583887,53,1583940
10550,1583947,29,1583976
10551,1584200,69,1584269
10552,1584290,84,1584374
10553,1584488,138,1584626
10554,1584727,10,1584737
10555,1584991,10,1585001
10556,1585129,14,1585143
10557,1585427,10,1585437
10558,1585521,27,1585548
10559,1585683,19,1585702
10560,1585786,8,1585794
10561,1585931,23,1585954
10562,1586026,54,1586080
10563,1586350,72,1586422
10564,1586451,87,1586538
10565,1586580,19,1586599
10566,1586617,26,1586643
10567,1586653,6,1586659
10568,1586805,41,1586846
10569,1586935,48,1586983
10570,1587062,7,1587069
10571,1587122,41,1587163
10572,1587176,56,1587232
10573,1587298,12,1587310
10574,1587736,5,1587741
10575,1587767,58,1587825
10576,1587861,40,1587901
10577,1588280,96,1588376
10578,1588424,27,1588451
10579,1588454,37,1588491
10580,1588660,37,1588697
10581,1588911,24,1588935
10582,1589216,1,1589217
10583,1589272,117,1589389
10584,1589773,12,1589785
10585,1589867,1,1589868
10586,1589869,54,1589923
10587,1590053,156,1590209
10588,1590252,5,1590257
10589,1590531,64,1590595
10590,1590707,63,1590770
10591,1591001,43,1591044
10592,1591062,15,1591077
10593,1591320,55,1591375
10594,1591382,188,1591570
10595,1591603,40,1591643
10596,1591709,7,1591716
10597,1591724,2,1591726
10598,1591845,123,1591968
10599,1591983,29,1592012
10600,1592062,16,1592078
10601,1592152,16,1592168
10602,1592269,22,1592291
10603,1592309,47,1592356
10604,1592387,46,1592433
10605,1592437,25,1592462
10606,1592480,14,1592494
10607,1592537,44,1592581
10608,1592717,21,1592738
10609,1592781,3,1592784
10610,1592936,62,1592998
10611,1593058,8,1593066
10612,1593119,10,1593129
10613,1593148,95,1593243
10614,1593413,9,1593422
10615,1593735,27,1593762
10616,1593906,7,1593913
10617,1593915,17,1593932
10618,1593990,106,1594096
10619,1594254,16,1594270
10620,1594353,56,1594409
10621,1594435,139,1594574
10622,1594656,88,1594744
10623,1594762,4,1594766
10624,1594769,126,1594895
10625,1595060,126,1595186
10626,1595217,2,1595219
10627,1595302,64,1595366
10628,1595374,26,1595400
10629,1595784,49,1595833
10630,1595837,75,1595912
10631,1595991,172,1596163
10632,1596190,64,1596254
10633,1596354,84,1596438
10634,1596496,66,1596562
10635,1596617,17,1596634
10636,1596744,55,1596799
10637,1597030,21,1597051
10638,1597087,33,1597120
10639,1597347,87,1597434
10640,1597504,151,1597655
10641,1597736,151,1597887
10642,1598233,103,1598336
10643,1598507,5,1598512
10644,1598849,50,1598899
10645,1598995,37,1599032
10646,1599073,6,1599079
10647,1599139,18,1599157
10648,1599276,6,1599282
10649,1599350,88,1599438
10650,1599452,31,1599483
10651,1599505,40,1599545
10652,1599599,24,1599623
10653,1600050,18,1600068
10654,1600222,22,1600244
10655,1600352,19,1600371
10656,1600529,79,1600608
10657,1600630,3,1600633
10658,1600785,74,1600859
10659,1600883,67,1600950
10660,1600998,65,1601063
10661,1601433,59,1601492
10662,1601494,80,1601574
10663,1601711,58,1601769
10664,1601783,58,1601841
10665,1601949,138,1602087
10666,1602091,103,1602194
10667,1602231,36,1602267
10668,1602271,43,1602314
10669,1602316,162,1602478
10670,1602597,23,1602620
10671,1602658,46,1602704
10672,1602779,53,1602832
10673,1602892,11,1602903
10674,1602941,76,1603017
10675,1603032,31,1603063
10676,1603188,10,1603198
10677,1603224,32,1603256
10678,1603301,43,1603344
10679,1603425,12,1603437
10680,1603460,33,1603493
10681,1603845,36,1603881
10682,1603901,76,1603977
10683,1604142,3,1604145
10684,1604237,69,1604306
10685,1604349,34,1604383
10686,1604420,5,1604425
10687,1604565,15,1604580
10688,1604615,84,1604699
10689,1604719,44,1604763
10690,1604931,9,1604940
10691,1604955,32,1604987
10692,1604989,91,1605080
10693,1605110,189,1605299
10694,1605365,36,1605401
10695,1605447,62,1605509
10696,1605587,46,1605633
10697,1605785,39,1605824
10698,1606032,3,1606035
10699,1606067,25,1606092
10700,1606208,28,1606236
10701,1606307,26,1606333
10702,1606351,22,1606373
10703,1606377,82,1606459
10704,1606535,14,1606549
10705,1606570,81,1606651
10706,1606703,99,1606802
10707,1607008,42,1607050
10708,1607057,16,1607073
10709,1607394,36,1607430
10710,1607445,10,1607455
10711,1607470,17,1607487
10712,1607510,98,1607608
10713,1607638,47,1607685
10714,1607799,132,1607931
10715,1608006,27,1608033
10716,1608050,127,1608177
10717,1608399,5,1608404
10718,1608759,167,1608926
10719,1608996,42,1609038
10720,1609047,17,1609064
10721,1609137,2,1609139
10722,1609148,87,1609235
10723,1609328,121,1609449
10724,1609473,13,1609486
10725,1610171,11,1610182
10726,1610185,44,1610229
10727,1610351,7,1610358
10728,1610364,59,1610423
10729,1610769,7,1610776
10730,1610827,37,1610864
10731,1610880,89,1610969
10732,1611030,7,1611037
10733,1611190,2,1611192
10734,1611401,107,1611508
10735,1611650,331,1611981
10736,1612041,40,1612081
10737,1612432,3,1612435
10738,1612521,74,1612595
10739,1612632,12,1612644
10740,1612720,7,1612727
10741,1612859,13,1612872
10742,1613040,135,1613175
10743,1613211,83,1613294
10744,1613329,7,1613336
10745,1613486,70,1613556
10746,1613648,120,1613768
10747,1613884,4,1613888
10748,1613953,32,1613985
10749,1614001,40,1614041
10750,1614061,41,1614102
10751,1614366,48,1614414
10752,1614596,143,1614739
10753,1614741,11,1614752
10754,1614846,15,1614861
10755,1614902,131,1615033
10756,1615034,5,1615039
10757,1615308,18,1615326
10758,1615889,33,1615922
10759,1615968,33,1616001
10760,1616108,22,1616130
10761,1616256,96,1616352
10762,1616461,9,1616470
10763,1616532,71,1616603
10764,1616769,25,1616794
10765,1617314,91,1617405
10766,1617469,44,1617513
10767,1617522,28,1617550
10768,1618160,31,1618191
10769,1618479,73,1618552
10770,1618639,142,1618781
10771,1618874,76,1618950
10772,1619003,100,1619103
10773,1619152,24,1619176
10774,1619217,5,1619222
10775,1619235,9,1619244
10776,1619457,20,1619477
10777,1619533,5,1619538
10778,1619634,12,1619646
10779,1619761,6,1619767
10780,1619774,4,1619778
10781,1619931,12,1619943
10782,1620131,20,1620151
10783,1620490,50,1620540
10784,1620542,28,1620570
10785,1620848,25,1620873
10786,1621118,55,1621173
10787,1621186,35,1621221
10788,1621349,44,1621393
10789,1621402,6,1621408
10790,1621549,40,1621589
10791,1621687,25,1621712
10792,1621752,41,1621793
10793,1621931,30,1621961
10794,1622032,34,1622066
10795,1622141,94,1622235
10796,1622256,179,1622435
10797,1622483,3,1622486
10798,1622621,3,1622624
10799,1622762,42,1622804
10800,1622825,155,1622980
10801,1623060,76,1623136
10802,1623540,21,1623561
10803,1623574,218,1623792
10804,1623897,46,1623943
10805,1624172,113,1624285
10806,1624346,13,1624359
10807,1624451,19,1624470
10808,1624615,46,1624661
10809,1624698,26,1624724
10810,1624829,37,1624866
10811,1624922,12,1624934
10812,1625155,13,1625168
10813,1625173,10,1625183
10814,1625185,42,1625227
10815,1625317,3,1625320
10816,1625332,36,1625368
10817,1625385,9,1625394
10818,1625439,133,1625572
10819,1625574,67,1625641
10820,1625659,151,1625810
10821,1625857,58,1625915
10822,1626023,1,1626024
10823,1626129,7,1626136
10824,1626372,14,1626386
10825,1626452,6,1626458
10826,1626541,34,1626575
10827,1626647,51,1626698
10828,1626710,48,1626758
10829,1626994,46,1627040
10830,1627058,29,1627087
10831,1627434,10,1627444
10832,1627537,21,1627558
10833,1627633,8,1627641
10834,1627754,7,1627761
10835,1627784,139,1627923
10836,1627957,31,1627988
10837,1628123,36,1628159
10838,1628207,39,1628246
10839,1628300,44,1628344
10840,1628390,111,1628501
10841,1628787,63,1628850
10842,1628881,87,1628968
10843,1629052,78,1629130
10844,1629131,36,1629167
10845,1629185,51,1629236
10846,1629284,7,1629291
10847,1629440,46,1629486
10848,1629556,50,1629606
10849,1629620,64,1629684
10850,1629780,3,1629783
10851,1629848,4,1629852
10852,1629908,104,1630012
10853,1630021,6,1630027
10854,1630137,172,1630309
10855,1630442,3,1630445
10856,1630453,141,1630594
10857,1630761,3,1630764
10858,1630814,17,1630831
10859,1630855,2,1630857
10860,1630998,3,1631001
10861,1631086,53,1631139
10862,1631144,2,1631146
10863,1631208,87,1631295
10864,1631310,62,1631372
10865,1631597,22,1631619
10866,1631691,57,1631748
10867,1631791,352,1632143
10868,1632311,22,1632333
10869,1632374,148,1632522
10870,1632564,11,1632575
10871,1632583,20,1632603
10872,1632673,104,1632777
10873,1632807,89,1632896
10874,1633384,6,1633390
10875,1633538,63,1633601
10876,1633608,105,1633713
10877,1633795,41,1633836
10878,1633980,12,1633992
10879,1634168,84,1634252
10880,1634505,13,1634518
10881,1634606,60,1634666
10882,1634728,10,1634738
10883,1634750,173,1634923
10884,1635044,43,1635087
10885,1635185,38,1635223
10886,1635265,53,1635318
10887,1635370,18,1635388
10888,1635434,41,1635475
10889,1635729,35,1635764
10890,1635775,38,1635813
10891,1635859,12,1635871
10892,1635898,3,1635901
10893,1635985,27,1636012
10894,1636160,7,1636167
10895,1636275,28,1636303
10896,1636358,87,1636445
10897,1636505,3,1636508
10898,1636618,9,1636627
10899,1636669,21,1636690
10900,1636766,13,1636779
10901,1636793,195,1636988
10902,1637023,25,1637048
10903,1637091,141,1637232
10904,1637344,17,1637361
10905,1637421,100,1637521
10906,1637538,78,1637616
10907,1637622,4,1637626
10908,1637698,33,1637731
10909,1637781,227,1638008
10910,1638147,14,1638161
10911,1638166,169,1638335
10912,1638421,37,1638458
10913,1638536,40,1638576
10914,1638899,23,1638922
10915,1638935,28,1638963
10916,1638969,13,1638982
10917,1639008,59,1639067
10918,1639176,16,1639192
10919,1639290,11,1639301
10920,1639423,301,1639724
10921,1640042,56,1640098
10922,1640239,10,1640249
10923,1640441,32,1640473
10924,1640554,73,1640627
10925,1640634,7,1640641
10926,1640654,75,1640729
10927,1640767,17,1640784
10928,1640791,89,1640880
10929,1641014,13,1641027
10930,1641114,78,1641192
10931,1641223,37,1641260
10932,1641327,30,1641357
10933,1641381,19,1641400
10934,1641665,28,1641693
10935,1641895,23,1641918
10936,1642118,96,1642214
10937,1642220,46,1642266
10938,1642324,89,1642413
10939,1642506,53,1642559
10940,1642601,29,1642630
10941,1642707,25,1642732
10942,1642744,18,1642762
10943,1642870,16,1642886
10944,1642900,35,1642935
10945,1642994,24,1643018
10946,1643031,151,1643182
10947,1643231,28,1643259
10948,1643290,156,1643446
10949,1643628,50,1643678
10950,1643839,19,1643858
10951,1643955,38,1643993
10952,1644371,48,1644419
10953,1644692,47,1644739
10954,1645083,1,1645084
10955,1645330,92,1645422
10956,1645563,66,1645629
10957,1645632,199,1645831
10958,1645999,98,1646097
10959,1646205,16,1646221
10960,1646386,6,1646392
10961,1646492,23,1646515
10962,1646671,47,1646718
10963,1646830,121,1646951
10964,1646983,107,1647090
10965,1647321,88,1647409
10966,1647426,8,1647434
10967,1647450,23,1647473
10968,1647569,61,1647630
10969,1648157,22,1648179
10970,1648206,21,1648227
10971,1648228,34,1648262
10972,1648443,52,1648495
10973,1648547,43,1648590
10974,1648683,41,1648724
10975,1648972,110,1649082
10976,1649128,139,1649267
10977,1649316,63,1649379
10978,1649394,28,1649422
10979,1649535,34,1649569
10980,1649684,39,1649723
10981,1649938,93,1650031
10982,1650160,40,1650200
10983,1650207,218,1650425
10984,1650564,71,1650635
10985,1650662,43,1650705
10986,1650844,2,1650846
10987,1650852,40,1650892
10988,1650913,73,1650986
10989,1650988,37,1651025
10990,1651178,141,1651319
10991,1651321,57,1651378
10992,1651561,18,1651579
10993,1651584,16,1651600
10994,1651701,1,1651702
10995,1651773,154,1651927
10996,1652039,7,1652046
10997,1652058,71,1652129
10998,1652180,43,1652223
10999,1652415,27,1652442
11000,1652540,74,1652614
11001,1652695,43,1652738
11002,1652814,74,1652888
11003,1653033,15,1653048
11004,1653257,115,1653372
11005,1653606,95,1653701
11006,1653750,66,1653816
11007,1653853,26,1653879
11008,1654033,31,1654064
11009,1654091,48,1654139
11010,1654216,4,1654220
11011,1654297,33,1654330
11012,1654359,46,1654405
11013,1654505,55,1654560
11014,1654611,45,1654656
11015,1654940,75,1655015
11016,1655046,35,1655081
11017,1655425,6,1655431
11018,1655477,13,1655490
11019,1655588,62,1655650
11020,1655684,63,1655747
11021,1655881,55,1655936
11022,1655941,17,1655958
11023,1656172,19,1656191
11024,1656230,77,1656307
11025,1656327,43,1656370
11026,1656418,26,1656444
11027,1656466,19,1656485
11028,1656506,89,1656595
11029,1656630,12,1656642
11030,1656736,18,1656754
11031,1656909,26,1656935
11032,1657050,20,1657070
11033,1657390,28,1657418
11034,1657644,35,1657679
11035,1657775,111,1657886
11036,1657927,120,1658047
11037,1658130,3,1658133
11038,1658363,15,1658378
11039,1658420,67,1658487
11040,1658490,36,1658526
11041,1658691,15,1658706
11042,1659059,225,1659284
11043,1659375,48,1659423
11044,1659483,101,1659584
11045,1659906,42,1659948
11046,1659991,47,1660038
11047,1660099,16,1660115
11048,1660120,25,1660145
11049,1660200,34,1660234
11050,1660671,6,1660677
11051,1660734,22,1660756
11052,1660759,74,1660833
11053,1660963,108,1661071
11054,1661096,75,1661171
11055,1661243,52,1661295
11056,1661352,45,1661397
11057,1661532,67,1661599
11058,1661623,25,1661648
11059,1661719,1,1661720
11060,1661741,23,1661764
11061,1661815,53,1661868
11062,1661875,224,1662099
11063,1662178,28,1662206
11064,1662282,26,1662308
11065,1662593,11,1662604
11066,1662638,16,1662654
11067,1662719,62,1662781
11068,1662818,50,1662868
11069,1663017,63,1663080
11070,1663142,36,1663178
11071,1663411,40,1663451
11072,1663513,19,1663532
11073,1663644,36,1663680
11074,1663924,65,1663989
11075,1663997,82,1664079
11076,1664088,66,1664154
11077,1664184,53,1664237
11078,1664647,6,1664653
11079,1664712,4,1664716
11080,1664904,33,1664937
11081,1664971,16,1664987
11082,1664993,1,1664994
11083,1665147,62,1665209
11084,1665243,3,1665246
11085,1665313,17,1665330
11086,1665630,28,1665658
11087,1665713,2,1665715
11088,1666249,9,1666258
11089,1666352,43,1666395
11090,1666560,4,1666564
11091,1666604,43,1666647
11092,1666963,94,1667057
11093,1667189,66,1667255
11094,1667328,43,1667371
11095,1667512,101,1667613
11096,1667700,27,1667727
11097,1667733,15,1667748
11098,1667867,97,1667964
11099,1668038,29,1668067
11100,1668300,60,1668360
11101,1668418,7,1668425
11102,1668494,25,1668519
11103,1668603,15,1668618
11104,1668761,121,1668882
11105,1668945,1,1668946
11106,1668988,13,1669001
11107,1669012,10,1669022
11108,1669072,31,1669103
11109,1669190,105,1669295
11110,1669347,31,1669378
11111,1669428,65,1669493
11112,1669585,168,1669753
11113,1670007,120,1670127
11114,1670144,1,1670145
11115,1670148,36,1670184
11116,1670263,27,1670290
11117,1670330,5,1670335
11118,1670350,2,1670352
11119,1670412,20,1670432
11120,1670488,20,1670508
11121,1670550,37,1670587
11122,1670754,67,1670821
11123,1670867,94,1670961
11124,1670963,29,1670992
11125,1671036,51,1671087
11126,1671250,70,1671320
11127,1671353,3,1671356
11128,1671634,1,1671635
11129,1671798,84,1671882
11130,1672018,34,1672052
11131,1672119,39,1672158
11132,1672200,84,1672284
11133,1672364,206,1672570
11134,1672590,29,1672619
11135,1672751,76,1672827
11136,1672861,96,1672957
11137,1673064,153,1673217
11138,1673360,14,1673374
11139,1673610,8,1673618
11140,1673696,1,1673697
11141,1673905,19,1673924
11142,1673961,179,1674140
11143,1674340,4,1674344
11144,1674599,108,1674707
11145,1674770,36,1674806
11146,1674991,15,1675006
11147,1675097,92,1675189
11148,1675219,61,1675280
11149,1675311,18,1675329
11150,1675391,91,1675482
11151,1675501,3,1675504
11152,1675551,55,1675606
11153,1675628,58,1675686
11154,1675712,61,1675773
11155,1675960,1,1675961
11156,1676017,69,1676086
11157,1676210,13,1676223
11158,1676258,18,1676276
11159,1676376,2,1676378
11160,1676428,76,1676504
11161,1676531,20,1676551
11162,1676793,95,1676888
11163,1677082,3,1677085
11164,1677095,5,1677100
11165,1677207,18,1677225
11166,1677301,53,1677354
11167,1677778,3,1677781
11168,1677854,53,1677907
11169,1678150,2,1678152
11170,1678164,11,1678175
11171,1678182,38,1678220
11172,1678256,7,1678263
11173,1678625,36,1678661
11174,1678713,8,1678721
11175,1678811,46,1678857
11176,1678877,99,1678976
11177,1679025,9,1679034
11178,1679036,109,1679145
11179,1679216,6,1679222
11180,1679481,170,1679651
11181,1679656,45,1679701
11182,1679751,50,1679801
11183,1679836,4,1679840
11184,1679893,94,1679987
11185,1680333,25,1680358
11186,1680459,8,1680467
11187,1680547,6,1680553
11188,1680667,44,1680711
11189,1680777,5,1680782
11190,1680807,8,1680815
11191,1680842,37,1680879
11192,1681044,5,1681049
11193,1681082,28,1681110
11194,1681240,28,1681268
11195,1681533,14,1681547
11196,1681593,1,1681594
11197,1681952,40,1681992
11198,1682046,9,1682055
11199,1682107,1,1682108
11200,1682109,11,1682120
11201,1682137,20,1682157
11202,1682337,50,1682387
11203,1682587,71,1682658
11204,1682669,131,1682800
11205,1682931,84,1683015
11206,1683020,5,1683025
11207,1683028,93,1683121
11208,1683123,24,1683147
11209,1683149,3,1683152
11210,1683219,28,1683247
11211,1683297,91,1683388
11212,1683508,4,1683512
11213,1683574,5,1683579
11214,1683717,10,1683727
11215,1683754,98,1683852
11216,1683869,45,1683914
11217,1684008,11,1684019
11218,1684026,48,1684074
11219,1684274,81,1684355
11220,1684629,25,1684654
11221,1684669,14,1684683
11222,1684732,44,1684776
11223,1684783,134,1684917
11224,1684936,26,1684962
11225,1684969,26,1684995
11226,1685043,15,1685058
11227,1685181,15,1685196
11228,1685362,53,1685415
11229,1685551,2,1685553
11230,1685700,46,1685746
11231,1686027,67,1686094
11232,1686170,4,1686174
11233,1686188,53,1686241
11234,1686368,12,1686380
11235,1686523,32,1686555
11236,1686790,8,1686798
11237,1686818,4,1686822
11238,1687008,51,1687059
11239,1687130,13,1687143
11240,1687195,97,1687292
11241,1687320,91,1687411
11242,1687571,29,1687600
11243,1687684,22,1687706
11244,1687729,88,1687817
11245,1688070,70,1688140
11246,1688267,72,1688339
11247,1688385,19,1688404
11248,1688443,24,1688467
11249,1688514,17,1688531
11250,1688590,5,1688595
11251,1688681,70,1688751
11252,1688779,133,1688912
11253,1689320,31,1689351
11254,1689448,36,1689484
11255,1689521,43,1689564
11256,1689566,113,1689679
11257,1689924,149,1690073
11258,1690237,12,1690249
11259,1690297,38,1690335
11260,1690368,16,1690384
11261,1690424,62,1690486
11262,1690529,40,1690569
11263,1690721,6,1690727
11264,1690881,42,1690923
11265,1690965,50,1691015
11266,1691297,156,1691453
11267,1691515,48,1691563
11268,1691670,83,1691753
11269,1691835,25,1691860
11270,1691921,16,1691937
11271,1691983,26,1692009
11272,1692032,25,1692057
11273,1692209,100,1692309
11274,1692315,28,1692343
11275,1692348,39,1692387
11276,1692451,8,1692459
11277,1692676,262,1692938
11278,1693058,10,1693068
11279,1693076,45,1693121
11280,1693230,43,1693273
11281,1693291,49,1693340
11282,1693530,16,1693546
11283,1693674,95,1693769
11284,1693824,13,1693837
11285,1693908,4,1693912
11286,1694054,19,1694073
11287,1694089,26,1694115
11288,1694120,66,1694186
11289,1694190,46,1694236
11290,1694253,59,1694312
11291,1694342,14,1694356
11292,1694703,169,1694872
11293,1694898,22,1694920
11294,1695202,55,1695257
11295,1695286,126,1695412
11296,1695495,101,1695596
11297,1695603,130,1695733
11298,1695804,53,1695857
11299,1696108,64,1696172
11300,1696374,12,1696386
11301,1696539,72,1696611
11302,1696618,31,1696649
11303,1696680,6,1696686
11304,1696767,15,1696782
11305,1696983,4,1696987
11306,1697116,36,1697152
11307,1697443,26,1697469
11308,1697737,46,1697783
11309,1697810,229,1698039
11310,1698165,2,1698167
11311,1698251,134,1698385
11312,1698485,47,1698532
11313,1698537,11,1698548
11314,1698580,15,1698595
11315,1698659,11,1698670
11316,1698780,72,1698852
11317,1698891,40,1698931
11318,1699387,97,1699484
11319,1699563,4,1699567
11320,1699586,122,1699708
11321,1699930,18,1699948
11322,1700110,6,1700116
11323,1700122,148,1700270
11324,1700525,13,1700538
11325,1700559,16,1700575
11326,1700607,6,1700613
11327,1700837,19,1700856
11328,1701243,51,1701294
11329,1701694,62,1701756
11330,1701883,21,1701904
11331,1702015,40,1702055
11332,1702202,96,1702298
11333,1702388,39,1702427
11334,1702473,15,1702488
11335,1702590,34,1702624
11336,1702865,143,1703008
11337,1703039,2,1703041
11338,1703080,28,1703108
11339,1703136,37,1703173
11340,1703220,71,1703291
11341,1703364,88,1703452
11342,1703472,6,1703478
11343,1703485,45,1703530
11344,1703548,26,1703574
11345,1703624,3,1703627
11346,1703715,80,1703795
11347,1703831,41,1703872
11348,1703899,19,1703918
11349,1704007,55,1704062
11350,1704230,78,1704308
11351,1704449,57,1704506
11352,1704520,22,1704542
11353,1704626,91,1704717
11354,1704729,16,1704745
11355,1704760,8,1704768
11356,1704783,36,1704819
11357,1704956,55,1705011
11358,1705214,56,1705270
11359,1705282,64,1705346
11360,1705349,32,1705381
11361,1705554,14,1705568
11362,1705631,57,1705688
11363,1705757,49,1705806
11364,1705807,22,1705829
11365,1706008,48,1706056
11366,1706271,29,1706300
11367,1706317,4,1706321
11368,1706343,21,1706364
11369,1706411,8,1706419
11370,1706514,21,1706535
11371,1706831,54,1706885
11372,1707029,145,1707174
11373,1707219,176,1707395
11374,1707413,41,1707454
11375,1707667,54,1707721
11376,1707914,50,1707964
11377,1707987,28,1708015
11378,1708082,118,1708200
11379,1708376,3,1708379
11380,1708383,6,1708389
11381,1708442,7,1708449
11382,1708486,104,1708590
11383,1708691,2,1708693
11384,1708753,108,1708861
11385,1708894,22,1708916
11386,1708921,94,1709015
11387,1709065,2,1709067
11388,1709084,4,1709088
11389,1709102,5,1709107
11390,1709313,52,1709365
11391,1709523,105,1709628
11392,1709632,56,1709688
11393,1709775,82,1709857
11394,1709941,40,1709981
11395,1710034,40,1710074
11396,1710251,11,1710262
11397,1710318,74,1710392
11398,1710420,124,1710544
11399,1710605,19,1710624
11400,1710952,71,1711023
11401,1711222,34,1711256
11402,1711360,73,1711433
11403,1711647,1,1711648
11404,1711920,20,1711940
11405,1711963,83,1712046
11406,1712052,181,1712233
11407,1712338,21,1712359
11408,1712362,14,1712376
11409,1712382,145,1712527
11410,1712529,13,1712542
11411,1712558,54,1712612
11412,1712677,38,1712715
11413,1712768,15,1712783
11414,1712888,28,1712916
11415,1712937,3,1712940
11416,1713268,6,1713274
11417,1713595,6,1713601
11418,1713882,9,1713891
11419,1714019,11,1714030
11420,1714060,8,1714068
11421,1714081,4,1714085
11422,1714196,106,1714302
11423,1714346,37,1714383
11424,1714478,13,1714491
11425,1714652,4,1714656
11426,1714694,14,1714708
11427,1714794,8,1714802
11428,1715084,14,1715098
11429,1715240,34,1715274
11430,1715322,2,1715324
11431,1715506,24,1715530
11432,1715550,35,1715585
11433,1715672,2,1715674
11434,1715796,68,1715864
11435,1715878,48,1715926
11436,1716050,98,1716148
11437,1716201,22,1716223
11438,1716276,38,1716314
11439,1716457,6,1716463
11440,1716504,32,1716536
11441,1716664,9,1716673
11442,1716682,37,1716719
11443,1716806,20,1716826
11444,1716854,110,1716964
11445,1717194,30,1717224
11446,1717309,25,1717334
11447,1717544,31,1717575
11448,1717758,84,1717842
11449,1717851,75,1717926
11450,1718039,7,1718046
11451,1718235,28,1718263
11452,1718343,30,1718373
11453,1718390,36,1718426
11454,1718653,88,1718741
11455,1718750,36,1718786
11456,1718807,44,1718851
11457,1718984,3,1718987
11458,1719369,17,1719386
11459,1719430,55,1719485
11460,1719534,6,1719540
11461,1719646,22,1719668
11462,1719725,28,1719753
11463,1719972,81,1720053
11464,1720193,66,1720259
11465,1720304,23,1720327
11466,1720680,74,1720754
11467,1720794,15,1720809
11468,1720895,14,1720909
11469,1720922,12,1720934
11470,1720957,193,1721150
11471,1721178,6,1721184
11472,1721463,15,1721478
11473,1721567,44,1721611
11474,1721832,8,1721840
11475,1721946,72,1722018
11476,1722022,8,1722030
11477,1722087,10,1722097
11478,1722101,110,1722211
11479,1722319,7,1722326
11480,1722430,31,1722461
11481,1722477,164,1722641
11482,1722691,1,1722692
11483,1722729,27,1722756
11484,1722845,65,1722910
11485,1723075,54,1723129
11486,1723184,113,1723297
11487,1723309,1,1723310
11488,1723501,52,1723553
11489,1723575,63,1723638
11490,1723715,39,1723754
11491,1723822,164,1723986
11492,1724027,24,1724051
11493,1724120,26,1724146
11494,1724213,87,1724300
11495,1724313,35,1724348
11496,1725003,27,1725030
11497,1725059,29,1725088
11498,1725130,74,1725204
11499,1725300,8,1725308
11500,1725437,12,1725449
11501,1725489,68,1725557
11502,1725859,31,1725890
11503,1725972,43,1726015
11504,1726252,115,1726367
11505,1726479,80,1726559
11506,1726837,15,1726852
11507,1726945,77,1727022
11508,1727236,47,1727283
11509,1727406,28,1727434
11510,1727445,48,1727493
11511,1727530,21,1727551
11512,1727563,2,1727565
11513,1727604,98,1727702
11514,1727795,68,1727863
11515,1727928,14,1727942
11516,1728025,43,1728068
11517,1728163,74,1728237
11518,1728524,1,1728525
11519,1728557,51,1728608
11520,1728709,58,1728767
11521,1728790,61,1728851
11522,1729042,13,1729055
11523,1729060,59,1729119
11524,1729321,81,1729402
11525,1729613,56,1729669
11526,1729698,95,1729793
11527,1729966,78,1730044
11528,1730235,31,1730266
11529,1730321,153,1730474
11530,1730538,16,1730554
11531,1730643,6,1730649
11532,1730680,23,1730703
11533,1730739,18,1730757
11534,1730914,11,1730925
11535,1731017,71,1731088
11536,1731148,25,1731173
11537,1731184,72,1731256
11538,1731390,25,1731415
11539,1731493,11,1731504
11540,1731658,92,1731750
11541,1731833,6,1731839
11542,1731848,1,1731849
11543,1732256,10,1732266
11544,1732461,30,1732491
11545,1732602,55,1732657
11546,1732800,55,1732855
11547,1732890,61,1732951
11548,1733087,65,1733152
11549,1733326,48,1733374
11550,1733491,6,1733497
11551,1733604,13,1733617
11552,1733632,12,1733644
11553,1733691,16,1733707
11554,1733748,94,1733842
11555,1733876,15,1733891
11556,1733925,45,1733970
11557,1734224,21,1734245
11558,1734486,31,1734517
11559,1734597,59,1734656
11560,1734810,129,1734939
11561,1735053,29,1735082
11562,1735597,18,1735615
11563,1735727,34,1735761
11564,1735914,11,1735925
11565,1735969,6,1735975
11566,1736133,24,1736157
11567,1736176,39,1736215
11568,1736233,4,1736237
11569,1736394,59,1736453
11570,1736548,68,1736616
11571,1736738,33,1736771
11572,1736906,23,1736929
11573,1736998,32,1737030
11574,1737042,15,1737057
11575,1737114,28,1737142
11576,1737246,85,1737331
11577,1737354,21,1737375
11578,1737392,199,1737591
11579,1737608,1,1737609
11580,1737940,96,1738036
11581,1738057,113,1738170
11582,1738219,51,1738270
11583,1738365,141,1738506
11584,1738510,13,1738523
11585,1738607,45,1738652
11586,1738761,53,1738814
11587,1738827,32,1738859
11588,1738993,21,1739014
11589,1739074,59,1739133
11590,1739231,25,1739256
11591,1739275,3,1739278
11592,1739412,166,1739578
11593,1739730,46,1739776
11594,1739827,162,1739989
11595,1739990,61,1740051
11596,1740065,11,1740076
11597,1740177,9,1740186
11598,1740282,67,1740349
11599,1740498,124,1740622
11600,1741026,179,1741205
11601,1741230,20,1741250
11602,1741270,36,1741306
11603,1741405,83,1741488
11604,1741550,97,1741647
11605,1741657,55,1741712
11606,1741818,53,1741871
11607,1741929,16,1741945
11608,1742074,10,1742084
11609,1742092,82,1742174
11610,1742186,146,1742332
11611,1742744,25,1742769
11612,1742835,19,1742854
11613,1742858,12,1742870
11614,1742921,23,1742944
11615,1742947,119,1743066
11616,1743279,94,1743373
11617,1743377,258,1743635
11618,1743710,39,1743749
11619,1743850,70,1743920
11620,1744035,66,1744101
11621,1744151,7,1744158
11622,1744208,79,1744287
11623,1744467,25,1744492
11624,1744852,155,1745007
11625,1745250,27,1745277
11626,1745283,40,1745323
11627,1745355,43,1745398
11628,1745456,91,1745547
11629,1745627,73,1745700
11630,1745952,17,1745969
11631,1746005,20,1746025
11632,1746139,4,1746143
11633,1746556,37,1746593
11634,1746711,12,1746723
11635,1746959,82,1747041
11636,1747068,41,1747109
11637,1747212,13,1747225
11638,1747235,5,1747240
11639,1747244,31,1747275
11640,1747349,26,1747375
11641,1747693,28,1747721
11642,1747823,96,1747919
11643,1747950,39,1747989
11644,1748111,85,1748196
11645,1748208,9,1748217
11646,1748232,1,1748233
11647,1748239,95,1748334
11648,1748349,35,1748384
11649,1748443,37,1748480
11650,1748560,21,1748581
11651,1748608,9,1748617
11652,1748653,25,1748678
11653,1748728,8,1748736
11654,1748785,18,1748803
11655,1748846,60,1748906
11656,1748928,6,1748934
11657,1749038,87,1749125
11658,1749379,24,1749403
11659,1749411,126,1749537
11660,1749830,91,1749921
11661,1749936,2,1749938
11662,1750164,30,1750194
11663,1750282,26,1750308
11664,1750318,16,1750334
11665,1750535,20,1750555
11666,1750614,68,1750682
11667,1750833,137,1750970
11668,1750974,37,1751011
11669,1751120,6,1751126
11670,1751292,18,1751310
11671,1751414,36,1751450
11672,1751497,21,1751518
11673,1751581,82,1751663
11674,1751677,18,1751695
11675,1751737,49,1751786
11676,1751809,81,1751890
11677,1751943,17,1751960
11678,1751982,72,1752054
11679,1752201,8,1752209
11680,1752385,25,1752410
11681,1752413,35,1752448
11682,1752574,328,1752902
11683,1752954,31,1752985
11684,1753139,1,1753140
11685,1753222,31,1753253
11686,1753363,20,1753383
11687,1753415,32,1753447
11688,1753483,6,1753489
11689,1753783,36,1753819
11690,1754037,35,1754072
11691,1754194,26,1754220
11692,1754347,23,1754370
11693,1754570,10,1754580
11694,1754825,34,1754859
11695,1754977,56,1755033
11696,1755139,164,1755303
11697,1755338,160,1755498
11698,1755510,47,1755557
11699,1755635,44,1755679
11700,1755727,154,1755881
11701,1755912,5,1755917
11702,1755948,38,1755986
11703,1756060,41,1756101
11704,1756113,56,1756169
11705,1756263,27,1756290
11706,1756329,340,1756669
11707,1756783,94,1756877
11708,1756884,47,1756931
11709,1757042,16,1757058
11710,1757103,32,1757135
11711,1757297,26,1757323
11712,1757365,101,1757466
11713,1757476,90,1757566
11714,1757599,46,1757645
11715,1757761,9,1757770
11716,1757854,5,1757859
11717,1758028,27,1758055
11718,1758125,36,1758161
11719,1758235,97,1758332
11720,1758333,202,1758535
11721,1758602,102,1758704
11722,1758761,18,1758779
11723,1758855,141,1758996
11724,1759021,74,1759095
11725,1759288,43,1759331
11726,1759361,23,1759384
11727,1759390,4,1759394
11728,1759464,34,1759498
11729,1759769,12,1759781
11730,1759878,29,1759907
11731,1759983,70,1760053
11732,1760664,41,1760705
11733,1760847,69,1760916
11734,1761162,25,1761187
11735,1761236,44,1761280
11736,1761304,44,1761348
11737,1761410,35,1761445
11738,1761450,1,1761451
11739,1761567,2,1761569
11740,1761667,129,1761796
11741,1762212,144,1762356
11742,1762591,12,1762603
11743,1762684,12,1762696
11744,1762717,21,1762738
11745,1762927,89,1763016
11746,1763303,22,1763325
11747,1763405,4,1763409
11748,1763445,32,1763477
11749,1763541,1,1763542
11750,1763658,87,1763745
11751,1763825,4,1763829
11752,1763917,5,1763922
11753,1763947,20,1763967
11754,1763976,8,1763984
11755,1763990,6,1763996
11756,1764082,32,1764114
11757,1764122,1,1764123
11758,1764224,149,1764373
11759,1764403,19,1764422
11760,1764497,96,1764593
11761,1764717,144,1764861
11762,1764943,47,1764990
11763,1765108,4,1765112
11764,1765258,17,1765275
11765,1765290,174,1765464
11766,1765475,2,1765477
11767,1765503,17,1765520
11768,1765580,87,1765667
11769,1765712,107,1765819
11770,1765874,104,1765978
11771,1765986,57,1766043
11772,1766132,18,1766150
11773,1766171,21,1766192
11774,1766726,157,1766883
11775,1766981,51,1767032
11776,1767046,109,1767155
11777,1767397,44,1767441
11778,1767502,54,1767556
11779,1767697,110,1767807
11780,1767932,54,1767986
11781,1768021,24,1768045
11782,1768114,14,1768128
11783,1768180,34,1768214
11784,1768287,67,1768354
11785,1768360,60,1768420
11786,1768442,45,1768487
11787,1769012,78,1769090
11788,1769149,19,1769168
11789,1769358,8,1769366
11790,1769493,49,1769542
11791,1769567,25,1769592
11792,1769654,1,1769655
11793,1769822,18,1769840
11794,1769882,73,1769955
11795,1770304,99,1770403
11796,1770664,2,1770666
11797,1770709,73,1770782
11798,1770842,50,1770892
11799,1771132,33,1771165
11800,1771297,31,1771328
11801,1771412,26,1771438
11802,1771500,9,1771509
11803,1771609,49,1771658
11804,1771674,13,1771687
11805,1771787,30,1771817
11806,1771944,3,1771947
11807,1771993,1,1771994
11808,1772134,9,1772143
11809,1772244,2,1772246
11810,1772247,25,1772272
11811,1772392,21,1772413
11812,1772485,34,1772519
11813,1772593,29,1772622
11814,1772667,65,1772732
11815,1772779,5,1772784
11816,1772844,44,1772888
11817,1772957,68,1773025
11818,1773044,27,1773071
11819,1773091,59,1773150
11820,1773158,23,1773181
11821,1773315,86,1773401
11822,1773538,29,1773567
11823,1773605,89,1773694
11824,1773734,113,1773847
11825,1774126,102,1774228
11826,1774434,9,1774443
11827,1774528,38,1774566
11828,1774605,68,1774673
11829,1774740,116,1774856
11830,1775068,72,1775140
11831,1775248,11,1775259
11832,1775285,9,1775294
11833,1775330,9,1775339
11834,1775354,3,1775357
11835,1775464,9,1775473
11836,1775644,9,1775653
11837,1775685,152,1775837
11838,1775982,28,1776010
11839,1776026,27,1776053
11840,1776193,16,1776209
11841,1776233,9,1776242
11842,1776532,69,1776601
11843,1776731,16,1776747
11844,1777122,5,1777127
11845,1777190,42,1777232
11846,1777312,80,1777392
11847,1777399,49,1777448
11848,1777483,74,1777557
11849,1777722,63,1777785
11850,1777810,27,1777837
11851,1778014,31,1778045
11852,1778083,39,1778122
11853,1778210,16,1778226
11854,1778234,46,1778280
11855,1778449,95,1778544
11856,1778807,87,1778894
11857,1779144,60,1779204
11858,1779305,12,1779317
11859,1779339,39,1779378
11860,1779622,53,1779675
11861,1779816,32,1779848
11862,1779898,7,1779905
11863,1779966,10,1779976
11864,1780202,20,1780222
11865,1780467,11,1780478
11866,1780596,18,1780614
11867,1780688,4,1780692
11868,1780877,147,1781024
11869,1781056,66,1781122
11870,1781134,13,1781147
11871,1781207,73,1781280
11872,1781367,48,1781415
11873,1781664,3,1781667
11874,1781738,10,1781748
11875,1781861,64,1781925
11876,1781932,23,1781955
11877,1781956,186,1782142
11878,1782157,25,1782182
11879,1782234,5,1782239
11880,1782254,105,1782359
11881,1782388,66,1782454
11882,1782575,7,1782582
11883,1782710,115,1782825
11884,1782950,73,1783023
11885,1783154,55,1783209
11886,1783423,61,1783484
11887,1783506,108,1783614
11888,1783615,45,1783660
11889,1783837,52,1783889
11890,1784046,2,1784048
11891,1784059,115,1784174
11892,1784188,9,1784197
11893,1784216,161,1784377
11894,1784395,41,1784436
11895,1784570,96,1784666
11896,1784678,29,1784707
11897,1785146,42,1785188
11898,1785269,32,1785301
11899,1785315,4,1785319
11900,1785329,19,1785348
11901,1785361,21,1785382
11902,1785432,105,1785537
11903,1785540,150,1785690
11904,1785762,12,1785774
11905,1785806,51,1785857
11906,1785924,115,1786039
11907,1786311,83,1786394
11908,1786429,110,1786539
11909,1786758,38,1786796
11910,1786889,38,1786927
11911,1787006,37,1787043
11912,1787105,32,1787137
11913,1787220,17,1787237
11914,1787276,124,1787400
11915,1787481,45,1787526
11916,1787668,70,1787738
11917,1787829,4,1787833
11918,1787949,89,1788038
11919,1788252,52,1788304
11920,1788374,28,1788402
11921,1788455,39,1788494
11922,1788555,8,1788563
11923,1788571,41,1788612
11924,1788725,30,1788755
11925,1789015,218,1789233
11926,1789282,42,1789324
11927,1789336,1,1789337
11928,1789369,104,1789473
11929,1789790,2,1789792
11930,1789824,25,1789849
11931,1790235,34,1790269
11932,1790337,192,1790529
11933,1790620,86,1790706
11934,1790874,21,1790895
11935,1791056,11,1791067
11936,1791088,11,1791099
11937,1791117,41,1791158
11938,1791202,10,1791212
11939,1791264,9,1791273
11940,1791327,18,1791345
11941,1791368,77,1791445
11942,1791507,53,1791560
11943,1791566,34,1791600
11944,1791665,13,1791678
11945,1791727,67,1791794
11946,1791930,8,1791938
11947,1791963,45,1792008
11948,1792120,57,1792177
11949,1792238,9,1792247
11950,1792386,3,1792389
11951,1792550,5,1792555
11952,1792708,28,1792736
11953,1792774,56,1792830
11954,1793066,17,1793083
11955,1793092,135,1793227
11956,1793242,32,1793274
11957,1793291,15,1793306
11958,1793377,15,1793392
11959,1793512,33,1793545
11960,1793631,25,1793656
11961,1793772,287,1794059
11962,1794102,93,1794195
11963,1794490,61,1794551
11964,1794747,93,1794840
11965,1795067,77,1795144
11966,1795262,33,1795295
11967,1795316,22,1795338
11968,1795414,116,1795530
11969,1795764,66,1795830
11970,1795979,16,1795995
11971,1796279,35,1796314
11972,1796461,27,1796488
11973,1796625,133,1796758
11974,1796788,128,1796916
11975,1797043,58,1797101
11976,1797254,26,1797280
11977,1797330,187,1797517
11978,1797855,32,1797887
11979,1797949,50,1797999
11980,1798009,111,1798120
11981,1798335,137,1798472
11982,1798512,13,1798525
11983,1798562,12,1798574
11984,1798637,32,1798669
11985,1798678,13,1798691
11986,1798719,44,1798763
11987,1798783,15,1798798
11988,1798900,56,1798956
11989,1798974,15,1798989
11990,1799066,12,1799078
11991,1799247,1,1799248
11992,1799300,90,1799390
11993,1799439,6,1799445
11994,1799462,20,1799482
11995,1799728,11,1799739
11996,1799788,15,1799803
11997,1799954,43,1799997
11998,1800247,51,1800298
11999,1800332,35,1800367
12000,1800516,35,1800551
12001,1800608,122,1800730
12002,1800747,4,1800751
12003,1800850,4,1800854
12004,1800868,104,1800972
12005,1801223,16,1801239
12006,1801367,82,1801449
12007,1801648,38,1801686
12008,1801726,32,1801758
12009,1801771,3,1801774
12010,1801778,45,1801823
12011,1801893,91,1801984
12012,1802235,55,1802290
12013,1802397,21,1802418
12014,1802472,133,1802605
12015,1802722,9,1802731
12016,1802824,30,1802854
12017,1803120,48,1803168
12018,1803346,11,1803357
12019,1803358,28,1803386
12020,1803556,35,1803591
12021,1803608,38,1803646
12022,1803706,3,1803709
12023,1803767,80,1803847
12024,1803863,30,1803893
12025,1804344,22,1804366
12026,1804637,23,1804660
12027,1804847,8,1804855
12028,1804868,28,1804896
12029,1804920,15,1804935
12030,1805023,33,1805056
12031,1805238,34,1805272
12032,1805351,86,1805437
12033,1805470,6,1805476
12034,1805672,37,1805709
12035,1805730,2,1805732
12036,1805799,21,1805820
12037,1806216,94,1806310
12038,1806406,25,1806431
12039,1806478,21,1806499
12040,1806585,100,1806685
12041,1806700,36,1806736
12042,1806866,50,1806916
12043,1806948,3,1806951
12044,1806974,9,1806983
12045,1806992,64,1807056
12046,1807269,50,1807319
12047,1807357,106,1807463
12048,1807495,1,1807496
12049,1807518,90,1807608
12050,1807651,5,1807656
12051,1807677,7,1807684
12052,1807692,37,1807729
12053,1808011,31,1808042
12054,1808183,6,1808189
12055,1808211,4,1808215
12056,1808436,84,1808520
12057,1808645,21,1808666
12058,1808700,40,1808740
12059,1808800,34,1808834
12060,1808873,11,1808884
12061,1808895,60,1808955
12062,1808963,15,1808978
12063,1809084,80,1809164
12064,1809473,101,1809574
12065,1809577,112,1809689
12066,1809717,26,1809743
12067,1809767,60,1809827
12068,1809945,7,1809952
12069,1810033,67,1810100
12070,1810144,100,1810244
12071,1810453,9,1810462
12072,1810552,72,1810624
12073,1810729,49,1810778
12074,1810891,7,1810898
12075,1811034,25,1811059
12076,1811060,146,1811206
12077,1811309,8,1811317
12078,1811411,53,1811464
12079,1811561,34,1811595
12080,1811604,58,1811662
12081,1811738,41,1811779
12082,1811932,217,1812149
12083,1812203,11,1812214
12084,1812222,16,1812238
12085,1812497,3,1812500
12086,1812581,36,1812617
12087,1812784,121,1812905
12088,1812963,70,1813033
12089,1813143,16,1813159
12090,1813186,32,1813218
12091,1813258,22,1813280
12092,1813773,46,1813819
12093,1813856,115,1813971
12094,1814027,5,1814032
12095,1814081,16,1814097
12096,1814206,64,1814270
12097,1814311,81,1814392
12098,1814442,25,1814467
12099,1814575,22,1814597
12100,1814631,25,1814656
12101,1814786,48,1814834
12102,1815069,13,1815082
12103,1815150,58,1815208
12104,1815240,73,1815313
12105,1815725,36,1815761
12106,1815815,45,1815860
12107,1815936,81,1816017
12108,1816095,89,1816184
12109,1816185,45,1816230
12110,1816351,32,1816383
12111,1816426,62,1816488
12112,1816497,33,1816530
12113,1816545,25,1816570
12114,1816666,16,1816682
12115,1817168,68,1817236
12116,1817284,39,1817323
12117,1817383,33,1817416
12118,1817467,47,1817514
12119,1817561,7,1817568
12120,1817917,1,1817918
12121,1818045,36,1818081
12122,1818123,41,1818164
12123,1818207,39,1818246
12124,1818333,28,1818361
12125,1818407,6,1818413
12126,1818439,38,1818477
12127,1818587,29,1818616
12128,1818745,19,1818764
12129,1818836,26,1818862
12130,1818889,33,1818922
12131,1818963,53,1819016
12132,1819080,12,1819092
12133,1819144,15,1819159
12134,1819196,13,1819209
12135,1819292,23,1819315
12136,1819366,6,1819372
12137,1819377,37,1819414
12138,1819731,45,1819776
12139,1819911,21,1819932
12140,1819981,92,1820073
12141,1820147,26,1820173
12142,1820226,83,1820309
12143,1820324,75,1820399
12144,1820411,3,1820414
12145,1820445,14,1820459
12146,1820496,2,1820498
12147,1820506,58,1820564
12148,1820750,64,1820814
12149,1820825,67,1820892
12150,1821108,54,1821162
12151,1821194,40,1821234
12152,1821249,8,1821257
12153,1821303,59,1821362
12154,1821374,167,1821541
12155,1821627,83,1821710
12156,1821723,22,1821745
12157,1821765,3,1821768
12158,1821864,17,1821881
12159,1821903,3,1821906
12160,1822095,111,1822206
12161,1822510,79,1822589
12162,1822610,3,1822613
12163,1822757,59,1822816
12164,1822825,85,1822910
12165,1822912,107,1823019
12166,1823034,8,1823042
12167,1823140,221,1823361
12168,1823500,30,1823530
12169,1823541,63,1823604
12170,1823628,39,1823667
12171,1823830,23,1823853
12172,1823901,14,1823915
12173,1823933,46,1823979
12174,1824149,125,1824274
12175,1824432,43,1824475
12176,1824479,18,1824497
12177,1824564,86,1824650
12178,1824753,172,1824925
12179,1824948,12,1824960
12180,1824968,25,1824993
12181,1825014,10,1825024
12182,1825319,1,1825320
12183,1825374,66,1825440
12184,1825468,8,1825476
12185,1825611,66,1825677
12186,1825739,5,1825744
12187,1825811,57,1825868
12188,1825870,31,1825901
12189,1825915,181,1826096
12190,1826644,19,1826663
12191,1826713,32,1826745
12192,1826853,42,1826895
12193,1827323,8,1827331
12194,1827419,4,1827423
12195,1827557,10,1827567
12196,1827651,23,1827674
12197,1827726,10,1827736
12198,1828099,1,1828100
12199,1828128,87,1828215
12200,1828433,6,1828439
12201,1828594,38,1828632
12202,1828744,7,1828751
12203,1828768,176,1828944
12204,1828958,52,1829010
12205,1829231,9,1829240
12206,1829337,86,1829423
12207,1829509,116,1829625
12208,1829629,70,1829699
12209,1829709,40,1829749
12210,1829851,41,1829892
12211,1829910,110,1830020
12212,1830214,24,1830238
12213,1830290,57,1830347
12214,1830442,15,1830457
12215,1830539,14,1830553
12216,1830959,12,1830971
12217,1830982,1,1830983
12218,1831083,4,1831087
12219,1831271,101,1831372
12220,1831618,97,1831715
12221,1831790,25,1831815
12222,1831868,47,1831915
12223,1832100,26,1832126
12224,1832235,70,1832305
12225,1832373,69,1832442
12226,1832461,66,1832527
12227,1832545,50,1832595
12228,1832647,6,1832653
12229,1832875,64,1832939
12230,1832984,6,1832990
12231,1832996,116,1833112
12232,1833152,5,1833157
12233,1833222,45,1833267
12234,1833449,10,1833459
12235,1833791,24,1833815
12236,1833818,37,1833855
12237,1833878,23,1833901
12238,1833926,2,1833928
12239,1834057,46,1834103
12240,1834113,115,1834228
12241,1834361,14,1834375
12242,1834560,6,1834566
12243,1834746,18,1834764
12244,1834867,2,1834869
12245,1835286,4,1835290
12246,1835347,47,1835394
12247,1835447,14,1835461
12248,1835721,53,1835774
12249,1835992,28,1836020
12250,1836144,9,1836153
12251,1836184,44,1836228
12252,1836329,34,1836363
12253,1836398,99,1836497
12254,1836550,211,1836761
12255,1836842,5,1836847
12256,1836938,4,1836942
12257,1836968,43,1837011
12258,1837017,63,1837080
12259,1837567,69,1837636
12260,1837647,7,1837654
12261,1837722,54,1837776
12262,1837964,51,1838015
12263,1838070,47,1838117
12264,1838131,11,1838142
12265,1838155,28,1838183
12266,1838488,73,1838561
12267,1838731,9,1838740
12268,1838749,20,1838769
12269,1838776,36,1838812
12270,1838860,77,1838937
12271,1839009,22,1839031
12272,1839130,80,1839210
12273,1839263,295,1839558
12274,1840250,36,1840286
12275,1840307,33,1840340
12276,1840373,27,1840400
12277,1840409,72,1840481
12278,1840696,11,1840707
12279,1840738,26,1840764
12280,1840860,11,1840871
12281,1840899,26,1840925
12282,1840926,56,1840982
12283,1841129,88,1841217
12284,1841356,230,1841586
12285,1841587,81,1841668
12286,1841687,69,1841756
12287,1841942,15,1841957
12288,1842187,37,1842224
12289,1842237,54,1842291
12290,1842429,7,1842436
12291,1842469,69,1842538
12292,1842713,119,1842832
12293,1842926,54,1842980
12294,1843132,42,1843174
12295,1843218,2,1843220
12296,1843359,33,1843392
12297,1843430,31,1843461
12298,1843475,7,1843482
12299,1843514,2,1843516
12300,1843573,23,1843596
12301,1843613,31,1843644
12302,1843706,53,1843759
12303,1843827,51,1843878
12304,1843926,93,1844019
12305,1844036,106,1844142
12306,1844192,9,1844201
12307,1844218,23,1844241
12308,1844362,42,1844404
12309,1844463,34,1844497
12310,1844568,6,1844574
12311,1844670,33,1844703
12312,1844804,17,1844821
12313,1844971,2,1844973
12314,1845229,35,1845264
12315,1845297,17,1845314
12316,1845475,18,1845493
12317,1845565,70,1845635
12318,1845787,25,1845812
12319,1845919,4,1845923
12320,1845974,21,1845995
12321,1846104,20,1846124
12322,1846272,9,1846281
12323,1846325,201,1846526
12324,1846651,50,1846701
12325,1846809,43,1846852
12326,1846895,109,1847004
12327,1847079,17,1847096
12328,1847239,30,1847269
12329,1847325,16,1847341
12330,1847398,56,1847454
12331,1847614,67,1847681
12332,1847922,111,1848033
12333,1848037,44,1848081
12334,1848176,58,1848234
12335,1848248,87,1848335
12336,1848551,17,1848568
12337,1848643,15,1848658
12338,1849073,4,1849077
12339,1849121,84,1849205
12340,1849213,148,1849361
12341,1849437,30,1849467
12342,1849880,44,1849924
12343,1849928,8,1849936
12344,1850585,3,1850588
12345,1850636,72,1850708
12346,1850870,18,1850888
12347,1850918,77,1850995
12348,1851244,1,1851245
12349,1851279,55,1851334
12350,1851441,105,1851546
12351,1851618,26,1851644
12352,1851703,27,1851730
12353,1851767,141,1851908
12354,1851918,23,1851941
12355,1852028,41,1852069
12356,1852140,20,1852160
12357,1852161,26,1852187
12358,1852283,257,1852540
12359,1852660,21,1852681
12360,1852722,36,1852758
12361,1852778,17,1852795
12362,1852858,79,1852937
12363,1852946,70,1853016
12364,1853194,4,1853198
12365,1853268,45,1853313
12366,1853392,19,1853411
12367,1853464,25,1853489
12368,1853525,78,1853603
12369,1853615,263,1853878
12370,1853966,20,1853986
12371,1854292,86,1854378
12372,1854439,40,1854479
12373,1854532,31,1854563
12374,1854721,112,1854833
12375,1854981,157,1855138
12376,1855210,61,1855271
12377,1855574,30,1855604
12378,1855881,83,1855964
12379,1856306,34,1856340
12380,1856531,29,1856560
12381,1856831,14,1856845
12382,1856875,76,1856951
12383,1857031,212,1857243
12384,1857345,65,1857410
12385,1857854,20,1857874
12386,1858079,27,1858106
12387,1858239,32,1858271
12388,1858294,85,1858379
12389,1858395,28,1858423
12390,1858511,42,1858553
12391,1858580,123,1858703
12392,1859229,123,1859352
12393,1859361,52,1859413
12394,1859418,83,1859501
12395,1859569,15,1859584
12396,1859648,83,1859731
12397,1859748,11,1859759
12398,1859811,9,1859820
12399,1859822,1,1859823
12400,1859953,4,1859957
12401,1860005,16,1860021
12402,1860162,68,1860230
12403,1860325,22,1860347
12404,1860699,15,1860714
12405,1860853,4,1860857
12406,1860958,366,1861324
12407,1861347,95,1861442
12408,1861471,25,1861496
12409,1861594,81,1861675
12410,1861738,21,1861759
12411,1861795,99,1861894
12412,1862131,2,1862133
12413,1862175,46,1862221
12414,1862371,16,1862387
12415,1862491,4,1862495
12416,1862693,68,1862761
12417,1862787,141,1862928
12418,1863001,223,1863224
12419,1863789,12,1863801
12420,1863895,62,1863957
12421,1864043,25,1864068
12422,1864144,12,1864156
12423,1864194,4,1864198
12424,1864246,9,1864255
12425,1864285,9,1864294
12426,1864715,26,1864741
12427,1864842,16,1864858
12428,1865154,95,1865249
12429,1865330,54,1865384
12430,1865422,6,1865428
12431,1865443,98,1865541
12432,1865691,207,1865898
12433,1865961,21,1865982
12434,1866025,19,1866044
12435,1866155,151,1866306
12436,1866487,129,1866616
12437,1866669,30,1866699
12438,1866864,131,1866995
12439,1867013,40,1867053
12440,1867140,140,1867280
12441,1867423,35,1867458
12442,1867460,53,1867513
12443,1867584,69,1867653
12444,1867699,9,1867708
12445,1867762,2,1867764
12446,1867903,16,1867919
12447,1867928,36,1867964
12448,1868176,3,1868179
12449,1868281,52,1868333
12450,1868408,7,1868415
12451,1868436,57,1868493
12452,1868505,90,1868595
12453,1868657,26,1868683
12454,1868704,28,1868732
12455,1868768,3,1868771
12456,1868803,22,1868825
12457,1868832,31,1868863
12458,1868955,248,1869203
12459,1869231,33,1869264
12460,1869361,27,1869388
12461,1869481,39,1869520
12462,1869539,88,1869627
12463,1870095,11,1870106
12464,1870124,36,1870160
12465,1870260,35,1870295
12466,1870421,11,1870432
12467,1870476,74,1870550
12468,1870653,13,1870666
12469,1870723,13,1870736
12470,1870748,61,1870809
12471,1870902,89,1870991
12472,1870998,121,1871119
12473,1871647,17,1871664
12474,1872047,54,1872101
12475,1872121,59,1872180
12476,1872209,80,1872289
12477,1872324,22,1872346
12478,1872382,47,1872429
12479,1872549,67,1872616
12480,1872772,57,1872829
12481,1872902,37,1872939
12482,1873059,3,1873062
12483,1873221,65,1873286
12484,1873410,81,1873491
12485,1873501,17,1873518
12486,1873770,29,1873799
12487,1873871,59,1873930
12488,1874026,19,1874045
12489,1874139,39,1874178
12490,1874249,30,1874279
12491,1874341,51,1874392
12492,1874498,56,1874554
12493,1874565,70,1874635
12494,1874743,14,1874757
12495,1874787,27,1874814
12496,1874917,196,1875113
12497,1875201,45,1875246
12498,1875275,2,1875277
12499,1875479,76,1875555
12500,1875680,3,1875683
12501,1875795,1,1875796
12502,1875906,3,1875909
12503,1876193,18,1876211
12504,1876242,58,1876300
12505,1876357,20,1876377
12506,1876399,31,1876430
12507,1876457,7,1876464
12508,1876672,21,1876693
12509,1876741,38,1876779
12510,1876922,20,1876942
12511,1877048,82,1877130
12512,1877170,182,1877352
12513,1877629,42,1877671
12514,1877703,16,1877719
12515,1877753,14,1877767
12516,1877989,30,1878019
12517,1878240,14,1878254
12518,1878266,79,1878345
12519,1878438,47,1878485
12520,1878507,60,1878567
12521,1878731,24,1878755
12522,1878901,18,1878919
12523,1878966,26,1878992
12524,1879181,41,1879222
12525,1879263,89,1879352
12526,1879392,10,1879402
12527,1879706,2,1879708
12528,1879818,148,1879966
12529,1879987,6,1879993
12530,1880028,5,1880033
12531,1880065,88,1880153
12532,1880267,77,1880344
12533,1880388,26,1880414
12534,1880469,26,1880495
12535,1880558,141,1880699
12536,1880741,136,1880877
12537,1880931,87,1881018
12538,1881248,27,1881275
12539,1881343,5,1881348
12540,1881409,108,1881517
12541,1881582,121,1881703
12542,1881718,43,1881761
12543,1881810,22,1881832
12544,1881967,39,1882006
12545,1882059,8,1882067
12546,1882143,51,1882194
12547,1882287,88,1882375
12548,1882579,13,1882592
12549,1883028,28,1883056
12550,1883095,92,1883187
12551,1883232,1,1883233
12552,1883468,73,1883541
12553,1883614,3,1883617
12554,1883891,25,1883916
12555,1884055,48,1884103
12556,1884230,84,1884314
12557,1884445,1,1884446
12558,1884492,34,1884526
12559,1884603,19,1884622
12560,1884726,23,1884749
12561,1884813,23,1884836
12562,1884841,79,1884920
12563,1884940,65,1885005
12564,1885040,2,1885042
12565,1885096,48,1885144
12566,1885247,39,1885286
12567,1885480,38,1885518
12568,1885627,64,1885691
12569,1885855,24,1885879
12570,1885921,43,1885964
12571,1886194,4,1886198
12572,1886204,107,1886311
12573,1886405,8,1886413
12574,1886439,52,1886491
12575,1886519,58,1886577
12576,1886623,1,1886624
12577,1886667,58,1886725
12578,1886768,40,1886808
12579,1886840,1,1886841
12580,1887166,58,1887224
12581,1887344,156,1887500
12582,1887645,16,1887661
12583,1887743,138,1887881
12584,1888070,38,1888108
12585,1888249,11,1888260
12586,1888423,69,1888492
12587,1888544,54,1888598
12588,1888617,93,1888710
12589,1888829,37,1888866
12590,1888901,46,1888947
12591,1888979,4,1888983
12592,1889015,102,1889117
12593,1889191,44,1889235
12594,1889274,19,1889293
12595,1889545,33,1889578
12596,1889631,90,1889721
12597,1889789,17,1889806
12598,1890095,59,1890154
12599,1890200,44,1890244
12600,1890350,18,1890368
12601,1890675,14,1890689
12602,1890876,1,1890877
12603,1890891,10,1890901
12604,1890910,41,1890951
12605,1890988,22,1891010
12606,1891040,22,1891062
12607,1891223,15,1891238
12608,1891339,64,1891403
12609,1891592,41,1891633
12610,1891678,42,1891720
12611,1891746,16,1891762
12612,1891923,87,1892010
12613,1892029,5,1892034
12614,1892088,197,1892285
12615,1892302,57,1892359
12616,1892434,22,1892456
12617,1892549,46,1892595
12618,1892598,19,1892617
12619,1892658,100,1892758
12620,1892921,34,1892955
12621,1893148,75,1893223
12622,1893461,6,1893467
12623,1893546,100,1893646
12624,1893815,35,1893850
12625,1893913,26,1893939
12626,1894000,222,1894222
12627,1894335,39,1894374
12628,1894405,3,1894408
12629,1894449,6,1894455
12630,1894510,63,1894573
12631,1894811,135,1894946
12632,1895047,101,1895148
12633,1895465,17,1895482
12634,1895682,8,1895690
12635,1895730,6,1895736
12636,1895771,19,1895790
12637,1896172,44,1896216
12638,1896248,19,1896267
12639,1896308,18,1896326
12640,1896349,112,1896461
12641,1896596,18,1896614
12642,1896779,24,1896803
12643,1896829,7,1896836
12644,1896858,47,1896905
12645,1897257,76,1897333
12646,1897393,27,1897420
12647,1897656,48,1897704
12648,1897819,15,1897834
12649,1897846,117,1897963
12650,1897978,12,1897990
12651,1898003,36,1898039
12652,1898043,28,1898071
12653,1898175,19,1898194
12654,1898261,3,1898264
12655,1898433,48,1898481
12656,1898523,53,1898576
12657,1898804,69,1898873
12658,1898875,2,1898877
12659,1899038,69,1899107
12660,1899166,64,1899230
12661,1899250,5,1899255
12662,1899285,73,1899358
12663,1899406,37,1899443
12664,1899459,60,1899519
12665,1899537,12,1899549
12666,1899555,68,1899623
12667,1899631,12,1899643
12668,1899666,5,1899671
12669,1899780,27,1899807
12670,1900046,13,1900059
12671,1900085,45,1900130
12672,1900217,10,1900227
12673,1900261,13,1900274
12674,1900483,29,1900512
12675,1900541,13,1900554
12676,1900636,98,1900734
12677,1900785,91,1900876
12678,1900923,63,1900986
12679,1901045,7,1901052
12680,1901068,139,1901207
12681,1901242,23,1901265
12682,1901316,7,1901323
12683,1901373,13,1901386
12684,1901579,59,1901638
12685,1901993,18,1902011
12686,1902052,29,1902081
12687,1902085,20,1902105
12688,1902297,26,1902323
12689,1902347,15,1902362
12690,1902407,6,1902413
12691,1902561,27,1902588
12692,1902895,43,1902938
12693,1903048,13,1903061
12694,1903124,10,1903134
12695,1903153,158,1903311
12696,1903362,35,1903397
12697,1903445,20,1903465
12698,1903566,91,1903657
12699,1903760,98,1903858
12700,1904255,41,1904296
12701,1904431,33,1904464
12702,1904537,6,1904543
12703,1904746,98,1904844
12704,1904845,94,1904939
12705,1905344,26,1905370
12706,1905436,2,1905438
12707,1905445,9,1905454
12708,1905672,25,1905697
12709,1905924,19,1905943
12710,1905982,20,1906002
12711,1906272,93,1906365
12712,1906469,147,1906616
12713,1906841,48,1906889
12714,1907079,10,1907089
12715,1907210,135,1907345
12716,1907505,1,1907506
12717,1907516,21,1907537
12718,1907562,64,1907626
12719,1907694,29,1907723
12720,1907888,93,1907981
12721,1908021,43,1908064
12722,1908154,29,1908183
12723,1908188,29,1908217
12724,1908294,7,1908301
12725,1908308,17,1908325
12726,1908356,23,1908379
12727,1908426,31,1908457
12728,1908621,65,1908686
12729,1908701,21,1908722
12730,1908730,44,1908774
12731,1908854,1,1908855
12732,1909065,24,1909089
12733,1909147,30,1909177
12734,1909269,34,1909303
12735,1909325,26,1909351
12736,1909590,15,1909605
12737,1909637,62,1909699
12738,1909815,2,1909817
12739,1909826,102,1909928
12740,1909944,62,1910006
12741,1910177,77,1910254
12742,1910370,66,1910436
12743,1910578,44,1910622
12744,1910637,2,1910639
12745,1910871,56,1910927
12746,1911081,64,1911145
12747,1911290,137,1911427
12748,1911580,17,1911597
12749,1911602,145,1911747
12750,1911836,6,1911842
12751,1911855,87,1911942
12752,1912035,5,1912040
12753,1912093,8,1912101
12754,1912183,40,1912223
12755,1912323,58,1912381
12756,1912473,26,1912499
12757,1912508,38,1912546
12758,1912575,38,1912613
12759,1912631,10,1912641
12760,1912688,32,1912720
12761,1912737,10,1912747
12762,1912832,7,1912839
12763,1913004,93,1913097
12764,1913218,64,1913282
12765,1913404,16,1913420
12766,1913432,92,1913524
12767,1913587,69,1913656
12768,1913916,30,1913946
12769,1914215,7,1914222
12770,1914639,8,1914647
12771,1914669,17,1914686
12772,1914852,75,1914927
12773,1915046,159,1915205
12774,1915229,79,1915308
12775,1915387,54,1915441
12776,1915451,3,1915454
12777,1915460,49,1915509
12778,1915626,10,1915636
12779,1915643,7,1915650
12780,1916150,86,1916236
12781,1916340,72,1916412
12782,1916487,35,1916522
12783,1916670,51,1916721
12784,1916796,57,1916853
12785,1916920,16,1916936
12786,1917050,30,1917080
12787,1917099,99,1917198
12788,1917309,16,1917325
12789,1917515,47,1917562
12790,1917634,28,1917662
12791,1917719,23,1917742
12792,1917812,28,1917840
12793,1917872,26,1917898
12794,1917971,50,1918021
12795,1918276,152,1918428
12796,1918476,29,1918505
12797,1918512,31,1918543
12798,1918628,63,1918691
12799,1918734,16,1918750
12800,1919171,110,1919281
12801,1919538,42,1919580
12802,1919688,53,1919741
12803,1919762,1,1919763
12804,1919793,96,1919889
12805,1920000,25,1920025
12806,1920245,5,1920250
12807,1920379,50,1920429
12808,1920506,70,1920576
12809,1920784,52,1920836
12810,1920861,3,1920864
12811,1920965,8,1920973
12812,1921006,37,1921043
12813,1921099,70,1921169
12814,1921174,226,1921400
12815,1921423,123,1921546
12816,1921764,10,1921774
12817,1921963,75,1922038
12818,1922122,115,1922237
12819,1922311,68,1922379
12820,1922510,8,1922518
12821,1922699,315,1923014
12822,1923253,19,1923272
12823,1923648,44,1923692
12824,1923770,11,1923781
12825,1923833,22,1923855
12826,1923859,69,1923928
12827,1923956,69,1924025
12828,1924218,22,1924240
12829,1924398,35,1924433
12830,1924557,35,1924592
12831,1924647,48,1924695
12832,1924782,4,1924786
12833,1924794,34,1924828
12834,1924947,19,1924966
12835,1925001,88,1925089
12836,1925152,206,1925358
12837,1925512,92,1925604
12838,1925642,46,1925688
12839,1925706,50,1925756
12840,1925796,93,1925889
12841,1926188,30,1926218
12842,1926342,230,1926572
12843,1926625,13,1926638
12844,1926713,12,1926725
12845,1926848,81,1926929
12846,1926983,51,1927034
12847,1927060,44,1927104
12848,1927320,17,1927337
12849,1927433,6,1927439
12850,1927484,6,1927490
12851,1927537,65,1927602
12852,1927782,1,1927783
12853,1927881,89,1927970
12854,1928009,17,1928026
12855,1928030,81,1928111
12856,1928170,29,1928199
12857,1928218,99,1928317
12858,1928377,15,1928392
12859,1928434,16,1928450
12860,1928607,16,1928623
12861,1928693,11,1928704
12862,1928730,18,1928748
12863,1928859,1,1928860
12864,1928903,35,1928938
12865,1929057,5,1929062
12866,1929327,24,1929351
12867,1929363,18,1929381
12868,1929398,157,1929555
12869,1929612,13,1929625
12870,1929687,16,1929703
12871,1930015,101,1930116
12872,1930257,130,1930387
12873,1930438,26,1930464
12874,1930503,3,1930506
12875,1930689,17,1930706
12876,1930721,12,1930733
12877,1930746,15,1930761
12878,1931209,158,1931367
12879,1931474,40,1931514
12880,1931587,57,1931644
12881,1931845,58,1931903
12882,1931979,19,1931998
12883,1932108,137,1932245
12884,1932330,27,1932357
12885,1932516,12,1932528
12886,1932584,172,1932756
12887,1932948,18,1932966
12888,1933147,14,1933161
12889,1933376,11,1933387
12890,1933431,25,1933456
12891,1933487,79,1933566
12892,1933702,28,1933730
12893,1933733,29,1933762
12894,1934047,21,1934068
12895,1934146,109,1934255
12896,1934345,201,1934546
12897,1934700,72,1934772
12898,1935128,114,1935242
12899,1935350,7,1935357
12900,1935407,53,1935460
12901,1935523,90,1935613
12902,1935614,162,1935776
12903,1936039,60,1936099
12904,1936132,32,1936164
12905,1936229,69,1936298
12906,1936327,17,1936344
12907,1936401,60,1936461
12908,1936522,93,1936615
12909,1936840,8,1936848
12910,1936897,52,1936949
12911,1937138,20,1937158
12912,1937186,85,1937271
12913,1937277,64,1937341
12914,1937351,6,1937357
12915,1937960,60,1938020
12916,1938036,49,1938085
12917,1938119,7,1938126
12918,1938144,51,1938195
12919,1938225,62,1938287
12920,1938303,55,1938358
12921,1938387,202,1938589
12922,1938833,50,1938883
12923,1938997,137,1939134
12924,1939209,83,1939292
12925,1939345,114,1939459
12926,1939501,84,1939585
12927,1939752,22,1939774
12928,1939938,16,1939954
12929,1939991,41,1940032
12930,1940265,98,1940363
12931,1940379,17,1940396
12932,1940454,8,1940462
12933,1940510,37,1940547
12934,1940939,24,1940963
12935,1941017,69,1941086
12936,1941100,18,1941118
12937,1941136,35,1941171
12938,1941183,97,1941280
12939,1941573,15,1941588
12940,1941659,23,1941682
12941,1941684,5,1941689
12942,1941714,59,1941773
12943,1941942,143,1942085
12944,1942099,71,1942170
12945,1942199,57,1942256
12946,1942549,29,1942578
12947,1942592,19,1942611
12948,1942760,28,1942788
12949,1942953,26,1942979
12950,1943009,24,1943033
12951,1943079,77,1943156
12952,1943284,29,1943313
12953,1943350,66,1943416
12954,1943479,36,1943515
12955,1943576,6,1943582
12956,1943588,23,1943611
12957,1943711,35,1943746
12958,1943754,21,1943775
12959,1944123,36,1944159
12960,1944267,26,1944293
12961,1944394,80,1944474
12962,1944616,9,1944625
12963,1944761,50,1944811
12964,1944910,8,1944918
12965,1945002,32,1945034
12966,1945096,78,1945174
12967,1945208,59,1945267
12968,1945284,20,1945304
12969,1945308,8,1945316
12970,1945320,7,1945327
12971,1945330,1,1945331
12972,1945448,153,1945601
12973,1945700,5,1945705
12974,1945711,340,1946051
12975,1946362,18,1946380
12976,1946791,60,1946851
12977,1946893,49,1946942
12978,1946964,28,1946992
12979,1947032,3,1947035
12980,1947046,27,1947073
12981,1947078,3,1947081
12982,1947085,2,1947087
12983,1947114,38,1947152
12984,1947165,31,1947196
12985,1947275,13,1947288
12986,1947348,17,1947365
12987,1947381,26,1947407
12988,1947595,52,1947647
12989,1947691,29,1947720
12990,1947768,23,1947791
12991,1947804,19,1947823
12992,1947826,28,1947854
12993,1947955,37,1947992
12994,1948103,59,1948162
12995,1948192,6,1948198
12996,1948235,3,1948238
12997,1948298,62,1948360
12998,1948446,112,1948558
12999,1948631,46,1948677
13000,1948866,3,1948869
13001,1948965,22,1948987
13002,1949017,224,1949241
13003,1949333,66,1949399
13004,1949427,33,1949460
13005,1949556,100,1949656
13006,1949711,4,1949715
13007,1949742,146,1949888
13008,1950055,20,1950075
13009,1950146,176,1950322
13010,1950359,61,1950420
13011,1950475,4,1950479
13012,1950517,13,1950530
13013,1950538,15,1950553
13014,1950611,2,1950613
13015,1950635,22,1950657
13016,1950959,67,1951026
13017,1951073,14,1951087
13018,1951129,40,1951169
13019,1951304,15,1951319
13020,1951387,7,1951394
13021,1951453,11,1951464
13022,1951574,35,1951609
13023,1951635,2,1951637
13024,1951680,27,1951707
13025,1951767,37,1951804
13026,1951915,38,1951953
13027,1952006,65,1952071
13028,1952081,3,1952084
13029,1952271,16,1952287
13030,1952338,79,1952417
13031,1952560,25,1952585
13032,1952604,152,1952756
13033,1952837,75,1952912
13034,1952919,59,1952978
13035,1953194,18,1953212
13036,1953217,78,1953295
13037,1953299,9,1953308
13038,1953413,10,1953423
13039,1953772,48,1953820
13040,1953953,19,1953972
13041,1954021,53,1954074
13042,1954110,20,1954130
13043,1954448,283,1954731
13044,1954796,59,1954855
13045,1955566,47,1955613
13046,1955629,71,1955700
13047,1955900,23,1955923
13048,1955930,191,1956121
13049,1956238,2,1956240
13050,1956466,118,1956584
13051,1956653,83,1956736
13052,1956774,1,1956775
13053,1956804,123,1956927
13054,1956933,26,1956959
13055,1957160,47,1957207
13056,1957217,105,1957322
13057,1957382,27,1957409
13058,1957525,22,1957547
13059,1957633,5,1957638
13060,1957717,4,1957721
13061,1957811,81,1957892
13062,1958174,68,1958242
13063,1958463,2,1958465
13064,1958720,19,1958739
13065,1958769,9,1958778
13066,1958794,203,1958997
13067,1959159,51,1959210
13068,1959346,5,1959351
13069,1959496,65,1959561
13070,1959689,82,1959771
13071,1959888,70,1959958
13072,1960161,29,1960190
13073,1960215,3,1960218
13074,1960268,48,1960316
13075,1960355,18,1960373
13076,1960415,16,1960431
13077,1960648,33,1960681
13078,1960723,60,1960783
13079,1960841,36,1960877
13080,1960898,27,1960925
13081,1961095,92,1961187
13082,1961390,77,1961467
13083,1961507,22,1961529
13084,1961533,16,1961549
13085,1961632,181,1961813
13086,1961843,31,1961874
13087,1962073,36,1962109
13088,1962253,30,1962283
13089,1962312,32,1962344
13090,1962507,14,1962521
13091,1962687,55,1962742
13092,1962766,2,1962768
13093,1962834,17,1962851
13094,1963142,30,1963172
13095,1963210,11,1963221
13096,1963314,20,1963334
13097,1963343,44,1963387
13098,1963522,110,1963632
13099,1963750,53,1963803
13100,1963975,15,1963990
13101,1964027,33,1964060
13102,1964097,26,1964123
13103,1964181,47,1964228
13104,1964303,34,1964337
13105,1964397,46,1964443
13106,1964576,13,1964589
13107,1964929,54,1964983
13108,1965050,11,1965061
13109,1965148,17,1965165
13110,1965268,40,1965308
13111,1965324,5,1965329
13112,1965666,51,1965717
13113,1965963,31,1965994
13114,1966024,103,1966127
13115,1966182,26,1966208
13116,1966253,38,1966291
13117,1966511,40,1966551
13118,1966635,129,1966764
13119,1966795,27,1966822
13120,1966851,81,1966932
13121,1967070,244,1967314
13122,1967421,7,1967428
13123,1967491,34,1967525
13124,1967589,22,1967611
13125,1967679,20,1967699
13126,1967735,18,1967753
13127,1967955,31,1967986
13128,1968041,63,1968104
13129,1968148,11,1968159
13130,1968272,27,1968299
13131,1968436,36,1968472
13132,1968486,4,1968490
13133,1968508,103,1968611
13134,1968662,85,1968747
13135,1968856,65,1968921
13136,1969052,8,1969060
13137,1969160,13,1969173
13138,1969187,55,1969242
13139,1969285,274,1969559
13140,1969575,20,1969595
13141,1969683,19,1969702
13142,1969735,28,1969763
13143,1969776,73,1969849
13144,1969910,57,1969967
13145,1970107,16,1970123
13146,1970238,3,1970241
13147,1970296,30,1970326
13148,1970394,64,1970458
13149,1970459,5,1970464
13150,1970499,100,1970599
13151,1970641,137,1970778
13152,1971056,6,1971062
13153,1971128,53,1971181
13154,1971214,115,1971329
13155,1971537,87,1971624
13156,1971717,19,1971736
13157,1971796,108,1971904
13158,1972013,140,1972153
13159,1972163,19,1972182
13160,1972218,48,1972266
13161,1972269,27,1972296
13162,1972397,49,1972446
13163,1972549,100,1972649
13164,1972716,18,1972734
13165,1973264,55,1973319
13166,1973344,12,1973356
13167,1973535,25,1973560
13168,1973657,61,1973718
13169,1973846,7,1973853
13170,1973877,18,1973895
13171,1973947,20,1973967
13172,1974065,33,1974098
13173,1974175,86,1974261
13174,1974425,93,1974518
13175,1974763,7,1974770
13176,1974824,23,1974847
13177,1974940,52,1974992
13178,1975004,7,1975011
13179,1975082,31,1975113
13180,1975199,144,1975343
13181,1975406,39,1975445
13182,1975572,2,1975574
13183,1975745,6,1975751
13184,1975836,77,1975913
13185,1976009,23,1976032
13186,1976042,17,1976059
13187,1976103,36,1976139
13188,1976517,42,1976559
13189,1976585,10,1976595
13190,1976624,37,1976661
13191,1976689,118,1976807
13192,1976835,28,1976863
13193,1976933,78,1977011
13194,1977020,44,1977064
13195,1977074,33,1977107
13196,1977116,33,1977149
13197,1977234,29,1977263
13198,1977439,194,1977633
13199,1977785,5,1977790
13200,1977923,24,1977947
13201,1978019,7,1978026
13202,1978107,10,1978117
13203,1978222,66,1978288
13204,1978393,241,1978634
13205,1978840,1,1978841
13206,1978975,3,1978978
13207,1979009,38,1979047
13208,1979115,73,1979188
13209,1979434,14,1979448
13210,1979454,36,1979490
13211,1979633,47,1979680
13212,1979719,87,1979806
13213,1979863,27,1979890
13214,1980007,2,1980009
13215,1980062,42,1980104
13216,1980162,25,1980187
13217,1980322,198,1980520
13218,1980522,10,1980532
13219,1980676,1,1980677
13220,1980679,67,1980746
13221,1980776,14,1980790
13222,1980969,92,1981061
13223,1981095,75,1981170
13224,1981176,111,1981287
13225,1981323,171,1981494
13226,1981502,48,1981550
13227,1981639,8,1981647
13228,1981689,36,1981725
13229,1981798,9,1981807
13230,1981834,58,1981892
13231,1981916,89,1982005
13232,1982158,68,1982226
13233,1982279,30,1982309
13234,1982343,10,1982353
13235,1982392,29,1982421
13236,1982603,116,1982719
13237,1982731,17,1982748
13238,1982844,5,1982849
13239,1982855,18,1982873
13240,1982948,17,1982965
13241,1982968,26,1982994
13242,1982998,6,1983004
13243,1983028,44,1983072
13244,1983098,3,1983101
13245,1983133,208,1983341
13246,1983361,19,1983380
13247,1983578,37,1983615
13248,1983725,50,1983775
13249,1983870,54,1983924
13250,1983971,154,1984125
13251,1984144,78,1984222
13252,1984240,71,1984311
13253,1984339,7,1984346
13254,1984403,33,1984436
13255,1984466,7,1984473
13256,1984496,116,1984612
13257,1984634,4,1984638
13258,1984709,41,1984750
13259,1984899,37,1984936
13260,1984955,106,1985061
13261,1985070,13,1985083
13262,1985531,16,1985547
13263,1985682,19,1985701
13264,1985744,36,1985780
13265,1985820,29,1985849
13266,1986278,29,1986307
13267,1986522,39,1986561
13268,1986607,1,1986608
13269,1986611,25,1986636
13270,1986867,18,1986885
13271,1986970,10,1986980
13272,1986983,41,1987024
13273,1987095,35,1987130
13274,1987269,71,1987340
13275,1987478,18,1987496
13276,1987901,9,1987910
13277,1988022,22,1988044
13278,1988070,15,1988085
13279,1988131,70,1988201
13280,1988362,123,1988485
13281,1988888,31,1988919
13282,1989071,16,1989087
13283,1989102,22,1989124
13284,1989242,1,1989243
13285,1989339,69,1989408
13286,1989554,75,1989629
13287,1989652,311,1989963
13288,1989988,41,1990029
13289,1990127,56,1990183
13290,1990202,156,1990358
13291,1990364,38,1990402
13292,1990407,1,1990408
13293,1990558,50,1990608
13294,1990773,56,1990829
13295,1990911,15,1990926
13296,1991048,79,1991127
13297,1991128,79,1991207
13298,1991246,8,1991254
13299,1991307,71,1991378
13300,1991430,43,1991473
13301,1991545,18,1991563
13302,1991798,178,1991976
13303,1992243,2,1992245
13304,1992252,84,1992336
13305,1992549,44,1992593
13306,1992679,58,1992737
13307,1992835,8,1992843
13308,1993104,3,1993107
13309,1993148,13,1993161
13310,1993293,80,1993373
13311,1993463,92,1993555
13312,1993714,51,1993765
13313,1993770,32,1993802
13314,1993806,53,1993859
13315,1994122,45,1994167
13316,1994183,34,1994217
13317,1994317,34,1994351
13318,1994374,10,1994384
13319,1994585,30,1994615
13320,1994649,3,1994652
13321,1994696,34,1994730
13322,1995243,22,1995265
13323,1995414,8,1995422
13324,1995499,29,1995528
13325,1995788,190,1995978
13326,1996021,49,1996070
13327,1996111,51,1996162
13328,1996165,41,1996206
13329,1996357,169,1996526
13330,1996689,40,1996729
13331,1996812,11,1996823
13332,1996870,37,1996907
13333,1997185,17,1997202
13334,1997321,389,1997710
13335,1997778,101,1997879
13336,1997885,2,1997887
13337,1997940,71,1998011
13338,1998015,22,1998037
13339,1998059,1,1998060
13340,1998205,123,1998328
13341,1998405,179,1998584
13342,1998614,57,1998671
13343,1998825,14,1998839
13344,1999128,57,1999185
13345,1999315,32,1999347
13346,1999386,334,1999720
13347,1999734,2,1999736
13348,1999824,6,1999830
13349,1999879,3,1999882
13350,1999908,71,1999979
13351,2000025,19,2000044
13352,2000160,34,2000194
13353,2000266,64,2000330
13354,2000384,48,2000432
13355,2000623,14,2000637
13356,2000714,15,2000729
13357,2000770,34,2000804
13358,2000816,17,2000833
13359,2000847,43,2000890
13360,2000937,14,2000951
13361,2000977,12,2000989
13362,2001430,2,2001432
13363,2001535,7,2001542
13364,2001669,45,2001714
13365,2001852,16,2001868
13366,2001991,26,2002017
13367,2002106,87,2002193
13368,2002290,23,2002313
13369,2002479,78,2002557
13370,2002593,25,2002618
13371,2002650,58,2002708
13372,2002723,27,2002750
13373,2002795,97,2002892
13374,2002957,27,2002984
13375,2003009,85,2003094
13376,2003129,2,2003131
13377,2003166,36,2003202
13378,2003377,21,2003398
13379,2003514,226,2003740
13380,2003861,106,2003967
13381,2003983,8,2003991
13382,2004014,22,2004036
13383,2004215,20,2004235
13384,2004303,94,2004397
13385,2004700,31,2004731
13386,2004736,52,2004788
13387,2004878,4,2004882
13388,2004927,79,2005006
13389,2005213,11,2005224
13390,2005325,89,2005414
13391,2005702,35,2005737
13392,2005761,82,2005843
13393,2005942,177,2006119
13394,2006190,70,2006260
13395,2006413,28,2006441
13396,2006590,34,2006624
13397,2006651,28,2006679
13398,2006757,54,2006811
13399,2006916,39,2006955
13400,2006975,80,2007055
13401,2007087,2,2007089
13402,2007207,33,2007240
13403,2007374,60,2007434
13404,2007473,28,2007501
13405,2007606,6,2007612
13406,2007631,142,2007773
13407,2007851,75,2007926
13408,2007945,19,2007964
13409,2008074,32,2008106
13410,2008214,2,2008216
13411,2008261,105,2008366
13412,2008459,65,2008524
13413,2008685,24,2008709
13414,2008840,72,2008912
13415,2009029,51,2009080
13416,2009291,31,2009322
13417,2009330,40,2009370
13418,2009371,26,2009397
13419,2009492,40,2009532
13420,2009620,97,2009717
13421,2010066,63,2010129
13422,2010469,29,2010498
13423,2010578,27,2010605
13424,2010735,87,2010822
13425,2010982,88,2011070
13426,2011327,25,2011352
13427,2011385,35,2011420
13428,2011956,285,2012241
13429,2012412,37,2012449
13430,2012641,5,2012646
13431,2012722,127,2012849
13432,2013022,5,2013027
13433,2013200,7,2013207
13434,2013470,89,2013559
13435,2013705,90,2013795
13436,2013944,26,2013970
13437,2014110,80,2014190
13438,2014340,14,2014354
13439,2014382,163,2014545
13440,2014548,11,2014559
13441,2014604,22,2014626
13442,2014669,4,2014673
13443,2014696,19,2014715
13444,2014728,73,2014801
13445,2014810,64,2014874
13446,2014916,10,2014926
13447,2014947,17,2014964
13448,2014990,13,2015003
13449,2015006,82,2015088
13450,2015189,3,2015192
13451,2015266,4,2015270
13452,2015400,48,2015448
13453,2015491,9,2015500
13454,2015655,23,2015678
13455,2015796,71,2015867
13456,2016049,72,2016121
13457,2016172,34,2016206
13458,2016453,42,2016495
13459,2016573,12,2016585
13460,2016628,13,2016641
13461,2016710,5,2016715
13462,2016741,29,2016770
13463,2016991,33,2017024
13464,2017073,30,2017103
13465,2017134,7,2017141
13466,2017165,4,2017169
13467,2017304,34,2017338
13468,2017412,4,2017416
13469,2017472,4,2017476
13470,2017591,18,2017609
13471,2017763,22,2017785
13472,2017865,7,2017872
13473,2018013,62,2018075
13474,2018114,140,2018254
13475,2018531,33,2018564
13476,2018595,80,2018675
13477,2018840,70,2018910
13478,2018920,58,2018978
13479,2019317,65,2019382
13480,2019428,2,2019430
13481,2019463,1,2019464
13482,2019594,121,2019715
13483,2019758,5,2019763
13484,2019767,22,2019789
13485,2019798,40,2019838
13486,2019941,66,2020007
13487,2020039,20,2020059
13488,2020206,36,2020242
13489,2020342,85,2020427
13490,2020433,18,2020451
13491,2020603,5,2020608
13492,2020961,38,2020999
13493,2021166,30,2021196
13494,2021340,53,2021393
13495,2021558,60,2021618
13496,2021816,210,2022026
13497,2022111,25,2022136
13498,2022222,26,2022248
13499,2022288,138,2022426
13500,2022636,44,2022680
13501,2022690,15,2022705
13502,2022967,92,2023059
13503,2023110,45,2023155
13504,2023195,85,2023280
13505,2023282,43,2023325
13506,2023555,17,2023572
13507,2023623,23,2023646
13508,2023693,45,2023738
13509,2023889,11,2023900
13510,2024006,7,2024013
13511,2024027,48,2024075
13512,2024374,17,2024391
13513,2024417,1,2024418
13514,2024557,8,2024565
13515,2024648,23,2024671
13516,2024848,32,2024880
13517,2024929,6,2024935
13518,2025157,55,2025212
13519,2025358,42,2025400
13520,2025442,44,2025486
13521,2025530,73,2025603
13522,2025688,55,2025743
13523,2025807,91,2025898
13524,2025956,20,2025976
13525,2026036,88,2026124
13526,2026198,49,2026247
13527,2026271,81,2026352
13528,2026417,61,2026478
13529,2026557,12,2026569
13530,2026727,7,2026734
13531,2026972,133,2027105
13532,2027110,27,2027137
13533,2027278,25,2027303
13534,2027389,45,2027434
13535,2027612,8,2027620
13536,2027776,25,2027801
13537,2027804,3,2027807
13538,2027821,34,2027855
13539,2027874,112,2027986
13540,2028012,4,2028016
13541,2028172,38,2028210
13542,2028280,28,2028308
13543,2028348,3,2028351
13544,2028429,13,2028442
13545,2028490,27,2028517
13546,2028535,15,2028550
13547,2028648,58,2028706
13548,2028734,2,2028736
13549,2028910,59,2028969
13550,2029008,120,2029128
13551,2029134,36,2029170
13552,2029255,112,2029367
13553,2029627,21,2029648
13554,2029655,62,2029717
13555,2029742,5,2029747
13556,2029768,26,2029794
13557,2029812,155,2029967
13558,2030198,77,2030275
13559,2030321,203,2030524
13560,2030594,99,2030693
13561,2031002,134,2031136
13562,2031220,58,2031278
13563,2031314,16,2031330
13564,2031380,6,2031386
13565,2031472,94,2031566
13566,2031576,7,2031583
13567,2031589,127,2031716
13568,2031745,33,2031778
13569,2031794,34,2031828
13570,2031903,11,2031914
13571,2031988,80,2032068
13572,2032131,12,2032143
13573,2032295,57,2032352
13574,2032520,64,2032584
13575,2032711,2,2032713
13576,2032727,6,2032733
13577,2032971,27,2032998
13578,2033100,38,2033138
13579,2033165,60,2033225
13580,2033395,4,2033399
13581,2033404,132,2033536
13582,2033642,27,2033669
13583,2033773,176,2033949
13584,2034005,80,2034085
13585,2034176,13,2034189
13586,2034318,20,2034338
13587,2034582,18,2034600
13588,2034624,59,2034683
13589,2034714,13,2034727
13590,2034754,93,2034847
13591,2034988,84,2035072
13592,2035400,10,2035410
13593,2035578,11,2035589
13594,2035631,159,2035790
13595,2035854,28,2035882
13596,2035933,12,2035945
13597,2036190,23,2036213
13598,2036366,1,2036367
13599,2036487,49,2036536
13600,2036555,42,2036597
13601,2036661,36,2036697
13602,2036727,132,2036859
13603,2036907,50,2036957
13604,2037023,276,2037299
13605,2037302,57,2037359
13606,2037440,19,2037459
13607,2037994,24,2038018
13608,2038318,67,2038385
13609,2038479,135,2038614
13610,2038979,168,2039147
13611,2039646,96,2039742
13612,2039752,22,2039774
13613,2039930,168,2040098
13614,2040284,9,2040293
13615,2040609,107,2040716
13616,2040803,56,2040859
13617,2040874,1,2040875
13618,2040966,107,2041073
13619,2041202,6,2041208
13620,2041396,30,2041426
13621,2041447,12,2041459
13622,2041467,9,2041476
13623,2041644,133,2041777
13624,2042074,28,2042102
13625,2042178,70,2042248
13626,2042358,46,2042404
13627,2042412,2,2042414
13628,2042528,106,2042634
13629,2042702,32,2042734
13630,2042811,21,2042832
13631,2042865,41,2042906
13632,2043046,33,2043079
13633,2043119,132,2043251
13634,2043266,17,2043283
13635,2043321,11,2043332
13636,2043335,77,2043412
13637,2043833,15,2043848
13638,2044261,87,2044348
13639,2044404,52,2044456
13640,2044509,181,2044690
13641,2044833,1,2044834
13642,2044975,170,2045145
13643,2045174,57,2045231
13644,2045246,20,2045266
13645,2045269,103,2045372
13646,2045555,1,2045556
13647,2045930,6,2045936
13648,2046005,104,2046109
13649,2046340,134,2046474
13650,2046728,85,2046813
13651,2046825,19,2046844
13652,2046848,89,2046937
13653,2046955,5,2046960
13654,2046969,20,2046989
13655,2047024,50,2047074
13656,2047152,20,2047172
13657,2047278,27,2047305
13658,2047375,96,2047471
13659,2047631,55,2047686
13660,2047741,24,2047765
13661,2047835,63,2047898
13662,2047914,41,2047955
13663,2048115,52,2048167
13664,2048288,72,2048360
13665,2048513,26,2048539
13666,2048614,3,2048617
13667,2048686,169,2048855
13668,2048902,1,2048903
13669,2049162,20,2049182
13670,2049292,60,2049352
13671,2049358,22,2049380
13672,2049442,175,2049617
13673,2049673,10,2049683
13674,2049698,52,2049750
13675,2049779,40,2049819
13676,2049970,25,2049995
13677,2050024,51,2050075
13678,2050085,60,2050145
13679,2050329,53,2050382
13680,2050710,11,2050721
13681,2050743,42,2050785
13682,2050937,30,2050967
13683,2050985,61,2051046
13684,2051199,25,2051224
13685,2051231,88,2051319
13686,2051365,24,2051389
13687,2051535,20,2051555
13688,2051688,2,2051690
13689,2051819,26,2051845
13690,2052033,94,2052127
13691,2052136,13,2052149
13692,2052347,65,2052412
13693,2052448,28,2052476
13694,2052537,23,2052560
13695,2052645,41,2052686
13696,2053145,25,2053170
13697,2053393,14,2053407
13698,2053418,11,2053429
13699,2053452,218,2053670
13700,2053713,47,2053760
13701,2053898,28,2053926
13702,2054020,43,2054063
13703,2054157,52,2054209
13704,2054296,77,2054373
13705,2054593,35,2054628
13706,2054636,67,2054703
13707,2054894,40,2054934
13708,2055118,60,2055178
13709,2055214,3,2055217
13710,2055289,16,2055305
13711,2055468,45,2055513
13712,2055619,27,2055646
13713,2055753,75,2055828
13714,2055844,48,2055892
13715,2055945,35,2055980
13716,2056314,98,2056412
13717,2056426,119,2056545
13718,2056599,133,2056732
13719,2056746,3,2056749
13720,2056766,26,2056792
13721,2056857,35,2056892
13722,2057004,121,2057125
13723,2057246,12,2057258
13724,2057494,6,2057500
13725,2057523,3,2057526
13726,2057535,21,2057556
13727,2057676,105,2057781
13728,2057918,40,2057958
13729,2058016,63,2058079
13730,2058106,51,2058157
13731,2058323,3,2058326
13732,2058379,13,2058392
13733,2058858,54,2058912
13734,2058943,7,2058950
13735,2059175,2,2059177
13736,2059211,22,2059233
13737,2059305,6,2059311
13738,2059547,38,2059585
13739,2059616,12,2059628
13740,2059728,149,2059877
13741,2059883,178,2060061
13742,2060070,54,2060124
13743,2060346,61,2060407
13744,2060462,30,2060492
13745,2060662,30,2060692
13746,2060741,161,2060902
13747,2061251,8,2061259
13748,2061428,33,2061461
13749,2061698,12,2061710
13750,2061836,14,2061850
13751,2061899,18,2061917
13752,2061928,126,2062054
13753,2062061,83,2062144
13754,2062235,75,2062310
13755,2062319,196,2062515
13756,2062544,50,2062594
13757,2062677,109,2062786
13758,2062803,18,2062821
13759,2062857,14,2062871
13760,2062906,140,2063046
13761,2063474,18,2063492
13762,2063502,27,2063529
13763,2063697,64,2063761
13764,2064114,50,2064164
13765,2064428,108,2064536
13766,2064628,93,2064721
13767,2064769,7,2064776
13768,2064778,41,2064819
13769,2064828,106,2064934
13770,2064967,7,2064974
13771,2064976,42,2065018
13772,2065025,55,2065080
13773,2065105,10,2065115
13774,2065167,60,2065227
13775,2065428,10,2065438
13776,2065563,193,2065756
13777,2065889,1,2065890
13778,2065975,67,2066042
13779,2066443,16,2066459
13780,2066495,105,2066600
13781,2066719,15,2066734
13782,2066904,10,2066914
13783,2066920,8,2066928
13784,2066955,69,2067024
13785,2067047,94,2067141
13786,2067155,18,2067173
13787,2067384,61,2067445
13788,2067577,21,2067598
13789,2067637,59,2067696
13790,2067742,8,2067750
13791,2067787,5,2067792
13792,2067799,14,2067813
13793,2067842,53,2067895
13794,2068307,48,2068355
13795,2068373,5,2068378
13796,2068517,7,2068524
13797,2068700,1,2068701
13798,2068827,42,2068869
13799,2068967,5,2068972
13800,2069056,31,2069087
13801,2069193,2,2069195
13802,2069219,43,2069262
13803,2069267,31,2069298
13804,2069488,1,2069489
13805,2069500,15,2069515
13806,2069556,4,2069560
13807,2069605,53,2069658
13808,2069689,7,2069696
13809,2069708,142,2069850
13810,2070081,45,2070126
13811,2070163,71,2070234
13812,2070268,100,2070368
13813,2070453,26,2070479
13814,2070585,98,2070683
13815,2070812,86,2070898
13816,2070928,52,2070980
13817,2071144,6,2071150
13818,2071199,36,2071235
13819,2071280,31,2071311
13820,2071493,51,2071544
13821,2071582,95,2071677
13822,2071694,71,2071765
13823,2071820,24,2071844
13824,2071931,34,2071965
13825,2072019,93,2072112
13826,2072149,18,2072167
13827,2072205,53,2072258
13828,2072340,18,2072358
13829,2072396,8,2072404
13830,2072472,121,2072593
13831,2072687,25,2072712
13832,2072723,6,2072729
13833,2072948,21,2072969
13834,2072989,11,2073000
13835,2073128,112,2073240
13836,2073253,7,2073260
13837,2073470,40,2073510
13838,2073723,21,2073744
13839,2073885,11,2073896
13840,2073944,14,2073958
13841,2074014,22,2074036
13842,2074074,3,2074077
13843,2074136,39,2074175
13844,2074377,8,2074385
13845,2074493,103,2074596
13846,2074602,59,2074661
13847,2074664,18,2074682
13848,2074712,80,2074792
13849,2074805,4,2074809
13850,2074838,27,2074865
13851,2075129,102,2075231
13852,2075403,47,2075450
13853,2075461,58,2075519
13854,2075646,66,2075712
13855,2075840,63,2075903
13856,2076002,11,2076013
13857,2076148,19,2076167
13858,2076220,65,2076285
13859,2076458,33,2076491
13860,2076670,4,2076674
13861,2076725,10,2076735
13862,2076844,4,2076848
13863,2077019,29,2077048
13864,2077058,6,2077064
13865,2077133,59,2077192
13866,2077308,39,2077347
13867,2077427,50,2077477
13868,2077712,31,2077743
13869,2077806,2,2077808
13870,2078030,6,2078036
13871,2078045,60,2078105
13872,2078127,70,2078197
13873,2078232,4,2078236
13874,2078318,62,2078380
13875,2078431,13,2078444
13876,2078471,36,2078507
13877,2078522,43,2078565
13878,2078743,78,2078821
13879,2078918,4,2078922
13880,2078923,58,2078981
13881,2079025,79,2079104
13882,2079161,34,2079195
13883,2079232,193,2079425
13884,2079505,14,2079519
13885,2079617,97,2079714
13886,2079742,4,2079746
13887,2080167,18,2080185
13888,2080316,37,2080353
13889,2080360,30,2080390
13890,2080459,22,2080481
13891,2080549,4,2080553
13892,2080606,1,2080607
13893,2080651,171,2080822
13894,2080875,21,2080896
13895,2080901,13,2080914
13896,2080991,1,2080992
13897,2081218,88,2081306
13898,2081466,24,2081490
13899,2081690,54,2081744
13900,2081905,128,2082033
13901,2082182,252,2082434
13902,2082543,24,2082567
13903,2082809,22,2082831
13904,2082912,49,2082961
13905,2083174,58,2083232
13906,2083331,11,2083342
13907,2083381,24,2083405
13908,2083417,92,2083509
13909,2083559,3,2083562
13910,2083707,55,2083762
13911,2083807,6,2083813
13912,2083817,5,2083822
13913,2083872,129,2084001
13914,2084078,82,2084160
13915,2084170,34,2084204
13916,2084472,25,2084497
13917,2084533,153,2084686
13918,2084733,25,2084758
13919,2084782,16,2084798
13920,2084972,6,2084978
13921,2084981,337,2085318
13922,2085319,49,2085368
13923,2085508,17,2085525
13924,2085583,104,2085687
13925,2085780,60,2085840
13926,2085927,144,2086071
13927,2086116,15,2086131
13928,2086167,13,2086180
13929,2086241,15,2086256
13930,2086333,78,2086411
13931,2086465,79,2086544
13932,2086565,107,2086672
13933,2086834,38,2086872
13934,2086937,135,2087072
13935,2087079,74,2087153
13936,2087224,21,2087245
13937,2087399,53,2087452
13938,2087565,38,2087603
13939,2087917,62,2087979
13940,2088005,5,2088010
13941,2088179,76,2088255
13942,2088256,185,2088441
13943,2088479,95,2088574
13944,2088656,29,2088685
13945,2088736,27,2088763
13946,2088783,22,2088805
13947,2088935,15,2088950
13948,2089139,49,2089188
13949,2089215,42,2089257
13950,2089363,31,2089394
13951,2089446,54,2089500
13952,2089649,70,2089719
13953,2089749,91,2089840
13954,2089871,56,2089927
13955,2089933,89,2090022
13956,2090187,237,2090424
13957,2090450,16,2090466
13958,2090470,37,2090507
13959,2090607,15,2090622
13960,2090627,18,2090645
13961,2090693,64,2090757
13962,2090809,19,2090828
13963,2091062,14,2091076
13964,2091092,25,2091117
13965,2091188,44,2091232
13966,2091241,111,2091352
13967,2091380,43,2091423
13968,2091441,219,2091660
13969,2091668,19,2091687
13970,2091714,16,2091730
13971,2091750,114,2091864
13972,2091874,99,2091973
13973,2091988,15,2092003
13974,2092068,55,2092123
13975,2092200,9,2092209
13976,2092218,27,2092245
13977,2092274,19,2092293
13978,2092331,33,2092364
13979,2092419,43,2092462
13980,2092590,69,2092659
13981,2092803,4,2092807
13982,2093003,32,2093035
13983,2093050,5,2093055
13984,2093189,10,2093199
13985,2093243,44,2093287
13986,2093423,5,2093428
13987,2093702,158,2093860
13988,2093884,137,2094021
13989,2094190,1,2094191
13990,2094285,42,2094327
13991,2094338,62,2094400
13992,2094446,15,2094461
13993,2094481,38,2094519
13994,2094535,32,2094567
13995,2094664,25,2094689
13996,2094710,27,2094737
13997,2094851,82,2094933
13998,2095135,5,2095140
13999,2095148,1,2095149
14000,2095171,75,2095246
14001,2095332,32,2095364
14002,2095410,22,2095432
14003,2095473,1,2095474
14004,2095552,81,2095633
14005,2095719,23,2095742
14006,2095751,97,2095848
14007,2095861,2,2095863
14008,2096055,35,2096090
14009,2096120,137,2096257
14010,2096471,184,2096655
14011,2096850,149,2096999
14012,2097071,77,2097148
14013,2097263,92,2097355
14014,2097398,14,2097412
14015,2097420,14,2097434
14016,2097475,67,2097542
14017,2097613,42,2097655
14018,2097702,25,2097727
14019,2097804,82,2097886
14020,2097977,2,2097979
14021,2098022,5,2098027
14022,2098087,30,2098117
14023,2098262,43,2098305
14024,2098319,104,2098423
14025,2098452,77,2098529
14026,2098573,46,2098619
14027,2098922,54,2098976
14028,2098983,38,2099021
14029,2099030,27,2099057
14030,2099189,13,2099202
14031,2099243,52,2099295
14032,2099365,9,2099374
14033,2099431,40,2099471
14034,2099637,72,2099709
14035,2099790,3,2099793
14036,2100289,5,2100294
14037,2100480,46,2100526
14038,2100564,39,2100603
14039,2100909,12,2100921
14040,2101039,58,2101097
14041,2101321,17,2101338
14042,2101348,15,2101363
14043,2101526,6,2101532
14044,2101565,40,2101605
14045,2101735,55,2101790
14046,2101980,66,2102046
14047,2102350,86,2102436
14048,2102478,15,2102493
14049,2102660,40,2102700
14050,2102759,157,2102916
14051,2102933,25,2102958
14052,2102985,32,2103017
14053,2103033,14,2103047
14054,2103062,23,2103085
14055,2103125,1,2103126
14056,2103181,371,2103552
14057,2103589,15,2103604
14058,2103658,128,2103786
14059,2103905,7,2103912
14060,2104249,43,2104292
14061,2104308,8,2104316
14062,2104318,22,2104340
14063,2104391,29,2104420
14064,2104453,73,2104526
14065,2104567,102,2104669
14066,2104788,95,2104883
14067,2104963,11,2104974
14068,2105011,19,2105030
14069,2105068,35,2105103
14070,2105256,11,2105267
14071,2105289,9,2105298
14072,2105468,112,2105580
14073,2105805,37,2105842
14074,2105849,6,2105855
14075,2106052,72,2106124
14076,2106291,23,2106314
14077,2106391,87,2106478
14078,2106590,29,2106619
14079,2106952,49,2107001
14080,2107221,9,2107230
14081,2107244,85,2107329
14082,2107359,5,2107364
14083,2107426,22,2107448
14084,2107592,3,2107595
14085,2107897,96,2107993
14086,2108031,39,2108070
14087,2108515,48,2108563
14088,2108574,78,2108652
14089,2108737,17,2108754
14090,2108759,15,2108774
14091,2108828,6,2108834
14092,2108836,9,2108845
14093,2108929,179,2109108
14094,2109210,216,2109426
14095,2109473,63,2109536
14096,2109681,58,2109739
14097,2109792,78,2109870
14098,2109907,69,2109976
14099,2110075,38,2110113
14100,2110124,23,2110147
14101,2110493,34,2110527
14102,2110577,53,2110630
14103,2110890,45,2110935
14104,2110965,18,2110983
14105,2111077,36,2111113
14106,2111124,28,2111152
14107,2111217,113,2111330
14108,2111429,153,2111582
14109,2111597,75,2111672
14110,2111842,10,2111852
14111,2111927,123,2112050
14112,2112085,30,2112115
14113,2112171,51,2112222
14114,2112360,17,2112377
14115,2112489,33,2112522
14116,2112715,61,2112776
14117,2112833,47,2112880
14118,2112890,4,2112894
14119,2112981,13,2112994
14120,2113315,4,2113319
14121,2113365,3,2113368
14122,2113461,163,2113624
14123,2113629,23,2113652
14124,2113848,3,2113851
14125,2114008,71,2114079
14126,2114205,43,2114248
14127,2114360,15,2114375
14128,2114475,3,2114478
14129,2114715,44,2114759
14130,2114802,87,2114889
14131,2114923,4,2114927
14132,2114991,34,2115025
14133,2115072,10,2115082
14134,2115125,13,2115138
14135,2115252,63,2115315
14136,2115397,52,2115449
14137,2115460,85,2115545
14138,2115716,104,2115820
14139,2115959,106,2116065
14140,2116151,66,2116217
14141,2116259,133,2116392
14142,2116492,2,2116494
14143,2116646,32,2116678
14144,2116982,86,2117068
14145,2117301,12,2117313
14146,2117368,32,2117400
14147,2117597,151,2117748
14148,2117795,80,2117875
14149,2117877,98,2117975
14150,2118010,5,2118015
14151,2118130,29,2118159
14152,2118268,5,2118273
14153,2118351,36,2118387
14154,2118457,78,2118535
14155,2118807,50,2118857
14156,2118886,51,2118937
14157,2119009,31,2119040
14158,2119125,53,2119178
14159,2119194,25,2119219
14160,2119367,1,2119368
14161,2119547,68,2119615
14162,2119823,22,2119845
14163,2120005,31,2120036
14164,2120039,32,2120071
14165,2120158,37,2120195
14166,2120238,45,2120283
14167,2120459,59,2120518
14168,2120521,58,2120579
14169,2120600,79,2120679
14170,2120725,5,2120730
14171,2120839,15,2120854
14172,2120882,73,2120955
14173,2120983,14,2120997
14174,2121155,21,2121176
14175,2121188,6,2121194
14176,2121296,229,2121525
14177,2121812,85,2121897
14178,2121921,8,2121929
14179,2121985,66,2122051
14180,2122053,19,2122072
14181,2122114,41,2122155
14182,2122236,4,2122240
14183,2122425,6,2122431
14184,2122480,5,2122485
14185,2122512,21,2122533
14186,2122638,18,2122656
14187,2122811,32,2122843
14188,2123022,65,2123087
14189,2123430,109,2123539
14190,2123584,60,2123644
14191,2123862,114,2123976
14192,2124290,210,2124500
14193,2124560,60,2124620
14194,2124862,1,2124863
14195,2124903,4,2124907
14196,2124921,86,2125007
14197,2125069,10,2125079
14198,2125213,56,2125269
14199,2125320,42,2125362
14200,2125430,76,2125506
14201,2125569,11,2125580
14202,2125877,8,2125885
14203,2125982,26,2126008
14204,2126145,149,2126294
14205,2126582,143,2126725
14206,2126786,23,2126809
14207,2126819,105,2126924
14208,2126962,148,2127110
14209,2127112,35,2127147
14210,2127151,155,2127306
14211,2127400,24,2127424
14212,2127500,31,2127531
14213,2127614,1,2127615
14214,2127652,7,2127659
14215,2127749,88,2127837
14216,2127955,51,2128006
14217,2128013,92,2128105
14218,2128138,86,2128224
14219,2128250,19,2128269
14220,2128524,12,2128536
14221,2128690,7,2128697
14222,2129139,19,2129158
14223,2129340,31,2129371
14224,2129394,16,2129410
14225,2129554,92,2129646
14226,2129715,28,2129743
14227,2129867,18,2129885
14228,2129959,18,2129977
14229,2129994,33,2130027
14230,2130039,151,2130190
14231,2130326,3,2130329
14232,2130369,75,2130444
14233,2130508,15,2130523
14234,2130574,49,2130623
14235,2130808,99,2130907
14236,2130948,53,2131001
14237,2131301,3,2131304
14238,2131306,125,2131431
14239,2131618,140,2131758
14240,2131772,7,2131779
14241,2131814,4,2131818
14242,2131860,159,2132019
14243,2132148,44,2132192
14244,2132208,20,2132228
14245,2132322,21,2132343
14246,2132389,12,2132401
14247,2132614,18,2132632
14248,2132768,29,2132797
14249,2133109,1,2133110
14250,2133135,11,2133146
14251,2133250,10,2133260
14252,2133316,38,2133354
14253,2133367,14,2133381
14254,2133417,18,2133435
14255,2133476,53,2133529
14256,2133649,29,2133678
14257,2133846,56,2133902
14258,2134145,34,2134179
14259,2134189,229,2134418
14260,2134455,23,2134478
14261,2135042,10,2135052
14262,2135100,73,2135173
14263,2135210,33,2135243
14264,2135245,87,2135332
14265,2135451,104,2135555
14266,2135640,3,2135643
14267,2135712,224,2135936
14268,2136351,64,2136415
14269,2136449,73,2136522
14270,2136582,14,2136596
14271,2136683,90,2136773
14272,2136834,15,2136849
14273,2137148,46,2137194
14274,2137266,9,2137275
14275,2137331,15,2137346
14276,2137409,18,2137427
14277,2137451,12,2137463
14278,2137557,21,2137578
14279,2137778,71,2137849
14280,2137886,17,2137903
14281,2138009,8,2138017
14282,2138189,57,2138246
14283,2138377,1,2138378
14284,2138387,17,2138404
14285,2138435,67,2138502
14286,2138939,79,2139018
14287,2139106,3,2139109
14288,2139289,7,2139296
14289,2139305,19,2139324
14290,2139360,29,2139389
14291,2139427,13,2139440
14292,2139628,23,2139651
14293,2139769,11,2139780
14294,2140041,60,2140101
14295,2140134,69,2140203
14296,2140238,49,2140287
14297,2140293,88,2140381
14298,2140442,85,2140527
14299,2140548,34,2140582
14300,2140675,58,2140733
14301,2140773,3,2140776
14302,2140937,2,2140939
14303,2141008,80,2141088
14304,2141170,84,2141254
14305,2141323,48,2141371
14306,2141403,21,2141424
14307,2141440,45,2141485
14308,2141506,12,2141518
14309,2141544,10,2141554
14310,2141588,2,2141590
14311,2141716,51,2141767
14312,2141818,49,2141867
14313,2141895,43,2141938
14314,2141945,8,2141953
14315,2142203,12,2142215
14316,2142229,139,2142368
14317,2142426,60,2142486
14318,2142584,149,2142733
14319,2142815,18,2142833
14320,2142890,25,2142915
14321,2142942,178,2143120
14322,2143145,161,2143306
14323,2143362,14,2143376
14324,2143454,118,2143572
14325,2143812,17,2143829
14326,2143891,94,2143985
14327,2144293,20,2144313
14328,2144350,62,2144412
14329,2144435,2,2144437
14330,2144475,52,2144527
14331,2144539,36,2144575
14332,2144769,91,2144860
14333,2144994,37,2145031
14334,2145191,34,2145225
14335,2145284,38,2145322
14336,2145471,5,2145476
14337,2145500,55,2145555
14338,2145561,23,2145584
14339,2145636,54,2145690
14340,2145746,6,2145752
14341,2146002,9,2146011
14342,2146125,17,2146142
14343,2146197,96,2146293
14344,2146367,12,2146379
14345,2146480,111,2146591
14346,2147029,7,2147036
14347,2147048,8,2147056
14348,2147103,2,2147105
14349,2147323,4,2147327
14350,2147418,13,2147431
14351,2147455,68,2147523
14352,2147598,78,2147676
14353,2147826,45,2147871
14354,2147885,92,2147977
14355,2147993,100,2148093
14356,2148138,47,2148185
14357,2148267,8,2148275
14358,2148278,35,2148313
14359,2148342,6,2148348
14360,2148426,8,2148434
14361,2148499,16,2148515
14362,2148519,33,2148552
14363,2148587,81,2148668
14364,2148934,70,2149004
14365,2149012,31,2149043
14366,2149100,23,2149123
14367,2149127,6,2149133
14368,2149161,66,2149227
14369,2149327,46,2149373
14370,2150040,67,2150107
14371,2150247,45,2150292
14372,2150328,48,2150376
14373,2150436,59,2150495
14374,2150501,48,2150549
14375,2150559,13,2150572
14376,2150573,186,2150759
14377,2150870,24,2150894
14378,2150903,2,2150905
14379,2151011,6,2151017
14380,2151041,44,2151085
14381,2151271,3,2151274
14382,2151287,92,2151379
14383,2151455,8,2151463
14384,2151730,138,2151868
14385,2152127,45,2152172
14386,2152732,24,2152756
14387,2152863,22,2152885
14388,2152904,11,2152915
14389,2153001,59,2153060
14390,2153074,47,2153121
14391,2153166,5,2153171
14392,2153182,45,2153227
14393,2153232,241,2153473
14394,2153540,24,2153564
14395,2153787,11,2153798
14396,2153809,155,2153964
14397,2153995,14,2154009
14398,2154119,20,2154139
14399,2154208,158,2154366
14400,2154424,87,2154511
14401,2154521,19,2154540
14402,2154713,53,2154766
14403,2154835,177,2155012
14404,2155328,8,2155336
14405,2155451,34,2155485
14406,2155585,53,2155638
14407,2155710,98,2155808
14408,2155859,13,2155872
14409,2155881,103,2155984
14410,2156015,34,2156049
14411,2156165,18,2156183
14412,2156257,80,2156337
14413,2156462,5,2156467
14414,2156468,10,2156478
14415,2156536,14,2156550
14416,2156662,11,2156673
14417,2156695,151,2156846
14418,2156895,106,2157001
14419,2157016,18,2157034
14420,2157040,24,2157064
14421,2157110,33,2157143
14422,2157189,231,2157420
14423,2157426,43,2157469
14424,2157585,41,2157626
14425,2157760,15,2157775
14426,2157797,16,2157813
14427,2157873,28,2157901
14428,2158099,5,2158104
14429,2158106,246,2158352
14430,2158398,85,2158483
14431,2158589,45,2158634
14432,2158645,58,2158703
14433,2158734,18,2158752
14434,2158803,22,2158825
14435,2158832,1,2158833
14436,2158850,17,2158867
14437,2158892,107,2158999
14438,2159123,84,2159207
14439,2159407,60,2159467
14440,2159499,40,2159539
14441,2159649,50,2159699
14442,2159799,6,2159805
14443,2160137,225,2160362
14444,2160515,32,2160547
14445,2160550,61,2160611
14446,2161024,85,2161109
14447,2161133,114,2161247
14448,2161279,76,2161355
14449,2161520,22,2161542
14450,2161685,10,2161695
14451,2161824,129,2161953
14452,2162092,9,2162101
14453,2162120,11,2162131
14454,2162262,18,2162280
14455,2162497,132,2162629
14456,2162933,5,2162938
14457,2163049,167,2163216
14458,2163292,99,2163391
14459,2163495,105,2163600
14460,2163671,71,2163742
14461,2164078,124,2164202
14462,2164355,20,2164375
14463,2164392,7,2164399
14464,2164403,82,2164485
14465,2164582,179,2164761
14466,2164785,2,2164787
14467,2164815,36,2164851
14468,2165012,12,2165024
14469,2165041,29,2165070
14470,2165382,35,2165417
14471,2165424,51,2165475
14472,2165570,35,2165605
14473,2165701,6,2165707
14474,2165750,79,2165829
14475,2166253,12,2166265
14476,2166317,10,2166327
14477,2166382,20,2166402
14478,2166478,46,2166524
14479,2166551,22,2166573
14480,2166595,39,2166634
14481,2166712,100,2166812
14482,2166814,18,2166832
14483,2166928,88,2167016
14484,2167089,87,2167176
14485,2167208,256,2167464
14486,2167550,83,2167633
14487,2167664,99,2167763
14488,2167853,129,2167982
14489,2168007,15,2168022
14490,2168093,48,2168141
14491,2168211,13,2168224
14492,2168484,135,2168619
14493,2168653,63,2168716
14494,2168763,148,2168911
14495,2169009,15,2169024
14496,2169077,43,2169120
14497,2169133,30,2169163
14498,2169171,30,2169201
14499,2169260,62,2169322
14500,2169335,91,2169426
14501,2169443,26,2169469
14502,2169616,126,2169742
14503,2169771,55,2169826
14504,2170015,216,2170231
14505,2170237,9,2170246
14506,2170318,9,2170327
14507,2170338,17,2170355
14508,2170480,1,2170481
14509,2170587,71,2170658
14510,2170814,59,2170873
14511,2170951,41,2170992
14512,2171063,125,2171188
14513,2171258,122,2171380
14514,2171482,13,2171495
14515,2171540,4,2171544
14516,2171664,47,2171711
14517,2171731,40,2171771
14518,2171790,41,2171831
14519,2171895,4,2171899
14520,2171991,51,2172042
14521,2172183,31,2172214
14522,2172283,8,2172291
14523,2172331,11,2172342
14524,2172346,25,2172371
14525,2172474,25,2172499
14526,2172540,30,2172570
14527,2172719,24,2172743
14528,2172765,4,2172769
14529,2172844,26,2172870
14530,2173001,55,2173056
14531,2173159,25,2173184
14532,2173266,147,2173413
14533,2173426,91,2173517
14534,2173599,63,2173662
14535,2173908,42,2173950
14536,2173978,10,2173988
14537,2174012,58,2174070
14538,2174119,7,2174126
14539,2174196,163,2174359
14540,2174364,34,2174398
14541,2174403,70,2174473
14542,2174487,44,2174531
14543,2174588,44,2174632
14544,2174712,6,2174718
14545,2174773,53,2174826
14546,2174981,9,2174990
14547,2175075,36,2175111
14548,2175343,9,2175352
14549,2175400,14,2175414
14550,2175429,32,2175461
14551,2175487,16,2175503
14552,2175512,33,2175545
14553,2175635,63,2175698
14554,2175714,4,2175718
14555,2175962,4,2175966
14556,2176175,20,2176195
14557,2176309,60,2176369
14558,2176581,43,2176624
14559,2176670,13,2176683
14560,2176702,26,2176728
14561,2176830,9,2176839
14562,2176869,85,2176954
14563,2176990,63,2177053
14564,2177098,39,2177137
14565,2177144,2,2177146
14566,2177299,11,2177310
14567,2177512,197,2177709
14568,2177974,23,2177997
14569,2178093,47,2178140
14570,2178142,42,2178184
14571,2178222,41,2178263
14572,2178279,77,2178356
14573,2178463,25,2178488
14574,2178498,24,2178522
14575,2178741,7,2178748
14576,2178991,126,2179117
14577,2179234,12,2179246
14578,2179319,18,2179337
14579,2179346,19,2179365
14580,2179401,4,2179405
14581,2179430,8,2179438
14582,2179537,35,2179572
14583,2180064,17,2180081
14584,2180176,104,2180280
14585,2180321,125,2180446
14586,2180488,36,2180524
14587,2180689,121,2180810
14588,2180821,158,2180979
14589,2181146,37,2181183
14590,2181294,36,2181330
14591,2181522,118,2181640
14592,2181710,32,2181742
14593,2181774,30,2181804
14594,2181862,11,2181873
14595,2181941,18,2181959
14596,2182150,12,2182162
14597,2182415,12,2182427
14598,2182430,42,2182472
14599,2182483,21,2182504
14600,2182575,75,2182650
14601,2182671,89,2182760
14602,2182813,88,2182901
14603,2183091,51,2183142
14604,2183257,43,2183300
14605,2183325,6,2183331
14606,2183369,1,2183370
14607,2183388,11,2183399
14608,2183481,61,2183542
14609,2183567,15,2183582
14610,2183814,2,2183816
14611,2184044,17,2184061
14612,2184104,3,2184107
14613,2184165,78,2184243
14614,2184244,19,2184263
14615,2184399,7,2184406
14616,2184493,71,2184564
14617,2184644,57,2184701
14618,2184704,45,2184749
14619,2184773,2,2184775
14620,2185104,42,2185146
14621,2185180,32,2185212
14622,2185218,2,2185220
14623,2185423,115,2185538
14624,2185679,47,2185726
14625,2185831,15,2185846
14626,2186124,38,2186162
14627,2186192,127,2186319
14628,2186338,14,2186352
14629,2186610,137,2186747
14630,2186762,28,2186790
14631,2186914,19,2186933
14632,2186953,30,2186983
14633,2187027,8,2187035
14634,2187595,49,2187644
14635,2187655,65,2187720
14636,2187854,44,2187898
14637,2187935,152,2188087
14638,2188103,45,2188148
14639,2188295,9,2188304
14640,2188475,177,2188652
14641,2189130,91,2189221
14642,2189268,112,2189380
14643,2189616,19,2189635
14644,2189868,23,2189891
14645,2189949,44,2189993
14646,2190020,37,2190057
14647,2190202,87,2190289
14648,2190444,15,2190459
14649,2190617,6,2190623
14650,2190780,7,2190787
14651,2190835,3,2190838
14652,2190848,119,2190967
14653,2191040,54,2191094
14654,2191128,8,2191136
14655,2191484,53,2191537
14656,2191577,23,2191600
14657,2191612,62,2191674
14658,2191682,29,2191711
14659,2191862,22,2191884
14660,2191936,55,2191991
14661,2192032,72,2192104
14662,2192257,9,2192266
14663,2192303,39,2192342
14664,2192424,43,2192467
14665,2192510,48,2192558
14666,2192609,120,2192729
14667,2192857,31,2192888
14668,2193177,12,2193189
14669,2193252,20,2193272
14670,2193364,20,2193384
14671,2193404,36,2193440
14672,2193480,190,2193670
14673,2193720,33,2193753
14674,2193906,18,2193924
14675,2193968,102,2194070
14676,2194161,8,2194169
14677,2194187,7,2194194
14678,2194287,24,2194311
14679,2194372,32,2194404
14680,2194408,22,2194430
14681,2194477,51,2194528
14682,2194546,3,2194549
14683,2194710,85,2194795
14684,2194869,5,2194874
14685,2195070,53,2195123
14686,2195127,69,2195196
14687,2195209,21,2195230
14688,2195291,29,2195320
14689,2195331,12,2195343
14690,2195361,35,2195396
14691,2195496,111,2195607
14692,2195725,40,2195765
14693,2196010,21,2196031
14694,2196085,21,2196106
14695,2196283,35,2196318
14696,2196397,21,2196418
14697,2196553,13,2196566
14698,2196651,19,2196670
14699,2196690,23,2196713
14700,2196724,65,2196789
14701,2196976,25,2197001
14702,2197021,15,2197036
14703,2197516,16,2197532
14704,2197688,7,2197695
14705,2197761,17,2197778
14706,2197835,102,2197937
14707,2197945,89,2198034
14708,2198095,102,2198197
14709,2198275,17,2198292
14710,2198324,11,2198335
14711,2198366,1,2198367
14712,2198403,29,2198432
14713,2198468,1,2198469
14714,2198676,10,2198686
14715,2198842,82,2198924
14716,2198950,38,2198988
14717,2199059,16,2199075
14718,2199078,252,2199330
14719,2199399,7,2199406
14720,2199442,60,2199502
14721,2199574,57,2199631
14722,2199661,56,2199717
14723,2199745,221,2199966
14724,2200134,7,2200141
14725,2200194,7,2200201
14726,2200341,20,2200361
14727,2200397,11,2200408
14728,2200430,11,2200441
14729,2200513,5,2200518
14730,2200619,15,2200634
14731,2200636,15,2200651
14732,2200693,32,2200725
14733,2200882,21,2200903
14734,2201105,34,2201139
14735,2201145,15,2201160
14736,2201261,25,2201286
14737,2201338,90,2201428
14738,2201630,17,2201647
14739,2201696,140,2201836
14740,2201890,19,2201909
14741,2201976,1,2201977
14742,2202022,16,2202038
14743,2202269,89,2202358
14744,2202378,29,2202407
14745,2202436,85,2202521
14746,2202794,1,2202795
14747,2202954,110,2203064
14748,2203094,39,2203133
14749,2203199,24,2203223
14750,2203230,31,2203261
14751,2203419,9,2203428
14752,2203589,21,2203610
14753,2203665,13,2203678
14754,2203801,128,2203929
14755,2203956,26,2203982
14756,2204108,29,2204137
14757,2204239,70,2204309
14758,2204410,24,2204434
14759,2204500,32,2204532
14760,2204560,4,2204564
14761,2204677,12,2204689
14762,2204753,3,2204756
14763,2204805,179,2204984
14764,2205024,7,2205031
14765,2205222,9,2205231
14766,2205424,19,2205443
14767,2205450,31,2205481
14768,2205552,6,2205558
14769,2205963,52,2206015
14770,2206234,19,2206253
14771,2206266,18,2206284
14772,2206330,22,2206352
14773,2206448,30,2206478
14774,2206565,109,2206674
14775,2206675,104,2206779
14776,2206834,32,2206866
14777,2207055,82,2207137
14778,2207220,20,2207240
14779,2207262,6,2207268
14780,2207355,18,2207373
14781,2207590,76,2207666
14782,2207882,35,2207917
14783,2207971,15,2207986
14784,2208125,58,2208183
14785,2208195,35,2208230
14786,2208540,232,2208772
14787,2208778,39,2208817
14788,2208844,9,2208853
14789,2208872,193,2209065
14790,2209248,1,2209249
14791,2209324,61,2209385
14792,2209442,102,2209544
14793,2209625,33,2209658
14794,2209840,114,2209954
14795,2210372,35,2210407
14796,2210535,3,2210538
14797,2210572,46,2210618
14798,2210817,90,2210907
14799,2210927,74,2211001
14800,2211101,8,2211109
14801,2211207,66,2211273
14802,2211366,37,2211403
14803,2211511,87,2211598
14804,2211687,35,2211722
14805,2211881,2,2211883
14806,2211983,127,2212110
14807,2212123,17,2212140
14808,2212326,190,2212516
14809,2212530,67,2212597
14810,2212764,64,2212828
14811,2213028,1,2213029
14812,2213031,114,2213145
14813,2213203,66,2213269
14814,2213289,92,2213381
14815,2213626,16,2213642
14816,2213728,20,2213748
14817,2214030,114,2214144
14818,2214176,1,2214177
14819,2214262,40,2214302
14820,2214356,9,2214365
14821,2214478,7,2214485
14822,2214501,87,2214588
14823,2214659,18,2214677
14824,2214678,33,2214711
14825,2214743,3,2214746
14826,2214904,22,2214926
14827,2215203,61,2215264
14828,2215308,15,2215323
14829,2215383,99,2215482
14830,2215669,30,2215699
14831,2215728,168,2215896
14832,2215932,129,2216061
14833,2216079,80,2216159
14834,2216199,4,2216203
14835,2216248,7,2216255
14836,2216276,43,2216319
14837,2216388,85,2216473
14838,2216521,136,2216657
14839,2216686,147,2216833
14840,2217014,39,2217053
14841,2217381,25,2217406
14842,2217472,2,2217474
14843,2217592,48,2217640
14844,2217715,9,2217724
14845,2217727,216,2217943
14846,2218130,67,2218197
14847,2218253,90,2218343
14848,2218404,37,2218441
14849,2218464,139,2218603
14850,2218617,14,2218631
14851,2218665,3,2218668
14852,2218829,10,2218839
14853,2218867,62,2218929
14854,2218952,6,2218958
14855,2218977,100,2219077
14856,2219176,131,2219307
14857,2219686,2,2219688
14858,2219850,76,2219926
14859,2219989,5,2219994
14860,2220001,2,2220003
14861,2220091,135,2220226
14862,2220381,46,2220427
14863,2220456,52,2220508
14864,2220577,31,2220608
14865,2220721,40,2220761
14866,2220807,72,2220879
14867,2221022,4,2221026
14868,2221052,83,2221135
14869,2221142,35,2221177
14870,2221262,18,2221280
14871,2221320,37,2221357
14872,2221382,30,2221412
14873,2221506,5,2221511
14874,2221710,7,2221717
14875,2221760,59,2221819
14876,2221854,48,2221902
14877,2221907,39,2221946
14878,2222208,63,2222271
14879,2222294,169,2222463
14880,2222480,78,2222558
14881,2222664,7,2222671
14882,2222713,88,2222801
14883,2223049,144,2223193
14884,2223213,85,2223298
14885,2223551,94,2223645
14886,2223666,41,2223707
14887,2224002,81,2224083
14888,2224084,43,2224127
14889,2224287,29,2224316
14890,2224328,16,2224344
14891,2224643,83,2224726
14892,2224751,22,2224773
14893,2224799,26,2224825
14894,2224882,3,2224885
14895,2225194,5,2225199
14896,2225233,10,2225243
14897,2225334,134,2225468
14898,2225596,15,2225611
14899,2225612,11,2225623
14900,2225729,35,2225764
14901,2225843,6,2225849
14902,2225951,93,2226044
14903,2226271,38,2226309
14904,2226349,10,2226359
14905,2226387,46,2226433
14906,2226474,2,2226476
14907,2226484,91,2226575
14908,2226595,12,2226607
14909,2226639,16,2226655
14910,2226660,18,2226678
14911,2226827,1,2226828
14912,2226921,6,2226927
14913,2226982,24,2227006
14914,2227114,26,2227140
14915,2227302,44,2227346
14916,2227424,94,2227518
14917,2227569,10,2227579
14918,2227593,19,2227612
14919,2227679,10,2227689
14920,2227697,31,2227728
14921,2227781,56,2227837
14922,2227898,8,2227906
14923,2228049,142,2228191
14924,2228216,10,2228226
14925,2228282,5,2228287
14926,2228384,68,2228452
14927,2228469,9,2228478
14928,2228555,39,2228594
14929,2228860,88,2228948
14930,2228982,3,2228985
14931,2229021,128,2229149
14932,2229207,80,2229287
14933,2229288,70,2229358
14934,2229529,32,2229561
14935,2229563,14,2229577
14936,2229689,82,2229771
14937,2229957,65,2230022
14938,2230054,24,2230078
14939,2230387,62,2230449
14940,2230519,45,2230564
14941,2230640,36,2230676
14942,2230696,49,2230745
14943,2230853,90,2230943
14944,2231006,27,2231033
14945,2231044,32,2231076
14946,2231092,15,2231107
14947,2231222,5,2231227
14948,2231249,19,2231268
14949,2231292,115,2231407
14950,2231454,8,2231462
14951,2231694,16,2231710
14952,2231765,32,2231797
14953,2231967,30,2231997
14954,2232053,7,2232060
14955,2232202,129,2232331
14956,2232530,1,2232531
14957,2232609,29,2232638
14958,2232651,130,2232781
14959,2232868,51,2232919
14960,2233050,8,2233058
14961,2233101,22,2233123
14962,2233151,37,2233188
14963,2233428,34,2233462
14964,2233467,66,2233533
14965,2233715,10,2233725
14966,2234019,25,2234044
14967,2234165,18,2234183
14968,2234257,14,2234271
14969,2234320,40,2234360
14970,2234489,40,2234529
14971,2234603,177,2234780
14972,2234818,31,2234849
14973,2234999,9,2235008
14974,2235074,11,2235085
14975,2235158,65,2235223
14976,2235303,58,2235361
14977,2235389,21,2235410
14978,2235469,117,2235586
14979,2235646,39,2235685
14980,2235754,77,2235831
14981,2235888,74,2235962
14982,2236054,46,2236100
14983,2236308,11,2236319
14984,2236378,1,2236379
14985,2236441,22,2236463
14986,2236480,19,2236499
14987,2236571,55,2236626
14988,2236746,6,2236752
14989,2236767,25,2236792
14990,2236831,15,2236846
14991,2236920,119,2237039
14992,2237259,174,2237433
14993,2237627,13,2237640
14994,2237716,89,2237805
14995,2237854,21,2237875
14996,2237956,20,2237976
14997,2237991,8,2237999
14998,2238061,11,2238072
14999,2238125,20,2238145
15000,2238225,49,2238274
15001,2238329,19,2238348
15002,2238467,72,2238539
15003,2238644,20,2238664
15004,2238982,33,2239015
15005,2239207,46,2239253
15006,2239280,194,2239474
15007,2239952,20,2239972
15008,2240099,177,2240276
15009,2240388,5,2240393
15010,2240394,1,2240395
15011,2240521,52,2240573
15012,2240580,30,2240610
15013,2240643,57,2240700
15014,2240808,66,2240874
15015,2241214,46,2241260
15016,2241316,59,2241375
15017,2241406,22,2241428
15018,2241655,21,2241676
15019,2241852,1,2241853
15020,2241857,90,2241947
15021,2242084,58,2242142
15022,2242235,18,2242253
15023,2242351,5,2242356
15024,2242385,54,2242439
15025,2242444,32,2242476
15026,2242579,20,2242599
15027,2242696,32,2242728
15028,2242750,67,2242817
15029,2242873,105,2242978
15030,2243021,10,2243031
15031,2243060,1,2243061
15032,2243154,140,2243294
15033,2243376,9,2243385
15034,2243437,130,2243567
15035,2243661,54,2243715
15036,2243728,215,2243943
15037,2244337,44,2244381
15038,2244393,3,2244396
15039,2244400,84,2244484
15040,2244744,14,2244758
15041,2244956,48,2245004
15042,2245029,41,2245070
15043,2245193,99,2245292
15044,2245775,2,2245777
15045,2246126,19,2246145
15046,2246466,150,2246616
15047,2246621,17,2246638
15048,2246751,35,2246786
15049,2246810,2,2246812
15050,2247051,74,2247125
15051,2247191,23,2247214
15052,2247227,25,2247252
15053,2247423,94,2247517
15054,2247569,151,2247720
15055,2247828,23,2247851
15056,2247859,13,2247872
15057,2247918,34,2247952
15058,2247955,37,2247992
15059,2248145,87,2248232
15060,2248459,7,2248466
15061,2248640,27,2248667
15062,2249099,307,2249406
15063,2249442,40,2249482
15064,2249530,93,2249623
15065,2249639,33,2249672
15066,2249758,163,2249921
15067,2250237,32,2250269
15068,2250334,88,2250422
15069,2250680,8,2250688
15070,2250825,51,2250876
15071,2250915,26,2250941
15072,2251123,63,2251186
15073,2251255,62,2251317
15074,2251357,100,2251457
15075,2251777,34,2251811
15076,2251868,23,2251891
15077,2251929,104,2252033
15078,2252035,5,2252040
15079,2252231,19,2252250
15080,2252525,11,2252536
15081,2252641,21,2252662
15082,2252832,33,2252865
15083,2252891,6,2252897
15084,2252964,64,2253028
15085,2253123,153,2253276
15086,2253594,17,2253611
15087,2254080,8,2254088
15088,2254141,1,2254142
15089,2254217,59,2254276
15090,2254505,63,2254568
15091,2254617,54,2254671
15092,2254800,204,2255004
15093,2255068,39,2255107
15094,2255213,33,2255246
15095,2255409,49,2255458
15096,2255941,37,2255978
15097,2255981,10,2255991
15098,2256077,90,2256167
15099,2256177,184,2256361
15100,2256411,8,2256419
15101,2256435,25,2256460
15102,2256527,159,2256686
15103,2256753,167,2256920
15104,2257076,125,2257201
15105,2257397,11,2257408
15106,2257444,127,2257571
15107,2257581,75,2257656
15108,2257795,12,2257807
15109,2257998,45,2258043
15110,2258167,17,2258184
15111,2258204,10,2258214
15112,2258294,60,2258354
15113,2258359,208,2258567
15114,2258755,194,2258949
15115,2259005,7,2259012
15116,2259026,30,2259056
15117,2259111,189,2259300
15118,2259489,135,2259624
15119,2259657,86,2259743
15120,2259863,126,2259989
15121,2260203,1,2260204
15122,2260261,58,2260319
15123,2260478,47,2260525
15124,2260624,104,2260728
15125,2261021,22,2261043
15126,2261240,81,2261321
15127,2261330,8,2261338
15128,2261356,17,2261373
15129,2261408,52,2261460
15130,2261556,91,2261647
15131,2261800,87,2261887
15132,2262123,41,2262164
15133,2262275,162,2262437
15134,2262442,62,2262504
15135,2262739,135,2262874
15136,2263036,11,2263047
15137,2263099,130,2263229
15138,2263269,19,2263288
15139,2263507,76,2263583
15140,2263757,8,2263765
15141,2263822,49,2263871
15142,2263897,4,2263901
15143,2263911,78,2263989
15144,2264031,44,2264075
15145,2264080,67,2264147
15146,2264278,61,2264339
15147,2264532,9,2264541
15148,2264549,265,2264814
15149,2264953,32,2264985
15150,2265104,89,2265193
15151,2265425,15,2265440
15152,2265443,1,2265444
15153,2265467,23,2265490
15154,2265601,102,2265703
15155,2265956,75,2266031
15156,2266176,70,2266246
15157,2266259,229,2266488
15158,2266597,9,2266606
15159,2266628,10,2266638
15160,2266661,47,2266708
15161,2266761,3,2266764
15162,2266775,17,2266792
15163,2266829,6,2266835
15164,2266998,29,2267027
15165,2267117,41,2267158
15166,2267276,1,2267277
15167,2267388,160,2267548
15168,2267636,69,2267705
15169,2267815,24,2267839
15170,2267932,20,2267952
15171,2267993,68,2268061
15172,2268069,61,2268130
15173,2268131,47,2268178
15174,2268405,164,2268569
15175,2268699,57,2268756
15176,2269064,30,2269094
15177,2269186,43,2269229
15178,2269325,75,2269400
15179,2269533,5,2269538
15180,2269543,9,2269552
15181,2269613,76,2269689
15182,2269740,33,2269773
15183,2269820,16,2269836
15184,2269959,19,2269978
15185,2270005,57,2270062
15186,2270146,8,2270154
15187,2270213,74,2270287
15188,2270501,148,2270649
15189,2270691,25,2270716
15190,2270756,37,2270793
15191,2270846,39,2270885
15192,2270908,37,2270945
15193,2271019,16,2271035
15194,2271042,143,2271185
15195,2271186,39,2271225
15196,2271289,37,2271326
15197,2271459,41,2271500
15198,2271506,23,2271529
15199,2271632,77,2271709
15200,2271725,18,2271743
15201,2271792,24,2271816
15202,2272031,24,2272055
15203,2272063,6,2272069
15204,2272191,12,2272203
15205,2272279,19,2272298
15206,2272399,12,2272411
15207,2272461,17,2272478
15208,2272487,17,2272504
15209,2272677,33,2272710
15210,2272891,153,2273044
15211,2273200,100,2273300
15212,2273328,31,2273359
15213,2273534,73,2273607
15214,2273693,15,2273708
15215,2273938,6,2273944
15216,2273977,20,2273997
15217,2274064,47,2274111
15218,2274213,53,2274266
15219,2274320,25,2274345
15220,2274365,135,2274500
15221,2274579,97,2274676
15222,2274773,6,2274779
15223,2274922,163,2275085
15224,2275256,135,2275391
15225,2275446,25,2275471
15226,2275497,8,2275505
15227,2275507,5,2275512
15228,2275621,75,2275696
15229,2275733,21,2275754
15230,2275786,31,2275817
15231,2275906,78,2275984
15232,2276272,3,2276275
15233,2276335,17,2276352
15234,2276398,74,2276472
15235,2276479,46,2276525
15236,2276565,24,2276589
15237,2276667,37,2276704
15238,2276767,30,2276797
15239,2276844,98,2276942
15240,2276962,20,2276982
15241,2277089,20,2277109
15242,2277134,30,2277164
15243,2277269,183,2277452
15244,2277598,15,2277613
15245,2277862,39,2277901
15246,2277944,64,2278008
15247,2278042,81,2278123
15248,2278144,59,2278203
15249,2278216,2,2278218
15250,2278451,41,2278492
15251,2278676,73,2278749
15252,2278921,178,2279099
15253,2279203,77,2279280
15254,2279386,25,2279411
15255,2279481,40,2279521
15256,2279567,27,2279594
15257,2279597,45,2279642
15258,2279655,141,2279796
15259,2279868,12,2279880
15260,2280046,60,2280106
15261,2280154,159,2280313
15262,2280531,3,2280534
15263,2280657,4,2280661
15264,2280665,96,2280761
15265,2280857,3,2280860
15266,2281002,115,2281117
15267,2281121,14,2281135
15268,2281218,11,2281229
15269,2281284,49,2281333
15270,2281351,4,2281355
15271,2281398,60,2281458
15272,2281601,13,2281614
15273,2281675,27,2281702
15274,2281723,38,2281761
15275,2281839,59,2281898
15276,2281920,6,2281926
15277,2282195,74,2282269
15278,2282299,4,2282303
15279,2282306,20,2282326
15280,2282390,59,2282449
15281,2282531,118,2282649
15282,2282819,1,2282820
15283,2282999,19,2283018
15284,2283058,30,2283088
15285,2283205,15,2283220
15286,2283270,3,2283273
15287,2283368,41,2283409
15288,2283424,30,2283454
15289,2283509,13,2283522
15290,2283654,12,2283666
15291,2283692,69,2283761
15292,2283782,104,2283886
15293,2284177,85,2284262
15294,2284303,34,2284337
15295,2284443,64,2284507
15296,2284643,37,2284680
15297,2284725,10,2284735
15298,2284774,30,2284804
15299,2284834,5,2284839
15300,2284949,21,2284970
15301,2285175,2,2285177
15302,2285231,18,2285249
15303,2285433,44,2285477
15304,2285487,31,2285518
15305,2285526,45,2285571
15306,2285602,49,2285651
15307,2285730,114,2285844
15308,2286084,1,2286085
15309,2286240,29,2286269
15310,2286293,130,2286423
15311,2286527,13,2286540
15312,2286546,43,2286589
15313,2286709,49,2286758
15314,2287090,9,2287099
15315,2287122,28,2287150
15316,2287225,66,2287291
15317,2287482,83,2287565
15318,2287611,76,2287687
15319,2287925,11,2287936
15320,2288024,24,2288048
15321,2288130,66,2288196
15322,2288200,62,2288262
15323,2288339,96,2288435
15324,2288461,55,2288516
15325,2288542,4,2288546
15326,2288725,32,2288757
15327,2288759,21,2288780
15328,2288889,8,2288897
15329,2289137,75,2289212
15330,2289405,21,2289426
15331,2289478,18,2289496
15332,2289556,234,2289790
15333,2289857,29,2289886
15334,2290201,60,2290261
15335,2290271,30,2290301
15336,2290390,102,2290492
15337,2290533,2,2290535
15338,2290697,55,2290752
15339,2290849,23,2290872
15340,2290979,3,2290982
15341,2291078,28,2291106
15342,2291266,68,2291334
15343,2291433,28,2291461
15344,2291582,18,2291600
15345,2291605,59,2291664
15346,2291810,8,2291818
15347,2292102,55,2292157
15348,2292228,48,2292276
15349,2292309,106,2292415
15350,2292503,147,2292650
15351,2292705,89,2292794
15352,2292834,15,2292849
15353,2293017,18,2293035
15354,2293095,194,2293289
15355,2293356,61,2293417
15356,2293490,46,2293536
15357,2293566,9,2293575
15358,2293878,92,2293970
15359,2293972,31,2294003
15360,2294140,19,2294159
15361,2294263,23,2294286
15362,2294321,15,2294336
15363,2294359,132,2294491
15364,2294509,5,2294514
15365,2294623,190,2294813
15366,2294926,125,2295051
15367,2295128,50,2295178
15368,2295257,42,2295299
15369,2295476,11,2295487
15370,2295623,35,2295658
15371,2295724,21,2295745
15372,2295750,13,2295763
15373,2295812,93,2295905
15374,2295913,3,2295916
15375,2295934,433,2296367
15376,2296442,31,2296473
15377,2296577,4,2296581
15378,2296615,25,2296640
15379,2296698,50,2296748
15380,2296777,51,2296828
15381,2296923,1,2296924
15382,2297147,1,2297148
15383,2297157,35,2297192
15384,2297288,32,2297320
15385,2297348,56,2297404
15386,2297630,23,2297653
15387,2297732,21,2297753
15388,2297845,18,2297863
15389,2298066,11,2298077
15390,2298436,11,2298447
15391,2298453,23,2298476
15392,2298508,2,2298510
15393,2298705,28,2298733
15394,2298937,55,2298992
15395,2299054,9,2299063
15396,2299169,37,2299206
15397,2299407,30,2299437
15398,2299503,3,2299506
15399,2299835,31,2299866
15400,2299878,58,2299936
15401,2299943,45,2299988
15402,2300117,34,2300151
15403,2300172,10,2300182
15404,2300198,24,2300222
15405,2300269,24,2300293
15406,2300296,66,2300362
15407,2300368,15,2300383
15408,2300394,22,2300416
15409,2300417,15,2300432
15410,2300516,16,2300532
15411,2300560,11,2300571
15412,2300593,9,2300602
15413,2300610,54,2300664
15414,2300666,1,2300667
15415,2300949,73,2301022
15416,2301037,121,2301158
15417,2301205,6,2301211
15418,2301212,152,2301364
15419,2301371,125,2301496
15420,2301667,7,2301674
15421,2301991,62,2302053
15422,2302123,22,2302145
15423,2302365,175,2302540
15424,2302642,4,2302646
15425,2302773,8,2302781
15426,2302783,244,2303027
15427,2303180,51,2303231
15428,2303274,90,2303364
15429,2303941,184,2304125
15430,2304146,258,2304404
15431,2304522,4,2304526
15432,2304529,36,2304565
15433,2304696,11,2304707
15434,2304906,3,2304909
15435,2304953,75,2305028
15436,2305382,132,2305514
15437,2305754,25,2305779
15438,2305795,17,2305812
15439,2305900,57,2305957
15440,2306051,11,2306062
15441,2306201,12,2306213
15442,2306268,12,2306280
15443,2306433,10,2306443
15444,2306890,32,2306922
15445,2307045,184,2307229
15446,2307299,20,2307319
15447,2307320,28,2307348
15448,2307493,111,2307604
15449,2307874,4,2307878
15450,2308003,64,2308067
15451,2308130,1,2308131
15452,2308217,4,2308221
15453,2308419,63,2308482
15454,2308526,25,2308551
15455,2308622,9,2308631
15456,2308640,80,2308720
15457,2308805,17,2308822
15458,2308876,50,2308926
15459,2309292,32,2309324
15460,2309410,7,2309417
15461,2309423,72,2309495
15462,2309533,131,2309664
15463,2309696,55,2309751
15464,2309939,135,2310074
15465,2310116,80,2310196
15466,2310380,8,2310388
15467,2310463,17,2310480
15468,2310579,8,2310587
15469,2310627,52,2310679
15470,2310729,6,2310735
15471,2310769,106,2310875
15472,2310972,274,2311246
15473,2311370,16,2311386
15474,2311566,1,2311567
15475,2311649,77,2311726
15476,2312083,57,2312140
15477,2312203,37,2312240
15478,2312371,2,2312373
15479,2312559,10,2312569
15480,2312657,87,2312744
15481,2312873,29,2312902
15482,2312918,84,2313002
15483,2313082,10,2313092
15484,2313188,6,2313194
15485,2313539,24,2313563
15486,2313645,54,2313699
15487,2313740,95,2313835
15488,2314056,44,2314100
15489,2314128,48,2314176
15490,2314427,109,2314536
15491,2314628,39,2314667
15492,2314697,12,2314709
15493,2314747,2,2314749
15494,2314758,17,2314775
15495,2314809,43,2314852
15496,2314996,30,2315026
15497,2315095,90,2315185
15498,2315204,61,2315265
15499,2315335,96,2315431
15500,2315537,72,2315609
15501,2315711,30,2315741
15502,2316260,3,2316263
15503,2316387,7,2316394
15504,2316489,140,2316629
15505,2316670,117,2316787
15506,2317001,57,2317058
15507,2317132,114,2317246
15508,2317294,26,2317320
15509,2317400,38,2317438
15510,2317621,64,2317685
15511,2317791,7,2317798
15512,2317924,28,2317952
15513,2318097,11,2318108
15514,2318118,80,2318198
15515,2318404,5,2318409
15516,2318463,2,2318465
15517,2318809,32,2318841
15518,2319021,12,2319033
15519,2319153,35,2319188
15520,2319435,70,2319505
15521,2319651,72,2319723
15522,2320006,20,2320026
15523,2320168,48,2320216
15524,2320225,156,2320381
15525,2320437,39,2320476
15526,2320488,1,2320489
15527,2320677,4,2320681
15528,2320817,27,2320844
15529,2320969,7,2320976
15530,2320992,56,2321048
15531,2321135,61,2321196
15532,2321245,83,2321328
15533,2321357,13,2321370
15534,2321528,123,2321651
15535,2321785,7,2321792
15536,2321913,36,2321949
15537,2321956,218,2322174
15538,2322267,49,2322316
15539,2322371,100,2322471
15540,2322490,15,2322505
15541,2322507,79,2322586
15542,2322710,117,2322827
15543,2322840,31,2322871
15544,2322937,115,2323052
15545,2323487,7,2323494
15546,2323540,177,2323717
15547,2323756,11,2323767
15548,2323819,19,2323838
15549,2324156,24,2324180
15550,2324246,26,2324272
15551,2324463,21,2324484
15552,2324605,26,2324631
15553,2324693,12,2324705
15554,2324738,16,2324754
15555,2324779,69,2324848
15556,2324932,15,2324947
15557,2324993,23,2325016
15558,2325069,8,2325077
15559,2325127,61,2325188
15560,2325277,83,2325360
15561,2325391,7,2325398
15562,2325612,1,2325613
15563,2325622,13,2325635
15564,2325658,28,2325686
15565,2326045,15,2326060
15566,2326177,40,2326217
15567,2326332,11,2326343
15568,2326418,14,2326432
15569,2326509,27,2326536
15570,2326544,52,2326596
15571,2326758,13,2326771
15572,2326911,19,2326930
15573,2327085,187,2327272
15574,2327315,27,2327342
15575,2327414,4,2327418
15576,2327459,81,2327540
15577,2327647,12,2327659
15578,2327801,44,2327845
15579,2327872,24,2327896
15580,2328023,32,2328055
15581,2328209,22,2328231
15582,2328292,7,2328299
15583,2328333,21,2328354
15584,2328418,5,2328423
15585,2328627,39,2328666
15586,2328671,15,2328686
15587,2328720,11,2328731
15588,2328743,17,2328760
15589,2328842,2,2328844
15590,2329160,54,2329214
15591,2329265,32,2329297
15592,2329506,10,2329516
15593,2329522,1,2329523
15594,2329581,73,2329654
15595,2329683,2,2329685
15596,2329850,44,2329894
15597,2330503,16,2330519
15598,2330524,45,2330569
15599,2330681,21,2330702
15600,2330705,20,2330725
15601,2330811,5,2330816
15602,2330939,46,2330985
15603,2331143,6,2331149
15604,2331245,15,2331260
15605,2331302,121,2331423
15606,2331553,24,2331577
15607,2331609,112,2331721
15608,2331732,89,2331821
15609,2332080,159,2332239
15610,2332302,27,2332329
15611,2332440,129,2332569
15612,2332579,46,2332625
15613,2333102,66,2333168
15614,2333309,15,2333324
15615,2333408,11,2333419
15616,2333420,9,2333429
15617,2333435,3,2333438
15618,2333465,11,2333476
15619,2333651,17,2333668
15620,2333730,24,2333754
15621,2333886,5,2333891
15622,2334006,56,2334062
15623,2334160,63,2334223
15624,2334267,60,2334327
15625,2334344,8,2334352
15626,2334397,49,2334446
15627,2334526,3,2334529
15628,2334781,27,2334808
15629,2334858,110,2334968
15630,2335064,11,2335075
15631,2335172,29,2335201
15632,2335206,29,2335235
15633,2335240,8,2335248
15634,2335345,14,2335359
15635,2335506,47,2335553
15636,2335610,79,2335689
15637,2335715,38,2335753
15638,2335904,26,2335930
15639,2336016,14,2336030
15640,2336267,35,2336302
15641,2336313,10,2336323
15642,2336478,34,2336512
15643,2336599,70,2336669
15644,2336876,1,2336877
15645,2337007,33,2337040
15646,2337104,28,2337132
15647,2337157,59,2337216
15648,2337272,123,2337395
15649,2337586,60,2337646
15650,2337657,19,2337676
15651,2337693,30,2337723
15652,2337745,10,2337755
15653,2337824,57,2337881
15654,2337884,156,2338040
15655,2338240,42,2338282
15656,2338460,94,2338554
15657,2338618,19,2338637
15658,2338915,8,2338923
15659,2338953,110,2339063
15660,2339089,8,2339097
15661,2340224,23,2340247
15662,2340253,42,2340295
15663,2340351,9,2340360
15664,2340545,23,2340568
15665,2340581,41,2340622
15666,2340701,92,2340793
15667,2340977,197,2341174
15668,2341370,6,2341376
15669,2341500,33,2341533
15670,2341622,41,2341663
15671,2341674,80,2341754
15672,2341799,35,2341834
15673,2342153,6,2342159
15674,2342225,7,2342232
15675,2342293,121,2342414
15676,2342432,176,2342608
15677,2342684,21,2342705
15678,2342774,3,2342777
15679,2342821,85,2342906
15680,2342949,88,2343037
15681,2343256,24,2343280
15682,2343367,4,2343371
15683,2343484,152,2343636
15684,2343690,2,2343692
15685,2343716,35,2343751
15686,2343855,29,2343884
15687,2343971,16,2343987
15688,2344060,73,2344133
15689,2344244,17,2344261
15690,2344486,52,2344538
15691,2344583,64,2344647
15692,2344682,8,2344690
15693,2344790,419,2345209
15694,2345268,1,2345269
15695,2345324,144,2345468
15696,2345472,91,2345563
15697,2345601,29,2345630
15698,2345710,19,2345729
15699,2345809,116,2345925
15700,2346000,162,2346162
15701,2346572,8,2346580
15702,2346651,149,2346800
15703,2346918,1,2346919
15704,2347197,22,2347219
15705,2347299,5,2347304
15706,2347436,25,2347461
15707,2347496,11,2347507
15708,2347622,69,2347691
15709,2347864,33,2347897
15710,2348036,145,2348181
15711,2348344,33,2348377
15712,2348398,60,2348458
15713,2348516,9,2348525
15714,2348577,1,2348578
15715,2348654,44,2348698
15716,2348795,46,2348841
15717,2348868,3,2348871
15718,2349140,13,2349153
15719,2349188,43,2349231
15720,2349270,123,2349393
15721,2349584,75,2349659
15722,2349728,9,2349737
15723,2349783,29,2349812
15724,2349826,3,2349829
15725,2349867,54,2349921
15726,2350031,10,2350041
15727,2350078,93,2350171
15728,2350253,7,2350260
15729,2350262,152,2350414
15730,2350472,24,2350496
15731,2350578,15,2350593
15732,2350631,48,2350679
15733,2350746,22,2350768
15734,2350812,29,2350841
15735,2350847,122,2350969
15736,2351084,100,2351184
15737,2351213,149,2351362
15738,2351484,42,2351526
15739,2351796,1,2351797
15740,2352125,45,2352170
15741,2352187,114,2352301
15742,2352362,7,2352369
15743,2352529,34,2352563
15744,2352807,63,2352870
15745,2353092,32,2353124
15746,2353146,32,2353178
15747,2353199,21,2353220
15748,2353259,118,2353377
15749,2353711,34,2353745
15750,2353755,93,2353848
15751,2353979,22,2354001
15752,2354009,122,2354131
15753,2354309,5,2354314
15754,2354416,1,2354417
15755,2354443,25,2354468
15756,2354746,20,2354766
15757,2354847,37,2354884
15758,2355005,11,2355016
15759,2355092,48,2355140
15760,2355219,83,2355302
15761,2355451,53,2355504
15762,2355555,2,2355557
15763,2355574,127,2355701
15764,2355761,28,2355789
15765,2355814,3,2355817
15766,2355828,47,2355875
15767,2355957,61,2356018
15768,2356357,32,2356389
15769,2356477,20,2356497
15770,2356625,20,2356645
15771,2356682,34,2356716
15772,2356735,52,2356787
15773,2356941,134,2357075
15774,2357103,2,2357105
15775,2357133,36,2357169
15776,2357238,15,2357253
15777,2357404,5,2357409
15778,2357434,9,2357443
15779,2357444,10,2357454
15780,2357476,23,2357499
15781,2357619,35,2357654
15782,2357826,38,2357864
15783,2357895,29,2357924
15784,2357991,75,2358066
15785,2358077,72,2358149
15786,2358367,5,2358372
15787,2358601,106,2358707
15788,2358727,88,2358815
15789,2358864,13,2358877
15790,2359039,34,2359073
15791,2359075,4,2359079
15792,2359132,5,2359137
15793,2359199,65,2359264
15794,2359423,51,2359474
15795,2359497,25,2359522
15796,2359571,112,2359683
15797,2359717,12,2359729
15798,2359758,91,2359849
15799,2360072,10,2360082
15800,2360093,20,2360113
15801,2360178,42,2360220
15802,2360461,13,2360474
15803,2360579,10,2360589
15804,2360724,22,2360746
15805,2360767,5,2360772
15806,2360885,51,2360936
15807,2360966,190,2361156
15808,2361276,87,2361363
15809,2361380,38,2361418
15810,2361846,26,2361872
15811,2362041,49,2362090
15812,2362091,15,2362106
15813,2362174,22,2362196
15814,2362264,47,2362311
15815,2362349,22,2362371
15816,2362446,32,2362478
15817,2362649,54,2362703
15818,2362794,5,2362799
15819,2362938,61,2362999
15820,2363097,16,2363113
15821,2363232,9,2363241
15822,2363353,30,2363383
15823,2363387,96,2363483
15824,2363539,16,2363555
15825,2363614,31,2363645
15826,2363666,23,2363689
15827,2363717,17,2363734
15828,2363840,117,2363957
15829,2363964,253,2364217
15830,2364543,5,2364548
15831,2364555,37,2364592
15832,2364687,22,2364709
15833,2364740,58,2364798
15834,2364819,26,2364845
15835,2364921,13,2364934
15836,2364969,35,2365004
15837,2365501,75,2365576
15838,2365677,58,2365735
15839,2365741,20,2365761
15840,2366003,57,2366060
15841,2366332,16,2366348
15842,2366484,1,2366485
15843,2366528,49,2366577
15844,2366639,103,2366742
15845,2366960,67,2367027
15846,2367232,11,2367243
15847,2367325,51,2367376
15848,2367446,167,2367613
15849,2367692,148,2367840
15850,2368000,7,2368007
15851,2368082,30,2368112
15852,2368240,55,2368295
15853,2368322,5,2368327
15854,2368438,42,2368480
15855,2368590,55,2368645
15856,2368864,58,2368922
15857,2368987,86,2369073
15858,2369183,25,2369208
15859,2369256,38,2369294
15860,2369459,107,2369566
15861,2369625,17,2369642
15862,2369813,34,2369847
15863,2369955,9,2369964
15864,2369990,48,2370038
15865,2370140,181,2370321
15866,2370397,15,2370412
15867,2370436,35,2370471
15868,2370622,45,2370667
15869,2370725,21,2370746
15870,2370786,81,2370867
15871,2370925,102,2371027
15872,2371080,57,2371137
15873,2371473,131,2371604
15874,2371697,43,2371740
15875,2371768,42,2371810
15876,2371894,57,2371951
15877,2371976,87,2372063
15878,2372065,67,2372132
15879,2372252,75,2372327
15880,2372338,46,2372384
15881,2372464,70,2372534
15882,2372553,208,2372761
15883,2372906,14,2372920
15884,2372944,21,2372965
15885,2373020,61,2373081
15886,2373157,49,2373206
15887,2373220,42,2373262
15888,2373311,7,2373318
15889,2373390,23,2373413
15890,2373434,12,2373446
15891,2373462,18,2373480
15892,2373517,67,2373584
15893,2373723,81,2373804
15894,2373851,87,2373938
15895,2374224,8,2374232
15896,2374360,15,2374375
15897,2374400,37,2374437
15898,2374605,39,2374644
15899,2374709,14,2374723
15900,2374740,9,2374749
15901,2374810,8,2374818
15902,2374906,6,2374912
15903,2374990,29,2375019
15904,2375034,280,2375314
15905,2375322,76,2375398
15906,2375413,2,2375415
15907,2375642,28,2375670
15908,2375675,212,2375887
15909,2375955,32,2375987
15910,2376113,29,2376142
15911,2376165,67,2376232
15912,2376252,22,2376274
15913,2376298,3,2376301
15914,2376488,57,2376545
15915,2376705,165,2376870
15916,2376978,16,2376994
15917,2377151,60,2377211
15918,2377216,15,2377231
15919,2377438,49,2377487
15920,2377543,250,2377793
15921,2377797,294,2378091
15922,2378127,10,2378137
15923,2378152,92,2378244
15924,2378305,68,2378373
15925,2378642,16,2378658
15926,2378673,62,2378735
15927,2378897,87,2378984
15928,2379045,49,2379094
15929,2379174,23,2379197
15930,2379207,118,2379325
15931,2379533,58,2379591
15932,2379815,15,2379830
15933,2379854,36,2379890
15934,2379963,72,2380035
15935,2380083,175,2380258
15936,2380313,74,2380387
15937,2380477,152,2380629
15938,2380875,53,2380928
15939,2380945,45,2380990
15940,2381130,21,2381151
15941,2381183,117,2381300
15942,2381421,13,2381434
15943,2381550,48,2381598
15944,2381608,81,2381689
15945,2381774,27,2381801
15946,2381824,19,2381843
15947,2381968,1,2381969
15948,2382028,49,2382077
15949,2382280,19,2382299
15950,2382329,32,2382361
15951,2382413,19,2382432
15952,2382497,16,2382513
15953,2382649,49,2382698
15954,2382978,88,2383066
15955,2383186,73,2383259
15956,2383391,4,2383395
15957,2383414,88,2383502
15958,2383518,181,2383699
15959,2383753,11,2383764
15960,2383796,24,2383820
15961,2383858,73,2383931
15962,2384044,15,2384059
15963,2384100,7,2384107
15964,2384178,36,2384214
15965,2384284,72,2384356
15966,2384393,87,2384480
15967,2384482,34,2384516
15968,2384531,23,2384554
15969,2384641,3,2384644
15970,2384728,41,2384769
15971,2384793,104,2384897
15972,2384919,162,2385081
15973,2385247,1,2385248
15974,2385441,31,2385472
15975,2385547,46,2385593
15976,2385606,41,2385647
15977,2385903,148,2386051
15978,2386066,103,2386169
15979,2386373,3,2386376
15980,2386626,46,2386672
15981,2386826,43,2386869
15982,2387094,18,2387112
15983,2387162,52,2387214
15984,2387262,52,2387314
15985,2387418,15,2387433
15986,2387447,16,2387463
15987,2387644,23,2387667
15988,2387792,18,2387810
15989,2387871,15,2387886
15990,2387917,25,2387942
15991,2388027,11,2388038
15992,2388159,141,2388300
15993,2388361,31,2388392
15994,2388445,44,2388489
15995,2388530,41,2388571
15996,2388762,109,2388871
15997,2388927,49,2388976
15998,2389164,185,2389349
15999,2389664,8,2389672
16000,2389932,41,2389973
16001,2390136,76,2390212
16002,2390496,19,2390515
16003,2390522,156,2390678
16004,2390710,4,2390714
16005,2390918,128,2391046
16006,2391136,3,2391139
16007,2391205,7,2391212
16008,2391328,46,2391374
16009,2391390,4,2391394
16010,2391431,28,2391459
16011,2391481,31,2391512
16012,2391557,19,2391576
16013,2391777,173,2391950
16014,2391972,53,2392025
16015,2392027,60,2392087
16016,2392151,92,2392243
16017,2392388,55,2392443
16018,2392490,110,2392600
16019,2392828,40,2392868
16020,2392912,9,2392921
16021,2392952,73,2393025
16022,2393048,30,2393078
16023,2393190,12,2393202
16024,2393291,8,2393299
16025,2393348,40,2393388
16026,2393477,123,2393600
16027,2393633,4,2393637
16028,2393860,76,2393936
16029,2393954,42,2393996
16030,2394028,24,2394052
16031,2394177,67,2394244
16032,2394565,109,2394674
16033,2394679,9,2394688
16034,2394728,13,2394741
16035,2394751,10,2394761
16036,2395032,5,2395037
16037,2395087,1,2395088
16038,2395195,8,2395203
16039,2395534,110,2395644
16040,2395744,5,2395749
16041,2395819,70,2395889
16042,2395942,36,2395978
16043,2396089,33,2396122
16044,2396173,31,2396204
16045,2396307,75,2396382
16046,2396427,1,2396428
16047,2396568,72,2396640
16048,2396772,28,2396800
16049,2396848,92,2396940
16050,2396978,29,2397007
16051,2397043,3,2397046
16052,2397119,12,2397131
16053,2397185,52,2397237
16054,2397292,20,2397312
16055,2397359,7,2397366
16056,2397400,19,2397419
16057,2397718,21,2397739
16058,2398059,69,2398128
16059,2398542,76,2398618
16060,2398655,71,2398726
16061,2398734,31,2398765
16062,2398800,55,2398855
16063,2398892,32,2398924
16064,2398985,57,2399042
16065,2399044,11,2399055
16066,2399150,51,2399201
16067,2399471,8,2399479
16068,2399524,91,2399615
16069,2399622,2,2399624
16070,2399638,26,2399664
16071,2399806,77,2399883
16072,2399959,198,2400157
16073,2400175,92,2400267
16074,2400320,35,2400355
16075,2400406,19,2400425
16076,2400489,7,2400496
16077,2400535,13,2400548
16078,2400579,7,2400586
16079,2400651,3,2400654
16080,2400828,69,2400897
16081,2400904,10,2400914
16082,2400977,21,2400998
16083,2401176,17,2401193
16084,2401237,9,2401246
16085,2401307,20,2401327
16086,2401391,1,2401392
16087,2401493,38,2401531
16088,2401612,222,2401834
16089,2401848,3,2401851
16090,2401942,75,2402017
16091,2402056,22,2402078
16092,2402087,7,2402094
16093,2402125,70,2402195
16094,2402426,111,2402537
16095,2402545,30,2402575
16096,2402914,15,2402929
16097,2402930,1,2402931
16098,2403003,50,2403053
16099,2403319,44,2403363
16100,2403468,11,2403479
16101,2403483,199,2403682
16102,2403717,2,2403719
16103,2403805,10,2403815
16104,2403936,81,2404017
16105,2404029,44,2404073
16106,2404086,26,2404112
16107,2404180,65,2404245
16108,2404417,51,2404468
16109,2404534,4,2404538
16110,2404973,41,2405014
16111,2405152,86,2405238
16112,2405258,32,2405290
16113,2405303,40,2405343
16114,2405528,1,2405529
16115,2405560,31,2405591
16116,2405640,13,2405653
16117,2405682,20,2405702
16118,2405747,181,2405928
16119,2405940,38,2405978
16120,2406278,57,2406335
16121,2406385,59,2406444
16122,2406560,60,2406620
16123,2407177,34,2407211
16124,2407415,21,2407436
16125,2407449,5,2407454
16126,2407614,21,2407635
16127,2407687,14,2407701
16128,2407712,14,2407726
16129,2407782,78,2407860
16130,2407879,79,2407958
16131,2408010,28,2408038
16132,2408158,79,2408237
16133,2408290,105,2408395
16134,2408414,33,2408447
16135,2408474,83,2408557
16136,2408671,19,2408690
16137,2408873,176,2409049
16138,2409174,27,2409201
16139,2409282,62,2409344
16140,2409379,124,2409503
16141,2409587,9,2409596
16142,2409644,157,2409801
16143,2409960,1,2409961
16144,2410146,39,2410185
16145,2410362,3,2410365
16146,2410434,13,2410447
16147,2410496,7,2410503
16148,2410676,8,2410684
16149,2410772,54,2410826
16150,2410902,115,2411017
16151,2411103,42,2411145
16152,2411370,2,2411372
16153,2411459,54,2411513
16154,2411568,248,2411816
16155,2411830,54,2411884
16156,2412032,24,2412056
16157,2412116,176,2412292
16158,2412573,17,2412590
16159,2412769,13,2412782
16160,2412827,84,2412911
16161,2413061,38,2413099
16162,2413177,1,2413178
16163,2413388,22,2413410
16164,2413436,15,2413451
16165,2413495,12,2413507
16166,2413533,26,2413559
16167,2413643,28,2413671
16168,2413722,55,2413777
16169,2413784,64,2413848
16170,2413888,55,2413943
16171,2413950,43,2413993
16172,2414077,2,2414079
16173,2414285,17,2414302
16174,2414314,11,2414325
16175,2414341,196,2414537
16176,2414571,70,2414641
16177,2414720,25,2414745
16178,2414856,38,2414894
16179,2414946,14,2414960
16180,2414994,13,2415007
16181,2415075,19,2415094
16182,2415113,26,2415139
16183,2415250,5,2415255
16184,2415444,30,2415474
16185,2415487,4,2415491
16186,2415702,21,2415723
16187,2415869,3,2415872
16188,2415906,19,2415925
16189,2416082,42,2416124
16190,2416169,29,2416198
16191,2416224,56,2416280
16192,2416286,19,2416305
16193,2416344,117,2416461
16194,2416506,11,2416517
16195,2416540,11,2416551
16196,2416645,167,2416812
16197,2417358,18,2417376
16198,2417439,63,2417502
16199,2417721,71,2417792
16200,2418181,44,2418225
16201,2418394,38,2418432
16202,2418459,21,2418480
16203,2418482,25,2418507
16204,2418549,61,2418610
16205,2418619,12,2418631
16206,2418698,28,2418726
16207,2418803,29,2418832
16208,2419024,35,2419059
16209,2419122,6,2419128
16210,2419245,131,2419376
16211,2419441,57,2419498
16212,2419525,54,2419579
16213,2419622,112,2419734
16214,2419862,3,2419865
16215,2419956,27,2419983
16216,2420042,25,2420067
16217,2420068,78,2420146
16218,2420161,106,2420267
16219,2420374,26,2420400
16220,2420405,77,2420482
16221,2420581,24,2420605
16222,2421045,37,2421082
16223,2421150,42,2421192
16224,2421249,239,2421488
16225,2421775,54,2421829
16226,2422066,23,2422089
16227,2422180,56,2422236
16228,2422333,126,2422459
16229,2422481,13,2422494
16230,2422548,17,2422565
16231,2422636,75,2422711
16232,2423101,4,2423105
16233,2423109,30,2423139
16234,2423188,85,2423273
16235,2423324,102,2423426
16236,2423460,47,2423507
16237,2423779,48,2423827
16238,2423903,24,2423927
16239,2423993,35,2424028
16240,2424333,34,2424367
16241,2424401,30,2424431
16242,2424586,51,2424637
16243,2424868,3,2424871
16244,2424889,23,2424912
16245,2425005,6,2425011
16246,2425055,4,2425059
16247,2425113,17,2425130
16248,2425141,93,2425234
16249,2425361,114,2425475
16250,2425489,62,2425551
16251,2425620,11,2425631
16252,2425647,23,2425670
16253,2425757,16,2425773
16254,2426008,31,2426039
16255,2426046,82,2426128
16256,2426200,90,2426290
16257,2426339,45,2426384
16258,2426386,29,2426415
16259,2426416,102,2426518
16260,2426564,91,2426655
16261,2426908,57,2426965
16262,2427000,16,2427016
16263,2427122,166,2427288
16264,2427290,97,2427387
16265,2427452,66,2427518
16266,2427579,6,2427585
16267,2427586,47,2427633
16268,2427651,71,2427722
16269,2427731,21,2427752
16270,2428024,10,2428034
16271,2428043,64,2428107
16272,2428205,2,2428207
16273,2428244,76,2428320
16274,2428460,182,2428642
16275,2428724,55,2428779
16276,2428802,1,2428803
16277,2429088,15,2429103
16278,2429596,68,2429664
16279,2429717,5,2429722
16280,2429908,68,2429976
16281,2430050,55,2430105
16282,2430178,60,2430238
16283,2430438,38,2430476
16284,2430553,60,2430613
16285,2430649,29,2430678
16286,2430712,118,2430830
16287,2431130,136,2431266
16288,2431391,74,2431465
16289,2431495,83,2431578
16290,2431689,24,2431713
16291,2431867,50,2431917
16292,2431942,82,2432024
16293,2432057,83,2432140
16294,2432257,56,2432313
16295,2432396,11,2432407
16296,2432688,30,2432718
16297,2432878,6,2432884
16298,2433140,54,2433194
16299,2433233,122,2433355
16300,2433409,10,2433419
16301,2433475,191,2433666
16302,2433668,50,2433718
16303,2433881,31,2433912
16304,2434058,86,2434144
16305,2434169,3,2434172
16306,2434176,8,2434184
16307,2434319,12,2434331
16308,2434345,219,2434564
16309,2434637,59,2434696
16310,2435042,5,2435047
16311,2435051,237,2435288
16312,2435308,2,2435310
16313,2435405,5,2435410
16314,2435792,11,2435803
16315,2435835,7,2435842
16316,2435922,16,2435938
16317,2436083,29,2436112
16318,2436120,20,2436140
16319,2436148,10,2436158
16320,2436182,47,2436229
16321,2436235,3,2436238
16322,2436258,20,2436278
16323,2436314,1,2436315
16324,2436474,40,2436514
16325,2436531,10,2436541
16326,2436554,19,2436573
16327,2436854,33,2436887
16328,2437175,254,2437429
16329,2437478,3,2437481
16330,2437731,83,2437814
16331,2437817,20,2437837
16332,2437840,127,2437967
16333,2438058,11,2438069
16334,2438103,16,2438119
16335,2438122,5,2438127
16336,2438328,10,2438338
16337,2438623,101,2438724
16338,2438732,66,2438798
16339,2439063,25,2439088
16340,2439128,13,2439141
16341,2439220,45,2439265
16342,2439386,54,2439440
16343,2439571,11,2439582
16344,2439697,25,2439722
16345,2439944,37,2439981
16346,2440023,72,2440095
16347,2440117,26,2440143
16348,2440470,61,2440531
16349,2440639,74,2440713
16350,2440748,26,2440774
16351,2440788,118,2440906
16352,2441079,66,2441145
16353,2441175,43,2441218
16354,2441299,30,2441329
16355,2441691,63,2441754
16356,2441824,18,2441842
16357,2441937,135,2442072
16358,2442220,28,2442248
16359,2442472,76,2442548
16360,2442632,169,2442801
16361,2442847,109,2442956
16362,2443041,44,2443085
16363,2443109,83,2443192
16364,2443271,131,2443402
16365,2443416,59,2443475
16366,2443786,1,2443787
16367,2443901,30,2443931
16368,2443939,52,2443991
16369,2443994,162,2444156
16370,2444197,34,2444231
16371,2444317,36,2444353
16372,2444400,11,2444411
16373,2444518,8,2444526
16374,2444541,35,2444576
16375,2444653,62,2444715
16376,2444883,31,2444914
16377,2444999,112,2445111
16378,2445138,42,2445180
16379,2445223,54,2445277
16380,2445282,24,2445306
16381,2445410,43,2445453
16382,2445726,59,2445785
16383,2445842,147,2445989
16384,2446025,32,2446057
16385,2446108,212,2446320
16386,2446463,64,2446527
16387,2446531,11,2446542
16388,2446575,28,2446603
16389,2446778,76,2446854
16390,2446889,24,2446913
16391,2446962,31,2446993
16392,2447083,17,2447100
16393,2447379,182,2447561
16394,2447633,38,2447671
16395,2447732,141,2447873
16396,2447900,50,2447950
16397,2447972,99,2448071
16398,2448168,40,2448208
16399,2448397,274,2448671
16400,2448927,72,2448999
16401,2449142,72,2449214
16402,2449435,6,2449441
16403,2449445,19,2449464
16404,2449503,65,2449568
16405,2449636,52,2449688
16406,2449786,5,2449791
16407,2449840,5,2449845
16408,2450006,22,2450028
16409,2450255,7,2450262
16410,2450291,44,2450335
16411,2450345,82,2450427
16412,2450455,25,2450480
16413,2450548,26,2450574
16414,2450694,74,2450768
16415,2450851,64,2450915
16416,2450986,121,2451107
16417,2451118,8,2451126
16418,2451148,1,2451149
16419,2451171,39,2451210
16420,2451279,37,2451316
16421,2451317,33,2451350
16422,2451422,192,2451614
16423,2451717,96,2451813
16424,2451850,16,2451866
16425,2451907,158,2452065
16426,2452177,37,2452214
16427,2452412,3,2452415
16428,2452464,47,2452511
16429,2452605,110,2452715
16430,2452791,16,2452807
16431,2452923,15,2452938
16432,2452948,8,2452956
16433,2453089,53,2453142
16434,2453178,32,2453210
16435,2453261,33,2453294
16436,2453321,1,2453322
16437,2453449,57,2453506
16438,2453509,56,2453565
16439,2453588,138,2453726
16440,2453729,16,2453745
16441,2453749,12,2453761
16442,2453812,67,2453879
16443,2454162,69,2454231
16444,2454242,9,2454251
16445,2454292,19,2454311
16446,2454325,16,2454341
16447,2454387,10,2454397
16448,2454480,69,2454549
16449,2454628,8,2454636
16450,2454947,104,2455051
16451,2455171,97,2455268
16452,2455285,25,2455310
16453,2455322,97,2455419
16454,2455513,43,2455556
16455,2455606,98,2455704
16456,2455818,51,2455869
16457,2455927,58,2455985
16458,2456043,77,2456120
16459,2456187,70,2456257
16460,2456425,59,2456484
16461,2456506,104,2456610
16462,2456653,25,2456678
16463,2456723,3,2456726
16464,2456734,39,2456773
16465,2456823,52,2456875
16466,2456937,79,2457016
16467,2457145,38,2457183
16468,2457204,42,2457246
16469,2457422,94,2457516
16470,2457566,69,2457635
16471,2457955,79,2458034
16472,2458041,67,2458108
16473,2458152,47,2458199
16474,2458243,67,2458310
16475,2458379,42,2458421
16476,2458718,85,2458803
16477,2458816,47,2458863
16478,2458964,32,2458996
16479,2459024,11,2459035
16480,2459097,44,2459141
16481,2459164,84,2459248
16482,2459269,41,2459310
16483,2459363,15,2459378
16484,2459388,1,2459389
16485,2459634,198,2459832
16486,2459865,33,2459898
16487,2460055,6,2460061
16488,2460423,54,2460477
16489,2460531,33,2460564
16490,2460630,13,2460643
16491,2460680,117,2460797
16492,2460948,72,2461020
16493,2461188,54,2461242
16494,2461266,9,2461275
16495,2461351,24,2461375
16496,2461401,88,2461489
16497,2461538,38,2461576
16498,2461604,3,2461607
16499,2461935,78,2462013
16500,2462159,50,2462209
16501,2462309,38,2462347
16502,2462477,8,2462485
16503,2462736,40,2462776
16504,2462817,75,2462892
16505,2463206,10,2463216
16506,2463268,43,2463311
16507,2463354,2,2463356
16508,2463420,78,2463498
16509,2463711,1,2463712
16510,2463772,41,2463813
16511,2463890,23,2463913
16512,2464075,23,2464098
16513,2464119,14,2464133
16514,2464265,14,2464279
16515,2464297,32,2464329
16516,2464345,38,2464383
16517,2464805,53,2464858
16518,2464931,82,2465013
16519,2465064,59,2465123
16520,2465126,78,2465204
16521,2465229,131,2465360
16522,2465361,116,2465477
16523,2465529,54,2465583
16524,2465626,35,2465661
16525,2465942,43,2465985
16526,2466107,6,2466113
16527,2466388,33,2466421
16528,2466451,2,2466453
16529,2466587,113,2466700
16530,2466758,13,2466771
16531,2466947,60,2467007
16532,2467073,65,2467138
16533,2467169,134,2467303
16534,2467344,5,2467349
16535,2467710,66,2467776
16536,2467908,56,2467964
16537,2467978,10,2467988
16538,2468110,62,2468172
16539,2468206,50,2468256
16540,2468371,86,2468457
16541,2468641,51,2468692
16542,2468743,27,2468770
16543,2468784,131,2468915
16544,2468932,10,2468942
16545,2468965,63,2469028
16546,2469126,21,2469147
16547,2469262,94,2469356
16548,2469436,49,2469485
16549,2469687,4,2469691
16550,2469692,17,2469709
16551,2469711,24,2469735
16552,2469784,3,2469787
16553,2469896,10,2469906
16554,2469916,23,2469939
16555,2470054,53,2470107
16556,2470119,39,2470158
16557,2470196,114,2470310
16558,2470599,2,2470601
16559,2470641,53,2470694
16560,2470722,41,2470763
16561,2470980,153,2471133
16562,2471201,24,2471225
16563,2471265,9,2471274
16564,2471328,47,2471375
16565,2471419,95,2471514
16566,2471555,63,2471618
16567,2471795,36,2471831
16568,2471839,108,2471947
16569,2471955,79,2472034
16570,2472408,175,2472583
16571,2472643,33,2472676
16572,2472839,18,2472857
16573,2472858,41,2472899
16574,2472978,100,2473078
16575,2473150,46,2473196
16576,2473223,145,2473368
16577,2473414,11,2473425
16578,2473499,155,2473654
16579,2473679,13,2473692
16580,2473732,7,2473739
16581,2473753,93,2473846
16582,2473873,15,2473888
16583,2473955,87,2474042
16584,2474133,60,2474193
16585,2474324,76,2474400
16586,2474898,15,2474913
16587,2474945,4,2474949
16588,2475157,41,2475198
16589,2475238,15,2475253
16590,2475321,49,2475370
16591,2475373,51,2475424
16592,2475502,68,2475570
16593,2475609,22,2475631
16594,2475641,4,2475645
16595,2475809,29,2475838
16596,2476180,3,2476183
16597,2476392,2,2476394
16598,2476886,54,2476940
16599,2477118,47,2477165
16600,2477289,3,2477292
16601,2477553,59,2477612
16602,2477763,68,2477831
16603,2478010,84,2478094
16604,2478096,79,2478175
16605,2478195,40,2478235
16606,2478285,4,2478289
16607,2478418,72,2478490
16608,2478653,20,2478673
16609,2478705,5,2478710
16610,2478725,27,2478752
16611,2478792,54,2478846
16612,2478853,19,2478872
16613,2479067,20,2479087
16614,2479150,196,2479346
16615,2479420,34,2479454
16616,2479535,13,2479548
16617,2479562,91,2479653
16618,2479754,64,2479818
16619,2479919,2,2479921
16620,2479971,8,2479979
16621,2480109,11,2480120
16622,2480311,105,2480416
16623,2480428,14,2480442
16624,2480472,106,2480578
16625,2480661,79,2480740
16626,2480804,70,2480874
16627,2480985,88,2481073
16628,2481119,182,2481301
16629,2481397,41,2481438
16630,2481449,1,2481450
16631,2481510,35,2481545
16632,2481700,70,2481770
16633,2481862,5,2481867
16634,2481920,54,2481974
16635,2481983,2,2481985
16636,2481991,93,2482084
16637,2482358,6,2482364
16638,2482555,24,2482579
16639,2482731,9,2482740
16640,2482865,174,2483039
16641,2483126,19,2483145
16642,2483185,26,2483211
16643,2483217,43,2483260
16644,2483304,23,2483327
16645,2483386,13,2483399
16646,2483564,162,2483726
16647,2483741,10,2483751
16648,2483858,41,2483899
16649,2483918,45,2483963
16650,2484015,30,2484045
16651,2484098,36,2484134
16652,2484166,221,2484387
16653,2484410,4,2484414
16654,2484616,10,2484626
16655,2484718,31,2484749
16656,2484825,16,2484841
16657,2485028,34,2485062
16658,2485073,2,2485075
16659,2485208,8,2485216
16660,2485291,31,2485322
16661,2485345,21,2485366
16662,2485385,60,2485445
16663,2485482,50,2485532
16664,2485565,19,2485584
16665,2485617,60,2485677
16666,2485715,25,2485740
16667,2485801,11,2485812
16668,2485855,29,2485884
16669,2485908,31,2485939
16670,2485953,15,2485968
16671,2486006,25,2486031
16672,2486044,90,2486134
16673,2486242,36,2486278
16674,2486324,22,2486346
16675,2486366,101,2486467
16676,2486564,115,2486679
16677,2486709,17,2486726
16678,2486779,18,2486797
16679,2486820,26,2486846
16680,2486911,42,2486953
16681,2486963,3,2486966
16682,2486997,113,2487110
16683,2487130,9,2487139
16684,2487547,32,2487579
16685,2487652,50,2487702
16686,2487753,17,2487770
16687,2488169,26,2488195
16688,2488214,17,2488231
16689,2488349,8,2488357
16690,2488362,21,2488383
16691,2488577,34,2488611
16692,2488924,40,2488964
16693,2489009,24,2489033
16694,2489034,12,2489046
16695,2489255,9,2489264
16696,2489667,3,2489670
16697,2489679,15,2489694
16698,2489801,43,2489844
16699,2489868,37,2489905
16700,2490023,85,2490108
16701,2490196,26,2490222
16702,2490256,9,2490265
16703,2490310,13,2490323
16704,2490331,72,2490403
16705,2490431,96,2490527
16706,2490586,208,2490794
16707,2490881,45,2490926
16708,2490932,2,2490934
16709,2490952,123,2491075
16710,2491210,237,2491447
16711,2491592,47,2491639
16712,2491710,12,2491722
16713,2491731,195,2491926
16714,2491953,13,2491966
16715,2491975,222,2492197
16716,2492311,21,2492332
16717,2492519,241,2492760
16718,2492803,14,2492817
16719,2492841,4,2492845
16720,2492953,25,2492978
16721,2493222,86,2493308
16722,2493325,83,2493408
16723,2493425,18,2493443
16724,2493452,52,2493504
16725,2493561,40,2493601
16726,2493773,50,2493823
16727,2493847,8,2493855
16728,2493872,40,2493912
16729,2493941,9,2493950
16730,2494234,4,2494238
16731,2494279,177,2494456
16732,2494511,1,2494512
16733,2494606,3,2494609
16734,2494679,120,2494799
16735,2494838,99,2494937
16736,2494984,95,2495079
16737,2495194,4,2495198
16738,2495262,65,2495327
16739,2495341,91,2495432
16740,2495493,18,2495511
16741,2495656,124,2495780
16742,2495853,30,2495883
16743,2496072,13,2496085
16744,2496210,117,2496327
16745,2496492,10,2496502
16746,2496644,49,2496693
16747,2496702,100,2496802
16748,2496849,133,2496982
16749,2497026,25,2497051
16750,2497078,115,2497193
16751,2497229,69,2497298
16752,2497438,65,2497503
16753,2497684,2,2497686
16754,2497713,57,2497770
16755,2497809,32,2497841
16756,2498111,53,2498164
16757,2498200,34,2498234
16758,2498248,7,2498255
16759,2498351,163,2498514
16760,2498518,12,2498530
16761,2498656,63,2498719
16762,2498849,14,2498863
16763,2498904,72,2498976
16764,2499015,32,2499047
16765,2499353,10,2499363
16766,2499367,375,2499742
16767,2499932,22,2499954
16768,2500184,14,2500198
16769,2500223,16,2500239
16770,2500627,44,2500671
16771,2500842,49,2500891
16772,2501162,21,2501183
16773,2501327,44,2501371
16774,2501467,16,2501483
16775,2501589,1,2501590
16776,2501689,38,2501727
16777,2501787,96,2501883
16778,2502172,45,2502217
16779,2502266,23,2502289
16780,2502394,28,2502422
16781,2502471,40,2502511
16782,2502581,2,2502583
16783,2502598,70,2502668
16784,2502677,29,2502706
16785,2502719,2,2502721
16786,2502727,42,2502769
16787,2502951,48,2502999
16788,2503119,18,2503137
16789,2503280,43,2503323
16790,2503379,93,2503472
16791,2503545,8,2503553
16792,2503571,17,2503588
16793,2503673,27,2503700
16794,2503756,19,2503775
16795,2503789,35,2503824
16796,2503908,28,2503936
16797,2503997,53,2504050
16798,2504127,17,2504144
16799,2504165,20,2504185
16800,2504204,47,2504251
16801,2504254,84,2504338
16802,2504528,34,2504562
16803,2504598,56,2504654
16804,2504719,49,2504768
16805,2504834,14,2504848
16806,2505029,5,2505034
16807,2505089,4,2505093
16808,2505154,23,2505177
16809,2505321,92,2505413
16810,2505450,38,2505488
16811,2505562,110,2505672
16812,2505907,34,2505941
16813,2506171,25,2506196
16814,2506237,143,2506380
16815,2506531,42,2506573
16816,2506597,11,2506608
16817,2506795,85,2506880
16818,2506969,127,2507096
16819,2507122,75,2507197
16820,2507321,27,2507348
16821,2507459,73,2507532
16822,2507570,47,2507617
16823,2508071,121,2508192
16824,2508229,96,2508325
16825,2508401,48,2508449
16826,2508479,1,2508480
16827,2508996,5,2509001
16828,2509025,137,2509162
16829,2509216,10,2509226
16830,2509285,4,2509289
16831,2509469,70,2509539
16832,2509745,12,2509757
16833,2509758,134,2509892
16834,2509940,17,2509957
16835,2509959,22,2509981
16836,2510181,14,2510195
16837,2510267,4,2510271
16838,2510586,38,2510624
16839,2510696,36,2510732
16840,2510902,39,2510941
16841,2511057,71,2511128
16842,2511133,50,2511183
16843,2511316,16,2511332
16844,2511346,9,2511355
16845,2511397,77,2511474
16846,2511739,97,2511836
16847,2511914,50,2511964
16848,2512061,264,2512325
16849,2512326,123,2512449
16850,2512533,12,2512545
16851,2512548,29,2512577
16852,2512615,3,2512618
16853,2512619,9,2512628
16854,2512805,1,2512806
16855,2512807,97,2512904
16856,2513173,97,2513270
16857,2513288,51,2513339
16858,2513375,28,2513403
16859,2513527,9,2513536
16860,2513616,132,2513748
16861,2514186,63,2514249
16862,2514326,26,2514352
16863,2514361,15,2514376
16864,2514486,34,2514520
16865,2514532,7,2514539
16866,2514540,9,2514549
16867,2514836,9,2514845
16868,2514944,69,2515013
16869,2515034,24,2515058
16870,2515267,27,2515294
16871,2515385,13,2515398
16872,2515477,1,2515478
16873,2515581,65,2515646
16874,2515664,53,2515717
16875,2515735,27,2515762
16876,2515927,113,2516040
16877,2516198,180,2516378
16878,2516396,8,2516404
16879,2516413,82,2516495
16880,2516593,22,2516615
16881,2516636,17,2516653
16882,2516655,29,2516684
16883,2516882,164,2517046
16884,2517048,8,2517056
16885,2517061,22,2517083
16886,2517130,64,2517194
16887,2517206,21,2517227
16888,2517232,13,2517245
16889,2517257,17,2517274
16890,2517367,36,2517403
16891,2517536,46,2517582
16892,2517836,62,2517898
16893,2517923,43,2517966
16894,2518164,23,2518187
16895,2518221,25,2518246
16896,2518289,86,2518375
16897,2518508,8,2518516
16898,2518528,7,2518535
16899,2518735,54,2518789
16900,2519034,89,2519123
16901,2519255,37,2519292
16902,2519395,29,2519424
16903,2519548,12,2519560
16904,2519561,27,2519588
16905,2519603,173,2519776
16906,2519842,38,2519880
16907,2520013,4,2520017
16908,2520258,26,2520284
16909,2520434,55,2520489
16910,2520508,84,2520592
16911,2520677,9,2520686
16912,2520691,60,2520751
16913,2520868,1,2520869
16914,2520965,35,2521000
16915,2521041,15,2521056
16916,2521262,15,2521277
16917,2521295,86,2521381
16918,2521442,85,2521527
16919,2521585,100,2521685
16920,2521707,15,2521722
16921,2521791,20,2521811
16922,2522052,16,2522068
16923,2522339,6,2522345
16924,2522420,36,2522456
16925,2522470,75,2522545
16926,2522557,100,2522657
16927,2522890,73,2522963
16928,2523259,1,2523260
16929,2523418,86,2523504
16930,2523556,100,2523656
16931,2523795,19,2523814
16932,2524064,37,2524101
16933,2524141,45,2524186
16934,2524268,40,2524308
16935,2524329,7,2524336
16936,2524480,93,2524573
16937,2524584,62,2524646
16938,2524733,68,2524801
16939,2524870,75,2524945
16940,2525012,3,2525015
16941,2525040,22,2525062
16942,2525192,39,2525231
16943,2525327,26,2525353
16944,2525355,134,2525489
16945,2525524,74,2525598
16946,2525617,3,2525620
16947,2525621,45,2525666
16948,2525723,4,2525727
16949,2525875,120,2525995
16950,2526315,91,2526406
16951,2526417,38,2526455
16952,2526624,30,2526654
16953,2526696,18,2526714
16954,2526986,223,2527209
16955,2527251,61,2527312
16956,2527406,18,2527424
16957,2527593,3,2527596
16958,2527730,38,2527768
16959,2527816,4,2527820
16960,2527864,97,2527961
16961,2527982,12,2527994
16962,2528022,39,2528061
16963,2528118,41,2528159
16964,2528275,41,2528316
16965,2528434,17,2528451
16966,2528486,68,2528554
16967,2528602,50,2528652
16968,2528662,58,2528720
16969,2528727,61,2528788
16970,2528814,14,2528828
16971,2528829,11,2528840
16972,2529036,28,2529064
16973,2529092,8,2529100
16974,2529300,60,2529360
16975,2529382,174,2529556
16976,2529861,20,2529881
16977,2530111,42,2530153
16978,2530273,16,2530289
16979,2530302,216,2530518
16980,2530548,47,2530595
16981,2530688,56,2530744
16982,2530745,4,2530749
16983,2530852,15,2530867
16984,2530894,48,2530942
16985,2531021,44,2531065
16986,2531323,8,2531331
16987,2531337,10,2531347
16988,2531356,51,2531407
16989,2531513,103,2531616
16990,2531663,77,2531740
16991,2531897,60,2531957
16992,2532055,3,2532058
16993,2532156,35,2532191
16994,2532261,36,2532297
16995,2532427,56,2532483
16996,2532513,69,2532582
16997,2532629,248,2532877
16998,2532896,64,2532960
16999,2533178,4,2533182
17000,2533238,45,2533283
17001,2533312,5,2533317
17002,2533347,19,2533366
17003,2533409,25,2533434
17004,2533562,92,2533654
17005,2533873,28,2533901
17006,2533908,42,2533950
17007,2534026,6,2534032
17008,2534079,8,2534087
17009,2534141,8,2534149
17010,2534254,13,2534267
17011,2534446,14,2534460
17012,2534462,127,2534589
17013,2534783,11,2534794
17014,2535144,25,2535169
17015,2535356,62,2535418
17016,2535552,161,2535713
17017,2535960,21,2535981
17018,2536207,71,2536278
17019,2536343,21,2536364
17020,2536476,11,2536487
17021,2536520,56,2536576
17022,2536590,8,2536598
17023,2536605,26,2536631
17024,2536828,77,2536905
17025,2537021,132,2537153
17026,2537222,5,2537227
17027,2537244,20,2537264
17028,2537298,15,2537313
17029,2537327,17,2537344
17030,2537443,23,2537466
17031,2537559,45,2537604
17032,2537630,81,2537711
17033,2537728,35,2537763
17034,2537812,8,2537820
17035,2537913,30,2537943
17036,2537961,88,2538049
17037,2538069,14,2538083
17038,2538164,2,2538166
17039,2538179,43,2538222
17040,2538236,4,2538240
17041,2538409,54,2538463
17042,2538559,30,2538589
17043,2538711,141,2538852
17044,2538938,42,2538980
17045,2539135,7,2539142
17046,2539146,286,2539432
17047,2539557,10,2539567
17048,2539586,14,2539600
17049,2539689,114,2539803
17050,2539844,20,2539864
17051,2539889,1,2539890
17052,2540178,34,2540212
17053,2540243,126,2540369
17054,2540372,128,2540500
17055,2540599,56,2540655
17056,2540661,232,2540893
17057,2540996,74,2541070
17058,2541369,167,2541536
17059,2541610,7,2541617
17060,2541897,90,2541987
17061,2542009,23,2542032
17062,2542087,31,2542118
17063,2542327,86,2542413
17064,2542441,68,2542509
17065,2542659,195,2542854
17066,2542939,14,2542953
17067,2543014,28,2543042
17068,2543245,45,2543290
17069,2543294,25,2543319
17070,2543397,4,2543401
17071,2543448,58,2543506
17072,2543540,44,2543584
17073,2543693,73,2543766
17074,2543974,73,2544047
17075,2544115,89,2544204
17076,2544309,16,2544325
17077,2544356,3,2544359
17078,2544364,67,2544431
17079,2544893,18,2544911
17080,2544943,22,2544965
17081,2544994,35,2545029
17082,2545138,4,2545142
17083,2545169,84,2545253
17084,2545290,50,2545340
17085,2545501,89,2545590
17086,2545619,259,2545878
17087,2545919,57,2545976
17088,2546022,17,2546039
17089,2546044,98,2546142
17090,2546166,34,2546200
17091,2546575,23,2546598
17092,2546809,25,2546834
17093,2546873,39,2546912
17094,2547018,78,2547096
17095,2547432,103,2547535
17096,2547549,15,2547564
17097,2547652,43,2547695
17098,2547750,77,2547827
17099,2547918,89,2548007
17100,2548022,2,2548024
17101,2548025,37,2548062
17102,2548169,49,2548218
17103,2548268,45,2548313
17104,2548386,161,2548547
17105,2548635,36,2548671
17106,2548749,32,2548781
17107,2549005,17,2549022
17108,2549074,23,2549097
17109,2549550,57,2549607
17110,2549655,114,2549769
17111,2549778,37,2549815
17112,2549955,7,2549962
17113,2550081,4,2550085
17114,2550233,14,2550247
17115,2550287,81,2550368
17116,2550417,2,2550419
17117,2550573,33,2550606
17118,2550709,20,2550729
17119,2550769,38,2550807
17120,2550950,12,2550962
17121,2551043,90,2551133
17122,2551183,47,2551230
17123,2551235,24,2551259
17124,2551340,16,2551356
17125,2551554,168,2551722
17126,2551916,54,2551970
17127,2552021,48,2552069
17128,2552158,11,2552169
17129,2552284,118,2552402
17130,2552556,164,2552720
17131,2552768,63,2552831
17132,2553374,1,2553375
17133,2553423,81,2553504
17134,2553533,113,2553646
17135,2553753,30,2553783
17136,2553945,44,2553989
17137,2554058,43,2554101
17138,2554150,13,2554163
17139,2554172,19,2554191
17140,2554535,56,2554591
17141,2554678,118,2554796
17142,2554839,87,2554926
17143,2555067,1,2555068
17144,2555295,13,2555308
17145,2555378,23,2555401
17146,2555551,8,2555559
17147,2555736,1,2555737
17148,2555853,6,2555859
17149,2556031,35,2556066
17150,2556139,68,2556207
17151,2556288,10,2556298
17152,2556335,70,2556405
17153,2556409,81,2556490
17154,2556496,15,2556511
17155,2556549,13,2556562
17156,2556860,203,2557063
17157,2557068,12,2557080
17158,2557099,3,2557102
17159,2557193,75,2557268
17160,2557360,46,2557406
17161,2557484,99,2557583
17162,2557655,87,2557742
17163,2557754,3,2557757
17164,2557902,32,2557934
17165,2557952,25,2557977
17166,2557993,35,2558028
17167,2558198,64,2558262
17168,2558480,56,2558536
17169,2558538,63,2558601
17170,2558629,167,2558796
17171,2558877,21,2558898
17172,2559052,29,2559081
17173,2559099,51,2559150
17174,2559199,1,2559200
17175,2559211,78,2559289
17176,2559323,7,2559330
17177,2559392,69,2559461
17178,2559625,4,2559629
17179,2559666,23,2559689
17180,2559773,64,2559837
17181,2559968,3,2559971
17182,2560051,2,2560053
17183,2560151,13,2560164
17184,2560179,38,2560217
17185,2560271,61,2560332
17186,2560466,79,2560545
17187,2560746,11,2560757
17188,2560778,79,2560857
17189,2560916,37,2560953
17190,2561151,141,2561292
17191,2561350,53,2561403
17192,2561405,1,2561406
17193,2561465,71,2561536
17194,2561806,110,2561916
17195,2562076,1,2562077
17196,2562146,1,2562147
17197,2562230,239,2562469
17198,2562543,2,2562545
17199,2562634,26,2562660
17200,2562668,31,2562699
17201,2562862,70,2562932
17202,2562958,64,2563022
17203,2563121,190,2563311
17204,2563424,22,2563446
17205,2563660,89,2563749
17206,2564083,33,2564116
17207,2564198,58,2564256
17208,2564298,51,2564349
17209,2564510,72,2564582
17210,2564630,10,2564640
17211,2564762,25,2564787
17212,2564863,80,2564943
17213,2564986,12,2564998
17214,2565186,34,2565220
17215,2565324,16,2565340
17216,2565419,41,2565460
17217,2565686,6,2565692
17218,2565738,112,2565850
17219,2566040,33,2566073
17220,2566153,35,2566188
17221,2566193,63,2566256
17222,2566302,2,2566304
17223,2566536,82,2566618
17224,2566655,2,2566657
17225,2566781,1,2566782
17226,2566808,7,2566815
17227,2566872,37,2566909
17228,2567005,38,2567043
17229,2567129,36,2567165
17230,2567168,7,2567175
17231,2567517,16,2567533
17232,2567537,2,2567539
17233,2567669,194,2567863
17234,2567984,80,2568064
17235,2568131,1,2568132
17236,2568176,227,2568403
17237,2568992,15,2569007
17238,2569038,12,2569050
17239,2569085,71,2569156
17240,2569354,28,2569382
17241,2569397,153,2569550
17242,2569633,19,2569652
17243,2569697,21,2569718
17244,2569738,17,2569755
17245,2569878,9,2569887
17246,2569948,13,2569961
17247,2570138,21,2570159
17248,2570500,23,2570523
17249,2570565,14,2570579
17250,2570817,2,2570819
17251,2570931,6,2570937
17252,2571178,37,2571215
17253,2571282,53,2571335
17254,2571433,60,2571493
17255,2571627,72,2571699
17256,2571817,25,2571842
17257,2571987,4,2571991
17258,2572015,62,2572077
17259,2572089,24,2572113
17260,2572181,3,2572184
17261,2572287,95,2572382
17262,2572523,4,2572527
17263,2572616,231,2572847
17264,2572934,20,2572954
17265,2573149,27,2573176
17266,2573322,3,2573325
17267,2573399,2,2573401
17268,2573629,70,2573699
17269,2573726,46,2573772
17270,2573825,59,2573884
17271,2573907,1,2573908
17272,2573932,28,2573960
17273,2574155,11,2574166
17274,2574219,73,2574292
17275,2574317,98,2574415
17276,2574550,348,2574898
17277,2574980,18,2574998
17278,2575020,4,2575024
17279,2575130,13,2575143
17280,2575369,121,2575490
17281,2575512,13,2575525
17282,2575530,4,2575534
17283,2575572,49,2575621
17284,2575645,17,2575662
17285,2575808,17,2575825
17286,2575975,13,2575988
17287,2576116,69,2576185
17288,2576254,62,2576316
17289,2576318,23,2576341
17290,2576354,41,2576395
17291,2576405,141,2576546
17292,2576708,20,2576728
17293,2576915,18,2576933
17294,2577026,2,2577028
17295,2577043,101,2577144
17296,2577180,139,2577319
17297,2577459,62,2577521
17298,2577842,9,2577851
17299,2577890,50,2577940
17300,2578090,60,2578150
17301,2578195,2,2578197
17302,2578410,62,2578472
17303,2578579,120,2578699
17304,2578716,128,2578844
17305,2578933,31,2578964
17306,2578981,63,2579044
17307,2579048,25,2579073
17308,2579228,2,2579230
17309,2579341,89,2579430
17310,2579580,22,2579602
17311,2579607,75,2579682
17312,2579784,13,2579797
17313,2580040,70,2580110
17314,2580316,34,2580350
17315,2580623,50,2580673
17316,2580770,75,2580845
17317,2580917,86,2581003
17318,2581014,25,2581039
17319,2581156,7,2581163
17320,2581315,19,2581334
17321,2581484,15,2581499
17322,2581553,21,2581574
17323,2581590,139,2581729
17324,2581757,44,2581801
17325,2582009,18,2582027
17326,2582183,85,2582268
17327,2582373,83,2582456
17328,2582805,182,2582987
17329,2583046,69,2583115
17330,2583271,172,2583443
17331,2583492,4,2583496
17332,2583751,85,2583836
17333,2583888,134,2584022
17334,2584108,64,2584172
17335,2584218,2,2584220
17336,2584339,93,2584432
17337,2584503,3,2584506
17338,2584840,18,2584858
17339,2584949,3,2584952
17340,2584983,1,2584984
17341,2585008,29,2585037
17342,2585165,172,2585337
17343,2585362,35,2585397
17344,2585488,15,2585503
17345,2585562,46,2585608
17346,2585666,16,2585682
17347,2585806,31,2585837
17348,2585841,8,2585849
17349,2585986,19,2586005
17350,2586029,58,2586087
17351,2586245,17,2586262
17352,2586264,128,2586392
17353,2586505,20,2586525
17354,2586548,27,2586575
17355,2586813,22,2586835
17356,2587054,6,2587060
17357,2587534,25,2587559
17358,2587564,38,2587602
17359,2587684,5,2587689
17360,2587763,146,2587909
17361,2588182,63,2588245
17362,2588579,150,2588729
17363,2588885,74,2588959
17364,2589195,53,2589248
17365,2589253,35,2589288
17366,2589554,95,2589649
17367,2589763,25,2589788
17368,2589889,42,2589931
17369,2589981,7,2589988
17370,2590001,14,2590015
17371,2590271,25,2590296
17372,2590377,84,2590461
17373,2590596,73,2590669
17374,2590715,116,2590831
17375,2590863,40,2590903
17376,2591188,79,2591267
17377,2591388,21,2591409
17378,2591441,149,2591590
17379,2591635,57,2591692
17380,2591752,64,2591816
17381,2592059,61,2592120
17382,2592151,86,2592237
17383,2592248,46,2592294
17384,2592336,32,2592368
17385,2592431,3,2592434
17386,2592437,29,2592466
17387,2592491,26,2592517
17388,2592546,17,2592563
17389,2592610,3,2592613
17390,2592811,106,2592917
17391,2593062,4,2593066
17392,2593236,44,2593280
17393,2593290,7,2593297
17394,2593302,16,2593318
17395,2593396,25,2593421
17396,2593486,10,2593496
17397,2593546,32,2593578
17398,2593631,5,2593636
17399,2593672,20,2593692
17400,2593960,36,2593996
17401,2594224,3,2594227
17402,2594238,26,2594264
17403,2594391,14,2594405
17404,2594446,28,2594474
17405,2594560,49,2594609
17406,2594646,19,2594665
17407,2594746,61,2594807
17408,2594820,3,2594823
17409,2594914,154,2595068
17410,2595168,59,2595227
17411,2595335,16,2595351
17412,2595455,2,2595457
17413,2595470,45,2595515
17414,2595527,4,2595531
17415,2595544,189,2595733
17416,2595763,115,2595878
17417,2595956,32,2595988
17418,2595998,31,2596029
17419,2596081,28,2596109
17420,2596119,37,2596156
17421,2596172,41,2596213
17422,2596359,46,2596405
17423,2596499,14,2596513
17424,2596561,34,2596595
17425,2596626,13,2596639
17426,2596652,53,2596705
17427,2597163,34,2597197
17428,2597232,53,2597285
17429,2597325,28,2597353
17430,2597555,61,2597616
17431,2597656,129,2597785
17432,2597850,10,2597860
17433,2597927,24,2597951
17434,2598014,112,2598126
17435,2598204,44,2598248
17436,2598270,73,2598343
17437,2598517,125,2598642
17438,2598665,41,2598706
17439,2598813,61,2598874
17440,2599217,33,2599250
17441,2599266,59,2599325
17442,2599575,61,2599636
17443,2599638,7,2599645
17444,2599665,100,2599765
17445,2600225,6,2600231
17446,2600311,54,2600365
17447,2600405,2,2600407
17448,2600433,13,2600446
17449,2600448,93,2600541
17450,2600638,63,2600701
17451,2600889,152,2601041
17452,2601157,52,2601209
17453,2601226,46,2601272
17454,2601317,62,2601379
17455,2601508,97,2601605
17456,2601627,45,2601672
17457,2601785,7,2601792
17458,2601901,16,2601917
17459,2601988,2,2601990
17460,2602009,4,2602013
17461,2602045,18,2602063
17462,2602268,15,2602283
17463,2602294,79,2602373
17464,2602395,73,2602468
17465,2602604,8,2602612
17466,2602619,58,2602677
17467,2602701,3,2602704
17468,2602742,2,2602744
17469,2602753,14,2602767
17470,2603113,21,2603134
17471,2603188,8,2603196
17472,2603209,115,2603324
17473,2603337,24,2603361
17474,2603531,83,2603614
17475,2603705,11,2603716
17476,2603737,137,2603874
17477,2603982,26,2604008
17478,2604020,11,2604031
17479,2604037,16,2604053
17480,2604106,2,2604108
17481,2604158,228,2604386
17482,2604434,135,2604569
17483,2604674,48,2604722
17484,2604738,71,2604809
17485,2605211,17,2605228
17486,2605264,22,2605286
17487,2605487,73,2605560
17488,2605743,81,2605824
17489,2605836,12,2605848
17490,2605996,12,2606008
17491,2606009,24,2606033
17492,2606170,57,2606227
17493,2606262,3,2606265
17494,2606315,57,2606372
17495,2606494,46,2606540
17496,2606554,17,2606571
17497,2606678,57,2606735
17498,2606771,114,2606885
17499,2607172,137,2607309
17500,2607395,32,2607427
17501,2607452,141,2607593
17502,2607781,23,2607804
17503,2607842,67,2607909
17504,2608209,30,2608239
17505,2608352,42,2608394
17506,2608611,7,2608618
17507,2608639,40,2608679
17508,2608711,118,2608829
17509,2609162,16,2609178
17510,2609201,63,2609264
17511,2609276,15,2609291
17512,2609337,49,2609386
17513,2609419,8,2609427
17514,2609443,132,2609575
17515,2609577,38,2609615
17516,2609805,28,2609833
17517,2609961,116,2610077
17518,2610211,1,2610212
17519,2610371,33,2610404
17520,2610408,6,2610414
17521,2610434,11,2610445
17522,2610454,26,2610480
17523,2610496,25,2610521
17524,2610839,52,2610891
17525,2610924,15,2610939
17526,2611084,18,2611102
17527,2611186,57,2611243
17528,2611304,121,2611425
17529,2611447,25,2611472
17530,2611540,24,2611564
17531,2611679,59,2611738
17532,2611854,49,2611903
17533,2611917,33,2611950
17534,2612013,44,2612057
17535,2612373,81,2612454
17536,2612463,2,2612465
17537,2612529,95,2612624
17538,2612885,60,2612945
17539,2612994,126,2613120
17540,2613165,25,2613190
17541,2613211,69,2613280
17542,2613368,6,2613374
17543,2613828,51,2613879
17544,2613941,43,2613984
17545,2614038,132,2614170
17546,2614265,33,2614298
17547,2614470,2,2614472
17548,2614531,72,2614603
17549,2614628,53,2614681
17550,2614788,38,2614826
17551,2615111,14,2615125
17552,2615143,122,2615265
17553,2615704,62,2615766
17554,2615781,8,2615789
17555,2616052,26,2616078
17556,2616107,76,2616183
17557,2616636,96,2616732
17558,2616828,3,2616831
17559,2616903,53,2616956
17560,2616982,41,2617023
17561,2617118,131,2617249
17562,2617614,82,2617696
17563,2617819,12,2617831
17564,2617904,8,2617912
17565,2618021,92,2618113
17566,2618144,12,2618156
17567,2618395,86,2618481
17568,2618523,16,2618539
17569,2618667,39,2618706
17570,2618911,14,2618925
17571,2618981,35,2619016
17572,2619023,18,2619041
17573,2619215,22,2619237
17574,2619285,6,2619291
17575,2619389,73,2619462
17576,2619617,89,2619706
17577,2619766,53,2619819
17578,2619960,21,2619981
17579,2620107,46,2620153
17580,2620209,80,2620289
17581,2620460,2,2620462
17582,2620465,104,2620569
17583,2620593,136,2620729
17584,2620752,13,2620765
17585,2620889,68,2620957
17586,2620969,43,2621012
17587,2621158,32,2621190
17588,2621210,102,2621312
17589,2621314,55,2621369
17590,2621494,33,2621527
17591,2621596,136,2621732
17592,2621766,38,2621804
17593,2622015,51,2622066
17594,2622236,8,2622244
17595,2622506,42,2622548
17596,2622632,39,2622671
17597,2622706,27,2622733
17598,2622815,112,2622927
17599,2623092,2,2623094
17600,2623138,119,2623257
17601,2623301,10,2623311
17602,2623348,13,2623361
17603,2623383,48,2623431
17604,2624121,14,2624135
17605,2624338,109,2624447
17606,2624453,65,2624518
17607,2624664,16,2624680
17608,2624851,9,2624860
17609,2624881,18,2624899
17610,2625086,29,2625115
17611,2625130,81,2625211
17612,2625406,11,2625417
17613,2625433,3,2625436
17614,2625581,63,2625644
17615,2625648,4,2625652
17616,2625697,31,2625728
17617,2625875,123,2625998
17618,2626042,8,2626050
17619,2626064,50,2626114
17620,2626248,28,2626276
17621,2626283,25,2626308
17622,2626367,11,2626378
17623,2626444,22,2626466
17624,2626638,120,2626758
17625,2626771,4,2626775
17626,2626871,10,2626881
17627,2626930,21,2626951
17628,2626978,1,2626979
17629,2627042,65,2627107
17630,2627161,7,2627168
17631,2627177,86,2627263
17632,2627356,8,2627364
17633,2627397,29,2627426
17634,2627605,7,2627612
17635,2627726,1,2627727
17636,2628017,58,2628075
17637,2628216,20,2628236
17638,2628243,81,2628324
17639,2628381,8,2628389
17640,2628571,16,2628587
17641,2628666,3,2628669
17642,2628772,10,2628782
17643,2628795,35,2628830
17644,2628886,73,2628959
17645,2629056,20,2629076
17646,2629129,8,2629137
17647,2629228,15,2629243
17648,2629287,25,2629312
17649,2629359,194,2629553
17650,2629600,192,2629792
17651,2629902,20,2629922
17652,2629986,25,2630011
17653,2630101,14,2630115
17654,2630156,91,2630247
17655,2630251,78,2630329
17656,2630524,44,2630568
17657,2630589,104,2630693
17658,2630754,56,2630810
17659,2630861,20,2630881
17660,2630891,20,2630911
17661,2631145,27,2631172
17662,2631479,212,2631691
17663,2631927,92,2632019
17664,2632069,20,2632089
17665,2632581,1,2632582
17666,2632619,24,2632643
17667,2632678,10,2632688
17668,2632735,96,2632831
17669,2632871,15,2632886
17670,2632985,62,2633047
17671,2633105,25,2633130
17672,2633172,54,2633226
17673,2633227,4,2633231
17674,2633240,202,2633442
17675,2633511,143,2633654
17676,2633707,129,2633836
17677,2634272,133,2634405
17678,2634410,96,2634506
17679,2634693,74,2634767
17680,2634834,125,2634959
17681,2635216,20,2635236
17682,2635310,55,2635365
17683,2635383,70,2635453
17684,2635568,5,2635573
17685,2635671,33,2635704
17686,2635734,35,2635769
17687,2635829,82,2635911
17688,2635948,5,2635953
17689,2636072,16,2636088
17690,2636237,20,2636257
17691,2636367,24,2636391
17692,2636415,18,2636433
17693,2636771,12,2636783
17694,2636870,15,2636885
17695,2636887,32,2636919
17696,2636921,14,2636935
17697,2637054,55,2637109
17698,2637228,86,2637314
17699,2637355,28,2637383
17700,2637655,15,2637670
17701,2637721,17,2637738
17702,2637741,11,2637752
17703,2637893,45,2637938
17704,2638037,43,2638080
17705,2638092,2,2638094
17706,2638095,68,2638163
17707,2638267,24,2638291
17708,2638504,16,2638520
17709,2638561,101,2638662
17710,2638738,42,2638780
17711,2638789,60,2638849
17712,2638961,96,2639057
17713,2639075,13,2639088
17714,2639099,44,2639143
17715,2639430,16,2639446
17716,2639471,41,2639512
17717,2639547,33,2639580
17718,2639606,20,2639626
17719,2639661,37,2639698
17720,2640032,68,2640100
17721,2640468,286,2640754
17722,2641015,4,2641019
17723,2641170,139,2641309
17724,2641347,10,2641357
17725,2641379,1,2641380
17726,2641535,25,2641560
17727,2641657,22,2641679
17728,2641805,61,2641866
17729,2641888,33,2641921
17730,2641941,1,2641942
17731,2641995,32,2642027
17732,2642110,18,2642128
17733,2642203,19,2642222
17734,2642295,26,2642321
17735,2642385,7,2642392
17736,2642543,3,2642546
17737,2642598,25,2642623
17738,2642669,259,2642928
17739,2643039,38,2643077
17740,2643403,3,2643406
17741,2643418,55,2643473
17742,2643497,126,2643623
17743,2643834,42,2643876
17744,2643923,13,2643936
17745,2643993,25,2644018
17746,2644025,52,2644077
17747,2644138,55,2644193
17748,2644198,5,2644203
17749,2644238,31,2644269
17750,2644293,17,2644310
17751,2644367,19,2644386
17752,2644397,62,2644459
17753,2644552,109,2644661
17754,2644681,13,2644694
17755,2644749,75,2644824
17756,2644955,18,2644973
17757,2645056,17,2645073
17758,2645121,4,2645125
17759,2645179,138,2645317
17760,2645385,17,2645402
17761,2645409,36,2645445
17762,2645556,16,2645572
17763,2645732,40,2645772
17764,2645906,45,2645951
17765,2646454,42,2646496
17766,2646497,33,2646530
17767,2646695,16,2646711
17768,2646756,3,2646759
17769,2646940,114,2647054
17770,2647508,58,2647566
17771,2647614,68,2647682
17772,2647751,7,2647758
17773,2647806,24,2647830
17774,2647840,54,2647894
17775,2647932,48,2647980
17776,2647986,9,2647995
17777,2648075,26,2648101
17778,2648417,136,2648553
17779,2648598,5,2648603
17780,2648657,8,2648665
17781,2648677,28,2648705
17782,2648710,9,2648719
17783,2648721,63,2648784
17784,2648907,144,2649051
17785,2649182,54,2649236
17786,2649449,154,2649603
17787,2649631,5,2649636
17788,2649899,31,2649930
17789,2649957,35,2649992
17790,2650029,57,2650086
17791,2650202,39,2650241
17792,2650279,68,2650347
17793,2650480,31,2650511
17794,2650574,7,2650581
17795,2650599,10,2650609
17796,2650716,57,2650773
17797,2650921,141,2651062
17798,2651172,46,2651218
17799,2651266,76,2651342
17800,2651373,49,2651422
17801,2651446,43,2651489
17802,2651619,67,2651686
17803,2651795,28,2651823
17804,2651830,78,2651908
17805,2651923,18,2651941
17806,2652036,5,2652041
17807,2652094,41,2652135
17808,2652229,9,2652238
17809,2652239,16,2652255
17810,2652269,195,2652464
17811,2652598,6,2652604
17812,2652641,119,2652760
17813,2652901,57,2652958
17814,2653337,103,2653440
17815,2653672,38,2653710
17816,2653741,34,2653775
17817,2653848,6,2653854
17818,2653976,104,2654080
17819,2654090,26,2654116
17820,2654201,50,2654251
17821,2654431,35,2654466
17822,2654489,19,2654508
17823,2654521,55,2654576
17824,2654810,47,2654857
17825,2654909,45,2654954
17826,2654964,1,2654965
17827,2655045,17,2655062
17828,2655145,23,2655168
17829,2655172,26,2655198
17830,2655273,25,2655298
17831,2655395,174,2655569
17832,2655605,9,2655614
17833,2655616,62,2655678
17834,2655771,25,2655796
17835,2655860,4,2655864
17836,2656049,54,2656103
17837,2656488,28,2656516
17838,2656523,72,2656595
17839,2656667,22,2656689
17840,2656723,147,2656870
17841,2656902,12,2656914
17842,2656987,2,2656989
17843,2657372,95,2657467
17844,2657689,1,2657690
17845,2657766,14,2657780
17846,2657805,23,2657828
17847,2657916,113,2658029
17848,2658535,38,2658573
17849,2658790,96,2658886
17850,2658887,61,2658948
17851,2659277,8,2659285
17852,2659316,21,2659337
17853,2659409,18,2659427
17854,2659461,21,2659482
17855,2659598,84,2659682
17856,2659752,4,2659756
17857,2659854,3,2659857
17858,2659860,4,2659864
17859,2660301,44,2660345
17860,2660381,9,2660390
17861,2660425,64,2660489
17862,2660571,1,2660572
17863,2661050,5,2661055
17864,2661190,44,2661234
17865,2661267,20,2661287
17866,2661337,73,2661410
17867,2661638,8,2661646
17868,2661866,162,2662028
17869,2662072,6,2662078
17870,2662125,8,2662133
17871,2662478,54,2662532
17872,2662762,18,2662780
17873,2662896,15,2662911
17874,2662922,175,2663097
17875,2663133,12,2663145
17876,2663268,39,2663307
17877,2663527,4,2663531
17878,2663541,65,2663606
17879,2663706,28,2663734
17880,2663748,136,2663884
17881,2664099,11,2664110
17882,2664144,36,2664180
17883,2664297,5,2664302
17884,2664397,2,2664399
17885,2664618,185,2664803
17886,2664844,73,2664917
17887,2664959,113,2665072
17888,2665078,98,2665176
17889,2665178,10,2665188
17890,2665214,38,2665252
17891,2665263,167,2665430
17892,2665536,107,2665643
17893,2665676,105,2665781
17894,2665894,19,2665913
17895,2665938,42,2665980
17896,2665994,7,2666001
17897,2666054,113,2666167
17898,2666478,103,2666581
17899,2666688,61,2666749
17900,2666839,16,2666855
17901,2667050,51,2667101
17902,2667108,142,2667250
17903,2667325,91,2667416
17904,2667487,43,2667530
17905,2667671,11,2667682
17906,2667816,4,2667820
17907,2667833,15,2667848
17908,2667983,26,2668009
17909,2668103,28,2668131
17910,2668160,31,2668191
17911,2668278,32,2668310
17912,2668374,9,2668383
17913,2668674,8,2668682
17914,2668753,20,2668773
17915,2668802,40,2668842
17916,2668870,7,2668877
17917,2669114,145,2669259
17918,2669432,8,2669440
17919,2669573,33,2669606
17920,2669632,32,2669664
17921,2669800,11,2669811
17922,2669866,83,2669949
17923,2669970,89,2670059
17924,2670065,76,2670141
17925,2670172,34,2670206
17926,2670230,21,2670251
17927,2670381,60,2670441
17928,2670457,104,2670561
17929,2670645,53,2670698
17930,2670864,123,2670987
17931,2671002,52,2671054
17932,2671583,8,2671591
17933,2671747,61,2671808
17934,2671813,141,2671954
17935,2671978,6,2671984
17936,2672202,23,2672225
17937,2672233,6,2672239
17938,2672382,6,2672388
17939,2672432,6,2672438
17940,2672504,138,2672642
17941,2672708,19,2672727
17942,2672898,135,2673033
17943,2673157,24,2673181
17944,2673182,10,2673192
17945,2673238,3,2673241
17946,2673338,46,2673384
17947,2673391,171,2673562
17948,2673839,28,2673867
17949,2673975,16,2673991
17950,2674083,87,2674170
17951,2674259,78,2674337
17952,2674393,74,2674467
17953,2674607,72,2674679
17954,2674967,30,2674997
17955,2675099,46,2675145
17956,2675360,59,2675419
17957,2675425,4,2675429
17958,2675586,4,2675590
17959,2675740,52,2675792
17960,2675930,20,2675950
17961,2676061,21,2676082
17962,2676091,53,2676144
17963,2676246,14,2676260
17964,2676271,37,2676308
17965,2676320,13,2676333
17966,2676368,68,2676436
17967,2676443,42,2676485
17968,2676633,14,2676647
17969,2677043,117,2677160
17970,2677364,69,2677433
17971,2677474,155,2677629
17972,2678035,21,2678056
17973,2678061,2,2678063
17974,2678083,4,2678087
17975,2678116,52,2678168
17976,2678177,94,2678271
17977,2678343,20,2678363
17978,2678447,48,2678495
17979,2678620,38,2678658
17980,2678733,110,2678843
17981,2679020,170,2679190
17982,2679206,37,2679243
17983,2679325,138,2679463
17984,2679583,37,2679620
17985,2679936,23,2679959
17986,2680164,37,2680201
17987,2680232,42,2680274
17988,2680329,15,2680344
17989,2680444,42,2680486
17990,2680497,21,2680518
17991,2680552,8,2680560
17992,2680620,99,2680719
17993,2680807,28,2680835
17994,2680936,33,2680969
17995,2681051,9,2681060
17996,2681080,49,2681129
17997,2681290,86,2681376
17998,2681488,56,2681544
17999,2681748,29,2681777
18000,2681901,81,2681982
18001,2681986,12,2681998
18002,2682106,27,2682133
18003,2682138,53,2682191
18004,2682225,105,2682330
18005,2682394,32,2682426
18006,2682479,6,2682485
18007,2682542,29,2682571
18008,2682603,7,2682610
18009,2682964,20,2682984
18010,2683042,119,2683161
18011,2683195,35,2683230
18012,2683241,111,2683352
18013,2683361,84,2683445
18014,2683643,12,2683655
18015,2683863,57,2683920
18016,2684153,45,2684198
18017,2684272,6,2684278
18018,2684331,57,2684388
18019,2684408,15,2684423
18020,2684501,71,2684572
18021,2684609,36,2684645
18022,2684832,108,2684940
18023,2685008,84,2685092
18024,2685110,59,2685169
18025,2685258,383,2685641
18026,2685651,43,2685694
18027,2685727,12,2685739
18028,2685846,1,2685847
18029,2685850,21,2685871
18030,2685904,24,2685928
18031,2686047,62,2686109
18032,2686145,18,2686163
18033,2686201,9,2686210
18034,2686293,54,2686347
18035,2686407,89,2686496
18036,2686510,86,2686596
18037,2686704,56,2686760
18038,2686939,15,2686954
18039,2687098,241,2687339
18040,2687423,19,2687442
18041,2687501,50,2687551
18042,2687607,12,2687619
18043,2687940,1,2687941
18044,2688027,12,2688039
18045,2688169,20,2688189
18046,2688299,31,2688330
18047,2688491,73,2688564
18048,2688659,94,2688753
18049,2688942,78,2689020
18050,2689027,143,2689170
18051,2689292,58,2689350
18052,2689642,8,2689650
18053,2689810,265,2690075
18054,2690088,76,2690164
18055,2690296,50,2690346
18056,2690594,49,2690643
18057,2690687,94,2690781
18058,2690796,112,2690908
18059,2690950,84,2691034
18060,2691067,26,2691093
18061,2691104,143,2691247
18062,2691276,12,2691288
18063,2691582,41,2691623
18064,2691864,58,2691922
18065,2691950,7,2691957
18066,2692073,70,2692143
18067,2692238,14,2692252
18068,2692263,64,2692327
18069,2692530,83,2692613
18070,2692950,49,2692999
18071,2693159,100,2693259
18072,2693278,4,2693282
18073,2693324,54,2693378
18074,2693596,2,2693598
18075,2693724,85,2693809
18076,2694144,17,2694161
18077,2694309,88,2694397
18078,2694400,123,2694523
18079,2694557,26,2694583
18080,2694784,217,2695001
18081,2695173,2,2695175
18082,2695221,35,2695256
18083,2695348,95,2695443
18084,2695455,112,2695567
18085,2695771,74,2695845
18086,2695886,2,2695888
18087,2695926,5,2695931
18088,2695957,6,2695963
18089,2696098,72,2696170
18090,2696267,12,2696279
18091,2696444,23,2696467
18092,2696468,66,2696534
18093,2696615,3,2696618
18094,2696902,58,2696960
18095,2697351,116,2697467
18096,2697556,14,2697570
18097,2697750,4,2697754
18098,2697767,3,2697770
18099,2697772,44,2697816
18100,2698000,28,2698028
18101,2698033,86,2698119
18102,2698164,14,2698178
18103,2698227,144,2698371
18104,2698537,43,2698580
18105,2698669,15,2698684
18106,2698699,15,2698714
18107,2698773,93,2698866
18108,2698885,211,2699096
18109,2699106,7,2699113
18110,2699268,162,2699430
18111,2699476,6,2699482
18112,2699491,95,2699586
18113,2699594,52,2699646
18114,2699665,76,2699741
18115,2699789,49,2699838
18116,2700036,84,2700120
18117,2700317,1,2700318
18118,2700361,116,2700477
18119,2700533,16,2700549
18120,2700931,42,2700973
18121,2700977,8,2700985
18122,2701015,98,2701113
18123,2701119,140,2701259
18124,2701290,37,2701327
18125,2701416,66,2701482
18126,2701588,126,2701714
18127,2701758,60,2701818
18128,2702165,30,2702195
18129,2702215,96,2702311
18130,2702324,13,2702337
18131,2702397,8,2702405
18132,2702505,50,2702555
18133,2702579,22,2702601
18134,2702604,71,2702675
18135,2702700,173,2702873
18136,2703048,79,2703127
18137,2703253,4,2703257
18138,2703315,9,2703324
18139,2703408,105,2703513
18140,2703889,19,2703908
18141,2703947,61,2704008
18142,2704103,206,2704309
18143,2704453,100,2704553
18144,2704583,42,2704625
18145,2704651,213,2704864
18146,2704869,30,2704899
18147,2705044,78,2705122
18148,2705219,38,2705257
18149,2705595,155,2705750
18150,2705926,41,2705967
18151,2706097,81,2706178
18152,2706296,49,2706345
18153,2706353,9,2706362
18154,2706505,48,2706553
18155,2706575,65,2706640
18156,2706648,162,2706810
18157,2706869,100,2706969
18158,2706987,6,2706993
18159,2707041,129,2707170
18160,2707205,19,2707224
18161,2707295,53,2707348
18162,2707356,7,2707363
18163,2707452,33,2707485
18164,2707597,13,2707610
18165,2707798,42,2707840
18166,2707936,38,2707974
18167,2707992,23,2708015
18168,2708197,16,2708213
18169,2708304,69,2708373
18170,2708551,208,2708759
18171,2708814,17,2708831
18172,2708862,24,2708886
18173,2708914,6,2708920
18174,2708981,52,2709033
18175,2709058,13,2709071
18176,2709095,13,2709108
18177,2709276,2,2709278
18178,2709325,51,2709376
18179,2709457,30,2709487
18180,2709519,78,2709597
18181,2709655,34,2709689
18182,2709741,4,2709745
18183,2709838,19,2709857
18184,2709934,62,2709996
18185,2710040,77,2710117
18186,2710134,92,2710226
18187,2710401,99,2710500
18188,2710779,8,2710787
18189,2710833,16,2710849
18190,2710873,5,2710878
18191,2711118,131,2711249
18192,2711377,121,2711498
18193,2711503,3,2711506
18194,2711530,121,2711651
18195,2711732,249,2711981
18196,2712027,83,2712110
18197,2712152,92,2712244
18198,2712266,52,2712318
18199,2712335,109,2712444
18200,2712678,19,2712697
18201,2712707,2,2712709
18202,2713384,32,2713416
18203,2713483,57,2713540
18204,2713567,51,2713618
18205,2713662,33,2713695
18206,2713873,47,2713920
18207,2713962,25,2713987
18208,2714087,57,2714144
18209,2714500,131,2714631
18210,2715218,5,2715223
18211,2715463,65,2715528
18212,2715690,113,2715803
18213,2715947,43,2715990
18214,2716005,124,2716129
18215,2716172,59,2716231
18216,2716262,42,2716304
18217,2716535,3,2716538
18218,2716616,81,2716697
18219,2716700,3,2716703
18220,2716791,21,2716812
18221,2716945,109,2717054
18222,2717210,7,2717217
18223,2717432,39,2717471
18224,2717514,56,2717570
18225,2717587,105,2717692
18226,2717775,12,2717787
18227,2717817,111,2717928
18228,2718102,45,2718147
18229,2718475,75,2718550
18230,2718565,60,2718625
18231,2718714,68,2718782
18232,2718787,29,2718816
18233,2718891,8,2718899
18234,2718991,13,2719004
18235,2719251,84,2719335
18236,2719426,48,2719474
18237,2719500,92,2719592
18238,2719839,67,2719906
18239,2720065,25,2720090
18240,2720262,1,2720263
18241,2720435,176,2720611
18242,2720627,105,2720732
18243,2720758,47,2720805
18244,2721041,17,2721058
18245,2721217,65,2721282
18246,2721537,37,2721574
18247,2721623,37,2721660
18248,2721680,151,2721831
18249,2722112,47,2722159
18250,2722310,41,2722351
18251,2722752,111,2722863
18252,2722879,71,2722950
18253,2722962,8,2722970
18254,2722979,110,2723089
18255,2723104,67,2723171
18256,2723195,21,2723216
18257,2723372,15,2723387
18258,2723404,35,2723439
18259,2723500,51,2723551
18260,2723560,135,2723695
18261,2723864,67,2723931
18262,2724009,2,2724011
18263,2724094,9,2724103
18264,2724338,6,2724344
18265,2724384,11,2724395
18266,2724629,95,2724724
18267,2724791,152,2724943
18268,2724984,137,2725121
18269,2725297,11,2725308
18270,2725403,85,2725488
18271,2725606,7,2725613
18272,2725617,2,2725619
18273,2725780,45,2725825
18274,2725849,83,2725932
18275,2725946,39,2725985
18276,2726126,28,2726154
18277,2726323,29,2726352
18278,2726564,184,2726748
18279,2726944,50,2726994
18280,2727046,2,2727048
18281,2727187,46,2727233
18282,2727406,6,2727412
18283,2727518,71,2727589
18284,2727694,11,2727705
18285,2727721,62,2727783
18286,2727863,13,2727876
18287,2727901,15,2727916
18288,2727926,10,2727936
18289,2728235,53,2728288
18290,2728306,31,2728337
18291,2728481,46,2728527
18292,2728575,40,2728615
18293,2728676,22,2728698
18294,2728927,39,2728966
18295,2729115,78,2729193
18296,2729264,69,2729333
18297,2729347,62,2729409
18298,2729456,13,2729469
18299,2729653,158,2729811
18300,2729888,37,2729925
18301,2729951,98,2730049
18302,2730199,96,2730295
18303,2730296,1,2730297
18304,2730307,18,2730325
18305,2730363,6,2730369
18306,2730596,25,2730621
18307,2730640,156,2730796
18308,2730840,15,2730855
18309,2730936,11,2730947
18310,2730970,40,2731010
18311,2731062,165,2731227
18312,2731230,80,2731310
18313,2731352,27,2731379
18314,2731503,8,2731511
18315,2731691,132,2731823
18316,2732099,131,2732230
18317,2732460,68,2732528
18318,2732686,6,2732692
18319,2732787,112,2732899
18320,2733000,45,2733045
18321,2733094,30,2733124
18322,2733231,11,2733242
18323,2733508,42,2733550
18324,2733617,109,2733726
18325,2733759,86,2733845
18326,2733859,5,2733864
18327,2733923,80,2734003
18328,2734049,25,2734074
18329,2734080,60,2734140
18330,2734236,39,2734275
18331,2734355,40,2734395
18332,2734428,43,2734471
18333,2734492,43,2734535
18334,2734654,10,2734664
18335,2734681,18,2734699
18336,2734778,12,2734790
18337,2734889,41,2734930
18338,2734974,36,2735010
18339,2735018,15,2735033
18340,2735182,25,2735207
18341,2735255,5,2735260
18342,2735272,12,2735284
18343,2735301,1,2735302
18344,2735317,87,2735404
18345,2735508,67,2735575
18346,2735686,4,2735690
18347,2735829,15,2735844
18348,2736005,19,2736024
18349,2736126,35,2736161
18350,2736252,85,2736337
18351,2736438,42,2736480
18352,2736487,17,2736504
18353,2736532,56,2736588
18354,2736616,56,2736672
18355,2736677,43,2736720
18356,2736841,63,2736904
18357,2737066,2,2737068
18358,2737190,104,2737294
18359,2737610,23,2737633
18360,2737781,25,2737806
18361,2737823,207,2738030
18362,2738123,26,2738149
18363,2738153,205,2738358
18364,2738457,13,2738470
18365,2738481,15,2738496
18366,2738592,16,2738608
18367,2738613,53,2738666
18368,2738667,31,2738698
18369,2738784,124,2738908
18370,2738933,34,2738967
18371,2739062,71,2739133
18372,2739281,229,2739510
18373,2739572,73,2739645
18374,2739744,6,2739750
18375,2739788,86,2739874
18376,2739992,3,2739995
18377,2739996,4,2740000
18378,2740060,24,2740084
18379,2740213,133,2740346
18380,2740402,5,2740407
18381,2740425,5,2740430
18382,2740481,44,2740525
18383,2740550,204,2740754
18384,2740792,107,2740899
18385,2740952,34,2740986
18386,2741002,14,2741016
18387,2741089,3,2741092
18388,2741215,64,2741279
18389,2741441,39,2741480
18390,2741510,85,2741595
18391,2741739,6,2741745
18392,2741987,9,2741996
18393,2742000,19,2742019
18394,2742077,57,2742134
18395,2742272,13,2742285
18396,2742298,2,2742300
18397,2742324,127,2742451
18398,2742720,42,2742762
18399,2742791,39,2742830
18400,2742999,70,2743069
18401,2743184,140,2743324
18402,2743368,32,2743400
18403,2743540,2,2743542
18404,2743684,38,2743722
18405,2743806,74,2743880
18406,2743921,169,2744090
18407,2744101,45,2744146
18408,2744321,92,2744413
18409,2744423,78,2744501
18410,2744817,32,2744849
18411,2744907,6,2744913
18412,2745008,23,2745031
18413,2745090,68,2745158
18414,2745272,3,2745275
18415,2745423,48,2745471
18416,2745522,59,2745581
18417,2745660,16,2745676
18418,2745811,104,2745915
18419,2745979,39,2746018
18420,2746097,44,2746141
18421,2746171,58,2746229
18422,2746524,8,2746532
18423,2746591,16,2746607
18424,2746609,149,2746758
18425,2746822,45,2746867
18426,2746884,8,2746892
18427,2747151,19,2747170
18428,2747392,47,2747439
18429,2747495,26,2747521
18430,2747591,1,2747592
18431,2747737,90,2747827
18432,2747907,44,2747951
18433,2748002,43,2748045
18434,2748101,16,2748117
18435,2748129,3,2748132
18436,2748385,61,2748446
18437,2748478,18,2748496
18438,2748567,10,2748577
18439,2748754,33,2748787
18440,2748793,26,2748819
18441,2748901,64,2748965
18442,2748983,8,2748991
18443,2749100,17,2749117
18444,2749139,76,2749215
18445,2749507,172,2749679
18446,2749729,78,2749807
18447,2749839,19,2749858
18448,2749973,16,2749989
18449,2750164,57,2750221
18450,2750249,21,2750270
18451,2750273,11,2750284
18452,2750295,65,2750360
18453,2750471,66,2750537
18454,2750576,4,2750580
18455,2750703,28,2750731
18456,2750885,72,2750957
18457,2750974,59,2751033
18458,2751300,31,2751331
18459,2751336,12,2751348
18460,2751466,45,2751511
18461,2751554,184,2751738
18462,2751788,4,2751792
18463,2751919,85,2752004
18464,2752018,3,2752021
18465,2752270,40,2752310
18466,2752417,23,2752440
18467,2752475,18,2752493
18468,2752797,4,2752801
18469,2752945,71,2753016
18470,2753039,14,2753053
18471,2753111,24,2753135
18472,2753358,29,2753387
18473,2753474,36,2753510
18474,2753660,45,2753705
18475,2753756,63,2753819
18476,2753842,68,2753910
18477,2753984,11,2753995
18478,2754025,40,2754065
18479,2754177,118,2754295
18480,2754329,16,2754345
18481,2754384,12,2754396
18482,2754517,23,2754540
18483,2754596,314,2754910
18484,2755005,1,2755006
18485,2755051,26,2755077
18486,2755091,157,2755248
18487,2755283,131,2755414
18488,2755430,6,2755436
18489,2755479,120,2755599
18490,2755716,74,2755790
18491,2755900,123,2756023
18492,2756280,15,2756295
18493,2756317,66,2756383
18494,2756390,7,2756397
18495,2756808,18,2756826
18496,2756872,113,2756985
18497,2757011,47,2757058
18498,2757098,81,2757179
18499,2757207,22,2757229
18500,2757250,29,2757279
18501,2757560,65,2757625
18502,2757645,25,2757670
18503,2757846,266,2758112
18504,2758142,1,2758143
18505,2758244,43,2758287
18506,2758310,117,2758427
18507,2758535,41,2758576
18508,2758680,14,2758694
18509,2758728,6,2758734
18510,2758747,26,2758773
18511,2758919,120,2759039
18512,2759060,37,2759097
18513,2759161,113,2759274
18514,2759395,92,2759487
18515,2759558,32,2759590
18516,2759705,44,2759749
18517,2759752,10,2759762
18518,2759794,8,2759802
18519,2760057,91,2760148
18520,2760175,49,2760224
18521,2760423,33,2760456
18522,2760696,85,2760781
18523,2760821,42,2760863
18524,2761034,201,2761235
18525,2761247,63,2761310
18526,2761365,24,2761389
18527,2761406,26,2761432
18528,2761488,17,2761505
18529,2761543,14,2761557
18530,2761825,96,2761921
18531,2762129,168,2762297
18532,2762356,88,2762444
18533,2762631,5,2762636
18534,2762682,50,2762732
18535,2762767,14,2762781
18536,2762836,55,2762891
18537,2762944,59,2763003
18538,2763014,21,2763035
18539,2763084,22,2763106
18540,2763200,50,2763250
18541,2763385,20,2763405
18542,2763509,75,2763584
18543,2763675,235,2763910
18544,2763972,202,2764174
18545,2764382,104,2764486
18546,2764511,24,2764535
18547,2764569,2,2764571
18548,2764642,19,2764661
18549,2765539,59,2765598
18550,2765777,27,2765804
18551,2765892,12,2765904
18552,2765917,43,2765960
18553,2766062,58,2766120
18554,2766190,6,2766196
18555,2766232,38,2766270
18556,2766384,115,2766499
18557,2766645,29,2766674
18558,2766737,194,2766931
18559,2766972,65,2767037
18560,2767092,79,2767171
18561,2767310,54,2767364
18562,2767446,14,2767460
18563,2767561,32,2767593
18564,2767609,1,2767610
18565,2767669,20,2767689
18566,2768304,22,2768326
18567,2768413,16,2768429
18568,2768484,27,2768511
18569,2768635,41,2768676
18570,2768775,81,2768856
18571,2768963,61,2769024
18572,2769114,105,2769219
18573,2769233,180,2769413
18574,2769623,65,2769688
18575,2769905,207,2770112
18576,2770251,26,2770277
18577,2770336,30,2770366
18578,2770567,72,2770639
18579,2770710,39,2770749
18580,2770796,45,2770841
18581,2770861,39,2770900
18582,2770983,37,2771020
18583,2771132,1,2771133
18584,2771163,96,2771259
18585,2771336,33,2771369
18586,2771426,85,2771511
18587,2771521,18,2771539
18588,2771764,126,2771890
18589,2771977,23,2772000
18590,2772075,104,2772179
18591,2772329,29,2772358
18592,2772362,227,2772589
18593,2772708,34,2772742
18594,2772891,16,2772907
18595,2772938,39,2772977
18596,2773069,2,2773071
18597,2773141,14,2773155
18598,2773174,34,2773208
18599,2773261,18,2773279
18600,2773471,91,2773562
18601,2773711,61,2773772
18602,2773841,31,2773872
18603,2773903,54,2773957
18604,2774023,67,2774090
18605,2774105,6,2774111
18606,2774189,38,2774227
18607,2774309,24,2774333
18608,2774470,74,2774544
18609,2774733,27,2774760
18610,2774802,35,2774837
18611,2775032,35,2775067
18612,2775081,66,2775147
18613,2775305,3,2775308
18614,2775484,71,2775555
18615,2775676,35,2775711
18616,2775871,88,2775959
18617,2776092,7,2776099
18618,2776221,3,2776224
18619,2776321,8,2776329
18620,2776389,66,2776455
18621,2776552,31,2776583
18622,2776639,139,2776778
18623,2776787,78,2776865
18624,2776882,4,2776886
18625,2776913,19,2776932
18626,2776955,156,2777111
18627,2777130,3,2777133
18628,2777134,33,2777167
18629,2777247,2,2777249
18630,2777336,8,2777344
18631,2777466,9,2777475
18632,2777529,17,2777546
18633,2777575,56,2777631
18634,2777729,33,2777762
18635,2777768,12,2777780
18636,2777820,3,2777823
18637,2777935,53,2777988
18638,2778207,1,2778208
18639,2778231,30,2778261
18640,2778376,67,2778443
18641,2778456,11,2778467
18642,2778530,60,2778590
18643,2778600,17,2778617
18644,2778638,4,2778642
18645,2778916,97,2779013
18646,2779149,209,2779358
18647,2779482,32,2779514
18648,2779586,66,2779652
18649,2779739,211,2779950
18650,2779963,9,2779972
18651,2780236,14,2780250
18652,2780491,26,2780517
18653,2780570,45,2780615
18654,2780649,1,2780650
18655,2780689,117,2780806
18656,2780908,97,2781005
18657,2781119,51,2781170
18658,2781217,131,2781348
18659,2781553,64,2781617
18660,2781724,104,2781828
18661,2782040,11,2782051
18662,2782156,34,2782190
18663,2782205,65,2782270
18664,2782349,34,2782383
18665,2782530,5,2782535
18666,2782586,52,2782638
18667,2782660,35,2782695
18668,2782951,47,2782998
18669,2783014,43,2783057
18670,2783137,9,2783146
18671,2783160,47,2783207
18672,2783215,81,2783296
18673,2783356,96,2783452
18674,2783587,12,2783599
18675,2783650,103,2783753
18676,2783835,1,2783836
18677,2783867,53,2783920
18678,2783979,13,2783992
18679,2784034,51,2784085
18680,2784201,164,2784365
18681,2784465,152,2784617
18682,2784749,46,2784795
18683,2784944,23,2784967
18684,2785025,15,2785040
18685,2785321,104,2785425
18686,2785433,24,2785457
18687,2785504,32,2785536
18688,2785563,3,2785566
18689,2785572,25,2785597
18690,2786292,61,2786353
18691,2786354,2,2786356
18692,2786410,35,2786445
18693,2786734,26,2786760
18694,2786785,22,2786807
18695,2786903,12,2786915
18696,2786922,15,2786937
18697,2786970,10,2786980
18698,2787011,22,2787033
18699,2787041,15,2787056
18700,2787134,36,2787170
18701,2787177,18,2787195
18702,2787232,56,2787288
18703,2787472,26,2787498
18704,2787543,17,2787560
18705,2787669,4,2787673
18706,2787745,8,2787753
18707,2787773,4,2787777
18708,2787953,10,2787963
18709,2788031,18,2788049
18710,2788161,3,2788164
18711,2788169,59,2788228
18712,2788274,13,2788287
18713,2788378,41,2788419
18714,2788437,28,2788465
18715,2788625,78,2788703
18716,2788940,30,2788970
18717,2789387,74,2789461
18718,2789496,18,2789514
18719,2789579,94,2789673
18720,2789706,144,2789850
18721,2789883,12,2789895
18722,2790166,259,2790425
18723,2790489,147,2790636
18724,2790648,75,2790723
18725,2790781,12,2790793
18726,2790863,32,2790895
18727,2790918,93,2791011
18728,2791119,28,2791147
18729,2791244,22,2791266
18730,2791320,18,2791338
18731,2791430,49,2791479
18732,2791616,13,2791629
18733,2792088,54,2792142
18734,2792215,208,2792423
18735,2792514,42,2792556
18736,2792735,31,2792766
18737,2792801,101,2792902
18738,2792921,33,2792954
18739,2793137,8,2793145
18740,2793286,211,2793497
18741,2793550,22,2793572
18742,2793633,29,2793662
18743,2793769,5,2793774
18744,2794057,14,2794071
18745,2794089,10,2794099
18746,2794144,93,2794237
18747,2794238,27,2794265
18748,2794269,29,2794298
18749,2794425,94,2794519
18750,2794586,185,2794771
18751,2794784,60,2794844
18752,2794942,5,2794947
18753,2794987,67,2795054
18754,2795147,19,2795166
18755,2795274,21,2795295
18756,2795398,24,2795422
18757,2795695,1,2795696
18758,2795746,15,2795761
18759,2795781,106,2795887
18760,2795913,24,2795937
18761,2796195,9,2796204
18762,2796293,185,2796478
18763,2796556,30,2796586
18764,2796723,18,2796741
18765,2796849,102,2796951
18766,2797001,56,2797057
18767,2797079,3,2797082
18768,2797241,83,2797324
18769,2797494,55,2797549
18770,2797563,7,2797570
18771,2797586,29,2797615
18772,2797650,27,2797677
18773,2797833,43,2797876
18774,2797932,42,2797974
18775,2798062,104,2798166
18776,2798261,15,2798276
18777,2798323,12,2798335
18778,2798415,1,2798416
18779,2798634,93,2798727
18780,2798736,21,2798757
18781,2798874,36,2798910
18782,2798927,63,2798990
18783,2799500,53,2799553
18784,2799615,18,2799633
18785,2799904,79,2799983
18786,2800209,58,2800267
18787,2800386,47,2800433
18788,2800528,176,2800704
18789,2800763,47,2800810
18790,2800824,6,2800830
18791,2800965,6,2800971
18792,2801105,33,2801138
18793,2801158,92,2801250
18794,2801349,34,2801383
18795,2801414,64,2801478
18796,2801700,45,2801745
18797,2801765,113,2801878
18798,2801899,8,2801907
18799,2801961,48,2802009
18800,2802343,169,2802512
18801,2802643,63,2802706
18802,2802709,4,2802713
18803,2802944,12,2802956
18804,2803044,133,2803177
18805,2803476,33,2803509
18806,2803559,98,2803657
18807,2803724,9,2803733
18808,2803809,10,2803819
18809,2803977,62,2804039
18810,2804161,14,2804175
18811,2804201,20,2804221
18812,2804401,14,2804415
18813,2804516,69,2804585
18814,2804697,26,2804723
18815,2804842,10,2804852
18816,2805293,55,2805348
18817,2805420,6,2805426
18818,2805495,136,2805631
18819,2805645,24,2805669
18820,2805673,19,2805692
18821,2805823,65,2805888
18822,2805900,62,2805962
18823,2805997,215,2806212
18824,2806227,11,2806238
18825,2806279,7,2806286
18826,2806289,9,2806298
18827,2806308,22,2806330
18828,2806463,18,2806481
18829,2806505,46,2806551
18830,2806689,66,2806755
18831,2806808,41,2806849
18832,2806916,109,2807025
18833,2807034,86,2807120
18834,2807161,6,2807167
18835,2807174,71,2807245
18836,2807264,87,2807351
18837,2807353,20,2807373
18838,2807413,178,2807591
18839,2807726,18,2807744
18840,2807956,81,2808037
18841,2808073,75,2808148
18842,2808242,25,2808267
18843,2808295,18,2808313
18844,2808390,26,2808416
18845,2808453,15,2808468
18846,2808577,131,2808708
18847,2808841,13,2808854
18848,2809069,33,2809102
18849,2809277,16,2809293
18850,2809347,135,2809482
18851,2809508,4,2809512
18852,2809656,19,2809675
18853,2809937,20,2809957
18854,2810151,83,2810234
18855,2810314,75,2810389
18856,2810390,122,2810512
18857,2810640,18,2810658
18858,2810782,18,2810800
18859,2810803,53,2810856
18860,2810916,9,2810925
18861,2810968,11,2810979
18862,2811089,74,2811163
18863,2811321,40,2811361
18864,2811460,168,2811628
18865,2811780,56,2811836
18866,2811995,1,2811996
18867,2812035,53,2812088
18868,2812096,86,2812182
18869,2812574,1,2812575
18870,2812640,41,2812681
18871,2812778,24,2812802
18872,2812880,196,2813076
18873,2813641,56,2813697
18874,2814116,24,2814140
18875,2814203,162,2814365
18876,2814540,45,2814585
18877,2814668,97,2814765
18878,2814779,4,2814783
18879,2814863,40,2814903
18880,2814925,85,2815010
18881,2815061,54,2815115
18882,2815516,33,2815549
18883,2815642,20,2815662
18884,2815869,72,2815941
18885,2815955,34,2815989
18886,2816012,15,2816027
18887,2816105,52,2816157
18888,2816390,8,2816398
18889,2816412,159,2816571
18890,2816638,2,2816640
18891,2816845,68,2816913
18892,2817005,35,2817040
18893,2817102,19,2817121
18894,2817122,24,2817146
18895,2817154,11,2817165
18896,2817241,60,2817301
18897,2817362,10,2817372
18898,2817416,37,2817453
18899,2817489,27,2817516
18900,2817740,36,2817776
18901,2818037,130,2818167
18902,2818204,155,2818359
18903,2818394,104,2818498
18904,2818528,8,2818536
18905,2818554,42,2818596
18906,2818725,48,2818773
18907,2818858,17,2818875
18908,2818924,14,2818938
18909,2818987,52,2819039
18910,2819078,19,2819097
18911,2819120,81,2819201
18912,2819298,71,2819369
18913,2819514,60,2819574
18914,2819585,16,2819601
18915,2819681,62,2819743
18916,2819801,43,2819844
18917,2819852,35,2819887
18918,2819980,32,2820012
18919,2820058,106,2820164
18920,2820260,19,2820279
18921,2820316,11,2820327
18922,2820648,20,2820668
18923,2820725,62,2820787
18924,2820834,33,2820867
18925,2820875,12,2820887
18926,2820937,11,2820948
18927,2821051,68,2821119
18928,2821201,113,2821314
18929,2821341,19,2821360
18930,2821526,202,2821728
18931,2821805,40,2821845
18932,2821942,42,2821984
18933,2822070,131,2822201
18934,2822251,14,2822265
18935,2822500,13,2822513
18936,2822520,44,2822564
18937,2822631,57,2822688
18938,2822820,10,2822830
18939,2822869,16,2822885
18940,2823053,20,2823073
18941,2823087,111,2823198
18942,2823236,72,2823308
18943,2823309,28,2823337
18944,2823581,23,2823604
18945,2823733,5,2823738
18946,2823913,4,2823917
18947,2824007,93,2824100
18948,2824141,116,2824257
18949,2824272,3,2824275
18950,2824376,28,2824404
18951,2824470,8,2824478
18952,2824587,7,2824594
18953,2824640,8,2824648
18954,2825078,37,2825115
18955,2825163,51,2825214
18956,2825342,76,2825418
18957,2825636,104,2825740
18958,2825755,143,2825898
18959,2825914,21,2825935
18960,2825939,2,2825941
18961,2825966,38,2826004
18962,2826005,64,2826069
18963,2826126,20,2826146
18964,2826490,3,2826493
18965,2826549,19,2826568
18966,2826586,149,2826735
18967,2826756,140,2826896
18968,2826996,15,2827011
18969,2827028,64,2827092
18970,2827169,53,2827222
18971,2827284,55,2827339
18972,2827450,41,2827491
18973,2827677,31,2827708
18974,2827816,11,2827827
18975,2827875,27,2827902
18976,2828089,9,2828098
18977,2828112,81,2828193
18978,2828334,16,2828350
18979,2828485,127,2828612
18980,2828639,48,2828687
18981,2828776,79,2828855
18982,2828865,47,2828912
18983,2829022,35,2829057
18984,2829158,132,2829290
18985,2829491,117,2829608
18986,2829646,12,2829658
18987,2829800,13,2829813
18988,2829821,57,2829878
18989,2829904,51,2829955
18990,2830041,79,2830120
18991,2830156,36,2830192
18992,2830257,48,2830305
18993,2830340,3,2830343
18994,2830408,2,2830410
18995,2830441,26,2830467
18996,2830560,7,2830567
18997,2830700,39,2830739
18998,2830920,55,2830975
18999,2831411,66,2831477
19000,2831480,99,2831579
19001,2831722,36,2831758
19002,2831783,65,2831848
19003,2831881,47,2831928
19004,2832418,46,2832464
19005,2832497,41,2832538
19006,2832582,20,2832602
19007,2832621,8,2832629
19008,2832634,1,2832635
19009,2832652,116,2832768
19010,2832956,111,2833067
19011,2833130,105,2833235
19012,2833243,6,2833249
19013,2833252,40,2833292
19014,2833361,58,2833419
19015,2833767,16,2833783
19016,2833817,26,2833843
19017,2834001,28,2834029
19018,2834032,227,2834259
19019,2834343,63,2834406
19020,2834471,79,2834550
19021,2834613,15,2834628
19022,2834695,114,2834809
19023,2834883,3,2834886
19024,2835278,15,2835293
19025,2835300,47,2835347
19026,2835677,24,2835701
19027,2835753,95,2835848
19028,2835856,67,2835923
19029,2836087,59,2836146
19030,2836198,210,2836408
19031,2836436,70,2836506
19032,2836620,14,2836634
19033,2836714,112,2836826
19034,2836842,54,2836896
19035,2836913,85,2836998
19036,2837066,116,2837182
19037,2837189,8,2837197
19038,2837307,63,2837370
19039,2837445,3,2837448
19040,2837542,77,2837619
19041,2837712,4,2837716
19042,2837762,63,2837825
19043,2837928,47,2837975
19044,2838221,17,2838238
19045,2838376,23,2838399
19046,2838421,20,2838441
19047,2838471,26,2838497
19048,2838543,18,2838561
19049,2838573,34,2838607
19050,2838795,13,2838808
19051,2838862,33,2838895
19052,2838906,13,2838919
19053,2839126,147,2839273
19054,2839315,195,2839510
19055,2839512,45,2839557
19056,2839649,67,2839716
19057,2839767,21,2839788
19058,2840079,61,2840140
19059,2840301,5,2840306
19060,2840321,37,2840358
19061,2840465,20,2840485
19062,2840600,5,2840605
19063,2840614,1,2840615
19064,2840788,5,2840793
19065,2840873,23,2840896
19066,2840940,16,2840956
19067,2841138,146,2841284
19068,2841315,117,2841432
19069,2841456,44,2841500
19070,2841529,198,2841727
19071,2841881,31,2841912
19072,2841942,13,2841955
19073,2841956,152,2842108
19074,2842152,132,2842284
19075,2842404,11,2842415
19076,2842496,103,2842599
19077,2842603,20,2842623
19078,2842744,87,2842831
19079,2842945,23,2842968
19080,2843039,112,2843151
19081,2843193,48,2843241
19082,2843287,40,2843327
19083,2843490,7,2843497
19084,2843576,77,2843653
19085,2843749,31,2843780
19086,2843784,2,2843786
19087,2843971,66,2844037
19088,2844067,99,2844166
19089,2844194,52,2844246
19090,2844319,17,2844336
19091,2844346,34,2844380
19092,2844539,51,2844590
19093,2844639,28,2844667
19094,2844689,30,2844719
19095,2844753,41,2844794
19096,2844855,54,2844909
19097,2845219,18,2845237
19098,2845273,24,2845297
19099,2845353,37,2845390
19100,2845420,73,2845493
19101,2845499,20,2845519
19102,2845634,185,2845819
19103,2845852,26,2845878
19104,2846016,15,2846031
19105,2846288,18,2846306
19106,2846382,159,2846541
19107,2846553,186,2846739
19108,2846833,22,2846855
19109,2847039,18,2847057
19110,2847354,19,2847373
19111,2847374,4,2847378
19112,2847470,138,2847608
19113,2847724,7,2847731
19114,2847738,67,2847805
19115,2847811,59,2847870
19116,2848082,81,2848163
19117,2848167,153,2848320
19118,2848427,94,2848521
19119,2848853,24,2848877
19120,2848949,37,2848986
19121,2849051,28,2849079
19122,2849144,42,2849186
19123,2849436,9,2849445
19124,2849479,38,2849517
19125,2849895,12,2849907
19126,2849938,21,2849959
19127,2850002,13,2850015
19128,2850030,99,2850129
19129,2850269,19,2850288
19130,2850299,100,2850399
19131,2850479,141,2850620
19132,2850655,191,2850846
19133,2851078,14,2851092
19134,2851109,204,2851313
19135,2851390,8,2851398
19136,2851408,44,2851452
19137,2851522,15,2851537
19138,2851689,13,2851702
19139,2851784,5,2851789
19140,2851910,195,2852105
19141,2852264,2,2852266
19142,2852518,9,2852527
19143,2852544,23,2852567
19144,2852582,35,2852617
19145,2852776,42,2852818
19146,2852933,87,2853020
19147,2853029,4,2853033
19148,2853210,19,2853229
19149,2853497,11,2853508
19150,2853515,25,2853540
19151,2853547,3,2853550
19152,2853576,98,2853674
19153,2854020,78,2854098
19154,2854205,29,2854234
19155,2854333,64,2854397
19156,2854469,32,2854501
19157,2854526,54,2854580
19158,2854745,16,2854761
19159,2854792,40,2854832
19160,2854988,92,2855080
19161,2855209,2,2855211
19162,2855266,35,2855301
19163,2855547,76,2855623
19164,2855669,46,2855715
19165,2855733,36,2855769
19166,2855847,10,2855857
19167,2855919,12,2855931
19168,2856341,56,2856397
19169,2856466,80,2856546
19170,2856586,53,2856639
19171,2856797,29,2856826
19172,2856862,24,2856886
19173,2856979,5,2856984
19174,2857092,41,2857133
19175,2857477,39,2857516
19176,2857608,43,2857651
19177,2857680,102,2857782
19178,2858009,3,2858012
19179,2858102,24,2858126
19180,2858207,37,2858244
19181,2858280,50,2858330
19182,2858332,64,2858396
19183,2858444,74,2858518
19184,2858577,34,2858611
19185,2858666,48,2858714
19186,2858805,34,2858839
19187,2858872,39,2858911
19188,2858955,11,2858966
19189,2859194,144,2859338
19190,2859368,37,2859405
19191,2859474,49,2859523
19192,2859528,39,2859567
19193,2859645,21,2859666
19194,2859838,3,2859841
19195,2859843,51,2859894
19196,2859934,6,2859940
19197,2859941,133,2860074
19198,2860163,181,2860344
19199,2860359,132,2860491
19200,2860551,90,2860641
19201,2860673,23,2860696
19202,2860705,5,2860710
19203,2861018,35,2861053
19204,2861287,21,2861308
19205,2861521,94,2861615
19206,2861738,54,2861792
19207,2861837,128,2861965
19208,2862052,3,2862055
19209,2862115,86,2862201
19210,2862534,2,2862536
19211,2862629,71,2862700
19212,2862808,38,2862846
19213,2862898,4,2862902
19214,2863092,22,2863114
19215,2863215,10,2863225
19216,2863281,8,2863289
19217,2863302,39,2863341
19218,2863665,136,2863801
19219,2863891,21,2863912
19220,2864009,24,2864033
19221,2864589,139,2864728
19222,2864898,34,2864932
19223,2865048,33,2865081
19224,2865083,20,2865103
19225,2865154,9,2865163
19226,2865237,114,2865351
19227,2865360,7,2865367
19228,2865419,45,2865464
19229,2865556,42,2865598
19230,2865603,354,2865957
19231,2866073,10,2866083
19232,2866096,97,2866193
19233,2866248,31,2866279
19234,2866380,20,2866400
19235,2866419,79,2866498
19236,2866561,3,2866564
19237,2866654,1,2866655
19238,2866903,37,2866940
19239,2867061,64,2867125
19240,2867330,56,2867386
19241,2867452,166,2867618
19242,2867783,78,2867861
19243,2867896,33,2867929
19244,2868191,10,2868201
19245,2868340,19,2868359
19246,2868454,119,2868573
19247,2868575,17,2868592
19248,2868594,21,2868615
19249,2868642,6,2868648
19250,2868771,27,2868798
19251,2868945,159,2869104
19252,2869200,9,2869209
19253,2869347,40,2869387
19254,2869392,72,2869464
19255,2869608,82,2869690
19256,2869727,86,2869813
19257,2869892,1,2869893
19258,2869985,81,2870066
19259,2870208,38,2870246
19260,2870250,5,2870255
19261,2870385,52,2870437
19262,2870473,4,2870477
19263,2870572,153,2870725
19264,2870904,28,2870932
19265,2871011,63,2871074
19266,2871130,14,2871144
19267,2871243,33,2871276
19268,2871644,67,2871711
19269,2871836,60,2871896
19270,2871925,3,2871928
19271,2871971,148,2872119
19272,2872224,76,2872300
19273,2872328,64,2872392
19274,2872741,4,2872745
19275,2872768,20,2872788
19276,2872839,56,2872895
19277,2872914,45,2872959
19278,2873052,1,2873053
19279,2873270,18,2873288
19280,2873333,44,2873377
19281,2873401,67,2873468
19282,2873499,49,2873548
19283,2873549,12,2873561
19284,2873578,160,2873738
19285,2873758,21,2873779
19286,2873903,22,2873925
19287,2873954,116,2874070
19288,2874130,9,2874139
19289,2874220,108,2874328
19290,2874344,90,2874434
19291,2874442,11,2874453
19292,2874580,34,2874614
19293,2874650,2,2874652
19294,2874747,1,2874748
19295,2874770,18,2874788
19296,2874936,72,2875008
19297,2875189,28,2875217
19298,2875293,17,2875310
19299,2875356,68,2875424
19300,2875440,47,2875487
19301,2875647,36,2875683
19302,2875687,12,2875699
19303,2875791,18,2875809
19304,2875842,101,2875943
19305,2876107,7,2876114
19306,2876191,83,2876274
19307,2876376,129,2876505
19308,2876644,126,2876770
19309,2876934,25,2876959
19310,2876990,11,2877001
19311,2877012,28,2877040
19312,2877088,26,2877114
19313,2877128,2,2877130
19314,2877142,15,2877157
19315,2877171,63,2877234
19316,2877404,19,2877423
19317,2877506,20,2877526
19318,2877564,3,2877567
19319,2877589,19,2877608
19320,2877689,1,2877690
19321,2877817,114,2877931
19322,2877937,3,2877940
19323,2878088,2,2878090
19324,2878134,12,2878146
19325,2878275,90,2878365
19326,2878432,38,2878470
19327,2878566,57,2878623
19328,2878758,141,2878899
19329,2879248,38,2879286
19330,2879385,4,2879389
19331,2879562,68,2879630
19332,2879639,33,2879672
19333,2879689,20,2879709
19334,2879821,46,2879867
19335,2879910,14,2879924
19336,2879930,32,2879962
19337,2880056,50,2880106
19338,2880229,79,2880308
19339,2880546,37,2880583
19340,2880787,38,2880825
19341,2881108,34,2881142
19342,2881377,77,2881454
19343,2881604,17,2881621
19344,2881635,20,2881655
19345,2881673,26,2881699
19346,2881836,16,2881852
19347,2881874,18,2881892
19348,2881893,69,2881962
19349,2881980,20,2882000
19350,2882001,21,2882022
19351,2882606,7,2882613
19352,2882618,155,2882773
19353,2882855,10,2882865
19354,2883151,23,2883174
19355,2883327,16,2883343
19356,2883353,27,2883380
19357,2883453,65,2883518
19358,2883620,73,2883693
19359,2883694,72,2883766
19360,2883800,87,2883887
19361,2883908,5,2883913
19362,2883958,87,2884045
19363,2884189,32,2884221
19364,2884287,32,2884319
19365,2884391,3,2884394
19366,2884485,12,2884497
19367,2884540,257,2884797
19368,2884899,109,2885008
19369,2885043,135,2885178
19370,2885191,29,2885220
19371,2885398,63,2885461
19372,2885505,2,2885507
19373,2885550,66,2885616
19374,2885665,33,2885698
19375,2885896,37,2885933
19376,2886160,6,2886166
19377,2886174,33,2886207
19378,2886220,55,2886275
19379,2886470,50,2886520
19380,2886614,29,2886643
19381,2886652,42,2886694
19382,2886765,23,2886788
19383,2887042,14,2887056
19384,2887110,4,2887114
19385,2887194,35,2887229
19386,2887263,70,2887333
19387,2887493,33,2887526
19388,2887560,20,2887580
19389,2887635,58,2887693
19390,2887769,79,2887848
19391,2887893,31,2887924
19392,2887926,91,2888017
19393,2888192,29,2888221
19394,2888351,24,2888375
19395,2888413,111,2888524
19396,2888541,54,2888595
19397,2888720,15,2888735
19398,2888925,45,2888970
19399,2889109,7,2889116
19400,2889177,47,2889224
19401,2889286,41,2889327
19402,2889512,7,2889519
19403,2889677,3,2889680
19404,2889811,24,2889835
19405,2889851,81,2889932
19406,2889963,6,2889969
19407,2890072,94,2890166
19408,2890308,41,2890349
19409,2890477,138,2890615
19410,2890617,28,2890645
19411,2890650,53,2890703
19412,2890871,190,2891061
19413,2891082,60,2891142
19414,2891191,39,2891230
19415,2891285,44,2891329
19416,2891401,35,2891436
19417,2891534,21,2891555
19418,2891727,189,2891916
19419,2892097,8,2892105
19420,2892149,82,2892231
19421,2892465,20,2892485
19422,2892543,170,2892713
19423,2892740,43,2892783
19424,2892837,71,2892908
19425,2893004,6,2893010
19426,2893127,63,2893190
19427,2893245,10,2893255
19428,2893398,11,2893409
19429,2893411,39,2893450
19430,2893508,68,2893576
19431,2893658,18,2893676
19432,2893723,23,2893746
19433,2894017,28,2894045
19434,2894085,3,2894088
19435,2894329,11,2894340
19436,2894365,41,2894406
19437,2894414,11,2894425
19438,2894627,8,2894635
19439,2894715,11,2894726
19440,2894995,1,2894996
19441,2895117,49,2895166
19442,2895185,81,2895266
19443,2895492,30,2895522
19444,2895536,11,2895547
19445,2895661,11,2895672
19446,2895773,18,2895791
19447,2895845,90,2895935
19448,2895971,42,2896013
19449,2896043,67,2896110
19450,2896157,79,2896236
19451,2896509,38,2896547
19452,2896708,156,2896864
19453,2896893,2,2896895
19454,2896921,9,2896930
19455,2897149,13,2897162
19456,2897194,23,2897217
19457,2897243,94,2897337
19458,2897392,56,2897448
19459,2897462,169,2897631
19460,2897632,3,2897635
19461,2897732,18,2897750
19462,2897849,76,2897925
19463,2898001,30,2898031
19464,2898075,5,2898080
19465,2898145,25,2898170
19466,2898276,84,2898360
19467,2898624,9,2898633
19468,2898837,17,2898854
19469,2899151,32,2899183
19470,2899274,44,2899318
19471,2899498,15,2899513
19472,2899568,5,2899573
19473,2899955,5,2899960
19474,2900025,93,2900118
19475,2900295,91,2900386
19476,2900404,22,2900426
19477,2900447,30,2900477
19478,2900496,103,2900599
19479,2900896,50,2900946
19480,2901029,14,2901043
19481,2901052,11,2901063
19482,2901109,146,2901255
19483,2901349,8,2901357
19484,2901758,53,2901811
19485,2901848,22,2901870
19486,2901970,18,2901988
19487,2902046,65,2902111
19488,2902139,169,2902308
19489,2902326,54,2902380
19490,2902456,1,2902457
19491,2902508,3,2902511
19492,2902634,46,2902680
19493,2902752,16,2902768
19494,2902990,5,2902995
19495,2903091,91,2903182
19496,2903213,152,2903365
19497,2903458,11,2903469
19498,2903595,11,2903606
19499,2903634,2,2903636
19500,2903680,35,2903715
19501,2903739,154,2903893
19502,2903946,25,2903971
19503,2904163,27,2904190
19504,2904382,135,2904517
19505,2904518,27,2904545
19506,2904595,5,2904600
19507,2904750,73,2904823
19508,2904922,3,2904925
19509,2904976,19,2904995
19510,2905038,60,2905098
19511,2905177,61,2905238
19512,2905300,10,2905310
19513,2905469,39,2905508
19514,2905511,31,2905542
19515,2905656,280,2905936
19516,2906051,16,2906067
19517,2906165,30,2906195
19518,2906213,14,2906227
19519,2906250,25,2906275
19520,2906281,1,2906282
19521,2906348,30,2906378
19522,2906532,51,2906583
19523,2906709,35,2906744
19524,2906973,18,2906991
19525,2907097,21,2907118
19526,2907256,77,2907333
19527,2907337,28,2907365
19528,2907591,81,2907672
19529,2907772,18,2907790
19530,2907804,7,2907811
19531,2907847,121,2907968
19532,2908037,12,2908049
19533,2908276,8,2908284
19534,2908385,45,2908430
19535,2908439,96,2908535
19536,2908578,181,2908759
19537,2908981,8,2908989
19538,2909129,33,2909162
19539,2909216,80,2909296
19540,2909304,4,2909308
19541,2909527,38,2909565
19542,2909570,27,2909597
19543,2909629,50,2909679
19544,2909899,43,2909942
19545,2909957,42,2909999
19546,2910064,13,2910077
19547,2910124,22,2910146
19548,2910299,11,2910310
19549,2910429,30,2910459
19550,2910506,100,2910606
19551,2910672,5,2910677
19552,2910733,35,2910768
19553,2910820,5,2910825
19554,2910991,125,2911116
19555,2911131,42,2911173
19556,2911184,17,2911201
19557,2911283,20,2911303
19558,2911307,7,2911314
19559,2911425,35,2911460
19560,2911508,15,2911523
19561,2911580,27,2911607
19562,2911638,50,2911688
19563,2911762,20,2911782
19564,2911798,101,2911899
19565,2911907,20,2911927
19566,2912018,126,2912144
19567,2912251,33,2912284
19568,2912309,6,2912315
19569,2912408,94,2912502
19570,2912582,33,2912615
19571,2912826,26,2912852
19572,2912891,79,2912970
19573,2913043,49,2913092
19574,2913222,11,2913233
19575,2913267,23,2913290
19576,2913326,112,2913438
19577,2913452,30,2913482
19578,2913621,1,2913622
19579,2913675,5,2913680
19580,2913713,59,2913772
19581,2913804,35,2913839
19582,2913996,214,2914210
19583,2914386,93,2914479
19584,2914523,4,2914527
19585,2914602,24,2914626
19586,2914627,40,2914667
19587,2914780,8,2914788
19588,2915007,25,2915032
19589,2915050,178,2915228
19590,2915235,3,2915238
19591,2915718,83,2915801
19592,2915822,7,2915829
19593,2915865,41,2915906
19594,2916010,41,2916051
19595,2916065,7,2916072
19596,2916230,58,2916288
19597,2916329,55,2916384
19598,2916386,31,2916417
19599,2916423,149,2916572
19600,2916743,19,2916762
19601,2916929,14,2916943
19602,2917081,37,2917118
19603,2917292,47,2917339
19604,2917380,1,2917381
19605,2917392,26,2917418
19606,2917419,16,2917435
19607,2917545,72,2917617
19608,2917637,57,2917694
19609,2917695,2,2917697
19610,2917975,64,2918039
19611,2918041,76,2918117
19612,2918213,9,2918222
19613,2918357,11,2918368
19614,2918436,109,2918545
19615,2918896,2,2918898
19616,2919091,7,2919098
19617,2919114,38,2919152
19618,2919180,21,2919201
19619,2919207,36,2919243
19620,2919563,33,2919596
19621,2919626,117,2919743
19622,2919855,54,2919909
19623,2920200,50,2920250
19624,2920260,6,2920266
19625,2920283,60,2920343
19626,2920350,39,2920389
19627,2920516,65,2920581
19628,2920614,7,2920621
19629,2920673,27,2920700
19630,2920710,41,2920751
19631,2921080,1,2921081
19632,2921183,57,2921240
19633,2921324,4,2921328
19634,2921416,14,2921430
19635,2921657,5,2921662
19636,2921697,7,2921704
19637,2921796,28,2921824
19638,2921908,112,2922020
19639,2922110,20,2922130
19640,2922188,14,2922202
19641,2922462,3,2922465
19642,2922593,14,2922607
19643,2922699,38,2922737
19644,2922860,35,2922895
19645,2922914,14,2922928
19646,2922979,34,2923013
19647,2923103,125,2923228
19648,2923355,32,2923387
19649,2923493,139,2923632
19650,2923687,35,2923722
19651,2923872,68,2923940
19652,2923968,191,2924159
19653,2924182,36,2924218
19654,2924378,17,2924395
19655,2924710,13,2924723
19656,2924816,3,2924819
19657,2924882,13,2924895
19658,2924947,108,2925055
19659,2925086,12,2925098
19660,2925239,8,2925247
19661,2925319,89,2925408
19662,2925496,24,2925520
19663,2925541,22,2925563
19664,2925607,57,2925664
19665,2925764,107,2925871
19666,2925950,16,2925966
19667,2926056,18,2926074
19668,2926077,18,2926095
19669,2926136,110,2926246
19670,2926268,54,2926322
19671,2926338,11,2926349
19672,2926458,32,2926490
19673,2926523,7,2926530
19674,2926547,22,2926569
19675,2926621,57,2926678
19676,2926821,86,2926907
19677,2927076,28,2927104
19678,2927115,11,2927126
19679,2927254,179,2927433
19680,2927745,14,2927759
19681,2927829,33,2927862
19682,2927910,49,2927959
19683,2928107,47,2928154
19684,2928260,118,2928378
19685,2928430,75,2928505
19686,2928548,49,2928597
19687,2928672,31,2928703
19688,2928718,8,2928726
19689,2928776,66,2928842
19690,2928939,21,2928960
19691,2928962,151,2929113
19692,2929140,5,2929145
19693,2929192,80,2929272
19694,2929307,49,2929356
19695,2929637,11,2929648
19696,2929823,107,2929930
19697,2930045,9,2930054
19698,2930207,13,2930220
19699,2930255,15,2930270
19700,2930510,133,2930643
19701,2930791,19,2930810
19702,2931062,29,2931091
19703,2931564,83,2931647
19704,2931845,183,2932028
19705,2932040,20,2932060
19706,2932082,61,2932143
19707,2932189,40,2932229
19708,2932477,10,2932487
19709,2932498,70,2932568
19710,2932641,22,2932663
19711,2932947,54,2933001
19712,2933002,72,2933074
19713,2933196,9,2933205
19714,2933380,5,2933385
19715,2933391,121,2933512
19716,2933578,41,2933619
19717,2933647,23,2933670
19718,2933680,43,2933723
19719,2933730,95,2933825
19720,2933980,54,2934034
19721,2934132,109,2934241
19722,2934293,10,2934303
19723,2934718,100,2934818
19724,2934894,44,2934938
19725,2934951,6,2934957
19726,2935091,24,2935115
19727,2935381,85,2935466
19728,2935533,92,2935625
19729,2935688,58,2935746
19730,2936176,16,2936192
19731,2936226,54,2936280
19732,2936313,30,2936343
19733,2936352,53,2936405
19734,2936412,12,2936424
19735,2936487,11,2936498
19736,2936546,18,2936564
19737,2936578,137,2936715
19738,2936821,2,2936823
19739,2936997,57,2937054
19740,2937127,64,2937191
19741,2937201,42,2937243
19742,2937286,68,2937354
19743,2937373,64,2937437
19744,2937590,52,2937642
19745,2937657,94,2937751
19746,2937788,162,2937950
19747,2938073,26,2938099
19748,2938154,31,2938185
19749,2938220,85,2938305
19750,2938315,64,2938379
19751,2938433,36,2938469
19752,2938508,24,2938532
19753,2938542,114,2938656
19754,2938923,30,2938953
19755,2938987,16,2939003
19756,2939004,1,2939005
19757,2939173,63,2939236
19758,2939259,7,2939266
19759,2939317,49,2939366
19760,2939438,23,2939461
19761,2939484,5,2939489
19762,2939550,40,2939590
19763,2939743,17,2939760
19764,2939828,15,2939843
19765,2939844,169,2940013
19766,2940056,43,2940099
19767,2940141,69,2940210
19768,2940407,33,2940440
19769,2940538,8,2940546
19770,2940672,42,2940714
19771,2940919,35,2940954
19772,2940972,95,2941067
19773,2941153,85,2941238
19774,2941313,98,2941411
19775,2941582,79,2941661
19776,2941671,17,2941688
19777,2941758,35,2941793
19778,2941995,25,2942020
19779,2942033,233,2942266
19780,2942533,49,2942582
19781,2942726,43,2942769
19782,2942777,24,2942801
19783,2942840,3,2942843
19784,2942887,128,2943015
19785,2943041,9,2943050
19786,2943058,58,2943116
19787,2943246,5,2943251
19788,2943270,24,2943294
19789,2943398,21,2943419
19790,2943447,17,2943464
19791,2943564,16,2943580
19792,2943583,3,2943586
19793,2943611,4,2943615
19794,2943740,88,2943828
19795,2943917,52,2943969
19796,2944059,27,2944086
19797,2944183,54,2944237
19798,2944380,47,2944427
19799,2944494,30,2944524
19800,2944762,11,2944773
19801,2944832,24,2944856
19802,2945028,130,2945158
19803,2945310,74,2945384
19804,2945604,44,2945648
19805,2945733,26,2945759
19806,2945818,21,2945839
19807,2945962,94,2946056
19808,2946328,4,2946332
19809,2946466,47,2946513
19810,2946548,56,2946604
19811,2946612,14,2946626
19812,2946727,30,2946757
19813,2946986,63,2947049
19814,2947174,14,2947188
19815,2947507,32,2947539
19816,2947613,55,2947668
19817,2947685,152,2947837
19818,2947839,167,2948006
19819,2948221,37,2948258
19820,2948336,60,2948396
19821,2948397,77,2948474
19822,2948586,13,2948599
19823,2948631,37,2948668
19824,2948906,17,2948923
19825,2948983,11,2948994
19826,2948995,43,2949038
19827,2949069,117,2949186
19828,2949195,41,2949236
19829,2949264,9,2949273
19830,2949298,7,2949305
19831,2949356,14,2949370
19832,2949489,149,2949638
19833,2949787,11,2949798
19834,2949799,91,2949890
19835,2949897,114,2950011
19836,2950679,191,2950870
19837,2950903,108,2951011
19838,2951120,45,2951165
19839,2951328,14,2951342
19840,2951397,16,2951413
19841,2951502,92,2951594
19842,2951609,119,2951728
19843,2951747,49,2951796
19844,2951801,31,2951832
19845,2951841,9,2951850
19846,2952157,4,2952161
19847,2952194,40,2952234
19848,2952235,5,2952240
19849,2952398,61,2952459
19850,2952568,5,2952573
19851,2952707,54,2952761
19852,2952811,19,2952830
19853,2953111,10,2953121
19854,2953139,17,2953156
19855,2953341,23,2953364
19856,2953392,93,2953485
19857,2953546,26,2953572
19858,2953697,70,2953767
19859,2953805,118,2953923
19860,2953968,70,2954038
19861,2954249,17,2954266
19862,2954292,80,2954372
19863,2954444,19,2954463
19864,2954518,30,2954548
19865,2954648,1,2954649
19866,2954651,5,2954656
19867,2954918,102,2955020
19868,2955099,21,2955120
19869,2955178,45,2955223
19870,2955436,32,2955468
19871,2955579,22,2955601
19872,2955705,122,2955827
19873,2955843,20,2955863
19874,2956005,44,2956049
19875,2956060,23,2956083
19876,2956086,115,2956201
19877,2956209,114,2956323
19878,2956373,80,2956453
19879,2956517,2,2956519
19880,2956559,28,2956587
19881,2956906,20,2956926
19882,2956960,44,2957004
19883,2957114,110,2957224
19884,2957360,28,2957388
19885,2957494,29,2957523
19886,2957691,82,2957773
19887,2957791,87,2957878
19888,2957886,15,2957901
19889,2957972,15,2957987
19890,2958198,43,2958241
19891,2958257,44,2958301
19892,2958416,22,2958438
19893,2958448,74,2958522
19894,2958545,30,2958575
19895,2958584,67,2958651
19896,2958706,31,2958737
19897,2958825,3,2958828
19898,2958851,47,2958898
19899,2958915,34,2958949
19900,2958986,33,2959019
19901,2959081,159,2959240
19902,2959391,37,2959428
19903,2959636,136,2959772
19904,2959778,8,2959786
19905,2959841,25,2959866
19906,2959889,98,2959987
19907,2960001,55,2960056
19908,2960216,44,2960260
19909,2960314,9,2960323
19910,2960542,6,2960548
19911,2960580,6,2960586
19912,2960629,25,2960654
19913,2960686,20,2960706
19914,2960979,243,2961222
19915,2961301,45,2961346
19916,2961421,119,2961540
19917,2961577,118,2961695
19918,2961704,16,2961720
19919,2961769,34,2961803
19920,2961945,62,2962007
19921,2962115,12,2962127
19922,2962209,4,2962213
19923,2962310,19,2962329
19924,2962373,32,2962405
19925,2962459,40,2962499
19926,2962501,175,2962676
19927,2962759,64,2962823
19928,2962825,54,2962879
19929,2963011,21,2963032
19930,2963168,24,2963192
19931,2963275,10,2963285
19932,2963384,45,2963429
19933,2963533,11,2963544
19934,2963551,6,2963557
19935,2963632,29,2963661
19936,2963895,86,2963981
19937,2964029,70,2964099
19938,2964151,59,2964210
19939,2964413,17,2964430
19940,2964564,33,2964597
19941,2964636,8,2964644
19942,2964787,34,2964821
19943,2964864,114,2964978
19944,2965187,7,2965194
19945,2965344,62,2965406
19946,2965597,150,2965747
19947,2965941,15,2965956
19948,2966010,249,2966259
19949,2966371,9,2966380
19950,2966404,3,2966407
19951,2966460,23,2966483
19952,2966515,19,2966534
19953,2966676,34,2966710
19954,2966780,58,2966838
19955,2966950,71,2967021
19956,2967058,4,2967062
19957,2967172,22,2967194
19958,2967216,46,2967262
19959,2967391,47,2967438
19960,2967505,161,2967666
19961,2967709,74,2967783
19962,2967860,48,2967908
19963,2967985,16,2968001
19964,2968159,8,2968167
19965,2968234,160,2968394
19966,2968400,25,2968425
19967,2968529,35,2968564
19968,2968808,11,2968819
19969,2968836,25,2968861
19970,2968909,108,2969017
19971,2969036,17,2969053
19972,2969163,94,2969257
19973,2969275,17,2969292
19974,2969394,4,2969398
19975,2969597,165,2969762
19976,2969866,59,2969925
19977,2970013,78,2970091
19978,2970220,64,2970284
19979,2970363,39,2970402
19980,2970428,28,2970456
19981,2970629,136,2970765
19982,2971036,44,2971080
19983,2971149,28,2971177
19984,2971198,32,2971230
19985,2971410,56,2971466
19986,2971527,10,2971537
19987,2971610,167,2971777
19988,2971840,43,2971883
19989,2972100,118,2972218
19990,2972300,35,2972335
19991,2972381,18,2972399
19992,2972409,73,2972482
19993,2972548,18,2972566
19994,2972703,9,2972712
19995,2972765,84,2972849
19996,2972929,210,2973139
19997,2973160,6,2973166
19998,2973210,15,2973225
19999,2973267,21,2973288
20000,2973363,71,2973434
20001,2973559,119,2973678
20002,2973706,11,2973717
20003,2973912,119,2974031
20004,2974243,42,2974285
20005,2974614,45,2974659
20006,2974844,19,2974863
20007,2974942,3,2974945
20008,2975172,88,2975260
20009,2975586,19,2975605
20010,2975911,2,2975913
20011,2975921,103,2976024
20012,2976058,4,2976062
20013,2976231,20,2976251
20014,2976315,13,2976328
20015,2976354,24,2976378
20016,2976412,3,2976415
20017,2976439,55,2976494
20018,2976613,7,2976620
20019,2976753,5,2976758
20020,2976895,57,2976952
20021,2977039,18,2977057
20022,2977074,31,2977105
20023,2977132,77,2977209
20024,2977258,100,2977358
20025,2977418,35,2977453
20026,2977474,17,2977491
20027,2977501,83,2977584
20028,2977624,1,2977625
20029,2977799,22,2977821
20030,2978214,51,2978265
20031,2978359,205,2978564
20032,2978671,25,2978696
20033,2978726,10,2978736
20034,2978793,47,2978840
20035,2978880,42,2978922
20036,2978973,16,2978989
20037,2979111,31,2979142
20038,2979175,48,2979223
20039,2979256,37,2979293
20040,2979543,9,2979552
20041,2979618,123,2979741
20042,2979954,33,2979987
20043,2980193,28,2980221
20044,2980372,85,2980457
20045,2980488,86,2980574
20046,2980657,6,2980663
20047,2980832,24,2980856
20048,2980995,20,2981015
20049,2981053,67,2981120
20050,2981196,74,2981270
20051,2981458,17,2981475
20052,2981547,96,2981643
20053,2981650,93,2981743
20054,2981943,12,2981955
20055,2982009,67,2982076
20056,2982126,43,2982169
20057,2982201,23,2982224
20058,2982317,12,2982329
20059,2982420,49,2982469
20060,2982490,50,2982540
20061,2982552,71,2982623
20062,2982900,22,2982922
20063,2982935,2,2982937
20064,2982948,2,2982950
20065,2983170,36,2983206
20066,2983209,40,2983249
20067,2983449,83,2983532
20068,2983659,48,2983707
20069,2983898,86,2983984
20070,2984161,18,2984179
20071,2984210,15,2984225
20072,2984257,45,2984302
20073,2984304,107,2984411
20074,2984628,37,2984665
20075,2984714,9,2984723
20076,2984751,15,2984766
20077,2984894,13,2984907
20078,2985045,35,2985080
20079,2985225,23,2985248
20080,2985265,27,2985292
20081,2985413,10,2985423
20082,2985428,16,2985444
20083,2985625,18,2985643
20084,2985684,7,2985691
20085,2985843,5,2985848
20086,2986011,56,2986067
20087,2986104,19,2986123
20088,2986322,74,2986396
20089,2986410,16,2986426
20090,2986557,12,2986569
20091,2986676,10,2986686
20092,2986766,7,2986773
20093,2987071,99,2987170
20094,2987563,8,2987571
20095,2987721,79,2987800
20096,2987841,110,2987951
20097,2988014,20,2988034
20098,2988044,65,2988109
20099,2988167,13,2988180
20100,2988210,24,2988234
20101,2988251,155,2988406
20102,2988760,60,2988820
20103,2988949,5,2988954
20104,2989048,113,2989161
20105,2989233,30,2989263
20106,2989273,7,2989280
20107,2989324,50,2989374
20108,2989423,28,2989451
20109,2989464,8,2989472
20110,2989525,33,2989558
20111,2989568,29,2989597
20112,2989601,7,2989608
20113,2989738,5,2989743
20114,2989776,32,2989808
20115,2989845,151,2989996
20116,2989998,25,2990023
20117,2990062,63,2990125
20118,2990305,3,2990308
20119,2990329,16,2990345
20120,2990363,59,2990422
20121,2990449,73,2990522
20122,2990534,48,2990582
20123,2990742,194,2990936
20124,2991018,88,2991106
20125,2991113,47,2991160
20126,2991322,84,2991406
20127,2991470,94,2991564
20128,2991566,10,2991576
20129,2991582,13,2991595
20130,2991762,40,2991802
20131,2991819,17,2991836
20132,2991865,6,2991871
20133,2992015,33,2992048
20134,2992091,83,2992174
20135,2992272,49,2992321
20136,2992361,86,2992447
20137,2992471,41,2992512
20138,2992568,61,2992629
20139,2992883,58,2992941
20140,2992970,33,2993003
20141,2993034,135,2993169
20142,2993294,20,2993314
20143,2993464,5,2993469
20144,2993499,59,2993558
20145,2993748,48,2993796
20146,2993879,7,2993886
20147,2993945,29,2993974
20148,2993996,77,2994073
20149,2994159,29,2994188
20150,2994191,173,2994364
20151,2994448,48,2994496
20152,2994566,13,2994579
20153,2994632,52,2994684
20154,2994859,26,2994885
20155,2994935,48,2994983
20156,2995046,47,2995093
20157,2995239,20,2995259
20158,2995307,4,2995311
20159,2995334,58,2995392
20160,2995494,45,2995539
20161,2995546,58,2995604
20162,2995662,24,2995686
20163,2995804,18,2995822
20164,2995893,110,2996003
20165,2996004,52,2996056
20166,2996098,322,2996420
20167,2996430,102,2996532
20168,2996733,20,2996753
20169,2996931,64,2996995
20170,2997093,197,2997290
20171,2997318,28,2997346
20172,2997432,1,2997433
20173,2997472,177,2997649
20174,2997655,24,2997679
20175,2997732,7,2997739
20176,2997755,26,2997781
20177,2997798,83,2997881
20178,2997993,15,2998008
20179,2998079,95,2998174
20180,2998267,49,2998316
20181,2998391,16,2998407
20182,2998544,3,2998547
20183,2999158,47,2999205
20184,2999215,231,2999446
20185,2999587,182,2999769
20186,2999774,39,2999813
20187,2999883,242,3000125
20188,3000342,29,3000371
20189,3000404,36,3000440
20190,3000518,88,3000606
20191,3000659,107,3000766
20192,3001221,38,3001259
20193,3001346,51,3001397
20194,3001533,1,3001534
20195,3001610,60,3001670
20196,3001685,125,3001810
20197,3001891,37,3001928
20198,3001986,23,3002009
20199,3002025,46,3002071
20200,3002140,3,3002143
20201,3002219,155,3002374
20202,3002469,100,3002569
20203,3002757,44,3002801
20204,3002803,16,3002819
20205,3002823,34,3002857
20206,3002933,10,3002943
20207,3002944,73,3003017
20208,3003057,61,3003118
20209,3003166,87,3003253
20210,3003369,49,3003418
20211,3003668,68,3003736
20212,3003807,25,3003832
20213,3003935,5,3003940
20214,3004027,20,3004047
20215,3004051,16,3004067
20216,3004077,32,3004109
20217,3004549,18,3004567
20218,3004795,42,3004837
20219,3004863,18,3004881
20220,3004931,42,3004973
20221,3005089,32,3005121
20222,3005124,10,3005134
20223,3005175,35,3005210
20224,3005345,5,3005350
20225,3005436,146,3005582
20226,3005610,32,3005642
20227,3005714,7,3005721
20228,3005872,5,3005877
20229,3006003,36,3006039
20230,3006421,60,3006481
20231,3006524,28,3006552
20232,3006621,35,3006656
20233,3006749,130,3006879
20234,3007058,80,3007138
20235,3007159,16,3007175
20236,3007276,36,3007312
20237,3007335,54,3007389
20238,3007404,4,3007408
20239,3007481,26,3007507
20240,3007574,3,3007577
20241,3007652,76,3007728
20242,3007883,7,3007890
20243,3008128,28,3008156
20244,3008224,6,3008230
20245,3008336,44,3008380
20246,3008383,63,3008446
20247,3008452,2,3008454
20248,3008476,2,3008478
20249,3008519,16,3008535
20250,3008616,19,3008635
20251,3008666,7,3008673
20252,3008688,117,3008805
20253,3008866,19,3008885
20254,3009095,4,3009099
20255,3009275,158,3009433
20256,3009503,42,3009545
20257,3009622,49,3009671
20258,3009866,17,3009883
20259,3009934,24,3009958
20260,3009960,22,3009982
20261,3010146,6,3010152
20262,3010170,21,3010191
20263,3010300,97,3010397
20264,3010472,37,3010509
20265,3010523,14,3010537
20266,3010633,126,3010759
20267,3010781,42,3010823
20268,3010848,44,3010892
20269,3010966,14,3010980
20270,3011054,89,3011143
20271,3011214,7,3011221
20272,3011388,15,3011403
20273,3011610,111,3011721
20274,3011769,57,3011826
20275,3011906,243,3012149
20276,3012188,29,3012217
20277,3012388,39,3012427
20278,3012443,46,3012489
20279,3012507,3,3012510
20280,3012988,29,3013017
20281,3013098,13,3013111
20282,3013150,11,3013161
20283,3013333,127,3013460
20284,3013739,32,3013771
20285,3013809,146,3013955
20286,3013995,16,3014011
20287,3014082,65,3014147
20288,3014209,23,3014232
20289,3014285,19,3014304
20290,3014433,66,3014499
20291,3014754,18,3014772
20292,3014773,64,3014837
20293,3014871,9,3014880
20294,3014913,55,3014968
20295,3015239,13,3015252
20296,3015281,4,3015285
20297,3015350,33,3015383
20298,3015467,16,3015483
20299,3015485,8,3015493
20300,3015622,37,3015659
20301,3015666,72,3015738
20302,3015753,33,3015786
20303,3015790,22,3015812
20304,3015846,6,3015852
20305,3015861,32,3015893
20306,3015980,89,3016069
20307,3016141,42,3016183
20308,3016246,4,3016250
20309,3016342,69,3016411
20310,3016441,20,3016461
20311,3016976,72,3017048
20312,3017077,25,3017102
20313,3017123,294,3017417
20314,3017467,1,3017468
20315,3017553,9,3017562
20316,3017642,66,3017708
20317,3017813,20,3017833
20318,3018032,147,3018179
20319,3018275,2,3018277
20320,3018401,1,3018402
20321,3018404,239,3018643
20322,3018672,110,3018782
20323,3018853,102,3018955
20324,3018991,5,3018996
20325,3019031,20,3019051
20326,3019113,47,3019160
20327,3019273,1,3019274
20328,3019497,101,3019598
20329,3019635,12,3019647
20330,3019664,59,3019723
20331,3019958,69,3020027
20332,3020042,163,3020205
20333,3020254,22,3020276
20334,3020363,98,3020461
20335,3020529,45,3020574
20336,3020607,94,3020701
20337,3020752,25,3020777
20338,3020917,8,3020925
20339,3020938,64,3021002
20340,3021127,18,3021145
20341,3021147,19,3021166
20342,3021212,71,3021283
20343,3021297,51,3021348
20344,3021657,14,3021671
20345,3021680,28,3021708
20346,3021820,71,3021891
20347,3022090,86,3022176
20348,3022281,37,3022318
20349,3022338,60,3022398
20350,3022468,95,3022563
20351,3022885,14,3022899
20352,3022947,57,3023004
20353,3023110,34,3023144
20354,3023193,35,3023228
20355,3023246,10,3023256
20356,3023458,42,3023500
20357,3023559,85,3023644
20358,3023727,61,3023788
20359,3023879,18,3023897
20360,3023995,95,3024090
20361,3024102,29,3024131
20362,3024289,19,3024308
20363,3024429,18,3024447
20364,3024451,10,3024461
20365,3024743,73,3024816
20366,3024904,108,3025012
20367,3025019,28,3025047
20368,3025371,73,3025444
20369,3025562,48,3025610
20370,3025650,31,3025681
20371,3025703,111,3025814
20372,3025908,34,3025942
20373,3026013,2,3026015
20374,3026105,47,3026152
20375,3026276,38,3026314
20376,3026340,30,3026370
20377,3026580,17,3026597
20378,3026929,108,3027037
20379,3027342,31,3027373
20380,3027467,117,3027584
20381,3027611,123,3027734
20382,3027810,6,3027816
20383,3027881,83,3027964
20384,3027981,19,3028000
20385,3028146,35,3028181
20386,3028248,14,3028262
20387,3028269,16,3028285
20388,3028428,16,3028444
20389,3028750,23,3028773
20390,3028861,9,3028870
20391,3029026,79,3029105
20392,3029126,155,3029281
20393,3029417,11,3029428
20394,3029459,25,3029484
20395,3029663,18,3029681
20396,3029698,31,3029729
20397,3029847,6,3029853
20398,3029984,26,3030010
20399,3030134,71,3030205
20400,3030217,137,3030354
20401,3030436,27,3030463
20402,3030977,55,3031032
20403,3031033,32,3031065
20404,3031090,93,3031183
20405,3031247,7,3031254
20406,3031302,13,3031315
20407,3031317,38,3031355
20408,3031413,27,3031440
20409,3031482,46,3031528
20410,3031537,118,3031655
20411,3031681,99,3031780
20412,3031786,83,3031869
20413,3032040,50,3032090
20414,3032135,118,3032253
20415,3032263,88,3032351
20416,3032493,38,3032531
20417,3032761,11,3032772
20418,3032797,12,3032809
20419,3032814,62,3032876
20420,3032975,57,3033032
20421,3033103,43,3033146
20422,3033176,67,3033243
20423,3033270,24,3033294
20424,3033377,2,3033379
20425,3033421,3,3033424
20426,3033506,46,3033552
20427,3033556,180,3033736
20428,3033738,48,3033786
20429,3034057,7,3034064
20430,3034393,88,3034481
20431,3034560,102,3034662
20432,3034863,67,3034930
20433,3034951,149,3035100
20434,3035149,73,3035222
20435,3035286,24,3035310
20436,3035408,109,3035517
20437,3035592,57,3035649
20438,3035857,31,3035888
20439,3035917,11,3035928
20440,3036039,46,3036085
20441,3036132,143,3036275
20442,3036458,106,3036564
20443,3036604,2,3036606
20444,3036863,45,3036908
20445,3037245,146,3037391
20446,3037515,43,3037558
20447,3037572,10,3037582
20448,3037630,5,3037635
20449,3037742,12,3037754
20450,3037765,13,3037778
20451,3037932,59,3037991
20452,3038360,2,3038362
20453,3038383,1,3038384
20454,3038622,18,3038640
20455,3038695,38,3038733
20456,3038779,93,3038872
20457,3038995,9,3039004
20458,3039068,5,3039073
20459,3039080,64,3039144
20460,3039178,144,3039322
20461,3039382,6,3039388
20462,3039408,67,3039475
20463,3039834,16,3039850
20464,3039863,24,3039887
20465,3039944,15,3039959
20466,3040097,149,3040246
20467,3040276,21,3040297
20468,3040324,31,3040355
20469,3040485,29,3040514
20470,3040568,22,3040590
20471,3040750,47,3040797
20472,3040874,63,3040937
20473,3040985,37,3041022
20474,3041122,19,3041141
20475,3041177,36,3041213
20476,3041255,22,3041277
20477,3041443,20,3041463
20478,3041552,38,3041590
20479,3041612,14,3041626
20480,3041722,11,3041733
20481,3041843,126,3041969
20482,3041984,2,3041986
20483,3042135,13,3042148
20484,3042236,3,3042239
20485,3042320,17,3042337
20486,3042369,15,3042384
20487,3042428,175,3042603
20488,3042615,110,3042725
20489,3042907,64,3042971
20490,3043100,39,3043139
20491,3043211,35,3043246
20492,3043279,45,3043324
20493,3043431,55,3043486
20494,3043586,18,3043604
20495,3043771,26,3043797
20496,3044108,23,3044131
20497,3044333,107,3044440
20498,3044457,162,3044619
20499,3044628,76,3044704
20500,3044724,2,3044726
20501,3044737,23,3044760
20502,3044892,137,3045029
20503,3045064,25,3045089
20504,3045114,29,3045143
20505,3045228,9,3045237
20506,3045311,65,3045376
20507,3045409,9,3045418
20508,3045429,50,3045479
20509,3045508,39,3045547
20510,3045590,63,3045653
20511,3045829,59,3045888
20512,3045935,54,3045989
20513,3046001,86,3046087
20514,3046135,49,3046184
20515,3046257,68,3046325
20516,3046411,130,3046541
20517,3046637,124,3046761
20518,3046848,2,3046850
20519,3046919,17,3046936
20520,3046940,118,3047058
20521,3047153,69,3047222
20522,3047295,65,3047360
20523,3047414,59,3047473
20524,3047484,48,3047532
20525,3047540,28,3047568
20526,3047694,32,3047726
20527,3047731,31,3047762
20528,3047792,63,3047855
20529,3047881,165,3048046
20530,3048053,28,3048081
20531,3048206,34,3048240
20532,3048302,23,3048325
20533,3048365,46,3048411
20534,3048494,137,3048631
20535,3048721,30,3048751
20536,3048830,124,3048954
20537,3048988,17,3049005
20538,3049185,56,3049241
20539,3049920,94,3050014
20540,3050173,24,3050197
20541,3050205,10,3050215
20542,3050258,52,3050310
20543,3050398,56,3050454
20544,3050989,30,3051019
20545,3051096,103,3051199
20546,3051231,84,3051315
20547,3051441,15,3051456
20548,3051473,1,3051474
20549,3051582,74,3051656
20550,3051726,64,3051790
20551,3051829,5,3051834
20552,3051892,61,3051953
20553,3051954,51,3052005
20554,3052156,208,3052364
20555,3052394,31,3052425
20556,3052429,18,3052447
20557,3052457,86,3052543
20558,3052549,17,3052566
20559,3052570,3,3052573
20560,3052580,74,3052654
20561,3052834,164,3052998
20562,3053053,18,3053071
20563,3053159,27,3053186
20564,3053204,9,3053213
20565,3053287,91,3053378
20566,3053443,40,3053483
20567,3053551,7,3053558
20568,3053706,45,3053751
20569,3053896,260,3054156
20570,3054365,10,3054375
20571,3054388,30,3054418
20572,3054424,95,3054519
20573,3054524,32,3054556
20574,3054581,43,3054624
20575,3054663,10,3054673
20576,3054724,92,3054816
20577,3054839,34,3054873
20578,3054891,30,3054921
20579,3054966,12,3054978
20580,3054983,35,3055018
20581,3055255,2,3055257
20582,3055267,69,3055336
20583,3055765,64,3055829
20584,3055900,1,3055901
20585,3055946,160,3056106
20586,3056323,17,3056340
20587,3056374,77,3056451
20588,3056516,18,3056534
20589,3056721,9,3056730
20590,3056921,42,3056963
20591,3057041,59,3057100
20592,3057165,4,3057169
20593,3057295,42,3057337
20594,3057338,9,3057347
20595,3057377,11,3057388
20596,3057407,8,3057415
20597,3057441,60,3057501
20598,3057590,109,3057699
20599,3057737,53,3057790
20600,3057947,25,3057972
20601,3058085,11,3058096
20602,3058122,7,3058129
20603,3058157,94,3058251
20604,3058362,1,3058363
20605,3058412,85,3058497
20606,3058578,145,3058723
20607,3058744,20,3058764
20608,3058839,29,3058868
20609,3058986,28,3059014
20610,3059024,22,3059046
20611,3059136,74,3059210
20612,3059218,156,3059374
20613,3059450,95,3059545
20614,3059600,10,3059610
20615,3059642,81,3059723
20616,3059785,11,3059796
20617,3059828,42,3059870
20618,3059956,32,3059988
20619,3060766,34,3060800
20620,3060839,17,3060856
20621,3060962,55,3061017
20622,3061037,2,3061039
20623,3061248,190,3061438
20624,3061510,138,3061648
20625,3061665,58,3061723
20626,3061903,37,3061940
20627,3061973,2,3061975
20628,3061993,71,3062064
20629,3062089,11,3062100
20630,3062148,56,3062204
20631,3062752,14,3062766
20632,3062841,59,3062900
20633,3062919,143,3063062
20634,3063554,73,3063627
20635,3063685,7,3063692
20636,3063715,26,3063741
20637,3063925,60,3063985
20638,3064046,3,3064049
20639,3064119,9,3064128
20640,3064149,94,3064243
20641,3064355,7,3064362
20642,3064509,19,3064528
20643,3064667,70,3064737
20644,3064845,50,3064895
20645,3064973,50,3065023
20646,3065039,83,3065122
20647,3065129,56,3065185
20648,3065275,140,3065415
20649,3065564,87,3065651
20650,3065799,18,3065817
20651,3065885,19,3065904
20652,3066080,28,3066108
20653,3066274,69,3066343
20654,3066498,66,3066564
20655,3066596,21,3066617
20656,3066651,11,3066662
20657,3066665,1,3066666
20658,3066744,34,3066778
20659,3066796,160,3066956
20660,3066957,41,3066998
20661,3067051,25,3067076
20662,3067100,29,3067129
20663,3067278,13,3067291
20664,3067366,72,3067438
20665,3067551,5,3067556
20666,3067949,11,3067960
20667,3068119,29,3068148
20668,3068161,16,3068177
20669,3068483,53,3068536
20670,3068617,40,3068657
20671,3068732,190,3068922
20672,3068972,88,3069060
20673,3069071,140,3069211
20674,3069225,40,3069265
20675,3069273,4,3069277
20676,3069325,30,3069355
20677,3069499,96,3069595
20678,3069964,18,3069982
20679,3069994,14,3070008
20680,3070020,146,3070166
20681,3070304,1,3070305
20682,3070390,56,3070446
20683,3070504,42,3070546
20684,3070612,50,3070662
20685,3070686,32,3070718
20686,3070781,9,3070790
20687,3070795,33,3070828
20688,3070846,18,3070864
20689,3070960,11,3070971
20690,3071067,139,3071206
20691,3071450,126,3071576
20692,3071606,17,3071623
20693,3071716,39,3071755
20694,3071793,76,3071869
20695,3071925,19,3071944
20696,3072299,11,3072310
20697,3072372,140,3072512
20698,3072663,13,3072676
20699,3072692,6,3072698
20700,3072900,27,3072927
20701,3072984,87,3073071
20702,3073129,134,3073263
20703,3073271,126,3073397
20704,3073413,130,3073543
20705,3073885,20,3073905
20706,3073921,4,3073925
20707,3073949,44,3073993
20708,3074039,25,3074064
20709,3074306,18,3074324
20710,3074512,35,3074547
20711,3074629,6,3074635
20712,3074662,178,3074840
20713,3074848,82,3074930
20714,3075543,8,3075551
20715,3075652,58,3075710
20716,3075876,40,3075916
20717,3076116,9,3076125
20718,3076154,140,3076294
20719,3076349,209,3076558
20720,3076701,187,3076888
20721,3077019,18,3077037
20722,3077137,19,3077156
20723,3077170,265,3077435
20724,3077494,45,3077539
20725,3077655,11,3077666
20726,3077762,92,3077854
20727,3077864,17,3077881
20728,3077896,30,3077926
20729,3078122,79,3078201
20730,3078224,42,3078266
20731,3078292,27,3078319
20732,3078404,14,3078418
20733,3078486,94,3078580
20734,3078594,12,3078606
20735,3078666,26,3078692
20736,3078824,72,3078896
20737,3078913,3,3078916
20738,3079185,53,3079238
20739,3079252,28,3079280
20740,3079501,57,3079558
20741,3079575,37,3079612
20742,3079752,22,3079774
20743,3079777,24,3079801
20744,3079837,18,3079855
20745,3080132,65,3080197
20746,3080201,35,3080236
20747,3080505,164,3080669
20748,3080798,82,3080880
20749,3081280,82,3081362
20750,3081424,259,3081683
20751,3081704,24,3081728
20752,3081842,14,3081856
20753,3081862,9,3081871
20754,3082082,7,3082089
20755,3082092,204,3082296
20756,3082350,33,3082383
20757,3082391,16,3082407
20758,3082456,87,3082543
20759,3082686,68,3082754
20760,3082821,23,3082844
20761,3083085,96,3083181
20762,3083195,13,3083208
20763,3083217,4,3083221
20764,3083390,48,3083438
20765,3083593,26,3083619
20766,3083675,53,3083728
20767,3083803,18,3083821
20768,3084067,4,3084071
20769,3084144,50,3084194
20770,3084256,14,3084270
20771,3084392,26,3084418
20772,3084579,39,3084618
20773,3084744,19,3084763
20774,3084816,177,3084993
20775,3085075,7,3085082
20776,3085095,74,3085169
20777,3085193,145,3085338
20778,3085369,4,3085373
20779,3085479,13,3085492
20780,3085556,49,3085605
20781,3086013,34,3086047
20782,3086127,33,3086160
20783,3086286,3,3086289
20784,3086530,16,3086546
20785,3086635,7,3086642
20786,3086644,4,3086648
20787,3086726,17,3086743
20788,3086833,2,3086835
20789,3086847,85,3086932
20790,3087017,27,3087044
20791,3087146,13,3087159
20792,3087319,1,3087320
20793,3087353,191,3087544
20794,3087748,67,3087815
20795,3087845,64,3087909
20796,3087920,76,3087996
20797,3088139,49,3088188
20798,3088207,69,3088276
20799,3088300,72,3088372
20800,3088381,25,3088406
20801,3088582,23,3088605
20802,3088746,38,3088784
20803,3088791,86,3088877
20804,3088917,27,3088944
20805,3089244,81,3089325
20806,3089433,42,3089475
20807,3089527,21,3089548
20808,3089687,192,3089879
20809,3090056,22,3090078
20810,3090093,22,3090115
20811,3090172,5,3090177
20812,3090280,66,3090346
20813,3090423,54,3090477
20814,3090788,1,3090789
20815,3090850,57,3090907
20816,3091168,29,3091197
20817,3091289,57,3091346
20818,3091651,18,3091669
20819,3091744,7,3091751
20820,3091954,68,3092022
20821,3092202,108,3092310
20822,3092423,135,3092558
20823,3092585,5,3092590
20824,3092725,105,3092830
20825,3092872,43,3092915
20826,3092995,9,3093004
20827,3093069,85,3093154
20828,3093195,24,3093219
20829,3093261,17,3093278
20830,3093411,4,3093415
20831,3093643,6,3093649
20832,3093653,8,3093661
20833,3093797,71,3093868
20834,3093889,119,3094008
20835,3094127,84,3094211
20836,3094453,3,3094456
20837,3094568,224,3094792
20838,3095234,9,3095243
20839,3095257,116,3095373
20840,3095380,111,3095491
20841,3095844,3,3095847
20842,3096037,5,3096042
20843,3096232,26,3096258
20844,3096317,61,3096378
20845,3096386,14,3096400
20846,3096466,162,3096628
20847,3096632,23,3096655
20848,3096844,107,3096951
20849,3097042,94,3097136
20850,3097152,35,3097187
20851,3097296,15,3097311
20852,3097441,14,3097455
20853,3097593,49,3097642
20854,3097769,1,3097770
20855,3097829,28,3097857
20856,3098110,25,3098135
20857,3098145,100,3098245
20858,3098290,55,3098345
20859,3098501,6,3098507
20860,3098716,38,3098754
20861,3098757,54,3098811
20862,3098868,35,3098903
20863,3098909,37,3098946
20864,3098959,12,3098971
20865,3098974,197,3099171
20866,3099329,32,3099361
20867,3099444,10,3099454
20868,3099470,86,3099556
20869,3099665,1,3099666
20870,3099730,5,3099735
20871,3099840,67,3099907
20872,3099928,275,3100203
20873,3100223,50,3100273
20874,3100339,23,3100362
20875,3100413,65,3100478
20876,3100535,39,3100574
20877,3100600,68,3100668
20878,3100672,3,3100675
20879,3100767,42,3100809
20880,3100878,150,3101028
20881,3101142,61,3101203
20882,3101242,72,3101314
20883,3101384,29,3101413
20884,3101611,42,3101653
20885,3101805,23,3101828
20886,3101903,1,3101904
20887,3102085,26,3102111
20888,3102165,10,3102175
20889,3102207,44,3102251
20890,3102285,81,3102366
20891,3102496,78,3102574
20892,3102943,81,3103024
20893,3103057,26,3103083
20894,3103168,47,3103215
20895,3103490,134,3103624
20896,3103954,4,3103958
20897,3104263,46,3104309
20898,3104364,116,3104480
20899,3104769,89,3104858
20900,3104906,42,3104948
20901,3105250,77,3105327
20902,3105405,58,3105463
20903,3105522,78,3105600
20904,3105623,6,3105629
20905,3105695,130,3105825
20906,3105839,36,3105875
20907,3106174,31,3106205
20908,3106227,82,3106309
20909,3106532,13,3106545
20910,3106553,3,3106556
20911,3106570,131,3106701
20912,3106727,39,3106766
20913,3106820,104,3106924
20914,3107007,31,3107038
20915,3107157,206,3107363
20916,3107640,24,3107664
20917,3107737,28,3107765
20918,3108001,20,3108021
20919,3108232,1,3108233
20920,3108286,6,3108292
20921,3108644,134,3108778
20922,3108807,25,3108832
20923,3108844,4,3108848
20924,3108863,17,3108880
20925,3108896,35,3108931
20926,3108949,89,3109038
20927,3109073,13,3109086
20928,3109196,28,3109224
20929,3109289,20,3109309
20930,3109358,61,3109419
20931,3109514,82,3109596
20932,3109713,69,3109782
20933,3110000,18,3110018
20934,3110073,165,3110238
20935,3110324,2,3110326
20936,3110343,18,3110361
20937,3110374,3,3110377
20938,3110397,11,3110408
20939,3110425,41,3110466
20940,3110554,27,3110581
20941,3110624,21,3110645
20942,3110668,21,3110689
20943,3110790,43,3110833
20944,3110877,2,3110879
20945,3110994,8,3111002
20946,3111032,75,3111107
20947,3111141,21,3111162
20948,3111255,2,3111257
20949,3111328,20,3111348
20950,3111395,35,3111430
20951,3111460,36,3111496
20952,3111535,136,3111671
20953,3111792,104,3111896
20954,3111929,19,3111948
20955,3112188,31,3112219
20956,3112234,20,3112254
20957,3112359,1,3112360
20958,3112363,17,3112380
20959,3112414,14,3112428
20960,3112431,8,3112439
20961,3112489,2,3112491
20962,3112626,9,3112635
20963,3112648,20,3112668
20964,3112677,5,3112682
20965,3112755,12,3112767
20966,3112897,30,3112927
20967,3113131,29,3113160
20968,3113318,108,3113426
20969,3113515,36,3113551
20970,3113632,25,3113657
20971,3113698,3,3113701
20972,3113703,18,3113721
20973,3113753,14,3113767
20974,3113791,116,3113907
20975,3114221,50,3114271
20976,3114296,182,3114478
20977,3114812,13,3114825
20978,3114937,4,3114941
20979,3114992,55,3115047
20980,3115126,11,3115137
20981,3115260,10,3115270
20982,3115307,53,3115360
20983,3115430,2,3115432
20984,3115485,54,3115539
20985,3115571,21,3115592
20986,3115718,110,3115828
20987,3116001,11,3116012
20988,3116225,47,3116272
20989,3116276,29,3116305
20990,3116459,50,3116509
20991,3116617,4,3116621
20992,3116691,6,3116697
20993,3116943,24,3116967
20994,3117047,14,3117061
20995,3117185,28,3117213
20996,3117327,79,3117406
20997,3117473,20,3117493
20998,3117613,117,3117730
20999,3117794,16,3117810
21000,3117851,86,3117937
21001,3117965,60,3118025
21002,3118237,39,3118276
21003,3118281,17,3118298
21004,3118372,26,3118398
21005,3118588,11,3118599
21006,3118637,67,3118704
21007,3118753,16,3118769
21008,3118792,18,3118810
21009,3118906,18,3118924
21010,3118996,12,3119008
21011,3119052,54,3119106
21012,3119198,29,3119227
21013,3119229,99,3119328
21014,3119413,9,3119422
21015,3119499,41,3119540
21016,3119643,4,3119647
21017,3119886,46,3119932
21018,3119945,2,3119947
21019,3120036,107,3120143
21020,3120245,78,3120323
21021,3120508,16,3120524
21022,3120756,45,3120801
21023,3120858,4,3120862
21024,3120948,99,3121047
21025,3121277,121,3121398
21026,3121495,9,3121504
21027,3121657,73,3121730
21028,3121947,33,3121980
21029,3122040,5,3122045
21030,3122060,20,3122080
21031,3122199,85,3122284
21032,3122616,43,3122659
21033,3122699,71,3122770
21034,3122852,221,3123073
21035,3123113,95,3123208
21036,3123224,71,3123295
21037,3123365,4,3123369
21038,3123609,29,3123638
21039,3123701,11,3123712
21040,3123809,88,3123897
21041,3123982,59,3124041
21042,3124083,6,3124089
21043,3124132,40,3124172
21044,3124514,53,3124567
21045,3124582,10,3124592
21046,3124701,25,3124726
21047,3124750,12,3124762
21048,3124842,86,3124928
21049,3125205,10,3125215
21050,3125235,188,3125423
21051,3125533,46,3125579
21052,3125741,172,3125913
21053,3125914,35,3125949
21054,3125983,4,3125987
21055,3126184,29,3126213
21056,3126252,21,3126273
21057,3126416,83,3126499
21058,3126645,41,3126686
21059,3126798,35,3126833
21060,3126850,7,3126857
21061,3126979,67,3127046
21062,3127094,21,3127115
21063,3127364,33,3127397
21064,3127810,4,3127814
21065,3127854,42,3127896
21066,3127902,4,3127906
21067,3127920,119,3128039
21068,3128129,85,3128214
21069,3128271,73,3128344
21070,3128383,6,3128389
21071,3128407,36,3128443
21072,3128547,188,3128735
21073,3128736,161,3128897
21074,3129085,55,3129140
21075,3129142,17,3129159
21076,3129208,69,3129277
21077,3129281,149,3129430
21078,3129568,87,3129655
21079,3129782,9,3129791
21080,3129859,7,3129866
21081,3129871,32,3129903
21082,3130005,157,3130162
21083,3130674,59,3130733
21084,3130837,54,3130891
21085,3131049,8,3131057
21086,3131091,37,3131128
21087,3131162,75,3131237
21088,3131640,50,3131690
21089,3131741,4,3131745
21090,3131958,34,3131992
21091,3132237,11,3132248
21092,3132279,5,3132284
21093,3132337,3,3132340
21094,3132401,37,3132438
21095,3132642,45,3132687
21096,3132688,37,3132725
21097,3132796,40,3132836
21098,3133040,59,3133099
21099,3133199,21,3133220
21100,3133345,49,3133394
21101,3133432,4,3133436
21102,3133454,47,3133501
21103,3133515,72,3133587
21104,3133793,16,3133809
21105,3133891,119,3134010
21106,3134043,45,3134088
21107,3134446,46,3134492
21108,3134579,76,3134655
21109,3134677,10,3134687
21110,3134694,34,3134728
21111,3134841,8,3134849
21112,3134872,9,3134881
21113,3134904,4,3134908
21114,3134911,47,3134958
21115,3135083,98,3135181
21116,3135317,13,3135330
21117,3135701,59,3135760
21118,3136150,22,3136172
21119,3136410,48,3136458
21120,3136636,4,3136640
21121,3136860,11,3136871
21122,3137004,26,3137030
21123,3137609,38,3137647
21124,3137648,19,3137667
21125,3137790,10,3137800
21126,3138026,40,3138066
21127,3138129,49,3138178
21128,3138228,167,3138395
21129,3138398,3,3138401
21130,3138582,83,3138665
21131,3138760,5,3138765
21132,3138895,72,3138967
21133,3139157,10,3139167
21134,3139226,28,3139254
21135,3139350,76,3139426
21136,3139433,52,3139485
21137,3139563,3,3139566
21138,3139670,10,3139680
21139,3139821,51,3139872
21140,3139919,52,3139971
21141,3139973,44,3140017
21142,3140117,28,3140145
21143,3140189,43,3140232
21144,3140977,20,3140997
21145,3141077,95,3141172
21146,3141336,135,3141471
21147,3141492,139,3141631
21148,3141802,83,3141885
21149,3142010,30,3142040
21150,3142137,30,3142167
21151,3142177,38,3142215
21152,3142276,27,3142303
21153,3142515,8,3142523
21154,3142758,41,3142799
21155,3142852,29,3142881
21156,3142885,16,3142901
21157,3143050,183,3143233
21158,3143269,17,3143286
21159,3143293,65,3143358
21160,3143563,30,3143593
21161,3143879,2,3143881
21162,3143927,20,3143947
21163,3143954,17,3143971
21164,3144092,28,3144120
21165,3144534,45,3144579
21166,3144588,44,3144632
21167,3144719,29,3144748
21168,3144790,13,3144803
21169,3145213,9,3145222
21170,3145232,117,3145349
21171,3145410,2,3145412
21172,3145514,141,3145655
21173,3145746,42,3145788
21174,3145924,11,3145935
21175,3145965,112,3146077
21176,3146136,4,3146140
21177,3146171,44,3146215
21178,3146495,8,3146503
21179,3146576,59,3146635
21180,3146700,42,3146742
21181,3146758,8,3146766
21182,3147270,6,3147276
21183,3147388,32,3147420
21184,3147487,65,3147552
21185,3147584,76,3147660
21186,3147787,5,3147792
21187,3147811,37,3147848
21188,3147935,141,3148076
21189,3148147,37,3148184
21190,3148210,71,3148281
21191,3148368,245,3148613
21192,3148677,3,3148680
21193,3148702,14,3148716
21194,3148915,267,3149182
21195,3149283,15,3149298
21196,3149315,16,3149331
21197,3149393,27,3149420
21198,3149426,73,3149499
21199,3149595,84,3149679
21200,3149777,96,3149873
21201,3149966,17,3149983
21202,3150101,24,3150125
21203,3150203,5,3150208
21204,3150228,22,3150250
21205,3150296,78,3150374
21206,3150532,28,3150560
21207,3150636,8,3150644
21208,3150953,33,3150986
21209,3151029,29,3151058
21210,3151087,41,3151128
21211,3151374,10,3151384
21212,3151474,50,3151524
21213,3151824,69,3151893
21214,3152009,88,3152097
21215,3152103,16,3152119
21216,3152183,72,3152255
21217,3152384,17,3152401
21218,3152456,175,3152631
21219,3152795,101,3152896
21220,3152946,3,3152949
21221,3153043,68,3153111
21222,3153203,32,3153235
21223,3153342,31,3153373
21224,3153411,18,3153429
21225,3153469,60,3153529
21226,3153536,283,3153819
21227,3153871,13,3153884
21228,3153940,48,3153988
21229,3154025,11,3154036
21230,3154052,130,3154182
21231,3154417,78,3154495
21232,3154551,10,3154561
21233,3154834,155,3154989
21234,3155099,90,3155189
21235,3155213,12,3155225
21236,3155409,23,3155432
21237,3155512,16,3155528
21238,3155535,11,3155546
21239,3155558,43,3155601
21240,3155704,16,3155720
21241,3155824,66,3155890
21242,3156132,93,3156225
21243,3156286,25,3156311
21244,3156589,26,3156615
21245,3156695,27,3156722
21246,3156779,14,3156793
21247,3156802,13,3156815
21248,3156893,71,3156964
21249,3157126,1,3157127
21250,3157204,166,3157370
21251,3157408,3,3157411
21252,3157533,10,3157543
21253,3157580,105,3157685
21254,3157777,17,3157794
21255,3157888,13,3157901
21256,3158076,56,3158132
21257,3158176,41,3158217
21258,3158324,3,3158327
21259,3158406,65,3158471
21260,3158609,46,3158655
21261,3158785,1,3158786
21262,3158791,15,3158806
21263,3158835,32,3158867
21264,3158978,115,3159093
21265,3159114,129,3159243
21266,3159429,10,3159439
21267,3159595,39,3159634
21268,3159683,35,3159718
21269,3159757,53,3159810
21270,3159835,25,3159860
21271,3159890,70,3159960
21272,3159976,145,3160121
21273,3160192,26,3160218
21274,3160297,24,3160321
21275,3160554,48,3160602
21276,3160668,11,3160679
21277,3160761,34,3160795
21278,3160809,12,3160821
21279,3160886,17,3160903
21280,3160936,84,3161020
21281,3161275,63,3161338
21282,3161578,28,3161606
21283,3161798,11,3161809
21284,3161826,12,3161838
21285,3161972,13,3161985
21286,3162037,13,3162050
21287,3162379,33,3162412
21288,3162561,38,3162599
21289,3162709,26,3162735
21290,3162749,69,3162818
21291,3162962,53,3163015
21292,3163230,83,3163313
21293,3163453,33,3163486
21294,3163605,20,3163625
21295,3163878,28,3163906
21296,3163945,14,3163959
21297,3164020,2,3164022
21298,3164041,48,3164089
21299,3164142,55,3164197
21300,3164219,1,3164220
21301,3164314,62,3164376
21302,3164720,155,3164875
21303,3164888,112,3165000
21304,3165054,17,3165071
21305,3165387,4,3165391
21306,3165500,3,3165503
21307,3165542,26,3165568
21308,3165594,73,3165667
21309,3165731,45,3165776
21310,3165925,298,3166223
21311,3166543,54,3166597
21312,3166632,4,3166636
21313,3166702,30,3166732
21314,3166940,61,3167001
21315,3167006,43,3167049
21316,3167305,7,3167312
21317,3167334,152,3167486
21318,3167635,12,3167647
21319,3167655,12,3167667
21320,3167902,2,3167904
21321,3167960,1,3167961
21322,3168011,118,3168129
21323,3168304,32,3168336
21324,3168381,83,3168464
21325,3168531,8,3168539
21326,3168544,15,3168559
21327,3168601,16,3168617
21328,3168757,39,3168796
21329,3168803,43,3168846
21330,3168933,15,3168948
21331,3169001,26,3169027
21332,3169105,42,3169147
21333,3169403,18,3169421
21334,3169467,16,3169483
21335,3169706,98,3169804
21336,3169908,5,3169913
21337,3169929,16,3169945
21338,3170049,27,3170076
21339,3170286,18,3170304
21340,3170334,20,3170354
21341,3170359,148,3170507
21342,3170626,5,3170631
21343,3170642,29,3170671
21344,3170725,22,3170747
21345,3171076,11,3171087
21346,3171150,77,3171227
21347,3171367,34,3171401
21348,3171463,23,3171486
21349,3171650,87,3171737
21350,3171740,59,3171799
21351,3171805,17,3171822
21352,3172003,23,3172026
21353,3172292,30,3172322
21354,3172363,143,3172506
21355,3172523,20,3172543
21356,3172803,21,3172824
21357,3172859,27,3172886
21358,3172938,94,3173032
21359,3173301,25,3173326
21360,3173577,70,3173647
21361,3173713,161,3173874
21362,3174013,46,3174059
21363,3174168,46,3174214
21364,3174278,88,3174366
21365,3174396,49,3174445
21366,3174660,172,3174832
21367,3174923,15,3174938
21368,3174951,49,3175000
21369,3175082,117,3175199
21370,3175244,21,3175265
21371,3175422,31,3175453
21372,3175471,42,3175513
21373,3175642,13,3175655
21374,3175831,121,3175952
21375,3176135,100,3176235
21376,3176275,23,3176298
21377,3176368,58,3176426
21378,3176756,187,3176943
21379,3177073,31,3177104
21380,3177355,98,3177453
21381,3177564,70,3177634
21382,3177736,13,3177749
21383,3177821,32,3177853
21384,3178022,77,3178099
21385,3178213,27,3178240
21386,3178265,74,3178339
21387,3178386,11,3178397
21388,3178687,82,3178769
21389,3179046,121,3179167
21390,3179210,108,3179318
21391,3179339,4,3179343
21392,3179489,9,3179498
21393,3179631,11,3179642
21394,3179801,33,3179834
21395,3179851,58,3179909
21396,3180329,1,3180330
21397,3180352,2,3180354
21398,3180358,7,3180365
21399,3180484,36,3180520
21400,3180560,16,3180576
21401,3180803,11,3180814
21402,3180846,16,3180862
21403,3180935,41,3180976
21404,3181075,298,3181373
21405,3181508,33,3181541
21406,3181608,47,3181655
21407,3181821,1,3181822
21408,3181878,95,3181973
21409,3182106,24,3182130
21410,3182333,5,3182338
21411,3182345,61,3182406
21412,3182469,52,3182521
21413,3182530,77,3182607
21414,3182631,22,3182653
21415,3182721,29,3182750
21416,3182797,80,3182877
21417,3182937,13,3182950
21418,3183037,53,3183090
21419,3183190,65,3183255
21420,3183309,58,3183367
21421,3183427,66,3183493
21422,3183734,56,3183790
21423,3183876,17,3183893
21424,3183913,43,3183956
21425,3183958,130,3184088
21426,3184098,66,3184164
21427,3184357,4,3184361
21428,3184365,31,3184396
21429,3184472,4,3184476
21430,3184591,15,3184606
21431,3184622,68,3184690
21432,3184709,7,3184716
21433,3184770,7,3184777
21434,3184889,34,3184923
21435,3185049,8,3185057
21436,3185112,118,3185230
21437,3185246,24,3185270
21438,3185499,92,3185591
21439,3185625,9,3185634
21440,3185711,6,3185717
21441,3185742,35,3185777
21442,3185783,83,3185866
21443,3185989,26,3186015
21444,3186052,48,3186100
21445,3186349,40,3186389
21446,3186676,32,3186708
21447,3186728,6,3186734
21448,3186771,13,3186784
21449,3186798,55,3186853
21450,3186870,53,3186923
21451,3186942,17,3186959
21452,3186966,50,3187016
21453,3187063,94,3187157
21454,3187249,198,3187447
21455,3187535,125,3187660
21456,3187882,78,3187960
21457,3188177,2,3188179
21458,3188314,94,3188408
21459,3188560,65,3188625
21460,3188892,6,3188898
21461,3188962,28,3188990
21462,3189046,33,3189079
21463,3189235,43,3189278
21464,3189296,3,3189299
21465,3189530,24,3189554
21466,3189770,68,3189838
21467,3189968,44,3190012
21468,3190108,13,3190121
21469,3190200,9,3190209
21470,3190331,132,3190463
21471,3190531,166,3190697
21472,3190883,109,3190992
21473,3191056,7,3191063
21474,3191129,16,3191145
21475,3191151,62,3191213
21476,3191218,3,3191221
21477,3191259,11,3191270
21478,3191398,51,3191449
21479,3191470,27,3191497
21480,3191509,31,3191540
21481,3191826,48,3191874
21482,3191969,39,3192008
21483,3192028,141,3192169
21484,3192205,6,3192211
21485,3192340,38,3192378
21486,3192408,4,3192412
21487,3192601,10,3192611
21488,3192775,3,3192778
21489,3192892,99,3192991
21490,3193022,5,3193027
21491,3193040,14,3193054
21492,3193154,50,3193204
21493,3193335,70,3193405
21494,3193447,22,3193469
21495,3193500,9,3193509
21496,3193712,111,3193823
21497,3193835,25,3193860
21498,3193932,116,3194048
21499,3194114,35,3194149
21500,3194154,6,3194160
21501,3194192,3,3194195
21502,3194234,57,3194291
21503,3194478,56,3194534
21504,3194547,2,3194549
21505,3194653,25,3194678
21506,3194841,16,3194857
21507,3194948,47,3194995
21508,3195022,34,3195056
21509,3195064,9,3195073
21510,3195107,1,3195108
21511,3195137,24,3195161
21512,3195192,146,3195338
21513,3195393,134,3195527
21514,3195746,46,3195792
21515,3195859,26,3195885
21516,3196084,16,3196100
21517,3196257,30,3196287
21518,3196324,64,3196388
21519,3196412,23,3196435
21520,3196711,5,3196716
21521,3196766,12,3196778
21522,3196818,9,3196827
21523,3196841,47,3196888
21524,3197001,16,3197017
21525,3197185,10,3197195
21526,3197400,40,3197440
21527,3197503,19,3197522
21528,3197815,8,3197823
21529,3197851,87,3197938
21530,3197996,41,3198037
21531,3198096,91,3198187
21532,3198262,34,3198296
21533,3198334,36,3198370
21534,3198404,39,3198443
21535,3198524,3,3198527
21536,3198771,80,3198851
21537,3198898,92,3198990
21538,3199025,7,3199032
21539,3199148,3,3199151
21540,3199240,2,3199242
21541,3199314,12,3199326
21542,3199369,71,3199440
21543,3199538,62,3199600
21544,3199608,49,3199657
21545,3199742,21,3199763
21546,3199788,88,3199876
21547,3200240,21,3200261
21548,3200310,103,3200413
21549,3200519,38,3200557
21550,3200615,53,3200668
21551,3200681,148,3200829
21552,3201004,103,3201107
21553,3201132,103,3201235
21554,3201260,30,3201290
21555,3201306,21,3201327
21556,3201419,80,3201499
21557,3201682,9,3201691
21558,3201709,4,3201713
21559,3201914,7,3201921
21560,3201948,38,3201986
21561,3202271,35,3202306
21562,3202364,42,3202406
21563,3202503,15,3202518
21564,3202731,26,3202757
21565,3203179,12,3203191
21566,3203420,52,3203472
21567,3203540,12,3203552
21568,3203597,34,3203631
21569,3203777,75,3203852
21570,3203878,47,3203925
21571,3203983,23,3204006
21572,3204177,13,3204190
21573,3204221,9,3204230
21574,3204315,6,3204321
21575,3204345,94,3204439
21576,3204464,112,3204576
21577,3204590,132,3204722
21578,3204948,156,3205104
21579,3205211,16,3205227
21580,3205349,48,3205397
21581,3205543,19,3205562
21582,3205687,44,3205731
21583,3205788,1,3205789
21584,3205793,32,3205825
21585,3205895,81,3205976
21586,3206013,35,3206048
21587,3206247,48,3206295
21588,3206405,40,3206445
21589,3206803,51,3206854
21590,3206951,60,3207011
21591,3207063,36,3207099
21592,3207112,15,3207127
21593,3207197,88,3207285
21594,3207304,21,3207325
21595,3207333,64,3207397
21596,3207420,13,3207433
21597,3207496,71,3207567
21598,3207597,69,3207666
21599,3207726,76,3207802
21600,3208097,6,3208103
21601,3208180,116,3208296
21602,3208541,4,3208545
21603,3208797,16,3208813
21604,3208981,3,3208984
21605,3209313,54,3209367
21606,3209534,9,3209543
21607,3209650,33,3209683
21608,3209770,33,3209803
21609,3209826,17,3209843
21610,3209848,32,3209880
21611,3209957,134,3210091
21612,3210198,1,3210199
21613,3210263,7,3210270
21614,3210296,137,3210433
21615,3210474,24,3210498
21616,3210516,33,3210549
21617,3210627,79,3210706
21618,3210860,25,3210885
21619,3210900,83,3210983
21620,3211130,87,3211217
21621,3211232,52,3211284
21622,3211341,10,3211351
21623,3211525,21,3211546
21624,3211551,35,3211586
21625,3211595,60,3211655
21626,3211659,160,3211819
21627,3211952,12,3211964
21628,3212171,37,3212208
21629,3212278,1,3212279
21630,3212361,28,3212389
21631,3212506,9,3212515
21632,3212565,26,3212591
21633,3212603,43,3212646
21634,3212724,13,3212737
21635,3212744,83,3212827
21636,3213046,58,3213104
21637,3213110,36,3213146
21638,3213186,51,3213237
21639,3213331,29,3213360
21640,3213445,66,3213511
21641,3213745,100,3213845
21642,3213887,31,3213918
21643,3214029,10,3214039
21644,3214078,80,3214158
21645,3214229,12,3214241
21646,3214273,7,3214280
21647,3214313,106,3214419
21648,3214465,104,3214569
21649,3214606,91,3214697
21650,3214725,54,3214779
21651,3214842,12,3214854
21652,3214875,50,3214925
21653,3215150,197,3215347
21654,3215410,1,3215411
21655,3215412,54,3215466
21656,3215478,119,3215597
21657,3215741,43,3215784
21658,3215849,82,3215931
21659,3216046,52,3216098
21660,3216136,81,3216217
21661,3216242,129,3216371
21662,3216409,45,3216454
21663,3216457,113,3216570
21664,3216585,10,3216595
21665,3216610,71,3216681
21666,3216737,12,3216749
21667,3216808,89,3216897
21668,3216942,11,3216953
21669,3216970,5,3216975
21670,3216984,28,3217012
21671,3217082,66,3217148
21672,3217193,26,3217219
21673,3217365,16,3217381
21674,3217448,34,3217482
21675,3217555,26,3217581
21676,3217912,343,3218255
21677,3218419,102,3218521
21678,3218553,16,3218569
21679,3218676,15,3218691
21680,3218755,4,3218759
21681,3218773,13,3218786
21682,3218840,9,3218849
21683,3218878,3,3218881
21684,3218907,68,3218975
21685,3219137,99,3219236
21686,3219293,23,3219316
21687,3219337,28,3219365
21688,3219417,25,3219442
21689,3219607,12,3219619
21690,3219653,11,3219664
21691,3219759,7,3219766
21692,3219834,19,3219853
21693,3219863,76,3219939
21694,3220167,64,3220231
21695,3220250,45,3220295
21696,3220344,6,3220350
21697,3220419,16,3220435
21698,3220490,75,3220565
21699,3220624,25,3220649
21700,3220684,60,3220744
21701,3220842,68,3220910
21702,3221000,128,3221128
21703,3221191,114,3221305
21704,3221462,7,3221469
21705,3221608,71,3221679
21706,3221922,100,3222022
21707,3222248,11,3222259
21708,3222339,125,3222464
21709,3222630,93,3222723
21710,3222823,61,3222884
21711,3223154,23,3223177
21712,3223474,2,3223476
21713,3223521,24,3223545
21714,3223654,59,3223713
21715,3223776,41,3223817
21716,3223995,27,3224022
21717,3224129,75,3224204
21718,3224403,22,3224425
21719,3224440,8,3224448
21720,3224557,58,3224615
21721,3224656,207,3224863
21722,3224983,43,3225026
21723,3225167,84,3225251
21724,3225393,53,3225446
21725,3225453,16,3225469
21726,3225525,25,3225550
21727,3225595,55,3225650
21728,3225669,72,3225741
21729,3225833,66,3225899
21730,3226185,10,3226195
21731,3226215,16,3226231
21732,3226258,2,3226260
21733,3226268,54,3226322
21734,3226351,7,3226358
21735,3226382,52,3226434
21736,3226499,15,3226514
21737,3226570,44,3226614
21738,3226618,44,3226662
21739,3226669,27,3226696
21740,3226803,2,3226805
21741,3226818,124,3226942
21742,3227072,99,3227171
21743,3227227,24,3227251
21744,3227252,43,3227295
21745,3227540,72,3227612
21746,3227617,64,3227681
21747,3227705,26,3227731
21748,3227757,7,3227764
21749,3227799,6,3227805
21750,3227838,125,3227963
21751,3228292,100,3228392
21752,3228411,52,3228463
21753,3228520,9,3228529
21754,3228629,14,3228643
21755,3228651,24,3228675
21756,3228685,5,3228690
21757,3228693,2,3228695
21758,3228711,25,3228736
21759,3228753,32,3228785
21760,3228916,48,3228964
21761,3229021,28,3229049
21762,3229098,91,3229189
21763,3229463,43,3229506
21764,3229698,99,3229797
21765,3229841,40,3229881
21766,3230029,77,3230106
21767,3230384,46,3230430
21768,3230696,17,3230713
21769,3230739,41,3230780
21770,3230957,35,3230992
21771,3231080,4,3231084
21772,3231092,131,3231223
21773,3231269,19,3231288
21774,3231337,72,3231409
21775,3231485,25,3231510
21776,3231514,4,3231518
21777,3231776,9,3231785
21778,3231917,38,3231955
21779,3231980,120,3232100
21780,3232149,20,3232169
21781,3232224,93,3232317
21782,3232418,10,3232428
21783,3232460,20,3232480
21784,3232795,1,3232796
21785,3232800,106,3232906
21786,3232918,26,3232944
21787,3232949,12,3232961
21788,3233113,18,3233131
21789,3233323,51,3233374
21790,3233456,9,3233465
21791,3233777,8,3233785
21792,3233874,10,3233884
21793,3233923,9,3233932
21794,3233958,14,3233972
21795,3234277,130,3234407
21796,3234578,10,3234588
21797,3234602,149,3234751
21798,3234784,62,3234846
21799,3234872,22,3234894
21800,3234909,73,3234982
21801,3235011,10,3235021
21802,3235178,64,3235242
21803,3235350,13,3235363
21804,3235612,99,3235711
21805,3236001,54,3236055
21806,3236111,27,3236138
21807,3236201,65,3236266
21808,3236294,5,3236299
21809,3236519,41,3236560
21810,3236747,144,3236891
21811,3237123,14,3237137
21812,3237430,57,3237487
21813,3237602,40,3237642
21814,3237678,197,3237875
21815,3237929,63,3237992
21816,3238345,62,3238407
21817,3238632,2,3238634
21818,3238705,5,3238710
21819,3238753,31,3238784
21820,3238841,63,3238904
21821,3239072,1,3239073
21822,3239076,37,3239113
21823,3239141,41,3239182
21824,3239193,39,3239232
21825,3239238,54,3239292
21826,3239401,7,3239408
21827,3239448,25,3239473
21828,3239541,29,3239570
21829,3239585,8,3239593
21830,3239615,6,3239621
21831,3239666,38,3239704
21832,3239824,51,3239875
21833,3239885,11,3239896
21834,3239924,2,3239926
21835,3240010,35,3240045
21836,3240113,35,3240148
21837,3240269,38,3240307
21838,3240413,43,3240456
21839,3240608,8,3240616
21840,3240771,34,3240805
21841,3240887,27,3240914
21842,3240969,22,3240991
21843,3240998,69,3241067
21844,3241144,115,3241259
21845,3241319,18,3241337
21846,3241420,11,3241431
21847,3241452,51,3241503
21848,3241693,95,3241788
21849,3241792,9,3241801
21850,3241934,50,3241984
21851,3242076,1,3242077
21852,3242236,97,3242333
21853,3242832,30,3242862
21854,3242898,13,3242911
21855,3242920,181,3243101
21856,3243224,12,3243236
21857,3243327,43,3243370
21858,3243418,24,3243442
21859,3243564,81,3243645
21860,3243698,12,3243710
21861,3243766,30,3243796
21862,3243830,3,3243833
21863,3243858,41,3243899
21864,3244092,55,3244147
21865,3244183,131,3244314
21866,3244490,33,3244523
21867,3244649,52,3244701
21868,3244832,47,3244879
21869,3245099,1,3245100
21870,3245191,39,3245230
21871,3245236,21,3245257
21872,3245355,1,3245356
21873,3245407,67,3245474
21874,3245492,16,3245508
21875,3245535,248,3245783
21876,3245967,28,3245995
21877,3246023,58,3246081
21878,3246166,20,3246186
21879,3246244,37,3246281
21880,3246369,5,3246374
21881,3246410,74,3246484
21882,3246560,89,3246649
21883,3246877,62,3246939
21884,3246948,186,3247134
21885,3247135,75,3247210
21886,3247242,24,3247266
21887,3247312,1,3247313
21888,3247350,25,3247375
21889,3247390,29,3247419
21890,3247510,36,3247546
21891,3247573,15,3247588
21892,3247629,48,3247677
21893,3247713,90,3247803
21894,3247849,246,3248095
21895,3248187,33,3248220
21896,3248225,67,3248292
21897,3248579,47,3248626
21898,3248651,12,3248663
21899,3248747,6,3248753
21900,3248862,3,3248865
21901,3248887,79,3248966
21902,3249173,41,3249214
21903,3249270,78,3249348
21904,3249676,79,3249755
21905,3250004,40,3250044
21906,3250239,34,3250273
21907,3250349,4,3250353
21908,3250440,64,3250504
21909,3250798,121,3250919
21910,3250920,35,3250955
21911,3250957,1,3250958
21912,3251016,24,3251040
21913,3251218,6,3251224
21914,3251301,21,3251322
21915,3251370,19,3251389
21916,3251469,43,3251512
21917,3251573,28,3251601
21918,3251788,60,3251848
21919,3251934,2,3251936
21920,3251948,62,3252010
21921,3252158,143,3252301
21922,3252466,64,3252530
21923,3252626,45,3252671
21924,3252779,145,3252924
21925,3252928,32,3252960
21926,3253060,110,3253170
21927,3253681,10,3253691
21928,3253844,101,3253945
21929,3254028,9,3254037
21930,3254183,25,3254208
21931,3254512,50,3254562
21932,3254596,18,3254614
21933,3254642,5,3254647
21934,3254692,38,3254730
21935,3254920,176,3255096
21936,3255359,49,3255408
21937,3255584,30,3255614
21938,3255818,57,3255875
21939,3255920,28,3255948
21940,3255970,18,3255988
21941,3255999,27,3256026
21942,3256103,65,3256168
21943,3256235,122,3256357
21944,3256415,13,3256428
21945,3256469,38,3256507
21946,3256539,28,3256567
21947,3256698,21,3256719
21948,3256930,56,3256986
21949,3257059,44,3257103
21950,3257111,1,3257112
21951,3257458,108,3257566
21952,3257611,63,3257674
21953,3257876,21,3257897
21954,3257922,67,3257989
21955,3258076,42,3258118
21956,3258278,99,3258377
21957,3258505,8,3258513
21958,3258535,20,3258555
21959,3258837,33,3258870
21960,3258908,41,3258949
21961,3259443,99,3259542
21962,3259643,40,3259683
21963,3259825,4,3259829
21964,3259854,26,3259880
21965,3260202,88,3260290
21966,3260430,13,3260443
21967,3260489,25,3260514
21968,3260551,38,3260589
21969,3260649,55,3260704
21970,3260874,2,3260876
21971,3260969,15,3260984
21972,3261125,56,3261181
21973,3261272,76,3261348
21974,3261475,106,3261581
21975,3261598,3,3261601
21976,3261928,206,3262134
21977,3262196,19,3262215
21978,3262269,88,3262357
21979,3262546,73,3262619
21980,3262651,11,3262662
21981,3262871,7,3262878
21982,3263325,129,3263454
21983,3263505,29,3263534
21984,3263552,120,3263672
21985,3263699,46,3263745
21986,3263819,110,3263929
21987,3264059,60,3264119
21988,3264445,38,3264483
21989,3264544,74,3264618
21990,3264647,33,3264680
21991,3264870,15,3264885
21992,3264903,167,3265070
21993,3265217,69,3265286
21994,3265314,1,3265315
21995,3265518,47,3265565
21996,3265614,75,3265689
21997,3265760,12,3265772
21998,3265880,77,3265957
21999,3266053,8,3266061
22000,3266081,17,3266098
22001,3266142,25,3266167
22002,3266202,70,3266272
22003,3266362,47,3266409
22004,3266427,55,3266482
22005,3266530,1,3266531
22006,3266599,48,3266647
22007,3266721,33,3266754
22008,3266912,33,3266945
22009,3266996,205,3267201
22010,3267202,30,3267232
22011,3267496,5,3267501
22012,3267542,3,3267545
22013,3267609,28,3267637
22014,3267770,35,3267805
22015,3267910,176,3268086
22016,3268092,42,3268134
22017,3268339,143,3268482
22018,3268502,26,3268528
22019,3268650,10,3268660
22020,3268666,5,3268671
22021,3268682,101,3268783
22022,3268839,15,3268854
22023,3268888,86,3268974
22024,3269063,6,3269069
22025,3269133,73,3269206
22026,3269222,13,3269235
22027,3269513,18,3269531
22028,3269538,88,3269626
22029,3269675,8,3269683
22030,3269706,63,3269769
22031,3269795,4,3269799
22032,3269889,61,3269950
22033,3269959,21,3269980
22034,3270117,10,3270127
22035,3270136,88,3270224
22036,3270366,30,3270396
22037,3270419,20,3270439
22038,3270529,56,3270585
22039,3270930,67,3270997
22040,3271009,24,3271033
22041,3271404,81,3271485
22042,3271516,1,3271517
22043,3271861,94,3271955
22044,3271962,68,3272030
22045,3272119,19,3272138
22046,3272216,15,3272231
22047,3272232,9,3272241
22048,3272420,24,3272444
22049,3272451,15,3272466
22050,3272524,25,3272549
22051,3272569,11,3272580
22052,3272603,39,3272642
22053,3272692,119,3272811
22054,3272978,4,3272982
22055,3273027,2,3273029
22056,3273081,105,3273186
22057,3273317,59,3273376
22058,3273399,80,3273479
22059,3273530,54,3273584
22060,3273610,129,3273739
22061,3273752,192,3273944
22062,3274020,23,3274043
22063,3274089,99,3274188
22064,3274251,1,3274252
22065,3274328,64,3274392
22066,3274615,194,3274809
22067,3274833,46,3274879
22068,3274886,1,3274887
22069,3274892,18,3274910
22070,3274952,33,3274985
22071,3275260,11,3275271
22072,3275313,21,3275334
22073,3275378,2,3275380
22074,3275408,61,3275469
22075,3275484,73,3275557
22076,3275576,103,3275679
22077,3275705,35,3275740
22078,3275932,10,3275942
22079,3276062,12,3276074
22080,3276088,1,3276089
22081,3276110,33,3276143
22082,3276175,3,3276178
22083,3276185,48,3276233
22084,3276241,28,3276269
22085,3276292,78,3276370
22086,3276385,93,3276478
22087,3276489,44,3276533
22088,3276613,22,3276635
22089,3276778,90,3276868
22090,3276975,36,3277011
22091,3277076,33,3277109
22092,3277312,50,3277362
22093,3277414,81,3277495
22094,3277731,21,3277752
22095,3277940,56,3277996
22096,3278111,82,3278193
22097,3278404,250,3278654
22098,3278715,16,3278731
22099,3278939,99,3279038
22100,3279128,69,3279197
22101,3279480,32,3279512
22102,3279525,13,3279538
22103,3279564,12,3279576
22104,3279642,5,3279647
22105,3279791,22,3279813
22106,3279834,2,3279836
22107,3280090,7,3280097
22108,3280116,99,3280215
22109,3280438,21,3280459
22110,3280498,72,3280570
22111,3280594,101,3280695
22112,3280854,84,3280938
22113,3281142,26,3281168
22114,3281315,23,3281338
22115,3281395,64,3281459
22116,3281515,200,3281715
22117,3281826,1,3281827
22118,3281931,53,3281984
22119,3282050,211,3282261
22120,3282287,54,3282341
22121,3282382,24,3282406
22122,3282454,5,3282459
22123,3282507,25,3282532
22124,3282561,172,3282733
22125,3282923,12,3282935
22126,3283088,56,3283144
22127,3283178,64,3283242
22128,3283409,28,3283437
22129,3283529,33,3283562
22130,3283635,32,3283667
22131,3283748,45,3283793
22132,3283840,65,3283905
22133,3283933,35,3283968
22134,3283992,135,3284127
22135,3284250,1,3284251
22136,3284344,29,3284373
22137,3284375,16,3284391
22138,3284568,79,3284647
22139,3284770,9,3284779
22140,3284972,5,3284977
22141,3285164,19,3285183
22142,3285317,80,3285397
22143,3285495,43,3285538
22144,3285743,7,3285750
22145,3286157,53,3286210
22146,3286422,17,3286439
22147,3286440,7,3286447
22148,3286495,51,3286546
22149,3286606,99,3286705
22150,3286769,18,3286787
22151,3286887,68,3286955
22152,3287033,5,3287038
22153,3287151,60,3287211
22154,3287259,62,3287321
22155,3287365,7,3287372
22156,3287377,33,3287410
22157,3287512,34,3287546
22158,3287648,224,3287872
22159,3288143,111,3288254
22160,3288312,21,3288333
22161,3288334,50,3288384
22162,3288406,6,3288412
22163,3288554,68,3288622
22164,3288640,56,3288696
22165,3288735,39,3288774
22166,3288811,79,3288890
22167,3289043,27,3289070
22168,3289111,60,3289171
22169,3289185,10,3289195
22170,3289201,30,3289231
22171,3289241,23,3289264
22172,3289333,50,3289383
22173,3289413,99,3289512
22174,3289564,3,3289567
22175,3289577,3,3289580
22176,3289590,7,3289597
22177,3289666,19,3289685
22178,3289716,4,3289720
22179,3290070,32,3290102
22180,3290188,10,3290198
22181,3290302,131,3290433
22182,3290509,10,3290519
22183,3290582,106,3290688
22184,3290713,22,3290735
22185,3290880,50,3290930
22186,3291060,36,3291096
22187,3291101,52,3291153
22188,3291163,2,3291165
22189,3291265,98,3291363
22190,3291653,159,3291812
22191,3291877,21,3291898
22192,3291914,30,3291944
22193,3292067,11,3292078
22194,3292649,35,3292684
22195,3292816,3,3292819
22196,3292943,133,3293076
22197,3293214,32,3293246
22198,3293326,79,3293405
22199,3293408,12,3293420
22200,3293446,40,3293486
22201,3293554,84,3293638
22202,3293758,29,3293787
22203,3293800,28,3293828
22204,3293954,87,3294041
22205,3294066,15,3294081
22206,3294112,9,3294121
22207,3294308,13,3294321
22208,3294345,43,3294388
22209,3294506,145,3294651
22210,3294923,49,3294972
22211,3295163,51,3295214
22212,3295522,17,3295539
22213,3295543,78,3295621
22214,3295759,7,3295766
22215,3295799,2,3295801
22216,3296033,90,3296123
22217,3296169,9,3296178
22218,3296253,10,3296263
22219,3296405,114,3296519
22220,3296618,54,3296672
22221,3297357,5,3297362
22222,3297466,218,3297684
22223,3297888,65,3297953
22224,3297955,18,3297973
22225,3297998,106,3298104
22226,3298131,263,3298394
22227,3298498,20,3298518
22228,3298594,8,3298602
22229,3298709,42,3298751
22230,3298942,28,3298970
22231,3298991,114,3299105
22232,3299122,103,3299225
22233,3299226,95,3299321
22234,3299527,45,3299572
22235,3299581,49,3299630
22236,3299667,35,3299702
22237,3299711,97,3299808
22238,3299861,48,3299909
22239,3299957,110,3300067
22240,3300071,22,3300093
22241,3300154,18,3300172
22242,3300245,9,3300254
22243,3300298,2,3300300
22244,3300406,11,3300417
22245,3300446,45,3300491
22246,3300529,358,3300887
22247,3300926,121,3301047
22248,3301068,4,3301072
22249,3301193,22,3301215
22250,3301254,2,3301256
22251,3301349,35,3301384
22252,3301468,25,3301493
22253,3301519,14,3301533
22254,3301582,17,3301599
22255,3301751,12,3301763
22256,3301843,97,3301940
22257,3302080,7,3302087
22258,3302199,3,3302202
22259,3302312,148,3302460
22260,3302543,4,3302547
22261,3302710,28,3302738
22262,3302857,8,3302865
22263,3303423,70,3303493
22264,3303593,159,3303752
22265,3303753,20,3303773
22266,3303798,6,3303804
22267,3303814,14,3303828
22268,3303975,5,3303980
22269,3304076,45,3304121
22270,3304213,45,3304258
22271,3304268,7,3304275
22272,3304317,74,3304391
22273,3304445,19,3304464
22274,3304467,35,3304502
22275,3304639,19,3304658
22276,3304674,41,3304715
22277,3304773,10,3304783
22278,3304883,33,3304916
22279,3304997,60,3305057
22280,3305065,45,3305110
22281,3305244,66,3305310
22282,3305361,24,3305385
22283,3305558,6,3305564
22284,3305826,2,3305828
22285,3305893,39,3305932
22286,3305984,121,3306105
22287,3306187,28,3306215
22288,3306309,50,3306359
22289,3306421,22,3306443
22290,3306490,67,3306557
22291,3306679,1,3306680
22292,3306782,31,3306813
22293,3306962,7,3306969
22294,3307112,46,3307158
22295,3307686,27,3307713
22296,3307933,196,3308129
22297,3308153,8,3308161
22298,3308266,21,3308287
22299,3308309,32,3308341
22300,3308371,7,3308378
22301,3308455,26,3308481
22302,3308530,56,3308586
22303,3308630,1,3308631
22304,3308730,48,3308778
22305,3308798,2,3308800
22306,3308855,45,3308900
22307,3308968,120,3309088
22308,3309171,58,3309229
22309,3309418,16,3309434
22310,3309783,15,3309798
22311,3309991,131,3310122
22312,3310153,31,3310184
22313,3310357,9,3310366
22314,3310427,12,3310439
22315,3310554,5,3310559
22316,3310638,25,3310663
22317,3310796,47,3310843
22318,3310888,76,3310964
22319,3310980,69,3311049
22320,3311112,13,3311125
22321,3311143,47,3311190
22322,3311245,14,3311259
22323,3311313,48,3311361
22324,3311820,124,3311944
22325,3312046,9,3312055
22326,3312059,47,3312106
22327,3312112,91,3312203
22328,3312384,4,3312388
22329,3312393,86,3312479
22330,3312514,11,3312525
22331,3312624,20,3312644
22332,3312709,57,3312766
22333,3312822,4,3312826
22334,3312962,10,3312972
22335,3313020,80,3313100
22336,3313502,25,3313527
22337,3313562,187,3313749
22338,3313847,27,3313874
22339,3314301,15,3314316
22340,3314556,10,3314566
22341,3314939,9,3314948
22342,3315287,18,3315305
22343,3315517,1,3315518
22344,3315523,9,3315532
22345,3315573,90,3315663
22346,3315771,40,3315811
22347,3315840,113,3315953
22348,3315980,31,3316011
22349,3316020,22,3316042
22350,3316263,111,3316374
22351,3316550,35,3316585
22352,3316586,56,3316642
22353,3316795,74,3316869
22354,3316910,42,3316952
22355,3317039,39,3317078
22356,3317109,31,3317140
22357,3317257,98,3317355
22358,3318037,82,3318119
22359,3318231,1,3318232
22360,3318424,11,3318435
22361,3318609,2,3318611
22362,3318657,59,3318716
22363,3318773,2,3318775
22364,3318800,28,3318828
22365,3318850,104,3318954
22366,3318968,1,3318969
22367,3319044,55,3319099
22368,3319112,3,3319115
22369,3319697,43,3319740
22370,3319924,20,3319944
22371,3320193,16,3320209
22372,3320277,90,3320367
22373,3320385,154,3320539
22374,3320612,12,3320624
22375,3320660,104,3320764
22376,3320993,24,3321017
22377,3321049,51,3321100
22378,3321147,1,3321148
22379,3321171,14,3321185
22380,3321211,27,3321238
22381,3321291,21,3321312
22382,3321455,18,3321473
22383,3321568,27,3321595
22384,3321840,80,3321920
22385,3321969,81,3322050
22386,3322194,3,3322197
22387,3322210,57,3322267
22388,3322586,103,3322689
22389,3322811,25,3322836
22390,3322884,27,3322911
22391,3322946,80,3323026
22392,3323076,33,3323109
22393,3323118,130,3323248
22394,3323430,249,3323679
22395,3323689,5,3323694
22396,3323699,40,3323739
22397,3323818,43,3323861
22398,3323901,33,3323934
22399,3324020,73,3324093
22400,3324126,86,3324212
22401,3324474,105,3324579
22402,3324591,6,3324597
22403,3324695,32,3324727
22404,3324792,27,3324819
22405,3324900,38,3324938
22406,3324996,45,3325041
22407,3325359,118,3325477
22408,3325488,104,3325592
22409,3325806,10,3325816
22410,3325919,86,3326005
22411,3326084,24,3326108
22412,3326336,217,3326553
22413,3326771,163,3326934
22414,3326988,7,3326995
22415,3327026,115,3327141
22416,3327279,48,3327327
22417,3327454,35,3327489
22418,3327592,2,3327594
22419,3327662,19,3327681
22420,3327903,21,3327924
22421,3327978,49,3328027
22422,3328107,16,3328123
22423,3328329,63,3328392
22424,3328456,70,3328526
22425,3328535,48,3328583
22426,3328653,14,3328667
22427,3328697,14,3328711
22428,3328844,68,3328912
22429,3329057,40,3329097
22430,3329238,99,3329337
22431,3329529,161,3329690
22432,3329777,10,3329787
22433,3329791,132,3329923
22434,3330063,14,3330077
22435,3330118,6,3330124
22436,3330234,3,3330237
22437,3330328,49,3330377
22438,3330461,5,3330466
22439,3330468,125,3330593
22440,3330767,4,3330771
22441,3330902,19,3330921
22442,3331064,84,3331148
22443,3331261,38,3331299
22444,3331368,126,3331494
22445,3331614,12,3331626
22446,3332138,15,3332153
22447,3332181,95,3332276
22448,3332313,50,3332363
22449,3332555,47,3332602
22450,3332695,16,3332711
22451,3333071,24,3333095
22452,3333156,23,3333179
22453,3333180,24,3333204
22454,3333213,10,3333223
22455,3333267,15,3333282
22456,3333305,39,3333344
22457,3333454,98,3333552
22458,3333621,58,3333679
22459,3333690,4,3333694
22460,3333699,20,3333719
22461,3333829,41,3333870
22462,3333914,15,3333929
22463,3333980,21,3334001
22464,3334052,131,3334183
22465,3334385,12,3334397
22466,3334457,59,3334516
22467,3334583,17,3334600
22468,3334698,32,3334730
22469,3334780,11,3334791
22470,3334798,17,3334815
22471,3335175,142,3335317
22472,3335764,73,3335837
22473,3335889,86,3335975
22474,3336125,34,3336159
22475,3336209,67,3336276
22476,3336412,13,3336425
22477,3336483,2,3336485
22478,3336540,29,3336569
22479,3336633,19,3336652
22480,3336729,1,3336730
22481,3336863,110,3336973
22482,3336984,6,3336990
22483,3337242,14,3337256
22484,3337282,118,3337400
22485,3337575,84,3337659
22486,3337711,19,3337730
22487,3337864,20,3337884
22488,3338080,168,3338248
22489,3338336,61,3338397
22490,3338469,45,3338514
22491,3338551,25,3338576
22492,3338666,120,3338786
22493,3338808,10,3338818
22494,3338888,31,3338919
22495,3338978,52,3339030
22496,3339302,18,3339320
22497,3340068,59,3340127
22498,3340488,102,3340590
22499,3340632,54,3340686
22500,3340751,16,3340767
22501,3340835,57,3340892
22502,3341013,5,3341018
22503,3341058,10,3341068
22504,3341070,35,3341105
22505,3341206,22,3341228
22506,3341237,20,3341257
22507,3341294,35,3341329
22508,3341357,57,3341414
22509,3341427,85,3341512
22510,3341703,55,3341758
22511,3341840,28,3341868
22512,3341869,81,3341950
22513,3342039,143,3342182
22514,3342276,13,3342289
22515,3342325,29,3342354
22516,3342366,98,3342464
22517,3342702,72,3342774
22518,3342853,3,3342856
22519,3342960,66,3343026
22520,3343063,18,3343081
22521,3343088,178,3343266
22522,3343334,80,3343414
22523,3343431,9,3343440
22524,3343628,19,3343647
22525,3343691,12,3343703
22526,3343757,22,3343779
22527,3344001,5,3344006
22528,3344158,18,3344176
22529,3344197,4,3344201
22530,3344525,28,3344553
22531,3344620,6,3344626
22532,3344729,3,3344732
22533,3344738,14,3344752
22534,3344818,152,3344970
22535,3345018,184,3345202
22536,3345376,16,3345392
22537,3345438,125,3345563
22538,3345602,26,3345628
22539,3345635,7,3345642
22540,3345665,21,3345686
22541,3345788,41,3345829
22542,3345848,25,3345873
22543,3345875,10,3345885
22544,3345945,110,3346055
22545,3346201,40,3346241
22546,3346334,52,3346386
22547,3346537,55,3346592
22548,3346742,1,3346743
22549,3346874,51,3346925
22550,3347022,90,3347112
22551,3347321,2,3347323
22552,3347475,96,3347571
22553,3347592,30,3347622
22554,3348086,6,3348092
22555,3348220,43,3348263
22556,3348275,29,3348304
22557,3348357,3,3348360
22558,3348437,2,3348439
22559,3348512,35,3348547
22560,3348549,1,3348550
22561,3348696,130,3348826
22562,3348947,16,3348963
22563,3348971,13,3348984
22564,3348987,100,3349087
22565,3349207,4,3349211
22566,3349220,25,3349245
22567,3349374,22,3349396
22568,3349614,55,3349669
22569,3349733,120,3349853
22570,3349872,7,3349879
22571,3349907,44,3349951
22572,3350091,1,3350092
22573,3350185,118,3350303
22574,3350447,110,3350557
22575,3350565,4,3350569
22576,3350696,66,3350762
22577,3350809,24,3350833
22578,3351015,36,3351051
22579,3351118,38,3351156
22580,3351169,155,3351324
22581,3351348,6,3351354
22582,3351551,43,3351594
22583,3351660,62,3351722
22584,3351845,191,3352036
22585,3352076,57,3352133
22586,3352281,29,3352310
22587,3352379,4,3352383
22588,3352441,19,3352460
22589,3352588,8,3352596
22590,3352625,12,3352637
22591,3352645,249,3352894
22592,3352931,7,3352938
22593,3352973,7,3352980
22594,3352999,13,3353012
22595,3353052,19,3353071
22596,3353104,24,3353128
22597,3353139,43,3353182
22598,3353292,119,3353411
22599,3353726,13,3353739
22600,3354061,96,3354157
22601,3354172,17,3354189
22602,3354265,54,3354319
22603,3354330,26,3354356
22604,3354395,46,3354441
22605,3354513,50,3354563
22606,3354747,25,3354772
22607,3354834,181,3355015
22608,3355102,8,3355110
22609,3355173,31,3355204
22610,3355300,80,3355380
22611,3355435,39,3355474
22612,3355490,16,3355506
22613,3355545,24,3355569
22614,3355709,184,3355893
22615,3356015,93,3356108
22616,3356178,23,3356201
22617,3356358,6,3356364
22618,3356430,60,3356490
22619,3356802,63,3356865
22620,3357009,30,3357039
22621,3357126,17,3357143
22622,3357301,84,3357385
22623,3357399,16,3357415
22624,3357432,48,3357480
22625,3357498,55,3357553
22626,3357650,4,3357654
22627,3357690,57,3357747
22628,3357992,118,3358110
22629,3358147,94,3358241
22630,3358280,114,3358394
22631,3358484,9,3358493
22632,3358574,84,3358658
22633,3358823,7,3358830
22634,3359274,80,3359354
22635,3359380,75,3359455
22636,3359491,21,3359512
22637,3359927,4,3359931
22638,3360047,223,3360270
22639,3360564,33,3360597
22640,3360838,39,3360877
22641,3361023,30,3361053
22642,3361067,32,3361099
22643,3361147,114,3361261
22644,3361455,34,3361489
22645,3361522,94,3361616
22646,3361643,58,3361701
22647,3361898,106,3362004
22648,3362292,41,3362333
22649,3362343,31,3362374
22650,3362622,13,3362635
22651,3362882,59,3362941
22652,3362949,14,3362963
22653,3362976,92,3363068
22654,3363085,65,3363150
22655,3363301,1,3363302
22656,3363325,93,3363418
22657,3363608,65,3363673
22658,3363758,9,3363767
22659,3363783,18,3363801
22660,3363841,15,3363856
22661,3363983,9,3363992
22662,3364036,44,3364080
22663,3364093,45,3364138
22664,3364196,54,3364250
22665,3364384,123,3364507
22666,3364514,6,3364520
22667,3364527,26,3364553
22668,3364615,49,3364664
22669,3364680,154,3364834
22670,3364877,201,3365078
22671,3365176,5,3365181
22672,3365264,22,3365286
22673,3365343,101,3365444
22674,3365520,4,3365524
22675,3365578,40,3365618
22676,3365742,11,3365753
22677,3365796,13,3365809
22678,3365858,39,3365897
22679,3365932,6,3365938
22680,3365966,10,3365976
22681,3365977,14,3365991
22682,3366059,118,3366177
22683,3366200,102,3366302
22684,3366465,16,3366481
22685,3366668,166,3366834
22686,3367247,16,3367263
22687,3367350,7,3367357
22688,3367399,20,3367419
22689,3367605,19,3367624
22690,3367766,111,3367877
22691,3367934,180,3368114
22692,3368177,193,3368370
22693,3368718,8,3368726
22694,3368756,11,3368767
22695,3368784,129,3368913
22696,3368926,68,3368994
22697,3369213,56,3369269
22698,3369528,50,3369578
22699,3369629,127,3369756
22700,3369795,246,3370041
22701,3370184,8,3370192
22702,3370206,56,3370262
22703,3370266,107,3370373
22704,3370422,29,3370451
22705,3370755,20,3370775
22706,3370896,1,3370897
22707,3370941,141,3371082
22708,3371142,21,3371163
22709,3371315,54,3371369
22710,3371383,64,3371447
22711,3371494,7,3371501
22712,3371569,2,3371571
22713,3371834,61,3371895
22714,3371938,127,3372065
22715,3372238,34,3372272
22716,3372309,10,3372319
22717,3372459,25,3372484
22718,3372501,96,3372597
22719,3372640,48,3372688
22720,3372738,52,3372790
22721,3372825,30,3372855
22722,3372877,69,3372946
22723,3372949,35,3372984
22724,3373029,14,3373043
22725,3373054,18,3373072
22726,3373406,176,3373582
22727,3373663,87,3373750
22728,3373813,2,3373815
22729,3373853,66,3373919
22730,3373929,5,3373934
22731,3374158,173,3374331
22732,3374378,12,3374390
22733,3374459,4,3374463
22734,3374598,18,3374616
22735,3374638,113,3374751
22736,3374795,47,3374842
22737,3374965,13,3374978
22738,3375166,30,3375196
22739,3375317,77,3375394
22740,3375652,52,3375704
22741,3375708,10,3375718
22742,3375812,6,3375818
22743,3376078,3,3376081
22744,3376147,86,3376233
22745,3376318,22,3376340
22746,3376342,62,3376404
22747,3376408,224,3376632
22748,3376729,82,3376811
22749,3376950,7,3376957
22750,3376960,12,3376972
22751,3377110,36,3377146
22752,3377653,54,3377707
22753,3377988,17,3378005
22754,3378101,11,3378112
22755,3378350,50,3378400
22756,3378406,46,3378452
22757,3378579,62,3378641
22758,3378719,49,3378768
22759,3378770,66,3378836
22760,3379019,82,3379101
22761,3379180,37,3379217
22762,3379302,7,3379309
22763,3379417,22,3379439
22764,3380082,9,3380091
22765,3380320,80,3380400
22766,3380583,44,3380627
22767,3380686,6,3380692
22768,3380725,84,3380809
22769,3380968,8,3380976
22770,3381108,26,3381134
22771,3381145,55,3381200
22772,3381208,40,3381248
22773,3381399,16,3381415
22774,3381540,11,3381551
22775,3381566,7,3381573
22776,3381623,5,3381628
22777,3381706,6,3381712
22778,3381825,83,3381908
22779,3382134,157,3382291
22780,3382355,87,3382442
22781,3382459,52,3382511
22782,3382545,24,3382569
22783,3382651,53,3382704
22784,3382940,75,3383015
22785,3383070,14,3383084
22786,3383366,56,3383422
22787,3383883,201,3384084
22788,3384178,70,3384248
22789,3384321,10,3384331
22790,3384362,12,3384374
22791,3384604,1,3384605
22792,3384661,25,3384686
22793,3384744,13,3384757
22794,3384781,13,3384794
22795,3384830,21,3384851
22796,3385369,10,3385379
22797,3385468,96,3385564
22798,3385784,8,3385792
22799,3385923,48,3385971
22800,3386379,93,3386472
22801,3386479,104,3386583
22802,3386735,4,3386739
22803,3386743,3,3386746
22804,3386820,37,3386857
22805,3386930,44,3386974
22806,3387058,23,3387081
22807,3387133,79,3387212
22808,3387399,30,3387429
22809,3387604,3,3387607
22810,3387736,11,3387747
22811,3387772,49,3387821
22812,3387970,6,3387976
22813,3388014,12,3388026
22814,3388027,21,3388048
22815,3388183,37,3388220
22816,3388237,10,3388247
22817,3388278,2,3388280
22818,3388495,17,3388512
22819,3388558,62,3388620
22820,3388837,33,3388870
22821,3388919,27,3388946
22822,3388949,28,3388977
22823,3389147,18,3389165
22824,3389254,51,3389305
22825,3389406,185,3389591
22826,3389786,71,3389857
22827,3389934,70,3390004
22828,3390093,103,3390196
22829,3390202,55,3390257
22830,3390279,78,3390357
22831,3390576,43,3390619
22832,3390628,21,3390649
22833,3390721,39,3390760
22834,3391358,267,3391625
22835,3391664,60,3391724
22836,3391834,57,3391891
22837,3391958,25,3391983
22838,3392098,45,3392143
22839,3392183,37,3392220
22840,3392235,44,3392279
22841,3392431,36,3392467
22842,3392499,1,3392500
22843,3392509,6,3392515
22844,3392538,60,3392598
22845,3392641,40,3392681
22846,3392896,2,3392898
22847,3392915,18,3392933
22848,3392944,78,3393022
22849,3393124,109,3393233
22850,3393497,63,3393560
22851,3393684,140,3393824
22852,3394040,16,3394056
22853,3394102,228,3394330
22854,3394404,6,3394410
22855,3394415,20,3394435
22856,3394490,59,3394549
22857,3394607,66,3394673
22858,3394749,2,3394751
22859,3394813,14,3394827
22860,3394833,36,3394869
22861,3395320,74,3395394
22862,3395415,35,3395450
22863,3395559,23,3395582
22864,3395682,157,3395839
22865,3395902,32,3395934
22866,3395988,40,3396028
22867,3396046,20,3396066
22868,3396103,25,3396128
22869,3396269,56,3396325
22870,3396384,20,3396404
22871,3396517,31,3396548
22872,3396558,16,3396574
22873,3396707,43,3396750
22874,3396874,117,3396991
22875,3397048,104,3397152
22876,3397191,37,3397228
22877,3397240,76,3397316
22878,3397332,79,3397411
22879,3397422,79,3397501
22880,3397718,62,3397780
22881,3397801,112,3397913
22882,3398013,28,3398041
22883,3398057,29,3398086
22884,3398088,45,3398133
22885,3398264,53,3398317
22886,3398395,31,3398426
22887,3398513,27,3398540
22888,3398566,49,3398615
22889,3398616,13,3398629
22890,3398679,1,3398680
22891,3398687,4,3398691
22892,3398820,19,3398839
22893,3398861,7,3398868
22894,3398877,59,3398936
22895,3398954,7,3398961
22896,3399000,16,3399016
22897,3399088,51,3399139
22898,3399478,32,3399510
22899,3399628,33,3399661
22900,3399771,35,3399806
22901,3400179,15,3400194
22902,3400233,165,3400398
22903,3400574,43,3400617
22904,3400783,41,3400824
22905,3400905,104,3401009
22906,3401115,11,3401126
22907,3401253,88,3401341
22908,3401450,31,3401481
22909,3401500,40,3401540
22910,3401601,74,3401675
22911,3401750,18,3401768
22912,3401888,161,3402049
22913,3402090,19,3402109
22914,3402205,19,3402224
22915,3402240,39,3402279
22916,3402607,31,3402638
22917,3402646,76,3402722
22918,3402942,60,3403002
22919,3403015,44,3403059
22920,3403114,2,3403116
22921,3403179,7,3403186
22922,3403231,4,3403235
22923,3403274,3,3403277
22924,3403345,2,3403347
22925,3403368,49,3403417
22926,3403428,8,3403436
22927,3403487,243,3403730
22928,3403742,105,3403847
22929,3403913,37,3403950
22930,3404054,72,3404126
22931,3404195,22,3404217
22932,3404333,50,3404383
22933,3404767,25,3404792
22934,3404793,3,3404796
22935,3405009,18,3405027
22936,3405429,83,3405512
22937,3405651,10,3405661
22938,3405873,2,3405875
22939,3405899,33,3405932
22940,3406150,2,3406152
22941,3406193,97,3406290
22942,3407022,51,3407073
22943,3407142,101,3407243
22944,3407254,99,3407353
22945,3407591,75,3407666
22946,3407814,26,3407840
22947,3407960,58,3408018
22948,3408046,8,3408054
22949,3408076,15,3408091
22950,3408097,20,3408117
22951,3408161,54,3408215
22952,3408282,170,3408452
22953,3408513,22,3408535
22954,3408541,4,3408545
22955,3408598,18,3408616
22956,3408705,76,3408781
22957,3408806,148,3408954
22958,3408989,138,3409127
22959,3409174,14,3409188
22960,3409246,40,3409286
22961,3409708,6,3409714
22962,3409905,12,3409917
22963,3409968,5,3409973
22964,3410110,45,3410155
22965,3410503,30,3410533
22966,3410630,2,3410632
22967,3410653,134,3410787
22968,3410800,14,3410814
22969,3410978,40,3411018
22970,3411089,28,3411117
22971,3411285,14,3411299
22972,3411300,38,3411338
22973,3411361,27,3411388
22974,3411516,10,3411526
22975,3411621,1,3411622
22976,3411749,63,3411812
22977,3411878,160,3412038
22978,3412187,44,3412231
22979,3412281,53,3412334
22980,3412393,1,3412394
22981,3412491,44,3412535
22982,3412840,15,3412855
22983,3412900,112,3413012
22984,3413097,40,3413137
22985,3413209,125,3413334
22986,3413475,72,3413547
22987,3413834,44,3413878
22988,3413947,38,3413985
22989,3413996,1,3413997
22990,3414174,5,3414179
22991,3414222,134,3414356
22992,3414420,29,3414449
22993,3414482,86,3414568
22994,3414583,2,3414585
22995,3414750,5,3414755
22996,3414809,32,3414841
22997,3414896,8,3414904
22998,3414966,23,3414989
22999,3414992,67,3415059
23000,3415234,33,3415267
23001,3415798,87,3415885
23002,3415968,103,3416071
23003,3416082,7,3416089
23004,3416109,30,3416139
23005,3416195,12,3416207
23006,3416216,23,3416239
23007,3416245,19,3416264
23008,3416335,77,3416412
23009,3416732,25,3416757
23010,3416765,59,3416824
23011,3417171,14,3417185
23012,3417498,65,3417563
23013,3417597,34,3417631
23014,3417970,1,3417971
23015,3418069,69,3418138
23016,3418396,22,3418418
23017,3418580,12,3418592
23018,3418620,36,3418656
23019,3418814,2,3418816
23020,3418870,27,3418897
23021,3418900,20,3418920
23022,3418981,4,3418985
23023,3419005,160,3419165
23024,3419497,148,3419645
23025,3419655,10,3419665
23026,3419728,25,3419753
23027,3420102,6,3420108
23028,3420249,33,3420282
23029,3420304,20,3420324
23030,3420417,98,3420515
23031,3420784,45,3420829
23032,3421111,58,3421169
23033,3421318,60,3421378
23034,3421387,96,3421483
23035,3421674,12,3421686
23036,3421820,22,3421842
23037,3421862,9,3421871
23038,3421916,18,3421934
23039,3421978,43,3422021
23040,3422160,31,3422191
23041,3422382,40,3422422
23042,3422530,58,3422588
23043,3422764,21,3422785
23044,3422960,27,3422987
23045,3423048,62,3423110
23046,3423220,29,3423249
23047,3423288,46,3423334
23048,3423627,51,3423678
23049,3424166,2,3424168
23050,3424170,4,3424174
23051,3424230,37,3424267
23052,3424352,13,3424365
23053,3424524,30,3424554
23054,3424562,46,3424608
23055,3424624,24,3424648
23056,3424669,34,3424703
23057,3424732,12,3424744
23058,3424761,3,3424764
23059,3424796,55,3424851
23060,3424876,7,3424883
23061,3424997,44,3425041
23062,3425111,32,3425143
23063,3425154,58,3425212
23064,3425285,104,3425389
23065,3425428,12,3425440
23066,3425681,226,3425907
23067,3425938,116,3426054
23068,3426171,38,3426209
23069,3426311,29,3426340
23070,3426425,22,3426447
23071,3426747,65,3426812
23072,3427131,7,3427138
23073,3427191,120,3427311
23074,3427397,137,3427534
23075,3427556,6,3427562
23076,3427563,18,3427581
23077,3427653,357,3428010
23078,3428062,102,3428164
23079,3428372,60,3428432
23080,3428577,79,3428656
23081,3428691,81,3428772
23082,3428900,45,3428945
23083,3428964,26,3428990
23084,3429200,23,3429223
23085,3429320,26,3429346
23086,3429382,13,3429395
23087,3429562,11,3429573
23088,3429659,74,3429733
23089,3429795,44,3429839
23090,3429899,137,3430036
23091,3430294,32,3430326
23092,3430387,12,3430399
23093,3430594,7,3430601
23094,3430608,78,3430686
23095,3430823,10,3430833
23096,3430885,13,3430898
23097,3430923,10,3430933
23098,3431174,37,3431211
23099,3431232,10,3431242
23100,3431538,116,3431654
23101,3431874,151,3432025
23102,3432078,17,3432095
23103,3432111,128,3432239
23104,3432469,34,3432503
23105,3432603,27,3432630
23106,3432750,1,3432751
23107,3432795,19,3432814
23108,3433131,31,3433162
23109,3433214,12,3433226
23110,3433268,61,3433329
23111,3433452,39,3433491
23112,3433748,9,3433757
23113,3433871,13,3433884
23114,3434039,47,3434086
23115,3434154,51,3434205
23116,3434330,131,3434461
23117,3434485,77,3434562
23118,3434679,24,3434703
23119,3434739,112,3434851
23120,3435031,25,3435056
23121,3435202,6,3435208
23122,3435233,10,3435243
23123,3435336,18,3435354
23124,3435424,22,3435446
23125,3435492,58,3435550
23126,3435600,69,3435669
23127,3435769,16,3435785
23128,3435801,4,3435805
23129,3435909,13,3435922
23130,3435924,11,3435935
23131,3435955,17,3435972
23132,3436281,79,3436360
23133,3436605,237,3436842
23134,3436848,76,3436924
23135,3436946,29,3436975
23136,3436989,53,3437042
23137,3437096,2,3437098
23138,3437125,30,3437155
23139,3437228,54,3437282
23140,3437392,9,3437401
23141,3437509,33,3437542
23142,3437565,188,3437753
23143,3437892,73,3437965
23144,3438199,5,3438204
23145,3438365,56,3438421
23146,3438612,22,3438634
23147,3438670,117,3438787
23148,3438844,98,3438942
23149,3439132,20,3439152
23150,3439187,54,3439241
23151,3439268,30,3439298
23152,3439316,9,3439325
23153,3439500,27,3439527
23154,3439534,67,3439601
23155,3439637,49,3439686
23156,3439692,60,3439752
23157,3439935,4,3439939
23158,3440021,73,3440094
23159,3440228,17,3440245
23160,3440247,53,3440300
23161,3440606,33,3440639
23162,3440682,8,3440690
23163,3440829,1,3440830
23164,3440867,17,3440884
23165,3440915,9,3440924
23166,3441036,16,3441052
23167,3441115,184,3441299
23168,3441407,83,3441490
23169,3441594,133,3441727
23170,3441781,6,3441787
23171,3441960,31,3441991
23172,3442087,55,3442142
23173,3442242,15,3442257
23174,3442352,40,3442392
23175,3442410,46,3442456
23176,3442478,35,3442513
23177,3442564,74,3442638
23178,3442663,33,3442696
23179,3442768,35,3442803
23180,3443026,44,3443070
23181,3443109,3,3443112
23182,3443143,28,3443171
23183,3443357,28,3443385
23184,3443424,11,3443435
23185,3443448,36,3443484
23186,3443556,46,3443602
23187,3443724,12,3443736
23188,3443783,82,3443865
23189,3443917,3,3443920
23190,3444049,18,3444067
23191,3444407,15,3444422
23192,3444464,47,3444511
23193,3444518,34,3444552
23194,3444614,8,3444622
23195,3444624,43,3444667
23196,3444773,72,3444845
23197,3444940,57,3444997
23198,3445050,76,3445126
23199,3445198,14,3445212
23200,3445230,41,3445271
23201,3445285,41,3445326
23202,3445347,282,3445629
23203,3445674,20,3445694
23204,3445784,13,3445797
23205,3445953,280,3446233
23206,3446287,15,3446302
23207,3446314,25,3446339
23208,3446379,119,3446498
23209,3446520,14,3446534
23210,3446562,222,3446784
23211,3447249,5,3447254
23212,3447264,36,3447300
23213,3447303,44,3447347
23214,3447422,2,3447424
23215,3447541,15,3447556
23216,3447567,149,3447716
23217,3447880,75,3447955
23218,3447959,9,3447968
23219,3448086,9,3448095
23220,3448384,2,3448386
23221,3448429,129,3448558
23222,3448674,77,3448751
23223,3449014,11,3449025
23224,3449054,10,3449064
23225,3449223,56,3449279
23226,3449911,23,3449934
23227,3450161,23,3450184
23228,3450472,15,3450487
23229,3450517,125,3450642
23230,3450693,23,3450716
23231,3450919,17,3450936
23232,3451120,31,3451151
23233,3451651,13,3451664
23234,3451784,24,3451808
23235,3451852,32,3451884
23236,3451987,97,3452084
23237,3452130,20,3452150
23238,3452250,2,3452252
23239,3452415,88,3452503
23240,3452505,87,3452592
23241,3452601,9,3452610
23242,3452647,23,3452670
23243,3452786,8,3452794
23244,3453007,7,3453014
23245,3453033,1,3453034
23246,3453204,1,3453205
23247,3453260,13,3453273
23248,3453387,15,3453402
23249,3453427,70,3453497
23250,3453522,43,3453565
23251,3453658,46,3453704
23252,3453717,25,3453742
23253,3453801,11,3453812
23254,3453937,171,3454108
23255,3454200,119,3454319
23256,3454412,20,3454432
23257,3454729,252,3454981
23258,3455066,16,3455082
23259,3455083,27,3455110
23260,3455143,42,3455185
23261,3455420,98,3455518
23262,3455644,30,3455674
23263,3455754,108,3455862
23264,3455870,13,3455883
23265,3455965,25,3455990
23266,3456005,16,3456021
23267,3456066,92,3456158
23268,3456205,86,3456291
23269,3456449,7,3456456
23270,3456554,84,3456638
23271,3456854,131,3456985
23272,3457099,55,3457154
23273,3457435,17,3457452
23274,3457588,17,3457605
23275,3457868,5,3457873
23276,3457957,23,3457980
23277,3458134,80,3458214
23278,3458274,54,3458328
23279,3458362,10,3458372
23280,3458497,31,3458528
23281,3458602,14,3458616
23282,3458744,31,3458775
23283,3458893,1,3458894
23284,3458911,33,3458944
23285,3458949,28,3458977
23286,3459079,168,3459247
23287,3459404,27,3459431
23288,3459591,108,3459699
23289,3459876,1,3459877
23290,3459896,33,3459929
23291,3459932,24,3459956
23292,3459971,30,3460001
23293,3460062,13,3460075
23294,3460077,8,3460085
23295,3460197,104,3460301
23296,3460403,34,3460437
23297,3460729,22,3460751
23298,3460837,10,3460847
23299,3460954,117,3461071
23300,3461122,97,3461219
23301,3461265,19,3461284
23302,3461475,27,3461502
23303,3461539,56,3461595
23304,3461605,94,3461699
23305,3461771,1,3461772
23306,3461952,20,3461972
23307,3462097,67,3462164
23308,3462184,63,3462247
23309,3462300,44,3462344
23310,3462474,33,3462507
23311,3462660,9,3462669
23312,3462701,30,3462731
23313,3462865,20,3462885
23314,3463155,54,3463209
23315,3463263,127,3463390
23316,3463428,22,3463450
23317,3463480,31,3463511
23318,3463777,148,3463925
23319,3464314,13,3464327
23320,3464376,86,3464462
23321,3464595,4,3464599
23322,3464618,70,3464688
23323,3464823,37,3464860
23324,3464943,44,3464987
23325,3465307,5,3465312
23326,3465343,18,3465361
23327,3465484,15,3465499
23328,3465726,9,3465735
23329,3465765,37,3465802
23330,3465998,32,3466030
23331,3466248,19,3466267
23332,3466476,38,3466514
23333,3466770,7,3466777
23334,3467072,137,3467209
23335,3467453,2,3467455
23336,3467575,9,3467584
23337,3467720,39,3467759
23338,3467868,123,3467991
23339,3468199,118,3468317
23340,3468621,14,3468635
23341,3468658,130,3468788
23342,3468814,35,3468849
23343,3468878,128,3469006
23344,3469096,66,3469162
23345,3469285,58,3469343
23346,3469529,6,3469535
23347,3469564,132,3469696
23348,3469701,14,3469715
23349,3470009,14,3470023
23350,3470040,58,3470098
23351,3470292,16,3470308
23352,3470328,29,3470357
23353,3470407,14,3470421
23354,3470446,25,3470471
23355,3470547,22,3470569
23356,3470643,14,3470657
23357,3470715,13,3470728
23358,3471038,104,3471142
23359,3471189,141,3471330
23360,3471442,54,3471496
23361,3471576,7,3471583
23362,3471661,111,3471772
23363,3471854,216,3472070
23364,3472184,17,3472201
23365,3472229,120,3472349
23366,3472433,51,3472484
23367,3472579,25,3472604
23368,3472686,69,3472755
23369,3472913,79,3472992
23370,3473064,26,3473090
23371,3473255,125,3473380
23372,3473394,82,3473476
23373,3473553,16,3473569
23374,3473595,74,3473669
23375,3473876,48,3473924
23376,3474166,24,3474190
23377,3474230,9,3474239
23378,3474271,54,3474325
23379,3474379,109,3474488
23380,3474705,9,3474714
23381,3474734,96,3474830
23382,3474848,26,3474874
23383,3474887,26,3474913
23384,3474931,35,3474966
23385,3475211,27,3475238
23386,3475321,47,3475368
23387,3475535,34,3475569
23388,3475575,13,3475588
23389,3475673,46,3475719
23390,3476004,24,3476028
23391,3476132,36,3476168
23392,3476193,116,3476309
23393,3476428,45,3476473
23394,3476598,121,3476719
23395,3476734,19,3476753
23396,3477154,18,3477172
23397,3477335,1,3477336
23398,3477408,12,3477420
23399,3477459,21,3477480
23400,3477688,110,3477798
23401,3477839,3,3477842
23402,3477909,21,3477930
23403,3478015,55,3478070
23404,3478146,69,3478215
23405,3478342,5,3478347
23406,3478359,48,3478407
23407,3478426,19,3478445
23408,3478485,51,3478536
23409,3478592,2,3478594
23410,3478922,12,3478934
23411,3479013,43,3479056
23412,3479057,30,3479087
23413,3479090,60,3479150
23414,3479161,40,3479201
23415,3479324,3,3479327
23416,3479370,89,3479459
23417,3479543,16,3479559
23418,3479560,146,3479706
23419,3479827,71,3479898
23420,3480174,41,3480215
23421,3480220,15,3480235
23422,3480549,75,3480624
23423,3480871,2,3480873
23424,3481035,3,3481038
23425,3481280,41,3481321
23426,3481368,12,3481380
23427,3481413,52,3481465
23428,3481542,83,3481625
23429,3481701,118,3481819
23430,3481833,75,3481908
23431,3481945,87,3482032
23432,3482061,70,3482131
23433,3482187,49,3482236
23434,3482323,36,3482359
23435,3482473,15,3482488
23436,3482704,31,3482735
23437,3482757,60,3482817
23438,3482850,31,3482881
23439,3482923,14,3482937
23440,3483012,7,3483019
23441,3483092,227,3483319
23442,3483457,23,3483480
23443,3483549,7,3483556
23444,3483574,13,3483587
23445,3483749,63,3483812
23446,3483816,54,3483870
23447,3483919,19,3483938
23448,3483971,65,3484036
23449,3484123,13,3484136
23450,3484230,130,3484360
23451,3484402,15,3484417
23452,3484453,228,3484681
23453,3484685,23,3484708
23454,3484727,5,3484732
23455,3484884,22,3484906
23456,3484907,50,3484957
23457,3484983,6,3484989
23458,3484997,112,3485109
23459,3485118,2,3485120
23460,3485273,14,3485287
23461,3485316,4,3485320
23462,3485338,59,3485397
23463,3485459,15,3485474
23464,3485582,298,3485880
23465,3485898,137,3486035
23466,3486051,39,3486090
23467,3486549,28,3486577
23468,3486610,56,3486666
23469,3486834,43,3486877
23470,3486980,15,3486995
23471,3487058,25,3487083
23472,3487106,41,3487147
23473,3487152,20,3487172
23474,3487175,42,3487217
23475,3487266,83,3487349
23476,3487440,29,3487469
23477,3487489,89,3487578
23478,3487704,88,3487792
23479,3487873,12,3487885
23480,3487923,21,3487944
23481,3487991,46,3488037
23482,3488309,39,3488348
23483,3488631,116,3488747
23484,3488750,127,3488877
23485,3488901,5,3488906
23486,3488933,6,3488939
23487,3489090,14,3489104
23488,3489244,30,3489274
23489,3489373,30,3489403
23490,3489607,27,3489634
23491,3489639,54,3489693
23492,3489709,51,3489760
23493,3489787,39,3489826
23494,3489886,111,3489997
23495,3490152,49,3490201
23496,3490287,29,3490316
23497,3490448,100,3490548
23498,3490604,53,3490657
23499,3490797,16,3490813
23500,3490814,24,3490838
23501,3490870,68,3490938
23502,3491030,3,3491033
23503,3491303,120,3491423
23504,3491438,26,3491464
23505,3491487,19,3491506
23506,3491507,38,3491545
23507,3491642,64,3491706
23508,3491746,13,3491759
23509,3491934,6,3491940
23510,3492166,42,3492208
23511,3492470,87,3492557
23512,3492653,24,3492677
23513,3492694,56,3492750
23514,3492771,16,3492787
23515,3492800,64,3492864
23516,3492911,17,3492928
23517,3492962,12,3492974
23518,3493014,68,3493082
23519,3493181,15,3493196
23520,3493447,76,3493523
23521,3493527,14,3493541
23522,3493969,38,3494007
23523,3494029,32,3494061
23524,3494232,35,3494267
23525,3494276,78,3494354
23526,3494376,140,3494516
23527,3494685,35,3494720
23528,3494779,45,3494824
23529,3494909,12,3494921
23530,3494947,58,3495005
23531,3495022,27,3495049
23532,3495077,21,3495098
23533,3495153,37,3495190
23534,3495287,65,3495352
23535,3495603,9,3495612
23536,3495679,9,3495688
23537,3495758,267,3496025
23538,3496133,15,3496148
23539,3496157,30,3496187
23540,3496264,44,3496308
23541,3496646,12,3496658
23542,3496665,37,3496702
23543,3496704,46,3496750
23544,3496856,38,3496894
23545,3497049,57,3497106
23546,3497212,19,3497231
23547,3497239,157,3497396
23548,3497531,114,3497645
23549,3497724,20,3497744
23550,3497753,5,3497758
23551,3497849,16,3497865
23552,3498166,26,3498192
23553,3498522,17,3498539
23554,3498573,61,3498634
23555,3498785,9,3498794
23556,3498796,25,3498821
23557,3498873,38,3498911
23558,3498936,10,3498946
23559,3498991,29,3499020
23560,3499058,7,3499065
23561,3499128,3,3499131
23562,3499155,26,3499181
23563,3499281,6,3499287
23564,3499371,67,3499438
23565,3499530,60,3499590
23566,3499645,47,3499692
23567,3499941,74,3500015
23568,3500067,59,3500126
23569,3500164,21,3500185
23570,3500209,11,3500220
23571,3500802,164,3500966
23572,3501005,35,3501040
23573,3501333,12,3501345
23574,3501349,51,3501400
23575,3501730,108,3501838
23576,3501977,20,3501997
23577,3502073,67,3502140
23578,3502424,2,3502426
23579,3502447,227,3502674
23580,3502740,50,3502790
23581,3502833,31,3502864
23582,3503078,114,3503192
23583,3503314,62,3503376
23584,3503474,31,3503505
23585,3503574,27,3503601
23586,3503677,1,3503678
23587,3503697,27,3503724
23588,3503892,29,3503921
23589,3504133,41,3504174
23590,3504175,64,3504239
23591,3504267,134,3504401
23592,3504440,2,3504442
23593,3504548,14,3504562
23594,3504603,8,3504611
23595,3504963,80,3505043
23596,3505084,74,3505158
23597,3505212,80,3505292
23598,3505364,32,3505396
23599,3505411,2,3505413
23600,3505510,48,3505558
23601,3505571,46,3505617
23602,3505723,57,3505780
23603,3506099,51,3506150
23604,3506177,49,3506226
23605,3506803,42,3506845
23606,3506871,13,3506884
23607,3506928,19,3506947
23608,3507056,10,3507066
23609,3507303,43,3507346
23610,3507395,39,3507434
23611,3507439,49,3507488
23612,3507505,47,3507552
23613,3507653,89,3507742
23614,3507788,53,3507841
23615,3507871,34,3507905
23616,3507922,67,3507989
23617,3508018,24,3508042
23618,3508059,62,3508121
23619,3508134,56,3508190
23620,3508278,10,3508288
23621,3508295,18,3508313
23622,3508449,129,3508578
23623,3508598,6,3508604
23624,3508750,22,3508772
23625,3508811,71,3508882
23626,3508893,9,3508902
23627,3508950,28,3508978
23628,3509206,1,3509207
23629,3509211,99,3509310
23630,3509443,103,3509546
23631,3509612,6,3509618
23632,3510193,22,3510215
23633,3510368,13,3510381
23634,3510616,19,3510635
23635,3510655,20,3510675
23636,3510739,8,3510747
23637,3510805,58,3510863
23638,3511024,43,3511067
23639,3511071,18,3511089
23640,3511127,22,3511149
23641,3511263,83,3511346
23642,3511454,92,3511546
23643,3511560,4,3511564
23644,3511580,61,3511641
23645,3511791,43,3511834
23646,3511903,11,3511914
23647,3512024,10,3512034
23648,3512112,82,3512194
23649,3512207,57,3512264
23650,3512383,186,3512569
23651,3512998,92,3513090
23652,3513269,19,3513288
23653,3513328,43,3513371
23654,3513383,52,3513435
23655,3513467,87,3513554
23656,3513712,158,3513870
23657,3514002,71,3514073
23658,3514133,12,3514145
23659,3514189,66,3514255
23660,3514287,3,3514290
23661,3514293,44,3514337
23662,3514538,6,3514544
23663,3514592,37,3514629
23664,3514739,86,3514825
23665,3514874,26,3514900
23666,3514905,39,3514944
23667,3515256,19,3515275
23668,3515278,1,3515279
23669,3515316,42,3515358
23670,3515427,38,3515465
23671,3515490,1,3515491
23672,3515555,18,3515573
23673,3515820,1,3515821
23674,3515837,66,3515903
23675,3515965,6,3515971
23676,3516097,8,3516105
23677,3516269,17,3516286
23678,3516616,127,3516743
23679,3516774,3,3516777
23680,3516883,3,3516886
23681,3516924,12,3516936
23682,3517407,10,3517417
23683,3517457,28,3517485
23684,3517506,243,3517749
23685,3517807,52,3517859
23686,3518010,95,3518105
23687,3518131,56,3518187
23688,3518333,70,3518403
23689,3518510,29,3518539
23690,3518557,62,3518619
23691,3518840,26,3518866
23692,3519069,18,3519087
23693,3519298,63,3519361
23694,3519366,2,3519368
23695,3519369,29,3519398
23696,3519435,18,3519453
23697,3519473,17,3519490
23698,3519727,15,3519742
23699,3519988,159,3520147
23700,3520319,4,3520323
23701,3520330,19,3520349
23702,3520372,34,3520406
23703,3520795,14,3520809
23704,3520868,4,3520872
23705,3520883,50,3520933
23706,3520999,10,3521009
23707,3521079,76,3521155
23708,3521281,15,3521296
23709,3521516,32,3521548
23710,3521580,48,3521628
23711,3521648,79,3521727
23712,3521758,5,3521763
23713,3522271,81,3522352
23714,3522364,41,3522405
23715,3522448,41,3522489
23716,3522568,39,3522607
23717,3522747,25,3522772
23718,3522887,17,3522904
23719,3522998,40,3523038
23720,3523083,52,3523135
23721,3523174,11,3523185
23722,3523197,66,3523263
23723,3523272,156,3523428
23724,3523580,8,3523588
23725,3523644,28,3523672
23726,3523687,11,3523698
23727,3523717,49,3523766
23728,3524189,23,3524212
23729,3524268,44,3524312
23730,3524460,54,3524514
23731,3524564,60,3524624
23732,3524794,14,3524808
23733,3524903,118,3525021
23734,3525107,34,3525141
23735,3525165,10,3525175
23736,3525216,22,3525238
23737,3525285,39,3525324
23738,3525491,11,3525502
23739,3525507,17,3525524
23740,3525564,16,3525580
23741,3525596,17,3525613
23742,3525627,41,3525668
23743,3525772,5,3525777
23744,3525836,12,3525848
23745,3525860,59,3525919
23746,3526153,9,3526162
23747,3526351,74,3526425
23748,3526432,12,3526444
23749,3526454,86,3526540
23750,3526584,14,3526598
23751,3526601,3,3526604
23752,3526713,63,3526776
23753,3526784,18,3526802
23754,3526863,66,3526929
23755,3527292,20,3527312
23756,3527316,260,3527576
23757,3527610,47,3527657
23758,3527665,2,3527667
23759,3527711,42,3527753
23760,3527763,29,3527792
23761,3527797,21,3527818
23762,3527969,67,3528036
23763,3528079,48,3528127
23764,3528154,38,3528192
23765,3528303,10,3528313
23766,3528482,34,3528516
23767,3528743,5,3528748
23768,3528753,2,3528755
23769,3528795,48,3528843
23770,3529125,101,3529226
23771,3529246,69,3529315
23772,3529396,59,3529455
23773,3529495,75,3529570
23774,3529593,104,3529697
23775,3529752,43,3529795
23776,3530173,18,3530191
23777,3530195,8,3530203
23778,3530334,36,3530370
23779,3530483,20,3530503
23780,3530669,377,3531046
23781,3531140,10,3531150
23782,3531234,94,3531328
23783,3531363,57,3531420
23784,3531455,39,3531494
23785,3531524,85,3531609
23786,3531652,11,3531663
23787,3531679,178,3531857
23788,3531916,105,3532021
23789,3532035,6,3532041
23790,3532174,47,3532221
23791,3532276,69,3532345
23792,3532380,41,3532421
23793,3532571,6,3532577
23794,3532701,21,3532722
23795,3532882,34,3532916
23796,3532979,5,3532984
23797,3533037,41,3533078
23798,3533131,37,3533168
23799,3533638,35,3533673
23800,3533903,39,3533942
23801,3533982,26,3534008
23802,3534046,39,3534085
23803,3534143,38,3534181
23804,3534359,35,3534394
23805,3534403,14,3534417
23806,3534431,13,3534444
23807,3534446,116,3534562
23808,3534706,66,3534772
23809,3534798,66,3534864
23810,3534882,53,3534935
23811,3534996,25,3535021
23812,3535086,2,3535088
23813,3535098,12,3535110
23814,3535125,10,3535135
23815,3535156,39,3535195
23816,3535253,56,3535309
23817,3535329,32,3535361
23818,3535374,4,3535378
23819,3535420,19,3535439
23820,3535506,115,3535621
23821,3535703,26,3535729
23822,3535748,1,3535749
23823,3535775,8,3535783
23824,3535784,38,3535822
23825,3535911,16,3535927
23826,3535967,4,3535971
23827,3536018,18,3536036
23828,3536091,3,3536094
23829,3536137,7,3536144
23830,3536219,133,3536352
23831,3536427,33,3536460
23832,3536544,23,3536567
23833,3536615,34,3536649
23834,3536692,47,3536739
23835,3536827,132,3536959
23836,3536967,121,3537088
23837,3537291,10,3537301
23838,3537553,141,3537694
23839,3537789,536,3538325
23840,3538335,65,3538400
23841,3538422,22,3538444
23842,3538654,62,3538716
23843,3538893,36,3538929
23844,3539124,12,3539136
23845,3539274,21,3539295
23846,3539455,12,3539467
23847,3539569,21,3539590
23848,3539636,6,3539642
23849,3539782,45,3539827
23850,3539948,48,3539996
23851,3540099,24,3540123
23852,3540283,119,3540402
23853,3540412,321,3540733
23854,3540774,2,3540776
23855,3541101,1,3541102
23856,3541117,57,3541174
23857,3541248,42,3541290
23858,3541375,12,3541387
23859,3541435,50,3541485
23860,3541543,19,3541562
23861,3541578,22,3541600
23862,3541637,137,3541774
23863,3541858,30,3541888
23864,3541909,81,3541990
23865,3542270,2,3542272
23866,3542414,34,3542448
23867,3542501,26,3542527
23868,3542602,141,3542743
23869,3542868,83,3542951
23870,3542984,38,3543022
23871,3543106,87,3543193
23872,3543274,7,3543281
23873,3543293,31,3543324
23874,3543878,34,3543912
23875,3543913,53,3543966
23876,3544000,114,3544114
23877,3544246,116,3544362
23878,3544395,63,3544458
23879,3544578,78,3544656
23880,3544735,3,3544738
23881,3544886,31,3544917
23882,3545058,31,3545089
23883,3545182,44,3545226
23884,3545328,6,3545334
23885,3545363,84,3545447
23886,3545566,24,3545590
23887,3545599,32,3545631
23888,3545646,62,3545708
23889,3545783,92,3545875
23890,3545902,13,3545915
23891,3546091,38,3546129
23892,3546178,39,3546217
23893,3546298,96,3546394
23894,3546440,6,3546446
23895,3546473,74,3546547
23896,3546741,69,3546810
23897,3546957,14,3546971
23898,3547031,6,3547037
23899,3547038,182,3547220
23900,3547559,53,3547612
23901,3547665,48,3547713
23902,3547808,31,3547839
23903,3547874,268,3548142
23904,3548251,92,3548343
23905,3548483,56,3548539
23906,3548914,57,3548971
23907,3549009,13,3549022
23908,3549060,62,3549122
23909,3549300,27,3549327
23910,3549369,36,3549405
23911,3549420,12,3549432
23912,3549537,17,3549554
23913,3549722,5,3549727
23914,3549730,62,3549792
23915,3549876,23,3549899
23916,3550033,11,3550044
23917,3550051,55,3550106
23918,3550138,35,3550173
23919,3550349,5,3550354
23920,3550407,10,3550417
23921,3550584,11,3550595
23922,3550616,56,3550672
23923,3550742,1,3550743
23924,3550753,45,3550798
23925,3550822,38,3550860
23926,3550931,25,3550956
23927,3551107,141,3551248
23928,3551515,19,3551534
23929,3551850,104,3551954
23930,3552012,8,3552020
23931,3552056,20,3552076
23932,3552369,32,3552401
23933,3552712,21,3552733
23934,3552940,11,3552951
23935,3553118,64,3553182
23936,3553342,45,3553387
23937,3553440,72,3553512
23938,3553546,125,3553671
23939,3553678,102,3553780
23940,3554076,15,3554091
23941,3554142,93,3554235
23942,3554242,95,3554337
23943,3554394,37,3554431
23944,3554732,44,3554776
23945,3554783,101,3554884
23946,3554972,127,3555099
23947,3555104,28,3555132
23948,3555394,85,3555479
23949,3555504,30,3555534
23950,3555598,63,3555661
23951,3555755,211,3555966
23952,3556127,85,3556212
23953,3556236,32,3556268
23954,3556641,147,3556788
23955,3556879,27,3556906
23956,3556966,50,3557016
23957,3557245,42,3557287
23958,3557621,1,3557622
23959,3557646,31,3557677
23960,3557803,29,3557832
23961,3558009,7,3558016
23962,3558022,59,3558081
23963,3558128,104,3558232
23964,3558242,44,3558286
23965,3558376,65,3558441
23966,3558458,56,3558514
23967,3558520,13,3558533
23968,3558544,26,3558570
23969,3558629,6,3558635
23970,3558710,2,3558712
23971,3558773,159,3558932
23972,3558935,43,3558978
23973,3559013,25,3559038
23974,3559192,23,3559215
23975,3559334,1,3559335
23976,3559368,7,3559375
23977,3559376,43,3559419
23978,3559457,54,3559511
23979,3559622,147,3559769
23980,3559786,10,3559796
23981,3560110,194,3560304
23982,3560493,46,3560539
23983,3560603,64,3560667
23984,3560730,13,3560743
23985,3560789,189,3560978
23986,3561057,28,3561085
23987,3561128,22,3561150
23988,3561159,122,3561281
23989,3561328,1,3561329
23990,3561612,36,3561648
23991,3561822,129,3561951
23992,3562146,16,3562162
23993,3562184,54,3562238
23994,3562760,49,3562809
23995,3563048,37,3563085
23996,3563331,66,3563397
23997,3563538,5,3563543
23998,3563567,14,3563581
23999,3563679,15,3563694
24000,3563886,134,3564020
24001,3564067,64,3564131
24002,3564316,1,3564317
24003,3564393,145,3564538
24004,3564746,19,3564765
24005,3564831,7,3564838
24006,3564924,100,3565024
24007,3565048,22,3565070
24008,3565078,107,3565185
24009,3565194,110,3565304
24010,3565363,128,3565491
24011,3565564,20,3565584
24012,3565998,37,3566035
24013,3566042,169,3566211
24014,3566228,34,3566262
24015,3566263,90,3566353
24016,3566404,96,3566500
24017,3566540,13,3566553
24018,3566724,18,3566742
24019,3566844,93,3566937
24020,3567113,25,3567138
24021,3567200,35,3567235
24022,3567348,167,3567515
24023,3567518,36,3567554
24024,3567620,42,3567662
24025,3567785,44,3567829
24026,3567943,49,3567992
24027,3568129,17,3568146
24028,3568228,23,3568251
24029,3568308,19,3568327
24030,3568375,3,3568378
24031,3568519,142,3568661
24032,3568758,19,3568777
24033,3568907,9,3568916
24034,3568947,96,3569043
24035,3569188,17,3569205
24036,3569321,74,3569395
24037,3569514,47,3569561
24038,3569625,148,3569773
24039,3570038,154,3570192
24040,3570328,75,3570403
24041,3570443,165,3570608
24042,3570785,51,3570836
24043,3570844,3,3570847
24044,3570868,168,3571036
24045,3571156,42,3571198
24046,3571268,45,3571313
24047,3571314,2,3571316
24048,3571455,118,3571573
24049,3571773,47,3571820
24050,3571877,22,3571899
24051,3571998,29,3572027
24052,3572037,97,3572134
24053,3572166,27,3572193
24054,3572435,12,3572447
24055,3572473,37,3572510
24056,3572631,6,3572637
24057,3572741,17,3572758
24058,3573177,60,3573237
24059,3573505,18,3573523
24060,3573705,119,3573824
24061,3574052,131,3574183
24062,3574219,4,3574223
24063,3574348,169,3574517
24064,3574664,119,3574783
24065,3574928,5,3574933
24066,3574964,76,3575040
24067,3575067,8,3575075
24068,3575105,19,3575124
24069,3575217,62,3575279
24070,3575305,47,3575352
24071,3575390,146,3575536
24072,3575563,9,3575572
24073,3575604,18,3575622
24074,3575661,80,3575741
24075,3575778,1,3575779
24076,3575884,3,3575887
24077,3575931,42,3575973
24078,3575994,78,3576072
24079,3576107,21,3576128
24080,3576176,4,3576180
24081,3576378,41,3576419
24082,3576646,39,3576685
24083,3576804,17,3576821
24084,3576907,41,3576948
24085,3577045,24,3577069
24086,3577329,2,3577331
24087,3577345,10,3577355
24088,3577716,41,3577757
24089,3577980,26,3578006
24090,3578009,65,3578074
24091,3578175,28,3578203
24092,3578334,44,3578378
24093,3578385,98,3578483
24094,3578521,5,3578526
24095,3578674,9,3578683
24096,3578701,26,3578727
24097,3578824,94,3578918
24098,3579255,85,3579340
24099,3579341,28,3579369
24100,3579378,39,3579417
24101,3579498,13,3579511
24102,3579644,26,3579670
24103,3579894,122,3580016
24104,3580127,11,3580138
24105,3580187,5,3580192
24106,3580281,12,3580293
24107,3580341,143,3580484
24108,3580550,21,3580571
24109,3580580,1,3580581
24110,3580639,22,3580661
24111,3580701,25,3580726
24112,3580783,79,3580862
24113,3580915,63,3580978
24114,3580988,84,3581072
24115,3581088,5,3581093
24116,3581491,37,3581528
24117,3581608,58,3581666
24118,3581744,150,3581894
24119,3581902,49,3581951
24120,3582145,6,3582151
24121,3582168,2,3582170
24122,3582197,18,3582215
24123,3582426,55,3582481
24124,3582533,42,3582575
24125,3582662,55,3582717
24126,3582767,7,3582774
24127,3582836,97,3582933
24128,3583100,7,3583107
24129,3583248,76,3583324
24130,3583540,30,3583570
24131,3583818,10,3583828
24132,3583873,139,3584012
24133,3584333,57,3584390
24134,3584600,35,3584635
24135,3584701,10,3584711
24136,3584723,31,3584754
24137,3584790,45,3584835
24138,3584997,44,3585041
24139,3585167,22,3585189
24140,3585195,238,3585433
24141,3585519,21,3585540
24142,3585712,83,3585795
24143,3585802,15,3585817
24144,3585851,104,3585955
24145,3585962,30,3585992
24146,3586064,23,3586087
24147,3586269,27,3586296
24148,3586446,108,3586554
24149,3586736,5,3586741
24150,3586916,94,3587010
24151,3587039,109,3587148
24152,3587488,23,3587511
24153,3587526,14,3587540
24154,3587621,54,3587675
24155,3587761,144,3587905
24156,3588178,21,3588199
24157,3588453,7,3588460
24158,3588474,35,3588509
24159,3588561,45,3588606
24160,3588675,22,3588697
24161,3588698,17,3588715
24162,3588745,21,3588766
24163,3588811,20,3588831
24164,3588851,82,3588933
24165,3588970,97,3589067
24166,3589171,27,3589198
24167,3589220,51,3589271
24168,3589277,26,3589303
24169,3589315,46,3589361
24170,3589489,40,3589529
24171,3589614,29,3589643
24172,3589651,43,3589694
24173,3589773,73,3589846
24174,3589847,30,3589877
24175,3589956,36,3589992
24176,3590063,16,3590079
24177,3590287,103,3590390
24178,3590431,11,3590442
24179,3590521,74,3590595
24180,3590678,33,3590711
24181,3590739,6,3590745
24182,3590843,215,3591058
24183,3591394,27,3591421
24184,3591444,36,3591480
24185,3591494,155,3591649
24186,3591797,1,3591798
24187,3591801,57,3591858
24188,3591958,26,3591984
24189,3591994,35,3592029
24190,3592060,77,3592137
24191,3592199,21,3592220
24192,3592238,31,3592269
24193,3592333,5,3592338
24194,3592388,29,3592417
24195,3592561,19,3592580
24196,3592606,73,3592679
24197,3593046,65,3593111
24198,3593115,1,3593116
24199,3593127,42,3593169
24200,3593188,5,3593193
24201,3593344,14,3593358
24202,3593390,83,3593473
24203,3593551,76,3593627
24204,3593723,1,3593724
24205,3593845,55,3593900
24206,3593954,134,3594088
24207,3594431,11,3594442
24208,3594480,212,3594692
24209,3594893,172,3595065
24210,3595196,100,3595296
24211,3595476,65,3595541
24212,3595548,14,3595562
24213,3595597,20,3595617
24214,3595629,121,3595750
24215,3596757,53,3596810
24216,3596877,9,3596886
24217,3596937,105,3597042
24218,3597057,47,3597104
24219,3597108,48,3597156
24220,3597344,85,3597429
24221,3597522,10,3597532
24222,3597608,162,3597770
24223,3597776,47,3597823
24224,3597874,49,3597923
24225,3598020,25,3598045
24226,3598051,132,3598183
24227,3598191,77,3598268
24228,3598689,72,3598761
24229,3598828,103,3598931
24230,3599058,60,3599118
24231,3599193,80,3599273
24232,3599348,131,3599479
24233,3599588,26,3599614
24234,3599646,130,3599776
24235,3599878,54,3599932
24236,3599961,18,3599979
24237,3599993,21,3600014
24238,3600085,20,3600105
24239,3600485,84,3600569
24240,3600594,42,3600636
24241,3600672,59,3600731
24242,3600968,47,3601015
24243,3601114,21,3601135
24244,3601226,85,3601311
24245,3601370,49,3601419
24246,3601564,67,3601631
24247,3601736,13,3601749
24248,3601873,147,3602020
24249,3602196,2,3602198
24250,3602442,67,3602509
24251,3602533,37,3602570
24252,3602658,16,3602674
24253,3602812,74,3602886
24254,3602942,41,3602983
24255,3603085,63,3603148
24256,3603162,116,3603278
24257,3603323,75,3603398
24258,3603438,12,3603450
24259,3603517,9,3603526
24260,3603572,107,3603679
24261,3603724,47,3603771
24262,3603866,124,3603990
24263,3604198,94,3604292
24264,3604328,24,3604352
24265,3604453,137,3604590
24266,3604608,66,3604674
24267,3604731,27,3604758
24268,3604780,47,3604827
24269,3604889,5,3604894
24270,3604956,70,3605026
24271,3605069,164,3605233
24272,3605360,20,3605380
24273,3605486,41,3605527
24274,3605690,5,3605695
24275,3605786,21,3605807
24276,3605832,232,3606064
24277,3606187,13,3606200
24278,3606281,11,3606292
24279,3606683,11,3606694
24280,3606709,70,3606779
24281,3606819,65,3606884
24282,3607012,7,3607019
24283,3607048,102,3607150
24284,3607245,16,3607261
24285,3607485,11,3607496
24286,3607553,21,3607574
24287,3607700,15,3607715
24288,3607849,131,3607980
24289,3607995,24,3608019
24290,3608357,18,3608375
24291,3608547,5,3608552
24292,3608554,86,3608640
24293,3608651,5,3608656
24294,3608866,37,3608903
24295,3608964,34,3608998
24296,3609094,9,3609103
24297,3609106,62,3609168
24298,3609255,23,3609278
24299,3609587,17,3609604
24300,3609654,79,3609733
24301,3609809,35,3609844
24302,3609861,70,3609931
24303,3610010,25,3610035
24304,3610062,47,3610109
24305,3610205,45,3610250
24306,3610252,27,3610279
24307,3610427,55,3610482
24308,3610562,55,3610617
24309,3610680,3,3610683
24310,3610906,160,3611066
24311,3611070,44,3611114
24312,3611291,37,3611328
24313,3611331,83,3611414
24314,3611595,195,3611790
24315,3611910,67,3611977
24316,3612008,79,3612087
24317,3612137,45,3612182
24318,3612336,200,3612536
24319,3612660,5,3612665
24320,3612775,5,3612780
24321,3612801,92,3612893
24322,3613093,84,3613177
24323,3613217,6,3613223
24324,3613373,23,3613396
24325,3613498,5,3613503
24326,3613518,22,3613540
24327,3613663,1,3613664
24328,3613738,135,3613873
24329,3614136,17,3614153
24330,3614180,50,3614230
24331,3614262,54,3614316
24332,3614455,58,3614513
24333,3614869,89,3614958
24334,3615129,77,3615206
24335,3615484,23,3615507
24336,3615580,104,3615684
24337,3615805,95,3615900
24338,3615945,5,3615950
24339,3616132,9,3616141
24340,3616179,72,3616251
24341,3616374,3,3616377
24342,3616414,27,3616441
24343,3616451,8,3616459
24344,3616540,55,3616595
24345,3616609,155,3616764
24346,3616817,99,3616916
24347,3616995,4,3616999
24348,3617326,32,3617358
24349,3617421,135,3617556
24350,3617574,14,3617588
24351,3617619,111,3617730
24352,3617744,31,3617775
24353,3617826,82,3617908
24354,3617966,32,3617998
24355,3618063,3,3618066
24356,3618179,180,3618359
24357,3618506,42,3618548
24358,3618560,17,3618577
24359,3618665,18,3618683
24360,3618721,25,3618746
24361,3618777,61,3618838
24362,3618892,17,3618909
24363,3619139,10,3619149
24364,3619254,131,3619385
24365,3619427,82,3619509
24366,3619704,172,3619876
24367,3620085,83,3620168
24368,3620470,8,3620478
24369,3620619,87,3620706
24370,3620754,52,3620806
24371,3620821,17,3620838
24372,3620841,26,3620867
24373,3620989,32,3621021
24374,3621353,112,3621465
24375,3621508,46,3621554
24376,3621573,3,3621576
24377,3621654,3,3621657
24378,3621739,25,3621764
24379,3621818,22,3621840
24380,3621866,7,3621873
24381,3622065,50,3622115
24382,3622206,156,3622362
24383,3622401,38,3622439
24384,3622478,2,3622480
24385,3622623,75,3622698
24386,3622911,1,3622912
24387,3622930,75,3623005
24388,3623177,37,3623214
24389,3623244,1,3623245
24390,3623285,65,3623350
24391,3623478,28,3623506
24392,3623536,103,3623639
24393,3623942,6,3623948
24394,3623953,9,3623962
24395,3624024,1,3624025
24396,3624043,14,3624057
24397,3624257,41,3624298
24398,3624468,108,3624576
24399,3625123,20,3625143
24400,3625286,46,3625332
24401,3625436,69,3625505
24402,3625700,30,3625730
24403,3625805,93,3625898
24404,3625911,21,3625932
24405,3625942,32,3625974
24406,3626044,42,3626086
24407,3626159,118,3626277
24408,3626374,10,3626384
24409,3626396,117,3626513
24410,3626546,59,3626605
24411,3626615,9,3626624
24412,3626676,22,3626698
24413,3626873,39,3626912
24414,3627031,34,3627065
24415,3627272,42,3627314
24416,3627632,67,3627699
24417,3627775,31,3627806
24418,3627829,94,3627923
24419,3628065,20,3628085
24420,3628106,20,3628126
24421,3628131,14,3628145
24422,3628484,38,3628522
24423,3628714,62,3628776
24424,3628785,71,3628856
24425,3628858,39,3628897
24426,3629058,86,3629144
24427,3629147,72,3629219
24428,3629221,23,3629244
24429,3629403,31,3629434
24430,3629739,25,3629764
24431,3629809,8,3629817
24432,3629874,40,3629914
24433,3630119,34,3630153
24434,3630259,35,3630294
24435,3630309,30,3630339
24436,3630932,43,3630975
24437,3631092,17,3631109
24438,3631111,83,3631194
24439,3631252,7,3631259
24440,3631280,22,3631302
24441,3631316,29,3631345
24442,3631394,84,3631478
24443,3631683,75,3631758
24444,3631932,250,3632182
24445,3632269,74,3632343
24446,3632401,53,3632454
24447,3632538,16,3632554
24448,3632898,6,3632904
24449,3633141,22,3633163
24450,3633199,5,3633204
24451,3633311,11,3633322
24452,3633474,57,3633531
24453,3633874,11,3633885
24454,3633940,3,3633943
24455,3633970,11,3633981
24456,3634303,8,3634311
24457,3634515,28,3634543
24458,3634703,51,3634754
24459,3634872,34,3634906
24460,3635082,38,3635120
24461,3635287,7,3635294
24462,3635595,85,3635680
24463,3635754,45,3635799
24464,3635825,18,3635843
24465,3635845,1,3635846
24466,3636005,25,3636030
24467,3636052,9,3636061
24468,3636150,86,3636236
24469,3636614,23,3636637
24470,3636738,24,3636762
24471,3637070,37,3637107
24472,3637238,203,3637441
24473,3637589,130,3637719
24474,3637741,36,3637777
24475,3637857,11,3637868
24476,3637978,41,3638019
24477,3638111,24,3638135
24478,3638174,39,3638213
24479,3638560,12,3638572
24480,3638681,27,3638708
24481,3639019,24,3639043
24482,3639157,16,3639173
24483,3639273,17,3639290
24484,3639362,14,3639376
24485,3639412,10,3639422
24486,3639436,21,3639457
24487,3639496,72,3639568
24488,3639603,47,3639650
24489,3639781,28,3639809
24490,3639954,18,3639972
24491,3640048,7,3640055
24492,3640067,52,3640119
24493,3640401,23,3640424
24494,3640466,103,3640569
24495,3640634,4,3640638
24496,3640675,18,3640693
24497,3640732,63,3640795
24498,3640862,15,3640877
24499,3640911,7,3640918
24500,3641076,39,3641115
24501,3641120,6,3641126
24502,3641205,7,3641212
24503,3641221,108,3641329
24504,3641453,5,3641458
24505,3641520,6,3641526
24506,3641563,63,3641626
24507,3641809,6,3641815
24508,3641830,28,3641858
24509,3641996,83,3642079
24510,3642137,54,3642191
24511,3642272,9,3642281
24512,3642563,58,3642621
24513,3642839,23,3642862
24514,3643158,5,3643163
24515,3643270,53,3643323
24516,3643341,78,3643419
24517,3643421,15,3643436
24518,3643541,57,3643598
24519,3643607,1,3643608
24520,3643755,17,3643772
24521,3643809,50,3643859
24522,3643862,52,3643914
24523,3643927,49,3643976
24524,3644062,15,3644077
24525,3644174,19,3644193
24526,3644196,7,3644203
24527,3644347,72,3644419
24528,3644484,36,3644520
24529,3644696,33,3644729
24530,3644806,46,3644852
24531,3644924,75,3644999
24532,3645050,28,3645078
24533,3645395,5,3645400
24534,3645486,16,3645502
24535,3645531,67,3645598
24536,3645669,11,3645680
24537,3645758,5,3645763
24538,3645832,100,3645932
24539,3646224,75,3646299
24540,3646393,95,3646488
24541,3646503,152,3646655
24542,3646726,40,3646766
24543,3646952,67,3647019
24544,3647184,3,3647187
24545,3647216,36,3647252
24546,3647365,40,3647405
24547,3647937,47,3647984
24548,3648067,6,3648073
24549,3648131,83,3648214
24550,3648248,10,3648258
24551,3648592,48,3648640
24552,3648757,227,3648984
24553,3649036,51,3649087
24554,3649193,23,3649216
24555,3649295,3,3649298
24556,3649333,7,3649340
24557,3649565,53,3649618
24558,3649639,71,3649710
24559,3649765,17,3649782
24560,3649880,20,3649900
24561,3649942,36,3649978
24562,3650133,76,3650209
24563,3650292,24,3650316
24564,3650359,40,3650399
24565,3650401,68,3650469
24566,3650516,31,3650547
24567,3650613,166,3650779
24568,3650801,5,3650806
24569,3650901,25,3650926
24570,3651046,45,3651091
24571,3651210,67,3651277
24572,3651584,66,3651650
24573,3651937,72,3652009
24574,3652058,34,3652092
24575,3652303,48,3652351
24576,3652429,101,3652530
24577,3652554,45,3652599
24578,3652649,37,3652686
24579,3652889,41,3652930
24580,3652938,197,3653135
24581,3653170,177,3653347
24582,3653422,239,3653661
24583,3653708,9,3653717
24584,3653753,4,3653757
24585,3653787,128,3653915
24586,3654112,91,3654203
24587,3654302,25,3654327
24588,3654374,145,3654519
24589,3654608,42,3654650
24590,3654668,13,3654681
24591,3654768,34,3654802
24592,3654885,26,3654911
24593,3655170,4,3655174
24594,3655189,47,3655236
24595,3655263,57,3655320
24596,3655431,19,3655450
24597,3655589,3,3655592
24598,3655764,7,3655771
24599,3655804,47,3655851
24600,3655932,1,3655933
24601,3655974,57,3656031
24602,3656092,12,3656104
24603,3656134,45,3656179
24604,3656387,28,3656415
24605,3656473,31,3656504
24606,3656507,27,3656534
24607,3656692,125,3656817
24608,3656996,16,3657012
24609,3657090,4,3657094
24610,3657325,49,3657374
24611,3657570,36,3657606
24612,3657711,72,3657783
24613,3657968,43,3658011
24614,3658139,48,3658187
24615,3658210,3,3658213
24616,3658334,155,3658489
24617,3658501,44,3658545
24618,3658557,11,3658568
24619,3658598,17,3658615
24620,3658794,38,3658832
24621,3658908,15,3658923
24622,3659120,36,3659156
24623,3659164,7,3659171
24624,3659314,32,3659346
24625,3659365,15,3659380
24626,3659464,104,3659568
24627,3659589,19,3659608
24628,3659807,18,3659825
24629,3659921,16,3659937
24630,3659948,30,3659978
24631,3660027,36,3660063
24632,3660099,7,3660106
24633,3660140,155,3660295
24634,3660472,133,3660605
24635,3660647,47,3660694
24636,3660814,98,3660912
24637,3660990,36,3661026
24638,3661062,132,3661194
24639,3661276,33,3661309
24640,3661369,37,3661406
24641,3661592,165,3661757
24642,3661767,50,3661817
24643,3661820,37,3661857
24644,3661896,15,3661911
24645,3661940,25,3661965
24646,3662016,29,3662045
24647,3662119,41,3662160
24648,3662166,160,3662326
24649,3662356,111,3662467
24650,3662528,40,3662568
24651,3663169,106,3663275
24652,3663460,138,3663598
24653,3663766,2,3663768
24654,3663807,2,3663809
24655,3664084,2,3664086
24656,3664164,10,3664174
24657,3664313,51,3664364
24658,3664469,244,3664713
24659,3665092,27,3665119
24660,3665368,30,3665398
24661,3665452,91,3665543
24662,3665584,114,3665698
24663,3665977,13,3665990
24664,3666032,36,3666068
24665,3666114,48,3666162
24666,3666616,15,3666631
24667,3666665,31,3666696
24668,3666737,30,3666767
24669,3666774,22,3666796
24670,3666806,76,3666882
24671,3667021,97,3667118
24672,3667220,72,3667292
24673,3667333,51,3667384
24674,3667466,69,3667535
24675,3667718,1,3667719
24676,3667987,53,3668040
24677,3668047,215,3668262
24678,3668676,17,3668693
24679,3668764,98,3668862
24680,3668920,5,3668925
24681,3669365,20,3669385
24682,3669585,24,3669609
24683,3669611,15,3669626
24684,3669688,11,3669699
24685,3669711,131,3669842
24686,3670166,2,3670168
24687,3670284,33,3670317
24688,3670353,46,3670399
24689,3670459,19,3670478
24690,3670741,27,3670768
24691,3670857,79,3670936
24692,3671202,130,3671332
24693,3671416,90,3671506
24694,3671530,11,3671541
24695,3671613,53,3671666
24696,3671895,52,3671947
24697,3672044,28,3672072
24698,3672078,27,3672105
24699,3672210,11,3672221
24700,3672255,139,3672394
24701,3672472,47,3672519
24702,3672771,125,3672896
24703,3672910,8,3672918
24704,3673096,47,3673143
24705,3673346,2,3673348
24706,3673451,109,3673560
24707,3673758,14,3673772
24708,3673787,171,3673958
24709,3674018,93,3674111
24710,3674183,17,3674200
24711,3674400,88,3674488
24712,3674578,3,3674581
24713,3674796,36,3674832
24714,3674839,15,3674854
24715,3674944,79,3675023
24716,3675096,6,3675102
24717,3675535,94,3675629
24718,3675697,3,3675700
24719,3675752,178,3675930
24720,3676039,13,3676052
24721,3676053,50,3676103
24722,3676254,59,3676313
24723,3676482,37,3676519
24724,3676520,3,3676523
24725,3676585,37,3676622
24726,3676674,39,3676713
24727,3676747,19,3676766
24728,3676827,2,3676829
24729,3676835,67,3676902
24730,3676908,42,3676950
24731,3677111,4,3677115
24732,3677169,33,3677202
24733,3677338,34,3677372
24734,3677495,5,3677500
24735,3677523,48,3677571
24736,3677628,48,3677676
24737,3677684,6,3677690
24738,3677812,268,3678080
24739,3678206,127,3678333
24740,3678533,41,3678574
24741,3678630,4,3678634
24742,3678679,9,3678688
24743,3678789,48,3678837
24744,3678950,23,3678973
24745,3678998,86,3679084
24746,3679334,32,3679366
24747,3679605,25,3679630
24748,3679769,26,3679795
24749,3679900,23,3679923
24750,3680094,13,3680107
24751,3680110,17,3680127
24752,3680312,33,3680345
24753,3680412,180,3680592
24754,3680595,6,3680601
24755,3680712,11,3680723
24756,3680879,78,3680957
24757,3681013,48,3681061
24758,3681349,59,3681408
24759,3681437,10,3681447
24760,3681584,6,3681590
24761,3681604,42,3681646
24762,3681752,100,3681852
24763,3681889,32,3681921
24764,3681943,125,3682068
24765,3682133,17,3682150
24766,3682296,211,3682507
24767,3682557,129,3682686
24768,3682698,39,3682737
24769,3683152,31,3683183
24770,3683210,202,3683412
24771,3683623,9,3683632
24772,3683678,49,3683727
24773,3683746,65,3683811
24774,3683922,160,3684082
24775,3684125,1,3684126
24776,3684305,45,3684350
24777,3684512,11,3684523
24778,3684633,62,3684695
24779,3684721,33,3684754
24780,3684823,112,3684935
24781,3685010,27,3685037
24782,3685073,18,3685091
24783,3685133,35,3685168
24784,3685382,130,3685512
24785,3685542,130,3685672
24786,3685709,15,3685724
24787,3685856,46,3685902
24788,3685971,48,3686019
24789,3686090,7,3686097
24790,3686249,275,3686524
24791,3686551,39,3686590
24792,3686721,27,3686748
24793,3686751,32,3686783
24794,3686795,97,3686892
24795,3686896,17,3686913
24796,3686973,231,3687204
24797,3687440,9,3687449
24798,3687511,60,3687571
24799,3687667,3,3687670
24800,3687710,8,3687718
24801,3687749,38,3687787
24802,3688159,124,3688283
24803,3688489,159,3688648
24804,3688696,40,3688736
24805,3688972,39,3689011
24806,3689061,30,3689091
24807,3689113,22,3689135
24808,3689347,4,3689351
24809,3689402,44,3689446
24810,3689459,5,3689464
24811,3689489,4,3689493
24812,3689516,121,3689637
24813,3689673,81,3689754
24814,3689831,4,3689835
24815,3689893,41,3689934
24816,3690146,76,3690222
24817,3690393,116,3690509
24818,3690817,1,3690818
24819,3690873,39,3690912
24820,3691114,76,3691190
24821,3691472,39,3691511
24822,3691574,40,3691614
24823,3691681,75,3691756
24824,3691858,30,3691888
24825,3692041,13,3692054
24826,3692211,19,3692230
24827,3692428,5,3692433
24828,3692541,46,3692587
24829,3692683,18,3692701
24830,3692726,43,3692769
24831,3693112,28,3693140
24832,3693185,2,3693187
24833,3693201,126,3693327
24834,3693420,38,3693458
24835,3693557,170,3693727
24836,3693879,21,3693900
24837,3693915,42,3693957
24838,3694107,9,3694116
24839,3694199,68,3694267
24840,3694303,20,3694323
24841,3694342,22,3694364
24842,3694391,26,3694417
24843,3694512,66,3694578
24844,3694676,34,3694710
24845,3694732,31,3694763
24846,3694787,103,3694890
24847,3694920,83,3695003
24848,3695057,72,3695129
24849,3695224,52,3695276
24850,3695446,1,3695447
24851,3695481,10,3695491
24852,3695581,194,3695775
24853,3695947,196,3696143
24854,3696331,15,3696346
24855,3696358,57,3696415
24856,3696534,64,3696598
24857,3696973,62,3697035
24858,3697061,8,3697069
24859,3697103,65,3697168
24860,3697229,44,3697273
24861,3697406,8,3697414
24862,3697549,1,3697550
24863,3697557,75,3697632
24864,3697761,9,3697770
24865,3697803,28,3697831
24866,3697951,17,3697968
24867,3697994,45,3698039
24868,3698226,111,3698337
24869,3698595,160,3698755
24870,3698834,27,3698861
24871,3699040,221,3699261
24872,3699302,18,3699320
24873,3699684,33,3699717
24874,3699826,209,3700035
24875,3700083,5,3700088
24876,3700173,41,3700214
24877,3700216,6,3700222
24878,3700232,10,3700242
24879,3700274,153,3700427
24880,3700478,4,3700482
24881,3700593,8,3700601
24882,3700608,6,3700614
24883,3701255,72,3701327
24884,3701465,27,3701492
24885,3701542,8,3701550
24886,3701587,97,3701684
24887,3701772,11,3701783
24888,3701841,23,3701864
24889,3702106,78,3702184
24890,3702399,87,3702486
24891,3702535,142,3702677
24892,3702776,62,3702838
24893,3703018,216,3703234
24894,3703329,15,3703344
24895,3703412,5,3703417
24896,3703504,79,3703583
24897,3703647,159,3703806
24898,3703857,47,3703904
24899,3704017,34,3704051
24900,3704268,50,3704318
24901,3704464,3,3704467
24902,3704494,61,3704555
24903,3704558,86,3704644
24904,3704734,86,3704820
24905,3704831,24,3704855
24906,3704955,2,3704957
24907,3704993,7,3705000
24908,3705066,98,3705164
24909,3705455,310,3705765
24910,3706234,3,3706237
24911,3706656,35,3706691
24912,3706799,22,3706821
24913,3706930,20,3706950
24914,3707065,220,3707285
24915,3707382,59,3707441
24916,3707513,8,3707521
24917,3707522,37,3707559
24918,3707643,17,3707660
24919,3707782,56,3707838
24920,3707974,26,3708000
24921,3708098,27,3708125
24922,3708195,1,3708196
24923,3708215,90,3708305
24924,3708394,97,3708491
24925,3708501,39,3708540
24926,3708543,10,3708553
24927,3708560,7,3708567
24928,3709005,42,3709047
24929,3709188,32,3709220
24930,3709236,210,3709446
24931,3709460,68,3709528
24932,3709842,43,3709885
24933,3710000,5,3710005
24934,3710167,21,3710188
24935,3710201,83,3710284
24936,3710596,9,3710605
24937,3710607,27,3710634
24938,3710638,40,3710678
24939,3710726,23,3710749
24940,3710848,143,3710991
24941,3711258,96,3711354
24942,3711362,12,3711374
24943,3711494,109,3711603
24944,3711635,8,3711643
24945,3711645,5,3711650
24946,3711789,111,3711900
24947,3712043,20,3712063
24948,3712067,60,3712127
24949,3712212,14,3712226
24950,3712283,33,3712316
24951,3712346,40,3712386
24952,3712681,3,3712684
24953,3712710,36,3712746
24954,3712779,55,3712834
24955,3712867,299,3713166
24956,3713199,116,3713315
24957,3713475,1,3713476
24958,3713605,109,3713714
24959,3713767,80,3713847
24960,3713992,12,3714004
24961,3714064,25,3714089
24962,3714105,10,3714115
24963,3714182,7,3714189
24964,3714359,12,3714371
24965,3714476,30,3714506
24966,3714525,9,3714534
24967,3714568,14,3714582
24968,3714584,2,3714586
24969,3714899,93,3714992
24970,3715276,3,3715279
24971,3715556,86,3715642
24972,3715955,46,3716001
24973,3716019,40,3716059
24974,3716336,101,3716437
24975,3716453,47,3716500
24976,3716635,11,3716646
24977,3716655,20,3716675
24978,3716746,46,3716792
24979,3716849,124,3716973
24980,3717408,45,3717453
24981,3717561,17,3717578
24982,3717599,21,3717620
24983,3717629,154,3717783
24984,3717851,105,3717956
24985,3717972,37,3718009
24986,3718048,28,3718076
24987,3718292,22,3718314
24988,3718454,32,3718486
24989,3718637,137,3718774
24990,3718816,29,3718845
24991,3718968,77,3719045
24992,3719095,10,3719105
24993,3719224,32,3719256
24994,3719268,59,3719327
24995,3719358,122,3719480
24996,3719498,67,3719565
24997,3719656,9,3719665
24998,3719716,9,3719725
24999,3719763,25,3719788
25000,3719896,6,3719902
25001,3719919,3,3719922
25002,3719927,67,3719994
25003,3720169,34,3720203
25004,3720252,120,3720372
25005,3720521,50,3720571
25006,3720707,37,3720744
25007,3720894,10,3720904
25008,3721204,43,3721247
25009,3721360,23,3721383
25010,3721473,16,3721489
25011,3721501,12,3721513
25012,3721669,8,3721677
25013,3721683,6,3721689
25014,3721745,27,3721772
25015,3722082,90,3722172
25016,3722475,13,3722488
25017,3722634,80,3722714
25018,3722814,3,3722817
25019,3723063,94,3723157
25020,3723320,109,3723429
25021,3723461,64,3723525
25022,3723574,78,3723652
25023,3723666,7,3723673
25024,3723700,112,3723812
25025,3723889,16,3723905
25026,3723969,21,3723990
25027,3724017,90,3724107
25028,3724149,142,3724291
25029,3724406,3,3724409
25030,3724480,19,3724499
25031,3724649,27,3724676
25032,3724723,1,3724724
25033,3724730,37,3724767
25034,3724905,16,3724921
25035,3725326,16,3725342
25036,3725357,5,3725362
25037,3725668,2,3725670
25038,3725678,15,3725693
25039,3725734,32,3725766
25040,3725848,33,3725881
25041,3725935,49,3725984
25042,3726031,49,3726080
25043,3726088,2,3726090
25044,3726142,46,3726188
25045,3726337,5,3726342
25046,3726353,55,3726408
25047,3726533,337,3726870
25048,3727081,23,3727104
25049,3727126,15,3727141
25050,3727160,2,3727162
25051,3727188,6,3727194
25052,3727331,59,3727390
25053,3727765,82,3727847
25054,3728090,60,3728150
25055,3728277,25,3728302
25056,3728394,7,3728401
25057,3728448,1,3728449
25058,3728574,45,3728619
25059,3728932,42,3728974
25060,3729297,11,3729308
25061,3729433,21,3729454
25062,3729582,23,3729605
25063,3729644,43,3729687
25064,3729904,10,3729914
25065,3729934,48,3729982
25066,3730281,165,3730446
25067,3730496,52,3730548
25068,3730758,178,3730936
25069,3730960,55,3731015
25070,3731115,19,3731134
25071,3731198,63,3731261
25072,3731346,10,3731356
25073,3731524,107,3731631
25074,3731735,91,3731826
25075,3731897,157,3732054
25076,3732250,65,3732315
25077,3732643,41,3732684
25078,3732923,16,3732939
25079,3733146,5,3733151
25080,3733203,4,3733207
25081,3733257,5,3733262
25082,3733387,5,3733392
25083,3733734,4,3733738
25084,3733871,51,3733922
25085,3734044,34,3734078
25086,3734306,24,3734330
25087,3734478,18,3734496
25088,3734560,31,3734591
25089,3734765,42,3734807
25090,3734913,9,3734922
25091,3734995,45,3735040
25092,3735086,21,3735107
25093,3735126,83,3735209
25094,3735228,41,3735269
25095,3735306,178,3735484
25096,3735678,6,3735684
25097,3735698,35,3735733
25098,3735784,21,3735805
25099,3735948,107,3736055
25100,3736126,45,3736171
25101,3736391,4,3736395
25102,3736460,70,3736530
25103,3736558,10,3736568
25104,3736603,2,3736605
25105,3736778,38,3736816
25106,3736889,64,3736953
25107,3737199,12,3737211
25108,3737582,32,3737614
25109,3737650,58,3737708
25110,3737781,72,3737853
25111,3737890,10,3737900
25112,3737914,10,3737924
25113,3738258,91,3738349
25114,3738390,20,3738410
25115,3738523,48,3738571
25116,3738597,75,3738672
25117,3738818,6,3738824
25118,3738949,9,3738958
25119,3738975,31,3739006
25120,3739007,35,3739042
25121,3739099,8,3739107
25122,3739158,117,3739275
25123,3739348,14,3739362
25124,3739433,36,3739469
25125,3739629,35,3739664
25126,3739791,3,3739794
25127,3739920,43,3739963
25128,3740050,109,3740159
25129,3740418,6,3740424
25130,3740426,31,3740457
25131,3740544,101,3740645
25132,3740669,42,3740711
25133,3740764,131,3740895
25134,3740898,8,3740906
25135,3741001,36,3741037
25136,3741325,104,3741429
25137,3741431,59,3741490
25138,3741499,245,3741744
25139,3741791,11,3741802
25140,3741831,47,3741878
25141,3742019,75,3742094
25142,3742122,31,3742153
25143,3742263,42,3742305
25144,3742377,67,3742444
25145,3742473,22,3742495
25146,3742514,47,3742561
25147,3742758,8,3742766
25148,3742943,34,3742977
25149,3742987,15,3743002
25150,3743219,23,3743242
25151,3743245,131,3743376
25152,3743386,5,3743391
25153,3743992,40,3744032
25154,3744309,115,3744424
25155,3744546,24,3744570
25156,3744803,14,3744817
25157,3744934,32,3744966
25158,3745058,14,3745072
25159,3745096,5,3745101
25160,3745125,18,3745143
25161,3745229,26,3745255
25162,3745261,46,3745307
25163,3745422,34,3745456
25164,3745467,12,3745479
25165,3745692,31,3745723
25166,3745874,13,3745887
25167,3745906,67,3745973
25168,3746101,263,3746364
25169,3746368,18,3746386
25170,3746440,56,3746496
25171,3746542,139,3746681
25172,3746732,12,3746744
25173,3746865,38,3746903
25174,3746905,17,3746922
25175,3746985,22,3747007
25176,3747030,36,3747066
25177,3747086,78,3747164
25178,3747292,106,3747398
25179,3747410,9,3747419
25180,3747427,86,3747513
25181,3747615,4,3747619
25182,3747724,47,3747771
25183,3747811,13,3747824
25184,3747960,4,3747964
25185,3748039,309,3748348
25186,3748381,6,3748387
25187,3748402,189,3748591
25188,3748675,126,3748801
25189,3748809,59,3748868
25190,3748906,73,3748979
25191,3749299,29,3749328
25192,3749531,73,3749604
25193,3749754,66,3749820
25194,3749883,7,3749890
25195,3750053,41,3750094
25196,3750377,70,3750447
25197,3750702,48,3750750
25198,3750782,23,3750805
25199,3750871,26,3750897
25200,3750944,2,3750946
25201,3751127,110,3751237
25202,3751389,75,3751464
25203,3751492,4,3751496
25204,3751645,2,3751647
25205,3751657,4,3751661
25206,3751743,36,3751779
25207,3751792,2,3751794
25208,3751868,6,3751874
25209,3752073,32,3752105
25210,3752249,19,3752268
25211,3752348,72,3752420
25212,3752559,15,3752574
25213,3752659,132,3752791
25214,3752906,8,3752914
25215,3752956,35,3752991
25216,3753001,250,3753251
25217,3753289,2,3753291
25218,3753403,19,3753422
25219,3753445,14,3753459
25220,3753768,12,3753780
25221,3753793,2,3753795
25222,3753813,17,3753830
25223,3753928,94,3754022
25224,3754045,60,3754105
25225,3754146,15,3754161
25226,3754318,17,3754335
25227,3754431,16,3754447
25228,3754650,13,3754663
25229,3754672,7,3754679
25230,3754836,109,3754945
25231,3755146,4,3755150
25232,3755297,12,3755309
25233,3755366,27,3755393
25234,3755524,29,3755553
25235,3755582,22,3755604
25236,3755686,98,3755784
25237,3755802,101,3755903
25238,3756045,36,3756081
25239,3756206,38,3756244
25240,3756666,9,3756675
25241,3756711,20,3756731
25242,3756791,120,3756911
25243,3756984,62,3757046
25244,3757096,57,3757153
25245,3757178,27,3757205
25246,3757262,15,3757277
25247,3757305,6,3757311
25248,3757562,26,3757588
25249,3757617,277,3757894
25250,3758059,37,3758096
25251,3758114,13,3758127
25252,3758170,37,3758207
25253,3758350,19,3758369
25254,3758506,68,3758574
25255,3758596,97,3758693
25256,3758772,2,3758774
25257,3759123,96,3759219
25258,3759225,46,3759271
25259,3759535,25,3759560
25260,3759648,105,3759753
25261,3760076,4,3760080
25262,3760090,14,3760104
25263,3760137,53,3760190
25264,3760198,13,3760211
25265,3760247,88,3760335
25266,3760492,38,3760530
25267,3760792,59,3760851
25268,3761043,142,3761185
25269,3761248,15,3761263
25270,3761540,127,3761667
25271,3761691,47,3761738
25272,3761746,11,3761757
25273,3761772,26,3761798
25274,3761831,62,3761893
25275,3762159,41,3762200
25276,3762501,61,3762562
25277,3762581,57,3762638
25278,3763019,58,3763077
25279,3763104,27,3763131
25280,3763196,4,3763200
25281,3763274,9,3763283
25282,3763324,158,3763482
25283,3763636,30,3763666
25284,3763727,99,3763826
25285,3763832,23,3763855
25286,3763944,116,3764060
25287,3764095,3,3764098
25288,3764120,75,3764195
25289,3764238,1,3764239
25290,3764508,13,3764521
25291,3764602,42,3764644
25292,3764693,10,3764703
25293,3764765,34,3764799
25294,3764893,45,3764938
25295,3765003,4,3765007
25296,3765070,24,3765094
25297,3765111,1,3765112
25298,3765135,156,3765291
25299,3765335,136,3765471
25300,3765545,5,3765550
25301,3765580,3,3765583
25302,3765937,41,3765978
25303,3766019,3,3766022
25304,3766093,25,3766118
25305,3766133,19,3766152
25306,3766172,36,3766208
25307,3766256,186,3766442
25308,3766535,12,3766547
25309,3766814,101,3766915
25310,3766935,14,3766949
25311,3767109,126,3767235
25312,3767296,126,3767422
25313,3767533,9,3767542
25314,3767549,49,3767598
25315,3767779,5,3767784
25316,3768070,52,3768122
25317,3768359,33,3768392
25318,3768519,4,3768523
25319,3768670,16,3768686
25320,3768692,20,3768712
25321,3768741,13,3768754
25322,3768958,80,3769038
25323,3769054,4,3769058
25324,3769081,44,3769125
25325,3769296,126,3769422
25326,3769473,43,3769516
25327,3769535,9,3769544
25328,3769606,18,3769624
25329,3769658,25,3769683
25330,3769694,71,3769765
25331,3769827,51,3769878
25332,3769902,47,3769949
25333,3769987,41,3770028
25334,3770127,60,3770187
25335,3770264,32,3770296
25336,3770331,98,3770429
25337,3770735,8,3770743
25338,3770851,70,3770921
25339,3771033,38,3771071
25340,3771087,32,3771119
25341,3771165,47,3771212
25342,3771324,78,3771402
25343,3771822,57,3771879
25344,3772122,12,3772134
25345,3772231,3,3772234
25346,3772250,176,3772426
25347,3772593,43,3772636
25348,3772637,85,3772722
25349,3772733,4,3772737
25350,3772805,28,3772833
25351,3772994,86,3773080
25352,3773110,3,3773113
25353,3773259,13,3773272
25354,3773299,19,3773318
25355,3773379,11,3773390
25356,3773447,6,3773453
25357,3773560,205,3773765
25358,3773785,68,3773853
25359,3773867,38,3773905
25360,3773980,70,3774050
25361,3774404,6,3774410
25362,3774446,39,3774485
25363,3774694,15,3774709
25364,3774888,24,3774912
25365,3775074,157,3775231
25366,3775366,15,3775381
25367,3775440,24,3775464
25368,3775480,11,3775491
25369,3775559,151,3775710
25370,3775812,42,3775854
25371,3776060,13,3776073
25372,3776188,46,3776234
25373,3776244,36,3776280
25374,3776654,11,3776665
25375,3776799,77,3776876
25376,3777337,6,3777343
25377,3777351,18,3777369
25378,3777426,8,3777434
25379,3777469,7,3777476
25380,3777534,35,3777569
25381,3777816,73,3777889
25382,3777940,7,3777947
25383,3778187,25,3778212
25384,3778358,1,3778359
25385,3778463,49,3778512
25386,3778534,13,3778547
25387,3778582,1,3778583
25388,3778642,4,3778646
25389,3778903,4,3778907
25390,3778957,99,3779056
25391,3779236,95,3779331
25392,3779359,45,3779404
25393,3779592,42,3779634
25394,3779688,36,3779724
25395,3779742,43,3779785
25396,3779896,65,3779961
25397,3780055,22,3780077
25398,3780301,116,3780417
25399,3780768,13,3780781
25400,3780791,6,3780797
25401,3780818,44,3780862
25402,3780932,31,3780963
25403,3780972,80,3781052
25404,3781055,5,3781060
25405,3781173,10,3781183
25406,3781304,17,3781321
25407,3781335,70,3781405
25408,3781533,70,3781603
25409,3781656,67,3781723
25410,3781774,40,3781814
25411,3781943,63,3782006
25412,3782093,13,3782106
25413,3782146,65,3782211
25414,3782325,43,3782368
25415,3782437,65,3782502
25416,3782523,31,3782554
25417,3782558,112,3782670
25418,3782969,56,3783025
25419,3783265,49,3783314
25420,3783321,12,3783333
25421,3783360,127,3783487
25422,3783492,176,3783668
25423,3783706,47,3783753
25424,3783891,100,3783991
25425,3784007,20,3784027
25426,3784045,33,3784078
25427,3784143,180,3784323
25428,3784382,11,3784393
25429,3784662,77,3784739
25430,3784747,27,3784774
25431,3784958,36,3784994
25432,3785045,15,3785060
25433,3785401,66,3785467
25434,3785523,65,3785588
25435,3785682,129,3785811
25436,3785875,78,3785953
25437,3785999,293,3786292
25438,3786299,63,3786362
25439,3786372,15,3786387
25440,3786446,6,3786452
25441,3786567,34,3786601
25442,3786882,11,3786893
25443,3786978,152,3787130
25444,3787209,114,3787323
25445,3787418,75,3787493
25446,3787566,9,3787575
25447,3787775,142,3787917
25448,3787995,24,3788019
25449,3788132,21,3788153
25450,3788403,10,3788413
25451,3788442,47,3788489
25452,3788539,68,3788607
25453,3788708,157,3788865
25454,3788967,3,3788970
25455,3788995,12,3789007
25456,3789192,22,3789214
25457,3789355,12,3789367
25458,3789409,176,3789585
25459,3789600,9,3789609
25460,3789617,91,3789708
25461,3789790,14,3789804
25462,3789932,22,3789954
25463,3790047,178,3790225
25464,3790336,74,3790410
25465,3790653,37,3790690
25466,3790736,52,3790788
25467,3790896,7,3790903
25468,3791106,124,3791230
25469,3791266,42,3791308
25470,3791406,5,3791411
25471,3791413,66,3791479
25472,3791779,2,3791781
25473,3791806,16,3791822
25474,3791869,112,3791981
25475,3792014,77,3792091
25476,3792135,25,3792160
25477,3792285,54,3792339
25478,3792605,1,3792606
25479,3792829,31,3792860
25480,3792996,1,3792997
25481,3793010,11,3793021
25482,3793206,14,3793220
25483,3793478,116,3793594
25484,3793597,17,3793614
25485,3793692,32,3793724
25486,3793855,89,3793944
25487,3794048,107,3794155
25488,3794204,93,3794297
25489,3794309,72,3794381
25490,3794452,3,3794455
25491,3794726,31,3794757
25492,3795091,3,3795094
25493,3795101,38,3795139
25494,3795388,33,3795421
25495,3795599,46,3795645
25496,3795758,25,3795783
25497,3796276,28,3796304
25498,3796358,27,3796385
25499,3796441,6,3796447
25500,3796684,5,3796689
25501,3796725,41,3796766
25502,3796806,66,3796872
25503,3796889,117,3797006
25504,3797085,46,3797131
25505,3797161,16,3797177
25506,3797230,22,3797252
25507,3797394,80,3797474
25508,3797666,62,3797728
25509,3797814,4,3797818
25510,3797827,75,3797902
25511,3797986,111,3798097
25512,3798120,9,3798129
25513,3798148,5,3798153
25514,3798221,50,3798271
25515,3798473,47,3798520
25516,3798724,12,3798736
25517,3798765,7,3798772
25518,3798838,18,3798856
25519,3798928,30,3798958
25520,3798989,76,3799065
25521,3799124,8,3799132
25522,3799136,17,3799153
25523,3799201,45,3799246
25524,3799263,2,3799265
25525,3799290,26,3799316
25526,3799409,45,3799454
25527,3799524,3,3799527
25528,3799690,81,3799771
25529,3800007,27,3800034
25530,3800157,120,3800277
25531,3800473,80,3800553
25532,3800635,36,3800671
25533,3800863,25,3800888
25534,3800901,114,3801015
25535,3801116,50,3801166
25536,3801195,8,3801203
25537,3801230,15,3801245
25538,3801252,44,3801296
25539,3801467,87,3801554
25540,3802102,32,3802134
25541,3802135,36,3802171
25542,3802178,9,3802187
25543,3802258,16,3802274
25544,3802326,40,3802366
25545,3802452,10,3802462
25546,3802596,17,3802613
25547,3802673,29,3802702
25548,3802859,184,3803043
25549,3803174,71,3803245
25550,3803256,4,3803260
25551,3803339,36,3803375
25552,3803564,32,3803596
25553,3803779,22,3803801
25554,3803860,35,3803895
25555,3803916,2,3803918
25556,3803949,58,3804007
25557,3804019,34,3804053
25558,3804101,65,3804166
25559,3804195,58,3804253
25560,3804369,16,3804385
25561,3804454,50,3804504
25562,3804548,90,3804638
25563,3804791,28,3804819
25564,3804869,203,3805072
25565,3805172,19,3805191
25566,3805244,12,3805256
25567,3805284,17,3805301
25568,3805315,18,3805333
25569,3805526,64,3805590
25570,3805696,39,3805735
25571,3805737,10,3805747
25572,3805774,35,3805809
25573,3805810,43,3805853
25574,3805871,1,3805872
25575,3805957,19,3805976
25576,3806000,4,3806004
25577,3806217,96,3806313
25578,3806371,39,3806410
25579,3806496,35,3806531
25580,3806653,3,3806656
25581,3806705,55,3806760
25582,3807019,24,3807043
25583,3807109,25,3807134
25584,3807180,1,3807181
25585,3807236,33,3807269
25586,3807347,36,3807383
25587,3807509,34,3807543
25588,3807560,10,3807570
25589,3807691,35,3807726
25590,3807728,22,3807750
25591,3808215,2,3808217
25592,3808443,29,3808472
25593,3808617,26,3808643
25594,3808702,108,3808810
25595,3808820,21,3808841
25596,3808844,53,3808897
25597,3809086,34,3809120
25598,3809432,2,3809434
25599,3809443,32,3809475
25600,3809500,52,3809552
25601,3809567,37,3809604
25602,3809657,9,3809666
25603,3809678,43,3809721
25604,3809736,58,3809794
25605,3809826,53,3809879
25606,3809892,165,3810057
25607,3810180,75,3810255
25608,3810504,32,3810536
25609,3810540,22,3810562
25610,3810609,9,3810618
25611,3810675,15,3810690
25612,3810816,33,3810849
25613,3810940,30,3810970
25614,3810986,41,3811027
25615,3811090,2,3811092
25616,3811109,19,3811128
25617,3811176,47,3811223
25618,3811243,110,3811353
25619,3811419,8,3811427
25620,3811498,123,3811621
25621,3811630,115,3811745
25622,3811747,28,3811775
25623,3811953,108,3812061
25624,3812177,22,3812199
25625,3812594,34,3812628
25626,3812735,41,3812776
25627,3813177,20,3813197
25628,3813366,57,3813423
25629,3813458,24,3813482
25630,3813490,52,3813542
25631,3813708,21,3813729
25632,3813971,28,3813999
25633,3814132,20,3814152
25634,3814280,1,3814281
25635,3814286,13,3814299
25636,3814386,25,3814411
25637,3814448,54,3814502
25638,3814575,62,3814637
25639,3814643,24,3814667
25640,3814768,104,3814872
25641,3814885,144,3815029
25642,3815134,39,3815173
25643,3815219,2,3815221
25644,3815373,106,3815479
25645,3815715,73,3815788
25646,3815789,65,3815854
25647,3815856,10,3815866
25648,3815914,87,3816001
25649,3816239,125,3816364
25650,3816387,17,3816404
25651,3816429,21,3816450
25652,3816473,6,3816479
25653,3816836,24,3816860
25654,3816956,17,3816973
25655,3816998,2,3817000
25656,3817293,63,3817356
25657,3817469,22,3817491
25658,3817807,53,3817860
25659,3817946,1,3817947
25660,3817956,30,3817986
25661,3818022,42,3818064
25662,3818131,39,3818170
25663,3818321,13,3818334
25664,3818575,186,3818761
25665,3818872,53,3818925
25666,3819013,82,3819095
25667,3819471,4,3819475
25668,3819483,3,3819486
25669,3819553,102,3819655
25670,3819679,22,3819701
25671,3819762,125,3819887
25672,3820057,16,3820073
25673,3820144,43,3820187
25674,3820300,8,3820308
25675,3820381,19,3820400
25676,3820588,22,3820610
25677,3820611,37,3820648
25678,3820672,15,3820687
25679,3820763,19,3820782
25680,3820837,9,3820846
25681,3821047,3,3821050
25682,3821063,6,3821069
25683,3821083,50,3821133
25684,3821168,136,3821304
25685,3821464,29,3821493
25686,3821509,7,3821516
25687,3821637,45,3821682
25688,3821912,151,3822063
25689,3822198,36,3822234
25690,3822271,2,3822273
25691,3822349,72,3822421
25692,3822454,16,3822470
25693,3822638,68,3822706
25694,3822798,19,3822817
25695,3822984,21,3823005
25696,3823014,21,3823035
25697,3823074,17,3823091
25698,3823202,44,3823246
25699,3823254,46,3823300
25700,3823330,58,3823388
25701,3823402,70,3823472
25702,3823542,103,3823645
25703,3823681,96,3823777
25704,3823956,14,3823970
25705,3824030,1,3824031
25706,3824160,177,3824337
25707,3824345,26,3824371
25708,3824682,51,3824733
25709,3824834,18,3824852
25710,3825056,24,3825080
25711,3825281,103,3825384
25712,3825450,14,3825464
25713,3825716,66,3825782
25714,3826246,11,3826257
25715,3826269,2,3826271
25716,3826418,30,3826448
25717,3826449,8,3826457
25718,3826520,65,3826585
25719,3826599,22,3826621
25720,3826639,58,3826697
25721,3826724,63,3826787
25722,3826820,24,3826844
25723,3827015,72,3827087
25724,3827109,106,3827215
25725,3827265,10,3827275
25726,3827502,50,3827552
25727,3827610,54,3827664
25728,3827764,36,3827800
25729,3827831,70,3827901
25730,3828349,55,3828404
25731,3828427,16,3828443
25732,3828462,18,3828480
25733,3828689,153,3828842
25734,3828852,121,3828973
25735,3828999,76,3829075
25736,3829082,3,3829085
25737,3829097,20,3829117
25738,3829184,11,3829195
25739,3829306,34,3829340
25740,3829348,71,3829419
25741,3829425,167,3829592
25742,3829740,35,3829775
25743,3829923,48,3829971
25744,3829996,80,3830076
25745,3830122,169,3830291
25746,3830631,25,3830656
25747,3830830,24,3830854
25748,3830949,6,3830955
25749,3830968,16,3830984
25750,3830985,31,3831016
25751,3831054,42,3831096
25752,3831097,83,3831180
25753,3831206,14,3831220
25754,3831243,88,3831331
25755,3831417,32,3831449
25756,3831468,73,3831541
25757,3831549,63,3831612
25758,3831746,49,3831795
25759,3831879,36,3831915
25760,3831993,8,3832001
25761,3832035,61,3832096
25762,3832111,8,3832119
25763,3832172,10,3832182
25764,3832312,4,3832316
25765,3832354,48,3832402
25766,3832407,24,3832431
25767,3832629,19,3832648
25768,3832670,3,3832673
25769,3832717,268,3832985
25770,3833094,2,3833096
25771,3833104,33,3833137
25772,3833194,30,3833224
25773,3833238,39,3833277
25774,3833347,6,3833353
25775,3833411,16,3833427
25776,3833774,96,3833870
25777,3833912,168,3834080
25778,3834424,68,3834492
25779,3834516,7,3834523
25780,3834620,9,3834629
25781,3834720,35,3834755
25782,3834759,35,3834794
25783,3834815,18,3834833
25784,3834991,124,3835115
25785,3835124,13,3835137
25786,3835263,51,3835314
25787,3835876,16,3835892
25788,3835934,103,3836037
25789,3836164,145,3836309
25790,3836773,25,3836798
25791,3836804,14,3836818
25792,3836872,74,3836946
25793,3836993,6,3836999
25794,3837016,99,3837115
25795,3837120,7,3837127
25796,3837148,34,3837182
25797,3837280,16,3837296
25798,3837310,14,3837324
25799,3837353,9,3837362
25800,3837379,4,3837383
25801,3837570,69,3837639
25802,3837851,50,3837901
25803,3838025,31,3838056
25804,3838077,24,3838101
25805,3838306,13,3838319
25806,3838422,1,3838423
25807,3838585,77,3838662
25808,3838672,7,3838679
25809,3838684,10,3838694
25810,3838717,115,3838832
25811,3838840,10,3838850
25812,3838898,17,3838915
25813,3838932,6,3838938
25814,3838983,49,3839032
25815,3839043,130,3839173
25816,3839199,62,3839261
25817,3839267,30,3839297
25818,3839394,171,3839565
25819,3839801,103,3839904
25820,3840014,5,3840019
25821,3840041,17,3840058
25822,3840123,36,3840159
25823,3840270,33,3840303
25824,3840312,36,3840348
25825,3840359,52,3840411
25826,3840500,59,3840559
25827,3840599,14,3840613
25828,3840784,38,3840822
25829,3841040,27,3841067
25830,3841232,20,3841252
25831,3841372,115,3841487
25832,3841493,11,3841504
25833,3841698,25,3841723
25834,3841752,88,3841840
25835,3841875,89,3841964
25836,3842095,33,3842128
25837,3842137,17,3842154
25838,3842216,72,3842288
25839,3842292,76,3842368
25840,3842405,16,3842421
25841,3842490,65,3842555
25842,3842637,112,3842749
25843,3842755,3,3842758
25844,3842841,22,3842863
25845,3842882,31,3842913
25846,3842918,22,3842940
25847,3842961,38,3842999
25848,3843014,6,3843020
25849,3843175,2,3843177
25850,3843416,15,3843431
25851,3843434,22,3843456
25852,3843468,58,3843526
25853,3843581,82,3843663
25854,3843974,63,3844037
25855,3844040,69,3844109
25856,3844115,49,3844164
25857,3844363,72,3844435
25858,3844506,6,3844512
25859,3844530,41,3844571
25860,3844708,13,3844721
25861,3844912,12,3844924
25862,3844964,46,3845010
25863,3845177,119,3845296
25864,3845372,50,3845422
25865,3845445,69,3845514
25866,3845641,76,3845717
25867,3845815,29,3845844
25868,3846015,71,3846086
25869,3846112,20,3846132
25870,3846172,10,3846182
25871,3846184,47,3846231
25872,3846298,46,3846344
25873,3846443,12,3846455
25874,3846636,13,3846649
25875,3846767,31,3846798
25876,3846840,74,3846914
25877,3847007,81,3847088
25878,3847258,24,3847282
25879,3847453,75,3847528
25880,3847564,26,3847590
25881,3847663,25,3847688
25882,3847747,38,3847785
25883,3847998,29,3848027
25884,3848028,2,3848030
25885,3848289,44,3848333
25886,3848352,78,3848430
25887,3848461,8,3848469
25888,3848567,79,3848646
25889,3848713,49,3848762
25890,3848765,24,3848789
25891,3848801,1,3848802
25892,3849002,132,3849134
25893,3849138,63,3849201
25894,3849234,112,3849346
25895,3849347,15,3849362
25896,3849663,3,3849666
25897,3849757,43,3849800
25898,3849905,21,3849926
25899,3849951,17,3849968
25900,3850070,77,3850147
25901,3850458,2,3850460
25902,3850472,42,3850514
25903,3850515,37,3850552
25904,3850643,43,3850686
25905,3850708,258,3850966
25906,3851055,45,3851100
25907,3851175,62,3851237
25908,3851241,15,3851256
25909,3851333,45,3851378
25910,3851474,92,3851566
25911,3851581,29,3851610
25912,3851623,51,3851674
25913,3851746,73,3851819
25914,3851908,20,3851928
25915,3852026,32,3852058
25916,3852085,117,3852202
25917,3852653,61,3852714
25918,3852774,49,3852823
25919,3852862,19,3852881
25920,3852887,73,3852960
25921,3853062,45,3853107
25922,3853442,5,3853447
25923,3853657,3,3853660
25924,3853661,90,3853751
25925,3853752,66,3853818
25926,3853831,31,3853862
25927,3854037,60,3854097
25928,3854134,15,3854149
25929,3854211,3,3854214
25930,3854264,34,3854298
25931,3854319,3,3854322
25932,3854378,43,3854421
25933,3854475,19,3854494
25934,3854525,85,3854610
25935,3854644,9,3854653
25936,3854829,5,3854834
25937,3854930,77,3855007
25938,3855200,56,3855256
25939,3855398,21,3855419
25940,3855510,1,3855511
25941,3855674,62,3855736
25942,3855775,35,3855810
25943,3855935,11,3855946
25944,3855961,117,3856078
25945,3856254,19,3856273
25946,3856376,127,3856503
25947,3856794,88,3856882
25948,3856904,50,3856954
25949,3856958,73,3857031
25950,3857091,89,3857180
25951,3857415,62,3857477
25952,3857488,47,3857535
25953,3857579,39,3857618
25954,3857790,68,3857858
25955,3857867,20,3857887
25956,3858376,20,3858396
25957,3858498,56,3858554
25958,3858650,107,3858757
25959,3858768,18,3858786
25960,3858937,57,3858994
25961,3859135,7,3859142
25962,3859265,5,3859270
25963,3859288,76,3859364
25964,3859446,9,3859455
25965,3859493,46,3859539
25966,3859648,16,3859664
25967,3859714,54,3859768
25968,3859848,3,3859851
25969,3859911,85,3859996
25970,3860057,3,3860060
25971,3860136,19,3860155
25972,3860410,5,3860415
25973,3860434,163,3860597
25974,3860635,28,3860663
25975,3860689,41,3860730
25976,3860744,54,3860798
25977,3860864,72,3860936
25978,3860948,59,3861007
25979,3861038,6,3861044
25980,3861097,43,3861140
25981,3861155,68,3861223
25982,3861309,7,3861316
25983,3861343,4,3861347
25984,3861350,150,3861500
25985,3861541,106,3861647
25986,3861781,22,3861803
25987,3861879,42,3861921
25988,3862059,87,3862146
25989,3862179,90,3862269
25990,3862344,43,3862387
25991,3862487,1,3862488
25992,3862499,22,3862521
25993,3862678,75,3862753
25994,3862783,203,3862986
25995,3862999,24,3863023
25996,3863066,99,3863165
25997,3863477,37,3863514
25998,3863532,180,3863712
25999,3863919,79,3863998
26000,3864043,2,3864045
26001,3864067,57,3864124
26002,3864154,139,3864293
26003,3864310,57,3864367
26004,3864443,75,3864518
26005,3864533,29,3864562
26006,3864663,69,3864732
26007,3864834,23,3864857
26008,3865011,16,3865027
26009,3865085,21,3865106
26010,3865248,47,3865295
26011,3865623,49,3865672
26012,3865820,3,3865823
26013,3865846,6,3865852
26014,3865861,95,3865956
26015,3866011,42,3866053
26016,3866237,53,3866290
26017,3866303,2,3866305
26018,3866377,11,3866388
26019,3866498,67,3866565
26020,3866615,91,3866706
26021,3866712,7,3866719
26022,3866729,146,3866875
26023,3866978,249,3867227
26024,3867282,41,3867323
26025,3867333,59,3867392
26026,3867484,13,3867497
26027,3867627,47,3867674
26028,3867717,7,3867724
26029,3867894,3,3867897
26030,3867945,18,3867963
26031,3867975,25,3868000
26032,3868102,99,3868201
26033,3868272,48,3868320
26034,3868741,14,3868755
26035,3868964,148,3869112
26036,3869713,10,3869723
26037,3869736,20,3869756
26038,3869776,4,3869780
26039,3869852,34,3869886
26040,3869982,21,3870003
26041,3870073,7,3870080
26042,3870108,154,3870262
26043,3870292,45,3870337
26044,3870340,84,3870424
26045,3870493,19,3870512
26046,3870611,23,3870634
26047,3870700,66,3870766
26048,3870843,17,3870860
26049,3870866,6,3870872
26050,3870892,20,3870912
26051,3871021,140,3871161
26052,3871240,8,3871248
26053,3871401,34,3871435
26054,3871455,30,3871485
26055,3871501,7,3871508
26056,3871564,15,3871579
26057,3871677,27,3871704
26058,3872072,158,3872230
26059,3872370,5,3872375
26060,3872521,134,3872655
26061,3872684,43,3872727
26062,3872971,44,3873015
26063,3873026,86,3873112
26064,3873136,14,3873150
26065,3873257,148,3873405
26066,3873654,22,3873676
26067,3873715,82,3873797
26068,3873984,32,3874016
26069,3874038,28,3874066
26070,3874365,24,3874389
26071,3874524,46,3874570
26072,3874660,16,3874676
26073,3874740,2,3874742
26074,3874773,3,3874776
26075,3874781,97,3874878
26076,3874912,9,3874921
26077,3874952,28,3874980
26078,3875009,27,3875036
26079,3875193,17,3875210
26080,3875354,16,3875370
26081,3875493,202,3875695
26082,3875797,43,3875840
26083,3876274,6,3876280
26084,3876383,30,3876413
26085,3876497,31,3876528
26086,3876733,25,3876758
26087,3876764,334,3877098
26088,3877173,95,3877268
26089,3877433,21,3877454
26090,3877494,23,3877517
26091,3877622,48,3877670
26092,3877824,31,3877855
26093,3878068,29,3878097
26094,3878113,64,3878177
26095,3878289,45,3878334
26096,3878389,19,3878408
26097,3878463,85,3878548
26098,3878658,6,3878664
26099,3878825,1,3878826
26100,3879005,80,3879085
26101,3879241,24,3879265
26102,3879295,10,3879305
26103,3879398,5,3879403
26104,3879525,16,3879541
26105,3879728,106,3879834
26106,3879887,10,3879897
26107,3880003,56,3880059
26108,3880074,10,3880084
26109,3880397,86,3880483
26110,3880531,77,3880608
26111,3880763,60,3880823
26112,3880951,31,3880982
26113,3881070,58,3881128
26114,3881155,2,3881157
26115,3881173,36,3881209
26116,3881637,100,3881737
26117,3881865,28,3881893
26118,3881943,140,3882083
26119,3882103,97,3882200
26120,3882254,4,3882258
26121,3882359,23,3882382
26122,3882554,49,3882603
26123,3882636,31,3882667
26124,3882801,133,3882934
26125,3882957,14,3882971
26126,3883039,65,3883104
26127,3883147,10,3883157
26128,3883242,7,3883249
26129,3883457,48,3883505
26130,3883541,34,3883575
26131,3883813,54,3883867
26132,3883911,130,3884041
26133,3884054,34,3884088
26134,3884104,67,3884171
26135,3884206,61,3884267
26136,3884496,34,3884530
26137,3884578,41,3884619
26138,3884785,40,3884825
26139,3884888,26,3884914
26140,3884990,44,3885034
26141,3885133,10,3885143
26142,3885322,100,3885422
26143,3885427,15,3885442
26144,3885551,24,3885575
26145,3885632,22,3885654
26146,3885783,52,3885835
26147,3885887,41,3885928
26148,3886023,1,3886024
26149,3886059,72,3886131
26150,3886162,91,3886253
26151,3886385,34,3886419
26152,3886644,47,3886691
26153,3886767,22,3886789
26154,3886849,6,3886855
26155,3886907,41,3886948
26156,3887099,9,3887108
26157,3887167,22,3887189
26158,3887407,72,3887479
26159,3887506,106,3887612
26160,3887710,54,3887764
26161,3887845,58,3887903
26162,3888186,80,3888266
26163,3888330,51,3888381
26164,3888403,40,3888443
26165,3888528,8,3888536
26166,3888616,101,3888717
26167,3888732,21,3888753
26168,3888777,61,3888838
26169,3888878,32,3888910
26170,3889158,3,3889161
26171,3889215,48,3889263
26172,3889307,57,3889364
26173,3889398,37,3889435
26174,3889565,28,3889593
26175,3889665,45,3889710
26176,3889763,32,3889795
26177,3889816,55,3889871
26178,3889923,210,3890133
26179,3890153,5,3890158
26180,3890365,14,3890379
26181,3890386,6,3890392
26182,3890630,44,3890674
26183,3890753,10,3890763
26184,3890821,28,3890849
26185,3890873,51,3890924
26186,3890936,19,3890955
26187,3891068,83,3891151
26188,3891487,15,3891502
26189,3891641,45,3891686
26190,3891984,97,3892081
26191,3892239,19,3892258
26192,3892306,29,3892335
26193,3892522,68,3892590
26194,3892640,8,3892648
26195,3892677,17,3892694
26196,3892764,46,3892810
26197,3893018,20,3893038
26198,3893121,4,3893125
26199,3893273,18,3893291
26200,3893535,3,3893538
26201,3893654,92,3893746
26202,3893757,28,3893785
26203,3893830,50,3893880
26204,3893969,34,3894003
26205,3894036,13,3894049
26206,3894085,14,3894099
26207,3894375,27,3894402
26208,3894468,20,3894488
26209,3894836,71,3894907
26210,3894961,27,3894988
26211,3895140,30,3895170
26212,3895194,24,3895218
26213,3895231,139,3895370
26214,3895399,29,3895428
26215,3895578,18,3895596
26216,3895647,89,3895736
26217,3895772,63,3895835
26218,3895965,90,3896055
26219,3896098,35,3896133
26220,3896328,50,3896378
26221,3896386,57,3896443
26222,3896655,28,3896683
26223,3896794,5,3896799
26224,3896821,16,3896837
26225,3896986,3,3896989
26226,3897310,121,3897431
26227,3897499,52,3897551
26228,3897747,7,3897754
26229,3897857,18,3897875
26230,3897899,15,3897914
26231,3898178,16,3898194
26232,3898297,32,3898329
26233,3898385,30,3898415
26234,3898421,36,3898457
26235,3898704,73,3898777
26236,3898816,31,3898847
26237,3898873,31,3898904
26238,3898960,38,3898998
26239,3899252,1,3899253
26240,3899316,51,3899367
26241,3899388,45,3899433
26242,3899491,4,3899495
26243,3899693,162,3899855
26244,3900014,64,3900078
26245,3900127,67,3900194
26246,3900233,49,3900282
26247,3900288,45,3900333
26248,3900539,12,3900551
26249,3900571,69,3900640
26250,3900671,13,3900684
26251,3900773,98,3900871
26252,3900974,11,3900985
26253,3901139,116,3901255
26254,3901376,43,3901419
26255,3901545,6,3901551
26256,3901601,98,3901699
26257,3901975,43,3902018
26258,3902264,1,3902265
26259,3902286,3,3902289
26260,3902345,18,3902363
26261,3902378,80,3902458
26262,3902525,11,3902536
26263,3902576,10,3902586
26264,3902669,2,3902671
26265,3903001,21,3903022
26266,3903033,30,3903063
26267,3903306,58,3903364
26268,3903752,130,3903882
26269,3903953,38,3903991
26270,3904076,100,3904176
26271,3904223,14,3904237
26272,3904274,11,3904285
26273,3904546,37,3904583
26274,3904593,31,3904624
26275,3904650,39,3904689
26276,3904805,15,3904820
26277,3904888,52,3904940
26278,3904970,11,3904981
26279,3905131,20,3905151
26280,3905231,29,3905260
26281,3905362,17,3905379
26282,3905398,123,3905521
26283,3905583,6,3905589
26284,3905695,36,3905731
26285,3905989,4,3905993
26286,3906029,21,3906050
26287,3906160,140,3906300
26288,3906331,209,3906540
26289,3906586,76,3906662
26290,3906959,49,3907008
26291,3907324,29,3907353
26292,3907453,60,3907513
26293,3907545,1,3907546
26294,3907568,91,3907659
26295,3907665,29,3907694
26296,3907774,13,3907787
26297,3907876,97,3907973
26298,3908062,73,3908135
26299,3908486,46,3908532
26300,3908533,12,3908545
26301,3908579,31,3908610
26302,3908625,31,3908656
26303,3908764,2,3908766
26304,3908816,3,3908819
26305,3909080,69,3909149
26306,3909662,141,3909803
26307,3909816,18,3909834
26308,3910172,44,3910216
26309,3910523,13,3910536
26310,3910604,42,3910646
26311,3910698,37,3910735
26312,3910788,50,3910838
26313,3910892,34,3910926
26314,3911003,31,3911034
26315,3911148,62,3911210
26316,3911242,32,3911274
26317,3911291,8,3911299
26318,3911407,178,3911585
26319,3911593,5,3911598
26320,3911661,143,3911804
26321,3911971,49,3912020
26322,3912075,69,3912144
26323,3912173,171,3912344
26324,3912386,21,3912407
26325,3912417,32,3912449
26326,3912509,59,3912568
26327,3912611,15,3912626
26328,3912927,22,3912949
26329,3913162,262,3913424
26330,3913436,47,3913483
26331,3913597,2,3913599
26332,3913925,11,3913936
26333,3913950,32,3913982
26334,3914040,34,3914074
26335,3914298,19,3914317
26336,3914730,19,3914749
26337,3914860,7,3914867
26338,3915063,51,3915114
26339,3915179,3,3915182
26340,3915186,31,3915217
26341,3915299,5,3915304
26342,3915317,94,3915411
26343,3915428,22,3915450
26344,3915525,59,3915584
26345,3915604,10,3915614
26346,3915678,122,3915800
26347,3916214,3,3916217
26348,3916449,9,3916458
26349,3916565,16,3916581
26350,3916852,18,3916870
26351,3916928,55,3916983
26352,3917002,55,3917057
26353,3917076,92,3917168
26354,3917219,59,3917278
26355,3917279,10,3917289
26356,3917328,5,3917333
26357,3917360,56,3917416
26358,3917637,9,3917646
26359,3917701,40,3917741
26360,3917781,24,3917805
26361,3917847,79,3917926
26362,3917975,102,3918077
26363,3918191,116,3918307
26364,3918426,3,3918429
26365,3918431,28,3918459
26366,3918691,15,3918706
26367,3918846,34,3918880
26368,3918926,159,3919085
26369,3919103,18,3919121
26370,3919191,142,3919333
26371,3919381,52,3919433
26372,3919678,148,3919826
26373,3919875,35,3919910
26374,3919921,131,3920052
26375,3920096,4,3920100
26376,3920118,19,3920137
26377,3920205,6,3920211
26378,3920379,34,3920413
26379,3920425,6,3920431
26380,3920460,19,3920479
26381,3920542,11,3920553
26382,3920678,27,3920705
26383,3920879,84,3920963
26384,3921013,138,3921151
26385,3921333,7,3921340
26386,3921471,62,3921533
26387,3921558,135,3921693
26388,3921751,11,3921762
26389,3921817,6,3921823
26390,3921898,110,3922008
26391,3922084,83,3922167
26392,3922180,11,3922191
26393,3922507,57,3922564
26394,3922584,21,3922605
26395,3922609,128,3922737
26396,3922865,6,3922871
26397,3922953,26,3922979
26398,3923273,14,3923287
26399,3923368,61,3923429
26400,3923614,37,3923651
26401,3923866,16,3923882
26402,3924056,10,3924066
26403,3924400,74,3924474
26404,3924627,77,3924704
26405,3924736,20,3924756
26406,3924855,1,3924856
26407,3924985,10,3924995
26408,3925223,19,3925242
26409,3925287,1,3925288
26410,3925314,7,3925321
26411,3925370,34,3925404
26412,3925495,133,3925628
26413,3925765,15,3925780
26414,3925874,21,3925895
26415,3925911,39,3925950
26416,3926266,11,3926277
26417,3926280,30,3926310
26418,3926352,224,3926576
26419,3926734,23,3926757
26420,3926832,17,3926849
26421,3926986,14,3927000
26422,3927255,82,3927337
26423,3927360,15,3927375
26424,3927567,1,3927568
26425,3927571,159,3927730
26426,3927941,58,3927999
26427,3928042,8,3928050
26428,3928102,5,3928107
26429,3928326,3,3928329
26430,3928644,106,3928750
26431,3928797,4,3928801
26432,3929002,32,3929034
26433,3929356,39,3929395
26434,3929442,13,3929455
26435,3929619,52,3929671
26436,3929723,125,3929848
26437,3929897,9,3929906
26438,3929931,43,3929974
26439,3930193,69,3930262
26440,3930322,56,3930378
26441,3930379,14,3930393
26442,3930447,40,3930487
26443,3930497,100,3930597
26444,3930761,26,3930787
26445,3930844,504,3931348
26446,3931424,1,3931425
26447,3931439,38,3931477
26448,3931551,102,3931653
26449,3931668,22,3931690
26450,3931734,16,3931750
26451,3931843,41,3931884
26452,3932008,15,3932023
26453,3932063,107,3932170
26454,3932220,35,3932255
26455,3932329,27,3932356
26456,3932542,87,3932629
26457,3932691,66,3932757
26458,3933000,29,3933029
26459,3933365,48,3933413
26460,3933452,68,3933520
26461,3933533,8,3933541
26462,3933737,46,3933783
26463,3933933,57,3933990
26464,3934118,14,3934132
26465,3934311,97,3934408
26466,3934545,32,3934577
26467,3934580,12,3934592
26468,3934834,69,3934903
26469,3934916,18,3934934
26470,3934955,23,3934978
26471,3934994,89,3935083
26472,3935106,30,3935136
26473,3935293,153,3935446
26474,3935461,52,3935513
26475,3935534,78,3935612
26476,3935620,9,3935629
26477,3935642,115,3935757
26478,3935758,80,3935838
26479,3935903,110,3936013
26480,3936034,65,3936099
26481,3936353,29,3936382
26482,3936431,106,3936537
26483,3936805,77,3936882
26484,3936913,44,3936957
26485,3936992,7,3936999
26486,3937014,28,3937042
26487,3937270,29,3937299
26488,3937605,3,3937608
26489,3937654,54,3937708
26490,3937808,3,3937811
26491,3937823,18,3937841
26492,3937867,62,3937929
26493,3937995,91,3938086
26494,3938273,49,3938322
26495,3938411,136,3938547
26496,3938555,8,3938563
26497,3938791,5,3938796
26498,3938884,49,3938933
26499,3939053,54,3939107
26500,3939423,6,3939429
26501,3939582,35,3939617
26502,3939666,6,3939672
26503,3939959,81,3940040
26504,3940095,85,3940180
26505,3940191,14,3940205
26506,3940243,11,3940254
26507,3940276,4,3940280
26508,3940464,9,3940473
26509,3940665,25,3940690
26510,3940790,73,3940863
26511,3941080,109,3941189
26512,3941307,97,3941404
26513,3941502,32,3941534
26514,3941566,34,3941600
26515,3941628,26,3941654
26516,3941727,104,3941831
26517,3941834,57,3941891
26518,3941976,9,3941985
26519,3942120,80,3942200
26520,3942254,17,3942271
26521,3942307,79,3942386
26522,3942481,9,3942490
26523,3942532,10,3942542
26524,3942579,68,3942647
26525,3942669,35,3942704
26526,3942720,4,3942724
26527,3942828,95,3942923
26528,3943010,7,3943017
26529,3943092,80,3943172
26530,3943173,2,3943175
26531,3943192,40,3943232
26532,3943239,6,3943245
26533,3943395,3,3943398
26534,3943618,2,3943620
26535,3943995,25,3944020
26536,3944041,17,3944058
26537,3944358,39,3944397
26538,3944420,72,3944492
26539,3944534,112,3944646
26540,3944688,119,3944807
26541,3944959,22,3944981
26542,3944999,63,3945062
26543,3945160,5,3945165
26544,3945177,231,3945408
26545,3945437,63,3945500
26546,3945651,79,3945730
26547,3945808,36,3945844
26548,3946034,21,3946055
26549,3946322,72,3946394
26550,3946478,81,3946559
26551,3946582,7,3946589
26552,3946716,101,3946817
26553,3947166,170,3947336
26554,3947396,43,3947439
26555,3947456,185,3947641
26556,3947661,110,3947771
26557,3947899,37,3947936
26558,3948190,3,3948193
26559,3948285,65,3948350
26560,3948353,12,3948365
26561,3948543,34,3948577
26562,3948636,44,3948680
26563,3948770,20,3948790
26564,3948906,4,3948910
26565,3948912,139,3949051
26566,3949057,55,3949112
26567,3949139,26,3949165
26568,3949315,9,3949324
26569,3949476,139,3949615
26570,3949620,45,3949665
26571,3949718,33,3949751
26572,3949752,10,3949762
26573,3949767,12,3949779
26574,3949796,22,3949818
26575,3949894,10,3949904
26576,3949976,49,3950025
26577,3950134,101,3950235
26578,3950343,80,3950423
26579,3950467,24,3950491
26580,3950509,32,3950541
26581,3950624,64,3950688
26582,3950811,230,3951041
26583,3951162,21,3951183
26584,3951342,10,3951352
26585,3951398,6,3951404
26586,3951467,16,3951483
26587,3951777,1,3951778
26588,3951802,75,3951877
26589,3951911,33,3951944
26590,3952006,140,3952146
26591,3952232,58,3952290
26592,3952422,22,3952444
26593,3952530,46,3952576
26594,3952595,53,3952648
26595,3952676,4,3952680
26596,3952727,18,3952745
26597,3952870,13,3952883
26598,3952969,56,3953025
26599,3953053,18,3953071
26600,3953188,31,3953219
26601,3953302,26,3953328
26602,3953462,21,3953483
26603,3953522,10,3953532
26604,3953603,53,3953656
26605,3953796,43,3953839
26606,3953944,88,3954032
26607,3954202,25,3954227
26608,3954340,132,3954472
26609,3954656,29,3954685
26610,3954696,11,3954707
26611,3954844,37,3954881
26612,3954913,2,3954915
26613,3955032,27,3955059
26614,3955397,10,3955407
26615,3955448,50,3955498
26616,3955697,66,3955763
26617,3956195,38,3956233
26618,3956264,13,3956277
26619,3956284,4,3956288
26620,3956316,13,3956329
26621,3956336,2,3956338
26622,3956516,5,3956521
26623,3956546,64,3956610
26624,3956646,144,3956790
26625,3956799,22,3956821
26626,3957085,101,3957186
26627,3957190,100,3957290
26628,3957308,136,3957444
26629,3957499,68,3957567
26630,3957667,120,3957787
26631,3958078,24,3958102
26632,3958169,41,3958210
26633,3958280,15,3958295
26634,3958358,91,3958449
26635,3958592,19,3958611
26636,3958638,10,3958648
26637,3958692,126,3958818
26638,3958863,2,3958865
26639,3959149,28,3959177
26640,3959236,2,3959238
26641,3959258,47,3959305
26642,3959475,244,3959719
26643,3959725,103,3959828
26644,3959894,33,3959927
26645,3959946,96,3960042
26646,3960375,28,3960403
26647,3960624,147,3960771
26648,3960787,41,3960828
26649,3960908,84,3960992
26650,3961025,130,3961155
26651,3961185,134,3961319
26652,3961414,35,3961449
26653,3961496,180,3961676
26654,3961925,9,3961934
26655,3962107,37,3962144
26656,3962262,21,3962283
26657,3962355,11,3962366
26658,3962486,166,3962652
26659,3962696,97,3962793
26660,3962841,65,3962906
26661,3962959,29,3962988
26662,3963073,45,3963118
26663,3963280,1,3963281
26664,3963357,96,3963453
26665,3963492,97,3963589
26666,3963740,7,3963747
26667,3963750,41,3963791
26668,3963926,22,3963948
26669,3964084,10,3964094
26670,3964426,41,3964467
26671,3964591,54,3964645
26672,3964703,52,3964755
26673,3964758,10,3964768
26674,3964933,125,3965058
26675,3965064,40,3965104
26676,3965115,2,3965117
26677,3965296,59,3965355
26678,3965620,41,3965661
26679,3965797,26,3965823
26680,3965835,21,3965856
26681,3966013,119,3966132
26682,3966216,62,3966278
26683,3966338,2,3966340
26684,3966511,54,3966565
26685,3966663,58,3966721
26686,3966790,29,3966819
26687,3967048,11,3967059
26688,3967186,44,3967230
26689,3967420,25,3967445
26690,3967555,101,3967656
26691,3967902,74,3967976
26692,3968166,4,3968170
26693,3968532,62,3968594
26694,3968603,83,3968686
26695,3968705,2,3968707
26696,3968712,157,3968869
26697,3969085,7,3969092
26698,3969265,22,3969287
26699,3969318,28,3969346
26700,3969461,46,3969507
26701,3969555,152,3969707
26702,3969900,27,3969927
26703,3969928,24,3969952
26704,3970060,5,3970065
26705,3970151,46,3970197
26706,3970271,16,3970287
26707,3970370,158,3970528
26708,3970573,45,3970618
26709,3970776,21,3970797
26710,3970806,12,3970818
26711,3970827,38,3970865
26712,3970925,18,3970943
26713,3971299,7,3971306
26714,3971314,239,3971553
26715,3971753,56,3971809
26716,3971895,126,3972021
26717,3972078,57,3972135
26718,3972213,5,3972218
26719,3972255,8,3972263
26720,3972542,38,3972580
26721,3972657,4,3972661
26722,3972684,84,3972768
26723,3972788,33,3972821
26724,3972849,192,3973041
26725,3973092,15,3973107
26726,3973296,73,3973369
26727,3973555,91,3973646
26728,3973658,61,3973719
26729,3973753,38,3973791
26730,3973927,30,3973957
26731,3974056,3,3974059
26732,3974198,39,3974237
26733,3974369,120,3974489
26734,3974623,6,3974629
26735,3974659,92,3974751
26736,3974767,31,3974798
26737,3974958,71,3975029
26738,3975271,14,3975285
26739,3975377,25,3975402
26740,3975435,53,3975488
26741,3975517,16,3975533
26742,3975606,36,3975642
26743,3975892,10,3975902
26744,3975912,46,3975958
26745,3976133,56,3976189
26746,3976222,10,3976232
26747,3976284,86,3976370
26748,3976840,3,3976843
26749,3976925,1,3976926
26750,3976971,98,3977069
26751,3977269,60,3977329
26752,3977337,3,3977340
26753,3977445,41,3977486
26754,3977553,28,3977581
26755,3977745,19,3977764
26756,3977997,24,3978021
26757,3978077,68,3978145
26758,3978181,3,3978184
26759,3978281,20,3978301
26760,3978485,88,3978573
26761,3978594,8,3978602
26762,3978611,20,3978631
26763,3978764,52,3978816
26764,3978856,27,3978883
26765,3979047,4,3979051
26766,3979104,108,3979212
26767,3979330,34,3979364
26768,3979367,53,3979420
26769,3979484,14,3979498
26770,3979503,9,3979512
26771,3979660,26,3979686
26772,3979808,58,3979866
26773,3979955,1,3979956
26774,3979982,112,3980094
26775,3980127,10,3980137
26776,3980146,31,3980177
26777,3980200,43,3980243
26778,3980250,12,3980262
26779,3980326,10,3980336
26780,3980458,99,3980557
26781,3980579,71,3980650
26782,3980738,64,3980802
26783,3981004,75,3981079
26784,3981106,81,3981187
26785,3981317,4,3981321
26786,3981415,20,3981435
26787,3981463,27,3981490
26788,3981649,48,3981697
26789,3981854,70,3981924
26790,3982009,19,3982028
26791,3982042,43,3982085
26792,3982269,18,3982287
26793,3982306,85,3982391
26794,3982442,88,3982530
26795,3982880,28,3982908
26796,3982944,48,3982992
26797,3983127,54,3983181
26798,3983433,16,3983449
26799,3983450,7,3983457
26800,3983473,36,3983509
26801,3983612,7,3983619
26802,3983726,135,3983861
26803,3983972,94,3984066
26804,3984097,99,3984196
26805,3984200,37,3984237
26806,3984278,17,3984295
26807,3984382,4,3984386
26808,3984550,57,3984607
26809,3984683,53,3984736
26810,3984773,11,3984784
26811,3984803,4,3984807
26812,3984910,4,3984914
26813,3984969,71,3985040
26814,3985307,18,3985325
26815,3985569,67,3985636
26816,3985640,93,3985733
26817,3985852,112,3985964
26818,3986089,63,3986152
26819,3986172,15,3986187
26820,3986193,2,3986195
26821,3986471,123,3986594
26822,3986728,12,3986740
26823,3986875,105,3986980
26824,3987042,142,3987184
26825,3987272,69,3987341
26826,3987358,26,3987384
26827,3987428,2,3987430
26828,3987540,1,3987541
26829,3987555,25,3987580
26830,3987762,35,3987797
26831,3987799,6,3987805
26832,3987891,32,3987923
26833,3987983,38,3988021
26834,3988297,117,3988414
26835,3988506,58,3988564
26836,3988619,102,3988721
26837,3988747,105,3988852
26838,3988853,65,3988918
26839,3988951,49,3989000
26840,3989036,104,3989140
26841,3989161,1,3989162
26842,3989169,9,3989178
26843,3989558,100,3989658
26844,3989837,115,3989952
26845,3989989,174,3990163
26846,3990169,21,3990190
26847,3990309,9,3990318
26848,3990325,9,3990334
26849,3990340,41,3990381
26850,3990474,3,3990477
26851,3990603,26,3990629
26852,3990640,23,3990663
26853,3990685,22,3990707
26854,3990727,32,3990759
26855,3990855,10,3990865
26856,3990901,1,3990902
26857,3990930,140,3991070
26858,3991072,44,3991116
26859,3991122,15,3991137
26860,3991195,7,3991202
26861,3991255,71,3991326
26862,3991457,9,3991466
26863,3991546,32,3991578
26864,3991609,28,3991637
26865,3991814,34,3991848
26866,3991931,89,3992020
26867,3992034,122,3992156
26868,3992159,85,3992244
26869,3992246,14,3992260
26870,3992406,20,3992426
26871,3992428,110,3992538
26872,3992598,51,3992649
26873,3992977,55,3993032
26874,3993052,48,3993100
26875,3993124,55,3993179
26876,3993194,55,3993249
26877,3993512,51,3993563
26878,3993627,88,3993715
26879,3994061,48,3994109
26880,3994362,2,3994364
26881,3994454,12,3994466
26882,3994509,37,3994546
26883,3994802,75,3994877
26884,3994902,35,3994937
26885,3995184,109,3995293
26886,3995495,6,3995501
26887,3995627,39,3995666
26888,3995674,18,3995692
26889,3995718,3,3995721
26890,3995761,51,3995812
26891,3995990,9,3995999
26892,3996025,104,3996129
26893,3996172,342,3996514
26894,3996524,29,3996553
26895,3996751,147,3996898
26896,3996900,75,3996975
26897,3997016,176,3997192
26898,3997271,6,3997277
26899,3997357,47,3997404
26900,3997520,40,3997560
26901,3997625,83,3997708
26902,3997744,7,3997751
26903,3997753,16,3997769
26904,3997835,28,3997863
26905,3997951,9,3997960
26906,3998116,124,3998240
26907,3998286,52,3998338
26908,3998539,42,3998581
26909,3998600,53,3998653
26910,3998987,20,3999007
26911,3999160,22,3999182
26912,3999302,51,3999353
26913,3999615,5,3999620
26914,3999635,25,3999660
26915,3999850,11,3999861
26916,3999892,87,3999979
26917,4000290,4,4000294
26918,4000415,21,4000436
26919,4000479,53,4000532
26920,4000546,65,4000611
26921,4000663,5,4000668
26922,4000671,36,4000707
26923,4000755,55,4000810
26924,4000835,45,4000880
26925,4000920,81,4001001
26926,4001265,65,4001330
26927,4001354,31,4001385
26928,4001543,87,4001630
26929,4001729,15,4001744
26930,4001758,17,4001775
26931,4001793,4,4001797
26932,4002020,7,4002027
26933,4002189,38,4002227
26934,4002283,222,4002505
26935,4002583,59,4002642
26936,4002643,17,4002660
26937,4002685,108,4002793
26938,4002817,30,4002847
26939,4002935,85,4003020
26940,4003039,8,4003047
26941,4003062,336,4003398
26942,4003426,128,4003554
26943,4003643,107,4003750
26944,4003870,10,4003880
26945,4004034,89,4004123
26946,4004298,31,4004329
26947,4004961,5,4004966
26948,4005044,71,4005115
26949,4005190,52,4005242
26950,4005388,55,4005443
26951,4005518,1,4005519
26952,4005592,43,4005635
26953,4005789,30,4005819
26954,4005955,72,4006027
26955,4006045,75,4006120
26956,4006132,92,4006224
26957,4006302,4,4006306
26958,4006383,5,4006388
26959,4006729,130,4006859
26960,4006909,31,4006940
26961,4006951,124,4007075
26962,4007081,116,4007197
26963,4007275,10,4007285
26964,4007755,26,4007781
26965,4007791,56,4007847
26966,4008098,4,4008102
26967,4008200,73,4008273
26968,4008323,45,4008368
26969,4008526,96,4008622
26970,4008822,5,4008827
26971,4008914,151,4009065
26972,4009107,44,4009151
26973,4009155,63,4009218
26974,4009296,51,4009347
26975,4009348,20,4009368
26976,4009698,37,4009735
26977,4009849,58,4009907
26978,4009983,15,4009998
26979,4010083,82,4010165
26980,4010187,28,4010215
26981,4010282,61,4010343
26982,4010425,46,4010471
26983,4010617,3,4010620
26984,4010691,65,4010756
26985,4010870,17,4010887
26986,4010898,229,4011127
26987,4011148,3,4011151
26988,4011168,15,4011183
26989,4011411,6,4011417
26990,4011636,28,4011664
26991,4011814,16,4011830
26992,4011989,82,4012071
26993,4012073,81,4012154
26994,4012206,27,4012233
26995,4012525,40,4012565
26996,4013594,13,4013607
26997,4013708,11,4013719
26998,4013799,88,4013887
26999,4014004,27,4014031
27000,4014216,49,4014265
27001,4014277,107,4014384
27002,4014645,44,4014689
27003,4014703,3,4014706
27004,4014750,14,4014764
27005,4014895,30,4014925
27006,4014971,39,4015010
27007,4015126,3,4015129
27008,4015145,75,4015220
27009,4015258,66,4015324
27010,4015633,17,4015650
27011,4015697,5,4015702
27012,4015716,31,4015747
27013,4015916,57,4015973
27014,4016003,18,4016021
27015,4016155,83,4016238
27016,4016250,25,4016275
27017,4016295,154,4016449
27018,4016743,35,4016778
27019,4016832,17,4016849
27020,4016884,70,4016954
27021,4016967,17,4016984
27022,4017696,42,4017738
27023,4017875,31,4017906
27024,4018046,11,4018057
27025,4018072,4,4018076
27026,4018267,9,4018276
27027,4018301,105,4018406
27028,4018542,65,4018607
27029,4018671,26,4018697
27030,4018774,5,4018779
27031,4018896,31,4018927
27032,4019129,11,4019140
27033,4019186,7,4019193
27034,4019854,195,4020049
27035,4020429,5,4020434
27036,4020636,20,4020656
27037,4020715,2,4020717
27038,4020749,3,4020752
27039,4020813,142,4020955
27040,4020980,15,4020995
27041,4020998,7,4021005
27042,4021031,59,4021090
27043,4021273,97,4021370
27044,4021380,61,4021441
27045,4021500,45,4021545
27046,4021610,25,4021635
27047,4021796,111,4021907
27048,4021948,122,4022070
27049,4022222,83,4022305
27050,4022356,5,4022361
27051,4022455,57,4022512
27052,4022690,35,4022725
27053,4022802,110,4022912
27054,4022931,16,4022947
27055,4022950,9,4022959
27056,4023178,15,4023193
27057,4023292,90,4023382
27058,4023457,97,4023554
27059,4023813,77,4023890
27060,4023947,45,4023992
27061,4024040,19,4024059
27062,4024097,9,4024106
27063,4024177,69,4024246
27064,4024409,71,4024480
27065,4024578,53,4024631
27066,4024730,86,4024816
27067,4024831,81,4024912
27068,4025015,36,4025051
27069,4025106,11,4025117
27070,4025230,95,4025325
27071,4025379,22,4025401
27072,4025409,30,4025439
27073,4025492,34,4025526
27074,4025572,7,4025579
27075,4025702,41,4025743
27076,4025883,107,4025990
27077,4025992,72,4026064
27078,4026087,81,4026168
27079,4026175,32,4026207
27080,4026225,35,4026260
27081,4026278,36,4026314
27082,4026521,101,4026622
27083,4026694,11,4026705
27084,4026760,30,4026790
27085,4027014,7,4027021
27086,4027047,21,4027068
27087,4027420,5,4027425
27088,4027512,26,4027538
27089,4027548,49,4027597
27090,4027785,29,4027814
27091,4027928,273,4028201
27092,4028218,30,4028248
27093,4028297,68,4028365
27094,4028382,19,4028401
27095,4028563,25,4028588
27096,4028726,2,4028728
27097,4029159,217,4029376
27098,4029379,19,4029398
27099,4029769,105,4029874
27100,4029881,69,4029950
27101,4029970,7,4029977
27102,4029981,42,4030023
27103,4030054,12,4030066
27104,4030123,5,4030128
27105,4030141,23,4030164
27106,4030219,50,4030269
27107,4030280,3,4030283
27108,4030446,45,4030491
27109,4030558,87,4030645
27110,4030836,50,4030886
27111,4031157,157,4031314
27112,4031335,8,4031343
27113,4031353,32,4031385
27114,4031631,43,4031674
27115,4031858,96,4031954
27116,4032055,3,4032058
27117,4032138,12,4032150
27118,4032440,64,4032504
27119,4032537,16,4032553
27120,4032855,18,4032873
27121,4032878,40,4032918
27122,4032965,2,4032967
27123,4033095,62,4033157
27124,4033179,13,4033192
27125,4033281,21,4033302
27126,4033426,19,4033445
27127,4033756,71,4033827
27128,4033883,237,4034120
27129,4034150,58,4034208
27130,4034366,23,4034389
27131,4034395,58,4034453
27132,4034513,51,4034564
27133,4034903,82,4034985
27134,4034996,44,4035040
27135,4035103,2,4035105
27136,4035207,16,4035223
27137,4035452,8,4035460
27138,4035464,59,4035523
27139,4035652,49,4035701
27140,4035730,15,4035745
27141,4035823,19,4035842
27142,4035851,28,4035879
27143,4035939,9,4035948
27144,4036071,5,4036076
27145,4036278,115,4036393
27146,4036398,21,4036419
27147,4036547,49,4036596
27148,4036614,31,4036645
27149,4036649,224,4036873
27150,4037584,67,4037651
27151,4037671,18,4037689
27152,4037877,41,4037918
27153,4038162,12,4038174
27154,4038239,17,4038256
27155,4038274,9,4038283
27156,4038286,1,4038287
27157,4038402,48,4038450
27158,4038482,43,4038525
27159,4038673,28,4038701
27160,4038738,108,4038846
27161,4038909,23,4038932
27162,4039146,2,4039148
27163,4039348,97,4039445
27164,4039570,228,4039798
27165,4040183,118,4040301
27166,4040333,83,4040416
27167,4040578,58,4040636
27168,4040646,11,4040657
27169,4040884,15,4040899
27170,4041009,6,4041015
27171,4041097,58,4041155
27172,4041228,8,4041236
27173,4041274,22,4041296
27174,4041391,59,4041450
27175,4041696,24,4041720
27176,4041731,22,4041753
27177,4041783,72,4041855
27178,4041917,6,4041923
27179,4042098,3,4042101
27180,4042200,27,4042227
27181,4042359,20,4042379
27182,4042536,73,4042609
27183,4042658,42,4042700
27184,4042740,10,4042750
27185,4042791,1,4042792
27186,4042862,13,4042875
27187,4042948,258,4043206
27188,4043264,25,4043289
27189,4043476,25,4043501
27190,4043617,83,4043700
27191,4043746,197,4043943
27192,4044281,28,4044309
27193,4044388,82,4044470
27194,4044475,3,4044478
27195,4044663,9,4044672
27196,4044817,48,4044865
27197,4044891,70,4044961
27198,4044962,20,4044982
27199,4045129,44,4045173
27200,4045538,117,4045655
27201,4045687,50,4045737
27202,4045751,17,4045768
27203,4045866,23,4045889
27204,4045906,23,4045929
27205,4045959,279,4046238
27206,4046280,231,4046511
27207,4046638,61,4046699
27208,4046895,58,4046953
27209,4047260,25,4047285
27210,4047452,140,4047592
27211,4047775,11,4047786
27212,4048118,1,4048119
27213,4048200,8,4048208
27214,4048282,149,4048431
27215,4048586,16,4048602
27216,4048656,6,4048662
27217,4048750,31,4048781
27218,4048818,51,4048869
27219,4048891,27,4048918
27220,4048924,9,4048933
27221,4049040,107,4049147
27222,4049222,75,4049297
27223,4049347,15,4049362
27224,4049824,8,4049832
27225,4049920,14,4049934
27226,4049960,82,4050042
27227,4050059,15,4050074
27228,4050226,5,4050231
27229,4050294,47,4050341
27230,4050349,44,4050393
27231,4050449,164,4050613
27232,4050841,32,4050873
27233,4051161,47,4051208
27234,4051320,27,4051347
27235,4051369,67,4051436
27236,4051633,27,4051660
27237,4051797,111,4051908
27238,4052011,38,4052049
27239,4052175,63,4052238
27240,4052266,6,4052272
27241,4052388,81,4052469
27242,4052604,52,4052656
27243,4052766,24,4052790
27244,4052806,28,4052834
27245,4052896,105,4053001
27246,4053025,7,4053032
27247,4053232,27,4053259
27248,4053597,1,4053598
27249,4053922,35,4053957
27250,4053964,2,4053966
27251,4054006,189,4054195
27252,4054203,91,4054294
27253,4054372,84,4054456
27254,4054542,24,4054566
27255,4054992,103,4055095
27256,4055152,21,4055173
27257,4055278,18,4055296
27258,4055373,18,4055391
27259,4055420,11,4055431
27260,4055490,12,4055502
27261,4055510,2,4055512
27262,4055755,25,4055780
27263,4055845,143,4055988
27264,4055993,24,4056017
27265,4056211,189,4056400
27266,4056475,78,4056553
27267,4056658,29,4056687
27268,4056774,30,4056804
27269,4056901,48,4056949
27270,4057061,75,4057136
27271,4057213,13,4057226
27272,4057402,86,4057488
27273,4057491,4,4057495
27274,4057543,36,4057579
27275,4057628,99,4057727
27276,4057775,25,4057800
27277,4058071,107,4058178
27278,4058186,103,4058289
27279,4058439,12,4058451
27280,4058678,233,4058911
27281,4059012,24,4059036
27282,4059100,71,4059171
27283,4059256,27,4059283
27284,4059334,24,4059358
27285,4059423,27,4059450
27286,4059481,5,4059486
27287,4059552,71,4059623
27288,4059632,17,4059649
27289,4059735,122,4059857
27290,4059876,173,4060049
27291,4060114,9,4060123
27292,4060341,37,4060378
27293,4060382,8,4060390
27294,4060454,9,4060463
27295,4060467,3,4060470
27296,4060829,21,4060850
27297,4060928,65,4060993
27298,4061407,108,4061515
27299,4061804,17,4061821
27300,4061903,4,4061907
27301,4061949,39,4061988
27302,4062206,5,4062211
27303,4062246,10,4062256
27304,4062259,87,4062346
27305,4062438,30,4062468
27306,4062485,56,4062541
27307,4062566,2,4062568
27308,4062657,13,4062670
27309,4062737,6,4062743
27310,4062845,3,4062848
27311,4062978,108,4063086
27312,4063121,83,4063204
27313,4063220,23,4063243
27314,4063432,10,4063442
27315,4063544,42,4063586
27316,4063616,41,4063657
27317,4063687,29,4063716
27318,4063720,27,4063747
27319,4063766,1,4063767
27320,4063875,15,4063890
27321,4064083,20,4064103
27322,4064153,126,4064279
27323,4064286,304,4064590
27324,4064609,14,4064623
27325,4064796,10,4064806
27326,4064903,41,4064944
27327,4064973,139,4065112
27328,4065227,1,4065228
27329,4065298,3,4065301
27330,4065341,11,4065352
27331,4065438,83,4065521
27332,4065538,44,4065582
27333,4065657,20,4065677
27334,4065815,59,4065874
27335,4065889,14,4065903
27336,4065931,32,4065963
27337,4065986,20,4066006
27338,4066259,42,4066301
27339,4066742,111,4066853
27340,4067167,6,4067173
27341,4067255,50,4067305
27342,4067468,97,4067565
27343,4067645,114,4067759
27344,4067850,14,4067864
27345,4068030,34,4068064
27346,4068069,114,4068183
27347,4068466,16,4068482
27348,4068515,77,4068592
27349,4068606,45,4068651
27350,4068818,7,4068825
27351,4068839,43,4068882
27352,4068934,27,4068961
27353,4069068,25,4069093
27354,4069226,24,4069250
27355,4069388,176,4069564
27356,4069831,73,4069904
27357,4069956,18,4069974
27358,4070004,115,4070119
27359,4070142,36,4070178
27360,4070264,55,4070319
27361,4070344,16,4070360
27362,4070413,122,4070535
27363,4070550,1,4070551
27364,4070558,124,4070682
27365,4070755,23,4070778
27366,4070852,121,4070973
27367,4071059,36,4071095
27368,4071498,1,4071499
27369,4071632,64,4071696
27370,4071705,118,4071823
27371,4072018,26,4072044
27372,4072113,265,4072378
27373,4072426,47,4072473
27374,4072482,8,4072490
27375,4072752,20,4072772
27376,4073050,2,4073052
27377,4073072,32,4073104
27378,4073614,7,4073621
27379,4073660,93,4073753
27380,4073812,146,4073958
27381,4074012,8,4074020
27382,4074059,9,4074068
27383,4074304,29,4074333
27384,4074354,35,4074389
27385,4074435,1,4074436
27386,4074528,76,4074604
27387,4074671,23,4074694
27388,4074750,14,4074764
27389,4075019,54,4075073
27390,4075074,7,4075081
27391,4075483,2,4075485
27392,4075772,3,4075775
27393,4075864,97,4075961
27394,4076228,18,4076246
27395,4076317,30,4076347
27396,4076348,30,4076378
27397,4076617,37,4076654
27398,4076687,12,4076699
27399,4076779,54,4076833
27400,4077127,2,4077129
27401,4077180,40,4077220
27402,4077248,107,4077355
27403,4077417,7,4077424
27404,4077496,5,4077501
27405,4077583,7,4077590
27406,4077823,68,4077891
27407,4077897,27,4077924
27408,4077953,180,4078133
27409,4078504,60,4078564
27410,4078656,224,4078880
27411,4078997,23,4079020
27412,4079086,2,4079088
27413,4079204,6,4079210
27414,4079222,214,4079436
27415,4079518,33,4079551
27416,4079672,4,4079676
27417,4079677,115,4079792
27418,4079878,78,4079956
27419,4080085,34,4080119
27420,4080174,30,4080204
27421,4080218,3,4080221
27422,4080602,8,4080610
27423,4080652,61,4080713
27424,4080753,60,4080813
27425,4080955,166,4081121
27426,4081243,88,4081331
27427,4081444,51,4081495
27428,4081544,43,4081587
27429,4081650,1,4081651
27430,4081664,21,4081685
27431,4081730,15,4081745
27432,4081860,55,4081915
27433,4082182,114,4082296
27434,4082332,39,4082371
27435,4082542,39,4082581
27436,4082676,69,4082745
27437,4082809,7,4082816
27438,4082821,30,4082851
27439,4082976,30,4083006
27440,4083085,39,4083124
27441,4083176,147,4083323
27442,4083384,22,4083406
27443,4083478,44,4083522
27444,4083609,4,4083613
27445,4083640,2,4083642
27446,4083646,44,4083690
27447,4083800,34,4083834
27448,4083862,16,4083878
27449,4084030,14,4084044
27450,4084083,94,4084177
27451,4084214,38,4084252
27452,4084347,60,4084407
27453,4084410,38,4084448
27454,4084449,16,4084465
27455,4084467,41,4084508
27456,4084587,21,4084608
27457,4084792,24,4084816
27458,4084832,23,4084855
27459,4084879,27,4084906
27460,4085200,3,4085203
27461,4085246,53,4085299
27462,4085303,7,4085310
27463,4085384,238,4085622
27464,4085664,60,4085724
27465,4085768,111,4085879
27466,4085987,24,4086011
27467,4086342,127,4086469
27468,4086607,32,4086639
27469,4086699,90,4086789
27470,4087086,41,4087127
27471,4087350,6,4087356
27472,4087707,30,4087737
27473,4087890,48,4087938
27474,4088017,28,4088045
27475,4088157,31,4088188
27476,4088217,68,4088285
27477,4088300,79,4088379
27478,4088665,17,4088682
27479,4088701,1,4088702
27480,4088813,3,4088816
27481,4088856,9,4088865
27482,4088886,56,4088942
27483,4089083,101,4089184
27484,4089226,44,4089270
27485,4089432,15,4089447
27486,4089471,1,4089472
27487,4089486,6,4089492
27488,4089625,57,4089682
27489,4089696,94,4089790
27490,4090133,85,4090218
27491,4090226,44,4090270
27492,4090364,6,4090370
27493,4090389,45,4090434
27494,4090656,164,4090820
27495,4090847,20,4090867
27496,4090875,15,4090890
27497,4090911,14,4090925
27498,4090989,68,4091057
27499,4091187,22,4091209
27500,4091392,117,4091509
27501,4091618,2,4091620
27502,4091654,157,4091811
27503,4091838,7,4091845
27504,4091895,36,4091931
27505,4092033,72,4092105
27506,4092120,20,4092140
27507,4092167,68,4092235
27508,4092285,35,4092320
27509,4092485,9,4092494
27510,4092680,73,4092753
27511,4092848,37,4092885
27512,4092928,96,4093024
27513,4093028,329,4093357
27514,4093363,26,4093389
27515,4093658,12,4093670
27516,4093675,61,4093736
27517,4093760,160,4093920
27518,4094041,68,4094109
27519,4094110,6,4094116
27520,4094240,162,4094402
27521,4094410,46,4094456
27522,4094527,31,4094558
27523,4094566,44,4094610
27524,4094891,17,4094908
27525,4094967,63,4095030
27526,4095064,29,4095093
27527,4095276,3,4095279
27528,4095345,25,4095370
27529,4095409,50,4095459
27530,4095530,43,4095573
27531,4095611,104,4095715
27532,4095806,33,4095839
27533,4096134,25,4096159
27534,4096266,71,4096337
27535,4096358,26,4096384
27536,4096417,2,4096419
27537,4096668,31,4096699
27538,4096790,18,4096808
27539,4096849,35,4096884
27540,4096901,196,4097097
27541,4097293,10,4097303
27542,4097346,18,4097364
27543,4097394,10,4097404
27544,4097486,23,4097509
27545,4097515,79,4097594
27546,4097729,30,4097759
27547,4097781,38,4097819
27548,4097944,1,4097945
27549,4098076,13,4098089
27550,4098739,49,4098788
27551,4098917,60,4098977
27552,4099189,28,4099217
27553,4099266,32,4099298
27554,4099639,15,4099654
27555,4099741,110,4099851
27556,4099866,57,4099923
27557,4099971,78,4100049
27558,4100061,6,4100067
27559,4100307,33,4100340
27560,4100430,13,4100443
27561,4100456,8,4100464
27562,4100589,76,4100665
27563,4100786,7,4100793
27564,4100943,76,4101019
27565,4101243,6,4101249
27566,4101615,11,4101626
27567,4101640,33,4101673
27568,4102338,22,4102360
27569,4102682,24,4102706
27570,4102709,156,4102865
27571,4102894,14,4102908
27572,4102993,37,4103030
27573,4103043,37,4103080
27574,4103087,12,4103099
27575,4103139,103,4103242
27576,4103408,97,4103505
27577,4103541,14,4103555
27578,4103616,17,4103633
27579,4103842,6,4103848
27580,4103881,7,4103888
27581,4104031,113,4104144
27582,4104150,65,4104215
27583,4104639,44,4104683
27584,4104713,14,4104727
27585,4104729,72,4104801
27586,4104929,47,4104976
27587,4105438,61,4105499
27588,4105849,15,4105864
27589,4105899,22,4105921
27590,4106001,10,4106011
27591,4106491,12,4106503
27592,4106560,97,4106657
27593,4106705,86,4106791
27594,4106962,60,4107022
27595,4107162,44,4107206
27596,4107380,132,4107512
27597,4107744,112,4107856
27598,4107916,214,4108130
27599,4108455,140,4108595
27600,4108627,64,4108691
27601,4108791,120,4108911
27602,4108995,4,4108999
27603,4109067,12,4109079
27604,4109085,6,4109091
27605,4109348,221,4109569
27606,4109578,32,4109610
27607,4109644,14,4109658
27608,4110030,38,4110068
27609,4110150,93,4110243
27610,4110260,5,4110265
27611,4110296,3,4110299
27612,4110400,3,4110403
27613,4110461,12,4110473
27614,4110484,107,4110591
27615,4110619,101,4110720
27616,4110773,4,4110777
27617,4110786,2,4110788
27618,4111278,12,4111290
27619,4111306,12,4111318
27620,4111386,65,4111451
27621,4111676,69,4111745
27622,4111854,22,4111876
27623,4111906,11,4111917
27624,4112035,23,4112058
27625,4112122,69,4112191
27626,4112201,27,4112228
27627,4112614,2,4112616
27628,4112630,29,4112659
27629,4112898,52,4112950
27630,4113021,28,4113049
27631,4113083,123,4113206
27632,4113338,71,4113409
27633,4113599,18,4113617
27634,4113730,38,4113768
27635,4113878,84,4113962
27636,4114006,48,4114054
27637,4114343,31,4114374
27638,4114389,18,4114407
27639,4114452,42,4114494
27640,4114506,66,4114572
27641,4114888,20,4114908
27642,4115332,38,4115370
27643,4115915,2,4115917
27644,4115924,36,4115960
27645,4116053,49,4116102
27646,4116140,72,4116212
27647,4116268,63,4116331
27648,4116350,29,4116379
27649,4116456,41,4116497
27650,4116690,5,4116695
27651,4116765,43,4116808
27652,4116912,13,4116925
27653,4116968,5,4116973
27654,4117003,95,4117098
27655,4117129,36,4117165
27656,4117390,30,4117420
27657,4117645,53,4117698
27658,4117749,13,4117762
27659,4117781,113,4117894
27660,4117940,29,4117969
27661,4118150,41,4118191
27662,4118217,19,4118236
27663,4118247,5,4118252
27664,4118424,21,4118445
27665,4118489,26,4118515
27666,4118585,42,4118627
27667,4118673,23,4118696
27668,4118781,34,4118815
27669,4118859,4,4118863
27670,4118973,46,4119019
27671,4119101,17,4119118
27672,4119158,65,4119223
27673,4119274,37,4119311
27674,4119325,110,4119435
27675,4119439,71,4119510
27676,4119640,83,4119723
27677,4119771,55,4119826
27678,4119840,82,4119922
27679,4119974,13,4119987
27680,4120237,5,4120242
27681,4120264,3,4120267
27682,4120469,75,4120544
27683,4120769,7,4120776
27684,4120864,98,4120962
27685,4121209,60,4121269
27686,4121370,14,4121384
27687,4121543,15,4121558
27688,4121597,11,4121608
27689,4121718,399,4122117
27690,4122132,110,4122242
27691,4122276,23,4122299
27692,4122378,20,4122398
27693,4122446,94,4122540
27694,4122638,5,4122643
27695,4122658,5,4122663
27696,4122726,10,4122736
27697,4122780,5,4122785
27698,4123044,74,4123118
27699,4123177,71,4123248
27700,4123334,24,4123358
27701,4123599,29,4123628
27702,4123697,48,4123745
27703,4123848,15,4123863
27704,4124111,17,4124128
27705,4124137,18,4124155
27706,4124208,3,4124211
27707,4124396,10,4124406
27708,4124500,107,4124607
27709,4124856,20,4124876
27710,4124877,32,4124909
27711,4125001,121,4125122
27712,4125126,28,4125154
27713,4125274,58,4125332
27714,4125450,30,4125480
27715,4125493,37,4125530
27716,4125581,33,4125614
27717,4125641,7,4125648
27718,4125766,55,4125821
27719,4125901,30,4125931
27720,4126095,29,4126124
27721,4126150,57,4126207
27722,4126265,40,4126305
27723,4126326,26,4126352
27724,4126482,35,4126517
27725,4126636,6,4126642
27726,4126668,45,4126713
27727,4126736,7,4126743
27728,4126844,35,4126879
27729,4126979,109,4127088
27730,4127116,32,4127148
27731,4127157,24,4127181
27732,4127219,14,4127233
27733,4127258,18,4127276
27734,4127331,10,4127341
27735,4127496,6,4127502
27736,4127525,273,4127798
27737,4127830,28,4127858
27738,4127868,50,4127918
27739,4127965,29,4127994
27740,4128101,66,4128167
27741,4128220,12,4128232
27742,4128416,35,4128451
27743,4128579,14,4128593
27744,4128605,32,4128637
27745,4128701,129,4128830
27746,4128872,33,4128905
27747,4129057,21,4129078
27748,4129133,34,4129167
27749,4129215,31,4129246
27750,4129319,56,4129375
27751,4129494,60,4129554
27752,4129692,28,4129720
27753,4129795,33,4129828
27754,4129835,109,4129944
27755,4130649,17,4130666
27756,4130772,103,4130875
27757,4130916,159,4131075
27758,4131113,47,4131160
27759,4131166,116,4131282
27760,4131302,228,4131530
27761,4131620,5,4131625
27762,4131817,5,4131822
27763,4131899,83,4131982
27764,4132038,30,4132068
27765,4132197,76,4132273
27766,4132318,1,4132319
27767,4132514,10,4132524
27768,4132633,95,4132728
27769,4132796,33,4132829
27770,4132881,79,4132960
27771,4133127,83,4133210
27772,4133220,54,4133274
27773,4133326,15,4133341
27774,4133402,62,4133464
27775,4133478,41,4133519
27776,4133586,8,4133594
27777,4133788,3,4133791
27778,4133866,8,4133874
27779,4133926,97,4134023
27780,4134053,7,4134060
27781,4134085,157,4134242
27782,4134422,1,4134423
27783,4134475,7,4134482
27784,4134581,53,4134634
27785,4134795,18,4134813
27786,4134868,81,4134949
27787,4135024,52,4135076
27788,4135200,14,4135214
27789,4135315,2,4135317
27790,4135390,165,4135555
27791,4135572,38,4135610
27792,4135626,7,4135633
27793,4135711,17,4135728
27794,4135807,32,4135839
27795,4135925,30,4135955
27796,4136007,11,4136018
27797,4136202,84,4136286
27798,4136353,46,4136399
27799,4136404,93,4136497
27800,4136554,23,4136577
27801,4136651,19,4136670
27802,4136708,98,4136806
27803,4136861,22,4136883
27804,4136953,64,4137017
27805,4137128,123,4137251
27806,4137307,7,4137314
27807,4137339,24,4137363
27808,4137471,14,4137485
27809,4137525,37,4137562
27810,4137662,57,4137719
27811,4137833,4,4137837
27812,4137916,3,4137919
27813,4138056,8,4138064
27814,4138117,48,4138165
27815,4138204,145,4138349
27816,4138365,21,4138386
27817,4138459,114,4138573
27818,4138652,156,4138808
27819,4138833,69,4138902
27820,4138988,178,4139166
27821,4139236,64,4139300
27822,4139396,61,4139457
27823,4139591,120,4139711
27824,4139752,6,4139758
27825,4139810,48,4139858
27826,4140076,51,4140127
27827,4140260,19,4140279
27828,4140442,24,4140466
27829,4140554,6,4140560
27830,4140825,59,4140884
27831,4140924,106,4141030
27832,4141085,112,4141197
27833,4141388,185,4141573
27834,4141720,86,4141806
27835,4141823,56,4141879
27836,4142015,83,4142098
27837,4142252,47,4142299
27838,4142317,7,4142324
27839,4142569,2,4142571
27840,4142679,44,4142723
27841,4142874,53,4142927
27842,4142951,34,4142985
27843,4143402,4,4143406
27844,4143572,7,4143579
27845,4143804,11,4143815
27846,4143971,29,4144000
27847,4144124,41,4144165
27848,4144174,4,4144178
27849,4144354,22,4144376
27850,4144386,8,4144394
27851,4144454,59,4144513
27852,4144683,1,4144684
27853,4144720,33,4144753
27854,4144779,124,4144903
27855,4144906,1,4144907
27856,4145114,115,4145229
27857,4145345,54,4145399
27858,4145414,158,4145572
27859,4145769,11,4145780
27860,4145863,16,4145879
27861,4145887,37,4145924
27862,4146007,158,4146165
27863,4146215,29,4146244
27864,4146267,50,4146317
27865,4146373,4,4146377
27866,4146382,55,4146437
27867,4146517,59,4146576
27868,4146998,6,4147004
27869,4147101,35,4147136
27870,4147155,15,4147170
27871,4147326,29,4147355
27872,4147468,33,4147501
27873,4147533,50,4147583
27874,4147821,17,4147838
27875,4147858,2,4147860
27876,4147887,2,4147889
27877,4147909,14,4147923
27878,4148075,10,4148085
27879,4148218,44,4148262
27880,4148401,15,4148416
27881,4148469,29,4148498
27882,4148551,48,4148599
27883,4148607,18,4148625
27884,4148692,24,4148716
27885,4148772,54,4148826
27886,4148908,216,4149124
27887,4149496,7,4149503
27888,4149526,28,4149554
27889,4149623,35,4149658
27890,4149900,50,4149950
27891,4150125,2,4150127
27892,4150130,190,4150320
27893,4150343,4,4150347
27894,4150350,31,4150381
27895,4150436,37,4150473
27896,4150484,52,4150536
27897,4150670,46,4150716
27898,4150865,10,4150875
27899,4151034,81,4151115
27900,4151176,1,4151177
27901,4151202,140,4151342
27902,4151350,59,4151409
27903,4151647,13,4151660
27904,4151670,56,4151726
27905,4151884,48,4151932
27906,4151952,33,4151985
27907,4152181,12,4152193
27908,4152549,17,4152566
27909,4152735,5,4152740
27910,4152795,10,4152805
27911,4152872,11,4152883
27912,4152971,73,4153044
27913,4153059,14,4153073
27914,4153128,41,4153169
27915,4153178,113,4153291
27916,4153349,7,4153356
27917,4153370,29,4153399
27918,4153431,19,4153450
27919,4153616,1,4153617
27920,4153999,14,4154013
27921,4154038,52,4154090
27922,4154284,123,4154407
27923,4154531,5,4154536
27924,4154736,23,4154759
27925,4154952,26,4154978
27926,4155046,33,4155079
27927,4155099,16,4155115
27928,4155374,23,4155397
27929,4155451,72,4155523
27930,4155561,58,4155619
27931,4156098,23,4156121
27932,4156156,31,4156187
27933,4156227,126,4156353
27934,4156579,35,4156614
27935,4156679,38,4156717
27936,4156755,36,4156791
27937,4156800,66,4156866
27938,4156936,135,4157071
27939,4157426,166,4157592
27940,4157638,46,4157684
27941,4157785,3,4157788
27942,4157840,70,4157910
27943,4157950,13,4157963
27944,4157980,10,4157990
27945,4158018,62,4158080
27946,4158216,1,4158217
27947,4158358,6,4158364
27948,4158426,79,4158505
27949,4158523,80,4158603
27950,4158670,112,4158782
27951,4158860,91,4158951
27952,4159087,80,4159167
27953,4159228,11,4159239
27954,4159449,38,4159487
27955,4159546,14,4159560
27956,4159561,14,4159575
27957,4159620,42,4159662
27958,4159719,10,4159729
27959,4159792,65,4159857
27960,4159863,2,4159865
27961,4159919,32,4159951
27962,4160015,13,4160028
27963,4160031,7,4160038
27964,4160042,49,4160091
27965,4160264,9,4160273
27966,4160331,54,4160385
27967,4160554,65,4160619
27968,4160775,17,4160792
27969,4160919,6,4160925
27970,4160990,56,4161046
27971,4161427,3,4161430
27972,4161446,217,4161663
27973,4161855,111,4161966
27974,4162080,86,4162166
27975,4162309,168,4162477
27976,4162534,74,4162608
27977,4162612,14,4162626
27978,4162653,46,4162699
27979,4162846,21,4162867
27980,4162890,14,4162904
27981,4163066,5,4163071
27982,4163169,28,4163197
27983,4163231,36,4163267
27984,4163412,13,4163425
27985,4163640,29,4163669
27986,4163675,19,4163694
27987,4163929,39,4163968
27988,4164063,19,4164082
27989,4164151,6,4164157
27990,4164394,3,4164397
27991,4164637,171,4164808
27992,4164815,198,4165013
27993,4165219,16,4165235
27994,4165393,7,4165400
27995,4165413,69,4165482
27996,4165585,3,4165588
27997,4165723,99,4165822
27998,4165849,14,4165863
27999,4165885,24,4165909
28000,4166065,25,4166090
28001,4166243,76,4166319
28002,4166410,53,4166463
28003,4166629,9,4166638
28004,4166667,56,4166723
28005,4166934,19,4166953
28006,4167082,31,4167113
28007,4167218,21,4167239
28008,4167636,233,4167869
28009,4167933,5,4167938
28010,4168072,15,4168087
28011,4168107,13,4168120
28012,4168201,12,4168213
28013,4168305,50,4168355
28014,4168508,47,4168555
28015,4168600,64,4168664
28016,4168670,54,4168724
28017,4168755,30,4168785
28018,4168789,45,4168834
28019,4168857,41,4168898
28020,4168997,118,4169115
28021,4169298,115,4169413
28022,4169484,16,4169500
28023,4169655,3,4169658
28024,4169778,10,4169788
28025,4169793,53,4169846
28026,4169866,25,4169891
28027,4170155,16,4170171
28028,4170349,1,4170350
28029,4170526,25,4170551
28030,4170608,22,4170630
28031,4170922,17,4170939
28032,4171006,76,4171082
28033,4171175,42,4171217
28034,4171256,84,4171340
28035,4171488,69,4171557
28036,4171606,48,4171654
28037,4171688,25,4171713
28038,4171759,2,4171761
28039,4171831,26,4171857
28040,4171985,23,4172008
28041,4172432,53,4172485
28042,4172489,83,4172572
28043,4172616,7,4172623
28044,4172739,31,4172770
28045,4172805,34,4172839
28046,4172866,27,4172893
28047,4172897,60,4172957
28048,4173104,23,4173127
28049,4173220,92,4173312
28050,4173374,16,4173390
28051,4173392,29,4173421
28052,4173571,26,4173597
28053,4173742,5,4173747
28054,4173805,4,4173809
28055,4173936,159,4174095
28056,4174097,10,4174107
28057,4174205,104,4174309
28058,4174385,8,4174393
28059,4174428,1,4174429
28060,4174471,62,4174533
28061,4174605,4,4174609
28062,4174646,18,4174664
28063,4174899,71,4174970
28064,4175053,67,4175120
28065,4175221,40,4175261
28066,4175289,72,4175361
28067,4175395,19,4175414
28068,4175476,174,4175650
28069,4175736,22,4175758
28070,4175783,37,4175820
28071,4176129,92,4176221
28072,4176253,38,4176291
28073,4176749,67,4176816
28074,4176986,22,4177008
28075,4177175,17,4177192
28076,4177194,79,4177273
28077,4177282,12,4177294
28078,4177435,38,4177473
28079,4177509,10,4177519
28080,4177540,27,4177567
28081,4177615,37,4177652
28082,4177695,94,4177789
28083,4177902,26,4177928
28084,4177961,59,4178020
28085,4178073,59,4178132
28086,4178150,11,4178161
28087,4178263,65,4178328
28088,4178357,57,4178414
28089,4178774,124,4178898
28090,4178926,94,4179020
28091,4179307,78,4179385
28092,4179425,5,4179430
28093,4179546,39,4179585
28094,4179817,99,4179916
28095,4179973,2,4179975
28096,4180037,2,4180039
28097,4180069,128,4180197
28098,4180241,10,4180251
28099,4180330,56,4180386
28100,4180410,99,4180509
28101,4180511,101,4180612
28102,4180698,223,4180921
28103,4180949,29,4180978
28104,4181158,81,4181239
28105,4181253,52,4181305
28106,4181429,65,4181494
28107,4181498,26,4181524
28108,4181718,121,4181839
28109,4181978,28,4182006
28110,4182130,7,4182137
28111,4182209,89,4182298
28112,4182430,64,4182494
28113,4182515,2,4182517
28114,4182522,39,4182561
28115,4182636,11,4182647
28116,4182712,41,4182753
28117,4182837,50,4182887
28118,4182959,31,4182990
28119,4183136,2,4183138
28120,4183164,90,4183254
28121,4183275,139,4183414
28122,4183533,25,4183558
28123,4183596,43,4183639
28124,4183643,18,4183661
28125,4183768,38,4183806
28126,4183903,18,4183921
28127,4183969,24,4183993
28128,4184023,106,4184129
28129,4184183,61,4184244
28130,4184266,73,4184339
28131,4184405,8,4184413
28132,4184572,6,4184578
28133,4184729,34,4184763
28134,4184964,42,4185006
28135,4185156,2,4185158
28136,4185235,39,4185274
28137,4185335,75,4185410
28138,4185417,8,4185425
28139,4185623,5,4185628
28140,4185733,24,4185757
28141,4185870,18,4185888
28142,4186121,139,4186260
28143,4186308,88,4186396
28144,4186403,3,4186406
28145,4186458,50,4186508
28146,4186694,23,4186717
28147,4186764,21,4186785
28148,4186791,18,4186809
28149,4186929,188,4187117
28150,4187286,4,4187290
28151,4187344,1,4187345
28152,4187450,29,4187479
28153,4187504,53,4187557
28154,4187561,70,4187631
28155,4187670,46,4187716
28156,4188237,15,4188252
28157,4188309,226,4188535
28158,4188542,30,4188572
28159,4188738,38,4188776
28160,4188902,70,4188972
28161,4189410,57,4189467
28162,4189469,29,4189498
28163,4189613,199,4189812
28164,4189891,28,4189919
28165,4189952,18,4189970
28166,4190065,10,4190075
28167,4190091,1,4190092
28168,4190252,59,4190311
28169,4190431,19,4190450
28170,4190470,79,4190549
28171,4190796,105,4190901
28172,4191102,1,4191103
28173,4191169,10,4191179
28174,4191181,31,4191212
28175,4191236,41,4191277
28176,4191380,14,4191394
28177,4191438,187,4191625
28178,4191740,31,4191771
28179,4191836,7,4191843
28180,4191997,29,4192026
28181,4192096,9,4192105
28182,4192208,100,4192308
28183,4192340,28,4192368
28184,4192404,21,4192425
28185,4192898,48,4192946
28186,4193139,58,4193197
28187,4193220,56,4193276
28188,4193279,210,4193489
28189,4193645,9,4193654
28190,4193665,31,4193696
28191,4193775,16,4193791
28192,4193843,11,4193854
28193,4194018,225,4194243
28194,4194304,49,4194353
28195,4194356,46,4194402
28196,4194545,24,4194569
28197,4194598,16,4194614
28198,4194659,40,4194699
28199,4194729,2,4194731
28200,4194778,28,4194806
28201,4194821,11,4194832
28202,4195084,44,4195128
28203,4195177,88,4195265
28204,4195501,18,4195519
28205,4195554,58,4195612
28206,4195629,119,4195748
28207,4195840,43,4195883
28208,4196059,75,4196134
28209,4196142,8,4196150
28210,4196222,9,4196231
28211,4196394,12,4196406
28212,4196610,13,4196623
28213,4196646,138,4196784
28214,4196820,11,4196831
28215,4196872,8,4196880
28216,4197066,62,4197128
28217,4197167,9,4197176
28218,4197358,32,4197390
28219,4197424,67,4197491
28220,4197646,79,4197725
28221,4198015,58,4198073
28222,4198171,158,4198329
28223,4198433,3,4198436
28224,4198439,148,4198587
28225,4198653,13,4198666
28226,4198817,16,4198833
28227,4198925,66,4198991
28228,4199005,21,4199026
28229,4199156,108,4199264
28230,4199381,67,4199448
28231,4199576,7,4199583
28232,4199619,48,4199667
28233,4199701,147,4199848
28234,4199935,16,4199951
28235,4200032,109,4200141
28236,4200146,101,4200247
28237,4200248,125,4200373
28238,4200638,28,4200666
28239,4200688,40,4200728
28240,4200749,94,4200843
28241,4201185,27,4201212
28242,4201259,7,4201266
28243,4201334,60,4201394
28244,4201441,5,4201446
28245,4201459,38,4201497
28246,4201543,11,4201554
28247,4201655,48,4201703
28248,4201793,90,4201883
28249,4202064,24,4202088
28250,4202192,94,4202286
28251,4202350,23,4202373
28252,4202383,349,4202732
28253,4202771,72,4202843
28254,4202882,37,4202919
28255,4203220,124,4203344
28256,4203376,59,4203435
28257,4203657,11,4203668
28258,4203669,45,4203714
28259,4203743,31,4203774
28260,4203794,17,4203811
28261,4203889,32,4203921
28262,4204130,157,4204287
28263,4204421,3,4204424
28264,4204513,24,4204537
28265,4204796,16,4204812
28266,4204859,153,4205012
28267,4205021,97,4205118
28268,4205212,70,4205282
28269,4205302,39,4205341
28270,4205406,20,4205426
28271,4205435,102,4205537
28272,4205732,82,4205814
28273,4205860,50,4205910
28274,4205928,15,4205943
28275,4206096,127,4206223
28276,4206386,20,4206406
28277,4206627,21,4206648
28278,4206716,40,4206756
28279,4206763,5,4206768
28280,4206835,20,4206855
28281,4206916,26,4206942
28282,4206964,75,4207039
28283,4207056,34,4207090
28284,4207340,34,4207374
28285,4207570,26,4207596
28286,4207710,48,4207758
28287,4207993,51,4208044
28288,4208073,50,4208123
28289,4208173,77,4208250
28290,4208459,15,4208474
28291,4208494,37,4208531
28292,4208718,26,4208744
28293,4208962,75,4209037
28294,4209077,124,4209201
28295,4209303,60,4209363
28296,4209477,7,4209484
28297,4209538,5,4209543
28298,4209697,71,4209768
28299,4209773,8,4209781
28300,4209800,62,4209862
28301,4209906,15,4209921
28302,4209983,15,4209998
28303,4210140,235,4210375
28304,4210563,43,4210606
28305,4210721,27,4210748
28306,4210782,39,4210821
28307,4210948,31,4210979
28308,4211077,65,4211142
28309,4211181,81,4211262
28310,4211433,9,4211442
28311,4211602,22,4211624
28312,4211639,25,4211664
28313,4211701,51,4211752
28314,4212304,34,4212338
28315,4212365,3,4212368
28316,4212369,16,4212385
28317,4212400,55,4212455
28318,4212483,103,4212586
28319,4212911,8,4212919
28320,4213031,67,4213098
28321,4213131,54,4213185
28322,4213269,222,4213491
28323,4213636,40,4213676
28324,4213777,173,4213950
28325,4214040,80,4214120
28326,4214124,13,4214137
28327,4214168,68,4214236
28328,4214353,5,4214358
28329,4214375,19,4214394
28330,4214429,7,4214436
28331,4214475,49,4214524
28332,4214589,26,4214615
28333,4214687,53,4214740
28334,4214772,32,4214804
28335,4214932,197,4215129
28336,4215324,239,4215563
28337,4215704,85,4215789
28338,4215933,37,4215970
28339,4216028,4,4216032
28340,4216106,32,4216138
28341,4216230,104,4216334
28342,4216343,44,4216387
28343,4216402,53,4216455
28344,4216585,26,4216611
28345,4216620,87,4216707
28346,4216745,64,4216809
28347,4217010,55,4217065
28348,4217084,3,4217087
28349,4217153,28,4217181
28350,4217334,29,4217363
28351,4217400,4,4217404
28352,4217414,19,4217433
28353,4217441,86,4217527
28354,4217574,87,4217661
28355,4217733,24,4217757
28356,4217852,13,4217865
28357,4217902,69,4217971
28358,4218235,16,4218251
28359,4218259,52,4218311
28360,4218379,140,4218519
28361,4218546,18,4218564
28362,4218631,33,4218664
28363,4218759,84,4218843
28364,4218944,66,4219010
28365,4219404,152,4219556
28366,4219631,1,4219632
28367,4219688,98,4219786
28368,4219799,128,4219927
28369,4220018,12,4220030
28370,4220141,27,4220168
28371,4220394,150,4220544
28372,4220771,17,4220788
28373,4220883,206,4221089
28374,4221144,130,4221274
28375,4221560,39,4221599
28376,4221730,6,4221736
28377,4221750,73,4221823
28378,4221830,4,4221834
28379,4221836,25,4221861
28380,4221937,36,4221973
28381,4222108,2,4222110
28382,4222359,54,4222413
28383,4222414,31,4222445
28384,4222473,38,4222511
28385,4222558,42,4222600
28386,4222627,24,4222651
28387,4222667,8,4222675
28388,4222870,45,4222915
28389,4222927,11,4222938
28390,4223182,54,4223236
28391,4223294,89,4223383
28392,4223483,166,4223649
28393,4223708,61,4223769
28394,4223774,15,4223789
28395,4223828,6,4223834
28396,4223851,133,4223984
28397,4224066,105,4224171
28398,4224373,80,4224453
28399,4224499,45,4224544
28400,4224658,45,4224703
28401,4224759,4,4224763
28402,4224782,32,4224814
28403,4224963,87,4225050
28404,4225230,16,4225246
28405,4225400,60,4225460
28406,4225465,108,4225573
28407,4225792,302,4226094
28408,4226143,72,4226215
28409,4226269,15,4226284
28410,4226307,21,4226328
28411,4226643,56,4226699
28412,4226809,35,4226844
28413,4226869,28,4226897
28414,4226934,20,4226954
28415,4226975,25,4227000
28416,4227006,38,4227044
28417,4227382,172,4227554
28418,4227563,53,4227616
28419,4227635,75,4227710
28420,4227731,6,4227737
28421,4228005,28,4228033
28422,4228469,95,4228564
28423,4228806,21,4228827
28424,4228944,153,4229097
28425,4229152,20,4229172
28426,4229185,21,4229206
28427,4229402,35,4229437
28428,4229490,13,4229503
28429,4229504,1,4229505
28430,4229561,80,4229641
28431,4229768,9,4229777
28432,4229802,28,4229830
28433,4229879,35,4229914
28434,4229925,36,4229961
28435,4230004,16,4230020
28436,4230145,13,4230158
28437,4230182,30,4230212
28438,4230369,40,4230409
28439,4230421,18,4230439
28440,4230530,10,4230540
28441,4230552,66,4230618
28442,4230875,14,4230889
28443,4230983,70,4231053
28444,4231162,30,4231192
28445,4231264,16,4231280
28446,4231371,67,4231438
28447,4231539,144,4231683
28448,4231908,4,4231912
28449,4232014,9,4232023
28450,4232072,81,4232153
28451,4232385,273,4232658
28452,4232690,51,4232741
28453,4232755,48,4232803
28454,4232835,152,4232987
28455,4233225,210,4233435
28456,4233452,29,4233481
28457,4233495,28,4233523
28458,4233530,8,4233538
28459,4233761,2,4233763
28460,4233788,11,4233799
28461,4233800,13,4233813
28462,4234120,32,4234152
28463,4234188,11,4234199
28464,4234403,69,4234472
28465,4234581,26,4234607
28466,4234622,15,4234637
28467,4234641,47,4234688
28468,4234694,3,4234697
28469,4234722,6,4234728
28470,4234769,35,4234804
28471,4234888,76,4234964
28472,4234991,18,4235009
28473,4235102,3,4235105
28474,4235118,8,4235126
28475,4235273,36,4235309
28476,4235353,8,4235361
28477,4235415,40,4235455
28478,4235545,84,4235629
28479,4235924,5,4235929
28480,4236024,10,4236034
28481,4236149,62,4236211
28482,4236355,6,4236361
28483,4236416,86,4236502
28484,4236527,34,4236561
28485,4236664,42,4236706
28486,4236979,122,4237101
28487,4237140,5,4237145
28488,4237285,17,4237302
28489,4237430,7,4237437
28490,4237491,13,4237504
28491,4237579,70,4237649
28492,4237772,6,4237778
28493,4237826,22,4237848
28494,4238174,59,4238233
28495,4238293,66,4238359
28496,4238711,21,4238732
28497,4238800,43,4238843
28498,4239024,80,4239104
28499,4239256,38,4239294
28500,4239382,37,4239419
28501,4239428,98,4239526
28502,4239619,39,4239658
28503,4239722,50,4239772
28504,4239868,32,4239900
28505,4240079,11,4240090
28506,4240666,31,4240697
28507,4240726,56,4240782
28508,4240790,44,4240834
28509,4241048,38,4241086
28510,4241248,60,4241308
28511,4241382,1,4241383
28512,4241451,181,4241632
28513,4241647,6,4241653
28514,4241712,61,4241773
28515,4241874,1,4241875
28516,4241916,17,4241933
28517,4242068,55,4242123
28518,4242312,18,4242330
28519,4242370,129,4242499
28520,4242505,54,4242559
28521,4242597,10,4242607
28522,4242717,129,4242846
28523,4243172,68,4243240
28524,4243410,29,4243439
28525,4243566,32,4243598
28526,4243923,22,4243945
28527,4243950,40,4243990
28528,4244107,42,4244149
28529,4244290,254,4244544
28530,4244848,1,4244849
28531,4245030,13,4245043
28532,4245122,40,4245162
28533,4245205,42,4245247
28534,4245416,25,4245441
28535,4245540,15,4245555
28536,4245556,86,4245642
28537,4245707,58,4245765
28538,4246030,5,4246035
28539,4246126,88,4246214
28540,4246276,40,4246316
28541,4246332,50,4246382
28542,4246434,23,4246457
28543,4246703,63,4246766
28544,4246821,30,4246851
28545,4246912,40,4246952
28546,4246954,77,4247031
28547,4247053,22,4247075
28548,4247214,99,4247313
28549,4247377,95,4247472
28550,4247592,42,4247634
28551,4247821,17,4247838
28552,4247851,19,4247870
28553,4247895,72,4247967
28554,4248167,33,4248200
28555,4248331,38,4248369
28556,4248496,62,4248558
28557,4248700,63,4248763
28558,4248774,106,4248880
28559,4248907,39,4248946
28560,4248957,10,4248967
28561,4249020,8,4249028
28562,4249112,7,4249119
28563,4249260,14,4249274
28564,4249489,27,4249516
28565,4250122,8,4250130
28566,4250186,11,4250197
28567,4250202,105,4250307
28568,4250365,12,4250377
28569,4250429,16,4250445
28570,4250518,7,4250525
28571,4250719,138,4250857
28572,4250943,5,4250948
28573,4251012,33,4251045
28574,4251093,8,4251101
28575,4251214,83,4251297
28576,4251309,132,4251441
28577,4251587,13,4251600
28578,4251642,27,4251669
28579,4251774,12,4251786
28580,4251987,49,4252036
28581,4252077,18,4252095
28582,4252288,17,4252305
28583,4252318,33,4252351
28584,4252515,28,4252543
28585,4252571,10,4252581
28586,4252647,175,4252822
28587,4252838,85,4252923
28588,4252925,34,4252959
28589,4253197,20,4253217
28590,4253296,93,4253389
28591,4253488,49,4253537
28592,4253589,221,4253810
28593,4253994,4,4253998
28594,4254083,60,4254143
28595,4254368,70,4254438
28596,4254567,33,4254600
28597,4255164,59,4255223
28598,4255274,12,4255286
28599,4255530,14,4255544
28600,4255739,1,4255740
28601,4255955,11,4255966
28602,4255988,3,4255991
28603,4256238,120,4256358
28604,4256493,12,4256505
28605,4256859,62,4256921
28606,4256938,87,4257025
28607,4257120,39,4257159
28608,4257181,79,4257260
28609,4257360,33,4257393
28610,4257420,36,4257456
28611,4257682,59,4257741
28612,4257900,8,4257908
28613,4258252,16,4258268
28614,4258752,7,4258759
28615,4258769,219,4258988
28616,4259007,21,4259028
28617,4259160,160,4259320
28618,4259468,38,4259506
28619,4259512,10,4259522
28620,4259545,16,4259561
28621,4259623,212,4259835
28622,4260028,27,4260055
28623,4260118,2,4260120
28624,4260140,87,4260227
28625,4260368,15,4260383
28626,4260400,77,4260477
28627,4260665,87,4260752
28628,4260841,85,4260926
28629,4260997,34,4261031
28630,4261073,11,4261084
28631,4261328,5,4261333
28632,4261344,71,4261415
28633,4261478,24,4261502
28634,4261549,35,4261584
28635,4261629,1,4261630
28636,4261709,51,4261760
28637,4261930,16,4261946
28638,4261965,33,4261998
28639,4262269,24,4262293
28640,4262677,52,4262729
28641,4262981,48,4263029
28642,4263126,8,4263134
28643,4263198,77,4263275
28644,4263387,27,4263414
28645,4263467,27,4263494
28646,4263502,2,4263504
28647,4263562,3,4263565
28648,4263807,2,4263809
28649,4263839,87,4263926
28650,4264017,7,4264024
28651,4264037,69,4264106
28652,4264317,4,4264321
28653,4264479,12,4264491
28654,4264504,52,4264556
28655,4264564,40,4264604
28656,4264687,85,4264772
28657,4264958,1,4264959
28658,4264993,73,4265066
28659,4265142,71,4265213
28660,4265247,22,4265269
28661,4265388,36,4265424
28662,4265445,118,4265563
28663,4265681,33,4265714
28664,4265866,4,4265870
28665,4265881,170,4266051
28666,4266063,43,4266106
28667,4266186,2,4266188
28668,4266261,15,4266276
28669,4266290,10,4266300
28670,4266318,20,4266338
28671,4266425,88,4266513
28672,4266529,51,4266580
28673,4266650,81,4266731
28674,4267014,75,4267089
28675,4267128,27,4267155
28676,4267515,101,4267616
28677,4267710,17,4267727
28678,4267734,20,4267754
28679,4267970,3,4267973
28680,4268062,52,4268114
28681,4268282,83,4268365
28682,4268417,61,4268478
28683,4268577,47,4268624
28684,4268640,80,4268720
28685,4268817,136,4268953
28686,4269083,43,4269126
28687,4269143,48,4269191
28688,4269245,26,4269271
28689,4269359,4,4269363
28690,4269479,24,4269503
28691,4269795,36,4269831
28692,4270029,115,4270144
28693,4270258,61,4270319
28694,4270418,35,4270453
28695,4270524,29,4270553
28696,4270596,51,4270647
28697,4271322,6,4271328
28698,4271335,107,4271442
28699,4271467,31,4271498
28700,4271720,76,4271796
28701,4271851,70,4271921
28702,4272057,165,4272222
28703,4272317,32,4272349
28704,4272513,63,4272576
28705,4272671,34,4272705
28706,4272821,37,4272858
28707,4272893,26,4272919
28708,4273010,23,4273033
28709,4273043,64,4273107
28710,4273119,3,4273122
28711,4273230,15,4273245
28712,4273265,1,4273266
28713,4273334,1,4273335
28714,4273391,17,4273408
28715,4273516,2,4273518
28716,4273560,22,4273582
28717,4273645,38,4273683
28718,4273772,6,4273778
28719,4273801,154,4273955
28720,4273962,40,4274002
28721,4274091,8,4274099
28722,4274155,62,4274217
28723,4274367,2,4274369
28724,4274392,6,4274398
28725,4274413,39,4274452
28726,4274454,16,4274470
28727,4274480,7,4274487
28728,4274515,36,4274551
28729,4274722,13,4274735
28730,4274898,111,4275009
28731,4275063,16,4275079
28732,4275082,6,4275088
28733,4275099,148,4275247
28734,4275325,18,4275343
28735,4275379,23,4275402
28736,4275426,123,4275549
28737,4275565,34,4275599
28738,4275717,24,4275741
28739,4275840,13,4275853
28740,4275873,33,4275906
28741,4275911,19,4275930
28742,4275979,58,4276037
28743,4276279,18,4276297
28744,4276322,42,4276364
28745,4276460,145,4276605
28746,4276748,83,4276831
28747,4276854,21,4276875
28748,4276922,21,4276943
28749,4276987,46,4277033
28750,4277138,364,4277502
28751,4277522,1,4277523
28752,4277694,40,4277734
28753,4277962,19,4277981
28754,4277982,144,4278126
28755,4278164,14,4278178
28756,4278605,52,4278657
28757,4278706,65,4278771
28758,4278798,75,4278873
28759,4279267,18,4279285
28760,4279399,2,4279401
28761,4279452,62,4279514
28762,4279543,49,4279592
28763,4279696,27,4279723
28764,4279822,22,4279844
28765,4279865,30,4279895
28766,4279905,6,4279911
28767,4280203,9,4280212
28768,4280322,57,4280379
28769,4280522,28,4280550
28770,4280612,80,4280692
28771,4280890,23,4280913
28772,4281030,2,4281032
28773,4281081,18,4281099
28774,4281198,9,4281207
28775,4281240,32,4281272
28776,4281363,107,4281470
28777,4281514,149,4281663
28778,4281828,15,4281843
28779,4281876,37,4281913
28780,4281923,15,4281938
28781,4281947,9,4281956
28782,4282083,30,4282113
28783,4282205,161,4282366
28784,4282650,69,4282719
28785,4282866,2,4282868
28786,4282870,29,4282899
28787,4282957,6,4282963
28788,4283008,118,4283126
28789,4283340,12,4283352
28790,4283432,51,4283483
28791,4283496,22,4283518
28792,4283863,24,4283887
28793,4283978,55,4284033
28794,4284387,16,4284403
28795,4284553,123,4284676
28796,4284751,11,4284762
28797,4284772,1,4284773
28798,4284916,50,4284966
28799,4285010,67,4285077
28800,4285110,9,4285119
28801,4285122,11,4285133
28802,4285422,44,4285466
28803,4285486,60,4285546
28804,4285614,214,4285828
28805,4285895,61,4285956
28806,4285965,32,4285997
28807,4286105,8,4286113
28808,4286176,9,4286185
28809,4286313,75,4286388
28810,4286403,2,4286405
28811,4286567,12,4286579
28812,4286588,24,4286612
28813,4286677,96,4286773
28814,4286904,38,4286942
28815,4286974,21,4286995
28816,4287008,51,4287059
28817,4287131,47,4287178
28818,4287220,6,4287226
28819,4287393,9,4287402
28820,4287513,90,4287603
28821,4288046,69,4288115
28822,4288425,101,4288526
28823,4288834,24,4288858
28824,4289149,105,4289254
28825,4289328,27,4289355
28826,4289390,65,4289455
28827,4289617,4,4289621
28828,4289718,2,4289720
28829,4289810,105,4289915
28830,4289960,7,4289967
28831,4289987,43,4290030
28832,4290125,6,4290131
28833,4290260,8,4290268
28834,4290973,54,4291027
28835,4291170,1,4291171
28836,4291364,23,4291387
28837,4291654,50,4291704
28838,4291781,80,4291861
28839,4291898,25,4291923
28840,4291964,22,4291986
28841,4292270,7,4292277
28842,4292362,8,4292370
28843,4292373,73,4292446
28844,4292546,36,4292582
28845,4292626,47,4292673
28846,4292677,5,4292682
28847,4292838,1,4292839
28848,4292928,59,4292987
28849,4293036,82,4293118
28850,4293277,232,4293509
28851,4293656,48,4293704
28852,4293783,117,4293900
28853,4293983,51,4294034
28854,4294072,92,4294164
28855,4294310,59,4294369
28856,4294458,38,4294496
28857,4294520,93,4294613
28858,4294681,62,4294743
28859,4294837,73,4294910
28860,4294930,119,4295049
28861,4295123,43,4295166
28862,4295177,7,4295184
28863,4295249,102,4295351
28864,4295555,41,4295596
28865,4295621,53,4295674
28866,4295688,33,4295721
28867,4296062,12,4296074
28868,4296325,110,4296435
28869,4296480,137,4296617
28870,4296782,173,4296955
28871,4297030,70,4297100
28872,4297163,31,4297194
28873,4297394,77,4297471
28874,4297497,36,4297533
28875,4297661,19,4297680
28876,4297780,34,4297814
28877,4297959,18,4297977
28878,4298001,8,4298009
28879,4298105,10,4298115
28880,4298183,4,4298187
28881,4298206,55,4298261
28882,4298460,20,4298480
28883,4298578,130,4298708
28884,4298710,10,4298720
28885,4298980,28,4299008
28886,4299017,26,4299043
28887,4299085,28,4299113
28888,4299143,2,4299145
28889,4299190,6,4299196
28890,4299276,121,4299397
28891,4299547,29,4299576
28892,4299674,8,4299682
28893,4299736,73,4299809
28894,4300160,23,4300183
28895,4300672,73,4300745
28896,4300903,9,4300912
28897,4300931,122,4301053
28898,4301166,23,4301189
28899,4301368,20,4301388
28900,4301394,8,4301402
28901,4301451,5,4301456
28902,4301478,3,4301481
28903,4301501,52,4301553
28904,4301917,16,4301933
28905,4301965,38,4302003
28906,4302010,88,4302098
28907,4302325,75,4302400
28908,4302496,13,4302509
28909,4302595,40,4302635
28910,4302711,45,4302756
28911,4302868,104,4302972
28912,4303003,18,4303021
28913,4303119,106,4303225
28914,4303291,27,4303318
28915,4303433,93,4303526
28916,4303717,158,4303875
28917,4303937,46,4303983
28918,4304020,48,4304068
28919,4304291,75,4304366
28920,4304417,233,4304650
28921,4304763,58,4304821
28922,4304955,21,4304976
28923,4305091,66,4305157
28924,4305227,15,4305242
28925,4305329,15,4305344
28926,4305392,16,4305408
28927,4305420,50,4305470
28928,4305487,54,4305541
28929,4305551,96,4305647
28930,4305697,99,4305796
28931,4305829,156,4305985
28932,4306468,47,4306515
28933,4306876,12,4306888
28934,4306957,38,4306995
28935,4307010,49,4307059
28936,4307082,43,4307125
28937,4307133,75,4307208
28938,4307241,65,4307306
28939,4307330,4,4307334
28940,4307459,24,4307483
28941,4307677,1,4307678
28942,4307771,6,4307777
28943,4307792,23,4307815
28944,4308012,27,4308039
28945,4308229,82,4308311
28946,4308314,4,4308318
28947,4308407,57,4308464
28948,4308476,22,4308498
28949,4308531,31,4308562
28950,4308656,53,4308709
28951,4308868,105,4308973
28952,4309125,81,4309206
28953,4309227,46,4309273
28954,4309352,26,4309378
28955,4309419,25,4309444
28956,4309617,13,4309630
28957,4309639,23,4309662
28958,4309706,128,4309834
28959,4309962,73,4310035
28960,4310089,2,4310091
28961,4310105,5,4310110
28962,4310245,36,4310281
28963,4310424,18,4310442
28964,4310491,113,4310604
28965,4310671,162,4310833
28966,4310878,18,4310896
28967,4310942,51,4310993
28968,4311108,36,4311144
28969,4311172,28,4311200
28970,4311277,43,4311320
28971,4311492,96,4311588
28972,4311669,71,4311740
28973,4311944,94,4312038
28974,4312305,28,4312333
28975,4312557,51,4312608
28976,4312633,56,4312689
28977,4312713,46,4312759
28978,4312798,8,4312806
28979,4312821,75,4312896
28980,4313336,90,4313426
28981,4313473,57,4313530
28982,4313726,39,4313765
28983,4313894,86,4313980
28984,4314182,11,4314193
28985,4314297,63,4314360
28986,4314494,32,4314526
28987,4314768,86,4314854
28988,4314866,47,4314913
28989,4315000,22,4315022
28990,4315049,22,4315071
28991,4315526,3,4315529
28992,4315734,17,4315751
28993,4316006,68,4316074
28994,4316139,8,4316147
28995,4316168,14,4316182
28996,4316449,24,4316473
28997,4316704,64,4316768
28998,4316866,52,4316918
28999,4317066,32,4317098
29000,4317129,7,4317136
29001,4317265,221,4317486
29002,4317667,3,4317670
29003,4317693,188,4317881
29004,4317915,98,4318013
29005,4318187,28,4318215
29006,4318221,5,4318226
29007,4318376,74,4318450
29008,4318484,7,4318491
29009,4318615,5,4318620
29010,4318733,95,4318828
29011,4318898,21,4318919
29012,4319047,42,4319089
29013,4319201,67,4319268
29014,4319493,24,4319517
29015,4319834,32,4319866
29016,4319924,29,4319953
29017,4320193,246,4320439
29018,4321006,36,4321042
29019,4321089,17,4321106
29020,4321114,103,4321217
29021,4321348,46,4321394
29022,4321585,54,4321639
29023,4321702,157,4321859
29024,4322070,71,4322141
29025,4322480,7,4322487
29026,4322700,57,4322757
29027,4322779,47,4322826
29028,4322877,2,4322879
29029,4322998,144,4323142
29030,4323171,17,4323188
29031,4323231,21,4323252
29032,4323279,30,4323309
29033,4323319,14,4323333
29034,4323461,10,4323471
29035,4323600,139,4323739
29036,4323752,45,4323797
29037,4323840,39,4323879
29038,4323911,3,4323914
29039,4324009,33,4324042
29040,4324062,87,4324149
29041,4324164,19,4324183
29042,4324210,98,4324308
29043,4324376,144,4324520
29044,4324579,48,4324627
29045,4324647,51,4324698
29046,4324804,16,4324820
29047,4324924,3,4324927
29048,4324958,51,4325009
29049,4325105,4,4325109
29050,4325141,161,4325302
29051,4325463,5,4325468
29052,4325572,74,4325646
29053,4325802,52,4325854
29054,4325929,82,4326011
29055,4326161,38,4326199
29056,4326222,59,4326281
29057,4326299,183,4326482
29058,4326623,21,4326644
29059,4326676,33,4326709
29060,4326725,50,4326775
29061,4326944,104,4327048
29062,4327077,21,4327098
29063,4327222,93,4327315
29064,4327352,1,4327353
29065,4327380,12,4327392
29066,4327437,18,4327455
29067,4327537,35,4327572
29068,4327635,12,4327647
29069,4327691,26,4327717
29070,4327902,30,4327932
29071,4327968,13,4327981
29072,4328082,8,4328090
29073,4328184,14,4328198
29074,4328252,131,4328383
29075,4328419,29,4328448
29076,4328896,73,4328969
29077,4329055,81,4329136
29078,4329139,37,4329176
29079,4329231,1,4329232
29080,4329348,27,4329375
29081,4329616,50,4329666
29082,4329983,142,4330125
29083,4330153,373,4330526
29084,4330535,94,4330629
29085,4330630,132,4330762
29086,4331052,51,4331103
29087,4331177,18,4331195
29088,4331215,33,4331248
29089,4331305,6,4331311
29090,4331328,54,4331382
29091,4331416,19,4331435
29092,4331664,17,4331681
29093,4331696,9,4331705
29094,4331840,2,4331842
29095,4332002,16,4332018
29096,4332130,9,4332139
29097,4332183,28,4332211
29098,4332231,6,4332237
29099,4332259,6,4332265
29100,4332334,35,4332369
29101,4332511,13,4332524
29102,4332751,4,4332755
29103,4332777,103,4332880
29104,4332893,35,4332928
29105,4332962,26,4332988
29106,4333026,138,4333164
29107,4333399,89,4333488
29108,4333811,171,4333982
29109,4334084,52,4334136
29110,4334309,31,4334340
29111,4334383,21,4334404
29112,4334582,82,4334664
29113,4334714,150,4334864
29114,4334895,7,4334902
29115,4335096,34,4335130
29116,4335267,19,4335286
29117,4335464,52,4335516
29118,4335575,5,4335580
29119,4335716,21,4335737
29120,4336205,162,4336367
29121,4336464,1,4336465
29122,4336540,2,4336542
29123,4336607,51,4336658
29124,4336767,119,4336886
29125,4336899,4,4336903
29126,4336958,2,4336960
29127,4337006,38,4337044
29128,4337072,138,4337210
29129,4337255,22,4337277
29130,4337608,31,4337639
29131,4337797,45,4337842
29132,4337870,14,4337884
29133,4337885,46,4337931
29134,4337959,51,4338010
29135,4338067,40,4338107
29136,4338110,55,4338165
29137,4338281,49,4338330
29138,4338369,41,4338410
29139,4338540,19,4338559
29140,4338656,95,4338751
29141,4338813,90,4338903
29142,4338904,41,4338945
29143,4338986,128,4339114
29144,4339254,60,4339314
29145,4339337,2,4339339
29146,4339442,2,4339444
29147,4339492,10,4339502
29148,4339534,2,4339536
29149,4339546,55,4339601
29150,4339624,10,4339634
29151,4339720,38,4339758
29152,4339876,6,4339882
29153,4340150,36,4340186
29154,4340195,17,4340212
29155,4340255,41,4340296
29156,4340307,11,4340318
29157,4340384,32,4340416
29158,4340549,42,4340591
29159,4340711,46,4340757
29160,4340774,10,4340784
29161,4340811,62,4340873
29162,4340960,56,4341016
29163,4341255,7,4341262
29164,4341320,60,4341380
29165,4341433,41,4341474
29166,4341541,12,4341553
29167,4341752,58,4341810
29168,4341926,44,4341970
29169,4341994,3,4341997
29170,4342010,43,4342053
29171,4342378,156,4342534
29172,4342676,58,4342734
29173,4342744,76,4342820
29174,4342884,36,4342920
29175,4343021,131,4343152
29176,4343154,182,4343336
29177,4343479,2,4343481
29178,4343512,25,4343537
29179,4343587,4,4343591
29180,4343599,103,4343702
29181,4343724,75,4343799
29182,4343899,25,4343924
29183,4343977,13,4343990
29184,4343996,80,4344076
29185,4344349,37,4344386
29186,4344417,51,4344468
29187,4344553,61,4344614
29188,4344616,24,4344640
29189,4344642,41,4344683
29190,4344715,6,4344721
29191,4344763,72,4344835
29192,4344899,21,4344920
29193,4345263,50,4345313
29194,4345357,23,4345380
29195,4345492,143,4345635
29196,4345643,62,4345705
29197,4345931,89,4346020
29198,4346249,74,4346323
29199,4346514,1,4346515
29200,4346547,11,4346558
29201,4346567,158,4346725
29202,4346738,87,4346825
29203,4346850,223,4347073
29204,4347260,19,4347279
29205,4347294,26,4347320
29206,4347354,126,4347480
29207,4347555,63,4347618
29208,4347667,46,4347713
29209,4347744,107,4347851
29210,4348020,17,4348037
29211,4348056,21,4348077
29212,4348154,95,4348249
29213,4348275,18,4348293
29214,4348302,7,4348309
29215,4348326,36,4348362
29216,4348683,16,4348699
29217,4348823,55,4348878
29218,4349002,26,4349028
29219,4349060,9,4349069
29220,4349134,45,4349179
29221,4349203,11,4349214
29222,4349313,47,4349360
29223,4349361,28,4349389
29224,4349523,10,4349533
29225,4349636,162,4349798
29226,4349861,81,4349942
29227,4350250,168,4350418
29228,4350420,3,4350423
29229,4350558,81,4350639
29230,4350787,116,4350903
29231,4350981,36,4351017
29232,4351131,33,4351164
29233,4351206,5,4351211
29234,4351275,131,4351406
29235,4351481,39,4351520
29236,4351592,26,4351618
29237,4351792,9,4351801
29238,4351839,196,4352035
29239,4352073,89,4352162
29240,4352175,85,4352260
29241,4352501,125,4352626
29242,4352957,10,4352967
29243,4353017,26,4353043
29244,4353059,36,4353095
29245,4353120,26,4353146
29246,4353202,66,4353268
29247,4353338,23,4353361
29248,4353452,79,4353531
29249,4353756,8,4353764
29250,4353795,1,4353796
29251,4353849,43,4353892
29252,4353998,19,4354017
29253,4354026,9,4354035
29254,4354037,264,4354301
29255,4354365,36,4354401
29256,4354549,101,4354650
29257,4354701,31,4354732
29258,4354757,12,4354769
29259,4354813,93,4354906
29260,4354971,83,4355054
29261,4355105,69,4355174
29262,4355281,16,4355297
29263,4355301,83,4355384
29264,4355641,1,4355642
29265,4355694,8,4355702
29266,4355766,110,4355876
29267,4355902,46,4355948
29268,4356010,29,4356039
29269,4356041,62,4356103
29270,4356391,65,4356456
29271,4356622,35,4356657
29272,4356671,17,4356688
29273,4356821,51,4356872
29274,4356940,38,4356978
29275,4357011,33,4357044
29276,4357147,37,4357184
29277,4357384,1,4357385
29278,4357454,23,4357477
29279,4357484,11,4357495
29280,4357637,23,4357660
29281,4357725,5,4357730
29282,4357741,46,4357787
29283,4357811,63,4357874
29284,4357879,28,4357907
29285,4357919,26,4357945
29286,4357966,53,4358019
29287,4358180,4,4358184
29288,4358209,15,4358224
29289,4358236,34,4358270
29290,4358352,136,4358488
29291,4358699,265,4358964
29292,4359202,118,4359320
29293,4359323,15,4359338
29294,4359340,4,4359344
29295,4359355,24,4359379
29296,4359404,103,4359507
29297,4359527,20,4359547
29298,4359548,121,4359669
29299,4359812,2,4359814
29300,4359878,28,4359906
29301,4359933,8,4359941
29302,4360038,28,4360066
29303,4360176,10,4360186
29304,4360193,76,4360269
29305,4360319,35,4360354
29306,4360459,69,4360528
29307,4360536,12,4360548
29308,4360668,67,4360735
29309,4360758,12,4360770
29310,4360772,75,4360847
29311,4360862,8,4360870
29312,4360985,13,4360998
29313,4361013,35,4361048
29314,4361065,16,4361081
29315,4361095,24,4361119
29316,4361136,18,4361154
29317,4361378,4,4361382
29318,4361393,26,4361419
29319,4361440,83,4361523
29320,4361839,11,4361850
29321,4361933,71,4362004
29322,4362006,96,4362102
29323,4362104,44,4362148
29324,4362336,9,4362345
29325,4362432,225,4362657
29326,4362720,43,4362763
29327,4362993,31,4363024
29328,4363041,59,4363100
29329,4363106,10,4363116
29330,4363395,96,4363491
29331,4363616,9,4363625
29332,4364001,106,4364107
29333,4364342,94,4364436
29334,4364539,109,4364648
29335,4364672,15,4364687
29336,4364811,11,4364822
29337,4364852,27,4364879
29338,4365091,53,4365144
29339,4365227,47,4365274
29340,4365353,50,4365403
29341,4365757,56,4365813
29342,4365961,66,4366027
29343,4366063,11,4366074
29344,4366137,107,4366244
29345,4366272,79,4366351
29346,4366466,8,4366474
29347,4366485,138,4366623
29348,4366649,34,4366683
29349,4366815,8,4366823
29350,4366827,18,4366845
29351,4366950,4,4366954
29352,4367020,111,4367131
29353,4367338,81,4367419
29354,4367429,12,4367441
29355,4367505,132,4367637
29356,4367668,98,4367766
29357,4367814,94,4367908
29358,4368183,69,4368252
29359,4368308,44,4368352
29360,4368367,33,4368400
29361,4368438,19,4368457
29362,4368462,74,4368536
29363,4368790,28,4368818
29364,4368829,34,4368863
29365,4368992,17,4369009
29366,4369029,11,4369040
29367,4369053,78,4369131
29368,4369227,129,4369356
29369,4369455,21,4369476
29370,4369536,9,4369545
29371,4369554,32,4369586
29372,4369641,79,4369720
29373,4369776,26,4369802
29374,4369950,9,4369959
29375,4369980,29,4370009
29376,4370114,55,4370169
29377,4370200,111,4370311
29378,4370353,60,4370413
29379,4370443,14,4370457
29380,4370529,9,4370538
29381,4370546,4,4370550
29382,4370818,81,4370899
29383,4371082,120,4371202
29384,4371346,66,4371412
29385,4371534,20,4371554
29386,4371578,1,4371579
29387,4371674,43,4371717
29388,4371723,19,4371742
29389,4371862,1,4371863
29390,4371876,100,4371976
29391,4372043,1,4372044
29392,4372049,6,4372055
29393,4372285,79,4372364
29394,4372373,49,4372422
29395,4372790,103,4372893
29396,4373053,42,4373095
29397,4373598,48,4373646
29398,4373652,61,4373713
29399,4373809,66,4373875
29400,4373877,39,4373916
29401,4373927,55,4373982
29402,4374163,13,4374176
29403,4374393,118,4374511
29404,4374550,60,4374610
29405,4374684,86,4374770
29406,4374928,48,4374976
29407,4375047,25,4375072
29408,4375224,46,4375270
29409,4375475,139,4375614
29410,4375753,16,4375769
29411,4375790,78,4375868
29412,4375952,45,4375997
29413,4376028,21,4376049
29414,4376120,2,4376122
29415,4376337,5,4376342
29416,4376496,31,4376527
29417,4376589,11,4376600
29418,4376616,111,4376727
29419,4376743,130,4376873
29420,4376887,84,4376971
29421,4377007,4,4377011
29422,4377018,58,4377076
29423,4377192,23,4377215
29424,4377301,31,4377332
29425,4377527,17,4377544
29426,4377556,42,4377598
29427,4377805,4,4377809
29428,4377874,22,4377896
29429,4377943,8,4377951
29430,4377959,36,4377995
29431,4378044,95,4378139
29432,4378143,15,4378158
29433,4378159,11,4378170
29434,4378377,28,4378405
29435,4378419,39,4378458
29436,4378634,65,4378699
29437,4378918,81,4378999
29438,4379013,92,4379105
29439,4379239,182,4379421
29440,4379491,34,4379525
29441,4379886,23,4379909
29442,4380029,76,4380105
29443,4380220,34,4380254
29444,4380325,134,4380459
29445,4380547,30,4380577
29446,4380644,20,4380664
29447,4380883,39,4380922
29448,4380956,17,4380973
29449,4380999,52,4381051
29450,4381143,28,4381171
29451,4381331,49,4381380
29452,4381400,2,4381402
29453,4381501,64,4381565
29454,4381585,42,4381627
29455,4381714,37,4381751
29456,4381765,109,4381874
29457,4382101,33,4382134
29458,4382142,45,4382187
29459,4382306,9,4382315
29460,4382316,49,4382365
29461,4382369,95,4382464
29462,4382465,39,4382504
29463,4382613,24,4382637
29464,4382734,32,4382766
29465,4382789,108,4382897
29466,4382914,20,4382934
29467,4383080,65,4383145
29468,4383212,4,4383216
29469,4383454,93,4383547
29470,4383597,218,4383815
29471,4383822,74,4383896
29472,4384040,151,4384191
29473,4384211,30,4384241
29474,4384274,87,4384361
29475,4384398,49,4384447
29476,4384472,34,4384506
29477,4384597,29,4384626
29478,4384950,40,4384990
29479,4385045,135,4385180
29480,4385199,6,4385205
29481,4385230,72,4385302
29482,4385394,8,4385402
29483,4385535,90,4385625
29484,4385811,16,4385827
29485,4385882,75,4385957
29486,4386014,29,4386043
29487,4386175,195,4386370
29488,4386678,42,4386720
29489,4387046,15,4387061
29490,4387127,10,4387137
29491,4387255,90,4387345
29492,4387386,139,4387525
29493,4387582,110,4387692
29494,4387742,6,4387748
29495,4387926,35,4387961
29496,4387980,3,4387983
29497,4388020,2,4388022
29498,4388026,53,4388079
29499,4388210,107,4388317
29500,4388516,16,4388532
29501,4388745,118,4388863
29502,4388981,77,4389058
29503,4389080,49,4389129
29504,4389216,59,4389275
29505,4389526,86,4389612
29506,4389625,111,4389736
29507,4389867,32,4389899
29508,4389973,36,4390009
29509,4390125,32,4390157
29510,4390304,20,4390324
29511,4390354,7,4390361
29512,4390465,10,4390475
29513,4390497,4,4390501
29514,4390532,6,4390538
29515,4390557,27,4390584
29516,4390699,69,4390768
29517,4390929,3,4390932
29518,4391019,24,4391043
29519,4391076,22,4391098
29520,4391162,48,4391210
29521,4391231,96,4391327
29522,4391343,112,4391455
29523,4391529,106,4391635
29524,4391735,13,4391748
29525,4391759,152,4391911
29526,4391954,39,4391993
29527,4392152,2,4392154
29528,4392276,45,4392321
29529,4392385,10,4392395
29530,4392530,71,4392601
29531,4392679,2,4392681
29532,4392701,18,4392719
29533,4392763,97,4392860
29534,4392997,4,4393001
29535,4393131,1,4393132
29536,4393161,68,4393229
29537,4393266,16,4393282
29538,4393305,19,4393324
29539,4393435,52,4393487
29540,4393519,41,4393560
29541,4393639,189,4393828
29542,4394232,22,4394254
29543,4394300,21,4394321
29544,4394440,178,4394618
29545,4394769,24,4394793
29546,4394868,79,4394947
29547,4395038,2,4395040
29548,4395127,2,4395129
29549,4395132,149,4395281
29550,4395289,81,4395370
29551,4395437,35,4395472
29552,4395713,5,4395718
29553,4395767,20,4395787
29554,4395856,16,4395872
29555,4395882,30,4395912
29556,4395958,79,4396037
29557,4396247,6,4396253
29558,4396383,87,4396470
29559,4396569,38,4396607
29560,4397019,6,4397025
29561,4397103,119,4397222
29562,4397271,2,4397273
29563,4397591,57,4397648
29564,4397865,7,4397872
29565,4397880,32,4397912
29566,4398048,105,4398153
29567,4398156,159,4398315
29568,4398329,12,4398341
29569,4398384,86,4398470
29570,4398784,153,4398937
29571,4398993,213,4399206
29572,4399493,24,4399517
29573,4399554,16,4399570
29574,4399608,53,4399661
29575,4399662,95,4399757
29576,4399820,16,4399836
29577,4399869,15,4399884
29578,4399918,85,4400003
29579,4400095,1,4400096
29580,4400162,141,4400303
29581,4400353,24,4400377
29582,4400485,24,4400509
29583,4400600,45,4400645
29584,4400700,37,4400737
29585,4400765,197,4400962
29586,4401037,23,4401060
29587,4401093,19,4401112
29588,4401192,19,4401211
29589,4401218,12,4401230
29590,4401270,166,4401436
29591,4401501,43,4401544
29592,4401585,22,4401607
29593,4401745,49,4401794
29594,4401855,33,4401888
29595,4401920,31,4401951
29596,4402278,155,4402433
29597,4402472,87,4402559
29598,4402788,40,4402828
29599,4402972,155,4403127
29600,4403144,77,4403221
29601,4403267,23,4403290
29602,4403390,156,4403546
29603,4404017,31,4404048
29604,4404287,96,4404383
29605,4404553,9,4404562
29606,4404573,31,4404604
29607,4404685,49,4404734
29608,4404801,240,4405041
29609,4405207,7,4405214
29610,4405323,15,4405338
29611,4405392,3,4405395
29612,4405451,8,4405459
29613,4405461,5,4405466
29614,4405580,18,4405598
29615,4405667,32,4405699
29616,4405745,38,4405783
29617,4405851,33,4405884
29618,4406261,11,4406272
29619,4406349,5,4406354
29620,4406423,39,4406462
29621,4406564,75,4406639
29622,4406650,26,4406676
29623,4406875,18,4406893
29624,4407028,79,4407107
29625,4407117,23,4407140
29626,4407212,104,4407316
29627,4407372,5,4407377
29628,4407430,41,4407471
29629,4407524,31,4407555
29630,4407622,92,4407714
29631,4407921,43,4407964
29632,4407984,11,4407995
29633,4408079,114,4408193
29634,4408453,114,4408567
29635,4408778,82,4408860
29636,4408899,17,4408916
29637,4409076,45,4409121
29638,4409403,20,4409423
29639,4409579,59,4409638
29640,4409679,17,4409696
29641,4409925,34,4409959
29642,4410217,44,4410261
29643,4410268,10,4410278
29644,4410350,2,4410352
29645,4410544,91,4410635
29646,4410744,37,4410781
29647,4410792,49,4410841
29648,4410873,21,4410894
29649,4410989,109,4411098
29650,4411399,37,4411436
29651,4411477,3,4411480
29652,4411561,15,4411576
29653,4411795,171,4411966
29654,4411995,1,4411996
29655,4412001,38,4412039
29656,4412101,156,4412257
29657,4412259,37,4412296
29658,4412588,76,4412664
29659,4413036,65,4413101
29660,4413302,6,4413308
29661,4413391,26,4413417
29662,4413544,89,4413633
29663,4413766,29,4413795
29664,4413834,40,4413874
29665,4413913,45,4413958
29666,4414047,17,4414064
29667,4414131,2,4414133
29668,4414284,68,4414352
29669,4414397,81,4414478
29670,4414538,60,4414598
29671,4414647,40,4414687
29672,4415013,31,4415044
29673,4415063,86,4415149
29674,4415168,35,4415203
29675,4415388,31,4415419
29676,4415442,22,4415464
29677,4415470,80,4415550
29678,4415590,14,4415604
29679,4415634,218,4415852
29680,4415904,40,4415944
29681,4416050,45,4416095
29682,4416282,189,4416471
29683,4416715,56,4416771
29684,4416970,71,4417041
29685,4417052,17,4417069
29686,4417145,14,4417159
29687,4417466,100,4417566
29688,4417648,2,4417650
29689,4417677,44,4417721
29690,4417788,161,4417949
29691,4418322,105,4418427
29692,4418466,132,4418598
29693,4418769,241,4419010
29694,4419040,26,4419066
29695,4419125,20,4419145
29696,4419688,1,4419689
29697,4419925,16,4419941
29698,4420140,29,4420169
29699,4420318,39,4420357
29700,4420377,52,4420429
29701,4420491,7,4420498
29702,4420546,80,4420626
29703,4420663,78,4420741
29704,4420746,61,4420807
29705,4420878,11,4420889
29706,4420929,77,4421006
29707,4421145,76,4421221
29708,4421367,3,4421370
29709,4421600,6,4421606
29710,4421666,12,4421678
29711,4421728,14,4421742
29712,4421769,8,4421777
29713,4421863,23,4421886
29714,4421970,37,4422007
29715,4422193,31,4422224
29716,4422395,63,4422458
29717,4422468,1,4422469
29718,4422490,36,4422526
29719,4422649,2,4422651
29720,4422655,19,4422674
29721,4422702,51,4422753
29722,4422769,45,4422814
29723,4422920,58,4422978
29724,4423008,163,4423171
29725,4423187,102,4423289
29726,4423446,4,4423450
29727,4423551,37,4423588
29728,4423788,89,4423877
29729,4423883,91,4423974
29730,4423989,2,4423991
29731,4424123,6,4424129
29732,4424147,26,4424173
29733,4424222,127,4424349
29734,4424458,150,4424608
29735,4424643,150,4424793
29736,4424970,33,4425003
29737,4425290,4,4425294
29738,4425420,18,4425438
29739,4425445,6,4425451
29740,4425463,60,4425523
29741,4425991,34,4426025
29742,4426141,25,4426166
29743,4426179,10,4426189
29744,4426288,9,4426297
29745,4426637,110,4426747
29746,4426754,22,4426776
29747,4426862,112,4426974
29748,4427113,16,4427129
29749,4427367,10,4427377
29750,4427599,83,4427682
29751,4427763,2,4427765
29752,4427842,4,4427846
29753,4428232,17,4428249
29754,4428299,53,4428352
29755,4428422,14,4428436
29756,4428439,2,4428441
29757,4428457,60,4428517
29758,4428684,10,4428694
29759,4428886,11,4428897
29760,4429095,31,4429126
29761,4429166,5,4429171
29762,4429256,106,4429362
29763,4429455,60,4429515
29764,4429826,9,4429835
29765,4429938,105,4430043
29766,4430221,151,4430372
29767,4430641,23,4430664
29768,4430697,23,4430720
29769,4430891,36,4430927
29770,4430939,11,4430950
29771,4430952,13,4430965
29772,4431060,10,4431070
29773,4431074,12,4431086
29774,4431098,41,4431139
29775,4431337,3,4431340
29776,4431428,22,4431450
29777,4431511,43,4431554
29778,4431578,29,4431607
29779,4431695,17,4431712
29780,4431720,89,4431809
29781,4431810,17,4431827
29782,4432106,8,4432114
29783,4432137,17,4432154
29784,4432289,63,4432352
29785,4432588,17,4432605
29786,4432619,50,4432669
29787,4432711,45,4432756
29788,4432769,65,4432834
29789,4432962,52,4433014
29790,4433109,212,4433321
29791,4433385,13,4433398
29792,4433506,129,4433635
29793,4433641,39,4433680
29794,4433988,63,4434051
29795,4434344,28,4434372
29796,4434404,3,4434407
29797,4434481,29,4434510
29798,4434557,38,4434595
29799,4434729,77,4434806
29800,4434919,32,4434951
29801,4434969,20,4434989
29802,4435000,12,4435012
29803,4435076,1,4435077
29804,4435090,55,4435145
29805,4435146,58,4435204
29806,4435307,163,4435470
29807,4435537,13,4435550
29808,4435553,7,4435560
29809,4435588,51,4435639
29810,4435656,23,4435679
29811,4435783,34,4435817
29812,4435919,123,4436042
29813,4436053,37,4436090
29814,4436406,47,4436453
29815,4436507,204,4436711
29816,4436716,53,4436769
29817,4437110,30,4437140
29818,4437224,58,4437282
29819,4437316,14,4437330
29820,4437345,146,4437491
29821,4437502,37,4437539
29822,4437559,30,4437589
29823,4437620,40,4437660
29824,4437667,56,4437723
29825,4437840,11,4437851
29826,4437853,5,4437858
29827,4437999,142,4438141
29828,4438170,193,4438363
29829,4438388,19,4438407
29830,4438418,23,4438441
29831,4438608,10,4438618
29832,4438687,56,4438743
29833,4438774,60,4438834
29834,4438866,170,4439036
29835,4439153,10,4439163
29836,4439228,13,4439241
29837,4439367,124,4439491
29838,4439588,161,4439749
29839,4439752,98,4439850
29840,4439851,78,4439929
29841,4440083,30,4440113
29842,4440168,205,4440373
29843,4440375,40,4440415
29844,4440578,25,4440603
29845,4440608,12,4440620
29846,4440652,1,4440653
29847,4440656,46,4440702
29848,4441025,8,4441033
29849,4441052,24,4441076
29850,4441194,44,4441238
29851,4441300,59,4441359
29852,4441389,51,4441440
29853,4441490,39,4441529
29854,4441749,27,4441776
29855,4441820,138,4441958
29856,4442017,19,4442036
29857,4442062,4,4442066
29858,4442185,64,4442249
29859,4442252,64,4442316
29860,4442462,40,4442502
29861,4442569,81,4442650
29862,4442663,48,4442711
29863,4442863,55,4442918
29864,4442969,73,4443042
29865,4443252,55,4443307
29866,4443437,9,4443446
29867,4443505,9,4443514
29868,4443689,58,4443747
29869,4443750,1,4443751
29870,4443902,47,4443949
29871,4444259,5,4444264
29872,4444375,90,4444465
29873,4444577,84,4444661
29874,4444665,131,4444796
29875,4444958,112,4445070
29876,4445094,43,4445137
29877,4445196,72,4445268
29878,4445364,8,4445372
29879,4445677,92,4445769
29880,4445828,33,4445861
29881,4445886,93,4445979
29882,4446037,181,4446218
29883,4446283,22,4446305
29884,4446372,61,4446433
29885,4446494,78,4446572
29886,4446631,21,4446652
29887,4446702,71,4446773
29888,4446862,8,4446870
29889,4446891,59,4446950
29890,4446965,141,4447106
29891,4447117,14,4447131
29892,4447180,26,4447206
29893,4447521,28,4447549
29894,4447932,20,4447952
29895,4448021,19,4448040
29896,4448059,10,4448069
29897,4448106,26,4448132
29898,4448306,21,4448327
29899,4448432,17,4448449
29900,4448519,14,4448533
29901,4448614,8,4448622
29902,4448738,100,4448838
29903,4449335,27,4449362
29904,4449444,31,4449475
29905,4449498,89,4449587
29906,4449620,19,4449639
29907,4449739,111,4449850
29908,4449871,8,4449879
29909,4450125,7,4450132
29910,4450199,72,4450271
29911,4450387,83,4450470
29912,4450764,138,4450902
29913,4450963,94,4451057
29914,4451322,132,4451454
29915,4451472,46,4451518
29916,4451567,6,4451573
29917,4451605,47,4451652
29918,4451731,90,4451821
29919,4451915,2,4451917
29920,4451983,149,4452132
29921,4452300,26,4452326
29922,4452434,44,4452478
29923,4452512,20,4452532
29924,4452641,76,4452717
29925,4452829,3,4452832
29926,4452893,106,4452999
29927,4453171,122,4453293
29928,4453322,1,4453323
29929,4453840,27,4453867
29930,4454453,80,4454533
29931,4454593,120,4454713
29932,4454827,106,4454933
29933,4455002,131,4455133
29934,4455159,36,4455195
29935,4455217,134,4455351
29936,4455521,46,4455567
29937,4455705,237,4455942
29938,4456045,19,4456064
29939,4456217,35,4456252
29940,4456287,73,4456360
29941,4456372,115,4456487
29942,4456569,30,4456599
29943,4456728,5,4456733
29944,4456818,46,4456864
29945,4456898,47,4456945
29946,4457287,37,4457324
29947,4457367,28,4457395
29948,4457424,69,4457493
29949,4457510,2,4457512
29950,4457553,156,4457709
29951,4457716,128,4457844
29952,4457972,2,4457974
29953,4457985,41,4458026
29954,4458107,30,4458137
29955,4458215,7,4458222
29956,4458278,21,4458299
29957,4458316,25,4458341
29958,4458381,1,4458382
29959,4458389,33,4458422
29960,4458454,13,4458467
29961,4458498,71,4458569
29962,4458870,72,4458942
29963,4459099,16,4459115
29964,4459173,98,4459271
29965,4459758,194,4459952
29966,4459998,205,4460203
29967,4460272,1,4460273
29968,4460285,119,4460404
29969,4460501,10,4460511
29970,4460578,68,4460646
29971,4460683,185,4460868
29972,4460905,186,4461091
29973,4461105,23,4461128
29974,4461265,54,4461319
29975,4461406,69,4461475
29976,4461673,14,4461687
29977,4461722,96,4461818
29978,4461849,111,4461960
29979,4462247,195,4462442
29980,4462535,132,4462667
29981,4462669,112,4462781
29982,4462860,53,4462913
29983,4462975,108,4463083
29984,4463128,151,4463279
29985,4463562,26,4463588
29986,4463850,4,4463854
29987,4463879,21,4463900
29988,4463919,29,4463948
29989,4464146,126,4464272
29990,4464362,12,4464374
29991,4464624,35,4464659
29992,4464748,43,4464791
29993,4464844,14,4464858
29994,4464991,75,4465066
29995,4465118,81,4465199
29996,4465400,8,4465408
29997,4465409,77,4465486
29998,4465533,63,4465596
29999,4465600,78,4465678
30000,4465724,15,4465739
30001,4465881,8,4465889
30002,4466020,17,4466037
30003,4466044,5,4466049
30004,4466156,78,4466234
30005,4466290,49,4466339
30006,4466393,137,4466530
30007,4466652,9,4466661
30008,4466768,84,4466852
30009,4466974,47,4467021
30010,4467140,170,4467310
30011,4467429,109,4467538
30012,4467829,60,4467889
30013,4468447,105,4468552
30014,4468618,28,4468646
30015,4468736,31,4468767
30016,4468769,1,4468770
30017,4468844,56,4468900
30018,4468977,10,4468987
30019,4469072,15,4469087
30020,4469126,11,4469137
30021,4469318,14,4469332
30022,4469581,63,4469644
30023,4469693,35,4469728
30024,4469773,90,4469863
30025,4469869,30,4469899
30026,4469929,105,4470034
30027,4470296,29,4470325
30028,4470423,3,4470426
30029,4470501,18,4470519
30030,4470563,57,4470620
30031,4470654,49,4470703
30032,4470781,9,4470790
30033,4470807,14,4470821
30034,4470843,170,4471013
30035,4471029,50,4471079
30036,4471180,203,4471383
30037,4471575,118,4471693
30038,4471764,32,4471796
30039,4471852,82,4471934
30040,4472040,89,4472129
30041,4472218,64,4472282
30042,4472285,20,4472305
30043,4472446,93,4472539
30044,4472541,3,4472544
30045,4472595,48,4472643
30046,4472914,38,4472952
30047,4473013,6,4473019
30048,4473050,52,4473102
30049,4473183,109,4473292
30050,4473297,128,4473425
30051,4473475,12,4473487
30052,4473637,4,4473641
30053,4473680,185,4473865
30054,4473913,47,4473960
30055,4474080,53,4474133
30056,4474142,131,4474273
30057,4474296,44,4474340
30058,4474375,67,4474442
30059,4474451,79,4474530
30060,4474576,75,4474651
30061,4474733,266,4474999
30062,4475003,2,4475005
30063,4475010,102,4475112
30064,4475147,55,4475202
30065,4475334,19,4475353
30066,4475374,54,4475428
30067,4475646,43,4475689
30068,4475748,70,4475818
30069,4475991,31,4476022
30070,4476058,7,4476065
30071,4476166,75,4476241
30072,4476293,48,4476341
30073,4476476,105,4476581
30074,4476799,35,4476834
30075,4476980,14,4476994
30076,4477007,14,4477021
30077,4477212,30,4477242
30078,4477445,64,4477509
30079,4477515,201,4477716
30080,4477760,45,4477805
30081,4477864,75,4477939
30082,4477960,17,4477977
30083,4477979,25,4478004
30084,4478216,27,4478243
30085,4478262,69,4478331
30086,4478457,29,4478486
30087,4478585,10,4478595
30088,4478626,12,4478638
30089,4478759,113,4478872
30090,4478924,102,4479026
30091,4479203,69,4479272
30092,4479474,1,4479475
30093,4479559,65,4479624
30094,4479646,229,4479875
30095,4480066,2,4480068
30096,4480316,46,4480362
30097,4480395,46,4480441
30098,4480593,44,4480637
30099,4480685,76,4480761
30100,4480845,17,4480862
30101,4481046,9,4481055
30102,4481077,9,4481086
30103,4481235,13,4481248
30104,4481602,24,4481626
30105,4481785,30,4481815
30106,4481924,16,4481940
30107,4482346,101,4482447
30108,4482459,30,4482489
30109,4482490,9,4482499
30110,4482522,74,4482596
30111,4482658,18,4482676
30112,4482894,203,4483097
30113,4483122,40,4483162
30114,4483164,38,4483202
30115,4483263,27,4483290
30116,4483328,11,4483339
30117,4483491,14,4483505
30118,4483622,10,4483632
30119,4483747,56,4483803
30120,4483879,32,4483911
30121,4483945,17,4483962
30122,4484092,227,4484319
30123,4484333,19,4484352
30124,4484371,25,4484396
30125,4484414,68,4484482
30126,4484621,70,4484691
30127,4484847,23,4484870
30128,4484968,35,4485003
30129,4485062,25,4485087
30130,4485128,19,4485147
30131,4485228,20,4485248
30132,4485291,47,4485338
30133,4485612,6,4485618
30134,4485705,49,4485754
30135,4485807,69,4485876
30136,4485968,28,4485996
30137,4486139,30,4486169
30138,4486222,37,4486259
30139,4486268,64,4486332
30140,4486384,120,4486504
30141,4486605,5,4486610
30142,4486666,10,4486676
30143,4486696,167,4486863
30144,4486871,55,4486926
30145,4487004,61,4487065
30146,4487090,44,4487134
30147,4487150,20,4487170
30148,4487248,53,4487301
30149,4487378,89,4487467
30150,4487680,153,4487833
30151,4487940,13,4487953
30152,4487958,85,4488043
30153,4488211,16,4488227
30154,4488299,36,4488335
30155,4488440,18,4488458
30156,4488570,12,4488582
30157,4488637,6,4488643
30158,4488882,89,4488971
30159,4488983,58,4489041
30160,4489190,19,4489209
30161,4489312,28,4489340
30162,4489360,4,4489364
30163,4489448,92,4489540
30164,4489577,2,4489579
30165,4489714,41,4489755
30166,4489950,43,4489993
30167,4490046,21,4490067
30168,4490116,54,4490170
30169,4490312,36,4490348
30170,4490440,32,4490472
30171,4490474,27,4490501
30172,4490632,141,4490773
30173,4490914,32,4490946
30174,4490986,10,4490996
30175,4491020,38,4491058
30176,4491235,68,4491303
30177,4491343,11,4491354
30178,4491563,67,4491630
30179,4491677,61,4491738
30180,4491768,59,4491827
30181,4491908,26,4491934
30182,4491993,14,4492007
30183,4492080,26,4492106
30184,4492197,98,4492295
30185,4492348,57,4492405
30186,4492463,29,4492492
30187,4492585,60,4492645
30188,4492654,1,4492655
30189,4493172,37,4493209
30190,4493210,4,4493214
30191,4493238,13,4493251
30192,4493273,99,4493372
30193,4493417,105,4493522
30194,4493549,50,4493599
30195,4493642,125,4493767
30196,4493810,13,4493823
30197,4493887,42,4493929
30198,4494158,41,4494199
30199,4494274,134,4494408
30200,4494484,33,4494517
30201,4494540,274,4494814
30202,4494944,84,4495028
30203,4495108,3,4495111
30204,4495240,14,4495254
30205,4495344,108,4495452
30206,4495516,43,4495559
30207,4495573,60,4495633
30208,4495715,17,4495732
30209,4495799,66,4495865
30210,4495949,16,4495965
30211,4496216,36,4496252
30212,4496498,9,4496507
30213,4496671,16,4496687
30214,4496896,16,4496912
30215,4497086,49,4497135
30216,4497169,2,4497171
30217,4497260,194,4497454
30218,4498056,59,4498115
30219,4498131,33,4498164
30220,4498230,52,4498282
30221,4498315,2,4498317
30222,4498349,37,4498386
30223,4498480,51,4498531
30224,4498605,12,4498617
30225,4498767,97,4498864
30226,4499022,87,4499109
30227,4499129,21,4499150
30228,4499179,63,4499242
30229,4499303,4,4499307
30230,4499416,21,4499437
30231,4499648,32,4499680
30232,4500022,16,4500038
30233,4500221,34,4500255
30234,4500268,22,4500290
30235,4500292,44,4500336
30236,4500590,9,4500599
30237,4500724,2,4500726
30238,4500806,4,4500810
30239,4500899,42,4500941
30240,4501026,64,4501090
30241,4501289,7,4501296
30242,4501321,16,4501337
30243,4501450,110,4501560
30244,4501600,163,4501763
30245,4501831,103,4501934
30246,4502189,19,4502208
30247,4502291,68,4502359
30248,4502370,136,4502506
30249,4502529,89,4502618
30250,4503076,203,4503279
30251,4503494,51,4503545
30252,4503797,27,4503824
30253,4503977,15,4503992
30254,4504375,18,4504393
30255,4504437,55,4504492
30256,4504556,22,4504578
30257,4504607,51,4504658
30258,4504750,5,4504755
30259,4504782,52,4504834
30260,4504873,87,4504960
30261,4504984,68,4505052
30262,4505055,36,4505091
30263,4505145,5,4505150
30264,4505262,38,4505300
30265,4505360,48,4505408
30266,4505431,18,4505449
30267,4505712,30,4505742
30268,4505870,27,4505897
30269,4505997,78,4506075
30270,4506385,46,4506431
30271,4506477,34,4506511
30272,4506647,56,4506703
30273,4506899,19,4506918
30274,4506986,8,4506994
30275,4507087,4,4507091
30276,4507117,4,4507121
30277,4507394,28,4507422
30278,4507493,25,4507518
30279,4507532,35,4507567
30280,4507770,7,4507777
30281,4507794,53,4507847
30282,4508434,13,4508447
30283,4508577,47,4508624
30284,4508663,39,4508702
30285,4508869,23,4508892
30286,4509201,64,4509265
30287,4509473,79,4509552
30288,4509583,92,4509675
30289,4509688,23,4509711
30290,4509865,10,4509875
30291,4509881,23,4509904
30292,4509930,3,4509933
30293,4509975,24,4509999
30294,4510150,31,4510181
30295,4510214,31,4510245
30296,4510250,75,4510325
30297,4510331,21,4510352
30298,4510504,25,4510529
30299,4510566,11,4510577
30300,4510640,59,4510699
30301,4510965,242,4511207
30302,4511242,9,4511251
30303,4511582,56,4511638
30304,4511664,94,4511758
30305,4511987,47,4512034
30306,4512038,35,4512073
30307,4512179,5,4512184
30308,4512267,115,4512382
30309,4512417,157,4512574
30310,4512589,11,4512600
30311,4512653,54,4512707
30312,4512859,5,4512864
30313,4512872,14,4512886
30314,4512993,5,4512998
30315,4513035,60,4513095
30316,4513119,76,4513195
30317,4513219,67,4513286
30318,4513310,3,4513313
30319,4513568,50,4513618
30320,4513648,18,4513666
30321,4513912,221,4514133
30322,4514150,139,4514289
30323,4514488,53,4514541
30324,4514863,114,4514977
30325,4515193,99,4515292
30326,4515313,24,4515337
30327,4515501,63,4515564
30328,4515678,20,4515698
30329,4515755,20,4515775
30330,4515895,77,4515972
30331,4516089,22,4516111
30332,4516225,51,4516276
30333,4516315,12,4516327
30334,4516622,95,4516717
30335,4516731,20,4516751
30336,4516882,43,4516925
30337,4516944,6,4516950
30338,4516962,25,4516987
30339,4516990,68,4517058
30340,4517076,7,4517083
30341,4517113,28,4517141
30342,4517236,24,4517260
30343,4517454,194,4517648
30344,4517694,74,4517768
30345,4517811,69,4517880
30346,4517940,39,4517979
30347,4518246,51,4518297
30348,4518372,52,4518424
30349,4518442,13,4518455
30350,4518557,103,4518660
30351,4518754,7,4518761
30352,4519042,117,4519159
30353,4519180,6,4519186
30354,4519295,21,4519316
30355,4519647,4,4519651
30356,4519716,18,4519734
30357,4519772,59,4519831
30358,4520132,30,4520162
30359,4520219,98,4520317
30360,4520394,23,4520417
30361,4520473,42,4520515
30362,4520644,147,4520791
30363,4520832,4,4520836
30364,4520912,18,4520930
30365,4521019,54,4521073
30366,4521159,108,4521267
30367,4521402,109,4521511
30368,4521536,35,4521571
30369,4521618,32,4521650
30370,4521893,11,4521904
30371,4521924,27,4521951
30372,4522142,18,4522160
30373,4522229,60,4522289
30374,4522319,43,4522362
30375,4522453,57,4522510
30376,4522536,15,4522551
30377,4522557,24,4522581
30378,4522698,32,4522730
30379,4522967,86,4523053
30380,4523162,48,4523210
30381,4523243,69,4523312
30382,4523351,70,4523421
30383,4523507,25,4523532
30384,4523670,14,4523684
30385,4523698,62,4523760
30386,4523800,52,4523852
30387,4523900,26,4523926
30388,4524004,70,4524074
30389,4524118,53,4524171
30390,4524218,30,4524248
30391,4524355,44,4524399
30392,4524441,92,4524533
30393,4524599,5,4524604
30394,4524613,6,4524619
30395,4524976,61,4525037
30396,4525204,30,4525234
30397,4525257,251,4525508
30398,4525537,148,4525685
30399,4525924,15,4525939
30400,4526009,6,4526015
30401,4526049,125,4526174
30402,4526256,56,4526312
30403,4526503,25,4526528
30404,4526856,52,4526908
30405,4527062,4,4527066
30406,4527073,48,4527121
30407,4527127,18,4527145
30408,4527225,30,4527255
30409,4527261,28,4527289
30410,4527291,10,4527301
30411,4527404,59,4527463
30412,4527492,15,4527507
30413,4527533,11,4527544
30414,4527545,10,4527555
30415,4527877,49,4527926
30416,4527940,15,4527955
30417,4527983,2,4527985
30418,4528118,2,4528120
30419,4528155,38,4528193
30420,4528226,123,4528349
30421,4528399,22,4528421
30422,4528465,21,4528486
30423,4528791,12,4528803
30424,4528818,5,4528823
30425,4528829,2,4528831
30426,4528977,14,4528991
30427,4529016,47,4529063
30428,4529232,15,4529247
30429,4529619,65,4529684
30430,4529698,16,4529714
30431,4529851,84,4529935
30432,4529959,3,4529962
30433,4529975,18,4529993
30434,4530062,67,4530129
30435,4530324,11,4530335
30436,4530379,26,4530405
30437,4530443,175,4530618
30438,4530626,30,4530656
30439,4530870,14,4530884
30440,4530909,62,4530971
30441,4531261,10,4531271
30442,4531401,74,4531475
30443,4531534,101,4531635
30444,4531709,41,4531750
30445,4531758,49,4531807
30446,4531810,61,4531871
30447,4531876,40,4531916
30448,4532063,80,4532143
30449,4532347,7,4532354
30450,4532381,66,4532447
30451,4532476,161,4532637
30452,4532641,39,4532680
30453,4532896,59,4532955
30454,4533345,23,4533368
30455,4533394,1,4533395
30456,4533469,16,4533485
30457,4533625,99,4533724
30458,4533766,4,4533770
30459,4533898,57,4533955
30460,4533967,18,4533985
30461,4533986,36,4534022
30462,4534068,174,4534242
30463,4534261,75,4534336
30464,4534349,27,4534376
30465,4534443,31,4534474
30466,4534688,27,4534715
30467,4534729,1,4534730
30468,4534806,11,4534817
30469,4535038,146,4535184
30470,4535243,66,4535309
30471,4535339,32,4535371
30472,4535706,14,4535720
30473,4535765,20,4535785
30474,4536089,61,4536150
30475,4536211,64,4536275
30476,4536288,53,4536341
30477,4536453,13,4536466
30478,4536661,157,4536818
30479,4536892,4,4536896
30480,4536932,28,4536960
30481,4537084,22,4537106
30482,4537286,119,4537405
30483,4537455,41,4537496
30484,4537597,6,4537603
30485,4537604,1,4537605
30486,4537691,24,4537715
30487,4537777,47,4537824
30488,4537876,56,4537932
30489,4538072,51,4538123
30490,4538191,94,4538285
30491,4538288,251,4538539
30492,4538680,27,4538707
30493,4538862,15,4538877
30494,4539037,161,4539198
30495,4539641,51,4539692
30496,4540016,1,4540017
30497,4540029,25,4540054
30498,4540115,100,4540215
30499,4540586,4,4540590
30500,4540646,13,4540659
30501,4540821,1,4540822
30502,4540901,15,4540916
30503,4541094,87,4541181
30504,4541256,34,4541290
30505,4541295,10,4541305
30506,4541428,13,4541441
30507,4541517,16,4541533
30508,4541543,2,4541545
30509,4541582,86,4541668
30510,4541852,7,4541859
30511,4541960,2,4541962
30512,4541975,20,4541995
30513,4542116,330,4542446
30514,4542510,47,4542557
30515,4542580,138,4542718
30516,4542777,73,4542850
30517,4542908,31,4542939
30518,4542941,86,4543027
30519,4543138,10,4543148
30520,4543192,113,4543305
30521,4543367,69,4543436
30522,4543550,67,4543617
30523,4543660,28,4543688
30524,4543822,28,4543850
30525,4543922,7,4543929
30526,4544327,137,4544464
30527,4544635,69,4544704
30528,4544707,18,4544725
30529,4545003,19,4545022
30530,4545174,34,4545208
30531,4545280,38,4545318
30532,4545356,11,4545367
30533,4545371,37,4545408
30534,4545687,91,4545778
30535,4545801,15,4545816
30536,4545826,138,4545964
30537,4546028,29,4546057
30538,4546139,35,4546174
30539,4546300,59,4546359
30540,4546426,18,4546444
30541,4546504,10,4546514
30542,4546632,94,4546726
30543,4546860,33,4546893
30544,4547003,26,4547029
30545,4547032,45,4547077
30546,4547258,4,4547262
30547,4547371,38,4547409
30548,4547549,22,4547571
30549,4547673,14,4547687
30550,4548044,51,4548095
30551,4548147,96,4548243
30552,4548283,85,4548368
30553,4548405,14,4548419
30554,4548520,117,4548637
30555,4548677,11,4548688
30556,4548704,125,4548829
30557,4549086,32,4549118
30558,4549357,44,4549401
30559,4549440,30,4549470
30560,4549514,187,4549701
30561,4549849,72,4549921
30562,4550033,61,4550094
30563,4550134,14,4550148
30564,4550324,57,4550381
30565,4550536,8,4550544
30566,4550576,76,4550652
30567,4550878,43,4550921
30568,4550961,14,4550975
30569,4551015,18,4551033
30570,4551046,45,4551091
30571,4551109,26,4551135
30572,4551206,55,4551261
30573,4551527,69,4551596
30574,4551662,174,4551836
30575,4551872,62,4551934
30576,4552015,6,4552021
30577,4552171,18,4552189
30578,4552245,5,4552250
30579,4552400,215,4552615
30580,4552675,3,4552678
30581,4552758,193,4552951
30582,4553038,19,4553057
30583,4553089,68,4553157
30584,4553277,37,4553314
30585,4553340,15,4553355
30586,4553448,2,4553450
30587,4553578,128,4553706
30588,4553717,19,4553736
30589,4553773,1,4553774
30590,4553787,7,4553794
30591,4553874,2,4553876
30592,4553966,8,4553974
30593,4553993,7,4554000
30594,4554045,60,4554105
30595,4554263,22,4554285
30596,4554292,104,4554396
30597,4554462,23,4554485
30598,4554661,20,4554681
30599,4554693,10,4554703
30600,4554797,130,4554927
30601,4555260,1,4555261
30602,4555281,214,4555495
30603,4555570,54,4555624
30604,4555798,86,4555884
30605,4555898,79,4555977
30606,4556027,52,4556079
30607,4556352,69,4556421
30608,4556426,2,4556428
30609,4556433,16,4556449
30610,4556451,16,4556467
30611,4556502,179,4556681
30612,4556833,76,4556909
30613,4557118,149,4557267
30614,4557279,98,4557377
30615,4557685,20,4557705
30616,4557723,48,4557771
30617,4557855,21,4557876
30618,4557896,23,4557919
30619,4557943,19,4557962
30620,4558040,16,4558056
30621,4558349,19,4558368
30622,4558551,60,4558611
30623,4558696,36,4558732
30624,4558990,7,4558997
30625,4559017,4,4559021
30626,4559137,8,4559145
30627,4559205,109,4559314
30628,4559398,52,4559450
30629,4559528,4,4559532
30630,4559679,45,4559724
30631,4559736,22,4559758
30632,4559806,52,4559858
30633,4559867,2,4559869
30634,4559894,75,4559969
30635,4559990,25,4560015
30636,4560076,69,4560145
30637,4560214,3,4560217
30638,4560253,15,4560268
30639,4560295,48,4560343
30640,4560408,87,4560495
30641,4560507,19,4560526
30642,4560590,35,4560625
30643,4560756,19,4560775
30644,4561051,48,4561099
30645,4561169,37,4561206
30646,4561333,15,4561348
30647,4561386,85,4561471
30648,4561496,9,4561505
30649,4561692,23,4561715
30650,4561833,15,4561848
30651,4561974,16,4561990
30652,4562157,9,4562166
30653,4562217,41,4562258
30654,4562301,22,4562323
30655,4562537,99,4562636
30656,4563218,10,4563228
30657,4563313,103,4563416
30658,4563473,45,4563518
30659,4563687,17,4563704
30660,4563910,59,4563969
30661,4563992,51,4564043
30662,4564047,127,4564174
30663,4564245,9,4564254
30664,4564351,16,4564367
30665,4564719,7,4564726
30666,4564728,6,4564734
30667,4564817,45,4564862
30668,4564906,89,4564995
30669,4565031,5,4565036
30670,4565124,89,4565213
30671,4565395,23,4565418
30672,4566078,12,4566090
30673,4566100,65,4566165
30674,4566225,41,4566266
30675,4566539,63,4566602
30676,4566609,2,4566611
30677,4566678,19,4566697
30678,4566796,7,4566803
30679,4567036,49,4567085
30680,4567279,118,4567397
30681,4567399,13,4567412
30682,4567496,125,4567621
30683,4567726,7,4567733
30684,4567831,39,4567870
30685,4568039,30,4568069
30686,4568222,75,4568297
30687,4568594,94,4568688
30688,4569010,7,4569017
30689,4569345,57,4569402
30690,4569493,14,4569507
30691,4569557,12,4569569
30692,4569737,48,4569785
30693,4569895,42,4569937
30694,4570169,136,4570305
30695,4570441,34,4570475
30696,4570519,84,4570603
30697,4570647,31,4570678
30698,4570759,1,4570760
30699,4570766,41,4570807
30700,4570837,52,4570889
30701,4570935,73,4571008
30702,4571162,19,4571181
30703,4571276,189,4571465
30704,4571535,28,4571563
30705,4571704,12,4571716
30706,4571753,50,4571803
30707,4571880,46,4571926
30708,4571950,71,4572021
30709,4572261,29,4572290
30710,4572438,9,4572447
30711,4572464,30,4572494
30712,4572564,50,4572614
30713,4572641,22,4572663
30714,4572873,19,4572892
30715,4572908,34,4572942
30716,4572982,123,4573105
30717,4573132,43,4573175
30718,4573219,13,4573232
30719,4573242,138,4573380
30720,4573423,88,4573511
30721,4573845,48,4573893
30722,4573956,28,4573984
30723,4573986,2,4573988
30724,4574253,7,4574260
30725,4574411,2,4574413
30726,4574491,26,4574517
30727,4574563,11,4574574
30728,4574656,24,4574680
30729,4574711,22,4574733
30730,4574774,190,4574964
30731,4574985,179,4575164
30732,4575242,47,4575289
30733,4575324,27,4575351
30734,4575410,88,4575498
30735,4575791,18,4575809
30736,4575915,10,4575925
30737,4576065,3,4576068
30738,4576118,16,4576134
30739,4576228,20,4576248
30740,4576321,2,4576323
30741,4576337,51,4576388
30742,4576728,22,4576750
30743,4576899,8,4576907
30744,4577216,9,4577225
30745,4577240,97,4577337
30746,4577528,26,4577554
30747,4577622,17,4577639
30748,4577758,35,4577793
30749,4578178,67,4578245
30750,4578510,6,4578516
30751,4578579,76,4578655
30752,4578718,74,4578792
30753,4578986,78,4579064
30754,4579154,25,4579179
30755,4579255,8,4579263
30756,4579303,38,4579341
30757,4579578,115,4579693
30758,4579769,8,4579777
30759,4579997,13,4580010
30760,4580093,119,4580212
30761,4580249,19,4580268
30762,4580341,44,4580385
30763,4580558,39,4580597
30764,4580645,34,4580679
30765,4580691,43,4580734
30766,4580760,22,4580782
30767,4580817,53,4580870
30768,4580881,16,4580897
30769,4580968,56,4581024
30770,4581043,22,4581065
30771,4581093,48,4581141
30772,4581208,74,4581282
30773,4581463,5,4581468
30774,4581488,101,4581589
30775,4581737,30,4581767
30776,4581776,44,4581820
30777,4581863,41,4581904
30778,4581925,17,4581942
30779,4582068,96,4582164
30780,4582238,22,4582260
30781,4582521,57,4582578
30782,4582795,2,4582797
30783,4582831,7,4582838
30784,4582929,24,4582953
30785,4582966,26,4582992
30786,4583021,29,4583050
30787,4583249,1,4583250
30788,4583363,43,4583406
30789,4583869,164,4584033
30790,4584147,48,4584195
30791,4584216,25,4584241
30792,4584519,36,4584555
30793,4584570,20,4584590
30794,4584693,49,4584742
30795,4584919,11,4584930
30796,4584980,16,4584996
30797,4585010,18,4585028
30798,4585381,63,4585444
30799,4585488,54,4585542
30800,4585598,16,4585614
30801,4585726,55,4585781
30802,4585809,17,4585826
30803,4585847,132,4585979
30804,4585999,49,4586048
30805,4586367,49,4586416
30806,4586439,3,4586442
30807,4586458,92,4586550
30808,4586616,3,4586619
30809,4586628,40,4586668
30810,4586693,24,4586717
30811,4586839,67,4586906
30812,4586925,78,4587003
30813,4587137,90,4587227
30814,4587536,31,4587567
30815,4587591,27,4587618
30816,4587656,81,4587737
30817,4588013,76,4588089
30818,4588159,11,4588170
30819,4588262,220,4588482
30820,4588533,72,4588605
30821,4588606,29,4588635
30822,4588996,23,4589019
30823,4589064,6,4589070
30824,4589328,11,4589339
30825,4589497,78,4589575
30826,4589577,34,4589611
30827,4589614,91,4589705
30828,4589706,7,4589713
30829,4589788,37,4589825
30830,4589881,13,4589894
30831,4589907,50,4589957
30832,4590057,56,4590113
30833,4590131,48,4590179
30834,4590261,55,4590316
30835,4590462,11,4590473
30836,4590508,73,4590581
30837,4590744,64,4590808
30838,4590849,24,4590873
30839,4590937,78,4591015
30840,4591019,26,4591045
30841,4591115,58,4591173
30842,4591232,35,4591267
30843,4591279,3,4591282
30844,4591329,15,4591344
30845,4591413,60,4591473
30846,4591474,51,4591525
30847,4591563,19,4591582
30848,4591606,190,4591796
30849,4591998,40,4592038
30850,4592090,4,4592094
30851,4592103,99,4592202
30852,4592314,91,4592405
30853,4592414,118,4592532
30854,4592648,9,4592657
30855,4592717,130,4592847
30856,4592886,53,4592939
30857,4593061,214,4593275
30858,4593549,2,4593551
30859,4593768,24,4593792
30860,4593968,46,4594014
30861,4594140,89,4594229
30862,4594314,19,4594333
30863,4594353,183,4594536
30864,4594703,34,4594737
30865,4594788,68,4594856
30866,4594899,23,4594922
30867,4595152,22,4595174
30868,4595228,39,4595267
30869,4595360,4,4595364
30870,4595550,148,4595698
30871,4595756,138,4595894
30872,4595949,29,4595978
30873,4595983,92,4596075
30874,4596155,110,4596265
30875,4596336,21,4596357
30876,4596395,45,4596440
30877,4596534,2,4596536
30878,4596702,28,4596730
30879,4596763,1,4596764
30880,4596873,26,4596899
30881,4596949,77,4597026
30882,4597088,42,4597130
30883,4597184,2,4597186
30884,4597230,31,4597261
30885,4597332,23,4597355
30886,4597530,158,4597688
30887,4597749,188,4597937
30888,4597995,3,4597998
30889,4598500,4,4598504
30890,4598538,28,4598566
30891,4598721,34,4598755
30892,4598759,43,4598802
30893,4598811,22,4598833
30894,4598870,59,4598929
30895,4598954,23,4598977
30896,4599013,15,4599028
30897,4599230,48,4599278
30898,4599294,136,4599430
30899,4599736,16,4599752
30900,4599846,13,4599859
30901,4600070,56,4600126
30902,4600338,22,4600360
30903,4600365,84,4600449
30904,4600619,103,4600722
30905,4600847,398,4601245
30906,4601263,49,4601312
30907,4601593,20,4601613
30908,4601662,82,4601744
30909,4601804,31,4601835
30910,4601865,7,4601872
30911,4602025,38,4602063
30912,4602074,24,4602098
30913,4602229,244,4602473
30914,4602735,55,4602790
30915,4602963,27,4602990
30916,4603156,47,4603203
30917,4603633,33,4603666
30918,4603777,46,4603823
30919,4603921,54,4603975
30920,4604026,18,4604044
30921,4604079,9,4604088
30922,4604367,156,4604523
30923,4604600,62,4604662
30924,4604666,39,4604705
30925,4604933,7,4604940
30926,4605015,195,4605210
30927,4605281,10,4605291
30928,4605397,239,4605636
30929,4605644,81,4605725
30930,4606088,21,4606109
30931,4606161,23,4606184
30932,4606257,6,4606263
30933,4606317,58,4606375
30934,4606416,244,4606660
30935,4606775,26,4606801
30936,4606993,22,4607015
30937,4607018,20,4607038
30938,4607106,16,4607122
30939,4607283,6,4607289
30940,4607352,44,4607396
30941,4607453,9,4607462
30942,4607514,82,4607596
30943,4607879,29,4607908
30944,4607919,20,4607939
30945,4607985,53,4608038
30946,4608188,21,4608209
30947,4608294,50,4608344
30948,4608362,48,4608410
30949,4608726,55,4608781
30950,4608807,23,4608830
30951,4609002,13,4609015
30952,4609037,63,4609100
30953,4609269,32,4609301
30954,4609431,16,4609447
30955,4609530,73,4609603
30956,4609776,52,4609828
30957,4609839,10,4609849
30958,4609961,29,4609990
30959,4610186,54,4610240
30960,4610375,5,4610380
30961,4610414,39,4610453
30962,4610503,103,4610606
30963,4610643,2,4610645
30964,4610826,26,4610852
30965,4611094,249,4611343
30966,4611838,1,4611839
30967,4611887,37,4611924
30968,4612034,43,4612077
30969,4612101,12,4612113
30970,4612252,102,4612354
30971,4612483,58,4612541
30972,4612601,24,4612625
30973,4612731,73,4612804
30974,4612815,17,4612832
30975,4612833,40,4612873
30976,4613056,48,4613104
30977,4613120,40,4613160
30978,4613182,50,4613232
30979,4613271,42,4613313
30980,4613455,50,4613505
30981,4613640,25,4613665
30982,4613677,23,4613700
30983,4613893,104,4613997
30984,4614061,110,4614171
30985,4614172,39,4614211
30986,4614219,13,4614232
30987,4614299,41,4614340
30988,4614573,270,4614843
30989,4615070,33,4615103
30990,4615208,102,4615310
30991,4615357,38,4615395
30992,4615452,11,4615463
30993,4615566,16,4615582
30994,4615738,6,4615744
30995,4615901,53,4615954
30996,4616040,259,4616299
30997,4616359,20,4616379
30998,4616423,39,4616462
30999,4616572,40,4616612
31000,4616700,75,4616775
31001,4616844,62,4616906
31002,4617058,259,4617317
31003,4617422,41,4617463
31004,4617467,96,4617563
31005,4617762,63,4617825
31006,4617951,54,4618005
31007,4618195,102,4618297
31008,4618346,16,4618362
31009,4618475,43,4618518
31010,4618541,30,4618571
31011,4618922,67,4618989
31012,4619025,61,4619086
31013,4619119,23,4619142
31014,4619149,106,4619255
31015,4619532,109,4619641
31016,4619866,104,4619970
31017,4620026,88,4620114
31018,4620151,3,4620154
31019,4620282,60,4620342
31020,4620367,54,4620421
31021,4620551,13,4620564
31022,4620742,1,4620743
31023,4621014,84,4621098
31024,4621101,8,4621109
31025,4621227,53,4621280
31026,4621312,29,4621341
31027,4621361,143,4621504
31028,4621524,51,4621575
31029,4621586,11,4621597
31030,4621907,32,4621939
31031,4621964,142,4622106
31032,4622133,5,4622138
31033,4622141,45,4622186
31034,4622344,60,4622404
31035,4622498,9,4622507
31036,4622769,3,4622772
31037,4622889,18,4622907
31038,4622951,165,4623116
31039,4623403,19,4623422
31040,4623460,22,4623482
31041,4623509,209,4623718
31042,4623769,29,4623798
31043,4623850,12,4623862
31044,4623935,16,4623951
31045,4624001,134,4624135
31046,4624171,69,4624240
31047,4624308,21,4624329
31048,4624418,105,4624523
31049,4624548,25,4624573
31050,4624764,18,4624782
31051,4624852,37,4624889
31052,4624921,2,4624923
31053,4624933,125,4625058
31054,4625398,17,4625415
31055,4625453,15,4625468
31056,4625528,46,4625574
31057,4625627,21,4625648
31058,4625666,131,4625797
31059,4625798,24,4625822
31060,4625869,13,4625882
31061,4626131,16,4626147
31062,4626237,9,4626246
31063,4626344,135,4626479
31064,4626646,216,4626862
31065,4627330,35,4627365
31066,4627433,33,4627466
31067,4627696,7,4627703
31068,4628014,41,4628055
31069,4628112,29,4628141
31070,4628219,12,4628231
31071,4628292,51,4628343
31072,4628418,20,4628438
31073,4628540,27,4628567
31074,4628597,48,4628645
31075,4628960,95,4629055
31076,4629132,73,4629205
31077,4629285,35,4629320
31078,4629429,9,4629438
31079,4629540,94,4629634
31080,4629708,99,4629807
31081,4629832,36,4629868
31082,4629926,115,4630041
31083,4630120,206,4630326
31084,4630586,19,4630605
31085,4630617,57,4630674
31086,4630714,3,4630717
31087,4630722,3,4630725
31088,4630812,3,4630815
31089,4631024,51,4631075
31090,4631084,53,4631137
31091,4631176,21,4631197
31092,4631788,63,4631851
31093,4631901,56,4631957
31094,4631988,23,4632011
31095,4632086,65,4632151
31096,4632153,14,4632167
31097,4632326,57,4632383
31098,4632459,34,4632493
31099,4632498,26,4632524
31100,4632677,19,4632696
31101,4632807,6,4632813
31102,4632855,13,4632868
31103,4632956,63,4633019
31104,4633126,17,4633143
31105,4633210,68,4633278
31106,4633425,1,4633426
31107,4633449,130,4633579
31108,4633584,14,4633598
31109,4633656,197,4633853
31110,4633897,13,4633910
31111,4633925,16,4633941
31112,4634116,24,4634140
31113,4634199,45,4634244
31114,4634284,5,4634289
31115,4634508,121,4634629
31116,4634755,38,4634793
31117,4634828,190,4635018
31118,4635168,3,4635171
31119,4635184,24,4635208
31120,4635273,22,4635295
31121,4635444,27,4635471
31122,4635509,14,4635523
31123,4635528,15,4635543
31124,4635608,7,4635615
31125,4635687,110,4635797
31126,4636074,26,4636100
31127,4636506,56,4636562
31128,4636586,57,4636643
31129,4636711,68,4636779
31130,4636987,65,4637052
31131,4637079,85,4637164
31132,4637178,50,4637228
31133,4637276,90,4637366
31134,4637440,40,4637480
31135,4637483,15,4637498
31136,4637507,67,4637574
31137,4637711,37,4637748
31138,4637750,37,4637787
31139,4637952,23,4637975
31140,4638121,37,4638158
31141,4638672,3,4638675
31142,4638679,8,4638687
31143,4638866,20,4638886
31144,4638951,26,4638977
31145,4639158,9,4639167
31146,4639181,132,4639313
31147,4639362,53,4639415
31148,4639602,80,4639682
31149,4639690,59,4639749
31150,4639758,6,4639764
31151,4639796,54,4639850
31152,4640032,25,4640057
31153,4640068,32,4640100
31154,4640104,66,4640170
31155,4640190,83,4640273
31156,4640294,14,4640308
31157,4640344,109,4640453
31158,4640530,238,4640768
31159,4640857,258,4641115
31160,4641128,73,4641201
31161,4641253,7,4641260
31162,4641308,23,4641331
31163,4641359,57,4641416
31164,4641612,4,4641616
31165,4641618,59,4641677
31166,4641684,49,4641733
31167,4642085,77,4642162
31168,4642182,21,4642203
31169,4642314,190,4642504
31170,4642517,8,4642525
31171,4642553,37,4642590
31172,4642631,57,4642688
31173,4642903,60,4642963
31174,4643009,55,4643064
31175,4643426,51,4643477
31176,4643528,24,4643552
31177,4643553,64,4643617
31178,4643825,3,4643828
31179,4643869,39,4643908
31180,4644111,61,4644172
31181,4644175,20,4644195
31182,4644235,106,4644341
31183,4644369,2,4644371
31184,4644404,1,4644405
31185,4644431,13,4644444
31186,4644555,28,4644583
31187,4644805,48,4644853
31188,4644980,58,4645038
31189,4645180,36,4645216
31190,4645354,16,4645370
31191,4645372,20,4645392
31192,4645498,7,4645505
31193,4645508,4,4645512
31194,4645670,35,4645705
31195,4645711,45,4645756
31196,4645816,13,4645829
31197,4646003,41,4646044
31198,4646091,10,4646101
31199,4646160,46,4646206
31200,4646229,124,4646353
31201,4646500,48,4646548
31202,4646675,74,4646749
31203,4646884,11,4646895
31204,4646906,2,4646908
31205,4647002,10,4647012
31206,4647048,8,4647056
31207,4647199,28,4647227
31208,4647416,35,4647451
31209,4647574,21,4647595
31210,4647628,46,4647674
31211,4647717,17,4647734
31212,4647755,91,4647846
31213,4648036,7,4648043
31214,4648115,83,4648198
31215,4648300,36,4648336
31216,4648521,172,4648693
31217,4648743,32,4648775
31218,4648988,22,4649010
31219,4649045,74,4649119
31220,4649271,30,4649301
31221,4649373,36,4649409
31222,4649443,47,4649490
31223,4649541,35,4649576
31224,4649660,50,4649710
31225,4649964,35,4649999
31226,4650081,69,4650150
31227,4650212,93,4650305
31228,4650359,61,4650420
31229,4650426,22,4650448
31230,4650472,28,4650500
31231,4650527,8,4650535
31232,4650600,16,4650616
31233,4650729,257,4650986
31234,4651223,12,4651235
31235,4651379,28,4651407
31236,4651432,126,4651558
31237,4651572,11,4651583
31238,4651814,115,4651929
31239,4651976,362,4652338
31240,4652390,76,4652466
31241,4652637,52,4652689
31242,4652858,164,4653022
31243,4653147,6,4653153
31244,4653217,32,4653249
31245,4653375,22,4653397
31246,4653464,21,4653485
31247,4653578,55,4653633
31248,4653784,67,4653851
31249,4653946,246,4654192
31250,4654199,64,4654263
31251,4654285,35,4654320
31252,4654347,83,4654430
31253,4654461,17,4654478
31254,4654498,4,4654502
31255,4654572,32,4654604
31256,4654659,117,4654776
31257,4655078,8,4655086
31258,4655159,31,4655190
31259,4655368,32,4655400
31260,4655443,10,4655453
31261,4655500,101,4655601
31262,4655801,65,4655866
31263,4655968,1,4655969
31264,4656136,192,4656328
31265,4656362,1,4656363
31266,4656543,37,4656580
31267,4656611,68,4656679
31268,4656703,43,4656746
31269,4656787,13,4656800
31270,4657030,3,4657033
31271,4657098,116,4657214
31272,4657259,11,4657270
31273,4657316,5,4657321
31274,4657470,45,4657515
31275,4657650,43,4657693
31276,4657737,25,4657762
31277,4657847,22,4657869
31278,4657886,7,4657893
31279,4657961,38,4657999
31280,4658256,29,4658285
31281,4658310,36,4658346
31282,4658467,40,4658507
31283,4658658,109,4658767
31284,4658790,22,4658812
31285,4658893,85,4658978
31286,4659046,2,4659048
31287,4659308,28,4659336
31288,4659378,46,4659424
31289,4659475,78,4659553
31290,4659554,39,4659593
31291,4659641,22,4659663
31292,4659739,7,4659746
31293,4659924,15,4659939
31294,4660298,16,4660314
31295,4660340,23,4660363
31296,4660429,102,4660531
31297,4660565,108,4660673
31298,4660771,46,4660817
31299,4661034,8,4661042
31300,4661151,15,4661166
31301,4661355,30,4661385
31302,4661641,137,4661778
31303,4661910,28,4661938
31304,4661946,42,4661988
31305,4662155,19,4662174
31306,4662183,26,4662209
31307,4662378,17,4662395
31308,4662404,20,4662424
31309,4662514,8,4662522
31310,4662735,34,4662769
31311,4662811,21,4662832
31312,4662876,111,4662987
31313,4663139,63,4663202
31314,4663349,18,4663367
31315,4663437,1,4663438
31316,4663460,15,4663475
31317,4663552,60,4663612
31318,4663755,28,4663783
31319,4663829,69,4663898
31320,4664045,14,4664059
31321,4664183,21,4664204
31322,4664241,20,4664261
31323,4664318,73,4664391
31324,4664422,204,4664626
31325,4664675,75,4664750
31326,4664844,35,4664879
31327,4664965,86,4665051
31328,4665097,76,4665173
31329,4665277,111,4665388
31330,4665414,12,4665426
31331,4665432,91,4665523
31332,4665634,13,4665647
31333,4665705,84,4665789
31334,4665829,71,4665900
31335,4665924,93,4666017
31336,4666030,15,4666045
31337,4666131,43,4666174
31338,4666365,132,4666497
31339,4666560,2,4666562
31340,4666608,12,4666620
31341,4666770,27,4666797
31342,4666873,33,4666906
31343,4666995,271,4667266
31344,4667382,158,4667540
31345,4667586,19,4667605
31346,4667607,115,4667722
31347,4667738,142,4667880
31348,4667908,2,4667910
31349,4668111,131,4668242
31350,4668262,103,4668365
31351,4668554,70,4668624
31352,4668716,16,4668732
31353,4668895,67,4668962
31354,4668971,54,4669025
31355,4669065,68,4669133
31356,4669263,19,4669282
31357,4669323,28,4669351
31358,4669357,98,4669455
31359,4669497,100,4669597
31360,4669720,86,4669806
31361,4669824,99,4669923
31362,4669931,21,4669952
31363,4669993,4,4669997
31364,4670077,59,4670136
31365,4670237,67,4670304
31366,4670429,100,4670529
31367,4670676,187,4670863
31368,4670910,111,4671021
31369,4671098,48,4671146
31370,4671232,63,4671295
31371,4671297,245,4671542
31372,4671718,150,4671868
31373,4671872,23,4671895
31374,4671913,45,4671958
31375,4671993,50,4672043
31376,4672082,42,4672124
31377,4672239,108,4672347
31378,4672361,12,4672373
31379,4672478,38,4672516
31380,4672589,12,4672601
31381,4672757,155,4672912
31382,4672933,81,4673014
31383,4673360,5,4673365
31384,4673402,20,4673422
31385,4673468,11,4673479
31386,4673588,26,4673614
31387,4673669,79,4673748
31388,4673757,236,4673993
31389,4674155,27,4674182
31390,4674391,7,4674398
31391,4674434,440,4674874
31392,4674882,158,4675040
31393,4675151,27,4675178
31394,4675207,34,4675241
31395,4675349,6,4675355
31396,4675630,22,4675652
31397,4675701,164,4675865
31398,4675963,5,4675968
31399,4676056,19,4676075
31400,4676307,59,4676366
31401,4676499,118,4676617
31402,4676822,36,4676858
31403,4676925,29,4676954
31404,4677039,55,4677094
31405,4677265,12,4677277
31406,4677281,26,4677307
31407,4677545,19,4677564
31408,4677604,9,4677613
31409,4677633,1,4677634
31410,4677679,5,4677684
31411,4677815,13,4677828
31412,4678217,31,4678248
31413,4678487,40,4678527
31414,4678568,7,4678575
31415,4678611,81,4678692
31416,4678775,7,4678782
31417,4678982,60,4679042
31418,4679096,7,4679103
31419,4679120,51,4679171
31420,4679415,15,4679430
31421,4679540,78,4679618
31422,4679764,72,4679836
31423,4680064,197,4680261
31424,4680396,102,4680498
31425,4680527,60,4680587
31426,4680628,34,4680662
31427,4680725,145,4680870
31428,4680897,75,4680972
31429,4681066,39,4681105
31430,4681124,57,4681181
31431,4681256,48,4681304
31432,4681412,38,4681450
31433,4681476,17,4681493
31434,4681909,76,4681985
31435,4682281,121,4682402
31436,4682486,61,4682547
31437,4682556,17,4682573
31438,4682623,46,4682669
31439,4682729,36,4682765
31440,4682769,50,4682819
31441,4682932,86,4683018
31442,4683292,93,4683385
31443,4683431,14,4683445
31444,4683532,26,4683558
31445,4683563,5,4683568
31446,4683865,8,4683873
31447,4683983,4,4683987
31448,4684083,4,4684087
31449,4684093,15,4684108
31450,4684225,75,4684300
31451,4684313,8,4684321
31452,4684423,18,4684441
31453,4684605,33,4684638
31454,4684665,26,4684691
31455,4684755,26,4684781
31456,4684932,3,4684935
31457,4684989,21,4685010
31458,4685276,70,4685346
31459,4685407,82,4685489
31460,4685614,5,4685619
31461,4685643,43,4685686
31462,4685812,3,4685815
31463,4685957,58,4686015
31464,4686021,4,4686025
31465,4686235,68,4686303
31466,4686492,21,4686513
31467,4686661,143,4686804
31468,4686809,96,4686905
31469,4687033,3,4687036
31470,4687149,17,4687166
31471,4687330,7,4687337
31472,4687364,58,4687422
31473,4687507,16,4687523
31474,4687683,12,4687695
31475,4688029,8,4688037
31476,4688088,33,4688121
31477,4688173,25,4688198
31478,4688231,5,4688236
31479,4688376,98,4688474
31480,4688994,26,4689020
31481,4689061,34,4689095
31482,4689129,44,4689173
31483,4689268,75,4689343
31484,4689354,109,4689463
31485,4689772,83,4689855
31486,4689931,79,4690010
31487,4690214,8,4690222
31488,4690432,63,4690495
31489,4690620,25,4690645
31490,4690770,60,4690830
31491,4690856,5,4690861
31492,4690874,70,4690944
31493,4690975,55,4691030
31494,4691085,27,4691112
31495,4691646,192,4691838
31496,4691867,4,4691871
31497,4691962,49,4692011
31498,4692043,67,4692110
31499,4692183,43,4692226
31500,4692308,24,4692332
31501,4692397,41,4692438
31502,4692455,126,4692581
31503,4692638,61,4692699
31504,4692739,71,4692810
31505,4692828,77,4692905
31506,4692959,16,4692975
31507,4693062,23,4693085
31508,4693099,27,4693126
31509,4693168,25,4693193
31510,4693415,6,4693421
31511,4693466,68,4693534
31512,4693536,19,4693555
31513,4693567,37,4693604
31514,4693671,5,4693676
31515,4693700,27,4693727
31516,4693760,107,4693867
31517,4694021,44,4694065
31518,4694139,10,4694149
31519,4694387,5,4694392
31520,4694497,24,4694521
31521,4694589,53,4694642
31522,4694716,18,4694734
31523,4694830,36,4694866
31524,4694959,23,4694982
31525,4695018,23,4695041
31526,4695233,103,4695336
31527,4695392,122,4695514
31528,4695558,44,4695602
31529,4695657,27,4695684
31530,4695771,39,4695810
31531,4695927,62,4695989
31532,4696013,8,4696021
31533,4696081,10,4696091
31534,4696213,43,4696256
31535,4696363,67,4696430
31536,4696469,101,4696570
31537,4696628,220,4696848
31538,4696855,27,4696882
31539,4696907,28,4696935
31540,4697065,46,4697111
31541,4697254,145,4697399
31542,4697689,1,4697690
31543,4697712,44,4697756
31544,4697880,7,4697887
31545,4697893,48,4697941
31546,4697970,11,4697981
31547,4698141,9,4698150
31548,4698198,71,4698269
31549,4698309,19,4698328
31550,4698342,23,4698365
31551,4698441,58,4698499
31552,4698532,27,4698559
31553,4698706,123,4698829
31554,4698920,19,4698939
31555,4699307,75,4699382
31556,4699454,60,4699514
31557,4699539,21,4699560
31558,4699652,113,4699765
31559,4699888,20,4699908
31560,4699990,96,4700086
31561,4700129,90,4700219
31562,4700284,5,4700289
31563,4700378,11,4700389
31564,4700491,106,4700597
31565,4700637,25,4700662
31566,4700789,11,4700800
31567,4700944,28,4700972
31568,4701026,31,4701057
31569,4701111,2,4701113
31570,4701126,12,4701138
31571,4701278,25,4701303
31572,4701566,29,4701595
31573,4701688,11,4701699
31574,4701710,40,4701750
31575,4701941,22,4701963
31576,4702005,50,4702055
31577,4702081,39,4702120
31578,4702160,6,4702166
31579,4702364,15,4702379
31580,4702460,50,4702510
31581,4702530,12,4702542
31582,4702560,24,4702584
31583,4702587,21,4702608
31584,4702621,13,4702634
31585,4702776,52,4702828
31586,4702885,19,4702904
31587,4703069,20,4703089
31588,4703304,110,4703414
31589,4703430,67,4703497
31590,4703711,10,4703721
31591,4703740,56,4703796
31592,4703968,57,4704025
31593,4704191,22,4704213
31594,4704231,12,4704243
31595,4704394,55,4704449
31596,4704496,3,4704499
31597,4704632,35,4704667
31598,4704757,13,4704770
31599,4704915,19,4704934
31600,4704982,60,4705042
31601,4705065,39,4705104
31602,4705193,15,4705208
31603,4705292,4,4705296
31604,4705359,9,4705368
31605,4705733,36,4705769
31606,4705832,106,4705938
31607,4706016,9,4706025
31608,4706125,11,4706136
31609,4706184,126,4706310
31610,4706393,29,4706422
31611,4706511,48,4706559
31612,4706601,31,4706632
31613,4706764,113,4706877
31614,4706928,2,4706930
31615,4706954,3,4706957
31616,4707154,53,4707207
31617,4707267,13,4707280
31618,4707765,43,4707808
31619,4707824,78,4707902
31620,4707926,4,4707930
31621,4707988,227,4708215
31622,4708374,36,4708410
31623,4708470,98,4708568
31624,4708636,3,4708639
31625,4708664,146,4708810
31626,4709296,6,4709302
31627,4709697,74,4709771
31628,4709862,60,4709922
31629,4709937,48,4709985
31630,4709994,27,4710021
31631,4710290,5,4710295
31632,4710350,40,4710390
31633,4710510,66,4710576
31634,4710639,32,4710671
31635,4710804,49,4710853
31636,4711000,7,4711007
31637,4711097,48,4711145
31638,4711211,15,4711226
31639,4711260,9,4711269
31640,4711385,32,4711417
31641,4711428,24,4711452
31642,4711480,79,4711559
31643,4711656,32,4711688
31644,4711697,42,4711739
31645,4711917,43,4711960
31646,4711983,56,4712039
31647,4712082,18,4712100
31648,4712284,64,4712348
31649,4712357,82,4712439
31650,4712446,58,4712504
31651,4712520,49,4712569
31652,4712772,78,4712850
31653,4712890,6,4712896
31654,4712965,4,4712969
31655,4712987,48,4713035
31656,4713132,52,4713184
31657,4713379,279,4713658
31658,4713723,78,4713801
31659,4713870,153,4714023
31660,4714032,34,4714066
31661,4714108,15,4714123
31662,4714152,136,4714288
31663,4714372,45,4714417
31664,4714421,52,4714473
31665,4714510,17,4714527
31666,4714573,60,4714633
31667,4714691,21,4714712
31668,4715156,65,4715221
31669,4715298,33,4715331
31670,4715437,80,4715517
31671,4715536,17,4715553
31672,4715561,16,4715577
31673,4715594,158,4715752
31674,4715799,5,4715804
31675,4715840,30,4715870
31676,4715892,56,4715948
31677,4716108,13,4716121
31678,4716373,18,4716391
31679,4716496,26,4716522
31680,4716692,15,4716707
31681,4716976,50,4717026
31682,4717214,66,4717280
31683,4717333,60,4717393
31684,4717410,49,4717459
31685,4717602,87,4717689
31686,4717810,62,4717872
31687,4717890,12,4717902
31688,4718215,127,4718342
31689,4718452,1,4718453
31690,4718573,28,4718601
31691,4718604,19,4718623
31692,4718633,65,4718698
31693,4718705,94,4718799
31694,4718861,23,4718884
31695,4718959,26,4718985
31696,4719054,64,4719118
31697,4719233,5,4719238
31698,4719280,1,4719281
31699,4719647,103,4719750
31700,4720051,31,4720082
31701,4720149,101,4720250
31702,4720251,16,4720267
31703,4720359,45,4720404
31704,4720465,53,4720518
31705,4720549,3,4720552
31706,4720638,51,4720689
31707,4720707,89,4720796
31708,4720927,8,4720935
31709,4721000,47,4721047
31710,4721118,88,4721206
31711,4721235,54,4721289
31712,4721416,1,4721417
31713,4721441,1,4721442
31714,4721574,5,4721579
31715,4721622,58,4721680
31716,4722010,141,4722151
31717,4722193,12,4722205
31718,4722250,129,4722379
31719,4722383,53,4722436
31720,4722526,4,4722530
31721,4722679,52,4722731
31722,4723115,21,4723136
31723,4723211,119,4723330
31724,4723341,61,4723402
31725,4723474,20,4723494
31726,4723512,28,4723540
31727,4723899,5,4723904
31728,4724068,33,4724101
31729,4724322,13,4724335
31730,4724504,7,4724511
31731,4724631,62,4724693
31732,4724837,43,4724880
31733,4725010,11,4725021
31734,4725074,29,4725103
31735,4725107,6,4725113
31736,4725197,27,4725224
31737,4725322,10,4725332
31738,4725344,147,4725491
31739,4725553,58,4725611
31740,4725737,59,4725796
31741,4725954,28,4725982
31742,4726046,22,4726068
31743,4726082,76,4726158
31744,4726232,52,4726284
31745,4726337,50,4726387
31746,4726705,90,4726795
31747,4726830,16,4726846
31748,4726985,123,4727108
31749,4727223,5,4727228
31750,4727356,18,4727374
31751,4727445,98,4727543
31752,4727701,277,4727978
31753,4728038,15,4728053
31754,4728136,41,4728177
31755,4728367,29,4728396
31756,4728640,56,4728696
31757,4728876,8,4728884
31758,4728975,81,4729056
31759,4729092,17,4729109
31760,4729428,44,4729472
31761,4729573,14,4729587
31762,4729598,45,4729643
31763,4729644,53,4729697
31764,4729798,9,4729807
31765,4729813,27,4729840
31766,4729857,76,4729933
31767,4729934,20,4729954
31768,4729967,180,4730147
31769,4730312,41,4730353
31770,4730469,93,4730562
31771,4730597,64,4730661
31772,4730685,67,4730752
31773,4730818,32,4730850
31774,4730938,23,4730961
31775,4731081,50,4731131
31776,4731212,35,4731247
31777,4731546,298,4731844
31778,4731880,113,4731993
31779,4732177,196,4732373
31780,4732405,5,4732410
31781,4732431,39,4732470
31782,4732491,56,4732547
31783,4733020,15,4733035
31784,4733148,9,4733157
31785,4733413,97,4733510
31786,4733590,6,4733596
31787,4733622,2,4733624
31788,4733639,17,4733656
31789,4733671,47,4733718
31790,4734040,237,4734277
31791,4734322,17,4734339
31792,4734384,13,4734397
31793,4734459,36,4734495
31794,4734499,22,4734521
31795,4734598,10,4734608
31796,4734674,104,4734778
31797,4734963,89,4735052
31798,4735180,10,4735190
31799,4735250,23,4735273
31800,4735326,19,4735345
31801,4735517,12,4735529
31802,4735546,37,4735583
31803,4735603,20,4735623
31804,4735704,41,4735745
31805,4735875,63,4735938
31806,4735987,54,4736041
31807,4736042,268,4736310
31808,4736563,3,4736566
31809,4736653,25,4736678
31810,4736758,175,4736933
31811,4737076,37,4737113
31812,4737211,51,4737262
31813,4737271,44,4737315
31814,4737707,70,4737777
31815,4737828,93,4737921
31816,4738196,7,4738203
31817,4738270,73,4738343
31818,4738350,22,4738372
31819,4738413,65,4738478
31820,4738496,34,4738530
31821,4738996,52,4739048
31822,4739075,18,4739093
31823,4739137,88,4739225
31824,4739329,12,4739341
31825,4739370,19,4739389
31826,4739437,169,4739606
31827,4739645,13,4739658
31828,4739715,82,4739797
31829,4739827,82,4739909
31830,4739965,114,4740079
31831,4740091,14,4740105
31832,4740220,20,4740240
31833,4740474,25,4740499
31834,4740741,5,4740746
31835,4741053,49,4741102
31836,4741169,216,4741385
31837,4741414,353,4741767
31838,4742038,97,4742135
31839,4742179,1,4742180
31840,4742182,92,4742274
31841,4742329,24,4742353
31842,4742521,22,4742543
31843,4742975,18,4742993
31844,4743196,18,4743214
31845,4743288,248,4743536
31846,4743702,1,4743703
31847,4743758,37,4743795
31848,4744135,94,4744229
31849,4744252,17,4744269
31850,4744341,56,4744397
31851,4744417,22,4744439
31852,4744450,5,4744455
31853,4744463,49,4744512
31854,4744541,83,4744624
31855,4744680,22,4744702
31856,4744840,16,4744856
31857,4744882,30,4744912
31858,4744969,55,4745024
31859,4745253,5,4745258
31860,4745353,7,4745360
31861,4745645,65,4745710
31862,4745764,73,4745837
31863,4746066,8,4746074
31864,4746562,123,4746685
31865,4746713,97,4746810
31866,4746983,11,4746994
31867,4747054,178,4747232
31868,4747309,37,4747346
31869,4747367,178,4747545
31870,4747916,55,4747971
31871,4748136,245,4748381
31872,4748390,30,4748420
31873,4748444,30,4748474
31874,4748498,171,4748669
31875,4748750,7,4748757
31876,4748827,83,4748910
31877,4749000,224,4749224
31878,4749469,49,4749518
31879,4749586,17,4749603
31880,4749732,81,4749813
31881,4749896,59,4749955
31882,4750132,22,4750154
31883,4750164,138,4750302
31884,4750386,26,4750412
31885,4750429,7,4750436
31886,4750530,37,4750567
31887,4750627,36,4750663
31888,4750732,91,4750823
31889,4751295,4,4751299
31890,4751314,81,4751395
31891,4751469,48,4751517
31892,4751563,36,4751599
31893,4751859,1,4751860
31894,4751948,15,4751963
31895,4752023,32,4752055
31896,4752362,3,4752365
31897,4752515,146,4752661
31898,4752687,40,4752727
31899,4752757,90,4752847
31900,4752877,125,4753002
31901,4753013,112,4753125
31902,4753593,27,4753620
31903,4753841,39,4753880
31904,4754109,18,4754127
31905,4754137,29,4754166
31906,4754327,22,4754349
31907,4754579,82,4754661
31908,4754750,37,4754787
31909,4754876,26,4754902
31910,4755015,6,4755021
31911,4755084,17,4755101
31912,4755149,12,4755161
31913,4755262,7,4755269
31914,4755304,112,4755416
31915,4755528,43,4755571
31916,4755589,54,4755643
31917,4755795,18,4755813
31918,4756161,51,4756212
31919,4756272,17,4756289
31920,4756346,102,4756448
31921,4756650,163,4756813
31922,4756901,72,4756973
31923,4757073,6,4757079
31924,4757100,22,4757122
31925,4757232,1,4757233
31926,4757331,1,4757332
31927,4757516,26,4757542
31928,4757859,59,4757918
31929,4758235,41,4758276
31930,4758437,48,4758485
31931,4758644,19,4758663
31932,4758778,35,4758813
31933,4758870,57,4758927
31934,4759047,71,4759118
31935,4759187,53,4759240
31936,4759329,129,4759458
31937,4759527,27,4759554
31938,4759602,6,4759608
31939,4759625,53,4759678
31940,4759838,51,4759889
31941,4759994,125,4760119
31942,4760157,15,4760172
31943,4760236,8,4760244
31944,4760319,2,4760321
31945,4760327,2,4760329
31946,4760357,28,4760385
31947,4760514,35,4760549
31948,4760722,125,4760847
31949,4760915,50,4760965
31950,4760967,34,4761001
31951,4761006,20,4761026
31952,4761041,29,4761070
31953,4761103,275,4761378
31954,4761560,1,4761561
31955,4761797,19,4761816
31956,4761890,24,4761914
31957,4762021,12,4762033
31958,4762074,11,4762085
31959,4762093,46,4762139
31960,4762352,183,4762535
31961,4762563,35,4762598
31962,4762654,59,4762713
31963,4762769,9,4762778
31964,4762910,13,4762923
31965,4762998,102,4763100
31966,4763118,5,4763123
31967,4763186,11,4763197
31968,4763226,36,4763262
31969,4763312,16,4763328
31970,4763480,35,4763515
31971,4763533,96,4763629
31972,4763712,32,4763744
31973,4764101,107,4764208
31974,4764230,43,4764273
31975,4764280,5,4764285
31976,4764386,28,4764414
31977,4764516,64,4764580
31978,4764603,167,4764770
31979,4765016,26,4765042
31980,4765056,23,4765079
31981,4765180,108,4765288
31982,4765341,2,4765343
31983,4765358,79,4765437
31984,4765482,200,4765682
31985,4765699,212,4765911
31986,4765938,62,4766000
31987,4766203,23,4766226
31988,4766295,112,4766407
31989,4766467,10,4766477
31990,4766545,57,4766602
31991,4766727,106,4766833
31992,4767009,43,4767052
31993,4767080,70,4767150
31994,4767174,105,4767279
31995,4767427,120,4767547
31996,4767609,80,4767689
31997,4767761,12,4767773
31998,4767783,42,4767825
31999,4767955,144,4768099
32000,4768214,17,4768231
32001,4768480,13,4768493
32002,4768695,63,4768758
32003,4768803,11,4768814
32004,4768944,34,4768978
32005,4769172,103,4769275
32006,4769322,23,4769345
32007,4769409,11,4769420
32008,4769502,29,4769531
32009,4769669,74,4769743
32010,4769745,85,4769830
32011,4769975,3,4769978
32012,4770113,19,4770132
32013,4770259,136,4770395
32014,4770425,24,4770449
32015,4770483,39,4770522
32016,4770540,21,4770561
32017,4770627,109,4770736
32018,4771007,24,4771031
32019,4771032,38,4771070
32020,4771326,127,4771453
32021,4771455,45,4771500
32022,4771536,61,4771597
32023,4771617,31,4771648
32024,4771757,13,4771770
32025,4771880,27,4771907
32026,4772132,6,4772138
32027,4772266,63,4772329
32028,4772444,28,4772472
32029,4772597,35,4772632
32030,4772679,96,4772775
32031,4772929,25,4772954
32032,4772964,89,4773053
32033,4773074,14,4773088
32034,4773150,10,4773160
32035,4773432,59,4773491
32036,4773535,38,4773573
32037,4773685,63,4773748
32038,4773848,52,4773900
32039,4774052,31,4774083
32040,4774191,19,4774210
32041,4774212,14,4774226
32042,4774258,37,4774295
32043,4774349,54,4774403
32044,4774447,9,4774456
32045,4774519,44,4774563
32046,4774579,64,4774643
32047,4774697,12,4774709
32048,4774818,39,4774857
32049,4774874,40,4774914
32050,4774998,16,4775014
32051,4775200,71,4775271
32052,4775406,22,4775428
32053,4775486,49,4775535
32054,4775603,90,4775693
32055,4775707,3,4775710
32056,4775732,40,4775772
32057,4775934,59,4775993
32058,4776126,69,4776195
32059,4776211,55,4776266
32060,4776366,4,4776370
32061,4776585,9,4776594
32062,4776688,27,4776715
32063,4776800,288,4777088
32064,4777149,30,4777179
32065,4777222,9,4777231
32066,4777259,1,4777260
32067,4777334,40,4777374
32068,4777377,46,4777423
32069,4777469,199,4777668
32070,4777845,28,4777873
32071,4777940,77,4778017
32072,4778113,28,4778141
32073,4778228,59,4778287
32074,4778416,15,4778431
32075,4778453,28,4778481
32076,4778488,2,4778490
32077,4778620,7,4778627
32078,4778959,88,4779047
32079,4779067,11,4779078
32080,4779236,118,4779354
32081,4779392,55,4779447
32082,4779456,43,4779499
32083,4779524,17,4779541
32084,4779857,144,4780001
32085,4780185,51,4780236
32086,4780270,12,4780282
32087,4780357,15,4780372
32088,4780390,130,4780520
32089,4780530,175,4780705
32090,4780755,37,4780792
32091,4780930,55,4780985
32092,4781161,52,4781213
32093,4781297,1,4781298
32094,4781315,3,4781318
32095,4781373,18,4781391
32096,4781451,37,4781488
32097,4781650,4,4781654
32098,4781851,62,4781913
32099,4781982,46,4782028
32100,4782038,18,4782056
32101,4782511,28,4782539
32102,4782558,107,4782665
32103,4782728,7,4782735
32104,4782833,3,4782836
32105,4782870,200,4783070
32106,4783192,93,4783285
32107,4783513,90,4783603
32108,4783783,105,4783888
32109,4784059,54,4784113
32110,4784224,26,4784250
32111,4784260,13,4784273
32112,4784333,29,4784362
32113,4784528,66,4784594
32114,4784626,14,4784640
32115,4784762,27,4784789
32116,4784904,52,4784956
32117,4785140,70,4785210
32118,4785253,95,4785348
32119,4785474,11,4785485
32120,4785507,9,4785516
32121,4785530,123,4785653
32122,4785664,53,4785717
32123,4785874,60,4785934
32124,4785990,27,4786017
32125,4786063,30,4786093
32126,4786175,84,4786259
32127,4786310,5,4786315
32128,4786361,2,4786363
32129,4786469,15,4786484
32130,4786683,243,4786926
32131,4786988,77,4787065
32132,4787069,21,4787090
32133,4787159,158,4787317
32134,4787338,76,4787414
32135,4787436,109,4787545
32136,4787549,160,4787709
32137,4787845,41,4787886
32138,4787925,65,4787990
32139,4788012,8,4788020
32140,4788180,158,4788338
32141,4788384,9,4788393
32142,4788461,43,4788504
32143,4788520,3,4788523
32144,4788527,57,4788584
32145,4788744,3,4788747
32146,4788757,5,4788762
32147,4788793,17,4788810
32148,4788821,37,4788858
32149,4788984,92,4789076
32150,4789085,26,4789111
32151,4789154,135,4789289
32152,4789613,91,4789704
32153,4789718,18,4789736
32154,4789808,86,4789894
32155,4789913,1,4789914
32156,4789932,2,4789934
32157,4790072,85,4790157
32158,4790316,48,4790364
32159,4790376,28,4790404
32160,4790547,263,4790810
32161,4790820,69,4790889
32162,4790898,7,4790905
32163,4790940,2,4790942
32164,4791094,5,4791099
32165,4791186,177,4791363
32166,4791453,80,4791533
32167,4791593,59,4791652
32168,4791852,2,4791854
32169,4791925,31,4791956
32170,4792336,19,4792355
32171,4792503,3,4792506
32172,4792634,7,4792641
32173,4792755,78,4792833
32174,4792907,43,4792950
32175,4792973,87,4793060
32176,4793128,56,4793184
32177,4793231,3,4793234
32178,4793238,35,4793273
32179,4793280,35,4793315
32180,4793548,7,4793555
32181,4793611,73,4793684
32182,4793715,27,4793742
32183,4793839,5,4793844
32184,4793851,47,4793898
32185,4794094,10,4794104
32186,4794448,111,4794559
32187,4794799,37,4794836
32188,4794863,39,4794902
32189,4794989,57,4795046
32190,4795251,65,4795316
32191,4795391,128,4795519
32192,4795569,96,4795665
32193,4795673,75,4795748
32194,4796018,10,4796028
32195,4796057,102,4796159
32196,4796166,55,4796221
32197,4796244,77,4796321
32198,4796332,35,4796367
32199,4796434,61,4796495
32200,4796615,1,4796616
32201,4796753,1,4796754
32202,4796820,31,4796851
32203,4797002,30,4797032
32204,4797182,76,4797258
32205,4797320,36,4797356
32206,4797456,7,4797463
32207,4797501,35,4797536
32208,4797542,23,4797565
32209,4797669,107,4797776
32210,4797833,47,4797880
32211,4798120,27,4798147
32212,4798375,42,4798417
32213,4798681,100,4798781
32214,4798861,39,4798900
32215,4798979,142,4799121
32216,4799341,225,4799566
32217,4799640,27,4799667
32218,4799672,38,4799710
32219,4799739,24,4799763
32220,4799800,8,4799808
32221,4800085,103,4800188
32222,4800252,1,4800253
32223,4800275,16,4800291
32224,4800316,206,4800522
32225,4800540,260,4800800
32226,4801161,31,4801192
32227,4801215,32,4801247
32228,4801321,161,4801482
32229,4801515,7,4801522
32230,4801565,40,4801605
32231,4801668,77,4801745
32232,4801933,25,4801958
32233,4801959,142,4802101
32234,4802392,23,4802415
32235,4802596,24,4802620
32236,4802664,42,4802706
32237,4802724,22,4802746
32238,4802872,15,4802887
32239,4802934,15,4802949
32240,4803053,79,4803132
32241,4803203,23,4803226
32242,4803286,44,4803330
32243,4803422,17,4803439
32244,4803747,151,4803898
32245,4803948,41,4803989
32246,4804461,6,4804467
32247,4804471,52,4804523
32248,4804528,144,4804672
32249,4804732,42,4804774
32250,4804827,171,4804998
32251,4805193,38,4805231
32252,4805349,61,4805410
32253,4805460,42,4805502
32254,4805554,70,4805624
32255,4805639,46,4805685
32256,4805786,45,4805831
32257,4805865,23,4805888
32258,4805989,19,4806008
32259,4806108,7,4806115
32260,4806371,34,4806405
32261,4806475,4,4806479
32262,4806484,7,4806491
32263,4806604,35,4806639
32264,4806895,35,4806930
32265,4806970,26,4806996
32266,4807015,60,4807075
32267,4807090,67,4807157
32268,4807618,23,4807641
32269,4807644,28,4807672
32270,4807838,13,4807851
32271,4807937,21,4807958
32272,4808008,140,4808148
32273,4808169,19,4808188
32274,4808381,151,4808532
32275,4808535,58,4808593
32276,4808599,7,4808606
32277,4808652,87,4808739
32278,4808824,80,4808904
32279,4808917,33,4808950
32280,4809106,51,4809157
32281,4809268,92,4809360
32282,4809365,35,4809400
32283,4809516,48,4809564
32284,4809579,13,4809592
32285,4809723,221,4809944
32286,4810100,24,4810124
32287,4810136,23,4810159
32288,4810246,34,4810280
32289,4810319,13,4810332
32290,4810434,10,4810444
32291,4810629,24,4810653
32292,4810764,80,4810844
32293,4810878,12,4810890
32294,4810897,92,4810989
32295,4811008,2,4811010
32296,4811230,9,4811239
32297,4811324,102,4811426
32298,4811436,137,4811573
32299,4811622,120,4811742
32300,4811815,30,4811845
32301,4811889,52,4811941
32302,4812166,16,4812182
32303,4812361,143,4812504
32304,4812567,21,4812588
32305,4812794,2,4812796
32306,4813032,91,4813123
32307,4813175,13,4813188
32308,4813217,25,4813242
32309,4813370,60,4813430
32310,4813432,69,4813501
32311,4813632,25,4813657
32312,4813684,72,4813756
32313,4813808,4,4813812
32314,4813973,83,4814056
32315,4814354,114,4814468
32316,4814471,19,4814490
32317,4814603,29,4814632
32318,4814977,7,4814984
32319,4815092,28,4815120
32320,4815514,42,4815556
32321,4815863,36,4815899
32322,4816012,100,4816112
32323,4816226,41,4816267
32324,4816287,12,4816299
32325,4816317,88,4816405
32326,4816485,73,4816558
32327,4816862,55,4816917
32328,4816979,25,4817004
32329,4817113,176,4817289
32330,4817315,2,4817317
32331,4817350,73,4817423
32332,4817654,19,4817673
32333,4817793,26,4817819
32334,4817934,22,4817956
32335,4818035,30,4818065
32336,4818161,11,4818172
32337,4818268,9,4818277
32338,4818303,30,4818333
32339,4818365,7,4818372
32340,4818634,21,4818655
32341,4818683,85,4818768
32342,4819011,12,4819023
32343,4819141,34,4819175
32344,4819189,50,4819239
32345,4819274,13,4819287
32346,4819323,47,4819370
32347,4819435,211,4819646
32348,4819657,3,4819660
32349,4820108,37,4820145
32350,4820206,23,4820229
32351,4820264,10,4820274
32352,4820422,106,4820528
32353,4820707,19,4820726
32354,4820838,74,4820912
32355,4820978,8,4820986
32356,4821109,61,4821170
32357,4821177,37,4821214
32358,4821497,69,4821566
32359,4821662,25,4821687
32360,4821733,231,4821964
32361,4822212,50,4822262
32362,4822360,182,4822542
32363,4822559,6,4822565
32364,4822685,23,4822708
32365,4822829,1,4822830
32366,4822850,41,4822891
32367,4822908,256,4823164
32368,4823183,99,4823282
32369,4823321,75,4823396
32370,4823460,1,4823461
32371,4823624,99,4823723
32372,4823793,10,4823803
32373,4823841,6,4823847
32374,4823916,45,4823961
32375,4823967,87,4824054
32376,4824092,116,4824208
32377,4824250,14,4824264
32378,4824563,42,4824605
32379,4824745,141,4824886
32380,4824983,77,4825060
32381,4825109,16,4825125
32382,4825247,13,4825260
32383,4825329,48,4825377
32384,4825493,93,4825586
32385,4825611,76,4825687
32386,4825751,4,4825755
32387,4825904,10,4825914
32388,4825915,175,4826090
32389,4826194,40,4826234
32390,4826356,48,4826404
32391,4826706,11,4826717
32392,4826741,219,4826960
32393,4826983,32,4827015
32394,4827294,105,4827399
32395,4827718,17,4827735
32396,4827862,15,4827877
32397,4827959,3,4827962
32398,4828053,86,4828139
32399,4828251,7,4828258
32400,4828429,53,4828482
32401,4828490,9,4828499
32402,4828526,3,4828529
32403,4828584,106,4828690
32404,4828697,71,4828768
32405,4828856,1,4828857
32406,4829019,21,4829040
32407,4829111,1,4829112
32408,4829280,147,4829427
32409,4829557,87,4829644
32410,4829686,80,4829766
32411,4829868,16,4829884
32412,4829910,12,4829922
32413,4829991,84,4830075
32414,4830167,84,4830251
32415,4830272,30,4830302
32416,4830305,56,4830361
32417,4830430,14,4830444
32418,4830582,32,4830614
32419,4830682,110,4830792
32420,4830882,88,4830970
32421,4831054,5,4831059
32422,4831227,42,4831269
32423,4831446,61,4831507
32424,4831572,117,4831689
32425,4831877,14,4831891
32426,4831940,12,4831952
32427,4832105,115,4832220
32428,4832222,10,4832232
32429,4832269,87,4832356
32430,4832395,96,4832491
32431,4832650,29,4832679
32432,4832751,96,4832847
32433,4832910,39,4832949
32434,4833061,48,4833109
32435,4833191,1,4833192
32436,4833196,14,4833210
32437,4833338,58,4833396
32438,4833475,12,4833487
32439,4833829,61,4833890
32440,4833902,98,4834000
32441,4834027,193,4834220
32442,4834353,100,4834453
32443,4834681,76,4834757
32444,4834803,39,4834842
32445,4834913,29,4834942
32446,4835091,81,4835172
32447,4835241,1,4835242
32448,4835279,20,4835299
32449,4835374,25,4835399
32450,4835711,31,4835742
32451,4835881,1,4835882
32452,4835951,24,4835975
32453,4835990,100,4836090
32454,4836155,23,4836178
32455,4836216,186,4836402
32456,4836486,123,4836609
32457,4836617,63,4836680
32458,4836774,49,4836823
32459,4836916,85,4837001
32460,4837022,33,4837055
32461,4837173,17,4837190
32462,4837195,84,4837279
32463,4837282,63,4837345
32464,4837523,13,4837536
32465,4837685,33,4837718
32466,4837757,24,4837781
32467,4838326,54,4838380
32468,4838433,94,4838527
32469,4838780,42,4838822
32470,4838837,10,4838847
32471,4838938,44,4838982
32472,4839032,26,4839058
32473,4839074,29,4839103
32474,4839130,56,4839186
32475,4839240,2,4839242
32476,4839307,33,4839340
32477,4839433,36,4839469
32478,4839569,52,4839621
32479,4839708,11,4839719
32480,4839744,32,4839776
32481,4839825,1,4839826
32482,4839847,98,4839945
32483,4839971,27,4839998
32484,4840071,49,4840120
32485,4840126,28,4840154
32486,4840166,90,4840256
32487,4840403,6,4840409
32488,4840508,6,4840514
32489,4840805,11,4840816
32490,4841071,42,4841113
32491,4841218,10,4841228
32492,4841440,72,4841512
32493,4841539,11,4841550
32494,4841879,22,4841901
32495,4842023,60,4842083
32496,4842089,29,4842118
32497,4842153,3,4842156
32498,4842272,130,4842402
32499,4842498,98,4842596
32500,4842605,50,4842655
32501,4842693,35,4842728
32502,4842788,167,4842955
32503,4842990,22,4843012
32504,4843168,25,4843193
32505,4843221,23,4843244
32506,4843382,5,4843387
32507,4843444,237,4843681
32508,4843772,21,4843793
32509,4843977,88,4844065
32510,4844101,24,4844125
32511,4844135,7,4844142
32512,4844155,42,4844197
32513,4844235,13,4844248
32514,4844318,43,4844361
32515,4844410,71,4844481
32516,4844519,151,4844670
32517,4844911,57,4844968
32518,4845000,3,4845003
32519,4845038,9,4845047
32520,4845130,11,4845141
32521,4845356,7,4845363
32522,4845415,23,4845438
32523,4845554,41,4845595
32524,4845951,49,4846000
32525,4846054,26,4846080
32526,4846141,42,4846183
32527,4846280,135,4846415
32528,4846652,91,4846743
32529,4846798,62,4846860
32530,4846886,38,4846924
32531,4846949,77,4847026
32532,4847068,42,4847110
32533,4847143,22,4847165
32534,4847417,21,4847438
32535,4847532,89,4847621
32536,4847719,40,4847759
32537,4848153,18,4848171
32538,4848233,55,4848288
32539,4848684,31,4848715
32540,4848724,3,4848727
32541,4848733,19,4848752
32542,4848771,102,4848873
32543,4848942,21,4848963
32544,4849010,17,4849027
32545,4849042,59,4849101
32546,4849192,16,4849208
32547,4849342,9,4849351
32548,4849357,112,4849469
32549,4849795,16,4849811
32550,4849843,105,4849948
32551,4850059,5,4850064
32552,4850174,31,4850205
32553,4850228,31,4850259
32554,4850358,235,4850593
32555,4850648,49,4850697
32556,4850846,30,4850876
32557,4851135,8,4851143
32558,4851146,61,4851207
32559,4851209,40,4851249
32560,4851324,76,4851400
32561,4851542,65,4851607
32562,4851646,79,4851725
32563,4851757,25,4851782
32564,4851799,35,4851834
32565,4852257,55,4852312
32566,4852386,39,4852425
32567,4852619,18,4852637
32568,4852753,23,4852776
32569,4852839,86,4852925
32570,4853003,22,4853025
32571,4853071,87,4853158
32572,4853173,55,4853228
32573,4853348,3,4853351
32574,4853393,21,4853414
32575,4853537,14,4853551
32576,4853733,26,4853759
32577,4853931,18,4853949
32578,4854017,6,4854023
32579,4854086,49,4854135
32580,4854161,15,4854176
32581,4854239,58,4854297
32582,4854469,45,4854514
32583,4854922,4,4854926
32584,4854940,34,4854974
32585,4855082,69,4855151
32586,4855458,28,4855486
32587,4855499,2,4855501
32588,4855602,33,4855635
32589,4855814,28,4855842
32590,4856131,49,4856180
32591,4856185,12,4856197
32592,4856201,32,4856233
32593,4856271,31,4856302
32594,4856314,59,4856373
32595,4856494,26,4856520
32596,4856529,56,4856585
32597,4856684,184,4856868
32598,4856945,64,4857009
32599,4857019,3,4857022
32600,4857073,102,4857175
32601,4857212,22,4857234
32602,4857264,61,4857325
32603,4857438,62,4857500
32604,4857851,133,4857984
32605,4858006,52,4858058
32606,4858152,20,4858172
32607,4858311,22,4858333
32608,4858360,62,4858422
32609,4858516,1,4858517
32610,4858582,20,4858602
32611,4858632,69,4858701
32612,4858712,69,4858781
32613,4858889,270,4859159
32614,4859284,41,4859325
32615,4859452,22,4859474
32616,4859476,15,4859491
32617,4859666,26,4859692
32618,4859929,89,4860018
32619,4860077,41,4860118
32620,4860126,31,4860157
32621,4860336,16,4860352
32622,4860377,222,4860599
32623,4860648,6,4860654
32624,4860932,218,4861150
32625,4861170,62,4861232
32626,4861280,54,4861334
32627,4861422,39,4861461
32628,4861525,79,4861604
32629,4861809,98,4861907
32630,4861930,12,4861942
32631,4862018,32,4862050
32632,4862143,12,4862155
32633,4862292,3,4862295
32634,4862395,17,4862412
32635,4862480,1,4862481
32636,4862541,213,4862754
32637,4862855,86,4862941
32638,4862967,19,4862986
32639,4863120,73,4863193
32640,4863260,107,4863367
32641,4863387,98,4863485
32642,4863726,180,4863906
32643,4864059,2,4864061
32644,4864177,86,4864263
32645,4864295,19,4864314
32646,4864325,3,4864328
32647,4864349,84,4864433
32648,4864622,79,4864701
32649,4864713,3,4864716
32650,4864766,82,4864848
32651,4864854,54,4864908
32652,4864914,38,4864952
32653,4865158,25,4865183
32654,4865302,38,4865340
32655,4865346,1,4865347
32656,4865458,46,4865504
32657,4865559,29,4865588
32658,4865710,45,4865755
32659,4865985,37,4866022
32660,4866106,52,4866158
32661,4866266,9,4866275
32662,4866387,198,4866585
32663,4866596,38,4866634
32664,4866641,1,4866642
32665,4866659,67,4866726
32666,4866739,4,4866743
32667,4866751,9,4866760
32668,4867094,12,4867106
32669,4867155,4,4867159
32670,4867315,4,4867319
32671,4867387,72,4867459
32672,4867586,3,4867589
32673,4867650,12,4867662
32674,4867960,62,4868022
32675,4868033,24,4868057
32676,4868084,50,4868134
32677,4868285,16,4868301
32678,4868380,79,4868459
32679,4868598,10,4868608
32680,4868846,83,4868929
32681,4869009,120,4869129
32682,4869309,39,4869348
32683,4869452,15,4869467
32684,4869567,6,4869573
32685,4869623,8,4869631
32686,4869669,45,4869714
32687,4869774,104,4869878
32688,4869962,36,4869998
32689,4870390,24,4870414
32690,4870466,79,4870545
32691,4870854,39,4870893
32692,4871059,5,4871064
32693,4871086,1,4871087
32694,4871240,56,4871296
32695,4871538,36,4871574
32696,4871773,13,4871786
32697,4871920,11,4871931
32698,4871947,50,4871997
32699,4872030,29,4872059
32700,4872068,23,4872091
32701,4872338,1,4872339
32702,4872416,2,4872418
32703,4872502,17,4872519
32704,4872900,191,4873091
32705,4873218,25,4873243
32706,4873414,23,4873437
32707,4873469,4,4873473
32708,4873485,57,4873542
32709,4873674,1,4873675
32710,4874099,3,4874102
32711,4874186,45,4874231
32712,4874302,85,4874387
32713,4874591,2,4874593
32714,4874598,137,4874735
32715,4874750,36,4874786
32716,4874896,60,4874956
32717,4874959,29,4874988
32718,4874999,122,4875121
32719,4875246,58,4875304
32720,4875382,3,4875385
32721,4875434,24,4875458
32722,4875469,283,4875752
32723,4875874,46,4875920
32724,4876164,6,4876170
32725,4876245,144,4876389
32726,4876497,5,4876502
32727,4876592,126,4876718
32728,4876723,24,4876747
32729,4876773,69,4876842
32730,4876975,9,4876984
32731,4877027,11,4877038
32732,4877096,114,4877210
32733,4877275,58,4877333
32734,4877424,51,4877475
32735,4877632,13,4877645
32736,4877757,128,4877885
32737,4877886,2,4877888
32738,4877977,7,4877984
32739,4878023,11,4878034
32740,4878164,164,4878328
32741,4878370,21,4878391
32742,4878420,19,4878439
32743,4878489,48,4878537
32744,4878569,61,4878630
32745,4878642,11,4878653
32746,4878674,53,4878727
32747,4878828,7,4878835
32748,4878885,17,4878902
32749,4878919,143,4879062
32750,4879071,7,4879078
32751,4879190,113,4879303
32752,4879343,97,4879440
32753,4879493,25,4879518
32754,4879598,103,4879701
32755,4879716,9,4879725
32756,4879780,24,4879804
32757,4879891,20,4879911
32758,4879960,76,4880036
32759,4880231,56,4880287
32760,4880308,51,4880359
32761,4880507,12,4880519
32762,4880548,22,4880570
32763,4880767,39,4880806
32764,4881099,96,4881195
32765,4881278,48,4881326
32766,4881383,6,4881389
32767,4881443,80,4881523
32768,4881566,54,4881620
32769,4881802,54,4881856
32770,4882002,233,4882235
32771,4882313,1,4882314
32772,4882422,49,4882471
32773,4882807,57,4882864
32774,4882910,98,4883008
32775,4883012,63,4883075
32776,4883083,19,4883102
32777,4883119,14,4883133
32778,4883157,19,4883176
32779,4883185,8,4883193
32780,4883226,25,4883251
32781,4883374,63,4883437
32782,4883636,57,4883693
32783,4883734,4,4883738
32784,4883938,24,4883962
32785,4883969,67,4884036
32786,4884080,80,4884160
32787,4884173,26,4884199
32788,4884291,1,4884292
32789,4884310,73,4884383
32790,4884580,44,4884624
32791,4884734,4,4884738
32792,4884876,138,4885014
32793,4885027,32,4885059
32794,4885274,24,4885298
32795,4885353,37,4885390
32796,4885521,37,4885558
32797,4885580,14,4885594
32798,4885792,10,4885802
32799,4885945,46,4885991
32800,4886137,26,4886163
32801,4886456,1,4886457
32802,4886475,74,4886549
32803,4886701,28,4886729
32804,4886772,5,4886777
32805,4886819,64,4886883
32806,4886929,40,4886969
32807,4886996,73,4887069
32808,4887113,163,4887276
32809,4887570,7,4887577
32810,4887692,30,4887722
32811,4887873,5,4887878
32812,4887894,44,4887938
32813,4888131,28,4888159
32814,4888170,43,4888213
32815,4888229,40,4888269
32816,4888284,45,4888329
32817,4888374,41,4888415
32818,4888943,107,4889050
32819,4889289,34,4889323
32820,4889496,22,4889518
32821,4889568,14,4889582
32822,4889611,9,4889620
32823,4889828,36,4889864
32824,4890104,32,4890136
32825,4890507,91,4890598
32826,4890677,18,4890695
32827,4890701,2,4890703
32828,4890819,30,4890849
32829,4890869,16,4890885
32830,4890895,28,4890923
32831,4891508,9,4891517
32832,4891564,94,4891658
32833,4891677,16,4891693
32834,4891810,7,4891817
32835,4891981,43,4892024
32836,4892127,53,4892180
32837,4892216,211,4892427
32838,4892609,81,4892690
32839,4892691,31,4892722
32840,4892810,1,4892811
32841,4892860,89,4892949
32842,4893087,33,4893120
32843,4893197,48,4893245
32844,4893313,24,4893337
32845,4893413,36,4893449
32846,4893511,21,4893532
32847,4893541,60,4893601
32848,4893672,39,4893711
32849,4893719,37,4893756
32850,4893800,16,4893816
32851,4893866,13,4893879
32852,4893888,219,4894107
32853,4894149,14,4894163
32854,4894273,64,4894337
32855,4894346,72,4894418
32856,4894649,15,4894664
32857,4894689,37,4894726
32858,4894801,67,4894868
32859,4894942,31,4894973
32860,4895153,16,4895169
32861,4895170,46,4895216
32862,4895257,4,4895261
32863,4895635,41,4895676
32864,4895835,1,4895836
32865,4895889,13,4895902
32866,4895962,50,4896012
32867,4896093,73,4896166
32868,4896438,70,4896508
32869,4896525,40,4896565
32870,4896653,26,4896679
32871,4896808,42,4896850
32872,4896948,16,4896964
32873,4896976,59,4897035
32874,4897215,20,4897235
32875,4897264,122,4897386
32876,4897477,15,4897492
32877,4897547,20,4897567
32878,4897569,97,4897666
32879,4897725,61,4897786
32880,4897944,97,4898041
32881,4898064,57,4898121
32882,4898211,98,4898309
32883,4898358,46,4898404
32884,4898547,7,4898554
32885,4898602,126,4898728
32886,4898824,65,4898889
32887,4898920,158,4899078
32888,4899194,22,4899216
32889,4899387,15,4899402
32890,4899494,58,4899552
32891,4899568,23,4899591
32892,4899630,2,4899632
32893,4899633,74,4899707
32894,4899849,15,4899864
32895,4899979,70,4900049
32896,4900052,132,4900184
32897,4900293,17,4900310
32898,4900362,34,4900396
32899,4900491,30,4900521
32900,4900861,173,4901034
32901,4901041,2,4901043
32902,4901059,34,4901093
32903,4901282,26,4901308
32904,4901392,53,4901445
32905,4901456,6,4901462
32906,4901478,24,4901502
32907,4901540,53,4901593
32908,4901621,31,4901652
32909,4901722,94,4901816
32910,4901875,11,4901886
32911,4901963,72,4902035
32912,4902059,49,4902108
32913,4902400,23,4902423
32914,4902479,4,4902483
32915,4902689,76,4902765
32916,4902784,81,4902865
32917,4902886,8,4902894
32918,4902918,25,4902943
32919,4902945,19,4902964
32920,4902965,60,4903025
32921,4903086,3,4903089
32922,4903284,24,4903308
32923,4903329,133,4903462
32924,4903512,26,4903538
32925,4903543,15,4903558
32926,4903701,21,4903722
32927,4903804,9,4903813
32928,4903850,21,4903871
32929,4903897,48,4903945
32930,4904024,5,4904029
32931,4904099,23,4904122
32932,4904156,26,4904182
32933,4904480,77,4904557
32934,4904592,163,4904755
32935,4904937,134,4905071
32936,4905101,67,4905168
32937,4905202,157,4905359
32938,4905446,36,4905482
32939,4905514,26,4905540
32940,4905617,174,4905791
32941,4905964,53,4906017
32942,4906124,49,4906173
32943,4906323,57,4906380
32944,4906402,58,4906460
32945,4906651,11,4906662
32946,4906728,16,4906744
32947,4906882,58,4906940
32948,4906946,10,4906956
32949,4907083,11,4907094
32950,4907187,83,4907270
32951,4907290,34,4907324
32952,4907362,3,4907365
32953,4907528,33,4907561
32954,4907565,19,4907584
32955,4907722,64,4907786
32956,4907832,93,4907925
32957,4908168,11,4908179
32958,4908201,28,4908229
32959,4908230,5,4908235
32960,4908302,9,4908311
32961,4908356,36,4908392
32962,4908570,34,4908604
32963,4908653,63,4908716
32964,4908745,2,4908747
32965,4908785,40,4908825
32966,4909047,84,4909131
32967,4909189,13,4909202
32968,4909319,25,4909344
32969,4909428,8,4909436
32970,4909482,42,4909524
32971,4909613,4,4909617
32972,4909748,18,4909766
32973,4909894,8,4909902
32974,4910139,11,4910150
32975,4910216,12,4910228
32976,4910247,137,4910384
32977,4910428,51,4910479
32978,4910498,4,4910502
32979,4910630,37,4910667
32980,4910670,26,4910696
32981,4910698,4,4910702
32982,4910768,7,4910775
32983,4910833,9,4910842
32984,4910909,36,4910945
32985,4911012,88,4911100
32986,4911273,58,4911331
32987,4911432,17,4911449
32988,4911554,26,4911580
32989,4911662,42,4911704
32990,4911855,95,4911950
32991,4912011,89,4912100
32992,4912112,43,4912155
32993,4912510,182,4912692
32994,4912751,86,4912837
32995,4912863,29,4912892
32996,4912913,7,4912920
32997,4912954,94,4913048
32998,4913197,94,4913291
32999,4913467,145,4913612
33000,4913633,12,4913645
33001,4913805,40,4913845
33002,4914008,41,4914049
33003,4914242,29,4914271
33004,4914366,114,4914480
33005,4914600,69,4914669
33006,4914681,33,4914714
33007,4914804,53,4914857
33008,4914978,7,4914985
33009,4915055,32,4915087
33010,4915089,73,4915162
33011,4915221,90,4915311
33012,4915312,66,4915378
33013,4915382,11,4915393
33014,4915431,28,4915459
33015,4915634,5,4915639
33016,4915701,53,4915754
33017,4915777,7,4915784
33018,4915871,28,4915899
33019,4916155,121,4916276
33020,4916295,101,4916396
33021,4916401,5,4916406
33022,4916517,80,4916597
33023,4916706,4,4916710
33024,4916800,138,4916938
33025,4917005,56,4917061
33026,4917093,1,4917094
33027,4917142,19,4917161
33028,4917173,31,4917204
33029,4917372,49,4917421
33030,4917485,69,4917554
33031,4917578,7,4917585
33032,4917670,10,4917680
33033,4917740,11,4917751
33034,4917778,22,4917800
33035,4917889,84,4917973
33036,4918016,15,4918031
33037,4918146,44,4918190
33038,4918322,62,4918384
33039,4918571,108,4918679
33040,4918738,16,4918754
33041,4918769,246,4919015
33042,4919030,81,4919111
33043,4919134,21,4919155
33044,4919178,21,4919199
33045,4919483,114,4919597
33046,4919599,19,4919618
33047,4919811,13,4919824
33048,4919924,65,4919989
33049,4920064,13,4920077
33050,4920223,73,4920296
33051,4920304,24,4920328
33052,4920420,124,4920544
33053,4920613,5,4920618
33054,4920755,129,4920884
33055,4920911,24,4920935
33056,4920978,53,4921031
33057,4921120,37,4921157
33058,4921219,20,4921239
33059,4921270,8,4921278
33060,4921293,313,4921606
33061,4921860,53,4921913
33062,4921931,7,4921938
33063,4922078,87,4922165
33064,4922244,25,4922269
33065,4922294,27,4922321
33066,4922339,3,4922342
33067,4922885,23,4922908
33068,4923016,35,4923051
33069,4923305,57,4923362
33070,4923510,50,4923560
33071,4923734,107,4923841
33072,4923878,68,4923946
33073,4923958,2,4923960
33074,4923997,14,4924011
33075,4924179,24,4924203
33076,4924227,12,4924239
33077,4924284,10,4924294
33078,4924321,27,4924348
33079,4924446,20,4924466
33080,4924471,49,4924520
33081,4924532,16,4924548
33082,4924591,40,4924631
33083,4924713,59,4924772
33084,4924890,69,4924959
33085,4924995,5,4925000
33086,4925056,8,4925064
33087,4925199,47,4925246
33088,4925283,46,4925329
33089,4925445,2,4925447
33090,4925630,14,4925644
33091,4925651,74,4925725
33092,4925964,57,4926021
33093,4926036,36,4926072
33094,4926269,26,4926295
33095,4926312,13,4926325
33096,4926393,13,4926406
33097,4926487,16,4926503
33098,4926564,48,4926612
33099,4926647,1,4926648
33100,4926680,34,4926714
33101,4926907,215,4927122
33102,4927146,41,4927187
33103,4927575,17,4927592
33104,4927667,68,4927735
33105,4927868,16,4927884
33106,4927895,32,4927927
33107,4928100,77,4928177
33108,4928189,75,4928264
33109,4928276,20,4928296
33110,4928399,43,4928442
33111,4928614,95,4928709
33112,4928793,3,4928796
33113,4928864,27,4928891
33114,4928976,14,4928990
33115,4929020,29,4929049
33116,4929058,49,4929107
33117,4929111,33,4929144
33118,4929248,46,4929294
33119,4929301,14,4929315
33120,4929478,2,4929480
33121,4929713,5,4929718
33122,4929729,38,4929767
33123,4929855,75,4929930
33124,4930054,29,4930083
33125,4930245,61,4930306
33126,4930447,120,4930567
33127,4930593,205,4930798
33128,4930942,17,4930959
33129,4930995,49,4931044
33130,4931144,1,4931145
33131,4931273,105,4931378
33132,4931595,91,4931686
33133,4931690,20,4931710
33134,4931732,13,4931745
33135,4931812,15,4931827
33136,4931964,5,4931969
33137,4932247,56,4932303
33138,4932354,15,4932369
33139,4932374,18,4932392
33140,4932412,2,4932414
33141,4932559,105,4932664
33142,4932713,47,4932760
33143,4932779,53,4932832
33144,4932900,34,4932934
33145,4932957,33,4932990
33146,4933026,5,4933031
33147,4933167,33,4933200
33148,4933218,37,4933255
33149,4933306,48,4933354
33150,4933390,1,4933391
33151,4933426,11,4933437
33152,4933593,86,4933679
33153,4933918,51,4933969
33154,4934063,71,4934134
33155,4934224,2,4934226
33156,4934324,13,4934337
33157,4934364,43,4934407
33158,4934569,162,4934731
33159,4934779,76,4934855
33160,4934866,1,4934867
33161,4935093,43,4935136
33162,4935199,58,4935257
33163,4935526,98,4935624
33164,4935689,23,4935712
33165,4935870,111,4935981
33166,4936035,93,4936128
33167,4936319,2,4936321
33168,4936454,18,4936472
33169,4936484,6,4936490
33170,4936647,72,4936719
33171,4936769,45,4936814
33172,4936865,108,4936973
33173,4937059,5,4937064
33174,4937250,27,4937277
33175,4937337,57,4937394
33176,4937466,19,4937485
33177,4937493,15,4937508
33178,4937517,17,4937534
33179,4937601,64,4937665
33180,4937799,10,4937809
33181,4937880,63,4937943
33182,4938008,60,4938068
33183,4938132,122,4938254
33184,4938370,36,4938406
33185,4938613,14,4938627
33186,4938678,33,4938711
33187,4938830,6,4938836
33188,4939344,4,4939348
33189,4939406,40,4939446
33190,4939450,89,4939539
33191,4939765,7,4939772
33192,4939886,73,4939959
33193,4940009,110,4940119
33194,4940157,101,4940258
33195,4940268,47,4940315
33196,4940386,63,4940449
33197,4940460,168,4940628
33198,4940642,19,4940661
33199,4940681,64,4940745
33200,4940795,82,4940877
33201,4940914,92,4941006
33202,4941076,4,4941080
33203,4941283,112,4941395
33204,4941505,26,4941531
33205,4941781,9,4941790
33206,4941820,21,4941841
33207,4941926,89,4942015
33208,4942050,16,4942066
33209,4942126,32,4942158
33210,4942167,195,4942362
33211,4942400,118,4942518
33212,4942530,1,4942531
33213,4942562,23,4942585
33214,4942600,15,4942615
33215,4942649,133,4942782
33216,4942917,50,4942967
33217,4943208,24,4943232
33218,4943363,1,4943364
33219,4943536,35,4943571
33220,4943960,22,4943982
33221,4944023,41,4944064
33222,4944100,94,4944194
33223,4944196,5,4944201
33224,4944318,31,4944349
33225,4944389,25,4944414
33226,4944464,39,4944503
33227,4944606,15,4944621
33228,4944640,72,4944712
33229,4944724,54,4944778
33230,4944794,12,4944806
33231,4944807,5,4944812
33232,4945465,46,4945511
33233,4945515,35,4945550
33234,4945592,37,4945629
33235,4945635,137,4945772
33236,4945816,54,4945870
33237,4945910,53,4945963
33238,4946128,41,4946169
33239,4946627,24,4946651
33240,4946732,4,4946736
33241,4946904,9,4946913
33242,4947024,58,4947082
33243,4947183,48,4947231
33244,4947268,9,4947277
33245,4947286,62,4947348
33246,4947432,47,4947479
33247,4947483,65,4947548
33248,4947614,112,4947726
33249,4947952,11,4947963
33250,4948083,25,4948108
33251,4948181,12,4948193
33252,4948272,27,4948299
33253,4948510,95,4948605
33254,4948648,3,4948651
33255,4948689,75,4948764
33256,4949197,101,4949298
33257,4949341,71,4949412
33258,4949466,84,4949550
33259,4949637,12,4949649
33260,4949770,49,4949819
33261,4949840,29,4949869
33262,4950002,6,4950008
33263,4950066,6,4950072
33264,4950187,13,4950200
33265,4950302,20,4950322
33266,4950407,133,4950540
33267,4950694,36,4950730
33268,4950834,89,4950923
33269,4950958,152,4951110
33270,4951138,78,4951216
33271,4951318,19,4951337
33272,4951485,31,4951516
33273,4951581,15,4951596
33274,4951746,14,4951760
33275,4951876,95,4951971
33276,4952038,61,4952099
33277,4952338,3,4952341
33278,4952456,28,4952484
33279,4952524,90,4952614
33280,4952631,4,4952635
33281,4952862,36,4952898
33282,4952901,15,4952916
33283,4953000,64,4953064
33284,4953072,18,4953090
33285,4953382,12,4953394
33286,4953433,9,4953442
33287,4953526,77,4953603
33288,4953646,88,4953734
33289,4953742,167,4953909
33290,4953951,10,4953961
33291,4954113,64,4954177
33292,4954603,15,4954618
33293,4954632,5,4954637
33294,4954924,71,4954995
33295,4955472,9,4955481
33296,4955609,61,4955670
33297,4955761,80,4955841
33298,4955888,21,4955909
33299,4956018,31,4956049
33300,4956396,4,4956400
33301,4956413,70,4956483
33302,4956566,11,4956577
33303,4956600,93,4956693
33304,4956752,31,4956783
33305,4956877,10,4956887
33306,4956988,42,4957030
33307,4957040,47,4957087
33308,4957150,101,4957251
33309,4957292,58,4957350
33310,4957404,42,4957446
33311,4957581,117,4957698
33312,4957960,3,4957963
33313,4958761,104,4958865
33314,4958876,45,4958921
33315,4959077,6,4959083
33316,4959147,54,4959201
33317,4959318,65,4959383
33318,4959440,8,4959448
33319,4959505,44,4959549
33320,4959585,32,4959617
33321,4959624,65,4959689
33322,4960009,61,4960070
33323,4960136,92,4960228
33324,4960229,49,4960278
33325,4960320,65,4960385
33326,4960426,99,4960525
33327,4960571,15,4960586
33328,4960704,170,4960874
33329,4960997,30,4961027
33330,4961181,156,4961337
33331,4961361,151,4961512
33332,4961564,10,4961574
33333,4961592,2,4961594
33334,4961605,5,4961610
33335,4961643,55,4961698
33336,4961805,34,4961839
33337,4961941,36,4961977
33338,4961995,29,4962024
33339,4962205,47,4962252
33340,4962265,45,4962310
33341,4962386,2,4962388
33342,4962573,25,4962598
33343,4962873,90,4962963
33344,4962964,48,4963012
33345,4963062,17,4963079
33346,4963148,14,4963162
33347,4963202,44,4963246
33348,4963268,14,4963282
33349,4963542,163,4963705
33350,4963938,37,4963975
33351,4964039,6,4964045
33352,4964126,23,4964149
33353,4964178,37,4964215
33354,4964318,4,4964322
33355,4964330,80,4964410
33356,4964678,8,4964686
33357,4964893,22,4964915
33358,4965077,222,4965299
33359,4965306,60,4965366
33360,4965704,42,4965746
33361,4965853,32,4965885
33362,4965969,44,4966013
33363,4966057,12,4966069
33364,4966079,16,4966095
33365,4966190,21,4966211
33366,4966288,68,4966356
33367,4966516,3,4966519
33368,4966878,12,4966890
33369,4966982,1,4966983
33370,4967072,35,4967107
33371,4967428,2,4967430
33372,4967690,39,4967729
33373,4967789,62,4967851
33374,4968005,46,4968051
33375,4968407,10,4968417
33376,4968438,49,4968487
33377,4968521,73,4968594
33378,4968636,4,4968640
33379,4968743,30,4968773
33380,4968819,39,4968858
33381,4968860,30,4968890
33382,4969116,25,4969141
33383,4969194,19,4969213
33384,4969241,58,4969299
33385,4969303,103,4969406
33386,4969570,77,4969647
33387,4969743,35,4969778
33388,4969917,77,4969994
33389,4970006,7,4970013
33390,4970021,1,4970022
33391,4970129,83,4970212
33392,4970356,142,4970498
33393,4970510,9,4970519
33394,4970539,47,4970586
33395,4970661,29,4970690
33396,4970783,66,4970849
33397,4970870,39,4970909
33398,4970982,27,4971009
33399,4971138,83,4971221
33400,4971250,4,4971254
33401,4971326,23,4971349
33402,4971468,3,4971471
33403,4971498,63,4971561
33404,4971723,122,4971845
33405,4972016,56,4972072
33406,4972098,155,4972253
33407,4972323,11,4972334
33408,4972364,17,4972381
33409,4972394,8,4972402
33410,4972455,44,4972499
33411,4972517,63,4972580
33412,4972622,156,4972778
33413,4972842,52,4972894
33414,4972905,107,4973012
33415,4973026,22,4973048
33416,4973055,96,4973151
33417,4973250,8,4973258
33418,4973324,8,4973332
33419,4973346,43,4973389
33420,4973493,8,4973501
33421,4973749,24,4973773
33422,4973775,5,4973780
33423,4974003,18,4974021
33424,4974371,39,4974410
33425,4974436,47,4974483
33426,4974560,126,4974686
33427,4974717,74,4974791
33428,4974851,44,4974895
33429,4975006,21,4975027
33430,4975081,2,4975083
33431,4975195,3,4975198
33432,4975241,27,4975268
33433,4975275,3,4975278
33434,4975449,44,4975493
33435,4975687,102,4975789
33436,4975848,49,4975897
33437,4975923,9,4975932
33438,4975951,176,4976127
33439,4976162,44,4976206
33440,4976252,27,4976279
33441,4976311,10,4976321
33442,4976429,79,4976508
33443,4976545,4,4976549
33444,4976748,22,4976770
33445,4977160,17,4977177
33446,4977209,89,4977298
33447,4977438,53,4977491
33448,4977523,19,4977542
33449,4977545,100,4977645
33450,4977693,46,4977739
33451,4977888,70,4977958
33452,4978272,34,4978306
33453,4978308,31,4978339
33454,4978342,20,4978362
33455,4978406,6,4978412
33456,4978606,14,4978620
33457,4978656,9,4978665
33458,4978941,42,4978983
33459,4978986,29,4979015
33460,4979298,13,4979311
33461,4979508,18,4979526
33462,4979569,7,4979576
33463,4979604,7,4979611
33464,4979707,18,4979725
33465,4979784,30,4979814
33466,4979933,54,4979987
33467,4979995,7,4980002
33468,4980095,32,4980127
33469,4980216,87,4980303
33470,4980325,41,4980366
33471,4980591,28,4980619
33472,4980622,5,4980627
33473,4980637,6,4980643
33474,4980740,76,4980816
33475,4980883,75,4980958
33476,4980963,11,4980974
33477,4981234,62,4981296
33478,4981450,3,4981453
33479,4981472,15,4981487
33480,4981535,151,4981686
33481,4981836,17,4981853
33482,4981883,88,4981971
33483,4982462,100,4982562
33484,4982903,88,4982991
33485,4982992,25,4983017
33486,4983175,45,4983220
33487,4983281,80,4983361
33488,4983451,22,4983473
33489,4983486,15,4983501
33490,4983751,40,4983791
33491,4983814,77,4983891
33492,4983978,73,4984051
33493,4984115,9,4984124
33494,4984312,73,4984385
33495,4984497,65,4984562
33496,4984693,18,4984711
33497,4984748,38,4984786
33498,4984923,50,4984973
33499,4985118,18,4985136
33500,4985294,78,4985372
33501,4985486,2,4985488
33502,4985530,51,4985581
33503,4985627,142,4985769
33504,4985975,145,4986120
33505,4986168,8,4986176
33506,4986227,8,4986235
33507,4986326,11,4986337
33508,4986560,16,4986576
33509,4986620,30,4986650
33510,4986659,2,4986661
33511,4986758,38,4986796
33512,4986914,56,4986970
33513,4986983,3,4986986
33514,4986995,5,4987000
33515,4987205,5,4987210
33516,4987508,56,4987564
33517,4987711,44,4987755
33518,4987815,110,4987925
33519,4988273,59,4988332
33520,4988354,96,4988450
33521,4988674,91,4988765
33522,4988817,39,4988856
33523,4988908,9,4988917
33524,4989014,34,4989048
33525,4989702,36,4989738
33526,4989815,5,4989820
33527,4990000,4,4990004
33528,4990033,23,4990056
33529,4990064,21,4990085
33530,4990168,16,4990184
33531,4990224,112,4990336
33532,4990338,20,4990358
33533,4990406,24,4990430
33534,4990450,44,4990494
33535,4990511,80,4990591
33536,4990734,33,4990767
33537,4990841,39,4990880
33538,4991212,23,4991235
33539,4991301,16,4991317
33540,4991330,11,4991341
33541,4991365,19,4991384
33542,4991415,81,4991496
33543,4991588,39,4991627
33544,4991683,53,4991736
33545,4991776,195,4991971
33546,4992025,35,4992060
33547,4992368,1,4992369
33548,4992544,11,4992555
33549,4992565,6,4992571
33550,4992671,24,4992695
33551,4992825,25,4992850
33552,4992853,33,4992886
33553,4993408,11,4993419
33554,4993460,11,4993471
33555,4993915,12,4993927
33556,4993935,31,4993966
33557,4993988,15,4994003
33558,4994157,11,4994168
33559,4994319,13,4994332
33560,4994406,5,4994411
33561,4994453,28,4994481
33562,4994507,47,4994554
33563,4994921,11,4994932
33564,4994965,19,4994984
33565,4995022,24,4995046
33566,4995114,34,4995148
33567,4995153,7,4995160
33568,4995198,113,4995311
33569,4995320,37,4995357
33570,4995414,96,4995510
33571,4995632,33,4995665
33572,4995721,9,4995730
33573,4995797,36,4995833
33574,4995854,233,4996087
33575,4996135,16,4996151
33576,4996192,13,4996205
33577,4996223,51,4996274
33578,4996306,20,4996326
33579,4996365,31,4996396
33580,4996415,7,4996422
33581,4996430,112,4996542
33582,4996601,55,4996656
33583,4996709,8,4996717
33584,4996806,12,4996818
33585,4996867,24,4996891
33586,4996902,39,4996941
33587,4997087,59,4997146
33588,4997187,323,4997510
33589,4997656,4,4997660
33590,4997755,4,4997759
33591,4997778,11,4997789
33592,4998028,40,4998068
33593,4998108,2,4998110
33594,4998278,42,4998320
33595,4998342,103,4998445
33596,4998535,25,4998560
33597,4998615,6,4998621
33598,4998712,124,4998836
33599,4998837,21,4998858
33600,4998869,44,4998913
33601,4998930,46,4998976
33602,4999125,41,4999166
33603,4999201,92,4999293
33604,4999476,95,4999571
33605,4999630,67,4999697
33606,4999927,29,4999956
