,Start,Duration,End
0,293,4,297
1,352,4,356
2,400,95,495
3,497,3,500
4,552,23,575
5,621,11,632
6,633,19,652
7,682,12,694
8,704,12,716
9,915,68,983
10,984,5,989
11,1477,19,1496
12,1512,10,1522
13,1644,27,1671
14,1681,22,1703
15,1778,36,1814
16,1851,9,1860
17,2135,13,2148
18,2202,44,2246
19,2347,22,2369
20,2381,1,2382
21,2437,9,2446
22,2472,8,2480
23,2517,37,2554
24,2658,4,2662
25,2877,26,2903
26,3039,42,3081
27,3092,3,3095
28,3150,10,3160
29,3273,5,3278
30,3286,20,3306
31,3405,9,3414
32,4037,7,4044
33,4257,7,4264
34,4388,5,4393
35,4404,13,4417
36,4452,48,4500
37,4802,7,4809
38,4854,16,4870
39,4917,14,4931
40,5137,67,5204
41,5351,6,5357
42,5387,14,5401
43,5527,32,5559
44,5637,25,5662
45,5800,10,5810
46,5938,6,5944
47,5950,40,5990
48,6159,3,6162
49,6182,17,6199
50,6234,21,6255
51,6314,9,6323
52,6345,19,6364
53,6478,2,6480
54,6599,12,6611
55,6760,79,6839
56,6891,4,6895
57,6896,33,6929
58,6957,12,6969
59,7149,6,7155
60,7612,16,7628
61,7640,89,7729
62,7759,24,7783
63,7961,77,8038
64,8126,2,8128
65,8155,17,8172
66,8264,62,8326
67,8332,9,8341
68,8417,49,8466
69,8587,21,8608
70,9087,9,9096
71,9122,10,9132
72,9508,33,9541
73,9627,2,9629
74,9669,14,9683
75,9817,12,9829
76,9925,22,9947
77,9966,107,10073
78,10244,2,10246
79,10268,7,10275
80,10506,37,10543
81,10557,1,10558
82,10597,4,10601
83,10918,25,10943
84,11012,7,11019
85,11185,15,11200
86,11476,2,11478
87,11665,5,11670
88,12128,11,12139
89,12173,48,12221
90,12435,15,12450
91,12605,9,12614
92,12643,7,12650
93,13006,4,13010
94,13026,1,13027
95,13058,6,13064
96,13090,72,13162
97,13168,16,13184
98,13385,17,13402
99,13523,13,13536
100,13654,6,13660
101,13798,1,13799
102,13901,50,13951
103,14027,21,14048
104,14181,2,14183
105,14344,22,14366
106,14546,8,14554
107,14563,15,14578
108,14617,37,14654
109,14726,27,14753
110,14947,35,14982
111,15016,20,15036
112,15164,50,15214
113,15274,10,15284
114,15496,30,15526
115,15723,2,15725
116,15728,3,15731
117,15799,9,15808
118,15848,7,15855
119,16039,43,16082
120,16231,40,16271
121,16475,10,16485
122,16563,57,16620
123,16676,65,16741
124,16923,13,16936
125,17176,3,17179
126,17209,68,17277
127,17325,4,17329
128,17456,12,17468
129,17827,4,17831
130,17840,8,17848
131,17949,10,17959
132,18025,17,18042
133,18223,9,18232
134,18271,58,18329
135,18348,6,18354
136,18398,3,18401
137,18468,36,18504
138,18542,35,18577
139,18627,19,18646
140,18707,60,18767
141,18895,74,18969
142,19032,10,19042
143,19109,2,19111
144,19215,26,19241
145,19283,1,19284
146,19668,7,19675
147,19893,2,19895
148,20039,45,20084
149,20109,14,20123
150,20193,6,20199
151,20268,60,20328
152,20372,6,20378
153,20536,60,20596
154,20825,15,20840
155,20986,12,20998
156,21384,49,21433
157,21552,9,21561
158,21641,1,21642
159,21785,1,21786
160,22153,17,22170
161,22314,23,22337
162,22401,33,22434
163,22437,35,22472
164,22639,4,22643
165,22723,65,22788
166,22804,5,22809
167,22944,9,22953
168,23257,6,23263
169,23320,14,23334
170,23433,13,23446
171,23623,1,23624
172,23695,22,23717
173,23755,28,23783
174,23876,45,23921
175,24149,20,24169
176,24184,4,24188
177,24200,1,24201
178,24414,34,24448
179,24537,14,24551
180,24885,26,24911
181,24979,3,24982
182,25086,15,25101
183,25510,63,25573
184,25605,7,25612
185,25821,16,25837
186,25878,13,25891
187,25914,6,25920
188,26054,35,26089
189,26158,4,26162
190,26226,11,26237
191,26250,11,26261
192,26530,68,26598
193,26608,14,26622
194,26636,17,26653
195,26733,11,26744
196,26909,21,26930
197,27022,16,27038
198,27332,17,27349
199,27512,20,27532
200,27896,2,27898
201,27983,11,27994
202,27996,18,28014
203,28027,22,28049
204,28222,35,28257
205,28278,5,28283
206,28370,3,28373
207,28527,14,28541
208,28576,49,28625
209,28674,2,28676
210,28910,12,28922
211,28929,31,28960
212,28970,32,29002
213,29013,23,29036
214,29080,14,29094
215,29305,1,29306
216,29389,10,29399
217,29430,2,29432
218,29486,40,29526
219,29731,32,29763
220,30218,31,30249
221,30285,15,30300
222,30321,37,30358
223,30439,44,30483
224,30588,9,30597
225,30651,8,30659
226,30715,24,30739
227,30754,28,30782
228,30864,1,30865
229,30995,5,31000
230,31096,14,31110
231,31417,33,31450
232,31770,12,31782
233,31791,35,31826
234,31875,9,31884
235,31918,17,31935
236,32012,4,32016
237,32033,26,32059
238,32093,48,32141
239,32166,24,32190
240,32310,50,32360
241,32532,10,32542
242,32565,15,32580
243,32770,15,32785
244,32890,4,32894
245,32977,9,32986
246,33157,66,33223
247,33443,13,33456
248,33515,3,33518
249,33649,5,33654
250,33759,19,33778
251,33786,11,33797
252,33928,69,33997
253,34269,18,34287
254,34408,14,34422
255,34431,29,34460
256,34585,18,34603
257,34764,5,34769
258,34774,96,34870
259,34908,23,34931
260,34934,14,34948
261,34961,59,35020
262,35414,29,35443
263,35582,2,35584
264,35878,2,35880
265,36100,25,36125
266,36364,21,36385
267,36449,19,36468
268,36520,5,36525
269,36539,2,36541
270,36585,69,36654
271,36748,16,36764
272,36807,11,36818
273,37223,57,37280
274,37352,40,37392
275,37408,43,37451
276,37547,12,37559
277,37790,11,37801
278,38085,14,38099
279,38164,4,38168
280,38558,2,38560
281,38656,12,38668
282,38881,21,38902
283,39063,34,39097
284,39176,3,39179
285,39248,19,39267
286,39289,7,39296
287,39422,30,39452
288,39633,13,39646
289,39791,28,39819
290,39897,3,39900
291,39949,29,39978
292,39983,45,40028
293,40163,11,40174
294,40343,26,40369
295,40661,1,40662
296,40703,51,40754
297,40856,27,40883
298,40982,14,40996
299,41087,3,41090
300,41160,3,41163
301,41215,16,41231
302,41243,6,41249
303,41366,2,41368
304,41524,2,41526
305,41709,45,41754
306,41845,33,41878
307,42021,25,42046
308,42113,16,42129
309,42208,3,42211
310,42343,42,42385
311,42512,54,42566
312,42634,72,42706
313,42719,20,42739
314,42783,1,42784
315,42825,35,42860
316,42947,3,42950
317,43076,22,43098
318,43258,15,43273
319,43399,28,43427
320,43545,45,43590
321,43887,30,43917
322,43988,4,43992
323,44029,45,44074
324,44262,31,44293
325,44312,13,44325
326,44327,2,44329
327,44380,18,44398
328,44425,56,44481
329,44606,1,44607
330,44688,3,44691
331,44737,13,44750
332,44934,20,44954
333,45009,5,45014
334,45018,15,45033
335,45052,9,45061
336,45071,53,45124
337,45239,2,45241
338,45245,9,45254
339,45311,4,45315
340,45378,19,45397
341,45504,1,45505
342,45707,1,45708
343,45755,10,45765
344,45916,5,45921
345,45940,47,45987
346,46048,58,46106
347,46174,48,46222
348,46233,10,46243
349,46380,25,46405
350,46631,66,46697
351,46770,25,46795
352,46855,19,46874
353,46959,45,47004
354,47290,2,47292
355,47312,26,47338
356,47471,25,47496
357,47550,9,47559
358,47675,23,47698
359,47792,10,47802
360,47892,29,47921
361,48256,116,48372
362,48483,11,48494
363,48566,56,48622
364,48690,16,48706
365,48885,11,48896
366,48903,3,48906
367,48947,11,48958
368,49029,64,49093
369,49115,1,49116
370,49124,17,49141
371,49180,2,49182
372,49336,17,49353
373,49412,11,49423
374,49535,15,49550
375,49771,30,49801
376,49814,28,49842
377,49907,39,49946
378,49989,71,50060
379,50079,21,50100
380,50180,20,50200
381,50284,15,50299
382,50306,28,50334
383,50773,12,50785
384,50842,29,50871
385,50983,1,50984
386,51029,4,51033
387,51048,23,51071
388,51080,27,51107
389,51181,77,51258
390,51383,34,51417
391,51427,8,51435
392,51468,1,51469
393,51481,16,51497
394,51538,5,51543
395,51802,3,51805
396,51975,9,51984
397,52094,22,52116
398,52285,5,52290
399,52356,23,52379
400,52487,37,52524
401,52721,75,52796
402,52902,9,52911
403,53166,27,53193
404,53196,6,53202
405,53251,31,53282
406,53361,33,53394
407,53439,6,53445
408,53481,35,53516
409,53537,19,53556
410,53665,19,53684
411,53727,24,53751
412,53837,15,53852
413,53876,37,53913
414,53918,8,53926
415,53934,3,53937
416,54015,29,54044
417,54059,2,54061
418,54246,35,54281
419,54486,20,54506
420,54568,44,54612
421,54718,8,54726
422,54771,6,54777
423,54942,35,54977
424,54988,16,55004
425,55036,44,55080
426,55096,20,55116
427,55162,5,55167
428,55173,48,55221
429,55333,30,55363
430,55369,36,55405
431,55547,1,55548
432,55600,2,55602
433,55703,34,55737
434,56019,33,56052
435,56148,14,56162
436,56459,37,56496
437,56505,1,56506
438,56552,32,56584
439,56638,15,56653
440,56790,12,56802
441,56885,33,56918
442,56993,71,57064
443,57326,19,57345
444,57365,44,57409
445,57415,6,57421
446,57561,23,57584
447,57627,11,57638
448,57672,1,57673
449,57693,7,57700
450,57912,5,57917
451,57931,5,57936
452,58041,19,58060
453,58073,17,58090
454,58149,5,58154
455,58170,15,58185
456,58273,10,58283
457,58328,1,58329
458,58502,4,58506
459,58549,3,58552
460,58694,1,58695
461,58784,5,58789
462,58871,65,58936
463,58996,9,59005
464,59058,24,59082
465,59140,1,59141
466,59217,1,59218
467,59384,35,59419
468,59472,31,59503
469,59602,53,59655
470,59681,8,59689
471,59704,10,59714
472,59828,14,59842
473,60013,26,60039
474,60044,10,60054
475,60209,2,60211
476,60310,19,60329
477,60419,15,60434
478,60435,23,60458
479,60531,1,60532
480,60763,28,60791
481,60953,53,61006
482,61066,18,61084
483,61085,20,61105
484,61299,1,61300
485,61315,1,61316
486,61494,15,61509
487,61599,4,61603
488,61695,12,61707
489,61721,15,61736
490,61739,8,61747
491,61810,20,61830
492,61928,9,61937
493,61982,49,62031
494,62077,18,62095
495,62167,25,62192
496,62219,25,62244
497,62264,5,62269
498,62486,2,62488
499,62605,18,62623
500,62833,9,62842
501,62960,1,62961
502,62987,14,63001
503,63085,4,63089
504,63108,28,63136
505,63259,7,63266
506,63522,2,63524
507,64008,38,64046
508,64145,41,64186
509,64213,42,64255
510,64268,14,64282
511,64580,4,64584
512,64640,6,64646
513,64766,2,64768
514,65005,20,65025
515,65069,6,65075
516,65144,79,65223
517,65625,5,65630
518,65829,11,65840
519,65865,6,65871
520,65958,7,65965
521,65997,15,66012
522,66040,7,66047
523,66268,30,66298
524,66371,16,66387
525,66457,16,66473
526,66572,3,66575
527,66595,18,66613
528,66683,66,66749
529,66764,30,66794
530,66824,16,66840
531,66904,3,66907
532,66923,6,66929
533,66941,73,67014
534,67188,9,67197
535,67226,29,67255
536,67723,3,67726
537,67780,34,67814
538,68104,55,68159
539,68193,4,68197
540,68223,18,68241
541,68283,1,68284
542,68305,12,68317
543,68325,20,68345
544,68358,2,68360
545,68369,3,68372
546,68427,22,68449
547,68470,22,68492
548,68511,65,68576
549,68740,20,68760
550,69060,28,69088
551,69105,10,69115
552,69126,3,69129
553,69247,5,69252
554,69271,3,69274
555,69367,5,69372
556,69377,4,69381
557,69499,36,69535
558,69639,32,69671
559,69678,11,69689
560,69798,42,69840
561,69931,1,69932
562,70052,43,70095
563,70157,27,70184
564,70574,22,70596
565,70646,4,70650
566,71154,24,71178
567,71179,1,71180
568,71366,2,71368
569,71545,11,71556
570,71577,19,71596
571,71889,9,71898
572,71981,2,71983
573,72097,3,72100
574,72172,63,72235
575,72414,38,72452
576,72597,17,72614
577,72672,27,72699
578,72932,24,72956
579,73031,21,73052
580,73120,24,73144
581,73270,29,73299
582,73456,54,73510
583,73523,70,73593
584,73783,12,73795
585,74105,1,74106
586,74147,20,74167
587,74224,3,74227
588,74304,8,74312
589,74476,7,74483
590,74641,17,74658
591,74745,8,74753
592,74821,2,74823
593,74952,5,74957
594,75146,20,75166
595,75174,5,75179
596,75189,13,75202
597,75289,12,75301
598,75435,100,75535
599,75716,7,75723
600,75870,9,75879
601,76159,5,76164
602,76311,49,76360
603,76391,10,76401
604,76688,26,76714
605,76773,59,76832
606,76886,27,76913
607,76921,6,76927
608,76953,9,76962
609,77048,34,77082
610,77372,23,77395
611,77455,4,77459
612,77463,40,77503
613,77614,4,77618
614,77654,4,77658
615,77666,6,77672
616,77748,1,77749
617,77787,2,77789
618,78001,8,78009
619,78233,59,78292
620,78375,31,78406
621,78407,9,78416
622,78599,3,78602
623,78661,12,78673
624,78678,18,78696
625,79208,1,79209
626,79233,3,79236
627,79582,11,79593
628,79851,25,79876
629,80026,36,80062
630,80158,25,80183
631,80224,29,80253
632,80343,12,80355
633,80609,11,80620
634,80696,9,80705
635,80843,24,80867
636,80973,14,80987
637,81026,20,81046
638,81190,6,81196
639,81266,71,81337
640,81388,11,81399
641,81579,22,81601
642,81671,9,81680
643,81831,33,81864
644,81912,1,81913
645,82073,36,82109
646,82128,1,82129
647,82186,12,82198
648,82208,22,82230
649,82385,10,82395
650,82411,2,82413
651,82905,4,82909
652,82951,13,82964
653,83085,23,83108
654,83208,9,83217
655,83474,76,83550
656,83568,26,83594
657,83687,66,83753
658,83910,13,83923
659,83938,30,83968
660,83971,40,84011
661,84026,11,84037
662,84095,6,84101
663,84183,82,84265
664,84552,1,84553
665,84797,1,84798
666,84904,2,84906
667,85142,17,85159
668,85328,2,85330
669,85386,19,85405
670,85427,5,85432
671,85478,27,85505
672,85509,64,85573
673,85682,1,85683
674,85867,7,85874
675,85884,27,85911
676,86006,9,86015
677,86282,33,86315
678,86323,2,86325
679,86360,26,86386
680,86671,17,86688
681,86717,3,86720
682,86819,18,86837
683,86944,27,86971
684,86980,35,87015
685,87395,19,87414
686,87614,8,87622
687,87833,11,87844
688,88000,33,88033
689,88077,4,88081
690,88155,4,88159
691,88169,19,88188
692,88258,12,88270
693,88335,21,88356
694,88505,2,88507
695,88569,6,88575
696,88611,27,88638
697,88784,15,88799
698,88806,15,88821
699,88839,15,88854
700,88935,4,88939
701,88951,27,88978
702,88993,4,88997
703,89093,5,89098
704,89104,3,89107
705,89276,7,89283
706,89469,6,89475
707,89583,4,89587
708,89628,13,89641
709,89789,5,89794
710,89796,21,89817
711,89854,10,89864
712,90054,46,90100
713,90201,25,90226
714,90303,19,90322
715,90380,10,90390
716,90424,2,90426
717,90555,22,90577
718,90703,24,90727
719,90734,9,90743
720,90761,41,90802
721,90834,38,90872
722,90873,18,90891
723,91042,58,91100
724,91199,15,91214
725,91264,49,91313
726,91482,3,91485
727,91545,1,91546
728,91657,13,91670
729,91704,38,91742
730,91747,5,91752
731,91885,4,91889
732,92002,4,92006
733,92049,16,92065
734,92198,3,92201
735,92213,8,92221
736,92300,4,92304
737,92424,23,92447
738,92499,39,92538
739,92615,24,92639
740,92662,20,92682
741,92784,5,92789
742,92882,22,92904
743,92996,20,93016
744,93120,7,93127
745,93134,20,93154
746,93196,5,93201
747,93413,42,93455
748,93691,17,93708
749,93879,17,93896
750,94236,38,94274
751,94431,15,94446
752,94763,66,94829
753,94854,11,94865
754,94905,7,94912
755,94914,22,94936
756,94942,62,95004
757,95097,46,95143
758,95343,22,95365
759,95376,47,95423
760,95430,2,95432
761,95604,4,95608
762,95622,4,95626
763,95628,21,95649
764,95653,3,95656
765,95869,23,95892
766,95899,17,95916
767,96108,22,96130
768,96370,1,96371
769,96460,6,96466
770,96607,6,96613
771,96734,12,96746
772,96754,28,96782
773,96848,18,96866
774,96935,24,96959
775,97067,12,97079
776,97320,14,97334
777,97514,108,97622
778,97670,23,97693
779,97764,18,97782
780,97791,6,97797
781,97974,25,97999
782,98026,12,98038
783,98311,8,98319
784,98449,59,98508
785,98605,22,98627
786,98688,10,98698
787,98816,6,98822
788,98918,1,98919
789,99104,55,99159
790,99188,8,99196
791,99461,20,99481
792,99488,58,99546
793,99802,24,99826
794,99979,11,99990
795,100027,21,100048
796,100760,28,100788
797,101017,108,101125
798,101155,9,101164
799,101236,15,101251
800,101267,22,101289
801,101381,7,101388
802,101390,29,101419
803,101460,16,101476
804,101526,6,101532
805,101616,4,101620
806,101690,1,101691
807,101700,17,101717
808,101753,9,101762
809,101805,13,101818
810,101930,9,101939
811,102350,28,102378
812,102388,17,102405
813,102406,20,102426
814,102576,18,102594
815,102614,19,102633
816,102638,35,102673
817,102714,13,102727
818,102759,22,102781
819,102792,10,102802
820,102885,24,102909
821,102986,1,102987
822,103043,2,103045
823,103122,9,103131
824,103205,37,103242
825,103246,25,103271
826,103285,51,103336
827,103444,9,103453
828,103599,11,103610
829,103617,15,103632
830,103666,6,103672
831,103754,34,103788
832,103791,5,103796
833,103820,3,103823
834,103855,1,103856
835,104304,4,104308
836,104435,10,104445
837,104594,9,104603
838,104649,29,104678
839,105087,8,105095
840,105174,1,105175
841,105422,54,105476
842,105510,5,105515
843,105699,22,105721
844,105922,27,105949
845,105984,21,106005
846,106022,16,106038
847,106058,54,106112
848,106126,19,106145
849,106437,1,106438
850,106533,26,106559
851,106811,26,106837
852,106900,1,106901
853,106927,35,106962
854,107139,152,107291
855,107337,49,107386
856,107402,21,107423
857,107803,21,107824
858,108203,19,108222
859,108283,1,108284
860,108301,38,108339
861,108461,1,108462
862,108554,57,108611
863,108662,31,108693
864,108714,41,108755
865,108792,15,108807
866,108830,3,108833
867,109007,37,109044
868,109175,35,109210
869,109222,17,109239
870,109401,7,109408
871,109422,4,109426
872,109985,1,109986
873,110115,17,110132
874,110213,9,110222
875,110261,31,110292
876,110406,14,110420
877,110485,53,110538
878,110567,1,110568
879,110613,4,110617
880,110717,4,110721
881,110760,10,110770
882,110881,43,110924
883,110941,10,110951
884,110984,28,111012
885,111148,3,111151
886,111214,32,111246
887,111324,14,111338
888,111380,30,111410
889,111425,22,111447
890,111570,30,111600
891,111740,3,111743
892,111770,20,111790
893,111802,15,111817
894,111887,15,111902
895,111938,9,111947
896,111971,15,111986
897,112104,3,112107
898,112131,3,112134
899,112287,8,112295
900,112383,28,112411
901,112492,29,112521
902,112680,4,112684
903,112751,48,112799
904,112906,19,112925
905,112999,44,113043
906,113083,9,113092
907,113094,15,113109
908,113164,7,113171
909,113359,7,113366
910,113514,5,113519
911,113689,36,113725
912,113815,7,113822
913,113898,1,113899
914,113987,22,114009
915,114136,43,114179
916,114206,3,114209
917,114779,20,114799
918,114924,2,114926
919,115069,8,115077
920,115090,7,115097
921,115098,32,115130
922,115161,12,115173
923,115214,1,115215
924,115364,8,115372
925,115767,52,115819
926,116053,30,116083
927,116120,50,116170
928,116236,1,116237
929,116250,7,116257
930,116619,64,116683
931,116755,17,116772
932,117137,11,117148
933,117155,23,117178
934,117187,31,117218
935,117330,4,117334
936,117348,1,117349
937,117368,25,117393
938,117642,8,117650
939,117868,18,117886
940,117894,42,117936
941,118076,5,118081
942,118485,18,118503
943,118575,57,118632
944,118672,23,118695
945,118718,18,118736
946,118787,14,118801
947,119083,51,119134
948,119172,39,119211
949,119244,4,119248
950,119269,3,119272
951,119314,16,119330
952,119396,5,119401
953,119434,4,119438
954,119439,29,119468
955,119507,31,119538
956,119609,23,119632
957,119675,8,119683
958,119734,27,119761
959,119912,3,119915
960,119920,40,119960
961,120075,37,120112
962,120174,3,120177
963,120198,9,120207
964,120423,44,120467
965,120775,9,120784
966,121094,21,121115
967,121181,11,121192
968,121347,8,121355
969,121396,16,121412
970,121487,5,121492
971,121612,25,121637
972,121686,8,121694
973,122006,3,122009
974,122237,14,122251
975,122260,3,122263
976,122369,7,122376
977,122433,69,122502
978,122640,24,122664
979,122790,11,122801
980,123172,13,123185
981,123548,17,123565
982,123651,7,123658
983,123724,7,123731
984,124169,5,124174
985,124177,41,124218
986,124298,26,124324
987,124431,8,124439
988,124771,50,124821
989,125616,6,125622
990,125638,24,125662
991,125734,8,125742
992,125822,30,125852
993,125996,3,125999
994,126000,4,126004
995,126108,18,126126
996,126252,26,126278
997,126316,2,126318
998,126520,5,126525
999,126617,1,126618
1000,126635,46,126681
1001,126919,34,126953
1002,126998,49,127047
1003,127093,6,127099
1004,127256,10,127266
1005,127344,28,127372
1006,127537,9,127546
1007,127736,55,127791
1008,128006,22,128028
1009,128226,49,128275
1010,128335,64,128399
1011,128402,20,128422
1012,128426,25,128451
1013,128705,68,128773
1014,128777,28,128805
1015,128889,65,128954
1016,129031,1,129032
1017,129116,4,129120
1018,129170,42,129212
1019,129244,33,129277
1020,129352,17,129369
1021,129774,2,129776
1022,129832,16,129848
1023,130103,5,130108
1024,130269,13,130282
1025,130414,12,130426
1026,130443,34,130477
1027,130668,4,130672
1028,130679,1,130680
1029,130847,10,130857
1030,130942,30,130972
1031,131084,36,131120
1032,131155,73,131228
1033,131286,16,131302
1034,131414,21,131435
1035,131454,43,131497
1036,131537,19,131556
1037,131594,35,131629
1038,131643,17,131660
1039,131678,59,131737
1040,131772,5,131777
1041,131887,8,131895
1042,132036,1,132037
1043,132179,1,132180
1044,132307,38,132345
1045,132358,5,132363
1046,132548,17,132565
1047,132585,19,132604
1048,132655,15,132670
1049,133504,1,133505
1050,133542,23,133565
1051,133582,17,133599
1052,133608,19,133627
1053,133655,15,133670
1054,133739,6,133745
1055,133787,26,133813
1056,133817,2,133819
1057,133870,20,133890
1058,134026,14,134040
1059,134115,32,134147
1060,134167,2,134169
1061,134171,12,134183
1062,134316,5,134321
1063,134336,3,134339
1064,134369,51,134420
1065,134430,35,134465
1066,134682,20,134702
1067,134831,12,134843
1068,134878,13,134891
1069,134981,43,135024
1070,135129,12,135141
1071,135278,43,135321
1072,135350,25,135375
1073,135428,11,135439
1074,135465,5,135470
1075,135546,15,135561
1076,135789,1,135790
1077,136028,38,136066
1078,136206,13,136219
1079,136411,27,136438
1080,136550,1,136551
1081,136557,71,136628
1082,136844,4,136848
1083,137121,32,137153
1084,137202,36,137238
1085,137263,32,137295
1086,137390,36,137426
1087,137610,23,137633
1088,137736,9,137745
1089,137974,2,137976
1090,137983,24,138007
1091,138137,29,138166
1092,138191,67,138258
1093,138269,30,138299
1094,138306,29,138335
1095,138356,21,138377
1096,138467,1,138468
1097,138516,1,138517
1098,138535,8,138543
1099,138670,6,138676
1100,139118,60,139178
1101,139296,1,139297
1102,139300,18,139318
1103,139338,52,139390
1104,139397,9,139406
1105,139414,6,139420
1106,139442,5,139447
1107,139508,28,139536
1108,139538,10,139548
1109,139584,3,139587
1110,139765,11,139776
1111,139795,28,139823
1112,139824,15,139839
1113,139916,22,139938
1114,140159,42,140201
1115,140235,21,140256
1116,140358,8,140366
1117,140685,18,140703
1118,140830,11,140841
1119,140853,2,140855
1120,140899,36,140935
1121,141061,96,141157
1122,141179,27,141206
1123,141237,40,141277
1124,141435,7,141442
1125,141571,1,141572
1126,141722,7,141729
1127,141847,2,141849
1128,141955,12,141967
1129,142191,10,142201
1130,142312,25,142337
1131,142380,65,142445
1132,142798,21,142819
1133,142892,22,142914
1134,142925,7,142932
1135,143149,13,143162
1136,143469,10,143479
1137,143510,18,143528
1138,143604,17,143621
1139,143720,43,143763
1140,143828,7,143835
1141,143888,3,143891
1142,143945,35,143980
1143,144048,4,144052
1144,144109,25,144134
1145,144183,6,144189
1146,144195,36,144231
1147,144433,19,144452
1148,144508,1,144509
1149,144513,22,144535
1150,144626,39,144665
1151,144791,15,144806
1152,144991,30,145021
1153,145155,35,145190
1154,145205,22,145227
1155,145379,69,145448
1156,145469,27,145496
1157,145540,1,145541
1158,145658,7,145665
1159,146064,41,146105
1160,146177,73,146250
1161,146310,48,146358
1162,146549,12,146561
1163,146598,36,146634
1164,146997,3,147000
1165,147439,25,147464
1166,147744,24,147768
1167,147902,32,147934
1168,148250,4,148254
1169,148302,19,148321
1170,148394,20,148414
1171,148575,9,148584
1172,148673,3,148676
1173,148690,3,148693
1174,148774,45,148819
1175,148876,14,148890
1176,149078,3,149081
1177,149111,17,149128
1178,149150,6,149156
1179,149229,3,149232
1180,149250,7,149257
1181,149320,11,149331
1182,149365,2,149367
1183,149411,13,149424
1184,149431,20,149451
1185,149530,15,149545
1186,149732,30,149762
1187,149776,9,149785
1188,149931,2,149933
1189,150131,54,150185
1190,150190,14,150204
1191,150219,25,150244
1192,150313,19,150332
1193,150595,4,150599
1194,150721,6,150727
1195,150764,7,150771
1196,150911,13,150924
1197,150960,15,150975
1198,151000,7,151007
1199,151144,4,151148
1200,151241,1,151242
1201,151331,13,151344
1202,151397,11,151408
1203,151430,3,151433
1204,151486,6,151492
1205,151694,34,151728
1206,151972,10,151982
1207,151994,39,152033
1208,152126,2,152128
1209,152167,7,152174
1210,152201,7,152208
1211,152271,96,152367
1212,152805,2,152807
1213,153010,7,153017
1214,153210,9,153219
1215,153250,7,153257
1216,153278,6,153284
1217,153334,14,153348
1218,153489,6,153495
1219,153558,3,153561
1220,153788,15,153803
1221,153824,13,153837
1222,153930,61,153991
1223,154012,33,154045
1224,154047,10,154057
1225,154100,2,154102
1226,154131,1,154132
1227,154212,1,154213
1228,154431,15,154446
1229,154560,57,154617
1230,154709,22,154731
1231,154827,30,154857
1232,154867,7,154874
1233,154900,7,154907
1234,154922,3,154925
1235,155018,32,155050
1236,155107,2,155109
1237,155160,12,155172
1238,155247,1,155248
1239,155258,3,155261
1240,155332,18,155350
1241,155493,25,155518
1242,155523,8,155531
1243,155532,36,155568
1244,155678,49,155727
1245,155802,13,155815
1246,156056,14,156070
1247,156114,12,156126
1248,156176,34,156210
1249,156237,9,156246
1250,156266,38,156304
1251,156339,28,156367
1252,156370,3,156373
1253,156385,28,156413
1254,156536,3,156539
1255,156549,13,156562
1256,156614,20,156634
1257,156915,1,156916
1258,157113,18,157131
1259,157184,6,157190
1260,157220,7,157227
1261,157240,16,157256
1262,157316,6,157322
1263,157471,54,157525
1264,158075,4,158079
1265,158155,12,158167
1266,158274,8,158282
1267,158576,12,158588
1268,158655,22,158677
1269,158856,1,158857
1270,158890,4,158894
1271,159094,3,159097
1272,159197,6,159203
1273,159213,11,159224
1274,159237,3,159240
1275,159329,21,159350
1276,159360,14,159374
1277,159553,6,159559
1278,159767,5,159772
1279,159853,29,159882
1280,160267,8,160275
1281,160498,48,160546
1282,160671,37,160708
1283,160811,6,160817
1284,160999,10,161009
1285,161087,35,161122
1286,161181,55,161236
1287,161511,6,161517
1288,161550,27,161577
1289,161612,42,161654
1290,161703,23,161726
1291,161836,11,161847
1292,161879,62,161941
1293,162014,18,162032
1294,162321,22,162343
1295,162348,3,162351
1296,162360,15,162375
1297,162421,56,162477
1298,162737,9,162746
1299,162791,1,162792
1300,162920,35,162955
1301,163184,6,163190
1302,163243,5,163248
1303,163249,15,163264
1304,163292,42,163334
1305,163382,43,163425
1306,163481,27,163508
1307,163697,1,163698
1308,163742,4,163746
1309,163747,31,163778
1310,163837,3,163840
1311,163891,8,163899
1312,163902,39,163941
1313,163978,4,163982
1314,164149,4,164153
1315,164282,17,164299
1316,164344,17,164361
1317,164409,15,164424
1318,164433,4,164437
1319,164583,26,164609
1320,164763,10,164773
1321,164787,97,164884
1322,164918,14,164932
1323,164947,12,164959
1324,165035,56,165091
1325,165205,1,165206
1326,165224,5,165229
1327,165239,39,165278
1328,165323,12,165335
1329,165380,10,165390
1330,165524,68,165592
1331,165625,21,165646
1332,165680,5,165685
1333,165876,15,165891
1334,166024,29,166053
1335,166156,15,166171
1336,166386,87,166473
1337,166583,27,166610
1338,166650,3,166653
1339,166725,8,166733
1340,166844,22,166866
1341,166941,14,166955
1342,166998,14,167012
1343,167297,1,167298
1344,167470,32,167502
1345,167542,5,167547
1346,167559,68,167627
1347,167777,8,167785
1348,167847,40,167887
1349,168094,4,168098
1350,168143,8,168151
1351,168164,7,168171
1352,168351,3,168354
1353,168370,66,168436
1354,168572,18,168590
1355,168610,3,168613
1356,168656,2,168658
1357,168849,11,168860
1358,168944,39,168983
1359,169060,17,169077
1360,169086,8,169094
1361,169132,3,169135
1362,169199,73,169272
1363,169442,33,169475
1364,169479,30,169509
1365,169689,12,169701
1366,169795,11,169806
1367,169998,7,170005
1368,170061,36,170097
1369,170192,12,170204
1370,170249,17,170266
1371,170270,54,170324
1372,170583,6,170589
1373,170788,7,170795
1374,170831,15,170846
1375,170848,37,170885
1376,170964,28,170992
1377,171349,31,171380
1378,171388,5,171393
1379,171725,45,171770
1380,171828,21,171849
1381,172017,16,172033
1382,172092,8,172100
1383,172161,58,172219
1384,172448,9,172457
1385,172572,53,172625
1386,172947,19,172966
1387,173038,27,173065
1388,173231,34,173265
1389,173354,15,173369
1390,173510,3,173513
1391,173679,68,173747
1392,173819,17,173836
1393,174134,12,174146
1394,174186,48,174234
1395,174342,6,174348
1396,174560,1,174561
1397,174593,44,174637
1398,174761,22,174783
1399,174822,29,174851
1400,174980,50,175030
1401,175153,11,175164
1402,175206,10,175216
1403,175323,20,175343
1404,175812,10,175822
1405,176093,2,176095
1406,176131,28,176159
1407,176227,28,176255
1408,176335,3,176338
1409,176339,6,176345
1410,176404,10,176414
1411,176427,16,176443
1412,176461,39,176500
1413,176501,6,176507
1414,176621,13,176634
1415,176735,70,176805
1416,176878,5,176883
1417,177046,40,177086
1418,177471,10,177481
1419,177692,11,177703
1420,177860,55,177915
1421,177979,2,177981
1422,178198,20,178218
1423,178495,38,178533
1424,178685,2,178687
1425,178873,1,178874
1426,178998,92,179090
1427,179128,36,179164
1428,179192,5,179197
1429,179278,33,179311
1430,179520,28,179548
1431,179627,14,179641
1432,179885,28,179913
1433,179969,2,179971
1434,180017,15,180032
1435,180060,21,180081
1436,180133,31,180164
1437,180176,25,180201
1438,180406,10,180416
1439,180419,2,180421
1440,180441,7,180448
1441,180450,17,180467
1442,180511,18,180529
1443,180807,20,180827
1444,180898,8,180906
1445,180959,40,180999
1446,181118,17,181135
1447,181598,11,181609
1448,181619,13,181632
1449,181675,54,181729
1450,181971,24,181995
1451,182161,32,182193
1452,182198,11,182209
1453,182365,10,182375
1454,182391,2,182393
1455,182443,20,182463
1456,182794,12,182806
1457,183021,21,183042
1458,183117,7,183124
1459,183300,13,183313
1460,183387,50,183437
1461,183468,9,183477
1462,183525,9,183534
1463,183559,1,183560
1464,183604,1,183605
1465,183689,39,183728
1466,183964,10,183974
1467,184059,5,184064
1468,184081,19,184100
1469,184113,73,184186
1470,184265,16,184281
1471,184415,18,184433
1472,184462,4,184466
1473,184748,17,184765
1474,184886,11,184897
1475,184962,5,184967
1476,185092,14,185106
1477,185123,139,185262
1478,185269,30,185299
1479,185402,19,185421
1480,185495,27,185522
1481,185720,6,185726
1482,185954,56,186010
1483,186324,4,186328
1484,186384,30,186414
1485,186448,37,186485
1486,186709,17,186726
1487,186727,26,186753
1488,186785,50,186835
1489,186936,15,186951
1490,186995,1,186996
1491,187348,7,187355
1492,187372,1,187373
1493,187587,33,187620
1494,187644,17,187661
1495,187674,24,187698
1496,187890,30,187920
1497,188017,22,188039
1498,188399,14,188413
1499,188414,8,188422
1500,188515,10,188525
1501,188539,24,188563
1502,189115,44,189159
1503,189167,17,189184
1504,189193,3,189196
1505,189350,20,189370
1506,189438,26,189464
1507,189547,17,189564
1508,189643,22,189665
1509,189727,74,189801
1510,189939,6,189945
1511,190060,17,190077
1512,190100,12,190112
1513,190223,26,190249
1514,190336,2,190338
1515,190400,10,190410
1516,190447,15,190462
1517,190473,4,190477
1518,190653,11,190664
1519,190844,14,190858
1520,190987,16,191003
1521,191046,55,191101
1522,191204,24,191228
1523,191237,14,191251
1524,191275,23,191298
1525,191665,29,191694
1526,191735,10,191745
1527,192230,10,192240
1528,192302,34,192336
1529,192434,1,192435
1530,192563,4,192567
1531,192612,7,192619
1532,192634,18,192652
1533,193035,31,193066
1534,193121,37,193158
1535,193167,2,193169
1536,193260,32,193292
1537,193534,27,193561
1538,193607,6,193613
1539,193631,13,193644
1540,193646,3,193649
1541,193767,59,193826
1542,193871,6,193877
1543,193957,24,193981
1544,193997,11,194008
1545,194021,19,194040
1546,194104,32,194136
1547,194141,37,194178
1548,194433,27,194460
1549,194633,54,194687
1550,194804,6,194810
1551,194830,14,194844
1552,194848,3,194851
1553,194884,2,194886
1554,194892,109,195001
1555,195078,4,195082
1556,195124,7,195131
1557,195166,31,195197
1558,195304,7,195311
1559,195357,11,195368
1560,195429,20,195449
1561,195491,20,195511
1562,195547,35,195582
1563,195699,18,195717
1564,195810,26,195836
1565,195934,24,195958
1566,196150,31,196181
1567,196249,1,196250
1568,196297,49,196346
1569,196746,4,196750
1570,196755,29,196784
1571,196803,14,196817
1572,196843,36,196879
1573,196891,8,196899
1574,196912,4,196916
1575,197114,4,197118
1576,197179,7,197186
1577,197193,2,197195
1578,197214,10,197224
1579,197264,2,197266
1580,197268,89,197357
1581,197521,13,197534
1582,197570,1,197571
1583,197737,15,197752
1584,197784,35,197819
1585,198343,11,198354
1586,198529,2,198531
1587,198687,30,198717
1588,198849,4,198853
1589,198869,14,198883
1590,198911,71,198982
1591,199059,9,199068
1592,199079,13,199092
1593,199213,3,199216
1594,199322,37,199359
1595,199415,8,199423
1596,199494,28,199522
1597,199574,74,199648
1598,199681,1,199682
1599,200007,11,200018
1600,200301,31,200332
1601,200477,5,200482
1602,200662,23,200685
1603,200812,2,200814
1604,200979,25,201004
1605,201036,7,201043
1606,201110,10,201120
1607,201253,11,201264
1608,201672,17,201689
1609,201785,8,201793
1610,201817,9,201826
1611,201861,19,201880
1612,201900,21,201921
1613,201968,18,201986
1614,202012,13,202025
1615,202062,9,202071
1616,202106,32,202138
1617,202231,15,202246
1618,202347,16,202363
1619,202380,86,202466
1620,202469,5,202474
1621,202587,5,202592
1622,202638,6,202644
1623,202702,6,202708
1624,202748,71,202819
1625,202874,13,202887
1626,203024,12,203036
1627,203059,8,203067
1628,203195,6,203201
1629,203208,21,203229
1630,203658,17,203675
1631,203695,8,203703
1632,203718,9,203727
1633,203732,35,203767
1634,203917,66,203983
1635,204318,8,204326
1636,204361,37,204398
1637,204448,17,204465
1638,204903,7,204910
1639,204912,27,204939
1640,205089,4,205093
1641,205102,2,205104
1642,205140,31,205171
1643,205282,10,205292
1644,205368,29,205397
1645,205401,8,205409
1646,205547,38,205585
1647,205604,14,205618
1648,205647,2,205649
1649,205697,2,205699
1650,205747,41,205788
1651,205908,6,205914
1652,206137,34,206171
1653,206495,26,206521
1654,206649,27,206676
1655,206732,19,206751
1656,206850,6,206856
1657,207015,15,207030
1658,207073,6,207079
1659,207129,14,207143
1660,207248,22,207270
1661,207306,9,207315
1662,207368,9,207377
1663,207380,16,207396
1664,207557,9,207566
1665,207802,4,207806
1666,207870,47,207917
1667,207948,4,207952
1668,208009,21,208030
1669,208423,17,208440
1670,208444,51,208495
1671,208622,6,208628
1672,208644,1,208645
1673,208679,14,208693
1674,208960,22,208982
1675,209159,34,209193
1676,209365,46,209411
1677,209444,11,209455
1678,209582,22,209604
1679,209713,30,209743
1680,209857,14,209871
1681,209891,23,209914
1682,210000,6,210006
1683,210012,68,210080
1684,210133,4,210137
1685,210251,7,210258
1686,210319,49,210368
1687,210539,10,210549
1688,210567,49,210616
1689,210774,6,210780
1690,210811,12,210823
1691,210864,36,210900
1692,211086,3,211089
1693,211124,2,211126
1694,211135,1,211136
1695,211162,23,211185
1696,211524,11,211535
1697,211653,38,211691
1698,211709,19,211728
1699,211762,24,211786
1700,211944,6,211950
1701,212012,9,212021
1702,212086,10,212096
1703,212098,5,212103
1704,212483,43,212526
1705,212654,12,212666
1706,212729,4,212733
1707,212799,15,212814
1708,212951,64,213015
1709,213051,11,213062
1710,213105,27,213132
1711,213354,5,213359
1712,213465,2,213467
1713,213485,4,213489
1714,213555,22,213577
1715,213597,4,213601
1716,213638,3,213641
1717,213919,1,213920
1718,213953,6,213959
1719,213977,4,213981
1720,213992,21,214013
1721,214091,10,214101
1722,214178,14,214192
1723,214215,18,214233
1724,214274,23,214297
1725,214506,10,214516
1726,214682,2,214684
1727,214823,24,214847
1728,215179,47,215226
1729,215390,6,215396
1730,215446,2,215448
1731,215572,11,215583
1732,215745,13,215758
1733,215764,6,215770
1734,215906,33,215939
1735,216109,38,216147
1736,216179,39,216218
1737,216221,8,216229
1738,216256,5,216261
1739,216306,9,216315
1740,216411,13,216424
1741,216571,10,216581
1742,216588,1,216589
1743,216620,3,216623
1744,216749,6,216755
1745,216975,36,217011
1746,217060,2,217062
1747,217128,8,217136
1748,217274,1,217275
1749,217279,4,217283
1750,217494,68,217562
1751,217766,4,217770
1752,217791,13,217804
1753,217832,20,217852
1754,218107,15,218122
1755,218150,2,218152
1756,218194,7,218201
1757,218221,6,218227
1758,218325,4,218329
1759,218357,5,218362
1760,218382,7,218389
1761,218936,4,218940
1762,219025,77,219102
1763,219243,10,219253
1764,219537,16,219553
1765,219658,33,219691
1766,219743,1,219744
1767,219973,54,220027
1768,220039,17,220056
1769,220145,90,220235
1770,220273,8,220281
1771,220289,8,220297
1772,220345,10,220355
1773,220392,5,220397
1774,220615,32,220647
1775,220685,11,220696
1776,221163,11,221174
1777,221244,5,221249
1778,221274,12,221286
1779,221500,11,221511
1780,221563,21,221584
1781,221692,13,221705
1782,221882,2,221884
1783,221953,10,221963
1784,222004,25,222029
1785,222729,23,222752
1786,222905,62,222967
1787,223054,9,223063
1788,223159,24,223183
1789,223325,18,223343
1790,223346,19,223365
1791,223493,29,223522
1792,223646,49,223695
1793,223774,7,223781
1794,223802,18,223820
1795,223870,6,223876
1796,224075,13,224088
1797,224149,16,224165
1798,224199,4,224203
1799,224435,1,224436
1800,224463,20,224483
1801,224485,22,224507
1802,224578,105,224683
1803,224684,9,224693
1804,224726,11,224737
1805,224754,7,224761
1806,224786,21,224807
1807,224962,21,224983
1808,225012,3,225015
1809,225110,3,225113
1810,225363,22,225385
1811,225577,1,225578
1812,225626,36,225662
1813,225818,18,225836
1814,225885,1,225886
1815,225898,54,225952
1816,226111,8,226119
1817,226135,10,226145
1818,226164,2,226166
1819,226232,23,226255
1820,226279,6,226285
1821,226343,28,226371
1822,226519,34,226553
1823,226845,51,226896
1824,227005,40,227045
1825,227075,40,227115
1826,227376,21,227397
1827,227495,6,227501
1828,227506,13,227519
1829,227550,33,227583
1830,227789,13,227802
1831,227887,33,227920
1832,228044,4,228048
1833,228099,2,228101
1834,228160,7,228167
1835,228174,15,228189
1836,228269,40,228309
1837,228403,4,228407
1838,228497,7,228504
1839,228591,8,228599
1840,228679,9,228688
1841,228710,5,228715
1842,228889,10,228899
1843,228923,82,229005
1844,229098,13,229111
1845,229122,27,229149
1846,229233,16,229249
1847,229287,10,229297
1848,229398,1,229399
1849,229494,79,229573
1850,229792,16,229808
1851,229892,14,229906
1852,229932,18,229950
1853,230304,4,230308
1854,230377,10,230387
1855,230515,6,230521
1856,230674,28,230702
1857,230784,115,230899
1858,230991,20,231011
1859,231264,4,231268
1860,231370,17,231387
1861,231927,1,231928
1862,231980,45,232025
1863,232145,16,232161
1864,232201,15,232216
1865,232255,4,232259
1866,232281,27,232308
1867,232375,21,232396
1868,232477,2,232479
1869,232614,18,232632
1870,232655,47,232702
1871,232941,14,232955
1872,232965,19,232984
1873,233052,38,233090
1874,233205,8,233213
1875,233278,11,233289
1876,233337,24,233361
1877,233544,8,233552
1878,233658,11,233669
1879,233711,40,233751
1880,233771,6,233777
1881,233809,1,233810
1882,234063,17,234080
1883,234109,48,234157
1884,234166,9,234175
1885,234223,4,234227
1886,234243,32,234275
1887,234474,14,234488
1888,234550,16,234566
1889,234636,13,234649
1890,234650,39,234689
1891,234712,13,234725
1892,234769,20,234789
1893,234947,2,234949
1894,235050,6,235056
1895,235190,29,235219
1896,235333,13,235346
1897,235382,1,235383
1898,235422,9,235431
1899,235610,8,235618
1900,235701,3,235704
1901,235797,6,235803
1902,235837,20,235857
1903,235931,10,235941
1904,235943,51,235994
1905,236082,25,236107
1906,236293,61,236354
1907,236610,15,236625
1908,236725,13,236738
1909,236746,11,236757
1910,236846,29,236875
1911,236894,35,236929
1912,237043,2,237045
1913,237047,4,237051
1914,237197,54,237251
1915,237281,11,237292
1916,237332,45,237377
1917,237413,43,237456
1918,237499,48,237547
1919,238199,7,238206
1920,238240,40,238280
1921,238512,1,238513
1922,238828,9,238837
1923,238882,1,238883
1924,239028,21,239049
1925,239072,42,239114
1926,239151,12,239163
1927,239225,38,239263
1928,239367,4,239371
1929,239459,36,239495
1930,239504,34,239538
1931,239540,19,239559
1932,239592,8,239600
1933,239641,33,239674
1934,239696,9,239705
1935,239706,8,239714
1936,239774,7,239781
1937,239864,6,239870
1938,239944,6,239950
1939,239979,34,240013
1940,240213,7,240220
1941,240284,15,240299
1942,240373,27,240400
1943,240408,3,240411
1944,240877,52,240929
1945,240982,28,241010
1946,241065,13,241078
1947,241116,4,241120
1948,241149,2,241151
1949,241201,44,241245
1950,241348,11,241359
1951,241386,101,241487
1952,241556,19,241575
1953,241704,16,241720
1954,242007,4,242011
1955,242146,20,242166
1956,242213,4,242217
1957,242327,10,242337
1958,242498,11,242509
1959,242534,6,242540
1960,242770,5,242775
1961,242962,47,243009
1962,243269,22,243291
1963,243297,18,243315
1964,243363,20,243383
1965,243428,76,243504
1966,243567,4,243571
1967,243620,26,243646
1968,243857,1,243858
1969,243934,3,243937
1970,243947,1,243948
1971,243992,10,244002
1972,244103,34,244137
1973,244165,37,244202
1974,244286,8,244294
1975,244312,23,244335
1976,244616,25,244641
1977,244667,100,244767
1978,244860,63,244923
1979,244931,14,244945
1980,245074,2,245076
1981,245197,2,245199
1982,245255,5,245260
1983,245384,9,245393
1984,245546,41,245587
1985,245850,22,245872
1986,246056,6,246062
1987,246192,10,246202
1988,246211,27,246238
1989,246294,16,246310
1990,246428,5,246433
1991,246537,13,246550
1992,246941,31,246972
1993,247070,55,247125
1994,247191,7,247198
1995,247216,14,247230
1996,247252,15,247267
1997,247379,49,247428
1998,247518,47,247565
1999,247622,26,247648
2000,247817,43,247860
2001,247878,17,247895
2002,247972,11,247983
2003,248148,12,248160
2004,248176,5,248181
2005,248408,24,248432
2006,248469,16,248485
2007,248687,6,248693
2008,248886,1,248887
2009,248892,8,248900
2010,248942,29,248971
2011,249039,29,249068
2012,249079,15,249094
2013,249169,2,249171
2014,249215,10,249225
2015,249346,13,249359
2016,249374,8,249382
2017,249503,49,249552
2018,249573,22,249595
2019,249602,9,249611
2020,249743,31,249774
2021,249880,54,249934
2022,249944,19,249963
2023,250022,12,250034
2024,250166,19,250185
2025,250239,19,250258
2026,250396,12,250408
2027,250444,24,250468
2028,250540,47,250587
2029,250711,5,250716
2030,250762,34,250796
2031,251001,24,251025
2032,251144,6,251150
2033,251651,6,251657
2034,251799,7,251806
2035,251849,48,251897
2036,251976,72,252048
2037,252059,4,252063
2038,252179,1,252180
2039,252197,4,252201
2040,252279,17,252296
2041,252415,27,252442
2042,252485,39,252524
2043,252601,4,252605
2044,252614,13,252627
2045,252676,32,252708
2046,252772,3,252775
2047,252795,11,252806
2048,252834,17,252851
2049,252890,27,252917
2050,252994,10,253004
2051,253114,63,253177
2052,253194,5,253199
2053,253203,8,253211
2054,253248,54,253302
2055,253703,19,253722
2056,253824,10,253834
2057,253845,26,253871
2058,253930,14,253944
2059,253951,8,253959
2060,254143,29,254172
2061,254203,23,254226
2062,254233,27,254260
2063,254310,18,254328
2064,254334,8,254342
2065,254391,8,254399
2066,254445,26,254471
2067,254505,26,254531
2068,254568,2,254570
2069,254571,41,254612
2070,254814,29,254843
2071,254935,6,254941
2072,254969,25,254994
2073,255047,22,255069
2074,255072,16,255088
2075,255304,21,255325
2076,255403,11,255414
2077,255585,75,255660
2078,255672,7,255679
2079,255775,13,255788
2080,255801,14,255815
2081,255835,61,255896
2082,255899,2,255901
2083,255931,26,255957
2084,255995,24,256019
2085,256443,9,256452
2086,256534,5,256539
2087,256541,20,256561
2088,256604,5,256609
2089,256683,1,256684
2090,256714,3,256717
2091,256859,19,256878
2092,256943,2,256945
2093,257065,38,257103
2094,257208,24,257232
2095,257338,22,257360
2096,257380,7,257387
2097,257404,34,257438
2098,257484,55,257539
2099,257642,12,257654
2100,257790,4,257794
2101,257972,14,257986
2102,258085,24,258109
2103,258185,32,258217
2104,258467,10,258477
2105,258861,84,258945
2106,259021,3,259024
2107,259069,28,259097
2108,259150,38,259188
2109,259234,28,259262
2110,259599,16,259615
2111,259650,49,259699
2112,259771,1,259772
2113,260187,24,260211
2114,260379,11,260390
2115,260395,11,260406
2116,260452,13,260465
2117,260841,79,260920
2118,261328,4,261332
2119,261455,84,261539
2120,261574,15,261589
2121,261911,42,261953
2122,262108,24,262132
2123,262151,12,262163
2124,262244,13,262257
2125,262577,4,262581
2126,262733,24,262757
2127,263020,29,263049
2128,263052,12,263064
2129,263214,10,263224
2130,263277,19,263296
2131,263447,19,263466
2132,263504,32,263536
2133,263555,2,263557
2134,263694,26,263720
2135,263765,22,263787
2136,263937,39,263976
2137,264014,36,264050
2138,264239,77,264316
2139,264342,6,264348
2140,264397,4,264401
2141,264440,23,264463
2142,264529,11,264540
2143,264567,47,264614
2144,264631,13,264644
2145,264656,12,264668
2146,264716,26,264742
2147,264796,11,264807
2148,264896,4,264900
2149,264902,22,264924
2150,264997,5,265002
2151,265112,17,265129
2152,265223,6,265229
2153,265368,15,265383
2154,265554,8,265562
2155,265604,31,265635
2156,265722,2,265724
2157,265827,9,265836
2158,265970,25,265995
2159,266014,2,266016
2160,266198,17,266215
2161,266424,2,266426
2162,266469,17,266486
2163,266505,41,266546
2164,266580,30,266610
2165,266616,1,266617
2166,266641,70,266711
2167,266781,22,266803
2168,266812,6,266818
2169,266845,13,266858
2170,266877,46,266923
2171,267026,41,267067
2172,267289,44,267333
2173,267454,99,267553
2174,267594,51,267645
2175,267670,14,267684
2176,267714,17,267731
2177,267781,6,267787
2178,267812,16,267828
2179,267919,16,267935
2180,267960,72,268032
2181,268045,22,268067
2182,268097,58,268155
2183,268702,16,268718
2184,268840,6,268846
2185,268979,31,269010
2186,269011,80,269091
2187,269100,12,269112
2188,269167,49,269216
2189,269272,16,269288
2190,269296,18,269314
2191,269473,83,269556
2192,269564,19,269583
2193,269726,4,269730
2194,269770,4,269774
2195,269843,5,269848
2196,269874,24,269898
2197,270023,69,270092
2198,270209,46,270255
2199,270407,18,270425
2200,270433,7,270440
2201,270922,1,270923
2202,270955,5,270960
2203,271100,6,271106
2204,271178,46,271224
2205,271244,2,271246
2206,271564,24,271588
2207,271647,23,271670
2208,271695,11,271706
2209,271792,13,271805
2210,271844,7,271851
2211,271929,1,271930
2212,272037,12,272049
2213,272064,6,272070
2214,272187,3,272190
2215,272388,22,272410
2216,272515,10,272525
2217,272576,160,272736
2218,273136,12,273148
2219,273170,16,273186
2220,273275,7,273282
2221,273458,21,273479
2222,273495,64,273559
2223,273615,24,273639
2224,273660,14,273674
2225,273675,17,273692
2226,273756,7,273763
2227,273841,6,273847
2228,273916,50,273966
2229,274091,1,274092
2230,274216,20,274236
2231,274716,43,274759
2232,274786,1,274787
2233,274820,13,274833
2234,274852,32,274884
2235,275207,6,275213
2236,275254,1,275255
2237,275439,13,275452
2238,275800,23,275823
2239,275853,2,275855
2240,275882,26,275908
2241,276090,8,276098
2242,276116,2,276118
2243,276191,12,276203
2244,276524,9,276533
2245,276851,19,276870
2246,276947,3,276950
2247,277158,23,277181
2248,277728,15,277743
2249,277999,26,278025
2250,278045,3,278048
2251,278160,145,278305
2252,278534,59,278593
2253,278606,2,278608
2254,278716,14,278730
2255,278817,9,278826
2256,278867,4,278871
2257,278880,50,278930
2258,279371,23,279394
2259,279592,8,279600
2260,279644,15,279659
2261,279661,6,279667
2262,279798,13,279811
2263,279956,33,279989
2264,280006,6,280012
2265,280058,14,280072
2266,280094,4,280098
2267,280292,7,280299
2268,280344,40,280384
2269,280478,65,280543
2270,280696,2,280698
2271,280700,12,280712
2272,280744,4,280748
2273,280764,30,280794
2274,280890,52,280942
2275,281231,9,281240
2276,281275,15,281290
2277,281412,12,281424
2278,281443,31,281474
2279,281555,11,281566
2280,281779,13,281792
2281,281870,2,281872
2282,281925,4,281929
2283,281967,4,281971
2284,281983,39,282022
2285,282090,20,282110
2286,282131,3,282134
2287,282143,9,282152
2288,282153,23,282176
2289,282191,76,282267
2290,282380,25,282405
2291,282470,38,282508
2292,282600,3,282603
2293,282684,5,282689
2294,282783,12,282795
2295,282840,10,282850
2296,282955,84,283039
2297,283479,7,283486
2298,283635,29,283664
2299,283821,26,283847
2300,283971,15,283986
2301,284609,19,284628
2302,284713,26,284739
2303,284766,1,284767
2304,284964,23,284987
2305,284993,2,284995
2306,285020,9,285029
2307,285033,23,285056
2308,285151,4,285155
2309,285171,20,285191
2310,285270,8,285278
2311,285322,45,285367
2312,285649,18,285667
2313,285751,7,285758
2314,285824,20,285844
2315,285938,1,285939
2316,286041,1,286042
2317,286048,7,286055
2318,286522,52,286574
2319,286709,11,286720
2320,286750,12,286762
2321,286914,29,286943
2322,286963,7,286970
2323,287014,13,287027
2324,287093,34,287127
2325,287181,22,287203
2326,287271,15,287286
2327,287317,4,287321
2328,287452,7,287459
2329,287564,55,287619
2330,287686,30,287716
2331,287835,13,287848
2332,287849,14,287863
2333,288099,24,288123
2334,288352,5,288357
2335,288473,38,288511
2336,288713,6,288719
2337,288807,1,288808
2338,288849,4,288853
2339,288868,1,288869
2340,289343,64,289407
2341,289447,4,289451
2342,289504,9,289513
2343,289897,53,289950
2344,289984,13,289997
2345,290144,7,290151
2346,290162,68,290230
2347,290555,46,290601
2348,290648,5,290653
2349,290663,14,290677
2350,290837,31,290868
2351,290892,37,290929
2352,290934,5,290939
2353,290983,20,291003
2354,291023,4,291027
2355,291032,14,291046
2356,291067,46,291113
2357,291289,56,291345
2358,291547,3,291550
2359,291654,13,291667
2360,291784,7,291791
2361,291901,4,291905
2362,291934,17,291951
2363,292081,25,292106
2364,292413,11,292424
2365,292649,19,292668
2366,292688,11,292699
2367,292947,5,292952
2368,292970,59,293029
2369,293126,2,293128
2370,293253,47,293300
2371,293341,2,293343
2372,293614,9,293623
2373,293696,2,293698
2374,293805,5,293810
2375,293875,3,293878
2376,293930,7,293937
2377,293998,37,294035
2378,294071,44,294115
2379,294129,8,294137
2380,294201,2,294203
2381,294205,71,294276
2382,294330,4,294334
2383,294343,50,294393
2384,294421,15,294436
2385,294547,12,294559
2386,294628,48,294676
2387,294730,17,294747
2388,294749,49,294798
2389,294922,3,294925
2390,294929,18,294947
2391,295082,27,295109
2392,295364,10,295374
2393,295385,16,295401
2394,295511,32,295543
2395,295544,2,295546
2396,295547,5,295552
2397,295579,89,295668
2398,295673,36,295709
2399,295766,19,295785
2400,295825,34,295859
2401,295860,14,295874
2402,295891,9,295900
2403,295992,7,295999
2404,296257,28,296285
2405,296337,7,296344
2406,296432,7,296439
2407,296569,7,296576
2408,296612,9,296621
2409,296760,41,296801
2410,296925,10,296935
2411,297111,4,297115
2412,297188,31,297219
2413,297233,77,297310
2414,297561,79,297640
2415,297642,27,297669
2416,297813,11,297824
2417,297863,3,297866
2418,298026,3,298029
2419,298079,55,298134
2420,298563,11,298574
2421,298824,63,298887
2422,298936,2,298938
2423,298963,25,298988
2424,299072,1,299073
2425,299238,38,299276
2426,299323,6,299329
2427,299546,11,299557
2428,299572,13,299585
2429,299800,10,299810
2430,299922,9,299931
2431,300002,1,300003
2432,300049,9,300058
2433,300083,11,300094
2434,300191,5,300196
2435,300197,4,300201
2436,300244,9,300253
2437,300306,70,300376
2438,300423,23,300446
2439,300450,31,300481
2440,300482,21,300503
2441,300573,18,300591
2442,301106,10,301116
2443,301136,60,301196
2444,301283,1,301284
2445,301354,4,301358
2446,301368,1,301369
2447,301600,39,301639
2448,301702,19,301721
2449,301892,22,301914
2450,302197,28,302225
2451,302292,4,302296
2452,302443,1,302444
2453,302617,39,302656
2454,302697,31,302728
2455,302752,4,302756
2456,302853,27,302880
2457,303032,6,303038
2458,303085,8,303093
2459,303297,5,303302
2460,303357,37,303394
2461,303546,23,303569
2462,303646,34,303680
2463,303722,3,303725
2464,303732,29,303761
2465,303856,13,303869
2466,304056,100,304156
2467,304211,16,304227
2468,304274,45,304319
2469,304506,38,304544
2470,304579,12,304591
2471,304676,8,304684
2472,304900,7,304907
2473,304959,3,304962
2474,304972,4,304976
2475,305013,5,305018
2476,305063,24,305087
2477,305137,8,305145
2478,305246,6,305252
2479,305343,8,305351
2480,305459,9,305468
2481,305683,15,305698
2482,305710,44,305754
2483,305858,6,305864
2484,305914,3,305917
2485,305929,33,305962
2486,306144,2,306146
2487,306158,9,306167
2488,306231,6,306237
2489,306244,3,306247
2490,306631,6,306637
2491,306768,12,306780
2492,306825,44,306869
2493,306996,8,307004
2494,307218,17,307235
2495,307380,5,307385
2496,307461,42,307503
2497,307667,13,307680
2498,307681,16,307697
2499,307822,11,307833
2500,307920,6,307926
2501,307961,13,307974
2502,307985,2,307987
2503,308231,34,308265
2504,308326,8,308334
2505,308348,4,308352
2506,308523,35,308558
2507,308643,3,308646
2508,308795,21,308816
2509,308869,93,308962
2510,309060,66,309126
2511,309341,2,309343
2512,309412,23,309435
2513,309451,52,309503
2514,309542,23,309565
2515,309603,7,309610
2516,309784,8,309792
2517,309793,5,309798
2518,309817,5,309822
2519,309920,21,309941
2520,310093,1,310094
2521,310341,19,310360
2522,310392,6,310398
2523,310450,23,310473
2524,310641,23,310664
2525,310795,3,310798
2526,310808,6,310814
2527,311136,68,311204
2528,311416,7,311423
2529,311437,54,311491
2530,311514,12,311526
2531,311607,24,311631
2532,311833,8,311841
2533,311852,16,311868
2534,312040,42,312082
2535,312139,41,312180
2536,312222,9,312231
2537,312271,8,312279
2538,312351,52,312403
2539,312572,8,312580
2540,312601,5,312606
2541,312662,34,312696
2542,313075,22,313097
2543,313137,47,313184
2544,313277,18,313295
2545,313344,29,313373
2546,313712,36,313748
2547,313798,12,313810
2548,313811,9,313820
2549,313845,22,313867
2550,313897,29,313926
2551,313948,1,313949
2552,313957,14,313971
2553,313999,2,314001
2554,314056,15,314071
2555,314124,65,314189
2556,314209,33,314242
2557,314282,11,314293
2558,314322,1,314323
2559,314350,19,314369
2560,314526,18,314544
2561,314730,6,314736
2562,314829,7,314836
2563,315088,6,315094
2564,315180,4,315184
2565,315476,4,315480
2566,315484,5,315489
2567,315564,10,315574
2568,315931,8,315939
2569,316016,39,316055
2570,316070,8,316078
2571,316168,6,316174
2572,316278,22,316300
2573,316381,14,316395
2574,316441,6,316447
2575,316454,28,316482
2576,316498,1,316499
2577,316527,60,316587
2578,316888,27,316915
2579,316946,8,316954
2580,317001,56,317057
2581,317094,26,317120
2582,317220,16,317236
2583,317289,36,317325
2584,317717,7,317724
2585,317750,5,317755
2586,318007,1,318008
2587,318111,26,318137
2588,318157,13,318170
2589,318192,2,318194
2590,318345,12,318357
2591,318509,28,318537
2592,318752,49,318801
2593,318832,46,318878
2594,318945,1,318946
2595,319004,1,319005
2596,319048,4,319052
2597,319064,13,319077
2598,319087,6,319093
2599,319126,19,319145
2600,319207,19,319226
2601,319249,11,319260
2602,319614,15,319629
2603,319632,21,319653
2604,319654,5,319659
2605,319707,13,319720
2606,319762,17,319779
2607,319963,28,319991
2608,320004,18,320022
2609,320418,10,320428
2610,320498,6,320504
2611,320562,57,320619
2612,320647,7,320654
2613,320739,7,320746
2614,320811,15,320826
2615,320853,23,320876
2616,320880,35,320915
2617,321049,1,321050
2618,321226,114,321340
2619,321465,8,321473
2620,321625,12,321637
2621,321641,6,321647
2622,321809,5,321814
2623,321944,40,321984
2624,322123,68,322191
2625,322408,22,322430
2626,322431,2,322433
2627,322494,33,322527
2628,322580,12,322592
2629,322736,91,322827
2630,323289,24,323313
2631,323407,24,323431
2632,323894,1,323895
2633,323950,9,323959
2634,323981,7,323988
2635,323998,11,324009
2636,324078,12,324090
2637,324146,6,324152
2638,324307,14,324321
2639,324436,18,324454
2640,324640,3,324643
2641,324737,14,324751
2642,324812,34,324846
2643,324941,25,324966
2644,324995,13,325008
2645,325204,30,325234
2646,325369,14,325383
2647,325416,7,325423
2648,325780,3,325783
2649,325913,19,325932
2650,325990,42,326032
2651,326301,14,326315
2652,326328,29,326357
2653,326447,13,326460
2654,326495,8,326503
2655,326678,59,326737
2656,326835,15,326850
2657,326983,1,326984
2658,327299,9,327308
2659,327400,24,327424
2660,327757,5,327762
2661,327841,37,327878
2662,327924,5,327929
2663,327963,12,327975
2664,328021,67,328088
2665,328394,20,328414
2666,328500,38,328538
2667,328597,106,328703
2668,328795,8,328803
2669,328889,7,328896
2670,328924,2,328926
2671,329284,26,329310
2672,329571,36,329607
2673,329945,57,330002
2674,330224,20,330244
2675,330383,24,330407
2676,330477,6,330483
2677,330511,5,330516
2678,330834,5,330839
2679,330849,4,330853
2680,330961,8,330969
2681,331205,8,331213
2682,331353,4,331357
2683,331371,8,331379
2684,331478,54,331532
2685,331741,11,331752
2686,331991,21,332012
2687,332154,12,332166
2688,332269,12,332281
2689,332373,7,332380
2690,332410,7,332417
2691,332559,29,332588
2692,332617,9,332626
2693,332871,21,332892
2694,332927,14,332941
2695,332949,27,332976
2696,332997,13,333010
2697,333155,1,333156
2698,333231,18,333249
2699,333328,4,333332
2700,333371,95,333466
2701,333556,9,333565
2702,333685,1,333686
2703,333700,24,333724
2704,333753,32,333785
2705,333827,5,333832
2706,333893,67,333960
2707,334046,9,334055
2708,334180,31,334211
2709,334215,7,334222
2710,334301,13,334314
2711,334329,4,334333
2712,334464,11,334475
2713,334591,15,334606
2714,334764,24,334788
2715,334830,25,334855
2716,334882,36,334918
2717,334926,21,334947
2718,334969,2,334971
2719,335128,5,335133
2720,335135,8,335143
2721,335192,25,335217
2722,335225,3,335228
2723,335235,2,335237
2724,335362,87,335449
2725,335456,6,335462
2726,335903,29,335932
2727,335955,43,335998
2728,336017,28,336045
2729,336083,1,336084
2730,336125,16,336141
2731,336484,12,336496
2732,336557,6,336563
2733,336618,6,336624
2734,336674,6,336680
2735,336794,10,336804
2736,336805,7,336812
2737,336815,8,336823
2738,336830,32,336862
2739,337143,13,337156
2740,337195,4,337199
2741,337481,23,337504
2742,337665,12,337677
2743,337730,50,337780
2744,337814,24,337838
2745,337904,15,337919
2746,338073,33,338106
2747,338388,59,338447
2748,338497,3,338500
2749,338593,10,338603
2750,338643,6,338649
2751,338671,17,338688
2752,338760,6,338766
2753,338928,9,338937
2754,338984,33,339017
2755,339230,6,339236
2756,339265,15,339280
2757,339346,13,339359
2758,339540,47,339587
2759,339589,12,339601
2760,339922,25,339947
2761,340081,13,340094
2762,340183,30,340213
2763,340251,12,340263
2764,340465,5,340470
2765,340572,49,340621
2766,340716,69,340785
2767,340791,18,340809
2768,341124,31,341155
2769,341183,20,341203
2770,341374,19,341393
2771,341469,15,341484
2772,341493,23,341516
2773,341536,11,341547
2774,341584,6,341590
2775,341781,5,341786
2776,341958,9,341967
2777,342260,96,342356
2778,342420,5,342425
2779,342601,7,342608
2780,342779,38,342817
2781,342819,22,342841
2782,343165,37,343202
2783,343439,11,343450
2784,343461,137,343598
2785,343657,30,343687
2786,343880,7,343887
2787,343954,104,344058
2788,344102,15,344117
2789,344133,18,344151
2790,344171,34,344205
2791,344210,18,344228
2792,344427,22,344449
2793,344458,14,344472
2794,344618,75,344693
2795,344802,7,344809
2796,344834,16,344850
2797,344855,25,344880
2798,345122,11,345133
2799,345206,17,345223
2800,345257,22,345279
2801,345441,9,345450
2802,345460,54,345514
2803,345586,11,345597
2804,345653,7,345660
2805,345784,25,345809
2806,346333,4,346337
2807,346557,18,346575
2808,346641,8,346649
2809,346748,6,346754
2810,346809,48,346857
2811,346863,12,346875
2812,346883,8,346891
2813,347022,10,347032
2814,347109,2,347111
2815,347163,48,347211
2816,347253,104,347357
2817,347376,8,347384
2818,347412,20,347432
2819,347436,2,347438
2820,347440,6,347446
2821,347512,12,347524
2822,347546,11,347557
2823,347578,27,347605
2824,347657,39,347696
2825,347834,70,347904
2826,347980,18,347998
2827,348096,14,348110
2828,348124,6,348130
2829,348134,1,348135
2830,348274,14,348288
2831,348491,38,348529
2832,348581,5,348586
2833,348745,48,348793
2834,349026,24,349050
2835,349245,6,349251
2836,349288,13,349301
2837,349329,12,349341
2838,349427,18,349445
2839,349512,36,349548
2840,349570,43,349613
2841,349617,13,349630
2842,349675,11,349686
2843,349711,36,349747
2844,350036,15,350051
2845,350203,1,350204
2846,350266,40,350306
2847,350327,3,350330
2848,350418,49,350467
2849,350657,33,350690
2850,350827,11,350838
2851,350859,12,350871
2852,351118,17,351135
2853,351222,28,351250
2854,351252,67,351319
2855,351462,20,351482
2856,351618,24,351642
2857,351735,23,351758
2858,351773,43,351816
2859,351916,37,351953
2860,351999,1,352000
2861,352039,5,352044
2862,352046,41,352087
2863,352120,8,352128
2864,352178,2,352180
2865,352218,1,352219
2866,352412,9,352421
2867,352542,3,352545
2868,352686,62,352748
2869,352798,4,352802
2870,352909,3,352912
2871,352994,36,353030
2872,353054,10,353064
2873,353070,10,353080
2874,353130,38,353168
2875,353278,6,353284
2876,353354,37,353391
2877,353396,14,353410
2878,353475,23,353498
2879,353630,11,353641
2880,353677,15,353692
2881,353958,1,353959
2882,353982,11,353993
2883,354104,19,354123
2884,354189,9,354198
2885,354204,35,354239
2886,354244,46,354290
2887,354435,9,354444
2888,354616,5,354621
2889,354728,21,354749
2890,354882,2,354884
2891,355086,3,355089
2892,355412,1,355413
2893,355433,74,355507
2894,355545,20,355565
2895,355693,11,355704
2896,355737,16,355753
2897,355878,5,355883
2898,356275,15,356290
2899,356351,7,356358
2900,356595,4,356599
2901,356698,7,356705
2902,356718,10,356728
2903,356801,12,356813
2904,356814,22,356836
2905,356865,62,356927
2906,357069,9,357078
2907,357090,15,357105
2908,357132,3,357135
2909,357282,9,357291
2910,357398,1,357399
2911,357611,74,357685
2912,357888,40,357928
2913,358099,30,358129
2914,358403,45,358448
2915,358502,6,358508
2916,358927,30,358957
2917,358966,4,358970
2918,359013,4,359017
2919,359063,16,359079
2920,359258,30,359288
2921,359297,12,359309
2922,359448,1,359449
2923,359513,16,359529
2924,359612,8,359620
2925,359645,61,359706
2926,359886,15,359901
2927,360038,24,360062
2928,360099,10,360109
2929,360165,7,360172
2930,360492,1,360493
2931,360704,20,360724
2932,360796,9,360805
2933,360907,3,360910
2934,360911,3,360914
2935,360970,6,360976
2936,361010,9,361019
2937,361036,56,361092
2938,361222,4,361226
2939,361254,12,361266
2940,361415,12,361427
2941,361564,23,361587
2942,361639,4,361643
2943,361701,2,361703
2944,361716,7,361723
2945,361737,43,361780
2946,361909,1,361910
2947,362061,13,362074
2948,362178,11,362189
2949,362337,1,362338
2950,362353,23,362376
2951,362471,53,362524
2952,362599,2,362601
2953,362648,4,362652
2954,362710,7,362717
2955,363056,5,363061
2956,363122,15,363137
2957,363255,43,363298
2958,363318,26,363344
2959,363679,13,363692
2960,363761,19,363780
2961,363829,39,363868
2962,363900,4,363904
2963,363980,10,363990
2964,364377,25,364402
2965,364779,6,364785
2966,364838,16,364854
2967,364909,2,364911
2968,365050,1,365051
2969,365234,7,365241
2970,365341,12,365353
2971,365414,5,365419
2972,365478,24,365502
2973,365518,17,365535
2974,365537,25,365562
2975,365712,24,365736
2976,365773,5,365778
2977,365779,30,365809
2978,365860,16,365876
2979,365980,15,365995
2980,366165,10,366175
2981,366238,36,366274
2982,366279,5,366284
2983,366315,13,366328
2984,366506,25,366531
2985,366665,20,366685
2986,366705,36,366741
2987,366787,16,366803
2988,366971,4,366975
2989,366997,23,367020
2990,367050,22,367072
2991,367221,14,367235
2992,367259,64,367323
2993,367446,37,367483
2994,367506,5,367511
2995,367617,12,367629
2996,367660,37,367697
2997,367854,60,367914
2998,368009,17,368026
2999,368177,48,368225
3000,368284,14,368298
3001,368353,11,368364
3002,368482,16,368498
3003,368612,12,368624
3004,368745,35,368780
3005,368831,31,368862
3006,368874,3,368877
3007,369050,39,369089
3008,369167,1,369168
3009,369193,18,369211
3010,369284,52,369336
3011,369467,9,369476
3012,369523,45,369568
3013,369644,54,369698
3014,369706,9,369715
3015,369881,18,369899
3016,369941,19,369960
3017,369967,48,370015
3018,370137,5,370142
3019,370150,4,370154
3020,370155,4,370159
3021,370258,7,370265
3022,370374,53,370427
3023,370720,47,370767
3024,370791,11,370802
3025,371143,25,371168
3026,371208,11,371219
3027,371254,33,371287
3028,371369,6,371375
3029,371397,10,371407
3030,371412,24,371436
3031,371474,50,371524
3032,371529,3,371532
3033,371635,8,371643
3034,371694,27,371721
3035,371813,3,371816
3036,371904,2,371906
3037,371933,21,371954
3038,372061,20,372081
3039,372184,25,372209
3040,372260,5,372265
3041,372483,20,372503
3042,372511,12,372523
3043,372749,10,372759
3044,372855,27,372882
3045,373168,6,373174
3046,373182,57,373239
3047,373312,1,373313
3048,373666,8,373674
3049,373726,16,373742
3050,373852,41,373893
3051,373909,16,373925
3052,374225,11,374236
3053,374455,8,374463
3054,374521,40,374561
3055,374621,4,374625
3056,374629,2,374631
3057,374766,6,374772
3058,374786,3,374789
3059,374830,10,374840
3060,375036,67,375103
3061,375162,63,375225
3062,375420,14,375434
3063,375759,44,375803
3064,375884,1,375885
3065,375921,2,375923
3066,375924,21,375945
3067,376145,45,376190
3068,376405,49,376454
3069,376700,11,376711
3070,376775,2,376777
3071,376832,8,376840
3072,377029,5,377034
3073,377118,3,377121
3074,377144,15,377159
3075,377175,1,377176
3076,377182,29,377211
3077,377441,8,377449
3078,377450,1,377451
3079,377521,29,377550
3080,377631,2,377633
3081,377673,14,377687
3082,377924,2,377926
3083,377960,18,377978
3084,377979,9,377988
3085,378129,9,378138
3086,378146,4,378150
3087,378213,1,378214
3088,378243,4,378247
3089,378413,1,378414
3090,378590,19,378609
3091,378801,62,378863
3092,379073,4,379077
3093,379342,22,379364
3094,379393,2,379395
3095,379411,44,379455
3096,379499,13,379512
3097,379582,1,379583
3098,379603,1,379604
3099,379902,39,379941
3100,380071,8,380079
3101,380172,27,380199
3102,380306,4,380310
3103,380382,15,380397
3104,380502,7,380509
3105,380666,2,380668
3106,380868,29,380897
3107,380965,29,380994
3108,381022,7,381029
3109,381101,32,381133
3110,381177,35,381212
3111,381325,19,381344
3112,381356,7,381363
3113,381561,24,381585
3114,381696,8,381704
3115,381800,27,381827
3116,381907,7,381914
3117,382012,31,382043
3118,382106,13,382119
3119,382152,49,382201
3120,382215,6,382221
3121,382291,47,382338
3122,382489,2,382491
3123,382512,13,382525
3124,382675,8,382683
3125,382795,2,382797
3126,383126,6,383132
3127,383167,29,383196
3128,383286,6,383292
3129,383390,49,383439
3130,383494,13,383507
3131,383572,81,383653
3132,383660,20,383680
3133,383684,1,383685
3134,383730,14,383744
3135,383815,61,383876
3136,383939,3,383942
3137,383997,6,384003
3138,384049,44,384093
3139,384095,5,384100
3140,384110,4,384114
3141,384308,10,384318
3142,384398,18,384416
3143,384507,23,384530
3144,384564,15,384579
3145,384609,21,384630
3146,384702,91,384793
3147,384846,1,384847
3148,384867,17,384884
3149,384896,17,384913
3150,384976,13,384989
3151,385055,49,385104
3152,385110,30,385140
3153,385280,10,385290
3154,385305,2,385307
3155,386018,16,386034
3156,386264,14,386278
3157,386441,1,386442
3158,386611,16,386627
3159,386682,15,386697
3160,386799,12,386811
3161,386827,3,386830
3162,386923,51,386974
3163,387001,7,387008
3164,387291,19,387310
3165,387327,22,387349
3166,387426,10,387436
3167,387443,7,387450
3168,387720,31,387751
3169,387885,26,387911
3170,388085,42,388127
3171,388215,16,388231
3172,388356,31,388387
3173,388450,17,388467
3174,388558,19,388577
3175,388705,16,388721
3176,388978,6,388984
3177,388996,43,389039
3178,389115,20,389135
3179,389200,4,389204
3180,389212,5,389217
3181,389534,36,389570
3182,389601,17,389618
3183,389711,1,389712
3184,389792,50,389842
3185,390338,10,390348
3186,390362,8,390370
3187,390387,1,390388
3188,390478,1,390479
3189,390566,1,390567
3190,390582,34,390616
3191,390753,35,390788
3192,390972,6,390978
3193,391032,20,391052
3194,391138,34,391172
3195,391320,17,391337
3196,391425,11,391436
3197,391634,2,391636
3198,391646,33,391679
3199,391838,5,391843
3200,391895,11,391906
3201,391966,101,392067
3202,392137,31,392168
3203,392205,3,392208
3204,392231,44,392275
3205,392346,1,392347
3206,392357,30,392387
3207,392413,38,392451
3208,392646,1,392647
3209,392763,48,392811
3210,392832,26,392858
3211,392881,36,392917
3212,392955,18,392973
3213,393072,4,393076
3214,393199,15,393214
3215,393400,66,393466
3216,393493,2,393495
3217,393502,5,393507
3218,393584,34,393618
3219,393679,31,393710
3220,393762,20,393782
3221,394208,14,394222
3222,394280,28,394308
3223,394317,3,394320
3224,394341,24,394365
3225,394372,4,394376
3226,394418,72,394490
3227,394597,9,394606
3228,394700,19,394719
3229,394853,5,394858
3230,394916,60,394976
3231,395062,11,395073
3232,395275,1,395276
3233,395351,32,395383
3234,395793,12,395805
3235,395929,66,395995
3236,396201,1,396202
3237,396460,55,396515
3238,396600,13,396613
3239,396627,22,396649
3240,396845,2,396847
3241,396867,2,396869
3242,396969,12,396981
3243,397308,9,397317
3244,397408,18,397426
3245,397494,45,397539
3246,397582,41,397623
3247,397688,1,397689
3248,397694,14,397708
3249,397892,33,397925
3250,397927,3,397930
3251,398053,39,398092
3252,398169,7,398176
3253,398177,9,398186
3254,398490,17,398507
3255,398723,15,398738
3256,398799,15,398814
3257,398833,36,398869
3258,399126,4,399130
3259,399141,32,399173
3260,399324,16,399340
3261,399377,3,399380
3262,399530,47,399577
3263,399615,3,399618
3264,399722,4,399726
3265,399730,5,399735
3266,399823,11,399834
3267,399873,4,399877
3268,399908,6,399914
3269,399959,13,399972
3270,399973,14,399987
3271,400163,25,400188
3272,400229,8,400237
3273,400492,23,400515
3274,400578,23,400601
3275,400864,5,400869
3276,401215,20,401235
3277,401254,2,401256
3278,401260,15,401275
3279,401369,41,401410
3280,401433,32,401465
3281,401584,43,401627
3282,401717,17,401734
3283,401937,7,401944
3284,402073,35,402108
3285,402523,10,402533
3286,402673,41,402714
3287,402859,36,402895
3288,403011,17,403028
3289,403068,25,403093
3290,403305,10,403315
3291,403584,3,403587
3292,403598,6,403604
3293,403719,5,403724
3294,403932,8,403940
3295,403996,39,404035
3296,404064,10,404074
3297,404357,13,404370
3298,404535,16,404551
3299,404594,3,404597
3300,404652,5,404657
3301,404670,9,404679
3302,404734,7,404741
3303,404752,16,404768
3304,404951,8,404959
3305,405098,75,405173
3306,405244,11,405255
3307,405283,5,405288
3308,405424,3,405427
3309,405458,33,405491
3310,405495,11,405506
3311,405570,4,405574
3312,405675,18,405693
3313,405769,3,405772
3314,405888,24,405912
3315,406015,59,406074
3316,406245,102,406347
3317,406533,10,406543
3318,406620,7,406627
3319,406642,3,406645
3320,406650,13,406663
3321,406694,6,406700
3322,406734,20,406754
3323,406956,11,406967
3324,407069,9,407078
3325,407133,23,407156
3326,407230,7,407237
3327,407243,18,407261
3328,407307,66,407373
3329,407444,34,407478
3330,407589,8,407597
3331,407689,116,407805
3332,407815,9,407824
3333,408020,1,408021
3334,408030,18,408048
3335,408164,95,408259
3336,408433,36,408469
3337,408497,11,408508
3338,408526,9,408535
3339,408658,56,408714
3340,408814,10,408824
3341,408900,64,408964
3342,409380,32,409412
3343,409428,26,409454
3344,409459,8,409467
3345,409511,4,409515
3346,409536,20,409556
3347,409724,8,409732
3348,409743,20,409763
3349,409916,35,409951
3350,409968,8,409976
3351,410096,8,410104
3352,410137,1,410138
3353,410292,7,410299
3354,410314,15,410329
3355,410388,42,410430
3356,410498,12,410510
3357,410677,13,410690
3358,410703,6,410709
3359,410780,1,410781
3360,410786,21,410807
3361,410871,8,410879
3362,410943,68,411011
3363,411028,1,411029
3364,411050,4,411054
3365,411176,4,411180
3366,411231,18,411249
3367,411511,7,411518
3368,411745,24,411769
3369,411948,12,411960
3370,412060,13,412073
3371,412147,4,412151
3372,412195,17,412212
3373,412284,16,412300
3374,412341,9,412350
3375,412382,59,412441
3376,412490,150,412640
3377,412667,15,412682
3378,412894,19,412913
3379,413003,4,413007
3380,413046,15,413061
3381,413271,5,413276
3382,413373,72,413445
3383,413791,56,413847
3384,414002,4,414006
3385,414020,89,414109
3386,414473,28,414501
3387,414553,14,414567
3388,414667,22,414689
3389,414780,12,414792
3390,414884,13,414897
3391,414974,8,414982
3392,415004,8,415012
3393,415081,68,415149
3394,415374,72,415446
3395,415708,18,415726
3396,415911,1,415912
3397,415938,7,415945
3398,415981,25,416006
3399,416042,9,416051
3400,416220,12,416232
3401,416251,53,416304
3402,416485,35,416520
3403,416748,25,416773
3404,416785,56,416841
3405,416967,7,416974
3406,416996,9,417005
3407,417123,24,417147
3408,417474,35,417509
3409,417632,5,417637
3410,417764,41,417805
3411,418025,31,418056
3412,418067,25,418092
3413,418182,17,418199
3414,418212,64,418276
3415,418378,1,418379
3416,418391,13,418404
3417,418414,29,418443
3418,418484,9,418493
3419,418754,23,418777
3420,418785,1,418786
3421,418847,24,418871
3422,418907,4,418911
3423,418955,1,418956
3424,418959,8,418967
3425,419090,35,419125
3426,419158,12,419170
3427,419249,13,419262
3428,419392,34,419426
3429,419430,9,419439
3430,419477,63,419540
3431,419884,3,419887
3432,419929,38,419967
3433,419983,14,419997
3434,420025,37,420062
3435,420165,41,420206
3436,420246,23,420269
3437,420340,9,420349
3438,420402,2,420404
3439,420441,11,420452
3440,420491,22,420513
3441,420587,31,420618
3442,420747,19,420766
3443,420775,14,420789
3444,421064,30,421094
3445,421099,11,421110
3446,421401,40,421441
3447,421465,2,421467
3448,421565,1,421566
3449,421636,26,421662
3450,421792,4,421796
3451,421902,15,421917
3452,421931,29,421960
3453,422022,21,422043
3454,422189,45,422234
3455,422255,18,422273
3456,422503,2,422505
3457,422560,21,422581
3458,422631,36,422667
3459,422700,8,422708
3460,422711,11,422722
3461,422774,15,422789
3462,422835,18,422853
3463,422859,8,422867
3464,423028,59,423087
3465,423131,3,423134
3466,423226,6,423232
3467,423250,23,423273
3468,423519,3,423522
3469,423653,1,423654
3470,423714,4,423718
3471,423726,12,423738
3472,423939,6,423945
3473,424098,34,424132
3474,424154,14,424168
3475,424222,2,424224
3476,424304,42,424346
3477,424349,47,424396
3478,424442,5,424447
3479,425047,10,425057
3480,425088,23,425111
3481,425224,11,425235
3482,425587,9,425596
3483,425647,11,425658
3484,425693,6,425699
3485,425703,37,425740
3486,425945,19,425964
3487,426018,18,426036
3488,426069,20,426089
3489,426225,41,426266
3490,426510,20,426530
3491,426531,7,426538
3492,426568,3,426571
3493,426653,23,426676
3494,426728,23,426751
3495,426854,26,426880
3496,426959,3,426962
3497,427001,17,427018
3498,427071,16,427087
3499,427175,11,427186
3500,427311,33,427344
3501,427404,7,427411
3502,427422,62,427484
3503,427514,7,427521
3504,427524,21,427545
3505,427696,14,427710
3506,428078,14,428092
3507,428110,4,428114
3508,428134,23,428157
3509,428383,71,428454
3510,428603,8,428611
3511,428694,20,428714
3512,428794,4,428798
3513,429099,6,429105
3514,429148,33,429181
3515,429323,17,429340
3516,429373,2,429375
3517,429517,5,429522
3518,429828,15,429843
3519,429862,24,429886
3520,429914,121,430035
3521,430036,2,430038
3522,430167,20,430187
3523,430636,8,430644
3524,430806,92,430898
3525,430934,67,431001
3526,431016,5,431021
3527,431104,48,431152
3528,431252,4,431256
3529,431613,13,431626
3530,431637,30,431667
3531,431718,7,431725
3532,431794,40,431834
3533,431872,56,431928
3534,431994,4,431998
3535,432075,36,432111
3536,432165,14,432179
3537,432188,1,432189
3538,432320,17,432337
3539,432441,13,432454
3540,432573,5,432578
3541,432767,60,432827
3542,432852,21,432873
3543,432939,5,432944
3544,433330,12,433342
3545,433463,10,433473
3546,433732,17,433749
3547,433791,10,433801
3548,433823,3,433826
3549,434326,22,434348
3550,434349,19,434368
3551,434699,5,434704
3552,434735,32,434767
3553,434772,42,434814
3554,435031,1,435032
3555,435050,16,435066
3556,435196,25,435221
3557,435313,47,435360
3558,435380,4,435384
3559,435614,14,435628
3560,435836,21,435857
3561,435896,5,435901
3562,435911,2,435913
3563,435976,10,435986
3564,436020,13,436033
3565,436053,11,436064
3566,436095,7,436102
3567,436180,7,436187
3568,436219,30,436249
3569,436359,17,436376
3570,436532,2,436534
3571,436611,1,436612
3572,436928,19,436947
3573,436963,20,436983
3574,437276,12,437288
3575,437362,12,437374
3576,437409,1,437410
3577,437785,15,437800
3578,437831,2,437833
3579,437857,13,437870
3580,437974,3,437977
3581,438298,41,438339
3582,438440,32,438472
3583,438694,15,438709
3584,438729,7,438736
3585,438750,14,438764
3586,438786,2,438788
3587,438814,5,438819
3588,438920,23,438943
3589,439046,1,439047
3590,439167,43,439210
3591,439390,9,439399
3592,439422,5,439427
3593,439477,3,439480
3594,439737,9,439746
3595,439830,48,439878
3596,439974,30,440004
3597,440073,2,440075
3598,440239,39,440278
3599,440322,67,440389
3600,440412,16,440428
3601,441037,97,441134
3602,441331,25,441356
3603,441500,12,441512
3604,441746,5,441751
3605,441757,20,441777
3606,441790,30,441820
3607,441884,6,441890
3608,441919,4,441923
3609,441947,14,441961
3610,441973,9,441982
3611,442008,12,442020
3612,442038,10,442048
3613,442105,12,442117
3614,442189,20,442209
3615,442260,19,442279
3616,442280,17,442297
3617,442319,24,442343
3618,442386,18,442404
3619,442478,17,442495
3620,442548,2,442550
3621,442738,33,442771
3622,442793,22,442815
3623,442963,6,442969
3624,442971,7,442978
3625,443187,1,443188
3626,443311,10,443321
3627,443335,2,443337
3628,443535,8,443543
3629,443550,7,443557
3630,443600,21,443621
3631,443703,16,443719
3632,444063,18,444081
3633,444136,8,444144
3634,444309,10,444319
3635,444385,3,444388
3636,444526,37,444563
3637,444697,17,444714
3638,444761,1,444762
3639,444771,18,444789
3640,444934,4,444938
3641,445046,10,445056
3642,445201,48,445249
3643,445255,13,445268
3644,445401,12,445413
3645,445788,13,445801
3646,445937,38,445975
3647,446046,5,446051
3648,446114,9,446123
3649,446140,35,446175
3650,446179,10,446189
3651,446237,14,446251
3652,446290,5,446295
3653,446479,4,446483
3654,446541,6,446547
3655,447525,30,447555
3656,447563,37,447600
3657,447633,2,447635
3658,447708,12,447720
3659,447859,3,447862
3660,447966,35,448001
3661,448143,7,448150
3662,448222,28,448250
3663,448263,12,448275
3664,448354,15,448369
3665,448411,15,448426
3666,448440,37,448477
3667,448551,15,448566
3668,448663,7,448670
3669,448902,23,448925
3670,449051,18,449069
3671,449238,12,449250
3672,449289,3,449292
3673,449308,44,449352
3674,449467,12,449479
3675,449501,3,449504
3676,449608,35,449643
3677,449715,36,449751
3678,449837,2,449839
3679,450069,17,450086
3680,450135,29,450164
3681,450346,33,450379
3682,450650,12,450662
3683,450695,19,450714
3684,450730,37,450767
3685,450795,34,450829
3686,450831,19,450850
3687,450869,22,450891
3688,450929,22,450951
3689,450958,19,450977
3690,451065,2,451067
3691,451313,12,451325
3692,451716,11,451727
3693,451789,2,451791
3694,451966,19,451985
3695,452133,167,452300
3696,452354,5,452359
3697,452362,7,452369
3698,452515,7,452522
3699,452673,36,452709
3700,452735,29,452764
3701,452842,26,452868
3702,453000,30,453030
3703,453288,51,453339
3704,453595,9,453604
3705,453768,23,453791
3706,453882,2,453884
3707,454339,42,454381
3708,454623,57,454680
3709,454734,28,454762
3710,455492,9,455501
3711,455512,58,455570
3712,455693,7,455700
3713,455712,4,455716
3714,455894,71,455965
3715,456014,52,456066
3716,456211,1,456212
3717,456236,110,456346
3718,456350,20,456370
3719,456482,11,456493
3720,456557,21,456578
3721,456587,69,456656
3722,456723,92,456815
3723,456972,6,456978
3724,457001,46,457047
3725,457172,15,457187
3726,457221,5,457226
3727,457386,25,457411
3728,457621,8,457629
3729,457678,23,457701
3730,457791,18,457809
3731,457951,14,457965
3732,458049,3,458052
3733,458056,8,458064
3734,458146,17,458163
3735,458170,11,458181
3736,458647,8,458655
3737,459246,46,459292
3738,459626,18,459644
3739,459688,2,459690
3740,460124,66,460190
3741,460260,2,460262
3742,460318,3,460321
3743,460473,8,460481
3744,460701,8,460709
3745,461095,20,461115
3746,461138,19,461157
3747,461188,14,461202
3748,461437,2,461439
3749,461615,15,461630
3750,461937,9,461946
3751,462020,3,462023
3752,462244,40,462284
3753,462413,79,462492
3754,462500,31,462531
3755,462598,16,462614
3756,462743,26,462769
3757,462936,2,462938
3758,462945,5,462950
3759,463150,15,463165
3760,463184,6,463190
3761,463236,21,463257
3762,463417,6,463423
3763,463463,2,463465
3764,463502,12,463514
3765,463565,4,463569
3766,463598,4,463602
3767,463639,33,463672
3768,463771,80,463851
3769,463973,34,464007
3770,464043,4,464047
3771,464128,20,464148
3772,464306,11,464317
3773,464507,20,464527
3774,464757,3,464760
3775,464907,19,464926
3776,465087,6,465093
3777,465114,34,465148
3778,465416,5,465421
3779,465558,8,465566
3780,465794,4,465798
3781,465816,2,465818
3782,466192,9,466201
3783,466322,3,466325
3784,466634,22,466656
3785,466894,2,466896
3786,466917,18,466935
3787,467240,98,467338
3788,467414,2,467416
3789,467532,6,467538
3790,467574,3,467577
3791,467649,10,467659
3792,467719,4,467723
3793,467794,7,467801
3794,467887,33,467920
3795,467942,5,467947
3796,468517,21,468538
3797,468572,2,468574
3798,468688,7,468695
3799,468718,14,468732
3800,468757,4,468761
3801,468789,7,468796
3802,468900,15,468915
3803,469033,18,469051
3804,469062,26,469088
3805,469106,35,469141
3806,469253,19,469272
3807,469440,9,469449
3808,469491,39,469530
3809,469628,20,469648
3810,469670,20,469690
3811,469817,10,469827
3812,470077,7,470084
3813,470157,5,470162
3814,470176,12,470188
3815,470235,25,470260
3816,470303,27,470330
3817,470449,38,470487
3818,470494,17,470511
3819,470517,65,470582
3820,470860,30,470890
3821,471078,45,471123
3822,471204,50,471254
3823,471561,2,471563
3824,471784,32,471816
3825,471875,4,471879
3826,472009,49,472058
3827,472214,30,472244
3828,472290,34,472324
3829,472387,15,472402
3830,472406,26,472432
3831,472566,5,472571
3832,472622,2,472624
3833,472704,22,472726
3834,472738,7,472745
3835,472877,28,472905
3836,472927,48,472975
3837,472986,21,473007
3838,473027,31,473058
3839,473091,8,473099
3840,473177,7,473184
3841,473267,60,473327
3842,473337,21,473358
3843,473755,72,473827
3844,473893,24,473917
3845,473958,3,473961
3846,474003,3,474006
3847,474075,17,474092
3848,474131,13,474144
3849,474192,49,474241
3850,474409,73,474482
3851,474529,36,474565
3852,474700,23,474723
3853,474906,2,474908
3854,475153,23,475176
3855,475263,27,475290
3856,475384,4,475388
3857,475404,4,475408
3858,475592,7,475599
3859,475616,23,475639
3860,475745,20,475765
3861,475774,10,475784
3862,475797,18,475815
3863,475965,26,475991
3864,476049,32,476081
3865,476260,10,476270
3866,476349,44,476393
3867,476400,47,476447
3868,476511,1,476512
3869,476662,35,476697
3870,476872,29,476901
3871,476923,20,476943
3872,476965,40,477005
3873,477011,10,477021
3874,477026,13,477039
3875,477345,19,477364
3876,477439,1,477440
3877,477467,3,477470
3878,477544,15,477559
3879,477576,4,477580
3880,477602,2,477604
3881,477609,26,477635
3882,477710,11,477721
3883,477825,13,477838
3884,478275,18,478293
3885,478371,7,478378
3886,478435,34,478469
3887,478644,51,478695
3888,478705,10,478715
3889,478743,22,478765
3890,478813,36,478849
3891,478931,2,478933
3892,478976,40,479016
3893,479239,17,479256
3894,479345,15,479360
3895,479379,7,479386
3896,479453,9,479462
3897,479586,24,479610
3898,479669,8,479677
3899,479720,40,479760
3900,479931,45,479976
3901,480243,3,480246
3902,480284,18,480302
3903,480303,13,480316
3904,480402,8,480410
3905,480501,4,480505
3906,480594,9,480603
3907,480621,63,480684
3908,480718,3,480721
3909,480723,46,480769
3910,480888,35,480923
3911,481094,6,481100
3912,481116,9,481125
3913,481154,13,481167
3914,481197,12,481209
3915,481309,1,481310
3916,481376,3,481379
3917,481393,25,481418
3918,481429,43,481472
3919,481533,1,481534
3920,481660,11,481671
3921,481706,12,481718
3922,481822,19,481841
3923,481911,7,481918
3924,482244,30,482274
3925,482432,9,482441
3926,482446,1,482447
3927,482480,1,482481
3928,482533,11,482544
3929,482553,4,482557
3930,482679,13,482692
3931,482805,23,482828
3932,482950,2,482952
3933,482959,9,482968
3934,482973,7,482980
3935,482991,36,483027
3936,483062,18,483080
3937,483447,17,483464
3938,483477,3,483480
3939,483529,31,483560
3940,483589,2,483591
3941,483701,44,483745
3942,483811,23,483834
3943,484027,11,484038
3944,484077,14,484091
3945,484148,25,484173
3946,484322,34,484356
3947,484607,2,484609
3948,484732,7,484739
3949,484747,43,484790
3950,484849,4,484853
3951,484937,6,484943
3952,484994,10,485004
3953,485157,44,485201
3954,485242,2,485244
3955,485288,5,485293
3956,485473,9,485482
3957,485492,4,485496
3958,485786,3,485789
3959,485969,33,486002
3960,486136,3,486139
3961,486327,4,486331
3962,486430,4,486434
3963,486959,12,486971
3964,486994,32,487026
3965,487140,2,487142
3966,487201,14,487215
3967,487277,15,487292
3968,487297,21,487318
3969,487433,71,487504
3970,487610,6,487616
3971,487665,12,487677
3972,487682,10,487692
3973,487841,7,487848
3974,488061,6,488067
3975,488076,40,488116
3976,488281,35,488316
3977,488339,76,488415
3978,488459,10,488469
3979,488485,1,488486
3980,488657,32,488689
3981,488838,2,488840
3982,488933,5,488938
3983,489107,15,489122
3984,489142,4,489146
3985,489285,4,489289
3986,489366,6,489372
3987,489559,16,489575
3988,489863,5,489868
3989,489918,11,489929
3990,489952,24,489976
3991,490461,6,490467
3992,490677,2,490679
3993,490785,11,490796
3994,490804,4,490808
3995,490919,2,490921
3996,491041,9,491050
3997,491169,55,491224
3998,491242,30,491272
3999,491324,1,491325
4000,491343,24,491367
4001,491378,48,491426
4002,491459,26,491485
4003,491575,27,491602
4004,491726,9,491735
4005,492084,32,492116
4006,492334,18,492352
4007,492674,3,492677
4008,492764,2,492766
4009,492902,22,492924
4010,493105,4,493109
4011,493224,34,493258
4012,493384,12,493396
4013,493512,26,493538
4014,493539,15,493554
4015,493605,16,493621
4016,493733,6,493739
4017,493757,6,493763
4018,493865,43,493908
4019,494004,3,494007
4020,494095,7,494102
4021,494159,19,494178
4022,494211,24,494235
4023,494242,7,494249
4024,494429,41,494470
4025,494483,12,494495
4026,494596,23,494619
4027,494717,41,494758
4028,494974,22,494996
4029,495163,6,495169
4030,495244,121,495365
4031,495920,9,495929
4032,496122,42,496164
4033,496330,2,496332
4034,496406,33,496439
4035,496630,12,496642
4036,496670,22,496692
4037,496706,29,496735
4038,496854,6,496860
4039,496931,8,496939
4040,496962,5,496967
4041,497008,28,497036
4042,497075,1,497076
4043,497177,3,497180
4044,497398,4,497402
4045,497505,3,497508
4046,497833,11,497844
4047,497845,18,497863
4048,498058,12,498070
4049,498108,8,498116
4050,498243,3,498246
4051,498369,89,498458
4052,498574,7,498581
4053,498624,46,498670
4054,498754,51,498805
4055,499338,1,499339
4056,499363,24,499387
4057,499429,15,499444
4058,499456,14,499470
4059,499672,4,499676
4060,499733,4,499737
4061,499979,42,500021
4062,500084,5,500089
4063,500201,8,500209
4064,500321,14,500335
4065,500584,26,500610
4066,500762,17,500779
4067,501104,2,501106
4068,501176,48,501224
4069,501250,15,501265
4070,501435,15,501450
4071,501506,10,501516
4072,501624,33,501657
4073,501767,2,501769
4074,501770,25,501795
4075,501824,26,501850
4076,501994,13,502007
4077,502102,34,502136
4078,502179,25,502204
4079,502234,2,502236
4080,502248,13,502261
4081,502291,8,502299
4082,502308,24,502332
4083,502366,35,502401
4084,502494,24,502518
4085,502535,10,502545
4086,502558,41,502599
4087,502722,20,502742
4088,502776,3,502779
4089,502831,28,502859
4090,502924,4,502928
4091,502979,8,502987
4092,503130,6,503136
4093,503185,4,503189
4094,503270,1,503271
4095,503281,30,503311
4096,503517,9,503526
4097,503594,45,503639
4098,503717,19,503736
4099,503987,22,504009
4100,504155,7,504162
4101,504170,5,504175
4102,504565,5,504570
4103,504717,4,504721
4104,504791,2,504793
4105,504808,29,504837
4106,504904,22,504926
4107,505112,33,505145
4108,505262,5,505267
4109,505285,7,505292
4110,505326,19,505345
4111,505411,1,505412
4112,505560,2,505562
4113,505879,64,505943
4114,506065,27,506092
4115,506106,15,506121
4116,506136,57,506193
4117,506381,28,506409
4118,506503,17,506520
4119,506882,13,506895
4120,507085,43,507128
4121,507483,67,507550
4122,507649,19,507668
4123,507687,55,507742
4124,507992,27,508019
4125,508082,6,508088
4126,508169,41,508210
4127,508314,21,508335
4128,508491,15,508506
4129,508807,9,508816
4130,508900,13,508913
4131,509045,16,509061
4132,509103,18,509121
4133,509130,15,509145
4134,509441,34,509475
4135,509656,23,509679
4136,509732,23,509755
4137,509945,11,509956
4138,510196,6,510202
4139,510444,6,510450
4140,510457,7,510464
4141,510495,34,510529
4142,510531,27,510558
4143,510591,8,510599
4144,510869,56,510925
4145,511011,33,511044
4146,511056,6,511062
4147,511431,14,511445
4148,511448,17,511465
4149,511718,117,511835
4150,511897,6,511903
4151,511937,29,511966
4152,512036,15,512051
4153,512220,70,512290
4154,512328,21,512349
4155,512356,12,512368
4156,512373,18,512391
4157,512600,67,512667
4158,512677,5,512682
4159,512807,39,512846
4160,513223,38,513261
4161,513307,11,513318
4162,513358,4,513362
4163,513367,15,513382
4164,513614,23,513637
4165,513707,14,513721
4166,513774,11,513785
4167,513904,10,513914
4168,514000,22,514022
4169,514038,13,514051
4170,514112,3,514115
4171,514127,6,514133
4172,514159,5,514164
4173,514276,28,514304
4174,514377,19,514396
4175,514441,38,514479
4176,514528,2,514530
4177,514610,1,514611
4178,514622,32,514654
4179,514743,14,514757
4180,514784,27,514811
4181,514812,31,514843
4182,515259,12,515271
4183,515432,3,515435
4184,515546,47,515593
4185,515635,12,515647
4186,515708,99,515807
4187,515820,26,515846
4188,516023,15,516038
4189,516160,6,516166
4190,516275,5,516280
4191,516365,11,516376
4192,516447,2,516449
4193,516778,21,516799
4194,516989,25,517014
4195,517050,18,517068
4196,517162,69,517231
4197,517278,40,517318
4198,517675,28,517703
4199,517831,14,517845
4200,517850,32,517882
4201,518145,14,518159
4202,518304,8,518312
4203,518542,47,518589
4204,518701,3,518704
4205,518749,27,518776
4206,518778,10,518788
4207,518891,13,518904
4208,518905,20,518925
4209,519130,8,519138
4210,519210,19,519229
4211,519614,7,519621
4212,519624,41,519665
4213,519708,55,519763
4214,519803,6,519809
4215,519966,19,519985
4216,519993,14,520007
4217,520038,16,520054
4218,520202,11,520213
4219,520244,8,520252
4220,520488,39,520527
4221,520562,9,520571
4222,520870,13,520883
4223,520996,1,520997
4224,521153,9,521162
4225,521320,29,521349
4226,521436,59,521495
4227,521858,2,521860
4228,521906,119,522025
4229,522070,11,522081
4230,522232,5,522237
4231,522324,3,522327
4232,522330,34,522364
4233,522485,10,522495
4234,522531,39,522570
4235,522711,15,522726
4236,522784,5,522789
4237,522985,6,522991
4238,523015,12,523027
4239,523583,1,523584
4240,523588,48,523636
4241,523653,24,523677
4242,523730,3,523733
4243,523780,12,523792
4244,523819,10,523829
4245,524082,24,524106
4246,524177,3,524180
4247,524283,3,524286
4248,524392,4,524396
4249,524530,12,524542
4250,524568,49,524617
4251,524768,7,524775
4252,524884,23,524907
4253,524969,4,524973
4254,525026,50,525076
4255,525114,18,525132
4256,525148,11,525159
4257,525275,11,525286
4258,525347,15,525362
4259,525435,12,525447
4260,525545,34,525579
4261,525677,115,525792
4262,526027,26,526053
4263,526159,11,526170
4264,526306,8,526314
4265,526317,1,526318
4266,526340,26,526366
4267,526410,3,526413
4268,526553,4,526557
4269,526565,73,526638
4270,526703,3,526706
4271,526729,64,526793
4272,526797,6,526803
4273,526819,1,526820
4274,526887,7,526894
4275,526986,12,526998
4276,527057,2,527059
4277,527193,28,527221
4278,527364,4,527368
4279,527422,14,527436
4280,527666,4,527670
4281,527782,5,527787
4282,527831,10,527841
4283,528139,56,528195
4284,528244,2,528246
4285,528457,2,528459
4286,528483,9,528492
4287,528580,30,528610
4288,529028,33,529061
4289,529097,9,529106
4290,529132,6,529138
4291,529172,17,529189
4292,529206,23,529229
4293,529247,9,529256
4294,529261,13,529274
4295,529299,1,529300
4296,529434,12,529446
4297,529461,16,529477
4298,529514,10,529524
4299,529533,15,529548
4300,529579,34,529613
4301,529825,18,529843
4302,529922,16,529938
4303,530022,29,530051
4304,530083,11,530094
4305,530097,6,530103
4306,530175,49,530224
4307,530264,101,530365
4308,530400,11,530411
4309,530433,13,530446
4310,530497,32,530529
4311,530532,33,530565
4312,530872,49,530921
4313,530986,37,531023
4314,531206,33,531239
4315,531351,42,531393
4316,531428,38,531466
4317,531693,12,531705
4318,531846,35,531881
4319,531889,66,531955
4320,531997,15,532012
4321,532067,16,532083
4322,532090,5,532095
4323,532104,11,532115
4324,532189,66,532255
4325,532405,5,532410
4326,532527,2,532529
4327,532623,7,532630
4328,532714,46,532760
4329,532770,48,532818
4330,533064,6,533070
4331,533137,3,533140
4332,533276,61,533337
4333,533371,5,533376
4334,533454,14,533468
4335,533569,3,533572
4336,533774,8,533782
4337,533878,4,533882
4338,533891,58,533949
4339,533954,29,533983
4340,534162,28,534190
4341,534591,3,534594
4342,534643,47,534690
4343,534796,43,534839
4344,534887,12,534899
4345,535075,19,535094
4346,535203,3,535206
4347,535231,7,535238
4348,535574,4,535578
4349,535599,3,535602
4350,535640,1,535641
4351,535658,24,535682
4352,535771,10,535781
4353,535787,54,535841
4354,535852,20,535872
4355,535975,27,536002
4356,536303,4,536307
4357,536414,13,536427
4358,536451,5,536456
4359,536523,71,536594
4360,536598,4,536602
4361,536627,6,536633
4362,536675,32,536707
4363,536714,34,536748
4364,536763,17,536780
4365,536952,10,536962
4366,537020,39,537059
4367,537111,29,537140
4368,537748,23,537771
4369,537849,59,537908
4370,537996,18,538014
4371,538027,21,538048
4372,538257,32,538289
4373,538317,28,538345
4374,538418,19,538437
4375,538452,13,538465
4376,538517,40,538557
4377,538570,5,538575
4378,538581,15,538596
4379,538598,32,538630
4380,538660,44,538704
4381,538866,24,538890
4382,538924,18,538942
4383,539068,77,539145
4384,539186,42,539228
4385,539349,3,539352
4386,539368,14,539382
4387,539451,6,539457
4388,539470,6,539476
4389,539695,18,539713
4390,540232,21,540253
4391,540281,6,540287
4392,540472,25,540497
4393,540636,9,540645
4394,540677,4,540681
4395,540732,4,540736
4396,540769,10,540779
4397,540888,21,540909
4398,541310,43,541353
4399,541495,8,541503
4400,541595,1,541596
4401,541624,10,541634
4402,541898,29,541927
4403,541957,26,541983
4404,542355,1,542356
4405,542540,25,542565
4406,542629,34,542663
4407,542748,22,542770
4408,542936,30,542966
4409,543442,19,543461
4410,543486,14,543500
4411,543513,25,543538
4412,543596,10,543606
4413,543697,21,543718
4414,543738,26,543764
4415,543939,8,543947
4416,544087,3,544090
4417,544213,44,544257
4418,544311,29,544340
4419,544352,25,544377
4420,544400,48,544448
4421,544459,5,544464
4422,544627,2,544629
4423,544737,1,544738
4424,544831,20,544851
4425,545013,26,545039
4426,545337,4,545341
4427,545562,32,545594
4428,545649,5,545654
4429,545917,45,545962
4430,546099,4,546103
4431,546175,9,546184
4432,546211,41,546252
4433,546288,14,546302
4434,546410,16,546426
4435,546515,11,546526
4436,546666,18,546684
4437,546769,16,546785
4438,546878,40,546918
4439,546949,22,546971
4440,547240,5,547245
4441,547404,21,547425
4442,547461,1,547462
4443,547618,16,547634
4444,547637,24,547661
4445,547684,20,547704
4446,547908,11,547919
4447,548013,14,548027
4448,548216,12,548228
4449,548267,24,548291
4450,548345,12,548357
4451,548642,85,548727
4452,548941,14,548955
4453,549002,1,549003
4454,549073,59,549132
4455,549378,29,549407
4456,549428,6,549434
4457,549437,40,549477
4458,549491,30,549521
4459,549525,15,549540
4460,549678,6,549684
4461,549719,21,549740
4462,549820,12,549832
4463,549965,7,549972
4464,550198,6,550204
4465,550353,2,550355
4466,550369,15,550384
4467,550437,28,550465
4468,550727,10,550737
4469,550822,11,550833
4470,551014,5,551019
4471,551101,1,551102
4472,551166,5,551171
4473,551193,52,551245
4474,551457,1,551458
4475,551504,44,551548
4476,551701,3,551704
4477,551870,8,551878
4478,551986,17,552003
4479,552060,23,552083
4480,552106,18,552124
4481,552189,7,552196
4482,552214,4,552218
4483,552219,6,552225
4484,552235,7,552242
4485,552273,9,552282
4486,552329,5,552334
4487,552349,7,552356
4488,552552,19,552571
4489,552590,3,552593
4490,552597,46,552643
4491,552840,6,552846
4492,552878,17,552895
4493,552961,2,552963
4494,553003,19,553022
4495,553145,13,553158
4496,553159,55,553214
4497,553317,29,553346
4498,553933,11,553944
4499,554021,68,554089
4500,554215,60,554275
4501,554304,55,554359
4502,554390,10,554400
4503,554458,44,554502
4504,554510,5,554515
4505,554627,27,554654
4506,554673,6,554679
4507,554696,27,554723
4508,554749,32,554781
4509,554786,13,554799
4510,554909,12,554921
4511,554935,2,554937
4512,554945,82,555027
4513,555039,25,555064
4514,555364,1,555365
4515,555540,28,555568
4516,555652,2,555654
4517,555847,43,555890
4518,556075,48,556123
4519,556345,64,556409
4520,556867,51,556918
4521,556951,10,556961
4522,557002,22,557024
4523,557048,14,557062
4524,557084,6,557090
4525,557237,20,557257
4526,557483,8,557491
4527,557536,15,557551
4528,557580,19,557599
4529,557634,27,557661
4530,557783,27,557810
4531,558087,21,558108
4532,558160,35,558195
4533,558263,9,558272
4534,558341,8,558349
4535,558380,7,558387
4536,558441,2,558443
4537,558749,4,558753
4538,558771,5,558776
4539,559100,16,559116
4540,559215,26,559241
4541,559265,92,559357
4542,559513,15,559528
4543,559581,4,559585
4544,559933,48,559981
4545,559983,27,560010
4546,560080,3,560083
4547,560260,8,560268
4548,560349,15,560364
4549,560453,11,560464
4550,560873,64,560937
4551,561051,39,561090
4552,561173,30,561203
4553,561658,18,561676
4554,561877,37,561914
4555,562095,8,562103
4556,562126,34,562160
4557,562446,5,562451
4558,562454,13,562467
4559,562533,4,562537
4560,562641,8,562649
4561,562735,11,562746
4562,562751,32,562783
4563,562804,13,562817
4564,562867,7,562874
4565,563581,35,563616
4566,563641,2,563643
4567,563670,56,563726
4568,563745,2,563747
4569,563854,66,563920
4570,563942,3,563945
4571,564039,12,564051
4572,564299,49,564348
4573,564370,19,564389
4574,564488,4,564492
4575,564552,42,564594
4576,564626,16,564642
4577,564657,19,564676
4578,564688,10,564698
4579,564846,27,564873
4580,564963,22,564985
4581,565197,39,565236
4582,565370,7,565377
4583,565380,2,565382
4584,565580,18,565598
4585,565640,33,565673
4586,565674,14,565688
4587,565763,2,565765
4588,565776,26,565802
4589,565862,4,565866
4590,566129,3,566132
4591,566247,10,566257
4592,566386,77,566463
4593,566523,27,566550
4594,566651,23,566674
4595,566710,5,566715
4596,566852,2,566854
4597,566938,27,566965
4598,566998,82,567080
4599,567104,16,567120
4600,567164,61,567225
4601,567449,4,567453
4602,567522,41,567563
4603,567784,6,567790
4604,567835,17,567852
4605,567966,34,568000
4606,568147,3,568150
4607,568227,10,568237
4608,568364,33,568397
4609,568505,40,568545
4610,568622,13,568635
4611,568777,24,568801
4612,568899,17,568916
4613,568945,11,568956
4614,569165,31,569196
4615,569348,21,569369
4616,569387,3,569390
4617,569724,1,569725
4618,569762,5,569767
4619,569924,1,569925
4620,570061,22,570083
4621,570138,2,570140
4622,570215,40,570255
4623,570334,25,570359
4624,570366,8,570374
4625,570536,21,570557
4626,570858,6,570864
4627,570882,29,570911
4628,571034,11,571045
4629,571106,19,571125
4630,571170,9,571179
4631,571202,83,571285
4632,571321,16,571337
4633,571477,7,571484
4634,571612,6,571618
4635,571742,34,571776
4636,571831,3,571834
4637,571852,3,571855
4638,571935,1,571936
4639,572118,6,572124
4640,572218,22,572240
4641,572358,21,572379
4642,572514,4,572518
4643,572637,2,572639
4644,572661,25,572686
4645,572787,16,572803
4646,572817,41,572858
4647,572896,17,572913
4648,572928,9,572937
4649,572943,4,572947
4650,572955,4,572959
4651,573116,23,573139
4652,573247,28,573275
4653,573337,5,573342
4654,573417,9,573426
4655,573438,72,573510
4656,573611,10,573621
4657,573672,31,573703
4658,573706,5,573711
4659,573807,28,573835
4660,573978,26,574004
4661,574054,13,574067
4662,574070,3,574073
4663,574114,10,574124
4664,574252,5,574257
4665,574263,18,574281
4666,574676,28,574704
4667,574812,16,574828
4668,574834,17,574851
4669,574876,2,574878
4670,574914,32,574946
4671,574978,16,574994
4672,575052,61,575113
4673,575503,2,575505
4674,575508,20,575528
4675,575556,16,575572
4676,575862,7,575869
4677,576184,6,576190
4678,576247,4,576251
4679,576263,15,576278
4680,576288,20,576308
4681,576518,2,576520
4682,576618,49,576667
4683,576685,1,576686
4684,576763,12,576775
4685,577139,8,577147
4686,577189,18,577207
4687,577365,6,577371
4688,577458,19,577477
4689,577530,2,577532
4690,577545,28,577573
4691,577770,38,577808
4692,577898,27,577925
4693,578125,25,578150
4694,578368,4,578372
4695,578377,1,578378
4696,578564,5,578569
4697,578583,20,578603
4698,578619,6,578625
4699,578671,16,578687
4700,578713,29,578742
4701,578816,11,578827
4702,579182,1,579183
4703,579215,32,579247
4704,579352,5,579357
4705,579524,6,579530
4706,579588,14,579602
4707,579619,18,579637
4708,579712,17,579729
4709,579871,15,579886
4710,580101,8,580109
4711,580708,13,580721
4712,580744,60,580804
4713,581033,13,581046
4714,581096,16,581112
4715,581160,7,581167
4716,581305,4,581309
4717,581374,24,581398
4718,581494,28,581522
4719,581554,10,581564
4720,581577,14,581591
4721,581642,2,581644
4722,581835,8,581843
4723,581941,11,581952
4724,581958,22,581980
4725,582158,3,582161
4726,582194,28,582222
4727,582248,5,582253
4728,582313,45,582358
4729,582470,63,582533
4730,582546,22,582568
4731,582577,29,582606
4732,582634,1,582635
4733,582686,8,582694
4734,582701,62,582763
4735,582836,13,582849
4736,582983,3,582986
4737,583040,31,583071
4738,583384,8,583392
4739,583433,4,583437
4740,583564,2,583566
4741,583671,27,583698
4742,583722,14,583736
4743,583783,19,583802
4744,583834,15,583849
4745,583913,14,583927
4746,584252,22,584274
4747,584293,3,584296
4748,584312,1,584313
4749,584409,16,584425
4750,584825,7,584832
4751,584905,1,584906
4752,584958,42,585000
4753,585202,8,585210
4754,585232,30,585262
4755,585346,5,585351
4756,585375,47,585422
4757,585440,14,585454
4758,585611,15,585626
4759,585843,1,585844
4760,586065,25,586090
4761,586369,9,586378
4762,586779,17,586796
4763,587297,40,587337
4764,587687,5,587692
4765,587717,32,587749
4766,587802,9,587811
4767,587879,5,587884
4768,587959,12,587971
4769,588052,13,588065
4770,588168,5,588173
4771,588299,12,588311
4772,588357,1,588358
4773,588433,42,588475
4774,588526,41,588567
4775,588575,48,588623
4776,588655,6,588661
4777,588700,21,588721
4778,588990,21,589011
4779,589060,1,589061
4780,589325,12,589337
4781,589554,13,589567
4782,589802,14,589816
4783,589901,21,589922
4784,590360,2,590362
4785,590576,33,590609
4786,590615,15,590630
4787,590674,8,590682
4788,590720,22,590742
4789,590768,53,590821
4790,590969,8,590977
4791,591138,2,591140
4792,591156,60,591216
4793,591379,16,591395
4794,591414,3,591417
4795,591549,45,591594
4796,591676,16,591692
4797,591717,25,591742
4798,591809,25,591834
4799,592015,67,592082
4800,592100,3,592103
4801,592112,25,592137
4802,592292,22,592314
4803,592356,22,592378
4804,592437,3,592440
4805,592495,22,592517
4806,592650,8,592658
4807,592773,21,592794
4808,593027,8,593035
4809,593059,3,593062
4810,593105,14,593119
4811,593174,20,593194
4812,593243,20,593263
4813,593313,40,593353
4814,593373,26,593399
4815,593404,5,593409
4816,593677,20,593697
4817,593804,1,593805
4818,593895,16,593911
4819,593922,8,593930
4820,594113,14,594127
4821,594408,27,594435
4822,594443,7,594450
4823,594843,3,594846
4824,594990,9,594999
4825,595277,22,595299
4826,595400,20,595420
4827,595449,9,595458
4828,595731,23,595754
4829,595897,6,595903
4830,596117,11,596128
4831,596137,27,596164
4832,596185,38,596223
4833,596479,1,596480
4834,596538,6,596544
4835,596573,1,596574
4836,596587,32,596619
4837,596774,15,596789
4838,596819,30,596849
4839,596898,64,596962
4840,597216,2,597218
4841,597367,5,597372
4842,597447,5,597452
4843,597746,28,597774
4844,597838,10,597848
4845,598097,4,598101
4846,598161,13,598174
4847,598186,4,598190
4848,598235,16,598251
4849,598400,18,598418
4850,598522,29,598551
4851,598778,6,598784
4852,598909,11,598920
4853,598952,38,598990
4854,599105,8,599113
4855,599258,12,599270
4856,599406,1,599407
4857,599820,8,599828
4858,599858,75,599933
4859,599977,20,599997
4860,600130,11,600141
4861,600417,3,600420
4862,600447,5,600452
4863,600480,88,600568
4864,600675,22,600697
4865,600724,21,600745
4866,600878,15,600893
4867,600929,22,600951
4868,601015,4,601019
4869,601059,2,601061
4870,601127,7,601134
4871,601190,7,601197
4872,601440,13,601453
4873,601693,40,601733
4874,601908,12,601920
4875,601952,38,601990
4876,602230,14,602244
4877,602280,12,602292
4878,602324,45,602369
4879,602432,23,602455
4880,602480,28,602508
4881,602527,11,602538
4882,602584,16,602600
4883,602680,27,602707
4884,602813,14,602827
4885,602876,49,602925
4886,602989,27,603016
4887,603061,3,603064
4888,603110,11,603121
4889,603286,15,603301
4890,603508,8,603516
4891,603815,4,603819
4892,603915,80,603995
4893,604045,5,604050
4894,604110,4,604114
4895,604143,3,604146
4896,604247,16,604263
4897,604502,18,604520
4898,604588,1,604589
4899,604619,23,604642
4900,604885,7,604892
4901,604934,27,604961
4902,605019,62,605081
4903,605098,9,605107
4904,605275,2,605277
4905,605322,58,605380
4906,605439,9,605448
4907,605550,3,605553
4908,605623,8,605631
4909,605730,9,605739
4910,605830,26,605856
4911,605977,9,605986
4912,606028,1,606029
4913,606080,7,606087
4914,606117,15,606132
4915,606135,14,606149
4916,606185,15,606200
4917,606269,8,606277
4918,606369,1,606370
4919,606442,11,606453
4920,606464,35,606499
4921,606513,16,606529
4922,606532,11,606543
4923,606760,36,606796
4924,606972,33,607005
4925,607190,29,607219
4926,607346,19,607365
4927,607814,5,607819
4928,607836,18,607854
4929,607874,8,607882
4930,607922,10,607932
4931,608019,17,608036
4932,608037,20,608057
4933,608060,8,608068
4934,608116,7,608123
4935,608215,12,608227
4936,608300,17,608317
4937,608519,4,608523
4938,608588,5,608593
4939,608674,30,608704
4940,608751,27,608778
4941,608947,93,609040
4942,609505,84,609589
4943,609675,46,609721
4944,609910,107,610017
4945,610029,13,610042
4946,610160,13,610173
4947,610231,1,610232
4948,610259,25,610284
4949,610335,50,610385
4950,610399,12,610411
4951,610648,31,610679
4952,610744,1,610745
4953,611022,21,611043
4954,611213,7,611220
4955,611272,23,611295
4956,611389,36,611425
4957,611681,4,611685
4958,611753,13,611766
4959,611868,4,611872
4960,612090,5,612095
4961,612154,7,612161
4962,612164,6,612170
4963,612296,18,612314
4964,612323,78,612401
4965,612418,14,612432
4966,612458,10,612468
4967,612487,14,612501
4968,612690,52,612742
4969,612885,4,612889
4970,612941,12,612953
4971,613293,10,613303
4972,613477,34,613511
4973,613615,37,613652
4974,613666,8,613674
4975,613782,10,613792
4976,613809,1,613810
4977,614097,17,614114
4978,614130,2,614132
4979,614315,2,614317
4980,614340,6,614346
4981,614445,35,614480
4982,614503,23,614526
4983,614544,1,614545
4984,614608,25,614633
4985,614674,11,614685
4986,614722,21,614743
4987,615013,38,615051
4988,615107,5,615112
4989,615205,33,615238
4990,615450,3,615453
4991,615514,8,615522
4992,615728,39,615767
4993,615927,15,615942
4994,616182,9,616191
4995,616672,34,616706
4996,616759,13,616772
4997,616789,25,616814
4998,616903,12,616915
4999,616925,3,616928
5000,616996,8,617004
5001,617032,37,617069
5002,617093,5,617098
5003,617243,12,617255
5004,617318,23,617341
5005,617413,19,617432
5006,617517,22,617539
5007,617565,8,617573
5008,617663,3,617666
5009,617765,12,617777
5010,617982,29,618011
5011,618212,31,618243
5012,618264,14,618278
5013,618445,28,618473
5014,618586,28,618614
5015,618752,37,618789
5016,618948,2,618950
5017,618970,14,618984
5018,619151,9,619160
5019,619306,5,619311
5020,619406,72,619478
5021,619521,18,619539
5022,619655,10,619665
5023,619689,25,619714
5024,619826,17,619843
5025,619991,35,620026
5026,620057,12,620069
5027,620085,57,620142
5028,620181,13,620194
5029,620239,4,620243
5030,620309,46,620355
5031,620403,15,620418
5032,620449,33,620482
5033,620668,2,620670
5034,620718,45,620763
5035,620824,20,620844
5036,620917,18,620935
5037,620940,2,620942
5038,621114,16,621130
5039,621139,30,621169
5040,621196,25,621221
5041,621415,14,621429
5042,621454,5,621459
5043,621462,39,621501
5044,621599,14,621613
5045,621764,14,621778
5046,621832,2,621834
5047,621863,19,621882
5048,621974,34,622008
5049,622121,52,622173
5050,622188,1,622189
5051,622308,22,622330
5052,622497,6,622503
5053,622552,1,622553
5054,622571,15,622586
5055,622587,16,622603
5056,622914,27,622941
5057,623028,55,623083
5058,623320,16,623336
5059,623403,34,623437
5060,623483,2,623485
5061,623539,8,623547
5062,623616,14,623630
5063,623702,23,623725
5064,623728,9,623737
5065,623811,39,623850
5066,623892,92,623984
5067,624110,33,624143
5068,624172,21,624193
5069,624378,40,624418
5070,624459,38,624497
5071,624546,55,624601
5072,624614,11,624625
5073,624712,14,624726
5074,624779,4,624783
5075,625042,3,625045
5076,625103,7,625110
5077,625140,5,625145
5078,625252,42,625294
5079,625296,16,625312
5080,625386,49,625435
5081,625461,24,625485
5082,625575,19,625594
5083,625689,30,625719
5084,625895,16,625911
5085,625930,13,625943
5086,625971,17,625988
5087,626058,20,626078
5088,626086,19,626105
5089,626110,13,626123
5090,626339,29,626368
5091,626426,2,626428
5092,626548,20,626568
5093,626592,9,626601
5094,626659,13,626672
5095,626681,25,626706
5096,626949,66,627015
5097,627070,25,627095
5098,627122,42,627164
5099,627195,10,627205
5100,627251,6,627257
5101,627268,27,627295
5102,627322,8,627330
5103,627344,46,627390
5104,627460,15,627475
5105,627739,17,627756
5106,627953,15,627968
5107,628607,59,628666
5108,628743,3,628746
5109,628940,19,628959
5110,628969,20,628989
5111,629482,2,629484
5112,629632,22,629654
5113,629734,37,629771
5114,629863,7,629870
5115,629897,16,629913
5116,630166,26,630192
5117,630403,21,630424
5118,630636,36,630672
5119,630728,24,630752
5120,630762,18,630780
5121,630788,6,630794
5122,631169,6,631175
5123,631177,5,631182
5124,631192,5,631197
5125,631226,6,631232
5126,631266,5,631271
5127,631290,6,631296
5128,631352,15,631367
5129,631390,4,631394
5130,631522,6,631528
5131,631678,26,631704
5132,631759,9,631768
5133,631827,26,631853
5134,632008,30,632038
5135,632243,12,632255
5136,632345,15,632360
5137,632447,33,632480
5138,632543,20,632563
5139,632599,5,632604
5140,632746,19,632765
5141,632816,6,632822
5142,633033,3,633036
5143,633051,65,633116
5144,633205,35,633240
5145,633288,61,633349
5146,633504,10,633514
5147,633696,1,633697
5148,633791,43,633834
5149,633842,35,633877
5150,633880,40,633920
5151,633976,70,634046
5152,634504,16,634520
5153,634727,30,634757
5154,634850,5,634855
5155,634936,36,634972
5156,635032,39,635071
5157,635089,62,635151
5158,635254,5,635259
5159,635290,42,635332
5160,635335,7,635342
5161,635356,3,635359
5162,635460,5,635465
5163,635562,5,635567
5164,635680,3,635683
5165,635686,11,635697
5166,635752,47,635799
5167,635987,2,635989
5168,636081,28,636109
5169,636311,10,636321
5170,636366,13,636379
5171,636479,6,636485
5172,636491,7,636498
5173,636527,14,636541
5174,636741,12,636753
5175,636761,68,636829
5176,636833,22,636855
5177,636856,5,636861
5178,636965,3,636968
5179,636995,9,637004
5180,637203,69,637272
5181,637402,23,637425
5182,637449,19,637468
5183,637474,5,637479
5184,637522,10,637532
5185,637637,21,637658
5186,637663,7,637670
5187,637810,3,637813
5188,637818,54,637872
5189,637993,12,638005
5190,638075,31,638106
5191,638123,4,638127
5192,638135,16,638151
5193,638185,23,638208
5194,638723,11,638734
5195,639374,1,639375
5196,639387,11,639398
5197,639515,26,639541
5198,639817,13,639830
5199,639891,18,639909
5200,639914,10,639924
5201,639980,14,639994
5202,640005,16,640021
5203,640233,26,640259
5204,640265,33,640298
5205,640359,5,640364
5206,640382,8,640390
5207,640406,36,640442
5208,640497,4,640501
5209,640556,7,640563
5210,640588,12,640600
5211,640601,1,640602
5212,640604,9,640613
5213,640708,7,640715
5214,641000,13,641013
5215,641100,15,641115
5216,641283,34,641317
5217,641402,8,641410
5218,641504,23,641527
5219,641835,36,641871
5220,641892,8,641900
5221,642145,30,642175
5222,642240,19,642259
5223,642278,6,642284
5224,642366,11,642377
5225,642575,41,642616
5226,642895,1,642896
5227,642902,15,642917
5228,643008,28,643036
5229,643207,17,643224
5230,643260,15,643275
5231,643319,3,643322
5232,643330,5,643335
5233,643351,22,643373
5234,643450,8,643458
5235,643657,11,643668
5236,643679,2,643681
5237,643740,11,643751
5238,643762,9,643771
5239,643796,7,643803
5240,644087,22,644109
5241,644402,10,644412
5242,644550,45,644595
5243,644790,10,644800
5244,644846,3,644849
5245,645140,12,645152
5246,645183,1,645184
5247,645319,54,645373
5248,645385,6,645391
5249,645461,33,645494
5250,645555,2,645557
5251,645934,32,645966
5252,646007,11,646018
5253,646060,12,646072
5254,646105,29,646134
5255,646241,7,646248
5256,646251,1,646252
5257,646308,25,646333
5258,646661,12,646673
5259,646865,20,646885
5260,646900,5,646905
5261,646924,13,646937
5262,646956,6,646962
5263,646973,17,646990
5264,647030,14,647044
5265,647168,9,647177
5266,647247,48,647295
5267,647436,29,647465
5268,647493,1,647494
5269,647501,19,647520
5270,647548,1,647549
5271,647581,19,647600
5272,647693,42,647735
5273,647793,2,647795
5274,647843,5,647848
5275,648027,4,648031
5276,648153,24,648177
5277,648633,50,648683
5278,648732,9,648741
5279,648819,64,648883
5280,648909,4,648913
5281,649048,1,649049
5282,649123,11,649134
5283,649318,49,649367
5284,649438,1,649439
5285,649527,27,649554
5286,649613,47,649660
5287,649755,37,649792
5288,649793,33,649826
5289,649840,6,649846
5290,649994,4,649998
5291,650059,31,650090
5292,650211,82,650293
5293,650542,1,650543
5294,650817,1,650818
5295,650927,2,650929
5296,651314,107,651421
5297,651580,4,651584
5298,651645,10,651655
5299,651664,16,651680
5300,651798,3,651801
5301,651951,12,651963
5302,652113,5,652118
5303,652370,16,652386
5304,652725,4,652729
5305,652788,19,652807
5306,652875,8,652883
5307,653029,15,653044
5308,653137,3,653140
5309,653200,7,653207
5310,653296,90,653386
5311,653670,2,653672
5312,653694,21,653715
5313,653748,15,653763
5314,653915,27,653942
5315,653947,26,653973
5316,654021,4,654025
5317,654069,60,654129
5318,654549,14,654563
5319,654739,6,654745
5320,654802,3,654805
5321,654848,13,654861
5322,655119,50,655169
5323,655288,24,655312
5324,655522,30,655552
5325,655716,21,655737
5326,655778,11,655789
5327,656024,4,656028
5328,656122,3,656125
5329,656139,2,656141
5330,656213,2,656215
5331,656354,4,656358
5332,656360,6,656366
5333,656371,34,656405
5334,656660,6,656666
5335,656757,12,656769
5336,657006,22,657028
5337,657077,7,657084
5338,657130,76,657206
5339,657278,4,657282
5340,657427,29,657456
5341,657552,47,657599
5342,657975,8,657983
5343,658059,5,658064
5344,658253,1,658254
5345,658437,12,658449
5346,658508,53,658561
5347,658645,18,658663
5348,658678,2,658680
5349,658718,13,658731
5350,658850,6,658856
5351,659113,6,659119
5352,659243,43,659286
5353,659371,1,659372
5354,659376,4,659380
5355,659413,3,659416
5356,659601,19,659620
5357,659745,5,659750
5358,659818,6,659824
5359,659901,23,659924
5360,659943,27,659970
5361,660436,18,660454
5362,660572,41,660613
5363,660720,13,660733
5364,660798,7,660805
5365,660867,6,660873
5366,660955,11,660966
5367,661049,39,661088
5368,661152,22,661174
5369,661525,7,661532
5370,661615,14,661629
5371,661681,18,661699
5372,661912,27,661939
5373,661949,15,661964
5374,662094,4,662098
5375,662153,3,662156
5376,662193,3,662196
5377,662421,7,662428
5378,662511,12,662523
5379,662671,5,662676
5380,662927,7,662934
5381,663087,6,663093
5382,663165,2,663167
5383,663275,27,663302
5384,663392,32,663424
5385,663578,2,663580
5386,663667,20,663687
5387,663772,9,663781
5388,664212,7,664219
5389,664227,18,664245
5390,664577,58,664635
5391,664930,14,664944
5392,665056,15,665071
5393,665072,23,665095
5394,665108,2,665110
5395,665164,13,665177
5396,665200,47,665247
5397,665365,27,665392
5398,665475,4,665479
5399,665621,31,665652
5400,665678,62,665740
5401,665946,46,665992
5402,666014,5,666019
5403,666038,10,666048
5404,666066,15,666081
5405,666211,2,666213
5406,666335,33,666368
5407,666468,109,666577
5408,666593,11,666604
5409,666645,37,666682
5410,666723,18,666741
5411,666932,61,666993
5412,667083,79,667162
5413,667172,43,667215
5414,667433,62,667495
5415,667501,2,667503
5416,667588,23,667611
5417,667622,2,667624
5418,667722,10,667732
5419,667955,4,667959
5420,668005,60,668065
5421,668073,12,668085
5422,668115,28,668143
5423,668163,6,668169
5424,668215,1,668216
5425,668323,6,668329
5426,668549,2,668551
5427,668584,14,668598
5428,668607,7,668614
5429,668797,2,668799
5430,668808,8,668816
5431,668837,2,668839
5432,668903,3,668906
5433,669122,2,669124
5434,669823,5,669828
5435,669849,1,669850
5436,669908,36,669944
5437,670031,35,670066
5438,670115,22,670137
5439,670374,3,670377
5440,670407,22,670429
5441,670554,55,670609
5442,670662,36,670698
5443,670785,30,670815
5444,670844,23,670867
5445,670929,12,670941
5446,670966,5,670971
5447,671356,4,671360
5448,671549,9,671558
5449,671599,29,671628
5450,671642,8,671650
5451,671764,6,671770
5452,671854,2,671856
5453,671972,9,671981
5454,671988,2,671990
5455,672030,69,672099
5456,672358,82,672440
5457,672470,6,672476
5458,672571,33,672604
5459,672607,15,672622
5460,672806,38,672844
5461,673179,23,673202
5462,673255,15,673270
5463,673283,53,673336
5464,673475,11,673486
5465,673490,10,673500
5466,673581,41,673622
5467,673641,17,673658
5468,673818,8,673826
5469,673856,14,673870
5470,673942,7,673949
5471,674297,4,674301
5472,674307,1,674308
5473,674339,6,674345
5474,674383,1,674384
5475,674409,64,674473
5476,674474,11,674485
5477,674656,5,674661
5478,674737,4,674741
5479,674960,23,674983
5480,675018,14,675032
5481,675053,4,675057
5482,675263,9,675272
5483,675347,31,675378
5484,675484,3,675487
5485,675509,46,675555
5486,675565,41,675606
5487,675805,96,675901
5488,675961,9,675970
5489,676006,65,676071
5490,676101,105,676206
5491,676273,64,676337
5492,676376,12,676388
5493,676418,7,676425
5494,676479,16,676495
5495,676559,3,676562
5496,676574,10,676584
5497,676616,10,676626
5498,676677,3,676680
5499,676753,11,676764
5500,677048,4,677052
5501,677219,9,677228
5502,677391,9,677400
5503,677482,1,677483
5504,677501,46,677547
5505,677589,16,677605
5506,677610,22,677632
5507,677646,19,677665
5508,677675,9,677684
5509,677729,30,677759
5510,677858,1,677859
5511,677878,7,677885
5512,677899,1,677900
5513,677990,4,677994
5514,678040,12,678052
5515,678453,24,678477
5516,678526,5,678531
5517,678763,1,678764
5518,679158,6,679164
5519,679345,7,679352
5520,679360,13,679373
5521,679379,1,679380
5522,680053,13,680066
5523,680309,9,680318
5524,680362,46,680408
5525,680436,25,680461
5526,680585,16,680601
5527,680953,17,680970
5528,680998,29,681027
5529,681103,2,681105
5530,681201,21,681222
5531,681251,21,681272
5532,681279,13,681292
5533,681304,11,681315
5534,681360,4,681364
5535,681457,37,681494
5536,681512,25,681537
5537,681551,12,681563
5538,681592,7,681599
5539,681616,1,681617
5540,681671,5,681676
5541,681969,33,682002
5542,682149,10,682159
5543,682183,15,682198
5544,682741,26,682767
5545,682997,45,683042
5546,683051,23,683074
5547,683380,22,683402
5548,683404,15,683419
5549,683455,17,683472
5550,683487,6,683493
5551,683739,14,683753
5552,683932,6,683938
5553,684088,16,684104
5554,684193,34,684227
5555,684392,6,684398
5556,684410,13,684423
5557,684511,7,684518
5558,684687,49,684736
5559,684825,32,684857
5560,684859,2,684861
5561,685340,80,685420
5562,685429,22,685451
5563,685607,6,685613
5564,685785,13,685798
5565,685921,24,685945
5566,685977,6,685983
5567,686111,4,686115
5568,686221,28,686249
5569,686424,5,686429
5570,686451,6,686457
5571,686489,26,686515
5572,686550,10,686560
5573,686667,23,686690
5574,686717,14,686731
5575,686874,28,686902
5576,686922,22,686944
5577,687136,44,687180
5578,687226,43,687269
5579,687786,29,687815
5580,688056,1,688057
5581,688074,29,688103
5582,688500,8,688508
5583,688617,1,688618
5584,688706,29,688735
5585,688768,4,688772
5586,689062,20,689082
5587,689271,56,689327
5588,689399,56,689455
5589,689466,1,689467
5590,689483,44,689527
5591,689606,34,689640
5592,689673,13,689686
5593,689828,15,689843
5594,690007,16,690023
5595,690072,22,690094
5596,690195,60,690255
5597,690307,3,690310
5598,690323,23,690346
5599,690627,16,690643
5600,690822,1,690823
5601,690884,81,690965
5602,691072,8,691080
5603,691081,9,691090
5604,691113,20,691133
5605,691263,35,691298
5606,691308,10,691318
5607,691646,51,691697
5608,691894,22,691916
5609,692112,17,692129
5610,692207,52,692259
5611,692571,11,692582
5612,692862,2,692864
5613,693009,25,693034
5614,693249,8,693257
5615,693280,8,693288
5616,693563,4,693567
5617,693569,49,693618
5618,693636,6,693642
5619,693647,2,693649
5620,693693,42,693735
5621,693748,79,693827
5622,693861,7,693868
5623,694165,33,694198
5624,694270,26,694296
5625,694429,26,694455
5626,694520,7,694527
5627,694754,8,694762
5628,694831,63,694894
5629,694937,29,694966
5630,695011,27,695038
5631,695315,30,695345
5632,695564,3,695567
5633,695639,7,695646
5634,695651,19,695670
5635,695690,61,695751
5636,695765,69,695834
5637,695860,10,695870
5638,695986,46,696032
5639,696146,62,696208
5640,696212,26,696238
5641,696243,9,696252
5642,696300,4,696304
5643,696310,2,696312
5644,696350,12,696362
5645,696549,11,696560
5646,696645,42,696687
5647,696763,64,696827
5648,696880,17,696897
5649,696910,4,696914
5650,697062,21,697083
5651,697214,30,697244
5652,697363,16,697379
5653,697447,15,697462
5654,697659,56,697715
5655,697791,6,697797
5656,697839,46,697885
5657,697935,19,697954
5658,698108,15,698123
5659,698282,29,698311
5660,698493,21,698514
5661,698594,4,698598
5662,698615,3,698618
5663,698682,6,698688
5664,698909,16,698925
5665,699017,12,699029
5666,699278,33,699311
5667,699336,31,699367
5668,699417,20,699437
5669,699518,16,699534
5670,699598,8,699606
5671,699638,7,699645
5672,699803,23,699826
5673,699844,4,699848
5674,699864,19,699883
5675,700107,23,700130
5676,700238,64,700302
5677,700407,5,700412
5678,700447,15,700462
5679,700475,14,700489
5680,700628,17,700645
5681,700756,47,700803
5682,700811,3,700814
5683,700843,1,700844
5684,700881,21,700902
5685,701014,8,701022
5686,701121,70,701191
5687,701260,9,701269
5688,701348,3,701351
5689,701370,18,701388
5690,701497,19,701516
5691,701533,9,701542
5692,701920,2,701922
5693,702078,1,702079
5694,702099,33,702132
5695,702143,5,702148
5696,702350,87,702437
5697,702607,19,702626
5698,702767,33,702800
5699,702897,2,702899
5700,703092,4,703096
5701,703227,24,703251
5702,703542,8,703550
5703,703712,28,703740
5704,703856,25,703881
5705,703923,84,704007
5706,704085,17,704102
5707,704143,15,704158
5708,704229,9,704238
5709,704329,2,704331
5710,704406,11,704417
5711,704663,61,704724
5712,704820,14,704834
5713,704863,16,704879
5714,704938,8,704946
5715,705046,27,705073
5716,705186,56,705242
5717,705274,27,705301
5718,705437,25,705462
5719,705487,51,705538
5720,705667,9,705676
5721,705689,2,705691
5722,705704,15,705719
5723,705812,13,705825
5724,705878,4,705882
5725,706003,5,706008
5726,706049,49,706098
5727,706136,8,706144
5728,706190,11,706201
5729,706244,22,706266
5730,706336,20,706356
5731,706392,15,706407
5732,706487,9,706496
5733,706499,4,706503
5734,706630,38,706668
5735,706681,1,706682
5736,706723,26,706749
5737,706764,13,706777
5738,706800,8,706808
5739,706868,1,706869
5740,707466,13,707479
5741,707584,4,707588
5742,707722,11,707733
5743,707834,41,707875
5744,708115,3,708118
5745,708228,16,708244
5746,708319,5,708324
5747,708331,14,708345
5748,708375,22,708397
5749,708451,93,708544
5750,708548,1,708549
5751,708550,4,708554
5752,708764,16,708780
5753,708812,3,708815
5754,708872,28,708900
5755,709079,20,709099
5756,709219,9,709228
5757,709428,4,709432
5758,709546,30,709576
5759,709666,21,709687
5760,709699,2,709701
5761,709703,8,709711
5762,709963,20,709983
5763,710053,5,710058
5764,710154,8,710162
5765,710272,2,710274
5766,710380,25,710405
5767,710548,14,710562
5768,710845,4,710849
5769,710993,60,711053
5770,711096,7,711103
5771,711161,1,711162
5772,711180,15,711195
5773,711203,48,711251
5774,711317,41,711358
5775,711425,17,711442
5776,711545,4,711549
5777,711703,10,711713
5778,711782,16,711798
5779,711932,3,711935
5780,712034,6,712040
5781,712056,31,712087
5782,712205,1,712206
5783,712344,22,712366
5784,712512,79,712591
5785,712600,1,712601
5786,712603,25,712628
5787,712663,23,712686
5788,712737,18,712755
5789,712758,18,712776
5790,712824,1,712825
5791,712932,49,712981
5792,713013,29,713042
5793,713117,4,713121
5794,713186,29,713215
5795,713263,4,713267
5796,713283,1,713284
5797,713285,5,713290
5798,713333,16,713349
5799,713506,12,713518
5800,713616,4,713620
5801,713675,123,713798
5802,714085,8,714093
5803,714160,17,714177
5804,714208,9,714217
5805,714305,10,714315
5806,714325,8,714333
5807,714392,6,714398
5808,714575,7,714582
5809,714686,13,714699
5810,714710,9,714719
5811,714845,6,714851
5812,714862,17,714879
5813,714885,9,714894
5814,715078,44,715122
5815,715509,26,715535
5816,715644,23,715667
5817,715695,111,715806
5818,715870,11,715881
5819,715896,18,715914
5820,716046,47,716093
5821,716095,22,716117
5822,716296,34,716330
5823,716351,20,716371
5824,716412,71,716483
5825,716557,8,716565
5826,716734,57,716791
5827,716796,19,716815
5828,716907,21,716928
5829,716991,52,717043
5830,717072,14,717086
5831,717294,5,717299
5832,717691,42,717733
5833,717772,40,717812
5834,717941,19,717960
5835,718039,4,718043
5836,718066,15,718081
5837,718124,27,718151
5838,718157,1,718158
5839,718318,38,718356
5840,718374,82,718456
5841,718487,14,718501
5842,718826,15,718841
5843,718867,1,718868
5844,719236,74,719310
5845,719431,14,719445
5846,719526,7,719533
5847,719721,3,719724
5848,719776,3,719779
5849,719878,29,719907
5850,719913,7,719920
5851,719936,9,719945
5852,719963,16,719979
5853,720089,9,720098
5854,720196,39,720235
5855,720313,2,720315
5856,720386,4,720390
5857,720426,12,720438
5858,720440,24,720464
5859,720513,18,720531
5860,720600,16,720616
5861,720691,44,720735
5862,720764,6,720770
5863,720854,6,720860
5864,720956,7,720963
5865,721121,14,721135
5866,721186,24,721210
5867,721301,37,721338
5868,721401,26,721427
5869,721470,9,721479
5870,721490,28,721518
5871,721519,37,721556
5872,721632,5,721637
5873,721649,37,721686
5874,721708,13,721721
5875,721872,4,721876
5876,722024,11,722035
5877,722227,6,722233
5878,722280,16,722296
5879,722321,5,722326
5880,722564,6,722570
5881,722604,18,722622
5882,722772,36,722808
5883,722894,2,722896
5884,722900,8,722908
5885,722987,11,722998
5886,723053,7,723060
5887,723105,6,723111
5888,723117,5,723122
5889,723146,61,723207
5890,723235,13,723248
5891,723316,20,723336
5892,723373,24,723397
5893,723459,11,723470
5894,723610,29,723639
5895,723734,9,723743
5896,723939,25,723964
5897,724114,18,724132
5898,724379,46,724425
5899,724516,21,724537
5900,724683,18,724701
5901,724894,90,724984
5902,725006,38,725044
5903,725080,24,725104
5904,725377,11,725388
5905,725459,1,725460
5906,725531,23,725554
5907,725561,33,725594
5908,725663,64,725727
5909,726063,19,726082
5910,726167,28,726195
5911,726268,46,726314
5912,726438,6,726444
5913,726534,8,726542
5914,726573,42,726615
5915,726616,2,726618
5916,726784,4,726788
5917,726967,15,726982
5918,727047,2,727049
5919,727075,28,727103
5920,727106,29,727135
5921,727233,11,727244
5922,727306,15,727321
5923,727344,3,727347
5924,727407,11,727418
5925,727612,31,727643
5926,727696,7,727703
5927,727876,40,727916
5928,727936,60,727996
5929,728027,29,728056
5930,728276,1,728277
5931,728322,23,728345
5932,728413,22,728435
5933,728512,30,728542
5934,728592,5,728597
5935,728882,33,728915
5936,729031,20,729051
5937,729079,2,729081
5938,729100,2,729102
5939,729305,13,729318
5940,729394,8,729402
5941,729461,3,729464
5942,729509,5,729514
5943,729568,3,729571
5944,729614,47,729661
5945,729678,13,729691
5946,729717,29,729746
5947,729763,87,729850
5948,729929,5,729934
5949,729935,14,729949
5950,730045,26,730071
5951,730127,21,730148
5952,730149,66,730215
5953,730251,20,730271
5954,730421,4,730425
5955,730516,26,730542
5956,730567,55,730622
5957,730828,33,730861
5958,730912,16,730928
5959,731142,48,731190
5960,731853,57,731910
5961,732042,12,732054
5962,732093,12,732105
5963,732437,42,732479
5964,732481,52,732533
5965,732544,3,732547
5966,732751,27,732778
5967,732957,20,732977
5968,733127,20,733147
5969,733590,2,733592
5970,733702,47,733749
5971,733770,15,733785
5972,733937,22,733959
5973,733980,4,733984
5974,734227,7,734234
5975,734523,11,734534
5976,734584,20,734604
5977,734659,10,734669
5978,734670,31,734701
5979,734736,62,734798
5980,735110,21,735131
5981,735145,32,735177
5982,735248,28,735276
5983,735302,11,735313
5984,735425,59,735484
5985,735503,17,735520
5986,735623,6,735629
5987,735988,18,736006
5988,736109,2,736111
5989,736300,59,736359
5990,736362,2,736364
5991,736537,17,736554
5992,736583,23,736606
5993,736727,6,736733
5994,737093,17,737110
5995,737141,4,737145
5996,737151,15,737166
5997,737169,28,737197
5998,737300,13,737313
5999,737347,12,737359
6000,737445,24,737469
6001,737474,7,737481
6002,737672,53,737725
6003,737784,9,737793
6004,737822,1,737823
6005,737863,11,737874
6006,737877,13,737890
6007,737951,23,737974
6008,737989,18,738007
6009,738121,23,738144
6010,738158,20,738178
6011,738297,20,738317
6012,738321,82,738403
6013,738415,10,738425
6014,738456,2,738458
6015,738532,2,738534
6016,738806,8,738814
6017,738978,21,738999
6018,739206,1,739207
6019,739259,2,739261
6020,739419,78,739497
6021,739555,29,739584
6022,739633,50,739683
6023,739725,14,739739
6024,739790,8,739798
6025,739852,13,739865
6026,740038,15,740053
6027,740074,9,740083
6028,740129,12,740141
6029,740290,16,740306
6030,740339,18,740357
6031,740367,64,740431
6032,740449,27,740476
6033,740617,1,740618
6034,740732,3,740735
6035,740921,3,740924
6036,741053,6,741059
6037,741094,9,741103
6038,741271,16,741287
6039,741292,8,741300
6040,741306,56,741362
6041,741406,2,741408
6042,741422,1,741423
6043,741513,28,741541
6044,741620,49,741669
6045,741723,6,741729
6046,742281,16,742297
6047,742374,14,742388
6048,742489,7,742496
6049,742602,1,742603
6050,742618,11,742629
6051,742645,27,742672
6052,742707,32,742739
6053,742943,1,742944
6054,742981,19,743000
6055,743008,2,743010
6056,743027,43,743070
6057,743084,39,743123
6058,743481,18,743499
6059,743606,34,743640
6060,743646,12,743658
6061,743757,12,743769
6062,743877,30,743907
6063,743910,56,743966
6064,744120,25,744145
6065,744252,6,744258
6066,744337,15,744352
6067,744354,25,744379
6068,744447,10,744457
6069,744478,6,744484
6070,744576,19,744595
6071,744757,5,744762
6072,744837,13,744850
6073,745016,9,745025
6074,745051,15,745066
6075,745247,15,745262
6076,745333,10,745343
6077,745400,51,745451
6078,745455,15,745470
6079,745504,114,745618
6080,745687,17,745704
6081,745909,4,745913
6082,745974,10,745984
6083,745999,19,746018
6084,746027,26,746053
6085,746231,1,746232
6086,746273,13,746286
6087,746561,3,746564
6088,746730,119,746849
6089,747028,21,747049
6090,747071,12,747083
6091,747288,56,747344
6092,747446,4,747450
6093,747713,32,747745
6094,748011,16,748027
6095,748195,12,748207
6096,748468,10,748478
6097,748543,33,748576
6098,748649,31,748680
6099,748774,2,748776
6100,748845,2,748847
6101,748921,2,748923
6102,749087,1,749088
6103,749443,6,749449
6104,749562,27,749589
6105,749610,3,749613
6106,749811,15,749826
6107,749971,5,749976
6108,750130,2,750132
6109,750158,8,750166
6110,750271,32,750303
6111,750310,24,750334
6112,750641,1,750642
6113,750770,40,750810
6114,750866,5,750871
6115,750877,18,750895
6116,750927,9,750936
6117,751055,8,751063
6118,751080,10,751090
6119,751220,37,751257
6120,751364,1,751365
6121,751368,75,751443
6122,751616,26,751642
6123,751701,2,751703
6124,751796,1,751797
6125,751857,12,751869
6126,751884,14,751898
6127,752002,16,752018
6128,752092,37,752129
6129,752149,46,752195
6130,752332,30,752362
6131,752397,21,752418
6132,752461,11,752472
6133,752477,37,752514
6134,752866,25,752891
6135,752949,41,752990
6136,753046,26,753072
6137,753169,13,753182
6138,753265,12,753277
6139,753312,11,753323
6140,753479,4,753483
6141,753639,49,753688
6142,753916,8,753924
6143,754166,12,754178
6144,754197,4,754201
6145,754417,5,754422
6146,754451,2,754453
6147,754588,3,754591
6148,754620,5,754625
6149,754649,2,754651
6150,754895,29,754924
6151,755085,15,755100
6152,755138,42,755180
6153,755224,4,755228
6154,755353,13,755366
6155,755432,54,755486
6156,755571,13,755584
6157,755706,6,755712
6158,755727,35,755762
6159,755952,42,755994
6160,756031,19,756050
6161,756111,17,756128
6162,756186,8,756194
6163,756383,34,756417
6164,756434,38,756472
6165,756505,21,756526
6166,756587,16,756603
6167,756680,17,756697
6168,756727,38,756765
6169,756814,25,756839
6170,756878,47,756925
6171,756941,23,756964
6172,756994,47,757041
6173,757058,2,757060
6174,757193,81,757274
6175,757343,11,757354
6176,757381,65,757446
6177,757479,6,757485
6178,757538,1,757539
6179,757606,9,757615
6180,757703,31,757734
6181,757856,18,757874
6182,758041,16,758057
6183,758142,29,758171
6184,758496,20,758516
6185,758622,3,758625
6186,758895,48,758943
6187,759344,11,759355
6188,759515,31,759546
6189,759587,53,759640
6190,759772,5,759777
6191,759791,4,759795
6192,759867,30,759897
6193,759952,12,759964
6194,760050,27,760077
6195,760110,29,760139
6196,760153,44,760197
6197,760500,2,760502
6198,760504,27,760531
6199,760557,38,760595
6200,760604,12,760616
6201,760738,48,760786
6202,760792,17,760809
6203,761006,69,761075
6204,761190,4,761194
6205,761309,15,761324
6206,761360,13,761373
6207,761607,48,761655
6208,761790,11,761801
6209,761843,24,761867
6210,761904,3,761907
6211,761970,37,762007
6212,762010,37,762047
6213,762205,33,762238
6214,762502,29,762531
6215,762548,36,762584
6216,762655,6,762661
6217,762698,57,762755
6218,762783,40,762823
6219,762856,18,762874
6220,762928,35,762963
6221,762967,50,763017
6222,763053,53,763106
6223,763114,5,763119
6224,763258,23,763281
6225,763383,55,763438
6226,763448,7,763455
6227,763570,12,763582
6228,763760,1,763761
6229,763801,2,763803
6230,763964,23,763987
6231,764090,8,764098
6232,764118,65,764183
6233,764249,17,764266
6234,764301,31,764332
6235,764395,15,764410
6236,764624,11,764635
6237,764699,6,764705
6238,764803,3,764806
6239,764811,34,764845
6240,764875,42,764917
6241,764920,19,764939
6242,765017,27,765044
6243,765096,6,765102
6244,765236,51,765287
6245,765292,1,765293
6246,765303,19,765322
6247,765344,1,765345
6248,765362,25,765387
6249,765570,37,765607
6250,765662,1,765663
6251,765676,2,765678
6252,765823,5,765828
6253,765879,6,765885
6254,765926,6,765932
6255,766172,5,766177
6256,766453,17,766470
6257,766702,12,766714
6258,766868,3,766871
6259,766948,71,767019
6260,767211,14,767225
6261,767296,7,767303
6262,767311,5,767316
6263,767426,36,767462
6264,767507,53,767560
6265,767724,47,767771
6266,767795,15,767810
6267,767829,1,767830
6268,767915,31,767946
6269,767999,7,768006
6270,768025,3,768028
6271,768075,10,768085
6272,768118,28,768146
6273,768364,52,768416
6274,768681,70,768751
6275,768781,5,768786
6276,768876,19,768895
6277,768909,10,768919
6278,769009,21,769030
6279,769032,7,769039
6280,769369,33,769402
6281,769517,25,769542
6282,769551,100,769651
6283,769821,28,769849
6284,769886,6,769892
6285,769901,16,769917
6286,770328,7,770335
6287,770425,11,770436
6288,770491,23,770514
6289,770527,16,770543
6290,770769,10,770779
6291,770780,2,770782
6292,770842,3,770845
6293,770850,12,770862
6294,770963,11,770974
6295,771009,32,771041
6296,771047,8,771055
6297,771180,11,771191
6298,771333,14,771347
6299,771483,3,771486
6300,771533,51,771584
6301,771627,35,771662
6302,771712,14,771726
6303,771752,29,771781
6304,771898,26,771924
6305,771936,39,771975
6306,772030,7,772037
6307,772097,8,772105
6308,772123,15,772138
6309,772140,27,772167
6310,772183,29,772212
6311,772222,15,772237
6312,772494,9,772503
6313,772521,51,772572
6314,772702,33,772735
6315,772785,82,772867
6316,772905,6,772911
6317,773140,83,773223
6318,773306,14,773320
6319,773466,67,773533
6320,773572,7,773579
6321,773638,1,773639
6322,773789,11,773800
6323,773817,68,773885
6324,773917,8,773925
6325,774118,67,774185
6326,774384,2,774386
6327,774415,4,774419
6328,774460,14,774474
6329,774506,4,774510
6330,774530,14,774544
6331,774841,22,774863
6332,775162,10,775172
6333,775331,19,775350
6334,775389,49,775438
6335,775460,44,775504
6336,775725,2,775727
6337,775804,55,775859
6338,776120,5,776125
6339,776141,11,776152
6340,776162,7,776169
6341,776197,22,776219
6342,776264,51,776315
6343,776639,6,776645
6344,776717,12,776729
6345,776790,32,776822
6346,776854,16,776870
6347,776910,19,776929
6348,777157,25,777182
6349,777320,12,777332
6350,777405,37,777442
6351,777718,6,777724
6352,777762,5,777767
6353,777783,16,777799
6354,777826,5,777831
6355,777843,30,777873
6356,777909,11,777920
6357,777947,19,777966
6358,778026,44,778070
6359,778115,20,778135
6360,778289,40,778329
6361,778449,3,778452
6362,778480,1,778481
6363,778506,16,778522
6364,778548,7,778555
6365,778587,14,778601
6366,778727,39,778766
6367,778884,1,778885
6368,779182,12,779194
6369,779244,9,779253
6370,779286,21,779307
6371,779354,25,779379
6372,779428,53,779481
6373,779522,3,779525
6374,779767,28,779795
6375,779863,18,779881
6376,780069,34,780103
6377,780276,25,780301
6378,780410,14,780424
6379,780488,72,780560
6380,780759,4,780763
6381,780878,12,780890
6382,781003,44,781047
6383,781338,2,781340
6384,781352,18,781370
6385,781416,10,781426
6386,781481,32,781513
6387,781882,25,781907
6388,782015,5,782020
6389,782288,4,782292
6390,782353,48,782401
6391,782405,28,782433
6392,782571,13,782584
6393,782708,31,782739
6394,782751,10,782761
6395,782830,31,782861
6396,782881,2,782883
6397,782886,4,782890
6398,782891,2,782893
6399,782952,1,782953
6400,782988,12,783000
6401,783050,6,783056
6402,783271,23,783294
6403,783298,13,783311
6404,783452,44,783496
6405,783692,9,783701
6406,783798,9,783807
6407,784113,15,784128
6408,784375,11,784386
6409,784470,26,784496
6410,784518,5,784523
6411,784770,1,784771
6412,784857,9,784866
6413,785189,21,785210
6414,785278,24,785302
6415,785318,7,785325
6416,785339,9,785348
6417,785587,33,785620
6418,785631,38,785669
6419,785696,15,785711
6420,785733,7,785740
6421,785774,78,785852
6422,785908,2,785910
6423,785987,27,786014
6424,786064,5,786069
6425,786106,19,786125
6426,786136,1,786137
6427,786170,17,786187
6428,786306,7,786313
6429,786422,49,786471
6430,786522,5,786527
6431,786662,5,786667
6432,786671,3,786674
6433,786678,4,786682
6434,786824,11,786835
6435,786951,5,786956
6436,787100,23,787123
6437,787137,16,787153
6438,787215,1,787216
6439,787235,2,787237
6440,787282,20,787302
6441,787415,33,787448
6442,787469,13,787482
6443,787526,19,787545
6444,787568,61,787629
6445,787659,7,787666
6446,787733,15,787748
6447,788000,4,788004
6448,788036,32,788068
6449,788313,4,788317
6450,788387,18,788405
6451,788464,4,788468
6452,788575,25,788600
6453,788622,8,788630
6454,788681,8,788689
6455,788895,10,788905
6456,789076,5,789081
6457,789083,84,789167
6458,789191,72,789263
6459,789472,2,789474
6460,789475,14,789489
6461,789530,1,789531
6462,789607,11,789618
6463,789734,24,789758
6464,789906,21,789927
6465,789964,33,789997
6466,790042,47,790089
6467,790117,9,790126
6468,790337,4,790341
6469,790419,11,790430
6470,790537,39,790576
6471,790839,1,790840
6472,790862,21,790883
6473,790987,22,791009
6474,791367,29,791396
6475,791418,6,791424
6476,791504,1,791505
6477,791543,33,791576
6478,791610,23,791633
6479,791696,3,791699
6480,791801,52,791853
6481,791863,49,791912
6482,791919,11,791930
6483,791948,41,791989
6484,791999,26,792025
6485,792041,26,792067
6486,792090,4,792094
6487,792140,8,792148
6488,792200,3,792203
6489,792223,41,792264
6490,792404,80,792484
6491,792772,39,792811
6492,792975,11,792986
6493,793071,16,793087
6494,793125,24,793149
6495,793187,23,793210
6496,793349,38,793387
6497,793437,43,793480
6498,793706,59,793765
6499,793888,5,793893
6500,793964,12,793976
6501,794255,23,794278
6502,794390,4,794394
6503,794452,4,794456
6504,794547,14,794561
6505,794660,21,794681
6506,794711,36,794747
6507,794791,32,794823
6508,794899,1,794900
6509,795109,17,795126
6510,795250,14,795264
6511,795402,10,795412
6512,795540,24,795564
6513,795622,65,795687
6514,795788,85,795873
6515,795878,42,795920
6516,795954,12,795966
6517,796050,84,796134
6518,796140,3,796143
6519,796191,2,796193
6520,796392,11,796403
6521,796410,17,796427
6522,796458,3,796461
6523,796469,43,796512
6524,796570,27,796597
6525,796609,41,796650
6526,796673,6,796679
6527,797062,10,797072
6528,797075,22,797097
6529,797260,15,797275
6530,797474,23,797497
6531,797589,7,797596
6532,797842,10,797852
6533,797859,3,797862
6534,798107,12,798119
6535,798174,7,798181
6536,798190,37,798227
6537,798357,47,798404
6538,798657,34,798691
6539,798990,18,799008
6540,799077,137,799214
6541,799293,1,799294
6542,799542,11,799553
6543,799591,8,799599
6544,799637,36,799673
6545,799878,24,799902
6546,799975,27,800002
6547,800091,6,800097
6548,800111,47,800158
6549,800231,27,800258
6550,800368,55,800423
6551,800464,35,800499
6552,800529,36,800565
6553,800690,16,800706
6554,800715,44,800759
6555,800801,16,800817
6556,800982,25,801007
6557,801166,28,801194
6558,801319,17,801336
6559,801341,35,801376
6560,801422,3,801425
6561,801593,5,801598
6562,801658,19,801677
6563,801685,36,801721
6564,801770,24,801794
6565,801909,28,801937
6566,802017,36,802053
6567,802073,19,802092
6568,802164,52,802216
6569,802296,91,802387
6570,802473,13,802486
6571,802709,7,802716
6572,802749,12,802761
6573,802782,12,802794
6574,802939,41,802980
6575,803132,35,803167
6576,803280,3,803283
6577,803305,25,803330
6578,803337,11,803348
6579,803454,4,803458
6580,803698,14,803712
6581,803776,7,803783
6582,803797,7,803804
6583,803846,12,803858
6584,803870,18,803888
6585,804060,53,804113
6586,804136,3,804139
6587,804372,23,804395
6588,804400,22,804422
6589,804428,25,804453
6590,804516,30,804546
6591,804779,15,804794
6592,804884,44,804928
6593,805068,9,805077
6594,805087,14,805101
6595,805359,45,805404
6596,805783,28,805811
6597,805896,11,805907
6598,805929,1,805930
6599,806091,5,806096
6600,806244,1,806245
6601,806373,19,806392
6602,806427,4,806431
6603,806442,1,806443
6604,806658,22,806680
6605,806853,11,806864
6606,806952,29,806981
6607,807236,106,807342
6608,807399,22,807421
6609,807594,2,807596
6610,807654,44,807698
6611,807860,46,807906
6612,808083,23,808106
6613,808255,20,808275
6614,808729,60,808789
6615,808849,17,808866
6616,808881,31,808912
6617,808979,29,809008
6618,809033,10,809043
6619,809285,30,809315
6620,809322,5,809327
6621,809501,25,809526
6622,809645,34,809679
6623,809689,7,809696
6624,809791,14,809805
6625,809856,81,809937
6626,809988,39,810027
6627,810116,3,810119
6628,810196,15,810211
6629,810375,3,810378
6630,810474,19,810493
6631,810548,29,810577
6632,810668,23,810691
6633,810722,21,810743
6634,810878,24,810902
6635,810990,63,811053
6636,811124,78,811202
6637,811777,16,811793
6638,811864,12,811876
6639,812129,10,812139
6640,812330,16,812346
6641,812368,4,812372
6642,812560,27,812587
6643,812589,21,812610
6644,812816,26,812842
6645,813010,15,813025
6646,813137,7,813144
6647,813428,3,813431
6648,813552,13,813565
6649,813647,9,813656
6650,813724,22,813746
6651,813889,24,813913
6652,813971,10,813981
6653,814045,4,814049
6654,814058,1,814059
6655,814086,50,814136
6656,814226,1,814227
6657,814415,97,814512
6658,814534,3,814537
6659,814566,10,814576
6660,814633,3,814636
6661,814680,8,814688
6662,814709,2,814711
6663,815256,5,815261
6664,815552,29,815581
6665,815639,10,815649
6666,815665,7,815672
6667,815685,17,815702
6668,815731,10,815741
6669,815829,3,815832
6670,816048,15,816063
6671,816273,25,816298
6672,816388,12,816400
6673,816489,29,816518
6674,816696,1,816697
6675,816751,45,816796
6676,817083,54,817137
6677,817172,22,817194
6678,817237,28,817265
6679,817346,26,817372
6680,817454,43,817497
6681,817671,18,817689
6682,817773,33,817806
6683,817992,42,818034
6684,818236,1,818237
6685,818417,24,818441
6686,818468,30,818498
6687,818680,2,818682
6688,818749,2,818751
6689,818828,45,818873
6690,818922,9,818931
6691,819050,8,819058
6692,819149,5,819154
6693,819163,27,819190
6694,819254,12,819266
6695,819268,45,819313
6696,819368,5,819373
6697,819392,27,819419
6698,819433,31,819464
6699,819511,9,819520
6700,819842,6,819848
6701,819951,20,819971
6702,820149,15,820164
6703,820311,52,820363
6704,820375,7,820382
6705,820428,14,820442
6706,820443,9,820452
6707,820562,12,820574
6708,820584,11,820595
6709,820630,68,820698
6710,820823,15,820838
6711,820900,5,820905
6712,821156,2,821158
6713,821370,2,821372
6714,821523,6,821529
6715,821667,2,821669
6716,821858,28,821886
6717,821905,48,821953
6718,822114,5,822119
6719,822177,5,822182
6720,822214,41,822255
6721,822262,13,822275
6722,822281,10,822291
6723,822364,41,822405
6724,822419,2,822421
6725,822612,24,822636
6726,822874,9,822883
6727,822996,33,823029
6728,823039,63,823102
6729,823182,1,823183
6730,823217,3,823220
6731,823303,5,823308
6732,823719,11,823730
6733,823768,7,823775
6734,823902,2,823904
6735,824106,18,824124
6736,824129,1,824130
6737,824133,31,824164
6738,824386,8,824394
6739,824401,66,824467
6740,824572,1,824573
6741,824608,25,824633
6742,824933,9,824942
6743,824993,39,825032
6744,825492,13,825505
6745,825553,2,825555
6746,825583,11,825594
6747,825604,9,825613
6748,825813,3,825816
6749,826011,111,826122
6750,826378,4,826382
6751,826505,15,826520
6752,826521,26,826547
6753,826707,58,826765
6754,826883,1,826884
6755,826926,2,826928
6756,826929,22,826951
6757,827080,11,827091
6758,827132,24,827156
6759,827158,7,827165
6760,827184,12,827196
6761,827209,10,827219
6762,827245,54,827299
6763,827335,13,827348
6764,827476,38,827514
6765,827666,3,827669
6766,827833,4,827837
6767,828036,29,828065
6768,828154,7,828161
6769,828254,57,828311
6770,828462,3,828465
6771,828597,1,828598
6772,828612,1,828613
6773,828726,16,828742
6774,828926,32,828958
6775,828996,15,829011
6776,829075,10,829085
6777,829114,1,829115
6778,829229,15,829244
6779,829275,60,829335
6780,829448,24,829472
6781,829614,24,829638
6782,829750,15,829765
6783,829799,17,829816
6784,829891,22,829913
6785,830060,5,830065
6786,830144,21,830165
6787,830332,5,830337
6788,830513,6,830519
6789,830554,3,830557
6790,831098,36,831134
6791,831139,25,831164
6792,831182,5,831187
6793,831658,18,831676
6794,831718,21,831739
6795,831752,22,831774
6796,831869,2,831871
6797,831982,19,832001
6798,832040,9,832049
6799,832117,54,832171
6800,832177,1,832178
6801,832233,11,832244
6802,832354,22,832376
6803,832444,37,832481
6804,832564,4,832568
6805,833193,6,833199
6806,833275,2,833277
6807,833336,9,833345
6808,833489,5,833494
6809,833635,4,833639
6810,833646,16,833662
6811,833773,6,833779
6812,834197,6,834203
6813,834210,3,834213
6814,834379,5,834384
6815,834387,21,834408
6816,834570,7,834577
6817,834595,7,834602
6818,834638,21,834659
6819,835316,24,835340
6820,835351,2,835353
6821,835519,12,835531
6822,835618,21,835639
6823,835643,30,835673
6824,835811,10,835821
6825,835826,8,835834
6826,835960,12,835972
6827,836047,52,836099
6828,836206,2,836208
6829,836216,42,836258
6830,836323,2,836325
6831,836481,41,836522
6832,836700,9,836709
6833,836923,11,836934
6834,837009,35,837044
6835,837161,7,837168
6836,837509,17,837526
6837,837626,11,837637
6838,837693,17,837710
6839,837985,18,838003
6840,838078,64,838142
6841,838195,14,838209
6842,838257,9,838266
6843,838385,35,838420
6844,838476,13,838489
6845,838580,27,838607
6846,838691,3,838694
6847,838752,1,838753
6848,838791,8,838799
6849,838999,5,839004
6850,839010,34,839044
6851,839233,23,839256
6852,839312,128,839440
6853,839453,26,839479
6854,839536,3,839539
6855,839739,10,839749
6856,839766,1,839767
6857,839776,33,839809
6858,840056,3,840059
6859,840079,1,840080
6860,840086,38,840124
6861,840251,1,840252
6862,840390,47,840437
6863,840498,14,840512
6864,840580,27,840607
6865,840694,17,840711
6866,840796,15,840811
6867,840875,7,840882
6868,840935,46,840981
6869,841052,15,841067
6870,841149,73,841222
6871,841239,38,841277
6872,841292,47,841339
6873,841543,4,841547
6874,841696,8,841704
6875,841881,7,841888
6876,841950,9,841959
6877,841967,18,841985
6878,842007,18,842025
6879,842045,10,842055
6880,842121,4,842125
6881,842285,19,842304
6882,842446,28,842474
6883,842593,5,842598
6884,842741,1,842742
6885,842764,12,842776
6886,842892,17,842909
6887,843128,2,843130
6888,843399,3,843402
6889,843425,8,843433
6890,843474,20,843494
6891,843554,10,843564
6892,843836,27,843863
6893,844124,4,844128
6894,844362,44,844406
6895,844415,8,844423
6896,844425,36,844461
6897,844479,21,844500
6898,844505,5,844510
6899,844532,25,844557
6900,844807,8,844815
6901,844874,11,844885
6902,844899,5,844904
6903,844989,63,845052
6904,845091,37,845128
6905,845201,26,845227
6906,845249,9,845258
6907,845272,1,845273
6908,845344,75,845419
6909,845536,7,845543
6910,845562,4,845566
6911,845604,55,845659
6912,845818,20,845838
6913,846094,5,846099
6914,846108,21,846129
6915,846188,13,846201
6916,846340,9,846349
6917,846367,19,846386
6918,846404,8,846412
6919,846530,10,846540
6920,846615,16,846631
6921,846774,44,846818
6922,847044,47,847091
6923,847385,16,847401
6924,847640,40,847680
6925,847819,6,847825
6926,847843,9,847852
6927,847856,27,847883
6928,847938,43,847981
6929,848117,2,848119
6930,848456,3,848459
6931,848611,8,848619
6932,848625,6,848631
6933,848655,2,848657
6934,848888,15,848903
6935,848933,6,848939
6936,848965,37,849002
6937,849182,7,849189
6938,849281,18,849299
6939,849303,15,849318
6940,849423,5,849428
6941,849477,13,849490
6942,849666,18,849684
6943,849738,23,849761
6944,849830,3,849833
6945,850018,12,850030
6946,850099,24,850123
6947,850124,16,850140
6948,850156,37,850193
6949,850237,1,850238
6950,850256,9,850265
6951,850301,17,850318
6952,850416,8,850424
6953,850479,39,850518
6954,850654,1,850655
6955,850662,26,850688
6956,850788,61,850849
6957,850989,35,851024
6958,851111,9,851120
6959,851139,30,851169
6960,851314,10,851324
6961,851540,31,851571
6962,851638,23,851661
6963,852210,23,852233
6964,852288,2,852290
6965,852387,4,852391
6966,852411,15,852426
6967,852645,13,852658
6968,852737,63,852800
6969,853025,10,853035
6970,853042,31,853073
6971,853086,19,853105
6972,853127,3,853130
6973,853133,17,853150
6974,853173,13,853186
6975,853237,27,853264
6976,853305,7,853312
6977,853463,26,853489
6978,853510,54,853564
6979,853919,43,853962
6980,854137,64,854201
6981,854244,20,854264
6982,854623,4,854627
6983,854649,36,854685
6984,854725,8,854733
6985,854897,5,854902
6986,854905,11,854916
6987,854944,73,855017
6988,855271,7,855278
6989,855279,9,855288
6990,855342,5,855347
6991,855417,4,855421
6992,855999,2,856001
6993,856019,2,856021
6994,856470,17,856487
6995,856565,64,856629
6996,856753,5,856758
6997,856762,36,856798
6998,856916,23,856939
6999,856957,15,856972
7000,857140,36,857176
7001,857180,5,857185
7002,857317,10,857327
7003,857342,53,857395
7004,857461,25,857486
7005,858007,16,858023
7006,858049,48,858097
7007,858211,27,858238
7008,858256,14,858270
7009,858447,30,858477
7010,858519,18,858537
7011,858746,13,858759
7012,858844,5,858849
7013,858945,11,858956
7014,859025,22,859047
7015,859070,5,859075
7016,859083,19,859102
7017,859162,49,859211
7018,859312,13,859325
7019,859427,35,859462
7020,859525,1,859526
7021,859767,2,859769
7022,860021,32,860053
7023,860066,30,860096
7024,860229,8,860237
7025,860477,49,860526
7026,860555,19,860574
7027,860642,18,860660
7028,860663,20,860683
7029,860737,56,860793
7030,860870,13,860883
7031,861317,2,861319
7032,861389,1,861390
7033,861514,48,861562
7034,861563,37,861600
7035,861781,13,861794
7036,861889,12,861901
7037,861926,1,861927
7038,861943,17,861960
7039,862296,23,862319
7040,862386,30,862416
7041,862563,15,862578
7042,862696,5,862701
7043,863073,14,863087
7044,863227,1,863228
7045,863261,14,863275
7046,863352,4,863356
7047,863417,20,863437
7048,863464,4,863468
7049,863500,57,863557
7050,863655,13,863668
7051,863820,22,863842
7052,863985,35,864020
7053,864226,79,864305
7054,864458,9,864467
7055,864520,19,864539
7056,864567,21,864588
7057,864603,12,864615
7058,864904,44,864948
7059,865119,41,865160
7060,865362,4,865366
7061,865434,1,865435
7062,865462,34,865496
7063,865635,2,865637
7064,865648,29,865677
7065,865786,52,865838
7066,865846,38,865884
7067,865992,1,865993
7068,866111,21,866132
7069,866363,7,866370
7070,866488,7,866495
7071,866698,16,866714
7072,866717,43,866760
7073,866834,6,866840
7074,866897,7,866904
7075,867123,13,867136
7076,867323,18,867341
7077,867374,45,867419
7078,867597,40,867637
7079,867860,27,867887
7080,867904,81,867985
7081,868058,44,868102
7082,868241,69,868310
7083,868372,15,868387
7084,868420,5,868425
7085,868822,102,868924
7086,869166,6,869172
7087,869339,35,869374
7088,869428,1,869429
7089,869464,29,869493
7090,869625,8,869633
7091,869730,12,869742
7092,869760,7,869767
7093,869769,18,869787
7094,869826,7,869833
7095,869924,21,869945
7096,870092,5,870097
7097,870271,1,870272
7098,870356,13,870369
7099,870648,2,870650
7100,870654,23,870677
7101,870736,19,870755
7102,871061,31,871092
7103,871249,1,871250
7104,871405,40,871445
7105,871578,45,871623
7106,871630,36,871666
7107,871748,17,871765
7108,872054,44,872098
7109,872170,7,872177
7110,872380,33,872413
7111,872567,22,872589
7112,872626,9,872635
7113,872861,28,872889
7114,873039,51,873090
7115,873446,16,873462
7116,873535,13,873548
7117,873632,4,873636
7118,873642,5,873647
7119,873734,2,873736
7120,873999,9,874008
7121,874020,7,874027
7122,874418,5,874423
7123,874467,1,874468
7124,874615,1,874616
7125,874628,54,874682
7126,874758,2,874760
7127,874893,17,874910
7128,874960,1,874961
7129,875083,18,875101
7130,875199,10,875209
7131,875231,21,875252
7132,875314,39,875353
7133,875404,34,875438
7134,875531,1,875532
7135,875544,4,875548
7136,875600,22,875622
7137,875705,38,875743
7138,875798,18,875816
7139,875835,10,875845
7140,875870,1,875871
7141,875923,30,875953
7142,876172,7,876179
7143,876509,7,876516
7144,876541,7,876548
7145,876578,8,876586
7146,876639,2,876641
7147,876662,29,876691
7148,876693,17,876710
7149,876769,75,876844
7150,876867,5,876872
7151,876995,18,877013
7152,877165,9,877174
7153,877389,5,877394
7154,877521,7,877528
7155,877591,9,877600
7156,877623,18,877641
7157,877963,70,878033
7158,878075,43,878118
7159,878351,27,878378
7160,878384,64,878448
7161,878603,6,878609
7162,878700,41,878741
7163,878789,7,878796
7164,878897,21,878918
7165,879042,34,879076
7166,879110,56,879166
7167,879170,47,879217
7168,879343,16,879359
7169,879433,13,879446
7170,879470,26,879496
7171,879504,14,879518
7172,879536,35,879571
7173,879586,39,879625
7174,879735,2,879737
7175,880059,15,880074
7176,880184,10,880194
7177,880266,13,880279
7178,880496,13,880509
7179,880545,21,880566
7180,880658,18,880676
7181,880686,11,880697
7182,880816,19,880835
7183,880839,3,880842
7184,880965,8,880973
7185,880974,3,880977
7186,881055,24,881079
7187,881088,20,881108
7188,881313,2,881315
7189,881430,14,881444
7190,881469,48,881517
7191,881541,53,881594
7192,881715,87,881802
7193,881854,24,881878
7194,881989,1,881990
7195,882054,37,882091
7196,882519,38,882557
7197,882586,21,882607
7198,882613,113,882726
7199,882773,27,882800
7200,882824,23,882847
7201,883001,22,883023
7202,883027,36,883063
7203,883085,8,883093
7204,883335,8,883343
7205,883422,1,883423
7206,883456,24,883480
7207,883534,33,883567
7208,883604,52,883656
7209,883689,13,883702
7210,883909,44,883953
7211,883963,3,883966
7212,884161,58,884219
7213,884340,16,884356
7214,884500,7,884507
7215,884591,22,884613
7216,884645,20,884665
7217,884707,6,884713
7218,884793,45,884838
7219,884859,1,884860
7220,884976,11,884987
7221,885000,2,885002
7222,885158,16,885174
7223,885234,21,885255
7224,885378,9,885387
7225,885446,5,885451
7226,885569,17,885586
7227,885800,6,885806
7228,885891,18,885909
7229,886020,1,886021
7230,886123,92,886215
7231,886255,38,886293
7232,886338,9,886347
7233,886372,9,886381
7234,886546,12,886558
7235,886824,6,886830
7236,886850,26,886876
7237,886879,21,886900
7238,886928,5,886933
7239,887263,23,887286
7240,887317,5,887322
7241,887324,23,887347
7242,887561,24,887585
7243,887641,10,887651
7244,887729,18,887747
7245,887886,16,887902
7246,888075,28,888103
7247,888136,5,888141
7248,888305,12,888317
7249,888364,1,888365
7250,888400,12,888412
7251,888416,3,888419
7252,888430,26,888456
7253,888465,23,888488
7254,888547,4,888551
7255,888553,31,888584
7256,888631,8,888639
7257,888684,138,888822
7258,888902,4,888906
7259,888918,17,888935
7260,889223,10,889233
7261,889310,17,889327
7262,889496,22,889518
7263,889613,35,889648
7264,889748,5,889753
7265,889763,15,889778
7266,889851,15,889866
7267,889930,3,889933
7268,890158,10,890168
7269,890176,5,890181
7270,890186,16,890202
7271,890457,10,890467
7272,890539,5,890544
7273,890753,15,890768
7274,890782,14,890796
7275,891309,2,891311
7276,891339,16,891355
7277,891790,3,891793
7278,891804,35,891839
7279,891857,6,891863
7280,891987,4,891991
7281,891996,9,892005
7282,892020,2,892022
7283,892295,10,892305
7284,892391,7,892398
7285,892516,2,892518
7286,892563,18,892581
7287,892618,1,892619
7288,892627,3,892630
7289,892701,45,892746
7290,892986,54,893040
7291,893062,7,893069
7292,893171,32,893203
7293,893268,4,893272
7294,893390,1,893391
7295,894038,86,894124
7296,894146,93,894239
7297,894249,29,894278
7298,894530,56,894586
7299,894668,9,894677
7300,894764,16,894780
7301,894814,33,894847
7302,894930,13,894943
7303,895153,47,895200
7304,895238,4,895242
7305,895371,15,895386
7306,895468,2,895470
7307,895503,41,895544
7308,895557,18,895575
7309,895636,47,895683
7310,895854,12,895866
7311,895887,6,895893
7312,895951,20,895971
7313,896038,4,896042
7314,896300,9,896309
7315,896358,31,896389
7316,896444,14,896458
7317,896511,13,896524
7318,896923,3,896926
7319,897057,30,897087
7320,897141,4,897145
7321,897229,13,897242
7322,897249,47,897296
7323,897544,2,897546
7324,897612,22,897634
7325,897724,11,897735
7326,897739,2,897741
7327,897744,14,897758
7328,897852,21,897873
7329,898128,7,898135
7330,898174,1,898175
7331,898270,1,898271
7332,898329,9,898338
7333,898384,94,898478
7334,898534,47,898581
7335,898628,15,898643
7336,898904,44,898948
7337,899074,1,899075
7338,899097,20,899117
7339,899144,15,899159
7340,899216,6,899222
7341,899225,15,899240
7342,899265,22,899287
7343,899325,25,899350
7344,899357,51,899408
7345,899478,2,899480
7346,899586,8,899594
7347,899705,25,899730
7348,899733,15,899748
7349,899800,13,899813
7350,899815,12,899827
7351,899919,22,899941
7352,899996,1,899997
7353,900026,48,900074
7354,900214,17,900231
7355,900336,15,900351
7356,900383,23,900406
7357,900410,5,900415
7358,900559,39,900598
7359,900698,10,900708
7360,900776,8,900784
7361,901159,30,901189
7362,901318,16,901334
7363,901412,43,901455
7364,901506,3,901509
7365,901527,50,901577
7366,901593,20,901613
7367,901635,5,901640
7368,901700,6,901706
7369,901801,10,901811
7370,901972,27,901999
7371,902015,6,902021
7372,902089,19,902108
7373,902157,12,902169
7374,902208,8,902216
7375,902238,1,902239
7376,902327,10,902337
7377,902519,1,902520
7378,902532,59,902591
7379,902759,1,902760
7380,903174,3,903177
7381,903229,11,903240
7382,903429,26,903455
7383,903477,12,903489
7384,903509,15,903524
7385,903547,25,903572
7386,903614,72,903686
7387,903715,15,903730
7388,903797,20,903817
7389,903995,7,904002
7390,904083,4,904087
7391,904276,10,904286
7392,904288,38,904326
7393,904470,9,904479
7394,904578,1,904579
7395,904611,10,904621
7396,904709,18,904727
7397,904998,5,905003
7398,905056,36,905092
7399,905127,5,905132
7400,905363,18,905381
7401,905413,13,905426
7402,905589,7,905596
7403,905798,28,905826
7404,905843,4,905847
7405,905854,7,905861
7406,906117,3,906120
7407,906318,7,906325
7408,906425,5,906430
7409,906565,11,906576
7410,906839,6,906845
7411,906906,2,906908
7412,906998,32,907030
7413,907243,3,907246
7414,907254,24,907278
7415,907474,21,907495
7416,907559,21,907580
7417,907728,19,907747
7418,907840,30,907870
7419,908609,8,908617
7420,908740,31,908771
7421,908822,1,908823
7422,908919,44,908963
7423,909124,38,909162
7424,909289,18,909307
7425,909427,63,909490
7426,909498,51,909549
7427,909564,5,909569
7428,909824,19,909843
7429,910103,7,910110
7430,910150,2,910152
7431,910356,4,910360
7432,910388,43,910431
7433,910809,10,910819
7434,910878,13,910891
7435,911063,5,911068
7436,911123,1,911124
7437,911194,40,911234
7438,911242,20,911262
7439,911330,40,911370
7440,911380,12,911392
7441,911426,13,911439
7442,911471,50,911521
7443,911620,4,911624
7444,911635,13,911648
7445,911698,4,911702
7446,911737,8,911745
7447,911779,27,911806
7448,911827,4,911831
7449,911916,1,911917
7450,911967,77,912044
7451,912060,11,912071
7452,912074,24,912098
7453,912156,13,912169
7454,912654,52,912706
7455,913051,21,913072
7456,913155,71,913226
7457,913442,15,913457
7458,913518,5,913523
7459,913556,9,913565
7460,913584,8,913592
7461,913662,4,913666
7462,913672,78,913750
7463,913950,34,913984
7464,914120,83,914203
7465,914251,14,914265
7466,914297,10,914307
7467,914349,2,914351
7468,914481,20,914501
7469,914541,16,914557
7470,914621,51,914672
7471,914766,11,914777
7472,914804,12,914816
7473,914952,30,914982
7474,915047,3,915050
7475,915095,19,915114
7476,915568,27,915595
7477,915692,4,915696
7478,915772,14,915786
7479,915892,6,915898
7480,916010,3,916013
7481,916076,32,916108
7482,916155,21,916176
7483,916268,29,916297
7484,916661,9,916670
7485,916778,10,916788
7486,916838,1,916839
7487,916953,12,916965
7488,917022,13,917035
7489,917091,24,917115
7490,917344,19,917363
7491,917534,8,917542
7492,917553,12,917565
7493,917751,39,917790
7494,917830,57,917887
7495,918033,24,918057
7496,918147,50,918197
7497,918366,36,918402
7498,918634,26,918660
7499,918771,26,918797
7500,919129,54,919183
7501,919275,5,919280
7502,919286,11,919297
7503,919332,24,919356
7504,919443,7,919450
7505,919468,18,919486
7506,919521,18,919539
7507,919596,9,919605
7508,919739,12,919751
7509,919812,47,919859
7510,919968,4,919972
7511,919981,28,920009
7512,920093,16,920109
7513,920416,5,920421
7514,920430,21,920451
7515,920502,47,920549
7516,920610,8,920618
7517,920683,16,920699
7518,920774,66,920840
7519,920969,35,921004
7520,921186,60,921246
7521,921381,39,921420
7522,921458,65,921523
7523,921589,11,921600
7524,921679,8,921687
7525,921715,12,921727
7526,921888,2,921890
7527,921983,10,921993
7528,922037,20,922057
7529,922070,58,922128
7530,922196,4,922200
7531,922509,10,922519
7532,922527,60,922587
7533,922654,13,922667
7534,922727,77,922804
7535,922832,28,922860
7536,922891,7,922898
7537,922957,17,922974
7538,923031,7,923038
7539,923174,6,923180
7540,923310,4,923314
7541,923338,21,923359
7542,923370,1,923371
7543,923539,3,923542
7544,923646,15,923661
7545,923665,10,923675
7546,923866,36,923902
7547,924229,6,924235
7548,924302,21,924323
7549,924360,62,924422
7550,924568,34,924602
7551,924924,14,924938
7552,924949,32,924981
7553,925174,7,925181
7554,925185,24,925209
7555,925213,9,925222
7556,925438,21,925459
7557,925468,1,925469
7558,925520,6,925526
7559,925605,40,925645
7560,925739,10,925749
7561,926078,17,926095
7562,926181,10,926191
7563,926469,26,926495
7564,926717,22,926739
7565,926889,2,926891
7566,926903,4,926907
7567,927025,15,927040
7568,927182,9,927191
7569,927278,6,927284
7570,927359,49,927408
7571,927446,44,927490
7572,927532,5,927537
7573,927594,9,927603
7574,927784,4,927788
7575,927799,3,927802
7576,927842,12,927854
7577,928034,43,928077
7578,928153,11,928164
7579,928290,58,928348
7580,928504,27,928531
7581,928645,15,928660
7582,928780,80,928860
7583,929020,27,929047
7584,929100,17,929117
7585,929332,34,929366
7586,929397,55,929452
7587,929484,12,929496
7588,929547,17,929564
7589,929640,12,929652
7590,929896,32,929928
7591,930043,14,930057
7592,930153,29,930182
7593,930414,5,930419
7594,930422,8,930430
7595,930612,1,930613
7596,930698,6,930704
7597,930862,1,930863
7598,931021,10,931031
7599,931084,6,931090
7600,931297,18,931315
7601,931319,15,931334
7602,931348,6,931354
7603,931895,14,931909
7604,932054,45,932099
7605,932221,10,932231
7606,932268,19,932287
7607,932331,54,932385
7608,932407,33,932440
7609,932445,11,932456
7610,932484,41,932525
7611,932559,13,932572
7612,933030,26,933056
7613,933091,48,933139
7614,933154,32,933186
7615,933206,27,933233
7616,933406,7,933413
7617,933430,39,933469
7618,933714,43,933757
7619,933809,1,933810
7620,934034,5,934039
7621,934106,33,934139
7622,934190,1,934191
7623,934228,11,934239
7624,934596,15,934611
7625,934933,32,934965
7626,935073,3,935076
7627,935088,4,935092
7628,935155,10,935165
7629,935194,24,935218
7630,935251,9,935260
7631,935343,39,935382
7632,935531,48,935579
7633,935591,5,935596
7634,935639,13,935652
7635,935674,6,935680
7636,935707,11,935718
7637,935987,10,935997
7638,936110,1,936111
7639,936290,6,936296
7640,936314,2,936316
7641,936367,5,936372
7642,936466,41,936507
7643,936519,18,936537
7644,936539,1,936540
7645,936627,9,936636
7646,936780,33,936813
7647,936866,35,936901
7648,936929,17,936946
7649,937010,20,937030
7650,937221,37,937258
7651,937358,23,937381
7652,937390,1,937391
7653,937466,54,937520
7654,937528,38,937566
7655,937585,13,937598
7656,937680,62,937742
7657,937793,5,937798
7658,937799,3,937802
7659,937925,3,937928
7660,937964,6,937970
7661,937999,16,938015
7662,938042,2,938044
7663,938075,6,938081
7664,938191,1,938192
7665,938400,24,938424
7666,938450,20,938470
7667,938490,7,938497
7668,938909,28,938937
7669,939061,41,939102
7670,939233,30,939263
7671,939473,12,939485
7672,939530,32,939562
7673,939588,42,939630
7674,939658,7,939665
7675,939706,6,939712
7676,939804,16,939820
7677,939915,19,939934
7678,939949,29,939978
7679,939981,8,939989
7680,940101,36,940137
7681,940149,23,940172
7682,940337,14,940351
7683,940397,15,940412
7684,940485,28,940513
7685,940614,28,940642
7686,940685,6,940691
7687,940825,40,940865
7688,941006,3,941009
7689,941072,1,941073
7690,941144,24,941168
7691,941173,8,941181
7692,941395,19,941414
7693,941440,8,941448
7694,941562,8,941570
7695,941656,48,941704
7696,941720,14,941734
7697,941770,25,941795
7698,942106,5,942111
7699,942192,12,942204
7700,942223,7,942230
7701,942351,12,942363
7702,942410,3,942413
7703,942487,32,942519
7704,942546,24,942570
7705,942844,16,942860
7706,943013,7,943020
7707,943123,40,943163
7708,943224,64,943288
7709,943307,21,943328
7710,943408,17,943425
7711,943438,7,943445
7712,943776,1,943777
7713,943886,41,943927
7714,944006,18,944024
7715,944046,28,944074
7716,944091,10,944101
7717,944177,4,944181
7718,944259,26,944285
7719,944365,25,944390
7720,944396,34,944430
7721,944568,12,944580
7722,944689,30,944719
7723,944739,9,944748
7724,944777,5,944782
7725,944816,46,944862
7726,944984,27,945011
7727,945279,24,945303
7728,945379,4,945383
7729,945386,33,945419
7730,945451,1,945452
7731,945533,7,945540
7732,945588,5,945593
7733,945683,3,945686
7734,945871,26,945897
7735,945945,83,946028
7736,946219,15,946234
7737,946382,11,946393
7738,946722,48,946770
7739,946788,8,946796
7740,946852,26,946878
7741,946911,3,946914
7742,946921,11,946932
7743,946936,5,946941
7744,947012,7,947019
7745,947213,1,947214
7746,947391,6,947397
7747,947673,33,947706
7748,947994,43,948037
7749,948094,17,948111
7750,948187,7,948194
7751,948348,31,948379
7752,948383,59,948442
7753,948825,6,948831
7754,948879,1,948880
7755,948887,40,948927
7756,949183,18,949201
7757,949305,1,949306
7758,949374,31,949405
7759,949417,7,949424
7760,949487,8,949495
7761,949639,9,949648
7762,949659,54,949713
7763,949941,9,949950
7764,949957,5,949962
7765,950021,7,950028
7766,950289,16,950305
7767,950337,16,950353
7768,950354,8,950362
7769,950396,16,950412
7770,950465,19,950484
7771,950502,36,950538
7772,950648,6,950654
7773,950670,3,950673
7774,950771,28,950799
7775,950890,53,950943
7776,951215,4,951219
7777,951243,4,951247
7778,951279,13,951292
7779,951453,36,951489
7780,951564,8,951572
7781,951581,43,951624
7782,951964,10,951974
7783,952030,4,952034
7784,952108,40,952148
7785,952179,13,952192
7786,952280,49,952329
7787,952399,3,952402
7788,952539,5,952544
7789,952759,22,952781
7790,952791,75,952866
7791,952945,17,952962
7792,953127,6,953133
7793,953300,29,953329
7794,953399,21,953420
7795,953430,27,953457
7796,953688,3,953691
7797,953963,6,953969
7798,954092,2,954094
7799,954100,28,954128
7800,954240,35,954275
7801,954321,44,954365
7802,954607,4,954611
7803,954630,14,954644
7804,954776,7,954783
7805,954806,13,954819
7806,954823,12,954835
7807,954838,4,954842
7808,955027,7,955034
7809,955168,10,955178
7810,955199,27,955226
7811,955303,27,955330
7812,955485,21,955506
7813,955621,14,955635
7814,955711,25,955736
7815,955744,4,955748
7816,955884,7,955891
7817,955949,25,955974
7818,956058,6,956064
7819,956125,21,956146
7820,956155,20,956175
7821,956583,9,956592
7822,956712,12,956724
7823,956828,1,956829
7824,956837,21,956858
7825,956947,57,957004
7826,957137,16,957153
7827,957168,55,957223
7828,957365,100,957465
7829,957951,2,957953
7830,957972,12,957984
7831,958134,36,958170
7832,958414,13,958427
7833,958464,10,958474
7834,958542,6,958548
7835,958885,5,958890
7836,958994,31,959025
7837,959536,9,959545
7838,959554,20,959574
7839,959600,2,959602
7840,959617,7,959624
7841,959646,21,959667
7842,959694,14,959708
7843,959885,11,959896
7844,959938,9,959947
7845,960085,7,960092
7846,960164,2,960166
7847,960294,19,960313
7848,960515,1,960516
7849,960583,18,960601
7850,960620,10,960630
7851,960685,8,960693
7852,960716,4,960720
7853,960742,8,960750
7854,960788,4,960792
7855,960846,16,960862
7856,961117,9,961126
7857,961203,13,961216
7858,961299,65,961364
7859,961710,5,961715
7860,961728,20,961748
7861,961762,56,961818
7862,961931,22,961953
7863,961961,25,961986
7864,962041,32,962073
7865,962208,15,962223
7866,962400,7,962407
7867,962483,6,962489
7868,962539,20,962559
7869,962644,12,962656
7870,962696,15,962711
7871,962840,8,962848
7872,963175,3,963178
7873,963276,9,963285
7874,963311,26,963337
7875,963545,13,963558
7876,963633,12,963645
7877,964176,9,964185
7878,964189,50,964239
7879,964581,21,964602
7880,964762,30,964792
7881,964885,6,964891
7882,964893,5,964898
7883,965012,13,965025
7884,965036,2,965038
7885,965306,22,965328
7886,965388,10,965398
7887,965400,7,965407
7888,965513,8,965521
7889,965537,6,965543
7890,965643,21,965664
7891,965677,8,965685
7892,965866,26,965892
7893,965968,25,965993
7894,965997,32,966029
7895,966075,13,966088
7896,966365,9,966374
7897,966448,30,966478
7898,966596,42,966638
7899,966802,33,966835
7900,967005,19,967024
7901,967065,36,967101
7902,967185,1,967186
7903,967193,58,967251
7904,967552,15,967567
7905,967580,23,967603
7906,967630,4,967634
7907,967785,1,967786
7908,967868,21,967889
7909,967890,6,967896
7910,967998,1,967999
7911,968059,73,968132
7912,968250,3,968253
7913,968280,17,968297
7914,968464,24,968488
7915,968603,22,968625
7916,968683,3,968686
7917,968783,2,968785
7918,968866,5,968871
7919,969016,4,969020
7920,969140,2,969142
7921,969176,26,969202
7922,969266,4,969270
7923,969354,47,969401
7924,969611,2,969613
7925,969637,1,969638
7926,969696,20,969716
7927,969758,53,969811
7928,969835,26,969861
7929,970159,22,970181
7930,970215,3,970218
7931,970250,1,970251
7932,970269,13,970282
7933,970501,13,970514
7934,970597,1,970598
7935,970630,2,970632
7936,970845,2,970847
7937,971304,8,971312
7938,971483,50,971533
7939,971566,16,971582
7940,971594,4,971598
7941,971881,1,971882
7942,972063,10,972073
7943,972147,2,972149
7944,972236,13,972249
7945,972316,54,972370
7946,972537,106,972643
7947,972826,4,972830
7948,972927,4,972931
7949,972976,9,972985
7950,973344,5,973349
7951,973446,7,973453
7952,973586,24,973610
7953,973633,16,973649
7954,973697,12,973709
7955,973750,15,973765
7956,973835,53,973888
7957,973939,26,973965
7958,974001,1,974002
7959,974035,2,974037
7960,974057,34,974091
7961,974117,29,974146
7962,974157,6,974163
7963,974195,44,974239
7964,974244,11,974255
7965,974357,13,974370
7966,974550,37,974587
7967,974626,4,974630
7968,974969,3,974972
7969,975027,27,975054
7970,975071,46,975117
7971,975174,36,975210
7972,975494,47,975541
7973,975796,52,975848
7974,976032,4,976036
7975,976045,20,976065
7976,976136,43,976179
7977,976204,51,976255
7978,976303,4,976307
7979,976346,13,976359
7980,976407,4,976411
7981,976420,21,976441
7982,976502,24,976526
7983,976727,22,976749
7984,976880,10,976890
7985,976965,3,976968
7986,976982,6,976988
7987,977144,3,977147
7988,977248,30,977278
7989,977419,19,977438
7990,977884,27,977911
7991,977984,6,977990
7992,978029,51,978080
7993,978086,46,978132
7994,978304,10,978314
7995,978318,27,978345
7996,978447,10,978457
7997,978639,16,978655
7998,978842,9,978851
7999,979060,12,979072
8000,979203,11,979214
8001,979309,9,979318
8002,979449,27,979476
8003,979675,30,979705
8004,979756,8,979764
8005,979769,64,979833
8006,979852,7,979859
8007,979886,6,979892
8008,980041,44,980085
8009,980091,30,980121
8010,980156,2,980158
8011,980182,5,980187
8012,980188,1,980189
8013,980285,20,980305
8014,980484,16,980500
8015,980613,13,980626
8016,980631,40,980671
8017,980692,41,980733
8018,980819,6,980825
8019,980866,29,980895
8020,981012,47,981059
8021,981160,1,981161
8022,981387,7,981394
8023,981491,57,981548
8024,981556,19,981575
8025,981602,3,981605
8026,981633,72,981705
8027,981802,14,981816
8028,981831,11,981842
8029,981968,29,981997
8030,982048,46,982094
8031,982213,2,982215
8032,982376,11,982387
8033,982608,52,982660
8034,982717,3,982720
8035,982722,17,982739
8036,982754,18,982772
8037,982808,34,982842
8038,982856,28,982884
8039,982910,22,982932
8040,982960,22,982982
8041,983130,3,983133
8042,983170,49,983219
8043,983250,8,983258
8044,983281,19,983300
8045,983484,5,983489
8046,983685,11,983696
8047,984012,3,984015
8048,984043,9,984052
8049,984066,9,984075
8050,984428,1,984429
8051,984736,75,984811
8052,984990,19,985009
8053,985084,12,985096
8054,985137,13,985150
8055,985190,25,985215
8056,985286,16,985302
8057,985399,32,985431
8058,985441,11,985452
8059,985599,9,985608
8060,985614,26,985640
8061,985689,9,985698
8062,985737,27,985764
8063,985782,8,985790
8064,985819,1,985820
8065,985830,10,985840
8066,985913,5,985918
8067,986206,1,986207
8068,986251,2,986253
8069,986424,14,986438
8070,986473,2,986475
8071,986836,22,986858
8072,986899,21,986920
8073,986938,20,986958
8074,986983,12,986995
8075,987161,51,987212
8076,987267,29,987296
8077,987477,37,987514
8078,987523,35,987558
8079,987598,2,987600
8080,987696,26,987722
8081,987760,9,987769
8082,987823,36,987859
8083,988061,44,988105
8084,988134,8,988142
8085,988173,29,988202
8086,988376,4,988380
8087,988491,9,988500
8088,988616,71,988687
8089,988701,52,988753
8090,988758,11,988769
8091,988841,14,988855
8092,989148,7,989155
8093,989318,53,989371
8094,989620,13,989633
8095,989736,28,989764
8096,989949,1,989950
8097,990121,2,990123
8098,990152,13,990165
8099,990240,25,990265
8100,990489,8,990497
8101,990576,9,990585
8102,990611,18,990629
8103,990664,9,990673
8104,990851,4,990855
8105,990892,22,990914
8106,990960,6,990966
8107,991002,45,991047
8108,991055,1,991056
8109,991192,10,991202
8110,991217,82,991299
8111,991442,51,991493
8112,991537,6,991543
8113,991627,1,991628
8114,991733,20,991753
8115,991762,2,991764
8116,991849,1,991850
8117,991861,5,991866
8118,991893,16,991909
8119,991917,15,991932
8120,991954,32,991986
8121,992056,15,992071
8122,992320,17,992337
8123,992402,4,992406
8124,992422,30,992452
8125,992506,3,992509
8126,992735,31,992766
8127,992887,37,992924
8128,993081,38,993119
8129,993125,15,993140
8130,993190,9,993199
8131,993215,8,993223
8132,993285,2,993287
8133,993336,6,993342
8134,993373,14,993387
8135,993509,3,993512
8136,993633,3,993636
8137,993840,16,993856
8138,993870,11,993881
8139,994157,8,994165
8140,994198,40,994238
8141,994264,32,994296
8142,994344,6,994350
8143,994393,23,994416
8144,994535,34,994569
8145,994598,41,994639
8146,994732,24,994756
8147,994989,31,995020
8148,995437,10,995447
8149,995495,105,995600
8150,995949,14,995963
8151,996086,32,996118
8152,996222,20,996242
8153,996243,23,996266
8154,996311,21,996332
8155,996373,4,996377
8156,996420,25,996445
8157,996523,8,996531
8158,996606,8,996614
8159,996668,46,996714
8160,996847,47,996894
8161,996954,8,996962
8162,997241,10,997251
8163,997386,15,997401
8164,997479,1,997480
8165,997548,1,997549
8166,997633,33,997666
8167,997716,16,997732
8168,997758,55,997813
8169,998251,17,998268
8170,998329,26,998355
8171,998422,43,998465
8172,998648,12,998660
8173,998665,18,998683
8174,998759,31,998790
8175,998804,64,998868
8176,998912,24,998936
8177,998938,25,998963
8178,998997,24,999021
8179,999024,21,999045
8180,999084,109,999193
8181,999477,9,999486
8182,999504,1,999505
8183,999571,2,999573
8184,999582,1,999583
8185,999638,18,999656
8186,999699,6,999705
8187,1000140,5,1000145
8188,1000153,29,1000182
8189,1000185,23,1000208
8190,1000231,15,1000246
8191,1000344,29,1000373
8192,1000468,39,1000507
8193,1000525,6,1000531
8194,1000602,24,1000626
8195,1000840,27,1000867
8196,1000920,3,1000923
8197,1001030,1,1001031
8198,1001062,83,1001145
8199,1001257,17,1001274
8200,1001344,24,1001368
8201,1001548,13,1001561
8202,1001625,3,1001628
8203,1001686,21,1001707
8204,1001734,51,1001785
8205,1001890,72,1001962
8206,1002056,69,1002125
8207,1002153,22,1002175
8208,1002369,10,1002379
8209,1002470,2,1002472
8210,1002606,10,1002616
8211,1002807,12,1002819
8212,1002856,2,1002858
8213,1002945,44,1002989
8214,1002991,73,1003064
8215,1003096,5,1003101
8216,1003182,1,1003183
8217,1003199,58,1003257
8218,1003305,26,1003331
8219,1003342,4,1003346
8220,1003424,14,1003438
8221,1003457,64,1003521
8222,1003536,36,1003572
8223,1003788,1,1003789
8224,1003820,11,1003831
8225,1004041,43,1004084
8226,1004096,10,1004106
8227,1004115,8,1004123
8228,1004292,16,1004308
8229,1004314,52,1004366
8230,1004485,10,1004495
8231,1004682,42,1004724
8232,1004753,18,1004771
8233,1004794,59,1004853
8234,1005019,7,1005026
8235,1005330,9,1005339
8236,1005448,8,1005456
8237,1005597,59,1005656
8238,1005709,3,1005712
8239,1005752,35,1005787
8240,1006039,6,1006045
8241,1006135,25,1006160
8242,1006217,13,1006230
8243,1006275,45,1006320
8244,1006338,1,1006339
8245,1006396,36,1006432
8246,1006657,9,1006666
8247,1006812,17,1006829
8248,1006860,6,1006866
8249,1006891,7,1006898
8250,1006959,26,1006985
8251,1007005,12,1007017
8252,1007126,1,1007127
8253,1007363,5,1007368
8254,1007416,18,1007434
8255,1007487,6,1007493
8256,1007525,23,1007548
8257,1007641,14,1007655
8258,1007656,12,1007668
8259,1007704,18,1007722
8260,1008042,1,1008043
8261,1008128,1,1008129
8262,1008195,14,1008209
8263,1008551,14,1008565
8264,1008883,12,1008895
8265,1008901,25,1008926
8266,1008946,14,1008960
8267,1009042,4,1009046
8268,1009096,57,1009153
8269,1009287,47,1009334
8270,1009341,18,1009359
8271,1009432,32,1009464
8272,1009510,19,1009529
8273,1010124,42,1010166
8274,1010328,25,1010353
8275,1010371,15,1010386
8276,1010939,18,1010957
8277,1011132,2,1011134
8278,1011246,17,1011263
8279,1011293,3,1011296
8280,1011357,8,1011365
8281,1011532,25,1011557
8282,1011628,11,1011639
8283,1011704,11,1011715
8284,1011725,33,1011758
8285,1011804,9,1011813
8286,1011906,6,1011912
8287,1012211,7,1012218
8288,1012251,39,1012290
8289,1012393,12,1012405
8290,1012419,7,1012426
8291,1012529,30,1012559
8292,1012665,6,1012671
8293,1012702,33,1012735
8294,1012876,77,1012953
8295,1013212,3,1013215
8296,1013359,2,1013361
8297,1013570,69,1013639
8298,1013687,8,1013695
8299,1013703,9,1013712
8300,1013741,5,1013746
8301,1013774,5,1013779
8302,1013820,42,1013862
8303,1014100,35,1014135
8304,1014188,4,1014192
8305,1014200,5,1014205
8306,1014328,16,1014344
8307,1014368,2,1014370
8308,1014439,15,1014454
8309,1014743,29,1014772
8310,1014851,14,1014865
8311,1015204,60,1015264
8312,1015329,14,1015343
8313,1015344,16,1015360
8314,1015378,25,1015403
8315,1015448,22,1015470
8316,1015513,12,1015525
8317,1015675,2,1015677
8318,1015729,38,1015767
8319,1015789,3,1015792
8320,1015938,9,1015947
8321,1016105,40,1016145
8322,1016270,10,1016280
8323,1016287,1,1016288
8324,1016317,15,1016332
8325,1016429,2,1016431
8326,1016692,13,1016705
8327,1016758,32,1016790
8328,1017185,4,1017189
8329,1017241,2,1017243
8330,1017321,15,1017336
8331,1017499,12,1017511
8332,1017620,42,1017662
8333,1017713,23,1017736
8334,1017851,22,1017873
8335,1017952,3,1017955
8336,1018111,60,1018171
8337,1018344,88,1018432
8338,1018463,8,1018471
8339,1018677,6,1018683
8340,1019104,43,1019147
8341,1019211,1,1019212
8342,1019287,5,1019292
8343,1019306,37,1019343
8344,1019352,2,1019354
8345,1019358,19,1019377
8346,1019480,19,1019499
8347,1019511,14,1019525
8348,1019563,20,1019583
8349,1019705,14,1019719
8350,1019853,40,1019893
8351,1019953,2,1019955
8352,1020030,24,1020054
8353,1020110,10,1020120
8354,1020136,2,1020138
8355,1020259,18,1020277
8356,1020410,5,1020415
8357,1020488,8,1020496
8358,1020525,2,1020527
8359,1020750,10,1020760
8360,1020768,30,1020798
8361,1020996,8,1021004
8362,1021339,8,1021347
8363,1021480,23,1021503
8364,1021512,6,1021518
8365,1021586,52,1021638
8366,1021789,25,1021814
8367,1021846,1,1021847
8368,1022050,18,1022068
8369,1022089,27,1022116
8370,1022172,6,1022178
8371,1022278,56,1022334
8372,1022387,66,1022453
8373,1022570,7,1022577
8374,1022605,1,1022606
8375,1022619,39,1022658
8376,1022687,3,1022690
8377,1022741,58,1022799
8378,1022812,8,1022820
8379,1022830,7,1022837
8380,1022893,34,1022927
8381,1022938,16,1022954
8382,1023026,2,1023028
8383,1023102,34,1023136
8384,1023285,10,1023295
8385,1023357,28,1023385
8386,1023615,43,1023658
8387,1023746,7,1023753
8388,1023859,4,1023863
8389,1023880,2,1023882
8390,1023946,5,1023951
8391,1024139,8,1024147
8392,1024153,26,1024179
8393,1024187,29,1024216
8394,1024260,2,1024262
8395,1024371,15,1024386
8396,1024472,57,1024529
8397,1024719,13,1024732
8398,1024884,82,1024966
8399,1025057,19,1025076
8400,1025093,36,1025129
8401,1025135,20,1025155
8402,1025218,16,1025234
8403,1025242,14,1025256
8404,1025310,15,1025325
8405,1025329,8,1025337
8406,1025434,5,1025439
8407,1025557,32,1025589
8408,1025633,17,1025650
8409,1025829,9,1025838
8410,1025862,18,1025880
8411,1025954,7,1025961
8412,1026301,3,1026304
8413,1026343,10,1026353
8414,1026439,45,1026484
8415,1026523,9,1026532
8416,1026621,6,1026627
8417,1026926,10,1026936
8418,1027065,3,1027068
8419,1027347,8,1027355
8420,1027393,45,1027438
8421,1027636,10,1027646
8422,1027763,34,1027797
8423,1027851,41,1027892
8424,1027915,34,1027949
8425,1027987,24,1028011
8426,1028066,6,1028072
8427,1028114,10,1028124
8428,1028287,7,1028294
8429,1028356,1,1028357
8430,1028661,6,1028667
8431,1028848,7,1028855
8432,1028861,12,1028873
8433,1028917,26,1028943
8434,1029070,26,1029096
8435,1029117,21,1029138
8436,1029141,12,1029153
8437,1029169,30,1029199
8438,1029219,8,1029227
8439,1029337,17,1029354
8440,1029391,3,1029394
8441,1029466,16,1029482
8442,1029513,19,1029532
8443,1029540,41,1029581
8444,1029623,25,1029648
8445,1029652,17,1029669
8446,1029701,16,1029717
8447,1029841,19,1029860
8448,1029891,26,1029917
8449,1030043,95,1030138
8450,1030148,8,1030156
8451,1030177,7,1030184
8452,1030204,15,1030219
8453,1030490,12,1030502
8454,1030519,17,1030536
8455,1030602,26,1030628
8456,1030631,1,1030632
8457,1030667,10,1030677
8458,1030682,1,1030683
8459,1030691,18,1030709
8460,1030730,2,1030732
8461,1031035,6,1031041
8462,1031125,41,1031166
8463,1031230,4,1031234
8464,1031311,4,1031315
8465,1031348,7,1031355
8466,1031446,80,1031526
8467,1031573,26,1031599
8468,1031669,63,1031732
8469,1031790,16,1031806
8470,1031837,49,1031886
8471,1031938,14,1031952
8472,1032215,56,1032271
8473,1032325,30,1032355
8474,1032438,4,1032442
8475,1032446,6,1032452
8476,1032503,13,1032516
8477,1032553,5,1032558
8478,1032904,8,1032912
8479,1032973,5,1032978
8480,1033071,1,1033072
8481,1033082,7,1033089
8482,1033133,15,1033148
8483,1033191,2,1033193
8484,1033304,16,1033320
8485,1033453,24,1033477
8486,1033515,19,1033534
8487,1033541,1,1033542
8488,1033607,21,1033628
8489,1033714,26,1033740
8490,1034160,1,1034161
8491,1034346,6,1034352
8492,1034521,11,1034532
8493,1034538,5,1034543
8494,1034665,27,1034692
8495,1034814,4,1034818
8496,1035046,5,1035051
8497,1035070,31,1035101
8498,1035190,36,1035226
8499,1035270,15,1035285
8500,1035459,1,1035460
8501,1035669,12,1035681
8502,1035789,14,1035803
8503,1035867,26,1035893
8504,1035915,23,1035938
8505,1036012,41,1036053
8506,1036082,16,1036098
8507,1036201,2,1036203
8508,1036232,82,1036314
8509,1036370,15,1036385
8510,1036400,5,1036405
8511,1036411,3,1036414
8512,1036556,4,1036560
8513,1036667,42,1036709
8514,1036803,25,1036828
8515,1036834,13,1036847
8516,1036928,7,1036935
8517,1037029,11,1037040
8518,1037076,58,1037134
8519,1037317,35,1037352
8520,1037369,18,1037387
8521,1037840,26,1037866
8522,1037909,20,1037929
8523,1038002,9,1038011
8524,1038016,4,1038020
8525,1038108,4,1038112
8526,1038135,14,1038149
8527,1038195,18,1038213
8528,1038219,13,1038232
8529,1038256,28,1038284
8530,1038404,17,1038421
8531,1038463,1,1038464
8532,1038525,24,1038549
8533,1038849,13,1038862
8534,1038884,6,1038890
8535,1039078,8,1039086
8536,1039318,40,1039358
8537,1039800,12,1039812
8538,1039842,66,1039908
8539,1039935,10,1039945
8540,1040110,14,1040124
8541,1040256,2,1040258
8542,1040426,6,1040432
8543,1040634,8,1040642
8544,1040786,15,1040801
8545,1041039,2,1041041
8546,1041211,54,1041265
8547,1041266,12,1041278
8548,1041340,11,1041351
8549,1041447,33,1041480
8550,1041838,12,1041850
8551,1042019,10,1042029
8552,1042067,24,1042091
8553,1042193,24,1042217
8554,1042497,3,1042500
8555,1042516,66,1042582
8556,1042597,9,1042606
8557,1042612,16,1042628
8558,1042652,22,1042674
8559,1042745,40,1042785
8560,1042837,71,1042908
8561,1042934,90,1043024
8562,1043031,73,1043104
8563,1043159,4,1043163
8564,1043420,9,1043429
8565,1043485,13,1043498
8566,1043586,61,1043647
8567,1043766,6,1043772
8568,1043877,16,1043893
8569,1043923,9,1043932
8570,1044284,29,1044313
8571,1044410,8,1044418
8572,1044498,29,1044527
8573,1044580,106,1044686
8574,1044717,16,1044733
8575,1044744,21,1044765
8576,1044784,30,1044814
8577,1044843,22,1044865
8578,1044933,64,1044997
8579,1045169,16,1045185
8580,1045218,9,1045227
8581,1045234,22,1045256
8582,1045281,14,1045295
8583,1045305,16,1045321
8584,1045326,17,1045343
8585,1045363,14,1045377
8586,1045480,12,1045492
8587,1045511,1,1045512
8588,1045539,11,1045550
8589,1045752,9,1045761
8590,1045762,18,1045780
8591,1045868,10,1045878
8592,1045905,25,1045930
8593,1045950,36,1045986
8594,1046011,23,1046034
8595,1046156,26,1046182
8596,1046270,16,1046286
8597,1046446,36,1046482
8598,1046492,8,1046500
8599,1046598,20,1046618
8600,1046690,14,1046704
8601,1046711,6,1046717
8602,1046860,4,1046864
8603,1046918,1,1046919
8604,1047056,20,1047076
8605,1047279,6,1047285
8606,1047427,30,1047457
8607,1047569,66,1047635
8608,1047781,48,1047829
8609,1047998,10,1048008
8610,1048449,10,1048459
8611,1048468,7,1048475
8612,1048497,45,1048542
8613,1048564,1,1048565
8614,1048578,2,1048580
8615,1048617,4,1048621
8616,1048703,25,1048728
8617,1048782,16,1048798
8618,1049009,6,1049015
8619,1049244,28,1049272
8620,1049435,12,1049447
8621,1049468,19,1049487
8622,1049509,12,1049521
8623,1049570,14,1049584
8624,1049633,48,1049681
8625,1049771,1,1049772
8626,1049840,7,1049847
8627,1049874,5,1049879
8628,1049946,5,1049951
8629,1049961,8,1049969
8630,1049999,21,1050020
8631,1050211,18,1050229
8632,1050332,39,1050371
8633,1050556,2,1050558
8634,1050942,36,1050978
8635,1051003,14,1051017
8636,1051152,21,1051173
8637,1051185,1,1051186
8638,1051218,29,1051247
8639,1051341,16,1051357
8640,1051395,82,1051477
8641,1051873,23,1051896
8642,1052001,9,1052010
8643,1052070,8,1052078
8644,1052219,46,1052265
8645,1052320,11,1052331
8646,1052928,13,1052941
8647,1053126,9,1053135
8648,1053432,25,1053457
8649,1053465,2,1053467
8650,1053470,27,1053497
8651,1053597,32,1053629
8652,1053630,5,1053635
8653,1053696,7,1053703
8654,1053790,8,1053798
8655,1053818,3,1053821
8656,1053876,11,1053887
8657,1053924,27,1053951
8658,1053974,11,1053985
8659,1054118,1,1054119
8660,1054891,7,1054898
8661,1054917,4,1054921
8662,1055027,1,1055028
8663,1055216,2,1055218
8664,1055221,42,1055263
8665,1055279,7,1055286
8666,1055337,35,1055372
8667,1055469,35,1055504
8668,1055518,119,1055637
8669,1055729,13,1055742
8670,1055817,17,1055834
8671,1055929,7,1055936
8672,1056044,25,1056069
8673,1056166,19,1056185
8674,1056196,10,1056206
8675,1056288,11,1056299
8676,1056331,59,1056390
8677,1056444,26,1056470
8678,1056559,4,1056563
8679,1056904,18,1056922
8680,1057105,25,1057130
8681,1057151,1,1057152
8682,1057184,37,1057221
8683,1057306,3,1057309
8684,1057450,33,1057483
8685,1057558,71,1057629
8686,1057646,26,1057672
8687,1057783,31,1057814
8688,1057853,9,1057862
8689,1058067,9,1058076
8690,1058145,12,1058157
8691,1058162,58,1058220
8692,1058478,6,1058484
8693,1058535,14,1058549
8694,1058732,3,1058735
8695,1058751,6,1058757
8696,1058814,19,1058833
8697,1058931,1,1058932
8698,1059089,5,1059094
8699,1059186,60,1059246
8700,1059386,24,1059410
8701,1059615,34,1059649
8702,1059653,20,1059673
8703,1059695,8,1059703
8704,1059732,2,1059734
8705,1059818,35,1059853
8706,1059905,18,1059923
8707,1060068,2,1060070
8708,1060075,32,1060107
8709,1060630,3,1060633
8710,1060747,5,1060752
8711,1060798,57,1060855
8712,1061091,11,1061102
8713,1061762,2,1061764
8714,1061818,61,1061879
8715,1061942,20,1061962
8716,1061993,26,1062019
8717,1062222,4,1062226
8718,1062233,64,1062297
8719,1062306,41,1062347
8720,1062416,9,1062425
8721,1062534,90,1062624
8722,1062659,7,1062666
8723,1062667,11,1062678
8724,1062697,7,1062704
8725,1062739,17,1062756
8726,1062783,43,1062826
8727,1062845,17,1062862
8728,1062988,41,1063029
8729,1063194,2,1063196
8730,1063253,1,1063254
8731,1063462,3,1063465
8732,1063637,1,1063638
8733,1063912,22,1063934
8734,1064082,9,1064091
8735,1064293,18,1064311
8736,1064630,7,1064637
8737,1064725,60,1064785
8738,1064819,2,1064821
8739,1064974,15,1064989
8740,1065140,8,1065148
8741,1065190,8,1065198
8742,1065232,5,1065237
8743,1065301,35,1065336
8744,1065393,13,1065406
8745,1065445,14,1065459
8746,1065637,4,1065641
8747,1065670,28,1065698
8748,1065958,11,1065969
8749,1066023,2,1066025
8750,1066096,39,1066135
8751,1066176,52,1066228
8752,1066312,18,1066330
8753,1066372,17,1066389
8754,1066402,4,1066406
8755,1066561,11,1066572
8756,1066585,22,1066607
8757,1066612,19,1066631
8758,1066646,8,1066654
8759,1066669,32,1066701
8760,1066873,13,1066886
8761,1066888,11,1066899
8762,1066939,1,1066940
8763,1067033,13,1067046
8764,1067083,7,1067090
8765,1067149,32,1067181
8766,1067457,40,1067497
8767,1067910,16,1067926
8768,1068238,30,1068268
8769,1068288,27,1068315
8770,1068380,12,1068392
8771,1068587,2,1068589
8772,1068701,11,1068712
8773,1068776,49,1068825
8774,1068924,25,1068949
8775,1069057,7,1069064
8776,1069187,60,1069247
8777,1069248,26,1069274
8778,1069301,10,1069311
8779,1069423,53,1069476
8780,1069851,3,1069854
8781,1069961,1,1069962
8782,1070020,10,1070030
8783,1070239,1,1070240
8784,1070430,19,1070449
8785,1070464,20,1070484
8786,1070511,10,1070521
8787,1070544,36,1070580
8788,1070711,51,1070762
8789,1070818,7,1070825
8790,1070906,34,1070940
8791,1070992,5,1070997
8792,1071099,27,1071126
8793,1071215,75,1071290
8794,1071370,2,1071372
8795,1071442,3,1071445
8796,1071488,11,1071499
8797,1071574,4,1071578
8798,1071598,74,1071672
8799,1071720,8,1071728
8800,1071817,18,1071835
8801,1071867,2,1071869
8802,1072031,15,1072046
8803,1072065,10,1072075
8804,1072180,10,1072190
8805,1072278,29,1072307
8806,1072416,7,1072423
8807,1072613,57,1072670
8808,1072792,7,1072799
8809,1072803,21,1072824
8810,1072877,9,1072886
8811,1072904,2,1072906
8812,1072946,21,1072967
8813,1073330,37,1073367
8814,1073389,10,1073399
8815,1073422,90,1073512
8816,1073585,10,1073595
8817,1073622,37,1073659
8818,1073724,6,1073730
8819,1074037,22,1074059
8820,1074060,4,1074064
8821,1074079,21,1074100
8822,1074104,36,1074140
8823,1074173,9,1074182
8824,1074254,28,1074282
8825,1074330,5,1074335
8826,1074483,1,1074484
8827,1074570,16,1074586
8828,1074669,1,1074670
8829,1074890,1,1074891
8830,1074996,51,1075047
8831,1075229,14,1075243
8832,1075285,13,1075298
8833,1075383,75,1075458
8834,1075613,40,1075653
8835,1075658,42,1075700
8836,1075978,38,1076016
8837,1076039,2,1076041
8838,1076053,7,1076060
8839,1076066,16,1076082
8840,1076285,11,1076296
8841,1076353,7,1076360
8842,1076459,22,1076481
8843,1076832,47,1076879
8844,1076937,35,1076972
8845,1077041,9,1077050
8846,1077177,1,1077178
8847,1077291,3,1077294
8848,1077295,15,1077310
8849,1077535,7,1077542
8850,1077556,12,1077568
8851,1077598,6,1077604
8852,1077637,2,1077639
8853,1077732,5,1077737
8854,1077859,7,1077866
8855,1077880,42,1077922
8856,1077924,1,1077925
8857,1078003,6,1078009
8858,1078207,53,1078260
8859,1078402,10,1078412
8860,1078519,6,1078525
8861,1078657,39,1078696
8862,1078915,8,1078923
8863,1079131,49,1079180
8864,1079242,5,1079247
8865,1079257,10,1079267
8866,1079282,4,1079286
8867,1079490,8,1079498
8868,1079526,8,1079534
8869,1079591,11,1079602
8870,1079656,23,1079679
8871,1079686,23,1079709
8872,1079720,28,1079748
8873,1079833,5,1079838
8874,1080230,22,1080252
8875,1080311,30,1080341
8876,1080509,3,1080512
8877,1080754,18,1080772
8878,1080783,7,1080790
8879,1080839,212,1081051
8880,1081126,26,1081152
8881,1081255,3,1081258
8882,1081358,2,1081360
8883,1081407,2,1081409
8884,1081740,43,1081783
8885,1081948,49,1081997
8886,1082173,1,1082174
8887,1082235,9,1082244
8888,1082255,19,1082274
8889,1082305,19,1082324
8890,1082446,17,1082463
8891,1082468,18,1082486
8892,1082540,11,1082551
8893,1082594,8,1082602
8894,1082648,3,1082651
8895,1082674,46,1082720
8896,1082729,43,1082772
8897,1082892,7,1082899
8898,1083232,55,1083287
8899,1083313,9,1083322
8900,1083433,7,1083440
8901,1083462,7,1083469
8902,1083490,9,1083499
8903,1083679,1,1083680
8904,1083783,40,1083823
8905,1083988,2,1083990
8906,1084082,1,1084083
8907,1084322,3,1084325
8908,1084355,10,1084365
8909,1084388,62,1084450
8910,1084473,45,1084518
8911,1084664,18,1084682
8912,1084806,12,1084818
8913,1084954,13,1084967
8914,1085048,73,1085121
8915,1085273,12,1085285
8916,1085428,16,1085444
8917,1085474,17,1085491
8918,1085507,37,1085544
8919,1085732,4,1085736
8920,1085860,14,1085874
8921,1085875,8,1085883
8922,1086207,11,1086218
8923,1086382,12,1086394
8924,1086432,4,1086436
8925,1086450,27,1086477
8926,1086587,6,1086593
8927,1086668,26,1086694
8928,1086903,12,1086915
8929,1086969,9,1086978
8930,1086987,5,1086992
8931,1087004,15,1087019
8932,1087149,21,1087170
8933,1087251,9,1087260
8934,1087263,29,1087292
8935,1087303,14,1087317
8936,1087329,37,1087366
8937,1087390,14,1087404
8938,1087543,37,1087580
8939,1087615,7,1087622
8940,1087629,10,1087639
8941,1087865,7,1087872
8942,1087969,5,1087974
8943,1087984,2,1087986
8944,1088134,45,1088179
8945,1088281,26,1088307
8946,1088407,2,1088409
8947,1088423,26,1088449
8948,1088517,29,1088546
8949,1088784,10,1088794
8950,1088863,45,1088908
8951,1089002,1,1089003
8952,1089071,1,1089072
8953,1089177,9,1089186
8954,1089357,12,1089369
8955,1089449,21,1089470
8956,1089677,11,1089688
8957,1089810,41,1089851
8958,1089958,23,1089981
8959,1090042,14,1090056
8960,1090095,36,1090131
8961,1090140,17,1090157
8962,1090229,31,1090260
8963,1090286,7,1090293
8964,1090415,6,1090421
8965,1090424,37,1090461
8966,1090563,27,1090590
8967,1090629,11,1090640
8968,1090818,7,1090825
8969,1090955,1,1090956
8970,1090980,10,1090990
8971,1091279,52,1091331
8972,1091497,13,1091510
8973,1091512,5,1091517
8974,1091525,26,1091551
8975,1091616,8,1091624
8976,1091670,58,1091728
8977,1091891,4,1091895
8978,1092300,36,1092336
8979,1092454,12,1092466
8980,1092760,6,1092766
8981,1092871,37,1092908
8982,1092994,7,1093001
8983,1093088,5,1093093
8984,1093242,115,1093357
8985,1093370,108,1093478
8986,1093640,4,1093644
8987,1093664,1,1093665
8988,1093863,27,1093890
8989,1093912,16,1093928
8990,1093997,61,1094058
8991,1094188,12,1094200
8992,1094211,9,1094220
8993,1094239,7,1094246
8994,1094254,6,1094260
8995,1094574,25,1094599
8996,1094853,16,1094869
8997,1094886,49,1094935
8998,1095219,3,1095222
8999,1095258,13,1095271
9000,1095313,4,1095317
9001,1095389,6,1095395
9002,1095506,14,1095520
9003,1095560,23,1095583
9004,1095666,25,1095691
9005,1095849,47,1095896
9006,1096072,41,1096113
9007,1096144,2,1096146
9008,1096250,13,1096263
9009,1096307,7,1096314
9010,1096383,9,1096392
9011,1096732,10,1096742
9012,1096782,13,1096795
9013,1096940,65,1097005
9014,1097112,2,1097114
9015,1097211,24,1097235
9016,1097290,39,1097329
9017,1097433,7,1097440
9018,1097836,16,1097852
9019,1098031,8,1098039
9020,1098280,21,1098301
9021,1098403,4,1098407
9022,1098711,31,1098742
9023,1099015,5,1099020
9024,1099118,29,1099147
9025,1099155,26,1099181
9026,1099213,6,1099219
9027,1099348,26,1099374
9028,1099399,26,1099425
9029,1099479,58,1099537
9030,1099836,86,1099922
9031,1099978,7,1099985
9032,1100021,20,1100041
9033,1100142,48,1100190
9034,1100248,2,1100250
9035,1100484,12,1100496
9036,1100573,18,1100591
9037,1100683,4,1100687
9038,1100709,2,1100711
9039,1101074,26,1101100
9040,1101437,4,1101441
9041,1101445,1,1101446
9042,1101458,5,1101463
9043,1101538,12,1101550
9044,1101561,5,1101566
9045,1101818,61,1101879
9046,1101926,3,1101929
9047,1102051,6,1102057
9048,1102102,16,1102118
9049,1102165,26,1102191
9050,1102310,10,1102320
9051,1102394,2,1102396
9052,1102551,16,1102567
9053,1102601,21,1102622
9054,1102667,1,1102668
9055,1102836,13,1102849
9056,1102892,4,1102896
9057,1102964,14,1102978
9058,1103065,66,1103131
9059,1103140,4,1103144
9060,1103177,69,1103246
9061,1103343,2,1103345
9062,1103384,3,1103387
9063,1103543,31,1103574
9064,1103611,25,1103636
9065,1103654,2,1103656
9066,1103730,16,1103746
9067,1103862,3,1103865
9068,1103925,11,1103936
9069,1104355,2,1104357
9070,1104386,13,1104399
9071,1104828,5,1104833
9072,1104843,11,1104854
9073,1104933,12,1104945
9074,1104984,53,1105037
9075,1105043,11,1105054
9076,1105163,4,1105167
9077,1105184,48,1105232
9078,1105247,3,1105250
9079,1105438,38,1105476
9080,1105648,26,1105674
9081,1105728,10,1105738
9082,1106029,5,1106034
9083,1106036,80,1106116
9084,1106511,9,1106520
9085,1106537,26,1106563
9086,1106780,13,1106793
9087,1106827,14,1106841
9088,1106864,20,1106884
9089,1107143,36,1107179
9090,1107225,28,1107253
9091,1107315,107,1107422
9092,1107543,3,1107546
9093,1107565,6,1107571
9094,1107610,36,1107646
9095,1107713,6,1107719
9096,1107728,30,1107758
9097,1107814,1,1107815
9098,1108033,70,1108103
9099,1108307,46,1108353
9100,1108378,5,1108383
9101,1108507,26,1108533
9102,1108657,82,1108739
9103,1108789,61,1108850
9104,1108962,3,1108965
9105,1109134,4,1109138
9106,1109203,26,1109229
9107,1109232,42,1109274
9108,1109443,1,1109444
9109,1109873,25,1109898
9110,1110153,26,1110179
9111,1110205,9,1110214
9112,1110239,5,1110244
9113,1110251,25,1110276
9114,1110546,64,1110610
9115,1110663,25,1110688
9116,1110754,18,1110772
9117,1110977,6,1110983
9118,1111031,17,1111048
9119,1111080,3,1111083
9120,1111232,13,1111245
9121,1111266,121,1111387
9122,1111596,1,1111597
9123,1111744,3,1111747
9124,1111992,1,1111993
9125,1112064,50,1112114
9126,1112153,9,1112162
9127,1112264,15,1112279
9128,1112337,25,1112362
9129,1112421,17,1112438
9130,1112541,6,1112547
9131,1112560,65,1112625
9132,1112682,2,1112684
9133,1112708,8,1112716
9134,1112828,1,1112829
9135,1112837,25,1112862
9136,1112908,2,1112910
9137,1112984,6,1112990
9138,1113085,11,1113096
9139,1113110,5,1113115
9140,1113177,3,1113180
9141,1113324,14,1113338
9142,1113390,7,1113397
9143,1113521,23,1113544
9144,1113640,32,1113672
9145,1113898,24,1113922
9146,1113952,3,1113955
9147,1113962,13,1113975
9148,1114403,55,1114458
9149,1114461,14,1114475
9150,1114539,104,1114643
9151,1114659,4,1114663
9152,1114704,32,1114736
9153,1114740,11,1114751
9154,1114813,2,1114815
9155,1114987,4,1114991
9156,1115028,25,1115053
9157,1115105,8,1115113
9158,1115231,7,1115238
9159,1115267,10,1115277
9160,1115430,6,1115436
9161,1115463,16,1115479
9162,1115482,11,1115493
9163,1115557,11,1115568
9164,1115631,8,1115639
9165,1115910,76,1115986
9166,1115995,26,1116021
9167,1116036,10,1116046
9168,1116162,8,1116170
9169,1116200,29,1116229
9170,1116390,21,1116411
9171,1116549,29,1116578
9172,1116638,84,1116722
9173,1116782,4,1116786
9174,1116844,45,1116889
9175,1116948,43,1116991
9176,1117237,51,1117288
9177,1117295,26,1117321
9178,1117404,23,1117427
9179,1117429,10,1117439
9180,1117502,21,1117523
9181,1117817,12,1117829
9182,1117857,6,1117863
9183,1117875,14,1117889
9184,1117906,12,1117918
9185,1117926,15,1117941
9186,1117999,21,1118020
9187,1118071,48,1118119
9188,1118168,7,1118175
9189,1118184,5,1118189
9190,1118386,10,1118396
9191,1118455,14,1118469
9192,1118555,4,1118559
9193,1118588,4,1118592
9194,1118607,7,1118614
9195,1118627,19,1118646
9196,1118815,6,1118821
9197,1118891,25,1118916
9198,1119000,4,1119004
9199,1119009,21,1119030
9200,1119161,3,1119164
9201,1119830,25,1119855
9202,1119938,25,1119963
9203,1120043,4,1120047
9204,1120064,8,1120072
9205,1120548,5,1120553
9206,1120739,11,1120750
9207,1120877,22,1120899
9208,1120927,28,1120955
9209,1120958,66,1121024
9210,1121050,1,1121051
9211,1121069,43,1121112
9212,1121219,8,1121227
9213,1121229,34,1121263
9214,1121414,15,1121429
9215,1121453,14,1121467
9216,1121690,3,1121693
9217,1121698,28,1121726
9218,1121825,20,1121845
9219,1121938,24,1121962
9220,1122006,11,1122017
9221,1122051,76,1122127
9222,1122142,18,1122160
9223,1122265,4,1122269
9224,1122482,9,1122491
9225,1122700,1,1122701
9226,1122743,1,1122744
9227,1122882,13,1122895
9228,1123161,5,1123166
9229,1123298,15,1123313
9230,1123503,25,1123528
9231,1123841,26,1123867
9232,1123920,47,1123967
9233,1123988,17,1124005
9234,1124064,5,1124069
9235,1124141,4,1124145
9236,1124165,34,1124199
9237,1124227,7,1124234
9238,1124245,3,1124248
9239,1124279,14,1124293
9240,1124333,27,1124360
9241,1124403,2,1124405
9242,1124551,66,1124617
9243,1124647,29,1124676
9244,1125011,118,1125129
9245,1125174,25,1125199
9246,1125215,4,1125219
9247,1125255,26,1125281
9248,1125284,5,1125289
9249,1125436,8,1125444
9250,1125446,1,1125447
9251,1125617,28,1125645
9252,1125747,21,1125768
9253,1125855,31,1125886
9254,1125909,47,1125956
9255,1125962,40,1126002
9256,1126011,11,1126022
9257,1126797,14,1126811
9258,1126992,15,1127007
9259,1127051,16,1127067
9260,1127173,20,1127193
9261,1127243,12,1127255
9262,1127256,38,1127294
9263,1127327,10,1127337
9264,1127357,12,1127369
9265,1127398,12,1127410
9266,1127481,19,1127500
9267,1127606,21,1127627
9268,1127633,13,1127646
9269,1127971,2,1127973
9270,1128157,32,1128189
9271,1128205,15,1128220
9272,1128285,22,1128307
9273,1128570,9,1128579
9274,1128619,8,1128627
9275,1128796,38,1128834
9276,1128981,26,1129007
9277,1129085,18,1129103
9278,1129114,17,1129131
9279,1129322,4,1129326
9280,1129341,11,1129352
9281,1129545,20,1129565
9282,1129629,5,1129634
9283,1129696,22,1129718
9284,1129957,3,1129960
9285,1129982,3,1129985
9286,1130038,28,1130066
9287,1130143,57,1130200
9288,1130258,21,1130279
9289,1130285,3,1130288
9290,1130389,47,1130436
9291,1130446,7,1130453
9292,1130556,23,1130579
9293,1130742,1,1130743
9294,1130986,17,1131003
9295,1131029,16,1131045
9296,1131560,51,1131611
9297,1131815,10,1131825
9298,1131874,11,1131885
9299,1131966,20,1131986
9300,1132019,21,1132040
9301,1132524,30,1132554
9302,1132637,15,1132652
9303,1132746,12,1132758
9304,1132832,50,1132882
9305,1133102,21,1133123
9306,1133155,3,1133158
9307,1133348,8,1133356
9308,1133411,18,1133429
9309,1133475,16,1133491
9310,1133515,5,1133520
9311,1133949,9,1133958
9312,1134020,17,1134037
9313,1134038,23,1134061
9314,1134204,19,1134223
9315,1134373,3,1134376
9316,1134378,31,1134409
9317,1134447,32,1134479
9318,1134812,5,1134817
9319,1134879,22,1134901
9320,1134935,42,1134977
9321,1135184,9,1135193
9322,1135479,27,1135506
9323,1135619,8,1135627
9324,1136001,4,1136005
9325,1136107,1,1136108
9326,1136184,30,1136214
9327,1136233,28,1136261
9328,1136400,4,1136404
9329,1136496,10,1136506
9330,1136579,22,1136601
9331,1136634,25,1136659
9332,1136752,8,1136760
9333,1136808,33,1136841
9334,1136906,26,1136932
9335,1137410,23,1137433
9336,1137546,26,1137572
9337,1137589,21,1137610
9338,1137632,4,1137636
9339,1137662,5,1137667
9340,1138103,26,1138129
9341,1138231,4,1138235
9342,1138489,12,1138501
9343,1138528,5,1138533
9344,1138629,10,1138639
9345,1138912,18,1138930
9346,1138993,6,1138999
9347,1139070,3,1139073
9348,1139126,1,1139127
9349,1139176,18,1139194
9350,1139491,17,1139508
9351,1139632,10,1139642
9352,1139921,9,1139930
9353,1140102,14,1140116
9354,1140222,51,1140273
9355,1140479,4,1140483
9356,1140499,4,1140503
9357,1140552,20,1140572
9358,1140587,11,1140598
9359,1140644,30,1140674
9360,1140695,13,1140708
9361,1140723,110,1140833
9362,1140878,4,1140882
9363,1140889,14,1140903
9364,1141014,8,1141022
9365,1141127,1,1141128
9366,1141179,3,1141182
9367,1141241,1,1141242
9368,1141248,14,1141262
9369,1141402,22,1141424
9370,1141562,45,1141607
9371,1141724,12,1141736
9372,1141833,3,1141836
9373,1141877,40,1141917
9374,1142374,26,1142400
9375,1142452,5,1142457
9376,1142565,6,1142571
9377,1142616,3,1142619
9378,1142758,17,1142775
9379,1142882,24,1142906
9380,1142923,34,1142957
9381,1143037,3,1143040
9382,1143050,64,1143114
9383,1143328,6,1143334
9384,1143452,35,1143487
9385,1143488,44,1143532
9386,1143684,2,1143686
9387,1143772,7,1143779
9388,1143967,21,1143988
9389,1144070,25,1144095
9390,1144111,14,1144125
9391,1144344,4,1144348
9392,1144512,15,1144527
9393,1144540,5,1144545
9394,1144571,14,1144585
9395,1144620,37,1144657
9396,1144712,2,1144714
9397,1144744,16,1144760
9398,1144797,35,1144832
9399,1144864,5,1144869
9400,1144957,18,1144975
9401,1145112,23,1145135
9402,1145196,12,1145208
9403,1145584,29,1145613
9404,1145614,12,1145626
9405,1145694,14,1145708
9406,1145779,36,1145815
9407,1145867,8,1145875
9408,1145953,12,1145965
9409,1146145,9,1146154
9410,1146160,10,1146170
9411,1146437,8,1146445
9412,1146521,19,1146540
9413,1146661,9,1146670
9414,1146780,3,1146783
9415,1146850,19,1146869
9416,1146889,19,1146908
9417,1146999,5,1147004
9418,1147105,6,1147111
9419,1147135,9,1147144
9420,1147175,16,1147191
9421,1147347,24,1147371
9422,1147478,20,1147498
9423,1147649,15,1147664
9424,1147858,5,1147863
9425,1147922,5,1147927
9426,1148046,8,1148054
9427,1148120,12,1148132
9428,1148280,26,1148306
9429,1148437,13,1148450
9430,1148557,57,1148614
9431,1148684,6,1148690
9432,1148881,36,1148917
9433,1148924,7,1148931
9434,1149030,13,1149043
9435,1149069,33,1149102
9436,1149193,3,1149196
9437,1149219,1,1149220
9438,1149240,21,1149261
9439,1149273,26,1149299
9440,1149355,21,1149376
9441,1149658,72,1149730
9442,1149822,1,1149823
9443,1149867,8,1149875
9444,1149951,1,1149952
9445,1149979,21,1150000
9446,1150080,18,1150098
9447,1150158,25,1150183
9448,1150452,3,1150455
9449,1150630,9,1150639
9450,1150794,14,1150808
9451,1150982,13,1150995
9452,1151126,41,1151167
9453,1151209,29,1151238
9454,1151295,2,1151297
9455,1151307,25,1151332
9456,1151343,6,1151349
9457,1151354,20,1151374
9458,1151402,19,1151421
9459,1151427,8,1151435
9460,1151438,11,1151449
9461,1151654,29,1151683
9462,1151714,11,1151725
9463,1151745,5,1151750
9464,1151962,16,1151978
9465,1152123,23,1152146
9466,1152273,6,1152279
9467,1152318,12,1152330
9468,1152430,38,1152468
9469,1152481,31,1152512
9470,1152624,4,1152628
9471,1152817,13,1152830
9472,1152887,27,1152914
9473,1153159,5,1153164
9474,1153225,27,1153252
9475,1153287,37,1153324
9476,1153434,30,1153464
9477,1153518,9,1153527
9478,1153602,10,1153612
9479,1153631,23,1153654
9480,1153759,3,1153762
9481,1153883,3,1153886
9482,1153963,18,1153981
9483,1154098,36,1154134
9484,1154257,10,1154267
9485,1154273,21,1154294
9486,1154410,14,1154424
9487,1154633,13,1154646
9488,1154660,8,1154668
9489,1154826,5,1154831
9490,1154869,6,1154875
9491,1154883,3,1154886
9492,1154996,59,1155055
9493,1155347,12,1155359
9494,1155384,13,1155397
9495,1155490,12,1155502
9496,1155644,22,1155666
9497,1155985,45,1156030
9498,1156112,70,1156182
9499,1156325,47,1156372
9500,1156378,11,1156389
9501,1156620,11,1156631
9502,1156783,42,1156825
9503,1156956,9,1156965
9504,1157007,2,1157009
9505,1157029,6,1157035
9506,1157090,22,1157112
9507,1157116,48,1157164
9508,1157379,25,1157404
9509,1157715,30,1157745
9510,1157967,2,1157969
9511,1158157,15,1158172
9512,1158186,31,1158217
9513,1158230,18,1158248
9514,1158282,60,1158342
9515,1158622,13,1158635
9516,1158647,10,1158657
9517,1158793,10,1158803
9518,1158929,9,1158938
9519,1159151,61,1159212
9520,1159331,16,1159347
9521,1159500,15,1159515
9522,1159562,75,1159637
9523,1159669,26,1159695
9524,1159852,13,1159865
9525,1159993,25,1160018
9526,1160021,6,1160027
9527,1160045,12,1160057
9528,1160067,14,1160081
9529,1160088,3,1160091
9530,1160111,11,1160122
9531,1160299,3,1160302
9532,1160327,4,1160331
9533,1160347,3,1160350
9534,1160606,3,1160609
9535,1160746,1,1160747
9536,1160844,23,1160867
9537,1160900,56,1160956
9538,1161004,8,1161012
9539,1161039,9,1161048
9540,1161241,1,1161242
9541,1161325,17,1161342
9542,1161350,3,1161353
9543,1161359,5,1161364
9544,1161676,13,1161689
9545,1161725,8,1161733
9546,1161897,31,1161928
9547,1162360,14,1162374
9548,1162380,3,1162383
9549,1162457,14,1162471
9550,1162499,38,1162537
9551,1162588,31,1162619
9552,1162836,13,1162849
9553,1162971,13,1162984
9554,1162988,45,1163033
9555,1163392,1,1163393
9556,1163685,10,1163695
9557,1163977,56,1164033
9558,1164131,3,1164134
9559,1164172,20,1164192
9560,1164284,35,1164319
9561,1164634,29,1164663
9562,1164690,14,1164704
9563,1165081,10,1165091
9564,1165101,9,1165110
9565,1165239,8,1165247
9566,1165349,40,1165389
9567,1165578,24,1165602
9568,1165659,52,1165711
9569,1165730,11,1165741
9570,1165900,24,1165924
9571,1166106,10,1166116
9572,1166133,15,1166148
9573,1166556,26,1166582
9574,1166753,95,1166848
9575,1166882,13,1166895
9576,1166971,11,1166982
9577,1166985,34,1167019
9578,1167215,11,1167226
9579,1167263,3,1167266
9580,1167450,6,1167456
9581,1167616,7,1167623
9582,1167769,20,1167789
9583,1167845,11,1167856
9584,1168096,13,1168109
9585,1168213,13,1168226
9586,1168233,5,1168238
9587,1168368,27,1168395
9588,1168599,8,1168607
9589,1168648,11,1168659
9590,1168694,1,1168695
9591,1168729,1,1168730
9592,1168737,20,1168757
9593,1168850,7,1168857
9594,1168884,7,1168891
9595,1168985,11,1168996
9596,1169047,11,1169058
9597,1169255,4,1169259
9598,1169347,7,1169354
9599,1169403,2,1169405
9600,1169428,69,1169497
9601,1169501,10,1169511
9602,1169618,2,1169620
9603,1169630,12,1169642
9604,1169757,49,1169806
9605,1169820,15,1169835
9606,1169864,8,1169872
9607,1169960,31,1169991
9608,1170410,4,1170414
9609,1170489,4,1170493
9610,1170723,26,1170749
9611,1170764,7,1170771
9612,1170948,3,1170951
9613,1170997,23,1171020
9614,1171045,36,1171081
9615,1171352,31,1171383
9616,1171726,9,1171735
9617,1171986,10,1171996
9618,1172122,68,1172190
9619,1172226,4,1172230
9620,1172366,32,1172398
9621,1172518,15,1172533
9622,1172707,12,1172719
9623,1172751,25,1172776
9624,1172893,9,1172902
9625,1172911,11,1172922
9626,1172991,8,1172999
9627,1173017,23,1173040
9628,1173073,8,1173081
9629,1173213,3,1173216
9630,1173388,11,1173399
9631,1173548,2,1173550
9632,1173650,4,1173654
9633,1173789,8,1173797
9634,1174020,5,1174025
9635,1174110,28,1174138
9636,1174192,3,1174195
9637,1174253,5,1174258
9638,1174696,4,1174700
9639,1174706,2,1174708
9640,1174762,3,1174765
9641,1174913,18,1174931
9642,1174953,14,1174967
9643,1174998,45,1175043
9644,1175163,7,1175170
9645,1175172,41,1175213
9646,1175474,27,1175501
9647,1175511,9,1175520
9648,1175650,23,1175673
9649,1175711,29,1175740
9650,1175813,7,1175820
9651,1175895,8,1175903
9652,1176111,16,1176127
9653,1176186,17,1176203
9654,1176325,13,1176338
9655,1176433,12,1176445
9656,1176567,13,1176580
9657,1176664,4,1176668
9658,1176806,15,1176821
9659,1176826,2,1176828
9660,1176829,12,1176841
9661,1176867,4,1176871
9662,1176961,7,1176968
9663,1177000,14,1177014
9664,1177164,33,1177197
9665,1177212,7,1177219
9666,1177287,45,1177332
9667,1177335,2,1177337
9668,1177387,12,1177399
9669,1177414,27,1177441
9670,1177497,15,1177512
9671,1177567,44,1177611
9672,1177743,45,1177788
9673,1178224,20,1178244
9674,1178454,1,1178455
9675,1178478,40,1178518
9676,1178965,28,1178993
9677,1179139,2,1179141
9678,1179319,13,1179332
9679,1179580,5,1179585
9680,1179619,3,1179622
9681,1179656,13,1179669
9682,1179681,18,1179699
9683,1179788,3,1179791
9684,1179963,33,1179996
9685,1180218,5,1180223
9686,1180387,52,1180439
9687,1180560,5,1180565
9688,1180604,9,1180613
9689,1180618,11,1180629
9690,1180659,47,1180706
9691,1180721,36,1180757
9692,1180928,7,1180935
9693,1181008,26,1181034
9694,1181151,30,1181181
9695,1181439,11,1181450
9696,1181518,7,1181525
9697,1181531,8,1181539
9698,1181551,13,1181564
9699,1181674,14,1181688
9700,1181721,15,1181736
9701,1181819,7,1181826
9702,1181845,19,1181864
9703,1182173,4,1182177
9704,1182281,9,1182290
9705,1182420,35,1182455
9706,1182467,7,1182474
9707,1182665,34,1182699
9708,1183149,7,1183156
9709,1183377,26,1183403
9710,1183459,18,1183477
9711,1183564,13,1183577
9712,1183581,46,1183627
9713,1183711,3,1183714
9714,1183745,2,1183747
9715,1183963,4,1183967
9716,1184103,13,1184116
9717,1184154,23,1184177
9718,1184190,12,1184202
9719,1184375,13,1184388
9720,1184462,14,1184476
9721,1184573,20,1184593
9722,1184637,14,1184651
9723,1184673,21,1184694
9724,1184885,15,1184900
9725,1184929,27,1184956
9726,1184964,15,1184979
9727,1185016,23,1185039
9728,1185219,3,1185222
9729,1185336,13,1185349
9730,1185502,27,1185529
9731,1185537,12,1185549
9732,1185562,1,1185563
9733,1185753,25,1185778
9734,1185792,1,1185793
9735,1185846,21,1185867
9736,1185936,15,1185951
9737,1186324,3,1186327
9738,1186469,1,1186470
9739,1186482,11,1186493
9740,1186560,13,1186573
9741,1186589,12,1186601
9742,1186777,21,1186798
9743,1186808,8,1186816
9744,1186885,3,1186888
9745,1186905,9,1186914
9746,1186938,5,1186943
9747,1186989,13,1187002
9748,1187085,27,1187112
9749,1187129,23,1187152
9750,1187170,3,1187173
9751,1187255,16,1187271
9752,1187403,14,1187417
9753,1187502,15,1187517
9754,1187809,41,1187850
9755,1187984,26,1188010
9756,1188035,57,1188092
9757,1188600,6,1188606
9758,1188655,3,1188658
9759,1188692,1,1188693
9760,1188772,2,1188774
9761,1188880,10,1188890
9762,1188983,8,1188991
9763,1189000,4,1189004
9764,1189020,16,1189036
9765,1189126,31,1189157
9766,1189207,3,1189210
9767,1189245,21,1189266
9768,1189544,36,1189580
9769,1189588,3,1189591
9770,1189617,52,1189669
9771,1189859,19,1189878
9772,1189898,9,1189907
9773,1189925,16,1189941
9774,1190391,35,1190426
9775,1190467,17,1190484
9776,1190671,13,1190684
9777,1190866,22,1190888
9778,1190975,3,1190978
9779,1191051,4,1191055
9780,1191250,29,1191279
9781,1191307,69,1191376
9782,1191527,6,1191533
9783,1191610,93,1191703
9784,1191826,2,1191828
9785,1191893,11,1191904
9786,1191985,5,1191990
9787,1192045,5,1192050
9788,1192195,10,1192205
9789,1192246,11,1192257
9790,1192297,17,1192314
9791,1192318,25,1192343
9792,1192480,24,1192504
9793,1192547,30,1192577
9794,1192907,54,1192961
9795,1193066,30,1193096
9796,1193236,7,1193243
9797,1193314,47,1193361
9798,1193383,24,1193407
9799,1193629,48,1193677
9800,1193793,4,1193797
9801,1193869,18,1193887
9802,1194123,30,1194153
9803,1194213,5,1194218
9804,1194299,38,1194337
9805,1194374,35,1194409
9806,1194459,7,1194466
9807,1194566,3,1194569
9808,1194804,12,1194816
9809,1194859,46,1194905
9810,1195117,1,1195118
9811,1195254,2,1195256
9812,1195474,28,1195502
9813,1195523,24,1195547
9814,1195580,27,1195607
9815,1195658,8,1195666
9816,1195891,4,1195895
9817,1195949,14,1195963
9818,1196016,20,1196036
9819,1196130,11,1196141
9820,1196310,2,1196312
9821,1196414,15,1196429
9822,1196448,38,1196486
9823,1196497,70,1196567
9824,1196647,40,1196687
9825,1196717,7,1196724
9826,1196729,11,1196740
9827,1196886,3,1196889
9828,1196891,30,1196921
9829,1196978,13,1196991
9830,1197245,2,1197247
9831,1197344,15,1197359
9832,1197502,7,1197509
9833,1197580,17,1197597
9834,1197724,11,1197735
9835,1197832,34,1197866
9836,1197956,51,1198007
9837,1198518,8,1198526
9838,1198567,3,1198570
9839,1198634,12,1198646
9840,1198688,20,1198708
9841,1198746,10,1198756
9842,1198792,41,1198833
9843,1198862,27,1198889
9844,1198919,27,1198946
9845,1198975,2,1198977
9846,1199190,34,1199224
9847,1199274,12,1199286
9848,1199316,17,1199333
9849,1199529,61,1199590
9850,1199592,4,1199596
9851,1199684,17,1199701
9852,1199847,33,1199880
9853,1200003,23,1200026
9854,1200262,10,1200272
9855,1200362,76,1200438
9856,1200458,23,1200481
9857,1200630,11,1200641
9858,1200688,58,1200746
9859,1200748,9,1200757
9860,1200771,13,1200784
9861,1200841,26,1200867
9862,1200953,17,1200970
9863,1201045,9,1201054
9864,1201126,44,1201170
9865,1201455,29,1201484
9866,1201570,47,1201617
9867,1201634,17,1201651
9868,1201896,10,1201906
9869,1201972,11,1201983
9870,1202002,11,1202013
9871,1202178,8,1202186
9872,1202307,58,1202365
9873,1202477,2,1202479
9874,1202561,3,1202564
9875,1202778,17,1202795
9876,1202802,14,1202816
9877,1202861,22,1202883
9878,1202979,5,1202984
9879,1203188,16,1203204
9880,1203329,26,1203355
9881,1203526,26,1203552
9882,1204140,18,1204158
9883,1204365,49,1204414
9884,1204425,3,1204428
9885,1204478,25,1204503
9886,1204640,8,1204648
9887,1204838,41,1204879
9888,1204887,2,1204889
9889,1204904,5,1204909
9890,1204920,2,1204922
9891,1204939,7,1204946
9892,1204974,9,1204983
9893,1205025,9,1205034
9894,1205148,26,1205174
9895,1205199,19,1205218
9896,1205228,28,1205256
9897,1205346,47,1205393
9898,1205425,53,1205478
9899,1205511,4,1205515
9900,1205626,26,1205652
9901,1205694,21,1205715
9902,1205830,41,1205871
9903,1206020,28,1206048
9904,1206128,9,1206137
9905,1206305,5,1206310
9906,1206451,27,1206478
9907,1206709,9,1206718
9908,1206940,12,1206952
9909,1206983,6,1206989
9910,1207045,8,1207053
9911,1207093,21,1207114
9912,1207459,31,1207490
9913,1207502,1,1207503
9914,1207610,27,1207637
9915,1207712,18,1207730
9916,1207941,7,1207948
9917,1208006,22,1208028
9918,1208150,51,1208201
9919,1208353,11,1208364
9920,1208385,8,1208393
9921,1208437,33,1208470
9922,1208481,6,1208487
9923,1208557,3,1208560
9924,1208597,4,1208601
9925,1208736,26,1208762
9926,1208794,11,1208805
9927,1208966,7,1208973
9928,1208987,18,1209005
9929,1209050,1,1209051
9930,1209089,8,1209097
9931,1209313,5,1209318
9932,1209361,3,1209364
9933,1209426,14,1209440
9934,1209505,6,1209511
9935,1210208,2,1210210
9936,1210415,6,1210421
9937,1210506,1,1210507
9938,1210653,14,1210667
9939,1210731,11,1210742
9940,1210816,23,1210839
9941,1210847,9,1210856
9942,1210873,19,1210892
9943,1211100,14,1211114
9944,1211151,11,1211162
9945,1211191,4,1211195
9946,1211332,19,1211351
9947,1211621,11,1211632
9948,1211685,4,1211689
9949,1211736,101,1211837
9950,1212023,31,1212054
9951,1212115,1,1212116
9952,1212123,9,1212132
9953,1212191,20,1212211
9954,1212327,19,1212346
9955,1212726,87,1212813
9956,1212888,1,1212889
9957,1213043,23,1213066
9958,1213170,39,1213209
9959,1213213,79,1213292
9960,1213361,2,1213363
9961,1213619,23,1213642
9962,1214076,2,1214078
9963,1214458,20,1214478
9964,1214635,2,1214637
9965,1214670,5,1214675
9966,1214697,8,1214705
9967,1214737,39,1214776
9968,1214784,7,1214791
9969,1214803,58,1214861
9970,1214997,9,1215006
9971,1215167,2,1215169
9972,1215212,6,1215218
9973,1215333,16,1215349
9974,1215357,40,1215397
9975,1215487,25,1215512
9976,1215545,58,1215603
9977,1215621,8,1215629
9978,1215690,26,1215716
9979,1215739,21,1215760
9980,1215814,4,1215818
9981,1215960,28,1215988
9982,1216019,12,1216031
9983,1216083,3,1216086
9984,1216092,19,1216111
9985,1216630,4,1216634
9986,1216832,28,1216860
9987,1217065,16,1217081
9988,1217082,23,1217105
9989,1217245,83,1217328
9990,1217458,12,1217470
9991,1217529,25,1217554
9992,1217555,3,1217558
9993,1217626,10,1217636
9994,1217729,28,1217757
9995,1217763,111,1217874
9996,1217928,53,1217981
9997,1218057,13,1218070
9998,1218127,43,1218170
9999,1218209,15,1218224
10000,1218296,17,1218313
10001,1218492,1,1218493
10002,1218494,10,1218504
10003,1218527,36,1218563
10004,1218844,27,1218871
10005,1219025,48,1219073
10006,1219179,29,1219208
10007,1219454,9,1219463
10008,1219530,22,1219552
10009,1219645,38,1219683
10010,1219795,61,1219856
10011,1220003,4,1220007
10012,1220023,3,1220026
10013,1220107,3,1220110
10014,1220136,53,1220189
10015,1220215,30,1220245
10016,1220310,29,1220339
10017,1220380,22,1220402
10018,1221086,3,1221089
10019,1221117,10,1221127
10020,1221140,21,1221161
10021,1221255,22,1221277
10022,1221314,59,1221373
10023,1221673,5,1221678
10024,1221692,6,1221698
10025,1221749,19,1221768
10026,1222086,29,1222115
10027,1222199,21,1222220
10028,1222304,1,1222305
10029,1222465,7,1222472
10030,1222478,2,1222480
10031,1222557,132,1222689
10032,1222835,27,1222862
10033,1223117,16,1223133
10034,1223166,11,1223177
10035,1223378,18,1223396
10036,1223406,25,1223431
10037,1223443,9,1223452
10038,1223540,38,1223578
10039,1223730,2,1223732
10040,1223804,7,1223811
10041,1224204,23,1224227
10042,1224273,5,1224278
10043,1224502,1,1224503
10044,1224632,10,1224642
10045,1224653,38,1224691
10046,1224697,10,1224707
10047,1224720,34,1224754
10048,1224771,23,1224794
10049,1224961,17,1224978
10050,1225466,15,1225481
10051,1225587,32,1225619
10052,1225805,22,1225827
10053,1225866,10,1225876
10054,1225945,21,1225966
10055,1225973,11,1225984
10056,1226487,7,1226494
10057,1226504,3,1226507
10058,1226537,33,1226570
10059,1226651,3,1226654
10060,1226742,5,1226747
10061,1226841,31,1226872
10062,1226873,39,1226912
10063,1226933,5,1226938
10064,1227328,6,1227334
10065,1227413,71,1227484
10066,1227548,11,1227559
10067,1227670,28,1227698
10068,1227702,4,1227706
10069,1227889,6,1227895
10070,1227915,10,1227925
10071,1228080,12,1228092
10072,1228262,3,1228265
10073,1228283,5,1228288
10074,1228323,22,1228345
10075,1228538,33,1228571
10076,1228667,18,1228685
10077,1228735,17,1228752
10078,1228951,12,1228963
10079,1229141,15,1229156
10080,1229746,5,1229751
10081,1229775,7,1229782
10082,1229799,12,1229811
10083,1229899,6,1229905
10084,1229985,9,1229994
10085,1230017,24,1230041
10086,1230175,7,1230182
10087,1230221,8,1230229
10088,1230448,7,1230455
10089,1230514,69,1230583
10090,1230679,75,1230754
10091,1231216,9,1231225
10092,1231250,12,1231262
10093,1231263,4,1231267
10094,1231300,55,1231355
10095,1231550,43,1231593
10096,1231641,10,1231651
10097,1231671,4,1231675
10098,1231761,18,1231779
10099,1232073,33,1232106
10100,1232114,39,1232153
10101,1232202,27,1232229
10102,1232247,18,1232265
10103,1232271,5,1232276
10104,1232476,18,1232494
10105,1232646,7,1232653
10106,1232712,80,1232792
10107,1232860,7,1232867
10108,1233092,18,1233110
10109,1233129,15,1233144
10110,1233207,11,1233218
10111,1233225,4,1233229
10112,1233248,12,1233260
10113,1233445,3,1233448
10114,1233532,1,1233533
10115,1233555,7,1233562
10116,1233619,23,1233642
10117,1233840,28,1233868
10118,1233939,25,1233964
10119,1234210,13,1234223
10120,1234480,38,1234518
10121,1234666,2,1234668
10122,1234691,11,1234702
10123,1234841,8,1234849
10124,1234973,4,1234977
10125,1234981,29,1235010
10126,1235100,8,1235108
10127,1235129,28,1235157
10128,1235194,1,1235195
10129,1235269,6,1235275
10130,1235303,24,1235327
10131,1235367,6,1235373
10132,1235416,13,1235429
10133,1235607,1,1235608
10134,1235611,3,1235614
10135,1235808,8,1235816
10136,1235829,12,1235841
10137,1236305,18,1236323
10138,1236356,42,1236398
10139,1236449,11,1236460
10140,1236472,31,1236503
10141,1236545,7,1236552
10142,1236819,6,1236825
10143,1237076,4,1237080
10144,1237180,24,1237204
10145,1237256,10,1237266
10146,1237278,1,1237279
10147,1237298,4,1237302
10148,1237451,18,1237469
10149,1237476,23,1237499
10150,1237506,21,1237527
10151,1237745,8,1237753
10152,1237915,1,1237916
10153,1237945,14,1237959
10154,1237969,79,1238048
10155,1238258,30,1238288
10156,1238294,2,1238296
10157,1238396,8,1238404
10158,1238423,24,1238447
10159,1238711,60,1238771
10160,1238806,23,1238829
10161,1238933,18,1238951
10162,1239000,10,1239010
10163,1239184,1,1239185
10164,1239308,11,1239319
10165,1239359,36,1239395
10166,1239563,26,1239589
10167,1240563,20,1240583
10168,1240684,5,1240689
10169,1240782,33,1240815
10170,1241084,8,1241092
10171,1241342,24,1241366
10172,1241451,38,1241489
10173,1241551,12,1241563
10174,1241575,13,1241588
10175,1241600,13,1241613
10176,1241627,6,1241633
10177,1241777,14,1241791
10178,1241831,22,1241853
10179,1242048,41,1242089
10180,1242123,50,1242173
10181,1242536,3,1242539
10182,1242549,5,1242554
10183,1242579,20,1242599
10184,1242646,24,1242670
10185,1242756,2,1242758
10186,1242860,25,1242885
10187,1242936,6,1242942
10188,1242952,15,1242967
10189,1243242,1,1243243
10190,1243259,23,1243282
10191,1243292,9,1243301
10192,1243453,16,1243469
10193,1243607,23,1243630
10194,1243740,16,1243756
10195,1243804,4,1243808
10196,1243960,6,1243966
10197,1244015,13,1244028
10198,1244030,16,1244046
10199,1244248,17,1244265
10200,1244315,49,1244364
10201,1244485,46,1244531
10202,1244587,5,1244592
10203,1244636,22,1244658
10204,1244920,35,1244955
10205,1244983,22,1245005
10206,1245111,5,1245116
10207,1245122,10,1245132
10208,1245315,29,1245344
10209,1245359,11,1245370
10210,1245471,18,1245489
10211,1245674,33,1245707
10212,1245872,19,1245891
10213,1245954,12,1245966
10214,1246000,33,1246033
10215,1246076,14,1246090
10216,1246104,13,1246117
10217,1246209,13,1246222
10218,1246230,20,1246250
10219,1246337,27,1246364
10220,1246477,15,1246492
10221,1246553,54,1246607
10222,1246624,20,1246644
10223,1246706,15,1246721
10224,1246769,14,1246783
10225,1246785,43,1246828
10226,1246910,17,1246927
10227,1247064,41,1247105
10228,1247165,1,1247166
10229,1247299,1,1247300
10230,1247541,6,1247547
10231,1247689,20,1247709
10232,1247723,1,1247724
10233,1247746,31,1247777
10234,1247806,13,1247819
10235,1247848,5,1247853
10236,1248030,11,1248041
10237,1248215,1,1248216
10238,1248248,72,1248320
10239,1248347,1,1248348
10240,1248592,17,1248609
10241,1248656,28,1248684
10242,1248699,112,1248811
10243,1248836,6,1248842
10244,1248854,19,1248873
10245,1248990,10,1249000
10246,1249132,13,1249145
10247,1249340,59,1249399
10248,1249834,11,1249845
10249,1249865,45,1249910
10250,1249965,31,1249996
10251,1250128,17,1250145
10252,1250159,6,1250165
10253,1250176,1,1250177
10254,1250232,41,1250273
10255,1250661,9,1250670
10256,1250678,45,1250723
10257,1250822,24,1250846
10258,1250995,44,1251039
10259,1251439,4,1251443
10260,1251471,78,1251549
10261,1251642,16,1251658
10262,1251900,2,1251902
10263,1251939,25,1251964
10264,1252037,1,1252038
10265,1252111,29,1252140
10266,1252274,6,1252280
10267,1252331,5,1252336
10268,1252344,3,1252347
10269,1252385,4,1252389
10270,1252536,15,1252551
10271,1252684,8,1252692
10272,1252782,65,1252847
10273,1252958,5,1252963
10274,1252967,44,1253011
10275,1253057,22,1253079
10276,1253120,10,1253130
10277,1253161,19,1253180
10278,1253302,11,1253313
10279,1253464,21,1253485
10280,1253496,8,1253504
10281,1253770,9,1253779
10282,1253801,16,1253817
10283,1253863,9,1253872
10284,1253959,63,1254022
10285,1254038,4,1254042
10286,1254150,51,1254201
10287,1254286,17,1254303
10288,1254357,24,1254381
10289,1254548,15,1254563
10290,1254660,5,1254665
10291,1254901,8,1254909
10292,1255091,4,1255095
10293,1255185,14,1255199
10294,1255258,3,1255261
10295,1255292,36,1255328
10296,1255577,5,1255582
10297,1255635,22,1255657
10298,1255767,10,1255777
10299,1256089,21,1256110
10300,1256175,24,1256199
10301,1256304,22,1256326
10302,1256353,17,1256370
10303,1256509,28,1256537
10304,1256595,13,1256608
10305,1256617,19,1256636
10306,1256641,35,1256676
10307,1256770,64,1256834
10308,1256839,1,1256840
10309,1256855,10,1256865
10310,1256893,20,1256913
10311,1257050,4,1257054
10312,1257074,14,1257088
10313,1257103,3,1257106
10314,1257213,15,1257228
10315,1257433,22,1257455
10316,1257738,17,1257755
10317,1257863,1,1257864
10318,1257874,19,1257893
10319,1258197,22,1258219
10320,1258300,54,1258354
10321,1258552,6,1258558
10322,1258589,40,1258629
10323,1258632,36,1258668
10324,1258746,10,1258756
10325,1258870,4,1258874
10326,1259270,8,1259278
10327,1259557,17,1259574
10328,1259679,65,1259744
10329,1259765,15,1259780
10330,1259799,114,1259913
10331,1259929,20,1259949
10332,1260072,12,1260084
10333,1260168,3,1260171
10334,1260271,29,1260300
10335,1260360,31,1260391
10336,1260427,76,1260503
10337,1260515,82,1260597
10338,1260713,2,1260715
10339,1260733,39,1260772
10340,1260783,3,1260786
10341,1260889,29,1260918
10342,1260928,6,1260934
10343,1261014,1,1261015
10344,1261041,47,1261088
10345,1261104,12,1261116
10346,1261140,45,1261185
10347,1261217,30,1261247
10348,1261296,14,1261310
10349,1261498,14,1261512
10350,1261607,117,1261724
10351,1261979,7,1261986
10352,1262003,9,1262012
10353,1262015,1,1262016
10354,1262078,5,1262083
10355,1262123,32,1262155
10356,1262189,18,1262207
10357,1262332,9,1262341
10358,1262379,7,1262386
10359,1262549,71,1262620
10360,1262733,8,1262741
10361,1262744,6,1262750
10362,1262848,2,1262850
10363,1262962,12,1262974
10364,1262991,15,1263006
10365,1263073,5,1263078
10366,1263083,5,1263088
10367,1263118,62,1263180
10368,1263259,28,1263287
10369,1263294,11,1263305
10370,1263387,23,1263410
10371,1263436,5,1263441
10372,1263501,16,1263517
10373,1263522,3,1263525
10374,1263573,41,1263614
10375,1263716,4,1263720
10376,1263859,31,1263890
10377,1264141,5,1264146
10378,1264189,2,1264191
10379,1264334,2,1264336
10380,1264553,1,1264554
10381,1264664,39,1264703
10382,1264839,9,1264848
10383,1264873,1,1264874
10384,1264984,16,1265000
10385,1265133,29,1265162
10386,1265223,93,1265316
10387,1265501,82,1265583
10388,1265750,21,1265771
10389,1265826,5,1265831
10390,1265854,20,1265874
10391,1266007,14,1266021
10392,1266094,10,1266104
10393,1266245,15,1266260
10394,1266306,33,1266339
10395,1266343,10,1266353
10396,1266515,4,1266519
10397,1266654,8,1266662
10398,1266771,13,1266784
10399,1266893,11,1266904
10400,1267097,1,1267098
10401,1267154,4,1267158
10402,1267159,2,1267161
10403,1267504,35,1267539
10404,1267597,25,1267622
10405,1267651,1,1267652
10406,1267685,27,1267712
10407,1268118,14,1268132
10408,1268268,25,1268293
10409,1268308,7,1268315
10410,1268438,2,1268440
10411,1268460,26,1268486
10412,1268570,12,1268582
10413,1268630,6,1268636
10414,1269079,23,1269102
10415,1269193,57,1269250
10416,1269317,2,1269319
10417,1269462,11,1269473
10418,1269599,44,1269643
10419,1270412,15,1270427
10420,1270483,8,1270491
10421,1270516,30,1270546
10422,1270672,1,1270673
10423,1270733,43,1270776
10424,1270837,19,1270856
10425,1270943,22,1270965
10426,1270970,9,1270979
10427,1271078,25,1271103
10428,1271787,13,1271800
10429,1271842,13,1271855
10430,1272043,3,1272046
10431,1272070,37,1272107
10432,1272128,35,1272163
10433,1272197,3,1272200
10434,1272295,55,1272350
10435,1272591,3,1272594
10436,1273031,48,1273079
10437,1273148,43,1273191
10438,1273230,4,1273234
10439,1273385,9,1273394
10440,1273688,6,1273694
10441,1273807,7,1273814
10442,1273815,7,1273822
10443,1273966,4,1273970
10444,1274038,5,1274043
10445,1274046,6,1274052
10446,1274202,17,1274219
10447,1274349,4,1274353
10448,1274545,2,1274547
10449,1274990,19,1275009
10450,1275034,64,1275098
10451,1275104,69,1275173
10452,1275307,69,1275376
10453,1275489,19,1275508
10454,1275575,30,1275605
10455,1275810,15,1275825
10456,1275950,10,1275960
10457,1276112,28,1276140
10458,1276213,46,1276259
10459,1276292,9,1276301
10460,1276502,7,1276509
10461,1276529,4,1276533
10462,1276590,28,1276618
10463,1276744,8,1276752
10464,1276823,42,1276865
10465,1276933,46,1276979
10466,1276995,13,1277008
10467,1277124,47,1277171
10468,1277423,8,1277431
10469,1277743,7,1277750
10470,1277840,61,1277901
10471,1277911,44,1277955
10472,1278459,8,1278467
10473,1278874,8,1278882
10474,1278957,19,1278976
10475,1279031,1,1279032
10476,1279086,13,1279099
10477,1279192,47,1279239
10478,1279307,18,1279325
10479,1279460,2,1279462
10480,1279643,12,1279655
10481,1279811,9,1279820
10482,1279837,3,1279840
10483,1279963,17,1279980
10484,1280024,9,1280033
10485,1280136,22,1280158
10486,1280211,1,1280212
10487,1280268,35,1280303
10488,1280365,20,1280385
10489,1280703,31,1280734
10490,1280809,6,1280815
10491,1280914,3,1280917
10492,1280938,7,1280945
10493,1280948,4,1280952
10494,1280961,12,1280973
10495,1281075,6,1281081
10496,1281181,50,1281231
10497,1281277,7,1281284
10498,1281294,7,1281301
10499,1281377,6,1281383
10500,1281395,39,1281434
10501,1281521,29,1281550
10502,1281583,4,1281587
10503,1281658,2,1281660
10504,1281760,2,1281762
10505,1281772,13,1281785
10506,1281930,51,1281981
10507,1282127,19,1282146
10508,1282222,30,1282252
10509,1282602,35,1282637
10510,1282653,21,1282674
10511,1282734,2,1282736
10512,1282743,30,1282773
10513,1282779,31,1282810
10514,1282855,6,1282861
10515,1282918,10,1282928
10516,1283032,14,1283046
10517,1283199,17,1283216
10518,1283229,24,1283253
10519,1283380,3,1283383
10520,1283442,8,1283450
10521,1283679,8,1283687
10522,1283692,17,1283709
10523,1283735,28,1283763
10524,1283772,109,1283881
10525,1283897,1,1283898
10526,1284018,41,1284059
10527,1284230,3,1284233
10528,1284241,5,1284246
10529,1284310,9,1284319
10530,1284378,42,1284420
10531,1284433,12,1284445
10532,1284542,47,1284589
10533,1284702,7,1284709
10534,1284928,2,1284930
10535,1285172,26,1285198
10536,1285237,35,1285272
10537,1285331,64,1285395
10538,1285520,16,1285536
10539,1285569,18,1285587
10540,1285597,2,1285599
10541,1285658,11,1285669
10542,1285786,51,1285837
10543,1286013,7,1286020
10544,1286031,6,1286037
10545,1286085,4,1286089
10546,1286244,14,1286258
10547,1286273,4,1286277
10548,1286424,6,1286430
10549,1286446,2,1286448
10550,1286533,10,1286543
10551,1286600,64,1286664
10552,1286744,37,1286781
10553,1286789,35,1286824
10554,1286905,28,1286933
10555,1287142,15,1287157
10556,1287248,2,1287250
10557,1287265,53,1287318
10558,1287347,18,1287365
10559,1287368,19,1287387
10560,1287442,3,1287445
10561,1287627,15,1287642
10562,1287679,11,1287690
10563,1287694,5,1287699
10564,1287740,27,1287767
10565,1287913,12,1287925
10566,1287989,48,1288037
10567,1288068,2,1288070
10568,1288327,55,1288382
10569,1288532,29,1288561
10570,1288732,36,1288768
10571,1288795,5,1288800
10572,1288892,8,1288900
10573,1288998,5,1289003
10574,1289081,7,1289088
10575,1289447,4,1289451
10576,1289493,5,1289498
10577,1289749,10,1289759
10578,1289841,1,1289842
10579,1289904,1,1289905
10580,1290004,58,1290062
10581,1290078,3,1290081
10582,1290099,5,1290104
10583,1290106,12,1290118
10584,1290163,22,1290185
10585,1290472,11,1290483
10586,1290505,26,1290531
10587,1290581,14,1290595
10588,1290619,1,1290620
10589,1290812,27,1290839
10590,1291037,5,1291042
10591,1291153,30,1291183
10592,1291279,2,1291281
10593,1291291,8,1291299
10594,1291738,16,1291754
10595,1291769,113,1291882
10596,1292079,8,1292087
10597,1292108,10,1292118
10598,1292235,47,1292282
10599,1292450,73,1292523
10600,1292525,7,1292532
10601,1292558,13,1292571
10602,1292771,11,1292782
10603,1292943,2,1292945
10604,1292994,16,1293010
10605,1293311,6,1293317
10606,1293472,1,1293473
10607,1293750,47,1293797
10608,1293851,45,1293896
10609,1293905,21,1293926
10610,1293927,8,1293935
10611,1293956,36,1293992
10612,1294062,24,1294086
10613,1294105,8,1294113
10614,1294161,11,1294172
10615,1294214,3,1294217
10616,1294228,24,1294252
10617,1294317,2,1294319
10618,1294338,39,1294377
10619,1294571,11,1294582
10620,1294630,7,1294637
10621,1294641,21,1294662
10622,1294882,40,1294922
10623,1294924,3,1294927
10624,1294987,7,1294994
10625,1295128,30,1295158
10626,1295213,16,1295229
10627,1295303,6,1295309
10628,1295342,36,1295378
10629,1295438,15,1295453
10630,1295605,34,1295639
10631,1295781,27,1295808
10632,1295911,7,1295918
10633,1295983,4,1295987
10634,1296034,1,1296035
10635,1296098,12,1296110
10636,1296170,42,1296212
10637,1296328,23,1296351
10638,1296468,32,1296500
10639,1296532,3,1296535
10640,1296655,7,1296662
10641,1296721,2,1296723
10642,1296730,51,1296781
10643,1296783,6,1296789
10644,1297120,4,1297124
10645,1297318,36,1297354
10646,1297409,26,1297435
10647,1297519,1,1297520
10648,1297619,16,1297635
10649,1298030,16,1298046
10650,1298167,32,1298199
10651,1298236,3,1298239
10652,1298279,17,1298296
10653,1298354,8,1298362
10654,1298366,15,1298381
10655,1298428,20,1298448
10656,1298477,3,1298480
10657,1298521,12,1298533
10658,1298599,8,1298607
10659,1298619,19,1298638
10660,1298723,25,1298748
10661,1298830,7,1298837
10662,1299061,44,1299105
10663,1299120,42,1299162
10664,1299189,22,1299211
10665,1299230,7,1299237
10666,1299349,11,1299360
10667,1299589,5,1299594
10668,1299650,19,1299669
10669,1299873,22,1299895
10670,1299953,3,1299956
10671,1300568,37,1300605
10672,1300723,21,1300744
10673,1300763,27,1300790
10674,1300819,19,1300838
10675,1300850,15,1300865
10676,1300904,29,1300933
10677,1301022,2,1301024
10678,1301084,13,1301097
10679,1301108,18,1301126
10680,1301271,26,1301297
10681,1301313,6,1301319
10682,1301352,26,1301378
10683,1301459,40,1301499
10684,1301836,4,1301840
10685,1301883,3,1301886
10686,1302080,27,1302107
10687,1302211,13,1302224
10688,1302227,9,1302236
10689,1302379,23,1302402
10690,1302569,1,1302570
10691,1302800,27,1302827
10692,1303016,8,1303024
10693,1303055,22,1303077
10694,1303084,1,1303085
10695,1303117,58,1303175
10696,1303185,8,1303193
10697,1303291,14,1303305
10698,1303308,23,1303331
10699,1303351,2,1303353
10700,1303378,33,1303411
10701,1303425,10,1303435
10702,1303782,48,1303830
10703,1303894,17,1303911
10704,1303927,27,1303954
10705,1304250,25,1304275
10706,1304305,1,1304306
10707,1304449,17,1304466
10708,1304626,4,1304630
10709,1304884,14,1304898
10710,1305050,6,1305056
10711,1305084,45,1305129
10712,1305581,24,1305605
10713,1305761,27,1305788
10714,1305792,38,1305830
10715,1305838,31,1305869
10716,1305904,25,1305929
10717,1305971,4,1305975
10718,1305979,29,1306008
10719,1306061,8,1306069
10720,1306115,5,1306120
10721,1306347,4,1306351
10722,1306374,12,1306386
10723,1306445,8,1306453
10724,1306640,8,1306648
10725,1306718,13,1306731
10726,1306768,127,1306895
10727,1307141,15,1307156
10728,1307190,5,1307195
10729,1307212,77,1307289
10730,1307393,43,1307436
10731,1307480,7,1307487
10732,1307549,1,1307550
10733,1307692,7,1307699
10734,1307980,28,1308008
10735,1308010,15,1308025
10736,1308228,6,1308234
10737,1308335,5,1308340
10738,1308415,11,1308426
10739,1308451,5,1308456
10740,1308494,11,1308505
10741,1308718,20,1308738
10742,1308829,15,1308844
10743,1308941,7,1308948
10744,1308962,4,1308966
10745,1308971,9,1308980
10746,1309061,8,1309069
10747,1309154,13,1309167
10748,1309190,31,1309221
10749,1309249,11,1309260
10750,1309364,12,1309376
10751,1309438,19,1309457
10752,1309734,28,1309762
10753,1309861,29,1309890
10754,1309967,15,1309982
10755,1310161,8,1310169
10756,1310197,46,1310243
10757,1310359,1,1310360
10758,1310582,23,1310605
10759,1310943,9,1310952
10760,1311009,3,1311012
10761,1311154,15,1311169
10762,1311255,7,1311262
10763,1311451,32,1311483
10764,1311611,6,1311617
10765,1311664,23,1311687
10766,1311712,2,1311714
10767,1311813,21,1311834
10768,1311840,36,1311876
10769,1312035,9,1312044
10770,1312110,16,1312126
10771,1312141,6,1312147
10772,1312186,7,1312193
10773,1312391,11,1312402
10774,1312548,5,1312553
10775,1312781,3,1312784
10776,1312964,1,1312965
10777,1313133,45,1313178
10778,1313319,17,1313336
10779,1313359,1,1313360
10780,1313362,5,1313367
10781,1313504,75,1313579
10782,1313595,12,1313607
10783,1313706,11,1313717
10784,1313732,2,1313734
10785,1313821,5,1313826
10786,1313983,8,1313991
10787,1314244,23,1314267
10788,1314269,25,1314294
10789,1314504,1,1314505
10790,1314571,7,1314578
10791,1314617,2,1314619
10792,1314682,19,1314701
10793,1314989,9,1314998
10794,1315047,28,1315075
10795,1315174,2,1315176
10796,1315268,21,1315289
10797,1315425,19,1315444
10798,1315455,3,1315458
10799,1315716,53,1315769
10800,1315813,32,1315845
10801,1315854,2,1315856
10802,1315969,31,1316000
10803,1316132,46,1316178
10804,1316270,1,1316271
10805,1316579,1,1316580
10806,1316636,1,1316637
10807,1316683,22,1316705
10808,1316714,7,1316721
10809,1316763,28,1316791
10810,1316881,19,1316900
10811,1316956,12,1316968
10812,1317014,3,1317017
10813,1317053,10,1317063
10814,1317342,2,1317344
10815,1317381,77,1317458
10816,1317516,13,1317529
10817,1317635,5,1317640
10818,1317676,1,1317677
10819,1317723,12,1317735
10820,1317842,6,1317848
10821,1317899,18,1317917
10822,1317939,32,1317971
10823,1317996,2,1317998
10824,1318014,57,1318071
10825,1318260,23,1318283
10826,1318483,53,1318536
10827,1318558,7,1318565
10828,1318608,37,1318645
10829,1318811,15,1318826
10830,1318970,7,1318977
10831,1319037,65,1319102
10832,1319247,61,1319308
10833,1319309,16,1319325
10834,1319436,2,1319438
10835,1319439,27,1319466
10836,1319475,13,1319488
10837,1319509,2,1319511
10838,1319557,23,1319580
10839,1319602,33,1319635
10840,1319739,39,1319778
10841,1319796,5,1319801
10842,1319970,26,1319996
10843,1320023,61,1320084
10844,1320091,29,1320120
10845,1320304,32,1320336
10846,1320433,1,1320434
10847,1320435,5,1320440
10848,1320453,12,1320465
10849,1320507,27,1320534
10850,1320727,51,1320778
10851,1320830,11,1320841
10852,1320856,2,1320858
10853,1320890,1,1320891
10854,1320956,8,1320964
10855,1321262,36,1321298
10856,1321312,9,1321321
10857,1321362,42,1321404
10858,1321536,27,1321563
10859,1321590,29,1321619
10860,1321876,11,1321887
10861,1321979,35,1322014
10862,1322164,4,1322168
10863,1322330,12,1322342
10864,1322363,6,1322369
10865,1322488,1,1322489
10866,1322519,39,1322558
10867,1323120,3,1323123
10868,1323156,70,1323226
10869,1323480,68,1323548
10870,1323588,21,1323609
10871,1323710,15,1323725
10872,1324113,30,1324143
10873,1324150,13,1324163
10874,1324165,21,1324186
10875,1324448,6,1324454
10876,1324514,28,1324542
10877,1324562,1,1324563
10878,1324724,13,1324737
10879,1324800,9,1324809
10880,1324844,33,1324877
10881,1324895,11,1324906
10882,1324937,2,1324939
10883,1325095,7,1325102
10884,1325326,36,1325362
10885,1325403,6,1325409
10886,1325465,5,1325470
10887,1325565,37,1325602
10888,1325928,1,1325929
10889,1326114,15,1326129
10890,1326149,6,1326155
10891,1326225,26,1326251
10892,1326515,9,1326524
10893,1326614,5,1326619
10894,1326636,4,1326640
10895,1326817,14,1326831
10896,1326939,23,1326962
10897,1327086,8,1327094
10898,1327165,27,1327192
10899,1327204,4,1327208
10900,1327382,29,1327411
10901,1327449,60,1327509
10902,1327564,67,1327631
10903,1327751,4,1327755
10904,1327798,14,1327812
10905,1327884,2,1327886
10906,1327906,27,1327933
10907,1328027,19,1328046
10908,1328217,2,1328219
10909,1328446,7,1328453
10910,1328468,2,1328470
10911,1328577,23,1328600
10912,1328678,5,1328683
10913,1328746,25,1328771
10914,1328782,9,1328791
10915,1328811,6,1328817
10916,1328912,2,1328914
10917,1328983,9,1328992
10918,1329040,8,1329048
10919,1329073,66,1329139
10920,1329501,7,1329508
10921,1329807,15,1329822
10922,1329895,4,1329899
10923,1329943,55,1329998
10924,1329999,44,1330043
10925,1330424,20,1330444
10926,1330450,7,1330457
10927,1330543,8,1330551
10928,1330566,3,1330569
10929,1330584,9,1330593
10930,1330777,3,1330780
10931,1330799,28,1330827
10932,1331058,22,1331080
10933,1331081,58,1331139
10934,1331189,25,1331214
10935,1331259,12,1331271
10936,1331304,17,1331321
10937,1331322,40,1331362
10938,1331618,45,1331663
10939,1331731,18,1331749
10940,1332093,20,1332113
10941,1332202,33,1332235
10942,1332261,18,1332279
10943,1332679,16,1332695
10944,1332857,76,1332933
10945,1332965,7,1332972
10946,1332992,21,1333013
10947,1333100,8,1333108
10948,1333192,18,1333210
10949,1333278,1,1333279
10950,1333355,7,1333362
10951,1333535,3,1333538
10952,1333652,7,1333659
10953,1333838,5,1333843
10954,1333915,20,1333935
10955,1333952,12,1333964
10956,1333987,8,1333995
10957,1334141,38,1334179
10958,1334229,4,1334233
10959,1334275,7,1334282
10960,1334295,19,1334314
10961,1334377,7,1334384
10962,1334443,14,1334457
10963,1334497,53,1334550
10964,1334637,9,1334646
10965,1334714,46,1334760
10966,1334802,26,1334828
10967,1334861,38,1334899
10968,1334979,67,1335046
10969,1335430,7,1335437
10970,1335621,29,1335650
10971,1335720,19,1335739
10972,1335755,11,1335766
10973,1335809,5,1335814
10974,1335815,14,1335829
10975,1335892,8,1335900
10976,1335939,2,1335941
10977,1336049,10,1336059
10978,1336135,25,1336160
10979,1336225,3,1336228
10980,1336288,1,1336289
10981,1336293,14,1336307
10982,1336366,7,1336373
10983,1336400,51,1336451
10984,1336454,1,1336455
10985,1336473,4,1336477
10986,1336494,15,1336509
10987,1336583,19,1336602
10988,1336693,16,1336709
10989,1336768,5,1336773
10990,1337030,44,1337074
10991,1337158,31,1337189
10992,1337249,15,1337264
10993,1337277,8,1337285
10994,1337287,11,1337298
10995,1337318,34,1337352
10996,1337454,22,1337476
10997,1337653,5,1337658
10998,1337662,85,1337747
10999,1337957,5,1337962
11000,1337989,2,1337991
11001,1338023,13,1338036
11002,1338133,9,1338142
11003,1338311,22,1338333
11004,1338389,16,1338405
11005,1338542,19,1338561
11006,1338625,54,1338679
11007,1338896,5,1338901
11008,1338951,7,1338958
11009,1339094,5,1339099
11010,1339373,26,1339399
11011,1339415,36,1339451
11012,1339464,99,1339563
11013,1339582,16,1339598
11014,1339643,15,1339658
11015,1339779,7,1339786
11016,1339824,7,1339831
11017,1339841,10,1339851
11018,1339885,9,1339894
11019,1339927,16,1339943
11020,1340083,47,1340130
11021,1340237,3,1340240
11022,1340441,6,1340447
11023,1340470,2,1340472
11024,1340540,9,1340549
11025,1340589,1,1340590
11026,1340696,12,1340708
11027,1340833,3,1340836
11028,1340846,7,1340853
11029,1340873,18,1340891
11030,1340940,1,1340941
11031,1341071,28,1341099
11032,1341113,39,1341152
11033,1341175,98,1341273
11034,1341279,39,1341318
11035,1341383,14,1341397
11036,1341415,4,1341419
11037,1341515,10,1341525
11038,1341545,14,1341559
11039,1341561,37,1341598
11040,1341755,25,1341780
11041,1341937,3,1341940
11042,1342509,24,1342533
11043,1342566,28,1342594
11044,1342735,22,1342757
11045,1342913,21,1342934
11046,1342993,10,1343003
11047,1343141,21,1343162
11048,1343224,27,1343251
11049,1343268,20,1343288
11050,1343402,26,1343428
11051,1343634,13,1343647
11052,1343680,22,1343702
11053,1343745,32,1343777
11054,1343800,7,1343807
11055,1343871,8,1343879
11056,1343886,17,1343903
11057,1343922,87,1344009
11058,1344171,1,1344172
11059,1344288,13,1344301
11060,1344344,16,1344360
11061,1344392,12,1344404
11062,1344435,27,1344462
11063,1344678,11,1344689
11064,1344918,9,1344927
11065,1344982,3,1344985
11066,1345013,4,1345017
11067,1345167,30,1345197
11068,1345279,3,1345282
11069,1345316,37,1345353
11070,1345385,43,1345428
11071,1345451,22,1345473
11072,1345493,14,1345507
11073,1345653,9,1345662
11074,1345734,12,1345746
11075,1345870,29,1345899
11076,1346140,10,1346150
11077,1346235,14,1346249
11078,1346356,26,1346382
11079,1346391,24,1346415
11080,1346471,1,1346472
11081,1346474,11,1346485
11082,1346574,6,1346580
11083,1346586,18,1346604
11084,1346697,1,1346698
11085,1346806,93,1346899
11086,1346975,2,1346977
11087,1347002,45,1347047
11088,1347069,6,1347075
11089,1347104,5,1347109
11090,1347111,1,1347112
11091,1347135,33,1347168
11092,1347633,36,1347669
11093,1347825,52,1347877
11094,1348123,9,1348132
11095,1348136,13,1348149
11096,1348201,6,1348207
11097,1348299,5,1348304
11098,1348446,1,1348447
11099,1348517,5,1348522
11100,1348559,4,1348563
11101,1348723,13,1348736
11102,1348919,20,1348939
11103,1348964,4,1348968
11104,1349000,34,1349034
11105,1349035,4,1349039
11106,1349147,11,1349158
11107,1349164,26,1349190
11108,1349193,4,1349197
11109,1349332,22,1349354
11110,1349433,2,1349435
11111,1349447,47,1349494
11112,1349659,2,1349661
11113,1349851,2,1349853
11114,1349925,1,1349926
11115,1349954,5,1349959
11116,1349961,13,1349974
11117,1350074,34,1350108
11118,1350110,5,1350115
11119,1350128,17,1350145
11120,1350528,6,1350534
11121,1350609,97,1350706
11122,1350715,51,1350766
11123,1350855,15,1350870
11124,1350988,12,1351000
11125,1351321,44,1351365
11126,1351420,27,1351447
11127,1351518,2,1351520
11128,1351754,4,1351758
11129,1351964,17,1351981
11130,1352009,19,1352028
11131,1352055,15,1352070
11132,1352137,3,1352140
11133,1352273,6,1352279
11134,1352310,22,1352332
11135,1352348,13,1352361
11136,1352371,9,1352380
11137,1352600,103,1352703
11138,1352731,1,1352732
11139,1352757,2,1352759
11140,1353193,27,1353220
11141,1353248,4,1353252
11142,1353392,23,1353415
11143,1353447,14,1353461
11144,1353468,11,1353479
11145,1353496,7,1353503
11146,1353521,2,1353523
11147,1353546,37,1353583
11148,1353631,25,1353656
11149,1353827,33,1353860
11150,1353882,5,1353887
11151,1354106,34,1354140
11152,1354194,12,1354206
11153,1354232,14,1354246
11154,1354494,4,1354498
11155,1354680,7,1354687
11156,1354842,1,1354843
11157,1354976,20,1354996
11158,1355056,17,1355073
11159,1355190,7,1355197
11160,1355207,45,1355252
11161,1355440,19,1355459
11162,1355579,37,1355616
11163,1355653,19,1355672
11164,1355838,44,1355882
11165,1355967,106,1356073
11166,1356167,45,1356212
11167,1356220,80,1356300
11168,1356512,4,1356516
11169,1356589,3,1356592
11170,1356701,23,1356724
11171,1356786,3,1356789
11172,1356960,12,1356972
11173,1357103,5,1357108
11174,1357144,54,1357198
11175,1357205,4,1357209
11176,1357404,30,1357434
11177,1357437,2,1357439
11178,1357507,9,1357516
11179,1357556,2,1357558
11180,1357638,6,1357644
11181,1358253,1,1358254
11182,1358533,5,1358538
11183,1358539,12,1358551
11184,1358576,8,1358584
11185,1358678,4,1358682
11186,1358700,41,1358741
11187,1358830,129,1358959
11188,1359046,7,1359053
11189,1359059,32,1359091
11190,1359129,4,1359133
11191,1359241,74,1359315
11192,1359359,27,1359386
11193,1359398,10,1359408
11194,1359525,37,1359562
11195,1359582,31,1359613
11196,1359685,14,1359699
11197,1359758,4,1359762
11198,1359785,34,1359819
11199,1359976,1,1359977
11200,1360010,5,1360015
11201,1360028,64,1360092
11202,1360254,3,1360257
11203,1360331,11,1360342
11204,1360657,31,1360688
11205,1360754,20,1360774
11206,1360796,84,1360880
11207,1360900,1,1360901
11208,1361091,32,1361123
11209,1361148,5,1361153
11210,1361329,10,1361339
11211,1361418,17,1361435
11212,1361532,29,1361561
11213,1361740,4,1361744
11214,1361764,41,1361805
11215,1362033,6,1362039
11216,1362065,13,1362078
11217,1362235,39,1362274
11218,1362320,3,1362323
11219,1362356,28,1362384
11220,1362385,10,1362395
11221,1362574,8,1362582
11222,1362618,52,1362670
11223,1362832,13,1362845
11224,1362876,5,1362881
11225,1362953,7,1362960
11226,1362975,64,1363039
11227,1363050,16,1363066
11228,1363223,3,1363226
11229,1363536,5,1363541
11230,1363551,4,1363555
11231,1363594,12,1363606
11232,1363817,8,1363825
11233,1363869,3,1363872
11234,1363964,41,1364005
11235,1364103,5,1364108
11236,1364267,4,1364271
11237,1364382,77,1364459
11238,1364512,18,1364530
11239,1364550,31,1364581
11240,1364887,10,1364897
11241,1365043,8,1365051
11242,1365485,5,1365490
11243,1365523,27,1365550
11244,1365565,9,1365574
11245,1365731,9,1365740
11246,1365817,3,1365820
11247,1365825,19,1365844
11248,1365866,12,1365878
11249,1365896,16,1365912
11250,1365995,27,1366022
11251,1366315,34,1366349
11252,1366352,3,1366355
11253,1366522,21,1366543
11254,1366551,14,1366565
11255,1366580,35,1366615
11256,1366708,5,1366713
11257,1366738,38,1366776
11258,1366867,5,1366872
11259,1366900,10,1366910
11260,1366973,9,1366982
11261,1366991,3,1366994
11262,1367310,7,1367317
11263,1367343,18,1367361
11264,1367477,22,1367499
11265,1367588,12,1367600
11266,1367635,6,1367641
11267,1367646,43,1367689
11268,1367714,9,1367723
11269,1367947,7,1367954
11270,1368070,8,1368078
11271,1368201,61,1368262
11272,1368293,8,1368301
11273,1368304,17,1368321
11274,1368439,11,1368450
11275,1368525,43,1368568
11276,1368695,1,1368696
11277,1369015,1,1369016
11278,1369036,26,1369062
11279,1369080,73,1369153
11280,1369423,17,1369440
11281,1369462,21,1369483
11282,1369485,54,1369539
11283,1369587,15,1369602
11284,1369611,60,1369671
11285,1369675,35,1369710
11286,1369775,25,1369800
11287,1369895,8,1369903
11288,1369945,11,1369956
11289,1370006,45,1370051
11290,1370096,34,1370130
11291,1370164,4,1370168
11292,1370251,43,1370294
11293,1370315,11,1370326
11294,1370362,14,1370376
11295,1370404,37,1370441
11296,1370486,10,1370496
11297,1370582,18,1370600
11298,1370636,53,1370689
11299,1370800,20,1370820
11300,1370824,28,1370852
11301,1370926,1,1370927
11302,1370987,6,1370993
11303,1371082,8,1371090
11304,1371199,86,1371285
11305,1371502,14,1371516
11306,1371687,8,1371695
11307,1372013,31,1372044
11308,1372328,22,1372350
11309,1372436,7,1372443
11310,1372654,4,1372658
11311,1372830,3,1372833
11312,1372838,4,1372842
11313,1372869,8,1372877
11314,1372885,5,1372890
11315,1373197,2,1373199
11316,1373280,3,1373283
11317,1373308,14,1373322
11318,1373326,56,1373382
11319,1373409,19,1373428
11320,1373647,18,1373665
11321,1373719,34,1373753
11322,1373823,18,1373841
11323,1373870,34,1373904
11324,1374105,9,1374114
11325,1374121,7,1374128
11326,1374201,6,1374207
11327,1374383,1,1374384
11328,1374914,13,1374927
11329,1374936,14,1374950
11330,1375283,5,1375288
11331,1375297,9,1375306
11332,1375341,7,1375348
11333,1375365,27,1375392
11334,1375446,20,1375466
11335,1375473,10,1375483
11336,1375779,26,1375805
11337,1375874,6,1375880
11338,1375915,4,1375919
11339,1375960,3,1375963
11340,1376030,9,1376039
11341,1376264,39,1376303
11342,1376611,11,1376622
11343,1376636,61,1376697
11344,1377111,49,1377160
11345,1377213,20,1377233
11346,1377455,53,1377508
11347,1377511,3,1377514
11348,1377547,27,1377574
11349,1377597,21,1377618
11350,1377822,49,1377871
11351,1377927,17,1377944
11352,1377958,71,1378029
11353,1378237,43,1378280
11354,1378317,86,1378403
11355,1378426,49,1378475
11356,1378556,7,1378563
11357,1378635,14,1378649
11358,1378875,23,1378898
11359,1378991,15,1379006
11360,1379058,14,1379072
11361,1379140,11,1379151
11362,1379239,20,1379259
11363,1379530,7,1379537
11364,1379633,47,1379680
11365,1379713,32,1379745
11366,1379810,9,1379819
11367,1379840,15,1379855
11368,1379977,11,1379988
11369,1379998,8,1380006
11370,1380094,37,1380131
11371,1380239,15,1380254
11372,1380325,22,1380347
11373,1380354,9,1380363
11374,1380438,2,1380440
11375,1380602,1,1380603
11376,1380630,48,1380678
11377,1380718,32,1380750
11378,1380762,45,1380807
11379,1380825,7,1380832
11380,1380911,5,1380916
11381,1381048,3,1381051
11382,1381101,22,1381123
11383,1381138,91,1381229
11384,1381286,12,1381298
11385,1381315,41,1381356
11386,1381357,6,1381363
11387,1381388,14,1381402
11388,1381452,48,1381500
11389,1381547,19,1381566
11390,1381654,4,1381658
11391,1381677,48,1381725
11392,1381755,27,1381782
11393,1381790,46,1381836
11394,1381892,20,1381912
11395,1381925,6,1381931
11396,1381951,5,1381956
11397,1382050,44,1382094
11398,1382794,6,1382800
11399,1382838,10,1382848
11400,1383090,89,1383179
11401,1383214,32,1383246
11402,1383399,16,1383415
11403,1383614,14,1383628
11404,1383826,8,1383834
11405,1383973,50,1384023
11406,1384045,24,1384069
11407,1384682,12,1384694
11408,1384808,8,1384816
11409,1384918,13,1384931
11410,1385020,21,1385041
11411,1385146,9,1385155
11412,1385358,27,1385385
11413,1385405,3,1385408
11414,1385638,9,1385647
11415,1385683,3,1385686
11416,1385888,22,1385910
11417,1385973,24,1385997
11418,1386066,18,1386084
11419,1386094,6,1386100
11420,1386226,5,1386231
11421,1386588,12,1386600
11422,1386753,6,1386759
11423,1386848,18,1386866
11424,1386911,3,1386914
11425,1387349,3,1387352
11426,1387821,40,1387861
11427,1387972,2,1387974
11428,1388222,2,1388224
11429,1388343,14,1388357
11430,1388360,7,1388367
11431,1388369,11,1388380
11432,1388382,61,1388443
11433,1388460,20,1388480
11434,1388516,23,1388539
11435,1388551,23,1388574
11436,1388781,18,1388799
11437,1388894,16,1388910
11438,1388931,39,1388970
11439,1389042,2,1389044
11440,1389069,9,1389078
11441,1389127,27,1389154
11442,1389177,2,1389179
11443,1389216,25,1389241
11444,1389359,97,1389456
11445,1389467,15,1389482
11446,1389515,43,1389558
11447,1389632,29,1389661
11448,1389734,41,1389775
11449,1389825,21,1389846
11450,1389858,31,1389889
11451,1390092,9,1390101
11452,1390115,5,1390120
11453,1390300,39,1390339
11454,1390462,27,1390489
11455,1390539,8,1390547
11456,1390581,53,1390634
11457,1390752,10,1390762
11458,1391022,28,1391050
11459,1391147,9,1391156
11460,1391244,26,1391270
11461,1391312,40,1391352
11462,1391359,3,1391362
11463,1391505,18,1391523
11464,1391636,7,1391643
11465,1391739,23,1391762
11466,1391873,6,1391879
11467,1392270,15,1392285
11468,1392346,24,1392370
11469,1392518,14,1392532
11470,1392559,48,1392607
11471,1392755,21,1392776
11472,1392853,2,1392855
11473,1392856,14,1392870
11474,1393111,14,1393125
11475,1393162,1,1393163
11476,1393366,13,1393379
11477,1393484,7,1393491
11478,1393697,6,1393703
11479,1393780,44,1393824
11480,1393869,3,1393872
11481,1394044,45,1394089
11482,1394266,4,1394270
11483,1394375,41,1394416
11484,1394437,59,1394496
11485,1394505,23,1394528
11486,1394544,7,1394551
11487,1394566,35,1394601
11488,1394932,10,1394942
11489,1395106,19,1395125
11490,1395131,56,1395187
11491,1395330,11,1395341
11492,1396023,6,1396029
11493,1396295,2,1396297
11494,1396373,18,1396391
11495,1396666,20,1396686
11496,1396731,24,1396755
11497,1396814,12,1396826
11498,1396910,4,1396914
11499,1396963,18,1396981
11500,1397006,5,1397011
11501,1397024,8,1397032
11502,1397499,9,1397508
11503,1397987,11,1397998
11504,1398011,18,1398029
11505,1398073,9,1398082
11506,1398083,110,1398193
11507,1398206,9,1398215
11508,1398268,2,1398270
11509,1398542,12,1398554
11510,1399526,52,1399578
11511,1399968,3,1399971
11512,1400215,55,1400270
11513,1400613,3,1400616
11514,1400650,4,1400654
11515,1400695,3,1400698
11516,1400815,2,1400817
11517,1400918,8,1400926
11518,1400932,58,1400990
11519,1401086,25,1401111
11520,1401403,45,1401448
11521,1401622,1,1401623
11522,1401735,17,1401752
11523,1401763,4,1401767
11524,1401851,82,1401933
11525,1401993,43,1402036
11526,1402041,1,1402042
11527,1402923,1,1402924
11528,1403114,8,1403122
11529,1403199,3,1403202
11530,1403203,30,1403233
11531,1403275,23,1403298
11532,1403605,17,1403622
11533,1403636,14,1403650
11534,1403921,5,1403926
11535,1403935,2,1403937
11536,1403946,11,1403957
11537,1404018,5,1404023
11538,1404046,15,1404061
11539,1404177,7,1404184
11540,1404595,17,1404612
11541,1404668,5,1404673
11542,1404686,20,1404706
11543,1404767,17,1404784
11544,1404821,56,1404877
11545,1404937,12,1404949
11546,1404962,27,1404989
11547,1404995,8,1405003
11548,1405116,7,1405123
11549,1405144,11,1405155
11550,1405376,10,1405386
11551,1405435,14,1405449
11552,1405470,50,1405520
11553,1405563,6,1405569
11554,1406020,17,1406037
11555,1406247,3,1406250
11556,1406278,28,1406306
11557,1406372,42,1406414
11558,1406528,1,1406529
11559,1406607,6,1406613
11560,1406655,45,1406700
11561,1406927,12,1406939
11562,1406977,3,1406980
11563,1407183,6,1407189
11564,1407213,74,1407287
11565,1407328,8,1407336
11566,1407597,55,1407652
11567,1407656,31,1407687
11568,1407751,12,1407763
11569,1407952,32,1407984
11570,1408162,2,1408164
11571,1408257,6,1408263
11572,1408521,2,1408523
11573,1408653,13,1408666
11574,1408682,18,1408700
11575,1408745,1,1408746
11576,1408758,10,1408768
11577,1408788,1,1408789
11578,1408889,13,1408902
11579,1408951,21,1408972
11580,1409112,10,1409122
11581,1409154,85,1409239
11582,1409286,31,1409317
11583,1409376,25,1409401
11584,1409468,20,1409488
11585,1409848,4,1409852
11586,1410005,7,1410012
11587,1410043,61,1410104
11588,1410146,9,1410155
11589,1410290,5,1410295
11590,1410334,2,1410336
11591,1410471,6,1410477
11592,1410623,4,1410627
11593,1410691,30,1410721
11594,1410731,34,1410765
11595,1410780,43,1410823
11596,1410869,5,1410874
11597,1410900,24,1410924
11598,1411215,10,1411225
11599,1411424,30,1411454
11600,1411470,81,1411551
11601,1411666,3,1411669
11602,1411934,5,1411939
11603,1412086,25,1412111
11604,1412125,8,1412133
11605,1412221,20,1412241
11606,1412413,8,1412421
11607,1412442,21,1412463
11608,1412571,4,1412575
11609,1412605,7,1412612
11610,1412684,18,1412702
11611,1412738,4,1412742
11612,1412762,2,1412764
11613,1412833,15,1412848
11614,1413098,19,1413117
11615,1413126,15,1413141
11616,1413201,6,1413207
11617,1413252,37,1413289
11618,1413609,41,1413650
11619,1413722,2,1413724
11620,1413765,7,1413772
11621,1413871,8,1413879
11622,1413957,12,1413969
11623,1414162,11,1414173
11624,1414341,8,1414349
11625,1414400,2,1414402
11626,1414425,3,1414428
11627,1414442,27,1414469
11628,1414509,38,1414547
11629,1414600,39,1414639
11630,1414782,24,1414806
11631,1414904,30,1414934
11632,1414957,1,1414958
11633,1414978,42,1415020
11634,1415069,8,1415077
11635,1415137,14,1415151
11636,1415269,62,1415331
11637,1415361,23,1415384
11638,1415715,6,1415721
11639,1415881,76,1415957
11640,1415974,3,1415977
11641,1416213,25,1416238
11642,1416359,29,1416388
11643,1416550,25,1416575
11644,1416588,103,1416691
11645,1416731,2,1416733
11646,1416764,60,1416824
11647,1416836,2,1416838
11648,1417114,7,1417121
11649,1417403,23,1417426
11650,1417485,49,1417534
11651,1417560,8,1417568
11652,1417760,12,1417772
11653,1417937,4,1417941
11654,1417950,26,1417976
11655,1417999,10,1418009
11656,1418076,23,1418099
11657,1418122,7,1418129
11658,1418215,14,1418229
11659,1418242,40,1418282
11660,1418394,1,1418395
11661,1418406,21,1418427
11662,1418540,18,1418558
11663,1418612,42,1418654
11664,1418788,14,1418802
11665,1418866,7,1418873
11666,1418999,81,1419080
11667,1419273,23,1419296
11668,1419355,9,1419364
11669,1419375,39,1419414
11670,1419433,19,1419452
11671,1419553,3,1419556
11672,1419602,46,1419648
11673,1419684,1,1419685
11674,1420000,11,1420011
11675,1420035,13,1420048
11676,1420050,50,1420100
11677,1420251,20,1420271
11678,1420319,21,1420340
11679,1420386,7,1420393
11680,1420847,16,1420863
11681,1421020,9,1421029
11682,1421094,22,1421116
11683,1421196,10,1421206
11684,1421348,8,1421356
11685,1421538,21,1421559
11686,1421621,14,1421635
11687,1421648,3,1421651
11688,1421778,5,1421783
11689,1421898,20,1421918
11690,1422107,3,1422110
11691,1422148,23,1422171
11692,1422200,9,1422209
11693,1422326,40,1422366
11694,1422486,5,1422491
11695,1422593,68,1422661
11696,1422737,9,1422746
11697,1422870,33,1422903
11698,1423028,52,1423080
11699,1423124,6,1423130
11700,1423279,23,1423302
11701,1423339,40,1423379
11702,1423748,2,1423750
11703,1423868,34,1423902
11704,1423918,21,1423939
11705,1423981,6,1423987
11706,1424064,11,1424075
11707,1424092,20,1424112
11708,1424200,34,1424234
11709,1424243,11,1424254
11710,1424316,23,1424339
11711,1424468,44,1424512
11712,1424869,59,1424928
11713,1425021,26,1425047
11714,1425083,16,1425099
11715,1425193,2,1425195
11716,1425217,52,1425269
11717,1425343,5,1425348
11718,1425480,4,1425484
11719,1425615,33,1425648
11720,1425816,5,1425821
11721,1425949,13,1425962
11722,1426034,11,1426045
11723,1426308,4,1426312
11724,1426345,37,1426382
11725,1426405,11,1426416
11726,1426467,11,1426478
11727,1426690,7,1426697
11728,1426786,33,1426819
11729,1426903,38,1426941
11730,1427065,5,1427070
11731,1427356,45,1427401
11732,1427698,3,1427701
11733,1427714,4,1427718
11734,1427930,57,1427987
11735,1428015,9,1428024
11736,1428049,22,1428071
11737,1428093,17,1428110
11738,1428139,18,1428157
11739,1428243,7,1428250
11740,1428336,25,1428361
11741,1428362,54,1428416
11742,1428600,28,1428628
11743,1428798,2,1428800
11744,1428969,30,1428999
11745,1429040,44,1429084
11746,1429102,14,1429116
11747,1429142,16,1429158
11748,1429294,18,1429312
11749,1429358,1,1429359
11750,1429582,28,1429610
11751,1429624,8,1429632
11752,1429665,8,1429673
11753,1429697,2,1429699
11754,1429740,52,1429792
11755,1429807,12,1429819
11756,1430120,5,1430125
11757,1430207,8,1430215
11758,1430271,36,1430307
11759,1430399,11,1430410
11760,1430816,62,1430878
11761,1430953,12,1430965
11762,1431118,110,1431228
11763,1431402,22,1431424
11764,1431467,4,1431471
11765,1431611,25,1431636
11766,1431763,8,1431771
11767,1431970,1,1431971
11768,1432082,8,1432090
11769,1432100,31,1432131
11770,1432215,36,1432251
11771,1432301,7,1432308
11772,1432363,37,1432400
11773,1432632,28,1432660
11774,1432726,17,1432743
11775,1432844,8,1432852
11776,1432875,25,1432900
11777,1432906,53,1432959
11778,1433059,5,1433064
11779,1433074,1,1433075
11780,1433104,30,1433134
11781,1433203,4,1433207
11782,1433230,46,1433276
11783,1433411,22,1433433
11784,1433558,21,1433579
11785,1433649,27,1433676
11786,1433690,30,1433720
11787,1434097,10,1434107
11788,1434207,40,1434247
11789,1434359,53,1434412
11790,1434553,44,1434597
11791,1434777,3,1434780
11792,1434870,30,1434900
11793,1434940,49,1434989
11794,1435010,30,1435040
11795,1435235,7,1435242
11796,1435259,21,1435280
11797,1435333,8,1435341
11798,1435346,35,1435381
11799,1435415,14,1435429
11800,1435531,27,1435558
11801,1435887,44,1435931
11802,1435943,5,1435948
11803,1435957,3,1435960
11804,1436074,3,1436077
11805,1436170,142,1436312
11806,1436337,13,1436350
11807,1436366,13,1436379
11808,1436691,9,1436700
11809,1436862,26,1436888
11810,1437180,21,1437201
11811,1437221,2,1437223
11812,1437260,46,1437306
11813,1437381,12,1437393
11814,1437450,26,1437476
11815,1437671,5,1437676
11816,1437706,1,1437707
11817,1438072,24,1438096
11818,1438117,17,1438134
11819,1438160,16,1438176
11820,1438322,16,1438338
11821,1438365,4,1438369
11822,1438486,44,1438530
11823,1438568,31,1438599
11824,1438748,26,1438774
11825,1438843,22,1438865
11826,1439009,30,1439039
11827,1439143,46,1439189
11828,1439254,51,1439305
11829,1439354,58,1439412
11830,1439478,2,1439480
11831,1439649,3,1439652
11832,1439684,5,1439689
11833,1439740,6,1439746
11834,1439795,30,1439825
11835,1440105,2,1440107
11836,1440129,4,1440133
11837,1440316,20,1440336
11838,1440356,23,1440379
11839,1440412,5,1440417
11840,1440536,17,1440553
11841,1440567,36,1440603
11842,1440619,5,1440624
11843,1440692,23,1440715
11844,1440903,49,1440952
11845,1440959,64,1441023
11846,1441033,1,1441034
11847,1441062,1,1441063
11848,1441158,2,1441160
11849,1441230,6,1441236
11850,1441316,3,1441319
11851,1441366,4,1441370
11852,1441397,16,1441413
11853,1441436,26,1441462
11854,1441479,8,1441487
11855,1441489,32,1441521
11856,1441613,27,1441640
11857,1442145,6,1442151
11858,1442230,17,1442247
11859,1442300,58,1442358
11860,1442461,6,1442467
11861,1442478,26,1442504
11862,1442529,14,1442543
11863,1442681,17,1442698
11864,1442976,6,1442982
11865,1443050,1,1443051
11866,1443357,12,1443369
11867,1443379,31,1443410
11868,1443534,6,1443540
11869,1443598,13,1443611
11870,1443679,9,1443688
11871,1443808,18,1443826
11872,1443931,19,1443950
11873,1443970,37,1444007
11874,1444085,11,1444096
11875,1444157,84,1444241
11876,1444257,4,1444261
11877,1444413,15,1444428
11878,1444481,1,1444482
11879,1444739,4,1444743
11880,1445154,6,1445160
11881,1445187,4,1445191
11882,1445272,13,1445285
11883,1445374,56,1445430
11884,1445781,23,1445804
11885,1445985,8,1445993
11886,1446088,5,1446093
11887,1446099,32,1446131
11888,1446139,5,1446144
11889,1446194,48,1446242
11890,1446330,25,1446355
11891,1446577,9,1446586
11892,1446678,22,1446700
11893,1446964,24,1446988
11894,1447063,1,1447064
11895,1447133,10,1447143
11896,1447310,20,1447330
11897,1447557,25,1447582
11898,1447658,2,1447660
11899,1447675,4,1447679
11900,1447683,73,1447756
11901,1447807,13,1447820
11902,1447928,12,1447940
11903,1447987,9,1447996
11904,1448241,30,1448271
11905,1448442,26,1448468
11906,1448501,11,1448512
11907,1448700,25,1448725
11908,1448774,1,1448775
11909,1448818,1,1448819
11910,1448925,25,1448950
11911,1449041,68,1449109
11912,1449126,116,1449242
11913,1449246,15,1449261
11914,1449336,5,1449341
11915,1449393,4,1449397
11916,1449444,5,1449449
11917,1449532,6,1449538
11918,1449716,15,1449731
11919,1449852,1,1449853
11920,1449928,23,1449951
11921,1449969,13,1449982
11922,1450316,13,1450329
11923,1450392,5,1450397
11924,1450537,21,1450558
11925,1450870,16,1450886
11926,1450936,31,1450967
11927,1450984,28,1451012
11928,1451357,25,1451382
11929,1451439,5,1451444
11930,1451571,26,1451597
11931,1451790,36,1451826
11932,1452146,3,1452149
11933,1452170,74,1452244
11934,1452247,23,1452270
11935,1452494,8,1452502
11936,1452563,69,1452632
11937,1452644,13,1452657
11938,1452678,1,1452679
11939,1452779,10,1452789
11940,1452799,20,1452819
11941,1453002,22,1453024
11942,1453045,42,1453087
11943,1453126,2,1453128
11944,1453162,3,1453165
11945,1453193,41,1453234
11946,1453235,26,1453261
11947,1453262,9,1453271
11948,1453308,21,1453329
11949,1453385,8,1453393
11950,1453488,47,1453535
11951,1453598,6,1453604
11952,1453794,22,1453816
11953,1453857,2,1453859
11954,1453970,6,1453976
11955,1454198,2,1454200
11956,1454257,17,1454274
11957,1454277,3,1454280
11958,1454302,38,1454340
11959,1454443,53,1454496
11960,1454509,12,1454521
11961,1454600,32,1454632
11962,1455266,34,1455300
11963,1455352,2,1455354
11964,1455555,32,1455587
11965,1455674,78,1455752
11966,1455781,26,1455807
11967,1456157,9,1456166
11968,1456173,15,1456188
11969,1456264,2,1456266
11970,1456314,5,1456319
11971,1456553,21,1456574
11972,1456839,16,1456855
11973,1456936,19,1456955
11974,1457196,5,1457201
11975,1457219,11,1457230
11976,1457316,7,1457323
11977,1457366,3,1457369
11978,1457415,1,1457416
11979,1457421,24,1457445
11980,1457610,25,1457635
11981,1457648,10,1457658
11982,1457771,1,1457772
11983,1457828,3,1457831
11984,1457850,8,1457858
11985,1458034,68,1458102
11986,1458239,10,1458249
11987,1458275,4,1458279
11988,1458335,11,1458346
11989,1458397,70,1458467
11990,1458514,89,1458603
11991,1458760,37,1458797
11992,1458799,6,1458805
11993,1458813,28,1458841
11994,1458845,21,1458866
11995,1458947,6,1458953
11996,1459371,18,1459389
11997,1459430,1,1459431
11998,1459672,35,1459707
11999,1459740,41,1459781
12000,1459951,15,1459966
12001,1460010,36,1460046
12002,1460082,6,1460088
12003,1460173,6,1460179
12004,1460208,21,1460229
12005,1460749,70,1460819
12006,1460909,11,1460920
12007,1460969,6,1460975
12008,1461008,38,1461046
12009,1461348,16,1461364
12010,1461425,53,1461478
12011,1461699,108,1461807
12012,1462099,3,1462102
12013,1462218,16,1462234
12014,1462317,39,1462356
12015,1462416,29,1462445
12016,1462458,13,1462471
12017,1462576,43,1462619
12018,1462684,3,1462687
12019,1462719,3,1462722
12020,1462995,33,1463028
12021,1463194,4,1463198
12022,1463297,3,1463300
12023,1463322,5,1463327
12024,1463559,5,1463564
12025,1463703,2,1463705
12026,1463973,28,1464001
12027,1464087,2,1464089
12028,1464114,16,1464130
12029,1464143,17,1464160
12030,1464213,9,1464222
12031,1464227,6,1464233
12032,1464252,31,1464283
12033,1464405,27,1464432
12034,1464545,3,1464548
12035,1464669,20,1464689
12036,1464741,2,1464743
12037,1464766,24,1464790
12038,1464848,8,1464856
12039,1464905,32,1464937
12040,1464967,3,1464970
12041,1464986,44,1465030
12042,1465043,15,1465058
12043,1465152,3,1465155
12044,1465229,40,1465269
12045,1465323,22,1465345
12046,1465539,10,1465549
12047,1465566,16,1465582
12048,1465618,4,1465622
12049,1465724,1,1465725
12050,1465882,3,1465885
12051,1466104,3,1466107
12052,1466131,5,1466136
12053,1466168,16,1466184
12054,1466251,15,1466266
12055,1466563,39,1466602
12056,1466865,6,1466871
12057,1466897,41,1466938
12058,1467043,26,1467069
12059,1467155,32,1467187
12060,1467260,9,1467269
12061,1467318,17,1467335
12062,1467357,58,1467415
12063,1467445,62,1467507
12064,1467638,1,1467639
12065,1467656,16,1467672
12066,1467875,24,1467899
12067,1467929,11,1467940
12068,1467994,10,1468004
12069,1468066,35,1468101
12070,1468157,20,1468177
12071,1468231,16,1468247
12072,1468341,18,1468359
12073,1468414,1,1468415
12074,1468426,3,1468429
12075,1468456,19,1468475
12076,1468510,12,1468522
12077,1468593,16,1468609
12078,1468639,14,1468653
12079,1468680,9,1468689
12080,1468789,47,1468836
12081,1468850,33,1468883
12082,1468926,22,1468948
12083,1469047,22,1469069
12084,1469072,5,1469077
12085,1469134,9,1469143
12086,1469163,12,1469175
12087,1469234,12,1469246
12088,1469267,61,1469328
12089,1469806,12,1469818
12090,1469959,42,1470001
12091,1470084,22,1470106
12092,1470114,17,1470131
12093,1470137,18,1470155
12094,1470739,25,1470764
12095,1470876,1,1470877
12096,1471081,36,1471117
12097,1471174,29,1471203
12098,1471349,84,1471433
12099,1471472,44,1471516
12100,1471678,13,1471691
12101,1471710,2,1471712
12102,1471717,10,1471727
12103,1471775,56,1471831
12104,1471895,17,1471912
12105,1472002,17,1472019
12106,1472108,24,1472132
12107,1472202,12,1472214
12108,1472402,8,1472410
12109,1472444,2,1472446
12110,1472467,12,1472479
12111,1472492,1,1472493
12112,1472519,16,1472535
12113,1472583,27,1472610
12114,1472694,2,1472696
12115,1472841,2,1472843
12116,1472955,92,1473047
12117,1473231,11,1473242
12118,1473337,4,1473341
12119,1473389,4,1473393
12120,1473408,11,1473419
12121,1473481,15,1473496
12122,1473503,8,1473511
12123,1473598,1,1473599
12124,1473892,5,1473897
12125,1473944,13,1473957
12126,1473971,38,1474009
12127,1474216,20,1474236
12128,1474384,28,1474412
12129,1474486,16,1474502
12130,1474650,7,1474657
12131,1474803,2,1474805
12132,1474986,44,1475030
12133,1475060,3,1475063
12134,1475276,8,1475284
12135,1475392,31,1475423
12136,1475746,2,1475748
12137,1475750,27,1475777
12138,1475993,29,1476022
12139,1476082,14,1476096
12140,1476107,2,1476109
12141,1476171,12,1476183
12142,1476258,12,1476270
12143,1476335,20,1476355
12144,1476530,5,1476535
12145,1476553,1,1476554
12146,1476579,4,1476583
12147,1476771,20,1476791
12148,1476854,7,1476861
12149,1476950,14,1476964
12150,1477042,1,1477043
12151,1477078,1,1477079
12152,1477503,8,1477511
12153,1477684,22,1477706
12154,1477837,17,1477854
12155,1478153,72,1478225
12156,1478248,15,1478263
12157,1478357,13,1478370
12158,1478386,1,1478387
12159,1478546,14,1478560
12160,1478619,2,1478621
12161,1478630,21,1478651
12162,1478681,29,1478710
12163,1478743,25,1478768
12164,1478969,13,1478982
12165,1478996,51,1479047
12166,1479522,31,1479553
12167,1479733,10,1479743
12168,1479932,20,1479952
12169,1480157,2,1480159
12170,1480250,7,1480257
12171,1480388,11,1480399
12172,1480544,17,1480561
12173,1480699,32,1480731
12174,1480759,15,1480774
12175,1480796,82,1480878
12176,1480891,11,1480902
12177,1480974,20,1480994
12178,1481064,6,1481070
12179,1481346,6,1481352
12180,1481360,34,1481394
12181,1481462,20,1481482
12182,1481561,8,1481569
12183,1481585,13,1481598
12184,1481614,2,1481616
12185,1481680,23,1481703
12186,1481910,3,1481913
12187,1481935,9,1481944
12188,1481961,33,1481994
12189,1482032,31,1482063
12190,1482069,26,1482095
12191,1482256,3,1482259
12192,1482329,4,1482333
12193,1482548,9,1482557
12194,1482635,14,1482649
12195,1482691,35,1482726
12196,1482803,86,1482889
12197,1482968,24,1482992
12198,1483056,16,1483072
12199,1483116,1,1483117
12200,1483150,29,1483179
12201,1483204,19,1483223
12202,1483248,10,1483258
12203,1483368,8,1483376
12204,1483451,40,1483491
12205,1483515,7,1483522
12206,1483824,5,1483829
12207,1483901,13,1483914
12208,1484295,32,1484327
12209,1484426,48,1484474
12210,1484523,19,1484542
12211,1484891,22,1484913
12212,1484931,8,1484939
12213,1485100,13,1485113
12214,1485332,28,1485360
12215,1485408,20,1485428
12216,1485509,12,1485521
12217,1485578,17,1485595
12218,1485624,19,1485643
12219,1485765,1,1485766
12220,1485994,71,1486065
12221,1486178,15,1486193
12222,1486286,13,1486299
12223,1486362,21,1486383
12224,1486433,43,1486476
12225,1486692,22,1486714
12226,1486746,18,1486764
12227,1486820,6,1486826
12228,1486844,1,1486845
12229,1486851,27,1486878
12230,1486973,6,1486979
12231,1486996,12,1487008
12232,1487168,11,1487179
12233,1487336,3,1487339
12234,1487564,9,1487573
12235,1487576,34,1487610
12236,1487634,8,1487642
12237,1487652,5,1487657
12238,1487705,23,1487728
12239,1488490,7,1488497
12240,1488546,23,1488569
12241,1488608,11,1488619
12242,1488621,29,1488650
12243,1488710,5,1488715
12244,1488849,3,1488852
12245,1488868,14,1488882
12246,1488960,78,1489038
12247,1489249,51,1489300
12248,1489393,3,1489396
12249,1489591,19,1489610
12250,1489707,21,1489728
12251,1489797,5,1489802
12252,1489831,2,1489833
12253,1490010,6,1490016
12254,1490032,26,1490058
12255,1490072,73,1490145
12256,1490383,33,1490416
12257,1490446,6,1490452
12258,1490472,10,1490482
12259,1490538,12,1490550
12260,1490649,17,1490666
12261,1490772,3,1490775
12262,1490806,3,1490809
12263,1490871,2,1490873
12264,1490908,1,1490909
12265,1490936,15,1490951
12266,1490961,4,1490965
12267,1491022,1,1491023
12268,1491026,11,1491037
12269,1491066,20,1491086
12270,1491112,15,1491127
12271,1491194,14,1491208
12272,1491247,4,1491251
12273,1491626,2,1491628
12274,1491651,4,1491655
12275,1491674,11,1491685
12276,1491854,14,1491868
12277,1492201,4,1492205
12278,1492234,11,1492245
12279,1492330,27,1492357
12280,1492616,5,1492621
12281,1492649,7,1492656
12282,1493066,6,1493072
12283,1493125,8,1493133
12284,1493197,30,1493227
12285,1493373,16,1493389
12286,1493497,10,1493507
12287,1493639,11,1493650
12288,1493666,2,1493668
12289,1493780,80,1493860
12290,1493874,6,1493880
12291,1493937,3,1493940
12292,1494061,7,1494068
12293,1494238,13,1494251
12294,1494279,5,1494284
12295,1494421,6,1494427
12296,1494459,22,1494481
12297,1494650,35,1494685
12298,1494768,30,1494798
12299,1494807,46,1494853
12300,1494874,7,1494881
12301,1494882,8,1494890
12302,1494933,9,1494942
12303,1494997,11,1495008
12304,1495087,34,1495121
12305,1495185,22,1495207
12306,1495238,7,1495245
12307,1495277,64,1495341
12308,1495373,14,1495387
12309,1495475,19,1495494
12310,1495912,6,1495918
12311,1495934,5,1495939
12312,1495982,16,1495998
12313,1496082,32,1496114
12314,1496129,41,1496170
12315,1496231,92,1496323
12316,1496423,59,1496482
12317,1496629,83,1496712
12318,1496726,15,1496741
12319,1496754,3,1496757
12320,1497117,42,1497159
12321,1497187,24,1497211
12322,1497300,5,1497305
12323,1497352,44,1497396
12324,1497483,8,1497491
12325,1497523,3,1497526
12326,1497636,12,1497648
12327,1497665,8,1497673
12328,1497694,67,1497761
12329,1497901,3,1497904
12330,1497963,14,1497977
12331,1498123,21,1498144
12332,1498153,30,1498183
12333,1498189,51,1498240
12334,1498361,24,1498385
12335,1498406,12,1498418
12336,1498549,16,1498565
12337,1498608,8,1498616
12338,1498870,51,1498921
12339,1498975,45,1499020
12340,1499049,27,1499076
12341,1499196,40,1499236
12342,1499333,2,1499335
12343,1499387,4,1499391
12344,1499562,18,1499580
12345,1499623,33,1499656
12346,1499761,11,1499772
12347,1499795,73,1499868
12348,1499873,16,1499889
12349,1499900,1,1499901
12350,1500012,22,1500034
12351,1500211,4,1500215
12352,1500608,45,1500653
12353,1500815,11,1500826
12354,1500983,7,1500990
12355,1501361,9,1501370
12356,1501374,5,1501379
12357,1501390,42,1501432
12358,1501472,9,1501481
12359,1501511,1,1501512
12360,1501709,18,1501727
12361,1501741,20,1501761
12362,1501901,31,1501932
12363,1501941,39,1501980
12364,1502026,44,1502070
12365,1502083,3,1502086
12366,1502117,52,1502169
12367,1502172,1,1502173
12368,1502207,8,1502215
12369,1502303,7,1502310
12370,1502324,70,1502394
12371,1502457,50,1502507
12372,1502525,14,1502539
12373,1502613,42,1502655
12374,1502798,20,1502818
12375,1503025,2,1503027
12376,1503074,48,1503122
12377,1503189,5,1503194
12378,1503436,13,1503449
12379,1503554,30,1503584
12380,1503783,7,1503790
12381,1503802,8,1503810
12382,1503858,1,1503859
12383,1503910,4,1503914
12384,1504111,28,1504139
12385,1504160,46,1504206
12386,1504429,3,1504432
12387,1504502,3,1504505
12388,1504588,9,1504597
12389,1504678,30,1504708
12390,1504765,21,1504786
12391,1504881,14,1504895
12392,1505137,7,1505144
12393,1505195,28,1505223
12394,1505469,15,1505484
12395,1505504,2,1505506
12396,1505649,61,1505710
12397,1505714,7,1505721
12398,1505799,28,1505827
12399,1505881,5,1505886
12400,1505905,6,1505911
12401,1505984,9,1505993
12402,1506048,2,1506050
12403,1506407,34,1506441
12404,1506458,4,1506462
12405,1506579,118,1506697
12406,1506805,20,1506825
12407,1506934,3,1506937
12408,1506974,19,1506993
12409,1507006,29,1507035
12410,1507078,23,1507101
12411,1507129,6,1507135
12412,1507328,4,1507332
12413,1507373,42,1507415
12414,1507575,50,1507625
12415,1507646,68,1507714
12416,1507905,14,1507919
12417,1508037,21,1508058
12418,1508134,6,1508140
12419,1508205,9,1508214
12420,1508324,41,1508365
12421,1508502,14,1508516
12422,1508626,2,1508628
12423,1508689,21,1508710
12424,1508923,49,1508972
12425,1509246,8,1509254
12426,1509579,3,1509582
12427,1509598,30,1509628
12428,1509642,1,1509643
12429,1509988,45,1510033
12430,1510107,6,1510113
12431,1510199,39,1510238
12432,1510284,20,1510304
12433,1510376,53,1510429
12434,1510477,14,1510491
12435,1510494,8,1510502
12436,1510561,23,1510584
12437,1510690,20,1510710
12438,1510761,17,1510778
12439,1510840,19,1510859
12440,1510873,10,1510883
12441,1510973,10,1510983
12442,1510986,7,1510993
12443,1511232,14,1511246
12444,1511398,41,1511439
12445,1511693,2,1511695
12446,1511742,22,1511764
12447,1511767,33,1511800
12448,1511890,31,1511921
12449,1512116,30,1512146
12450,1512148,97,1512245
12451,1512383,35,1512418
12452,1512452,110,1512562
12453,1512566,7,1512573
12454,1512694,71,1512765
12455,1512867,2,1512869
12456,1512881,37,1512918
12457,1512921,3,1512924
12458,1512966,30,1512996
12459,1513193,9,1513202
12460,1513578,8,1513586
12461,1513598,34,1513632
12462,1513788,6,1513794
12463,1514061,27,1514088
12464,1514215,10,1514225
12465,1514282,16,1514298
12466,1514300,14,1514314
12467,1514399,4,1514403
12468,1514420,19,1514439
12469,1514486,13,1514499
12470,1514557,28,1514585
12471,1514718,10,1514728
12472,1514880,36,1514916
12473,1514935,4,1514939
12474,1515074,26,1515100
12475,1515139,11,1515150
12476,1515372,23,1515395
12477,1515425,69,1515494
12478,1515543,11,1515554
12479,1515673,11,1515684
12480,1515711,16,1515727
12481,1515733,1,1515734
12482,1515803,18,1515821
12483,1515839,3,1515842
12484,1515967,2,1515969
12485,1516166,15,1516181
12486,1516380,7,1516387
12487,1516578,35,1516613
12488,1516755,45,1516800
12489,1517018,6,1517024
12490,1517255,18,1517273
12491,1517354,9,1517363
12492,1517409,15,1517424
12493,1517566,2,1517568
12494,1517622,1,1517623
12495,1517672,13,1517685
12496,1517703,9,1517712
12497,1518030,11,1518041
12498,1518085,1,1518086
12499,1518137,24,1518161
12500,1518393,19,1518412
12501,1518424,5,1518429
12502,1518451,1,1518452
12503,1518481,14,1518495
12504,1518507,7,1518514
12505,1518646,24,1518670
12506,1518724,36,1518760
12507,1519000,14,1519014
12508,1519297,3,1519300
12509,1519419,10,1519429
12510,1519628,54,1519682
12511,1519948,17,1519965
12512,1520065,21,1520086
12513,1520213,1,1520214
12514,1520258,19,1520277
12515,1520360,41,1520401
12516,1520415,19,1520434
12517,1520983,1,1520984
12518,1521011,9,1521020
12519,1521038,1,1521039
12520,1521047,22,1521069
12521,1521424,33,1521457
12522,1521492,69,1521561
12523,1521973,30,1522003
12524,1522029,2,1522031
12525,1522127,5,1522132
12526,1522228,1,1522229
12527,1522235,42,1522277
12528,1522413,37,1522450
12529,1522456,20,1522476
12530,1522653,9,1522662
12531,1522959,8,1522967
12532,1523039,25,1523064
12533,1523129,4,1523133
12534,1523164,2,1523166
12535,1523559,38,1523597
12536,1523868,21,1523889
12537,1523901,10,1523911
12538,1523969,6,1523975
12539,1524004,20,1524024
12540,1524112,18,1524130
12541,1524263,51,1524314
12542,1524326,95,1524421
12543,1524576,6,1524582
12544,1524765,14,1524779
12545,1525086,28,1525114
12546,1525128,54,1525182
12547,1525348,20,1525368
12548,1525381,32,1525413
12549,1525726,10,1525736
12550,1525795,13,1525808
12551,1525845,60,1525905
12552,1525999,2,1526001
12553,1526003,27,1526030
12554,1526132,14,1526146
12555,1526561,1,1526562
12556,1526582,45,1526627
12557,1526756,52,1526808
12558,1526936,2,1526938
12559,1526958,5,1526963
12560,1527010,19,1527029
12561,1527322,34,1527356
12562,1527381,33,1527414
12563,1527458,3,1527461
12564,1527564,3,1527567
12565,1527608,41,1527649
12566,1527730,25,1527755
12567,1527973,15,1527988
12568,1528084,23,1528107
12569,1528109,19,1528128
12570,1528308,17,1528325
12571,1528378,11,1528389
12572,1528688,6,1528694
12573,1528777,17,1528794
12574,1528934,18,1528952
12575,1528955,23,1528978
12576,1528985,28,1529013
12577,1529102,12,1529114
12578,1529257,2,1529259
12579,1529413,33,1529446
12580,1529484,48,1529532
12581,1529749,13,1529762
12582,1529799,28,1529827
12583,1529899,1,1529900
12584,1530100,35,1530135
12585,1530159,3,1530162
12586,1530241,26,1530267
12587,1530281,32,1530313
12588,1530497,1,1530498
12589,1530668,12,1530680
12590,1531007,3,1531010
12591,1531107,1,1531108
12592,1531114,30,1531144
12593,1531349,7,1531356
12594,1531467,27,1531494
12595,1531590,5,1531595
12596,1531616,28,1531644
12597,1531658,4,1531662
12598,1531879,38,1531917
12599,1531927,11,1531938
12600,1532118,15,1532133
12601,1532342,5,1532347
12602,1532513,43,1532556
12603,1532740,13,1532753
12604,1533005,2,1533007
12605,1533014,56,1533070
12606,1533111,7,1533118
12607,1533123,30,1533153
12608,1533161,54,1533215
12609,1533225,14,1533239
12610,1533402,1,1533403
12611,1533416,52,1533468
12612,1533545,1,1533546
12613,1533594,2,1533596
12614,1533671,38,1533709
12615,1533785,26,1533811
12616,1533853,32,1533885
12617,1534039,8,1534047
12618,1534168,13,1534181
12619,1534201,6,1534207
12620,1534214,39,1534253
12621,1534257,28,1534285
12622,1534300,23,1534323
12623,1534381,3,1534384
12624,1534747,6,1534753
12625,1534837,80,1534917
12626,1535043,48,1535091
12627,1535239,10,1535249
12628,1535356,72,1535428
12629,1535510,17,1535527
12630,1535622,73,1535695
12631,1535919,4,1535923
12632,1536034,4,1536038
12633,1536061,5,1536066
12634,1536073,18,1536091
12635,1536178,4,1536182
12636,1536261,14,1536275
12637,1536304,41,1536345
12638,1536576,4,1536580
12639,1536608,3,1536611
12640,1536615,34,1536649
12641,1536697,1,1536698
12642,1536699,10,1536709
12643,1536718,15,1536733
12644,1536841,29,1536870
12645,1536895,4,1536899
12646,1536976,8,1536984
12647,1537095,15,1537110
12648,1537534,115,1537649
12649,1537887,1,1537888
12650,1537923,22,1537945
12651,1538205,8,1538213
12652,1538498,21,1538519
12653,1538728,20,1538748
12654,1538960,22,1538982
12655,1539049,6,1539055
12656,1539100,44,1539144
12657,1539375,10,1539385
12658,1539589,29,1539618
12659,1539662,25,1539687
12660,1539703,41,1539744
12661,1539929,1,1539930
12662,1540075,14,1540089
12663,1540300,3,1540303
12664,1540391,4,1540395
12665,1540503,11,1540514
12666,1540516,12,1540528
12667,1540530,6,1540536
12668,1540544,17,1540561
12669,1540622,15,1540637
12670,1540777,6,1540783
12671,1540917,23,1540940
12672,1540941,61,1541002
12673,1541058,29,1541087
12674,1541148,28,1541176
12675,1541231,3,1541234
12676,1541321,7,1541328
12677,1541342,39,1541381
12678,1541511,81,1541592
12679,1541690,66,1541756
12680,1541890,7,1541897
12681,1541940,8,1541948
12682,1541951,77,1542028
12683,1542074,1,1542075
12684,1542102,27,1542129
12685,1542131,2,1542133
12686,1542229,2,1542231
12687,1542300,93,1542393
12688,1542411,34,1542445
12689,1542692,4,1542696
12690,1542732,3,1542735
12691,1542793,88,1542881
12692,1542978,6,1542984
12693,1543110,6,1543116
12694,1543167,12,1543179
12695,1543182,41,1543223
12696,1543294,7,1543301
12697,1543339,62,1543401
12698,1543413,21,1543434
12699,1543615,6,1543621
12700,1543628,4,1543632
12701,1543816,24,1543840
12702,1543936,37,1543973
12703,1543997,2,1543999
12704,1544249,36,1544285
12705,1544332,36,1544368
12706,1544499,39,1544538
12707,1544624,16,1544640
12708,1544703,2,1544705
12709,1544766,115,1544881
12710,1544936,61,1544997
12711,1545031,35,1545066
12712,1545154,71,1545225
12713,1545273,19,1545292
12714,1545569,21,1545590
12715,1545593,17,1545610
12716,1545615,12,1545627
12717,1545679,20,1545699
12718,1545704,17,1545721
12719,1545788,10,1545798
12720,1545821,15,1545836
12721,1545851,7,1545858
12722,1545959,17,1545976
12723,1546048,9,1546057
12724,1546304,79,1546383
12725,1546717,10,1546727
12726,1546753,29,1546782
12727,1546822,45,1546867
12728,1546879,23,1546902
12729,1546924,18,1546942
12730,1546964,21,1546985
12731,1547088,46,1547134
12732,1547168,58,1547226
12733,1547286,10,1547296
12734,1547297,32,1547329
12735,1547388,23,1547411
12736,1547440,66,1547506
12737,1547513,12,1547525
12738,1547724,4,1547728
12739,1547732,2,1547734
12740,1547741,31,1547772
12741,1547808,3,1547811
12742,1547868,18,1547886
12743,1547930,62,1547992
12744,1548052,32,1548084
12745,1548097,20,1548117
12746,1548286,1,1548287
12747,1548554,32,1548586
12748,1548935,2,1548937
12749,1549327,13,1549340
12750,1549425,6,1549431
12751,1549442,2,1549444
12752,1549541,1,1549542
12753,1549556,31,1549587
12754,1549653,1,1549654
12755,1549819,4,1549823
12756,1549842,13,1549855
12757,1550199,27,1550226
12758,1550349,7,1550356
12759,1550498,1,1550499
12760,1550533,5,1550538
12761,1550559,18,1550577
12762,1550641,31,1550672
12763,1550767,7,1550774
12764,1550844,10,1550854
12765,1550939,101,1551040
12766,1551234,7,1551241
12767,1551292,4,1551296
12768,1551555,5,1551560
12769,1551616,21,1551637
12770,1551787,8,1551795
12771,1551824,9,1551833
12772,1551886,1,1551887
12773,1552466,2,1552468
12774,1552505,80,1552585
12775,1552637,6,1552643
12776,1552718,5,1552723
12777,1552848,34,1552882
12778,1552985,14,1552999
12779,1553335,10,1553345
12780,1553381,18,1553399
12781,1553430,3,1553433
12782,1553504,9,1553513
12783,1553581,7,1553588
12784,1553669,41,1553710
12785,1553711,13,1553724
12786,1553829,14,1553843
12787,1554174,16,1554190
12788,1554348,8,1554356
12789,1554399,5,1554404
12790,1554427,21,1554448
12791,1554531,16,1554547
12792,1554734,41,1554775
12793,1554895,20,1554915
12794,1554921,4,1554925
12795,1554932,50,1554982
12796,1554986,92,1555078
12797,1555251,2,1555253
12798,1555330,8,1555338
12799,1555437,29,1555466
12800,1555714,1,1555715
12801,1556119,3,1556122
12802,1556132,5,1556137
12803,1556148,13,1556161
12804,1556315,5,1556320
12805,1556326,25,1556351
12806,1556403,2,1556405
12807,1556410,9,1556419
12808,1556496,31,1556527
12809,1556587,12,1556599
12810,1556652,149,1556801
12811,1556816,10,1556826
12812,1556991,22,1557013
12813,1557076,2,1557078
12814,1557184,37,1557221
12815,1557274,11,1557285
12816,1557953,6,1557959
12817,1557982,9,1557991
12818,1558215,11,1558226
12819,1558500,35,1558535
12820,1558634,24,1558658
12821,1558662,39,1558701
12822,1558942,10,1558952
12823,1559073,1,1559074
12824,1559135,7,1559142
12825,1559214,9,1559223
12826,1559236,7,1559243
12827,1559284,13,1559297
12828,1559316,11,1559327
12829,1559402,10,1559412
12830,1559520,1,1559521
12831,1559625,8,1559633
12832,1559673,40,1559713
12833,1559787,59,1559846
12834,1560151,33,1560184
12835,1560234,11,1560245
12836,1560429,46,1560475
12837,1560755,56,1560811
12838,1560907,1,1560908
12839,1560936,108,1561044
12840,1561264,12,1561276
12841,1561310,9,1561319
12842,1561446,39,1561485
12843,1561674,7,1561681
12844,1561722,2,1561724
12845,1561936,9,1561945
12846,1562041,2,1562043
12847,1562175,20,1562195
12848,1562239,2,1562241
12849,1562285,10,1562295
12850,1562300,7,1562307
12851,1562462,15,1562477
12852,1562586,4,1562590
12853,1562601,10,1562611
12854,1562671,38,1562709
12855,1562764,6,1562770
12856,1562937,8,1562945
12857,1562955,11,1562966
12858,1563137,27,1563164
12859,1563289,11,1563300
12860,1563495,15,1563510
12861,1563585,27,1563612
12862,1563636,53,1563689
12863,1563785,21,1563806
12864,1563817,12,1563829
12865,1564024,6,1564030
12866,1564105,12,1564117
12867,1564166,12,1564178
12868,1564413,34,1564447
12869,1564635,31,1564666
12870,1564669,8,1564677
12871,1564756,9,1564765
12872,1564839,3,1564842
12873,1564932,26,1564958
12874,1565115,6,1565121
12875,1565312,10,1565322
12876,1565528,25,1565553
12877,1565554,1,1565555
12878,1565559,66,1565625
12879,1565659,8,1565667
12880,1565856,55,1565911
12881,1566016,9,1566025
12882,1566033,37,1566070
12883,1566261,14,1566275
12884,1566377,7,1566384
12885,1566718,4,1566722
12886,1566810,10,1566820
12887,1567012,6,1567018
12888,1567028,16,1567044
12889,1567068,15,1567083
12890,1567164,26,1567190
12891,1567237,10,1567247
12892,1567310,3,1567313
12893,1567408,20,1567428
12894,1567621,26,1567647
12895,1567696,6,1567702
12896,1567827,31,1567858
12897,1567882,31,1567913
12898,1567960,16,1567976
12899,1568336,27,1568363
12900,1568412,10,1568422
12901,1568485,9,1568494
12902,1568700,25,1568725
12903,1568832,3,1568835
12904,1568854,21,1568875
12905,1568912,12,1568924
12906,1569074,4,1569078
12907,1569174,22,1569196
12908,1569263,42,1569305
12909,1569484,10,1569494
12910,1569510,11,1569521
12911,1569561,2,1569563
12912,1569579,4,1569583
12913,1569596,11,1569607
12914,1569889,7,1569896
12915,1569909,11,1569920
12916,1570073,11,1570084
12917,1570131,44,1570175
12918,1570389,6,1570395
12919,1570425,39,1570464
12920,1570681,6,1570687
12921,1570813,5,1570818
12922,1570832,11,1570843
12923,1570966,9,1570975
12924,1570981,11,1570992
12925,1571038,36,1571074
12926,1571326,13,1571339
12927,1571350,8,1571358
12928,1571432,64,1571496
12929,1571551,80,1571631
12930,1571644,54,1571698
12931,1572058,2,1572060
12932,1572205,40,1572245
12933,1572285,22,1572307
12934,1572357,10,1572367
12935,1572555,14,1572569
12936,1572591,35,1572626
12937,1572651,20,1572671
12938,1572789,3,1572792
12939,1572877,5,1572882
12940,1572913,15,1572928
12941,1573121,13,1573134
12942,1573208,31,1573239
12943,1573462,7,1573469
12944,1573551,9,1573560
12945,1573601,5,1573606
12946,1573665,14,1573679
12947,1573704,55,1573759
12948,1573772,3,1573775
12949,1573791,2,1573793
12950,1573853,37,1573890
12951,1573954,31,1573985
12952,1574206,22,1574228
12953,1574356,4,1574360
12954,1574459,1,1574460
12955,1574518,11,1574529
12956,1574542,10,1574552
12957,1574590,47,1574637
12958,1574807,64,1574871
12959,1575716,10,1575726
12960,1575878,13,1575891
12961,1576032,22,1576054
12962,1576108,4,1576112
12963,1576122,28,1576150
12964,1576166,32,1576198
12965,1576201,2,1576203
12966,1576428,8,1576436
12967,1576773,6,1576779
12968,1576899,17,1576916
12969,1576932,15,1576947
12970,1577015,24,1577039
12971,1577040,30,1577070
12972,1577141,65,1577206
12973,1577488,10,1577498
12974,1577816,18,1577834
12975,1577908,34,1577942
12976,1577991,4,1577995
12977,1578145,153,1578298
12978,1578497,24,1578521
12979,1578622,28,1578650
12980,1578753,29,1578782
12981,1578944,9,1578953
12982,1578992,3,1578995
12983,1579027,2,1579029
12984,1579089,18,1579107
12985,1579166,27,1579193
12986,1579242,17,1579259
12987,1579287,17,1579304
12988,1579323,1,1579324
12989,1579360,4,1579364
12990,1579575,30,1579605
12991,1579712,7,1579719
12992,1579741,3,1579744
12993,1579823,27,1579850
12994,1579860,24,1579884
12995,1579970,6,1579976
12996,1580005,17,1580022
12997,1580150,3,1580153
12998,1580271,11,1580282
12999,1580310,9,1580319
13000,1580322,11,1580333
13001,1580490,1,1580491
13002,1580527,27,1580554
13003,1580769,21,1580790
13004,1580801,11,1580812
13005,1581157,2,1581159
13006,1581410,48,1581458
13007,1581864,4,1581868
13008,1581992,14,1582006
13009,1582041,19,1582060
13010,1582233,12,1582245
13011,1582288,11,1582299
13012,1582495,2,1582497
13013,1582525,5,1582530
13014,1582854,76,1582930
13015,1582999,12,1583011
13016,1583100,10,1583110
13017,1583141,48,1583189
13018,1583410,3,1583413
13019,1583558,7,1583565
13020,1583746,18,1583764
13021,1583808,9,1583817
13022,1583874,9,1583883
13023,1584007,11,1584018
13024,1584069,4,1584073
13025,1584090,44,1584134
13026,1584343,3,1584346
13027,1584528,7,1584535
13028,1584581,147,1584728
13029,1584764,9,1584773
13030,1584782,1,1584783
13031,1584846,13,1584859
13032,1585179,10,1585189
13033,1585522,50,1585572
13034,1585605,22,1585627
13035,1585698,11,1585709
13036,1585953,10,1585963
13037,1586358,9,1586367
13038,1586524,19,1586543
13039,1586603,4,1586607
13040,1586691,11,1586702
13041,1586773,6,1586779
13042,1586880,20,1586900
13043,1586909,53,1586962
13044,1587031,28,1587059
13045,1587097,5,1587102
13046,1587271,11,1587282
13047,1587803,39,1587842
13048,1588030,31,1588061
13049,1588170,6,1588176
13050,1588432,41,1588473
13051,1588517,73,1588590
13052,1588709,11,1588720
13053,1588851,39,1588890
13054,1589076,12,1589088
13055,1589585,8,1589593
13056,1589643,11,1589654
13057,1589861,38,1589899
13058,1590023,9,1590032
13059,1590086,3,1590089
13060,1590107,25,1590132
13061,1590217,23,1590240
13062,1590447,47,1590494
13063,1590689,71,1590760
13064,1590844,37,1590881
13065,1590882,8,1590890
13066,1591060,9,1591069
13067,1591117,21,1591138
13068,1591183,26,1591209
13069,1591302,7,1591309
13070,1591367,14,1591381
13071,1591405,1,1591406
13072,1591424,29,1591453
13073,1591851,40,1591891
13074,1591923,17,1591940
13075,1591962,6,1591968
13076,1592104,4,1592108
13077,1592125,9,1592134
13078,1592247,37,1592284
13079,1592369,38,1592407
13080,1592522,1,1592523
13081,1592605,50,1592655
13082,1592669,3,1592672
13083,1592857,30,1592887
13084,1592973,20,1592993
13085,1593021,11,1593032
13086,1593043,31,1593074
13087,1593226,4,1593230
13088,1593379,33,1593412
13089,1593547,1,1593548
13090,1593581,5,1593586
13091,1593815,6,1593821
13092,1593841,8,1593849
13093,1593901,6,1593907
13094,1593955,24,1593979
13095,1594039,9,1594048
13096,1594157,3,1594160
13097,1594223,3,1594226
13098,1594239,5,1594244
13099,1594255,6,1594261
13100,1594350,27,1594377
13101,1594392,25,1594417
13102,1594502,12,1594514
13103,1594666,76,1594742
13104,1594800,7,1594807
13105,1594921,4,1594925
13106,1594929,42,1594971
13107,1595171,59,1595230
13108,1595243,91,1595334
13109,1595345,39,1595384
13110,1595464,14,1595478
13111,1595568,2,1595570
13112,1595584,11,1595595
13113,1595618,44,1595662
13114,1595714,47,1595761
13115,1595770,1,1595771
13116,1595990,11,1596001
13117,1596023,20,1596043
13118,1596164,1,1596165
13119,1596283,1,1596284
13120,1596293,6,1596299
13121,1596361,29,1596390
13122,1596494,8,1596502
13123,1596537,72,1596609
13124,1596629,45,1596674
13125,1596698,93,1596791
13126,1596874,10,1596884
13127,1596974,12,1596986
13128,1597006,23,1597029
13129,1597164,54,1597218
13130,1597263,5,1597268
13131,1597309,14,1597323
13132,1597456,1,1597457
13133,1597490,4,1597494
13134,1597641,10,1597651
13135,1597663,3,1597666
13136,1597714,34,1597748
13137,1597818,42,1597860
13138,1598108,39,1598147
13139,1598263,74,1598337
13140,1598350,23,1598373
13141,1598433,94,1598527
13142,1598538,1,1598539
13143,1598571,14,1598585
13144,1598975,33,1599008
13145,1599188,6,1599194
13146,1599318,33,1599351
13147,1599363,16,1599379
13148,1599400,33,1599433
13149,1599513,7,1599520
13150,1599537,63,1599600
13151,1599607,40,1599647
13152,1599660,1,1599661
13153,1599833,15,1599848
13154,1599919,6,1599925
13155,1600102,25,1600127
13156,1600161,7,1600168
13157,1600180,9,1600189
13158,1600197,5,1600202
13159,1600288,78,1600366
13160,1600463,5,1600468
13161,1600760,28,1600788
13162,1600864,5,1600869
13163,1600890,21,1600911
13164,1601007,3,1601010
13165,1601068,2,1601070
13166,1601275,13,1601288
13167,1601332,51,1601383
13168,1601406,26,1601432
13169,1601470,20,1601490
13170,1601521,14,1601535
13171,1601702,1,1601703
13172,1601726,3,1601729
13173,1601730,1,1601731
13174,1601805,9,1601814
13175,1601900,24,1601924
13176,1601953,52,1602005
13177,1602141,21,1602162
13178,1602214,31,1602245
13179,1602319,61,1602380
13180,1602569,23,1602592
13181,1602627,57,1602684
13182,1602866,92,1602958
13183,1603149,37,1603186
13184,1603385,10,1603395
13185,1603402,17,1603419
13186,1603464,65,1603529
13187,1603603,19,1603622
13188,1603630,11,1603641
13189,1603694,46,1603740
13190,1603817,17,1603834
13191,1604106,30,1604136
13192,1604232,10,1604242
13193,1604305,26,1604331
13194,1604393,24,1604417
13195,1604556,8,1604564
13196,1604622,7,1604629
13197,1604654,19,1604673
13198,1605147,3,1605150
13199,1605198,62,1605260
13200,1605344,7,1605351
13201,1605380,8,1605388
13202,1605402,2,1605404
13203,1605609,4,1605613
13204,1605682,43,1605725
13205,1605939,10,1605949
13206,1606113,18,1606131
13207,1606165,22,1606187
13208,1606301,8,1606309
13209,1606413,23,1606436
13210,1606640,1,1606641
13211,1606767,9,1606776
13212,1606863,5,1606868
13213,1606909,3,1606912
13214,1606986,3,1606989
13215,1607029,5,1607034
13216,1607187,5,1607192
13217,1607245,15,1607260
13218,1607509,23,1607532
13219,1607603,28,1607631
13220,1607667,29,1607696
13221,1607895,4,1607899
13222,1608145,26,1608171
13223,1608172,1,1608173
13224,1608244,7,1608251
13225,1608255,14,1608269
13226,1608390,9,1608399
13227,1608437,17,1608454
13228,1608471,28,1608499
13229,1608537,11,1608548
13230,1608787,41,1608828
13231,1608889,2,1608891
13232,1608918,13,1608931
13233,1608993,3,1608996
13234,1609020,6,1609026
13235,1609028,19,1609047
13236,1609098,21,1609119
13237,1609166,13,1609179
13238,1609361,7,1609368
13239,1609470,11,1609481
13240,1609566,10,1609576
13241,1609746,19,1609765
13242,1609802,33,1609835
13243,1609922,11,1609933
13244,1610064,28,1610092
13245,1610111,9,1610120
13246,1610251,13,1610264
13247,1610282,17,1610299
13248,1610402,27,1610429
13249,1610460,11,1610471
13250,1610560,4,1610564
13251,1610697,32,1610729
13252,1610736,50,1610786
13253,1610888,5,1610893
13254,1610975,5,1610980
13255,1611010,3,1611013
13256,1611154,14,1611168
13257,1611224,9,1611233
13258,1611245,4,1611249
13259,1611467,10,1611477
13260,1611492,6,1611498
13261,1611499,11,1611510
13262,1611569,9,1611578
13263,1611688,17,1611705
13264,1611854,57,1611911
13265,1611920,18,1611938
13266,1611998,13,1612011
13267,1612052,23,1612075
13268,1612083,1,1612084
13269,1612151,1,1612152
13270,1612348,37,1612385
13271,1612462,10,1612472
13272,1612618,4,1612622
13273,1612663,18,1612681
13274,1612766,100,1612866
13275,1612965,17,1612982
13276,1612998,2,1613000
13277,1613077,39,1613116
13278,1613189,28,1613217
13279,1613221,12,1613233
13280,1613270,19,1613289
13281,1613352,68,1613420
13282,1613652,1,1613653
13283,1613742,15,1613757
13284,1613826,2,1613828
13285,1613943,7,1613950
13286,1613996,11,1614007
13287,1614079,25,1614104
13288,1614232,12,1614244
13289,1614250,3,1614253
13290,1614376,3,1614379
13291,1614394,6,1614400
13292,1614444,1,1614445
13293,1614471,11,1614482
13294,1614559,22,1614581
13295,1614589,31,1614620
13296,1614819,27,1614846
13297,1614941,22,1614963
13298,1615075,71,1615146
13299,1615179,36,1615215
13300,1615251,2,1615253
13301,1615334,45,1615379
13302,1615446,4,1615450
13303,1615502,6,1615508
13304,1615528,14,1615542
13305,1615576,117,1615693
13306,1616060,17,1616077
13307,1616141,15,1616156
13308,1616305,2,1616307
13309,1616332,18,1616350
13310,1616439,19,1616458
13311,1616501,21,1616522
13312,1616741,36,1616777
13313,1616814,16,1616830
13314,1616874,8,1616882
13315,1616894,11,1616905
13316,1616991,20,1617011
13317,1617034,10,1617044
13318,1617263,2,1617265
13319,1617359,10,1617369
13320,1617439,2,1617441
13321,1617479,2,1617481
13322,1617569,2,1617571
13323,1617582,20,1617602
13324,1617665,78,1617743
13325,1617800,3,1617803
13326,1618175,8,1618183
13327,1618268,16,1618284
13328,1618329,29,1618358
13329,1618429,13,1618442
13330,1618511,2,1618513
13331,1618706,7,1618713
13332,1618769,26,1618795
13333,1618974,42,1619016
13334,1619106,4,1619110
13335,1619165,36,1619201
13336,1619225,21,1619246
13337,1619272,4,1619276
13338,1619514,27,1619541
13339,1619931,6,1619937
13340,1620035,7,1620042
13341,1620475,4,1620479
13342,1620629,11,1620640
13343,1620753,42,1620795
13344,1620844,12,1620856
13345,1620977,34,1621011
13346,1621135,21,1621156
13347,1621240,2,1621242
13348,1621244,7,1621251
13349,1621288,17,1621305
13350,1621355,24,1621379
13351,1621381,6,1621387
13352,1621418,9,1621427
13353,1621459,24,1621483
13354,1621531,1,1621532
13355,1621592,89,1621681
13356,1621735,15,1621750
13357,1621766,15,1621781
13358,1621786,64,1621850
13359,1622009,2,1622011
13360,1622025,33,1622058
13361,1622190,27,1622217
13362,1622234,5,1622239
13363,1622471,47,1622518
13364,1622719,1,1622720
13365,1622754,2,1622756
13366,1622951,27,1622978
13367,1623143,26,1623169
13368,1623386,10,1623396
13369,1623415,12,1623427
13370,1623498,16,1623514
13371,1623542,14,1623556
13372,1623599,9,1623608
13373,1623726,23,1623749
13374,1623807,1,1623808
13375,1624274,10,1624284
13376,1624406,4,1624410
13377,1624417,2,1624419
13378,1624488,5,1624493
13379,1624500,5,1624505
13380,1624576,17,1624593
13381,1624890,6,1624896
13382,1625071,7,1625078
13383,1625142,11,1625153
13384,1625166,8,1625174
13385,1625304,15,1625319
13386,1625339,14,1625353
13387,1625363,8,1625371
13388,1625406,17,1625423
13389,1625575,4,1625579
13390,1625584,8,1625592
13391,1625656,14,1625670
13392,1625690,15,1625705
13393,1625810,29,1625839
13394,1625962,7,1625969
13395,1626042,4,1626046
13396,1626246,12,1626258
13397,1626430,61,1626491
13398,1626608,11,1626619
13399,1626664,28,1626692
13400,1626710,8,1626718
13401,1627087,62,1627149
13402,1627504,21,1627525
13403,1627599,35,1627634
13404,1627668,5,1627673
13405,1627906,9,1627915
13406,1627937,5,1627942
13407,1628181,8,1628189
13408,1628209,24,1628233
13409,1628235,64,1628299
13410,1628396,3,1628399
13411,1628456,17,1628473
13412,1628591,16,1628607
13413,1628742,17,1628759
13414,1628952,84,1629036
13415,1629173,9,1629182
13416,1629231,6,1629237
13417,1629242,8,1629250
13418,1629357,2,1629359
13419,1629361,1,1629362
13420,1629379,3,1629382
13421,1629469,1,1629470
13422,1629482,4,1629486
13423,1629666,38,1629704
13424,1629713,10,1629723
13425,1629763,8,1629771
13426,1630137,19,1630156
13427,1630337,47,1630384
13428,1630467,19,1630486
13429,1630499,33,1630532
13430,1630584,12,1630596
13431,1630627,37,1630664
13432,1630674,20,1630694
13433,1630714,3,1630717
13434,1630752,6,1630758
13435,1630822,13,1630835
13436,1630866,8,1630874
13437,1630902,3,1630905
13438,1630914,2,1630916
13439,1631116,7,1631123
13440,1631283,9,1631292
13441,1631349,6,1631355
13442,1631475,2,1631477
13443,1631573,5,1631578
13444,1631609,41,1631650
13445,1631682,5,1631687
13446,1631836,5,1631841
13447,1631969,17,1631986
13448,1632087,29,1632116
13449,1632150,7,1632157
13450,1632246,51,1632297
13451,1632442,16,1632458
13452,1632492,22,1632514
13453,1632567,29,1632596
13454,1632597,13,1632610
13455,1632723,1,1632724
13456,1632954,58,1633012
13457,1633182,7,1633189
13458,1633208,4,1633212
13459,1633222,12,1633234
13460,1633253,68,1633321
13461,1633326,35,1633361
13462,1633476,55,1633531
13463,1633593,42,1633635
13464,1633677,8,1633685
13465,1633871,34,1633905
13466,1633913,2,1633915
13467,1634109,19,1634128
13468,1634462,16,1634478
13469,1634554,3,1634557
13470,1634705,54,1634759
13471,1634933,5,1634938
13472,1634959,2,1634961
13473,1635000,3,1635003
13474,1635654,9,1635663
13475,1635692,3,1635695
13476,1635718,2,1635720
13477,1635825,7,1635832
13478,1635960,18,1635978
13479,1635991,8,1635999
13480,1636246,3,1636249
13481,1636306,2,1636308
13482,1636326,3,1636329
13483,1636404,77,1636481
13484,1636526,8,1636534
13485,1636564,25,1636589
13486,1636597,2,1636599
13487,1636745,65,1636810
13488,1636877,3,1636880
13489,1637082,19,1637101
13490,1637245,10,1637255
13491,1637355,9,1637364
13492,1637414,4,1637418
13493,1637432,22,1637454
13494,1637727,28,1637755
13495,1637815,4,1637819
13496,1637909,1,1637910
13497,1637986,5,1637991
13498,1638017,4,1638021
13499,1638360,7,1638367
13500,1638418,15,1638433
13501,1638562,136,1638698
13502,1638760,18,1638778
13503,1638791,14,1638805
13504,1638847,1,1638848
13505,1639015,10,1639025
13506,1639040,45,1639085
13507,1639226,33,1639259
13508,1639414,18,1639432
13509,1639717,2,1639719
13510,1639916,8,1639924
13511,1640041,26,1640067
13512,1640083,8,1640091
13513,1640145,1,1640146
13514,1640349,24,1640373
13515,1640502,11,1640513
13516,1640575,24,1640599
13517,1640662,26,1640688
13518,1640787,19,1640806
13519,1641025,31,1641056
13520,1641068,56,1641124
13521,1641142,1,1641143
13522,1641173,14,1641187
13523,1641246,8,1641254
13524,1641377,17,1641394
13525,1641441,6,1641447
13526,1641642,40,1641682
13527,1641692,43,1641735
13528,1641753,41,1641794
13529,1641812,31,1641843
13530,1641909,8,1641917
13531,1641947,26,1641973
13532,1641982,5,1641987
13533,1642121,26,1642147
13534,1642258,32,1642290
13535,1642517,14,1642531
13536,1642551,11,1642562
13537,1642676,11,1642687
13538,1642945,24,1642969
13539,1643046,23,1643069
13540,1643070,6,1643076
13541,1643093,16,1643109
13542,1643117,27,1643144
13543,1643265,65,1643330
13544,1643521,18,1643539
13545,1643540,9,1643549
13546,1643597,1,1643598
13547,1643662,27,1643689
13548,1643742,7,1643749
13549,1643900,26,1643926
13550,1643935,2,1643937
13551,1643972,3,1643975
13552,1644022,23,1644045
13553,1644161,10,1644171
13554,1644211,19,1644230
13555,1644259,15,1644274
13556,1644296,11,1644307
13557,1644437,13,1644450
13558,1644555,20,1644575
13559,1644609,12,1644621
13560,1644821,37,1644858
13561,1644929,18,1644947
13562,1644954,1,1644955
13563,1644989,33,1645022
13564,1645442,6,1645448
13565,1645491,3,1645494
13566,1645651,22,1645673
13567,1645794,13,1645807
13568,1645920,20,1645940
13569,1646227,53,1646280
13570,1646289,10,1646299
13571,1646508,9,1646517
13572,1646660,5,1646665
13573,1646706,10,1646716
13574,1646811,2,1646813
13575,1647074,20,1647094
13576,1647127,50,1647177
13577,1647419,4,1647423
13578,1647467,23,1647490
13579,1647578,5,1647583
13580,1647636,8,1647644
13581,1647698,33,1647731
13582,1647826,10,1647836
13583,1647853,10,1647863
13584,1647887,1,1647888
13585,1648263,33,1648296
13586,1648353,23,1648376
13587,1648562,18,1648580
13588,1648590,4,1648594
13589,1648718,63,1648781
13590,1648870,6,1648876
13591,1648920,13,1648933
13592,1649205,8,1649213
13593,1649282,11,1649293
13594,1649294,4,1649298
13595,1649390,17,1649407
13596,1649465,12,1649477
13597,1649502,2,1649504
13598,1649812,8,1649820
13599,1650133,14,1650147
13600,1650255,41,1650296
13601,1650349,30,1650379
13602,1650398,6,1650404
13603,1650462,29,1650491
13604,1650505,31,1650536
13605,1650896,3,1650899
13606,1650946,30,1650976
13607,1651041,35,1651076
13608,1651174,5,1651179
13609,1651213,9,1651222
13610,1651261,11,1651272
13611,1651417,55,1651472
13612,1651582,78,1651660
13613,1651663,3,1651666
13614,1651685,9,1651694
13615,1651697,15,1651712
13616,1651727,34,1651761
13617,1651810,33,1651843
13618,1651920,25,1651945
13619,1652297,23,1652320
13620,1652357,18,1652375
13621,1652688,2,1652690
13622,1652880,8,1652888
13623,1652892,10,1652902
13624,1653154,19,1653173
13625,1653222,20,1653242
13626,1653284,30,1653314
13627,1653610,6,1653616
13628,1653706,42,1653748
13629,1653797,18,1653815
13630,1654038,22,1654060
13631,1654167,10,1654177
13632,1654217,16,1654233
13633,1654326,4,1654330
13634,1654384,11,1654395
13635,1654396,7,1654403
13636,1654608,4,1654612
13637,1654680,21,1654701
13638,1654836,48,1654884
13639,1654938,28,1654966
13640,1655065,7,1655072
13641,1655130,4,1655134
13642,1655208,7,1655215
13643,1655244,42,1655286
13644,1655409,28,1655437
13645,1655459,13,1655472
13646,1655508,13,1655521
13647,1655682,15,1655697
13648,1655837,85,1655922
13649,1655938,1,1655939
13650,1655959,19,1655978
13651,1656052,23,1656075
13652,1656088,14,1656102
13653,1656573,14,1656587
13654,1656831,13,1656844
13655,1656872,28,1656900
13656,1656925,6,1656931
13657,1656975,14,1656989
13658,1656994,40,1657034
13659,1657064,19,1657083
13660,1657086,18,1657104
13661,1657220,37,1657257
13662,1657259,49,1657308
13663,1657498,12,1657510
13664,1657909,33,1657942
13665,1658172,29,1658201
13666,1658367,4,1658371
13667,1658452,57,1658509
13668,1658571,108,1658679
13669,1658757,31,1658788
13670,1659126,11,1659137
13671,1659195,23,1659218
13672,1659244,35,1659279
13673,1659354,1,1659355
13674,1659359,9,1659368
13675,1659371,8,1659379
13676,1659387,8,1659395
13677,1659423,1,1659424
13678,1659522,18,1659540
13679,1659756,57,1659813
13680,1660193,8,1660201
13681,1660481,33,1660514
13682,1660644,4,1660648
13683,1660692,25,1660717
13684,1660992,32,1661024
13685,1661096,4,1661100
13686,1661107,37,1661144
13687,1661263,28,1661291
13688,1661370,4,1661374
13689,1661509,1,1661510
13690,1661516,22,1661538
13691,1661546,20,1661566
13692,1661711,5,1661716
13693,1661804,24,1661828
13694,1661866,14,1661880
13695,1661996,24,1662020
13696,1662314,10,1662324
13697,1662577,8,1662585
13698,1662666,21,1662687
13699,1662747,3,1662750
13700,1662755,1,1662756
13701,1662834,4,1662838
13702,1663012,30,1663042
13703,1663150,2,1663152
13704,1663189,24,1663213
13705,1663221,34,1663255
13706,1663352,9,1663361
13707,1663615,5,1663620
13708,1663677,15,1663692
13709,1663788,16,1663804
13710,1663832,4,1663836
13711,1663850,12,1663862
13712,1664049,52,1664101
13713,1664241,5,1664246
13714,1664312,4,1664316
13715,1664429,16,1664445
13716,1664630,5,1664635
13717,1664659,10,1664669
13718,1664695,23,1664718
13719,1664727,47,1664774
13720,1664810,14,1664824
13721,1664877,9,1664886
13722,1664911,11,1664922
13723,1664936,11,1664947
13724,1664992,6,1664998
13725,1665007,20,1665027
13726,1665329,5,1665334
13727,1665364,88,1665452
13728,1665503,18,1665521
13729,1665535,30,1665565
13730,1665582,2,1665584
13731,1665596,46,1665642
13732,1665861,25,1665886
13733,1665924,20,1665944
13734,1665958,15,1665973
13735,1666014,1,1666015
13736,1666104,8,1666112
13737,1666390,20,1666410
13738,1666478,18,1666496
13739,1666536,17,1666553
13740,1666611,2,1666613
13741,1666642,3,1666645
13742,1666794,13,1666807
13743,1666817,18,1666835
13744,1666851,74,1666925
13745,1667043,9,1667052
13746,1667110,24,1667134
13747,1667238,20,1667258
13748,1667375,11,1667386
13749,1667456,2,1667458
13750,1667529,1,1667530
13751,1667536,3,1667539
13752,1667649,12,1667661
13753,1667667,16,1667683
13754,1667759,40,1667799
13755,1667826,10,1667836
13756,1667905,21,1667926
13757,1668041,8,1668049
13758,1668157,64,1668221
13759,1668233,66,1668299
13760,1668366,16,1668382
13761,1668471,21,1668492
13762,1668564,25,1668589
13763,1668772,112,1668884
13764,1668894,13,1668907
13765,1669053,27,1669080
13766,1669097,14,1669111
13767,1669367,36,1669403
13768,1669437,18,1669455
13769,1669607,15,1669622
13770,1669646,19,1669665
13771,1669804,6,1669810
13772,1669811,25,1669836
13773,1669856,35,1669891
13774,1669902,30,1669932
13775,1669967,9,1669976
13776,1669978,40,1670018
13777,1670037,7,1670044
13778,1670081,4,1670085
13779,1670159,10,1670169
13780,1670453,16,1670469
13781,1670575,33,1670608
13782,1670626,16,1670642
13783,1670677,10,1670687
13784,1670692,5,1670697
13785,1670760,1,1670761
13786,1670778,23,1670801
13787,1670815,50,1670865
13788,1670904,1,1670905
13789,1670975,9,1670984
13790,1671118,10,1671128
13791,1671180,12,1671192
13792,1671371,2,1671373
13793,1671440,1,1671441
13794,1671605,18,1671623
13795,1671670,6,1671676
13796,1671760,10,1671770
13797,1671816,6,1671822
13798,1671876,78,1671954
13799,1672166,47,1672213
13800,1672382,4,1672386
13801,1672475,12,1672487
13802,1672490,18,1672508
13803,1672601,3,1672604
13804,1672677,9,1672686
13805,1672769,3,1672772
13806,1672829,2,1672831
13807,1672855,3,1672858
13808,1672974,4,1672978
13809,1673095,25,1673120
13810,1673294,24,1673318
13811,1673446,23,1673469
13812,1673688,3,1673691
13813,1673751,10,1673761
13814,1674074,25,1674099
13815,1674176,13,1674189
13816,1674372,31,1674403
13817,1674442,22,1674464
13818,1674487,3,1674490
13819,1674495,8,1674503
13820,1674535,9,1674544
13821,1674597,1,1674598
13822,1674676,36,1674712
13823,1674988,18,1675006
13824,1675047,12,1675059
13825,1675109,48,1675157
13826,1675190,22,1675212
13827,1675263,12,1675275
13828,1675461,7,1675468
13829,1675590,15,1675605
13830,1675827,13,1675840
13831,1675978,9,1675987
13832,1675991,14,1676005
13833,1676097,4,1676101
13834,1676105,22,1676127
13835,1676351,30,1676381
13836,1676404,10,1676414
13837,1676678,29,1676707
13838,1676814,33,1676847
13839,1676930,9,1676939
13840,1676955,49,1677004
13841,1677069,4,1677073
13842,1677115,37,1677152
13843,1677215,50,1677265
13844,1677299,21,1677320
13845,1677365,2,1677367
13846,1677585,3,1677588
13847,1677664,28,1677692
13848,1677787,1,1677788
13849,1677954,15,1677969
13850,1678138,10,1678148
13851,1678162,4,1678166
13852,1678173,8,1678181
13853,1678224,6,1678230
13854,1678423,18,1678441
13855,1678507,13,1678520
13856,1678554,10,1678564
13857,1678692,14,1678706
13858,1678707,27,1678734
13859,1679041,22,1679063
13860,1679067,8,1679075
13861,1679093,19,1679112
13862,1679119,30,1679149
13863,1679198,5,1679203
13864,1679344,10,1679354
13865,1679440,27,1679467
13866,1679578,10,1679588
13867,1679642,4,1679646
13868,1679668,30,1679698
13869,1679701,35,1679736
13870,1679828,77,1679905
13871,1679937,10,1679947
13872,1680026,18,1680044
13873,1680256,43,1680299
13874,1680337,4,1680341
13875,1680496,14,1680510
13876,1680518,3,1680521
13877,1680547,29,1680576
13878,1680578,21,1680599
13879,1680644,11,1680655
13880,1680788,9,1680797
13881,1680913,37,1680950
13882,1681033,70,1681103
13883,1681149,17,1681166
13884,1681232,12,1681244
13885,1681388,22,1681410
13886,1681453,89,1681542
13887,1681637,11,1681648
13888,1681849,5,1681854
13889,1681897,5,1681902
13890,1682023,38,1682061
13891,1682134,8,1682142
13892,1682573,3,1682576
13893,1682592,16,1682608
13894,1682711,6,1682717
13895,1682718,21,1682739
13896,1682826,15,1682841
13897,1682952,7,1682959
13898,1683083,10,1683093
13899,1683215,31,1683246
13900,1683650,28,1683678
13901,1683736,2,1683738
13902,1683743,8,1683751
13903,1684248,44,1684292
13904,1684558,1,1684559
13905,1684591,8,1684599
13906,1684714,23,1684737
13907,1684742,29,1684771
13908,1684795,3,1684798
13909,1684997,12,1685009
13910,1685034,14,1685048
13911,1685073,39,1685112
13912,1685128,6,1685134
13913,1685333,3,1685336
13914,1685576,19,1685595
13915,1685885,25,1685910
13916,1685926,3,1685929
13917,1686073,1,1686074
13918,1686217,2,1686219
13919,1686226,19,1686245
13920,1686250,1,1686251
13921,1686270,12,1686282
13922,1686393,63,1686456
13923,1686598,2,1686600
13924,1686616,2,1686618
13925,1686797,19,1686816
13926,1686845,20,1686865
13927,1687177,32,1687209
13928,1687328,12,1687340
13929,1687353,2,1687355
13930,1687501,3,1687504
13931,1687519,49,1687568
13932,1687573,17,1687590
13933,1687688,99,1687787
13934,1687979,29,1688008
13935,1688031,29,1688060
13936,1688095,56,1688151
13937,1688448,6,1688454
13938,1688493,12,1688505
13939,1688511,6,1688517
13940,1688559,11,1688570
13941,1688683,3,1688686
13942,1688787,11,1688798
13943,1688861,4,1688865
13944,1689024,8,1689032
13945,1689134,33,1689167
13946,1689204,38,1689242
13947,1689250,28,1689278
13948,1689358,4,1689362
13949,1689549,1,1689550
13950,1689573,2,1689575
13951,1689751,9,1689760
13952,1689833,8,1689841
13953,1689937,4,1689941
13954,1690114,23,1690137
13955,1690256,14,1690270
13956,1690454,5,1690459
13957,1690568,16,1690584
13958,1690609,34,1690643
13959,1690647,35,1690682
13960,1690898,10,1690908
13961,1691162,16,1691178
13962,1691272,3,1691275
13963,1691350,14,1691364
13964,1691556,24,1691580
13965,1691684,14,1691698
13966,1691715,53,1691768
13967,1691974,52,1692026
13968,1692114,3,1692117
13969,1692193,41,1692234
13970,1692442,18,1692460
13971,1692661,8,1692669
13972,1692687,11,1692698
13973,1692796,4,1692800
13974,1693204,11,1693215
13975,1693423,6,1693429
13976,1693450,14,1693464
13977,1693479,56,1693535
13978,1693573,17,1693590
13979,1693648,74,1693722
13980,1693728,21,1693749
13981,1693755,81,1693836
13982,1693924,7,1693931
13983,1694173,14,1694187
13984,1694200,97,1694297
13985,1694423,22,1694445
13986,1694509,26,1694535
13987,1694596,11,1694607
13988,1694657,47,1694704
13989,1694751,26,1694777
13990,1694976,20,1694996
13991,1695248,32,1695280
13992,1695352,26,1695378
13993,1695489,1,1695490
13994,1695515,2,1695517
13995,1695601,55,1695656
13996,1695674,1,1695675
13997,1695714,3,1695717
13998,1695939,7,1695946
13999,1695968,2,1695970
14000,1696070,30,1696100
14001,1696249,16,1696265
14002,1696504,19,1696523
14003,1696563,15,1696578
14004,1696607,13,1696620
14005,1696693,30,1696723
14006,1696761,31,1696792
14007,1697136,41,1697177
14008,1697434,9,1697443
14009,1697465,23,1697488
14010,1697650,5,1697655
14011,1697845,2,1697847
14012,1697870,10,1697880
14013,1697900,25,1697925
14014,1697964,1,1697965
14015,1698016,8,1698024
14016,1698106,16,1698122
14017,1698124,4,1698128
14018,1698327,37,1698364
14019,1698530,14,1698544
14020,1698617,2,1698619
14021,1699220,3,1699223
14022,1699367,17,1699384
14023,1699460,7,1699467
14024,1699604,24,1699628
14025,1699634,32,1699666
14026,1699758,1,1699759
14027,1699801,20,1699821
14028,1700021,30,1700051
14029,1700066,62,1700128
14030,1700262,29,1700291
14031,1700522,13,1700535
14032,1700584,25,1700609
14033,1700774,7,1700781
14034,1700808,23,1700831
14035,1700915,18,1700933
14036,1700957,20,1700977
14037,1701250,16,1701266
14038,1701371,17,1701388
14039,1701477,46,1701523
14040,1701595,3,1701598
14041,1701633,4,1701637
14042,1701655,22,1701677
14043,1701723,17,1701740
14044,1701785,2,1701787
14045,1701876,19,1701895
14046,1702159,16,1702175
14047,1702265,3,1702268
14048,1702278,1,1702279
14049,1702462,17,1702479
14050,1702502,9,1702511
14051,1702520,16,1702536
14052,1703024,11,1703035
14053,1703177,1,1703178
14054,1703353,43,1703396
14055,1703398,1,1703399
14056,1703402,40,1703442
14057,1703550,2,1703552
14058,1703561,32,1703593
14059,1703596,14,1703610
14060,1703688,16,1703704
14061,1703777,13,1703790
14062,1703821,13,1703834
14063,1703960,38,1703998
14064,1704009,29,1704038
14065,1704075,4,1704079
14066,1704115,19,1704134
14067,1704144,52,1704196
14068,1704261,7,1704268
14069,1704516,16,1704532
14070,1704539,28,1704567
14071,1704580,106,1704686
14072,1704689,4,1704693
14073,1704996,1,1704997
14074,1705155,39,1705194
14075,1705199,9,1705208
14076,1705338,21,1705359
14077,1705382,12,1705394
14078,1705402,29,1705431
14079,1705716,43,1705759
14080,1705920,1,1705921
14081,1706127,5,1706132
14082,1706462,3,1706465
14083,1706539,23,1706562
14084,1706567,5,1706572
14085,1706641,27,1706668
14086,1706688,49,1706737
14087,1706777,11,1706788
14088,1706844,2,1706846
14089,1706912,1,1706913
14090,1706927,9,1706936
14091,1707103,24,1707127
14092,1707194,2,1707196
14093,1707198,49,1707247
14094,1707256,10,1707266
14095,1707427,3,1707430
14096,1707432,32,1707464
14097,1707818,38,1707856
14098,1707864,6,1707870
14099,1707902,5,1707907
14100,1707960,5,1707965
14101,1708085,13,1708098
14102,1708304,2,1708306
14103,1708387,91,1708478
14104,1708535,1,1708536
14105,1708571,15,1708586
14106,1708742,15,1708757
14107,1708760,56,1708816
14108,1708987,2,1708989
14109,1708990,19,1709009
14110,1709050,18,1709068
14111,1709185,14,1709199
14112,1709259,71,1709330
14113,1709335,28,1709363
14114,1709387,10,1709397
14115,1709682,25,1709707
14116,1709796,12,1709808
14117,1709991,5,1709996
14118,1710072,19,1710091
14119,1710135,29,1710164
14120,1710307,4,1710311
14121,1710332,22,1710354
14122,1710545,5,1710550
14123,1710694,87,1710781
14124,1710900,19,1710919
14125,1710935,52,1710987
14126,1711035,7,1711042
14127,1711227,8,1711235
14128,1711281,5,1711286
14129,1711298,1,1711299
14130,1711523,12,1711535
14131,1711561,15,1711576
14132,1711868,2,1711870
14133,1711953,11,1711964
14134,1711996,53,1712049
14135,1712272,3,1712275
14136,1712454,24,1712478
14137,1712583,3,1712586
14138,1712599,20,1712619
14139,1712752,7,1712759
14140,1712861,10,1712871
14141,1712876,3,1712879
14142,1712888,97,1712985
14143,1713047,5,1713052
14144,1713070,2,1713072
14145,1713159,5,1713164
14146,1713186,29,1713215
14147,1713272,38,1713310
14148,1713411,7,1713418
14149,1713558,42,1713600
14150,1713853,18,1713871
14151,1713958,19,1713977
14152,1714116,44,1714160
14153,1714187,21,1714208
14154,1714313,3,1714316
14155,1714540,1,1714541
14156,1714569,5,1714574
14157,1714630,32,1714662
14158,1714765,48,1714813
14159,1714895,25,1714920
14160,1714928,6,1714934
14161,1715097,18,1715115
14162,1715159,48,1715207
14163,1715442,16,1715458
14164,1715461,9,1715470
14165,1715597,4,1715601
14166,1715645,12,1715657
14167,1715667,38,1715705
14168,1715761,17,1715778
14169,1715885,11,1715896
14170,1715949,87,1716036
14171,1716091,12,1716103
14172,1716312,26,1716338
14173,1716530,1,1716531
14174,1716593,9,1716602
14175,1716672,5,1716677
14176,1716768,4,1716772
14177,1716812,54,1716866
14178,1716953,6,1716959
14179,1717103,2,1717105
14180,1717118,1,1717119
14181,1717144,24,1717168
14182,1717546,6,1717552
14183,1717693,3,1717696
14184,1718079,4,1718083
14185,1718112,13,1718125
14186,1718293,17,1718310
14187,1718381,5,1718386
14188,1718441,31,1718472
14189,1718574,18,1718592
14190,1718627,49,1718676
14191,1718689,22,1718711
14192,1719006,16,1719022
14193,1719113,33,1719146
14194,1719531,34,1719565
14195,1719583,3,1719586
14196,1719597,11,1719608
14197,1719692,2,1719694
14198,1720259,3,1720262
14199,1720452,21,1720473
14200,1720664,1,1720665
14201,1720756,21,1720777
14202,1720786,1,1720787
14203,1721036,36,1721072
14204,1721239,19,1721258
14205,1721278,9,1721287
14206,1721348,56,1721404
14207,1721425,12,1721437
14208,1721535,17,1721552
14209,1721671,3,1721674
14210,1721787,21,1721808
14211,1721842,20,1721862
14212,1721898,16,1721914
14213,1721940,17,1721957
14214,1722144,1,1722145
14215,1722176,13,1722189
14216,1722215,13,1722228
14217,1722315,1,1722316
14218,1722456,9,1722465
14219,1722652,5,1722657
14220,1722675,4,1722679
14221,1722744,18,1722762
14222,1722769,1,1722770
14223,1722910,25,1722935
14224,1723010,29,1723039
14225,1723128,88,1723216
14226,1723233,1,1723234
14227,1723267,24,1723291
14228,1723458,5,1723463
14229,1723546,65,1723611
14230,1723831,19,1723850
14231,1723898,45,1723943
14232,1724079,16,1724095
14233,1724102,3,1724105
14234,1724157,3,1724160
14235,1724191,1,1724192
14236,1724207,40,1724247
14237,1724323,3,1724326
14238,1724352,10,1724362
14239,1724596,76,1724672
14240,1724683,29,1724712
14241,1724791,60,1724851
14242,1724874,19,1724893
14243,1724952,23,1724975
14244,1725066,6,1725072
14245,1725082,22,1725104
14246,1725163,11,1725174
14247,1725238,2,1725240
14248,1725333,3,1725336
14249,1725512,20,1725532
14250,1725628,1,1725629
14251,1725640,14,1725654
14252,1725794,12,1725806
14253,1725817,3,1725820
14254,1725875,3,1725878
14255,1725914,26,1725940
14256,1725959,20,1725979
14257,1726248,11,1726259
14258,1726287,12,1726299
14259,1726445,1,1726446
14260,1726603,31,1726634
14261,1726806,1,1726807
14262,1726831,84,1726915
14263,1726927,46,1726973
14264,1727194,17,1727211
14265,1727261,5,1727266
14266,1727270,33,1727303
14267,1727586,35,1727621
14268,1727633,1,1727634
14269,1727643,12,1727655
14270,1727745,5,1727750
14271,1727925,13,1727938
14272,1727998,8,1728006
14273,1728060,19,1728079
14274,1728319,44,1728363
14275,1728389,28,1728417
14276,1728427,4,1728431
14277,1728701,31,1728732
14278,1728773,2,1728775
14279,1728845,16,1728861
14280,1728878,2,1728880
14281,1728933,24,1728957
14282,1729109,4,1729113
14283,1729398,54,1729452
14284,1729623,3,1729626
14285,1729761,30,1729791
14286,1730048,14,1730062
14287,1730173,24,1730197
14288,1730481,4,1730485
14289,1730571,1,1730572
14290,1730650,5,1730655
14291,1730805,49,1730854
14292,1731012,21,1731033
14293,1731117,43,1731160
14294,1731292,2,1731294
14295,1731341,14,1731355
14296,1731450,7,1731457
14297,1731548,20,1731568
14298,1731761,10,1731771
14299,1731790,15,1731805
14300,1732099,13,1732112
14301,1732267,7,1732274
14302,1732379,16,1732395
14303,1732475,5,1732480
14304,1732748,11,1732759
14305,1732802,5,1732807
14306,1732841,6,1732847
14307,1733050,55,1733105
14308,1733110,5,1733115
14309,1733159,6,1733165
14310,1733293,11,1733304
14311,1733340,19,1733359
14312,1733388,41,1733429
14313,1733467,14,1733481
14314,1733496,23,1733519
14315,1733635,4,1733639
14316,1733656,8,1733664
14317,1733741,39,1733780
14318,1733892,9,1733901
14319,1734035,122,1734157
14320,1734264,9,1734273
14321,1734319,2,1734321
14322,1734600,4,1734604
14323,1734625,3,1734628
14324,1734694,1,1734695
14325,1734864,24,1734888
14326,1734900,26,1734926
14327,1735005,24,1735029
14328,1735084,33,1735117
14329,1735354,15,1735369
14330,1735448,16,1735464
14331,1735534,3,1735537
14332,1735701,5,1735706
14333,1735770,6,1735776
14334,1736006,13,1736019
14335,1736070,14,1736084
14336,1736204,18,1736222
14337,1736342,1,1736343
14338,1736418,2,1736420
14339,1736489,113,1736602
14340,1736696,11,1736707
14341,1736708,24,1736732
14342,1736858,55,1736913
14343,1737047,7,1737054
14344,1737057,11,1737068
14345,1737106,4,1737110
14346,1737213,24,1737237
14347,1737269,13,1737282
14348,1737363,8,1737371
14349,1737401,24,1737425
14350,1737729,2,1737731
14351,1737755,8,1737763
14352,1737849,1,1737850
14353,1737865,15,1737880
14354,1737920,29,1737949
14355,1738000,11,1738011
14356,1738119,58,1738177
14357,1738212,16,1738228
14358,1738269,2,1738271
14359,1738482,11,1738493
14360,1738532,3,1738535
14361,1738579,10,1738589
14362,1738620,2,1738622
14363,1738721,45,1738766
14364,1738772,50,1738822
14365,1738987,15,1739002
14366,1739035,1,1739036
14367,1739070,18,1739088
14368,1739098,12,1739110
14369,1739274,5,1739279
14370,1739280,85,1739365
14371,1739477,7,1739484
14372,1739518,76,1739594
14373,1739610,41,1739651
14374,1739661,45,1739706
14375,1739951,20,1739971
14376,1740084,4,1740088
14377,1740096,2,1740098
14378,1740145,23,1740168
14379,1740284,20,1740304
14380,1740349,27,1740376
14381,1740428,47,1740475
14382,1740502,21,1740523
14383,1740549,19,1740568
14384,1741034,10,1741044
14385,1741282,46,1741328
14386,1741373,3,1741376
14387,1741545,19,1741564
14388,1741646,13,1741659
14389,1741885,15,1741900
14390,1741919,48,1741967
14391,1742239,8,1742247
14392,1742297,8,1742305
14393,1742390,7,1742397
14394,1742430,10,1742440
14395,1742513,7,1742520
14396,1742566,59,1742625
14397,1742670,3,1742673
14398,1742799,9,1742808
14399,1742818,21,1742839
14400,1742866,41,1742907
14401,1742964,30,1742994
14402,1743066,3,1743069
14403,1743336,10,1743346
14404,1743540,30,1743570
14405,1744036,7,1744043
14406,1744143,57,1744200
14407,1744292,7,1744299
14408,1744441,63,1744504
14409,1744660,23,1744683
14410,1744778,1,1744779
14411,1744901,2,1744903
14412,1744939,28,1744967
14413,1745005,2,1745007
14414,1745060,6,1745066
14415,1745252,8,1745260
14416,1745287,3,1745290
14417,1745367,3,1745370
14418,1745463,16,1745479
14419,1745536,36,1745572
14420,1745613,4,1745617
14421,1745653,55,1745708
14422,1745821,64,1745885
14423,1746005,10,1746015
14424,1746155,6,1746161
14425,1746194,45,1746239
14426,1746280,15,1746295
14427,1746381,31,1746412
14428,1746421,12,1746433
14429,1746472,1,1746473
14430,1746561,12,1746573
14431,1746892,47,1746939
14432,1746970,10,1746980
14433,1746997,14,1747011
14434,1747130,11,1747141
14435,1747216,29,1747245
14436,1747268,23,1747291
14437,1747461,3,1747464
14438,1747621,15,1747636
14439,1747748,13,1747761
14440,1747928,17,1747945
14441,1748160,9,1748169
14442,1748251,25,1748276
14443,1748299,40,1748339
14444,1748365,9,1748374
14445,1748507,52,1748559
14446,1748610,28,1748638
14447,1748758,38,1748796
14448,1748952,35,1748987
14449,1749307,14,1749321
14450,1749329,13,1749342
14451,1749570,24,1749594
14452,1749737,8,1749745
14453,1749891,20,1749911
14454,1749915,21,1749936
14455,1749946,23,1749969
14456,1750181,3,1750184
14457,1750226,65,1750291
14458,1750599,34,1750633
14459,1750697,41,1750738
14460,1750927,10,1750937
14461,1751180,81,1751261
14462,1751316,8,1751324
14463,1751332,36,1751368
14464,1751559,44,1751603
14465,1751665,18,1751683
14466,1751689,20,1751709
14467,1751759,1,1751760
14468,1751983,8,1751991
14469,1752136,5,1752141
14470,1752211,2,1752213
14471,1752223,4,1752227
14472,1752420,20,1752440
14473,1752585,11,1752596
14474,1752696,25,1752721
14475,1752737,8,1752745
14476,1752901,6,1752907
14477,1753051,1,1753052
14478,1753447,12,1753459
14479,1753869,3,1753872
14480,1753887,15,1753902
14481,1753925,1,1753926
14482,1753935,20,1753955
14483,1753977,18,1753995
14484,1754006,38,1754044
14485,1754055,5,1754060
14486,1754076,10,1754086
14487,1754128,3,1754131
14488,1754309,12,1754321
14489,1754402,13,1754415
14490,1754562,66,1754628
14491,1754781,19,1754800
14492,1754805,18,1754823
14493,1754910,1,1754911
14494,1755141,36,1755177
14495,1755253,12,1755265
14496,1755492,37,1755529
14497,1755721,16,1755737
14498,1755911,16,1755927
14499,1755943,10,1755953
14500,1756038,10,1756048
14501,1756109,1,1756110
14502,1756240,27,1756267
14503,1756437,16,1756453
14504,1756519,1,1756520
14505,1756586,43,1756629
14506,1756699,5,1756704
14507,1756706,15,1756721
14508,1756786,40,1756826
14509,1757042,19,1757061
14510,1757182,12,1757194
14511,1757253,2,1757255
14512,1757266,72,1757338
14513,1757353,2,1757355
14514,1757615,5,1757620
14515,1757803,10,1757813
14516,1757833,18,1757851
14517,1758231,35,1758266
14518,1758400,3,1758403
14519,1758633,8,1758641
14520,1758748,40,1758788
14521,1758988,25,1759013
14522,1759450,21,1759471
14523,1759573,12,1759585
14524,1759869,13,1759882
14525,1760060,2,1760062
14526,1760088,15,1760103
14527,1760106,18,1760124
14528,1760133,4,1760137
14529,1760199,61,1760260
14530,1760261,17,1760278
14531,1760291,63,1760354
14532,1760545,2,1760547
14533,1760706,41,1760747
14534,1760928,22,1760950
14535,1760959,1,1760960
14536,1760992,4,1760996
14537,1761022,30,1761052
14538,1761075,8,1761083
14539,1761232,5,1761237
14540,1761291,3,1761294
14541,1761336,9,1761345
14542,1761457,21,1761478
14543,1761578,33,1761611
14544,1761682,1,1761683
14545,1761702,3,1761705
14546,1761742,4,1761746
14547,1761869,31,1761900
14548,1761930,4,1761934
14549,1762023,14,1762037
14550,1762073,1,1762074
14551,1762123,23,1762146
14552,1762179,30,1762209
14553,1762218,2,1762220
14554,1762295,5,1762300
14555,1762397,7,1762404
14556,1762492,35,1762527
14557,1762627,4,1762631
14558,1762733,39,1762772
14559,1763053,16,1763069
14560,1763086,9,1763095
14561,1763237,33,1763270
14562,1763402,4,1763406
14563,1763436,85,1763521
14564,1763602,2,1763604
14565,1763869,23,1763892
14566,1764035,31,1764066
14567,1764188,53,1764241
14568,1764302,5,1764307
14569,1764405,34,1764439
14570,1764451,19,1764470
14571,1764503,1,1764504
14572,1764548,22,1764570
14573,1764711,3,1764714
14574,1765050,8,1765058
14575,1765202,65,1765267
14576,1765337,3,1765340
14577,1765632,3,1765635
14578,1765685,11,1765696
14579,1765710,1,1765711
14580,1765876,25,1765901
14581,1766204,13,1766217
14582,1766267,38,1766305
14583,1766488,12,1766500
14584,1766536,17,1766553
14585,1766578,41,1766619
14586,1766654,43,1766697
14587,1766774,9,1766783
14588,1766836,5,1766841
14589,1766868,7,1766875
14590,1766957,11,1766968
14591,1767005,3,1767008
14592,1767036,20,1767056
14593,1767094,35,1767129
14594,1767255,2,1767257
14595,1767265,16,1767281
14596,1767467,30,1767497
14597,1767640,54,1767694
14598,1768166,108,1768274
14599,1768284,32,1768316
14600,1768499,38,1768537
14601,1768639,12,1768651
14602,1768726,6,1768732
14603,1768816,24,1768840
14604,1768849,10,1768859
14605,1768871,5,1768876
14606,1768944,33,1768977
14607,1768980,10,1768990
14608,1768997,72,1769069
14609,1769092,17,1769109
14610,1769196,16,1769212
14611,1769492,12,1769504
14612,1769522,15,1769537
14613,1769565,107,1769672
14614,1769689,29,1769718
14615,1769728,12,1769740
14616,1769880,3,1769883
14617,1769905,1,1769906
14618,1769992,40,1770032
14619,1770097,45,1770142
14620,1770150,9,1770159
14621,1770175,11,1770186
14622,1770217,6,1770223
14623,1770263,14,1770277
14624,1770281,1,1770282
14625,1770418,7,1770425
14626,1770462,5,1770467
14627,1770476,14,1770490
14628,1770750,7,1770757
14629,1770821,58,1770879
14630,1770950,1,1770951
14631,1771003,2,1771005
14632,1771064,7,1771071
14633,1771239,52,1771291
14634,1771292,3,1771295
14635,1771327,1,1771328
14636,1771529,6,1771535
14637,1771689,1,1771690
14638,1772175,6,1772181
14639,1772218,25,1772243
14640,1772340,8,1772348
14641,1772379,19,1772398
14642,1772460,63,1772523
14643,1772851,8,1772859
14644,1773032,31,1773063
14645,1773193,8,1773201
14646,1773458,17,1773475
14647,1773611,35,1773646
14648,1773783,14,1773797
14649,1773890,9,1773899
14650,1773963,3,1773966
14651,1774023,63,1774086
14652,1774473,2,1774475
14653,1774527,10,1774537
14654,1774672,3,1774675
14655,1774847,42,1774889
14656,1774907,12,1774919
14657,1774947,19,1774966
14658,1775189,28,1775217
14659,1775400,14,1775414
14660,1775460,43,1775503
14661,1775506,27,1775533
14662,1775581,19,1775600
14663,1775615,45,1775660
14664,1775677,23,1775700
14665,1775711,23,1775734
14666,1775818,1,1775819
14667,1775992,89,1776081
14668,1776199,19,1776218
14669,1776396,20,1776416
14670,1776470,47,1776517
14671,1776548,6,1776554
14672,1776598,35,1776633
14673,1776690,17,1776707
14674,1776710,1,1776711
14675,1776791,5,1776796
14676,1776883,10,1776893
14677,1777042,14,1777056
14678,1777108,19,1777127
14679,1777436,55,1777491
14680,1777517,34,1777551
14681,1777591,17,1777608
14682,1777648,11,1777659
14683,1777712,5,1777717
14684,1777745,52,1777797
14685,1777864,3,1777867
14686,1778203,4,1778207
14687,1778286,18,1778304
14688,1778411,15,1778426
14689,1778640,1,1778641
14690,1778697,1,1778698
14691,1778706,22,1778728
14692,1778837,27,1778864
14693,1778920,5,1778925
14694,1779118,28,1779146
14695,1779237,14,1779251
14696,1779366,4,1779370
14697,1779475,5,1779480
14698,1779552,28,1779580
14699,1779827,8,1779835
14700,1779856,32,1779888
14701,1779959,6,1779965
14702,1780032,45,1780077
14703,1780086,7,1780093
14704,1780273,46,1780319
14705,1780387,16,1780403
14706,1780566,9,1780575
14707,1780598,33,1780631
14708,1780829,58,1780887
14709,1780959,36,1780995
14710,1781019,16,1781035
14711,1781085,15,1781100
14712,1781153,9,1781162
14713,1781211,4,1781215
14714,1781274,49,1781323
14715,1781512,47,1781559
14716,1781598,10,1781608
14717,1781684,28,1781712
14718,1781818,22,1781840
14719,1781848,1,1781849
14720,1782015,3,1782018
14721,1782047,13,1782060
14722,1782145,12,1782157
14723,1782340,4,1782344
14724,1782735,18,1782753
14725,1782967,20,1782987
14726,1783073,28,1783101
14727,1783160,28,1783188
14728,1783574,66,1783640
14729,1783703,6,1783709
14730,1783829,20,1783849
14731,1783930,3,1783933
14732,1784027,16,1784043
14733,1784180,7,1784187
14734,1784280,24,1784304
14735,1784845,15,1784860
14736,1784870,4,1784874
14737,1784894,54,1784948
14738,1784959,13,1784972
14739,1785109,16,1785125
14740,1785285,2,1785287
14741,1785320,54,1785374
14742,1785439,9,1785448
14743,1785525,69,1785594
14744,1785657,38,1785695
14745,1785961,25,1785986
14746,1786039,2,1786041
14747,1786069,1,1786070
14748,1786088,42,1786130
14749,1786320,14,1786334
14750,1786437,6,1786443
14751,1786468,31,1786499
14752,1786513,1,1786514
14753,1786609,21,1786630
14754,1786675,21,1786696
14755,1787078,19,1787097
14756,1787289,38,1787327
14757,1787360,31,1787391
14758,1787417,2,1787419
14759,1787483,35,1787518
14760,1787624,2,1787626
14761,1787642,23,1787665
14762,1787697,14,1787711
14763,1787715,33,1787748
14764,1788139,50,1788189
14765,1788231,4,1788235
14766,1788347,20,1788367
14767,1788540,16,1788556
14768,1788587,2,1788589
14769,1788645,3,1788648
14770,1788668,7,1788675
14771,1788676,47,1788723
14772,1788802,63,1788865
14773,1788902,3,1788905
14774,1788986,34,1789020
14775,1789044,19,1789063
14776,1789093,3,1789096
14777,1789247,39,1789286
14778,1789459,15,1789474
14779,1789593,14,1789607
14780,1789662,34,1789696
14781,1789845,12,1789857
14782,1789974,12,1789986
14783,1790138,17,1790155
14784,1790192,35,1790227
14785,1790393,23,1790416
14786,1790440,9,1790449
14787,1790479,5,1790484
14788,1790502,35,1790537
14789,1790655,10,1790665
14790,1791019,5,1791024
14791,1791290,11,1791301
14792,1791522,50,1791572
14793,1791683,13,1791696
14794,1791806,7,1791813
14795,1791914,1,1791915
14796,1791995,44,1792039
14797,1792167,6,1792173
14798,1792255,80,1792335
14799,1792483,31,1792514
14800,1792898,25,1792923
14801,1792931,8,1792939
14802,1793029,6,1793035
14803,1793077,15,1793092
14804,1793279,3,1793282
14805,1793327,49,1793376
14806,1793506,5,1793511
14807,1793882,20,1793902
14808,1793970,3,1793973
14809,1794072,3,1794075
14810,1794128,1,1794129
14811,1794142,7,1794149
14812,1794270,136,1794406
14813,1794459,8,1794467
14814,1794664,10,1794674
14815,1795053,22,1795075
14816,1795108,48,1795156
14817,1795200,33,1795233
14818,1795292,6,1795298
14819,1795318,4,1795322
14820,1795395,104,1795499
14821,1795682,3,1795685
14822,1795959,11,1795970
14823,1796189,72,1796261
14824,1796396,36,1796432
14825,1796434,9,1796443
14826,1796579,5,1796584
14827,1796592,5,1796597
14828,1796730,25,1796755
14829,1797146,20,1797166
14830,1797193,1,1797194
14831,1797235,38,1797273
14832,1797284,51,1797335
14833,1797398,25,1797423
14834,1797472,10,1797482
14835,1797529,25,1797554
14836,1797820,11,1797831
14837,1797847,12,1797859
14838,1797870,9,1797879
14839,1797993,63,1798056
14840,1798115,2,1798117
14841,1798159,17,1798176
14842,1798269,15,1798284
14843,1798322,13,1798335
14844,1798491,25,1798516
14845,1798621,33,1798654
14846,1798852,9,1798861
14847,1798893,45,1798938
14848,1799024,46,1799070
14849,1799105,6,1799111
14850,1799371,51,1799422
14851,1799491,63,1799554
14852,1799565,15,1799580
14853,1799593,47,1799640
14854,1799724,32,1799756
14855,1799943,6,1799949
14856,1799969,1,1799970
14857,1800037,1,1800038
14858,1800100,10,1800110
14859,1800345,12,1800357
14860,1800402,32,1800434
14861,1800602,2,1800604
14862,1800667,8,1800675
14863,1800692,1,1800693
14864,1800700,26,1800726
14865,1800770,14,1800784
14866,1800825,2,1800827
14867,1800858,4,1800862
14868,1801087,31,1801118
14869,1801169,1,1801170
14870,1801223,10,1801233
14871,1801272,23,1801295
14872,1801407,6,1801413
14873,1801456,5,1801461
14874,1801734,2,1801736
14875,1801768,33,1801801
14876,1801882,25,1801907
14877,1802151,2,1802153
14878,1802169,33,1802202
14879,1802546,25,1802571
14880,1802586,6,1802592
14881,1802615,5,1802620
14882,1802621,19,1802640
14883,1802663,45,1802708
14884,1802892,18,1802910
14885,1803314,5,1803319
14886,1803549,28,1803577
14887,1803606,4,1803610
14888,1803659,12,1803671
14889,1803847,13,1803860
14890,1803875,37,1803912
14891,1803915,17,1803932
14892,1803989,33,1804022
14893,1804069,1,1804070
14894,1804107,1,1804108
14895,1804147,14,1804161
14896,1804405,15,1804420
14897,1804483,37,1804520
14898,1804662,2,1804664
14899,1804675,52,1804727
14900,1804848,25,1804873
14901,1804906,16,1804922
14902,1804923,20,1804943
14903,1805027,1,1805028
14904,1805067,74,1805141
14905,1805311,18,1805329
14906,1805341,7,1805348
14907,1805362,24,1805386
14908,1805577,27,1805604
14909,1805653,3,1805656
14910,1805715,9,1805724
14911,1806094,52,1806146
14912,1806156,8,1806164
14913,1806217,1,1806218
14914,1806234,2,1806236
14915,1806346,24,1806370
14916,1806391,38,1806429
14917,1806541,3,1806544
14918,1806622,34,1806656
14919,1806665,20,1806685
14920,1806905,15,1806920
14921,1806967,11,1806978
14922,1807074,15,1807089
14923,1807401,16,1807417
14924,1807461,43,1807504
14925,1807537,21,1807558
14926,1807704,11,1807715
14927,1807780,2,1807782
14928,1807823,62,1807885
14929,1807919,22,1807941
14930,1808018,8,1808026
14931,1808045,3,1808048
14932,1808103,6,1808109
14933,1808125,4,1808129
14934,1808139,49,1808188
14935,1808225,62,1808287
14936,1808370,34,1808404
14937,1808471,1,1808472
14938,1808504,3,1808507
14939,1808806,20,1808826
14940,1808837,25,1808862
14941,1809043,11,1809054
14942,1809174,4,1809178
14943,1809252,66,1809318
14944,1809452,79,1809531
14945,1809591,18,1809609
14946,1809777,39,1809816
14947,1809979,2,1809981
14948,1810345,2,1810347
14949,1810629,9,1810638
14950,1810804,50,1810854
14951,1810958,27,1810985
14952,1811036,17,1811053
14953,1811272,3,1811275
14954,1811296,2,1811298
14955,1811334,18,1811352
14956,1811515,3,1811518
14957,1811743,25,1811768
14958,1811816,18,1811834
14959,1811868,37,1811905
14960,1812189,11,1812200
14961,1812202,12,1812214
14962,1812222,8,1812230
14963,1812270,11,1812281
14964,1812314,27,1812341
14965,1812472,26,1812498
14966,1812627,2,1812629
14967,1812747,16,1812763
14968,1812818,12,1812830
14969,1812838,9,1812847
14970,1813101,25,1813126
14971,1813135,21,1813156
14972,1813159,15,1813174
14973,1813179,10,1813189
14974,1813270,1,1813271
14975,1813357,56,1813413
14976,1813524,1,1813525
14977,1813665,6,1813671
14978,1814004,2,1814006
14979,1814199,57,1814256
14980,1814329,3,1814332
14981,1814399,7,1814406
14982,1814519,16,1814535
14983,1814541,76,1814617
14984,1814776,22,1814798
14985,1815210,19,1815229
14986,1815282,18,1815300
14987,1815465,24,1815489
14988,1815603,2,1815605
14989,1815889,16,1815905
14990,1816004,32,1816036
14991,1816282,6,1816288
14992,1816337,10,1816347
14993,1816364,23,1816387
14994,1816423,41,1816464
14995,1816527,4,1816531
14996,1816555,1,1816556
14997,1816634,34,1816668
14998,1816680,42,1816722
14999,1816761,75,1816836
15000,1817125,14,1817139
15001,1817158,38,1817196
15002,1817239,14,1817253
15003,1817449,1,1817450
15004,1817584,20,1817604
15005,1817682,36,1817718
15006,1817742,7,1817749
15007,1817900,7,1817907
15008,1818059,16,1818075
15009,1818161,3,1818164
15010,1818280,8,1818288
15011,1818343,3,1818346
15012,1818520,41,1818561
15013,1818747,11,1818758
15014,1818789,14,1818803
15015,1819143,41,1819184
15016,1819328,21,1819349
15017,1819376,17,1819393
15018,1819498,25,1819523
15019,1819619,8,1819627
15020,1819705,101,1819806
15021,1819872,11,1819883
15022,1820126,34,1820160
15023,1820405,5,1820410
15024,1820411,6,1820417
15025,1820490,10,1820500
15026,1820577,5,1820582
15027,1820719,12,1820731
15028,1820853,14,1820867
15029,1820942,49,1820991
15030,1821046,50,1821096
15031,1821179,7,1821186
15032,1821235,7,1821242
15033,1821358,13,1821371
15034,1821379,35,1821414
15035,1821482,19,1821501
15036,1821625,22,1821647
15037,1821787,19,1821806
15038,1821971,2,1821973
15039,1822039,17,1822056
15040,1822326,94,1822420
15041,1822478,14,1822492
15042,1822499,9,1822508
15043,1822568,25,1822593
15044,1822713,40,1822753
15045,1822755,2,1822757
15046,1823292,2,1823294
15047,1823323,28,1823351
15048,1823520,2,1823522
15049,1823986,50,1824036
15050,1824048,25,1824073
15051,1824125,24,1824149
15052,1824222,22,1824244
15053,1824369,5,1824374
15054,1824475,23,1824498
15055,1824511,17,1824528
15056,1824656,4,1824660
15057,1824743,2,1824745
15058,1824841,11,1824852
15059,1825060,9,1825069
15060,1825197,39,1825236
15061,1825256,13,1825269
15062,1825281,8,1825289
15063,1825295,2,1825297
15064,1825324,13,1825337
15065,1825358,28,1825386
15066,1825429,28,1825457
15067,1825822,1,1825823
15068,1826080,9,1826089
15069,1826109,1,1826110
15070,1826174,6,1826180
15071,1826249,15,1826264
15072,1826358,16,1826374
15073,1826473,4,1826477
15074,1826631,22,1826653
15075,1827087,5,1827092
15076,1827154,17,1827171
15077,1827354,14,1827368
15078,1827413,2,1827415
15079,1827467,33,1827500
15080,1827609,72,1827681
15081,1827727,12,1827739
15082,1827800,33,1827833
15083,1827891,8,1827899
15084,1828133,2,1828135
15085,1828185,13,1828198
15086,1828399,7,1828406
15087,1828508,130,1828638
15088,1828966,4,1828970
15089,1828989,16,1829005
15090,1829009,4,1829013
15091,1829134,12,1829146
15092,1829147,5,1829152
15093,1829282,1,1829283
15094,1830041,10,1830051
15095,1830130,11,1830141
15096,1830324,1,1830325
15097,1830475,18,1830493
15098,1830781,2,1830783
15099,1830855,5,1830860
15100,1830893,15,1830908
15101,1831093,13,1831106
15102,1831313,6,1831319
15103,1831356,24,1831380
15104,1831474,6,1831480
15105,1831589,17,1831606
15106,1831755,49,1831804
15107,1831864,14,1831878
15108,1832035,72,1832107
15109,1832143,33,1832176
15110,1832472,9,1832481
15111,1832709,11,1832720
15112,1832736,1,1832737
15113,1833004,26,1833030
15114,1833158,8,1833166
15115,1833295,14,1833309
15116,1833339,19,1833358
15117,1833371,55,1833426
15118,1833598,37,1833635
15119,1833820,2,1833822
15120,1833967,12,1833979
15121,1834280,18,1834298
15122,1834314,7,1834321
15123,1834388,11,1834399
15124,1834408,2,1834410
15125,1834563,3,1834566
15126,1834663,4,1834667
15127,1834676,3,1834679
15128,1834780,50,1834830
15129,1834971,21,1834992
15130,1835039,10,1835049
15131,1835233,6,1835239
15132,1835279,11,1835290
15133,1835295,23,1835318
15134,1835378,9,1835387
15135,1835388,15,1835403
15136,1835561,30,1835591
15137,1835624,58,1835682
15138,1835817,85,1835902
15139,1836064,10,1836074
15140,1836258,7,1836265
15141,1836272,18,1836290
15142,1836396,13,1836409
15143,1836939,17,1836956
15144,1837141,2,1837143
15145,1837173,15,1837188
15146,1837232,2,1837234
15147,1837349,11,1837360
15148,1837542,92,1837634
15149,1837641,3,1837644
15150,1837703,11,1837714
15151,1837785,5,1837790
15152,1837862,5,1837867
15153,1837892,7,1837899
15154,1837939,6,1837945
15155,1837954,9,1837963
15156,1837995,14,1838009
15157,1838026,2,1838028
15158,1838301,35,1838336
15159,1838354,4,1838358
15160,1838442,41,1838483
15161,1838647,10,1838657
15162,1838727,70,1838797
15163,1838957,19,1838976
15164,1839020,8,1839028
15165,1839031,38,1839069
15166,1839157,15,1839172
15167,1839252,16,1839268
15168,1839297,3,1839300
15169,1839463,29,1839492
15170,1839794,5,1839799
15171,1839838,33,1839871
15172,1840015,31,1840046
15173,1840196,11,1840207
15174,1840344,27,1840371
15175,1840541,16,1840557
15176,1840642,26,1840668
15177,1840691,3,1840694
15178,1840793,8,1840801
15179,1840820,39,1840859
15180,1840861,13,1840874
15181,1840877,25,1840902
15182,1840905,51,1840956
15183,1841095,11,1841106
15184,1841163,11,1841174
15185,1841270,32,1841302
15186,1841338,21,1841359
15187,1841557,54,1841611
15188,1841783,62,1841845
15189,1841878,16,1841894
15190,1841951,6,1841957
15191,1842067,53,1842120
15192,1842131,16,1842147
15193,1842254,6,1842260
15194,1842328,20,1842348
15195,1842349,116,1842465
15196,1842692,10,1842702
15197,1842864,2,1842866
15198,1842876,19,1842895
15199,1843361,7,1843368
15200,1843670,9,1843679
15201,1843765,3,1843768
15202,1843779,36,1843815
15203,1843977,53,1844030
15204,1844220,38,1844258
15205,1844317,1,1844318
15206,1844321,5,1844326
15207,1844369,11,1844380
15208,1844483,14,1844497
15209,1844538,17,1844555
15210,1844670,77,1844747
15211,1844756,16,1844772
15212,1844775,4,1844779
15213,1844895,54,1844949
15214,1845026,72,1845098
15215,1845378,1,1845379
15216,1845497,8,1845505
15217,1845560,31,1845591
15218,1845731,40,1845771
15219,1845774,51,1845825
15220,1845846,35,1845881
15221,1845958,22,1845980
15222,1846075,20,1846095
15223,1846141,5,1846146
15224,1846223,89,1846312
15225,1846332,24,1846356
15226,1846360,22,1846382
15227,1846424,17,1846441
15228,1846460,2,1846462
15229,1846516,50,1846566
15230,1846598,47,1846645
15231,1847168,2,1847170
15232,1847351,56,1847407
15233,1847577,3,1847580
15234,1847591,52,1847643
15235,1847705,6,1847711
15236,1847760,21,1847781
15237,1848004,29,1848033
15238,1848047,4,1848051
15239,1848249,20,1848269
15240,1848355,28,1848383
15241,1848447,31,1848478
15242,1848607,44,1848651
15243,1848821,19,1848840
15244,1849135,9,1849144
15245,1849171,5,1849176
15246,1849321,17,1849338
15247,1849469,17,1849486
15248,1849538,30,1849568
15249,1849569,54,1849623
15250,1849649,30,1849679
15251,1849681,7,1849688
15252,1849712,3,1849715
15253,1849738,39,1849777
15254,1849829,4,1849833
15255,1849844,8,1849852
15256,1850000,4,1850004
15257,1850053,5,1850058
15258,1850068,13,1850081
15259,1850084,6,1850090
15260,1850140,47,1850187
15261,1850334,8,1850342
15262,1850364,17,1850381
15263,1850472,26,1850498
15264,1850670,31,1850701
15265,1850759,12,1850771
15266,1850910,8,1850918
15267,1850982,9,1850991
15268,1851083,3,1851086
15269,1851135,28,1851163
15270,1851356,29,1851385
15271,1851528,106,1851634
15272,1851701,43,1851744
15273,1851772,21,1851793
15274,1851950,19,1851969
15275,1852252,21,1852273
15276,1852290,24,1852314
15277,1852410,7,1852417
15278,1852506,27,1852533
15279,1852812,5,1852817
15280,1853059,7,1853066
15281,1853184,9,1853193
15282,1853205,5,1853210
15283,1853392,19,1853411
15284,1853418,2,1853420
15285,1853681,23,1853704
15286,1853717,24,1853741
15287,1853800,61,1853861
15288,1853867,5,1853872
15289,1854078,5,1854083
15290,1854126,6,1854132
15291,1854152,34,1854186
15292,1854288,11,1854299
15293,1854372,1,1854373
15294,1854469,33,1854502
15295,1854506,6,1854512
15296,1854616,31,1854647
15297,1854974,7,1854981
15298,1855000,1,1855001
15299,1855113,11,1855124
15300,1855199,27,1855226
15301,1855573,9,1855582
15302,1855666,24,1855690
15303,1855727,5,1855732
15304,1855770,5,1855775
15305,1856084,2,1856086
15306,1856382,21,1856403
15307,1856417,2,1856419
15308,1856489,44,1856533
15309,1856548,14,1856562
15310,1856627,1,1856628
15311,1856801,12,1856813
15312,1856854,37,1856891
15313,1856923,11,1856934
15314,1856952,4,1856956
15315,1856986,18,1857004
15316,1857224,19,1857243
15317,1857355,19,1857374
15318,1857537,81,1857618
15319,1857694,17,1857711
15320,1857903,4,1857907
15321,1857954,18,1857972
15322,1858074,1,1858075
15323,1858265,13,1858278
15324,1858307,8,1858315
15325,1858394,22,1858416
15326,1858547,21,1858568
15327,1858617,1,1858618
15328,1858855,4,1858859
15329,1858999,32,1859031
15330,1859120,4,1859124
15331,1859291,21,1859312
15332,1859326,1,1859327
15333,1859382,3,1859385
15334,1859453,30,1859483
15335,1859896,11,1859907
15336,1860197,5,1860202
15337,1860226,25,1860251
15338,1860305,17,1860322
15339,1860373,32,1860405
15340,1860495,2,1860497
15341,1860511,61,1860572
15342,1860588,34,1860622
15343,1860686,9,1860695
15344,1860760,4,1860764
15345,1860878,65,1860943
15346,1861007,14,1861021
15347,1861062,13,1861075
15348,1861079,81,1861160
15349,1861163,16,1861179
15350,1861204,29,1861233
15351,1861262,16,1861278
15352,1861354,4,1861358
15353,1861416,3,1861419
15354,1861457,5,1861462
15355,1861468,65,1861533
15356,1861660,45,1861705
15357,1861830,3,1861833
15358,1861880,4,1861884
15359,1862032,3,1862035
15360,1862231,34,1862265
15361,1862802,28,1862830
15362,1863402,13,1863415
15363,1863591,22,1863613
15364,1863657,48,1863705
15365,1863742,24,1863766
15366,1863955,22,1863977
15367,1864017,29,1864046
15368,1864134,4,1864138
15369,1864531,5,1864536
15370,1864658,1,1864659
15371,1864722,7,1864729
15372,1864946,30,1864976
15373,1865171,11,1865182
15374,1865280,29,1865309
15375,1865347,40,1865387
15376,1865757,59,1865816
15377,1865886,5,1865891
15378,1865922,4,1865926
15379,1865994,50,1866044
15380,1866214,3,1866217
15381,1866235,9,1866244
15382,1866371,17,1866388
15383,1866592,64,1866656
15384,1866682,10,1866692
15385,1866819,7,1866826
15386,1866923,3,1866926
15387,1866951,24,1866975
15388,1866996,29,1867025
15389,1867048,13,1867061
15390,1867325,8,1867333
15391,1867530,10,1867540
15392,1867691,4,1867695
15393,1867852,35,1867887
15394,1867974,2,1867976
15395,1867979,10,1867989
15396,1867999,22,1868021
15397,1868128,1,1868129
15398,1868132,9,1868141
15399,1868175,21,1868196
15400,1868303,7,1868310
15401,1868411,1,1868412
15402,1868594,28,1868622
15403,1868635,7,1868642
15404,1868660,44,1868704
15405,1868827,3,1868830
15406,1868951,2,1868953
15407,1869180,6,1869186
15408,1869397,9,1869406
15409,1869483,27,1869510
15410,1869526,8,1869534
15411,1869868,10,1869878
15412,1869952,4,1869956
15413,1870069,45,1870114
15414,1870158,26,1870184
15415,1870209,11,1870220
15416,1870361,20,1870381
15417,1870407,71,1870478
15418,1870735,26,1870761
15419,1870775,17,1870792
15420,1870912,3,1870915
15421,1871173,3,1871176
15422,1871187,1,1871188
15423,1871265,19,1871284
15424,1871322,32,1871354
15425,1871527,14,1871541
15426,1871827,14,1871841
15427,1871844,78,1871922
15428,1871975,16,1871991
15429,1872031,1,1872032
15430,1872142,19,1872161
15431,1872209,6,1872215
15432,1872273,1,1872274
15433,1872296,52,1872348
15434,1872373,5,1872378
15435,1872442,14,1872456
15436,1872526,1,1872527
15437,1872710,8,1872718
15438,1872929,8,1872937
15439,1873037,18,1873055
15440,1873337,8,1873345
15441,1873377,12,1873389
15442,1873446,19,1873465
15443,1873545,9,1873554
15444,1873569,13,1873582
15445,1873699,7,1873706
15446,1873964,22,1873986
15447,1874378,3,1874381
15448,1874406,2,1874408
15449,1874821,20,1874841
15450,1874870,16,1874886
15451,1874902,24,1874926
15452,1875132,9,1875141
15453,1875361,11,1875372
15454,1875388,3,1875391
15455,1875393,3,1875396
15456,1875495,20,1875515
15457,1875608,1,1875609
15458,1875723,22,1875745
15459,1875802,17,1875819
15460,1876128,2,1876130
15461,1876138,2,1876140
15462,1876569,4,1876573
15463,1876584,29,1876613
15464,1876618,13,1876631
15465,1876917,19,1876936
15466,1876964,8,1876972
15467,1876982,14,1876996
15468,1877027,2,1877029
15469,1877116,1,1877117
15470,1877200,8,1877208
15471,1877227,14,1877241
15472,1877311,6,1877317
15473,1877416,48,1877464
15474,1877623,22,1877645
15475,1877702,12,1877714
15476,1877722,15,1877737
15477,1877918,3,1877921
15478,1877987,15,1878002
15479,1878338,86,1878424
15480,1878559,40,1878599
15481,1878628,4,1878632
15482,1878694,26,1878720
15483,1878722,2,1878724
15484,1878888,14,1878902
15485,1878939,25,1878964
15486,1879284,37,1879321
15487,1879689,8,1879697
15488,1879815,21,1879836
15489,1879841,7,1879848
15490,1879910,5,1879915
15491,1880007,5,1880012
15492,1880164,12,1880176
15493,1880254,28,1880282
15494,1880565,2,1880567
15495,1880573,27,1880600
15496,1880737,16,1880753
15497,1880805,108,1880913
15498,1880990,4,1880994
15499,1881172,56,1881228
15500,1881335,23,1881358
15501,1881373,3,1881376
15502,1881414,1,1881415
15503,1881463,74,1881537
15504,1881545,8,1881553
15505,1881559,19,1881578
15506,1881585,26,1881611
15507,1881802,50,1881852
15508,1881891,19,1881910
15509,1882033,37,1882070
15510,1882075,38,1882113
15511,1882457,8,1882465
15512,1882473,21,1882494
15513,1882576,45,1882621
15514,1882675,14,1882689
15515,1882834,3,1882837
15516,1883197,9,1883206
15517,1883218,42,1883260
15518,1883273,30,1883303
15519,1883305,4,1883309
15520,1883343,29,1883372
15521,1883561,4,1883565
15522,1883594,2,1883596
15523,1883622,15,1883637
15524,1883880,36,1883916
15525,1884128,9,1884137
15526,1884302,24,1884326
15527,1884360,56,1884416
15528,1884547,7,1884554
15529,1884599,2,1884601
15530,1884693,21,1884714
15531,1884742,18,1884760
15532,1884763,17,1884780
15533,1884863,2,1884865
15534,1884895,3,1884898
15535,1884901,14,1884915
15536,1885111,8,1885119
15537,1885143,35,1885178
15538,1885377,7,1885384
15539,1885393,43,1885436
15540,1885604,25,1885629
15541,1885725,18,1885743
15542,1885815,1,1885816
15543,1885838,13,1885851
15544,1885933,1,1885934
15545,1885981,1,1885982
15546,1886059,76,1886135
15547,1886204,11,1886215
15548,1886445,45,1886490
15549,1886563,2,1886565
15550,1886607,8,1886615
15551,1886624,15,1886639
15552,1886667,11,1886678
15553,1886688,2,1886690
15554,1886762,62,1886824
15555,1886889,60,1886949
15556,1886963,3,1886966
15557,1887078,6,1887084
15558,1887262,35,1887297
15559,1887399,18,1887417
15560,1887553,22,1887575
15561,1887896,8,1887904
15562,1887962,2,1887964
15563,1888008,5,1888013
15564,1888039,63,1888102
15565,1888148,12,1888160
15566,1888215,35,1888250
15567,1888554,5,1888559
15568,1888636,9,1888645
15569,1888702,27,1888729
15570,1888746,20,1888766
15571,1888988,21,1889009
15572,1889087,20,1889107
15573,1889319,2,1889321
15574,1889381,40,1889421
15575,1889623,3,1889626
15576,1889730,38,1889768
15577,1889812,79,1889891
15578,1890014,51,1890065
15579,1890143,31,1890174
15580,1890288,34,1890322
15581,1890456,9,1890465
15582,1890491,33,1890524
15583,1890564,11,1890575
15584,1890712,24,1890736
15585,1890838,9,1890847
15586,1890885,2,1890887
15587,1890999,17,1891016
15588,1891051,28,1891079
15589,1891098,1,1891099
15590,1891164,1,1891165
15591,1891423,1,1891424
15592,1891518,17,1891535
15593,1891690,12,1891702
15594,1891715,15,1891730
15595,1891815,28,1891843
15596,1891853,22,1891875
15597,1891911,12,1891923
15598,1892110,34,1892144
15599,1892309,51,1892360
15600,1892403,11,1892414
15601,1892499,23,1892522
15602,1892701,38,1892739
15603,1893062,9,1893071
15604,1893142,6,1893148
15605,1893170,35,1893205
15606,1893206,27,1893233
15607,1893331,9,1893340
15608,1893360,64,1893424
15609,1893737,20,1893757
15610,1893908,16,1893924
15611,1894264,21,1894285
15612,1894301,72,1894373
15613,1894465,17,1894482
15614,1894550,10,1894560
15615,1894754,18,1894772
15616,1894803,35,1894838
15617,1894844,1,1894845
15618,1894896,50,1894946
15619,1895081,50,1895131
15620,1895139,23,1895162
15621,1895173,3,1895176
15622,1895280,22,1895302
15623,1895312,29,1895341
15624,1895500,49,1895549
15625,1895636,6,1895642
15626,1895980,15,1895995
15627,1896072,23,1896095
15628,1896168,15,1896183
15629,1896243,13,1896256
15630,1896303,24,1896327
15631,1896388,6,1896394
15632,1896476,32,1896508
15633,1896550,21,1896571
15634,1896575,2,1896577
15635,1896660,3,1896663
15636,1896735,25,1896760
15637,1896762,25,1896787
15638,1896839,31,1896870
15639,1896943,11,1896954
15640,1897031,25,1897056
15641,1897155,20,1897175
15642,1897186,33,1897219
15643,1897272,29,1897301
15644,1897372,11,1897383
15645,1897394,29,1897423
15646,1897523,14,1897537
15647,1897596,22,1897618
15648,1897677,18,1897695
15649,1897718,16,1897734
15650,1897755,16,1897771
15651,1897896,44,1897940
15652,1898012,29,1898041
15653,1898232,1,1898233
15654,1898297,1,1898298
15655,1898343,17,1898360
15656,1898422,38,1898460
15657,1898515,5,1898520
15658,1898522,3,1898525
15659,1898548,7,1898555
15660,1898626,29,1898655
15661,1898790,11,1898801
15662,1898923,25,1898948
15663,1898955,54,1899009
15664,1899099,8,1899107
15665,1899112,1,1899113
15666,1899213,15,1899228
15667,1899229,123,1899352
15668,1899361,13,1899374
15669,1899507,27,1899534
15670,1899908,1,1899909
15671,1899929,5,1899934
15672,1900119,14,1900133
15673,1900167,1,1900168
15674,1900214,17,1900231
15675,1900244,3,1900247
15676,1900248,2,1900250
15677,1900253,14,1900267
15678,1900269,5,1900274
15679,1900401,18,1900419
15680,1900470,3,1900473
15681,1900563,15,1900578
15682,1900799,2,1900801
15683,1900950,15,1900965
15684,1901221,10,1901231
15685,1901249,7,1901256
15686,1901322,18,1901340
15687,1901350,20,1901370
15688,1901385,10,1901395
15689,1901428,102,1901530
15690,1901593,8,1901601
15691,1901605,20,1901625
15692,1901752,5,1901757
15693,1901856,20,1901876
15694,1901938,9,1901947
15695,1901952,12,1901964
15696,1901988,18,1902006
15697,1902030,2,1902032
15698,1902061,14,1902075
15699,1902094,49,1902143
15700,1902207,6,1902213
15701,1902216,11,1902227
15702,1902259,5,1902264
15703,1902289,19,1902308
15704,1902448,9,1902457
15705,1902812,26,1902838
15706,1902918,28,1902946
15707,1902977,15,1902992
15708,1903014,3,1903017
15709,1903291,17,1903308
15710,1903350,21,1903371
15711,1903416,10,1903426
15712,1903454,12,1903466
15713,1903538,4,1903542
15714,1903585,29,1903614
15715,1903744,38,1903782
15716,1903925,17,1903942
15717,1903986,3,1903989
15718,1904010,4,1904014
15719,1904021,23,1904044
15720,1904046,7,1904053
15721,1904126,16,1904142
15722,1904159,6,1904165
15723,1904247,30,1904277
15724,1904304,11,1904315
15725,1904342,27,1904369
15726,1904572,15,1904587
15727,1904803,4,1904807
15728,1904845,20,1904865
15729,1904903,27,1904930
15730,1905125,13,1905138
15731,1905156,6,1905162
15732,1905463,14,1905477
15733,1905503,22,1905525
15734,1905548,17,1905565
15735,1905626,12,1905638
15736,1905666,3,1905669
15737,1905692,5,1905697
15738,1905730,2,1905732
15739,1905797,53,1905850
15740,1905891,7,1905898
15741,1906205,29,1906234
15742,1906382,23,1906405
15743,1906692,43,1906735
15744,1906740,6,1906746
15745,1906788,29,1906817
15746,1906866,1,1906867
15747,1906933,6,1906939
15748,1907312,11,1907323
15749,1907480,43,1907523
15750,1907565,4,1907569
15751,1907618,73,1907691
15752,1907711,35,1907746
15753,1907925,3,1907928
15754,1907939,107,1908046
15755,1908125,86,1908211
15756,1908355,5,1908360
15757,1908403,23,1908426
15758,1908473,67,1908540
15759,1908669,19,1908688
15760,1908741,12,1908753
15761,1908764,13,1908777
15762,1909003,15,1909018
15763,1909093,5,1909098
15764,1909265,2,1909267
15765,1909400,4,1909404
15766,1909477,13,1909490
15767,1909607,18,1909625
15768,1909633,23,1909656
15769,1909791,23,1909814
15770,1909843,15,1909858
15771,1909917,17,1909934
15772,1909999,9,1910008
15773,1910284,2,1910286
15774,1910556,6,1910562
15775,1910616,18,1910634
15776,1910976,3,1910979
15777,1911052,28,1911080
15778,1911325,6,1911331
15779,1911348,5,1911353
15780,1911393,28,1911421
15781,1911707,27,1911734
15782,1911791,4,1911795
15783,1911953,25,1911978
15784,1912154,6,1912160
15785,1912335,17,1912352
15786,1912471,19,1912490
15787,1912567,8,1912575
15788,1912646,9,1912655
15789,1912720,46,1912766
15790,1913273,10,1913283
15791,1913295,3,1913298
15792,1913417,47,1913464
15793,1913529,40,1913569
15794,1913788,30,1913818
15795,1914046,13,1914059
15796,1914117,1,1914118
15797,1914215,21,1914236
15798,1914307,6,1914313
15799,1914344,59,1914403
15800,1914458,13,1914471
15801,1914486,6,1914492
15802,1914654,32,1914686
15803,1914904,8,1914912
15804,1914914,32,1914946
15805,1915169,18,1915187
15806,1915203,14,1915217
15807,1915487,17,1915504
15808,1915505,4,1915509
15809,1915539,27,1915566
15810,1915631,37,1915668
15811,1915691,35,1915726
15812,1915753,91,1915844
15813,1915845,42,1915887
15814,1916093,17,1916110
15815,1916371,14,1916385
15816,1916556,16,1916572
15817,1916721,13,1916734
15818,1916787,25,1916812
15819,1916891,9,1916900
15820,1916920,14,1916934
15821,1917021,35,1917056
15822,1917094,24,1917118
15823,1917165,1,1917166
15824,1917329,13,1917342
15825,1917412,6,1917418
15826,1917465,9,1917474
15827,1917523,45,1917568
15828,1917583,6,1917589
15829,1917616,37,1917653
15830,1917676,78,1917754
15831,1917902,20,1917922
15832,1918018,24,1918042
15833,1918136,53,1918189
15834,1918765,38,1918803
15835,1918864,10,1918874
15836,1918905,18,1918923
15837,1919401,3,1919404
15838,1919520,53,1919573
15839,1919595,63,1919658
15840,1919748,10,1919758
15841,1919767,55,1919822
15842,1919954,7,1919961
15843,1920152,5,1920157
15844,1920358,4,1920362
15845,1920522,16,1920538
15846,1920684,18,1920702
15847,1920776,24,1920800
15848,1920831,4,1920835
15849,1921109,16,1921125
15850,1921331,3,1921334
15851,1921390,16,1921406
15852,1921482,4,1921486
15853,1921490,1,1921491
15854,1921522,6,1921528
15855,1921565,22,1921587
15856,1921733,7,1921740
15857,1921857,5,1921862
15858,1921892,34,1921926
15859,1922081,1,1922082
15860,1922236,13,1922249
15861,1922424,36,1922460
15862,1922468,52,1922520
15863,1922531,21,1922552
15864,1922634,3,1922637
15865,1922690,6,1922696
15866,1922920,39,1922959
15867,1923066,30,1923096
15868,1923278,64,1923342
15869,1923382,13,1923395
15870,1923480,28,1923508
15871,1923557,17,1923574
15872,1923811,13,1923824
15873,1923942,20,1923962
15874,1924018,8,1924026
15875,1924095,32,1924127
15876,1924233,12,1924245
15877,1924328,2,1924330
15878,1924615,2,1924617
15879,1924877,20,1924897
15880,1924944,27,1924971
15881,1925033,3,1925036
15882,1925039,42,1925081
15883,1925304,19,1925323
15884,1925368,22,1925390
15885,1925397,86,1925483
15886,1925484,46,1925530
15887,1925535,19,1925554
15888,1925687,20,1925707
15889,1925865,9,1925874
15890,1925892,47,1925939
15891,1925964,43,1926007
15892,1926020,30,1926050
15893,1926407,12,1926419
15894,1926469,10,1926479
15895,1926517,5,1926522
15896,1926614,16,1926630
15897,1926856,5,1926861
15898,1926924,27,1926951
15899,1927060,65,1927125
15900,1927208,13,1927221
15901,1927397,6,1927403
15902,1927460,10,1927470
15903,1927604,47,1927651
15904,1927654,18,1927672
15905,1927684,3,1927687
15906,1927755,16,1927771
15907,1927793,9,1927802
15908,1927959,3,1927962
15909,1928155,15,1928170
15910,1928226,7,1928233
15911,1928260,2,1928262
15912,1928280,44,1928324
15913,1928359,2,1928361
15914,1928418,4,1928422
15915,1928798,11,1928809
15916,1928819,41,1928860
15917,1928965,2,1928967
15918,1928988,5,1928993
15919,1929044,18,1929062
15920,1929213,43,1929256
15921,1929257,10,1929267
15922,1929778,22,1929800
15923,1929846,4,1929850
15924,1930143,6,1930149
15925,1930299,136,1930435
15926,1930557,96,1930653
15927,1930773,10,1930783
15928,1930788,5,1930793
15929,1930834,3,1930837
15930,1930843,21,1930864
15931,1931131,47,1931178
15932,1931181,63,1931244
15933,1931336,3,1931339
15934,1931570,56,1931626
15935,1931653,10,1931663
15936,1931780,3,1931783
15937,1931803,64,1931867
15938,1931945,61,1932006
15939,1932061,48,1932109
15940,1932421,2,1932423
15941,1932624,14,1932638
15942,1932713,8,1932721
15943,1932771,2,1932773
15944,1932907,21,1932928
15945,1932984,28,1933012
15946,1933265,7,1933272
15947,1933289,22,1933311
15948,1933384,50,1933434
15949,1933649,15,1933664
15950,1933725,11,1933736
15951,1933797,23,1933820
15952,1933973,20,1933993
15953,1934179,7,1934186
15954,1934213,5,1934218
15955,1934297,43,1934340
15956,1934403,84,1934487
15957,1934620,15,1934635
15958,1934761,12,1934773
15959,1934871,15,1934886
15960,1934902,3,1934905
15961,1934948,35,1934983
15962,1934989,15,1935004
15963,1935129,43,1935172
15964,1935662,2,1935664
15965,1935866,8,1935874
15966,1935942,25,1935967
15967,1936063,40,1936103
15968,1936294,8,1936302
15969,1936610,5,1936615
15970,1936819,5,1936824
15971,1936847,6,1936853
15972,1936883,16,1936899
15973,1936975,29,1937004
15974,1937032,27,1937059
15975,1937322,5,1937327
15976,1937341,13,1937354
15977,1937368,17,1937385
15978,1937403,1,1937404
15979,1937577,25,1937602
15980,1938049,5,1938054
15981,1938321,11,1938332
15982,1938377,50,1938427
15983,1938615,9,1938624
15984,1938686,16,1938702
15985,1938950,26,1938976
15986,1939141,4,1939145
15987,1939449,17,1939466
15988,1939489,2,1939491
15989,1939531,13,1939544
15990,1939551,79,1939630
15991,1939673,10,1939683
15992,1939704,1,1939705
15993,1939753,11,1939764
15994,1939795,7,1939802
15995,1939891,21,1939912
15996,1939955,3,1939958
15997,1939974,8,1939982
15998,1940018,1,1940019
15999,1940034,32,1940066
16000,1940276,10,1940286
16001,1940392,1,1940393
16002,1940501,10,1940511
16003,1940514,1,1940515
16004,1940522,1,1940523
16005,1940539,7,1940546
16006,1940671,13,1940684
16007,1940777,6,1940783
16008,1940804,69,1940873
16009,1940893,14,1940907
16010,1940933,24,1940957
16011,1941004,1,1941005
16012,1941179,25,1941204
16013,1941246,10,1941256
16014,1941265,6,1941271
16015,1941315,1,1941316
16016,1941464,21,1941485
16017,1941545,6,1941551
16018,1941559,28,1941587
16019,1941589,13,1941602
16020,1941843,29,1941872
16021,1941998,11,1942009
16022,1942061,8,1942069
16023,1942158,4,1942162
16024,1942254,38,1942292
16025,1942414,2,1942416
16026,1942439,6,1942445
16027,1942468,62,1942530
16028,1942536,5,1942541
16029,1942590,60,1942650
16030,1942725,19,1942744
16031,1942783,44,1942827
16032,1943312,1,1943313
16033,1943359,3,1943362
16034,1943375,13,1943388
16035,1943407,16,1943423
16036,1943488,32,1943520
16037,1943545,11,1943556
16038,1943608,8,1943616
16039,1943845,28,1943873
16040,1943931,13,1943944
16041,1944017,19,1944036
16042,1944099,16,1944115
16043,1944123,5,1944128
16044,1944179,10,1944189
16045,1944335,11,1944346
16046,1944383,4,1944387
16047,1944620,3,1944623
16048,1944690,37,1944727
16049,1944736,23,1944759
16050,1944799,12,1944811
16051,1944878,3,1944881
16052,1944950,5,1944955
16053,1945058,3,1945061
16054,1945098,7,1945105
16055,1945127,44,1945171
16056,1945207,28,1945235
16057,1945248,15,1945263
16058,1945288,6,1945294
16059,1945321,54,1945375
16060,1945489,9,1945498
16061,1945912,17,1945929
16062,1945944,2,1945946
16063,1946114,11,1946125
16064,1946203,1,1946204
16065,1946289,17,1946306
16066,1946569,16,1946585
16067,1946613,16,1946629
16068,1946686,32,1946718
16069,1946788,1,1946789
16070,1946970,14,1946984
16071,1947016,4,1947020
16072,1947309,17,1947326
16073,1947379,2,1947381
16074,1947453,19,1947472
16075,1947479,13,1947492
16076,1947523,63,1947586
16077,1947593,23,1947616
16078,1947629,9,1947638
16079,1947674,2,1947676
16080,1947742,4,1947746
16081,1947768,27,1947795
16082,1947874,5,1947879
16083,1948028,17,1948045
16084,1948062,11,1948073
16085,1948089,26,1948115
16086,1948173,14,1948187
16087,1948199,9,1948208
16088,1948328,30,1948358
16089,1948433,23,1948456
16090,1948507,10,1948517
16091,1948597,19,1948616
16092,1948622,39,1948661
16093,1948778,6,1948784
16094,1948888,47,1948935
16095,1948985,15,1949000
16096,1949109,28,1949137
16097,1949155,9,1949164
16098,1949222,22,1949244
16099,1949587,2,1949589
16100,1949833,18,1949851
16101,1949950,36,1949986
16102,1950468,29,1950497
16103,1950680,18,1950698
16104,1950744,8,1950752
16105,1951070,12,1951082
16106,1951084,18,1951102
16107,1951114,10,1951124
16108,1951156,31,1951187
16109,1951189,2,1951191
16110,1951488,16,1951504
16111,1951772,7,1951779
16112,1951781,51,1951832
16113,1951997,17,1952014
16114,1952045,13,1952058
16115,1952122,30,1952152
16116,1952225,12,1952237
16117,1952451,15,1952466
16118,1952519,13,1952532
16119,1952569,33,1952602
16120,1952661,18,1952679
16121,1952709,16,1952725
16122,1952773,16,1952789
16123,1952998,38,1953036
16124,1953074,18,1953092
16125,1953178,4,1953182
16126,1953270,4,1953274
16127,1953392,1,1953393
16128,1953591,23,1953614
16129,1953637,7,1953644
16130,1953698,8,1953706
16131,1953924,90,1954014
16132,1954031,6,1954037
16133,1954179,19,1954198
16134,1954411,12,1954423
16135,1954712,13,1954725
16136,1954730,11,1954741
16137,1954755,49,1954804
16138,1954841,10,1954851
16139,1955294,5,1955299
16140,1955630,2,1955632
16141,1955676,23,1955699
16142,1955727,2,1955729
16143,1955918,26,1955944
16144,1956061,10,1956071
16145,1956131,25,1956156
16146,1956212,20,1956232
16147,1956316,32,1956348
16148,1956387,6,1956393
16149,1956546,4,1956550
16150,1956788,18,1956806
16151,1956850,5,1956855
16152,1956932,25,1956957
16153,1957108,10,1957118
16154,1957202,16,1957218
16155,1957266,6,1957272
16156,1957344,30,1957374
16157,1957682,13,1957695
16158,1957712,43,1957755
16159,1957758,31,1957789
16160,1957882,11,1957893
16161,1958017,4,1958021
16162,1958084,20,1958104
16163,1958125,27,1958152
16164,1958264,35,1958299
16165,1958929,21,1958950
16166,1959049,40,1959089
16167,1959106,21,1959127
16168,1959153,10,1959163
16169,1959180,13,1959193
16170,1959322,2,1959324
16171,1959334,11,1959345
16172,1959366,12,1959378
16173,1959381,12,1959393
16174,1959456,2,1959458
16175,1959485,8,1959493
16176,1959570,11,1959581
16177,1959661,76,1959737
16178,1959848,15,1959863
16179,1959904,32,1959936
16180,1959940,47,1959987
16181,1959996,15,1960011
16182,1960097,3,1960100
16183,1960140,10,1960150
16184,1960189,28,1960217
16185,1960243,9,1960252
16186,1960314,12,1960326
16187,1960371,5,1960376
16188,1960414,1,1960415
16189,1960527,21,1960548
16190,1960809,6,1960815
16191,1960855,34,1960889
16192,1961069,17,1961086
16193,1961112,12,1961124
16194,1961460,4,1961464
16195,1961475,16,1961491
16196,1961542,5,1961547
16197,1961551,11,1961562
16198,1961608,3,1961611
16199,1961673,3,1961676
16200,1961732,29,1961761
16201,1961852,5,1961857
16202,1961896,1,1961897
16203,1962079,27,1962106
16204,1962265,33,1962298
16205,1962328,2,1962330
16206,1962504,10,1962514
16207,1962541,43,1962584
16208,1962809,14,1962823
16209,1962874,1,1962875
16210,1963021,16,1963037
16211,1963080,52,1963132
16212,1963480,2,1963482
16213,1963640,4,1963644
16214,1963884,10,1963894
16215,1963896,5,1963901
16216,1963947,11,1963958
16217,1964037,29,1964066
16218,1964213,29,1964242
16219,1964289,7,1964296
16220,1964349,9,1964358
16221,1964362,35,1964397
16222,1964658,5,1964663
16223,1964710,4,1964714
16224,1964954,3,1964957
16225,1964995,69,1965064
16226,1965067,7,1965074
16227,1965283,34,1965317
16228,1965366,15,1965381
16229,1965396,1,1965397
16230,1965542,1,1965543
16231,1965641,1,1965642
16232,1965685,29,1965714
16233,1965899,17,1965916
16234,1966008,17,1966025
16235,1966268,12,1966280
16236,1966381,120,1966501
16237,1966572,21,1966593
16238,1966623,21,1966644
16239,1966746,35,1966781
16240,1966959,22,1966981
16241,1967198,8,1967206
16242,1967232,45,1967277
16243,1967285,2,1967287
16244,1967402,10,1967412
16245,1967424,53,1967477
16246,1967630,5,1967635
16247,1967659,3,1967662
16248,1967667,67,1967734
16249,1967770,126,1967896
16250,1968133,31,1968164
16251,1968334,9,1968343
16252,1968416,46,1968462
16253,1968471,39,1968510
16254,1968512,36,1968548
16255,1968604,73,1968677
16256,1968758,6,1968764
16257,1968837,38,1968875
16258,1968890,9,1968899
16259,1969016,30,1969046
16260,1969047,2,1969049
16261,1969079,4,1969083
16262,1969147,44,1969191
16263,1969204,11,1969215
16264,1969247,5,1969252
16265,1969572,94,1969666
16266,1969706,4,1969710
16267,1969816,33,1969849
16268,1969870,19,1969889
16269,1969894,16,1969910
16270,1969997,65,1970062
16271,1970112,19,1970131
16272,1970163,4,1970167
16273,1970482,2,1970484
16274,1970560,23,1970583
16275,1970616,25,1970641
16276,1970849,27,1970876
16277,1970924,1,1970925
16278,1970971,4,1970975
16279,1971001,11,1971012
16280,1971159,12,1971171
16281,1971210,3,1971213
16282,1971274,44,1971318
16283,1971352,27,1971379
16284,1971564,9,1971573
16285,1971716,10,1971726
16286,1972014,25,1972039
16287,1972056,28,1972084
16288,1972170,38,1972208
16289,1972228,19,1972247
16290,1972456,8,1972464
16291,1972780,5,1972785
16292,1972834,9,1972843
16293,1973066,5,1973071
16294,1973105,52,1973157
16295,1973269,33,1973302
16296,1973316,52,1973368
16297,1973422,8,1973430
16298,1973673,3,1973676
16299,1973721,56,1973777
16300,1973924,2,1973926
16301,1973978,6,1973984
16302,1974180,16,1974196
16303,1974266,12,1974278
16304,1974496,39,1974535
16305,1974862,3,1974865
16306,1974925,10,1974935
16307,1974973,17,1974990
16308,1975017,18,1975035
16309,1975051,22,1975073
16310,1975127,35,1975162
16311,1975174,5,1975179
16312,1975195,6,1975201
16313,1975254,15,1975269
16314,1975279,15,1975294
16315,1975759,1,1975760
16316,1975891,101,1975992
16317,1976100,29,1976129
16318,1976189,10,1976199
16319,1976411,1,1976412
16320,1976730,15,1976745
16321,1976896,2,1976898
16322,1976908,1,1976909
16323,1976965,18,1976983
16324,1977238,76,1977314
16325,1977473,3,1977476
16326,1977579,21,1977600
16327,1977758,6,1977764
16328,1977798,10,1977808
16329,1977930,2,1977932
16330,1977967,1,1977968
16331,1978253,57,1978310
16332,1978696,8,1978704
16333,1978759,10,1978769
16334,1978838,9,1978847
16335,1978978,15,1978993
16336,1979073,40,1979113
16337,1979135,25,1979160
16338,1979232,2,1979234
16339,1979269,14,1979283
16340,1979473,15,1979488
16341,1979497,5,1979502
16342,1979548,7,1979555
16343,1979573,8,1979581
16344,1979590,16,1979606
16345,1979675,14,1979689
16346,1979782,12,1979794
16347,1979823,4,1979827
16348,1979893,6,1979899
16349,1980015,18,1980033
16350,1980141,1,1980142
16351,1980267,1,1980268
16352,1980308,42,1980350
16353,1980403,16,1980419
16354,1980538,31,1980569
16355,1980750,18,1980768
16356,1980800,17,1980817
16357,1980917,1,1980918
16358,1980965,8,1980973
16359,1981017,21,1981038
16360,1981188,11,1981199
16361,1981329,3,1981332
16362,1981481,4,1981485
16363,1981509,28,1981537
16364,1981549,6,1981555
16365,1981711,8,1981719
16366,1981831,2,1981833
16367,1981936,19,1981955
16368,1981963,48,1982011
16369,1982284,25,1982309
16370,1982313,1,1982314
16371,1982350,68,1982418
16372,1982425,8,1982433
16373,1982437,26,1982463
16374,1982535,25,1982560
16375,1982561,1,1982562
16376,1982616,13,1982629
16377,1982757,5,1982762
16378,1982817,40,1982857
16379,1983002,4,1983006
16380,1983128,13,1983141
16381,1983372,48,1983420
16382,1983426,8,1983434
16383,1983507,5,1983512
16384,1983543,11,1983554
16385,1983780,4,1983784
16386,1983904,2,1983906
16387,1983907,11,1983918
16388,1983964,4,1983968
16389,1984064,3,1984067
16390,1984131,1,1984132
16391,1984189,12,1984201
16392,1984221,4,1984225
16393,1984253,39,1984292
16394,1984391,2,1984393
16395,1984484,5,1984489
16396,1984541,12,1984553
16397,1984660,50,1984710
16398,1984953,44,1984997
16399,1985014,57,1985071
16400,1985089,71,1985160
16401,1985223,21,1985244
16402,1985257,21,1985278
16403,1985367,1,1985368
16404,1985399,43,1985442
16405,1985550,15,1985565
16406,1985668,4,1985672
16407,1985687,22,1985709
16408,1985711,3,1985714
16409,1985792,15,1985807
16410,1985963,17,1985980
16411,1986071,24,1986095
16412,1986114,10,1986124
16413,1986145,49,1986194
16414,1986321,13,1986334
16415,1986408,79,1986487
16416,1986498,5,1986503
16417,1986544,13,1986557
16418,1986606,8,1986614
16419,1986628,4,1986632
16420,1986634,3,1986637
16421,1986665,13,1986678
16422,1986719,9,1986728
16423,1986753,38,1986791
16424,1986857,6,1986863
16425,1986879,10,1986889
16426,1986969,26,1986995
16427,1987077,23,1987100
16428,1987119,11,1987130
16429,1987136,17,1987153
16430,1987265,19,1987284
16431,1987563,19,1987582
16432,1987700,22,1987722
16433,1987726,7,1987733
16434,1987911,14,1987925
16435,1988039,3,1988042
16436,1988322,4,1988326
16437,1988417,43,1988460
16438,1988586,2,1988588
16439,1988595,78,1988673
16440,1988822,2,1988824
16441,1989007,8,1989015
16442,1989083,14,1989097
16443,1989142,30,1989172
16444,1989261,23,1989284
16445,1989332,22,1989354
16446,1989581,38,1989619
16447,1989689,27,1989716
16448,1989785,15,1989800
16449,1989984,32,1990016
16450,1990122,44,1990166
16451,1990173,43,1990216
16452,1990219,1,1990220
16453,1990265,3,1990268
16454,1990311,27,1990338
16455,1990499,8,1990507
16456,1990572,55,1990627
16457,1990635,5,1990640
16458,1990683,18,1990701
16459,1990837,31,1990868
16460,1990902,15,1990917
16461,1991049,20,1991069
16462,1991213,7,1991220
16463,1991282,31,1991313
16464,1991340,14,1991354
16465,1991458,24,1991482
16466,1991551,28,1991579
16467,1991607,15,1991622
16468,1991696,52,1991748
16469,1992074,73,1992147
16470,1992307,57,1992364
16471,1992481,5,1992486
16472,1992505,15,1992520
16473,1992544,13,1992557
16474,1992599,58,1992657
16475,1993014,32,1993046
16476,1993081,9,1993090
16477,1993159,47,1993206
16478,1993396,25,1993421
16479,1993485,8,1993493
16480,1993507,2,1993509
16481,1993539,7,1993546
16482,1993632,18,1993650
16483,1993779,6,1993785
16484,1994323,85,1994408
16485,1994419,1,1994420
16486,1994455,3,1994458
16487,1994663,7,1994670
16488,1994844,92,1994936
16489,1995151,11,1995162
16490,1995224,5,1995229
16491,1995255,6,1995261
16492,1995303,58,1995361
16493,1995455,48,1995503
16494,1995595,4,1995599
16495,1995857,1,1995858
16496,1995859,22,1995881
16497,1995928,5,1995933
16498,1996077,12,1996089
16499,1996355,16,1996371
16500,1996389,2,1996391
16501,1996397,19,1996416
16502,1996548,4,1996552
16503,1996603,39,1996642
16504,1997007,12,1997019
16505,1997263,77,1997340
16506,1997429,40,1997469
16507,1997695,18,1997713
16508,1997717,6,1997723
16509,1997738,32,1997770
16510,1997838,23,1997861
16511,1997980,49,1998029
16512,1998206,31,1998237
16513,1998364,3,1998367
16514,1998477,26,1998503
16515,1998515,7,1998522
16516,1998613,14,1998627
16517,1998667,17,1998684
16518,1998826,23,1998849
16519,1999027,3,1999030
16520,1999085,21,1999106
16521,1999157,28,1999185
16522,1999186,7,1999193
16523,1999221,7,1999228
16524,1999230,7,1999237
16525,1999395,3,1999398
16526,1999485,4,1999489
16527,1999635,60,1999695
16528,1999701,10,1999711
16529,1999872,18,1999890
16530,1999899,2,1999901
16531,2000101,1,2000102
16532,2000261,2,2000263
16533,2000284,3,2000287
16534,2000446,27,2000473
16535,2000617,7,2000624
16536,2000674,45,2000719
16537,2000743,18,2000761
16538,2000793,49,2000842
16539,2000943,48,2000991
16540,2001061,3,2001064
16541,2001223,43,2001266
16542,2001328,5,2001333
16543,2001444,28,2001472
16544,2001536,13,2001549
16545,2001566,7,2001573
16546,2001631,17,2001648
16547,2001660,28,2001688
16548,2001721,16,2001737
16549,2001818,17,2001835
16550,2001921,4,2001925
16551,2001927,6,2001933
16552,2002027,10,2002037
16553,2002347,13,2002360
16554,2002596,26,2002622
16555,2002642,8,2002650
16556,2002651,12,2002663
16557,2002669,3,2002672
16558,2002765,11,2002776
16559,2002826,2,2002828
16560,2002922,14,2002936
16561,2003027,22,2003049
16562,2003063,8,2003071
16563,2003558,23,2003581
16564,2003672,31,2003703
16565,2003884,5,2003889
16566,2003929,12,2003941
16567,2004025,2,2004027
16568,2004131,26,2004157
16569,2004209,7,2004216
16570,2004254,7,2004261
16571,2004286,2,2004288
16572,2004320,6,2004326
16573,2004541,24,2004565
16574,2004685,8,2004693
16575,2005187,8,2005195
16576,2005259,16,2005275
16577,2005355,3,2005358
16578,2005468,3,2005471
16579,2005481,9,2005490
16580,2005681,13,2005694
16581,2005736,49,2005785
16582,2005910,3,2005913
16583,2005954,16,2005970
16584,2005985,72,2006057
16585,2006096,38,2006134
16586,2006313,3,2006316
16587,2006445,60,2006505
16588,2007102,15,2007117
16589,2007333,10,2007343
16590,2007383,13,2007396
16591,2007462,3,2007465
16592,2007477,2,2007479
16593,2007552,22,2007574
16594,2007582,2,2007584
16595,2007640,7,2007647
16596,2007657,6,2007663
16597,2007902,18,2007920
16598,2007958,11,2007969
16599,2008040,17,2008057
16600,2008058,2,2008060
16601,2008146,8,2008154
16602,2008157,2,2008159
16603,2008257,12,2008269
16604,2008507,21,2008528
16605,2008678,12,2008690
16606,2008830,1,2008831
16607,2008903,4,2008907
16608,2008908,15,2008923
16609,2009014,1,2009015
16610,2009017,6,2009023
16611,2009031,34,2009065
16612,2009209,19,2009228
16613,2009246,10,2009256
16614,2009373,16,2009389
16615,2009472,32,2009504
16616,2009507,23,2009530
16617,2009562,1,2009563
16618,2009567,9,2009576
16619,2009600,57,2009657
16620,2009679,14,2009693
16621,2009904,27,2009931
16622,2010003,21,2010024
16623,2010179,8,2010187
16624,2010194,5,2010199
16625,2010237,3,2010240
16626,2010464,48,2010512
16627,2010568,75,2010643
16628,2010647,12,2010659
16629,2010669,15,2010684
16630,2010813,15,2010828
16631,2010961,17,2010978
16632,2011235,27,2011262
16633,2011283,18,2011301
16634,2011392,4,2011396
16635,2011402,34,2011436
16636,2011483,8,2011491
16637,2011539,31,2011570
16638,2011635,23,2011658
16639,2011666,24,2011690
16640,2011715,46,2011761
16641,2011780,3,2011783
16642,2011805,14,2011819
16643,2011853,57,2011910
16644,2012003,19,2012022
16645,2012040,5,2012045
16646,2012056,4,2012060
16647,2012161,43,2012204
16648,2012252,9,2012261
16649,2012294,10,2012304
16650,2012341,43,2012384
16651,2012386,36,2012422
16652,2012534,5,2012539
16653,2012659,33,2012692
16654,2012907,15,2012922
16655,2012974,9,2012983
16656,2013077,14,2013091
16657,2013095,6,2013101
16658,2013113,24,2013137
16659,2013413,5,2013418
16660,2013526,34,2013560
16661,2013635,25,2013660
16662,2013892,28,2013920
16663,2013993,10,2014003
16664,2014199,78,2014277
16665,2014306,14,2014320
16666,2014378,12,2014390
16667,2014590,65,2014655
16668,2014914,133,2015047
16669,2015092,1,2015093
16670,2015288,31,2015319
16671,2015357,50,2015407
16672,2015507,7,2015514
16673,2015659,2,2015661
16674,2015681,2,2015683
16675,2015729,37,2015766
16676,2015814,6,2015820
16677,2016036,20,2016056
16678,2016225,39,2016264
16679,2016301,17,2016318
16680,2016404,22,2016426
16681,2016480,7,2016487
16682,2016591,7,2016598
16683,2016667,2,2016669
16684,2016791,7,2016798
16685,2016800,2,2016802
16686,2016803,10,2016813
16687,2016821,1,2016822
16688,2017134,45,2017179
16689,2017310,2,2017312
16690,2017314,17,2017331
16691,2017380,51,2017431
16692,2017441,8,2017449
16693,2017464,9,2017473
16694,2017551,8,2017559
16695,2017589,2,2017591
16696,2017621,33,2017654
16697,2017670,9,2017679
16698,2017777,3,2017780
16699,2017917,16,2017933
16700,2018085,3,2018088
16701,2018242,47,2018289
16702,2018315,46,2018361
16703,2018364,1,2018365
16704,2018409,11,2018420
16705,2018529,15,2018544
16706,2018618,60,2018678
16707,2018815,1,2018816
16708,2018844,13,2018857
16709,2018893,48,2018941
16710,2018999,18,2019017
16711,2019083,30,2019113
16712,2019248,46,2019294
16713,2019848,10,2019858
16714,2019889,17,2019906
16715,2020178,7,2020185
16716,2020190,29,2020219
16717,2020415,5,2020420
16718,2020472,4,2020476
16719,2020574,4,2020578
16720,2020724,9,2020733
16721,2020753,7,2020760
16722,2020769,3,2020772
16723,2020786,32,2020818
16724,2020830,28,2020858
16725,2020946,26,2020972
16726,2021017,12,2021029
16727,2021092,20,2021112
16728,2021363,3,2021366
16729,2021392,30,2021422
16730,2021639,22,2021661
16731,2021794,13,2021807
16732,2021865,19,2021884
16733,2021910,7,2021917
16734,2021938,51,2021989
16735,2022099,7,2022106
16736,2022227,15,2022242
16737,2022251,35,2022286
16738,2022294,36,2022330
16739,2022386,40,2022426
16740,2022434,17,2022451
16741,2022541,30,2022571
16742,2022603,30,2022633
16743,2022650,2,2022652
16744,2022656,37,2022693
16745,2022743,12,2022755
16746,2022765,9,2022774
16747,2023544,72,2023616
16748,2023665,2,2023667
16749,2023794,5,2023799
16750,2023920,12,2023932
16751,2023999,43,2024042
16752,2024158,46,2024204
16753,2024227,17,2024244
16754,2024372,12,2024384
16755,2024412,31,2024443
16756,2024578,19,2024597
16757,2024742,3,2024745
16758,2024828,34,2024862
16759,2025114,11,2025125
16760,2025490,3,2025493
16761,2025505,31,2025536
16762,2025755,8,2025763
16763,2025892,2,2025894
16764,2025917,8,2025925
16765,2026032,3,2026035
16766,2026050,10,2026060
16767,2026203,2,2026205
16768,2026257,16,2026273
16769,2026279,16,2026295
16770,2026350,4,2026354
16771,2026404,1,2026405
16772,2026519,9,2026528
16773,2026548,15,2026563
16774,2026952,5,2026957
16775,2027012,1,2027013
16776,2027017,4,2027021
16777,2027100,10,2027110
16778,2027217,2,2027219
16779,2027314,23,2027337
16780,2027565,7,2027572
16781,2027574,9,2027583
16782,2027757,25,2027782
16783,2027798,1,2027799
16784,2027858,11,2027869
16785,2027876,31,2027907
16786,2028124,15,2028139
16787,2028146,2,2028148
16788,2028228,21,2028249
16789,2028268,42,2028310
16790,2028439,22,2028461
16791,2028517,6,2028523
16792,2028583,8,2028591
16793,2028849,13,2028862
16794,2028951,9,2028960
16795,2029068,59,2029127
16796,2029139,12,2029151
16797,2029341,7,2029348
16798,2029782,10,2029792
16799,2029964,28,2029992
16800,2030055,9,2030064
16801,2030087,1,2030088
16802,2030391,20,2030411
16803,2030427,20,2030447
16804,2030517,9,2030526
16805,2030575,17,2030592
16806,2030650,7,2030657
16807,2030867,13,2030880
16808,2030919,7,2030926
16809,2030950,19,2030969
16810,2030971,18,2030989
16811,2031068,34,2031102
16812,2031271,30,2031301
16813,2031380,51,2031431
16814,2031438,9,2031447
16815,2031457,15,2031472
16816,2031600,34,2031634
16817,2031769,10,2031779
16818,2031799,15,2031814
16819,2031866,3,2031869
16820,2031967,48,2032015
16821,2032035,29,2032064
16822,2032087,31,2032118
16823,2032273,3,2032276
16824,2032308,26,2032334
16825,2032416,2,2032418
16826,2032474,23,2032497
16827,2032515,4,2032519
16828,2032529,3,2032532
16829,2032622,57,2032679
16830,2032785,3,2032788
16831,2033093,9,2033102
16832,2033153,46,2033199
16833,2033375,40,2033415
16834,2033526,13,2033539
16835,2033850,36,2033886
16836,2033910,1,2033911
16837,2034011,5,2034016
16838,2034214,18,2034232
16839,2034276,3,2034279
16840,2034526,5,2034531
16841,2034632,35,2034667
16842,2034769,26,2034795
16843,2034843,56,2034899
16844,2034904,33,2034937
16845,2034997,8,2035005
16846,2035081,5,2035086
16847,2035112,32,2035144
16848,2035146,7,2035153
16849,2035267,2,2035269
16850,2035444,5,2035449
16851,2035481,17,2035498
16852,2035506,3,2035509
16853,2035519,14,2035533
16854,2035580,42,2035622
16855,2035673,6,2035679
16856,2035697,30,2035727
16857,2036078,34,2036112
16858,2036271,1,2036272
16859,2036429,14,2036443
16860,2036502,7,2036509
16861,2036519,9,2036528
16862,2036547,9,2036556
16863,2036606,12,2036618
16864,2036667,23,2036690
16865,2036729,2,2036731
16866,2036764,5,2036769
16867,2036907,55,2036962
16868,2037013,35,2037048
16869,2037077,15,2037092
16870,2037189,1,2037190
16871,2037641,21,2037662
16872,2037806,16,2037822
16873,2037826,46,2037872
16874,2037876,100,2037976
16875,2038100,43,2038143
16876,2038210,22,2038232
16877,2038240,11,2038251
16878,2038282,67,2038349
16879,2038350,56,2038406
16880,2038673,42,2038715
16881,2038770,19,2038789
16882,2038839,2,2038841
16883,2038966,12,2038978
16884,2039076,4,2039080
16885,2039104,30,2039134
16886,2039149,13,2039162
16887,2039192,3,2039195
16888,2039283,57,2039340
16889,2039369,60,2039429
16890,2039493,60,2039553
16891,2039574,4,2039578
16892,2039594,15,2039609
16893,2039638,2,2039640
16894,2039660,4,2039664
16895,2039709,4,2039713
16896,2039764,12,2039776
16897,2039877,22,2039899
16898,2039900,17,2039917
16899,2039970,17,2039987
16900,2040133,7,2040140
16901,2040182,20,2040202
16902,2040204,15,2040219
16903,2040410,1,2040411
16904,2040458,16,2040474
16905,2040886,30,2040916
16906,2040973,11,2040984
16907,2041155,9,2041164
16908,2041216,46,2041262
16909,2041292,32,2041324
16910,2041326,13,2041339
16911,2041389,9,2041398
16912,2041529,85,2041614
16913,2041977,28,2042005
16914,2042108,35,2042143
16915,2042184,25,2042209
16916,2042469,5,2042474
16917,2042516,25,2042541
16918,2042659,31,2042690
16919,2042715,8,2042723
16920,2042858,9,2042867
16921,2042916,9,2042925
16922,2042975,14,2042989
16923,2043039,3,2043042
16924,2043057,16,2043073
16925,2043178,40,2043218
16926,2043317,3,2043320
16927,2043326,42,2043368
16928,2043519,26,2043545
16929,2043679,6,2043685
16930,2043734,8,2043742
16931,2043755,10,2043765
16932,2043964,18,2043982
16933,2044000,1,2044001
16934,2044188,10,2044198
16935,2044312,2,2044314
16936,2044321,33,2044354
16937,2044526,52,2044578
16938,2044584,1,2044585
16939,2044591,23,2044614
16940,2044623,8,2044631
16941,2044655,47,2044702
16942,2044717,68,2044785
16943,2045039,90,2045129
16944,2045313,39,2045352
16945,2045365,45,2045410
16946,2045444,55,2045499
16947,2045608,39,2045647
16948,2045732,80,2045812
16949,2045832,10,2045842
16950,2045843,29,2045872
16951,2046266,2,2046268
16952,2046327,16,2046343
16953,2046446,1,2046447
16954,2046560,16,2046576
16955,2046598,19,2046617
16956,2046813,19,2046832
16957,2046837,3,2046840
16958,2046877,4,2046881
16959,2046942,5,2046947
16960,2046980,1,2046981
16961,2047012,3,2047015
16962,2047027,4,2047031
16963,2047056,20,2047076
16964,2047115,57,2047172
16965,2047572,29,2047601
16966,2047769,1,2047770
16967,2047974,57,2048031
16968,2048107,17,2048124
16969,2048169,13,2048182
16970,2048405,35,2048440
16971,2048689,2,2048691
16972,2048819,21,2048840
16973,2048907,61,2048968
16974,2049302,2,2049304
16975,2049349,6,2049355
16976,2049390,20,2049410
16977,2049526,15,2049541
16978,2049564,23,2049587
16979,2049654,5,2049659
16980,2050043,28,2050071
16981,2050089,3,2050092
16982,2050095,1,2050096
16983,2050153,12,2050165
16984,2050490,1,2050491
16985,2050604,32,2050636
16986,2050811,27,2050838
16987,2050883,5,2050888
16988,2050889,19,2050908
16989,2050998,10,2051008
16990,2051388,22,2051410
16991,2051418,38,2051456
16992,2051516,5,2051521
16993,2051529,29,2051558
16994,2051652,87,2051739
16995,2051889,2,2051891
16996,2051899,49,2051948
16997,2051955,17,2051972
16998,2052051,63,2052114
16999,2052125,3,2052128
17000,2052552,4,2052556
17001,2052640,10,2052650
17002,2052718,23,2052741
17003,2052845,9,2052854
17004,2052935,1,2052936
17005,2052992,9,2053001
17006,2053013,7,2053020
17007,2053025,5,2053030
17008,2053049,63,2053112
17009,2053460,8,2053468
17010,2053469,72,2053541
17011,2053590,6,2053596
17012,2053676,129,2053805
17013,2053870,23,2053893
17014,2053959,23,2053982
17015,2054063,6,2054069
17016,2054402,39,2054441
17017,2054574,2,2054576
17018,2054661,21,2054682
17019,2054910,1,2054911
17020,2055001,17,2055018
17021,2055134,17,2055151
17022,2055414,6,2055420
17023,2055435,78,2055513
17024,2055562,60,2055622
17025,2055754,7,2055761
17026,2055762,1,2055763
17027,2055766,4,2055770
17028,2055821,35,2055856
17029,2055920,38,2055958
17030,2056048,3,2056051
17031,2056282,13,2056295
17032,2056323,5,2056328
17033,2056372,14,2056386
17034,2056515,17,2056532
17035,2056595,32,2056627
17036,2056650,57,2056707
17037,2056980,13,2056993
17038,2057081,28,2057109
17039,2057208,23,2057231
17040,2057315,21,2057336
17041,2057414,5,2057419
17042,2057653,4,2057657
17043,2057910,11,2057921
17044,2057927,46,2057973
17045,2058092,52,2058144
17046,2058173,1,2058174
17047,2058356,15,2058371
17048,2058403,44,2058447
17049,2058452,23,2058475
17050,2058486,28,2058514
17051,2058559,5,2058564
17052,2058640,18,2058658
17053,2058659,36,2058695
17054,2058775,16,2058791
17055,2059135,12,2059147
17056,2059200,38,2059238
17057,2059274,10,2059284
17058,2059575,3,2059578
17059,2059589,4,2059593
17060,2059686,8,2059694
17061,2059702,6,2059708
17062,2059754,28,2059782
17063,2059916,6,2059922
17064,2060039,15,2060054
17065,2060057,63,2060120
17066,2060240,5,2060245
17067,2060249,3,2060252
17068,2060272,2,2060274
17069,2060333,5,2060338
17070,2060367,26,2060393
17071,2060602,23,2060625
17072,2060705,21,2060726
17073,2060866,6,2060872
17074,2060917,22,2060939
17075,2061030,49,2061079
17076,2061450,30,2061480
17077,2062257,63,2062320
17078,2062382,12,2062394
17079,2062547,23,2062570
17080,2062659,2,2062661
17081,2062704,2,2062706
17082,2062724,21,2062745
17083,2062760,21,2062781
17084,2062892,28,2062920
17085,2062926,8,2062934
17086,2062962,13,2062975
17087,2063078,11,2063089
17088,2063148,12,2063160
17089,2063230,13,2063243
17090,2063388,48,2063436
17091,2063528,1,2063529
17092,2063800,6,2063806
17093,2064109,6,2064115
17094,2064162,7,2064169
17095,2064262,14,2064276
17096,2064325,27,2064352
17097,2064565,25,2064590
17098,2064614,31,2064645
17099,2064647,11,2064658
17100,2064667,66,2064733
17101,2064815,6,2064821
17102,2064867,4,2064871
17103,2064982,25,2065007
17104,2065079,53,2065132
17105,2065306,2,2065308
17106,2065409,27,2065436
17107,2065588,1,2065589
17108,2065722,25,2065747
17109,2065772,8,2065780
17110,2065948,25,2065973
17111,2066097,37,2066134
17112,2066173,3,2066176
17113,2066237,16,2066253
17114,2066282,8,2066290
17115,2066462,9,2066471
17116,2066504,12,2066516
17117,2066576,22,2066598
17118,2066782,2,2066784
17119,2066786,2,2066788
17120,2066822,43,2066865
17121,2066884,4,2066888
17122,2066968,3,2066971
17123,2066987,3,2066990
17124,2067014,13,2067027
17125,2067032,9,2067041
17126,2067056,51,2067107
17127,2067133,4,2067137
17128,2067152,3,2067155
17129,2067251,14,2067265
17130,2067741,2,2067743
17131,2067809,17,2067826
17132,2068047,23,2068070
17133,2068077,13,2068090
17134,2068133,9,2068142
17135,2068269,25,2068294
17136,2068324,21,2068345
17137,2068444,47,2068491
17138,2068586,25,2068611
17139,2068650,18,2068668
17140,2068717,8,2068725
17141,2068746,12,2068758
17142,2068838,6,2068844
17143,2068906,11,2068917
17144,2068983,1,2068984
17145,2069014,16,2069030
17146,2069182,40,2069222
17147,2069253,19,2069272
17148,2069438,4,2069442
17149,2069492,10,2069502
17150,2069531,13,2069544
17151,2069680,2,2069682
17152,2069748,6,2069754
17153,2069809,2,2069811
17154,2070008,6,2070014
17155,2070221,40,2070261
17156,2070351,24,2070375
17157,2070662,19,2070681
17158,2070712,5,2070717
17159,2070743,38,2070781
17160,2070816,6,2070822
17161,2070895,15,2070910
17162,2070991,15,2071006
17163,2071048,1,2071049
17164,2071060,2,2071062
17165,2071070,27,2071097
17166,2071215,6,2071221
17167,2071231,6,2071237
17168,2071303,3,2071306
17169,2071433,49,2071482
17170,2071585,9,2071594
17171,2071733,51,2071784
17172,2071790,4,2071794
17173,2071799,6,2071805
17174,2071958,11,2071969
17175,2072112,46,2072158
17176,2072301,12,2072313
17177,2072388,8,2072396
17178,2072506,2,2072508
17179,2072529,11,2072540
17180,2072649,4,2072653
17181,2072803,12,2072815
17182,2073125,21,2073146
17183,2073196,23,2073219
17184,2073271,31,2073302
17185,2073431,41,2073472
17186,2073566,84,2073650
17187,2073830,21,2073851
17188,2073868,3,2073871
17189,2074164,36,2074200
17190,2074205,45,2074250
17191,2074310,47,2074357
17192,2074461,10,2074471
17193,2074610,27,2074637
17194,2074696,9,2074705
17195,2074755,2,2074757
17196,2074850,16,2074866
17197,2074997,11,2075008
17198,2075083,2,2075085
17199,2075129,30,2075159
17200,2075248,5,2075253
17201,2075383,2,2075385
17202,2075494,3,2075497
17203,2075563,5,2075568
17204,2075609,39,2075648
17205,2075664,2,2075666
17206,2075753,9,2075762
17207,2075772,15,2075787
17208,2075811,58,2075869
17209,2075999,1,2076000
17210,2076127,6,2076133
17211,2076254,18,2076272
17212,2076313,22,2076335
17213,2076488,45,2076533
17214,2076542,9,2076551
17215,2076582,13,2076595
17216,2076628,8,2076636
17217,2076784,18,2076802
17218,2076902,7,2076909
17219,2076925,18,2076943
17220,2076993,25,2077018
17221,2077210,21,2077231
17222,2077303,26,2077329
17223,2077507,23,2077530
17224,2077537,53,2077590
17225,2077592,3,2077595
17226,2078045,4,2078049
17227,2078062,21,2078083
17228,2078099,17,2078116
17229,2078153,13,2078166
17230,2078297,4,2078301
17231,2078531,11,2078542
17232,2078577,7,2078584
17233,2078588,10,2078598
17234,2078636,36,2078672
17235,2078996,44,2079040
17236,2079060,6,2079066
17237,2079319,5,2079324
17238,2079572,6,2079578
17239,2079581,19,2079600
17240,2079687,39,2079726
17241,2079747,6,2079753
17242,2079762,3,2079765
17243,2079840,2,2079842
17244,2079987,9,2079996
17245,2080263,20,2080283
17246,2080462,14,2080476
17247,2080496,6,2080502
17248,2080539,40,2080579
17249,2080787,4,2080791
17250,2080844,25,2080869
17251,2080924,6,2080930
17252,2081075,101,2081176
17253,2081561,22,2081583
17254,2081584,8,2081592
17255,2081651,10,2081661
17256,2082047,11,2082058
17257,2082171,5,2082176
17258,2082250,39,2082289
17259,2082359,10,2082369
17260,2082425,23,2082448
17261,2082452,12,2082464
17262,2082465,51,2082516
17263,2082690,46,2082736
17264,2082742,45,2082787
17265,2083126,38,2083164
17266,2083351,43,2083394
17267,2083719,7,2083726
17268,2083951,18,2083969
17269,2084099,19,2084118
17270,2084349,18,2084367
17271,2084714,30,2084744
17272,2084913,3,2084916
17273,2084946,15,2084961
17274,2085116,14,2085130
17275,2085206,1,2085207
17276,2085227,51,2085278
17277,2085512,11,2085523
17278,2085685,15,2085700
17279,2085866,36,2085902
17280,2085917,200,2086117
17281,2086287,14,2086301
17282,2086347,12,2086359
17283,2086401,70,2086471
17284,2086478,7,2086485
17285,2086492,55,2086547
17286,2086669,24,2086693
17287,2086802,28,2086830
17288,2086852,47,2086899
17289,2086938,12,2086950
17290,2087029,3,2087032
17291,2087091,13,2087104
17292,2087129,5,2087134
17293,2087142,23,2087165
17294,2087466,20,2087486
17295,2087585,19,2087604
17296,2087738,5,2087743
17297,2088009,2,2088011
17298,2088044,16,2088060
17299,2088144,3,2088147
17300,2088280,18,2088298
17301,2088464,7,2088471
17302,2088556,37,2088593
17303,2088608,7,2088615
17304,2088685,48,2088733
17305,2089056,3,2089059
17306,2089098,9,2089107
17307,2089742,2,2089744
17308,2089774,12,2089786
17309,2089816,72,2089888
17310,2090070,14,2090084
17311,2090184,13,2090197
17312,2090375,2,2090377
17313,2090383,9,2090392
17314,2090440,5,2090445
17315,2090464,8,2090472
17316,2090501,19,2090520
17317,2090548,5,2090553
17318,2090646,60,2090706
17319,2090975,11,2090986
17320,2091083,40,2091123
17321,2091163,8,2091171
17322,2091448,1,2091449
17323,2091612,10,2091622
17324,2091867,48,2091915
17325,2091930,3,2091933
17326,2091954,21,2091975
17327,2092092,15,2092107
17328,2092187,47,2092234
17329,2092299,6,2092305
17330,2092552,14,2092566
17331,2092670,35,2092705
17332,2092746,12,2092758
17333,2092783,13,2092796
17334,2092874,36,2092910
17335,2093129,10,2093139
17336,2093184,56,2093240
17337,2093300,1,2093301
17338,2093330,21,2093351
17339,2093375,74,2093449
17340,2093459,12,2093471
17341,2093548,16,2093564
17342,2093584,35,2093619
17343,2093738,9,2093747
17344,2093786,13,2093799
17345,2093825,22,2093847
17346,2093897,19,2093916
17347,2093937,9,2093946
17348,2093972,12,2093984
17349,2094023,11,2094034
17350,2094095,13,2094108
17351,2094134,20,2094154
17352,2094300,4,2094304
17353,2094357,11,2094368
17354,2094485,30,2094515
17355,2094546,20,2094566
17356,2094642,18,2094660
17357,2094671,6,2094677
17358,2094715,8,2094723
17359,2094776,3,2094779
17360,2094780,1,2094781
17361,2094808,6,2094814
17362,2094979,23,2095002
17363,2095122,19,2095141
17364,2095287,28,2095315
17365,2095545,9,2095554
17366,2095594,4,2095598
17367,2095902,26,2095928
17368,2095986,41,2096027
17369,2096162,19,2096181
17370,2096232,13,2096245
17371,2096314,70,2096384
17372,2096412,35,2096447
17373,2096504,65,2096569
17374,2096635,48,2096683
17375,2096744,10,2096754
17376,2096840,6,2096846
17377,2096927,93,2097020
17378,2097055,20,2097075
17379,2097118,5,2097123
17380,2097474,6,2097480
17381,2097610,2,2097612
17382,2097652,5,2097657
17383,2097712,5,2097717
17384,2097791,23,2097814
17385,2097881,5,2097886
17386,2097894,1,2097895
17387,2097913,2,2097915
17388,2097945,6,2097951
17389,2098056,21,2098077
17390,2098130,7,2098137
17391,2098145,8,2098153
17392,2098212,53,2098265
17393,2098415,11,2098426
17394,2098470,63,2098533
17395,2098636,19,2098655
17396,2098667,13,2098680
17397,2098978,56,2099034
17398,2099043,47,2099090
17399,2099217,12,2099229
17400,2099329,30,2099359
17401,2099675,41,2099716
17402,2099762,8,2099770
17403,2099977,14,2099991
17404,2100024,38,2100062
17405,2100267,21,2100288
17406,2100289,24,2100313
17407,2100414,21,2100435
17408,2100843,14,2100857
17409,2100953,3,2100956
17410,2101094,38,2101132
17411,2101155,11,2101166
17412,2101266,32,2101298
17413,2101531,10,2101541
17414,2101597,7,2101604
17415,2101724,10,2101734
17416,2101818,21,2101839
17417,2101873,6,2101879
17418,2102018,11,2102029
17419,2102218,8,2102226
17420,2102306,14,2102320
17421,2102407,37,2102444
17422,2102607,13,2102620
17423,2102639,3,2102642
17424,2102697,50,2102747
17425,2102794,5,2102799
17426,2102979,3,2102982
17427,2102983,6,2102989
17428,2102990,8,2102998
17429,2103003,30,2103033
17430,2103078,7,2103085
17431,2103215,49,2103264
17432,2103265,24,2103289
17433,2103294,33,2103327
17434,2103548,13,2103561
17435,2103944,7,2103951
17436,2103994,14,2104008
17437,2104057,24,2104081
17438,2104229,36,2104265
17439,2104283,8,2104291
17440,2104297,10,2104307
17441,2104491,46,2104537
17442,2104539,25,2104564
17443,2104615,3,2104618
17444,2104777,48,2104825
17445,2104881,22,2104903
17446,2104949,15,2104964
17447,2105270,5,2105275
17448,2105278,17,2105295
17449,2105510,15,2105525
17450,2105612,13,2105625
17451,2105761,14,2105775
17452,2105974,39,2106013
17453,2106038,25,2106063
17454,2106125,13,2106138
17455,2106277,1,2106278
17456,2106499,37,2106536
17457,2106585,15,2106600
17458,2106743,8,2106751
17459,2106871,13,2106884
17460,2107053,37,2107090
17461,2107111,29,2107140
17462,2107203,24,2107227
17463,2107252,82,2107334
17464,2107340,1,2107341
17465,2107424,60,2107484
17466,2107529,54,2107583
17467,2107594,11,2107605
17468,2107650,9,2107659
17469,2107779,32,2107811
17470,2108050,4,2108054
17471,2108093,61,2108154
17472,2108168,12,2108180
17473,2108185,19,2108204
17474,2108218,32,2108250
17475,2108352,7,2108359
17476,2108415,10,2108425
17477,2108599,9,2108608
17478,2108726,33,2108759
17479,2108787,21,2108808
17480,2108858,52,2108910
17481,2108962,44,2109006
17482,2109067,8,2109075
17483,2109109,3,2109112
17484,2109196,6,2109202
17485,2109219,78,2109297
17486,2109303,6,2109309
17487,2109434,2,2109436
17488,2109591,74,2109665
17489,2109765,4,2109769
17490,2109894,3,2109897
17491,2109990,16,2110006
17492,2110370,11,2110381
17493,2110618,48,2110666
17494,2110729,16,2110745
17495,2110766,39,2110805
17496,2111020,37,2111057
17497,2111065,24,2111089
17498,2111357,19,2111376
17499,2111473,18,2111491
17500,2111572,5,2111577
17501,2111857,62,2111919
17502,2112158,7,2112165
17503,2112194,10,2112204
17504,2112220,11,2112231
17505,2112406,35,2112441
17506,2112629,15,2112644
17507,2112672,20,2112692
17508,2112719,6,2112725
17509,2112763,30,2112793
17510,2113095,16,2113111
17511,2113280,2,2113282
17512,2113402,56,2113458
17513,2113693,4,2113697
17514,2113754,10,2113764
17515,2114085,14,2114099
17516,2114289,2,2114291
17517,2114297,4,2114301
17518,2114359,6,2114365
17519,2114550,2,2114552
17520,2114587,18,2114605
17521,2114766,30,2114796
17522,2114804,27,2114831
17523,2114878,25,2114903
17524,2114998,11,2115009
17525,2115370,6,2115376
17526,2115573,30,2115603
17527,2115675,19,2115694
17528,2115702,9,2115711
17529,2115908,16,2115924
17530,2115981,42,2116023
17531,2116166,66,2116232
17532,2116310,7,2116317
17533,2116652,35,2116687
17534,2116728,11,2116739
17535,2116953,5,2116958
17536,2116963,3,2116966
17537,2117029,7,2117036
17538,2117352,23,2117375
17539,2117526,2,2117528
17540,2117658,27,2117685
17541,2117745,32,2117777
17542,2117827,3,2117830
17543,2117917,20,2117937
17544,2117983,2,2117985
17545,2118014,2,2118016
17546,2118048,8,2118056
17547,2118126,3,2118129
17548,2118188,4,2118192
17549,2118217,33,2118250
17550,2118292,17,2118309
17551,2118422,23,2118445
17552,2118454,7,2118461
17553,2118484,45,2118529
17554,2118606,6,2118612
17555,2118764,67,2118831
17556,2118957,9,2118966
17557,2119149,1,2119150
17558,2119184,34,2119218
17559,2119270,62,2119332
17560,2119470,48,2119518
17561,2119578,14,2119592
17562,2119706,25,2119731
17563,2119843,41,2119884
17564,2120246,11,2120257
17565,2120287,6,2120293
17566,2120321,40,2120361
17567,2120432,8,2120440
17568,2120654,10,2120664
17569,2120682,21,2120703
17570,2120880,14,2120894
17571,2120961,16,2120977
17572,2121087,6,2121093
17573,2121112,44,2121156
17574,2121180,11,2121191
17575,2121336,3,2121339
17576,2121506,7,2121513
17577,2121536,37,2121573
17578,2122019,18,2122037
17579,2122132,19,2122151
17580,2122209,3,2122212
17581,2122297,1,2122298
17582,2122331,6,2122337
17583,2122501,26,2122527
17584,2122677,7,2122684
17585,2122925,15,2122940
17586,2122942,6,2122948
17587,2123381,21,2123402
17588,2123583,33,2123616
17589,2123621,23,2123644
17590,2123768,8,2123776
17591,2123830,11,2123841
17592,2123879,9,2123888
17593,2124108,6,2124114
17594,2124750,46,2124796
17595,2125060,54,2125114
17596,2125218,23,2125241
17597,2125321,26,2125347
17598,2125516,9,2125525
17599,2125609,8,2125617
17600,2125643,8,2125651
17601,2125773,13,2125786
17602,2125964,7,2125971
17603,2126121,32,2126153
17604,2126164,6,2126170
17605,2126179,1,2126180
17606,2126191,22,2126213
17607,2126361,31,2126392
17608,2126396,37,2126433
17609,2126474,56,2126530
17610,2126602,70,2126672
17611,2126750,20,2126770
17612,2126794,1,2126795
17613,2126897,77,2126974
17614,2126991,14,2127005
17615,2127067,20,2127087
17616,2127198,25,2127223
17617,2127228,32,2127260
17618,2127290,2,2127292
17619,2127399,38,2127437
17620,2127740,53,2127793
17621,2127803,12,2127815
17622,2127892,17,2127909
17623,2127954,4,2127958
17624,2127991,6,2127997
17625,2128015,5,2128020
17626,2128169,3,2128172
17627,2128177,1,2128178
17628,2128221,40,2128261
17629,2128324,28,2128352
17630,2128494,67,2128561
17631,2128597,8,2128605
17632,2128644,19,2128663
17633,2128702,70,2128772
17634,2128834,13,2128847
17635,2128949,5,2128954
17636,2128984,23,2129007
17637,2129053,146,2129199
17638,2129226,8,2129234
17639,2129376,3,2129379
17640,2129404,52,2129456
17641,2129653,12,2129665
17642,2129736,23,2129759
17643,2129823,43,2129866
17644,2130012,12,2130024
17645,2130095,72,2130167
17646,2130260,21,2130281
17647,2130401,1,2130402
17648,2130405,18,2130423
17649,2130428,20,2130448
17650,2130560,32,2130592
17651,2130660,47,2130707
17652,2130850,61,2130911
17653,2130983,30,2131013
17654,2131088,11,2131099
17655,2131146,50,2131196
17656,2131232,2,2131234
17657,2131556,17,2131573
17658,2131624,42,2131666
17659,2131696,40,2131736
17660,2131737,2,2131739
17661,2132006,25,2132031
17662,2132180,50,2132230
17663,2132358,9,2132367
17664,2132398,71,2132469
17665,2132499,3,2132502
17666,2132556,42,2132598
17667,2132621,38,2132659
17668,2132870,21,2132891
17669,2133114,22,2133136
17670,2133311,2,2133313
17671,2133389,9,2133398
17672,2133485,15,2133500
17673,2133843,47,2133890
17674,2134077,5,2134082
17675,2134166,12,2134178
17676,2134216,14,2134230
17677,2134318,12,2134330
17678,2134366,11,2134377
17679,2134452,1,2134453
17680,2134607,5,2134612
17681,2134785,5,2134790
17682,2134851,38,2134889
17683,2135017,4,2135021
17684,2135022,24,2135046
17685,2135052,3,2135055
17686,2135211,1,2135212
17687,2135418,16,2135434
17688,2135532,13,2135545
17689,2135766,55,2135821
17690,2135895,37,2135932
17691,2135933,30,2135963
17692,2136024,20,2136044
17693,2136050,38,2136088
17694,2136108,19,2136127
17695,2136217,2,2136219
17696,2136735,1,2136736
17697,2136829,29,2136858
17698,2136882,13,2136895
17699,2136952,8,2136960
17700,2137032,1,2137033
17701,2137071,24,2137095
17702,2137169,1,2137170
17703,2137194,54,2137248
17704,2137306,13,2137319
17705,2137402,20,2137422
17706,2137432,13,2137445
17707,2137516,63,2137579
17708,2137617,10,2137627
17709,2137640,26,2137666
17710,2137670,2,2137672
17711,2137692,56,2137748
17712,2137837,29,2137866
17713,2137877,8,2137885
17714,2138256,13,2138269
17715,2138529,27,2138556
17716,2138626,25,2138651
17717,2138660,27,2138687
17718,2138692,22,2138714
17719,2138768,38,2138806
17720,2138843,27,2138870
17721,2138898,7,2138905
17722,2139044,5,2139049
17723,2139062,28,2139090
17724,2139105,34,2139139
17725,2139336,48,2139384
17726,2139430,18,2139448
17727,2139613,1,2139614
17728,2139759,8,2139767
17729,2139816,20,2139836
17730,2139865,26,2139891
17731,2139914,73,2139987
17732,2140333,10,2140343
17733,2140358,1,2140359
17734,2140558,88,2140646
17735,2140721,7,2140728
17736,2140734,29,2140763
17737,2141078,10,2141088
17738,2141096,9,2141105
17739,2141128,36,2141164
17740,2141172,6,2141178
17741,2141188,6,2141194
17742,2141263,18,2141281
17743,2141360,1,2141361
17744,2141400,4,2141404
17745,2141422,1,2141423
17746,2141456,14,2141470
17747,2141726,11,2141737
17748,2141780,96,2141876
17749,2141899,5,2141904
17750,2142206,1,2142207
17751,2142252,14,2142266
17752,2142323,4,2142327
17753,2142328,58,2142386
17754,2142398,23,2142421
17755,2142443,55,2142498
17756,2142625,8,2142633
17757,2142819,2,2142821
17758,2142838,26,2142864
17759,2142942,26,2142968
17760,2143115,3,2143118
17761,2143206,16,2143222
17762,2143532,4,2143536
17763,2143566,7,2143573
17764,2143838,41,2143879
17765,2144083,5,2144088
17766,2144398,8,2144406
17767,2144581,11,2144592
17768,2144660,59,2144719
17769,2144905,30,2144935
17770,2145008,12,2145020
17771,2145132,41,2145173
17772,2145263,15,2145278
17773,2145397,7,2145404
17774,2145413,6,2145419
17775,2145431,7,2145438
17776,2145492,8,2145500
17777,2145539,3,2145542
17778,2145730,5,2145735
17779,2145859,3,2145862
17780,2145915,10,2145925
17781,2146083,3,2146086
17782,2146229,25,2146254
17783,2146332,1,2146333
17784,2146407,47,2146454
17785,2146594,8,2146602
17786,2146633,12,2146645
17787,2146871,9,2146880
17788,2146936,1,2146937
17789,2146967,14,2146981
17790,2147126,5,2147131
17791,2147438,41,2147479
17792,2147480,5,2147485
17793,2147534,4,2147538
17794,2147564,15,2147579
17795,2147691,4,2147695
17796,2147803,24,2147827
17797,2147846,32,2147878
17798,2147919,42,2147961
17799,2148145,8,2148153
17800,2148243,46,2148289
17801,2148364,7,2148371
17802,2148433,10,2148443
17803,2148503,10,2148513
17804,2148549,19,2148568
17805,2148578,29,2148607
17806,2148677,5,2148682
17807,2148914,35,2148949
17808,2149114,78,2149192
17809,2149229,54,2149283
17810,2149336,1,2149337
17811,2149413,52,2149465
17812,2149631,9,2149640
17813,2149794,15,2149809
17814,2149953,37,2149990
17815,2150106,16,2150122
17816,2150188,58,2150246
17817,2150285,96,2150381
17818,2150406,25,2150431
17819,2150494,20,2150514
17820,2150905,12,2150917
17821,2151138,30,2151168
17822,2151187,18,2151205
17823,2151319,7,2151326
17824,2151367,14,2151381
17825,2151392,13,2151405
17826,2151454,4,2151458
17827,2151618,11,2151629
17828,2151805,8,2151813
17829,2151836,57,2151893
17830,2151958,2,2151960
17831,2152011,13,2152024
17832,2152400,12,2152412
17833,2152425,35,2152460
17834,2152481,2,2152483
17835,2152545,1,2152546
17836,2152570,37,2152607
17837,2152649,16,2152665
17838,2152731,53,2152784
17839,2153118,18,2153136
17840,2153249,15,2153264
17841,2153570,44,2153614
17842,2153691,65,2153756
17843,2153778,40,2153818
17844,2153856,53,2153909
17845,2153988,9,2153997
17846,2154172,33,2154205
17847,2154313,38,2154351
17848,2154386,17,2154403
17849,2154452,17,2154469
17850,2154515,12,2154527
17851,2154589,35,2154624
17852,2154743,34,2154777
17853,2154902,87,2154989
17854,2155231,27,2155258
17855,2155354,18,2155372
17856,2155520,3,2155523
17857,2155608,22,2155630
17858,2156065,16,2156081
17859,2156139,17,2156156
17860,2156215,7,2156222
17861,2156372,2,2156374
17862,2156458,14,2156472
17863,2156495,3,2156498
17864,2156611,32,2156643
17865,2156710,11,2156721
17866,2156750,9,2156759
17867,2156814,35,2156849
17868,2156854,7,2156861
17869,2156934,2,2156936
17870,2156989,19,2157008
17871,2157172,46,2157218
17872,2157395,68,2157463
17873,2157517,3,2157520
17874,2157588,14,2157602
17875,2157937,3,2157940
17876,2157944,2,2157946
17877,2157988,49,2158037
17878,2158268,10,2158278
17879,2158294,3,2158297
17880,2158299,1,2158300
17881,2158833,1,2158834
17882,2158929,40,2158969
17883,2159005,4,2159009
17884,2159020,2,2159022
17885,2159037,14,2159051
17886,2159315,3,2159318
17887,2159491,37,2159528
17888,2159565,15,2159580
17889,2159613,63,2159676
17890,2159682,5,2159687
17891,2159793,16,2159809
17892,2159821,28,2159849
17893,2160047,66,2160113
17894,2160350,1,2160351
17895,2160399,12,2160411
17896,2160499,54,2160553
17897,2160566,1,2160567
17898,2160601,31,2160632
17899,2160680,7,2160687
17900,2160712,6,2160718
17901,2160821,49,2160870
17902,2161165,20,2161185
17903,2161210,9,2161219
17904,2161241,31,2161272
17905,2161358,4,2161362
17906,2161411,3,2161414
17907,2161416,5,2161421
17908,2161430,26,2161456
17909,2161501,33,2161534
17910,2161584,4,2161588
17911,2161628,16,2161644
17912,2161711,3,2161714
17913,2161882,2,2161884
17914,2161965,3,2161968
17915,2162144,32,2162176
17916,2162223,3,2162226
17917,2162242,22,2162264
17918,2162360,58,2162418
17919,2162553,24,2162577
17920,2162582,8,2162590
17921,2162642,15,2162657
17922,2162778,26,2162804
17923,2162817,17,2162834
17924,2162973,3,2162976
17925,2163008,47,2163055
17926,2163060,24,2163084
17927,2163424,5,2163429
17928,2163433,15,2163448
17929,2163476,19,2163495
17930,2163562,9,2163571
17931,2163581,43,2163624
17932,2163642,41,2163683
17933,2163782,17,2163799
17934,2164005,20,2164025
17935,2164043,26,2164069
17936,2164078,1,2164079
17937,2164140,22,2164162
17938,2164169,33,2164202
17939,2164283,6,2164289
17940,2164295,40,2164335
17941,2164407,19,2164426
17942,2164461,19,2164480
17943,2164682,3,2164685
17944,2164903,21,2164924
17945,2164935,7,2164942
17946,2165082,32,2165114
17947,2165337,34,2165371
17948,2165825,16,2165841
17949,2165896,84,2165980
17950,2166183,10,2166193
17951,2166226,16,2166242
17952,2166399,29,2166428
17953,2166671,3,2166674
17954,2166760,1,2166761
17955,2166774,9,2166783
17956,2166943,84,2167027
17957,2167051,1,2167052
17958,2167054,2,2167056
17959,2167333,15,2167348
17960,2167499,13,2167512
17961,2167539,42,2167581
17962,2167621,4,2167625
17963,2167758,3,2167761
17964,2167783,21,2167804
17965,2167895,7,2167902
17966,2168057,13,2168070
17967,2168198,20,2168218
17968,2168401,4,2168405
17969,2168454,7,2168461
17970,2168465,19,2168484
17971,2168546,4,2168550
17972,2168562,5,2168567
17973,2168582,7,2168589
17974,2168730,21,2168751
17975,2168768,6,2168774
17976,2168886,26,2168912
17977,2169234,5,2169239
17978,2169410,26,2169436
17979,2169521,19,2169540
17980,2169996,3,2169999
17981,2170071,56,2170127
17982,2170162,11,2170173
17983,2170175,85,2170260
17984,2170307,14,2170321
17985,2170675,7,2170682
17986,2170798,18,2170816
17987,2170839,13,2170852
17988,2171079,2,2171081
17989,2171092,2,2171094
17990,2171373,3,2171376
17991,2171384,20,2171404
17992,2171512,5,2171517
17993,2171578,20,2171598
17994,2171764,14,2171778
17995,2171800,16,2171816
17996,2171826,5,2171831
17997,2171928,6,2171934
17998,2171972,4,2171976
17999,2172036,33,2172069
18000,2172263,7,2172270
18001,2172294,18,2172312
18002,2172384,39,2172423
18003,2172471,10,2172481
18004,2172614,9,2172623
18005,2172687,21,2172708
18006,2172814,29,2172843
18007,2172927,23,2172950
18008,2173157,3,2173160
18009,2173304,22,2173326
18010,2173377,3,2173380
18011,2173544,33,2173577
18012,2173585,10,2173595
18013,2173721,16,2173737
18014,2173788,7,2173795
18015,2173891,2,2173893
18016,2174257,8,2174265
18017,2174323,15,2174338
18018,2174403,39,2174442
18019,2174476,15,2174491
18020,2174534,16,2174550
18021,2174989,198,2175187
18022,2175303,13,2175316
18023,2175318,13,2175331
18024,2175399,6,2175405
18025,2175511,1,2175512
18026,2175704,1,2175705
18027,2175891,24,2175915
18028,2175975,13,2175988
18029,2176119,22,2176141
18030,2176322,17,2176339
18031,2176732,14,2176746
18032,2176781,23,2176804
18033,2176908,5,2176913
18034,2177072,1,2177073
18035,2177082,24,2177106
18036,2177122,9,2177131
18037,2177154,96,2177250
18038,2177667,44,2177711
18039,2177840,42,2177882
18040,2177906,6,2177912
18041,2177999,1,2178000
18042,2178100,58,2178158
18043,2178207,29,2178236
18044,2178245,11,2178256
18045,2178266,6,2178272
18046,2178323,37,2178360
18047,2178413,53,2178466
18048,2178567,17,2178584
18049,2178714,38,2178752
18050,2179100,7,2179107
18051,2179173,45,2179218
18052,2179487,6,2179493
18053,2179856,4,2179860
18054,2179872,12,2179884
18055,2179904,3,2179907
18056,2179966,11,2179977
18057,2179994,37,2180031
18058,2180088,29,2180117
18059,2180132,66,2180198
18060,2180331,16,2180347
18061,2180357,1,2180358
18062,2180393,20,2180413
18063,2180443,15,2180458
18064,2180490,9,2180499
18065,2180638,9,2180647
18066,2180661,9,2180670
18067,2180857,50,2180907
18068,2180918,5,2180923
18069,2180993,4,2180997
18070,2181035,10,2181045
18071,2181058,29,2181087
18072,2181097,34,2181131
18073,2181232,22,2181254
18074,2181611,33,2181644
18075,2181707,1,2181708
18076,2181722,36,2181758
18077,2181876,4,2181880
18078,2181881,11,2181892
18079,2181990,12,2182002
18080,2182012,41,2182053
18081,2182209,60,2182269
18082,2182340,17,2182357
18083,2182512,14,2182526
18084,2182578,26,2182604
18085,2182653,68,2182721
18086,2182781,33,2182814
18087,2182898,15,2182913
18088,2183285,4,2183289
18089,2183351,11,2183362
18090,2183464,10,2183474
18091,2183482,13,2183495
18092,2183550,8,2183558
18093,2183597,2,2183599
18094,2183607,39,2183646
18095,2183688,3,2183691
18096,2183940,3,2183943
18097,2183955,3,2183958
18098,2183976,13,2183989
18099,2184037,2,2184039
18100,2184051,29,2184080
18101,2184248,11,2184259
18102,2184408,12,2184420
18103,2184537,12,2184549
18104,2184584,24,2184608
18105,2184971,35,2185006
18106,2185105,7,2185112
18107,2185248,2,2185250
18108,2185264,1,2185265
18109,2185340,43,2185383
18110,2185473,5,2185478
18111,2185694,17,2185711
18112,2185846,4,2185850
18113,2186004,10,2186014
18114,2186563,7,2186570
18115,2186872,1,2186873
18116,2186912,43,2186955
18117,2186958,5,2186963
18118,2186964,1,2186965
18119,2187158,7,2187165
18120,2187213,28,2187241
18121,2187285,10,2187295
18122,2187381,52,2187433
18123,2187518,3,2187521
18124,2187565,3,2187568
18125,2187578,20,2187598
18126,2187806,13,2187819
18127,2187932,10,2187942
18128,2188039,49,2188088
18129,2188219,11,2188230
18130,2188316,5,2188321
18131,2188364,26,2188390
18132,2188513,3,2188516
18133,2188558,48,2188606
18134,2188639,13,2188652
18135,2188781,15,2188796
18136,2188818,8,2188826
18137,2188882,31,2188913
18138,2188953,18,2188971
18139,2189099,3,2189102
18140,2189306,9,2189315
18141,2189394,1,2189395
18142,2189607,24,2189631
18143,2189703,3,2189706
18144,2189814,33,2189847
18145,2189860,13,2189873
18146,2189953,11,2189964
18147,2190003,23,2190026
18148,2190080,9,2190089
18149,2190152,69,2190221
18150,2190311,8,2190319
18151,2190338,41,2190379
18152,2190437,13,2190450
18153,2190476,44,2190520
18154,2190527,11,2190538
18155,2190621,40,2190661
18156,2190671,27,2190698
18157,2190700,23,2190723
18158,2190847,35,2190882
18159,2190983,9,2190992
18160,2191055,20,2191075
18161,2191095,14,2191109
18162,2191543,23,2191566
18163,2191692,2,2191694
18164,2191868,5,2191873
18165,2192109,10,2192119
18166,2192225,16,2192241
18167,2192272,15,2192287
18168,2192288,12,2192300
18169,2192344,9,2192353
18170,2192739,7,2192746
18171,2192817,5,2192822
18172,2192849,17,2192866
18173,2193032,6,2193038
18174,2193057,15,2193072
18175,2193123,11,2193134
18176,2193159,32,2193191
18177,2193293,4,2193297
18178,2193339,5,2193344
18179,2193455,4,2193459
18180,2193634,8,2193642
18181,2193728,11,2193739
18182,2193958,3,2193961
18183,2194055,42,2194097
18184,2194204,65,2194269
18185,2194325,5,2194330
18186,2194371,1,2194372
18187,2194449,2,2194451
18188,2194572,3,2194575
18189,2194580,2,2194582
18190,2194588,14,2194602
18191,2194671,44,2194715
18192,2194726,16,2194742
18193,2194838,36,2194874
18194,2194907,17,2194924
18195,2194935,60,2194995
18196,2195243,15,2195258
18197,2195497,3,2195500
18198,2195530,14,2195544
18199,2195896,31,2195927
18200,2195978,9,2195987
18201,2196020,41,2196061
18202,2196137,13,2196150
18203,2196199,1,2196200
18204,2196271,30,2196301
18205,2196361,4,2196365
18206,2196424,9,2196433
18207,2196494,19,2196513
18208,2196556,9,2196565
18209,2196662,10,2196672
18210,2196735,4,2196739
18211,2196800,6,2196806
18212,2196977,19,2196996
18213,2197111,4,2197115
18214,2197138,31,2197169
18215,2197369,16,2197385
18216,2197443,39,2197482
18217,2197617,36,2197653
18218,2197785,22,2197807
18219,2198152,18,2198170
18220,2198188,16,2198204
18221,2198228,9,2198237
18222,2198564,3,2198567
18223,2198715,6,2198721
18224,2198750,7,2198757
18225,2198884,15,2198899
18226,2198997,11,2199008
18227,2199054,17,2199071
18228,2199083,27,2199110
18229,2199234,13,2199247
18230,2199295,17,2199312
18231,2199339,58,2199397
18232,2199532,33,2199565
18233,2199660,3,2199663
18234,2199790,1,2199791
18235,2200084,26,2200110
18236,2200206,4,2200210
18237,2200237,13,2200250
18238,2200267,45,2200312
18239,2200361,1,2200362
18240,2200381,13,2200394
18241,2200507,23,2200530
18242,2200552,4,2200556
18243,2200567,3,2200570
18244,2200619,41,2200660
18245,2200814,42,2200856
18246,2200876,2,2200878
18247,2200936,21,2200957
18248,2200964,87,2201051
18249,2201074,32,2201106
18250,2201264,32,2201296
18251,2201405,38,2201443
18252,2201489,27,2201516
18253,2201572,32,2201604
18254,2201657,47,2201704
18255,2201892,22,2201914
18256,2202007,16,2202023
18257,2202121,1,2202122
18258,2202137,92,2202229
18259,2202455,71,2202526
18260,2202993,7,2203000
18261,2203072,27,2203099
18262,2203123,2,2203125
18263,2203395,9,2203404
18264,2203425,6,2203431
18265,2203532,12,2203544
18266,2203571,23,2203594
18267,2203610,18,2203628
18268,2203688,14,2203702
18269,2203746,2,2203748
18270,2204010,5,2204015
18271,2204057,65,2204122
18272,2204614,21,2204635
18273,2204659,36,2204695
18274,2204759,11,2204770
18275,2204873,4,2204877
18276,2204887,10,2204897
18277,2204997,2,2204999
18278,2205010,27,2205037
18279,2205188,25,2205213
18280,2205235,8,2205243
18281,2205299,18,2205317
18282,2205432,67,2205499
18283,2205537,8,2205545
18284,2205606,25,2205631
18285,2205810,13,2205823
18286,2205920,4,2205924
18287,2206106,107,2206213
18288,2206331,1,2206332
18289,2206380,49,2206429
18290,2206446,64,2206510
18291,2206991,13,2207004
18292,2207028,24,2207052
18293,2207182,7,2207189
18294,2207216,4,2207220
18295,2207450,64,2207514
18296,2207538,2,2207540
18297,2207687,20,2207707
18298,2207726,8,2207734
18299,2207747,6,2207753
18300,2207816,17,2207833
18301,2207980,1,2207981
18302,2208157,5,2208162
18303,2208306,5,2208311
18304,2208363,21,2208384
18305,2208545,70,2208615
18306,2208772,9,2208781
18307,2208883,10,2208893
18308,2208969,24,2208993
18309,2209298,14,2209312
18310,2209480,70,2209550
18311,2209696,3,2209699
18312,2209828,1,2209829
18313,2209970,21,2209991
18314,2210101,39,2210140
18315,2210254,61,2210315
18316,2210484,18,2210502
18317,2210586,18,2210604
18318,2210997,5,2211002
18319,2211170,18,2211188
18320,2211305,18,2211323
18321,2211408,9,2211417
18322,2211492,31,2211523
18323,2211536,38,2211574
18324,2211790,41,2211831
18325,2211909,34,2211943
18326,2211983,10,2211993
18327,2212003,24,2212027
18328,2212225,7,2212232
18329,2212418,2,2212420
18330,2212480,8,2212488
18331,2212512,20,2212532
18332,2212724,35,2212759
18333,2212839,6,2212845
18334,2213127,61,2213188
18335,2213196,22,2213218
18336,2213676,14,2213690
18337,2213910,2,2213912
18338,2213915,53,2213968
18339,2213973,5,2213978
18340,2213991,39,2214030
18341,2214111,1,2214112
18342,2214269,18,2214287
18343,2214293,15,2214308
18344,2214465,4,2214469
18345,2214564,4,2214568
18346,2214810,9,2214819
18347,2214848,7,2214855
18348,2214892,2,2214894
18349,2215023,1,2215024
18350,2215068,23,2215091
18351,2215118,30,2215148
18352,2215367,86,2215453
18353,2215457,58,2215515
18354,2215575,37,2215612
18355,2215714,55,2215769
18356,2215794,17,2215811
18357,2215924,4,2215928
18358,2216019,20,2216039
18359,2216224,38,2216262
18360,2216479,6,2216485
18361,2216533,16,2216549
18362,2216553,1,2216554
18363,2216584,49,2216633
18364,2216747,16,2216763
18365,2216890,11,2216901
18366,2216958,12,2216970
18367,2217024,23,2217047
18368,2217048,17,2217065
18369,2217082,7,2217089
18370,2217158,1,2217159
18371,2217254,9,2217263
18372,2217570,7,2217577
18373,2217590,58,2217648
18374,2217712,16,2217728
18375,2217750,38,2217788
18376,2217795,25,2217820
18377,2217881,8,2217889
18378,2218334,9,2218343
18379,2218636,64,2218700
18380,2218925,3,2218928
18381,2219075,8,2219083
18382,2219144,24,2219168
18383,2219285,1,2219286
18384,2219370,26,2219396
18385,2219412,27,2219439
18386,2219442,47,2219489
18387,2219700,6,2219706
18388,2219831,6,2219837
18389,2219886,9,2219895
18390,2219974,10,2219984
18391,2219995,71,2220066
18392,2220090,27,2220117
18393,2220199,19,2220218
18394,2220442,8,2220450
18395,2220504,22,2220526
18396,2220545,13,2220558
18397,2220733,21,2220754
18398,2220873,3,2220876
18399,2220944,4,2220948
18400,2220953,34,2220987
18401,2221206,8,2221214
18402,2221283,26,2221309
18403,2221643,33,2221676
18404,2221720,17,2221737
18405,2221808,10,2221818
18406,2222149,14,2222163
18407,2222364,12,2222376
18408,2222530,32,2222562
18409,2222653,16,2222669
18410,2222781,25,2222806
18411,2222890,5,2222895
18412,2222950,13,2222963
18413,2222978,29,2223007
18414,2223113,2,2223115
18415,2223176,60,2223236
18416,2223359,29,2223388
18417,2223496,3,2223499
18418,2223629,12,2223641
18419,2223688,2,2223690
18420,2223895,15,2223910
18421,2223964,5,2223969
18422,2224167,35,2224202
18423,2224339,43,2224382
18424,2224427,6,2224433
18425,2224532,21,2224553
18426,2224670,3,2224673
18427,2224710,12,2224722
18428,2224732,18,2224750
18429,2224822,23,2224845
18430,2225141,2,2225143
18431,2225321,30,2225351
18432,2225378,7,2225385
18433,2225438,4,2225442
18434,2225633,43,2225676
18435,2225738,20,2225758
18436,2225883,1,2225884
18437,2226030,7,2226037
18438,2226119,10,2226129
18439,2226330,10,2226340
18440,2226423,20,2226443
18441,2226450,5,2226455
18442,2226687,3,2226690
18443,2226719,6,2226725
18444,2226818,16,2226834
18445,2227102,4,2227106
18446,2227202,5,2227207
18447,2227212,18,2227230
18448,2227394,28,2227422
18449,2227888,39,2227927
18450,2227984,29,2228013
18451,2228266,5,2228271
18452,2228637,12,2228649
18453,2228664,20,2228684
18454,2228733,76,2228809
18455,2228918,8,2228926
18456,2229001,13,2229014
18457,2229035,40,2229075
18458,2229097,22,2229119
18459,2229252,5,2229257
18460,2229452,5,2229457
18461,2229526,21,2229547
18462,2229582,25,2229607
18463,2229620,3,2229623
18464,2229777,10,2229787
18465,2230238,2,2230240
18466,2230837,32,2230869
18467,2230945,69,2231014
18468,2231020,33,2231053
18469,2231054,13,2231067
18470,2231091,35,2231126
18471,2231304,14,2231318
18472,2231327,30,2231357
18473,2231710,38,2231748
18474,2231849,7,2231856
18475,2231869,3,2231872
18476,2231902,15,2231917
18477,2231956,67,2232023
18478,2232057,40,2232097
18479,2232316,11,2232327
18480,2232555,12,2232567
18481,2232800,39,2232839
18482,2232952,2,2232954
18483,2233004,2,2233006
18484,2233209,7,2233216
18485,2233520,21,2233541
18486,2233720,17,2233737
18487,2233742,120,2233862
18488,2233986,15,2234001
18489,2234049,7,2234056
18490,2234223,36,2234259
18491,2234283,67,2234350
18492,2234371,19,2234390
18493,2234536,5,2234541
18494,2234775,42,2234817
18495,2235043,15,2235058
18496,2235181,29,2235210
18497,2235336,9,2235345
18498,2235368,18,2235386
18499,2235443,1,2235444
18500,2235508,11,2235519
18501,2235590,30,2235620
18502,2235637,4,2235641
18503,2235672,7,2235679
18504,2235718,45,2235763
18505,2235793,38,2235831
18506,2235878,38,2235916
18507,2235993,2,2235995
18508,2236048,22,2236070
18509,2236211,37,2236248
18510,2236249,6,2236255
18511,2236265,4,2236269
18512,2236300,30,2236330
18513,2236447,3,2236450
18514,2236479,51,2236530
18515,2236583,2,2236585
18516,2236692,3,2236695
18517,2236716,24,2236740
18518,2236956,17,2236973
18519,2236977,2,2236979
18520,2237269,30,2237299
18521,2237387,28,2237415
18522,2237455,16,2237471
18523,2237506,1,2237507
18524,2237617,2,2237619
18525,2237629,11,2237640
18526,2237675,4,2237679
18527,2237694,42,2237736
18528,2237791,14,2237805
18529,2237888,24,2237912
18530,2237942,2,2237944
18531,2237945,3,2237948
18532,2238101,18,2238119
18533,2238332,2,2238334
18534,2238477,11,2238488
18535,2238524,17,2238541
18536,2238646,13,2238659
18537,2238722,16,2238738
18538,2238766,8,2238774
18539,2238786,1,2238787
18540,2238849,19,2238868
18541,2238920,38,2238958
18542,2239017,20,2239037
18543,2239046,5,2239051
18544,2239065,20,2239085
18545,2239350,8,2239358
18546,2239479,15,2239494
18547,2239553,10,2239563
18548,2239637,47,2239684
18549,2239807,20,2239827
18550,2239863,13,2239876
18551,2239913,52,2239965
18552,2240046,12,2240058
18553,2240216,14,2240230
18554,2240333,1,2240334
18555,2240359,17,2240376
18556,2240853,37,2240890
18557,2240992,4,2240996
18558,2241248,5,2241253
18559,2241324,14,2241338
18560,2241555,31,2241586
18561,2241797,18,2241815
18562,2241875,3,2241878
18563,2241940,8,2241948
18564,2242046,1,2242047
18565,2242052,8,2242060
18566,2242454,4,2242458
18567,2242614,3,2242617
18568,2242703,54,2242757
18569,2242908,18,2242926
18570,2242988,52,2243040
18571,2243076,5,2243081
18572,2243101,8,2243109
18573,2243200,8,2243208
18574,2243246,14,2243260
18575,2243369,34,2243403
18576,2243445,14,2243459
18577,2243863,11,2243874
18578,2243922,40,2243962
18579,2244142,36,2244178
18580,2244190,15,2244205
18581,2244270,1,2244271
18582,2244320,5,2244325
18583,2244643,16,2244659
18584,2244660,20,2244680
18585,2244685,2,2244687
18586,2244690,5,2244695
18587,2244777,4,2244781
18588,2244787,46,2244833
18589,2244938,57,2244995
18590,2244999,37,2245036
18591,2245217,9,2245226
18592,2245240,11,2245251
18593,2245435,9,2245444
18594,2245735,20,2245755
18595,2245757,1,2245758
18596,2245811,62,2245873
18597,2246049,10,2246059
18598,2246214,18,2246232
18599,2246397,46,2246443
18600,2246601,11,2246612
18601,2246639,20,2246659
18602,2246796,16,2246812
18603,2246861,41,2246902
18604,2246943,50,2246993
18605,2247032,11,2247043
18606,2247090,26,2247116
18607,2247120,8,2247128
18608,2247156,36,2247192
18609,2247252,19,2247271
18610,2247315,15,2247330
18611,2247415,23,2247438
18612,2247508,21,2247529
18613,2247597,20,2247617
18614,2247724,4,2247728
18615,2247965,70,2248035
18616,2248076,8,2248084
18617,2248248,3,2248251
18618,2248759,22,2248781
18619,2248808,2,2248810
18620,2248847,18,2248865
18621,2248962,28,2248990
18622,2249163,41,2249204
18623,2249227,33,2249260
18624,2249338,47,2249385
18625,2249426,6,2249432
18626,2249479,3,2249482
18627,2249540,24,2249564
18628,2249698,47,2249745
18629,2249883,2,2249885
18630,2249969,10,2249979
18631,2249996,8,2250004
18632,2250257,45,2250302
18633,2250601,1,2250602
18634,2250608,6,2250614
18635,2250617,15,2250632
18636,2250714,41,2250755
18637,2250860,4,2250864
18638,2250977,4,2250981
18639,2251099,36,2251135
18640,2251291,5,2251296
18641,2251333,12,2251345
18642,2251487,8,2251495
18643,2251914,16,2251930
18644,2252002,20,2252022
18645,2252176,2,2252178
18646,2252217,24,2252241
18647,2252257,20,2252277
18648,2252322,83,2252405
18649,2252647,45,2252692
18650,2252985,20,2253005
18651,2253248,32,2253280
18652,2253288,23,2253311
18653,2253416,55,2253471
18654,2253582,10,2253592
18655,2253682,17,2253699
18656,2253722,40,2253762
18657,2253891,21,2253912
18658,2254059,117,2254176
18659,2254273,8,2254281
18660,2254282,7,2254289
18661,2254334,1,2254335
18662,2254379,2,2254381
18663,2254472,28,2254500
18664,2254551,11,2254562
18665,2254700,3,2254703
18666,2254785,13,2254798
18667,2254857,1,2254858
18668,2255126,6,2255132
18669,2255202,59,2255261
18670,2255293,5,2255298
18671,2255521,64,2255585
18672,2255862,4,2255866
18673,2256100,6,2256106
18674,2256132,11,2256143
18675,2256155,43,2256198
18676,2256288,5,2256293
18677,2256305,25,2256330
18678,2256383,9,2256392
18679,2256412,7,2256419
18680,2256486,25,2256511
18681,2256534,19,2256553
18682,2256576,9,2256585
18683,2256605,5,2256610
18684,2256695,20,2256715
18685,2256911,9,2256920
18686,2256968,83,2257051
18687,2257316,50,2257366
18688,2257625,23,2257648
18689,2257657,23,2257680
18690,2257687,24,2257711
18691,2257788,3,2257791
18692,2257802,41,2257843
18693,2257861,21,2257882
18694,2257910,21,2257931
18695,2258016,3,2258019
18696,2258040,6,2258046
18697,2258185,20,2258205
18698,2258233,45,2258278
18699,2258677,51,2258728
18700,2258827,10,2258837
18701,2259238,5,2259243
18702,2259321,26,2259347
18703,2259480,91,2259571
18704,2259715,19,2259734
18705,2259750,43,2259793
18706,2259871,10,2259881
18707,2259887,45,2259932
18708,2260088,6,2260094
18709,2260112,4,2260116
18710,2260354,44,2260398
18711,2260475,11,2260486
18712,2260489,3,2260492
18713,2260530,29,2260559
18714,2260624,23,2260647
18715,2260663,11,2260674
18716,2261004,9,2261013
18717,2261061,15,2261076
18718,2261231,2,2261233
18719,2261819,26,2261845
18720,2261910,42,2261952
18721,2262045,8,2262053
18722,2262067,7,2262074
18723,2262260,20,2262280
18724,2262333,22,2262355
18725,2262575,6,2262581
18726,2263049,19,2263068
18727,2263207,1,2263208
18728,2263571,23,2263594
18729,2263733,48,2263781
18730,2264051,17,2264068
18731,2264077,2,2264079
18732,2264415,1,2264416
18733,2264522,84,2264606
18734,2264623,20,2264643
18735,2264695,23,2264718
18736,2264729,2,2264731
18737,2264816,27,2264843
18738,2264846,12,2264858
18739,2264878,19,2264897
18740,2264917,40,2264957
18741,2265083,59,2265142
18742,2265196,72,2265268
18743,2265337,34,2265371
18744,2265384,14,2265398
18745,2265446,12,2265458
18746,2265549,7,2265556
18747,2265817,3,2265820
18748,2265897,25,2265922
18749,2266170,6,2266176
18750,2266190,16,2266206
18751,2266234,10,2266244
18752,2266432,17,2266449
18753,2266454,32,2266486
18754,2266921,9,2266930
18755,2267012,29,2267041
18756,2267065,17,2267082
18757,2267427,2,2267429
18758,2267479,7,2267486
18759,2267505,11,2267516
18760,2267645,12,2267657
18761,2267731,38,2267769
18762,2267838,8,2267846
18763,2268064,8,2268072
18764,2268105,47,2268152
18765,2268193,25,2268218
18766,2268456,37,2268493
18767,2268644,1,2268645
18768,2268741,5,2268746
18769,2268782,9,2268791
18770,2268815,36,2268851
18771,2268883,15,2268898
18772,2268982,21,2269003
18773,2269060,4,2269064
18774,2269305,11,2269316
18775,2269378,15,2269393
18776,2269447,7,2269454
18777,2269542,2,2269544
18778,2269633,2,2269635
18779,2269762,34,2269796
18780,2269936,15,2269951
18781,2269968,9,2269977
18782,2270467,2,2270469
18783,2270476,26,2270502
18784,2270595,35,2270630
18785,2270708,53,2270761
18786,2270768,2,2270770
18787,2270776,16,2270792
18788,2270809,68,2270877
18789,2270905,33,2270938
18790,2270969,4,2270973
18791,2271025,23,2271048
18792,2271061,28,2271089
18793,2271101,51,2271152
18794,2271161,2,2271163
18795,2271413,46,2271459
18796,2271587,18,2271605
18797,2271625,10,2271635
18798,2271643,11,2271654
18799,2271669,4,2271673
18800,2271794,5,2271799
18801,2271802,11,2271813
18802,2271960,22,2271982
18803,2272017,1,2272018
18804,2272129,37,2272166
18805,2272417,11,2272428
18806,2272524,22,2272546
18807,2272642,2,2272644
18808,2272708,11,2272719
18809,2272754,27,2272781
18810,2272793,22,2272815
18811,2272903,4,2272907
18812,2272957,30,2272987
18813,2273007,22,2273029
18814,2273207,4,2273211
18815,2273240,5,2273245
18816,2273291,17,2273308
18817,2273395,8,2273403
18818,2273457,11,2273468
18819,2273580,12,2273592
18820,2273679,9,2273688
18821,2273726,23,2273749
18822,2273806,14,2273820
18823,2273827,17,2273844
18824,2274000,50,2274050
18825,2274066,6,2274072
18826,2274331,2,2274333
18827,2274385,6,2274391
18828,2274679,16,2274695
18829,2274731,1,2274732
18830,2274753,13,2274766
18831,2274948,2,2274950
18832,2275047,28,2275075
18833,2275140,58,2275198
18834,2275352,20,2275372
18835,2275662,46,2275708
18836,2275782,34,2275816
18837,2275979,43,2276022
18838,2276028,2,2276030
18839,2276113,10,2276123
18840,2276128,4,2276132
18841,2276304,5,2276309
18842,2276318,12,2276330
18843,2276417,23,2276440
18844,2276445,15,2276460
18845,2276509,3,2276512
18846,2276537,9,2276546
18847,2276822,15,2276837
18848,2276870,24,2276894
18849,2276913,25,2276938
18850,2276945,2,2276947
18851,2277044,9,2277053
18852,2277127,52,2277179
18853,2277306,22,2277328
18854,2277588,81,2277669
18855,2277680,4,2277684
18856,2277852,8,2277860
18857,2277893,31,2277924
18858,2277958,2,2277960
18859,2277974,4,2277978
18860,2278086,3,2278089
18861,2278095,22,2278117
18862,2278207,11,2278218
18863,2278371,7,2278378
18864,2278380,29,2278409
18865,2278630,5,2278635
18866,2278689,1,2278690
18867,2279132,61,2279193
18868,2279204,16,2279220
18869,2279255,19,2279274
18870,2279398,4,2279402
18871,2279639,33,2279672
18872,2279893,11,2279904
18873,2280098,14,2280112
18874,2280159,19,2280178
18875,2280266,1,2280267
18876,2280399,1,2280400
18877,2280480,2,2280482
18878,2280486,7,2280493
18879,2280507,5,2280512
18880,2280531,17,2280548
18881,2280620,5,2280625
18882,2280718,52,2280770
18883,2280798,54,2280852
18884,2280933,5,2280938
18885,2280992,18,2281010
18886,2281032,202,2281234
18887,2281300,9,2281309
18888,2281367,6,2281373
18889,2281374,6,2281380
18890,2281471,56,2281527
18891,2281629,2,2281631
18892,2281636,72,2281708
18893,2281720,7,2281727
18894,2281888,27,2281915
18895,2282003,63,2282066
18896,2282135,6,2282141
18897,2282247,7,2282254
18898,2282285,9,2282294
18899,2282296,31,2282327
18900,2282476,5,2282481
18901,2282736,29,2282765
18902,2282832,59,2282891
18903,2282906,9,2282915
18904,2282926,15,2282941
18905,2283002,11,2283013
18906,2283474,9,2283483
18907,2283523,12,2283535
18908,2283545,10,2283555
18909,2283614,80,2283694
18910,2283769,3,2283772
18911,2283781,2,2283783
18912,2283978,11,2283989
18913,2284040,19,2284059
18914,2284169,11,2284180
18915,2284261,4,2284265
18916,2284335,7,2284342
18917,2284483,31,2284514
18918,2284886,7,2284893
18919,2284955,25,2284980
18920,2285108,15,2285123
18921,2285433,11,2285444
18922,2285589,23,2285612
18923,2285801,9,2285810
18924,2286106,4,2286110
18925,2286305,1,2286306
18926,2286588,6,2286594
18927,2286695,18,2286713
18928,2286755,1,2286756
18929,2286872,34,2286906
18930,2287137,21,2287158
18931,2287425,40,2287465
18932,2287527,18,2287545
18933,2287550,18,2287568
18934,2287890,10,2287900
18935,2288235,36,2288271
18936,2288509,51,2288560
18937,2288641,3,2288644
18938,2288647,14,2288661
18939,2288789,9,2288798
18940,2288867,10,2288877
18941,2288908,9,2288917
18942,2289012,13,2289025
18943,2289173,4,2289177
18944,2289249,31,2289280
18945,2289381,26,2289407
18946,2289460,17,2289477
18947,2289551,33,2289584
18948,2289762,9,2289771
18949,2289779,13,2289792
18950,2289873,27,2289900
18951,2289973,48,2290021
18952,2290148,3,2290151
18953,2290230,17,2290247
18954,2290493,8,2290501
18955,2290566,6,2290572
18956,2290826,93,2290919
18957,2291026,20,2291046
18958,2291060,10,2291070
18959,2291086,17,2291103
18960,2291196,2,2291198
18961,2291314,40,2291354
18962,2291414,36,2291450
18963,2291781,13,2291794
18964,2291885,15,2291900
18965,2292037,43,2292080
18966,2292179,16,2292195
18967,2292268,9,2292277
18968,2292306,95,2292401
18969,2292436,19,2292455
18970,2292482,4,2292486
18971,2292586,46,2292632
18972,2292638,20,2292658
18973,2292810,12,2292822
18974,2292852,4,2292856
18975,2293025,18,2293043
18976,2293084,6,2293090
18977,2293098,20,2293118
18978,2293211,12,2293223
18979,2293367,2,2293369
18980,2293372,13,2293385
18981,2293599,26,2293625
18982,2293669,11,2293680
18983,2293701,15,2293716
18984,2293957,2,2293959
18985,2293968,3,2293971
18986,2294013,6,2294019
18987,2294102,15,2294117
18988,2294354,43,2294397
18989,2294665,11,2294676
18990,2294683,1,2294684
18991,2294773,11,2294784
18992,2294830,12,2294842
18993,2294887,3,2294890
18994,2294929,196,2295125
18995,2295177,44,2295221
18996,2295222,5,2295227
18997,2295315,2,2295317
18998,2295377,53,2295430
18999,2295437,7,2295444
19000,2295468,9,2295477
19001,2295621,29,2295650
19002,2295739,50,2295789
19003,2295933,45,2295978
19004,2296079,11,2296090
19005,2296278,2,2296280
19006,2296333,49,2296382
19007,2296398,9,2296407
19008,2296435,4,2296439
19009,2296526,23,2296549
19010,2296677,7,2296684
19011,2296730,23,2296753
19012,2296911,30,2296941
19013,2297130,16,2297146
19014,2297277,5,2297282
19015,2297287,6,2297293
19016,2297377,29,2297406
19017,2297477,5,2297482
19018,2297622,25,2297647
19019,2297828,4,2297832
19020,2297862,48,2297910
19021,2298225,2,2298227
19022,2298267,51,2298318
19023,2298407,27,2298434
19024,2298479,37,2298516
19025,2298677,9,2298686
19026,2298856,14,2298870
19027,2298921,11,2298932
19028,2299076,16,2299092
19029,2299103,7,2299110
19030,2299207,26,2299233
19031,2299244,12,2299256
19032,2299508,34,2299542
19033,2299567,5,2299572
19034,2299603,13,2299616
19035,2299663,4,2299667
19036,2299673,5,2299678
19037,2299731,41,2299772
19038,2299797,4,2299801
19039,2299837,42,2299879
19040,2299925,11,2299936
19041,2300032,13,2300045
19042,2300314,27,2300341
19043,2300423,21,2300444
19044,2300448,3,2300451
19045,2300540,13,2300553
19046,2300582,23,2300605
19047,2301076,22,2301098
19048,2301200,15,2301215
19049,2301563,21,2301584
19050,2301612,4,2301616
19051,2301618,14,2301632
19052,2301757,10,2301767
19053,2301791,41,2301832
19054,2301891,9,2301900
19055,2301955,32,2301987
19056,2302009,9,2302018
19057,2302022,12,2302034
19058,2302122,20,2302142
19059,2302244,19,2302263
19060,2302270,6,2302276
19061,2302295,9,2302304
19062,2302451,24,2302475
19063,2302523,19,2302542
19064,2302692,24,2302716
19065,2302731,4,2302735
19066,2302752,19,2302771
19067,2302818,42,2302860
19068,2302962,21,2302983
19069,2302986,4,2302990
19070,2303332,24,2303356
19071,2303378,4,2303382
19072,2303456,6,2303462
19073,2303611,14,2303625
19074,2303691,18,2303709
19075,2303730,18,2303748
19076,2303971,11,2303982
19077,2304303,22,2304325
19078,2304446,10,2304456
19079,2304581,9,2304590
19080,2304600,6,2304606
19081,2304669,31,2304700
19082,2304809,25,2304834
19083,2304872,8,2304880
19084,2304888,28,2304916
19085,2305203,3,2305206
19086,2305436,8,2305444
19087,2305507,30,2305537
19088,2305665,1,2305666
19089,2305756,4,2305760
19090,2306057,3,2306060
19091,2306092,16,2306108
19092,2306293,16,2306309
19093,2306323,3,2306326
19094,2306389,40,2306429
19095,2306465,68,2306533
19096,2306602,9,2306611
19097,2306726,38,2306764
19098,2306773,4,2306777
19099,2306916,8,2306924
19100,2307102,6,2307108
19101,2307227,2,2307229
19102,2307314,53,2307367
19103,2307513,3,2307516
19104,2307527,20,2307547
19105,2307618,9,2307627
19106,2307695,17,2307712
19107,2307714,80,2307794
19108,2307849,9,2307858
19109,2307924,3,2307927
19110,2308038,47,2308085
19111,2308183,13,2308196
19112,2308341,28,2308369
19113,2308547,20,2308567
19114,2308608,6,2308614
19115,2308720,13,2308733
19116,2308774,2,2308776
19117,2308799,28,2308827
19118,2308887,12,2308899
19119,2308936,12,2308948
19120,2309046,15,2309061
19121,2309217,10,2309227
19122,2309299,5,2309304
19123,2309348,2,2309350
19124,2309464,2,2309466
19125,2309573,20,2309593
19126,2309594,41,2309635
19127,2309636,10,2309646
19128,2309724,5,2309729
19129,2309744,31,2309775
19130,2309875,5,2309880
19131,2309903,2,2309905
19132,2309912,6,2309918
19133,2309973,12,2309985
19134,2310009,1,2310010
19135,2310802,12,2310814
19136,2310943,22,2310965
19137,2311596,7,2311603
19138,2311630,1,2311631
19139,2311652,30,2311682
19140,2311894,81,2311975
19141,2312138,1,2312139
19142,2312199,23,2312222
19143,2312391,26,2312417
19144,2312453,6,2312459
19145,2312476,42,2312518
19146,2312547,35,2312582
19147,2312584,35,2312619
19148,2312691,36,2312727
19149,2312800,9,2312809
19150,2312815,4,2312819
19151,2312967,15,2312982
19152,2313186,13,2313199
19153,2313328,11,2313339
19154,2313371,23,2313394
19155,2313490,15,2313505
19156,2313509,5,2313514
19157,2313630,77,2313707
19158,2313835,36,2313871
19159,2313872,21,2313893
19160,2313942,5,2313947
19161,2314010,179,2314189
19162,2314191,4,2314195
19163,2314256,3,2314259
19164,2314577,3,2314580
19165,2314926,7,2314933
19166,2315012,54,2315066
19167,2315076,4,2315080
19168,2315137,32,2315169
19169,2315215,49,2315264
19170,2315294,7,2315301
19171,2315326,83,2315409
19172,2315458,5,2315463
19173,2315564,11,2315575
19174,2315655,16,2315671
19175,2315725,8,2315733
19176,2315757,28,2315785
19177,2315973,23,2315996
19178,2316167,58,2316225
19179,2316365,7,2316372
19180,2316391,31,2316422
19181,2316463,4,2316467
19182,2316537,14,2316551
19183,2316583,53,2316636
19184,2316659,4,2316663
19185,2316665,2,2316667
19186,2316726,1,2316727
19187,2317020,23,2317043
19188,2317077,17,2317094
19189,2317200,6,2317206
19190,2317291,62,2317353
19191,2317356,2,2317358
19192,2317402,20,2317422
19193,2317444,8,2317452
19194,2317593,16,2317609
19195,2317613,1,2317614
19196,2317742,6,2317748
19197,2317755,2,2317757
19198,2317845,1,2317846
19199,2317888,11,2317899
19200,2317974,18,2317992
19201,2318189,19,2318208
19202,2318218,31,2318249
19203,2318317,7,2318324
19204,2318509,12,2318521
19205,2318580,18,2318598
19206,2318599,22,2318621
19207,2318665,3,2318668
19208,2318736,38,2318774
19209,2318839,37,2318876
19210,2318951,44,2318995
19211,2319014,6,2319020
19212,2319136,17,2319153
19213,2319176,6,2319182
19214,2319290,27,2319317
19215,2319364,6,2319370
19216,2319390,31,2319421
19217,2319515,11,2319526
19218,2319534,18,2319552
19219,2319567,12,2319579
19220,2319693,46,2319739
19221,2319824,6,2319830
19222,2319833,32,2319865
19223,2320017,7,2320024
19224,2320197,35,2320232
19225,2320426,2,2320428
19226,2320443,30,2320473
19227,2320571,6,2320577
19228,2320599,5,2320604
19229,2320609,39,2320648
19230,2320725,4,2320729
19231,2320945,19,2320964
19232,2320977,1,2320978
19233,2321062,5,2321067
19234,2321092,70,2321162
19235,2321291,24,2321315
19236,2321379,1,2321380
19237,2321416,15,2321431
19238,2321538,14,2321552
19239,2321572,54,2321626
19240,2321928,7,2321935
19241,2322052,1,2322053
19242,2322092,83,2322175
19243,2322426,36,2322462
19244,2322489,12,2322501
19245,2322555,17,2322572
19246,2322581,8,2322589
19247,2322706,17,2322723
19248,2322771,53,2322824
19249,2322887,35,2322922
19250,2323049,18,2323067
19251,2323084,11,2323095
19252,2323210,26,2323236
19253,2323295,64,2323359
19254,2323553,24,2323577
19255,2323757,4,2323761
19256,2323762,10,2323772
19257,2323919,5,2323924
19258,2324035,17,2324052
19259,2324276,33,2324309
19260,2324626,53,2324679
19261,2324794,13,2324807
19262,2324872,8,2324880
19263,2324974,2,2324976
19264,2325034,9,2325043
19265,2325119,11,2325130
19266,2325335,7,2325342
19267,2325381,10,2325391
19268,2325520,18,2325538
19269,2325933,13,2325946
19270,2325953,8,2325961
19271,2326073,12,2326085
19272,2326100,25,2326125
19273,2326167,4,2326171
19274,2326203,26,2326229
19275,2326277,8,2326285
19276,2326328,2,2326330
19277,2326333,2,2326335
19278,2326340,29,2326369
19279,2326383,4,2326387
19280,2326392,11,2326403
19281,2326524,57,2326581
19282,2326706,16,2326722
19283,2326724,24,2326748
19284,2326763,10,2326773
19285,2326981,12,2326993
19286,2327090,57,2327147
19287,2327198,7,2327205
19288,2327434,56,2327490
19289,2327534,3,2327537
19290,2327617,30,2327647
19291,2327662,6,2327668
19292,2327687,5,2327692
19293,2327705,7,2327712
19294,2327756,26,2327782
19295,2327799,4,2327803
19296,2327855,12,2327867
19297,2327872,2,2327874
19298,2327876,7,2327883
19299,2328002,64,2328066
19300,2328217,32,2328249
19301,2328262,18,2328280
19302,2328302,54,2328356
19303,2328644,9,2328653
19304,2329135,18,2329153
19305,2329330,22,2329352
19306,2329569,8,2329577
19307,2329725,18,2329743
19308,2329825,5,2329830
19309,2329839,37,2329876
19310,2329908,11,2329919
19311,2329926,6,2329932
19312,2330031,39,2330070
19313,2330131,5,2330136
19314,2330423,22,2330445
19315,2330545,44,2330589
19316,2330685,7,2330692
19317,2330730,18,2330748
19318,2330874,2,2330876
19319,2330943,41,2330984
19320,2331035,17,2331052
19321,2331070,51,2331121
19322,2331135,8,2331143
19323,2331260,15,2331275
19324,2331371,8,2331379
19325,2331508,8,2331516
19326,2331657,13,2331670
19327,2331896,29,2331925
19328,2332090,15,2332105
19329,2332318,11,2332329
19330,2332564,23,2332587
19331,2332703,23,2332726
19332,2332805,8,2332813
19333,2333056,7,2333063
19334,2333122,41,2333163
19335,2333231,9,2333240
19336,2333364,5,2333369
19337,2333448,20,2333468
19338,2333617,21,2333638
19339,2333971,42,2334013
19340,2334037,1,2334038
19341,2334227,3,2334230
19342,2334303,12,2334315
19343,2334533,86,2334619
19344,2334647,16,2334663
19345,2334831,13,2334844
19346,2334899,12,2334911
19347,2334975,24,2334999
19348,2335044,25,2335069
19349,2335310,1,2335311
19350,2335327,73,2335400
19351,2335407,17,2335424
19352,2335487,10,2335497
19353,2335535,1,2335536
19354,2335649,14,2335663
19355,2335683,7,2335690
19356,2335763,5,2335768
19357,2335989,22,2336011
19358,2336029,11,2336040
19359,2336304,25,2336329
19360,2336332,2,2336334
19361,2336344,10,2336354
19362,2336405,9,2336414
19363,2336514,23,2336537
19364,2336608,20,2336628
19365,2336720,7,2336727
19366,2336732,41,2336773
19367,2336915,11,2336926
19368,2336932,1,2336933
19369,2336946,1,2336947
19370,2337049,21,2337070
19371,2337122,3,2337125
19372,2337183,3,2337186
19373,2337227,59,2337286
19374,2337502,5,2337507
19375,2337511,5,2337516
19376,2337543,10,2337553
19377,2337579,7,2337586
19378,2337829,13,2337842
19379,2337865,18,2337883
19380,2337978,25,2338003
19381,2338016,8,2338024
19382,2338047,7,2338054
19383,2338553,7,2338560
19384,2338609,2,2338611
19385,2338755,1,2338756
19386,2338769,24,2338793
19387,2338932,19,2338951
19388,2339019,35,2339054
19389,2339246,16,2339262
19390,2339524,25,2339549
19391,2339642,3,2339645
19392,2339884,10,2339894
19393,2340004,3,2340007
19394,2340162,51,2340213
19395,2340255,29,2340284
19396,2340472,5,2340477
19397,2340493,16,2340509
19398,2340534,2,2340536
19399,2340567,5,2340572
19400,2340716,30,2340746
19401,2340789,7,2340796
19402,2340947,25,2340972
19403,2340992,8,2341000
19404,2341110,41,2341151
19405,2341201,1,2341202
19406,2341248,17,2341265
19407,2341354,21,2341375
19408,2341400,20,2341420
19409,2341650,7,2341657
19410,2341768,1,2341769
19411,2341798,28,2341826
19412,2341944,47,2341991
19413,2342045,44,2342089
19414,2342160,8,2342168
19415,2342192,12,2342204
19416,2342511,3,2342514
19417,2342533,33,2342566
19418,2342673,6,2342679
19419,2342682,13,2342695
19420,2342706,39,2342745
19421,2342779,7,2342786
19422,2342805,13,2342818
19423,2342898,12,2342910
19424,2342958,32,2342990
19425,2343005,32,2343037
19426,2343223,10,2343233
19427,2343478,8,2343486
19428,2343587,7,2343594
19429,2343687,1,2343688
19430,2343754,17,2343771
19431,2343814,21,2343835
19432,2344073,5,2344078
19433,2344214,39,2344253
19434,2344263,11,2344274
19435,2344361,26,2344387
19436,2344402,3,2344405
19437,2344433,37,2344470
19438,2344567,5,2344572
19439,2344618,2,2344620
19440,2344628,28,2344656
19441,2344661,12,2344673
19442,2344722,2,2344724
19443,2344754,15,2344769
19444,2344825,9,2344834
19445,2345081,2,2345083
19446,2345171,6,2345177
19447,2345246,13,2345259
19448,2345287,8,2345295
19449,2345365,1,2345366
19450,2345499,61,2345560
19451,2345585,5,2345590
19452,2345679,36,2345715
19453,2345808,5,2345813
19454,2345820,16,2345836
19455,2345839,5,2345844
19456,2345946,27,2345973
19457,2345991,37,2346028
19458,2346117,5,2346122
19459,2346125,8,2346133
19460,2346169,33,2346202
19461,2346276,7,2346283
19462,2346500,106,2346606
19463,2346629,3,2346632
19464,2346648,21,2346669
19465,2346960,11,2346971
19466,2347135,8,2347143
19467,2347164,52,2347216
19468,2347243,33,2347276
19469,2347302,31,2347333
19470,2347430,8,2347438
19471,2347443,65,2347508
19472,2347553,10,2347563
19473,2347566,31,2347597
19474,2347610,13,2347623
19475,2347825,1,2347826
19476,2347843,18,2347861
19477,2347933,7,2347940
19478,2348008,20,2348028
19479,2348044,5,2348049
19480,2348061,45,2348106
19481,2348372,15,2348387
19482,2348498,26,2348524
19483,2348562,67,2348629
19484,2348776,18,2348794
19485,2348866,6,2348872
19486,2349160,24,2349184
19487,2349242,1,2349243
19488,2349311,53,2349364
19489,2349438,12,2349450
19490,2349551,21,2349572
19491,2350082,77,2350159
19492,2350285,5,2350290
19493,2350393,16,2350409
19494,2350490,2,2350492
19495,2350574,5,2350579
19496,2350746,32,2350778
19497,2350823,7,2350830
19498,2351170,11,2351181
19499,2351188,7,2351195
19500,2351302,22,2351324
19501,2351580,9,2351589
19502,2351676,19,2351695
19503,2351896,32,2351928
19504,2352169,3,2352172
19505,2352361,34,2352395
19506,2352502,16,2352518
19507,2352746,8,2352754
19508,2352879,23,2352902
19509,2353027,14,2353041
19510,2353070,40,2353110
19511,2353145,8,2353153
19512,2353297,1,2353298
19513,2353442,7,2353449
19514,2353486,51,2353537
19515,2353540,22,2353562
19516,2353980,7,2353987
19517,2354045,9,2354054
19518,2354074,1,2354075
19519,2354174,3,2354177
19520,2354430,3,2354433
19521,2354541,9,2354550
19522,2354695,19,2354714
19523,2354737,3,2354740
19524,2354833,1,2354834
19525,2354920,14,2354934
19526,2354977,14,2354991
19527,2355205,3,2355208
19528,2355426,37,2355463
19529,2355520,6,2355526
19530,2355615,6,2355621
19531,2355641,35,2355676
19532,2355691,2,2355693
19533,2355720,19,2355739
19534,2355743,11,2355754
19535,2355797,30,2355827
19536,2355855,6,2355861
19537,2356010,19,2356029
19538,2356503,27,2356530
19539,2356538,14,2356552
19540,2356556,17,2356573
19541,2356607,117,2356724
19542,2356797,35,2356832
19543,2356851,12,2356863
19544,2356981,3,2356984
19545,2357061,32,2357093
19546,2357134,8,2357142
19547,2357260,47,2357307
19548,2357312,4,2357316
19549,2357384,15,2357399
19550,2357608,11,2357619
19551,2357738,25,2357763
19552,2357846,19,2357865
19553,2357968,13,2357981
19554,2358034,4,2358038
19555,2358086,8,2358094
19556,2358324,16,2358340
19557,2358345,60,2358405
19558,2358559,3,2358562
19559,2358762,5,2358767
19560,2358986,4,2358990
19561,2359105,62,2359167
19562,2359245,9,2359254
19563,2359283,15,2359298
19564,2359409,87,2359496
19565,2359574,8,2359582
19566,2359588,2,2359590
19567,2359800,2,2359802
19568,2359833,6,2359839
19569,2359864,47,2359911
19570,2359926,12,2359938
19571,2359966,14,2359980
19572,2360014,2,2360016
19573,2360207,37,2360244
19574,2360261,32,2360293
19575,2360337,1,2360338
19576,2360755,13,2360768
19577,2360825,2,2360827
19578,2361124,54,2361178
19579,2361188,6,2361194
19580,2361389,12,2361401
19581,2361439,12,2361451
19582,2361544,12,2361556
19583,2361619,1,2361620
19584,2361679,26,2361705
19585,2361724,2,2361726
19586,2361780,25,2361805
19587,2361907,7,2361914
19588,2361952,4,2361956
19589,2362076,8,2362084
19590,2362136,8,2362144
19591,2362217,2,2362219
19592,2362285,2,2362287
19593,2362309,46,2362355
19594,2362514,5,2362519
19595,2362605,60,2362665
19596,2362703,2,2362705
19597,2362774,9,2362783
19598,2362843,11,2362854
19599,2362881,2,2362883
19600,2363094,15,2363109
19601,2363134,6,2363140
19602,2363217,18,2363235
19603,2363268,31,2363299
19604,2363469,82,2363551
19605,2363700,72,2363772
19606,2363780,13,2363793
19607,2363805,5,2363810
19608,2364079,124,2364203
19609,2364236,1,2364237
19610,2364295,32,2364327
19611,2364397,14,2364411
19612,2364463,14,2364477
19613,2364515,35,2364550
19614,2364568,66,2364634
19615,2364639,7,2364646
19616,2364701,6,2364707
19617,2364730,3,2364733
19618,2364772,27,2364799
19619,2364973,5,2364978
19620,2365088,1,2365089
19621,2365138,17,2365155
19622,2365246,82,2365328
19623,2365345,2,2365347
19624,2365434,38,2365472
19625,2365602,46,2365648
19626,2365701,30,2365731
19627,2365778,16,2365794
19628,2365872,10,2365882
19629,2365884,34,2365918
19630,2366218,2,2366220
19631,2366334,17,2366351
19632,2366450,7,2366457
19633,2366608,9,2366617
19634,2366707,2,2366709
19635,2366763,14,2366777
19636,2366798,28,2366826
19637,2366995,17,2367012
19638,2367038,36,2367074
19639,2367114,22,2367136
19640,2367184,1,2367185
19641,2367194,2,2367196
19642,2367262,48,2367310
19643,2367358,2,2367360
19644,2367567,18,2367585
19645,2367783,12,2367795
19646,2368068,22,2368090
19647,2368195,6,2368201
19648,2368374,2,2368376
19649,2368395,8,2368403
19650,2368837,8,2368845
19651,2368958,8,2368966
19652,2369238,1,2369239
19653,2369314,7,2369321
19654,2369334,2,2369336
19655,2369370,9,2369379
19656,2369400,8,2369408
19657,2369425,18,2369443
19658,2369491,16,2369507
19659,2369553,9,2369562
19660,2369666,13,2369679
19661,2369715,13,2369728
19662,2369957,5,2369962
19663,2370275,6,2370281
19664,2370314,20,2370334
19665,2370391,5,2370396
19666,2370410,26,2370436
19667,2370491,32,2370523
19668,2370558,22,2370580
19669,2370664,16,2370680
19670,2370821,1,2370822
19671,2370840,32,2370872
19672,2370933,22,2370955
19673,2371009,14,2371023
19674,2371039,43,2371082
19675,2371169,29,2371198
19676,2371263,7,2371270
19677,2371571,88,2371659
19678,2371695,14,2371709
19679,2371777,11,2371788
19680,2371807,9,2371816
19681,2372167,6,2372173
19682,2372201,23,2372224
19683,2372398,18,2372416
19684,2372464,23,2372487
19685,2372493,53,2372546
19686,2372744,19,2372763
19687,2372770,4,2372774
19688,2372910,39,2372949
19689,2373041,15,2373056
19690,2373186,8,2373194
19691,2373196,25,2373221
19692,2373236,12,2373248
19693,2373386,11,2373397
19694,2373577,17,2373594
19695,2373725,19,2373744
19696,2373760,27,2373787
19697,2373859,11,2373870
19698,2373936,2,2373938
19699,2373955,32,2373987
19700,2374148,3,2374151
19701,2374305,5,2374310
19702,2374442,76,2374518
19703,2374669,27,2374696
19704,2374822,26,2374848
19705,2374924,71,2374995
19706,2375020,3,2375023
19707,2375175,12,2375187
19708,2375432,15,2375447
19709,2375554,24,2375578
19710,2375581,9,2375590
19711,2375674,3,2375677
19712,2375746,2,2375748
19713,2375783,10,2375793
19714,2375881,72,2375953
19715,2376146,13,2376159
19716,2376221,6,2376227
19717,2376478,71,2376549
19718,2376566,17,2376583
19719,2376621,10,2376631
19720,2376634,14,2376648
19721,2376717,11,2376728
19722,2376736,20,2376756
19723,2376844,14,2376858
19724,2376963,23,2376986
19725,2377013,10,2377023
19726,2377134,10,2377144
19727,2377198,6,2377204
19728,2377236,83,2377319
19729,2377425,15,2377440
19730,2377601,8,2377609
19731,2377674,38,2377712
19732,2377722,4,2377726
19733,2377917,74,2377991
19734,2378032,26,2378058
19735,2378130,5,2378135
19736,2378168,1,2378169
19737,2378324,1,2378325
19738,2378418,84,2378502
19739,2378531,11,2378542
19740,2378552,7,2378559
19741,2378708,7,2378715
19742,2379107,2,2379109
19743,2379156,11,2379167
19744,2379306,8,2379314
19745,2379478,36,2379514
19746,2379674,32,2379706
19747,2379786,3,2379789
19748,2379874,14,2379888
19749,2379983,9,2379992
19750,2380188,4,2380192
19751,2380279,8,2380287
19752,2380391,14,2380405
19753,2380589,18,2380607
19754,2380725,3,2380728
19755,2380745,11,2380756
19756,2380764,24,2380788
19757,2380905,1,2380906
19758,2380929,43,2380972
19759,2380992,20,2381012
19760,2381022,7,2381029
19761,2381107,3,2381110
19762,2381140,31,2381171
19763,2381181,14,2381195
19764,2381203,7,2381210
19765,2381491,11,2381502
19766,2381842,23,2381865
19767,2382158,9,2382167
19768,2382173,12,2382185
19769,2382192,26,2382218
19770,2382255,22,2382277
19771,2382358,18,2382376
19772,2382554,5,2382559
19773,2382614,11,2382625
19774,2382872,3,2382875
19775,2383054,1,2383055
19776,2383062,17,2383079
19777,2383080,33,2383113
19778,2383150,11,2383161
19779,2383165,5,2383170
19780,2383383,25,2383408
19781,2383458,4,2383462
19782,2383508,4,2383512
19783,2383519,12,2383531
19784,2383561,3,2383564
19785,2383729,7,2383736
19786,2383917,23,2383940
19787,2384175,1,2384176
19788,2384375,34,2384409
19789,2384542,11,2384553
19790,2384724,6,2384730
19791,2384739,24,2384763
19792,2385127,6,2385133
19793,2385262,13,2385275
19794,2385292,12,2385304
19795,2385373,5,2385378
19796,2385492,18,2385510
19797,2385659,41,2385700
19798,2385815,7,2385822
19799,2385943,17,2385960
19800,2386025,21,2386046
19801,2386156,1,2386157
19802,2386676,25,2386701
19803,2386991,38,2387029
19804,2387112,28,2387140
19805,2387365,8,2387373
19806,2387459,6,2387465
19807,2387796,6,2387802
19808,2387895,28,2387923
19809,2387977,20,2387997
19810,2388022,24,2388046
19811,2388077,1,2388078
19812,2388294,18,2388312
19813,2388330,17,2388347
19814,2388440,14,2388454
19815,2388501,15,2388516
19816,2388560,3,2388563
19817,2388601,11,2388612
19818,2388703,15,2388718
19819,2388726,5,2388731
19820,2388798,23,2388821
19821,2388942,33,2388975
19822,2389011,9,2389020
19823,2389300,5,2389305
19824,2389354,2,2389356
19825,2389380,1,2389381
19826,2389459,6,2389465
19827,2389662,112,2389774
19828,2390352,16,2390368
19829,2390472,35,2390507
19830,2390508,6,2390514
19831,2390715,1,2390716
19832,2390751,32,2390783
19833,2390898,22,2390920
19834,2391042,2,2391044
19835,2391063,15,2391078
19836,2391123,16,2391139
19837,2391431,5,2391436
19838,2391495,76,2391571
19839,2391687,39,2391726
19840,2391850,61,2391911
19841,2391962,25,2391987
19842,2392010,10,2392020
19843,2392101,1,2392102
19844,2392269,12,2392281
19845,2392406,99,2392505
19846,2392587,12,2392599
19847,2392773,10,2392783
19848,2392800,33,2392833
19849,2392834,23,2392857
19850,2393058,1,2393059
19851,2393226,30,2393256
19852,2393661,32,2393693
19853,2393741,5,2393746
19854,2393802,23,2393825
19855,2393848,4,2393852
19856,2393930,18,2393948
19857,2394259,38,2394297
19858,2394615,9,2394624
19859,2394647,30,2394677
19860,2394798,3,2394801
19861,2394894,67,2394961
19862,2395026,18,2395044
19863,2395103,8,2395111
19864,2395318,59,2395377
19865,2395473,48,2395521
19866,2395544,12,2395556
19867,2395711,12,2395723
19868,2395747,3,2395750
19869,2395796,38,2395834
19870,2395953,12,2395965
19871,2395993,9,2396002
19872,2396126,7,2396133
19873,2396253,19,2396272
19874,2396408,1,2396409
19875,2396454,26,2396480
19876,2396607,22,2396629
19877,2396641,33,2396674
19878,2396958,20,2396978
19879,2397017,35,2397052
19880,2397369,2,2397371
19881,2397391,15,2397406
19882,2397512,15,2397527
19883,2397637,18,2397655
19884,2397708,22,2397730
19885,2397803,32,2397835
19886,2397868,63,2397931
19887,2397940,40,2397980
19888,2397985,15,2398000
19889,2398028,71,2398099
19890,2398527,56,2398583
19891,2398598,3,2398601
19892,2398655,2,2398657
19893,2398759,2,2398761
19894,2398975,1,2398976
19895,2399187,53,2399240
19896,2399286,1,2399287
19897,2399410,15,2399425
19898,2399507,14,2399521
19899,2399563,17,2399580
19900,2399742,65,2399807
19901,2399812,21,2399833
19902,2399875,14,2399889
19903,2400035,4,2400039
19904,2400199,4,2400203
19905,2400228,5,2400233
19906,2400567,17,2400584
19907,2400585,2,2400587
19908,2400731,12,2400743
19909,2400782,55,2400837
19910,2400912,94,2401006
19911,2401049,5,2401054
19912,2401092,17,2401109
19913,2401150,7,2401157
19914,2401214,2,2401216
19915,2401319,8,2401327
19916,2401372,19,2401391
19917,2401438,14,2401452
19918,2401574,8,2401582
19919,2401702,5,2401707
19920,2401734,5,2401739
19921,2401804,12,2401816
19922,2401833,44,2401877
19923,2401946,75,2402021
19924,2402081,10,2402091
19925,2402099,33,2402132
19926,2402223,4,2402227
19927,2402270,72,2402342
19928,2402448,10,2402458
19929,2402486,43,2402529
19930,2402690,7,2402697
19931,2402824,10,2402834
19932,2402876,19,2402895
19933,2403074,16,2403090
19934,2403236,64,2403300
19935,2403396,2,2403398
19936,2403423,13,2403436
19937,2403537,27,2403564
19938,2403651,19,2403670
19939,2403737,9,2403746
19940,2403752,24,2403776
19941,2404129,15,2404144
19942,2404402,27,2404429
19943,2404505,15,2404520
19944,2404696,18,2404714
19945,2405004,5,2405009
19946,2405033,16,2405049
19947,2405103,26,2405129
19948,2405175,38,2405213
19949,2405300,48,2405348
19950,2405419,2,2405421
19951,2405497,7,2405504
19952,2405525,18,2405543
19953,2405545,45,2405590
19954,2405709,29,2405738
19955,2406247,13,2406260
19956,2406761,26,2406787
19957,2406835,27,2406862
19958,2406864,1,2406865
19959,2407077,4,2407081
19960,2407094,35,2407129
19961,2407392,7,2407399
19962,2407510,14,2407524
19963,2407924,51,2407975
19964,2408153,9,2408162
19965,2408241,3,2408244
19966,2408259,31,2408290
19967,2408416,41,2408457
19968,2408662,23,2408685
19969,2408712,1,2408713
19970,2409060,14,2409074
19971,2409247,65,2409312
19972,2409518,12,2409530
19973,2409620,6,2409626
19974,2409649,1,2409650
19975,2409732,41,2409773
19976,2409834,6,2409840
19977,2409941,14,2409955
19978,2409970,28,2409998
19979,2410443,9,2410452
19980,2410463,3,2410466
19981,2410490,40,2410530
19982,2410587,3,2410590
19983,2410603,14,2410617
19984,2410745,44,2410789
19985,2410947,4,2410951
19986,2411029,1,2411030
19987,2411065,18,2411083
19988,2411181,10,2411191
19989,2411235,8,2411243
19990,2411246,26,2411272
19991,2411305,8,2411313
19992,2411326,12,2411338
19993,2411439,2,2411441
19994,2411591,21,2411612
19995,2411661,45,2411706
19996,2411790,6,2411796
19997,2411882,8,2411890
19998,2411928,9,2411937
19999,2412149,3,2412152
20000,2412163,5,2412168
20001,2412254,25,2412279
20002,2412315,6,2412321
20003,2412348,9,2412357
20004,2412364,79,2412443
20005,2412488,7,2412495
20006,2412518,1,2412519
20007,2412534,9,2412543
20008,2412621,31,2412652
20009,2412682,11,2412693
20010,2412870,4,2412874
20011,2413018,13,2413031
20012,2413066,33,2413099
20013,2413137,65,2413202
20014,2413285,4,2413289
20015,2413371,4,2413375
20016,2413407,10,2413417
20017,2413461,26,2413487
20018,2413519,29,2413548
20019,2413865,2,2413867
20020,2414064,44,2414108
20021,2414130,26,2414156
20022,2414166,11,2414177
20023,2414186,2,2414188
20024,2414199,36,2414235
20025,2414283,8,2414291
20026,2414338,14,2414352
20027,2414490,7,2414497
20028,2414530,11,2414541
20029,2414648,12,2414660
20030,2414725,35,2414760
20031,2414824,55,2414879
20032,2414915,5,2414920
20033,2414956,11,2414967
20034,2415021,2,2415023
20035,2415054,15,2415069
20036,2415209,15,2415224
20037,2415269,6,2415275
20038,2415332,19,2415351
20039,2415470,10,2415480
20040,2415495,20,2415515
20041,2415608,13,2415621
20042,2415661,46,2415707
20043,2415798,20,2415818
20044,2416143,8,2416151
20045,2416485,69,2416554
20046,2416932,5,2416937
20047,2417357,21,2417378
20048,2417390,6,2417396
20049,2417691,18,2417709
20050,2417812,19,2417831
20051,2417902,39,2417941
20052,2418005,122,2418127
20053,2418185,74,2418259
20054,2418335,4,2418339
20055,2418342,17,2418359
20056,2418465,16,2418481
20057,2418540,70,2418610
20058,2418975,22,2418997
20059,2419400,13,2419413
20060,2419545,20,2419565
20061,2419616,6,2419622
20062,2419740,7,2419747
20063,2419912,1,2419913
20064,2420090,69,2420159
20065,2420180,11,2420191
20066,2420333,1,2420334
20067,2420385,29,2420414
20068,2420426,4,2420430
20069,2420644,10,2420654
20070,2420701,1,2420702
20071,2420707,49,2420756
20072,2420791,55,2420846
20073,2421016,21,2421037
20074,2421108,8,2421116
20075,2421163,9,2421172
20076,2421304,1,2421305
20077,2421386,2,2421388
20078,2421461,41,2421502
20079,2421548,18,2421566
20080,2421678,7,2421685
20081,2421703,17,2421720
20082,2421733,4,2421737
20083,2421787,18,2421805
20084,2421815,2,2421817
20085,2421830,16,2421846
20086,2421999,17,2422016
20087,2422154,9,2422163
20088,2422181,15,2422196
20089,2422206,6,2422212
20090,2422224,10,2422234
20091,2422293,53,2422346
20092,2422362,18,2422380
20093,2422521,16,2422537
20094,2422603,3,2422606
20095,2422645,3,2422648
20096,2422746,8,2422754
20097,2422762,12,2422774
20098,2422800,7,2422807
20099,2422825,18,2422843
20100,2423003,7,2423010
20101,2423111,37,2423148
20102,2423172,3,2423175
20103,2423207,1,2423208
20104,2423214,27,2423241
20105,2423496,21,2423517
20106,2423532,31,2423563
20107,2423774,6,2423780
20108,2423935,15,2423950
20109,2424115,56,2424171
20110,2424192,12,2424204
20111,2424377,51,2424428
20112,2424783,8,2424791
20113,2425049,47,2425096
20114,2425098,13,2425111
20115,2425180,1,2425181
20116,2425288,15,2425303
20117,2425502,14,2425516
20118,2425524,32,2425556
20119,2425856,24,2425880
20120,2426056,91,2426147
20121,2426228,5,2426233
20122,2426261,3,2426264
20123,2426432,15,2426447
20124,2426556,4,2426560
20125,2426727,23,2426750
20126,2426794,11,2426805
20127,2427379,5,2427384
20128,2427531,2,2427533
20129,2427537,6,2427543
20130,2427544,28,2427572
20131,2427602,32,2427634
20132,2427646,46,2427692
20133,2427785,6,2427791
20134,2428044,39,2428083
20135,2428238,23,2428261
20136,2428650,26,2428676
20137,2428724,60,2428784
20138,2428804,100,2428904
20139,2429072,16,2429088
20140,2429395,23,2429418
20141,2429476,5,2429481
20142,2429573,45,2429618
20143,2429653,10,2429663
20144,2429794,19,2429813
20145,2429923,36,2429959
20146,2429971,4,2429975
20147,2430287,24,2430311
20148,2430350,65,2430415
20149,2430612,6,2430618
20150,2430657,6,2430663
20151,2430904,46,2430950
20152,2430973,20,2430993
20153,2431082,28,2431110
20154,2431193,36,2431229
20155,2431324,15,2431339
20156,2431401,19,2431420
20157,2431504,60,2431564
20158,2431627,6,2431633
20159,2431645,17,2431662
20160,2431673,6,2431679
20161,2431746,24,2431770
20162,2431997,8,2432005
20163,2432148,16,2432164
20164,2432504,5,2432509
20165,2432529,2,2432531
20166,2432716,13,2432729
20167,2432764,39,2432803
20168,2432814,3,2432817
20169,2432952,30,2432982
20170,2433204,78,2433282
20171,2433331,34,2433365
20172,2433404,26,2433430
20173,2433447,45,2433492
20174,2433493,33,2433526
20175,2433655,20,2433675
20176,2433688,23,2433711
20177,2433737,24,2433761
20178,2433767,23,2433790
20179,2433844,42,2433886
20180,2433950,2,2433952
20181,2434020,1,2434021
20182,2434024,8,2434032
20183,2434078,47,2434125
20184,2434338,31,2434369
20185,2434419,26,2434445
20186,2434636,7,2434643
20187,2434705,5,2434710
20188,2434801,16,2434817
20189,2434913,21,2434934
20190,2435069,47,2435116
20191,2435151,58,2435209
20192,2435216,4,2435220
20193,2435237,6,2435243
20194,2435301,36,2435337
20195,2435609,8,2435617
20196,2435632,19,2435651
20197,2435861,1,2435862
20198,2435912,4,2435916
20199,2435935,6,2435941
20200,2436087,9,2436096
20201,2436098,1,2436099
20202,2436243,17,2436260
20203,2436323,2,2436325
20204,2436397,6,2436403
20205,2436425,19,2436444
20206,2436453,41,2436494
20207,2436527,7,2436534
20208,2436819,4,2436823
20209,2436845,2,2436847
20210,2436889,32,2436921
20211,2436933,4,2436937
20212,2437142,26,2437168
20213,2437169,1,2437170
20214,2437345,37,2437382
20215,2437409,13,2437422
20216,2437472,51,2437523
20217,2437645,15,2437660
20218,2437783,8,2437791
20219,2437850,1,2437851
20220,2438128,18,2438146
20221,2438254,5,2438259
20222,2438442,51,2438493
20223,2438500,24,2438524
20224,2438998,14,2439012
20225,2439130,34,2439164
20226,2439167,31,2439198
20227,2439255,12,2439267
20228,2439305,16,2439321
20229,2439427,46,2439473
20230,2439534,17,2439551
20231,2439722,25,2439747
20232,2439761,8,2439769
20233,2439895,37,2439932
20234,2439939,23,2439962
20235,2439980,33,2440013
20236,2440069,15,2440084
20237,2440156,21,2440177
20238,2440245,46,2440291
20239,2440588,5,2440593
20240,2440860,15,2440875
20241,2441179,21,2441200
20242,2441295,38,2441333
20243,2441414,23,2441437
20244,2441440,21,2441461
20245,2441490,8,2441498
20246,2441560,11,2441571
20247,2441659,60,2441719
20248,2441953,24,2441977
20249,2442008,14,2442022
20250,2442060,3,2442063
20251,2442299,19,2442318
20252,2442473,17,2442490
20253,2442510,31,2442541
20254,2442549,43,2442592
20255,2442702,2,2442704
20256,2442920,10,2442930
20257,2442994,28,2443022
20258,2443084,3,2443087
20259,2443088,13,2443101
20260,2443231,36,2443267
20261,2443318,16,2443334
20262,2443463,35,2443498
20263,2443518,11,2443529
20264,2443562,9,2443571
20265,2443600,5,2443605
20266,2443828,48,2443876
20267,2443928,33,2443961
20268,2444084,10,2444094
20269,2444097,20,2444117
20270,2444252,16,2444268
20271,2444277,13,2444290
20272,2444422,74,2444496
20273,2444563,29,2444592
20274,2444690,13,2444703
20275,2444998,18,2445016
20276,2445109,5,2445114
20277,2445134,4,2445138
20278,2445162,12,2445174
20279,2445225,4,2445229
20280,2445363,2,2445365
20281,2445519,7,2445526
20282,2445538,4,2445542
20283,2445545,9,2445554
20284,2445634,21,2445655
20285,2445683,40,2445723
20286,2445887,20,2445907
20287,2445967,16,2445983
20288,2446026,51,2446077
20289,2446215,15,2446230
20290,2446409,12,2446421
20291,2446633,4,2446637
20292,2446710,11,2446721
20293,2446797,4,2446801
20294,2446889,51,2446940
20295,2446965,22,2446987
20296,2446996,3,2446999
20297,2447188,3,2447191
20298,2447234,15,2447249
20299,2447300,50,2447350
20300,2447676,24,2447700
20301,2447758,34,2447792
20302,2447812,19,2447831
20303,2447895,41,2447936
20304,2448006,6,2448012
20305,2448065,4,2448069
20306,2448271,25,2448296
20307,2448301,21,2448322
20308,2448497,4,2448501
20309,2448654,4,2448658
20310,2448707,4,2448711
20311,2448874,2,2448876
20312,2448993,16,2449009
20313,2449024,19,2449043
20314,2449147,6,2449153
20315,2449158,19,2449177
20316,2449214,23,2449237
20317,2449282,7,2449289
20318,2449476,6,2449482
20319,2449745,19,2449764
20320,2449930,14,2449944
20321,2449992,7,2449999
20322,2450250,18,2450268
20323,2450485,11,2450496
20324,2450602,15,2450617
20325,2450635,14,2450649
20326,2450834,6,2450840
20327,2450841,3,2450844
20328,2450855,44,2450899
20329,2450998,29,2451027
20330,2451032,5,2451037
20331,2451083,17,2451100
20332,2451325,55,2451380
20333,2451441,1,2451442
20334,2451978,16,2451994
20335,2451998,26,2452024
20336,2452028,7,2452035
20337,2452049,7,2452056
20338,2452107,1,2452108
20339,2452122,10,2452132
20340,2452206,35,2452241
20341,2452309,70,2452379
20342,2452393,17,2452410
20343,2452440,8,2452448
20344,2452488,2,2452490
20345,2452694,9,2452703
20346,2452720,1,2452721
20347,2452785,25,2452810
20348,2452841,35,2452876
20349,2453333,20,2453353
20350,2453418,14,2453432
20351,2453605,34,2453639
20352,2453704,3,2453707
20353,2453782,56,2453838
20354,2453912,1,2453913
20355,2453984,11,2453995
20356,2454123,5,2454128
20357,2454174,12,2454186
20358,2454192,27,2454219
20359,2454271,12,2454283
20360,2454313,3,2454316
20361,2454366,6,2454372
20362,2454401,1,2454402
20363,2454539,39,2454578
20364,2454613,16,2454629
20365,2454789,33,2454822
20366,2454905,5,2454910
20367,2455047,8,2455055
20368,2455158,1,2455159
20369,2455215,13,2455228
20370,2455407,30,2455437
20371,2455524,31,2455555
20372,2456069,26,2456095
20373,2456106,14,2456120
20374,2456158,28,2456186
20375,2456402,29,2456431
20376,2456785,8,2456793
20377,2457017,21,2457038
20378,2457047,18,2457065
20379,2457341,79,2457420
20380,2457474,7,2457481
20381,2457539,22,2457561
20382,2457670,13,2457683
20383,2457793,12,2457805
20384,2458110,10,2458120
20385,2458274,9,2458283
20386,2458409,6,2458415
20387,2458456,32,2458488
20388,2458540,1,2458541
20389,2458544,12,2458556
20390,2458566,11,2458577
20391,2458601,42,2458643
20392,2458673,32,2458705
20393,2458822,2,2458824
20394,2458853,31,2458884
20395,2458886,4,2458890
20396,2459019,1,2459020
20397,2459138,37,2459175
20398,2459195,5,2459200
20399,2459222,9,2459231
20400,2459274,4,2459278
20401,2459426,5,2459431
20402,2459676,19,2459695
20403,2459702,7,2459709
20404,2459935,16,2459951
20405,2460137,7,2460144
20406,2460396,43,2460439
20407,2460582,2,2460584
20408,2460587,6,2460593
20409,2460618,17,2460635
20410,2460672,5,2460677
20411,2460690,14,2460704
20412,2460763,24,2460787
20413,2460788,22,2460810
20414,2460852,43,2460895
20415,2460926,20,2460946
20416,2461058,8,2461066
20417,2461161,17,2461178
20418,2461231,56,2461287
20419,2461301,10,2461311
20420,2461327,3,2461330
20421,2461532,11,2461543
20422,2461704,13,2461717
20423,2461721,15,2461736
20424,2461751,23,2461774
20425,2461910,33,2461943
20426,2462175,49,2462224
20427,2462240,16,2462256
20428,2462446,5,2462451
20429,2462459,11,2462470
20430,2462679,30,2462709
20431,2462746,13,2462759
20432,2463004,3,2463007
20433,2463177,8,2463185
20434,2463233,14,2463247
20435,2463274,6,2463280
20436,2463533,4,2463537
20437,2463624,11,2463635
20438,2463666,20,2463686
20439,2463951,5,2463956
20440,2463971,21,2463992
20441,2464008,112,2464120
20442,2464124,5,2464129
20443,2464413,7,2464420
20444,2464474,10,2464484
20445,2464494,19,2464513
20446,2464533,4,2464537
20447,2464697,51,2464748
20448,2464879,13,2464892
20449,2464911,57,2464968
20450,2465048,8,2465056
20451,2465108,6,2465114
20452,2465540,51,2465591
20453,2465602,20,2465622
20454,2465785,4,2465789
20455,2465871,1,2465872
20456,2465947,37,2465984
20457,2466044,2,2466046
20458,2466283,5,2466288
20459,2466293,1,2466294
20460,2466513,21,2466534
20461,2466589,4,2466593
20462,2466613,5,2466618
20463,2466667,11,2466678
20464,2466724,12,2466736
20465,2466741,2,2466743
20466,2466794,6,2466800
20467,2466845,63,2466908
20468,2467003,78,2467081
20469,2467097,67,2467164
20470,2467265,5,2467270
20471,2467275,21,2467296
20472,2467359,33,2467392
20473,2467435,10,2467445
20474,2467550,21,2467571
20475,2467583,5,2467588
20476,2467665,25,2467690
20477,2467786,8,2467794
20478,2467825,14,2467839
20479,2467915,7,2467922
20480,2467930,7,2467937
20481,2468006,10,2468016
20482,2468045,7,2468052
20483,2468069,19,2468088
20484,2468132,30,2468162
20485,2468420,30,2468450
20486,2468530,15,2468545
20487,2468552,43,2468595
20488,2468599,15,2468614
20489,2468878,31,2468909
20490,2469028,4,2469032
20491,2469045,60,2469105
20492,2469291,46,2469337
20493,2469348,12,2469360
20494,2469385,22,2469407
20495,2469462,7,2469469
20496,2469544,49,2469593
20497,2469638,35,2469673
20498,2469704,31,2469735
20499,2469925,55,2469980
20500,2470567,21,2470588
20501,2470697,38,2470735
20502,2470824,9,2470833
20503,2470868,23,2470891
20504,2470947,11,2470958
20505,2470983,4,2470987
20506,2471027,1,2471028
20507,2471089,16,2471105
20508,2471206,9,2471215
20509,2471402,1,2471403
20510,2471421,4,2471425
20511,2471909,46,2471955
20512,2472083,2,2472085
20513,2472155,52,2472207
20514,2472215,2,2472217
20515,2472396,14,2472410
20516,2472494,1,2472495
20517,2472743,5,2472748
20518,2472767,27,2472794
20519,2472953,20,2472973
20520,2472988,30,2473018
20521,2473142,29,2473171
20522,2473202,36,2473238
20523,2473315,32,2473347
20524,2473382,49,2473431
20525,2473433,25,2473458
20526,2473604,10,2473614
20527,2473668,9,2473677
20528,2473758,7,2473765
20529,2473818,1,2473819
20530,2474137,71,2474208
20531,2474515,2,2474517
20532,2474533,42,2474575
20533,2474602,36,2474638
20534,2474752,5,2474757
20535,2474797,3,2474800
20536,2474931,10,2474941
20537,2475142,47,2475189
20538,2475190,3,2475193
20539,2475223,24,2475247
20540,2475305,21,2475326
20541,2475333,139,2475472
20542,2475498,1,2475499
20543,2475546,14,2475560
20544,2475658,10,2475668
20545,2475773,31,2475804
20546,2475818,13,2475831
20547,2475877,4,2475881
20548,2475962,14,2475976
20549,2476339,9,2476348
20550,2476400,15,2476415
20551,2476672,15,2476687
20552,2476711,62,2476773
20553,2476866,27,2476893
20554,2476957,74,2477031
20555,2477103,19,2477122
20556,2477139,17,2477156
20557,2477208,55,2477263
20558,2477292,24,2477316
20559,2477410,8,2477418
20560,2477499,101,2477600
20561,2477673,28,2477701
20562,2477723,20,2477743
20563,2477771,3,2477774
20564,2477850,20,2477870
20565,2477924,28,2477952
20566,2478082,12,2478094
20567,2478331,22,2478353
20568,2478367,18,2478385
20569,2478603,21,2478624
20570,2478639,10,2478649
20571,2478653,19,2478672
20572,2478781,14,2478795
20573,2478810,12,2478822
20574,2478831,28,2478859
20575,2478887,4,2478891
20576,2479048,6,2479054
20577,2479292,19,2479311
20578,2479322,9,2479331
20579,2479398,15,2479413
20580,2479440,78,2479518
20581,2479656,40,2479696
20582,2479733,31,2479764
20583,2479807,13,2479820
20584,2479869,13,2479882
20585,2480042,6,2480048
20586,2480065,42,2480107
20587,2480140,27,2480167
20588,2480181,21,2480202
20589,2480369,7,2480376
20590,2480391,17,2480408
20591,2480419,8,2480427
20592,2480473,1,2480474
20593,2480901,1,2480902
20594,2480960,1,2480961
20595,2481106,28,2481134
20596,2481210,27,2481237
20597,2481535,44,2481579
20598,2481842,23,2481865
20599,2481869,15,2481884
20600,2481892,4,2481896
20601,2481954,11,2481965
20602,2481989,12,2482001
20603,2482033,6,2482039
20604,2482042,83,2482125
20605,2482327,47,2482374
20606,2482425,3,2482428
20607,2482429,6,2482435
20608,2482570,7,2482577
20609,2482688,17,2482705
20610,2482796,31,2482827
20611,2482868,21,2482889
20612,2483040,11,2483051
20613,2483073,1,2483074
20614,2483142,62,2483204
20615,2483359,2,2483361
20616,2483451,25,2483476
20617,2483765,4,2483769
20618,2483794,15,2483809
20619,2483865,16,2483881
20620,2483906,37,2483943
20621,2484041,4,2484045
20622,2484165,47,2484212
20623,2484417,12,2484429
20624,2484626,2,2484628
20625,2484808,11,2484819
20626,2484844,1,2484845
20627,2484976,1,2484977
20628,2485001,21,2485022
20629,2485078,19,2485097
20630,2485103,4,2485107
20631,2485216,13,2485229
20632,2485231,34,2485265
20633,2485350,39,2485389
20634,2485438,10,2485448
20635,2485518,3,2485521
20636,2485526,5,2485531
20637,2485955,22,2485977
20638,2486045,22,2486067
20639,2486116,9,2486125
20640,2486143,2,2486145
20641,2486280,27,2486307
20642,2486347,30,2486377
20643,2486383,12,2486395
20644,2486400,13,2486413
20645,2486424,9,2486433
20646,2486436,6,2486442
20647,2486566,29,2486595
20648,2486835,19,2486854
20649,2487102,1,2487103
20650,2487130,9,2487139
20651,2487162,17,2487179
20652,2487200,2,2487202
20653,2487244,49,2487293
20654,2487335,1,2487336
20655,2487622,1,2487623
20656,2487635,36,2487671
20657,2487685,19,2487704
20658,2487756,4,2487760
20659,2487800,2,2487802
20660,2487853,9,2487862
20661,2487893,2,2487895
20662,2488044,34,2488078
20663,2488235,17,2488252
20664,2488276,35,2488311
20665,2488370,19,2488389
20666,2488502,16,2488518
20667,2488749,7,2488756
20668,2488815,1,2488816
20669,2488822,43,2488865
20670,2489050,1,2489051
20671,2489078,1,2489079
20672,2489097,15,2489112
20673,2489129,21,2489150
20674,2489412,2,2489414
20675,2489566,46,2489612
20676,2489621,34,2489655
20677,2489732,18,2489750
20678,2489755,18,2489773
20679,2489817,22,2489839
20680,2489978,3,2489981
20681,2489984,38,2490022
20682,2490299,11,2490310
20683,2490338,11,2490349
20684,2490506,38,2490544
20685,2490669,14,2490683
20686,2490823,10,2490833
20687,2490848,12,2490860
20688,2490890,9,2490899
20689,2490968,6,2490974
20690,2490980,29,2491009
20691,2491127,12,2491139
20692,2491249,8,2491257
20693,2491331,12,2491343
20694,2491455,17,2491472
20695,2491516,20,2491536
20696,2491578,16,2491594
20697,2491801,5,2491806
20698,2491847,86,2491933
20699,2492196,28,2492224
20700,2492373,12,2492385
20701,2492386,17,2492403
20702,2492642,8,2492650
20703,2492655,2,2492657
20704,2493058,9,2493067
20705,2493260,6,2493266
20706,2493631,17,2493648
20707,2493665,93,2493758
20708,2493843,20,2493863
20709,2493864,8,2493872
20710,2493933,25,2493958
20711,2494004,1,2494005
20712,2494042,25,2494067
20713,2494108,21,2494129
20714,2494210,9,2494219
20715,2494264,4,2494268
20716,2494276,44,2494320
20717,2494398,3,2494401
20718,2494524,7,2494531
20719,2494566,20,2494586
20720,2494643,12,2494655
20721,2494659,6,2494665
20722,2494718,2,2494720
20723,2494923,11,2494934
20724,2495171,10,2495181
20725,2495336,24,2495360
20726,2495418,11,2495429
20727,2495474,15,2495489
20728,2495500,1,2495501
20729,2495656,17,2495673
20730,2495690,2,2495692
20731,2495865,14,2495879
20732,2495880,1,2495881
20733,2495978,68,2496046
20734,2496073,13,2496086
20735,2496108,10,2496118
20736,2496256,1,2496257
20737,2496293,15,2496308
20738,2496334,62,2496396
20739,2496409,22,2496431
20740,2496437,22,2496459
20741,2496611,13,2496624
20742,2496963,6,2496969
20743,2496989,26,2497015
20744,2497130,1,2497131
20745,2497175,3,2497178
20746,2497300,8,2497308
20747,2497365,4,2497369
20748,2497510,20,2497530
20749,2497554,23,2497577
20750,2497599,9,2497608
20751,2497660,38,2497698
20752,2497699,7,2497706
20753,2497759,26,2497785
20754,2497827,31,2497858
20755,2497882,23,2497905
20756,2497931,29,2497960
20757,2498053,9,2498062
20758,2498148,3,2498151
20759,2498327,12,2498339
20760,2498538,19,2498557
20761,2498663,21,2498684
20762,2498795,6,2498801
20763,2498933,102,2499035
20764,2499065,9,2499074
20765,2499398,1,2499399
20766,2499484,79,2499563
20767,2499668,6,2499674
20768,2499691,17,2499708
20769,2499738,31,2499769
20770,2499774,2,2499776
20771,2499985,3,2499988
20772,2500000,71,2500071
20773,2500121,45,2500166
20774,2500242,4,2500246
20775,2500361,12,2500373
20776,2500392,5,2500397
20777,2500480,2,2500482
20778,2500661,27,2500688
20779,2500756,1,2500757
20780,2500781,5,2500786
20781,2500867,2,2500869
20782,2500962,1,2500963
20783,2501160,92,2501252
20784,2501258,10,2501268
20785,2501331,2,2501333
20786,2501341,16,2501357
20787,2501461,21,2501482
20788,2501522,1,2501523
20789,2501724,9,2501733
20790,2501774,3,2501777
20791,2501840,3,2501843
20792,2501850,52,2501902
20793,2501986,32,2502018
20794,2502020,12,2502032
20795,2502350,4,2502354
20796,2502428,15,2502443
20797,2502503,6,2502509
20798,2502524,3,2502527
20799,2502734,3,2502737
20800,2502792,15,2502807
20801,2503199,5,2503204
20802,2503228,7,2503235
20803,2503450,28,2503478
20804,2503495,32,2503527
20805,2503634,125,2503759
20806,2503796,30,2503826
20807,2503940,6,2503946
20808,2504152,15,2504167
20809,2504218,11,2504229
20810,2504303,17,2504320
20811,2504466,30,2504496
20812,2504526,7,2504533
20813,2504633,37,2504670
20814,2504969,2,2504971
20815,2504973,4,2504977
20816,2505031,4,2505035
20817,2505177,9,2505186
20818,2505340,25,2505365
20819,2505397,15,2505412
20820,2505537,20,2505557
20821,2505620,9,2505629
20822,2505840,23,2505863
20823,2506150,36,2506186
20824,2506319,71,2506390
20825,2506526,4,2506530
20826,2506596,5,2506601
20827,2506646,27,2506673
20828,2506866,8,2506874
20829,2506926,27,2506953
20830,2507006,66,2507072
20831,2507290,2,2507292
20832,2507574,19,2507593
20833,2507941,30,2507971
20834,2508155,30,2508185
20835,2508432,18,2508450
20836,2508614,6,2508620
20837,2508728,12,2508740
20838,2508880,3,2508883
20839,2508962,18,2508980
20840,2509037,16,2509053
20841,2509059,4,2509063
20842,2509070,21,2509091
20843,2509253,14,2509267
20844,2509322,35,2509357
20845,2509440,6,2509446
20846,2509460,84,2509544
20847,2509574,9,2509583
20848,2509698,5,2509703
20849,2509734,12,2509746
20850,2509932,12,2509944
20851,2510116,18,2510134
20852,2510248,8,2510256
20853,2510283,8,2510291
20854,2510435,44,2510479
20855,2510653,1,2510654
20856,2510707,21,2510728
20857,2510798,4,2510802
20858,2510874,42,2510916
20859,2511038,15,2511053
20860,2511098,62,2511160
20861,2511256,12,2511268
20862,2511274,21,2511295
20863,2511341,22,2511363
20864,2511424,41,2511465
20865,2511661,2,2511663
20866,2511727,28,2511755
20867,2511943,1,2511944
20868,2512139,12,2512151
20869,2512223,15,2512238
20870,2512323,9,2512332
20871,2512359,7,2512366
20872,2512453,4,2512457
20873,2512480,14,2512494
20874,2512505,23,2512528
20875,2512669,2,2512671
20876,2512714,5,2512719
20877,2512727,16,2512743
20878,2512765,2,2512767
20879,2512951,15,2512966
20880,2512971,5,2512976
20881,2512993,9,2513002
20882,2513130,3,2513133
20883,2513212,6,2513218
20884,2513459,54,2513513
20885,2513608,78,2513686
20886,2513715,18,2513733
20887,2513771,24,2513795
20888,2513974,2,2513976
20889,2513982,12,2513994
20890,2514314,27,2514341
20891,2514372,1,2514373
20892,2514514,6,2514520
20893,2514539,6,2514545
20894,2514624,12,2514636
20895,2515146,3,2515149
20896,2515349,27,2515376
20897,2515433,4,2515437
20898,2515475,10,2515485
20899,2515546,3,2515549
20900,2515567,4,2515571
20901,2515594,2,2515596
20902,2515608,12,2515620
20903,2515844,23,2515867
20904,2515927,34,2515961
20905,2515971,55,2516026
20906,2516213,59,2516272
20907,2516473,8,2516481
20908,2516828,25,2516853
20909,2516963,2,2516965
20910,2517025,18,2517043
20911,2517068,16,2517084
20912,2517169,26,2517195
20913,2517336,8,2517344
20914,2517423,27,2517450
20915,2517461,14,2517475
20916,2517636,6,2517642
20917,2517735,12,2517747
20918,2517766,24,2517790
20919,2517820,16,2517836
20920,2517989,54,2518043
20921,2518293,25,2518318
20922,2518333,8,2518341
20923,2518372,25,2518397
20924,2518666,46,2518712
20925,2518902,18,2518920
20926,2518954,29,2518983
20927,2518993,46,2519039
20928,2519118,6,2519124
20929,2519150,10,2519160
20930,2519261,1,2519262
20931,2519343,18,2519361
20932,2519473,8,2519481
20933,2519548,22,2519570
20934,2519622,30,2519652
20935,2519737,6,2519743
20936,2519874,45,2519919
20937,2519958,35,2519993
20938,2520094,2,2520096
20939,2520173,26,2520199
20940,2520304,11,2520315
20941,2520364,13,2520377
20942,2520644,8,2520652
20943,2520745,2,2520747
20944,2520761,11,2520772
20945,2520857,3,2520860
20946,2520890,6,2520896
20947,2521096,40,2521136
20948,2521142,17,2521159
20949,2521190,5,2521195
20950,2521329,13,2521342
20951,2521347,33,2521380
20952,2521416,1,2521417
20953,2521487,24,2521511
20954,2521540,8,2521548
20955,2521594,21,2521615
20956,2521700,3,2521703
20957,2521723,10,2521733
20958,2521746,17,2521763
20959,2521948,45,2521993
20960,2522135,23,2522158
20961,2522313,48,2522361
20962,2522476,54,2522530
20963,2522891,8,2522899
20964,2523068,9,2523077
20965,2523224,4,2523228
20966,2523413,19,2523432
20967,2523491,6,2523497
20968,2523524,45,2523569
20969,2523582,25,2523607
20970,2523704,11,2523715
20971,2524168,8,2524176
20972,2524248,5,2524253
20973,2524389,10,2524399
20974,2524479,9,2524488
20975,2524660,6,2524666
20976,2524742,15,2524757
20977,2524850,3,2524853
20978,2525108,25,2525133
20979,2525137,24,2525161
20980,2525298,4,2525302
20981,2525497,94,2525591
20982,2525693,9,2525702
20983,2525711,2,2525713
20984,2526002,24,2526026
20985,2526176,26,2526202
20986,2526248,9,2526257
20987,2526428,10,2526438
20988,2526598,14,2526612
20989,2526695,8,2526703
20990,2526734,15,2526749
20991,2526837,46,2526883
20992,2527172,2,2527174
20993,2527256,19,2527275
20994,2527340,13,2527353
20995,2527396,6,2527402
20996,2527474,5,2527479
20997,2527559,26,2527585
20998,2527658,8,2527666
20999,2528127,5,2528132
21000,2528175,16,2528191
21001,2528217,20,2528237
21002,2528365,55,2528420
21003,2528428,63,2528491
21004,2528566,16,2528582
21005,2528630,8,2528638
21006,2528703,6,2528709
21007,2528862,28,2528890
21008,2528945,22,2528967
21009,2529055,6,2529061
21010,2529216,25,2529241
21011,2529553,10,2529563
21012,2529597,33,2529630
21013,2529690,9,2529699
21014,2529747,6,2529753
21015,2529790,24,2529814
21016,2529960,22,2529982
21017,2530061,19,2530080
21018,2530085,24,2530109
21019,2530302,7,2530309
21020,2530335,1,2530336
21021,2530593,18,2530611
21022,2530620,1,2530621
21023,2530741,12,2530753
21024,2530782,9,2530791
21025,2531174,4,2531178
21026,2531322,6,2531328
21027,2531447,16,2531463
21028,2531506,30,2531536
21029,2531661,53,2531714
21030,2531788,5,2531793
21031,2531841,10,2531851
21032,2532033,8,2532041
21033,2532283,5,2532288
21034,2532391,4,2532395
21035,2532513,2,2532515
21036,2532551,16,2532567
21037,2532691,12,2532703
21038,2532741,18,2532759
21039,2533014,3,2533017
21040,2533154,15,2533169
21041,2533176,13,2533189
21042,2533211,81,2533292
21043,2533307,4,2533311
21044,2533451,33,2533484
21045,2533838,7,2533845
21046,2533948,70,2534018
21047,2534076,33,2534109
21048,2534121,2,2534123
21049,2534345,7,2534352
21050,2534540,16,2534556
21051,2534668,8,2534676
21052,2534700,7,2534707
21053,2534763,53,2534816
21054,2534920,15,2534935
21055,2534971,78,2535049
21056,2535095,17,2535112
21057,2535156,17,2535173
21058,2535263,2,2535265
21059,2535340,5,2535345
21060,2535501,5,2535506
21061,2535508,4,2535512
21062,2535874,11,2535885
21063,2535969,27,2535996
21064,2536234,10,2536244
21065,2536373,18,2536391
21066,2536429,15,2536444
21067,2536556,15,2536571
21068,2536636,2,2536638
21069,2536776,12,2536788
21070,2536818,11,2536829
21071,2536973,34,2537007
21072,2537069,30,2537099
21073,2537191,41,2537232
21074,2537423,22,2537445
21075,2537457,30,2537487
21076,2537741,3,2537744
21077,2537813,1,2537814
21078,2537963,11,2537974
21079,2538089,3,2538092
21080,2538161,11,2538172
21081,2538447,32,2538479
21082,2538608,3,2538611
21083,2538959,1,2538960
21084,2539037,7,2539044
21085,2539124,57,2539181
21086,2539274,7,2539281
21087,2539619,28,2539647
21088,2539753,18,2539771
21089,2539863,5,2539868
21090,2539878,38,2539916
21091,2539948,26,2539974
21092,2540108,1,2540109
21093,2540116,11,2540127
21094,2540249,5,2540254
21095,2540304,10,2540314
21096,2540441,24,2540465
21097,2540479,1,2540480
21098,2540532,78,2540610
21099,2540624,87,2540711
21100,2540731,30,2540761
21101,2540907,9,2540916
21102,2541196,53,2541249
21103,2541494,3,2541497
21104,2541523,10,2541533
21105,2541546,40,2541586
21106,2541619,36,2541655
21107,2541712,4,2541716
21108,2541731,36,2541767
21109,2541785,8,2541793
21110,2541794,12,2541806
21111,2541850,1,2541851
21112,2541890,34,2541924
21113,2542068,19,2542087
21114,2542105,39,2542144
21115,2542275,26,2542301
21116,2542315,10,2542325
21117,2542335,125,2542460
21118,2542473,19,2542492
21119,2542601,59,2542660
21120,2542713,18,2542731
21121,2542776,13,2542789
21122,2542837,17,2542854
21123,2543151,31,2543182
21124,2543295,23,2543318
21125,2543354,5,2543359
21126,2543420,24,2543444
21127,2543469,8,2543477
21128,2543771,8,2543779
21129,2543789,25,2543814
21130,2544066,10,2544076
21131,2544123,8,2544131
21132,2544303,11,2544314
21133,2544384,27,2544411
21134,2544497,6,2544503
21135,2544566,23,2544589
21136,2544686,33,2544719
21137,2544975,14,2544989
21138,2545024,8,2545032
21139,2545081,10,2545091
21140,2545219,62,2545281
21141,2545301,47,2545348
21142,2545353,15,2545368
21143,2545433,43,2545476
21144,2545541,14,2545555
21145,2545774,15,2545789
21146,2545838,15,2545853
21147,2545936,1,2545937
21148,2546002,11,2546013
21149,2546058,48,2546106
21150,2546249,34,2546283
21151,2546299,26,2546325
21152,2546479,185,2546664
21153,2546738,14,2546752
21154,2546861,23,2546884
21155,2546911,10,2546921
21156,2546985,21,2547006
21157,2547133,16,2547149
21158,2547214,39,2547253
21159,2547304,6,2547310
21160,2547827,45,2547872
21161,2547955,12,2547967
21162,2548055,11,2548066
21163,2548139,3,2548142
21164,2548339,1,2548340
21165,2548379,22,2548401
21166,2548468,3,2548471
21167,2548472,87,2548559
21168,2548775,4,2548779
21169,2548871,36,2548907
21170,2549019,6,2549025
21171,2549110,45,2549155
21172,2549244,2,2549246
21173,2549340,8,2549348
21174,2549379,20,2549399
21175,2549412,20,2549432
21176,2549451,7,2549458
21177,2549481,17,2549498
21178,2549514,22,2549536
21179,2549552,1,2549553
21180,2549683,46,2549729
21181,2549919,31,2549950
21182,2549979,1,2549980
21183,2549982,8,2549990
21184,2550140,32,2550172
21185,2550464,6,2550470
21186,2550747,5,2550752
21187,2550807,1,2550808
21188,2550824,10,2550834
21189,2550870,9,2550879
21190,2550895,4,2550899
21191,2550998,46,2551044
21192,2551148,63,2551211
21193,2551214,18,2551232
21194,2551301,22,2551323
21195,2551339,4,2551343
21196,2551365,3,2551368
21197,2551404,27,2551431
21198,2551858,17,2551875
21199,2552020,2,2552022
21200,2552159,28,2552187
21201,2552246,1,2552247
21202,2552263,2,2552265
21203,2552276,7,2552283
21204,2552465,5,2552470
21205,2552503,32,2552535
21206,2552657,7,2552664
21207,2552771,29,2552800
21208,2552938,75,2553013
21209,2553264,7,2553271
21210,2553322,6,2553328
21211,2553415,15,2553430
21212,2553460,23,2553483
21213,2553499,6,2553505
21214,2553560,4,2553564
21215,2553675,3,2553678
21216,2553697,3,2553700
21217,2553960,7,2553967
21218,2554216,18,2554234
21219,2554490,31,2554521
21220,2554596,4,2554600
21221,2554706,9,2554715
21222,2554919,2,2554921
21223,2555014,69,2555083
21224,2555088,54,2555142
21225,2555150,47,2555197
21226,2555333,44,2555377
21227,2555448,25,2555473
21228,2555593,5,2555598
21229,2555655,2,2555657
21230,2555896,55,2555951
21231,2556091,9,2556100
21232,2556229,13,2556242
21233,2556273,9,2556282
21234,2556304,29,2556333
21235,2556454,20,2556474
21236,2556510,26,2556536
21237,2556696,16,2556712
21238,2556774,34,2556808
21239,2556888,2,2556890
21240,2556898,68,2556966
21241,2557146,28,2557174
21242,2557417,32,2557449
21243,2557600,25,2557625
21244,2557823,33,2557856
21245,2558000,34,2558034
21246,2558145,135,2558280
21247,2558367,6,2558373
21248,2558394,50,2558444
21249,2558801,21,2558822
21250,2558937,52,2558989
21251,2559288,28,2559316
21252,2559330,10,2559340
21253,2559423,10,2559433
21254,2559519,29,2559548
21255,2559690,2,2559692
21256,2559701,54,2559755
21257,2559946,21,2559967
21258,2560004,68,2560072
21259,2560163,6,2560169
21260,2560456,46,2560502
21261,2560792,23,2560815
21262,2560834,12,2560846
21263,2561075,23,2561098
21264,2561244,1,2561245
21265,2561321,14,2561335
21266,2561462,3,2561465
21267,2561467,10,2561477
21268,2561803,12,2561815
21269,2561842,16,2561858
21270,2561863,20,2561883
21271,2561925,121,2562046
21272,2562322,18,2562340
21273,2562485,14,2562499
21274,2562620,1,2562621
21275,2562734,3,2562737
21276,2562762,55,2562817
21277,2562992,10,2563002
21278,2563068,16,2563084
21279,2563095,15,2563110
21280,2563307,7,2563314
21281,2563330,51,2563381
21282,2563719,6,2563725
21283,2563746,18,2563764
21284,2563830,3,2563833
21285,2563905,6,2563911
21286,2563913,6,2563919
21287,2563944,102,2564046
21288,2564111,9,2564120
21289,2564334,7,2564341
21290,2564379,35,2564414
21291,2564687,27,2564714
21292,2564726,65,2564791
21293,2565235,22,2565257
21294,2565311,7,2565318
21295,2565320,66,2565386
21296,2565425,1,2565426
21297,2565472,57,2565529
21298,2565824,24,2565848
21299,2565948,56,2566004
21300,2566181,7,2566188
21301,2566202,11,2566213
21302,2566296,2,2566298
21303,2566343,65,2566408
21304,2566416,3,2566419
21305,2566513,12,2566525
21306,2566526,9,2566535
21307,2566619,2,2566621
21308,2566756,26,2566782
21309,2566784,23,2566807
21310,2566817,25,2566842
21311,2566854,25,2566879
21312,2567039,13,2567052
21313,2567289,13,2567302
21314,2567414,39,2567453
21315,2567664,35,2567699
21316,2567804,2,2567806
21317,2568028,4,2568032
21318,2568044,15,2568059
21319,2568251,29,2568280
21320,2568385,17,2568402
21321,2568450,31,2568481
21322,2568505,9,2568514
21323,2568667,41,2568708
21324,2568948,6,2568954
21325,2568975,5,2568980
21326,2568983,35,2569018
21327,2569028,8,2569036
21328,2569141,37,2569178
21329,2569220,12,2569232
21330,2569296,1,2569297
21331,2569356,99,2569455
21332,2569658,23,2569681
21333,2569730,37,2569767
21334,2569912,31,2569943
21335,2569984,13,2569997
21336,2570001,21,2570022
21337,2570069,29,2570098
21338,2570107,19,2570126
21339,2570461,29,2570490
21340,2570681,34,2570715
21341,2570969,28,2570997
21342,2570999,5,2571004
21343,2571012,5,2571017
21344,2571160,6,2571166
21345,2571169,49,2571218
21346,2571561,28,2571589
21347,2571726,48,2571774
21348,2571839,6,2571845
21349,2571868,7,2571875
21350,2571910,10,2571920
21351,2572113,31,2572144
21352,2572265,24,2572289
21353,2572309,6,2572315
21354,2572422,5,2572427
21355,2572600,6,2572606
21356,2572911,2,2572913
21357,2573265,21,2573286
21358,2573628,3,2573631
21359,2573750,10,2573760
21360,2573989,7,2573996
21361,2574038,4,2574042
21362,2574059,10,2574069
21363,2574144,15,2574159
21364,2574442,14,2574456
21365,2574538,11,2574549
21366,2574754,62,2574816
21367,2574878,18,2574896
21368,2574911,7,2574918
21369,2575092,3,2575095
21370,2575116,1,2575117
21371,2575200,6,2575206
21372,2575358,7,2575365
21373,2575542,33,2575575
21374,2575592,6,2575598
21375,2575601,4,2575605
21376,2575606,49,2575655
21377,2575687,2,2575689
21378,2575697,28,2575725
21379,2575829,6,2575835
21380,2576036,1,2576037
21381,2576113,8,2576121
21382,2576222,9,2576231
21383,2576233,11,2576244
21384,2576374,2,2576376
21385,2576381,4,2576385
21386,2576446,3,2576449
21387,2576582,14,2576596
21388,2576661,26,2576687
21389,2576714,34,2576748
21390,2576853,13,2576866
21391,2576885,82,2576967
21392,2577284,73,2577357
21393,2577603,37,2577640
21394,2577644,7,2577651
21395,2577784,19,2577803
21396,2577806,37,2577843
21397,2577911,16,2577927
21398,2577934,4,2577938
21399,2578035,27,2578062
21400,2578266,21,2578287
21401,2578364,22,2578386
21402,2578439,1,2578440
21403,2578527,13,2578540
21404,2578958,15,2578973
21405,2579008,6,2579014
21406,2579034,2,2579036
21407,2579123,20,2579143
21408,2579291,4,2579295
21409,2579423,4,2579427
21410,2579606,15,2579621
21411,2579686,29,2579715
21412,2579887,16,2579903
21413,2579922,2,2579924
21414,2579953,27,2579980
21415,2579994,50,2580044
21416,2580135,24,2580159
21417,2580193,15,2580208
21418,2580398,13,2580411
21419,2580457,17,2580474
21420,2580563,10,2580573
21421,2580608,3,2580611
21422,2580820,75,2580895
21423,2580896,13,2580909
21424,2580918,55,2580973
21425,2581207,11,2581218
21426,2581233,10,2581243
21427,2581244,26,2581270
21428,2581364,5,2581369
21429,2581379,14,2581393
21430,2581493,17,2581510
21431,2581694,29,2581723
21432,2581837,6,2581843
21433,2581988,3,2581991
21434,2582140,7,2582147
21435,2582156,18,2582174
21436,2582217,3,2582220
21437,2582245,9,2582254
21438,2582359,67,2582426
21439,2582448,10,2582458
21440,2582462,34,2582496
21441,2582660,22,2582682
21442,2582838,29,2582867
21443,2582878,14,2582892
21444,2582905,6,2582911
21445,2583050,10,2583060
21446,2583125,4,2583129
21447,2583297,5,2583302
21448,2583498,17,2583515
21449,2583752,28,2583780
21450,2583802,25,2583827
21451,2584029,11,2584040
21452,2584327,32,2584359
21453,2584405,5,2584410
21454,2584416,47,2584463
21455,2584646,30,2584676
21456,2584794,32,2584826
21457,2584987,24,2585011
21458,2585045,62,2585107
21459,2585258,5,2585263
21460,2585414,60,2585474
21461,2585599,13,2585612
21462,2585691,4,2585695
21463,2585829,22,2585851
21464,2585991,3,2585994
21465,2585999,1,2586000
21466,2586001,14,2586015
21467,2586502,25,2586527
21468,2586596,19,2586615
21469,2586657,10,2586667
21470,2586716,72,2586788
21471,2586836,64,2586900
21472,2586924,29,2586953
21473,2587003,1,2587004
21474,2587034,15,2587049
21475,2587321,25,2587346
21476,2587358,40,2587398
21477,2587529,5,2587534
21478,2587561,2,2587563
21479,2587604,35,2587639
21480,2587650,26,2587676
21481,2587693,9,2587702
21482,2587783,11,2587794
21483,2587838,6,2587844
21484,2587871,5,2587876
21485,2587925,24,2587949
21486,2588058,16,2588074
21487,2588094,12,2588106
21488,2588266,23,2588289
21489,2588403,39,2588442
21490,2588461,1,2588462
21491,2588514,16,2588530
21492,2588603,28,2588631
21493,2588640,79,2588719
21494,2588766,7,2588773
21495,2588821,5,2588826
21496,2588905,18,2588923
21497,2589005,1,2589006
21498,2589109,6,2589115
21499,2589127,34,2589161
21500,2589221,7,2589228
21501,2589402,2,2589404
21502,2589448,7,2589455
21503,2589884,14,2589898
21504,2589902,15,2589917
21505,2590004,17,2590021
21506,2590212,7,2590219
21507,2590258,1,2590259
21508,2590321,11,2590332
21509,2590383,69,2590452
21510,2590495,52,2590547
21511,2590589,1,2590590
21512,2590687,3,2590690
21513,2590767,8,2590775
21514,2590809,33,2590842
21515,2591000,71,2591071
21516,2591087,2,2591089
21517,2591342,7,2591349
21518,2591653,12,2591665
21519,2591795,29,2591824
21520,2591976,7,2591983
21521,2592041,10,2592051
21522,2592057,6,2592063
21523,2592071,6,2592077
21524,2592109,3,2592112
21525,2592123,7,2592130
21526,2592236,9,2592245
21527,2592376,39,2592415
21528,2592441,23,2592464
21529,2592527,5,2592532
21530,2592698,22,2592720
21531,2592928,14,2592942
21532,2593035,23,2593058
21533,2593079,13,2593092
21534,2593212,43,2593255
21535,2593343,40,2593383
21536,2593539,7,2593546
21537,2593669,2,2593671
21538,2593688,4,2593692
21539,2593716,26,2593742
21540,2593948,29,2593977
21541,2593992,41,2594033
21542,2594242,33,2594275
21543,2594459,9,2594468
21544,2594592,5,2594597
21545,2594674,72,2594746
21546,2594784,14,2594798
21547,2594922,26,2594948
21548,2594952,34,2594986
21549,2595032,27,2595059
21550,2595062,7,2595069
21551,2595197,52,2595249
21552,2595270,13,2595283
21553,2595616,7,2595623
21554,2595656,45,2595701
21555,2595792,1,2595793
21556,2595806,61,2595867
21557,2595998,51,2596049
21558,2596456,9,2596465
21559,2596537,8,2596545
21560,2596548,5,2596553
21561,2596605,9,2596614
21562,2596629,49,2596678
21563,2596712,5,2596717
21564,2596753,18,2596771
21565,2596815,99,2596914
21566,2596937,20,2596957
21567,2597073,25,2597098
21568,2597458,5,2597463
21569,2597703,43,2597746
21570,2597764,53,2597817
21571,2597824,4,2597828
21572,2597842,1,2597843
21573,2598158,15,2598173
21574,2598212,43,2598255
21575,2598281,3,2598284
21576,2598322,11,2598333
21577,2598435,1,2598436
21578,2598944,12,2598956
21579,2599012,28,2599040
21580,2599048,2,2599050
21581,2599325,8,2599333
21582,2599359,15,2599374
21583,2599388,1,2599389
21584,2599574,23,2599597
21585,2599650,1,2599651
21586,2599673,39,2599712
21587,2599854,20,2599874
21588,2599901,7,2599908
21589,2599912,32,2599944
21590,2600033,3,2600036
21591,2600174,2,2600176
21592,2600332,26,2600358
21593,2600484,19,2600503
21594,2600773,1,2600774
21595,2600779,4,2600783
21596,2601071,23,2601094
21597,2601170,27,2601197
21598,2601692,26,2601718
21599,2601747,15,2601762
21600,2602111,14,2602125
21601,2602160,52,2602212
21602,2602292,52,2602344
21603,2602354,2,2602356
21604,2602532,23,2602555
21605,2602572,29,2602601
21606,2602603,15,2602618
21607,2602632,6,2602638
21608,2602643,1,2602644
21609,2602724,1,2602725
21610,2602967,38,2603005
21611,2603044,28,2603072
21612,2603154,13,2603167
21613,2603349,42,2603391
21614,2603392,16,2603408
21615,2603522,36,2603558
21616,2603722,5,2603727
21617,2604084,28,2604112
21618,2604142,9,2604151
21619,2604213,7,2604220
21620,2604223,9,2604232
21621,2604344,37,2604381
21622,2604457,6,2604463
21623,2604489,40,2604529
21624,2604628,17,2604645
21625,2604682,11,2604693
21626,2604953,9,2604962
21627,2605109,13,2605122
21628,2605142,7,2605149
21629,2605201,45,2605246
21630,2605254,48,2605302
21631,2605328,4,2605332
21632,2605538,3,2605541
21633,2605559,17,2605576
21634,2605637,43,2605680
21635,2605779,24,2605803
21636,2605944,36,2605980
21637,2606224,34,2606258
21638,2606275,67,2606342
21639,2606506,84,2606590
21640,2606805,66,2606871
21641,2606894,5,2606899
21642,2606964,17,2606981
21643,2606987,40,2607027
21644,2607175,17,2607192
21645,2607513,13,2607526
21646,2607602,6,2607608
21647,2607620,53,2607673
21648,2607701,41,2607742
21649,2607788,13,2607801
21650,2607874,7,2607881
21651,2607882,16,2607898
21652,2607968,25,2607993
21653,2608096,46,2608142
21654,2608270,76,2608346
21655,2608357,16,2608373
21656,2608386,26,2608412
21657,2608428,18,2608446
21658,2608460,9,2608469
21659,2608480,10,2608490
21660,2608506,12,2608518
21661,2608582,31,2608613
21662,2608654,15,2608669
21663,2608706,9,2608715
21664,2608906,3,2608909
21665,2608922,3,2608925
21666,2608977,11,2608988
21667,2609127,36,2609163
21668,2609319,40,2609359
21669,2609396,4,2609400
21670,2609411,17,2609428
21671,2609459,2,2609461
21672,2609464,29,2609493
21673,2609860,16,2609876
21674,2609904,21,2609925
21675,2610050,12,2610062
21676,2610100,4,2610104
21677,2610325,11,2610336
21678,2610351,2,2610353
21679,2610446,14,2610460
21680,2610543,39,2610582
21681,2610659,19,2610678
21682,2610726,40,2610766
21683,2610934,20,2610954
21684,2611224,6,2611230
21685,2611250,6,2611256
21686,2611428,37,2611465
21687,2611538,5,2611543
21688,2611676,6,2611682
21689,2611703,9,2611712
21690,2611755,5,2611760
21691,2611812,21,2611833
21692,2612150,1,2612151
21693,2612359,37,2612396
21694,2612462,3,2612465
21695,2612578,10,2612588
21696,2612721,5,2612726
21697,2612754,16,2612770
21698,2612824,38,2612862
21699,2612962,12,2612974
21700,2613456,15,2613471
21701,2613811,29,2613840
21702,2613845,17,2613862
21703,2613874,17,2613891
21704,2613920,4,2613924
21705,2614004,3,2614007
21706,2614034,21,2614055
21707,2614112,11,2614123
21708,2614306,16,2614322
21709,2614330,2,2614332
21710,2614415,32,2614447
21711,2614614,13,2614627
21712,2614652,24,2614676
21713,2614785,15,2614800
21714,2614841,18,2614859
21715,2614890,11,2614901
21716,2614930,8,2614938
21717,2614951,5,2614956
21718,2614995,7,2615002
21719,2615064,5,2615069
21720,2615225,7,2615232
21721,2615266,16,2615282
21722,2615372,19,2615391
21723,2615563,24,2615587
21724,2615685,11,2615696
21725,2615764,3,2615767
21726,2615898,30,2615928
21727,2616093,10,2616103
21728,2616187,31,2616218
21729,2616273,13,2616286
21730,2616341,34,2616375
21731,2616399,1,2616400
21732,2616620,82,2616702
21733,2616784,12,2616796
21734,2617152,2,2617154
21735,2617233,12,2617245
21736,2617250,7,2617257
21737,2617345,85,2617430
21738,2617495,24,2617519
21739,2617580,20,2617600
21740,2617773,21,2617794
21741,2617826,15,2617841
21742,2618055,11,2618066
21743,2618095,1,2618096
21744,2618330,76,2618406
21745,2618428,1,2618429
21746,2618433,8,2618441
21747,2618475,37,2618512
21748,2618562,36,2618598
21749,2618794,4,2618798
21750,2618882,8,2618890
21751,2619055,6,2619061
21752,2619290,13,2619303
21753,2619331,3,2619334
21754,2619427,11,2619438
21755,2619585,4,2619589
21756,2619627,43,2619670
21757,2619718,6,2619724
21758,2619791,71,2619862
21759,2619952,11,2619963
21760,2619986,55,2620041
21761,2620337,24,2620361
21762,2620654,3,2620657
21763,2620921,18,2620939
21764,2620973,1,2620974
21765,2621121,3,2621124
21766,2621301,2,2621303
21767,2621432,7,2621439
21768,2621558,57,2621615
21769,2621636,79,2621715
21770,2621825,34,2621859
21771,2621914,17,2621931
21772,2621963,1,2621964
21773,2621997,19,2622016
21774,2622273,31,2622304
21775,2622305,1,2622306
21776,2622683,25,2622708
21777,2622757,5,2622762
21778,2622791,74,2622865
21779,2622972,29,2623001
21780,2623131,2,2623133
21781,2623416,16,2623432
21782,2623438,52,2623490
21783,2623491,9,2623500
21784,2623501,2,2623503
21785,2623655,6,2623661
21786,2623998,4,2624002
21787,2624391,25,2624416
21788,2624498,4,2624502
21789,2624525,6,2624531
21790,2624671,59,2624730
21791,2624827,5,2624832
21792,2624936,22,2624958
21793,2625172,8,2625180
21794,2625237,6,2625243
21795,2625249,3,2625252
21796,2625364,4,2625368
21797,2625382,17,2625399
21798,2625830,41,2625871
21799,2625972,26,2625998
21800,2626017,22,2626039
21801,2626049,11,2626060
21802,2626199,15,2626214
21803,2626268,9,2626277
21804,2626357,2,2626359
21805,2626375,2,2626377
21806,2626649,5,2626654
21807,2626694,15,2626709
21808,2626778,63,2626841
21809,2626868,33,2626901
21810,2626981,59,2627040
21811,2627094,13,2627107
21812,2627265,26,2627291
21813,2627394,3,2627397
21814,2627673,6,2627679
21815,2627786,5,2627791
21816,2627840,26,2627866
21817,2627901,17,2627918
21818,2627980,15,2627995
21819,2628144,1,2628145
21820,2628343,28,2628371
21821,2628397,4,2628401
21822,2628475,41,2628516
21823,2628518,11,2628529
21824,2628560,65,2628625
21825,2628774,5,2628779
21826,2628846,4,2628850
21827,2628909,13,2628922
21828,2628957,54,2629011
21829,2629099,14,2629113
21830,2629168,15,2629183
21831,2629216,78,2629294
21832,2629455,2,2629457
21833,2629934,4,2629938
21834,2630140,3,2630143
21835,2630267,16,2630283
21836,2630357,39,2630396
21837,2630403,3,2630406
21838,2630439,1,2630440
21839,2630456,25,2630481
21840,2630550,25,2630575
21841,2630894,2,2630896
21842,2630936,7,2630943
21843,2631299,3,2631302
21844,2631425,5,2631430
21845,2631468,42,2631510
21846,2631516,8,2631524
21847,2631623,34,2631657
21848,2631799,25,2631824
21849,2631923,12,2631935
21850,2632017,26,2632043
21851,2632058,4,2632062
21852,2632105,1,2632106
21853,2632215,12,2632227
21854,2632304,40,2632344
21855,2632491,9,2632500
21856,2632503,21,2632524
21857,2632549,41,2632590
21858,2632604,30,2632634
21859,2632726,33,2632759
21860,2632909,7,2632916
21861,2632954,13,2632967
21862,2632984,2,2632986
21863,2633100,129,2633229
21864,2633289,1,2633290
21865,2633341,30,2633371
21866,2633386,23,2633409
21867,2633495,10,2633505
21868,2633627,25,2633652
21869,2633772,2,2633774
21870,2633792,7,2633799
21871,2633907,1,2633908
21872,2633914,84,2633998
21873,2634075,22,2634097
21874,2634157,43,2634200
21875,2634267,7,2634274
21876,2634304,20,2634324
21877,2634674,7,2634681
21878,2634796,3,2634799
21879,2634830,16,2634846
21880,2634965,20,2634985
21881,2635235,21,2635256
21882,2635276,66,2635342
21883,2635358,29,2635387
21884,2635411,18,2635429
21885,2635719,35,2635754
21886,2635952,36,2635988
21887,2636071,7,2636078
21888,2636089,6,2636095
21889,2636254,16,2636270
21890,2636373,26,2636399
21891,2636476,15,2636491
21892,2636588,13,2636601
21893,2636604,8,2636612
21894,2636757,18,2636775
21895,2636891,28,2636919
21896,2637459,6,2637465
21897,2637501,1,2637502
21898,2637525,19,2637544
21899,2637600,13,2637613
21900,2637660,5,2637665
21901,2637703,49,2637752
21902,2637760,7,2637767
21903,2637890,57,2637947
21904,2638150,59,2638209
21905,2638220,3,2638223
21906,2638344,6,2638350
21907,2638426,23,2638449
21908,2638545,17,2638562
21909,2638567,7,2638574
21910,2638630,30,2638660
21911,2638674,38,2638712
21912,2638838,8,2638846
21913,2638917,6,2638923
21914,2639028,2,2639030
21915,2639065,48,2639113
21916,2639142,17,2639159
21917,2639188,13,2639201
21918,2639274,13,2639287
21919,2639343,69,2639412
21920,2639639,26,2639665
21921,2639757,25,2639782
21922,2639842,1,2639843
21923,2640007,11,2640018
21924,2640052,20,2640072
21925,2640085,40,2640125
21926,2640129,21,2640150
21927,2640352,11,2640363
21928,2640416,16,2640432
21929,2640482,55,2640537
21930,2640672,13,2640685
21931,2640824,16,2640840
21932,2641027,3,2641030
21933,2641134,3,2641137
21934,2641155,3,2641158
21935,2641206,53,2641259
21936,2641286,1,2641287
21937,2641318,15,2641333
21938,2641354,23,2641377
21939,2641486,17,2641503
21940,2641581,25,2641606
21941,2641710,45,2641755
21942,2642131,5,2642136
21943,2642350,18,2642368
21944,2642414,22,2642436
21945,2642514,40,2642554
21946,2642741,2,2642743
21947,2642867,6,2642873
21948,2642882,61,2642943
21949,2643047,94,2643141
21950,2643180,2,2643182
21951,2643235,5,2643240
21952,2643338,14,2643352
21953,2643405,21,2643426
21954,2643502,2,2643504
21955,2643516,6,2643522
21956,2643715,13,2643728
21957,2643815,73,2643888
21958,2644183,29,2644212
21959,2644233,18,2644251
21960,2644302,17,2644319
21961,2644472,58,2644530
21962,2644707,20,2644727
21963,2644792,28,2644820
21964,2644990,43,2645033
21965,2645101,1,2645102
21966,2645134,1,2645135
21967,2645416,6,2645422
21968,2645503,9,2645512
21969,2645519,9,2645528
21970,2645580,12,2645592
21971,2645607,21,2645628
21972,2645688,11,2645699
21973,2645715,22,2645737
21974,2645769,13,2645782
21975,2645996,41,2646037
21976,2646054,6,2646060
21977,2646141,5,2646146
21978,2646393,17,2646410
21979,2646472,35,2646507
21980,2646620,77,2646697
21981,2646752,10,2646762
21982,2646793,12,2646805
21983,2646811,45,2646856
21984,2647004,3,2647007
21985,2647054,50,2647104
21986,2647153,11,2647164
21987,2647298,2,2647300
21988,2647374,49,2647423
21989,2647454,11,2647465
21990,2647644,6,2647650
21991,2647653,101,2647754
21992,2647774,21,2647795
21993,2647855,26,2647881
21994,2647977,14,2647991
21995,2648013,2,2648015
21996,2648231,37,2648268
21997,2648523,48,2648571
21998,2648603,1,2648604
21999,2648685,2,2648687
22000,2648928,40,2648968
22001,2649020,25,2649045
22002,2649064,38,2649102
22003,2649371,4,2649375
22004,2649397,1,2649398
22005,2649935,54,2649989
22006,2650272,35,2650307
22007,2650474,41,2650515
22008,2650608,23,2650631
22009,2650649,27,2650676
22010,2650708,6,2650714
22011,2650733,55,2650788
22012,2651074,85,2651159
22013,2651249,33,2651282
22014,2651683,12,2651695
22015,2651762,6,2651768
22016,2651830,11,2651841
22017,2652108,1,2652109
22018,2652194,8,2652202
22019,2652293,52,2652345
22020,2652346,17,2652363
22021,2652364,6,2652370
22022,2652421,11,2652432
22023,2652459,1,2652460
22024,2652473,64,2652537
22025,2652659,20,2652679
22026,2652744,13,2652757
22027,2652791,6,2652797
22028,2652837,12,2652849
22029,2652867,40,2652907
22030,2652965,39,2653004
22031,2653042,4,2653046
22032,2653077,1,2653078
22033,2653237,26,2653263
22034,2653492,29,2653521
22035,2653805,3,2653808
22036,2653921,58,2653979
22037,2654068,12,2654080
22038,2654202,2,2654204
22039,2654263,38,2654301
22040,2654315,16,2654331
22041,2654337,17,2654354
22042,2654366,1,2654367
22043,2654676,31,2654707
22044,2654780,13,2654793
22045,2654867,12,2654879
22046,2655005,41,2655046
22047,2655119,24,2655143
22048,2655279,27,2655306
22049,2655321,3,2655324
22050,2655362,24,2655386
22051,2655438,11,2655449
22052,2655568,7,2655575
22053,2655789,12,2655801
22054,2655876,3,2655879
22055,2655989,9,2655998
22056,2656271,40,2656311
22057,2656329,15,2656344
22058,2656375,10,2656385
22059,2656435,17,2656452
22060,2656658,26,2656684
22061,2656915,20,2656935
22062,2657136,35,2657171
22063,2657269,65,2657334
22064,2657451,39,2657490
22065,2657526,9,2657535
22066,2657541,8,2657549
22067,2657572,20,2657592
22068,2657645,19,2657664
22069,2657682,14,2657696
22070,2658208,15,2658223
22071,2658658,40,2658698
22072,2658711,29,2658740
22073,2658832,7,2658839
22074,2658873,1,2658874
22075,2658926,18,2658944
22076,2659094,8,2659102
22077,2659139,42,2659181
22078,2659203,2,2659205
22079,2659298,20,2659318
22080,2659731,28,2659759
22081,2659765,19,2659784
22082,2659800,8,2659808
22083,2660162,15,2660177
22084,2660202,61,2660263
22085,2660395,18,2660413
22086,2660438,6,2660444
22087,2660515,13,2660528
22088,2660683,29,2660712
22089,2660758,37,2660795
22090,2660836,32,2660868
22091,2660893,14,2660907
22092,2661054,23,2661077
22093,2661306,8,2661314
22094,2661476,17,2661493
22095,2661533,11,2661544
22096,2661652,1,2661653
22097,2661774,4,2661778
22098,2661860,20,2661880
22099,2661888,35,2661923
22100,2661927,5,2661932
22101,2662004,24,2662028
22102,2662399,6,2662405
22103,2662412,23,2662435
22104,2662625,3,2662628
22105,2662664,5,2662669
22106,2662734,2,2662736
22107,2662847,20,2662867
22108,2662941,14,2662955
22109,2662964,32,2662996
22110,2663135,48,2663183
22111,2663216,11,2663227
22112,2663418,3,2663421
22113,2663456,8,2663464
22114,2663552,39,2663591
22115,2663615,5,2663620
22116,2663643,16,2663659
22117,2663860,1,2663861
22118,2663869,2,2663871
22119,2663956,9,2663965
22120,2664088,14,2664102
22121,2664134,2,2664136
22122,2664151,9,2664160
22123,2664222,4,2664226
22124,2664242,29,2664271
22125,2664339,1,2664340
22126,2664424,12,2664436
22127,2664458,44,2664502
22128,2664515,3,2664518
22129,2664548,7,2664555
22130,2664605,2,2664607
22131,2664728,3,2664731
22132,2664743,24,2664767
22133,2664770,26,2664796
22134,2664888,10,2664898
22135,2664982,30,2665012
22136,2665017,50,2665067
22137,2665114,42,2665156
22138,2665210,12,2665222
22139,2665341,25,2665366
22140,2665424,34,2665458
22141,2665586,44,2665630
22142,2665648,10,2665658
22143,2665716,13,2665729
22144,2665789,10,2665799
22145,2665851,11,2665862
22146,2665908,5,2665913
22147,2665967,3,2665970
22148,2666095,83,2666178
22149,2666400,6,2666406
22150,2666424,10,2666434
22151,2666444,2,2666446
22152,2666450,27,2666477
22153,2666536,28,2666564
22154,2666925,18,2666943
22155,2666960,7,2666967
22156,2667006,7,2667013
22157,2667014,8,2667022
22158,2667051,8,2667059
22159,2667092,19,2667111
22160,2667112,17,2667129
22161,2667270,1,2667271
22162,2667912,42,2667954
22163,2668039,11,2668050
22164,2668160,22,2668182
22165,2668186,25,2668211
22166,2668341,2,2668343
22167,2668402,6,2668408
22168,2668427,8,2668435
22169,2668534,24,2668558
22170,2668701,13,2668714
22171,2668850,26,2668876
22172,2668979,7,2668986
22173,2669234,7,2669241
22174,2669269,28,2669297
22175,2669335,12,2669347
22176,2669672,9,2669681
22177,2669713,12,2669725
22178,2669732,5,2669737
22179,2669914,33,2669947
22180,2670023,43,2670066
22181,2670116,6,2670122
22182,2670342,17,2670359
22183,2670431,1,2670432
22184,2670433,14,2670447
22185,2670589,6,2670595
22186,2670651,19,2670670
22187,2670924,1,2670925
22188,2670952,27,2670979
22189,2671011,24,2671035
22190,2671200,25,2671225
22191,2671227,10,2671237
22192,2671319,1,2671320
22193,2671375,84,2671459
22194,2671623,10,2671633
22195,2672171,44,2672215
22196,2672352,15,2672367
22197,2672426,60,2672486
22198,2672754,16,2672770
22199,2672799,31,2672830
22200,2672864,13,2672877
22201,2673035,14,2673049
22202,2673149,7,2673156
22203,2673203,30,2673233
22204,2673346,17,2673363
22205,2673415,3,2673418
22206,2673427,3,2673430
22207,2673808,25,2673833
22208,2673961,2,2673963
22209,2674082,8,2674090
22210,2674338,23,2674361
22211,2674523,5,2674528
22212,2674694,20,2674714
22213,2674774,11,2674785
22214,2674889,4,2674893
22215,2674994,7,2675001
22216,2675144,24,2675168
22217,2675322,18,2675340
22218,2675571,4,2675575
22219,2675709,3,2675712
22220,2675804,56,2675860
22221,2675904,10,2675914
22222,2676020,85,2676105
22223,2676152,8,2676160
22224,2676185,26,2676211
22225,2676376,3,2676379
22226,2676473,8,2676481
22227,2676595,16,2676611
22228,2676631,7,2676638
22229,2676812,33,2676845
22230,2676862,10,2676872
22231,2676941,39,2676980
22232,2677035,11,2677046
22233,2677100,36,2677136
22234,2677190,1,2677191
22235,2677241,8,2677249
22236,2677328,86,2677414
22237,2677422,26,2677448
22238,2677465,14,2677479
22239,2677523,6,2677529
22240,2677889,7,2677896
22241,2678338,34,2678372
22242,2678601,1,2678602
22243,2678773,20,2678793
22244,2678902,51,2678953
22245,2679285,32,2679317
22246,2679402,2,2679404
22247,2679479,11,2679490
22248,2679709,1,2679710
22249,2679867,16,2679883
22250,2680064,5,2680069
22251,2680070,5,2680075
22252,2680090,11,2680101
22253,2680157,16,2680173
22254,2680313,27,2680340
22255,2680442,41,2680483
22256,2680555,25,2680580
22257,2680598,30,2680628
22258,2680891,14,2680905
22259,2680915,17,2680932
22260,2680949,10,2680959
22261,2681060,5,2681065
22262,2681091,9,2681100
22263,2681211,7,2681218
22264,2681245,5,2681250
22265,2681289,60,2681349
22266,2681353,10,2681363
22267,2681419,7,2681426
22268,2681692,32,2681724
22269,2681751,77,2681828
22270,2682330,46,2682376
22271,2682432,56,2682488
22272,2682533,2,2682535
22273,2682664,58,2682722
22274,2682762,3,2682765
22275,2682940,1,2682941
22276,2683220,13,2683233
22277,2683237,3,2683240
22278,2683259,24,2683283
22279,2683337,26,2683363
22280,2683799,11,2683810
22281,2683825,59,2683884
22282,2683900,9,2683909
22283,2683910,19,2683929
22284,2684019,6,2684025
22285,2684097,1,2684098
22286,2684276,55,2684331
22287,2684389,11,2684400
22288,2684450,19,2684469
22289,2684499,83,2684582
22290,2684741,15,2684756
22291,2684837,60,2684897
22292,2684956,4,2684960
22293,2684962,93,2685055
22294,2685116,34,2685150
22295,2685225,47,2685272
22296,2685325,67,2685392
22297,2685477,108,2685585
22298,2685864,24,2685888
22299,2685952,64,2686016
22300,2686168,19,2686187
22301,2686243,10,2686253
22302,2686287,11,2686298
22303,2686364,65,2686429
22304,2686527,1,2686528
22305,2686550,20,2686570
22306,2686598,18,2686616
22307,2686662,36,2686698
22308,2686761,19,2686780
22309,2686820,30,2686850
22310,2686948,54,2687002
22311,2687177,3,2687180
22312,2687432,7,2687439
22313,2687571,26,2687597
22314,2687701,3,2687704
22315,2687733,2,2687735
22316,2687943,1,2687944
22317,2687997,1,2687998
22318,2688241,20,2688261
22319,2688392,13,2688405
22320,2688420,14,2688434
22321,2688527,16,2688543
22322,2688569,31,2688600
22323,2688733,23,2688756
22324,2688758,90,2688848
22325,2688926,4,2688930
22326,2689184,14,2689198
22327,2689349,55,2689404
22328,2689683,3,2689686
22329,2689850,5,2689855
22330,2689909,23,2689932
22331,2689958,13,2689971
22332,2689982,5,2689987
22333,2690022,35,2690057
22334,2690111,2,2690113
22335,2690128,1,2690129
22336,2690196,49,2690245
22337,2690350,61,2690411
22338,2691045,72,2691117
22339,2691147,19,2691166
22340,2691333,4,2691337
22341,2691343,5,2691348
22342,2691371,24,2691395
22343,2691413,4,2691417
22344,2691610,7,2691617
22345,2691756,5,2691761
22346,2691823,22,2691845
22347,2691923,19,2691942
22348,2692098,9,2692107
22349,2692114,31,2692145
22350,2692146,1,2692147
22351,2692229,2,2692231
22352,2692385,5,2692390
22353,2692446,9,2692455
22354,2692623,15,2692638
22355,2692658,24,2692682
22356,2692893,2,2692895
22357,2692946,7,2692953
22358,2692970,27,2692997
22359,2693257,4,2693261
22360,2693283,3,2693286
22361,2693320,12,2693332
22362,2693347,57,2693404
22363,2693426,2,2693428
22364,2693489,36,2693525
22365,2693541,52,2693593
22366,2693719,4,2693723
22367,2694027,7,2694034
22368,2694213,51,2694264
22369,2694372,3,2694375
22370,2694413,3,2694416
22371,2694452,6,2694458
22372,2694702,1,2694703
22373,2694754,48,2694802
22374,2694950,4,2694954
22375,2694968,21,2694989
22376,2695011,61,2695072
22377,2695154,6,2695160
22378,2695214,21,2695235
22379,2695279,20,2695299
22380,2695447,13,2695460
22381,2695476,31,2695507
22382,2695567,15,2695582
22383,2695615,46,2695661
22384,2695701,5,2695706
22385,2696023,21,2696044
22386,2696203,2,2696205
22387,2696241,26,2696267
22388,2696383,8,2696391
22389,2696535,23,2696558
22390,2696619,17,2696636
22391,2696944,32,2696976
22392,2697011,86,2697097
22393,2697112,12,2697124
22394,2697294,22,2697316
22395,2697371,4,2697375
22396,2697397,30,2697427
22397,2697555,24,2697579
22398,2697620,13,2697633
22399,2697864,63,2697927
22400,2698075,7,2698082
22401,2698096,5,2698101
22402,2698177,40,2698217
22403,2698240,26,2698266
22404,2698361,1,2698362
22405,2698587,11,2698598
22406,2698678,19,2698697
22407,2698808,17,2698825
22408,2699033,53,2699086
22409,2699193,99,2699292
22410,2699392,6,2699398
22411,2699405,1,2699406
22412,2699577,6,2699583
22413,2699600,111,2699711
22414,2699838,50,2699888
22415,2699939,4,2699943
22416,2700047,64,2700111
22417,2700186,4,2700190
22418,2700224,3,2700227
22419,2700285,1,2700286
22420,2700544,58,2700602
22421,2700651,14,2700665
22422,2700901,17,2700918
22423,2701020,5,2701025
22424,2701068,49,2701117
22425,2701197,9,2701206
22426,2701220,26,2701246
22427,2701276,11,2701287
22428,2701493,6,2701499
22429,2701578,6,2701584
22430,2701632,20,2701652
22431,2701769,7,2701776
22432,2701779,18,2701797
22433,2701930,50,2701980
22434,2701983,1,2701984
22435,2702099,63,2702162
22436,2702342,26,2702368
22437,2702442,44,2702486
22438,2702770,49,2702819
22439,2702984,48,2703032
22440,2703142,7,2703149
22441,2703211,15,2703226
22442,2703309,8,2703317
22443,2703369,6,2703375
22444,2703503,29,2703532
22445,2703763,13,2703776
22446,2703975,20,2703995
22447,2703996,34,2704030
22448,2704098,24,2704122
22449,2704148,1,2704149
22450,2704240,17,2704257
22451,2704274,11,2704285
22452,2704386,9,2704395
22453,2704403,7,2704410
22454,2704454,52,2704506
22455,2704612,10,2704622
22456,2704722,43,2704765
22457,2704780,20,2704800
22458,2704954,7,2704961
22459,2704964,3,2704967
22460,2705340,17,2705357
22461,2705632,10,2705642
22462,2705837,35,2705872
22463,2705912,32,2705944
22464,2705962,14,2705976
22465,2706051,5,2706056
22466,2706111,5,2706116
22467,2706183,5,2706188
22468,2706207,23,2706230
22469,2706299,2,2706301
22470,2706354,22,2706376
22471,2706531,16,2706547
22472,2706565,46,2706611
22473,2706813,6,2706819
22474,2706834,33,2706867
22475,2706898,18,2706916
22476,2706976,7,2706983
22477,2707036,25,2707061
22478,2707195,60,2707255
22479,2707528,7,2707535
22480,2707572,8,2707580
22481,2707615,1,2707616
22482,2707659,18,2707677
22483,2707731,4,2707735
22484,2708034,2,2708036
22485,2708139,31,2708170
22486,2708220,3,2708223
22487,2708252,22,2708274
22488,2708452,3,2708455
22489,2708590,8,2708598
22490,2708858,117,2708975
22491,2709047,3,2709050
22492,2709052,22,2709074
22493,2709273,36,2709309
22494,2709405,10,2709415
22495,2709480,1,2709481
22496,2709648,17,2709665
22497,2709822,41,2709863
22498,2710029,10,2710039
22499,2710053,14,2710067
22500,2710203,9,2710212
22501,2710250,42,2710292
22502,2710314,13,2710327
22503,2710433,31,2710464
22504,2710508,27,2710535
22505,2711030,6,2711036
22506,2711087,8,2711095
22507,2711139,21,2711160
22508,2711185,23,2711208
22509,2711288,95,2711383
22510,2711408,2,2711410
22511,2711623,16,2711639
22512,2711674,1,2711675
22513,2711701,4,2711705
22514,2711716,6,2711722
22515,2711860,17,2711877
22516,2711905,16,2711921
22517,2711923,12,2711935
22518,2712051,25,2712076
22519,2712166,10,2712176
22520,2712285,4,2712289
22521,2712445,2,2712447
22522,2712560,18,2712578
22523,2712660,61,2712721
22524,2712733,19,2712752
22525,2713177,19,2713196
22526,2713298,27,2713325
22527,2713371,14,2713385
22528,2713395,7,2713402
22529,2713415,8,2713423
22530,2713498,5,2713503
22531,2713609,12,2713621
22532,2713655,31,2713686
22533,2713694,36,2713730
22534,2713799,13,2713812
22535,2713875,15,2713890
22536,2714086,16,2714102
22537,2714136,19,2714155
22538,2714277,38,2714315
22539,2714363,57,2714420
22540,2714524,3,2714527
22541,2714593,14,2714607
22542,2714642,4,2714646
22543,2714663,14,2714677
22544,2714723,13,2714736
22545,2714758,5,2714763
22546,2714836,15,2714851
22547,2714937,5,2714942
22548,2715177,47,2715224
22549,2715392,12,2715404
22550,2715526,33,2715559
22551,2715680,3,2715683
22552,2715905,6,2715911
22553,2715948,8,2715956
22554,2716136,15,2716151
22555,2716280,7,2716287
22556,2716303,19,2716322
22557,2716395,60,2716455
22558,2716477,1,2716478
22559,2716515,7,2716522
22560,2716539,16,2716555
22561,2716696,25,2716721
22562,2716802,5,2716807
22563,2717068,8,2717076
22564,2717106,1,2717107
22565,2717159,1,2717160
22566,2717246,8,2717254
22567,2717315,56,2717371
22568,2717436,28,2717464
22569,2717535,103,2717638
22570,2717644,3,2717647
22571,2717861,26,2717887
22572,2718025,20,2718045
22573,2718139,58,2718197
22574,2718247,7,2718254
22575,2718282,38,2718320
22576,2718324,6,2718330
22577,2718397,8,2718405
22578,2718706,8,2718714
22579,2718833,20,2718853
22580,2718897,8,2718905
22581,2718980,12,2718992
22582,2719014,17,2719031
22583,2719186,16,2719202
22584,2719337,27,2719364
22585,2719383,57,2719440
22586,2719477,5,2719482
22587,2719686,30,2719716
22588,2719996,10,2720006
22589,2720056,67,2720123
22590,2720165,21,2720186
22591,2720514,4,2720518
22592,2720780,28,2720808
22593,2720847,28,2720875
22594,2720977,52,2721029
22595,2721090,18,2721108
22596,2721268,4,2721272
22597,2721291,9,2721300
22598,2721449,3,2721452
22599,2721501,7,2721508
22600,2721974,27,2722001
22601,2722174,8,2722182
22602,2722262,2,2722264
22603,2722314,1,2722315
22604,2722338,1,2722339
22605,2722382,36,2722418
22606,2722447,47,2722494
22607,2722648,9,2722657
22608,2722689,18,2722707
22609,2722759,6,2722765
22610,2722806,18,2722824
22611,2722838,37,2722875
22612,2722883,12,2722895
22613,2722943,44,2722987
22614,2723400,18,2723418
22615,2723445,11,2723456
22616,2723493,53,2723546
22617,2723567,3,2723570
22618,2723760,33,2723793
22619,2723817,19,2723836
22620,2724181,30,2724211
22621,2724214,14,2724228
22622,2724285,8,2724293
22623,2724305,30,2724335
22624,2724829,114,2724943
22625,2725080,11,2725091
22626,2725121,58,2725179
22627,2725334,41,2725375
22628,2725436,1,2725437
22629,2725656,10,2725666
22630,2725684,4,2725688
22631,2726059,10,2726069
22632,2726242,36,2726278
22633,2726371,11,2726382
22634,2726441,11,2726452
22635,2726623,13,2726636
22636,2726728,13,2726741
22637,2726816,5,2726821
22638,2726939,19,2726958
22639,2727038,50,2727088
22640,2727293,13,2727306
22641,2727376,10,2727386
22642,2727496,20,2727516
22643,2727584,22,2727606
22644,2727649,29,2727678
22645,2727829,42,2727871
22646,2728017,10,2728027
22647,2728131,3,2728134
22648,2728153,13,2728166
22649,2728239,9,2728248
22650,2728262,11,2728273
22651,2728285,2,2728287
22652,2728346,8,2728354
22653,2728361,9,2728370
22654,2728424,1,2728425
22655,2728459,55,2728514
22656,2728786,26,2728812
22657,2728825,11,2728836
22658,2728882,19,2728901
22659,2728951,41,2728992
22660,2729004,1,2729005
22661,2729016,1,2729017
22662,2729090,12,2729102
22663,2729352,27,2729379
22664,2729461,32,2729493
22665,2729508,16,2729524
22666,2729606,21,2729627
22667,2729697,14,2729711
22668,2730091,28,2730119
22669,2730147,21,2730168
22670,2730217,8,2730225
22671,2730421,81,2730502
22672,2730697,9,2730706
22673,2730761,4,2730765
22674,2730851,10,2730861
22675,2730925,4,2730929
22676,2731252,37,2731289
22677,2731327,26,2731353
22678,2731396,5,2731401
22679,2731521,15,2731536
22680,2731599,32,2731631
22681,2731653,4,2731657
22682,2731727,4,2731731
22683,2731916,9,2731925
22684,2731931,25,2731956
22685,2732126,26,2732152
22686,2732155,23,2732178
22687,2732213,26,2732239
22688,2732471,1,2732472
22689,2732615,16,2732631
22690,2732858,70,2732928
22691,2733005,12,2733017
22692,2733105,12,2733117
22693,2733188,56,2733244
22694,2733296,27,2733323
22695,2733391,1,2733392
22696,2733712,2,2733714
22697,2733903,39,2733942
22698,2733957,3,2733960
22699,2733976,51,2734027
22700,2734116,4,2734120
22701,2734194,23,2734217
22702,2734277,34,2734311
22703,2734421,3,2734424
22704,2734618,13,2734631
22705,2734843,20,2734863
22706,2734995,27,2735022
22707,2735088,12,2735100
22708,2735105,5,2735110
22709,2735236,22,2735258
22710,2735289,23,2735312
22711,2735357,24,2735381
22712,2735744,14,2735758
22713,2735775,27,2735802
22714,2735809,67,2735876
22715,2735933,2,2735935
22716,2735961,9,2735970
22717,2736186,4,2736190
22718,2736272,1,2736273
22719,2736477,4,2736481
22720,2736589,10,2736599
22721,2736855,30,2736885
22722,2737026,17,2737043
22723,2737066,12,2737078
22724,2737583,9,2737592
22725,2737635,17,2737652
22726,2737753,22,2737775
22727,2737820,17,2737837
22728,2737890,22,2737912
22729,2738046,45,2738091
22730,2738101,34,2738135
22731,2738396,8,2738404
22732,2738503,50,2738553
22733,2738561,17,2738578
22734,2738658,4,2738662
22735,2738789,28,2738817
22736,2739128,42,2739170
22737,2739509,24,2739533
22738,2739785,120,2739905
22739,2740039,22,2740061
22740,2740076,7,2740083
22741,2740190,11,2740201
22742,2740289,32,2740321
22743,2740370,13,2740383
22744,2740653,25,2740678
22745,2741648,24,2741672
22746,2741895,17,2741912
22747,2742100,38,2742138
22748,2742277,34,2742311
22749,2742328,8,2742336
22750,2742339,5,2742344
22751,2742442,17,2742459
22752,2742547,24,2742571
22753,2742608,53,2742661
22754,2743028,44,2743072
22755,2743425,6,2743431
22756,2743537,10,2743547
22757,2743723,10,2743733
22758,2743964,11,2743975
22759,2744002,62,2744064
22760,2744158,7,2744165
22761,2744235,22,2744257
22762,2744264,12,2744276
22763,2744341,3,2744344
22764,2744396,25,2744421
22765,2744611,12,2744623
22766,2744646,50,2744696
22767,2744800,71,2744871
22768,2744936,22,2744958
22769,2745212,4,2745216
22770,2745217,18,2745235
22771,2745292,4,2745296
22772,2745315,5,2745320
22773,2745397,60,2745457
22774,2745689,5,2745694
22775,2745717,14,2745731
22776,2745882,4,2745886
22777,2745923,14,2745937
22778,2745972,6,2745978
22779,2746000,5,2746005
22780,2746034,23,2746057
22781,2746158,1,2746159
22782,2746199,15,2746214
22783,2746358,7,2746365
22784,2746439,4,2746443
22785,2746666,1,2746667
22786,2746741,38,2746779
22787,2746880,4,2746884
22788,2746948,2,2746950
22789,2747004,42,2747046
22790,2747142,21,2747163
22791,2747235,39,2747274
22792,2747307,15,2747322
22793,2747374,73,2747447
22794,2747524,31,2747555
22795,2747594,12,2747606
22796,2747621,21,2747642
22797,2747646,23,2747669
22798,2747756,28,2747784
22799,2747887,2,2747889
22800,2747991,22,2748013
22801,2748066,1,2748067
22802,2748184,15,2748199
22803,2748668,32,2748700
22804,2748725,5,2748730
22805,2748739,24,2748763
22806,2748798,7,2748805
22807,2748807,117,2748924
22808,2748952,7,2748959
22809,2749033,14,2749047
22810,2749071,2,2749073
22811,2749147,31,2749178
22812,2749226,14,2749240
22813,2749366,10,2749376
22814,2749628,6,2749634
22815,2749749,3,2749752
22816,2749879,7,2749886
22817,2750226,28,2750254
22818,2750457,55,2750512
22819,2750533,38,2750571
22820,2750611,56,2750667
22821,2750726,18,2750744
22822,2750880,29,2750909
22823,2750979,5,2750984
22824,2751044,38,2751082
22825,2751164,24,2751188
22826,2751323,5,2751328
22827,2751372,61,2751433
22828,2751580,16,2751596
22829,2751647,31,2751678
22830,2751690,12,2751702
22831,2751931,12,2751943
22832,2751986,40,2752026
22833,2752166,25,2752191
22834,2752448,26,2752474
22835,2752549,16,2752565
22836,2752585,42,2752627
22837,2752635,5,2752640
22838,2752868,27,2752895
22839,2752941,8,2752949
22840,2753024,8,2753032
22841,2753393,30,2753423
22842,2753573,3,2753576
22843,2753879,6,2753885
22844,2753896,13,2753909
22845,2753974,21,2753995
22846,2754137,38,2754175
22847,2754350,5,2754355
22848,2754742,13,2754755
22849,2754788,15,2754803
22850,2754874,5,2754879
22851,2755095,52,2755147
22852,2755339,7,2755346
22853,2755395,31,2755426
22854,2755428,11,2755439
22855,2755442,11,2755453
22856,2755578,30,2755608
22857,2755647,1,2755648
22858,2755836,31,2755867
22859,2755879,5,2755884
22860,2755991,12,2756003
22861,2756139,11,2756150
22862,2756159,65,2756224
22863,2756240,58,2756298
22864,2756302,18,2756320
22865,2756621,3,2756624
22866,2756761,7,2756768
22867,2757005,19,2757024
22868,2757306,19,2757325
22869,2757390,8,2757398
22870,2757496,13,2757509
22871,2757652,1,2757653
22872,2757828,9,2757837
22873,2758028,18,2758046
22874,2758108,11,2758119
22875,2758181,10,2758191
22876,2758215,23,2758238
22877,2758257,12,2758269
22878,2758351,9,2758360
22879,2758629,19,2758648
22880,2758745,35,2758780
22881,2758979,10,2758989
22882,2759225,60,2759285
22883,2759451,38,2759489
22884,2759498,28,2759526
22885,2759638,28,2759666
22886,2759668,4,2759672
22887,2759774,8,2759782
22888,2759796,7,2759803
22889,2759931,18,2759949
22890,2760166,8,2760174
22891,2760190,3,2760193
22892,2760196,29,2760225
22893,2760227,12,2760239
22894,2760358,7,2760365
22895,2760588,3,2760591
22896,2760736,14,2760750
22897,2760770,32,2760802
22898,2760804,21,2760825
22899,2760971,41,2761012
22900,2761030,5,2761035
22901,2761199,43,2761242
22902,2761579,13,2761592
22903,2761648,14,2761662
22904,2761679,2,2761681
22905,2761771,2,2761773
22906,2761855,88,2761943
22907,2761966,27,2761993
22908,2762000,8,2762008
22909,2762198,29,2762227
22910,2762257,40,2762297
22911,2762413,17,2762430
22912,2762460,19,2762479
22913,2762578,8,2762586
22914,2762603,32,2762635
22915,2762654,3,2762657
22916,2762780,25,2762805
22917,2762823,10,2762833
22918,2762988,13,2763001
22919,2763599,10,2763609
22920,2763755,4,2763759
22921,2763805,13,2763818
22922,2763939,4,2763943
22923,2764076,12,2764088
22924,2764757,3,2764760
22925,2764886,15,2764901
22926,2765126,7,2765133
22927,2765703,24,2765727
22928,2765728,1,2765729
22929,2765903,1,2765904
22930,2765949,2,2765951
22931,2766122,18,2766140
22932,2766407,8,2766415
22933,2766445,9,2766454
22934,2766469,6,2766475
22935,2766716,4,2766720
22936,2766844,9,2766853
22937,2766885,41,2766926
22938,2767205,20,2767225
22939,2767375,1,2767376
22940,2767461,17,2767478
22941,2767534,2,2767536
22942,2767609,57,2767666
22943,2767705,36,2767741
22944,2767803,2,2767805
22945,2767832,6,2767838
22946,2767971,6,2767977
22947,2767983,31,2768014
22948,2768015,38,2768053
22949,2768102,10,2768112
22950,2768288,40,2768328
22951,2768355,6,2768361
22952,2768547,11,2768558
22953,2768611,6,2768617
22954,2768712,81,2768793
22955,2769156,27,2769183
22956,2769210,26,2769236
22957,2769553,1,2769554
22958,2769845,15,2769860
22959,2769922,2,2769924
22960,2770016,30,2770046
22961,2770189,19,2770208
22962,2770283,22,2770305
22963,2770386,17,2770403
22964,2770709,1,2770710
22965,2770779,16,2770795
22966,2770950,39,2770989
22967,2770998,8,2771006
22968,2771103,45,2771148
22969,2771379,6,2771385
22970,2771471,13,2771484
22971,2771663,31,2771694
22972,2771809,6,2771815
22973,2771817,13,2771830
22974,2771964,8,2771972
22975,2772068,17,2772085
22976,2772191,2,2772193
22977,2772219,80,2772299
22978,2772361,4,2772365
22979,2772379,14,2772393
22980,2772432,16,2772448
22981,2772478,14,2772492
22982,2772502,37,2772539
22983,2772575,12,2772587
22984,2772595,9,2772604
22985,2772880,7,2772887
22986,2772923,30,2772953
22987,2773152,26,2773178
22988,2773201,58,2773259
22989,2773267,3,2773270
22990,2773271,23,2773294
22991,2773305,53,2773358
22992,2773476,62,2773538
22993,2773632,22,2773654
22994,2773712,2,2773714
22995,2773738,75,2773813
22996,2773898,27,2773925
22997,2774031,29,2774060
22998,2774109,32,2774141
22999,2774142,21,2774163
23000,2774331,19,2774350
23001,2774392,17,2774409
23002,2774511,48,2774559
23003,2774613,27,2774640
23004,2774733,17,2774750
23005,2774768,7,2774775
23006,2774931,42,2774973
23007,2775006,25,2775031
23008,2775105,3,2775108
23009,2775286,7,2775293
23010,2775464,11,2775475
23011,2775496,8,2775504
23012,2775627,1,2775628
23013,2775770,45,2775815
23014,2775848,9,2775857
23015,2776052,15,2776067
23016,2776307,6,2776313
23017,2776328,10,2776338
23018,2776639,50,2776689
23019,2776827,46,2776873
23020,2776889,15,2776904
23021,2777137,2,2777139
23022,2777170,52,2777222
23023,2777253,19,2777272
23024,2777389,78,2777467
23025,2777506,22,2777528
23026,2777662,6,2777668
23027,2777700,46,2777746
23028,2777775,19,2777794
23029,2778021,17,2778038
23030,2778149,5,2778154
23031,2778201,15,2778216
23032,2778243,48,2778291
23033,2778483,4,2778487
23034,2778609,6,2778615
23035,2778844,4,2778848
23036,2778910,15,2778925
23037,2779001,22,2779023
23038,2779042,22,2779064
23039,2779458,31,2779489
23040,2779612,43,2779655
23041,2779685,33,2779718
23042,2779820,2,2779822
23043,2779857,7,2779864
23044,2779872,1,2779873
23045,2779879,23,2779902
23046,2780010,28,2780038
23047,2780209,25,2780234
23048,2780455,7,2780462
23049,2780471,32,2780503
23050,2780530,30,2780560
23051,2780648,21,2780669
23052,2780804,29,2780833
23053,2780930,6,2780936
23054,2780989,10,2780999
23055,2781079,10,2781089
23056,2781159,26,2781185
23057,2781214,6,2781220
23058,2781231,8,2781239
23059,2781272,5,2781277
23060,2781382,43,2781425
23061,2781499,2,2781501
23062,2781594,11,2781605
23063,2781712,16,2781728
23064,2781773,85,2781858
23065,2781877,6,2781883
23066,2781912,13,2781925
23067,2782021,21,2782042
23068,2782091,11,2782102
23069,2782168,16,2782184
23070,2782405,4,2782409
23071,2782430,10,2782440
23072,2782460,21,2782481
23073,2782503,44,2782547
23074,2782681,5,2782686
23075,2783020,4,2783024
23076,2783123,14,2783137
23077,2783165,37,2783202
23078,2783489,20,2783509
23079,2783639,28,2783667
23080,2783786,70,2783856
23081,2783888,2,2783890
23082,2783920,26,2783946
23083,2784115,2,2784117
23084,2784137,3,2784140
23085,2784158,9,2784167
23086,2784251,180,2784431
23087,2784510,1,2784511
23088,2784598,1,2784599
23089,2784754,8,2784762
23090,2784912,4,2784916
23091,2785112,8,2785120
23092,2785169,17,2785186
23093,2785248,14,2785262
23094,2785273,10,2785283
23095,2785574,4,2785578
23096,2785718,13,2785731
23097,2785745,53,2785798
23098,2785934,4,2785938
23099,2785970,27,2785997
23100,2786196,59,2786255
23101,2786287,37,2786324
23102,2786482,1,2786483
23103,2786522,28,2786550
23104,2786598,8,2786606
23105,2786649,19,2786668
23106,2786694,21,2786715
23107,2786722,2,2786724
23108,2786770,19,2786789
23109,2786803,48,2786851
23110,2786853,6,2786859
23111,2786870,61,2786931
23112,2787113,8,2787121
23113,2787131,30,2787161
23114,2787219,83,2787302
23115,2787693,27,2787720
23116,2787810,14,2787824
23117,2787886,9,2787895
23118,2787997,6,2788003
23119,2788007,15,2788022
23120,2788082,2,2788084
23121,2788098,17,2788115
23122,2788149,11,2788160
23123,2788206,31,2788237
23124,2788311,29,2788340
23125,2788830,1,2788831
23126,2788853,36,2788889
23127,2788933,15,2788948
23128,2788976,15,2788991
23129,2789161,20,2789181
23130,2789205,12,2789217
23131,2789243,60,2789303
23132,2789400,12,2789412
23133,2789510,29,2789539
23134,2789560,45,2789605
23135,2789685,10,2789695
23136,2789873,46,2789919
23137,2789970,55,2790025
23138,2790255,35,2790290
23139,2790552,14,2790566
23140,2790601,2,2790603
23141,2790672,32,2790704
23142,2790743,41,2790784
23143,2791072,3,2791075
23144,2791525,18,2791543
23145,2791675,3,2791678
23146,2791726,35,2791761
23147,2791771,17,2791788
23148,2791964,94,2792058
23149,2792069,9,2792078
23150,2792104,12,2792116
23151,2792141,43,2792184
23152,2792451,27,2792478
23153,2792502,9,2792511
23154,2792525,8,2792533
23155,2792559,23,2792582
23156,2792602,1,2792603
23157,2792643,10,2792653
23158,2792714,7,2792721
23159,2792732,24,2792756
23160,2793056,3,2793059
23161,2793075,6,2793081
23162,2793506,3,2793509
23163,2793541,30,2793571
23164,2793583,42,2793625
23165,2793870,12,2793882
23166,2793913,59,2793972
23167,2794247,29,2794276
23168,2794296,55,2794351
23169,2794358,19,2794377
23170,2795007,6,2795013
23171,2795182,8,2795190
23172,2795593,4,2795597
23173,2795604,2,2795606
23174,2795652,17,2795669
23175,2795868,17,2795885
23176,2796160,5,2796165
23177,2796231,6,2796237
23178,2796395,4,2796399
23179,2796676,18,2796694
23180,2796914,20,2796934
23181,2796952,22,2796974
23182,2797065,8,2797073
23183,2797181,14,2797195
23184,2797340,15,2797355
23185,2797363,10,2797373
23186,2797409,14,2797423
23187,2797479,6,2797485
23188,2797491,25,2797516
23189,2797555,56,2797611
23190,2797669,4,2797673
23191,2798027,17,2798044
23192,2798373,3,2798376
23193,2798819,43,2798862
23194,2799036,26,2799062
23195,2799087,14,2799101
23196,2799134,24,2799158
23197,2799225,4,2799229
23198,2799272,22,2799294
23199,2799439,18,2799457
23200,2799641,2,2799643
23201,2799757,23,2799780
23202,2799800,24,2799824
23203,2799827,3,2799830
23204,2799968,6,2799974
23205,2800043,28,2800071
23206,2800089,4,2800093
23207,2800167,31,2800198
23208,2800305,29,2800334
23209,2800503,18,2800521
23210,2800546,52,2800598
23211,2800616,28,2800644
23212,2800654,42,2800696
23213,2800831,15,2800846
23214,2800969,4,2800973
23215,2801008,16,2801024
23216,2801043,5,2801048
23217,2801057,13,2801070
23218,2801085,1,2801086
23219,2801101,5,2801106
23220,2801173,15,2801188
23221,2801236,18,2801254
23222,2801573,6,2801579
23223,2801611,6,2801617
23224,2801661,23,2801684
23225,2801688,37,2801725
23226,2801770,12,2801782
23227,2801814,20,2801834
23228,2801844,10,2801854
23229,2801906,46,2801952
23230,2801985,30,2802015
23231,2802175,4,2802179
23232,2802521,38,2802559
23233,2802770,17,2802787
23234,2802814,10,2802824
23235,2803017,6,2803023
23236,2803179,12,2803191
23237,2803301,1,2803302
23238,2803559,1,2803560
23239,2803868,3,2803871
23240,2804132,1,2804133
23241,2804183,19,2804202
23242,2804381,6,2804387
23243,2804401,32,2804433
23244,2804445,59,2804504
23245,2804603,5,2804608
23246,2804682,24,2804706
23247,2804768,13,2804781
23248,2804810,30,2804840
23249,2804855,3,2804858
23250,2804921,40,2804961
23251,2805120,6,2805126
23252,2805154,15,2805169
23253,2805253,1,2805254
23254,2805304,14,2805318
23255,2805562,11,2805573
23256,2805599,3,2805602
23257,2805730,1,2805731
23258,2805751,2,2805753
23259,2805924,15,2805939
23260,2806064,8,2806072
23261,2806299,4,2806303
23262,2806313,3,2806316
23263,2806438,40,2806478
23264,2806482,3,2806485
23265,2806526,5,2806531
23266,2806614,1,2806615
23267,2806636,4,2806640
23268,2806698,3,2806701
23269,2806895,15,2806910
23270,2807158,11,2807169
23271,2807282,1,2807283
23272,2807289,15,2807304
23273,2807528,30,2807558
23274,2807632,10,2807642
23275,2807653,10,2807663
23276,2807820,4,2807824
23277,2807873,57,2807930
23278,2808211,11,2808222
23279,2808226,17,2808243
23280,2808281,28,2808309
23281,2808332,7,2808339
23282,2808384,32,2808416
23283,2808457,1,2808458
23284,2808463,7,2808470
23285,2808500,20,2808520
23286,2808577,34,2808611
23287,2808620,6,2808626
23288,2808639,12,2808651
23289,2808719,24,2808743
23290,2808772,27,2808799
23291,2808834,1,2808835
23292,2808857,37,2808894
23293,2809075,1,2809076
23294,2809405,3,2809408
23295,2809417,27,2809444
23296,2809526,22,2809548
23297,2809949,5,2809954
23298,2809990,2,2809992
23299,2810228,20,2810248
23300,2810337,14,2810351
23301,2810385,95,2810480
23302,2810490,16,2810506
23303,2810569,16,2810585
23304,2810636,2,2810638
23305,2810663,14,2810677
23306,2810732,17,2810749
23307,2810969,4,2810973
23308,2810993,39,2811032
23309,2811168,19,2811187
23310,2811195,6,2811201
23311,2811312,41,2811353
23312,2811457,13,2811470
23313,2811590,2,2811592
23314,2811711,36,2811747
23315,2811970,7,2811977
23316,2812040,41,2812081
23317,2812150,2,2812152
23318,2812247,1,2812248
23319,2812252,37,2812289
23320,2812296,4,2812300
23321,2812393,6,2812399
23322,2812544,91,2812635
23323,2812678,9,2812687
23324,2812752,2,2812754
23325,2812953,17,2812970
23326,2813136,3,2813139
23327,2813158,5,2813163
23328,2813180,6,2813186
23329,2813285,7,2813292
23330,2813313,4,2813317
23331,2813391,17,2813408
23332,2813421,21,2813442
23333,2813453,10,2813463
23334,2813500,9,2813509
23335,2813619,23,2813642
23336,2813648,57,2813705
23337,2813740,37,2813777
23338,2813811,27,2813838
23339,2813877,7,2813884
23340,2814115,1,2814116
23341,2814310,20,2814330
23342,2814561,22,2814583
23343,2814634,13,2814647
23344,2814907,17,2814924
23345,2815059,21,2815080
23346,2815126,29,2815155
23347,2815261,40,2815301
23348,2815444,2,2815446
23349,2815783,9,2815792
23350,2815800,96,2815896
23351,2815968,12,2815980
23352,2816210,1,2816211
23353,2816249,10,2816259
23354,2816264,82,2816346
23355,2816800,10,2816810
23356,2816818,28,2816846
23357,2816915,1,2816916
23358,2817047,62,2817109
23359,2817227,4,2817231
23360,2817290,59,2817349
23361,2817377,46,2817423
23362,2817425,5,2817430
23363,2817439,6,2817445
23364,2817483,1,2817484
23365,2817562,19,2817581
23366,2817692,20,2817712
23367,2817755,4,2817759
23368,2817766,16,2817782
23369,2817798,4,2817802
23370,2818038,21,2818059
23371,2818150,14,2818164
23372,2818265,32,2818297
23373,2818304,10,2818314
23374,2818631,29,2818660
23375,2818696,6,2818702
23376,2818944,26,2818970
23377,2819005,9,2819014
23378,2819016,16,2819032
23379,2819085,20,2819105
23380,2819237,59,2819296
23381,2819309,3,2819312
23382,2819323,35,2819358
23383,2819392,4,2819396
23384,2819594,1,2819595
23385,2819712,15,2819727
23386,2819825,54,2819879
23387,2819894,2,2819896
23388,2820060,8,2820068
23389,2820168,22,2820190
23390,2820214,15,2820229
23391,2820258,1,2820259
23392,2820474,25,2820499
23393,2820591,3,2820594
23394,2820713,48,2820761
23395,2820883,13,2820896
23396,2820977,19,2820996
23397,2821153,4,2821157
23398,2821335,5,2821340
23399,2821458,84,2821542
23400,2821618,1,2821619
23401,2821639,10,2821649
23402,2821760,74,2821834
23403,2821919,2,2821921
23404,2821995,12,2822007
23405,2822086,7,2822093
23406,2822423,20,2822443
23407,2822631,31,2822662
23408,2822692,21,2822713
23409,2822729,13,2822742
23410,2822887,36,2822923
23411,2823137,29,2823166
23412,2823206,18,2823224
23413,2823328,10,2823338
23414,2823402,33,2823435
23415,2823571,4,2823575
23416,2823722,6,2823728
23417,2823747,3,2823750
23418,2823783,7,2823790
23419,2823974,46,2824020
23420,2824061,5,2824066
23421,2824216,62,2824278
23422,2824649,1,2824650
23423,2824704,5,2824709
23424,2825024,27,2825051
23425,2825075,16,2825091
23426,2825209,22,2825231
23427,2825295,19,2825314
23428,2825331,7,2825338
23429,2825379,20,2825399
23430,2825451,29,2825480
23431,2825746,28,2825774
23432,2825921,25,2825946
23433,2826010,13,2826023
23434,2826181,27,2826208
23435,2826244,101,2826345
23436,2826349,17,2826366
23437,2826580,11,2826591
23438,2826624,38,2826662
23439,2826815,30,2826845
23440,2827210,19,2827229
23441,2827326,6,2827332
23442,2827869,21,2827890
23443,2828056,1,2828057
23444,2828086,21,2828107
23445,2828333,12,2828345
23446,2828410,9,2828419
23447,2828424,4,2828428
23448,2828451,30,2828481
23449,2828483,63,2828546
23450,2828631,78,2828709
23451,2828731,87,2828818
23452,2828854,13,2828867
23453,2829008,43,2829051
23454,2829175,14,2829189
23455,2829382,7,2829389
23456,2829390,6,2829396
23457,2829514,23,2829537
23458,2829715,26,2829741
23459,2829864,11,2829875
23460,2829883,31,2829914
23461,2830052,1,2830053
23462,2830179,26,2830205
23463,2830291,33,2830324
23464,2830352,12,2830364
23465,2830466,7,2830473
23466,2830517,15,2830532
23467,2830568,24,2830592
23468,2830634,46,2830680
23469,2830766,7,2830773
23470,2830839,30,2830869
23471,2831093,39,2831132
23472,2831164,4,2831168
23473,2831473,93,2831566
23474,2831584,9,2831593
23475,2831631,17,2831648
23476,2832058,37,2832095
23477,2832175,5,2832180
23478,2832267,2,2832269
23479,2832317,18,2832335
23480,2832369,27,2832396
23481,2832445,44,2832489
23482,2832561,30,2832591
23483,2832642,46,2832688
23484,2832733,10,2832743
23485,2832825,32,2832857
23486,2832964,8,2832972
23487,2833022,21,2833043
23488,2833099,17,2833116
23489,2833289,15,2833304
23490,2833416,47,2833463
23491,2833531,29,2833560
23492,2833638,11,2833649
23493,2833770,2,2833772
23494,2833784,79,2833863
23495,2833926,17,2833943
23496,2834070,38,2834108
23497,2834212,12,2834224
23498,2834246,60,2834306
23499,2834307,16,2834323
23500,2834345,11,2834356
23501,2834506,11,2834517
23502,2834518,24,2834542
23503,2834675,3,2834678
23504,2834748,4,2834752
23505,2834781,16,2834797
23506,2834867,11,2834878
23507,2834887,8,2834895
23508,2834980,17,2834997
23509,2835075,9,2835084
23510,2835085,28,2835113
23511,2835138,44,2835182
23512,2835184,48,2835232
23513,2835402,1,2835403
23514,2835407,5,2835412
23515,2835638,41,2835679
23516,2835684,7,2835691
23517,2835815,15,2835830
23518,2835905,36,2835941
23519,2835992,4,2835996
23520,2836084,40,2836124
23521,2836167,24,2836191
23522,2836208,2,2836210
23523,2836567,46,2836613
23524,2836648,7,2836655
23525,2836659,2,2836661
23526,2836931,89,2837020
23527,2837055,67,2837122
23528,2837339,12,2837351
23529,2837566,9,2837575
23530,2837611,14,2837625
23531,2837791,29,2837820
23532,2837924,27,2837951
23533,2838000,9,2838009
23534,2838016,1,2838017
23535,2838062,11,2838073
23536,2838119,11,2838130
23537,2838314,12,2838326
23538,2838456,54,2838510
23539,2838605,35,2838640
23540,2839165,4,2839169
23541,2839338,10,2839348
23542,2839433,24,2839457
23543,2839497,20,2839517
23544,2839556,5,2839561
23545,2839563,61,2839624
23546,2839691,41,2839732
23547,2839790,3,2839793
23548,2839849,9,2839858
23549,2840210,15,2840225
23550,2840226,9,2840235
23551,2840263,17,2840280
23552,2840298,12,2840310
23553,2840320,49,2840369
23554,2840437,2,2840439
23555,2840563,8,2840571
23556,2840947,4,2840951
23557,2841059,36,2841095
23558,2841423,29,2841452
23559,2841476,32,2841508
23560,2841516,2,2841518
23561,2841818,3,2841821
23562,2841886,12,2841898
23563,2842204,2,2842206
23564,2842408,13,2842421
23565,2842426,56,2842482
23566,2842556,13,2842569
23567,2842625,35,2842660
23568,2842748,28,2842776
23569,2842780,49,2842829
23570,2843190,46,2843236
23571,2843336,37,2843373
23572,2843379,70,2843449
23573,2843774,6,2843780
23574,2843861,8,2843869
23575,2843873,25,2843898
23576,2844266,2,2844268
23577,2844472,17,2844489
23578,2844540,1,2844541
23579,2844882,37,2844919
23580,2844946,4,2844950
23581,2844968,15,2844983
23582,2845022,6,2845028
23583,2845035,30,2845065
23584,2845069,63,2845132
23585,2845198,7,2845205
23586,2845397,2,2845399
23587,2845824,6,2845830
23588,2846014,42,2846056
23589,2846071,16,2846087
23590,2846131,4,2846135
23591,2846159,23,2846182
23592,2846332,19,2846351
23593,2846468,18,2846486
23594,2846628,6,2846634
23595,2846650,19,2846669
23596,2846782,14,2846796
23597,2847009,30,2847039
23598,2847052,15,2847067
23599,2847138,29,2847167
23600,2847194,6,2847200
23601,2847205,8,2847213
23602,2847356,12,2847368
23603,2847426,4,2847430
23604,2847606,30,2847636
23605,2847664,5,2847669
23606,2847788,10,2847798
23607,2847832,10,2847842
23608,2847959,4,2847963
23609,2848066,4,2848070
23610,2848157,3,2848160
23611,2848229,3,2848232
23612,2848292,2,2848294
23613,2848353,28,2848381
23614,2848542,3,2848545
23615,2848638,23,2848661
23616,2848718,10,2848728
23617,2848734,22,2848756
23618,2848823,2,2848825
23619,2848858,9,2848867
23620,2849034,14,2849048
23621,2849120,21,2849141
23622,2849446,8,2849454
23623,2849586,82,2849668
23624,2849703,18,2849721
23625,2849752,6,2849758
23626,2849784,14,2849798
23627,2849830,10,2849840
23628,2849866,9,2849875
23629,2850155,41,2850196
23630,2850479,40,2850519
23631,2850694,4,2850698
23632,2850738,3,2850741
23633,2851055,124,2851179
23634,2851288,30,2851318
23635,2851543,31,2851574
23636,2851635,5,2851640
23637,2851653,4,2851657
23638,2852063,14,2852077
23639,2852078,2,2852080
23640,2852293,120,2852413
23641,2852508,42,2852550
23642,2852640,12,2852652
23643,2852841,16,2852857
23644,2852938,14,2852952
23645,2853096,34,2853130
23646,2853438,10,2853448
23647,2853568,27,2853595
23648,2853597,36,2853633
23649,2853781,60,2853841
23650,2853933,3,2853936
23651,2854046,1,2854047
23652,2854072,2,2854074
23653,2854156,6,2854162
23654,2854410,11,2854421
23655,2854471,25,2854496
23656,2854522,31,2854553
23657,2854965,22,2854987
23658,2855015,57,2855072
23659,2855164,14,2855178
23660,2855218,30,2855248
23661,2855321,10,2855331
23662,2855338,54,2855392
23663,2855421,15,2855436
23664,2855528,7,2855535
23665,2855700,13,2855713
23666,2855940,19,2855959
23667,2856256,9,2856265
23668,2856399,21,2856420
23669,2856464,173,2856637
23670,2856714,67,2856781
23671,2856833,23,2856856
23672,2856948,40,2856988
23673,2857067,95,2857162
23674,2857341,21,2857362
23675,2857598,14,2857612
23676,2857666,55,2857721
23677,2857778,26,2857804
23678,2857812,2,2857814
23679,2857901,5,2857906
23680,2857949,10,2857959
23681,2858257,32,2858289
23682,2858292,16,2858308
23683,2858339,26,2858365
23684,2858395,1,2858396
23685,2858402,49,2858451
23686,2858505,6,2858511
23687,2858550,4,2858554
23688,2858576,10,2858586
23689,2858588,8,2858596
23690,2858601,35,2858636
23691,2859051,9,2859060
23692,2859076,20,2859096
23693,2859141,5,2859146
23694,2859254,2,2859256
23695,2859579,10,2859589
23696,2859899,58,2859957
23697,2859986,11,2859997
23698,2860056,23,2860079
23699,2860098,19,2860117
23700,2860274,14,2860288
23701,2860305,37,2860342
23702,2860479,26,2860505
23703,2860551,38,2860589
23704,2860760,1,2860761
23705,2860829,56,2860885
23706,2860943,35,2860978
23707,2860980,3,2860983
23708,2861030,54,2861084
23709,2861116,23,2861139
23710,2861217,1,2861218
23711,2861332,98,2861430
23712,2861538,2,2861540
23713,2861551,13,2861564
23714,2861683,5,2861688
23715,2861720,2,2861722
23716,2861740,1,2861741
23717,2861755,3,2861758
23718,2861763,2,2861765
23719,2861995,24,2862019
23720,2862038,5,2862043
23721,2862065,33,2862098
23722,2862124,2,2862126
23723,2862355,19,2862374
23724,2862383,20,2862403
23725,2862406,24,2862430
23726,2862447,21,2862468
23727,2862512,3,2862515
23728,2862533,16,2862549
23729,2862656,8,2862664
23730,2862821,37,2862858
23731,2862878,4,2862882
23732,2862912,6,2862918
23733,2863137,14,2863151
23734,2863201,6,2863207
23735,2863376,3,2863379
23736,2863435,1,2863436
23737,2863463,4,2863467
23738,2863720,27,2863747
23739,2863759,60,2863819
23740,2863904,14,2863918
23741,2864085,18,2864103
23742,2864109,38,2864147
23743,2864154,5,2864159
23744,2864273,39,2864312
23745,2864410,47,2864457
23746,2864531,79,2864610
23747,2864629,5,2864634
23748,2865082,13,2865095
23749,2865225,7,2865232
23750,2865295,20,2865315
23751,2865433,19,2865452
23752,2865464,16,2865480
23753,2865568,12,2865580
23754,2865585,5,2865590
23755,2865638,16,2865654
23756,2865871,36,2865907
23757,2865910,18,2865928
23758,2866153,5,2866158
23759,2866201,22,2866223
23760,2866447,9,2866456
23761,2866670,4,2866674
23762,2866797,15,2866812
23763,2867196,5,2867201
23764,2867270,73,2867343
23765,2867359,6,2867365
23766,2867468,4,2867472
23767,2867486,18,2867504
23768,2867640,2,2867642
23769,2867647,3,2867650
23770,2867802,51,2867853
23771,2868004,1,2868005
23772,2868212,14,2868226
23773,2868346,4,2868350
23774,2868417,2,2868419
23775,2868637,1,2868638
23776,2868702,50,2868752
23777,2868838,1,2868839
23778,2868886,15,2868901
23779,2869122,25,2869147
23780,2869179,3,2869182
23781,2869238,5,2869243
23782,2869251,7,2869258
23783,2869385,37,2869422
23784,2869704,46,2869750
23785,2869807,11,2869818
23786,2869941,74,2870015
23787,2870030,7,2870037
23788,2870169,7,2870176
23789,2870191,8,2870199
23790,2870207,24,2870231
23791,2870373,25,2870398
23792,2870438,5,2870443
23793,2870588,2,2870590
23794,2870670,14,2870684
23795,2870732,57,2870789
23796,2870894,41,2870935
23797,2871105,3,2871108
23798,2871190,21,2871211
23799,2871340,9,2871349
23800,2871527,3,2871530
23801,2871554,10,2871564
23802,2871584,6,2871590
23803,2871800,46,2871846
23804,2871941,84,2872025
23805,2872202,12,2872214
23806,2872227,17,2872244
23807,2872248,2,2872250
23808,2872332,2,2872334
23809,2872428,18,2872446
23810,2872455,38,2872493
23811,2872517,10,2872527
23812,2872622,39,2872661
23813,2872681,3,2872684
23814,2872780,6,2872786
23815,2872986,1,2872987
23816,2873031,17,2873048
23817,2873076,25,2873101
23818,2873246,1,2873247
23819,2873559,12,2873571
23820,2873673,8,2873681
23821,2873708,46,2873754
23822,2873821,38,2873859
23823,2874010,17,2874027
23824,2874036,7,2874043
23825,2874118,1,2874119
23826,2874227,1,2874228
23827,2874268,4,2874272
23828,2874407,14,2874421
23829,2874424,7,2874431
23830,2874499,10,2874509
23831,2874692,13,2874705
23832,2874726,10,2874736
23833,2874970,14,2874984
23834,2874993,11,2875004
23835,2875114,2,2875116
23836,2875196,14,2875210
23837,2875332,3,2875335
23838,2875396,106,2875502
23839,2875512,19,2875531
23840,2875586,10,2875596
23841,2875664,10,2875674
23842,2875931,21,2875952
23843,2876024,2,2876026
23844,2876254,58,2876312
23845,2876378,27,2876405
23846,2876457,21,2876478
23847,2876499,53,2876552
23848,2876583,8,2876591
23849,2876596,15,2876611
23850,2876785,1,2876786
23851,2876790,10,2876800
23852,2876860,23,2876883
23853,2876916,20,2876936
23854,2876945,15,2876960
23855,2877065,18,2877083
23856,2877192,3,2877195
23857,2877239,28,2877267
23858,2877357,1,2877358
23859,2877360,1,2877361
23860,2877422,7,2877429
23861,2877462,6,2877468
23862,2877554,8,2877562
23863,2877612,9,2877621
23864,2877666,28,2877694
23865,2877983,1,2877984
23866,2878018,24,2878042
23867,2878062,23,2878085
23868,2878437,3,2878440
23869,2878601,56,2878657
23870,2878918,13,2878931
23871,2878945,36,2878981
23872,2879005,37,2879042
23873,2879276,4,2879280
23874,2879344,19,2879363
23875,2879525,50,2879575
23876,2880012,48,2880060
23877,2880104,2,2880106
23878,2880565,25,2880590
23879,2880673,24,2880697
23880,2880752,10,2880762
23881,2880784,16,2880800
23882,2880828,17,2880845
23883,2880881,5,2880886
23884,2880933,2,2880935
23885,2881155,38,2881193
23886,2881586,22,2881608
23887,2881643,3,2881646
23888,2881727,17,2881744
23889,2881848,5,2881853
23890,2881959,13,2881972
23891,2882049,30,2882079
23892,2882084,10,2882094
23893,2882200,3,2882203
23894,2882326,5,2882331
23895,2882377,1,2882378
23896,2882639,14,2882653
23897,2882689,2,2882691
23898,2882695,12,2882707
23899,2882840,17,2882857
23900,2882905,11,2882916
23901,2883065,2,2883067
23902,2883121,23,2883144
23903,2883297,14,2883311
23904,2883317,18,2883335
23905,2883419,27,2883446
23906,2883543,12,2883555
23907,2883602,6,2883608
23908,2883658,19,2883677
23909,2883996,32,2884028
23910,2884093,24,2884117
23911,2884235,9,2884244
23912,2884437,1,2884438
23913,2884445,4,2884449
23914,2884543,1,2884544
23915,2884813,16,2884829
23916,2884880,94,2884974
23917,2885089,11,2885100
23918,2885306,9,2885315
23919,2885387,17,2885404
23920,2885414,4,2885418
23921,2885447,16,2885463
23922,2885527,7,2885534
23923,2885636,21,2885657
23924,2885751,18,2885769
23925,2885884,1,2885885
23926,2885949,33,2885982
23927,2886203,14,2886217
23928,2886401,6,2886407
23929,2886507,2,2886509
23930,2886724,25,2886749
23931,2886835,49,2886884
23932,2886927,20,2886947
23933,2887013,13,2887026
23934,2887253,18,2887271
23935,2887340,56,2887396
23936,2887654,20,2887674
23937,2887705,28,2887733
23938,2887766,12,2887778
23939,2887997,41,2888038
23940,2888100,24,2888124
23941,2888407,60,2888467
23942,2888703,3,2888706
23943,2888883,5,2888888
23944,2888935,15,2888950
23945,2889089,50,2889139
23946,2889158,3,2889161
23947,2889201,7,2889208
23948,2889292,44,2889336
23949,2889343,10,2889353
23950,2889453,6,2889459
23951,2889504,16,2889520
23952,2889664,3,2889667
23953,2889682,3,2889685
23954,2889783,38,2889821
23955,2889937,2,2889939
23956,2890071,9,2890080
23957,2890094,26,2890120
23958,2890196,3,2890199
23959,2890570,29,2890599
23960,2890884,19,2890903
23961,2890910,7,2890917
23962,2890987,28,2891015
23963,2891423,23,2891446
23964,2891502,8,2891510
23965,2891595,8,2891603
23966,2891645,1,2891646
23967,2891703,1,2891704
23968,2891830,15,2891845
23969,2891869,29,2891898
23970,2891958,13,2891971
23971,2892097,4,2892101
23972,2892292,16,2892308
23973,2892366,34,2892400
23974,2892411,59,2892470
23975,2892481,68,2892549
23976,2892593,25,2892618
23977,2892660,3,2892663
23978,2892763,23,2892786
23979,2892833,31,2892864
23980,2893157,31,2893188
23981,2893298,9,2893307
23982,2893347,20,2893367
23983,2893409,14,2893423
23984,2893439,23,2893462
23985,2893541,10,2893551
23986,2893889,6,2893895
23987,2893947,64,2894011
23988,2894017,5,2894022
23989,2894046,24,2894070
23990,2894387,14,2894401
23991,2894474,12,2894486
23992,2894526,1,2894527
23993,2894583,11,2894594
23994,2894989,28,2895017
23995,2895313,30,2895343
23996,2895383,1,2895384
23997,2895458,1,2895459
23998,2895464,12,2895476
23999,2895502,15,2895517
24000,2895661,11,2895672
24001,2895689,16,2895705
24002,2895736,15,2895751
24003,2895770,10,2895780
24004,2895801,26,2895827
24005,2895897,116,2896013
24006,2896145,10,2896155
24007,2896239,7,2896246
24008,2896417,10,2896427
24009,2896433,4,2896437
24010,2896474,34,2896508
24011,2896757,14,2896771
24012,2897148,7,2897155
24013,2897229,15,2897244
24014,2897265,18,2897283
24015,2897330,17,2897347
24016,2897490,7,2897497
24017,2897590,23,2897613
24018,2897692,15,2897707
24019,2897751,8,2897759
24020,2897778,18,2897796
24021,2897797,9,2897806
24022,2897853,50,2897903
24023,2898031,1,2898032
24024,2898050,12,2898062
24025,2898080,1,2898081
24026,2898085,1,2898086
24027,2898088,14,2898102
24028,2898364,40,2898404
24029,2898524,5,2898529
24030,2898717,8,2898725
24031,2898744,5,2898749
24032,2898828,5,2898833
24033,2899038,57,2899095
24034,2899193,7,2899200
24035,2899229,8,2899237
24036,2899309,5,2899314
24037,2899336,27,2899363
24038,2899420,19,2899439
24039,2899597,20,2899617
24040,2899686,2,2899688
24041,2899755,60,2899815
24042,2900040,8,2900048
24043,2900055,28,2900083
24044,2900159,44,2900203
24045,2900291,3,2900294
24046,2900620,22,2900642
24047,2900799,8,2900807
24048,2900948,2,2900950
24049,2901139,24,2901163
24050,2901273,13,2901286
24051,2901296,9,2901305
24052,2901386,6,2901392
24053,2901480,6,2901486
24054,2901494,3,2901497
24055,2901813,6,2901819
24056,2901987,15,2902002
24057,2902040,70,2902110
24058,2902116,3,2902119
24059,2902502,10,2902512
24060,2902605,29,2902634
24061,2902651,40,2902691
24062,2902732,50,2902782
24063,2902805,3,2902808
24064,2902872,39,2902911
24065,2903053,21,2903074
24066,2903504,34,2903538
24067,2903564,31,2903595
24068,2903676,10,2903686
24069,2903868,46,2903914
24070,2904046,26,2904072
24071,2904106,17,2904123
24072,2904323,1,2904324
24073,2904330,9,2904339
24074,2904386,20,2904406
24075,2904484,23,2904507
24076,2904743,7,2904750
24077,2904773,31,2904804
24078,2904810,7,2904817
24079,2905111,5,2905116
24080,2905142,9,2905151
24081,2905178,8,2905186
24082,2905273,19,2905292
24083,2905340,5,2905345
24084,2905410,1,2905411
24085,2905480,3,2905483
24086,2905770,19,2905789
24087,2905798,10,2905808
24088,2905890,5,2905895
24089,2906116,19,2906135
24090,2906171,25,2906196
24091,2906321,8,2906329
24092,2906431,6,2906437
24093,2906570,19,2906589
24094,2906649,13,2906662
24095,2906676,7,2906683
24096,2906712,7,2906719
24097,2906791,37,2906828
24098,2907024,18,2907042
24099,2907141,1,2907142
24100,2907244,55,2907299
24101,2907414,23,2907437
24102,2907479,64,2907543
24103,2907547,5,2907552
24104,2907592,17,2907609
24105,2907616,17,2907633
24106,2907707,34,2907741
24107,2907792,10,2907802
24108,2907804,16,2907820
24109,2907975,38,2908013
24110,2908061,46,2908107
24111,2908112,1,2908113
24112,2908187,12,2908199
24113,2908284,6,2908290
24114,2908359,14,2908373
24115,2908392,48,2908440
24116,2908523,34,2908557
24117,2908640,37,2908677
24118,2908818,3,2908821
24119,2908852,1,2908853
24120,2908906,9,2908915
24121,2908962,10,2908972
24122,2909170,9,2909179
24123,2909433,1,2909434
24124,2909443,13,2909456
24125,2909514,8,2909522
24126,2909661,50,2909711
24127,2909806,4,2909810
24128,2909929,39,2909968
24129,2910032,2,2910034
24130,2910134,13,2910147
24131,2910244,7,2910251
24132,2910569,11,2910580
24133,2910962,8,2910970
24134,2910971,6,2910977
24135,2911058,27,2911085
24136,2911183,1,2911184
24137,2911358,74,2911432
24138,2911605,6,2911611
24139,2911723,2,2911725
24140,2911976,28,2912004
24141,2912132,23,2912155
24142,2912163,1,2912164
24143,2912293,33,2912326
24144,2912431,80,2912511
24145,2912602,6,2912608
24146,2912655,1,2912656
24147,2912674,17,2912691
24148,2912710,3,2912713
24149,2912737,52,2912789
24150,2912955,30,2912985
24151,2912993,1,2912994
24152,2913174,22,2913196
24153,2913395,15,2913410
24154,2913521,4,2913525
24155,2913884,2,2913886
24156,2914041,2,2914043
24157,2914422,42,2914464
24158,2914566,16,2914582
24159,2914585,4,2914589
24160,2914591,13,2914604
24161,2914611,1,2914612
24162,2914667,25,2914692
24163,2914813,18,2914831
24164,2914949,2,2914951
24165,2915075,10,2915085
24166,2915092,12,2915104
24167,2915124,9,2915133
24168,2915333,5,2915338
24169,2915460,5,2915465
24170,2915482,19,2915501
24171,2915615,1,2915616
24172,2915735,72,2915807
24173,2915860,1,2915861
24174,2915921,10,2915931
24175,2916067,8,2916075
24176,2916147,10,2916157
24177,2916169,3,2916172
24178,2916278,16,2916294
24179,2916448,7,2916455
24180,2916468,21,2916489
24181,2916542,33,2916575
24182,2916744,9,2916753
24183,2916756,10,2916766
24184,2916848,23,2916871
24185,2917057,40,2917097
24186,2917143,1,2917144
24187,2917169,8,2917177
24188,2917214,34,2917248
24189,2917295,9,2917304
24190,2917324,33,2917357
24191,2917425,6,2917431
24192,2917509,14,2917523
24193,2917575,5,2917580
24194,2917637,49,2917686
24195,2917705,10,2917715
24196,2917766,8,2917774
24197,2917998,90,2918088
24198,2918161,14,2918175
24199,2918200,26,2918226
24200,2918254,2,2918256
24201,2918494,17,2918511
24202,2918513,5,2918518
24203,2918713,1,2918714
24204,2918913,19,2918932
24205,2918937,7,2918944
24206,2918953,5,2918958
24207,2919143,4,2919147
24208,2919289,8,2919297
24209,2919446,8,2919454
24210,2919532,5,2919537
24211,2919766,49,2919815
24212,2919853,42,2919895
24213,2919908,78,2919986
24214,2920069,33,2920102
24215,2920179,19,2920198
24216,2920268,40,2920308
24217,2920554,33,2920587
24218,2920796,103,2920899
24219,2921046,5,2921051
24220,2921084,16,2921100
24221,2921469,19,2921488
24222,2921728,10,2921738
24223,2921796,30,2921826
24224,2921885,26,2921911
24225,2921930,10,2921940
24226,2922146,67,2922213
24227,2922239,26,2922265
24228,2922561,91,2922652
24229,2922791,7,2922798
24230,2922809,11,2922820
24231,2922828,14,2922842
24232,2922866,20,2922886
24233,2922899,4,2922903
24234,2922926,26,2922952
24235,2923091,16,2923107
24236,2923253,37,2923290
24237,2923542,55,2923597
24238,2924016,11,2924027
24239,2924077,35,2924112
24240,2924370,22,2924392
24241,2924457,5,2924462
24242,2924557,12,2924569
24243,2924794,18,2924812
24244,2925421,17,2925438
24245,2925454,29,2925483
24246,2925487,27,2925514
24247,2925617,8,2925625
24248,2925686,38,2925724
24249,2925857,62,2925919
24250,2926083,19,2926102
24251,2926106,5,2926111
24252,2926165,44,2926209
24253,2926213,44,2926257
24254,2926353,7,2926360
24255,2926437,8,2926445
24256,2926568,22,2926590
24257,2926673,6,2926679
24258,2926784,22,2926806
24259,2926895,11,2926906
24260,2927455,38,2927493
24261,2927609,30,2927639
24262,2928132,12,2928144
24263,2928431,13,2928444
24264,2928531,22,2928553
24265,2928652,34,2928686
24266,2928922,44,2928966
24267,2928999,6,2929005
24268,2929018,10,2929028
24269,2929243,62,2929305
24270,2929345,31,2929376
24271,2929442,104,2929546
24272,2929646,6,2929652
24273,2929779,6,2929785
24274,2929892,23,2929915
24275,2930137,84,2930221
24276,2930242,3,2930245
24277,2930250,38,2930288
24278,2930320,1,2930321
24279,2930342,40,2930382
24280,2930567,37,2930604
24281,2930623,8,2930631
24282,2930834,12,2930846
24283,2930923,9,2930932
24284,2931007,4,2931011
24285,2931119,19,2931138
24286,2931179,7,2931186
24287,2931468,14,2931482
24288,2931658,26,2931684
24289,2931687,10,2931697
24290,2931800,6,2931806
24291,2932012,19,2932031
24292,2932626,23,2932649
24293,2932650,8,2932658
24294,2932687,7,2932694
24295,2932822,16,2932838
24296,2932867,26,2932893
24297,2932927,39,2932966
24298,2932981,1,2932982
24299,2933054,37,2933091
24300,2933110,19,2933129
24301,2933225,11,2933236
24302,2933370,7,2933377
24303,2933396,3,2933399
24304,2933648,4,2933652
24305,2933683,20,2933703
24306,2933722,41,2933763
24307,2933915,21,2933936
24308,2934034,11,2934045
24309,2934180,60,2934240
24310,2934273,24,2934297
24311,2934298,78,2934376
24312,2934385,17,2934402
24313,2934650,42,2934692
24314,2934759,3,2934762
24315,2934806,15,2934821
24316,2935082,9,2935091
24317,2935138,34,2935172
24318,2935332,6,2935338
24319,2935437,2,2935439
24320,2935573,36,2935609
24321,2935740,41,2935781
24322,2935828,4,2935832
24323,2936006,41,2936047
24324,2936056,70,2936126
24325,2936166,17,2936183
24326,2936216,19,2936235
24327,2936244,21,2936265
24328,2936404,5,2936409
24329,2936426,32,2936458
24330,2936563,11,2936574
24331,2936625,152,2936777
24332,2936904,6,2936910
24333,2937039,17,2937056
24334,2937268,62,2937330
24335,2937416,39,2937455
24336,2937542,13,2937555
24337,2937608,5,2937613
24338,2937948,30,2937978
24339,2938057,12,2938069
24340,2938193,27,2938220
24341,2938501,11,2938512
24342,2938524,6,2938530
24343,2938582,2,2938584
24344,2938633,19,2938652
24345,2938660,3,2938663
24346,2938696,41,2938737
24347,2939041,3,2939044
24348,2939238,18,2939256
24349,2939374,1,2939375
24350,2939572,3,2939575
24351,2939614,25,2939639
24352,2939650,15,2939665
24353,2939671,2,2939673
24354,2939983,3,2939986
24355,2939999,44,2940043
24356,2940087,67,2940154
24357,2940167,46,2940213
24358,2940224,11,2940235
24359,2940359,7,2940366
24360,2940386,14,2940400
24361,2940409,2,2940411
24362,2940489,36,2940525
24363,2940567,8,2940575
24364,2940586,2,2940588
24365,2940640,54,2940694
24366,2940763,20,2940783
24367,2940804,5,2940809
24368,2940946,3,2940949
24369,2940960,4,2940964
24370,2941394,58,2941452
24371,2941568,6,2941574
24372,2941653,66,2941719
24373,2942198,27,2942225
24374,2942294,27,2942321
24375,2942353,7,2942360
24376,2942471,68,2942539
24377,2942662,8,2942670
24378,2942719,3,2942722
24379,2942929,5,2942934
24380,2942958,10,2942968
24381,2943119,27,2943146
24382,2943329,11,2943340
24383,2943478,20,2943498
24384,2944154,17,2944171
24385,2944245,8,2944253
24386,2944310,9,2944319
24387,2944390,30,2944420
24388,2944486,1,2944487
24389,2944836,22,2944858
24390,2944954,23,2944977
24391,2945018,86,2945104
24392,2945434,5,2945439
24393,2945474,14,2945488
24394,2945744,17,2945761
24395,2945784,37,2945821
24396,2945852,1,2945853
24397,2945912,31,2945943
24398,2946021,30,2946051
24399,2946180,16,2946196
24400,2946199,22,2946221
24401,2946400,12,2946412
24402,2946735,44,2946779
24403,2946891,8,2946899
24404,2947048,1,2947049
24405,2947142,9,2947151
24406,2947238,6,2947244
24407,2947308,51,2947359
24408,2947377,46,2947423
24409,2947442,10,2947452
24410,2947572,74,2947646
24411,2947649,73,2947722
24412,2947737,8,2947745
24413,2947755,3,2947758
24414,2947911,14,2947925
24415,2948051,22,2948073
24416,2948127,11,2948138
24417,2948327,14,2948341
24418,2948384,12,2948396
24419,2948465,10,2948475
24420,2948577,10,2948587
24421,2948600,1,2948601
24422,2948610,6,2948616
24423,2948905,68,2948973
24424,2948990,7,2948997
24425,2949306,33,2949339
24426,2949361,48,2949409
24427,2949536,39,2949575
24428,2949636,19,2949655
24429,2949677,16,2949693
24430,2949732,3,2949735
24431,2949910,15,2949925
24432,2949974,32,2950006
24433,2950012,2,2950014
24434,2950064,11,2950075
24435,2950117,38,2950155
24436,2950520,17,2950537
24437,2950563,34,2950597
24438,2950668,13,2950681
24439,2950730,1,2950731
24440,2950864,28,2950892
24441,2951256,1,2951257
24442,2951354,2,2951356
24443,2951438,27,2951465
24444,2951568,38,2951606
24445,2951641,26,2951667
24446,2951765,29,2951794
24447,2951805,14,2951819
24448,2951924,6,2951930
24449,2951983,20,2952003
24450,2952026,27,2952053
24451,2952196,40,2952236
24452,2952252,29,2952281
24453,2952331,1,2952332
24454,2952573,17,2952590
24455,2952601,7,2952608
24456,2952693,25,2952718
24457,2952905,63,2952968
24458,2953244,25,2953269
24459,2953451,48,2953499
24460,2953753,27,2953780
24461,2953782,13,2953795
24462,2953919,2,2953921
24463,2953970,21,2953991
24464,2954274,17,2954291
24465,2954342,29,2954371
24466,2954676,16,2954692
24467,2954749,16,2954765
24468,2954822,31,2954853
24469,2954868,15,2954883
24470,2955010,6,2955016
24471,2955033,12,2955045
24472,2955070,17,2955087
24473,2955089,3,2955092
24474,2955359,7,2955366
24475,2955500,17,2955517
24476,2955562,25,2955587
24477,2955635,28,2955663
24478,2955782,3,2955785
24479,2955877,1,2955878
24480,2956043,9,2956052
24481,2956063,38,2956101
24482,2956230,32,2956262
24483,2956298,8,2956306
24484,2956630,24,2956654
24485,2956990,7,2956997
24486,2957048,3,2957051
24487,2957168,8,2957176
24488,2957224,6,2957230
24489,2957502,1,2957503
24490,2957532,8,2957540
24491,2957569,21,2957590
24492,2957714,36,2957750
24493,2957806,23,2957829
24494,2957911,10,2957921
24495,2957965,2,2957967
24496,2958063,104,2958167
24497,2958202,67,2958269
24498,2958432,22,2958454
24499,2958608,16,2958624
24500,2958647,23,2958670
24501,2958696,56,2958752
24502,2958862,4,2958866
24503,2958961,1,2958962
24504,2959056,12,2959068
24505,2959070,32,2959102
24506,2959114,14,2959128
24507,2959137,34,2959171
24508,2959204,2,2959206
24509,2959320,1,2959321
24510,2959326,2,2959328
24511,2959547,10,2959557
24512,2959590,2,2959592
24513,2959615,5,2959620
24514,2960020,129,2960149
24515,2960211,14,2960225
24516,2960456,3,2960459
24517,2960553,3,2960556
24518,2960582,12,2960594
24519,2960768,8,2960776
24520,2960862,2,2960864
24521,2961013,4,2961017
24522,2961054,12,2961066
24523,2961079,96,2961175
24524,2961239,3,2961242
24525,2961293,47,2961340
24526,2961388,30,2961418
24527,2961429,2,2961431
24528,2961439,4,2961443
24529,2961499,21,2961520
24530,2961613,41,2961654
24531,2961803,28,2961831
24532,2961929,8,2961937
24533,2962102,21,2962123
24534,2962126,2,2962128
24535,2962265,2,2962267
24536,2962313,11,2962324
24537,2962331,15,2962346
24538,2962407,24,2962431
24539,2962509,5,2962514
24540,2962537,14,2962551
24541,2962626,46,2962672
24542,2962786,13,2962799
24543,2962839,41,2962880
24544,2962978,6,2962984
24545,2963216,1,2963217
24546,2963541,12,2963553
24547,2963559,1,2963560
24548,2963607,65,2963672
24549,2963712,9,2963721
24550,2963815,7,2963822
24551,2963876,8,2963884
24552,2963937,5,2963942
24553,2963984,20,2964004
24554,2964085,10,2964095
24555,2964238,41,2964279
24556,2964295,11,2964306
24557,2964319,17,2964336
24558,2964516,3,2964519
24559,2964595,40,2964635
24560,2964767,9,2964776
24561,2964801,16,2964817
24562,2964832,20,2964852
24563,2964884,1,2964885
24564,2964899,10,2964909
24565,2964936,19,2964955
24566,2965078,80,2965158
24567,2965249,21,2965270
24568,2965290,19,2965309
24569,2965340,36,2965376
24570,2965506,19,2965525
24571,2965761,22,2965783
24572,2965888,60,2965948
24573,2966048,20,2966068
24574,2966090,17,2966107
24575,2966149,18,2966167
24576,2966306,6,2966312
24577,2966339,33,2966372
24578,2966452,24,2966476
24579,2966572,75,2966647
24580,2966771,17,2966788
24581,2966828,2,2966830
24582,2966912,46,2966958
24583,2966977,4,2966981
24584,2967007,11,2967018
24585,2967063,40,2967103
24586,2967334,10,2967344
24587,2967401,54,2967455
24588,2967757,1,2967758
24589,2967879,53,2967932
24590,2967954,27,2967981
24591,2968181,18,2968199
24592,2968218,14,2968232
24593,2968350,2,2968352
24594,2968538,10,2968548
24595,2969014,27,2969041
24596,2969420,6,2969426
24597,2969631,56,2969687
24598,2969796,8,2969804
24599,2969947,57,2970004
24600,2970012,6,2970018
24601,2970134,1,2970135
24602,2970174,30,2970204
24603,2970257,24,2970281
24604,2970426,12,2970438
24605,2970457,6,2970463
24606,2970503,57,2970560
24607,2970576,19,2970595
24608,2970686,2,2970688
24609,2970793,4,2970797
24610,2970982,52,2971034
24611,2971321,3,2971324
24612,2971476,3,2971479
24613,2971521,7,2971528
24614,2971902,6,2971908
24615,2972118,37,2972155
24616,2972160,7,2972167
24617,2972184,18,2972202
24618,2972427,10,2972437
24619,2972475,1,2972476
24620,2972494,28,2972522
24621,2972646,10,2972656
24622,2972700,35,2972735
24623,2972826,30,2972856
24624,2972925,19,2972944
24625,2973174,35,2973209
24626,2973418,34,2973452
24627,2973547,14,2973561
24628,2973660,4,2973664
24629,2973677,8,2973685
24630,2973730,5,2973735
24631,2973764,122,2973886
24632,2973976,24,2974000
24633,2974016,3,2974019
24634,2974070,16,2974086
24635,2974182,9,2974191
24636,2974244,14,2974258
24637,2974266,8,2974274
24638,2974345,19,2974364
24639,2974404,33,2974437
24640,2974598,12,2974610
24641,2974652,4,2974656
24642,2974836,19,2974855
24643,2974914,12,2974926
24644,2974966,3,2974969
24645,2974993,30,2975023
24646,2975127,14,2975141
24647,2975500,37,2975537
24648,2975544,7,2975551
24649,2975601,14,2975615
24650,2975708,1,2975709
24651,2975801,7,2975808
24652,2975841,17,2975858
24653,2975953,7,2975960
24654,2976026,107,2976133
24655,2976454,4,2976458
24656,2976461,31,2976492
24657,2976500,53,2976553
24658,2976666,29,2976695
24659,2976872,16,2976888
24660,2976914,10,2976924
24661,2976941,2,2976943
24662,2977203,6,2977209
24663,2977362,12,2977374
24664,2977587,39,2977626
24665,2977664,1,2977665
24666,2977673,32,2977705
24667,2977894,18,2977912
24668,2978000,5,2978005
24669,2978040,14,2978054
24670,2978090,5,2978095
24671,2978206,24,2978230
24672,2978245,17,2978262
24673,2978338,2,2978340
24674,2978481,29,2978510
24675,2978527,26,2978553
24676,2978724,53,2978777
24677,2978858,13,2978871
24678,2978967,23,2978990
24679,2979179,9,2979188
24680,2979213,23,2979236
24681,2979240,29,2979269
24682,2979297,33,2979330
24683,2979620,31,2979651
24684,2979797,3,2979800
24685,2979988,17,2980005
24686,2980267,57,2980324
24687,2980330,2,2980332
24688,2980334,12,2980346
24689,2980394,3,2980397
24690,2980477,3,2980480
24691,2980671,16,2980687
24692,2980698,6,2980704
24693,2980706,53,2980759
24694,2980760,44,2980804
24695,2980856,5,2980861
24696,2980920,7,2980927
24697,2980940,4,2980944
24698,2981025,14,2981039
24699,2981085,25,2981110
24700,2981133,25,2981158
24701,2981232,34,2981266
24702,2981330,7,2981337
24703,2981391,77,2981468
24704,2981495,9,2981504
24705,2981521,29,2981550
24706,2981756,17,2981773
24707,2981840,36,2981876
24708,2981926,11,2981937
24709,2982195,2,2982197
24710,2982240,18,2982258
24711,2982261,32,2982293
24712,2982451,44,2982495
24713,2982595,5,2982600
24714,2982613,22,2982635
24715,2982775,27,2982802
24716,2982881,24,2982905
24717,2983079,66,2983145
24718,2983153,12,2983165
24719,2983175,34,2983209
24720,2983409,20,2983429
24721,2983450,15,2983465
24722,2983612,13,2983625
24723,2983694,3,2983697
24724,2983705,15,2983720
24725,2983723,77,2983800
24726,2984080,3,2984083
24727,2984248,13,2984261
24728,2984399,2,2984401
24729,2984650,17,2984667
24730,2984669,9,2984678
24731,2984825,4,2984829
24732,2984940,45,2984985
24733,2985186,28,2985214
24734,2985215,39,2985254
24735,2985433,4,2985437
24736,2985630,12,2985642
24737,2985718,6,2985724
24738,2985822,1,2985823
24739,2985879,13,2985892
24740,2986053,62,2986115
24741,2986137,11,2986148
24742,2986406,1,2986407
24743,2986429,13,2986442
24744,2986480,27,2986507
24745,2986532,1,2986533
24746,2986538,13,2986551
24747,2986557,15,2986572
24748,2986767,18,2986785
24749,2986791,41,2986832
24750,2986916,95,2987011
24751,2987075,20,2987095
24752,2987479,29,2987508
24753,2987668,3,2987671
24754,2987686,27,2987713
24755,2987826,6,2987832
24756,2987907,9,2987916
24757,2987981,27,2988008
24758,2988039,16,2988055
24759,2988107,16,2988123
24760,2988367,24,2988391
24761,2988421,5,2988426
24762,2988630,13,2988643
24763,2988807,7,2988814
24764,2989048,16,2989064
24765,2989165,9,2989174
24766,2989188,5,2989193
24767,2989273,4,2989277
24768,2989381,34,2989415
24769,2989513,6,2989519
24770,2989617,6,2989623
24771,2989706,63,2989769
24772,2989800,3,2989803
24773,2989813,5,2989818
24774,2989879,10,2989889
24775,2989912,20,2989932
24776,2989995,39,2990034
24777,2990140,6,2990146
24778,2990319,8,2990327
24779,2990362,11,2990373
24780,2990445,4,2990449
24781,2990519,6,2990525
24782,2990542,1,2990543
24783,2990667,1,2990668
24784,2990672,12,2990684
24785,2990769,9,2990778
24786,2990780,4,2990784
24787,2991025,2,2991027
24788,2991069,9,2991078
24789,2991120,12,2991132
24790,2991293,13,2991306
24791,2991472,6,2991478
24792,2991626,45,2991671
24793,2991673,9,2991682
24794,2991743,26,2991769
24795,2991776,18,2991794
24796,2991945,4,2991949
24797,2992175,8,2992183
24798,2992258,13,2992271
24799,2992344,1,2992345
24800,2992526,7,2992533
24801,2992539,19,2992558
24802,2992583,14,2992597
24803,2992624,1,2992625
24804,2992639,20,2992659
24805,2992879,2,2992881
24806,2992964,15,2992979
24807,2993020,12,2993032
24808,2993277,16,2993293
24809,2993344,23,2993367
24810,2993420,14,2993434
24811,2993470,6,2993476
24812,2993587,14,2993601
24813,2993894,14,2993908
24814,2993911,13,2993924
24815,2993930,51,2993981
24816,2993998,40,2994038
24817,2994139,13,2994152
24818,2994187,39,2994226
24819,2994308,7,2994315
24820,2994340,18,2994358
24821,2994458,14,2994472
24822,2994690,2,2994692
24823,2994764,15,2994779
24824,2994805,19,2994824
24825,2994840,2,2994842
24826,2994933,59,2994992
24827,2995057,21,2995078
24828,2995148,17,2995165
24829,2995169,16,2995185
24830,2995578,1,2995579
24831,2995601,6,2995607
24832,2995869,25,2995894
24833,2995911,1,2995912
24834,2995985,17,2996002
24835,2996186,15,2996201
24836,2996233,12,2996245
24837,2996372,8,2996380
24838,2996415,12,2996427
24839,2996555,24,2996579
24840,2996621,11,2996632
24841,2996964,5,2996969
24842,2997000,22,2997022
24843,2997048,79,2997127
24844,2997132,4,2997136
24845,2997414,17,2997431
24846,2997443,11,2997454
24847,2997817,2,2997819
24848,2997947,3,2997950
24849,2998030,4,2998034
24850,2998173,44,2998217
24851,2998218,1,2998219
24852,2998306,19,2998325
24853,2998594,11,2998605
24854,2998666,3,2998669
24855,2998719,24,2998743
24856,2998816,20,2998836
24857,2998852,15,2998867
24858,2999019,19,2999038
24859,2999089,1,2999090
24860,2999102,45,2999147
24861,2999530,1,2999531
24862,2999537,35,2999572
24863,2999662,2,2999664
24864,2999932,22,2999954
24865,3000009,10,3000019
24866,3000084,10,3000094
24867,3000099,15,3000114
24868,3000528,14,3000542
24869,3000604,8,3000612
24870,3000658,5,3000663
24871,3000732,38,3000770
24872,3000782,5,3000787
24873,3000820,1,3000821
24874,3000848,5,3000853
24875,3001035,7,3001042
24876,3001082,15,3001097
24877,3001166,5,3001171
24878,3001247,1,3001248
24879,3001273,37,3001310
24880,3001382,3,3001385
24881,3001727,10,3001737
24882,3001772,22,3001794
24883,3001862,3,3001865
24884,3001894,4,3001898
24885,3001918,35,3001953
24886,3002407,6,3002413
24887,3002552,1,3002553
24888,3002632,12,3002644
24889,3002698,22,3002720
24890,3002731,16,3002747
24891,3002748,6,3002754
24892,3002998,16,3003014
24893,3003133,6,3003139
24894,3003143,1,3003144
24895,3003258,19,3003277
24896,3003632,30,3003662
24897,3003755,3,3003758
24898,3003805,9,3003814
24899,3003828,6,3003834
24900,3003842,25,3003867
24901,3004071,18,3004089
24902,3004147,14,3004161
24903,3004209,4,3004213
24904,3004229,3,3004232
24905,3004276,10,3004286
24906,3004306,5,3004311
24907,3004714,14,3004728
24908,3004733,2,3004735
24909,3004900,1,3004901
24910,3004960,58,3005018
24911,3005050,9,3005059
24912,3005079,9,3005088
24913,3005093,2,3005095
24914,3005262,4,3005266
24915,3005283,13,3005296
24916,3005370,9,3005379
24917,3005833,11,3005844
24918,3005861,37,3005898
24919,3006262,5,3006267
24920,3006340,16,3006356
24921,3006519,27,3006546
24922,3006604,33,3006637
24923,3006655,95,3006750
24924,3006852,29,3006881
24925,3006918,32,3006950
24926,3006971,59,3007030
24927,3007061,11,3007072
24928,3007148,2,3007150
24929,3007327,36,3007363
24930,3007382,10,3007392
24931,3007549,8,3007557
24932,3007612,16,3007628
24933,3007734,26,3007760
24934,3007811,47,3007858
24935,3007902,2,3007904
24936,3008418,8,3008426
24937,3008461,14,3008475
24938,3008599,45,3008644
24939,3008645,2,3008647
24940,3008766,9,3008775
24941,3008791,6,3008797
24942,3008959,24,3008983
24943,3009107,52,3009159
24944,3009178,31,3009209
24945,3009459,28,3009487
24946,3009692,17,3009709
24947,3009714,15,3009729
24948,3009741,14,3009755
24949,3009762,77,3009839
24950,3009948,18,3009966
24951,3009997,2,3009999
24952,3010004,6,3010010
24953,3010083,2,3010085
24954,3010092,23,3010115
24955,3010126,22,3010148
24956,3010150,10,3010160
24957,3010188,24,3010212
24958,3010214,6,3010220
24959,3010343,64,3010407
24960,3010416,1,3010417
24961,3010430,17,3010447
24962,3010496,5,3010501
24963,3010527,3,3010530
24964,3010613,1,3010614
24965,3010672,3,3010675
24966,3010730,11,3010741
24967,3010842,11,3010853
24968,3010969,7,3010976
24969,3011104,57,3011161
24970,3011216,12,3011228
24971,3011309,19,3011328
24972,3011502,42,3011544
24973,3011836,32,3011868
24974,3011924,15,3011939
24975,3011966,33,3011999
24976,3012249,73,3012322
24977,3012677,9,3012686
24978,3012850,3,3012853
24979,3012867,9,3012876
24980,3012898,30,3012928
24981,3013238,22,3013260
24982,3013415,5,3013420
24983,3013491,8,3013499
24984,3013590,30,3013620
24985,3013780,19,3013799
24986,3013844,8,3013852
24987,3013982,29,3014011
24988,3014065,13,3014078
24989,3014198,5,3014203
24990,3014388,41,3014429
24991,3014510,22,3014532
24992,3014540,40,3014580
24993,3014634,32,3014666
24994,3014669,2,3014671
24995,3014743,25,3014768
24996,3014977,16,3014993
24997,3015070,6,3015076
24998,3015404,10,3015414
24999,3015523,13,3015536
25000,3015689,10,3015699
25001,3015990,9,3015999
25002,3016036,48,3016084
25003,3016132,6,3016138
25004,3016152,20,3016172
25005,3016664,1,3016665
25006,3016672,29,3016701
25007,3016703,18,3016721
25008,3016854,14,3016868
25009,3016879,33,3016912
25010,3016967,4,3016971
25011,3017021,21,3017042
25012,3017067,27,3017094
25013,3017355,2,3017357
25014,3017462,27,3017489
25015,3017752,3,3017755
25016,3017860,18,3017878
25017,3017944,15,3017959
25018,3018192,9,3018201
25019,3018472,38,3018510
25020,3018841,8,3018849
25021,3019025,6,3019031
25022,3019118,22,3019140
25023,3019197,19,3019216
25024,3019634,10,3019644
25025,3019777,27,3019804
25026,3019850,5,3019855
25027,3019992,60,3020052
25028,3020194,50,3020244
25029,3020602,36,3020638
25030,3020775,8,3020783
25031,3020813,5,3020818
25032,3020874,4,3020878
25033,3021019,4,3021023
25034,3021094,2,3021096
25035,3021172,28,3021200
25036,3021305,8,3021313
25037,3021332,12,3021344
25038,3021375,17,3021392
25039,3021437,20,3021457
25040,3021461,18,3021479
25041,3021655,21,3021676
25042,3021755,1,3021756
25043,3022101,20,3022121
25044,3022221,5,3022226
25045,3022235,11,3022246
25046,3022271,2,3022273
25047,3022346,8,3022354
25048,3022440,2,3022442
25049,3022714,9,3022723
25050,3022815,17,3022832
25051,3023067,95,3023162
25052,3023217,24,3023241
25053,3023487,7,3023494
25054,3023547,14,3023561
25055,3023742,12,3023754
25056,3023805,33,3023838
25057,3023978,35,3024013
25058,3024014,5,3024019
25059,3024216,62,3024278
25060,3024597,51,3024648
25061,3024649,26,3024675
25062,3024815,6,3024821
25063,3024875,2,3024877
25064,3024905,13,3024918
25065,3025072,21,3025093
25066,3025405,12,3025417
25067,3025573,2,3025575
25068,3025693,7,3025700
25069,3025764,11,3025775
25070,3025845,4,3025849
25071,3025899,5,3025904
25072,3026088,3,3026091
25073,3026183,47,3026230
25074,3026271,54,3026325
25075,3026479,47,3026526
25076,3026567,22,3026589
25077,3026675,16,3026691
25078,3026708,49,3026757
25079,3026944,7,3026951
25080,3027238,1,3027239
25081,3027312,7,3027319
25082,3027373,38,3027411
25083,3027504,5,3027509
25084,3027656,48,3027704
25085,3027728,22,3027750
25086,3027839,13,3027852
25087,3027898,31,3027929
25088,3027952,18,3027970
25089,3027974,2,3027976
25090,3027992,1,3027993
25091,3028026,13,3028039
25092,3028049,17,3028066
25093,3028122,3,3028125
25094,3028130,12,3028142
25095,3028164,56,3028220
25096,3028358,3,3028361
25097,3028410,2,3028412
25098,3028433,26,3028459
25099,3028524,3,3028527
25100,3028550,4,3028554
25101,3028583,20,3028603
25102,3028621,22,3028643
25103,3028694,49,3028743
25104,3028750,13,3028763
25105,3028906,26,3028932
25106,3029016,17,3029033
25107,3029153,19,3029172
25108,3029188,3,3029191
25109,3029341,14,3029355
25110,3029622,6,3029628
25111,3029638,80,3029718
25112,3029920,17,3029937
25113,3030071,2,3030073
25114,3030121,3,3030124
25115,3030145,35,3030180
25116,3030195,32,3030227
25117,3030243,9,3030252
25118,3030282,4,3030286
25119,3030307,14,3030321
25120,3030362,42,3030404
25121,3030483,2,3030485
25122,3030517,11,3030528
25123,3030551,2,3030553
25124,3031057,44,3031101
25125,3031202,20,3031222
25126,3031238,9,3031247
25127,3031256,15,3031271
25128,3031319,18,3031337
25129,3031650,1,3031651
25130,3031678,7,3031685
25131,3031743,3,3031746
25132,3031760,8,3031768
25133,3031963,37,3032000
25134,3032240,19,3032259
25135,3032630,24,3032654
25136,3032749,22,3032771
25137,3032884,3,3032887
25138,3033410,8,3033418
25139,3033464,34,3033498
25140,3033555,14,3033569
25141,3033685,16,3033701
25142,3033850,8,3033858
25143,3033970,4,3033974
25144,3034138,44,3034182
25145,3034218,4,3034222
25146,3034254,59,3034313
25147,3034336,11,3034347
25148,3034429,7,3034436
25149,3034476,19,3034495
25150,3034792,20,3034812
25151,3034868,51,3034919
25152,3034983,15,3034998
25153,3035002,6,3035008
25154,3035053,32,3035085
25155,3035097,69,3035166
25156,3035214,1,3035215
25157,3035324,22,3035346
25158,3035368,13,3035381
25159,3035534,25,3035559
25160,3035568,14,3035582
25161,3035592,12,3035604
25162,3035714,18,3035732
25163,3035766,9,3035775
25164,3035812,7,3035819
25165,3035934,1,3035935
25166,3035946,18,3035964
25167,3035981,2,3035983
25168,3036089,9,3036098
25169,3036137,5,3036142
25170,3036431,38,3036469
25171,3036571,3,3036574
25172,3036608,35,3036643
25173,3036650,9,3036659
25174,3036768,3,3036771
25175,3036958,2,3036960
25176,3037078,1,3037079
25177,3037139,80,3037219
25178,3037495,20,3037515
25179,3037522,15,3037537
25180,3037655,7,3037662
25181,3037705,19,3037724
25182,3037832,13,3037845
25183,3037946,9,3037955
25184,3038033,51,3038084
25185,3038455,6,3038461
25186,3038501,8,3038509
25187,3038619,34,3038653
25188,3038840,19,3038859
25189,3039410,74,3039484
25190,3039520,7,3039527
25191,3039615,3,3039618
25192,3039734,3,3039737
25193,3039743,4,3039747
25194,3039783,3,3039786
25195,3040069,3,3040072
25196,3040076,3,3040079
25197,3040118,3,3040121
25198,3040240,6,3040246
25199,3040300,5,3040305
25200,3040324,18,3040342
25201,3040420,17,3040437
25202,3040492,15,3040507
25203,3040525,20,3040545
25204,3040672,19,3040691
25205,3040696,4,3040700
25206,3040749,22,3040771
25207,3040840,30,3040870
25208,3040872,7,3040879
25209,3041014,36,3041050
25210,3041108,47,3041155
25211,3041220,15,3041235
25212,3041638,18,3041656
25213,3041667,6,3041673
25214,3041706,2,3041708
25215,3041807,89,3041896
25216,3041968,37,3042005
25217,3042066,5,3042071
25218,3042320,8,3042328
25219,3042604,34,3042638
25220,3042730,76,3042806
25221,3042847,7,3042854
25222,3042886,18,3042904
25223,3043027,21,3043048
25224,3043113,15,3043128
25225,3043382,2,3043384
25226,3043451,3,3043454
25227,3043533,3,3043536
25228,3043785,47,3043832
25229,3043834,24,3043858
25230,3043936,10,3043946
25231,3043992,28,3044020
25232,3044103,63,3044166
25233,3044259,37,3044296
25234,3044542,24,3044566
25235,3044856,1,3044857
25236,3045003,1,3045004
25237,3045091,25,3045116
25238,3045209,19,3045228
25239,3045259,15,3045274
25240,3045311,3,3045314
25241,3045515,7,3045522
25242,3045524,36,3045560
25243,3045578,12,3045590
25244,3045594,6,3045600
25245,3045603,19,3045622
25246,3045655,24,3045679
25247,3045901,74,3045975
25248,3046157,22,3046179
25249,3046210,19,3046229
25250,3046276,51,3046327
25251,3046406,2,3046408
25252,3046436,12,3046448
25253,3046449,31,3046480
25254,3046537,4,3046541
25255,3046615,4,3046619
25256,3046812,25,3046837
25257,3047095,15,3047110
25258,3047133,1,3047134
25259,3047219,26,3047245
25260,3047372,11,3047383
25261,3047399,2,3047401
25262,3047447,11,3047458
25263,3047607,8,3047615
25264,3047758,12,3047770
25265,3047824,20,3047844
25266,3047914,6,3047920
25267,3047983,7,3047990
25268,3048063,3,3048066
25269,3048152,27,3048179
25270,3048211,16,3048227
25271,3048232,11,3048243
25272,3048414,23,3048437
25273,3048438,15,3048453
25274,3048454,5,3048459
25275,3048583,7,3048590
25276,3048622,34,3048656
25277,3048910,25,3048935
25278,3048968,3,3048971
25279,3048982,5,3048987
25280,3049423,23,3049446
25281,3049580,6,3049586
25282,3049778,93,3049871
25283,3049946,40,3049986
25284,3049992,4,3049996
25285,3049997,18,3050015
25286,3050061,29,3050090
25287,3050140,26,3050166
25288,3050232,3,3050235
25289,3050353,38,3050391
25290,3050465,2,3050467
25291,3050483,13,3050496
25292,3050697,12,3050709
25293,3050738,20,3050758
25294,3050874,29,3050903
25295,3050928,21,3050949
25296,3050980,31,3051011
25297,3051024,2,3051026
25298,3051161,8,3051169
25299,3051283,3,3051286
25300,3051410,32,3051442
25301,3051510,38,3051548
25302,3051645,23,3051668
25303,3051730,3,3051733
25304,3051746,28,3051774
25305,3051855,13,3051868
25306,3052023,68,3052091
25307,3052304,2,3052306
25308,3052376,3,3052379
25309,3052434,6,3052440
25310,3052630,16,3052646
25311,3052803,13,3052816
25312,3052898,24,3052922
25313,3053018,20,3053038
25314,3053102,7,3053109
25315,3053375,5,3053380
25316,3053391,8,3053399
25317,3053419,4,3053423
25318,3053484,30,3053514
25319,3053519,10,3053529
25320,3053819,4,3053823
25321,3054122,9,3054131
25322,3054132,34,3054166
25323,3054367,12,3054379
25324,3054618,8,3054626
25325,3054795,2,3054797
25326,3054824,3,3054827
25327,3054902,55,3054957
25328,3055028,32,3055060
25329,3055066,7,3055073
25330,3055100,36,3055136
25331,3055249,10,3055259
25332,3055368,4,3055372
25333,3055429,29,3055458
25334,3055486,5,3055491
25335,3055699,19,3055718
25336,3055876,12,3055888
25337,3055949,23,3055972
25338,3056009,20,3056029
25339,3056088,29,3056117
25340,3056159,24,3056183
25341,3056191,12,3056203
25342,3056281,2,3056283
25343,3056308,74,3056382
25344,3056440,18,3056458
25345,3056468,3,3056471
25346,3056497,7,3056504
25347,3056637,13,3056650
25348,3056664,4,3056668
25349,3056739,23,3056762
25350,3056807,1,3056808
25351,3056916,14,3056930
25352,3056964,2,3056966
25353,3057073,14,3057087
25354,3057195,5,3057200
25355,3057214,30,3057244
25356,3057269,10,3057279
25357,3057470,22,3057492
25358,3057591,13,3057604
25359,3057806,7,3057813
25360,3057849,2,3057851
25361,3058071,35,3058106
25362,3058134,15,3058149
25363,3058170,28,3058198
25364,3058218,5,3058223
25365,3058272,22,3058294
25366,3058481,33,3058514
25367,3058547,6,3058553
25368,3058599,6,3058605
25369,3058774,5,3058779
25370,3058936,1,3058937
25371,3058974,25,3058999
25372,3059248,4,3059252
25373,3059311,9,3059320
25374,3059514,7,3059521
25375,3059559,5,3059564
25376,3059588,20,3059608
25377,3059737,14,3059751
25378,3059752,5,3059757
25379,3059793,2,3059795
25380,3059809,16,3059825
25381,3059941,13,3059954
25382,3059986,11,3059997
25383,3060050,21,3060071
25384,3060089,10,3060099
25385,3060202,13,3060215
25386,3060222,20,3060242
25387,3060260,16,3060276
25388,3060308,17,3060325
25389,3060499,1,3060500
25390,3060720,66,3060786
25391,3060810,45,3060855
25392,3060865,3,3060868
25393,3060954,16,3060970
25394,3061002,22,3061024
25395,3061086,28,3061114
25396,3061742,12,3061754
25397,3061851,34,3061885
25398,3061889,17,3061906
25399,3061992,12,3062004
25400,3062089,3,3062092
25401,3062287,11,3062298
25402,3062368,10,3062378
25403,3062388,25,3062413
25404,3062422,11,3062433
25405,3062448,5,3062453
25406,3062797,3,3062800
25407,3062802,3,3062805
25408,3062907,20,3062927
25409,3062964,5,3062969
25410,3063342,5,3063347
25411,3063419,35,3063454
25412,3063476,26,3063502
25413,3063565,65,3063630
25414,3063710,21,3063731
25415,3063968,24,3063992
25416,3064016,2,3064018
25417,3064173,2,3064175
25418,3064286,22,3064308
25419,3064332,21,3064353
25420,3064382,4,3064386
25421,3064604,2,3064606
25422,3064643,48,3064691
25423,3064936,18,3064954
25424,3065027,29,3065056
25425,3065218,14,3065232
25426,3065520,22,3065542
25427,3065716,12,3065728
25428,3065838,29,3065867
25429,3065877,52,3065929
25430,3065949,5,3065954
25431,3065961,3,3065964
25432,3066009,23,3066032
25433,3066343,11,3066354
25434,3066384,18,3066402
25435,3066448,22,3066470
25436,3066483,4,3066487
25437,3066532,21,3066553
25438,3067056,1,3067057
25439,3067181,27,3067208
25440,3067305,27,3067332
25441,3067353,10,3067363
25442,3067367,17,3067384
25443,3067599,10,3067609
25444,3067790,28,3067818
25445,3067848,45,3067893
25446,3067928,31,3067959
25447,3067985,2,3067987
25448,3068041,3,3068044
25449,3068051,57,3068108
25450,3068180,6,3068186
25451,3068225,90,3068315
25452,3068388,8,3068396
25453,3068486,25,3068511
25454,3068991,9,3069000
25455,3069216,19,3069235
25456,3069352,9,3069361
25457,3069464,5,3069469
25458,3069639,24,3069663
25459,3069713,22,3069735
25460,3069748,26,3069774
25461,3069872,10,3069882
25462,3070306,8,3070314
25463,3070403,8,3070411
25464,3070482,33,3070515
25465,3070567,38,3070605
25466,3070628,23,3070651
25467,3070698,12,3070710
25468,3070726,24,3070750
25469,3070755,40,3070795
25470,3070797,2,3070799
25471,3070878,9,3070887
25472,3070934,23,3070957
25473,3070965,22,3070987
25474,3071045,26,3071071
25475,3071145,8,3071153
25476,3071234,18,3071252
25477,3071300,48,3071348
25478,3071362,3,3071365
25479,3071732,30,3071762
25480,3071864,1,3071865
25481,3071981,12,3071993
25482,3072011,4,3072015
25483,3072282,22,3072304
25484,3072359,12,3072371
25485,3072402,54,3072456
25486,3072571,4,3072575
25487,3072598,44,3072642
25488,3072668,13,3072681
25489,3073177,9,3073186
25490,3073281,1,3073282
25491,3073311,34,3073345
25492,3073442,6,3073448
25493,3073635,4,3073639
25494,3073701,6,3073707
25495,3073737,10,3073747
25496,3073816,79,3073895
25497,3074001,26,3074027
25498,3074213,35,3074248
25499,3074281,14,3074295
25500,3074372,17,3074389
25501,3074433,24,3074457
25502,3074603,11,3074614
25503,3074757,2,3074759
25504,3074769,45,3074814
25505,3074846,89,3074935
25506,3074983,13,3074996
25507,3075033,3,3075036
25508,3075070,17,3075087
25509,3075237,12,3075249
25510,3075476,41,3075517
25511,3075537,2,3075539
25512,3075619,5,3075624
25513,3075656,5,3075661
25514,3075771,7,3075778
25515,3075785,8,3075793
25516,3075901,11,3075912
25517,3075930,47,3075977
25518,3076088,3,3076091
25519,3076100,15,3076115
25520,3076387,53,3076440
25521,3076452,9,3076461
25522,3076525,5,3076530
25523,3076636,39,3076675
25524,3076876,26,3076902
25525,3076958,15,3076973
25526,3076982,1,3076983
25527,3077088,42,3077130
25528,3077190,4,3077194
25529,3077245,4,3077249
25530,3077330,45,3077375
25531,3077437,31,3077468
25532,3077516,20,3077536
25533,3077847,53,3077900
25534,3078035,12,3078047
25535,3078188,7,3078195
25536,3078346,13,3078359
25537,3078397,25,3078422
25538,3078605,63,3078668
25539,3078688,13,3078701
25540,3078758,2,3078760
25541,3079000,25,3079025
25542,3079074,29,3079103
25543,3079170,7,3079177
25544,3079221,21,3079242
25545,3079304,27,3079331
25546,3079433,31,3079464
25547,3079625,37,3079662
25548,3079766,17,3079783
25549,3079793,6,3079799
25550,3079819,8,3079827
25551,3079908,6,3079914
25552,3080076,5,3080081
25553,3080085,6,3080091
25554,3080250,10,3080260
25555,3080271,1,3080272
25556,3080313,11,3080324
25557,3080386,6,3080392
25558,3080495,33,3080528
25559,3080687,8,3080695
25560,3080743,24,3080767
25561,3080799,46,3080845
25562,3080892,7,3080899
25563,3080935,19,3080954
25564,3080971,17,3080988
25565,3081171,2,3081173
25566,3081384,7,3081391
25567,3081460,11,3081471
25568,3081511,17,3081528
25569,3081799,1,3081800
25570,3081901,24,3081925
25571,3081947,37,3081984
25572,3082143,12,3082155
25573,3082276,12,3082288
25574,3082348,54,3082402
25575,3082441,16,3082457
25576,3082613,5,3082618
25577,3082672,42,3082714
25578,3082885,26,3082911
25579,3083092,5,3083097
25580,3083170,11,3083181
25581,3083193,125,3083318
25582,3083391,35,3083426
25583,3083482,70,3083552
25584,3083658,62,3083720
25585,3083799,14,3083813
25586,3083827,7,3083834
25587,3083941,2,3083943
25588,3084035,16,3084051
25589,3084314,8,3084322
25590,3084403,20,3084423
25591,3084523,31,3084554
25592,3084780,33,3084813
25593,3084818,1,3084819
25594,3084954,6,3084960
25595,3085016,3,3085019
25596,3085043,76,3085119
25597,3085143,26,3085169
25598,3085312,8,3085320
25599,3085354,54,3085408
25600,3085433,43,3085476
25601,3085485,38,3085523
25602,3085744,12,3085756
25603,3085774,4,3085778
25604,3085822,17,3085839
25605,3085903,3,3085906
25606,3085966,10,3085976
25607,3086263,5,3086268
25608,3086279,28,3086307
25609,3086401,5,3086406
25610,3086504,11,3086515
25611,3086676,4,3086680
25612,3086832,46,3086878
25613,3087022,49,3087071
25614,3087174,16,3087190
25615,3087204,12,3087216
25616,3087419,26,3087445
25617,3087459,22,3087481
25618,3087559,3,3087562
25619,3087681,14,3087695
25620,3087802,3,3087805
25621,3087837,1,3087838
25622,3088165,117,3088282
25623,3088294,1,3088295
25624,3088679,1,3088680
25625,3088744,64,3088808
25626,3088829,67,3088896
25627,3089023,3,3089026
25628,3089054,5,3089059
25629,3089497,22,3089519
25630,3089549,8,3089557
25631,3089809,34,3089843
25632,3089893,1,3089894
25633,3090056,64,3090120
25634,3090200,12,3090212
25635,3090230,35,3090265
25636,3090443,7,3090450
25637,3090482,28,3090510
25638,3090626,14,3090640
25639,3090665,4,3090669
25640,3090676,4,3090680
25641,3090785,45,3090830
25642,3090856,3,3090859
25643,3091213,7,3091220
25644,3091237,8,3091245
25645,3091252,11,3091263
25646,3091268,12,3091280
25647,3091357,3,3091360
25648,3091388,29,3091417
25649,3091433,11,3091444
25650,3091561,72,3091633
25651,3091771,6,3091777
25652,3091864,49,3091913
25653,3091956,11,3091967
25654,3092027,12,3092039
25655,3092050,25,3092075
25656,3092637,10,3092647
25657,3092654,5,3092659
25658,3092685,25,3092710
25659,3092730,52,3092782
25660,3092792,6,3092798
25661,3092969,1,3092970
25662,3093073,15,3093088
25663,3093178,5,3093183
25664,3093194,6,3093200
25665,3093224,10,3093234
25666,3093325,38,3093363
25667,3093374,17,3093391
25668,3093435,11,3093446
25669,3093565,25,3093590
25670,3093679,3,3093682
25671,3093765,6,3093771
25672,3093775,1,3093776
25673,3093968,17,3093985
25674,3094053,16,3094069
25675,3094116,39,3094155
25676,3094353,36,3094389
25677,3094416,3,3094419
25678,3094482,17,3094499
25679,3094558,31,3094589
25680,3094703,23,3094726
25681,3094744,4,3094748
25682,3094925,48,3094973
25683,3094995,5,3095000
25684,3095047,1,3095048
25685,3095124,50,3095174
25686,3095186,3,3095189
25687,3095352,19,3095371
25688,3095566,5,3095571
25689,3095620,17,3095637
25690,3095679,7,3095686
25691,3095733,28,3095761
25692,3095775,59,3095834
25693,3096057,43,3096100
25694,3096129,8,3096137
25695,3096243,11,3096254
25696,3096271,12,3096283
25697,3096369,20,3096389
25698,3096613,15,3096628
25699,3096820,12,3096832
25700,3096848,53,3096901
25701,3097050,17,3097067
25702,3097218,17,3097235
25703,3097255,22,3097277
25704,3097318,3,3097321
25705,3097441,1,3097442
25706,3097444,6,3097450
25707,3097460,21,3097481
25708,3097529,15,3097544
25709,3097564,1,3097565
25710,3097655,7,3097662
25711,3097811,11,3097822
25712,3097835,36,3097871
25713,3097897,23,3097920
25714,3097938,123,3098061
25715,3098084,9,3098093
25716,3098099,3,3098102
25717,3098181,12,3098193
25718,3098210,3,3098213
25719,3098386,4,3098390
25720,3098447,2,3098449
25721,3098485,38,3098523
25722,3098608,8,3098616
25723,3098742,26,3098768
25724,3099090,50,3099140
25725,3099161,25,3099186
25726,3099489,35,3099524
25727,3099552,13,3099565
25728,3099581,11,3099592
25729,3099641,11,3099652
25730,3099689,4,3099693
25731,3099833,47,3099880
25732,3099905,3,3099908
25733,3100204,17,3100221
25734,3100379,58,3100437
25735,3100442,17,3100459
25736,3100609,26,3100635
25737,3100713,63,3100776
25738,3100792,82,3100874
25739,3100878,7,3100885
25740,3100906,1,3100907
25741,3100956,39,3100995
25742,3101049,11,3101060
25743,3101212,1,3101213
25744,3101227,1,3101228
25745,3101251,12,3101263
25746,3101280,18,3101298
25747,3101362,4,3101366
25748,3101494,3,3101497
25749,3101505,34,3101539
25750,3101660,5,3101665
25751,3101878,9,3101887
25752,3101917,73,3101990
25753,3102035,28,3102063
25754,3102094,23,3102117
25755,3102489,26,3102515
25756,3102764,16,3102780
25757,3103023,7,3103030
25758,3103178,4,3103182
25759,3103255,10,3103265
25760,3103348,15,3103363
25761,3103455,52,3103507
25762,3103534,22,3103556
25763,3103632,50,3103682
25764,3103838,5,3103843
25765,3104035,10,3104045
25766,3104050,4,3104054
25767,3104322,7,3104329
25768,3104391,21,3104412
25769,3104429,12,3104441
25770,3104559,10,3104569
25771,3105168,28,3105196
25772,3105249,24,3105273
25773,3105300,17,3105317
25774,3105532,2,3105534
25775,3105621,15,3105636
25776,3105711,11,3105722
25777,3105779,14,3105793
25778,3105887,11,3105898
25779,3106015,9,3106024
25780,3106293,5,3106298
25781,3106411,62,3106473
25782,3106567,9,3106576
25783,3106775,12,3106787
25784,3106965,19,3106984
25785,3107019,1,3107020
25786,3107061,15,3107076
25787,3107113,8,3107121
25788,3107142,22,3107164
25789,3107169,32,3107201
25790,3107215,21,3107236
25791,3107295,28,3107323
25792,3107337,9,3107346
25793,3107393,8,3107401
25794,3107454,11,3107465
25795,3107516,24,3107540
25796,3107570,12,3107582
25797,3107671,12,3107683
25798,3107945,43,3107988
25799,3108010,8,3108018
25800,3108065,5,3108070
25801,3108258,87,3108345
25802,3108422,6,3108428
25803,3108486,14,3108500
25804,3108638,5,3108643
25805,3108704,42,3108746
25806,3108823,4,3108827
25807,3108920,51,3108971
25808,3109024,22,3109046
25809,3109067,26,3109093
25810,3109210,23,3109233
25811,3109424,2,3109426
25812,3109500,8,3109508
25813,3109656,10,3109666
25814,3109735,16,3109751
25815,3109897,4,3109901
25816,3109914,15,3109929
25817,3109932,5,3109937
25818,3110082,7,3110089
25819,3110090,3,3110093
25820,3110199,5,3110204
25821,3110312,37,3110349
25822,3110539,99,3110638
25823,3110768,23,3110791
25824,3110999,5,3111004
25825,3111131,11,3111142
25826,3111159,36,3111195
25827,3111252,37,3111289
25828,3111440,12,3111452
25829,3111480,16,3111496
25830,3111585,38,3111623
25831,3111772,2,3111774
25832,3111903,42,3111945
25833,3112022,17,3112039
25834,3112082,30,3112112
25835,3112366,3,3112369
25836,3112379,43,3112422
25837,3112471,1,3112472
25838,3112538,35,3112573
25839,3112648,2,3112650
25840,3112726,11,3112737
25841,3112757,32,3112789
25842,3113149,7,3113156
25843,3113239,22,3113261
25844,3113288,24,3113312
25845,3113475,9,3113484
25846,3113487,25,3113512
25847,3113734,3,3113737
25848,3113815,44,3113859
25849,3113935,7,3113942
25850,3113992,23,3114015
25851,3114037,53,3114090
25852,3114114,4,3114118
25853,3114167,2,3114169
25854,3114170,11,3114181
25855,3114187,7,3114194
25856,3114235,7,3114242
25857,3114442,11,3114453
25858,3114625,57,3114682
25859,3114926,7,3114933
25860,3115151,6,3115157
25861,3115409,81,3115490
25862,3115569,1,3115570
25863,3115708,20,3115728
25864,3115779,2,3115781
25865,3115827,13,3115840
25866,3115973,20,3115993
25867,3115996,93,3116089
25868,3116214,27,3116241
25869,3116405,14,3116419
25870,3116601,62,3116663
25871,3116741,82,3116823
25872,3116895,58,3116953
25873,3116990,4,3116994
25874,3117009,15,3117024
25875,3117059,48,3117107
25876,3117157,29,3117186
25877,3117253,12,3117265
25878,3117286,56,3117342
25879,3117534,12,3117546
25880,3117639,21,3117660
25881,3117684,3,3117687
25882,3117743,31,3117774
25883,3118047,4,3118051
25884,3118071,23,3118094
25885,3118170,9,3118179
25886,3118266,20,3118286
25887,3118352,15,3118367
25888,3118390,28,3118418
25889,3118520,9,3118529
25890,3118725,46,3118771
25891,3118785,6,3118791
25892,3118818,28,3118846
25893,3118863,13,3118876
25894,3119051,52,3119103
25895,3119134,21,3119155
25896,3119158,18,3119176
25897,3119217,8,3119225
25898,3119377,1,3119378
25899,3119418,4,3119422
25900,3119706,58,3119764
25901,3119775,12,3119787
25902,3120084,2,3120086
25903,3120170,48,3120218
25904,3120265,30,3120295
25905,3120410,5,3120415
25906,3120437,10,3120447
25907,3120525,1,3120526
25908,3120692,19,3120711
25909,3120912,20,3120932
25910,3121023,5,3121028
25911,3121036,21,3121057
25912,3121492,41,3121533
25913,3121606,55,3121661
25914,3121796,6,3121802
25915,3122093,3,3122096
25916,3122103,9,3122112
25917,3122293,16,3122309
25918,3122356,2,3122358
25919,3122614,41,3122655
25920,3122788,4,3122792
25921,3122968,52,3123020
25922,3123199,13,3123212
25923,3123214,13,3123227
25924,3123268,20,3123288
25925,3123320,15,3123335
25926,3123388,4,3123392
25927,3123602,14,3123616
25928,3123805,71,3123876
25929,3123886,13,3123899
25930,3124060,12,3124072
25931,3124103,8,3124111
25932,3124122,11,3124133
25933,3124145,48,3124193
25934,3124320,1,3124321
25935,3124377,23,3124400
25936,3124548,2,3124550
25937,3124563,4,3124567
25938,3124812,1,3124813
25939,3124835,10,3124845
25940,3124934,32,3124966
25941,3124974,11,3124985
25942,3124992,2,3124994
25943,3125016,11,3125027
25944,3125041,6,3125047
25945,3125215,68,3125283
25946,3125307,8,3125315
25947,3125336,1,3125337
25948,3125527,26,3125553
25949,3125694,3,3125697
25950,3125965,19,3125984
25951,3126015,66,3126081
25952,3126197,4,3126201
25953,3126316,26,3126342
25954,3126347,23,3126370
25955,3126535,2,3126537
25956,3126705,1,3126706
25957,3126983,22,3127005
25958,3127054,11,3127065
25959,3127233,25,3127258
25960,3127349,7,3127356
25961,3127456,9,3127465
25962,3127636,15,3127651
25963,3127701,7,3127708
25964,3127759,11,3127770
25965,3127787,25,3127812
25966,3127871,7,3127878
25967,3128232,2,3128234
25968,3128240,13,3128253
25969,3128646,3,3128649
25970,3128813,5,3128818
25971,3128917,8,3128925
25972,3129022,6,3129028
25973,3129498,21,3129519
25974,3129522,1,3129523
25975,3129749,29,3129778
25976,3129828,3,3129831
25977,3129963,26,3129989
25978,3130312,7,3130319
25979,3130485,24,3130509
25980,3130707,9,3130716
25981,3130725,17,3130742
25982,3130757,39,3130796
25983,3130813,30,3130843
25984,3130933,21,3130954
25985,3131163,2,3131165
25986,3131212,40,3131252
25987,3131399,16,3131415
25988,3131648,6,3131654
25989,3131660,10,3131670
25990,3132125,70,3132195
25991,3132208,20,3132228
25992,3132239,11,3132250
25993,3132331,9,3132340
25994,3132349,6,3132355
25995,3132460,7,3132467
25996,3132482,12,3132494
25997,3132519,20,3132539
25998,3132662,30,3132692
25999,3132926,7,3132933
26000,3133087,8,3133095
26001,3133119,13,3133132
26002,3133186,15,3133201
26003,3133380,27,3133407
26004,3133506,34,3133540
26005,3133649,3,3133652
26006,3133713,38,3133751
26007,3134046,3,3134049
26008,3134098,6,3134104
26009,3134177,23,3134200
26010,3134327,62,3134389
26011,3134400,20,3134420
26012,3134462,11,3134473
26013,3134482,12,3134494
26014,3134499,17,3134516
26015,3134537,28,3134565
26016,3134586,17,3134603
26017,3134725,46,3134771
26018,3135146,41,3135187
26019,3135240,32,3135272
26020,3135306,8,3135314
26021,3135529,1,3135530
26022,3135710,41,3135751
26023,3136155,49,3136204
26024,3136404,15,3136419
26025,3136773,4,3136777
26026,3136914,27,3136941
26027,3136948,4,3136952
26028,3136955,26,3136981
26029,3136991,21,3137012
26030,3137129,20,3137149
26031,3137275,24,3137299
26032,3137411,2,3137413
26033,3137546,38,3137584
26034,3137609,48,3137657
26035,3137757,9,3137766
26036,3137805,1,3137806
26037,3137831,13,3137844
26038,3137849,2,3137851
26039,3137860,16,3137876
26040,3138079,8,3138087
26041,3138113,18,3138131
26042,3138141,24,3138165
26043,3138342,23,3138365
26044,3138387,3,3138390
26045,3139050,1,3139051
26046,3139234,96,3139330
26047,3139478,6,3139484
26048,3139678,30,3139708
26049,3139758,29,3139787
26050,3139957,41,3139998
26051,3140343,8,3140351
26052,3140368,3,3140371
26053,3140511,15,3140526
26054,3140832,14,3140846
26055,3140875,15,3140890
26056,3141038,8,3141046
26057,3141057,9,3141066
26058,3141120,9,3141129
26059,3141170,1,3141171
26060,3141239,51,3141290
26061,3141420,16,3141436
26062,3141810,4,3141814
26063,3141913,9,3141922
26064,3142017,5,3142022
26065,3142173,5,3142178
26066,3142260,31,3142291
26067,3142328,18,3142346
26068,3142644,12,3142656
26069,3142861,33,3142894
26070,3142971,1,3142972
26071,3143009,1,3143010
26072,3143053,26,3143079
26073,3143113,8,3143121
26074,3143340,35,3143375
26075,3143449,1,3143450
26076,3143743,17,3143760
26077,3143837,8,3143845
26078,3143972,1,3143973
26079,3144076,54,3144130
26080,3144193,13,3144206
26081,3144279,18,3144297
26082,3144305,2,3144307
26083,3144669,12,3144681
26084,3144763,2,3144765
26085,3144873,10,3144883
26086,3144925,31,3144956
26087,3144961,3,3144964
26088,3145039,4,3145043
26089,3145067,60,3145127
26090,3145185,1,3145186
26091,3145393,28,3145421
26092,3145455,10,3145465
26093,3145530,16,3145546
26094,3145578,19,3145597
26095,3145847,10,3145857
26096,3146047,65,3146112
26097,3146116,18,3146134
26098,3146220,2,3146222
26099,3146263,2,3146265
26100,3146437,3,3146440
26101,3146568,4,3146572
26102,3146575,1,3146576
26103,3146709,35,3146744
26104,3146807,15,3146822
26105,3146823,32,3146855
26106,3146888,40,3146928
26107,3147044,2,3147046
26108,3147247,16,3147263
26109,3147265,8,3147273
26110,3147600,12,3147612
26111,3147719,17,3147736
26112,3147829,32,3147861
26113,3147870,23,3147893
26114,3148086,14,3148100
26115,3148237,28,3148265
26116,3148333,49,3148382
26117,3148417,6,3148423
26118,3148452,8,3148460
26119,3148468,62,3148530
26120,3148645,2,3148647
26121,3148900,10,3148910
26122,3148932,59,3148991
26123,3149092,40,3149132
26124,3149141,7,3149148
26125,3149163,26,3149189
26126,3149223,2,3149225
26127,3149267,59,3149326
26128,3149617,7,3149624
26129,3149749,8,3149757
26130,3149928,5,3149933
26131,3149973,49,3150022
26132,3150153,42,3150195
26133,3150211,6,3150217
26134,3150252,10,3150262
26135,3150300,11,3150311
26136,3150337,2,3150339
26137,3150386,26,3150412
26138,3150416,7,3150423
26139,3150472,20,3150492
26140,3150542,26,3150568
26141,3150834,16,3150850
26142,3150900,32,3150932
26143,3151321,24,3151345
26144,3151408,75,3151483
26145,3151561,7,3151568
26146,3151574,5,3151579
26147,3151609,5,3151614
26148,3151619,22,3151641
26149,3151723,32,3151755
26150,3151808,2,3151810
26151,3151867,171,3152038
26152,3152093,12,3152105
26153,3152161,1,3152162
26154,3152196,12,3152208
26155,3152303,3,3152306
26156,3152426,28,3152454
26157,3152467,15,3152482
26158,3152617,25,3152642
26159,3152679,21,3152700
26160,3152935,156,3153091
26161,3153214,6,3153220
26162,3153476,8,3153484
26163,3153503,3,3153506
26164,3153664,39,3153703
26165,3153751,18,3153769
26166,3153949,7,3153956
26167,3154017,7,3154024
26168,3154319,10,3154329
26169,3154392,6,3154398
26170,3154422,6,3154428
26171,3154458,26,3154484
26172,3154625,16,3154641
26173,3154751,15,3154766
26174,3154954,52,3155006
26175,3155159,12,3155171
26176,3155255,48,3155303
26177,3155345,8,3155353
26178,3155360,34,3155394
26179,3155520,2,3155522
26180,3155577,39,3155616
26181,3155623,9,3155632
26182,3155821,17,3155838
26183,3155904,12,3155916
26184,3156661,3,3156664
26185,3156680,9,3156689
26186,3156732,10,3156742
26187,3156821,1,3156822
26188,3156938,40,3156978
26189,3157041,26,3157067
26190,3157103,27,3157130
26191,3157209,2,3157211
26192,3157278,28,3157306
26193,3157439,2,3157441
26194,3157602,3,3157605
26195,3157691,14,3157705
26196,3157783,65,3157848
26197,3157970,8,3157978
26198,3158216,3,3158219
26199,3158275,14,3158289
26200,3158401,12,3158413
26201,3158510,21,3158531
26202,3158722,3,3158725
26203,3158794,25,3158819
26204,3158884,2,3158886
26205,3158892,9,3158901
26206,3159279,17,3159296
26207,3159446,4,3159450
26208,3159627,6,3159633
26209,3159685,25,3159710
26210,3159999,18,3160017
26211,3160033,69,3160102
26212,3160169,2,3160171
26213,3160261,11,3160272
26214,3160316,38,3160354
26215,3160394,10,3160404
26216,3160481,12,3160493
26217,3160916,1,3160917
26218,3161214,2,3161216
26219,3161264,46,3161310
26220,3161616,61,3161677
26221,3161689,1,3161690
26222,3161716,5,3161721
26223,3161861,21,3161882
26224,3162063,31,3162094
26225,3162117,3,3162120
26226,3162291,6,3162297
26227,3162490,26,3162516
26228,3162763,17,3162780
26229,3162910,5,3162915
26230,3162990,28,3163018
26231,3163063,18,3163081
26232,3163106,6,3163112
26233,3163184,3,3163187
26234,3163188,31,3163219
26235,3163286,41,3163327
26236,3163426,23,3163449
26237,3163480,5,3163485
26238,3163494,29,3163523
26239,3163565,22,3163587
26240,3163628,7,3163635
26241,3163688,23,3163711
26242,3163714,16,3163730
26243,3163769,23,3163792
26244,3163828,20,3163848
26245,3164089,7,3164096
26246,3164146,10,3164156
26247,3164175,30,3164205
26248,3164232,12,3164244
26249,3164365,15,3164380
26250,3164725,2,3164727
26251,3164748,4,3164752
26252,3165032,18,3165050
26253,3165319,28,3165347
26254,3165550,28,3165578
26255,3165681,41,3165722
26256,3165725,2,3165727
26257,3165784,21,3165805
26258,3166191,12,3166203
26259,3166283,1,3166284
26260,3166576,5,3166581
26261,3166688,2,3166690
26262,3166691,16,3166707
26263,3166728,20,3166748
26264,3166877,21,3166898
26265,3167070,74,3167144
26266,3167170,13,3167183
26267,3167304,23,3167327
26268,3167428,22,3167450
26269,3167507,49,3167556
26270,3167723,18,3167741
26271,3167745,8,3167753
26272,3167813,40,3167853
26273,3167941,30,3167971
26274,3167999,2,3168001
26275,3168166,89,3168255
26276,3168303,3,3168306
26277,3168331,10,3168341
26278,3168428,20,3168448
26279,3168742,24,3168766
26280,3168779,9,3168788
26281,3168833,34,3168867
26282,3168937,8,3168945
26283,3169037,2,3169039
26284,3169051,3,3169054
26285,3169215,3,3169218
26286,3169221,59,3169280
26287,3169302,20,3169322
26288,3169340,4,3169344
26289,3169426,12,3169438
26290,3169593,22,3169615
26291,3169728,2,3169730
26292,3169802,31,3169833
26293,3170045,20,3170065
26294,3170086,11,3170097
26295,3170136,5,3170141
26296,3170175,35,3170210
26297,3170371,20,3170391
26298,3170439,12,3170451
26299,3170495,1,3170496
26300,3170608,62,3170670
26301,3171053,23,3171076
26302,3171334,13,3171347
26303,3171627,35,3171662
26304,3171757,6,3171763
26305,3171857,19,3171876
26306,3171930,33,3171963
26307,3172026,5,3172031
26308,3172097,13,3172110
26309,3172219,16,3172235
26310,3172251,36,3172287
26311,3172312,3,3172315
26312,3172357,30,3172387
26313,3172530,15,3172545
26314,3172742,23,3172765
26315,3172830,6,3172836
26316,3172862,8,3172870
26317,3173111,14,3173125
26318,3173281,4,3173285
26319,3173406,10,3173416
26320,3173498,8,3173506
26321,3173683,25,3173708
26322,3173715,28,3173743
26323,3173763,25,3173788
26324,3174011,45,3174056
26325,3174057,20,3174077
26326,3174079,2,3174081
26327,3174131,117,3174248
26328,3174328,22,3174350
26329,3174594,25,3174619
26330,3174710,15,3174725
26331,3174772,55,3174827
26332,3174900,32,3174932
26333,3174984,18,3175002
26334,3175058,10,3175068
26335,3175312,14,3175326
26336,3175585,5,3175590
26337,3175598,2,3175600
26338,3175739,8,3175747
26339,3175785,44,3175829
26340,3175955,45,3176000
26341,3176008,3,3176011
26342,3176066,9,3176075
26343,3176174,5,3176179
26344,3176305,10,3176315
26345,3176391,2,3176393
26346,3176450,23,3176473
26347,3176545,3,3176548
26348,3176587,9,3176596
26349,3176642,6,3176648
26350,3176906,50,3176956
26351,3177130,5,3177135
26352,3177166,7,3177173
26353,3177187,2,3177189
26354,3177231,3,3177234
26355,3177243,22,3177265
26356,3177318,4,3177322
26357,3177350,19,3177369
26358,3177504,49,3177553
26359,3177572,35,3177607
26360,3177710,88,3177798
26361,3177799,48,3177847
26362,3177852,20,3177872
26363,3177942,3,3177945
26364,3178008,8,3178016
26365,3178018,5,3178023
26366,3178088,31,3178119
26367,3178126,14,3178140
26368,3178283,9,3178292
26369,3178613,15,3178628
26370,3178743,27,3178770
26371,3178777,5,3178782
26372,3178817,13,3178830
26373,3178857,3,3178860
26374,3178951,12,3178963
26375,3179027,21,3179048
26376,3179152,1,3179153
26377,3179167,10,3179177
26378,3179381,10,3179391
26379,3179462,12,3179474
26380,3179523,25,3179548
26381,3179802,12,3179814
26382,3179838,5,3179843
26383,3179913,25,3179938
26384,3179986,26,3180012
26385,3180180,11,3180191
26386,3180342,3,3180345
26387,3180645,7,3180652
26388,3180801,6,3180807
26389,3181180,21,3181201
26390,3181385,3,3181388
26391,3181471,15,3181486
26392,3181541,4,3181545
26393,3181613,8,3181621
26394,3181632,4,3181636
26395,3181669,30,3181699
26396,3181707,5,3181712
26397,3181771,39,3181810
26398,3181927,20,3181947
26399,3181964,13,3181977
26400,3182020,11,3182031
26401,3182034,20,3182054
26402,3182068,36,3182104
26403,3182241,7,3182248
26404,3182306,1,3182307
26405,3182407,10,3182417
26406,3182723,15,3182738
26407,3182749,26,3182775
26408,3182846,10,3182856
26409,3183319,56,3183375
26410,3183622,71,3183693
26411,3183721,58,3183779
26412,3183826,13,3183839
26413,3184024,38,3184062
26414,3184099,15,3184114
26415,3184117,11,3184128
26416,3184232,23,3184255
26417,3184338,1,3184339
26418,3184361,1,3184362
26419,3184419,21,3184440
26420,3184463,3,3184466
26421,3184502,11,3184513
26422,3184666,20,3184686
26423,3184808,3,3184811
26424,3184823,32,3184855
26425,3184919,27,3184946
26426,3184947,39,3184986
26427,3185280,6,3185286
26428,3185300,3,3185303
26429,3185737,9,3185746
26430,3186029,27,3186056
26431,3186225,7,3186232
26432,3186333,8,3186341
26433,3186517,4,3186521
26434,3186647,12,3186659
26435,3186730,16,3186746
26436,3186809,54,3186863
26437,3186882,39,3186921
26438,3186951,16,3186967
26439,3187044,15,3187059
26440,3187093,10,3187103
26441,3187179,21,3187200
26442,3187217,10,3187227
26443,3187273,1,3187274
26444,3187327,25,3187352
26445,3187403,11,3187414
26446,3187423,2,3187425
26447,3187486,19,3187505
26448,3187543,72,3187615
26449,3187644,1,3187645
26450,3187773,8,3187781
26451,3188372,37,3188409
26452,3188435,4,3188439
26453,3188478,1,3188479
26454,3188617,13,3188630
26455,3188678,9,3188687
26456,3188744,40,3188784
26457,3188865,3,3188868
26458,3188919,18,3188937
26459,3189082,22,3189104
26460,3189324,13,3189337
26461,3189355,4,3189359
26462,3189459,3,3189462
26463,3189467,27,3189494
26464,3189570,15,3189585
26465,3189711,3,3189714
26466,3189729,4,3189733
26467,3189793,7,3189800
26468,3189832,21,3189853
26469,3190056,40,3190096
26470,3190133,4,3190137
26471,3190240,5,3190245
26472,3190387,10,3190397
26473,3190743,27,3190770
26474,3190855,37,3190892
26475,3190901,5,3190906
26476,3191181,82,3191263
26477,3191348,20,3191368
26478,3191411,27,3191438
26479,3191726,4,3191730
26480,3191780,8,3191788
26481,3191813,58,3191871
26482,3191940,7,3191947
26483,3191976,11,3191987
26484,3192051,9,3192060
26485,3192099,2,3192101
26486,3192110,11,3192121
26487,3192138,14,3192152
26488,3192254,31,3192285
26489,3192493,22,3192515
26490,3192524,4,3192528
26491,3192539,4,3192543
26492,3192653,17,3192670
26493,3192778,27,3192805
26494,3192809,13,3192822
26495,3192824,22,3192846
26496,3193002,1,3193003
26497,3193187,7,3193194
26498,3193331,15,3193346
26499,3193379,74,3193453
26500,3193552,7,3193559
26501,3193686,4,3193690
26502,3193708,37,3193745
26503,3193840,3,3193843
26504,3193954,21,3193975
26505,3194050,11,3194061
26506,3194088,6,3194094
26507,3194130,19,3194149
26508,3194185,5,3194190
26509,3194244,48,3194292
26510,3194426,19,3194445
26511,3194460,6,3194466
26512,3194482,63,3194545
26513,3194638,12,3194650
26514,3194673,16,3194689
26515,3194810,63,3194873
26516,3194874,19,3194893
26517,3195132,10,3195142
26518,3195291,8,3195299
26519,3195352,40,3195392
26520,3195471,34,3195505
26521,3195730,1,3195731
26522,3195748,7,3195755
26523,3195830,2,3195832
26524,3196157,12,3196169
26525,3196170,12,3196182
26526,3196296,11,3196307
26527,3196417,34,3196451
26528,3196458,23,3196481
26529,3196514,42,3196556
26530,3196626,52,3196678
26531,3196697,2,3196699
26532,3196710,24,3196734
26533,3196756,5,3196761
26534,3196997,3,3197000
26535,3197474,23,3197497
26536,3197508,6,3197514
26537,3197575,1,3197576
26538,3197811,34,3197845
26539,3197903,5,3197908
26540,3197970,23,3197993
26541,3198102,21,3198123
26542,3198253,79,3198332
26543,3198440,10,3198450
26544,3198701,9,3198710
26545,3198743,17,3198760
26546,3198837,77,3198914
26547,3199163,20,3199183
26548,3199232,19,3199251
26549,3199432,110,3199542
26550,3199878,17,3199895
26551,3199954,19,3199973
26552,3200015,13,3200028
26553,3200115,8,3200123
26554,3200129,5,3200134
26555,3200159,10,3200169
26556,3200171,6,3200177
26557,3200408,17,3200425
26558,3200706,27,3200733
26559,3200743,33,3200776
26560,3200845,27,3200872
26561,3200986,10,3200996
26562,3201001,25,3201026
26563,3201046,15,3201061
26564,3201116,64,3201180
26565,3201347,10,3201357
26566,3201363,19,3201382
26567,3201753,39,3201792
26568,3201797,7,3201804
26569,3202300,17,3202317
26570,3202616,5,3202621
26571,3202655,29,3202684
26572,3202730,15,3202745
26573,3202933,27,3202960
26574,3203060,9,3203069
26575,3203111,5,3203116
26576,3203386,50,3203436
26577,3203485,6,3203491
26578,3203567,38,3203605
26579,3203650,9,3203659
26580,3203709,10,3203719
26581,3203781,12,3203793
26582,3203808,43,3203851
26583,3203918,59,3203977
26584,3203980,8,3203988
26585,3204006,5,3204011
26586,3204161,6,3204167
26587,3204205,16,3204221
26588,3204248,36,3204284
26589,3204303,22,3204325
26590,3204412,22,3204434
26591,3204473,15,3204488
26592,3204617,1,3204618
26593,3204622,6,3204628
26594,3204650,3,3204653
26595,3204930,13,3204943
26596,3204945,47,3204992
26597,3205203,65,3205268
26598,3205499,19,3205518
26599,3205586,12,3205598
26600,3205636,6,3205642
26601,3205817,23,3205840
26602,3206055,9,3206064
26603,3206436,39,3206475
26604,3206874,6,3206880
26605,3206903,3,3206906
26606,3206911,5,3206916
26607,3207001,29,3207030
26608,3207096,21,3207117
26609,3207254,21,3207275
26610,3207283,63,3207346
26611,3207426,17,3207443
26612,3207685,4,3207689
26613,3207891,3,3207894
26614,3208072,9,3208081
26615,3208112,9,3208121
26616,3208276,50,3208326
26617,3208346,8,3208354
26618,3208500,36,3208536
26619,3208630,42,3208672
26620,3208823,41,3208864
26621,3209144,5,3209149
26622,3209271,3,3209274
26623,3209328,25,3209353
26624,3209362,7,3209369
26625,3209408,4,3209412
26626,3209494,37,3209531
26627,3209718,70,3209788
26628,3209801,27,3209828
26629,3209911,19,3209930
26630,3209982,1,3209983
26631,3210123,47,3210170
26632,3210230,15,3210245
26633,3210310,4,3210314
26634,3210424,47,3210471
26635,3210485,30,3210515
26636,3210637,17,3210654
26637,3210740,17,3210757
26638,3210872,2,3210874
26639,3211103,15,3211118
26640,3211136,21,3211157
26641,3211185,78,3211263
26642,3211275,15,3211290
26643,3211300,24,3211324
26644,3211329,33,3211362
26645,3211498,13,3211511
26646,3211521,2,3211523
26647,3211559,42,3211601
26648,3211654,5,3211659
26649,3211733,88,3211821
26650,3211829,13,3211842
26651,3211955,8,3211963
26652,3212106,19,3212125
26653,3212209,6,3212215
26654,3212446,6,3212452
26655,3212525,2,3212527
26656,3212539,44,3212583
26657,3213074,16,3213090
26658,3213187,16,3213203
26659,3213304,13,3213317
26660,3213423,24,3213447
26661,3213452,14,3213466
26662,3213509,6,3213515
26663,3213608,13,3213621
26664,3213681,81,3213762
26665,3213781,4,3213785
26666,3213945,4,3213949
26667,3213969,44,3214013
26668,3214078,2,3214080
26669,3214236,1,3214237
26670,3214499,1,3214500
26671,3214625,11,3214636
26672,3214806,20,3214826
26673,3214841,44,3214885
26674,3214896,49,3214945
26675,3215061,8,3215069
26676,3215172,33,3215205
26677,3215230,47,3215277
26678,3215353,17,3215370
26679,3215477,29,3215506
26680,3215536,4,3215540
26681,3215768,15,3215783
26682,3215889,11,3215900
26683,3215995,21,3216016
26684,3216019,21,3216040
26685,3216090,11,3216101
26686,3216173,28,3216201
26687,3216325,11,3216336
26688,3216353,16,3216369
26689,3216403,53,3216456
26690,3216527,9,3216536
26691,3216693,11,3216704
26692,3216712,26,3216738
26693,3216872,3,3216875
26694,3216936,15,3216951
26695,3217020,23,3217043
26696,3217301,16,3217317
26697,3217428,8,3217436
26698,3217482,14,3217496
26699,3217572,1,3217573
26700,3217677,32,3217709
26701,3217750,8,3217758
26702,3217787,18,3217805
26703,3217832,11,3217843
26704,3217929,51,3217980
26705,3218007,4,3218011
26706,3218145,12,3218157
26707,3218184,27,3218211
26708,3218248,15,3218263
26709,3218399,15,3218414
26710,3218485,43,3218528
26711,3218530,19,3218549
26712,3218608,34,3218642
26713,3218725,1,3218726
26714,3218733,11,3218744
26715,3218773,24,3218797
26716,3219064,42,3219106
26717,3219245,31,3219276
26718,3219328,77,3219405
26719,3219427,7,3219434
26720,3219474,5,3219479
26721,3219507,7,3219514
26722,3219620,36,3219656
26723,3219705,44,3219749
26724,3219889,39,3219928
26725,3220120,4,3220124
26726,3220224,16,3220240
26727,3220302,62,3220364
26728,3220375,1,3220376
26729,3220397,2,3220399
26730,3220577,40,3220617
26731,3220727,12,3220739
26732,3220832,23,3220855
26733,3220953,11,3220964
26734,3220992,8,3221000
26735,3221037,5,3221042
26736,3221144,69,3221213
26737,3221298,7,3221305
26738,3221306,9,3221315
26739,3221423,15,3221438
26740,3221527,14,3221541
26741,3221565,74,3221639
26742,3221679,5,3221684
26743,3221755,7,3221762
26744,3221806,59,3221865
26745,3221986,138,3222124
26746,3222146,26,3222172
26747,3222188,13,3222201
26748,3222239,22,3222261
26749,3222379,54,3222433
26750,3222464,43,3222507
26751,3222547,14,3222561
26752,3222697,26,3222723
26753,3222929,1,3222930
26754,3222990,22,3223012
26755,3223052,15,3223067
26756,3223127,41,3223168
26757,3223177,18,3223195
26758,3223264,15,3223279
26759,3223294,10,3223304
26760,3223521,10,3223531
26761,3223559,15,3223574
26762,3223652,35,3223687
26763,3223718,2,3223720
26764,3223752,7,3223759
26765,3223923,5,3223928
26766,3224136,3,3224139
26767,3224207,63,3224270
26768,3224271,30,3224301
26769,3224613,24,3224637
26770,3224717,17,3224734
26771,3224787,22,3224809
26772,3224810,28,3224838
26773,3224892,17,3224909
26774,3225181,7,3225188
26775,3225333,1,3225334
26776,3225339,14,3225353
26777,3225464,37,3225501
26778,3225587,4,3225591
26779,3225883,19,3225902
26780,3225959,3,3225962
26781,3226110,8,3226118
26782,3226119,12,3226131
26783,3226139,51,3226190
26784,3226197,4,3226201
26785,3226206,3,3226209
26786,3226362,8,3226370
26787,3226794,1,3226795
26788,3226854,52,3226906
26789,3227253,24,3227277
26790,3227456,14,3227470
26791,3227507,2,3227509
26792,3227578,6,3227584
26793,3227647,4,3227651
26794,3227826,42,3227868
26795,3227982,30,3228012
26796,3228152,30,3228182
26797,3228204,32,3228236
26798,3228330,13,3228343
26799,3228420,38,3228458
26800,3228687,15,3228702
26801,3228704,5,3228709
26802,3228827,17,3228844
26803,3228857,58,3228915
26804,3228954,28,3228982
26805,3229080,43,3229123
26806,3229419,32,3229451
26807,3229478,87,3229565
26808,3229578,48,3229626
26809,3229699,12,3229711
26810,3229757,13,3229770
26811,3229816,13,3229829
26812,3229921,5,3229926
26813,3229946,9,3229955
26814,3230147,8,3230155
26815,3230327,3,3230330
26816,3230409,54,3230463
26817,3230495,12,3230507
26818,3230560,29,3230589
26819,3230859,20,3230879
26820,3230909,5,3230914
26821,3230950,4,3230954
26822,3231013,10,3231023
26823,3231083,25,3231108
26824,3231138,56,3231194
26825,3231207,15,3231222
26826,3231357,17,3231374
26827,3231713,17,3231730
26828,3231799,40,3231839
26829,3231842,9,3231851
26830,3231875,6,3231881
26831,3231911,36,3231947
26832,3232173,36,3232209
26833,3232314,3,3232317
26834,3232359,5,3232364
26835,3232365,18,3232383
26836,3232467,12,3232479
26837,3232526,2,3232528
26838,3233151,15,3233166
26839,3233281,77,3233358
26840,3233377,3,3233380
26841,3233878,3,3233881
26842,3234004,4,3234008
26843,3234074,5,3234079
26844,3234083,41,3234124
26845,3234340,11,3234351
26846,3234371,29,3234400
26847,3234454,18,3234472
26848,3234515,3,3234518
26849,3234635,23,3234658
26850,3234716,9,3234725
26851,3234880,33,3234913
26852,3234926,11,3234937
26853,3235080,17,3235097
26854,3235150,9,3235159
26855,3235173,21,3235194
26856,3235265,5,3235270
26857,3235288,12,3235300
26858,3235470,63,3235533
26859,3235641,3,3235644
26860,3235683,10,3235693
26861,3235812,22,3235834
26862,3235990,25,3236015
26863,3236096,3,3236099
26864,3236321,8,3236329
26865,3236339,9,3236348
26866,3236429,8,3236437
26867,3236446,6,3236452
26868,3236539,44,3236583
26869,3236659,7,3236666
26870,3236713,41,3236754
26871,3236770,2,3236772
26872,3236780,2,3236782
26873,3236882,9,3236891
26874,3237050,1,3237051
26875,3237180,12,3237192
26876,3237283,6,3237289
26877,3237348,13,3237361
26878,3237733,8,3237741
26879,3237845,1,3237846
26880,3237922,23,3237945
26881,3238053,26,3238079
26882,3238143,8,3238151
26883,3238396,53,3238449
26884,3238562,8,3238570
26885,3238644,19,3238663
26886,3238728,77,3238805
26887,3238961,1,3238962
26888,3239062,21,3239083
26889,3239084,8,3239092
26890,3239182,20,3239202
26891,3239242,3,3239245
26892,3239250,26,3239276
26893,3239353,2,3239355
26894,3239364,17,3239381
26895,3239406,16,3239422
26896,3239463,22,3239485
26897,3239506,2,3239508
26898,3239595,84,3239679
26899,3239689,2,3239691
26900,3239844,6,3239850
26901,3239865,17,3239882
26902,3239907,8,3239915
26903,3240019,75,3240094
26904,3240196,62,3240258
26905,3240397,31,3240428
26906,3240465,4,3240469
26907,3240662,1,3240663
26908,3240700,12,3240712
26909,3240802,5,3240807
26910,3240856,4,3240860
26911,3241292,15,3241307
26912,3241315,20,3241335
26913,3241355,13,3241368
26914,3241411,23,3241434
26915,3241450,12,3241462
26916,3241633,34,3241667
26917,3241724,1,3241725
26918,3241811,7,3241818
26919,3241823,14,3241837
26920,3241866,17,3241883
26921,3241908,4,3241912
26922,3242054,7,3242061
26923,3242097,21,3242118
26924,3242366,4,3242370
26925,3242426,3,3242429
26926,3242589,9,3242598
26927,3242712,28,3242740
26928,3242925,7,3242932
26929,3242977,4,3242981
26930,3243051,24,3243075
26931,3243175,10,3243185
26932,3243201,14,3243215
26933,3243352,17,3243369
26934,3243573,30,3243603
26935,3243615,13,3243628
26936,3243774,6,3243780
26937,3243809,37,3243846
26938,3243969,11,3243980
26939,3244025,42,3244067
26940,3244116,7,3244123
26941,3244190,34,3244224
26942,3244226,10,3244236
26943,3244244,8,3244252
26944,3244301,28,3244329
26945,3244418,26,3244444
26946,3244570,12,3244582
26947,3244661,2,3244663
26948,3244744,11,3244755
26949,3244801,3,3244804
26950,3244896,48,3244944
26951,3245151,27,3245178
26952,3245401,11,3245412
26953,3245422,7,3245429
26954,3245487,25,3245512
26955,3245549,9,3245558
26956,3245635,31,3245666
26957,3245791,40,3245831
26958,3245905,13,3245918
26959,3245987,9,3245996
26960,3246037,14,3246051
26961,3246136,3,3246139
26962,3246222,20,3246242
26963,3246393,10,3246403
26964,3246524,45,3246569
26965,3246693,47,3246740
26966,3246810,32,3246842
26967,3246875,42,3246917
26968,3246951,8,3246959
26969,3247050,2,3247052
26970,3247196,17,3247213
26971,3247345,13,3247358
26972,3247380,13,3247393
26973,3247484,34,3247518
26974,3247603,7,3247610
26975,3247661,7,3247668
26976,3247736,6,3247742
26977,3247862,32,3247894
26978,3247929,1,3247930
26979,3247974,44,3248018
26980,3248072,1,3248073
26981,3248248,9,3248257
26982,3248314,2,3248316
26983,3248537,38,3248575
26984,3248745,24,3248769
26985,3248799,9,3248808
26986,3248899,3,3248902
26987,3249047,13,3249060
26988,3249066,32,3249098
26989,3249266,24,3249290
26990,3249313,42,3249355
26991,3249362,15,3249377
26992,3249434,4,3249438
26993,3249637,37,3249674
26994,3249737,6,3249743
26995,3249746,14,3249760
26996,3249840,36,3249876
26997,3250112,20,3250132
26998,3250332,17,3250349
26999,3250462,5,3250467
27000,3250651,39,3250690
27001,3250700,21,3250721
27002,3250835,8,3250843
27003,3250876,13,3250889
27004,3250904,12,3250916
27005,3251043,39,3251082
27006,3251158,8,3251166
27007,3251408,23,3251431
27008,3251560,115,3251675
27009,3251765,30,3251795
27010,3251971,15,3251986
27011,3252051,36,3252087
27012,3252120,126,3252246
27013,3252275,31,3252306
27014,3252336,47,3252383
27015,3252415,14,3252429
27016,3252432,3,3252435
27017,3252504,5,3252509
27018,3252611,11,3252622
27019,3252671,25,3252696
27020,3252753,7,3252760
27021,3252838,1,3252839
27022,3252887,16,3252903
27023,3252965,23,3252988
27024,3252993,15,3253008
27025,3253174,34,3253208
27026,3253327,14,3253341
27027,3253391,32,3253423
27028,3253478,1,3253479
27029,3253559,1,3253560
27030,3253580,20,3253600
27031,3253702,39,3253741
27032,3253797,8,3253805
27033,3253825,6,3253831
27034,3253856,25,3253881
27035,3253997,14,3254011
27036,3254091,5,3254096
27037,3254116,31,3254147
27038,3254191,55,3254246
27039,3254715,31,3254746
27040,3254829,3,3254832
27041,3254865,11,3254876
27042,3254897,28,3254925
27043,3255004,11,3255015
27044,3255159,17,3255176
27045,3255187,18,3255205
27046,3255373,17,3255390
27047,3255631,36,3255667
27048,3255707,21,3255728
27049,3255897,6,3255903
27050,3255910,8,3255918
27051,3255960,24,3255984
27052,3256080,55,3256135
27053,3256486,2,3256488
27054,3256540,2,3256542
27055,3256626,1,3256627
27056,3256993,8,3257001
27057,3257262,19,3257281
27058,3257401,80,3257481
27059,3257490,18,3257508
27060,3257655,5,3257660
27061,3257726,25,3257751
27062,3257774,40,3257814
27063,3257836,38,3257874
27064,3257935,8,3257943
27065,3258359,5,3258364
27066,3258506,6,3258512
27067,3258616,12,3258628
27068,3258715,24,3258739
27069,3258823,31,3258854
27070,3258993,10,3259003
27071,3259006,33,3259039
27072,3259113,33,3259146
27073,3259152,16,3259168
27074,3259583,24,3259607
27075,3259827,46,3259873
27076,3259876,21,3259897
27077,3259992,13,3260005
27078,3260241,15,3260256
27079,3260569,5,3260574
27080,3260590,18,3260608
27081,3260661,13,3260674
27082,3260740,22,3260762
27083,3260794,18,3260812
27084,3260854,36,3260890
27085,3260915,63,3260978
27086,3261033,20,3261053
27087,3261279,10,3261289
27088,3261301,7,3261308
27089,3261381,28,3261409
27090,3261506,10,3261516
27091,3261616,7,3261623
27092,3261662,19,3261681
27093,3261713,16,3261729
27094,3261832,72,3261904
27095,3261912,19,3261931
27096,3262011,42,3262053
27097,3262177,3,3262180
27098,3262252,24,3262276
27099,3262441,14,3262455
27100,3262477,8,3262485
27101,3262547,27,3262574
27102,3262575,39,3262614
27103,3262673,8,3262681
27104,3262729,2,3262731
27105,3262816,8,3262824
27106,3263081,1,3263082
27107,3263200,11,3263211
27108,3263216,11,3263227
27109,3263265,12,3263277
27110,3263395,2,3263397
27111,3263406,12,3263418
27112,3263487,19,3263506
27113,3263593,42,3263635
27114,3263744,15,3263759
27115,3263825,78,3263903
27116,3263919,3,3263922
27117,3264082,9,3264091
27118,3264232,28,3264260
27119,3264554,8,3264562
27120,3264660,30,3264690
27121,3264825,9,3264834
27122,3264943,27,3264970
27123,3265085,25,3265110
27124,3265206,11,3265217
27125,3265466,40,3265506
27126,3265533,6,3265539
27127,3265561,16,3265577
27128,3265625,13,3265638
27129,3265680,57,3265737
27130,3265753,28,3265781
27131,3265811,45,3265856
27132,3265988,9,3265997
27133,3266039,11,3266050
27134,3266150,1,3266151
27135,3266171,11,3266182
27136,3266199,19,3266218
27137,3266231,7,3266238
27138,3266295,1,3266296
27139,3266347,10,3266357
27140,3266525,13,3266538
27141,3266584,6,3266590
27142,3267031,7,3267038
27143,3267072,1,3267073
27144,3267230,7,3267237
27145,3267274,24,3267298
27146,3267553,53,3267606
27147,3267619,20,3267639
27148,3267915,51,3267966
27149,3268042,36,3268078
27150,3268226,7,3268233
27151,3268342,40,3268382
27152,3268407,1,3268408
27153,3268410,7,3268417
27154,3268599,2,3268601
27155,3268683,17,3268700
27156,3268737,26,3268763
27157,3268940,8,3268948
27158,3268957,33,3268990
27159,3269024,18,3269042
27160,3269045,23,3269068
27161,3269222,58,3269280
27162,3269465,77,3269542
27163,3269683,11,3269694
27164,3269788,14,3269802
27165,3269837,7,3269844
27166,3270269,1,3270270
27167,3270366,50,3270416
27168,3270570,15,3270585
27169,3270643,3,3270646
27170,3270694,26,3270720
27171,3270757,9,3270766
27172,3270956,26,3270982
27173,3271041,12,3271053
27174,3271252,13,3271265
27175,3271369,91,3271460
27176,3271529,5,3271534
27177,3271565,18,3271583
27178,3271728,10,3271738
27179,3271787,21,3271808
27180,3272377,17,3272394
27181,3272406,3,3272409
27182,3272431,20,3272451
27183,3272711,3,3272714
27184,3272722,22,3272744
27185,3272799,46,3272845
27186,3272911,4,3272915
27187,3272985,28,3273013
27188,3273048,8,3273056
27189,3273098,4,3273102
27190,3273167,36,3273203
27191,3273278,54,3273332
27192,3273406,26,3273432
27193,3273482,16,3273498
27194,3273554,17,3273571
27195,3273743,4,3273747
27196,3274040,8,3274048
27197,3274143,8,3274151
27198,3274295,14,3274309
27199,3274439,20,3274459
27200,3274745,6,3274751
27201,3274884,35,3274919
27202,3274930,34,3274964
27203,3275078,45,3275123
27204,3275275,5,3275280
27205,3275284,4,3275288
27206,3275440,55,3275495
27207,3275562,2,3275564
27208,3275565,87,3275652
27209,3276413,11,3276424
27210,3276614,17,3276631
27211,3276694,14,3276708
27212,3276715,18,3276733
27213,3277002,10,3277012
27214,3277031,2,3277033
27215,3277086,36,3277122
27216,3277178,3,3277181
27217,3277205,21,3277226
27218,3277318,34,3277352
27219,3277370,14,3277384
27220,3277539,4,3277543
27221,3277619,12,3277631
27222,3278044,4,3278048
27223,3278316,4,3278320
27224,3278430,44,3278474
27225,3278500,6,3278506
27226,3278626,77,3278703
27227,3278769,74,3278843
27228,3278896,83,3278979
27229,3279006,20,3279026
27230,3279285,7,3279292
27231,3279330,28,3279358
27232,3279608,3,3279611
27233,3279826,58,3279884
27234,3279955,5,3279960
27235,3279963,12,3279975
27236,3280031,22,3280053
27237,3280330,5,3280335
27238,3280364,27,3280391
27239,3280458,1,3280459
27240,3280474,16,3280490
27241,3280606,40,3280646
27242,3281128,1,3281129
27243,3281319,11,3281330
27244,3281340,21,3281361
27245,3281421,21,3281442
27246,3281532,3,3281535
27247,3281697,2,3281699
27248,3281786,38,3281824
27249,3281843,7,3281850
27250,3281953,14,3281967
27251,3282069,17,3282086
27252,3282174,8,3282182
27253,3282476,8,3282484
27254,3282769,4,3282773
27255,3282781,65,3282846
27256,3282896,2,3282898
27257,3282938,12,3282950
27258,3282989,1,3282990
27259,3283013,28,3283041
27260,3283122,18,3283140
27261,3283301,10,3283311
27262,3283435,20,3283455
27263,3283754,20,3283774
27264,3283864,6,3283870
27265,3283897,8,3283905
27266,3283965,28,3283993
27267,3284050,27,3284077
27268,3284147,15,3284162
27269,3284368,14,3284382
27270,3284506,44,3284550
27271,3284554,1,3284555
27272,3284560,5,3284565
27273,3284660,17,3284677
27274,3284784,23,3284807
27275,3284818,20,3284838
27276,3284924,16,3284940
27277,3284981,17,3284998
27278,3285001,3,3285004
27279,3285054,19,3285073
27280,3285074,7,3285081
27281,3285139,7,3285146
27282,3285355,2,3285357
27283,3285523,45,3285568
27284,3285615,5,3285620
27285,3285765,22,3285787
27286,3285828,9,3285837
27287,3285966,10,3285976
27288,3285979,9,3285988
27289,3286096,26,3286122
27290,3286416,3,3286419
27291,3286500,7,3286507
27292,3286556,6,3286562
27293,3286624,23,3286647
27294,3286652,36,3286688
27295,3286776,10,3286786
27296,3286912,15,3286927
27297,3287004,10,3287014
27298,3287186,3,3287189
27299,3287220,4,3287224
27300,3287274,18,3287292
27301,3287306,12,3287318
27302,3287642,16,3287658
27303,3287704,4,3287708
27304,3287786,20,3287806
27305,3287810,2,3287812
27306,3287894,1,3287895
27307,3287953,8,3287961
27308,3288320,11,3288331
27309,3288520,4,3288524
27310,3288559,24,3288583
27311,3288592,55,3288647
27312,3288667,12,3288679
27313,3288729,1,3288730
27314,3288737,27,3288764
27315,3289007,53,3289060
27316,3289289,11,3289300
27317,3289464,29,3289493
27318,3289564,6,3289570
27319,3289623,13,3289636
27320,3289706,34,3289740
27321,3289915,26,3289941
27322,3290016,93,3290109
27323,3290363,96,3290459
27324,3290556,72,3290628
27325,3290656,33,3290689
27326,3290831,2,3290833
27327,3290945,5,3290950
27328,3291360,11,3291371
27329,3291508,12,3291520
27330,3291613,15,3291628
27331,3291821,17,3291838
27332,3291957,20,3291977
27333,3292383,24,3292407
27334,3292473,15,3292488
27335,3292578,30,3292608
27336,3292651,28,3292679
27337,3293217,8,3293225
27338,3293338,1,3293339
27339,3293414,3,3293417
27340,3293447,3,3293450
27341,3293472,32,3293504
27342,3293635,14,3293649
27343,3293884,33,3293917
27344,3294048,54,3294102
27345,3294179,12,3294191
27346,3294333,8,3294341
27347,3294355,29,3294384
27348,3294501,46,3294547
27349,3294569,64,3294633
27350,3294645,12,3294657
27351,3294727,7,3294734
27352,3294888,125,3295013
27353,3295020,6,3295026
27354,3295089,2,3295091
27355,3295094,63,3295157
27356,3295207,14,3295221
27357,3295325,10,3295335
27358,3295542,71,3295613
27359,3295701,14,3295715
27360,3295797,14,3295811
27361,3295821,5,3295826
27362,3296192,24,3296216
27363,3296226,15,3296241
27364,3296378,6,3296384
27365,3296428,45,3296473
27366,3296488,3,3296491
27367,3296920,29,3296949
27368,3297099,49,3297148
27369,3297291,12,3297303
27370,3297320,16,3297336
27371,3297391,22,3297413
27372,3297695,23,3297718
27373,3297771,64,3297835
27374,3297840,39,3297879
27375,3297976,32,3298008
27376,3298049,8,3298057
27377,3298091,19,3298110
27378,3298177,32,3298209
27379,3298233,4,3298237
27380,3298283,2,3298285
27381,3298382,13,3298395
27382,3298441,1,3298442
27383,3298479,43,3298522
27384,3298537,46,3298583
27385,3298986,3,3298989
27386,3299138,15,3299153
27387,3299158,6,3299164
27388,3299183,33,3299216
27389,3299270,9,3299279
27390,3299472,9,3299481
27391,3299508,29,3299537
27392,3299602,47,3299649
27393,3299783,7,3299790
27394,3299878,31,3299909
27395,3300233,42,3300275
27396,3300307,59,3300366
27397,3300414,17,3300431
27398,3300744,1,3300745
27399,3300819,20,3300839
27400,3300878,18,3300896
27401,3300902,27,3300929
27402,3301095,3,3301098
27403,3301193,15,3301208
27404,3301261,9,3301270
27405,3301328,31,3301359
27406,3301384,7,3301391
27407,3301652,18,3301670
27408,3301699,6,3301705
27409,3301825,23,3301848
27410,3302108,87,3302195
27411,3302326,15,3302341
27412,3302474,5,3302479
27413,3302508,9,3302517
27414,3302539,28,3302567
27415,3302583,1,3302584
27416,3302726,12,3302738
27417,3302916,38,3302954
27418,3303008,6,3303014
27419,3303166,3,3303169
27420,3303363,18,3303381
27421,3303433,72,3303505
27422,3303595,4,3303599
27423,3303756,26,3303782
27424,3303821,23,3303844
27425,3304006,46,3304052
27426,3304278,13,3304291
27427,3304353,56,3304409
27428,3304448,39,3304487
27429,3304734,7,3304741
27430,3305120,3,3305123
27431,3305129,108,3305237
27432,3305379,6,3305385
27433,3305465,15,3305480
27434,3305662,49,3305711
27435,3305782,10,3305792
27436,3305886,33,3305919
27437,3306035,5,3306040
27438,3306083,4,3306087
27439,3306127,13,3306140
27440,3306168,44,3306212
27441,3306413,17,3306430
27442,3306508,10,3306518
27443,3306616,2,3306618
27444,3306695,8,3306703
27445,3306709,31,3306740
27446,3306756,19,3306775
27447,3306846,26,3306872
27448,3306922,6,3306928
27449,3307212,52,3307264
27450,3307310,20,3307330
27451,3307365,11,3307376
27452,3307387,18,3307405
27453,3307641,20,3307661
27454,3307771,13,3307784
27455,3307810,2,3307812
27456,3307984,9,3307993
27457,3308072,10,3308082
27458,3308085,40,3308125
27459,3308134,1,3308135
27460,3308211,11,3308222
27461,3308299,5,3308304
27462,3308434,34,3308468
27463,3308594,9,3308603
27464,3308608,42,3308650
27465,3308681,9,3308690
27466,3308950,4,3308954
27467,3309004,36,3309040
27468,3309052,27,3309079
27469,3309169,11,3309180
27470,3309361,30,3309391
27471,3309481,3,3309484
27472,3309496,28,3309524
27473,3309581,6,3309587
27474,3309623,15,3309638
27475,3309648,18,3309666
27476,3309681,36,3309717
27477,3309812,3,3309815
27478,3309962,6,3309968
27479,3310425,1,3310426
27480,3310472,6,3310478
27481,3310486,2,3310488
27482,3310498,24,3310522
27483,3310540,50,3310590
27484,3310686,18,3310704
27485,3310709,16,3310725
27486,3310743,13,3310756
27487,3310808,10,3310818
27488,3310911,8,3310919
27489,3310999,21,3311020
27490,3311083,38,3311121
27491,3311316,7,3311323
27492,3311516,9,3311525
27493,3311555,1,3311556
27494,3311621,44,3311665
27495,3311822,8,3311830
27496,3311837,13,3311850
27497,3311859,7,3311866
27498,3312019,10,3312029
27499,3312315,2,3312317
27500,3312379,48,3312427
27501,3312430,16,3312446
27502,3312576,55,3312631
27503,3313084,3,3313087
27504,3313156,29,3313185
27505,3313296,10,3313306
27506,3313563,17,3313580
27507,3313790,13,3313803
27508,3313918,43,3313961
27509,3314140,5,3314145
27510,3314221,6,3314227
27511,3314299,8,3314307
27512,3314344,39,3314383
27513,3314406,46,3314452
27514,3314627,1,3314628
27515,3314798,5,3314803
27516,3314812,18,3314830
27517,3314911,45,3314956
27518,3315007,7,3315014
27519,3315094,41,3315135
27520,3315240,52,3315292
27521,3315335,10,3315345
27522,3315426,21,3315447
27523,3315608,6,3315614
27524,3315790,14,3315804
27525,3315878,21,3315899
27526,3315903,13,3315916
27527,3315989,12,3316001
27528,3316139,22,3316161
27529,3316166,2,3316168
27530,3316209,4,3316213
27531,3316274,1,3316275
27532,3316352,30,3316382
27533,3316405,12,3316417
27534,3316616,24,3316640
27535,3316736,13,3316749
27536,3316831,19,3316850
27537,3316917,22,3316939
27538,3316958,36,3316994
27539,3316996,36,3317032
27540,3317090,14,3317104
27541,3317164,16,3317180
27542,3317224,10,3317234
27543,3317382,8,3317390
27544,3317850,4,3317854
27545,3317893,7,3317900
27546,3317994,70,3318064
27547,3318092,2,3318094
27548,3318099,12,3318111
27549,3318167,14,3318181
27550,3318616,13,3318629
27551,3318836,17,3318853
27552,3318963,7,3318970
27553,3319219,28,3319247
27554,3319314,16,3319330
27555,3319656,18,3319674
27556,3319679,16,3319695
27557,3319859,28,3319887
27558,3319966,2,3319968
27559,3320077,15,3320092
27560,3320496,21,3320517
27561,3320520,22,3320542
27562,3320622,4,3320626
27563,3320679,9,3320688
27564,3320750,20,3320770
27565,3320879,4,3320883
27566,3321149,24,3321173
27567,3321393,26,3321419
27568,3321441,18,3321459
27569,3321512,18,3321530
27570,3321671,11,3321682
27571,3322025,65,3322090
27572,3322168,8,3322176
27573,3322254,76,3322330
27574,3322352,39,3322391
27575,3322397,3,3322400
27576,3322437,4,3322441
27577,3322490,29,3322519
27578,3322651,1,3322652
27579,3322719,8,3322727
27580,3322807,66,3322873
27581,3322916,17,3322933
27582,3323155,65,3323220
27583,3323475,55,3323530
27584,3323533,9,3323542
27585,3323713,21,3323734
27586,3323772,4,3323776
27587,3323811,7,3323818
27588,3323960,20,3323980
27589,3323995,11,3324006
27590,3324075,3,3324078
27591,3324148,12,3324160
27592,3324198,15,3324213
27593,3324261,35,3324296
27594,3324333,27,3324360
27595,3324534,34,3324568
27596,3324637,50,3324687
27597,3324721,27,3324748
27598,3324852,13,3324865
27599,3325043,39,3325082
27600,3325327,41,3325368
27601,3325443,25,3325468
27602,3325621,60,3325681
27603,3325744,8,3325752
27604,3325805,73,3325878
27605,3325907,29,3325936
27606,3326179,52,3326231
27607,3326243,14,3326257
27608,3326284,6,3326290
27609,3326375,2,3326377
27610,3326381,7,3326388
27611,3326442,41,3326483
27612,3326490,26,3326516
27613,3326566,56,3326622
27614,3326651,17,3326668
27615,3326944,19,3326963
27616,3327063,13,3327076
27617,3327145,5,3327150
27618,3327153,21,3327174
27619,3327176,3,3327179
27620,3327240,10,3327250
27621,3327310,66,3327376
27622,3327387,25,3327412
27623,3327532,28,3327560
27624,3327748,8,3327756
27625,3327821,9,3327830
27626,3328049,35,3328084
27627,3328140,2,3328142
27628,3328184,33,3328217
27629,3328353,26,3328379
27630,3328448,9,3328457
27631,3328638,26,3328664
27632,3328952,30,3328982
27633,3329244,27,3329271
27634,3329296,8,3329304
27635,3329309,14,3329323
27636,3329367,36,3329403
27637,3329434,14,3329448
27638,3329474,18,3329492
27639,3329559,54,3329613
27640,3329650,13,3329663
27641,3329868,15,3329883
27642,3330053,1,3330054
27643,3330063,44,3330107
27644,3330350,2,3330352
27645,3330415,30,3330445
27646,3330449,17,3330466
27647,3330492,15,3330507
27648,3330651,1,3330652
27649,3330658,15,3330673
27650,3330750,71,3330821
27651,3330891,9,3330900
27652,3330975,5,3330980
27653,3330996,11,3331007
27654,3331134,12,3331146
27655,3331366,1,3331367
27656,3331399,54,3331453
27657,3331476,21,3331497
27658,3331507,36,3331543
27659,3331579,27,3331606
27660,3331659,6,3331665
27661,3331823,30,3331853
27662,3331877,1,3331878
27663,3331927,3,3331930
27664,3331931,26,3331957
27665,3332060,20,3332080
27666,3332159,2,3332161
27667,3332169,6,3332175
27668,3332254,38,3332292
27669,3332394,4,3332398
27670,3332469,14,3332483
27671,3332571,14,3332585
27672,3332677,58,3332735
27673,3332924,19,3332943
27674,3333121,3,3333124
27675,3333178,5,3333183
27676,3333241,12,3333253
27677,3333302,29,3333331
27678,3333475,7,3333482
27679,3333650,4,3333654
27680,3333774,10,3333784
27681,3333993,1,3333994
27682,3334124,9,3334133
27683,3334143,4,3334147
27684,3334212,41,3334253
27685,3334265,8,3334273
27686,3334338,7,3334345
27687,3334417,25,3334442
27688,3334556,26,3334582
27689,3334634,4,3334638
27690,3334693,2,3334695
27691,3335298,4,3335302
27692,3335387,14,3335401
27693,3335412,5,3335417
27694,3335450,7,3335457
27695,3335493,4,3335497
27696,3335545,1,3335546
27697,3335640,5,3335645
27698,3335697,3,3335700
27699,3335724,112,3335836
27700,3335886,4,3335890
27701,3335929,2,3335931
27702,3336009,9,3336018
27703,3336096,17,3336113
27704,3336275,36,3336311
27705,3336427,17,3336444
27706,3336540,16,3336556
27707,3336570,69,3336639
27708,3336663,1,3336664
27709,3336669,12,3336681
27710,3336792,24,3336816
27711,3336883,68,3336951
27712,3336959,5,3336964
27713,3337023,23,3337046
27714,3337386,23,3337409
27715,3337536,8,3337544
27716,3337548,7,3337555
27717,3337786,12,3337798
27718,3337818,15,3337833
27719,3337836,24,3337860
27720,3338028,2,3338030
27721,3338077,15,3338092
27722,3338260,23,3338283
27723,3338374,23,3338397
27724,3338418,2,3338420
27725,3338516,16,3338532
27726,3338666,40,3338706
27727,3338806,11,3338817
27728,3338825,4,3338829
27729,3338843,28,3338871
27730,3338935,15,3338950
27731,3338969,11,3338980
27732,3339095,25,3339120
27733,3339158,50,3339208
27734,3339339,2,3339341
27735,3339463,28,3339491
27736,3339639,46,3339685
27737,3340125,21,3340146
27738,3340166,5,3340171
27739,3340764,6,3340770
27740,3340818,1,3340819
27741,3340845,11,3340856
27742,3340857,11,3340868
27743,3340901,2,3340903
27744,3340963,15,3340978
27745,3341172,5,3341177
27746,3341229,5,3341234
27747,3341262,4,3341266
27748,3341560,3,3341563
27749,3341661,27,3341688
27750,3341737,35,3341772
27751,3341982,37,3342019
27752,3342112,22,3342134
27753,3342188,27,3342215
27754,3342574,32,3342606
27755,3342705,23,3342728
27756,3342733,57,3342790
27757,3342934,19,3342953
27758,3343252,2,3343254
27759,3343297,3,3343300
27760,3343330,24,3343354
27761,3343364,37,3343401
27762,3343443,38,3343481
27763,3343521,9,3343530
27764,3343865,44,3343909
27765,3344113,17,3344130
27766,3344164,27,3344191
27767,3344271,21,3344292
27768,3344615,4,3344619
27769,3344620,17,3344637
27770,3344706,31,3344737
27771,3344804,2,3344806
27772,3345077,18,3345095
27773,3345104,17,3345121
27774,3345199,33,3345232
27775,3345320,26,3345346
27776,3345451,17,3345468
27777,3345840,4,3345844
27778,3346112,2,3346114
27779,3346435,8,3346443
27780,3346532,9,3346541
27781,3346715,29,3346744
27782,3346788,2,3346790
27783,3346888,21,3346909
27784,3346953,16,3346969
27785,3347064,7,3347071
27786,3347162,13,3347175
27787,3347224,4,3347228
27788,3347473,5,3347478
27789,3347623,15,3347638
27790,3347872,30,3347902
27791,3348048,56,3348104
27792,3348173,4,3348177
27793,3348224,7,3348231
27794,3348516,18,3348534
27795,3348576,49,3348625
27796,3348810,21,3348831
27797,3348833,10,3348843
27798,3348873,22,3348895
27799,3349019,3,3349022
27800,3349050,39,3349089
27801,3349115,16,3349131
27802,3349201,5,3349206
27803,3349229,10,3349239
27804,3349361,17,3349378
27805,3349478,2,3349480
27806,3349591,2,3349593
27807,3349703,12,3349715
27808,3349887,15,3349902
27809,3349912,5,3349917
27810,3349973,23,3349996
27811,3349997,7,3350004
27812,3350065,9,3350074
27813,3350150,5,3350155
27814,3350269,24,3350293
27815,3350300,6,3350306
27816,3350321,15,3350336
27817,3350429,27,3350456
27818,3350581,28,3350609
27819,3350744,7,3350751
27820,3350795,29,3350824
27821,3350826,14,3350840
27822,3350957,4,3350961
27823,3350977,6,3350983
27824,3351050,2,3351052
27825,3351058,14,3351072
27826,3351173,24,3351197
27827,3351357,3,3351360
27828,3351368,34,3351402
27829,3351484,37,3351521
27830,3351552,3,3351555
27831,3351770,74,3351844
27832,3351871,20,3351891
27833,3351970,13,3351983
27834,3352065,33,3352098
27835,3352119,11,3352130
27836,3352147,86,3352233
27837,3352264,15,3352279
27838,3352321,68,3352389
27839,3352506,8,3352514
27840,3352541,48,3352589
27841,3352855,7,3352862
27842,3353043,12,3353055
27843,3353084,20,3353104
27844,3353264,17,3353281
27845,3353595,7,3353602
27846,3353856,6,3353862
27847,3353867,11,3353878
27848,3353958,11,3353969
27849,3354051,30,3354081
27850,3354090,9,3354099
27851,3354644,21,3354665
27852,3354690,37,3354727
27853,3354837,4,3354841
27854,3354872,25,3354897
27855,3354943,7,3354950
27856,3354978,2,3354980
27857,3355013,7,3355020
27858,3355068,1,3355069
27859,3355167,21,3355188
27860,3355278,1,3355279
27861,3355432,7,3355439
27862,3355556,24,3355580
27863,3355627,100,3355727
27864,3355737,16,3355753
27865,3355932,5,3355937
27866,3355986,10,3355996
27867,3356166,19,3356185
27868,3356221,6,3356227
27869,3356259,20,3356279
27870,3356409,28,3356437
27871,3356468,6,3356474
27872,3356507,62,3356569
27873,3356651,18,3356669
27874,3356731,2,3356733
27875,3356928,1,3356929
27876,3357101,10,3357111
27877,3357146,17,3357163
27878,3357183,38,3357221
27879,3357315,3,3357318
27880,3357508,7,3357515
27881,3357558,4,3357562
27882,3357617,19,3357636
27883,3357651,2,3357653
27884,3357750,7,3357757
27885,3357790,2,3357792
27886,3357819,8,3357827
27887,3357862,17,3357879
27888,3358001,26,3358027
27889,3358062,12,3358074
27890,3358086,2,3358088
27891,3358326,1,3358327
27892,3358343,88,3358431
27893,3358494,11,3358505
27894,3358553,5,3358558
27895,3358692,21,3358713
27896,3358763,83,3358846
27897,3358908,2,3358910
27898,3358952,2,3358954
27899,3359074,8,3359082
27900,3359102,99,3359201
27901,3359238,1,3359239
27902,3359439,21,3359460
27903,3359482,45,3359527
27904,3359553,13,3359566
27905,3359671,3,3359674
27906,3359692,59,3359751
27907,3359810,17,3359827
27908,3359876,40,3359916
27909,3359969,4,3359973
27910,3359993,18,3360011
27911,3360055,45,3360100
27912,3360259,78,3360337
27913,3360517,2,3360519
27914,3360655,1,3360656
27915,3360677,24,3360701
27916,3360728,46,3360774
27917,3360862,37,3360899
27918,3361016,13,3361029
27919,3361059,12,3361071
27920,3361165,3,3361168
27921,3361211,6,3361217
27922,3361349,8,3361357
27923,3361839,6,3361845
27924,3361987,23,3362010
27925,3362095,43,3362138
27926,3362192,4,3362196
27927,3362218,22,3362240
27928,3362496,3,3362499
27929,3362572,18,3362590
27930,3362741,17,3362758
27931,3362953,29,3362982
27932,3363056,21,3363077
27933,3363153,23,3363176
27934,3363184,39,3363223
27935,3363290,25,3363315
27936,3363337,8,3363345
27937,3363349,18,3363367
27938,3363583,16,3363599
27939,3363632,41,3363673
27940,3363982,18,3364000
27941,3364028,20,3364048
27942,3364135,6,3364141
27943,3364238,19,3364257
27944,3364504,4,3364508
27945,3364510,6,3364516
27946,3364578,10,3364588
27947,3364633,62,3364695
27948,3364880,14,3364894
27949,3365041,41,3365082
27950,3365349,5,3365354
27951,3365371,58,3365429
27952,3365441,36,3365477
27953,3365478,38,3365516
27954,3365554,10,3365564
27955,3365638,47,3365685
27956,3365703,9,3365712
27957,3365717,9,3365726
27958,3365757,9,3365766
27959,3365772,14,3365786
27960,3366036,1,3366037
27961,3366138,5,3366143
27962,3366282,13,3366295
27963,3366417,4,3366421
27964,3366490,88,3366578
27965,3366597,19,3366616
27966,3366699,40,3366739
27967,3366821,1,3366822
27968,3366840,41,3366881
27969,3366884,18,3366902
27970,3367057,14,3367071
27971,3367203,10,3367213
27972,3367268,10,3367278
27973,3367468,21,3367489
27974,3367588,44,3367632
27975,3367780,21,3367801
27976,3367972,57,3368029
27977,3368077,12,3368089
27978,3368170,6,3368176
27979,3368449,103,3368552
27980,3368712,4,3368716
27981,3368978,1,3368979
27982,3369068,17,3369085
27983,3369426,48,3369474
27984,3369622,2,3369624
27985,3369853,9,3369862
27986,3369908,9,3369917
27987,3369959,4,3369963
27988,3370099,27,3370126
27989,3370182,13,3370195
27990,3370297,12,3370309
27991,3370367,7,3370374
27992,3370437,4,3370441
27993,3370646,14,3370660
27994,3370674,24,3370698
27995,3370716,1,3370717
27996,3370900,17,3370917
27997,3371169,40,3371209
27998,3371240,29,3371269
27999,3371331,65,3371396
28000,3371401,1,3371402
28001,3371428,13,3371441
28002,3371637,22,3371659
28003,3371661,8,3371669
28004,3371720,1,3371721
28005,3371808,14,3371822
28006,3371872,18,3371890
28007,3371956,3,3371959
28008,3372036,75,3372111
28009,3372174,31,3372205
28010,3372286,2,3372288
28011,3372501,18,3372519
28012,3372560,7,3372567
28013,3372576,37,3372613
28014,3372689,5,3372694
28015,3372745,15,3372760
28016,3373154,3,3373157
28017,3373265,8,3373273
28018,3373283,39,3373322
28019,3373361,1,3373362
28020,3373393,63,3373456
28021,3373634,78,3373712
28022,3373782,1,3373783
28023,3373808,30,3373838
28024,3373865,42,3373907
28025,3373921,31,3373952
28026,3374009,106,3374115
28027,3374118,9,3374127
28028,3374371,1,3374372
28029,3374430,10,3374440
28030,3374508,4,3374512
28031,3374541,24,3374565
28032,3374669,32,3374701
28033,3374719,19,3374738
28034,3374972,20,3374992
28035,3375028,30,3375058
28036,3375152,3,3375155
28037,3375258,12,3375270
28038,3375375,26,3375401
28039,3375410,3,3375413
28040,3375418,28,3375446
28041,3375907,29,3375936
28042,3375939,16,3375955
28043,3375996,50,3376046
28044,3376185,3,3376188
28045,3376189,17,3376206
28046,3376296,37,3376333
28047,3376525,42,3376567
28048,3376667,22,3376689
28049,3377070,23,3377093
28050,3377123,37,3377160
28051,3377169,8,3377177
28052,3377287,11,3377298
28053,3377583,23,3377606
28054,3377640,14,3377654
28055,3377667,16,3377683
28056,3377695,35,3377730
28057,3377750,11,3377761
28058,3377771,17,3377788
28059,3378077,5,3378082
28060,3378148,26,3378174
28061,3378352,33,3378385
28062,3378661,22,3378683
28063,3378704,18,3378722
28064,3378786,54,3378840
28065,3378939,17,3378956
28066,3379402,17,3379419
28067,3379473,30,3379503
28068,3379585,23,3379608
28069,3379627,4,3379631
28070,3379667,23,3379690
28071,3379706,23,3379729
28072,3379805,17,3379822
28073,3379888,9,3379897
28074,3380082,22,3380104
28075,3380105,1,3380106
28076,3380108,40,3380148
28077,3380187,6,3380193
28078,3380239,25,3380264
28079,3380309,31,3380340
28080,3380381,1,3380382
28081,3380440,6,3380446
28082,3380473,36,3380509
28083,3380596,38,3380634
28084,3380735,9,3380744
28085,3380854,35,3380889
28086,3381141,51,3381192
28087,3381198,32,3381230
28088,3381292,14,3381306
28089,3381658,21,3381679
28090,3381893,29,3381922
28091,3382154,15,3382169
28092,3382180,14,3382194
28093,3382809,26,3382835
28094,3382944,26,3382970
28095,3383227,23,3383250
28096,3383375,1,3383376
28097,3383556,28,3383584
28098,3383645,36,3383681
28099,3383683,54,3383737
28100,3383877,22,3383899
28101,3383931,2,3383933
28102,3383998,26,3384024
28103,3384151,19,3384170
28104,3384176,26,3384202
28105,3384203,6,3384209
28106,3384245,38,3384283
28107,3384284,16,3384300
28108,3384372,20,3384392
28109,3384590,27,3384617
28110,3384841,6,3384847
28111,3385041,21,3385062
28112,3385124,22,3385146
28113,3385156,7,3385163
28114,3385165,14,3385179
28115,3385186,26,3385212
28116,3385229,6,3385235
28117,3385352,6,3385358
28118,3385381,18,3385399
28119,3385528,12,3385540
28120,3385616,20,3385636
28121,3385714,2,3385716
28122,3385822,55,3385877
28123,3385879,1,3385880
28124,3385933,6,3385939
28125,3385991,32,3386023
28126,3386119,8,3386127
28127,3386358,40,3386398
28128,3386525,10,3386535
28129,3386577,2,3386579
28130,3386834,45,3386879
28131,3387092,5,3387097
28132,3387293,22,3387315
28133,3387320,21,3387341
28134,3387618,58,3387676
28135,3387936,18,3387954
28136,3387993,15,3388008
28137,3388157,13,3388170
28138,3388259,2,3388261
28139,3388646,5,3388651
28140,3388669,6,3388675
28141,3389010,24,3389034
28142,3389091,13,3389104
28143,3389113,9,3389122
28144,3389647,28,3389675
28145,3389760,30,3389790
28146,3389795,3,3389798
28147,3389825,22,3389847
28148,3389852,8,3389860
28149,3389909,12,3389921
28150,3389984,9,3389993
28151,3390481,26,3390507
28152,3390622,4,3390626
28153,3390944,13,3390957
28154,3390978,23,3391001
28155,3391007,17,3391024
28156,3391131,6,3391137
28157,3391169,7,3391176
28158,3391213,72,3391285
28159,3391355,17,3391372
28160,3391402,3,3391405
28161,3391437,39,3391476
28162,3391708,20,3391728
28163,3391840,44,3391884
28164,3392011,18,3392029
28165,3392033,51,3392084
28166,3392194,35,3392229
28167,3392469,10,3392479
28168,3392483,36,3392519
28169,3392654,4,3392658
28170,3392722,8,3392730
28171,3392762,21,3392783
28172,3392834,14,3392848
28173,3393135,10,3393145
28174,3393207,6,3393213
28175,3393244,6,3393250
28176,3393406,3,3393409
28177,3393442,18,3393460
28178,3393642,8,3393650
28179,3393671,16,3393687
28180,3393918,7,3393925
28181,3394337,56,3394393
28182,3394531,17,3394548
28183,3394594,7,3394601
28184,3394614,6,3394620
28185,3394730,2,3394732
28186,3394766,10,3394776
28187,3394846,11,3394857
28188,3395133,11,3395144
28189,3395173,13,3395186
28190,3395477,15,3395492
28191,3395774,4,3395778
28192,3395935,43,3395978
28193,3396327,2,3396329
28194,3396331,17,3396348
28195,3396586,15,3396601
28196,3396640,7,3396647
28197,3396674,15,3396689
28198,3396796,58,3396854
28199,3396881,6,3396887
28200,3397017,9,3397026
28201,3397071,11,3397082
28202,3397139,3,3397142
28203,3397151,15,3397166
28204,3397178,6,3397184
28205,3397320,60,3397380
28206,3397481,84,3397565
28207,3397579,11,3397590
28208,3397765,58,3397823
28209,3397829,13,3397842
28210,3398032,19,3398051
28211,3398079,9,3398088
28212,3398709,35,3398744
28213,3398827,18,3398845
28214,3398898,7,3398905
28215,3398923,5,3398928
28216,3398947,2,3398949
28217,3398963,5,3398968
28218,3398987,12,3398999
28219,3399211,4,3399215
28220,3399315,43,3399358
28221,3399404,21,3399425
28222,3399544,17,3399561
28223,3399566,10,3399576
28224,3399598,10,3399608
28225,3399661,5,3399666
28226,3399746,6,3399752
28227,3400001,35,3400036
28228,3400041,20,3400061
28229,3400116,27,3400143
28230,3400358,1,3400359
28231,3400670,35,3400705
28232,3400760,16,3400776
28233,3401039,62,3401101
28234,3401130,32,3401162
28235,3401293,2,3401295
28236,3401363,2,3401365
28237,3401447,13,3401460
28238,3401785,31,3401816
28239,3401847,32,3401879
28240,3402064,14,3402078
28241,3402593,16,3402609
28242,3402661,2,3402663
28243,3402688,25,3402713
28244,3402850,18,3402868
28245,3402924,27,3402951
28246,3403054,12,3403066
28247,3403114,13,3403127
28248,3403150,46,3403196
28249,3403226,4,3403230
28250,3403353,4,3403357
28251,3403439,16,3403455
28252,3403549,17,3403566
28253,3403596,8,3403604
28254,3403638,28,3403666
28255,3403764,73,3403837
28256,3403875,2,3403877
28257,3404262,51,3404313
28258,3404355,19,3404374
28259,3404551,17,3404568
28260,3404647,4,3404651
28261,3404653,6,3404659
28262,3404920,16,3404936
28263,3404959,11,3404970
28264,3405006,37,3405043
28265,3405122,1,3405123
28266,3405250,15,3405265
28267,3405333,28,3405361
28268,3405376,35,3405411
28269,3405756,19,3405775
28270,3405855,55,3405910
28271,3406201,1,3406202
28272,3406212,13,3406225
28273,3406429,2,3406431
28274,3406457,3,3406460
28275,3406528,14,3406542
28276,3406561,1,3406562
28277,3406634,3,3406637
28278,3406820,26,3406846
28279,3406950,6,3406956
28280,3407234,2,3407236
28281,3407251,23,3407274
28282,3407305,80,3407385
28283,3407410,10,3407420
28284,3407446,7,3407453
28285,3407632,10,3407642
28286,3407671,3,3407674
28287,3407782,9,3407791
28288,3407938,20,3407958
28289,3407980,4,3407984
28290,3408137,31,3408168
28291,3408335,17,3408352
28292,3408452,49,3408501
28293,3408571,18,3408589
28294,3408592,16,3408608
28295,3408720,46,3408766
28296,3408816,23,3408839
28297,3408883,26,3408909
28298,3408968,4,3408972
28299,3409040,28,3409068
28300,3409410,61,3409471
28301,3409680,2,3409682
28302,3409732,2,3409734
28303,3409754,14,3409768
28304,3409831,21,3409852
28305,3409930,30,3409960
28306,3410320,37,3410357
28307,3410440,2,3410442
28308,3410615,10,3410625
28309,3410654,33,3410687
28310,3410779,22,3410801
28311,3410895,3,3410898
28312,3411238,33,3411271
28313,3411633,9,3411642
28314,3411687,13,3411700
28315,3411712,8,3411720
28316,3411727,32,3411759
28317,3411935,13,3411948
28318,3412064,6,3412070
28319,3412273,20,3412293
28320,3412311,1,3412312
28321,3412406,25,3412431
28322,3412450,2,3412452
28323,3412547,43,3412590
28324,3412650,4,3412654
28325,3412696,30,3412726
28326,3412854,91,3412945
28327,3412953,10,3412963
28328,3413017,17,3413034
28329,3413113,46,3413159
28330,3413308,12,3413320
28331,3413403,6,3413409
28332,3413432,44,3413476
28333,3413498,18,3413516
28334,3413538,15,3413553
28335,3413586,22,3413608
28336,3413685,1,3413686
28337,3413721,34,3413755
28338,3413769,6,3413775
28339,3413826,5,3413831
28340,3414275,2,3414277
28341,3414378,9,3414387
28342,3414473,8,3414481
28343,3414721,2,3414723
28344,3414817,18,3414835
28345,3414888,5,3414893
28346,3414919,6,3414925
28347,3415053,51,3415104
28348,3415195,9,3415204
28349,3415325,17,3415342
28350,3415386,17,3415403
28351,3415455,1,3415456
28352,3415466,46,3415512
28353,3415753,4,3415757
28354,3415792,39,3415831
28355,3415901,18,3415919
28356,3415984,5,3415989
28357,3416121,1,3416122
28358,3416129,22,3416151
28359,3416161,27,3416188
28360,3416321,7,3416328
28361,3416346,12,3416358
28362,3416414,18,3416432
28363,3416587,20,3416607
28364,3416800,21,3416821
28365,3416860,5,3416865
28366,3417254,9,3417263
28367,3417366,9,3417375
28368,3417432,6,3417438
28369,3417698,11,3417709
28370,3417717,9,3417726
28371,3417781,15,3417796
28372,3417828,2,3417830
28373,3417958,29,3417987
28374,3418004,6,3418010
28375,3418035,22,3418057
28376,3418189,1,3418190
28377,3418232,5,3418237
28378,3418470,29,3418499
28379,3418523,54,3418577
28380,3418619,2,3418621
28381,3418635,40,3418675
28382,3418867,2,3418869
28383,3418873,3,3418876
28384,3418949,20,3418969
28385,3418985,5,3418990
28386,3418996,7,3419003
28387,3419129,9,3419138
28388,3419210,20,3419230
28389,3419364,8,3419372
28390,3419466,9,3419475
28391,3419548,4,3419552
28392,3419612,8,3419620
28393,3419692,29,3419721
28394,3419760,66,3419826
28395,3420070,2,3420072
28396,3420096,2,3420098
28397,3420191,6,3420197
28398,3420308,4,3420312
28399,3420412,35,3420447
28400,3420534,47,3420581
28401,3420619,2,3420621
28402,3420994,2,3420996
28403,3421220,10,3421230
28404,3421286,27,3421313
28405,3421333,33,3421366
28406,3421504,19,3421523
28407,3421723,21,3421744
28408,3421886,25,3421911
28409,3422009,20,3422029
28410,3422153,34,3422187
28411,3422236,9,3422245
28412,3422300,2,3422302
28413,3422423,23,3422446
28414,3423140,43,3423183
28415,3423264,14,3423278
28416,3423290,8,3423298
28417,3423414,14,3423428
28418,3423442,14,3423456
28419,3423572,11,3423583
28420,3423611,34,3423645
28421,3423800,7,3423807
28422,3423893,2,3423895
28423,3424182,25,3424207
28424,3424443,11,3424454
28425,3424669,52,3424721
28426,3424797,12,3424809
28427,3424878,33,3424911
28428,3424925,38,3424963
28429,3425021,20,3425041
28430,3425153,30,3425183
28431,3425264,14,3425278
28432,3425281,14,3425295
28433,3425301,21,3425322
28434,3425327,25,3425352
28435,3425486,11,3425497
28436,3425731,16,3425747
28437,3426122,34,3426156
28438,3426188,2,3426190
28439,3426249,14,3426263
28440,3426303,42,3426345
28441,3426361,9,3426370
28442,3426697,38,3426735
28443,3426821,4,3426825
28444,3426937,31,3426968
28445,3427177,3,3427180
28446,3427461,21,3427482
28447,3427930,37,3427967
28448,3428171,38,3428209
28449,3428230,11,3428241
28450,3428243,11,3428254
28451,3428423,15,3428438
28452,3428439,6,3428445
28453,3428456,98,3428554
28454,3428721,75,3428796
28455,3428806,25,3428831
28456,3428869,1,3428870
28457,3428944,3,3428947
28458,3429240,7,3429247
28459,3429392,17,3429409
28460,3429691,16,3429707
28461,3429806,41,3429847
28462,3429944,14,3429958
28463,3430018,15,3430033
28464,3430577,68,3430645
28465,3430804,5,3430809
28466,3430894,5,3430899
28467,3430903,12,3430915
28468,3431188,1,3431189
28469,3431218,11,3431229
28470,3431269,32,3431301
28471,3431439,17,3431456
28472,3431530,16,3431546
28473,3431561,7,3431568
28474,3432087,41,3432128
28475,3432183,19,3432202
28476,3432203,22,3432225
28477,3432234,14,3432248
28478,3432341,16,3432357
28479,3432392,11,3432403
28480,3432478,30,3432508
28481,3432526,6,3432532
28482,3432619,16,3432635
28483,3432666,23,3432689
28484,3432734,14,3432748
28485,3432780,12,3432792
28486,3432856,1,3432857
28487,3432883,1,3432884
28488,3433033,5,3433038
28489,3433437,18,3433455
28490,3433581,11,3433592
28491,3433722,43,3433765
28492,3433775,7,3433782
28493,3433952,42,3433994
28494,3434006,4,3434010
28495,3434091,34,3434125
28496,3434335,18,3434353
28497,3434364,49,3434413
28498,3434434,1,3434435
28499,3434840,36,3434876
28500,3435021,7,3435028
28501,3435253,19,3435272
28502,3435321,31,3435352
28503,3435381,38,3435419
28504,3435534,11,3435545
28505,3435572,20,3435592
28506,3435596,23,3435619
28507,3435954,63,3436017
28508,3436070,47,3436117
28509,3436172,6,3436178
28510,3436249,1,3436250
28511,3436409,13,3436422
28512,3436495,7,3436502
28513,3436507,48,3436555
28514,3436684,27,3436711
28515,3436714,23,3436737
28516,3436831,12,3436843
28517,3436887,39,3436926
28518,3436995,47,3437042
28519,3437242,24,3437266
28520,3437543,50,3437593
28521,3437761,7,3437768
28522,3437852,8,3437860
28523,3438187,23,3438210
28524,3438364,12,3438376
28525,3438556,56,3438612
28526,3438903,20,3438923
28527,3438980,18,3438998
28528,3439059,22,3439081
28529,3439089,30,3439119
28530,3439133,8,3439141
28531,3439170,5,3439175
28532,3439246,9,3439255
28533,3439370,38,3439408
28534,3439413,29,3439442
28535,3439711,3,3439714
28536,3439730,8,3439738
28537,3439970,4,3439974
28538,3440080,42,3440122
28539,3440131,12,3440143
28540,3440145,14,3440159
28541,3440277,6,3440283
28542,3440298,12,3440310
28543,3440322,36,3440358
28544,3440470,7,3440477
28545,3440724,4,3440728
28546,3440755,21,3440776
28547,3440836,14,3440850
28548,3440993,22,3441015
28549,3441159,4,3441163
28550,3441317,17,3441334
28551,3441431,35,3441466
28552,3441537,3,3441540
28553,3441772,29,3441801
28554,3442125,44,3442169
28555,3442335,3,3442338
28556,3442644,33,3442677
28557,3442739,17,3442756
28558,3442851,35,3442886
28559,3443045,15,3443060
28560,3443242,17,3443259
28561,3443689,49,3443738
28562,3443787,54,3443841
28563,3443861,20,3443881
28564,3443952,6,3443958
28565,3444194,9,3444203
28566,3444216,19,3444235
28567,3444352,67,3444419
28568,3444480,43,3444523
28569,3444541,2,3444543
28570,3444599,2,3444601
28571,3444628,2,3444630
28572,3444669,11,3444680
28573,3444683,31,3444714
28574,3444787,48,3444835
28575,3444900,20,3444920
28576,3444925,11,3444936
28577,3445024,10,3445034
28578,3445043,15,3445058
28579,3445172,1,3445173
28580,3445176,3,3445179
28581,3445263,71,3445334
28582,3445414,3,3445417
28583,3445432,27,3445459
28584,3445494,22,3445516
28585,3445602,12,3445614
28586,3445799,74,3445873
28587,3445890,8,3445898
28588,3445961,6,3445967
28589,3446096,64,3446160
28590,3446179,41,3446220
28591,3446288,8,3446296
28592,3446346,1,3446347
28593,3446410,7,3446417
28594,3446492,5,3446497
28595,3446563,8,3446571
28596,3446611,18,3446629
28597,3446696,12,3446708
28598,3446723,22,3446745
28599,3446858,22,3446880
28600,3446925,18,3446943
28601,3447119,4,3447123
28602,3447134,31,3447165
28603,3447250,38,3447288
28604,3447451,4,3447455
28605,3447570,14,3447584
28606,3447824,4,3447828
28607,3448065,102,3448167
28608,3448195,17,3448212
28609,3448296,53,3448349
28610,3448510,34,3448544
28611,3448596,9,3448605
28612,3448665,32,3448697
28613,3449001,12,3449013
28614,3449173,3,3449176
28615,3449268,78,3449346
28616,3449524,11,3449535
28617,3449805,54,3449859
28618,3450081,10,3450091
28619,3450106,3,3450109
28620,3450153,1,3450154
28621,3450495,7,3450502
28622,3450614,17,3450631
28623,3450810,32,3450842
28624,3450894,8,3450902
28625,3450968,21,3450989
28626,3451035,16,3451051
28627,3451093,26,3451119
28628,3451120,9,3451129
28629,3451473,16,3451489
28630,3451671,2,3451673
28631,3451787,18,3451805
28632,3451889,1,3451890
28633,3451935,4,3451939
28634,3452077,7,3452084
28635,3452123,2,3452125
28636,3452141,18,3452159
28637,3452213,23,3452236
28638,3452240,2,3452242
28639,3452321,29,3452350
28640,3452359,6,3452365
28641,3452404,5,3452409
28642,3452574,11,3452585
28643,3452588,39,3452627
28644,3452638,16,3452654
28645,3452872,15,3452887
28646,3452899,3,3452902
28647,3452923,57,3452980
28648,3453098,4,3453102
28649,3453323,1,3453324
28650,3453388,54,3453442
28651,3453443,20,3453463
28652,3453481,82,3453563
28653,3453617,9,3453626
28654,3453640,12,3453652
28655,3453724,4,3453728
28656,3453738,24,3453762
28657,3453787,2,3453789
28658,3453826,21,3453847
28659,3453866,48,3453914
28660,3454007,39,3454046
28661,3454119,7,3454126
28662,3454297,23,3454320
28663,3454462,15,3454477
28664,3454577,3,3454580
28665,3454610,8,3454618
28666,3454663,16,3454679
28667,3454684,1,3454685
28668,3454758,25,3454783
28669,3454790,2,3454792
28670,3454808,9,3454817
28671,3454984,29,3455013
28672,3455082,2,3455084
28673,3455294,1,3455295
28674,3455301,33,3455334
28675,3455512,35,3455547
28676,3455550,5,3455555
28677,3455767,10,3455777
28678,3456089,23,3456112
28679,3456113,2,3456115
28680,3456183,9,3456192
28681,3456319,27,3456346
28682,3456427,43,3456470
28683,3456496,25,3456521
28684,3456659,9,3456668
28685,3456796,9,3456805
28686,3456888,40,3456928
28687,3457034,4,3457038
28688,3457359,55,3457414
28689,3457490,14,3457504
28690,3457606,2,3457608
28691,3457681,23,3457704
28692,3457741,2,3457743
28693,3457917,7,3457924
28694,3457947,21,3457968
28695,3457973,41,3458014
28696,3458160,75,3458235
28697,3458313,8,3458321
28698,3458336,9,3458345
28699,3458354,15,3458369
28700,3458428,14,3458442
28701,3458457,23,3458480
28702,3458725,10,3458735
28703,3458829,4,3458833
28704,3459360,59,3459419
28705,3459427,19,3459446
28706,3459460,14,3459474
28707,3459530,20,3459550
28708,3460055,5,3460060
28709,3460221,34,3460255
28710,3460323,21,3460344
28711,3460352,7,3460359
28712,3460444,16,3460460
28713,3460594,8,3460602
28714,3461002,16,3461018
28715,3461194,74,3461268
28716,3461461,23,3461484
28717,3461494,16,3461510
28718,3461544,41,3461585
28719,3461774,38,3461812
28720,3461891,4,3461895
28721,3461965,8,3461973
28722,3462109,55,3462164
28723,3462243,29,3462272
28724,3462320,26,3462346
28725,3462404,2,3462406
28726,3462444,3,3462447
28727,3462496,7,3462503
28728,3462540,9,3462549
28729,3462648,25,3462673
28730,3462850,6,3462856
28731,3463099,11,3463110
28732,3463165,11,3463176
28733,3463179,1,3463180
28734,3463193,24,3463217
28735,3463288,6,3463294
28736,3463340,13,3463353
28737,3463571,28,3463599
28738,3463707,13,3463720
28739,3463762,65,3463827
28740,3463989,3,3463992
28741,3464072,29,3464101
28742,3464149,81,3464230
28743,3464429,4,3464433
28744,3464521,18,3464539
28745,3464556,20,3464576
28746,3464597,11,3464608
28747,3464815,23,3464838
28748,3465031,7,3465038
28749,3465121,41,3465162
28750,3465251,28,3465279
28751,3465422,4,3465426
28752,3465473,10,3465483
28753,3465501,2,3465503
28754,3465796,62,3465858
28755,3465920,74,3465994
28756,3465999,15,3466014
28757,3466307,26,3466333
28758,3466363,11,3466374
28759,3466454,2,3466456
28760,3466506,20,3466526
28761,3466533,35,3466568
28762,3466615,7,3466622
28763,3466704,8,3466712
28764,3466845,9,3466854
28765,3466901,40,3466941
28766,3467163,20,3467183
28767,3467205,32,3467237
28768,3467357,10,3467367
28769,3467441,33,3467474
28770,3467513,32,3467545
28771,3467627,43,3467670
28772,3467714,6,3467720
28773,3467850,65,3467915
28774,3468078,56,3468134
28775,3468363,1,3468364
28776,3468523,8,3468531
28777,3468728,51,3468779
28778,3468805,10,3468815
28779,3469025,24,3469049
28780,3469119,6,3469125
28781,3469508,31,3469539
28782,3469553,3,3469556
28783,3469649,4,3469653
28784,3469662,2,3469664
28785,3469865,17,3469882
28786,3469902,20,3469922
28787,3470051,5,3470056
28788,3470244,39,3470283
28789,3470656,5,3470661
28790,3470680,10,3470690
28791,3470718,20,3470738
28792,3470747,7,3470754
28793,3470843,2,3470845
28794,3470880,7,3470887
28795,3470969,118,3471087
28796,3471092,1,3471093
28797,3471158,3,3471161
28798,3471213,32,3471245
28799,3471337,9,3471346
28800,3471372,10,3471382
28801,3471431,17,3471448
28802,3471482,10,3471492
28803,3471559,8,3471567
28804,3471569,8,3471577
28805,3471698,38,3471736
28806,3471850,19,3471869
28807,3471909,29,3471938
28808,3471955,4,3471959
28809,3472006,4,3472010
28810,3472038,17,3472055
28811,3472078,13,3472091
28812,3472597,24,3472621
28813,3472702,1,3472703
28814,3472846,2,3472848
28815,3473050,17,3473067
28816,3473114,15,3473129
28817,3473215,68,3473283
28818,3473674,13,3473687
28819,3473868,29,3473897
28820,3473971,31,3474002
28821,3474050,2,3474052
28822,3474130,6,3474136
28823,3474223,3,3474226
28824,3474379,24,3474403
28825,3474694,16,3474710
28826,3474781,33,3474814
28827,3475062,35,3475097
28828,3475126,3,3475129
28829,3475240,58,3475298
28830,3475420,3,3475423
28831,3475501,5,3475506
28832,3475782,9,3475791
28833,3475846,15,3475861
28834,3476103,6,3476109
28835,3476219,11,3476230
28836,3476240,29,3476269
28837,3476299,33,3476332
28838,3476441,5,3476446
28839,3476516,30,3476546
28840,3476674,35,3476709
28841,3476764,20,3476784
28842,3476810,34,3476844
28843,3476899,45,3476944
28844,3476969,3,3476972
28845,3477040,43,3477083
28846,3477241,70,3477311
28847,3477515,1,3477516
28848,3477915,32,3477947
28849,3477950,33,3477983
28850,3478281,15,3478296
28851,3478480,9,3478489
28852,3478539,24,3478563
28853,3478572,43,3478615
28854,3478622,47,3478669
28855,3478954,28,3478982
28856,3479018,16,3479034
28857,3479478,24,3479502
28858,3479702,8,3479710
28859,3479808,3,3479811
28860,3479910,90,3480000
28861,3480040,13,3480053
28862,3480133,13,3480146
28863,3480158,12,3480170
28864,3480171,7,3480178
28865,3480246,23,3480269
28866,3480296,5,3480301
28867,3480307,13,3480320
28868,3480765,43,3480808
28869,3480917,1,3480918
28870,3481029,98,3481127
28871,3481346,59,3481405
28872,3481550,8,3481558
28873,3481619,24,3481643
28874,3481669,1,3481670
28875,3481885,24,3481909
28876,3481945,18,3481963
28877,3482122,39,3482161
28878,3482334,34,3482368
28879,3482954,28,3482982
28880,3483009,22,3483031
28881,3483091,34,3483125
28882,3483268,22,3483290
28883,3483343,6,3483349
28884,3483464,9,3483473
28885,3483518,20,3483538
28886,3483826,15,3483841
28887,3483878,21,3483899
28888,3483933,37,3483970
28889,3484071,6,3484077
28890,3484231,15,3484246
28891,3484405,11,3484416
28892,3484417,1,3484418
28893,3484438,7,3484445
28894,3484475,34,3484509
28895,3484631,32,3484663
28896,3484684,2,3484686
28897,3484693,6,3484699
28898,3484771,15,3484786
28899,3484904,8,3484912
28900,3485344,15,3485359
28901,3485379,16,3485395
28902,3485478,66,3485544
28903,3485676,3,3485679
28904,3485729,10,3485739
28905,3485744,5,3485749
28906,3485823,7,3485830
28907,3486054,2,3486056
28908,3486061,73,3486134
28909,3486198,54,3486252
28910,3486283,37,3486320
28911,3486364,43,3486407
28912,3486595,13,3486608
28913,3486678,12,3486690
28914,3486695,5,3486700
28915,3486944,11,3486955
28916,3486982,7,3486989
28917,3487520,4,3487524
28918,3487654,7,3487661
28919,3487771,63,3487834
28920,3488050,48,3488098
28921,3488291,21,3488312
28922,3488348,23,3488371
28923,3488391,1,3488392
28924,3488460,16,3488476
28925,3488488,2,3488490
28926,3488933,31,3488964
28927,3489081,25,3489106
28928,3489198,7,3489205
28929,3489238,13,3489251
28930,3489305,3,3489308
28931,3489385,2,3489387
28932,3489431,18,3489449
28933,3489525,32,3489557
28934,3489565,8,3489573
28935,3489620,4,3489624
28936,3489677,12,3489689
28937,3489706,12,3489718
28938,3489843,12,3489855
28939,3489899,8,3489907
28940,3489928,22,3489950
28941,3490100,41,3490141
28942,3490184,5,3490189
28943,3490228,2,3490230
28944,3490532,5,3490537
28945,3490612,9,3490621
28946,3490777,12,3490789
28947,3490824,8,3490832
28948,3490858,4,3490862
28949,3490915,2,3490917
28950,3490918,4,3490922
28951,3491066,30,3491096
28952,3491098,18,3491116
28953,3491265,19,3491284
28954,3491403,6,3491409
28955,3491422,25,3491447
28956,3491954,51,3492005
28957,3492050,5,3492055
28958,3492121,16,3492137
28959,3492231,12,3492243
28960,3492254,20,3492274
28961,3492276,16,3492292
28962,3492383,5,3492388
28963,3492452,2,3492454
28964,3492482,5,3492487
28965,3492507,27,3492534
28966,3492785,65,3492850
28967,3492935,15,3492950
28968,3493223,14,3493237
28969,3493257,38,3493295
28970,3493297,12,3493309
28971,3493334,7,3493341
28972,3493446,68,3493514
28973,3493529,18,3493547
28974,3493951,22,3493973
28975,3494187,6,3494193
28976,3494220,18,3494238
28977,3494261,6,3494267
28978,3494275,22,3494297
28979,3494548,1,3494549
28980,3494550,41,3494591
28981,3494617,17,3494634
28982,3494702,4,3494706
28983,3494763,16,3494779
28984,3494787,9,3494796
28985,3494800,14,3494814
28986,3494839,26,3494865
28987,3494938,9,3494947
28988,3495118,7,3495125
28989,3495297,66,3495363
28990,3495614,2,3495616
28991,3495808,26,3495834
28992,3495852,8,3495860
28993,3496040,5,3496045
28994,3496067,3,3496070
28995,3496082,11,3496093
28996,3496528,7,3496535
28997,3496553,38,3496591
28998,3496720,45,3496765
28999,3496937,6,3496943
29000,3496993,114,3497107
29001,3497115,2,3497117
29002,3497284,3,3497287
29003,3497482,23,3497505
29004,3497687,15,3497702
29005,3497726,1,3497727
29006,3497920,2,3497922
29007,3497955,16,3497971
29008,3498047,16,3498063
29009,3498119,13,3498132
29010,3498133,12,3498145
29011,3498232,69,3498301
29012,3498471,8,3498479
29013,3498510,5,3498515
29014,3498520,40,3498560
29015,3498772,19,3498791
29016,3498905,19,3498924
29017,3498976,25,3499001
29018,3499090,1,3499091
29019,3499113,3,3499116
29020,3499378,4,3499382
29021,3499451,24,3499475
29022,3499514,1,3499515
29023,3499761,10,3499771
29024,3500019,5,3500024
29025,3500051,22,3500073
29026,3500155,30,3500185
29027,3500217,15,3500232
29028,3500292,36,3500328
29029,3500350,22,3500372
29030,3500457,34,3500491
29031,3500534,92,3500626
29032,3500724,62,3500786
29033,3500954,2,3500956
29034,3501025,73,3501098
29035,3501622,17,3501639
29036,3501668,14,3501682
29037,3501728,12,3501740
29038,3501902,34,3501936
29039,3501937,18,3501955
29040,3501962,10,3501972
29041,3502040,15,3502055
29042,3502229,7,3502236
29043,3502337,5,3502342
29044,3502374,13,3502387
29045,3502531,4,3502535
29046,3502577,3,3502580
29047,3502659,33,3502692
29048,3502782,54,3502836
29049,3502914,4,3502918
29050,3502925,4,3502929
29051,3503385,10,3503395
29052,3503601,6,3503607
29053,3503629,18,3503647
29054,3503714,20,3503734
29055,3503876,29,3503905
29056,3504134,9,3504143
29057,3504215,2,3504217
29058,3504254,5,3504259
29059,3504297,6,3504303
29060,3504488,5,3504493
29061,3504797,27,3504824
29062,3504847,6,3504853
29063,3505044,12,3505056
29064,3505098,8,3505106
29065,3505125,3,3505128
29066,3505236,45,3505281
29067,3505335,12,3505347
29068,3505485,37,3505522
29069,3505802,17,3505819
29070,3505884,10,3505894
29071,3505917,4,3505921
29072,3505974,28,3506002
29073,3506152,47,3506199
29074,3506202,4,3506206
29075,3506588,7,3506595
29076,3506747,21,3506768
29077,3506777,8,3506785
29078,3506851,26,3506877
29079,3507006,44,3507050
29080,3507178,2,3507180
29081,3507349,53,3507402
29082,3507485,60,3507545
29083,3507593,34,3507627
29084,3507661,15,3507676
29085,3507736,14,3507750
29086,3507842,15,3507857
29087,3507912,39,3507951
29088,3508109,13,3508122
29089,3508160,24,3508184
29090,3508356,8,3508364
29091,3508426,1,3508427
29092,3508516,24,3508540
29093,3508598,7,3508605
29094,3508756,25,3508781
29095,3509002,18,3509020
29096,3509070,64,3509134
29097,3509258,58,3509316
29098,3509724,58,3509782
29099,3509960,47,3510007
29100,3510086,31,3510117
29101,3510140,7,3510147
29102,3510211,4,3510215
29103,3510263,10,3510273
29104,3510528,13,3510541
29105,3510663,1,3510664
29106,3510678,18,3510696
29107,3510713,8,3510721
29108,3510816,1,3510817
29109,3510933,3,3510936
29110,3511027,27,3511054
29111,3511075,22,3511097
29112,3511151,6,3511157
29113,3511253,13,3511266
29114,3511830,23,3511853
29115,3512156,33,3512189
29116,3512515,29,3512544
29117,3512566,1,3512567
29118,3512621,4,3512625
29119,3512713,24,3512737
29120,3512747,4,3512751
29121,3512781,7,3512788
29122,3512797,32,3512829
29123,3512940,31,3512971
29124,3512980,12,3512992
29125,3513043,5,3513048
29126,3513143,7,3513150
29127,3513174,26,3513200
29128,3513444,1,3513445
29129,3513555,49,3513604
29130,3513807,22,3513829
29131,3513851,39,3513890
29132,3513968,6,3513974
29133,3514084,16,3514100
29134,3514191,11,3514202
29135,3514260,26,3514286
29136,3514289,2,3514291
29137,3514336,20,3514356
29138,3514426,36,3514462
29139,3514464,3,3514467
29140,3514647,3,3514650
29141,3514706,33,3514739
29142,3515080,19,3515099
29143,3515136,23,3515159
29144,3515280,21,3515301
29145,3515312,54,3515366
29146,3515388,8,3515396
29147,3515411,13,3515424
29148,3515544,25,3515569
29149,3515786,25,3515811
29150,3515856,39,3515895
29151,3516126,27,3516153
29152,3516253,7,3516260
29153,3516321,12,3516333
29154,3516340,13,3516353
29155,3516413,28,3516441
29156,3516620,1,3516621
29157,3516625,22,3516647
29158,3516758,19,3516777
29159,3516991,5,3516996
29160,3517222,5,3517227
29161,3517384,51,3517435
29162,3517451,28,3517479
29163,3517550,39,3517589
29164,3517694,12,3517706
29165,3517862,55,3517917
29166,3517952,34,3517986
29167,3518062,41,3518103
29168,3518168,17,3518185
29169,3518192,17,3518209
29170,3518294,35,3518329
29171,3518642,13,3518655
29172,3519096,24,3519120
29173,3519146,6,3519152
29174,3519153,30,3519183
29175,3519348,1,3519349
29176,3519430,13,3519443
29177,3519514,9,3519523
29178,3519595,1,3519596
29179,3519695,7,3519702
29180,3519712,2,3519714
29181,3519743,35,3519778
29182,3519784,12,3519796
29183,3519897,7,3519904
29184,3519965,3,3519968
29185,3520134,23,3520157
29186,3520197,3,3520200
29187,3520485,36,3520521
29188,3520535,4,3520539
29189,3520569,2,3520571
29190,3520702,20,3520722
29191,3520725,51,3520776
29192,3520819,52,3520871
29193,3520899,25,3520924
29194,3521128,57,3521185
29195,3521188,13,3521201
29196,3521218,17,3521235
29197,3521277,68,3521345
29198,3521361,1,3521362
29199,3521401,8,3521409
29200,3521456,27,3521483
29201,3521779,27,3521806
29202,3521923,18,3521941
29203,3522209,36,3522245
29204,3522331,2,3522333
29205,3522394,4,3522398
29206,3522585,14,3522599
29207,3522603,23,3522626
29208,3522697,28,3522725
29209,3522856,1,3522857
29210,3522998,28,3523026
29211,3523203,55,3523258
29212,3523314,40,3523354
29213,3523388,1,3523389
29214,3523621,5,3523626
29215,3523633,8,3523641
29216,3523686,12,3523698
29217,3523706,46,3523752
29218,3523881,47,3523928
29219,3523974,3,3523977
29220,3524088,12,3524100
29221,3524136,4,3524140
29222,3524146,13,3524159
29223,3524229,32,3524261
29224,3524281,1,3524282
29225,3524336,19,3524355
29226,3524368,6,3524374
29227,3524741,13,3524754
29228,3524778,22,3524800
29229,3524880,32,3524912
29230,3524934,6,3524940
29231,3524968,21,3524989
29232,3525069,4,3525073
29233,3525110,40,3525150
29234,3525257,5,3525262
29235,3525314,12,3525326
29236,3525759,1,3525760
29237,3525786,15,3525801
29238,3525828,19,3525847
29239,3525956,1,3525957
29240,3526011,7,3526018
29241,3526040,96,3526136
29242,3526199,25,3526224
29243,3526346,50,3526396
29244,3526488,4,3526492
29245,3526598,4,3526602
29246,3526721,46,3526767
29247,3526821,18,3526839
29248,3526848,2,3526850
29249,3526879,15,3526894
29250,3526993,9,3527002
29251,3527017,52,3527069
29252,3527086,6,3527092
29253,3527146,17,3527163
29254,3527350,1,3527351
29255,3527415,10,3527425
29256,3527446,2,3527448
29257,3527453,30,3527483
29258,3527613,44,3527657
29259,3527681,15,3527696
29260,3527700,7,3527707
29261,3527718,22,3527740
29262,3527811,6,3527817
29263,3527861,16,3527877
29264,3528007,3,3528010
29265,3528257,22,3528279
29266,3528373,24,3528397
29267,3528399,16,3528415
29268,3528470,49,3528519
29269,3528540,20,3528560
29270,3528586,1,3528587
29271,3528699,24,3528723
29272,3528791,14,3528805
29273,3528831,3,3528834
29274,3528947,99,3529046
29275,3529158,41,3529199
29276,3529221,2,3529223
29277,3529233,74,3529307
29278,3529314,25,3529339
29279,3529365,35,3529400
29280,3529776,29,3529805
29281,3529808,18,3529826
29282,3529910,59,3529969
29283,3530057,37,3530094
29284,3530110,18,3530128
29285,3530181,34,3530215
29286,3530384,47,3530431
29287,3530591,8,3530599
29288,3531124,31,3531155
29289,3531260,6,3531266
29290,3531276,11,3531287
29291,3531298,27,3531325
29292,3531444,22,3531466
29293,3531735,30,3531765
29294,3531780,21,3531801
29295,3531807,6,3531813
29296,3531816,10,3531826
29297,3531988,1,3531989
29298,3532012,27,3532039
29299,3532088,10,3532098
29300,3532198,3,3532201
29301,3532217,2,3532219
29302,3532236,22,3532258
29303,3532282,43,3532325
29304,3532443,7,3532450
29305,3532526,4,3532530
29306,3532567,8,3532575
29307,3532783,4,3532787
29308,3532788,2,3532790
29309,3533167,6,3533173
29310,3533188,36,3533224
29311,3533325,8,3533333
29312,3533436,23,3533459
29313,3533590,20,3533610
29314,3533695,2,3533697
29315,3533739,9,3533748
29316,3533776,51,3533827
29317,3534094,2,3534096
29318,3534136,3,3534139
29319,3534151,2,3534153
29320,3534220,37,3534257
29321,3534449,49,3534498
29322,3534532,3,3534535
29323,3534692,2,3534694
29324,3534811,17,3534828
29325,3534854,8,3534862
29326,3535052,25,3535077
29327,3535173,7,3535180
29328,3535256,5,3535261
29329,3535313,19,3535332
29330,3535394,18,3535412
29331,3535490,10,3535500
29332,3535574,9,3535583
29333,3535810,33,3535843
29334,3535885,23,3535908
29335,3535958,1,3535959
29336,3535994,14,3536008
29337,3536117,15,3536132
29338,3536184,2,3536186
29339,3536244,4,3536248
29340,3536432,28,3536460
29341,3536530,19,3536549
29342,3536578,3,3536581
29343,3536618,9,3536627
29344,3536703,53,3536756
29345,3537197,9,3537206
29346,3537268,1,3537269
29347,3537277,14,3537291
29348,3537341,17,3537358
29349,3537359,4,3537363
29350,3537408,4,3537412
29351,3537514,26,3537540
29352,3537548,3,3537551
29353,3537618,4,3537622
29354,3537676,29,3537705
29355,3537839,66,3537905
29356,3538239,41,3538280
29357,3538334,4,3538338
29358,3538405,18,3538423
29359,3538541,29,3538570
29360,3538583,15,3538598
29361,3538609,40,3538649
29362,3538786,28,3538814
29363,3538983,23,3539006
29364,3539084,1,3539085
29365,3539212,2,3539214
29366,3539462,2,3539464
29367,3539572,3,3539575
29368,3539629,4,3539633
29369,3539795,5,3539800
29370,3539829,14,3539843
29371,3539844,13,3539857
29372,3539860,11,3539871
29373,3539917,4,3539921
29374,3540065,34,3540099
29375,3540154,40,3540194
29376,3540395,15,3540410
29377,3540503,2,3540505
29378,3540541,34,3540575
29379,3540832,2,3540834
29380,3540925,11,3540936
29381,3540942,9,3540951
29382,3541029,19,3541048
29383,3541266,4,3541270
29384,3541528,26,3541554
29385,3541657,24,3541681
29386,3541688,31,3541719
29387,3541826,17,3541843
29388,3541884,17,3541901
29389,3542208,3,3542211
29390,3542282,49,3542331
29391,3542561,1,3542562
29392,3542773,5,3542778
29393,3542968,6,3542974
29394,3543020,10,3543030
29395,3543033,6,3543039
29396,3543142,33,3543175
29397,3543200,1,3543201
29398,3543277,18,3543295
29399,3543363,8,3543371
29400,3543391,3,3543394
29401,3543580,27,3543607
29402,3543804,36,3543840
29403,3543855,13,3543868
29404,3544149,19,3544168
29405,3544248,27,3544275
29406,3544498,22,3544520
29407,3544612,11,3544623
29408,3544627,25,3544652
29409,3544775,6,3544781
29410,3545132,61,3545193
29411,3545583,29,3545612
29412,3545949,1,3545950
29413,3546148,25,3546173
29414,3546198,9,3546207
29415,3546466,13,3546479
29416,3546542,30,3546572
29417,3546639,43,3546682
29418,3546922,3,3546925
29419,3547080,22,3547102
29420,3547144,78,3547222
29421,3547297,9,3547306
29422,3547470,4,3547474
29423,3547564,18,3547582
29424,3547686,1,3547687
29425,3547787,25,3547812
29426,3548041,16,3548057
29427,3548242,4,3548246
29428,3548300,15,3548315
29429,3548384,28,3548412
29430,3548498,3,3548501
29431,3548571,65,3548636
29432,3548646,16,3548662
29433,3548748,2,3548750
29434,3548755,15,3548770
29435,3548857,38,3548895
29436,3549117,23,3549140
29437,3549210,11,3549221
29438,3549349,7,3549356
29439,3549359,59,3549418
29440,3549424,8,3549432
29441,3549492,4,3549496
29442,3549609,27,3549636
29443,3549861,14,3549875
29444,3549908,55,3549963
29445,3549968,11,3549979
29446,3550083,5,3550088
29447,3550237,10,3550247
29448,3550496,12,3550508
29449,3550719,3,3550722
29450,3550761,16,3550777
29451,3550907,84,3550991
29452,3551024,8,3551032
29453,3551094,7,3551101
29454,3551163,8,3551171
29455,3551280,6,3551286
29456,3551709,1,3551710
29457,3551772,24,3551796
29458,3551910,8,3551918
29459,3551956,3,3551959
29460,3552035,1,3552036
29461,3552099,25,3552124
29462,3552180,23,3552203
29463,3552253,43,3552296
29464,3552343,20,3552363
29465,3552513,5,3552518
29466,3553023,70,3553093
29467,3553132,33,3553165
29468,3553171,4,3553175
29469,3553226,4,3553230
29470,3553428,2,3553430
29471,3553626,7,3553633
29472,3553684,67,3553751
29473,3553854,3,3553857
29474,3553916,39,3553955
29475,3553973,17,3553990
29476,3554030,15,3554045
29477,3554132,12,3554144
29478,3554145,1,3554146
29479,3554308,19,3554327
29480,3554341,1,3554342
29481,3554472,48,3554520
29482,3554547,9,3554556
29483,3554613,5,3554618
29484,3554677,42,3554719
29485,3554780,7,3554787
29486,3554812,40,3554852
29487,3554886,37,3554923
29488,3554961,7,3554968
29489,3555395,86,3555481
29490,3555533,5,3555538
29491,3555582,10,3555592
29492,3555643,31,3555674
29493,3555715,13,3555728
29494,3555786,3,3555789
29495,3555868,17,3555885
29496,3556018,83,3556101
29497,3556156,5,3556161
29498,3556334,10,3556344
29499,3556459,2,3556461
29500,3556466,2,3556468
29501,3556782,11,3556793
29502,3556919,1,3556920
29503,3557003,24,3557027
29504,3557290,7,3557297
29505,3557306,5,3557311
29506,3557370,7,3557377
29507,3557548,73,3557621
29508,3557703,9,3557712
29509,3557846,10,3557856
29510,3557979,1,3557980
29511,3557992,53,3558045
29512,3558093,3,3558096
29513,3558248,35,3558283
29514,3558309,3,3558312
29515,3558319,38,3558357
29516,3558387,11,3558398
29517,3558453,1,3558454
29518,3558712,9,3558721
29519,3559001,11,3559012
29520,3559182,37,3559219
29521,3559229,10,3559239
29522,3559381,11,3559392
29523,3559534,14,3559548
29524,3559883,17,3559900
29525,3559967,35,3560002
29526,3560016,23,3560039
29527,3560162,16,3560178
29528,3560197,10,3560207
29529,3560548,18,3560566
29530,3560574,23,3560597
29531,3560616,13,3560629
29532,3560696,33,3560729
29533,3560846,52,3560898
29534,3561053,22,3561075
29535,3561247,12,3561259
29536,3561309,31,3561340
29537,3561472,4,3561476
29538,3561477,28,3561505
29539,3561507,28,3561535
29540,3561591,3,3561594
29541,3561618,24,3561642
29542,3561952,38,3561990
29543,3561997,28,3562025
29544,3562072,9,3562081
29545,3562097,5,3562102
29546,3562103,7,3562110
29547,3562147,7,3562154
29548,3562199,44,3562243
29549,3562275,10,3562285
29550,3562350,62,3562412
29551,3562427,2,3562429
29552,3563000,4,3563004
29553,3563070,43,3563113
29554,3563168,25,3563193
29555,3563241,3,3563244
29556,3563296,45,3563341
29557,3563373,18,3563391
29558,3563482,17,3563499
29559,3563664,26,3563690
29560,3563718,37,3563755
29561,3563766,2,3563768
29562,3563825,9,3563834
29563,3563845,7,3563852
29564,3563865,23,3563888
29565,3563920,2,3563922
29566,3563949,3,3563952
29567,3564176,1,3564177
29568,3564369,3,3564372
29569,3564501,6,3564507
29570,3564782,4,3564786
29571,3564856,54,3564910
29572,3565217,18,3565235
29573,3565252,27,3565279
29574,3565391,25,3565416
29575,3565681,30,3565711
29576,3565907,40,3565947
29577,3566115,4,3566119
29578,3566330,3,3566333
29579,3566338,73,3566411
29580,3566419,18,3566437
29581,3566523,8,3566531
29582,3566664,33,3566697
29583,3566783,4,3566787
29584,3566838,36,3566874
29585,3566955,42,3566997
29586,3567138,1,3567139
29587,3567223,35,3567258
29588,3567261,5,3567266
29589,3567437,34,3567471
29590,3567496,19,3567515
29591,3567708,1,3567709
29592,3567841,3,3567844
29593,3567965,8,3567973
29594,3567999,12,3568011
29595,3568048,3,3568051
29596,3568099,2,3568101
29597,3568604,12,3568616
29598,3568767,27,3568794
29599,3568804,10,3568814
29600,3568844,16,3568860
29601,3568984,15,3568999
29602,3569142,6,3569148
29603,3569183,45,3569228
29604,3569239,16,3569255
29605,3569287,10,3569297
29606,3569316,19,3569335
29607,3569459,37,3569496
29608,3569561,20,3569581
29609,3569802,47,3569849
29610,3569881,2,3569883
29611,3569919,10,3569929
29612,3569931,1,3569932
29613,3569980,6,3569986
29614,3570057,13,3570070
29615,3570359,26,3570385
29616,3570520,42,3570562
29617,3570630,6,3570636
29618,3570887,48,3570935
29619,3570965,1,3570966
29620,3571382,66,3571448
29621,3571731,9,3571740
29622,3571760,29,3571789
29623,3572080,3,3572083
29624,3572227,37,3572264
29625,3572270,3,3572273
29626,3572418,1,3572419
29627,3572462,9,3572471
29628,3572700,26,3572726
29629,3572818,2,3572820
29630,3572912,16,3572928
29631,3573018,24,3573042
29632,3573141,18,3573159
29633,3573204,1,3573205
29634,3573280,8,3573288
29635,3573488,22,3573510
29636,3573692,13,3573705
29637,3573742,5,3573747
29638,3574050,22,3574072
29639,3574173,8,3574181
29640,3574348,1,3574349
29641,3574471,10,3574481
29642,3574601,10,3574611
29643,3574675,31,3574706
29644,3574810,11,3574821
29645,3574885,12,3574897
29646,3574918,1,3574919
29647,3574940,7,3574947
29648,3575002,47,3575049
29649,3575183,69,3575252
29650,3575261,9,3575270
29651,3575322,41,3575363
29652,3575524,11,3575535
29653,3575580,179,3575759
29654,3575801,16,3575817
29655,3575889,30,3575919
29656,3576062,16,3576078
29657,3576081,40,3576121
29658,3576173,29,3576202
29659,3576299,4,3576303
29660,3576425,7,3576432
29661,3576580,47,3576627
29662,3576713,18,3576731
29663,3576983,3,3576986
29664,3577136,16,3577152
29665,3577291,79,3577370
29666,3577423,11,3577434
29667,3577600,6,3577606
29668,3577685,4,3577689
29669,3577753,77,3577830
29670,3577992,16,3578008
29671,3578061,24,3578085
29672,3578155,16,3578171
29673,3578195,3,3578198
29674,3578222,5,3578227
29675,3578277,10,3578287
29676,3578629,71,3578700
29677,3578789,6,3578795
29678,3578918,9,3578927
29679,3578964,58,3579022
29680,3579117,21,3579138
29681,3579197,45,3579242
29682,3579261,12,3579273
29683,3579345,19,3579364
29684,3579456,26,3579482
29685,3579490,8,3579498
29686,3579515,46,3579561
29687,3579582,28,3579610
29688,3579622,16,3579638
29689,3579691,4,3579695
29690,3579938,22,3579960
29691,3580034,3,3580037
29692,3580073,20,3580093
29693,3580112,33,3580145
29694,3580263,8,3580271
29695,3580490,16,3580506
29696,3580603,3,3580606
29697,3580640,21,3580661
29698,3580688,22,3580710
29699,3580978,92,3581070
29700,3581101,7,3581108
29701,3581119,12,3581131
29702,3581191,16,3581207
29703,3581229,32,3581261
29704,3581279,5,3581284
29705,3581285,10,3581295
29706,3581321,51,3581372
29707,3581411,21,3581432
29708,3581631,16,3581647
29709,3581745,5,3581750
29710,3581761,26,3581787
29711,3581969,2,3581971
29712,3581987,19,3582006
29713,3582120,7,3582127
29714,3582171,13,3582184
29715,3582237,1,3582238
29716,3582300,15,3582315
29717,3582526,49,3582575
29718,3582794,28,3582822
29719,3582896,14,3582910
29720,3582926,14,3582940
29721,3583015,17,3583032
29722,3583100,17,3583117
29723,3583137,12,3583149
29724,3583196,24,3583220
29725,3583242,13,3583255
29726,3583409,18,3583427
29727,3583431,4,3583435
29728,3583571,3,3583574
29729,3583624,17,3583641
29730,3583842,18,3583860
29731,3583907,11,3583918
29732,3584032,43,3584075
29733,3584149,8,3584157
29734,3584158,15,3584173
29735,3584205,1,3584206
29736,3584269,18,3584287
29737,3584532,3,3584535
29738,3584865,1,3584866
29739,3584878,26,3584904
29740,3584979,56,3585035
29741,3585110,7,3585117
29742,3585242,24,3585266
29743,3585293,23,3585316
29744,3585381,3,3585384
29745,3585568,26,3585594
29746,3585640,4,3585644
29747,3585706,19,3585725
29748,3585753,24,3585777
29749,3585793,28,3585821
29750,3585863,29,3585892
29751,3585931,7,3585938
29752,3585981,1,3585982
29753,3586045,17,3586062
29754,3586088,10,3586098
29755,3586108,45,3586153
29756,3586361,10,3586371
29757,3586426,39,3586465
29758,3586553,13,3586566
29759,3586686,41,3586727
29760,3587248,14,3587262
29761,3587285,14,3587299
29762,3587304,14,3587318
29763,3587351,10,3587361
29764,3587414,4,3587418
29765,3587502,44,3587546
29766,3587707,9,3587716
29767,3587835,1,3587836
29768,3587880,47,3587927
29769,3587931,26,3587957
29770,3587971,7,3587978
29771,3588041,30,3588071
29772,3588073,13,3588086
29773,3588102,13,3588115
29774,3588227,2,3588229
29775,3588247,15,3588262
29776,3588264,10,3588274
29777,3588327,2,3588329
29778,3588358,35,3588393
29779,3588418,18,3588436
29780,3588488,7,3588495
29781,3588561,1,3588562
29782,3588641,33,3588674
29783,3588739,19,3588758
29784,3588856,1,3588857
29785,3589247,5,3589252
29786,3589290,13,3589303
29787,3589320,13,3589333
29788,3589372,7,3589379
29789,3589431,6,3589437
29790,3589476,13,3589489
29791,3589585,5,3589590
29792,3589819,5,3589824
29793,3590124,53,3590177
29794,3590231,29,3590260
29795,3590371,27,3590398
29796,3590400,16,3590416
29797,3590421,2,3590423
29798,3590445,17,3590462
29799,3590489,23,3590512
29800,3590660,46,3590706
29801,3590792,14,3590806
29802,3590842,6,3590848
29803,3591011,19,3591030
29804,3591043,6,3591049
29805,3591112,38,3591150
29806,3591226,7,3591233
29807,3591273,20,3591293
29808,3591354,12,3591366
29809,3591402,16,3591418
29810,3591505,64,3591569
29811,3591652,29,3591681
29812,3591759,18,3591777
29813,3591798,18,3591816
29814,3591897,26,3591923
29815,3592004,55,3592059
29816,3592115,2,3592117
29817,3592574,80,3592654
29818,3592743,65,3592808
29819,3592816,33,3592849
29820,3593140,15,3593155
29821,3593240,27,3593267
29822,3593360,13,3593373
29823,3593466,13,3593479
29824,3593533,20,3593553
29825,3593616,4,3593620
29826,3593687,6,3593693
29827,3593962,5,3593967
29828,3594108,75,3594183
29829,3594196,13,3594209
29830,3594217,8,3594225
29831,3594501,45,3594546
29832,3594639,8,3594647
29833,3594694,46,3594740
29834,3594761,18,3594779
29835,3594796,28,3594824
29836,3594840,10,3594850
29837,3594934,11,3594945
29838,3594952,25,3594977
29839,3595112,63,3595175
29840,3595258,4,3595262
29841,3595395,12,3595407
29842,3595655,14,3595669
29843,3595673,7,3595680
29844,3595808,32,3595840
29845,3595867,7,3595874
29846,3595937,6,3595943
29847,3596035,15,3596050
29848,3596099,3,3596102
29849,3596108,29,3596137
29850,3596139,4,3596143
29851,3596245,36,3596281
29852,3596322,9,3596331
29853,3596403,6,3596409
29854,3596684,3,3596687
29855,3597070,31,3597101
29856,3597305,13,3597318
29857,3597329,2,3597331
29858,3597791,17,3597808
29859,3597950,16,3597966
29860,3597992,12,3598004
29861,3598072,12,3598084
29862,3598093,1,3598094
29863,3598129,17,3598146
29864,3598485,4,3598489
29865,3598511,5,3598516
29866,3598654,48,3598702
29867,3598906,2,3598908
29868,3599124,46,3599170
29869,3599288,22,3599310
29870,3599315,2,3599317
29871,3599433,6,3599439
29872,3599860,5,3599865
29873,3599976,9,3599985
29874,3600053,37,3600090
29875,3600124,28,3600152
29876,3600223,1,3600224
29877,3600348,25,3600373
29878,3600379,30,3600409
29879,3600629,24,3600653
29880,3600722,6,3600728
29881,3600804,14,3600818
29882,3600830,58,3600888
29883,3601071,15,3601086
29884,3601127,51,3601178
29885,3601230,37,3601267
29886,3601453,7,3601460
29887,3601606,27,3601633
29888,3601913,11,3601924
29889,3601961,4,3601965
29890,3602048,27,3602075
29891,3602082,18,3602100
29892,3602169,16,3602185
29893,3602280,9,3602289
29894,3602430,1,3602431
29895,3602532,80,3602612
29896,3602984,6,3602990
29897,3603029,47,3603076
29898,3603152,24,3603176
29899,3603336,9,3603345
29900,3603349,54,3603403
29901,3603435,7,3603442
29902,3603601,3,3603604
29903,3603612,6,3603618
29904,3603912,4,3603916
29905,3603964,24,3603988
29906,3604098,5,3604103
29907,3604121,7,3604128
29908,3604235,23,3604258
29909,3604297,3,3604300
29910,3604403,1,3604404
29911,3604682,8,3604690
29912,3604692,30,3604722
29913,3604818,20,3604838
29914,3604944,7,3604951
29915,3605178,51,3605229
29916,3605234,22,3605256
29917,3605482,20,3605502
29918,3605577,20,3605597
29919,3605635,8,3605643
29920,3605807,2,3605809
29921,3605840,18,3605858
29922,3605913,8,3605921
29923,3606108,9,3606117
29924,3606144,1,3606145
29925,3606337,4,3606341
29926,3606647,14,3606661
29927,3606757,39,3606796
29928,3606890,35,3606925
29929,3607016,89,3607105
29930,3607135,12,3607147
29931,3607219,18,3607237
29932,3607255,5,3607260
29933,3607266,36,3607302
29934,3607502,6,3607508
29935,3607606,43,3607649
29936,3607710,6,3607716
29937,3607726,1,3607727
29938,3607779,21,3607800
29939,3607993,4,3607997
29940,3608069,40,3608109
29941,3608180,35,3608215
29942,3608356,4,3608360
29943,3608417,19,3608436
29944,3608448,11,3608459
29945,3608475,7,3608482
29946,3608602,66,3608668
29947,3608716,10,3608726
29948,3608835,40,3608875
29949,3608992,16,3609008
29950,3609014,15,3609029
29951,3609064,15,3609079
29952,3609197,12,3609209
29953,3609210,15,3609225
29954,3609401,11,3609412
29955,3609463,11,3609474
29956,3609526,11,3609537
29957,3609544,21,3609565
29958,3609573,14,3609587
29959,3609676,23,3609699
29960,3609905,27,3609932
29961,3610247,33,3610280
29962,3610461,10,3610471
29963,3610473,5,3610478
29964,3610508,5,3610513
29965,3610527,6,3610533
29966,3610537,30,3610567
29967,3610581,2,3610583
29968,3610816,114,3610930
29969,3611057,16,3611073
29970,3611189,16,3611205
29971,3611492,42,3611534
29972,3611588,4,3611592
29973,3611669,22,3611691
29974,3611756,5,3611761
29975,3611819,22,3611841
29976,3612006,53,3612059
29977,3612166,12,3612178
29978,3612280,7,3612287
29979,3612395,16,3612411
29980,3612594,30,3612624
29981,3612654,38,3612692
29982,3612752,16,3612768
29983,3612801,58,3612859
29984,3613033,31,3613064
29985,3613143,19,3613162
29986,3613307,9,3613316
29987,3613345,5,3613350
29988,3613379,6,3613385
29989,3613407,22,3613429
29990,3613476,33,3613509
29991,3613527,50,3613577
29992,3613591,15,3613606
29993,3613642,3,3613645
29994,3613682,33,3613715
29995,3613825,4,3613829
29996,3614104,3,3614107
29997,3614137,41,3614178
29998,3614552,12,3614564
29999,3614834,3,3614837
30000,3614876,50,3614926
30001,3614983,33,3615016
30002,3615115,26,3615141
30003,3615226,31,3615257
30004,3615282,6,3615288
30005,3615317,30,3615347
30006,3615424,44,3615468
30007,3615533,5,3615538
30008,3615584,10,3615594
30009,3615699,56,3615755
30010,3615842,3,3615845
30011,3615937,5,3615942
30012,3616009,9,3616018
30013,3616062,3,3616065
30014,3616120,23,3616143
30015,3616226,6,3616232
30016,3616386,2,3616388
30017,3616575,16,3616591
30018,3616658,36,3616694
30019,3617197,15,3617212
30020,3617215,17,3617232
30021,3617594,5,3617599
30022,3617693,2,3617695
30023,3617712,7,3617719
30024,3618031,7,3618038
30025,3618049,1,3618050
30026,3618111,26,3618137
30027,3618322,11,3618333
30028,3618426,10,3618436
30029,3618713,28,3618741
30030,3619068,11,3619079
30031,3619100,5,3619105
30032,3619371,23,3619394
30033,3619561,26,3619587
30034,3619630,1,3619631
30035,3620097,9,3620106
30036,3620111,27,3620138
30037,3620290,33,3620323
30038,3620465,16,3620481
30039,3620487,5,3620492
30040,3620608,14,3620622
30041,3620701,6,3620707
30042,3620758,19,3620777
30043,3620795,2,3620797
30044,3620851,13,3620864
30045,3620885,13,3620898
30046,3621037,27,3621064
30047,3621286,14,3621300
30048,3621386,16,3621402
30049,3621414,2,3621416
30050,3621536,26,3621562
30051,3621939,5,3621944
30052,3622013,56,3622069
30053,3622077,30,3622107
30054,3622307,4,3622311
30055,3622359,7,3622366
30056,3622374,13,3622387
30057,3622388,12,3622400
30058,3622543,4,3622547
30059,3622577,18,3622595
30060,3622599,54,3622653
30061,3622752,10,3622762
30062,3622885,18,3622903
30063,3622977,2,3622979
30064,3622994,30,3623024
30065,3623028,4,3623032
30066,3623100,16,3623116
30067,3623209,15,3623224
30068,3623233,18,3623251
30069,3623282,4,3623286
30070,3623418,7,3623425
30071,3623585,45,3623630
30072,3623665,8,3623673
30073,3623766,41,3623807
30074,3623993,1,3623994
30075,3624021,1,3624022
30076,3624194,36,3624230
30077,3624249,23,3624272
30078,3624344,19,3624363
30079,3624368,43,3624411
30080,3624711,37,3624748
30081,3624882,17,3624899
30082,3625409,62,3625471
30083,3625625,2,3625627
30084,3625641,36,3625677
30085,3625738,14,3625752
30086,3626293,15,3626308
30087,3626468,17,3626485
30088,3626532,19,3626551
30089,3626612,27,3626639
30090,3626661,1,3626662
30091,3626664,9,3626673
30092,3626853,21,3626874
30093,3626911,4,3626915
30094,3626962,10,3626972
30095,3627035,35,3627070
30096,3627084,16,3627100
30097,3627135,71,3627206
30098,3627275,3,3627278
30099,3627279,40,3627319
30100,3627360,44,3627404
30101,3627414,32,3627446
30102,3627481,23,3627504
30103,3627644,9,3627653
30104,3627738,3,3627741
30105,3627939,10,3627949
30106,3627998,9,3628007
30107,3628240,13,3628253
30108,3628481,29,3628510
30109,3628541,7,3628548
30110,3628588,4,3628592
30111,3628728,36,3628764
30112,3628803,46,3628849
30113,3629009,16,3629025
30114,3629227,1,3629228
30115,3629404,9,3629413
30116,3629438,9,3629447
30117,3629544,16,3629560
30118,3629596,30,3629626
30119,3629807,17,3629824
30120,3629930,3,3629933
30121,3630006,19,3630025
30122,3630419,47,3630466
30123,3630471,38,3630509
30124,3630609,135,3630744
30125,3630749,23,3630772
30126,3630882,26,3630908
30127,3631249,18,3631267
30128,3631415,1,3631416
30129,3631497,5,3631502
30130,3631611,5,3631616
30131,3631665,1,3631666
30132,3631730,27,3631757
30133,3631762,35,3631797
30134,3631887,25,3631912
30135,3631957,28,3631985
30136,3632297,20,3632317
30137,3632438,29,3632467
30138,3632629,64,3632693
30139,3632907,53,3632960
30140,3632993,56,3633049
30141,3633138,20,3633158
30142,3633226,15,3633241
30143,3633550,4,3633554
30144,3633744,11,3633755
30145,3633771,9,3633780
30146,3634132,27,3634159
30147,3634263,5,3634268
30148,3634320,35,3634355
30149,3634548,18,3634566
30150,3634624,1,3634625
30151,3635052,38,3635090
30152,3635292,5,3635297
30153,3635353,4,3635357
30154,3635369,1,3635370
30155,3635397,28,3635425
30156,3635435,9,3635444
30157,3635454,7,3635461
30158,3635503,43,3635546
30159,3635687,31,3635718
30160,3635866,6,3635872
30161,3636098,57,3636155
30162,3636486,13,3636499
30163,3636528,37,3636565
30164,3636701,13,3636714
30165,3636900,17,3636917
30166,3636928,2,3636930
30167,3637097,14,3637111
30168,3637254,14,3637268
30169,3637341,12,3637353
30170,3637364,89,3637453
30171,3637615,8,3637623
30172,3637642,29,3637671
30173,3637870,36,3637906
30174,3637969,6,3637975
30175,3637992,29,3638021
30176,3638127,36,3638163
30177,3638224,6,3638230
30178,3638461,8,3638469
30179,3638625,22,3638647
30180,3638664,11,3638675
30181,3638689,9,3638698
30182,3638796,1,3638797
30183,3638909,136,3639045
30184,3639611,25,3639636
30185,3639654,36,3639690
30186,3639703,10,3639713
30187,3639719,10,3639729
30188,3639825,10,3639835
30189,3639986,35,3640021
30190,3640184,8,3640192
30191,3640214,2,3640216
30192,3640257,75,3640332
30193,3640663,13,3640676
30194,3640720,1,3640721
30195,3640795,17,3640812
30196,3641087,13,3641100
30197,3641160,84,3641244
30198,3641438,14,3641452
30199,3641600,18,3641618
30200,3641667,69,3641736
30201,3641829,8,3641837
30202,3641940,5,3641945
30203,3642066,6,3642072
30204,3642171,1,3642172
30205,3642196,10,3642206
30206,3642237,29,3642266
30207,3642272,35,3642307
30208,3642310,10,3642320
30209,3642386,5,3642391
30210,3642415,6,3642421
30211,3642519,3,3642522
30212,3642794,12,3642806
30213,3643026,12,3643038
30214,3643049,37,3643086
30215,3643119,23,3643142
30216,3643150,14,3643164
30217,3643310,41,3643351
30218,3643438,41,3643479
30219,3643512,16,3643528
30220,3643535,22,3643557
30221,3644435,1,3644436
30222,3644567,14,3644581
30223,3644622,7,3644629
30224,3644688,33,3644721
30225,3644921,31,3644952
30226,3645043,20,3645063
30227,3645216,6,3645222
30228,3645425,16,3645441
30229,3645570,9,3645579
30230,3645912,27,3645939
30231,3645972,72,3646044
30232,3646627,40,3646667
30233,3646754,73,3646827
30234,3646948,11,3646959
30235,3646969,26,3646995
30236,3647153,31,3647184
30237,3647214,5,3647219
30238,3647220,6,3647226
30239,3647338,11,3647349
30240,3647435,9,3647444
30241,3647824,9,3647833
30242,3647900,27,3647927
30243,3648003,7,3648010
30244,3648029,11,3648040
30245,3648061,35,3648096
30246,3648121,1,3648122
30247,3648130,27,3648157
30248,3648197,7,3648204
30249,3648368,8,3648376
30250,3648438,5,3648443
30251,3648488,8,3648496
30252,3648601,7,3648608
30253,3648721,4,3648725
30254,3648771,5,3648776
30255,3648815,3,3648818
30256,3648835,24,3648859
30257,3648927,23,3648950
30258,3649106,15,3649121
30259,3649389,12,3649401
30260,3649473,3,3649476
30261,3649482,1,3649483
30262,3649557,2,3649559
30263,3649626,4,3649630
30264,3649676,1,3649677
30265,3649693,47,3649740
30266,3649774,3,3649777
30267,3649815,27,3649842
30268,3649902,5,3649907
30269,3649932,17,3649949
30270,3650233,1,3650234
30271,3650362,6,3650368
30272,3650421,7,3650428
30273,3650501,6,3650507
30274,3650523,3,3650526
30275,3650577,34,3650611
30276,3650701,85,3650786
30277,3650868,14,3650882
30278,3651042,9,3651051
30279,3651062,13,3651075
30280,3651100,8,3651108
30281,3651533,15,3651548
30282,3651644,2,3651646
30283,3651666,44,3651710
30284,3651836,14,3651850
30285,3651867,1,3651868
30286,3652037,18,3652055
30287,3652144,13,3652157
30288,3652226,14,3652240
30289,3652333,7,3652340
30290,3652493,10,3652503
30291,3652680,6,3652686
30292,3652769,8,3652777
30293,3652882,21,3652903
30294,3653076,29,3653105
30295,3653112,35,3653147
30296,3653233,12,3653245
30297,3653437,22,3653459
30298,3653460,3,3653463
30299,3653502,10,3653512
30300,3653644,29,3653673
30301,3653799,36,3653835
30302,3653866,65,3653931
30303,3654078,21,3654099
30304,3654133,42,3654175
30305,3654249,9,3654258
30306,3654322,34,3654356
30307,3654467,14,3654481
30308,3654751,19,3654770
30309,3655172,3,3655175
30310,3655205,24,3655229
30311,3655373,11,3655384
30312,3655527,2,3655529
30313,3655649,20,3655669
30314,3655695,1,3655696
30315,3655716,17,3655733
30316,3655908,5,3655913
30317,3656111,6,3656117
30318,3656124,19,3656143
30319,3656222,30,3656252
30320,3656271,7,3656278
30321,3656290,98,3656388
30322,3656450,4,3656454
30323,3656854,84,3656938
30324,3656987,15,3657002
30325,3657062,4,3657066
30326,3657078,19,3657097
30327,3657129,19,3657148
30328,3657155,11,3657166
30329,3657209,1,3657210
30330,3657290,12,3657302
30331,3657320,27,3657347
30332,3657474,64,3657538
30333,3657773,40,3657813
30334,3657925,10,3657935
30335,3658095,9,3658104
30336,3658159,18,3658177
30337,3658296,8,3658304
30338,3658315,15,3658330
30339,3658382,12,3658394
30340,3658431,43,3658474
30341,3658516,23,3658539
30342,3658692,17,3658709
30343,3658758,70,3658828
30344,3658884,3,3658887
30345,3658895,12,3658907
30346,3658946,5,3658951
30347,3659054,4,3659058
30348,3659089,26,3659115
30349,3659121,3,3659124
30350,3659173,6,3659179
30351,3659248,25,3659273
30352,3659291,35,3659326
30353,3659343,44,3659387
30354,3659517,1,3659518
30355,3659609,10,3659619
30356,3659672,4,3659676
30357,3659706,16,3659722
30358,3659875,16,3659891
30359,3659913,5,3659918
30360,3659940,5,3659945
30361,3659980,66,3660046
30362,3660053,1,3660054
30363,3660057,20,3660077
30364,3660328,13,3660341
30365,3660423,4,3660427
30366,3660483,8,3660491
30367,3660594,10,3660604
30368,3660729,3,3660732
30369,3661000,6,3661006
30370,3661165,32,3661197
30371,3661329,17,3661346
30372,3661390,3,3661393
30373,3661469,9,3661478
30374,3661517,36,3661553
30375,3661634,5,3661639
30376,3661641,58,3661699
30377,3662030,12,3662042
30378,3662085,7,3662092
30379,3662165,93,3662258
30380,3662288,20,3662308
30381,3662333,8,3662341
30382,3662351,20,3662371
30383,3662394,4,3662398
30384,3662554,15,3662569
30385,3662587,9,3662596
30386,3662873,1,3662874
30387,3663212,5,3663217
30388,3663297,2,3663299
30389,3663403,38,3663441
30390,3664001,21,3664022
30391,3664053,36,3664089
30392,3664105,1,3664106
30393,3664274,18,3664292
30394,3664311,21,3664332
30395,3664398,12,3664410
30396,3664557,31,3664588
30397,3664616,73,3664689
30398,3664704,11,3664715
30399,3664848,16,3664864
30400,3664881,6,3664887
30401,3664936,8,3664944
30402,3665040,26,3665066
30403,3665293,49,3665342
30404,3665344,74,3665418
30405,3665752,3,3665755
30406,3665823,16,3665839
30407,3665966,22,3665988
30408,3666127,8,3666135
30409,3666204,11,3666215
30410,3666243,8,3666251
30411,3666503,15,3666518
30412,3666624,4,3666628
30413,3666737,7,3666744
30414,3666787,21,3666808
30415,3666864,6,3666870
30416,3666941,17,3666958
30417,3667021,21,3667042
30418,3667074,1,3667075
30419,3667164,8,3667172
30420,3667234,13,3667247
30421,3667505,33,3667538
30422,3667547,3,3667550
30423,3667805,26,3667831
30424,3667833,43,3667876
30425,3667889,16,3667905
30426,3667965,23,3667988
30427,3668113,9,3668122
30428,3668277,9,3668286
30429,3668360,2,3668362
30430,3668480,53,3668533
30431,3668535,45,3668580
30432,3668616,6,3668622
30433,3668664,11,3668675
30434,3669123,1,3669124
30435,3669176,21,3669197
30436,3669223,4,3669227
30437,3669281,65,3669346
30438,3669427,6,3669433
30439,3669497,101,3669598
30440,3669660,3,3669663
30441,3669729,130,3669859
30442,3669974,14,3669988
30443,3670012,3,3670015
30444,3670125,5,3670130
30445,3670176,30,3670206
30446,3670297,5,3670302
30447,3670402,16,3670418
30448,3670430,2,3670432
30449,3670499,11,3670510
30450,3670595,10,3670605
30451,3670644,64,3670708
30452,3670772,12,3670784
30453,3670847,6,3670853
30454,3670882,11,3670893
30455,3671026,26,3671052
30456,3671058,2,3671060
30457,3671290,35,3671325
30458,3671534,14,3671548
30459,3671581,17,3671598
30460,3671617,12,3671629
30461,3671632,23,3671655
30462,3671666,26,3671692
30463,3671762,8,3671770
30464,3671924,5,3671929
30465,3672597,38,3672635
30466,3672787,22,3672809
30467,3672969,5,3672974
30468,3672994,34,3673028
30469,3673030,18,3673048
30470,3673474,32,3673506
30471,3673668,3,3673671
30472,3673673,26,3673699
30473,3673802,3,3673805
30474,3673834,5,3673839
30475,3673894,36,3673930
30476,3673961,1,3673962
30477,3674236,20,3674256
30478,3674357,4,3674361
30479,3674585,36,3674621
30480,3674644,12,3674656
30481,3674777,5,3674782
30482,3674861,10,3674871
30483,3674894,26,3674920
30484,3674961,34,3674995
30485,3675089,25,3675114
30486,3675166,44,3675210
30487,3675260,18,3675278
30488,3675494,6,3675500
30489,3675522,15,3675537
30490,3675572,5,3675577
30491,3675639,19,3675658
30492,3675715,15,3675730
30493,3676087,7,3676094
30494,3676125,29,3676154
30495,3676225,5,3676230
30496,3676291,12,3676303
30497,3676404,3,3676407
30498,3676414,20,3676434
30499,3676547,50,3676597
30500,3676608,19,3676627
30501,3676769,34,3676803
30502,3676876,6,3676882
30503,3677168,11,3677179
30504,3677251,1,3677252
30505,3677340,11,3677351
30506,3677467,4,3677471
30507,3677524,81,3677605
30508,3677702,19,3677721
30509,3677834,24,3677858
30510,3678332,2,3678334
30511,3678460,84,3678544
30512,3678624,7,3678631
30513,3678636,21,3678657
30514,3678744,12,3678756
30515,3678806,34,3678840
30516,3678918,9,3678927
30517,3679092,10,3679102
30518,3679312,4,3679316
30519,3679406,11,3679417
30520,3679477,9,3679486
30521,3679753,4,3679757
30522,3679769,33,3679802
30523,3679905,13,3679918
30524,3680007,72,3680079
30525,3680199,42,3680241
30526,3680249,26,3680275
30527,3680321,9,3680330
30528,3680460,61,3680521
30529,3680560,12,3680572
30530,3680802,6,3680808
30531,3680863,49,3680912
30532,3681031,3,3681034
30533,3681238,32,3681270
30534,3681438,60,3681498
30535,3681545,32,3681577
30536,3681993,42,3682035
30537,3682040,17,3682057
30538,3682284,10,3682294
30539,3682408,7,3682415
30540,3682641,67,3682708
30541,3682727,1,3682728
30542,3682884,12,3682896
30543,3682976,21,3682997
30544,3683243,19,3683262
30545,3683300,5,3683305
30546,3683394,39,3683433
30547,3683494,18,3683512
30548,3683548,4,3683552
30549,3683564,78,3683642
30550,3683735,59,3683794
30551,3683804,37,3683841
30552,3684032,5,3684037
30553,3684069,30,3684099
30554,3684128,27,3684155
30555,3684195,33,3684228
30556,3684344,9,3684353
30557,3684461,51,3684512
30558,3684711,1,3684712
30559,3684907,98,3685005
30560,3685044,28,3685072
30561,3685316,7,3685323
30562,3685375,5,3685380
30563,3685496,52,3685548
30564,3685733,86,3685819
30565,3685862,24,3685886
30566,3686099,14,3686113
30567,3686160,9,3686169
30568,3686173,36,3686209
30569,3686274,111,3686385
30570,3686429,15,3686444
30571,3686489,46,3686535
30572,3686539,14,3686553
30573,3686558,6,3686564
30574,3686570,11,3686581
30575,3686866,5,3686871
30576,3686935,69,3687004
30577,3687195,32,3687227
30578,3687363,4,3687367
30579,3687741,7,3687748
30580,3687866,25,3687891
30581,3687996,3,3687999
30582,3688000,11,3688011
30583,3688019,25,3688044
30584,3688134,1,3688135
30585,3688171,15,3688186
30586,3688592,30,3688622
30587,3688724,75,3688799
30588,3688931,34,3688965
30589,3689040,23,3689063
30590,3689095,9,3689104
30591,3689111,7,3689118
30592,3689144,17,3689161
30593,3689338,18,3689356
30594,3689727,40,3689767
30595,3689799,6,3689805
30596,3690448,27,3690475
30597,3690553,3,3690556
30598,3690613,40,3690653
30599,3690808,15,3690823
30600,3690835,17,3690852
30601,3690889,7,3690896
30602,3690972,32,3691004
30603,3691145,17,3691162
30604,3691273,52,3691325
30605,3691467,19,3691486
30606,3692049,30,3692079
30607,3692110,6,3692116
30608,3692158,13,3692171
30609,3692249,29,3692278
30610,3692311,22,3692333
30611,3692474,5,3692479
30612,3692522,3,3692525
30613,3692572,66,3692638
30614,3692681,16,3692697
30615,3692834,35,3692869
30616,3692982,49,3693031
30617,3693072,2,3693074
30618,3693466,21,3693487
30619,3693547,16,3693563
30620,3693614,93,3693707
30621,3693746,22,3693768
30622,3693820,22,3693842
30623,3693957,23,3693980
30624,3694006,35,3694041
30625,3694155,13,3694168
30626,3694211,21,3694232
30627,3694252,3,3694255
30628,3694263,68,3694331
30629,3694469,10,3694479
30630,3694538,2,3694540
30631,3694554,4,3694558
30632,3695257,2,3695259
30633,3695277,7,3695284
30634,3695322,23,3695345
30635,3695448,65,3695513
30636,3695579,4,3695583
30637,3695759,6,3695765
30638,3695835,31,3695866
30639,3695926,11,3695937
30640,3695986,11,3695997
30641,3696020,3,3696023
30642,3696146,43,3696189
30643,3696198,28,3696226
30644,3696305,19,3696324
30645,3696349,38,3696387
30646,3696696,44,3696740
30647,3696866,13,3696879
30648,3696940,1,3696941
30649,3697056,3,3697059
30650,3697257,7,3697264
30651,3697282,21,3697303
30652,3697316,3,3697319
30653,3697404,26,3697430
30654,3697578,4,3697582
30655,3697629,34,3697663
30656,3697674,9,3697683
30657,3697801,38,3697839
30658,3697947,24,3697971
30659,3698130,29,3698159
30660,3698189,60,3698249
30661,3698292,35,3698327
30662,3698392,26,3698418
30663,3698439,22,3698461
30664,3698577,11,3698588
30665,3698729,15,3698744
30666,3698874,11,3698885
30667,3698989,13,3699002
30668,3699223,4,3699227
30669,3699395,11,3699406
30670,3699564,82,3699646
30671,3699730,6,3699736
30672,3699823,2,3699825
30673,3700047,15,3700062
30674,3700102,55,3700157
30675,3700322,24,3700346
30676,3700350,28,3700378
30677,3700458,16,3700474
30678,3700476,22,3700498
30679,3700805,18,3700823
30680,3701037,68,3701105
30681,3701111,1,3701112
30682,3701209,48,3701257
30683,3701294,6,3701300
30684,3701351,36,3701387
30685,3701419,13,3701432
30686,3701645,14,3701659
30687,3701700,7,3701707
30688,3701837,17,3701854
30689,3701867,15,3701882
30690,3702111,1,3702112
30691,3702265,18,3702283
30692,3702324,5,3702329
30693,3702379,52,3702431
30694,3702485,1,3702486
30695,3702563,15,3702578
30696,3702581,73,3702654
30697,3702673,13,3702686
30698,3702734,17,3702751
30699,3703038,46,3703084
30700,3703149,13,3703162
30701,3703252,10,3703262
30702,3703407,48,3703455
30703,3703528,41,3703569
30704,3703675,6,3703681
30705,3703842,1,3703843
30706,3703918,17,3703935
30707,3704013,1,3704014
30708,3704104,1,3704105
30709,3704499,2,3704501
30710,3704537,3,3704540
30711,3704775,23,3704798
30712,3704807,6,3704813
30713,3704845,50,3704895
30714,3704949,26,3704975
30715,3705219,12,3705231
30716,3705552,20,3705572
30717,3705773,1,3705774
30718,3705964,40,3706004
30719,3706200,1,3706201
30720,3706348,9,3706357
30721,3706498,15,3706513
30722,3706573,30,3706603
30723,3706755,96,3706851
30724,3706964,4,3706968
30725,3707001,19,3707020
30726,3707105,26,3707131
30727,3707478,1,3707479
30728,3707494,125,3707619
30729,3707847,51,3707898
30730,3707899,18,3707917
30731,3708050,13,3708063
30732,3708088,30,3708118
30733,3708296,10,3708306
30734,3708339,26,3708365
30735,3708419,81,3708500
30736,3708519,9,3708528
30737,3708656,3,3708659
30738,3708770,45,3708815
30739,3708962,22,3708984
30740,3709016,36,3709052
30741,3709140,15,3709155
30742,3709562,4,3709566
30743,3709598,2,3709600
30744,3709757,16,3709773
30745,3709805,8,3709813
30746,3709857,19,3709876
30747,3709888,5,3709893
30748,3709945,35,3709980
30749,3710228,25,3710253
30750,3710329,18,3710347
30751,3710372,1,3710373
30752,3710392,2,3710394
30753,3710907,19,3710926
30754,3711135,45,3711180
30755,3711211,7,3711218
30756,3711474,13,3711487
30757,3711616,1,3711617
30758,3711781,25,3711806
30759,3712091,36,3712127
30760,3712150,14,3712164
30761,3712210,5,3712215
30762,3712327,14,3712341
30763,3712347,28,3712375
30764,3712414,15,3712429
30765,3712441,15,3712456
30766,3712465,58,3712523
30767,3712617,4,3712621
30768,3712635,10,3712645
30769,3712699,27,3712726
30770,3712871,2,3712873
30771,3713091,7,3713098
30772,3713113,1,3713114
30773,3713146,1,3713147
30774,3713201,5,3713206
30775,3713208,5,3713213
30776,3713263,9,3713272
30777,3713425,39,3713464
30778,3713579,9,3713588
30779,3713805,40,3713845
30780,3713899,21,3713920
30781,3713954,41,3713995
30782,3714038,75,3714113
30783,3714141,10,3714151
30784,3714158,51,3714209
30785,3714307,4,3714311
30786,3714650,14,3714664
30787,3714665,9,3714674
30788,3714757,21,3714778
30789,3715005,13,3715018
30790,3715343,11,3715354
30791,3715386,14,3715400
30792,3715432,2,3715434
30793,3715570,11,3715581
30794,3715632,10,3715642
30795,3715730,46,3715776
30796,3715856,3,3715859
30797,3716114,14,3716128
30798,3716129,8,3716137
30799,3716165,3,3716168
30800,3716202,19,3716221
30801,3716235,5,3716240
30802,3716282,6,3716288
30803,3716388,20,3716408
30804,3716413,26,3716439
30805,3716460,9,3716469
30806,3716528,1,3716529
30807,3716646,3,3716649
30808,3716720,1,3716721
30809,3716750,2,3716752
30810,3716762,6,3716768
30811,3716818,12,3716830
30812,3716951,49,3717000
30813,3717162,20,3717182
30814,3717235,61,3717296
30815,3717302,41,3717343
30816,3717356,4,3717360
30817,3717366,17,3717383
30818,3717387,1,3717388
30819,3717402,13,3717415
30820,3717424,51,3717475
30821,3717587,15,3717602
30822,3717700,40,3717740
30823,3717901,11,3717912
30824,3717938,63,3718001
30825,3718090,10,3718100
30826,3718314,5,3718319
30827,3718331,31,3718362
30828,3718519,19,3718538
30829,3718623,36,3718659
30830,3718671,19,3718690
30831,3718716,37,3718753
30832,3718908,17,3718925
30833,3718936,8,3718944
30834,3719144,11,3719155
30835,3719278,6,3719284
30836,3719521,10,3719531
30837,3719560,25,3719585
30838,3719656,10,3719666
30839,3719743,6,3719749
30840,3719814,42,3719856
30841,3719950,4,3719954
30842,3719979,23,3720002
30843,3720085,12,3720097
30844,3720160,14,3720174
30845,3720186,1,3720187
30846,3720260,5,3720265
30847,3720321,13,3720334
30848,3720577,21,3720598
30849,3720661,85,3720746
30850,3720923,6,3720929
30851,3721010,4,3721014
30852,3721062,7,3721069
30853,3721121,5,3721126
30854,3721380,8,3721388
30855,3721393,6,3721399
30856,3721417,7,3721424
30857,3721559,17,3721576
30858,3721596,4,3721600
30859,3721956,58,3722014
30860,3722019,69,3722088
30861,3722116,11,3722127
30862,3722169,4,3722173
30863,3722191,21,3722212
30864,3722213,1,3722214
30865,3722225,1,3722226
30866,3722299,30,3722329
30867,3722352,7,3722359
30868,3722362,9,3722371
30869,3722385,16,3722401
30870,3722594,1,3722595
30871,3722679,13,3722692
30872,3723243,44,3723287
30873,3723297,5,3723302
30874,3723393,11,3723404
30875,3723494,11,3723505
30876,3723520,6,3723526
30877,3723653,1,3723654
30878,3723758,11,3723769
30879,3723782,5,3723787
30880,3723849,3,3723852
30881,3723965,3,3723968
30882,3723979,3,3723982
30883,3724009,23,3724032
30884,3724193,24,3724217
30885,3724263,15,3724278
30886,3724426,15,3724441
30887,3724649,7,3724656
30888,3724831,19,3724850
30889,3724885,37,3724922
30890,3725055,33,3725088
30891,3725275,10,3725285
30892,3725303,37,3725340
30893,3725356,13,3725369
30894,3725383,18,3725401
30895,3725407,19,3725426
30896,3725535,14,3725549
30897,3725927,2,3725929
30898,3725951,16,3725967
30899,3726050,2,3726052
30900,3726117,8,3726125
30901,3726246,20,3726266
30902,3726336,3,3726339
30903,3726364,3,3726367
30904,3726380,12,3726392
30905,3726513,38,3726551
30906,3726663,21,3726684
30907,3727037,9,3727046
30908,3727097,34,3727131
30909,3727149,1,3727150
30910,3727188,5,3727193
30911,3727389,17,3727406
30912,3727476,3,3727479
30913,3727511,14,3727525
30914,3727551,35,3727586
30915,3727664,22,3727686
30916,3727740,1,3727741
30917,3727758,17,3727775
30918,3727810,20,3727830
30919,3727875,111,3727986
30920,3728070,22,3728092
30921,3728247,53,3728300
30922,3728325,11,3728336
30923,3728379,15,3728394
30924,3728436,7,3728443
30925,3728471,9,3728480
30926,3728514,4,3728518
30927,3728585,13,3728598
30928,3728607,42,3728649
30929,3728756,8,3728764
30930,3728992,23,3729015
30931,3729273,15,3729288
30932,3729391,10,3729401
30933,3729484,8,3729492
30934,3729505,14,3729519
30935,3729606,10,3729616
30936,3729704,2,3729706
30937,3729745,2,3729747
30938,3730032,42,3730074
30939,3730086,51,3730137
30940,3730176,1,3730177
30941,3730239,52,3730291
30942,3730321,1,3730322
30943,3730624,59,3730683
30944,3730801,6,3730807
30945,3731102,8,3731110
30946,3731125,1,3731126
30947,3731152,27,3731179
30948,3731199,2,3731201
30949,3731386,1,3731387
30950,3731409,19,3731428
30951,3731525,32,3731557
30952,3731697,15,3731712
30953,3731864,42,3731906
30954,3731937,8,3731945
30955,3731962,49,3732011
30956,3732266,49,3732315
30957,3732421,3,3732424
30958,3732431,2,3732433
30959,3732626,5,3732631
30960,3732644,56,3732700
30961,3732794,2,3732796
30962,3732858,44,3732902
30963,3732915,7,3732922
30964,3732948,10,3732958
30965,3733093,2,3733095
30966,3733327,2,3733329
30967,3733511,2,3733513
30968,3733575,10,3733585
30969,3733601,5,3733606
30970,3733670,1,3733671
30971,3733676,22,3733698
30972,3733878,18,3733896
30973,3734000,11,3734011
30974,3734213,49,3734262
30975,3734507,26,3734533
30976,3734590,31,3734621
30977,3734625,28,3734653
30978,3734727,17,3734744
30979,3734771,13,3734784
30980,3734836,24,3734860
30981,3734990,6,3734996
30982,3735239,76,3735315
30983,3735519,38,3735557
30984,3735574,15,3735589
30985,3735634,8,3735642
30986,3735718,1,3735719
30987,3735866,49,3735915
30988,3735919,3,3735922
30989,3735959,31,3735990
30990,3736318,1,3736319
30991,3736403,92,3736495
30992,3736583,15,3736598
30993,3736805,34,3736839
30994,3736980,21,3737001
30995,3737015,12,3737027
30996,3737087,2,3737089
30997,3737121,12,3737133
30998,3737432,14,3737446
30999,3737454,5,3737459
31000,3737500,13,3737513
31001,3737735,1,3737736
31002,3738110,52,3738162
31003,3738248,14,3738262
31004,3738275,11,3738286
31005,3738384,59,3738443
31006,3738483,3,3738486
31007,3738532,12,3738544
31008,3738648,5,3738653
31009,3738694,3,3738697
31010,3738817,13,3738830
31011,3738934,13,3738947
31012,3739001,39,3739040
31013,3739230,21,3739251
31014,3739374,3,3739377
31015,3739411,24,3739435
31016,3739461,5,3739466
31017,3739497,60,3739557
31018,3739633,2,3739635
31019,3739698,20,3739718
31020,3739800,12,3739812
31021,3739896,27,3739923
31022,3739940,22,3739962
31023,3740135,25,3740160
31024,3740207,3,3740210
31025,3740275,6,3740281
31026,3740455,66,3740521
31027,3740740,32,3740772
31028,3740795,10,3740805
31029,3740952,14,3740966
31030,3741005,8,3741013
31031,3741078,54,3741132
31032,3741182,16,3741198
31033,3741474,26,3741500
31034,3741620,38,3741658
31035,3742193,40,3742233
31036,3742242,15,3742257
31037,3742345,29,3742374
31038,3742447,20,3742467
31039,3742578,8,3742586
31040,3742757,6,3742763
31041,3742775,40,3742815
31042,3742866,62,3742928
31043,3742932,14,3742946
31044,3743030,65,3743095
31045,3743214,23,3743237
31046,3743240,1,3743241
31047,3743271,24,3743295
31048,3743413,27,3743440
31049,3743552,4,3743556
31050,3743585,6,3743591
31051,3743665,25,3743690
31052,3743867,3,3743870
31053,3743878,49,3743927
31054,3743933,42,3743975
31055,3743982,53,3744035
31056,3744068,48,3744116
31057,3744332,7,3744339
31058,3744667,12,3744679
31059,3744711,6,3744717
31060,3744826,33,3744859
31061,3744861,6,3744867
31062,3744869,44,3744913
31063,3744921,37,3744958
31064,3744978,47,3745025
31065,3745030,2,3745032
31066,3745060,8,3745068
31067,3745091,35,3745126
31068,3745149,46,3745195
31069,3745274,2,3745276
31070,3745410,3,3745413
31071,3745466,20,3745486
31072,3745504,90,3745594
31073,3745631,6,3745637
31074,3745653,21,3745674
31075,3745734,13,3745747
31076,3745818,79,3745897
31077,3745954,6,3745960
31078,3746078,5,3746083
31079,3746155,32,3746187
31080,3746350,25,3746375
31081,3746393,4,3746397
31082,3746552,26,3746578
31083,3746711,10,3746721
31084,3746820,42,3746862
31085,3747031,9,3747040
31086,3747054,30,3747084
31087,3747145,18,3747163
31088,3747187,1,3747188
31089,3747261,13,3747274
31090,3747426,16,3747442
31091,3747468,24,3747492
31092,3747504,8,3747512
31093,3747515,3,3747518
31094,3747528,47,3747575
31095,3747768,9,3747777
31096,3747822,39,3747861
31097,3747871,34,3747905
31098,3747970,76,3748046
31099,3748068,26,3748094
31100,3748227,5,3748232
31101,3748381,6,3748387
31102,3748512,27,3748539
31103,3748661,6,3748667
31104,3748845,9,3748854
31105,3748976,48,3749024
31106,3749075,41,3749116
31107,3749144,3,3749147
31108,3749161,5,3749166
31109,3749342,6,3749348
31110,3749379,7,3749386
31111,3749419,2,3749421
31112,3749443,47,3749490
31113,3749526,8,3749534
31114,3749544,11,3749555
31115,3749780,19,3749799
31116,3750340,18,3750358
31117,3750428,82,3750510
31118,3750723,10,3750733
31119,3750882,71,3750953
31120,3751009,14,3751023
31121,3751131,31,3751162
31122,3751165,30,3751195
31123,3751318,7,3751325
31124,3751510,20,3751530
31125,3751579,20,3751599
31126,3751682,3,3751685
31127,3751737,39,3751776
31128,3751876,74,3751950
31129,3751956,10,3751966
31130,3751987,21,3752008
31131,3752336,24,3752360
31132,3752553,7,3752560
31133,3752693,18,3752711
31134,3752763,7,3752770
31135,3752861,26,3752887
31136,3753311,1,3753312
31137,3753578,2,3753580
31138,3753628,12,3753640
31139,3753647,3,3753650
31140,3753700,38,3753738
31141,3753745,8,3753753
31142,3753845,83,3753928
31143,3753963,22,3753985
31144,3754052,26,3754078
31145,3754181,71,3754252
31146,3754384,2,3754386
31147,3754465,77,3754542
31148,3754585,20,3754605
31149,3754825,10,3754835
31150,3755009,3,3755012
31151,3755072,54,3755126
31152,3755142,5,3755147
31153,3755269,6,3755275
31154,3755301,1,3755302
31155,3755338,46,3755384
31156,3755396,16,3755412
31157,3755457,9,3755466
31158,3755681,24,3755705
31159,3755857,21,3755878
31160,3755943,20,3755963
31161,3756020,13,3756033
31162,3756079,12,3756091
31163,3756182,28,3756210
31164,3756412,96,3756508
31165,3756585,4,3756589
31166,3756873,2,3756875
31167,3756901,7,3756908
31168,3756946,28,3756974
31169,3757000,51,3757051
31170,3757093,19,3757112
31171,3757177,35,3757212
31172,3757226,35,3757261
31173,3757421,2,3757423
31174,3757662,19,3757681
31175,3757769,2,3757771
31176,3757811,36,3757847
31177,3757956,73,3758029
31178,3758037,13,3758050
31179,3758464,9,3758473
31180,3758539,7,3758546
31181,3758553,34,3758587
31182,3758724,26,3758750
31183,3758757,15,3758772
31184,3758897,5,3758902
31185,3758940,36,3758976
31186,3759052,23,3759075
31187,3759319,1,3759320
31188,3759457,44,3759501
31189,3759513,45,3759558
31190,3759591,2,3759593
31191,3759699,15,3759714
31192,3759990,3,3759993
31193,3760069,24,3760093
31194,3760107,24,3760131
31195,3760234,46,3760280
31196,3760410,36,3760446
31197,3760458,9,3760467
31198,3760575,15,3760590
31199,3760717,8,3760725
31200,3760744,13,3760757
31201,3760766,13,3760779
31202,3760798,13,3760811
31203,3760825,5,3760830
31204,3760851,21,3760872
31205,3760919,28,3760947
31206,3761018,36,3761054
31207,3761129,4,3761133
31208,3761159,17,3761176
31209,3761479,13,3761492
31210,3761590,32,3761622
31211,3761770,17,3761787
31212,3761902,13,3761915
31213,3761918,9,3761927
31214,3762025,4,3762029
31215,3762177,20,3762197
31216,3762333,43,3762376
31217,3762450,5,3762455
31218,3762477,6,3762483
31219,3762608,18,3762626
31220,3762668,13,3762681
31221,3762705,7,3762712
31222,3762728,145,3762873
31223,3762959,21,3762980
31224,3763027,2,3763029
31225,3763070,15,3763085
31226,3763235,27,3763262
31227,3763419,40,3763459
31228,3763583,15,3763598
31229,3763780,4,3763784
31230,3763856,83,3763939
31231,3763962,25,3763987
31232,3764035,14,3764049
31233,3764089,18,3764107
31234,3764204,4,3764208
31235,3764248,40,3764288
31236,3764465,30,3764495
31237,3764544,19,3764563
31238,3764568,79,3764647
31239,3764905,19,3764924
31240,3765029,10,3765039
31241,3765118,5,3765123
31242,3765224,14,3765238
31243,3765251,2,3765253
31244,3765300,21,3765321
31245,3765382,17,3765399
31246,3765816,2,3765818
31247,3765971,32,3766003
31248,3766097,89,3766186
31249,3766285,25,3766310
31250,3766476,52,3766528
31251,3766640,25,3766665
31252,3766713,23,3766736
31253,3766820,4,3766824
31254,3766846,15,3766861
31255,3767044,19,3767063
31256,3767264,3,3767267
31257,3767275,4,3767279
31258,3767281,37,3767318
31259,3767670,5,3767675
31260,3767871,35,3767906
31261,3767936,28,3767964
31262,3768036,16,3768052
31263,3768307,52,3768359
31264,3768386,19,3768405
31265,3768416,9,3768425
31266,3768494,6,3768500
31267,3768705,9,3768714
31268,3768716,38,3768754
31269,3768905,5,3768910
31270,3768939,8,3768947
31271,3769145,17,3769162
31272,3769359,95,3769454
31273,3769629,18,3769647
31274,3769659,14,3769673
31275,3769719,106,3769825
31276,3769982,8,3769990
31277,3770012,11,3770023
31278,3770082,5,3770087
31279,3770190,7,3770197
31280,3770204,8,3770212
31281,3770443,5,3770448
31282,3770718,30,3770748
31283,3771191,53,3771244
31284,3771635,13,3771648
31285,3771670,36,3771706
31286,3771792,11,3771803
31287,3771946,28,3771974
31288,3772064,55,3772119
31289,3772226,5,3772231
31290,3772309,28,3772337
31291,3772409,2,3772411
31292,3772638,24,3772662
31293,3772702,8,3772710
31294,3772785,9,3772794
31295,3772798,1,3772799
31296,3772861,7,3772868
31297,3772924,16,3772940
31298,3772981,2,3772983
31299,3773191,5,3773196
31300,3773201,6,3773207
31301,3773391,16,3773407
31302,3773741,36,3773777
31303,3773811,1,3773812
31304,3773929,12,3773941
31305,3773944,9,3773953
31306,3773998,9,3774007
31307,3774037,10,3774047
31308,3774093,42,3774135
31309,3774185,45,3774230
31310,3774264,16,3774280
31311,3774289,23,3774312
31312,3774522,16,3774538
31313,3774669,9,3774678
31314,3774706,12,3774718
31315,3774890,16,3774906
31316,3774924,6,3774930
31317,3775005,43,3775048
31318,3775058,13,3775071
31319,3775194,58,3775252
31320,3775335,4,3775339
31321,3775357,20,3775377
31322,3775706,27,3775733
31323,3775928,6,3775934
31324,3775993,13,3776006
31325,3776029,35,3776064
31326,3776079,34,3776113
31327,3776414,5,3776419
31328,3776631,30,3776661
31329,3776671,6,3776677
31330,3776705,24,3776729
31331,3776790,11,3776801
31332,3776802,7,3776809
31333,3776854,14,3776868
31334,3776944,8,3776952
31335,3776979,12,3776991
31336,3777059,23,3777082
31337,3777179,11,3777190
31338,3777297,6,3777303
31339,3777413,2,3777415
31340,3777438,11,3777449
31341,3777512,19,3777531
31342,3777641,20,3777661
31343,3777692,28,3777720
31344,3778139,13,3778152
31345,3778564,11,3778575
31346,3778689,13,3778702
31347,3778761,31,3778792
31348,3779039,12,3779051
31349,3779055,19,3779074
31350,3779294,26,3779320
31351,3779336,7,3779343
31352,3779515,7,3779522
31353,3779588,4,3779592
31354,3779658,21,3779679
31355,3779773,10,3779783
31356,3780126,57,3780183
31357,3780261,11,3780272
31358,3780409,69,3780478
31359,3780642,14,3780656
31360,3780666,7,3780673
31361,3780819,45,3780864
31362,3781310,80,3781390
31363,3781495,2,3781497
31364,3781526,26,3781552
31365,3781652,7,3781659
31366,3781715,29,3781744
31367,3781819,58,3781877
31368,3782404,4,3782408
31369,3782795,59,3782854
31370,3782955,5,3782960
31371,3782967,61,3783028
31372,3783139,4,3783143
31373,3783509,23,3783532
31374,3783603,14,3783617
31375,3783733,38,3783771
31376,3783916,4,3783920
31377,3783984,24,3784008
31378,3784094,21,3784115
31379,3784204,7,3784211
31380,3784328,25,3784353
31381,3784552,1,3784553
31382,3784637,23,3784660
31383,3784802,3,3784805
31384,3784984,32,3785016
31385,3785035,3,3785038
31386,3785228,22,3785250
31387,3785271,10,3785281
31388,3785521,7,3785528
31389,3785550,25,3785575
31390,3785771,6,3785777
31391,3785908,1,3785909
31392,3785992,47,3786039
31393,3786047,31,3786078
31394,3786241,42,3786283
31395,3786364,3,3786367
31396,3786371,9,3786380
31397,3786389,16,3786405
31398,3786453,58,3786511
31399,3786596,20,3786616
31400,3786677,31,3786708
31401,3786821,5,3786826
31402,3786837,10,3786847
31403,3786972,5,3786977
31404,3787330,2,3787332
31405,3787361,14,3787375
31406,3787393,50,3787443
31407,3787585,1,3787586
31408,3787702,18,3787720
31409,3787788,3,3787791
31410,3787907,7,3787914
31411,3788154,2,3788156
31412,3788370,7,3788377
31413,3788493,39,3788532
31414,3788548,10,3788558
31415,3788649,17,3788666
31416,3788716,11,3788727
31417,3788875,26,3788901
31418,3788981,12,3788993
31419,3789053,17,3789070
31420,3789083,34,3789117
31421,3789228,14,3789242
31422,3789268,2,3789270
31423,3789389,22,3789411
31424,3789549,5,3789554
31425,3789730,31,3789761
31426,3789764,21,3789785
31427,3789839,21,3789860
31428,3789882,8,3789890
31429,3790052,22,3790074
31430,3790117,54,3790171
31431,3790321,34,3790355
31432,3790628,4,3790632
31433,3790676,11,3790687
31434,3790764,23,3790787
31435,3790990,16,3791006
31436,3791234,20,3791254
31437,3791283,2,3791285
31438,3791331,5,3791336
31439,3791347,22,3791369
31440,3791411,17,3791428
31441,3791430,19,3791449
31442,3791497,27,3791524
31443,3791732,3,3791735
31444,3791812,17,3791829
31445,3792113,10,3792123
31446,3792216,31,3792247
31447,3792286,24,3792310
31448,3792471,53,3792524
31449,3792568,18,3792586
31450,3792668,12,3792680
31451,3792744,38,3792782
31452,3792815,1,3792816
31453,3793149,3,3793152
31454,3793315,16,3793331
31455,3793396,63,3793459
31456,3793470,5,3793475
31457,3793501,5,3793506
31458,3793767,23,3793790
31459,3793929,5,3793934
31460,3794004,9,3794013
31461,3794109,24,3794133
31462,3794232,17,3794249
31463,3794283,25,3794308
31464,3794326,4,3794330
31465,3794370,11,3794381
31466,3794484,32,3794516
31467,3794532,7,3794539
31468,3794608,3,3794611
31469,3794821,16,3794837
31470,3794861,7,3794868
31471,3794956,20,3794976
31472,3795002,6,3795008
31473,3795204,2,3795206
31474,3795247,13,3795260
31475,3795266,25,3795291
31476,3795400,14,3795414
31477,3795467,3,3795470
31478,3795582,17,3795599
31479,3795737,4,3795741
31480,3795835,2,3795837
31481,3795874,25,3795899
31482,3796078,28,3796106
31483,3796132,7,3796139
31484,3796159,9,3796168
31485,3796252,21,3796273
31486,3796295,9,3796304
31487,3796309,11,3796320
31488,3796394,1,3796395
31489,3796657,61,3796718
31490,3796857,30,3796887
31491,3796930,13,3796943
31492,3797121,35,3797156
31493,3797260,5,3797265
31494,3797353,50,3797403
31495,3797500,1,3797501
31496,3797704,28,3797732
31497,3797767,15,3797782
31498,3797909,5,3797914
31499,3797937,21,3797958
31500,3798172,3,3798175
31501,3798193,82,3798275
31502,3798306,1,3798307
31503,3798636,61,3798697
31504,3798806,4,3798810
31505,3798857,1,3798858
31506,3798863,17,3798880
31507,3799037,32,3799069
31508,3799078,21,3799099
31509,3799231,44,3799275
31510,3799581,3,3799584
31511,3799620,17,3799637
31512,3799723,62,3799785
31513,3800009,16,3800025
31514,3800428,3,3800431
31515,3800548,2,3800550
31516,3800660,55,3800715
31517,3800847,14,3800861
31518,3800896,1,3800897
31519,3801063,29,3801092
31520,3801167,10,3801177
31521,3801668,5,3801673
31522,3801735,17,3801752
31523,3801771,2,3801773
31524,3802128,20,3802148
31525,3802384,3,3802387
31526,3802430,54,3802484
31527,3802723,13,3802736
31528,3802738,27,3802765
31529,3802809,5,3802814
31530,3803096,1,3803097
31531,3803175,67,3803242
31532,3803297,3,3803300
31533,3803465,18,3803483
31534,3803734,68,3803802
31535,3803871,19,3803890
31536,3803895,52,3803947
31537,3804058,23,3804081
31538,3804105,50,3804155
31539,3804469,27,3804496
31540,3804695,1,3804696
31541,3804873,7,3804880
31542,3804919,9,3804928
31543,3804955,32,3804987
31544,3805128,5,3805133
31545,3805189,5,3805194
31546,3805345,3,3805348
31547,3805455,10,3805465
31548,3805591,6,3805597
31549,3805618,36,3805654
31550,3805770,11,3805781
31551,3805799,41,3805840
31552,3805846,27,3805873
31553,3806269,9,3806278
31554,3806330,33,3806363
31555,3806366,20,3806386
31556,3806540,14,3806554
31557,3806576,2,3806578
31558,3806805,17,3806822
31559,3807110,11,3807121
31560,3807162,27,3807189
31561,3807541,4,3807545
31562,3807587,14,3807601
31563,3807633,16,3807649
31564,3807761,6,3807767
31565,3807778,7,3807785
31566,3807817,1,3807818
31567,3808005,24,3808029
31568,3808035,3,3808038
31569,3808118,4,3808122
31570,3808138,11,3808149
31571,3808188,8,3808196
31572,3808318,3,3808321
31573,3808439,18,3808457
31574,3808498,1,3808499
31575,3808702,20,3808722
31576,3808764,3,3808767
31577,3808822,9,3808831
31578,3809142,28,3809170
31579,3809171,27,3809198
31580,3809302,1,3809303
31581,3809344,28,3809372
31582,3809409,1,3809410
31583,3809451,14,3809465
31584,3809486,12,3809498
31585,3809559,20,3809579
31586,3809584,3,3809587
31587,3809627,1,3809628
31588,3809695,1,3809696
31589,3809697,24,3809721
31590,3809810,28,3809838
31591,3809899,4,3809903
31592,3809907,1,3809908
31593,3810059,11,3810070
31594,3810108,1,3810109
31595,3810232,34,3810266
31596,3810309,6,3810315
31597,3810430,17,3810447
31598,3810452,13,3810465
31599,3810490,38,3810528
31600,3810594,61,3810655
31601,3810807,13,3810820
31602,3810829,4,3810833
31603,3810868,17,3810885
31604,3811010,20,3811030
31605,3811033,44,3811077
31606,3811253,2,3811255
31607,3811443,6,3811449
31608,3811835,19,3811854
31609,3812073,20,3812093
31610,3812097,21,3812118
31611,3812147,8,3812155
31612,3812177,49,3812226
31613,3812246,7,3812253
31614,3812286,19,3812305
31615,3812310,9,3812319
31616,3812341,4,3812345
31617,3812359,11,3812370
31618,3812374,10,3812384
31619,3812722,13,3812735
31620,3812949,23,3812972
31621,3813136,40,3813176
31622,3813204,18,3813222
31623,3813246,3,3813249
31624,3813456,13,3813469
31625,3813479,19,3813498
31626,3813606,14,3813620
31627,3813638,5,3813643
31628,3813760,11,3813771
31629,3813869,8,3813877
31630,3814162,12,3814174
31631,3814609,22,3814631
31632,3814829,6,3814835
31633,3814999,11,3815010
31634,3815061,31,3815092
31635,3815127,22,3815149
31636,3815162,20,3815182
31637,3815232,14,3815246
31638,3815379,12,3815391
31639,3815455,13,3815468
31640,3815614,25,3815639
31641,3815785,4,3815789
31642,3815822,21,3815843
31643,3816195,3,3816198
31644,3816317,2,3816319
31645,3816365,53,3816418
31646,3816425,41,3816466
31647,3816473,6,3816479
31648,3816561,2,3816563
31649,3816569,2,3816571
31650,3816621,38,3816659
31651,3816880,2,3816882
31652,3817071,13,3817084
31653,3817483,67,3817550
31654,3817570,18,3817588
31655,3817612,4,3817616
31656,3817857,10,3817867
31657,3818018,39,3818057
31658,3818122,6,3818128
31659,3818259,7,3818266
31660,3818374,110,3818484
31661,3818546,6,3818552
31662,3818641,13,3818654
31663,3818762,8,3818770
31664,3818836,29,3818865
31665,3818920,25,3818945
31666,3818948,12,3818960
31667,3818988,19,3819007
31668,3819145,11,3819156
31669,3819415,14,3819429
31670,3819680,31,3819711
31671,3819725,10,3819735
31672,3819785,12,3819797
31673,3819799,3,3819802
31674,3819879,12,3819891
31675,3819937,30,3819967
31676,3819978,1,3819979
31677,3820028,3,3820031
31678,3820211,31,3820242
31679,3820372,25,3820397
31680,3820412,17,3820429
31681,3820465,18,3820483
31682,3820485,34,3820519
31683,3820589,6,3820595
31684,3820604,19,3820623
31685,3820642,33,3820675
31686,3820735,31,3820766
31687,3820863,2,3820865
31688,3820893,3,3820896
31689,3820920,23,3820943
31690,3821345,14,3821359
31691,3821441,13,3821454
31692,3821463,3,3821466
31693,3821590,20,3821610
31694,3821826,4,3821830
31695,3821983,7,3821990
31696,3821998,8,3822006
31697,3822010,8,3822018
31698,3822037,14,3822051
31699,3822106,9,3822115
31700,3822292,9,3822301
31701,3822402,2,3822404
31702,3822650,1,3822651
31703,3822752,4,3822756
31704,3822777,30,3822807
31705,3822928,2,3822930
31706,3823304,2,3823306
31707,3823307,40,3823347
31708,3823437,1,3823438
31709,3823659,8,3823667
31710,3823742,36,3823778
31711,3823947,2,3823949
31712,3824028,111,3824139
31713,3824334,29,3824363
31714,3824403,5,3824408
31715,3824547,36,3824583
31716,3824995,4,3824999
31717,3825144,56,3825200
31718,3825332,23,3825355
31719,3825421,101,3825522
31720,3825589,9,3825598
31721,3825622,1,3825623
31722,3825910,7,3825917
31723,3825979,28,3826007
31724,3826144,9,3826153
31725,3826225,11,3826236
31726,3826281,17,3826298
31727,3826313,17,3826330
31728,3826393,1,3826394
31729,3826412,16,3826428
31730,3826456,9,3826465
31731,3826683,7,3826690
31732,3826799,19,3826818
31733,3826853,4,3826857
31734,3826942,12,3826954
31735,3826986,5,3826991
31736,3827190,7,3827197
31737,3827324,29,3827353
31738,3827355,29,3827384
31739,3827408,13,3827421
31740,3827443,61,3827504
31741,3827514,16,3827530
31742,3827577,9,3827586
31743,3827753,2,3827755
31744,3827844,53,3827897
31745,3827943,7,3827950
31746,3827978,6,3827984
31747,3827989,11,3828000
31748,3828050,26,3828076
31749,3828242,36,3828278
31750,3828430,12,3828442
31751,3828487,1,3828488
31752,3828650,16,3828666
31753,3828712,1,3828713
31754,3828856,6,3828862
31755,3828948,19,3828967
31756,3829106,32,3829138
31757,3829251,20,3829271
31758,3829320,57,3829377
31759,3829586,46,3829632
31760,3829866,23,3829889
31761,3830003,13,3830016
31762,3830089,25,3830114
31763,3830275,33,3830308
31764,3830373,5,3830378
31765,3830562,28,3830590
31766,3830652,9,3830661
31767,3830850,5,3830855
31768,3831011,21,3831032
31769,3831051,10,3831061
31770,3831128,3,3831131
31771,3831195,9,3831204
31772,3831320,53,3831373
31773,3831492,15,3831507
31774,3831529,21,3831550
31775,3831613,5,3831618
31776,3831754,38,3831792
31777,3831813,1,3831814
31778,3832058,43,3832101
31779,3832212,40,3832252
31780,3832271,10,3832281
31781,3832417,8,3832425
31782,3832496,13,3832509
31783,3832597,15,3832612
31784,3832785,35,3832820
31785,3832936,9,3832945
31786,3833023,1,3833024
31787,3833033,17,3833050
31788,3833159,4,3833163
31789,3833198,43,3833241
31790,3833252,33,3833285
31791,3833330,45,3833375
31792,3833467,13,3833480
31793,3833552,10,3833562
31794,3833628,82,3833710
31795,3833731,28,3833759
31796,3833905,11,3833916
31797,3834075,10,3834085
31798,3834104,13,3834117
31799,3834244,26,3834270
31800,3834327,7,3834334
31801,3834501,32,3834533
31802,3834567,29,3834596
31803,3834632,18,3834650
31804,3834826,16,3834842
31805,3834981,35,3835016
31806,3835309,4,3835313
31807,3835672,20,3835692
31808,3835760,3,3835763
31809,3835839,6,3835845
31810,3835860,2,3835862
31811,3835998,1,3835999
31812,3836070,9,3836079
31813,3836221,28,3836249
31814,3836279,27,3836306
31815,3836373,15,3836388
31816,3836471,31,3836502
31817,3836631,4,3836635
31818,3836685,22,3836707
31819,3837051,51,3837102
31820,3837229,31,3837260
31821,3837390,38,3837428
31822,3837438,63,3837501
31823,3837545,35,3837580
31824,3837608,65,3837673
31825,3837689,33,3837722
31826,3837812,30,3837842
31827,3837914,8,3837922
31828,3837926,3,3837929
31829,3838056,31,3838087
31830,3838316,30,3838346
31831,3838504,5,3838509
31832,3838632,3,3838635
31833,3838713,18,3838731
31834,3838968,31,3838999
31835,3839020,19,3839039
31836,3839097,54,3839151
31837,3839197,1,3839198
31838,3839207,42,3839249
31839,3839347,5,3839352
31840,3839405,14,3839419
31841,3839545,15,3839560
31842,3839569,22,3839591
31843,3839594,1,3839595
31844,3839826,41,3839867
31845,3840052,19,3840071
31846,3840160,4,3840164
31847,3840279,6,3840285
31848,3840612,55,3840667
31849,3840694,3,3840697
31850,3840717,53,3840770
31851,3840779,63,3840842
31852,3841135,52,3841187
31853,3841443,32,3841475
31854,3841520,16,3841536
31855,3841614,9,3841623
31856,3841717,5,3841722
31857,3841820,7,3841827
31858,3841885,6,3841891
31859,3842033,43,3842076
31860,3842133,1,3842134
31861,3842214,41,3842255
31862,3842299,13,3842312
31863,3842337,8,3842345
31864,3842366,7,3842373
31865,3842449,4,3842453
31866,3842662,60,3842722
31867,3842889,46,3842935
31868,3842979,14,3842993
31869,3843143,1,3843144
31870,3843288,19,3843307
31871,3843316,5,3843321
31872,3843469,1,3843470
31873,3843549,28,3843577
31874,3843599,12,3843611
31875,3843654,15,3843669
31876,3843869,39,3843908
31877,3844092,21,3844113
31878,3844377,7,3844384
31879,3844468,7,3844475
31880,3844533,23,3844556
31881,3844874,3,3844877
31882,3844957,59,3845016
31883,3845113,8,3845121
31884,3845202,52,3845254
31885,3845379,15,3845394
31886,3845446,31,3845477
31887,3845692,11,3845703
31888,3845763,9,3845772
31889,3845783,1,3845784
31890,3845890,78,3845968
31891,3846058,12,3846070
31892,3846431,3,3846434
31893,3846533,38,3846571
31894,3846597,6,3846603
31895,3846663,23,3846686
31896,3846808,2,3846810
31897,3846813,40,3846853
31898,3847376,2,3847378
31899,3847397,69,3847466
31900,3847525,42,3847567
31901,3847643,7,3847650
31902,3847716,1,3847717
31903,3847766,15,3847781
31904,3847867,15,3847882
31905,3847953,69,3848022
31906,3848137,15,3848152
31907,3848173,60,3848233
31908,3848349,48,3848397
31909,3848454,9,3848463
31910,3848893,13,3848906
31911,3848985,7,3848992
31912,3849159,53,3849212
31913,3849343,55,3849398
31914,3849577,52,3849629
31915,3849865,6,3849871
31916,3849912,2,3849914
31917,3849985,18,3850003
31918,3850059,14,3850073
31919,3850178,13,3850191
31920,3850262,13,3850275
31921,3850294,31,3850325
31922,3850340,21,3850361
31923,3850414,31,3850445
31924,3850524,11,3850535
31925,3850553,8,3850561
31926,3850581,59,3850640
31927,3850680,65,3850745
31928,3850777,33,3850810
31929,3850942,25,3850967
31930,3851238,30,3851268
31931,3851557,13,3851570
31932,3851600,4,3851604
31933,3851720,54,3851774
31934,3851844,6,3851850
31935,3852028,39,3852067
31936,3852113,37,3852150
31937,3852226,3,3852229
31938,3852462,13,3852475
31939,3852476,16,3852492
31940,3852522,41,3852563
31941,3852832,17,3852849
31942,3853113,8,3853121
31943,3853261,27,3853288
31944,3853333,51,3853384
31945,3853650,38,3853688
31946,3853714,1,3853715
31947,3853774,22,3853796
31948,3853817,9,3853826
31949,3853934,6,3853940
31950,3854091,22,3854113
31951,3854115,1,3854116
31952,3854173,98,3854271
31953,3854360,31,3854391
31954,3854405,13,3854418
31955,3854435,3,3854438
31956,3854440,1,3854441
31957,3854561,8,3854569
31958,3854915,14,3854929
31959,3854940,119,3855059
31960,3855092,28,3855120
31961,3855152,163,3855315
31962,3855420,75,3855495
31963,3855625,11,3855636
31964,3855714,11,3855725
31965,3855745,26,3855771
31966,3855779,21,3855800
31967,3855884,5,3855889
31968,3855901,26,3855927
31969,3856014,33,3856047
31970,3856050,2,3856052
31971,3856118,9,3856127
31972,3856291,8,3856299
31973,3856302,1,3856303
31974,3856428,2,3856430
31975,3856571,8,3856579
31976,3856603,4,3856607
31977,3856614,35,3856649
31978,3856676,17,3856693
31979,3856722,21,3856743
31980,3856763,9,3856772
31981,3856936,6,3856942
31982,3857021,25,3857046
31983,3857204,40,3857244
31984,3857360,5,3857365
31985,3857455,17,3857472
31986,3857560,54,3857614
31987,3857800,66,3857866
31988,3857889,10,3857899
31989,3857969,22,3857991
31990,3858049,12,3858061
31991,3858258,10,3858268
31992,3858379,2,3858381
31993,3858627,8,3858635
31994,3858803,21,3858824
31995,3858906,6,3858912
31996,3858995,8,3859003
31997,3859011,2,3859013
31998,3859021,9,3859030
31999,3859074,14,3859088
32000,3859111,19,3859130
32001,3859296,4,3859300
32002,3859377,1,3859378
32003,3859477,52,3859529
32004,3859587,22,3859609
32005,3859682,51,3859733
32006,3859749,15,3859764
32007,3859849,7,3859856
32008,3859897,45,3859942
32009,3860218,21,3860239
32010,3860309,12,3860321
32011,3860398,5,3860403
32012,3860519,24,3860543
32013,3860651,6,3860657
32014,3860695,1,3860696
32015,3860755,33,3860788
32016,3861028,24,3861052
32017,3861067,3,3861070
32018,3861317,55,3861372
32019,3861422,10,3861432
32020,3861646,20,3861666
32021,3861711,44,3861755
32022,3861819,12,3861831
32023,3861847,15,3861862
32024,3861874,12,3861886
32025,3862216,48,3862264
32026,3862365,32,3862397
32027,3862445,19,3862464
32028,3862540,19,3862559
32029,3862677,16,3862693
32030,3862768,59,3862827
32031,3862854,5,3862859
32032,3862966,23,3862989
32033,3863029,9,3863038
32034,3863064,34,3863098
32035,3863353,56,3863409
32036,3863618,37,3863655
32037,3863774,30,3863804
32038,3863831,6,3863837
32039,3863919,2,3863921
32040,3863926,11,3863937
32041,3864385,25,3864410
32042,3864447,2,3864449
32043,3864500,39,3864539
32044,3864554,5,3864559
32045,3864728,18,3864746
32046,3865136,77,3865213
32047,3865228,1,3865229
32048,3865248,11,3865259
32049,3865344,18,3865362
32050,3865371,5,3865376
32051,3865386,4,3865390
32052,3865513,7,3865520
32053,3865532,26,3865558
32054,3865697,12,3865709
32055,3865791,26,3865817
32056,3865829,28,3865857
32057,3865872,16,3865888
32058,3866073,25,3866098
32059,3866152,17,3866169
32060,3866200,1,3866201
32061,3866240,10,3866250
32062,3866267,13,3866280
32063,3866313,1,3866314
32064,3866583,9,3866592
32065,3866709,26,3866735
32066,3866751,2,3866753
32067,3866852,3,3866855
32068,3867070,26,3867096
32069,3867134,36,3867170
32070,3867222,22,3867244
32071,3867269,10,3867279
32072,3867327,23,3867350
32073,3867408,25,3867433
32074,3867477,9,3867486
32075,3867493,3,3867496
32076,3867574,13,3867587
32077,3867764,7,3867771
32078,3867805,1,3867806
32079,3867824,7,3867831
32080,3867908,34,3867942
32081,3868091,7,3868098
32082,3868295,20,3868315
32083,3868356,12,3868368
32084,3868731,28,3868759
32085,3868765,16,3868781
32086,3868824,5,3868829
32087,3868876,10,3868886
32088,3868942,36,3868978
32089,3869021,18,3869039
32090,3869104,10,3869114
32091,3869455,1,3869456
32092,3869558,37,3869595
32093,3869744,23,3869767
32094,3869964,51,3870015
32095,3870072,11,3870083
32096,3870138,4,3870142
32097,3870213,8,3870221
32098,3870431,12,3870443
32099,3870574,16,3870590
32100,3870675,24,3870699
32101,3870751,51,3870802
32102,3870861,8,3870869
32103,3870878,35,3870913
32104,3870976,21,3870997
32105,3871071,29,3871100
32106,3871519,2,3871521
32107,3871668,8,3871676
32108,3871707,26,3871733
32109,3871832,8,3871840
32110,3871897,21,3871918
32111,3871950,18,3871968
32112,3872309,3,3872312
32113,3872334,40,3872374
32114,3872440,27,3872467
32115,3872488,13,3872501
32116,3872670,2,3872672
32117,3873005,8,3873013
32118,3873064,50,3873114
32119,3873177,57,3873234
32120,3873392,1,3873393
32121,3873480,5,3873485
32122,3873631,3,3873634
32123,3873758,4,3873762
32124,3873970,2,3873972
32125,3874117,33,3874150
32126,3874183,1,3874184
32127,3874386,8,3874394
32128,3874445,25,3874470
32129,3874540,17,3874557
32130,3874929,57,3874986
32131,3875066,5,3875071
32132,3875129,30,3875159
32133,3875200,5,3875205
32134,3875447,51,3875498
32135,3875682,11,3875693
32136,3875771,4,3875775
32137,3875796,2,3875798
32138,3875806,3,3875809
32139,3876072,47,3876119
32140,3876248,1,3876249
32141,3876256,35,3876291
32142,3876600,8,3876608
32143,3876765,75,3876840
32144,3876883,23,3876906
32145,3877127,9,3877136
32146,3877157,5,3877162
32147,3877292,8,3877300
32148,3877411,41,3877452
32149,3877472,17,3877489
32150,3877589,14,3877603
32151,3877721,66,3877787
32152,3877824,11,3877835
32153,3878016,10,3878026
32154,3878118,5,3878123
32155,3878184,10,3878194
32156,3878280,1,3878281
32157,3878311,17,3878328
32158,3878410,7,3878417
32159,3878478,63,3878541
32160,3878649,6,3878655
32161,3878703,14,3878717
32162,3878780,43,3878823
32163,3878899,2,3878901
32164,3878932,1,3878933
32165,3878998,17,3879015
32166,3879213,11,3879224
32167,3879277,12,3879289
32168,3879301,4,3879305
32169,3879580,50,3879630
32170,3879810,29,3879839
32171,3880094,10,3880104
32172,3880174,1,3880175
32173,3880348,9,3880357
32174,3880574,5,3880579
32175,3880621,11,3880632
32176,3880793,8,3880801
32177,3881059,21,3881080
32178,3881155,20,3881175
32179,3881188,7,3881195
32180,3881308,16,3881324
32181,3881363,25,3881388
32182,3881463,24,3881487
32183,3881533,2,3881535
32184,3881551,31,3881582
32185,3881788,23,3881811
32186,3881934,6,3881940
32187,3881988,4,3881992
32188,3882094,10,3882104
32189,3882124,1,3882125
32190,3882171,10,3882181
32191,3882268,25,3882293
32192,3882306,16,3882322
32193,3882498,12,3882510
32194,3882543,24,3882567
32195,3882623,2,3882625
32196,3882686,18,3882704
32197,3882786,11,3882797
32198,3882803,64,3882867
32199,3882973,26,3882999
32200,3883172,1,3883173
32201,3883338,8,3883346
32202,3883456,8,3883464
32203,3883659,6,3883665
32204,3883676,37,3883713
32205,3883864,14,3883878
32206,3883890,10,3883900
32207,3884226,26,3884252
32208,3884320,17,3884337
32209,3884397,33,3884430
32210,3884584,5,3884589
32211,3884657,24,3884681
32212,3884760,15,3884775
32213,3884783,8,3884791
32214,3885022,19,3885041
32215,3885061,15,3885076
32216,3885265,34,3885299
32217,3885314,31,3885345
32218,3885627,17,3885644
32219,3885822,12,3885834
32220,3885836,29,3885865
32221,3885958,6,3885964
32222,3885989,72,3886061
32223,3886297,8,3886305
32224,3886514,9,3886523
32225,3886623,11,3886634
32226,3886759,4,3886763
32227,3886830,14,3886844
32228,3886854,30,3886884
32229,3887080,1,3887081
32230,3887124,11,3887135
32231,3887206,8,3887214
32232,3887253,9,3887262
32233,3887357,73,3887430
32234,3887455,3,3887458
32235,3887515,10,3887525
32236,3887551,26,3887577
32237,3887578,14,3887592
32238,3887714,4,3887718
32239,3887802,6,3887808
32240,3887945,1,3887946
32241,3887955,9,3887964
32242,3888003,20,3888023
32243,3888097,16,3888113
32244,3888132,28,3888160
32245,3888233,67,3888300
32246,3888359,41,3888400
32247,3888401,26,3888427
32248,3888683,26,3888709
32249,3888721,5,3888726
32250,3888743,17,3888760
32251,3888776,37,3888813
32252,3888917,10,3888927
32253,3888944,15,3888959
32254,3889080,34,3889114
32255,3889157,57,3889214
32256,3889305,14,3889319
32257,3889374,1,3889375
32258,3889440,1,3889441
32259,3889604,25,3889629
32260,3889680,18,3889698
32261,3889743,3,3889746
32262,3889791,30,3889821
32263,3889932,67,3889999
32264,3890037,54,3890091
32265,3890123,6,3890129
32266,3890186,20,3890206
32267,3890390,21,3890411
32268,3890500,19,3890519
32269,3890732,2,3890734
32270,3890802,5,3890807
32271,3890818,19,3890837
32272,3890841,6,3890847
32273,3890884,24,3890908
32274,3890919,19,3890938
32275,3891015,21,3891036
32276,3891083,10,3891093
32277,3891270,45,3891315
32278,3891386,2,3891388
32279,3891461,4,3891465
32280,3891629,16,3891645
32281,3891790,1,3891791
32282,3891932,37,3891969
32283,3892128,5,3892133
32284,3892333,25,3892358
32285,3892407,35,3892442
32286,3892539,19,3892558
32287,3892605,12,3892617
32288,3892618,2,3892620
32289,3892940,1,3892941
32290,3893110,3,3893113
32291,3893132,25,3893157
32292,3893163,13,3893176
32293,3893206,39,3893245
32294,3893319,26,3893345
32295,3893425,1,3893426
32296,3893502,25,3893527
32297,3893532,5,3893537
32298,3893621,6,3893627
32299,3893682,11,3893693
32300,3893732,7,3893739
32301,3893866,13,3893879
32302,3894049,29,3894078
32303,3894226,19,3894245
32304,3894307,3,3894310
32305,3894451,1,3894452
32306,3894506,3,3894509
32307,3894642,4,3894646
32308,3894667,2,3894669
32309,3894735,17,3894752
32310,3895024,5,3895029
32311,3895059,7,3895066
32312,3895289,55,3895344
32313,3895452,5,3895457
32314,3895575,3,3895578
32315,3895599,14,3895613
32316,3895733,52,3895785
32317,3895855,12,3895867
32318,3895871,8,3895879
32319,3895883,17,3895900
32320,3896007,21,3896028
32321,3896052,8,3896060
32322,3896240,35,3896275
32323,3896374,39,3896413
32324,3896426,25,3896451
32325,3896612,11,3896623
32326,3896684,8,3896692
32327,3896834,42,3896876
32328,3896910,1,3896911
32329,3896918,6,3896924
32330,3896944,9,3896953
32331,3897132,22,3897154
32332,3897412,6,3897418
32333,3897424,15,3897439
32334,3897505,8,3897513
32335,3897647,20,3897667
32336,3897700,10,3897710
32337,3897846,22,3897868
32338,3898049,16,3898065
32339,3898071,4,3898075
32340,3898143,13,3898156
32341,3898292,7,3898299
32342,3898415,48,3898463
32343,3898510,5,3898515
32344,3898567,2,3898569
32345,3898617,12,3898629
32346,3898670,23,3898693
32347,3898723,62,3898785
32348,3898792,2,3898794
32349,3898817,81,3898898
32350,3898915,30,3898945
32351,3899017,16,3899033
32352,3899044,1,3899045
32353,3899403,13,3899416
32354,3899424,30,3899454
32355,3899503,24,3899527
32356,3899658,23,3899681
32357,3899738,4,3899742
32358,3899785,21,3899806
32359,3899841,31,3899872
32360,3900167,71,3900238
32361,3900368,14,3900382
32362,3900605,35,3900640
32363,3900778,21,3900799
32364,3900953,76,3901029
32365,3901121,50,3901171
32366,3901403,2,3901405
32367,3901708,16,3901724
32368,3901986,6,3901992
32369,3902025,9,3902034
32370,3902108,23,3902131
32371,3902207,21,3902228
32372,3902297,3,3902300
32373,3902304,15,3902319
32374,3902324,23,3902347
32375,3902376,20,3902396
32376,3902633,4,3902637
32377,3902689,48,3902737
32378,3902891,31,3902922
32379,3903018,31,3903049
32380,3903056,16,3903072
32381,3903078,12,3903090
32382,3903182,12,3903194
32383,3903311,15,3903326
32384,3903445,33,3903478
32385,3903536,4,3903540
32386,3903591,27,3903618
32387,3903755,22,3903777
32388,3903823,22,3903845
32389,3904007,4,3904011
32390,3904103,3,3904106
32391,3904111,53,3904164
32392,3904218,3,3904221
32393,3904350,35,3904385
32394,3904420,3,3904423
32395,3904446,49,3904495
32396,3904515,8,3904523
32397,3904632,5,3904637
32398,3904661,7,3904668
32399,3904747,61,3904808
32400,3904821,5,3904826
32401,3904866,1,3904867
32402,3904909,40,3904949
32403,3905138,37,3905175
32404,3905274,24,3905298
32405,3905340,56,3905396
32406,3905717,8,3905725
32407,3905735,12,3905747
32408,3905760,21,3905781
32409,3906364,16,3906380
32410,3906445,20,3906465
32411,3906509,30,3906539
32412,3906584,22,3906606
32413,3906689,19,3906708
32414,3906731,57,3906788
32415,3906876,6,3906882
32416,3906920,8,3906928
32417,3906971,17,3906988
32418,3907044,21,3907065
32419,3907158,1,3907159
32420,3907195,40,3907235
32421,3907264,39,3907303
32422,3907324,80,3907404
32423,3907423,5,3907428
32424,3907446,23,3907469
32425,3907535,32,3907567
32426,3907594,13,3907607
32427,3907828,55,3907883
32428,3907899,16,3907915
32429,3908004,39,3908043
32430,3908179,11,3908190
32431,3908266,29,3908295
32432,3908438,76,3908514
32433,3908575,20,3908595
32434,3908670,4,3908674
32435,3908841,60,3908901
32436,3908905,3,3908908
32437,3909256,5,3909261
32438,3909390,18,3909408
32439,3909461,30,3909491
32440,3909656,14,3909670
32441,3910109,48,3910157
32442,3910307,49,3910356
32443,3910385,26,3910411
32444,3910461,1,3910462
32445,3910477,3,3910480
32446,3910646,24,3910670
32447,3910714,55,3910769
32448,3911017,19,3911036
32449,3911089,4,3911093
32450,3911180,74,3911254
32451,3911377,35,3911412
32452,3911463,52,3911515
32453,3911522,6,3911528
32454,3911580,7,3911587
32455,3911609,7,3911616
32456,3911636,4,3911640
32457,3911663,15,3911678
32458,3911755,8,3911763
32459,3911770,20,3911790
32460,3911964,3,3911967
32461,3912020,10,3912030
32462,3912078,13,3912091
32463,3912095,14,3912109
32464,3912178,10,3912188
32465,3912221,50,3912271
32466,3912289,4,3912293
32467,3912321,5,3912326
32468,3912868,21,3912889
32469,3912962,10,3912972
32470,3913064,5,3913069
32471,3913070,5,3913075
32472,3913094,4,3913098
32473,3913138,25,3913163
32474,3913238,40,3913278
32475,3913287,3,3913290
32476,3913454,29,3913483
32477,3913523,23,3913546
32478,3913638,42,3913680
32479,3913779,4,3913783
32480,3913831,17,3913848
32481,3913868,12,3913880
32482,3914078,11,3914089
32483,3914097,23,3914120
32484,3914133,12,3914145
32485,3914149,24,3914173
32486,3914200,11,3914211
32487,3914649,1,3914650
32488,3914733,26,3914759
32489,3915029,10,3915039
32490,3915070,9,3915079
32491,3915339,9,3915348
32492,3915423,36,3915459
32493,3915894,36,3915930
32494,3916074,37,3916111
32495,3916443,11,3916454
32496,3916465,7,3916472
32497,3916790,6,3916796
32498,3917121,46,3917167
32499,3917173,17,3917190
32500,3917209,1,3917210
32501,3917370,17,3917387
32502,3917433,7,3917440
32503,3917459,21,3917480
32504,3917496,4,3917500
32505,3917565,66,3917631
32506,3917666,29,3917695
32507,3918103,26,3918129
32508,3918482,42,3918524
32509,3918774,7,3918781
32510,3918987,11,3918998
32511,3919007,24,3919031
32512,3919154,1,3919155
32513,3919167,14,3919181
32514,3919433,5,3919438
32515,3919463,1,3919464
32516,3919566,15,3919581
32517,3919627,22,3919649
32518,3919720,11,3919731
32519,3919783,38,3919821
32520,3920147,7,3920154
32521,3920167,15,3920182
32522,3920193,30,3920223
32523,3920226,3,3920229
32524,3920381,5,3920386
32525,3920423,6,3920429
32526,3920462,15,3920477
32527,3920489,9,3920498
32528,3920588,23,3920611
32529,3920895,39,3920934
32530,3920996,15,3921011
32531,3921244,2,3921246
32532,3921546,12,3921558
32533,3921603,31,3921634
32534,3921822,23,3921845
32535,3922060,19,3922079
32536,3922216,7,3922223
32537,3922301,53,3922354
32538,3922355,14,3922369
32539,3922498,21,3922519
32540,3922561,7,3922568
32541,3922622,19,3922641
32542,3922688,41,3922729
32543,3922740,29,3922769
32544,3922916,58,3922974
32545,3923205,8,3923213
32546,3923273,6,3923279
32547,3923296,51,3923347
32548,3923363,66,3923429
32549,3923459,4,3923463
32550,3923532,6,3923538
32551,3923594,47,3923641
32552,3923648,2,3923650
32553,3924088,4,3924092
32554,3924139,2,3924141
32555,3924235,13,3924248
32556,3925429,56,3925485
32557,3925588,3,3925591
32558,3925691,18,3925709
32559,3925728,5,3925733
32560,3925743,36,3925779
32561,3925876,49,3925925
32562,3926185,5,3926190
32563,3926240,28,3926268
32564,3926351,2,3926353
32565,3926537,2,3926539
32566,3926567,59,3926626
32567,3926650,38,3926688
32568,3926841,38,3926879
32569,3926887,69,3926956
32570,3926985,3,3926988
32571,3927133,10,3927143
32572,3927177,6,3927183
32573,3927206,26,3927232
32574,3927456,1,3927457
32575,3927525,1,3927526
32576,3927641,21,3927662
32577,3927745,16,3927761
32578,3927815,3,3927818
32579,3927956,6,3927962
32580,3928173,5,3928178
32581,3928200,13,3928213
32582,3928281,8,3928289
32583,3928667,2,3928669
32584,3928832,15,3928847
32585,3928941,11,3928952
32586,3928988,16,3929004
32587,3929090,6,3929096
32588,3929183,2,3929185
32589,3929254,26,3929280
32590,3929432,36,3929468
32591,3929517,67,3929584
32592,3929809,19,3929828
32593,3929881,38,3929919
32594,3930129,114,3930243
32595,3930291,19,3930310
32596,3930452,3,3930455
32597,3930531,2,3930533
32598,3930582,16,3930598
32599,3930817,7,3930824
32600,3931130,12,3931142
32601,3931529,3,3931532
32602,3931792,6,3931798
32603,3931957,23,3931980
32604,3932130,6,3932136
32605,3932199,14,3932213
32606,3932301,16,3932317
32607,3932480,30,3932510
32608,3932587,10,3932597
32609,3932619,26,3932645
32610,3932813,19,3932832
32611,3932872,4,3932876
32612,3932935,53,3932988
32613,3933057,21,3933078
32614,3933094,30,3933124
32615,3933351,8,3933359
32616,3933404,9,3933413
32617,3933499,48,3933547
32618,3933631,12,3933643
32619,3933733,45,3933778
32620,3933779,12,3933791
32621,3933937,28,3933965
32622,3934032,1,3934033
32623,3934063,10,3934073
32624,3934106,6,3934112
32625,3934202,3,3934205
32626,3934355,26,3934381
32627,3934434,30,3934464
32628,3934494,3,3934497
32629,3934571,10,3934581
32630,3934872,4,3934876
32631,3934987,10,3934997
32632,3935034,1,3935035
32633,3935207,11,3935218
32634,3935416,23,3935439
32635,3935537,13,3935550
32636,3935610,8,3935618
32637,3935693,5,3935698
32638,3935701,11,3935712
32639,3935751,24,3935775
32640,3935974,17,3935991
32641,3936238,18,3936256
32642,3936315,5,3936320
32643,3936360,20,3936380
32644,3936407,51,3936458
32645,3936606,1,3936607
32646,3936745,52,3936797
32647,3937177,20,3937197
32648,3937204,5,3937209
32649,3937237,18,3937255
32650,3937264,13,3937277
32651,3937680,12,3937692
32652,3937869,4,3937873
32653,3938024,56,3938080
32654,3938310,62,3938372
32655,3938541,19,3938560
32656,3938584,2,3938586
32657,3938701,5,3938706
32658,3938954,31,3938985
32659,3939243,3,3939246
32660,3939255,8,3939263
32661,3939356,33,3939389
32662,3939553,1,3939554
32663,3939560,106,3939666
32664,3939700,8,3939708
32665,3940070,12,3940082
32666,3940091,3,3940094
32667,3940210,15,3940225
32668,3940404,5,3940409
32669,3940423,28,3940451
32670,3940519,17,3940536
32671,3940560,12,3940572
32672,3940621,17,3940638
32673,3940704,48,3940752
32674,3940909,121,3941030
32675,3941117,2,3941119
32676,3941734,9,3941743
32677,3941856,2,3941858
32678,3941934,38,3941972
32679,3942066,116,3942182
32680,3942396,80,3942476
32681,3942560,65,3942625
32682,3942638,14,3942652
32683,3942697,4,3942701
32684,3942709,14,3942723
32685,3942744,34,3942778
32686,3942917,49,3942966
32687,3943173,27,3943200
32688,3943295,10,3943305
32689,3943407,48,3943455
32690,3943766,1,3943767
32691,3943831,4,3943835
32692,3944170,33,3944203
32693,3944240,8,3944248
32694,3944370,17,3944387
32695,3944403,81,3944484
32696,3944753,6,3944759
32697,3944890,26,3944916
32698,3944957,4,3944961
32699,3944968,18,3944986
32700,3945100,1,3945101
32701,3945108,11,3945119
32702,3945244,9,3945253
32703,3945538,10,3945548
32704,3945606,19,3945625
32705,3945999,4,3946003
32706,3946110,12,3946122
32707,3946196,10,3946206
32708,3946351,16,3946367
32709,3946560,7,3946567
32710,3946579,2,3946581
32711,3946768,6,3946774
32712,3946965,8,3946973
32713,3947000,25,3947025
32714,3947058,11,3947069
32715,3947117,8,3947125
32716,3947144,8,3947152
32717,3947183,42,3947225
32718,3947227,36,3947263
32719,3947286,49,3947335
32720,3947362,40,3947402
32721,3947791,19,3947810
32722,3948199,56,3948255
32723,3948264,23,3948287
32724,3948349,2,3948351
32725,3948407,3,3948410
32726,3948502,76,3948578
32727,3948652,50,3948702
32728,3948905,14,3948919
32729,3948950,42,3948992
32730,3949007,6,3949013
32731,3949048,12,3949060
32732,3949093,2,3949095
32733,3949141,25,3949166
32734,3949189,28,3949217
32735,3949274,23,3949297
32736,3949467,8,3949475
32737,3949583,1,3949584
32738,3949678,63,3949741
32739,3949747,33,3949780
32740,3949860,7,3949867
32741,3949910,17,3949927
32742,3950394,33,3950427
32743,3950692,12,3950704
32744,3951037,14,3951051
32745,3951181,20,3951201
32746,3951273,33,3951306
32747,3951336,15,3951351
32748,3951545,7,3951552
32749,3951597,3,3951600
32750,3951666,19,3951685
32751,3951691,2,3951693
32752,3952010,88,3952098
32753,3952388,5,3952393
32754,3952562,36,3952598
32755,3952657,3,3952660
32756,3952725,14,3952739
32757,3952809,5,3952814
32758,3953049,14,3953063
32759,3953113,15,3953128
32760,3953184,29,3953213
32761,3953292,5,3953297
32762,3953304,15,3953319
32763,3953424,22,3953446
32764,3953479,18,3953497
32765,3953512,2,3953514
32766,3953590,16,3953606
32767,3953657,16,3953673
32768,3953918,17,3953935
32769,3953951,4,3953955
32770,3954130,48,3954178
32771,3954194,43,3954237
32772,3954301,2,3954303
32773,3954417,25,3954442
32774,3954573,20,3954593
32775,3954633,6,3954639
32776,3954803,24,3954827
32777,3954840,82,3954922
32778,3954968,1,3954969
32779,3954981,1,3954982
32780,3955050,9,3955059
32781,3955061,9,3955070
32782,3955300,7,3955307
32783,3955324,13,3955337
32784,3955407,24,3955431
32785,3955622,49,3955671
32786,3955709,3,3955712
32787,3955754,9,3955763
32788,3955855,24,3955879
32789,3956080,3,3956083
32790,3956269,8,3956277
32791,3956365,6,3956371
32792,3956390,70,3956460
32793,3956595,19,3956614
32794,3956653,15,3956668
32795,3956669,8,3956677
32796,3956886,25,3956911
32797,3956921,6,3956927
32798,3957038,29,3957067
32799,3957075,7,3957082
32800,3957147,23,3957170
32801,3957246,15,3957261
32802,3957688,9,3957697
32803,3957733,4,3957737
32804,3957803,10,3957813
32805,3957829,16,3957845
32806,3957853,10,3957863
32807,3957873,29,3957902
32808,3957951,15,3957966
32809,3958245,38,3958283
32810,3958414,1,3958415
32811,3958876,42,3958918
32812,3958920,13,3958933
32813,3958937,4,3958941
32814,3959007,4,3959011
32815,3959133,87,3959220
32816,3959221,10,3959231
32817,3959399,13,3959412
32818,3959492,16,3959508
32819,3959628,6,3959634
32820,3959736,2,3959738
32821,3959877,2,3959879
32822,3959893,7,3959900
32823,3959973,9,3959982
32824,3960121,2,3960123
32825,3960164,12,3960176
32826,3960237,33,3960270
32827,3960381,23,3960404
32828,3960584,2,3960586
32829,3960715,8,3960723
32830,3960766,26,3960792
32831,3960945,22,3960967
32832,3961076,42,3961118
32833,3961210,74,3961284
32834,3961385,49,3961434
32835,3961556,31,3961587
32836,3961645,3,3961648
32837,3961774,27,3961801
32838,3961934,3,3961937
32839,3962059,10,3962069
32840,3962095,5,3962100
32841,3962145,1,3962146
32842,3962162,21,3962183
32843,3962252,8,3962260
32844,3962309,1,3962310
32845,3962346,39,3962385
32846,3962418,28,3962446
32847,3962459,44,3962503
32848,3962562,21,3962583
32849,3962656,52,3962708
32850,3962788,7,3962795
32851,3962892,5,3962897
32852,3962928,4,3962932
32853,3962962,28,3962990
32854,3963224,95,3963319
32855,3963370,58,3963428
32856,3963454,13,3963467
32857,3963569,22,3963591
32858,3963801,12,3963813
32859,3963873,9,3963882
32860,3963964,12,3963976
32861,3964626,2,3964628
32862,3964632,12,3964644
32863,3964893,28,3964921
32864,3964943,6,3964949
32865,3965034,12,3965046
32866,3965434,20,3965454
32867,3965547,3,3965550
32868,3965737,9,3965746
32869,3965934,31,3965965
32870,3965972,4,3965976
32871,3966116,3,3966119
32872,3966169,35,3966204
32873,3966561,5,3966566
32874,3966621,28,3966649
32875,3966690,21,3966711
32876,3966943,17,3966960
32877,3966996,27,3967023
32878,3967047,1,3967048
32879,3967436,11,3967447
32880,3967471,24,3967495
32881,3967701,20,3967721
32882,3968166,32,3968198
32883,3968212,24,3968236
32884,3968242,21,3968263
32885,3968305,47,3968352
32886,3968382,16,3968398
32887,3968450,47,3968497
32888,3968526,18,3968544
32889,3968565,16,3968581
32890,3968709,4,3968713
32891,3968720,1,3968721
32892,3968784,1,3968785
32893,3968866,81,3968947
32894,3968952,17,3968969
32895,3969248,93,3969341
32896,3969377,19,3969396
32897,3969405,24,3969429
32898,3969565,12,3969577
32899,3969642,29,3969671
32900,3969754,19,3969773
32901,3969977,6,3969983
32902,3970157,26,3970183
32903,3970208,93,3970301
32904,3970581,28,3970609
32905,3970792,27,3970819
32906,3970864,2,3970866
32907,3971025,2,3971027
32908,3971040,9,3971049
32909,3971057,3,3971060
32910,3971105,12,3971117
32911,3971193,34,3971227
32912,3971546,73,3971619
32913,3971627,13,3971640
32914,3971823,31,3971854
32915,3971871,3,3971874
32916,3972024,22,3972046
32917,3972053,8,3972061
32918,3972170,23,3972193
32919,3972231,12,3972243
32920,3972805,6,3972811
32921,3972848,15,3972863
32922,3973364,20,3973384
32923,3973434,19,3973453
32924,3973498,5,3973503
32925,3973531,18,3973549
32926,3973836,9,3973845
32927,3974045,9,3974054
32928,3974061,25,3974086
32929,3974283,20,3974303
32930,3974312,27,3974339
32931,3974438,19,3974457
32932,3974750,6,3974756
32933,3974767,59,3974826
32934,3975122,7,3975129
32935,3975175,23,3975198
32936,3975290,13,3975303
32937,3975426,2,3975428
32938,3975560,35,3975595
32939,3975719,14,3975733
32940,3975793,34,3975827
32941,3975932,41,3975973
32942,3975987,2,3975989
32943,3976046,65,3976111
32944,3976140,24,3976164
32945,3976399,12,3976411
32946,3976849,8,3976857
32947,3976901,6,3976907
32948,3976934,29,3976963
32949,3977059,17,3977076
32950,3977422,36,3977458
32951,3977720,2,3977722
32952,3977732,39,3977771
32953,3977841,19,3977860
32954,3977961,9,3977970
32955,3978111,23,3978134
32956,3978411,66,3978477
32957,3978483,14,3978497
32958,3978834,14,3978848
32959,3978864,3,3978867
32960,3978995,70,3979065
32961,3979145,9,3979154
32962,3979437,10,3979447
32963,3979502,50,3979552
32964,3979612,42,3979654
32965,3979815,5,3979820
32966,3979978,7,3979985
32967,3980377,31,3980408
32968,3980977,21,3980998
32969,3981298,49,3981347
32970,3981382,33,3981415
32971,3981560,6,3981566
32972,3981646,13,3981659
32973,3981716,8,3981724
32974,3981740,1,3981741
32975,3981744,40,3981784
32976,3981851,32,3981883
32977,3982108,7,3982115
32978,3982209,8,3982217
32979,3982433,9,3982442
32980,3982763,20,3982783
32981,3982833,22,3982855
32982,3982871,2,3982873
32983,3982948,2,3982950
32984,3983390,6,3983396
32985,3983507,52,3983559
32986,3983649,10,3983659
32987,3983740,37,3983777
32988,3984010,13,3984023
32989,3984026,26,3984052
32990,3984058,7,3984065
32991,3984069,4,3984073
32992,3984443,22,3984465
32993,3984531,12,3984543
32994,3984614,27,3984641
32995,3984693,27,3984720
32996,3984823,18,3984841
32997,3984945,15,3984960
32998,3985105,44,3985149
32999,3985215,17,3985232
33000,3985276,14,3985290
33001,3985298,4,3985302
33002,3985348,1,3985349
33003,3985680,24,3985704
33004,3985748,17,3985765
33005,3985787,13,3985800
33006,3985902,3,3985905
33007,3985954,9,3985963
33008,3986049,27,3986076
33009,3986092,11,3986103
33010,3986447,12,3986459
33011,3986471,5,3986476
33012,3986661,23,3986684
33013,3986699,1,3986700
33014,3986792,17,3986809
33015,3986832,14,3986846
33016,3986860,9,3986869
33017,3986983,36,3987019
33018,3987037,7,3987044
33019,3987156,10,3987166
33020,3987224,31,3987255
33021,3987617,13,3987630
33022,3987692,40,3987732
33023,3987757,25,3987782
33024,3987948,5,3987953
33025,3988061,6,3988067
33026,3988076,1,3988077
33027,3988242,83,3988325
33028,3988504,2,3988506
33029,3988623,18,3988641
33030,3988678,6,3988684
33031,3988714,7,3988721
33032,3989218,29,3989247
33033,3989511,14,3989525
33034,3989601,19,3989620
33035,3989888,4,3989892
33036,3989940,23,3989963
33037,3989977,25,3990002
33038,3990035,9,3990044
33039,3990138,4,3990142
33040,3990160,10,3990170
33041,3990236,20,3990256
33042,3990536,18,3990554
33043,3990560,10,3990570
33044,3990602,4,3990606
33045,3990732,1,3990733
33046,3990891,19,3990910
33047,3991116,15,3991131
33048,3991140,5,3991145
33049,3991240,5,3991245
33050,3991317,25,3991342
33051,3991344,3,3991347
33052,3991394,9,3991403
33053,3991447,16,3991463
33054,3991494,19,3991513
33055,3991523,24,3991547
33056,3991559,32,3991591
33057,3991750,42,3991792
33058,3991858,30,3991888
33059,3992082,10,3992092
33060,3992117,13,3992130
33061,3992162,4,3992166
33062,3992196,11,3992207
33063,3992219,19,3992238
33064,3992258,46,3992304
33065,3992340,1,3992341
33066,3992650,13,3992663
33067,3992666,19,3992685
33068,3992732,15,3992747
33069,3992771,26,3992797
33070,3992843,11,3992854
33071,3992984,16,3993000
33072,3993287,3,3993290
33073,3993307,5,3993312
33074,3993316,77,3993393
33075,3993899,48,3993947
33076,3994029,9,3994038
33077,3994052,15,3994067
33078,3994110,14,3994124
33079,3994328,14,3994342
33080,3994387,9,3994396
33081,3994496,7,3994503
33082,3994618,6,3994624
33083,3994648,3,3994651
33084,3994664,4,3994668
33085,3994752,46,3994798
33086,3994830,16,3994846
33087,3994933,28,3994961
33088,3995087,7,3995094
33089,3995315,6,3995321
33090,3995324,35,3995359
33091,3995360,23,3995383
33092,3995749,1,3995750
33093,3995753,3,3995756
33094,3995849,16,3995865
33095,3995941,4,3995945
33096,3996116,7,3996123
33097,3996137,16,3996153
33098,3996173,23,3996196
33099,3996403,1,3996404
33100,3996420,5,3996425
33101,3996437,10,3996447
33102,3996635,15,3996650
33103,3996739,14,3996753
33104,3996778,14,3996792
33105,3996901,24,3996925
33106,3997333,32,3997365
33107,3997492,57,3997549
33108,3997747,12,3997759
33109,3997783,7,3997790
33110,3997808,53,3997861
33111,3997883,32,3997915
33112,3998097,18,3998115
33113,3998185,1,3998186
33114,3998202,24,3998226
33115,3998378,12,3998390
33116,3998617,2,3998619
33117,3998690,7,3998697
33118,3998721,3,3998724
33119,3998870,9,3998879
33120,3998948,49,3998997
33121,3999044,43,3999087
33122,3999238,9,3999247
33123,3999350,28,3999378
33124,3999443,47,3999490
33125,3999491,18,3999509
33126,3999719,5,3999724
33127,3999967,39,4000006
33128,4000020,5,4000025
33129,4000031,15,4000046
33130,4000136,17,4000153
33131,4000171,15,4000186
33132,4000283,6,4000289
33133,4000307,23,4000330
33134,4000374,2,4000376
33135,4000605,14,4000619
33136,4000651,4,4000655
33137,4000681,26,4000707
33138,4000780,14,4000794
33139,4000959,6,4000965
33140,4000990,47,4001037
33141,4001060,79,4001139
33142,4001207,38,4001245
33143,4001286,49,4001335
33144,4001449,20,4001469
33145,4001507,24,4001531
33146,4001619,19,4001638
33147,4001813,12,4001825
33148,4001847,1,4001848
33149,4001904,8,4001912
33150,4001946,10,4001956
33151,4002306,5,4002311
33152,4002381,54,4002435
33153,4002615,3,4002618
33154,4002692,10,4002702
33155,4002986,14,4003000
33156,4003119,2,4003121
33157,4003128,7,4003135
33158,4003160,8,4003168
33159,4003181,13,4003194
33160,4003255,14,4003269
33161,4003477,23,4003500
33162,4003580,33,4003613
33163,4003648,55,4003703
33164,4003796,10,4003806
33165,4004148,16,4004164
33166,4004186,7,4004193
33167,4004206,8,4004214
33168,4004307,56,4004363
33169,4004420,3,4004423
33170,4004641,3,4004644
33171,4004701,6,4004707
33172,4004758,10,4004768
33173,4004851,3,4004854
33174,4004894,24,4004918
33175,4005010,10,4005020
33176,4005080,49,4005129
33177,4005207,23,4005230
33178,4005280,3,4005283
33179,4005298,30,4005328
33180,4005370,2,4005372
33181,4005384,9,4005393
33182,4005413,34,4005447
33183,4005710,25,4005735
33184,4005766,6,4005772
33185,4005871,2,4005873
33186,4005936,3,4005939
33187,4005964,27,4005991
33188,4006022,16,4006038
33189,4006049,31,4006080
33190,4006405,20,4006425
33191,4006484,55,4006539
33192,4006541,14,4006555
33193,4006588,4,4006592
33194,4006598,20,4006618
33195,4006698,15,4006713
33196,4006878,41,4006919
33197,4007191,4,4007195
33198,4007275,10,4007285
33199,4007475,6,4007481
33200,4007521,10,4007531
33201,4007564,50,4007614
33202,4007749,2,4007751
33203,4007754,16,4007770
33204,4007827,7,4007834
33205,4007879,24,4007903
33206,4007981,33,4008014
33207,4008036,18,4008054
33208,4008057,8,4008065
33209,4008239,18,4008257
33210,4008270,8,4008278
33211,4008329,45,4008374
33212,4008411,33,4008444
33213,4008756,44,4008800
33214,4008826,2,4008828
33215,4008833,14,4008847
33216,4008909,24,4008933
33217,4008982,34,4009016
33218,4009219,24,4009243
33219,4009259,9,4009268
33220,4009370,31,4009401
33221,4009427,53,4009480
33222,4009553,37,4009590
33223,4009617,8,4009625
33224,4009890,7,4009897
33225,4010201,14,4010215
33226,4010239,28,4010267
33227,4010405,6,4010411
33228,4010461,27,4010488
33229,4010546,12,4010558
33230,4010579,33,4010612
33231,4010711,19,4010730
33232,4010747,24,4010771
33233,4010811,24,4010835
33234,4010879,30,4010909
33235,4010919,31,4010950
33236,4011037,5,4011042
33237,4011066,7,4011073
33238,4011087,6,4011093
33239,4011124,24,4011148
33240,4011239,25,4011264
33241,4011275,30,4011305
33242,4011465,35,4011500
33243,4011661,80,4011741
33244,4011770,3,4011773
33245,4011972,19,4011991
33246,4012269,4,4012273
33247,4012402,66,4012468
33248,4012494,42,4012536
33249,4013200,51,4013251
33250,4013271,4,4013275
33251,4013545,3,4013548
33252,4013615,12,4013627
33253,4013633,34,4013667
33254,4013822,3,4013825
33255,4013840,13,4013853
33256,4013999,6,4014005
33257,4014080,24,4014104
33258,4014200,27,4014227
33259,4014261,21,4014282
33260,4014297,58,4014355
33261,4014501,27,4014528
33262,4014614,4,4014618
33263,4014795,1,4014796
33264,4014806,16,4014822
33265,4014829,4,4014833
33266,4015108,6,4015114
33267,4015179,19,4015198
33268,4015318,20,4015338
33269,4015542,25,4015567
33270,4015771,12,4015783
33271,4016014,19,4016033
33272,4016407,5,4016412
33273,4016531,30,4016561
33274,4016714,5,4016719
33275,4016774,21,4016795
33276,4016813,20,4016833
33277,4016941,74,4017015
33278,4017123,34,4017157
33279,4017236,17,4017253
33280,4017300,8,4017308
33281,4017323,49,4017372
33282,4017575,23,4017598
33283,4017745,18,4017763
33284,4018006,18,4018024
33285,4018052,31,4018083
33286,4018112,8,4018120
33287,4018232,5,4018237
33288,4018278,37,4018315
33289,4018349,21,4018370
33290,4018522,23,4018545
33291,4018637,11,4018648
33292,4018839,31,4018870
33293,4018926,7,4018933
33294,4018960,5,4018965
33295,4019081,61,4019142
33296,4019181,36,4019217
33297,4019228,4,4019232
33298,4019288,24,4019312
33299,4019317,12,4019329
33300,4019465,24,4019489
33301,4019538,14,4019552
33302,4019700,47,4019747
33303,4019932,29,4019961
33304,4020074,27,4020101
33305,4020140,64,4020204
33306,4020313,2,4020315
33307,4020458,17,4020475
33308,4020700,14,4020714
33309,4020816,6,4020822
33310,4020973,2,4020975
33311,4020997,27,4021024
33312,4021108,2,4021110
33313,4021183,2,4021185
33314,4021291,6,4021297
33315,4021398,28,4021426
33316,4021431,29,4021460
33317,4021514,21,4021535
33318,4021592,25,4021617
33319,4021624,8,4021632
33320,4021751,15,4021766
33321,4021864,28,4021892
33322,4021960,23,4021983
33323,4021994,11,4022005
33324,4022081,30,4022111
33325,4022243,25,4022268
33326,4022312,4,4022316
33327,4022780,42,4022822
33328,4022837,9,4022846
33329,4022905,1,4022906
33330,4022987,33,4023020
33331,4023542,27,4023569
33332,4023739,4,4023743
33333,4023790,56,4023846
33334,4023950,35,4023985
33335,4024051,32,4024083
33336,4024087,14,4024101
33337,4024125,13,4024138
33338,4024426,39,4024465
33339,4024541,1,4024542
33340,4024557,9,4024566
33341,4024615,15,4024630
33342,4024814,5,4024819
33343,4024894,15,4024909
33344,4025016,8,4025024
33345,4025137,5,4025142
33346,4025234,3,4025237
33347,4025249,5,4025254
33348,4025271,7,4025278
33349,4025525,1,4025526
33350,4025793,17,4025810
33351,4026059,25,4026084
33352,4026244,13,4026257
33353,4026433,53,4026486
33354,4026553,54,4026607
33355,4026612,15,4026627
33356,4026664,1,4026665
33357,4026707,76,4026783
33358,4026850,2,4026852
33359,4026905,8,4026913
33360,4027061,22,4027083
33361,4027337,6,4027343
33362,4027462,24,4027486
33363,4027671,23,4027694
33364,4027896,24,4027920
33365,4028085,4,4028089
33366,4028351,8,4028359
33367,4028393,14,4028407
33368,4028486,13,4028499
33369,4028519,17,4028536
33370,4028588,16,4028604
33371,4028736,20,4028756
33372,4028929,25,4028954
33373,4028978,39,4029017
33374,4029180,26,4029206
33375,4029225,46,4029271
33376,4029379,28,4029407
33377,4029540,26,4029566
33378,4029590,44,4029634
33379,4029754,26,4029780
33380,4029996,10,4030006
33381,4030035,31,4030066
33382,4030137,1,4030138
33383,4030141,23,4030164
33384,4030214,17,4030231
33385,4030252,1,4030253
33386,4030356,32,4030388
33387,4030540,53,4030593
33388,4030612,34,4030646
33389,4030735,22,4030757
33390,4030811,7,4030818
33391,4030912,2,4030914
33392,4031266,3,4031269
33393,4031531,24,4031555
33394,4031564,23,4031587
33395,4031700,11,4031711
33396,4031747,25,4031772
33397,4031932,7,4031939
33398,4032548,57,4032605
33399,4032813,35,4032848
33400,4032996,4,4033000
33401,4033122,13,4033135
33402,4033184,23,4033207
33403,4033263,7,4033270
33404,4033289,67,4033356
33405,4033363,7,4033370
33406,4033375,16,4033391
33407,4033760,5,4033765
33408,4033786,11,4033797
33409,4033811,1,4033812
33410,4033819,59,4033878
33411,4033927,13,4033940
33412,4034099,24,4034123
33413,4034302,33,4034335
33414,4034411,13,4034424
33415,4034482,2,4034484
33416,4034659,50,4034709
33417,4034903,39,4034942
33418,4034960,9,4034969
33419,4035331,13,4035344
33420,4035499,15,4035514
33421,4035567,34,4035601
33422,4035774,1,4035775
33423,4035816,9,4035825
33424,4035850,8,4035858
33425,4036076,11,4036087
33426,4036177,23,4036200
33427,4036241,3,4036244
33428,4036252,69,4036321
33429,4036416,39,4036455
33430,4036512,47,4036559
33431,4036701,2,4036703
33432,4036783,36,4036819
33433,4036856,7,4036863
33434,4036908,6,4036914
33435,4037021,9,4037030
33436,4037044,1,4037045
33437,4037186,15,4037201
33438,4037336,19,4037355
33439,4037383,17,4037400
33440,4037473,1,4037474
33441,4037625,6,4037631
33442,4037650,25,4037675
33443,4038079,12,4038091
33444,4038204,2,4038206
33445,4038239,11,4038250
33446,4038343,21,4038364
33447,4038439,4,4038443
33448,4038468,20,4038488
33449,4038574,73,4038647
33450,4038920,1,4038921
33451,4038972,97,4039069
33452,4039138,15,4039153
33453,4039218,37,4039255
33454,4039317,76,4039393
33455,4039454,74,4039528
33456,4039536,12,4039548
33457,4039552,6,4039558
33458,4039634,1,4039635
33459,4039668,9,4039677
33460,4039700,11,4039711
33461,4039734,12,4039746
33462,4039758,3,4039761
33463,4039888,29,4039917
33464,4039918,23,4039941
33465,4039960,43,4040003
33466,4040108,22,4040130
33467,4040166,11,4040177
33468,4040273,30,4040303
33469,4040538,3,4040541
33470,4040653,24,4040677
33471,4040866,8,4040874
33472,4041034,15,4041049
33473,4041080,24,4041104
33474,4041110,2,4041112
33475,4041221,12,4041233
33476,4041239,10,4041249
33477,4041328,5,4041333
33478,4041461,15,4041476
33479,4041669,8,4041677
33480,4041958,5,4041963
33481,4042175,7,4042182
33482,4042284,2,4042286
33483,4042357,38,4042395
33484,4042783,15,4042798
33485,4042873,1,4042874
33486,4042921,11,4042932
33487,4043165,4,4043169
33488,4043206,18,4043224
33489,4043330,27,4043357
33490,4043404,19,4043423
33491,4043497,25,4043522
33492,4043549,13,4043562
33493,4043622,23,4043645
33494,4043807,5,4043812
33495,4043829,2,4043831
33496,4043842,8,4043850
33497,4044014,5,4044019
33498,4044330,59,4044389
33499,4044471,21,4044492
33500,4044648,15,4044663
33501,4044689,2,4044691
33502,4044768,3,4044771
33503,4044806,25,4044831
33504,4044858,18,4044876
33505,4044887,10,4044897
33506,4045377,15,4045392
33507,4045414,20,4045434
33508,4045508,45,4045553
33509,4045697,35,4045732
33510,4045919,26,4045945
33511,4046094,19,4046113
33512,4046118,58,4046176
33513,4046312,16,4046328
33514,4046395,19,4046414
33515,4046446,10,4046456
33516,4046465,13,4046478
33517,4046547,2,4046549
33518,4046605,29,4046634
33519,4046635,8,4046643
33520,4046713,7,4046720
33521,4046739,18,4046757
33522,4046907,5,4046912
33523,4046929,1,4046930
33524,4046946,14,4046960
33525,4047055,5,4047060
33526,4047137,18,4047155
33527,4047156,34,4047190
33528,4047234,1,4047235
33529,4047635,20,4047655
33530,4047657,19,4047676
33531,4047744,75,4047819
33532,4047963,11,4047974
33533,4048002,10,4048012
33534,4048158,29,4048187
33535,4048191,27,4048218
33536,4048229,25,4048254
33537,4048280,22,4048302
33538,4048410,36,4048446
33539,4048478,27,4048505
33540,4048607,9,4048616
33541,4048670,2,4048672
33542,4048714,15,4048729
33543,4048812,33,4048845
33544,4049046,26,4049072
33545,4049307,17,4049324
33546,4049389,59,4049448
33547,4049516,19,4049535
33548,4049617,5,4049622
33549,4049641,1,4049642
33550,4049852,25,4049877
33551,4049918,6,4049924
33552,4050032,5,4050037
33553,4050126,10,4050136
33554,4050232,4,4050236
33555,4050260,4,4050264
33556,4050322,6,4050328
33557,4050508,4,4050512
33558,4050782,13,4050795
33559,4050848,8,4050856
33560,4050921,30,4050951
33561,4051370,17,4051387
33562,4051638,8,4051646
33563,4051800,10,4051810
33564,4051848,1,4051849
33565,4051911,12,4051923
33566,4052008,14,4052022
33567,4052080,6,4052086
33568,4052095,31,4052126
33569,4052206,2,4052208
33570,4052262,31,4052293
33571,4052314,7,4052321
33572,4052477,2,4052479
33573,4052647,12,4052659
33574,4052801,33,4052834
33575,4053013,6,4053019
33576,4053109,18,4053127
33577,4053231,3,4053234
33578,4053313,54,4053367
33579,4053402,13,4053415
33580,4053502,9,4053511
33581,4053554,17,4053571
33582,4053631,23,4053654
33583,4053738,9,4053747
33584,4053756,43,4053799
33585,4053831,31,4053862
33586,4053893,20,4053913
33587,4054027,107,4054134
33588,4054154,22,4054176
33589,4054231,5,4054236
33590,4054297,1,4054298
33591,4054334,19,4054353
33592,4054385,13,4054398
33593,4054514,14,4054528
33594,4054738,11,4054749
33595,4054891,33,4054924
33596,4055004,32,4055036
33597,4055049,26,4055075
33598,4055082,25,4055107
33599,4055204,4,4055208
33600,4055216,23,4055239
33601,4055307,38,4055345
33602,4055437,7,4055444
33603,4055450,6,4055456
33604,4055535,15,4055550
33605,4055582,1,4055583
33606,4055603,18,4055621
33607,4055826,5,4055831
33608,4055978,5,4055983
33609,4056122,56,4056178
33610,4056250,3,4056253
33611,4056356,1,4056357
33612,4056456,7,4056463
33613,4056634,69,4056703
33614,4056774,45,4056819
33615,4056899,18,4056917
33616,4056977,1,4056978
33617,4056993,2,4056995
33618,4057095,1,4057096
33619,4057146,2,4057148
33620,4057286,7,4057293
33621,4057467,22,4057489
33622,4057597,14,4057611
33623,4057670,16,4057686
33624,4057843,17,4057860
33625,4058053,8,4058061
33626,4058289,12,4058301
33627,4058340,61,4058401
33628,4058411,49,4058460
33629,4058501,7,4058508
33630,4058515,13,4058528
33631,4058611,2,4058613
33632,4058676,69,4058745
33633,4058749,28,4058777
33634,4058847,4,4058851
33635,4058854,3,4058857
33636,4058883,9,4058892
33637,4058935,28,4058963
33638,4059066,16,4059082
33639,4059318,23,4059341
33640,4059446,8,4059454
33641,4059617,15,4059632
33642,4059756,42,4059798
33643,4059840,8,4059848
33644,4060273,25,4060298
33645,4060385,11,4060396
33646,4060441,1,4060442
33647,4060587,10,4060597
33648,4060627,15,4060642
33649,4060800,9,4060809
33650,4060832,6,4060838
33651,4060885,33,4060918
33652,4060972,13,4060985
33653,4061038,21,4061059
33654,4061060,4,4061064
33655,4061194,14,4061208
33656,4061240,34,4061274
33657,4061371,38,4061409
33658,4061492,35,4061527
33659,4061550,5,4061555
33660,4061590,4,4061594
33661,4061683,5,4061688
33662,4061695,2,4061697
33663,4061812,66,4061878
33664,4061896,22,4061918
33665,4062006,39,4062045
33666,4062101,16,4062117
33667,4062188,5,4062193
33668,4062240,9,4062249
33669,4062422,1,4062423
33670,4062544,10,4062554
33671,4062632,54,4062686
33672,4062718,12,4062730
33673,4062786,10,4062796
33674,4062981,9,4062990
33675,4063096,17,4063113
33676,4063186,9,4063195
33677,4064047,3,4064050
33678,4064127,3,4064130
33679,4064325,18,4064343
33680,4064352,13,4064365
33681,4064406,47,4064453
33682,4064505,45,4064550
33683,4064762,12,4064774
33684,4064809,14,4064823
33685,4064859,22,4064881
33686,4064963,39,4065002
33687,4065019,8,4065027
33688,4065036,9,4065045
33689,4065073,12,4065085
33690,4065107,11,4065118
33691,4065267,3,4065270
33692,4065713,5,4065718
33693,4065947,5,4065952
33694,4065958,61,4066019
33695,4066100,98,4066198
33696,4066267,19,4066286
33697,4066296,12,4066308
33698,4066471,25,4066496
33699,4066555,16,4066571
33700,4066876,9,4066885
33701,4067079,9,4067088
33702,4067118,1,4067119
33703,4067134,99,4067233
33704,4067273,30,4067303
33705,4067387,6,4067393
33706,4067459,15,4067474
33707,4067527,25,4067552
33708,4067689,60,4067749
33709,4068064,2,4068066
33710,4068131,16,4068147
33711,4068358,17,4068375
33712,4068457,2,4068459
33713,4068567,19,4068586
33714,4068693,6,4068699
33715,4068740,10,4068750
33716,4068872,8,4068880
33717,4068967,32,4068999
33718,4069039,62,4069101
33719,4069136,10,4069146
33720,4069319,2,4069321
33721,4069366,9,4069375
33722,4069558,111,4069669
33723,4069939,29,4069968
33724,4069983,36,4070019
33725,4070218,13,4070231
33726,4070463,20,4070483
33727,4070486,3,4070489
33728,4070494,19,4070513
33729,4070701,16,4070717
33730,4070865,11,4070876
33731,4070964,32,4070996
33732,4071039,4,4071043
33733,4071126,14,4071140
33734,4071146,41,4071187
33735,4071308,7,4071315
33736,4071379,18,4071397
33737,4071477,14,4071491
33738,4071622,21,4071643
33739,4071644,1,4071645
33740,4071697,26,4071723
33741,4071777,9,4071786
33742,4071960,26,4071986
33743,4072159,14,4072173
33744,4072215,23,4072238
33745,4072239,46,4072285
33746,4072335,1,4072336
33747,4072514,7,4072521
33748,4072745,2,4072747
33749,4072764,32,4072796
33750,4072856,53,4072909
33751,4072929,143,4073072
33752,4073116,27,4073143
33753,4073231,5,4073236
33754,4073281,47,4073328
33755,4073647,16,4073663
33756,4073757,4,4073761
33757,4073967,30,4073997
33758,4074048,11,4074059
33759,4074073,37,4074110
33760,4074175,46,4074221
33761,4074297,17,4074314
33762,4074388,23,4074411
33763,4074450,1,4074451
33764,4074641,5,4074646
33765,4074676,1,4074677
33766,4074719,21,4074740
33767,4075024,7,4075031
33768,4075615,50,4075665
33769,4075822,2,4075824
33770,4075984,60,4076044
33771,4076149,12,4076161
33772,4076547,8,4076555
33773,4076571,30,4076601
33774,4076611,15,4076626
33775,4076657,12,4076669
33776,4076771,3,4076774
33777,4077028,48,4077076
33778,4077278,6,4077284
33779,4077396,46,4077442
33780,4077514,33,4077547
33781,4077625,8,4077633
33782,4077834,6,4077840
33783,4077927,17,4077944
33784,4078046,8,4078054
33785,4078280,2,4078282
33786,4078354,17,4078371
33787,4078390,4,4078394
33788,4078413,26,4078439
33789,4078547,45,4078592
33790,4078621,10,4078631
33791,4078638,10,4078648
33792,4078836,5,4078841
33793,4078887,1,4078888
33794,4079066,12,4079078
33795,4079133,23,4079156
33796,4079167,22,4079189
33797,4079393,31,4079424
33798,4079443,10,4079453
33799,4079499,15,4079514
33800,4079522,11,4079533
33801,4079575,21,4079596
33802,4079827,48,4079875
33803,4080105,26,4080131
33804,4080181,28,4080209
33805,4080279,12,4080291
33806,4080387,70,4080457
33807,4080550,59,4080609
33808,4080694,7,4080701
33809,4080721,41,4080762
33810,4081008,9,4081017
33811,4081205,18,4081223
33812,4081361,47,4081408
33813,4081435,5,4081440
33814,4081489,8,4081497
33815,4081574,34,4081608
33816,4081616,10,4081626
33817,4081855,11,4081866
33818,4081947,35,4081982
33819,4082008,12,4082020
33820,4082038,9,4082047
33821,4082077,34,4082111
33822,4082476,1,4082477
33823,4082623,63,4082686
33824,4082726,31,4082757
33825,4082831,12,4082843
33826,4082874,14,4082888
33827,4082957,46,4083003
33828,4083034,95,4083129
33829,4083217,5,4083222
33830,4083256,7,4083263
33831,4083306,15,4083321
33832,4083359,1,4083360
33833,4083454,3,4083457
33834,4083509,24,4083533
33835,4083538,6,4083544
33836,4083744,4,4083748
33837,4083842,8,4083850
33838,4084168,6,4084174
33839,4084217,15,4084232
33840,4084347,4,4084351
33841,4084496,2,4084498
33842,4084692,9,4084701
33843,4084705,6,4084711
33844,4084729,5,4084734
33845,4084819,79,4084898
33846,4084963,24,4084987
33847,4085062,2,4085064
33848,4085093,12,4085105
33849,4085239,33,4085272
33850,4085283,30,4085313
33851,4085349,46,4085395
33852,4085622,3,4085625
33853,4085721,31,4085752
33854,4085790,19,4085809
33855,4086046,30,4086076
33856,4086177,6,4086183
33857,4086317,31,4086348
33858,4086453,5,4086458
33859,4086513,13,4086526
33860,4086574,40,4086614
33861,4086653,12,4086665
33862,4086871,6,4086877
33863,4087044,39,4087083
33864,4087122,12,4087134
33865,4087198,30,4087228
33866,4087363,1,4087364
33867,4087409,4,4087413
33868,4087616,27,4087643
33869,4087699,4,4087703
33870,4087713,99,4087812
33871,4087826,9,4087835
33872,4087945,25,4087970
33873,4088031,2,4088033
33874,4088098,24,4088122
33875,4088356,6,4088362
33876,4088380,44,4088424
33877,4088601,3,4088604
33878,4088696,117,4088813
33879,4089162,45,4089207
33880,4089221,2,4089223
33881,4089294,13,4089307
33882,4089337,24,4089361
33883,4089389,70,4089459
33884,4089894,15,4089909
33885,4089936,6,4089942
33886,4090157,17,4090174
33887,4090239,22,4090261
33888,4090365,10,4090375
33889,4090584,30,4090614
33890,4090813,39,4090852
33891,4090864,65,4090929
33892,4091149,19,4091168
33893,4091177,1,4091178
33894,4091548,18,4091566
33895,4091602,38,4091640
33896,4091679,66,4091745
33897,4091929,6,4091935
33898,4091957,43,4092000
33899,4092366,7,4092373
33900,4092427,73,4092500
33901,4092650,7,4092657
33902,4092698,26,4092724
33903,4092737,54,4092791
33904,4092814,23,4092837
33905,4092901,6,4092907
33906,4093099,2,4093101
33907,4093165,7,4093172
33908,4093189,25,4093214
33909,4093244,27,4093271
33910,4093412,16,4093428
33911,4093569,51,4093620
33912,4093639,20,4093659
33913,4093670,13,4093683
33914,4093781,17,4093798
33915,4093820,45,4093865
33916,4093877,12,4093889
33917,4093933,12,4093945
33918,4094088,19,4094107
33919,4094142,69,4094211
33920,4094212,16,4094228
33921,4094264,9,4094273
33922,4094316,9,4094325
33923,4094352,32,4094384
33924,4094463,16,4094479
33925,4094553,44,4094597
33926,4094842,16,4094858
33927,4095096,13,4095109
33928,4095125,7,4095132
33929,4095161,53,4095214
33930,4095318,30,4095348
33931,4095351,27,4095378
33932,4095641,27,4095668
33933,4095719,11,4095730
33934,4095765,45,4095810
33935,4095907,40,4095947
33936,4095954,4,4095958
33937,4096133,4,4096137
33938,4096155,36,4096191
33939,4096407,21,4096428
33940,4096516,4,4096520
33941,4096771,18,4096789
33942,4096822,35,4096857
33943,4096965,20,4096985
33944,4097107,38,4097145
33945,4097163,11,4097174
33946,4097459,20,4097479
33947,4097516,80,4097596
33948,4097836,21,4097857
33949,4098063,9,4098072
33950,4098144,1,4098145
33951,4098442,10,4098452
33952,4098549,3,4098552
33953,4098628,1,4098629
33954,4098672,4,4098676
33955,4098690,5,4098695
33956,4098780,36,4098816
33957,4098847,21,4098868
33958,4098920,43,4098963
33959,4098989,5,4098994
33960,4099014,7,4099021
33961,4099109,2,4099111
33962,4099177,15,4099192
33963,4099234,10,4099244
33964,4099275,41,4099316
33965,4099351,28,4099379
33966,4099416,58,4099474
33967,4099483,11,4099494
33968,4099663,13,4099676
33969,4099685,18,4099703
33970,4099790,4,4099794
33971,4099958,36,4099994
33972,4100012,7,4100019
33973,4100034,20,4100054
33974,4100154,15,4100169
33975,4100201,10,4100211
33976,4100253,6,4100259
33977,4100539,9,4100548
33978,4100621,3,4100624
33979,4100737,30,4100767
33980,4100802,19,4100821
33981,4100835,9,4100844
33982,4100921,8,4100929
33983,4101061,24,4101085
33984,4101245,10,4101255
33985,4101396,1,4101397
33986,4101405,7,4101412
33987,4101445,16,4101461
33988,4101504,37,4101541
33989,4101591,26,4101617
33990,4101654,1,4101655
33991,4101758,7,4101765
33992,4101992,23,4102015
33993,4102199,66,4102265
33994,4102309,25,4102334
33995,4102383,39,4102422
33996,4102644,1,4102645
33997,4102666,1,4102667
33998,4102672,27,4102699
33999,4102744,7,4102751
34000,4103093,56,4103149
34001,4103157,4,4103161
34002,4103220,16,4103236
34003,4103324,35,4103359
34004,4103408,46,4103454
34005,4103710,14,4103724
34006,4103830,38,4103868
34007,4103919,24,4103943
34008,4104048,7,4104055
34009,4104365,40,4104405
34010,4104546,2,4104548
34011,4104626,32,4104658
34012,4104760,32,4104792
34013,4105027,12,4105039
34014,4105050,26,4105076
34015,4105137,19,4105156
34016,4105192,18,4105210
34017,4105389,27,4105416
34018,4105616,2,4105618
34019,4105903,37,4105940
34020,4105967,22,4105989
34021,4106224,9,4106233
34022,4106283,28,4106311
34023,4106391,17,4106408
34024,4106450,3,4106453
34025,4106556,9,4106565
34026,4106567,28,4106595
34027,4106694,4,4106698
34028,4106763,7,4106770
34029,4106963,14,4106977
34030,4107345,2,4107347
34031,4107551,12,4107563
34032,4107611,10,4107621
34033,4107632,15,4107647
34034,4107681,14,4107695
34035,4107717,49,4107766
34036,4107814,4,4107818
34037,4107863,11,4107874
34038,4108069,7,4108076
34039,4108231,3,4108234
34040,4108274,54,4108328
34041,4108511,1,4108512
34042,4108576,3,4108579
34043,4108721,21,4108742
34044,4108898,15,4108913
34045,4108992,23,4109015
34046,4109115,1,4109116
34047,4109147,31,4109178
34048,4109221,11,4109232
34049,4109315,18,4109333
34050,4109391,35,4109426
34051,4109572,10,4109582
34052,4109620,25,4109645
34053,4109666,9,4109675
34054,4109802,47,4109849
34055,4110058,19,4110077
34056,4110093,12,4110105
34057,4110426,2,4110428
34058,4110464,9,4110473
34059,4110804,11,4110815
34060,4110872,21,4110893
34061,4111152,4,4111156
34062,4111227,8,4111235
34063,4111237,2,4111239
34064,4111341,22,4111363
34065,4111419,3,4111422
34066,4111801,34,4111835
34067,4111899,40,4111939
34068,4111955,28,4111983
34069,4111984,50,4112034
34070,4112123,32,4112155
34071,4112302,45,4112347
34072,4112380,27,4112407
34073,4112543,62,4112605
34074,4113021,30,4113051
34075,4113216,1,4113217
34076,4113224,4,4113228
34077,4113290,10,4113300
34078,4113327,24,4113351
34079,4113362,53,4113415
34080,4113426,29,4113455
34081,4113500,6,4113506
34082,4113543,1,4113544
34083,4113562,3,4113565
34084,4113640,17,4113657
34085,4113666,10,4113676
34086,4113757,21,4113778
34087,4113822,83,4113905
34088,4113931,14,4113945
34089,4113982,40,4114022
34090,4114152,2,4114154
34091,4114207,11,4114218
34092,4114367,35,4114402
34093,4114448,9,4114457
34094,4114801,10,4114811
34095,4114973,2,4114975
34096,4115020,1,4115021
34097,4115032,29,4115061
34098,4115133,1,4115134
34099,4115195,46,4115241
34100,4115384,8,4115392
34101,4115479,15,4115494
34102,4115548,3,4115551
34103,4115553,1,4115554
34104,4115582,7,4115589
34105,4115645,14,4115659
34106,4115689,12,4115701
34107,4115747,4,4115751
34108,4116079,11,4116090
34109,4116092,22,4116114
34110,4116203,1,4116204
34111,4116219,18,4116237
34112,4116369,39,4116408
34113,4116506,3,4116509
34114,4116715,2,4116717
34115,4116789,11,4116800
34116,4116966,2,4116968
34117,4116969,3,4116972
34118,4117284,77,4117361
34119,4117529,67,4117596
34120,4117758,8,4117766
34121,4117896,11,4117907
34122,4118156,1,4118157
34123,4118259,8,4118267
34124,4118287,2,4118289
34125,4118406,40,4118446
34126,4118471,2,4118473
34127,4118500,22,4118522
34128,4118534,44,4118578
34129,4118621,108,4118729
34130,4118867,13,4118880
34131,4118921,4,4118925
34132,4119037,34,4119071
34133,4119139,17,4119156
34134,4119160,6,4119166
34135,4119231,45,4119276
34136,4119390,4,4119394
34137,4119426,22,4119448
34138,4119474,47,4119521
34139,4119616,2,4119618
34140,4119787,15,4119802
34141,4119925,14,4119939
34142,4119986,4,4119990
34143,4120016,17,4120033
34144,4120038,65,4120103
34145,4120391,29,4120420
34146,4120438,6,4120444
34147,4120515,13,4120528
34148,4120656,14,4120670
34149,4120726,5,4120731
34150,4120974,11,4120985
34151,4121201,24,4121225
34152,4121279,25,4121304
34153,4121409,15,4121424
34154,4121468,14,4121482
34155,4121651,3,4121654
34156,4121700,31,4121731
34157,4121856,17,4121873
34158,4122213,23,4122236
34159,4122251,49,4122300
34160,4122325,2,4122327
34161,4122530,17,4122547
34162,4122581,15,4122596
34163,4122604,50,4122654
34164,4122664,39,4122703
34165,4122713,2,4122715
34166,4122731,4,4122735
34167,4122965,6,4122971
34168,4123006,13,4123019
34169,4123127,16,4123143
34170,4123525,34,4123559
34171,4123568,27,4123595
34172,4123599,6,4123605
34173,4123616,26,4123642
34174,4123709,10,4123719
34175,4123729,11,4123740
34176,4123755,1,4123756
34177,4123787,1,4123788
34178,4123822,8,4123830
34179,4123859,1,4123860
34180,4123967,32,4123999
34181,4124007,49,4124056
34182,4124224,17,4124241
34183,4124248,19,4124267
34184,4124326,8,4124334
34185,4124343,21,4124364
34186,4124517,15,4124532
34187,4124595,28,4124623
34188,4124748,15,4124763
34189,4124848,31,4124879
34190,4124884,53,4124937
34191,4124971,3,4124974
34192,4125042,11,4125053
34193,4125062,88,4125150
34194,4125161,20,4125181
34195,4125242,7,4125249
34196,4125372,19,4125391
34197,4125485,20,4125505
34198,4125569,44,4125613
34199,4125717,56,4125773
34200,4125830,14,4125844
34201,4125863,53,4125916
34202,4126074,3,4126077
34203,4126137,2,4126139
34204,4126381,16,4126397
34205,4126455,13,4126468
34206,4126473,20,4126493
34207,4126699,77,4126776
34208,4126778,6,4126784
34209,4127148,11,4127159
34210,4127287,34,4127321
34211,4127336,26,4127362
34212,4127822,25,4127847
34213,4127923,50,4127973
34214,4128015,30,4128045
34215,4128120,35,4128155
34216,4128256,6,4128262
34217,4128269,21,4128290
34218,4128325,31,4128356
34219,4128440,2,4128442
34220,4128567,7,4128574
34221,4128575,42,4128617
34222,4128697,35,4128732
34223,4128750,1,4128751
34224,4128789,33,4128822
34225,4128865,65,4128930
34226,4128960,8,4128968
34227,4129060,10,4129070
34228,4129311,7,4129318
34229,4129526,8,4129534
34230,4129535,6,4129541
34231,4129630,15,4129645
34232,4129737,6,4129743
34233,4129757,28,4129785
34234,4129802,6,4129808
34235,4129824,23,4129847
34236,4129943,59,4130002
34237,4130087,38,4130125
34238,4130200,2,4130202
34239,4130213,2,4130215
34240,4130311,20,4130331
34241,4130369,1,4130370
34242,4130376,15,4130391
34243,4130404,13,4130417
34244,4130608,7,4130615
34245,4130676,9,4130685
34246,4130743,12,4130755
34247,4130987,28,4131015
34248,4131105,3,4131108
34249,4131318,11,4131329
34250,4131407,33,4131440
34251,4131508,15,4131523
34252,4131597,87,4131684
34253,4131711,28,4131739
34254,4131741,19,4131760
34255,4131791,21,4131812
34256,4132100,24,4132124
34257,4132255,9,4132264
34258,4132281,36,4132317
34259,4132460,14,4132474
34260,4132768,12,4132780
34261,4132789,8,4132797
34262,4132813,5,4132818
34263,4132996,8,4133004
34264,4133039,58,4133097
34265,4133331,49,4133380
34266,4133503,4,4133507
34267,4133595,17,4133612
34268,4133655,16,4133671
34269,4133748,3,4133751
34270,4133793,2,4133795
34271,4133800,1,4133801
34272,4133892,10,4133902
34273,4134089,31,4134120
34274,4134219,5,4134224
34275,4134326,36,4134362
34276,4134416,45,4134461
34277,4134541,67,4134608
34278,4134623,78,4134701
34279,4134744,35,4134779
34280,4134830,22,4134852
34281,4135019,55,4135074
34282,4135200,5,4135205
34283,4135249,25,4135274
34284,4135327,32,4135359
34285,4135369,6,4135375
34286,4135425,9,4135434
34287,4135568,11,4135579
34288,4135638,5,4135643
34289,4135656,14,4135670
34290,4135758,56,4135814
34291,4135844,67,4135911
34292,4136098,23,4136121
34293,4136147,41,4136188
34294,4136222,3,4136225
34295,4136260,36,4136296
34296,4136352,83,4136435
34297,4136751,41,4136792
34298,4136845,20,4136865
34299,4136927,20,4136947
34300,4137029,33,4137062
34301,4137168,2,4137170
34302,4137181,5,4137186
34303,4137196,2,4137198
34304,4137280,25,4137305
34305,4137380,2,4137382
34306,4137603,13,4137616
34307,4137697,11,4137708
34308,4137734,25,4137759
34309,4137842,56,4137898
34310,4138042,16,4138058
34311,4138143,20,4138163
34312,4138266,32,4138298
34313,4138880,16,4138896
34314,4138934,3,4138937
34315,4138986,2,4138988
34316,4139034,13,4139047
34317,4139067,6,4139073
34318,4139218,4,4139222
34319,4139255,58,4139313
34320,4139318,8,4139326
34321,4139328,13,4139341
34322,4139369,5,4139374
34323,4139628,9,4139637
34324,4139743,2,4139745
34325,4139927,20,4139947
34326,4139968,2,4139970
34327,4140048,11,4140059
34328,4140073,6,4140079
34329,4140088,29,4140117
34330,4140257,23,4140280
34331,4140374,45,4140419
34332,4140445,12,4140457
34333,4140472,1,4140473
34334,4140623,29,4140652
34335,4140920,8,4140928
34336,4140962,12,4140974
34337,4141077,10,4141087
34338,4141524,49,4141573
34339,4141806,4,4141810
34340,4141944,12,4141956
34341,4141961,8,4141969
34342,4142296,16,4142312
34343,4142323,1,4142324
34344,4142485,13,4142498
34345,4142946,1,4142947
34346,4143166,52,4143218
34347,4143274,5,4143279
34348,4143281,6,4143287
34349,4143296,10,4143306
34350,4143388,21,4143409
34351,4143441,3,4143444
34352,4143574,6,4143580
34353,4143597,3,4143600
34354,4143671,23,4143694
34355,4143695,13,4143708
34356,4143814,6,4143820
34357,4143858,3,4143861
34358,4143963,13,4143976
34359,4143978,5,4143983
34360,4144065,5,4144070
34361,4144186,1,4144187
34362,4144194,15,4144209
34363,4144290,14,4144304
34364,4144694,43,4144737
34365,4144899,6,4144905
34366,4145069,29,4145098
34367,4145185,7,4145192
34368,4145246,33,4145279
34369,4145445,44,4145489
34370,4145490,19,4145509
34371,4145615,19,4145634
34372,4145665,11,4145676
34373,4145712,15,4145727
34374,4145791,1,4145792
34375,4145799,1,4145800
34376,4146031,41,4146072
34377,4146100,27,4146127
34378,4146155,26,4146181
34379,4146217,26,4146243
34380,4146458,11,4146469
34381,4146479,9,4146488
34382,4146590,16,4146606
34383,4146616,13,4146629
34384,4146788,3,4146791
34385,4146813,61,4146874
34386,4146898,34,4146932
34387,4146948,20,4146968
34388,4147035,11,4147046
34389,4147068,2,4147070
34390,4147071,40,4147111
34391,4147204,17,4147221
34392,4147255,1,4147256
34393,4147350,16,4147366
34394,4147449,6,4147455
34395,4147489,9,4147498
34396,4147799,23,4147822
34397,4147889,3,4147892
34398,4147909,12,4147921
34399,4148179,16,4148195
34400,4148270,4,4148274
34401,4148305,22,4148327
34402,4148338,25,4148363
34403,4148412,14,4148426
34404,4148483,1,4148484
34405,4148487,7,4148494
34406,4148515,7,4148522
34407,4148553,7,4148560
34408,4148611,3,4148614
34409,4148693,22,4148715
34410,4148774,20,4148794
34411,4148804,10,4148814
34412,4148915,16,4148931
34413,4148934,22,4148956
34414,4149043,6,4149049
34415,4149119,37,4149156
34416,4149171,27,4149198
34417,4149262,41,4149303
34418,4149379,10,4149389
34419,4149422,2,4149424
34420,4149428,7,4149435
34421,4149762,15,4149777
34422,4149945,18,4149963
34423,4150108,7,4150115
34424,4150247,38,4150285
34425,4150309,16,4150325
34426,4150389,48,4150437
34427,4150529,22,4150551
34428,4150611,9,4150620
34429,4150645,16,4150661
34430,4150705,64,4150769
34431,4150818,21,4150839
34432,4150845,8,4150853
34433,4151069,11,4151080
34434,4151086,17,4151103
34435,4151114,10,4151124
34436,4151165,12,4151177
34437,4151179,10,4151189
34438,4151196,22,4151218
34439,4151264,29,4151293
34440,4151370,13,4151383
34441,4151390,19,4151409
34442,4151437,13,4151450
34443,4151477,38,4151515
34444,4151534,30,4151564
34445,4151966,11,4151977
34446,4152022,24,4152046
34447,4152125,64,4152189
34448,4152222,23,4152245
34449,4152300,4,4152304
34450,4152317,6,4152323
34451,4152392,4,4152396
34452,4152526,2,4152528
34453,4152572,34,4152606
34454,4152652,6,4152658
34455,4152681,10,4152691
34456,4152750,6,4152756
34457,4152785,26,4152811
34458,4152873,20,4152893
34459,4152924,1,4152925
34460,4152988,17,4153005
34461,4153156,93,4153249
34462,4153269,20,4153289
34463,4153556,1,4153557
34464,4153599,13,4153612
34465,4153657,28,4153685
34466,4153984,36,4154020
34467,4154233,59,4154292
34468,4154426,18,4154444
34469,4154573,11,4154584
34470,4154633,14,4154647
34471,4154804,18,4154822
34472,4154895,4,4154899
34473,4154909,22,4154931
34474,4155041,49,4155090
34475,4155132,15,4155147
34476,4155200,19,4155219
34477,4155370,43,4155413
34478,4155517,2,4155519
34479,4155603,5,4155608
34480,4155855,22,4155877
34481,4155902,12,4155914
34482,4155952,66,4156018
34483,4156021,9,4156030
34484,4156065,1,4156066
34485,4156151,16,4156167
34486,4156206,13,4156219
34487,4156231,4,4156235
34488,4156277,11,4156288
34489,4156359,7,4156366
34490,4156383,12,4156395
34491,4156417,4,4156421
34492,4156561,20,4156581
34493,4157033,10,4157043
34494,4157302,18,4157320
34495,4157339,11,4157350
34496,4157396,9,4157405
34497,4157413,5,4157418
34498,4157485,18,4157503
34499,4157676,21,4157697
34500,4157758,25,4157783
34501,4157865,13,4157878
34502,4157940,21,4157961
34503,4158021,1,4158022
34504,4158037,24,4158061
34505,4158181,9,4158190
34506,4158228,26,4158254
34507,4158604,12,4158616
34508,4158621,131,4158752
34509,4158774,32,4158806
34510,4158960,8,4158968
34511,4159120,18,4159138
34512,4159400,14,4159414
34513,4159440,12,4159452
34514,4159619,76,4159695
34515,4159788,10,4159798
34516,4159855,2,4159857
34517,4159898,4,4159902
34518,4160074,66,4160140
34519,4160195,6,4160201
34520,4160259,28,4160287
34521,4160299,16,4160315
34522,4160422,5,4160427
34523,4160479,4,4160483
34524,4160501,7,4160508
34525,4160894,34,4160928
34526,4160992,6,4160998
34527,4161132,17,4161149
34528,4161571,30,4161601
34529,4161692,29,4161721
34530,4162013,1,4162014
34531,4162160,15,4162175
34532,4162298,36,4162334
34533,4162436,25,4162461
34534,4162715,38,4162753
34535,4162828,15,4162843
34536,4162941,51,4162992
34537,4163153,22,4163175
34538,4163273,26,4163299
34539,4163363,31,4163394
34540,4163519,7,4163526
34541,4163602,34,4163636
34542,4163735,38,4163773
34543,4163849,22,4163871
34544,4163924,6,4163930
34545,4163970,19,4163989
34546,4164027,10,4164037
34547,4164079,5,4164084
34548,4164163,15,4164178
34549,4164213,47,4164260
34550,4164406,20,4164426
34551,4164443,5,4164448
34552,4164513,33,4164546
34553,4164568,14,4164582
34554,4164760,16,4164776
34555,4164918,14,4164932
34556,4165156,4,4165160
34557,4165256,8,4165264
34558,4165635,12,4165647
34559,4165800,8,4165808
34560,4165882,5,4165887
34561,4165926,4,4165930
34562,4166023,18,4166041
34563,4166079,16,4166095
34564,4166121,26,4166147
34565,4166311,8,4166319
34566,4166386,26,4166412
34567,4166422,68,4166490
34568,4166547,15,4166562
34569,4166787,17,4166804
34570,4166835,10,4166845
34571,4167553,10,4167563
34572,4167632,13,4167645
34573,4167717,19,4167736
34574,4167767,3,4167770
34575,4167978,14,4167992
34576,4168027,3,4168030
34577,4168120,3,4168123
34578,4168346,57,4168403
34579,4168529,11,4168540
34580,4168555,30,4168585
34581,4168594,15,4168609
34582,4168618,11,4168629
34583,4168672,5,4168677
34584,4168782,47,4168829
34585,4168865,10,4168875
34586,4168894,4,4168898
34587,4169098,48,4169146
34588,4169258,18,4169276
34589,4169312,19,4169331
34590,4169456,15,4169471
34591,4169498,38,4169536
34592,4169537,14,4169551
34593,4169586,8,4169594
34594,4169935,23,4169958
34595,4169987,8,4169995
34596,4170138,44,4170182
34597,4170250,7,4170257
34598,4170341,39,4170380
34599,4170594,1,4170595
34600,4170663,50,4170713
34601,4170721,1,4170722
34602,4170806,4,4170810
34603,4170887,12,4170899
34604,4170936,7,4170943
34605,4171082,38,4171120
34606,4171227,7,4171234
34607,4171409,19,4171428
34608,4171497,3,4171500
34609,4171569,9,4171578
34610,4171724,12,4171736
34611,4171997,4,4172001
34612,4172011,26,4172037
34613,4172163,7,4172170
34614,4172286,35,4172321
34615,4172447,91,4172538
34616,4172588,7,4172595
34617,4172745,8,4172753
34618,4172967,10,4172977
34619,4172995,4,4172999
34620,4173348,13,4173361
34621,4173525,34,4173559
34622,4173571,16,4173587
34623,4173948,4,4173952
34624,4173970,1,4173971
34625,4174089,29,4174118
34626,4174123,15,4174138
34627,4174201,1,4174202
34628,4174306,13,4174319
34629,4174655,18,4174673
34630,4174778,3,4174781
34631,4175060,1,4175061
34632,4175224,3,4175227
34633,4175266,4,4175270
34634,4175288,59,4175347
34635,4175534,7,4175541
34636,4175623,7,4175630
34637,4175659,8,4175667
34638,4175679,7,4175686
34639,4175980,6,4175986
34640,4176104,4,4176108
34641,4176146,21,4176167
34642,4176232,6,4176238
34643,4176309,4,4176313
34644,4176323,23,4176346
34645,4176513,46,4176559
34646,4176716,7,4176723
34647,4176878,11,4176889
34648,4176943,5,4176948
34649,4176965,27,4176992
34650,4177127,4,4177131
34651,4177170,8,4177178
34652,4177376,9,4177385
34653,4177658,1,4177659
34654,4177856,13,4177869
34655,4177885,52,4177937
34656,4177961,8,4177969
34657,4177992,26,4178018
34658,4178032,3,4178035
34659,4178155,1,4178156
34660,4178182,6,4178188
34661,4178239,13,4178252
34662,4178278,10,4178288
34663,4178303,2,4178305
34664,4178391,51,4178442
34665,4178522,5,4178527
34666,4178678,28,4178706
34667,4178838,4,4178842
34668,4178919,53,4178972
34669,4179175,25,4179200
34670,4179261,6,4179267
34671,4179347,5,4179352
34672,4179420,13,4179433
34673,4179535,61,4179596
34674,4179615,18,4179633
34675,4179756,25,4179781
34676,4179869,6,4179875
34677,4179917,3,4179920
34678,4180292,66,4180358
34679,4180382,28,4180410
34680,4181162,13,4181175
34681,4181235,2,4181237
34682,4181240,9,4181249
34683,4181465,23,4181488
34684,4181659,8,4181667
34685,4181826,14,4181840
34686,4181904,2,4181906
34687,4181997,36,4182033
34688,4182044,1,4182045
34689,4182095,12,4182107
34690,4182343,19,4182362
34691,4182420,19,4182439
34692,4182528,48,4182576
34693,4182672,14,4182686
34694,4182721,5,4182726
34695,4182807,8,4182815
34696,4182834,7,4182841
34697,4182872,15,4182887
34698,4183310,10,4183320
34699,4183421,27,4183448
34700,4183496,2,4183498
34701,4183661,11,4183672
34702,4183687,10,4183697
34703,4183708,35,4183743
34704,4183870,7,4183877
34705,4184059,4,4184063
34706,4184114,3,4184117
34707,4184143,40,4184183
34708,4184192,19,4184211
34709,4184232,21,4184253
34710,4184449,11,4184460
34711,4184547,44,4184591
34712,4184704,8,4184712
34713,4184770,41,4184811
34714,4184825,40,4184865
34715,4185032,7,4185039
34716,4185208,51,4185259
34717,4185263,20,4185283
34718,4185306,16,4185322
34719,4185397,7,4185404
34720,4185590,8,4185598
34721,4185644,1,4185645
34722,4185819,6,4185825
34723,4185911,11,4185922
34724,4185969,7,4185976
34725,4186078,13,4186091
34726,4186114,17,4186131
34727,4186248,16,4186264
34728,4186307,2,4186309
34729,4186342,23,4186365
34730,4186452,22,4186474
34731,4186490,12,4186502
34732,4186545,3,4186548
34733,4186850,19,4186869
34734,4186876,8,4186884
34735,4186981,13,4186994
34736,4187009,32,4187041
34737,4187052,2,4187054
34738,4187460,21,4187481
34739,4187624,3,4187627
34740,4187685,1,4187686
34741,4187710,1,4187711
34742,4187741,21,4187762
34743,4187980,15,4187995
34744,4188171,37,4188208
34745,4188256,12,4188268
34746,4188392,19,4188411
34747,4188767,3,4188770
34748,4188798,8,4188806
34749,4189037,11,4189048
34750,4189114,59,4189173
34751,4189223,55,4189278
34752,4189313,2,4189315
34753,4189402,34,4189436
34754,4189556,26,4189582
34755,4189646,57,4189703
34756,4189784,39,4189823
34757,4189825,4,4189829
34758,4189923,10,4189933
34759,4190463,64,4190527
34760,4190762,20,4190782
34761,4190794,1,4190795
34762,4190844,29,4190873
34763,4190950,26,4190976
34764,4191163,9,4191172
34765,4191271,13,4191284
34766,4191392,6,4191398
34767,4191770,16,4191786
34768,4192060,2,4192062
34769,4192215,14,4192229
34770,4192350,7,4192357
34771,4192874,4,4192878
34772,4193093,66,4193159
34773,4193189,7,4193196
34774,4193211,7,4193218
34775,4193439,54,4193493
34776,4193563,21,4193584
34777,4193680,10,4193690
34778,4193767,66,4193833
34779,4193860,37,4193897
34780,4193998,19,4194017
34781,4194095,61,4194156
34782,4194229,10,4194239
34783,4194268,10,4194278
34784,4194304,3,4194307
34785,4194534,42,4194576
34786,4194659,31,4194690
34787,4194748,4,4194752
34788,4194877,15,4194892
34789,4194918,18,4194936
34790,4195003,23,4195026
34791,4195051,24,4195075
34792,4195188,42,4195230
34793,4195263,5,4195268
34794,4195443,3,4195446
34795,4195619,19,4195638
34796,4195643,25,4195668
34797,4195721,27,4195748
34798,4195756,5,4195761
34799,4195936,7,4195943
34800,4196028,1,4196029
34801,4196122,23,4196145
34802,4196257,9,4196266
34803,4196444,2,4196446
34804,4196532,18,4196550
34805,4196624,18,4196642
34806,4196768,3,4196771
34807,4196835,7,4196842
34808,4196869,14,4196883
34809,4196963,5,4196968
34810,4197188,1,4197189
34811,4197294,17,4197311
34812,4197502,12,4197514
34813,4197603,13,4197616
34814,4197659,58,4197717
34815,4197782,40,4197822
34816,4197905,1,4197906
34817,4198100,17,4198117
34818,4198293,24,4198317
34819,4198328,26,4198354
34820,4198380,53,4198433
34821,4198606,12,4198618
34822,4198627,18,4198645
34823,4198731,9,4198740
34824,4198914,11,4198925
34825,4199077,2,4199079
34826,4199082,24,4199106
34827,4199142,4,4199146
34828,4199536,36,4199572
34829,4199618,5,4199623
34830,4199792,4,4199796
34831,4199835,13,4199848
34832,4199863,20,4199883
34833,4199884,28,4199912
34834,4200019,13,4200032
34835,4200048,12,4200060
34836,4200254,24,4200278
34837,4200456,106,4200562
34838,4200650,17,4200667
34839,4200690,7,4200697
34840,4200698,22,4200720
34841,4200768,28,4200796
34842,4200859,17,4200876
34843,4200942,39,4200981
34844,4201255,30,4201285
34845,4201401,9,4201410
34846,4201460,10,4201470
34847,4201478,1,4201479
34848,4201546,22,4201568
34849,4201708,25,4201733
34850,4201803,19,4201822
34851,4202136,12,4202148
34852,4202345,18,4202363
34853,4202478,9,4202487
34854,4202493,6,4202499
34855,4202541,8,4202549
34856,4202629,9,4202638
34857,4202656,3,4202659
34858,4202769,5,4202774
34859,4202791,2,4202793
34860,4202828,31,4202859
34861,4203595,3,4203598
34862,4203602,32,4203634
34863,4203687,11,4203698
34864,4203816,15,4203831
34865,4203889,19,4203908
34866,4203926,2,4203928
34867,4204107,31,4204138
34868,4204498,4,4204502
34869,4204557,39,4204596
34870,4204717,16,4204733
34871,4204782,8,4204790
34872,4204816,29,4204845
34873,4204847,16,4204863
34874,4204994,20,4205014
34875,4205121,46,4205167
34876,4205439,3,4205442
34877,4205450,36,4205486
34878,4205501,40,4205541
34879,4205738,7,4205745
34880,4205754,19,4205773
34881,4205898,18,4205916
34882,4205975,7,4205982
34883,4206175,10,4206185
34884,4206225,27,4206252
34885,4206276,7,4206283
34886,4206300,1,4206301
34887,4206314,28,4206342
34888,4206463,21,4206484
34889,4206590,2,4206592
34890,4206613,3,4206616
34891,4206653,43,4206696
34892,4206935,5,4206940
34893,4206976,13,4206989
34894,4206992,10,4207002
34895,4207027,34,4207061
34896,4207111,6,4207117
34897,4207176,16,4207192
34898,4207223,41,4207264
34899,4207272,64,4207336
34900,4207725,58,4207783
34901,4207817,14,4207831
34902,4207862,9,4207871
34903,4207974,49,4208023
34904,4208050,26,4208076
34905,4208097,36,4208133
34906,4208271,14,4208285
34907,4208357,20,4208377
34908,4208417,13,4208430
34909,4208450,8,4208458
34910,4208473,10,4208483
34911,4208596,57,4208653
34912,4208707,18,4208725
34913,4208836,54,4208890
34914,4208911,4,4208915
34915,4209085,11,4209096
34916,4209115,32,4209147
34917,4209197,23,4209220
34918,4209251,29,4209280
34919,4209434,20,4209454
34920,4209498,19,4209517
34921,4209590,20,4209610
34922,4209850,4,4209854
34923,4209873,4,4209877
34924,4209904,25,4209929
34925,4210136,10,4210146
34926,4210441,28,4210469
34927,4210506,4,4210510
34928,4210684,20,4210704
34929,4210754,61,4210815
34930,4211017,38,4211055
34931,4211098,80,4211178
34932,4211529,26,4211555
34933,4211636,2,4211638
34934,4211649,27,4211676
34935,4211717,20,4211737
34936,4211805,15,4211820
34937,4212122,56,4212178
34938,4212449,12,4212461
34939,4212510,15,4212525
34940,4212620,5,4212625
34941,4212717,3,4212720
34942,4212896,4,4212900
34943,4213050,7,4213057
34944,4213134,12,4213146
34945,4213293,24,4213317
34946,4213357,43,4213400
34947,4213578,130,4213708
34948,4213959,15,4213974
34949,4214003,28,4214031
34950,4214061,1,4214062
34951,4214147,24,4214171
34952,4214257,14,4214271
34953,4214309,1,4214310
34954,4214324,10,4214334
34955,4214340,34,4214374
34956,4214382,6,4214388
34957,4214397,3,4214400
34958,4214488,2,4214490
34959,4214723,12,4214735
34960,4214820,51,4214871
34961,4215173,14,4215187
34962,4215216,39,4215255
34963,4215435,2,4215437
34964,4215490,3,4215493
34965,4215507,58,4215565
34966,4215589,49,4215638
34967,4215662,4,4215666
34968,4215827,14,4215841
34969,4215952,2,4215954
34970,4215988,19,4216007
34971,4216078,31,4216109
34972,4216292,2,4216294
34973,4216317,4,4216321
34974,4216543,41,4216584
34975,4216594,2,4216596
34976,4216659,12,4216671
34977,4216730,60,4216790
34978,4216838,2,4216840
34979,4216860,1,4216861
34980,4216928,6,4216934
34981,4217022,2,4217024
34982,4217032,4,4217036
34983,4217053,20,4217073
34984,4217303,3,4217306
34985,4217374,5,4217379
34986,4217633,8,4217641
34987,4217687,15,4217702
34988,4217910,55,4217965
34989,4218084,26,4218110
34990,4218137,7,4218144
34991,4218166,9,4218175
34992,4218244,2,4218246
34993,4218519,7,4218526
34994,4218527,2,4218529
34995,4218560,11,4218571
34996,4218665,28,4218693
34997,4218753,76,4218829
34998,4218934,7,4218941
34999,4219153,60,4219213
35000,4219216,14,4219230
35001,4219482,12,4219494
35002,4219823,17,4219840
35003,4219864,27,4219891
35004,4219938,4,4219942
35005,4219965,26,4219991
35006,4220025,25,4220050
35007,4220071,10,4220081
35008,4220296,6,4220302
35009,4220392,36,4220428
35010,4220513,14,4220527
35011,4220535,11,4220546
35012,4220645,20,4220665
35013,4220778,19,4220797
35014,4220826,12,4220838
35015,4220936,9,4220945
35016,4221252,24,4221276
35017,4221323,19,4221342
35018,4221420,4,4221424
35019,4221457,14,4221471
35020,4221475,1,4221476
35021,4221538,3,4221541
35022,4221587,45,4221632
35023,4221646,14,4221660
35024,4221675,25,4221700
35025,4221801,10,4221811
35026,4221815,2,4221817
35027,4221924,28,4221952
35028,4221971,11,4221982
35029,4222184,14,4222198
35030,4222262,2,4222264
35031,4222272,51,4222323
35032,4222329,10,4222339
35033,4222530,9,4222539
35034,4222601,33,4222634
35035,4222756,18,4222774
35036,4222810,24,4222834
35037,4222938,23,4222961
35038,4223070,2,4223072
35039,4223158,13,4223171
35040,4223286,5,4223291
35041,4223331,15,4223346
35042,4223386,16,4223402
35043,4223637,9,4223646
35044,4223885,15,4223900
35045,4223914,23,4223937
35046,4224028,10,4224038
35047,4224310,34,4224344
35048,4224461,26,4224487
35049,4224947,1,4224948
35050,4224971,22,4224993
35051,4225149,28,4225177
35052,4225223,8,4225231
35053,4225390,24,4225414
35054,4225511,3,4225514
35055,4225714,30,4225744
35056,4225793,49,4225842
35057,4225945,4,4225949
35058,4226003,16,4226019
35059,4226043,22,4226065
35060,4226283,33,4226316
35061,4226328,29,4226357
35062,4226397,10,4226407
35063,4226417,25,4226442
35064,4226698,39,4226737
35065,4226800,21,4226821
35066,4226909,33,4226942
35067,4227514,3,4227517
35068,4227654,47,4227701
35069,4227736,10,4227746
35070,4227814,30,4227844
35071,4228080,16,4228096
35072,4228165,9,4228174
35073,4228243,2,4228245
35074,4228371,11,4228382
35075,4228430,24,4228454
35076,4228458,27,4228485
35077,4228493,12,4228505
35078,4228509,57,4228566
35079,4228641,2,4228643
35080,4228762,5,4228767
35081,4228892,8,4228900
35082,4229270,21,4229291
35083,4229389,10,4229399
35084,4229409,2,4229411
35085,4229435,18,4229453
35086,4229494,33,4229527
35087,4230001,29,4230030
35088,4230060,18,4230078
35089,4230088,25,4230113
35090,4230450,9,4230459
35091,4230655,38,4230693
35092,4230699,37,4230736
35093,4230772,1,4230773
35094,4231084,7,4231091
35095,4231524,13,4231537
35096,4231865,10,4231875
35097,4231927,39,4231966
35098,4231968,4,4231972
35099,4232060,27,4232087
35100,4232105,23,4232128
35101,4232191,4,4232195
35102,4232272,10,4232282
35103,4232317,18,4232335
35104,4232478,34,4232512
35105,4232713,15,4232728
35106,4232797,51,4232848
35107,4232886,35,4232921
35108,4233037,42,4233079
35109,4233287,16,4233303
35110,4233393,4,4233397
35111,4233417,34,4233451
35112,4233590,5,4233595
35113,4233599,1,4233600
35114,4233838,14,4233852
35115,4233904,17,4233921
35116,4234046,20,4234066
35117,4234123,18,4234141
35118,4234307,4,4234311
35119,4234540,4,4234544
35120,4234663,28,4234691
35121,4234721,26,4234747
35122,4234792,57,4234849
35123,4234875,46,4234921
35124,4234970,50,4235020
35125,4235117,1,4235118
35126,4235190,5,4235195
35127,4235236,4,4235240
35128,4235354,20,4235374
35129,4235653,1,4235654
35130,4235733,22,4235755
35131,4236063,11,4236074
35132,4236101,41,4236142
35133,4236196,27,4236223
35134,4236238,4,4236242
35135,4236277,45,4236322
35136,4236328,14,4236342
35137,4236454,6,4236460
35138,4236476,5,4236481
35139,4236629,11,4236640
35140,4236882,61,4236943
35141,4237015,14,4237029
35142,4237103,30,4237133
35143,4237466,3,4237469
35144,4238002,8,4238010
35145,4238064,6,4238070
35146,4238203,31,4238234
35147,4238350,43,4238393
35148,4238533,20,4238553
35149,4238705,6,4238711
35150,4238728,3,4238731
35151,4238823,27,4238850
35152,4239015,15,4239030
35153,4239221,10,4239231
35154,4239382,22,4239404
35155,4239438,14,4239452
35156,4239537,9,4239546
35157,4239659,3,4239662
35158,4239701,8,4239709
35159,4239726,18,4239744
35160,4239757,29,4239786
35161,4239793,19,4239812
35162,4240170,18,4240188
35163,4240263,48,4240311
35164,4240405,10,4240415
35165,4240527,2,4240529
35166,4240589,20,4240609
35167,4240791,10,4240801
35168,4240938,21,4240959
35169,4241096,18,4241114
35170,4241148,2,4241150
35171,4241182,5,4241187
35172,4241250,3,4241253
35173,4241368,18,4241386
35174,4241522,3,4241525
35175,4241594,60,4241654
35176,4241880,7,4241887
35177,4241909,43,4241952
35178,4242053,21,4242074
35179,4242129,42,4242171
35180,4242218,5,4242223
35181,4242384,47,4242431
35182,4242535,13,4242548
35183,4242606,4,4242610
35184,4242761,17,4242778
35185,4242827,27,4242854
35186,4243108,5,4243113
35187,4243190,15,4243205
35188,4243271,8,4243279
35189,4243549,3,4243552
35190,4243565,48,4243613
35191,4243622,6,4243628
35192,4243631,22,4243653
35193,4243880,5,4243885
35194,4243960,45,4244005
35195,4244044,15,4244059
35196,4244090,3,4244093
35197,4244166,70,4244236
35198,4244490,20,4244510
35199,4244533,40,4244573
35200,4244618,4,4244622
35201,4244779,26,4244805
35202,4244939,12,4244951
35203,4245103,22,4245125
35204,4245328,52,4245380
35205,4245430,4,4245434
35206,4245555,20,4245575
35207,4245630,29,4245659
35208,4245679,7,4245686
35209,4245800,5,4245805
35210,4245874,34,4245908
35211,4246045,1,4246046
35212,4246056,3,4246059
35213,4246399,4,4246403
35214,4246429,84,4246513
35215,4246839,12,4246851
35216,4246869,7,4246876
35217,4247035,5,4247040
35218,4247211,29,4247240
35219,4247402,10,4247412
35220,4247643,5,4247648
35221,4247743,44,4247787
35222,4247854,17,4247871
35223,4247974,5,4247979
35224,4248048,2,4248050
35225,4248195,25,4248220
35226,4248258,53,4248311
35227,4248491,27,4248518
35228,4248570,3,4248573
35229,4248918,1,4248919
35230,4248962,47,4249009
35231,4249022,10,4249032
35232,4249055,15,4249070
35233,4249159,2,4249161
35234,4249267,35,4249302
35235,4249336,7,4249343
35236,4249430,5,4249435
35237,4249456,24,4249480
35238,4249482,6,4249488
35239,4249640,4,4249644
35240,4249681,6,4249687
35241,4249766,2,4249768
35242,4249811,70,4249881
35243,4249887,13,4249900
35244,4250027,35,4250062
35245,4250113,19,4250132
35246,4250140,12,4250152
35247,4250306,13,4250319
35248,4250518,16,4250534
35249,4250621,15,4250636
35250,4250762,1,4250763
35251,4250826,32,4250858
35252,4250913,14,4250927
35253,4250946,2,4250948
35254,4250994,18,4251012
35255,4251116,11,4251127
35256,4251262,11,4251273
35257,4251280,33,4251313
35258,4251338,41,4251379
35259,4251437,9,4251446
35260,4251607,6,4251613
35261,4251674,40,4251714
35262,4251935,3,4251938
35263,4252239,40,4252279
35264,4252316,4,4252320
35265,4252531,4,4252535
35266,4252580,55,4252635
35267,4252736,5,4252741
35268,4252883,13,4252896
35269,4252912,2,4252914
35270,4252938,20,4252958
35271,4253136,2,4253138
35272,4253262,4,4253266
35273,4253419,27,4253446
35274,4253450,10,4253460
35275,4253505,15,4253520
35276,4253702,10,4253712
35277,4253719,19,4253738
35278,4253746,24,4253770
35279,4253807,23,4253830
35280,4253943,17,4253960
35281,4254130,8,4254138
35282,4254185,2,4254187
35283,4254405,5,4254410
35284,4254475,4,4254479
35285,4254511,2,4254513
35286,4254784,14,4254798
35287,4254820,34,4254854
35288,4255036,3,4255039
35289,4255164,29,4255193
35290,4255210,2,4255212
35291,4255222,5,4255227
35292,4255235,28,4255263
35293,4255469,11,4255480
35294,4255719,5,4255724
35295,4255848,13,4255861
35296,4255895,17,4255912
35297,4256027,35,4256062
35298,4256182,29,4256211
35299,4256243,19,4256262
35300,4256274,2,4256276
35301,4256338,45,4256383
35302,4256445,5,4256450
35303,4256521,29,4256550
35304,4256844,20,4256864
35305,4257203,29,4257232
35306,4257350,50,4257400
35307,4257539,29,4257568
35308,4257732,2,4257734
35309,4257752,1,4257753
35310,4257852,21,4257873
35311,4257882,13,4257895
35312,4258014,13,4258027
35313,4258048,29,4258077
35314,4258232,16,4258248
35315,4258337,22,4258359
35316,4258460,14,4258474
35317,4258490,49,4258539
35318,4258689,5,4258694
35319,4258933,5,4258938
35320,4258958,3,4258961
35321,4259135,10,4259145
35322,4259236,15,4259251
35323,4259319,5,4259324
35324,4259422,7,4259429
35325,4259714,7,4259721
35326,4259727,15,4259742
35327,4259965,30,4259995
35328,4260019,1,4260020
35329,4260163,26,4260189
35330,4260201,11,4260212
35331,4260303,26,4260329
35332,4260342,18,4260360
35333,4260689,14,4260703
35334,4260709,9,4260718
35335,4260889,9,4260898
35336,4260928,8,4260936
35337,4260974,34,4261008
35338,4261009,22,4261031
35339,4261045,7,4261052
35340,4261055,7,4261062
35341,4261346,3,4261349
35342,4261358,29,4261387
35343,4261400,21,4261421
35344,4261729,23,4261752
35345,4261753,10,4261763
35346,4261801,4,4261805
35347,4262152,32,4262184
35348,4262238,12,4262250
35349,4262301,32,4262333
35350,4262408,11,4262419
35351,4262507,27,4262534
35352,4262643,45,4262688
35353,4262734,40,4262774
35354,4262777,37,4262814
35355,4262858,1,4262859
35356,4262957,44,4263001
35357,4263020,23,4263043
35358,4263067,26,4263093
35359,4263120,2,4263122
35360,4263146,23,4263169
35361,4263497,16,4263513
35362,4263581,7,4263588
35363,4263662,45,4263707
35364,4263736,6,4263742
35365,4263759,8,4263767
35366,4263805,58,4263863
35367,4263915,28,4263943
35368,4264109,48,4264157
35369,4264283,4,4264287
35370,4264464,14,4264478
35371,4264713,41,4264754
35372,4264827,2,4264829
35373,4264863,15,4264878
35374,4264960,15,4264975
35375,4265034,74,4265108
35376,4265153,6,4265159
35377,4265374,3,4265377
35378,4265797,37,4265834
35379,4266004,8,4266012
35380,4266412,4,4266416
35381,4266700,18,4266718
35382,4266827,8,4266835
35383,4266950,45,4266995
35384,4267048,4,4267052
35385,4267261,44,4267305
35386,4267323,6,4267329
35387,4267528,35,4267563
35388,4267653,14,4267667
35389,4267706,3,4267709
35390,4268016,13,4268029
35391,4268096,82,4268178
35392,4268441,67,4268508
35393,4268520,14,4268534
35394,4268543,3,4268546
35395,4268844,3,4268847
35396,4268849,13,4268862
35397,4268980,1,4268981
35398,4269109,6,4269115
35399,4269347,29,4269376
35400,4269463,61,4269524
35401,4269608,23,4269631
35402,4269820,4,4269824
35403,4269903,15,4269918
35404,4269921,19,4269940
35405,4270037,2,4270039
35406,4270215,37,4270252
35407,4270348,57,4270405
35408,4270440,37,4270477
35409,4270512,5,4270517
35410,4270580,2,4270582
35411,4270871,19,4270890
35412,4271026,15,4271041
35413,4271388,97,4271485
35414,4271656,13,4271669
35415,4271721,6,4271727
35416,4271806,39,4271845
35417,4271879,53,4271932
35418,4272094,18,4272112
35419,4272118,18,4272136
35420,4272191,1,4272192
35421,4272426,12,4272438
35422,4272480,7,4272487
35423,4272637,60,4272697
35424,4272756,13,4272769
35425,4272802,1,4272803
35426,4272821,7,4272828
35427,4272893,97,4272990
35428,4273261,38,4273299
35429,4273383,22,4273405
35430,4273515,72,4273587
35431,4273691,12,4273703
35432,4273845,2,4273847
35433,4273982,27,4274009
35434,4274018,6,4274024
35435,4274053,12,4274065
35436,4274068,5,4274073
35437,4274162,15,4274177
35438,4274311,16,4274327
35439,4274343,8,4274351
35440,4274371,11,4274382
35441,4274707,69,4274776
35442,4274826,8,4274834
35443,4275008,17,4275025
35444,4275101,9,4275110
35445,4275133,22,4275155
35446,4275215,18,4275233
35447,4275250,36,4275286
35448,4275342,14,4275356
35449,4275475,17,4275492
35450,4275507,20,4275527
35451,4275839,4,4275843
35452,4275853,3,4275856
35453,4275858,18,4275876
35454,4275927,14,4275941
35455,4276137,61,4276198
35456,4276297,2,4276299
35457,4276373,3,4276376
35458,4276454,10,4276464
35459,4276529,12,4276541
35460,4276627,2,4276629
35461,4276634,18,4276652
35462,4276809,18,4276827
35463,4276847,6,4276853
35464,4276869,7,4276876
35465,4276887,29,4276916
35466,4276945,52,4276997
35467,4277154,13,4277167
35468,4277374,27,4277401
35469,4277492,6,4277498
35470,4277600,13,4277613
35471,4277625,9,4277634
35472,4277708,12,4277720
35473,4277911,3,4277914
35474,4278094,10,4278104
35475,4278236,6,4278242
35476,4278256,10,4278266
35477,4278277,7,4278284
35478,4278305,20,4278325
35479,4278401,7,4278408
35480,4278861,5,4278866
35481,4278964,24,4278988
35482,4279013,13,4279026
35483,4279207,29,4279236
35484,4279331,21,4279352
35485,4279386,10,4279396
35486,4279408,5,4279413
35487,4279458,10,4279468
35488,4279543,20,4279563
35489,4279878,89,4279967
35490,4280204,1,4280205
35491,4280244,19,4280263
35492,4280395,64,4280459
35493,4280465,12,4280477
35494,4280867,13,4280880
35495,4281210,21,4281231
35496,4281242,3,4281245
35497,4281315,20,4281335
35498,4281400,3,4281403
35499,4281411,40,4281451
35500,4281586,55,4281641
35501,4281710,18,4281728
35502,4281768,35,4281803
35503,4281925,19,4281944
35504,4281968,36,4282004
35505,4282465,5,4282470
35506,4282696,11,4282707
35507,4282950,51,4283001
35508,4283091,43,4283134
35509,4283336,30,4283366
35510,4283512,38,4283550
35511,4283686,9,4283695
35512,4283926,139,4284065
35513,4284162,9,4284171
35514,4284216,25,4284241
35515,4284358,3,4284361
35516,4284399,40,4284439
35517,4284584,3,4284587
35518,4284714,21,4284735
35519,4284797,7,4284804
35520,4284893,12,4284905
35521,4285384,39,4285423
35522,4285526,15,4285541
35523,4285553,18,4285571
35524,4285591,21,4285612
35525,4285753,3,4285756
35526,4285766,19,4285785
35527,4285886,2,4285888
35528,4285957,7,4285964
35529,4286009,14,4286023
35530,4286049,22,4286071
35531,4286143,10,4286153
35532,4286192,47,4286239
35533,4286274,15,4286289
35534,4286522,35,4286557
35535,4286622,2,4286624
35536,4286711,18,4286729
35537,4286911,2,4286913
35538,4286953,64,4287017
35539,4287021,23,4287044
35540,4287127,1,4287128
35541,4287208,4,4287212
35542,4287512,10,4287522
35543,4287620,20,4287640
35544,4287669,3,4287672
35545,4287697,14,4287711
35546,4287776,30,4287806
35547,4287878,7,4287885
35548,4288102,37,4288139
35549,4288188,16,4288204
35550,4288265,5,4288270
35551,4288277,1,4288278
35552,4288304,69,4288373
35553,4288494,50,4288544
35554,4288788,8,4288796
35555,4288977,19,4288996
35556,4289085,6,4289091
35557,4289250,3,4289253
35558,4289323,16,4289339
35559,4289417,4,4289421
35560,4289571,1,4289572
35561,4289602,11,4289613
35562,4289657,29,4289686
35563,4289703,4,4289707
35564,4289791,66,4289857
35565,4289874,12,4289886
35566,4290014,14,4290028
35567,4290097,41,4290138
35568,4290155,28,4290183
35569,4290204,13,4290217
35570,4290329,26,4290355
35571,4290494,53,4290547
35572,4290671,7,4290678
35573,4290689,33,4290722
35574,4290787,34,4290821
35575,4290948,7,4290955
35576,4291040,18,4291058
35577,4291107,2,4291109
35578,4291369,7,4291376
35579,4291555,41,4291596
35580,4291845,13,4291858
35581,4292018,14,4292032
35582,4292104,5,4292109
35583,4292164,29,4292193
35584,4292340,65,4292405
35585,4292550,62,4292612
35586,4292654,15,4292669
35587,4292937,5,4292942
35588,4293083,6,4293089
35589,4293218,21,4293239
35590,4293303,4,4293307
35591,4293331,7,4293338
35592,4293424,29,4293453
35593,4293689,19,4293708
35594,4293978,33,4294011
35595,4294018,114,4294132
35596,4294247,3,4294250
35597,4294277,23,4294300
35598,4294369,21,4294390
35599,4294405,3,4294408
35600,4294560,37,4294597
35601,4294612,8,4294620
35602,4294621,12,4294633
35603,4294831,27,4294858
35604,4295160,20,4295180
35605,4295242,90,4295332
35606,4295589,37,4295626
35607,4295850,8,4295858
35608,4295885,21,4295906
35609,4296229,6,4296235
35610,4296276,55,4296331
35611,4296358,29,4296387
35612,4296444,49,4296493
35613,4296587,3,4296590
35614,4296599,23,4296622
35615,4296659,26,4296685
35616,4296688,30,4296718
35617,4297000,36,4297036
35618,4297183,13,4297196
35619,4297238,24,4297262
35620,4297400,1,4297401
35621,4297557,17,4297574
35622,4297897,38,4297935
35623,4297948,23,4297971
35624,4298340,10,4298350
35625,4298360,15,4298375
35626,4298395,5,4298400
35627,4298605,10,4298615
35628,4298926,56,4298982
35629,4299170,13,4299183
35630,4299260,31,4299291
35631,4299360,50,4299410
35632,4299448,3,4299451
35633,4299943,2,4299945
35634,4300126,7,4300133
35635,4300158,9,4300167
35636,4300168,39,4300207
35637,4300400,4,4300404
35638,4300496,54,4300550
35639,4300604,5,4300609
35640,4300775,85,4300860
35641,4300894,16,4300910
35642,4301134,10,4301144
35643,4301159,15,4301174
35644,4301435,4,4301439
35645,4301478,15,4301493
35646,4301745,8,4301753
35647,4302100,27,4302127
35648,4302742,53,4302795
35649,4302828,8,4302836
35650,4303063,58,4303121
35651,4303360,10,4303370
35652,4303430,17,4303447
35653,4304090,19,4304109
35654,4304368,11,4304379
35655,4304487,6,4304493
35656,4304596,34,4304630
35657,4304967,15,4304982
35658,4305198,2,4305200
35659,4305258,33,4305291
35660,4305306,21,4305327
35661,4305426,1,4305427
35662,4305528,27,4305555
35663,4305560,17,4305577
35664,4305672,15,4305687
35665,4305694,6,4305700
35666,4305877,17,4305894
35667,4305903,38,4305941
35668,4306061,22,4306083
35669,4306181,1,4306182
35670,4306322,37,4306359
35671,4306457,54,4306511
35672,4306514,44,4306558
35673,4306568,14,4306582
35674,4306694,22,4306716
35675,4306721,24,4306745
35676,4306883,2,4306885
35677,4307181,9,4307190
35678,4307404,44,4307448
35679,4307467,19,4307486
35680,4307574,23,4307597
35681,4307651,24,4307675
35682,4307679,18,4307697
35683,4307766,11,4307777
35684,4307866,58,4307924
35685,4308135,23,4308158
35686,4308305,2,4308307
35687,4308430,13,4308443
35688,4308638,16,4308654
35689,4308659,8,4308667
35690,4308876,53,4308929
35691,4308932,9,4308941
35692,4308977,50,4309027
35693,4309177,10,4309187
35694,4309301,14,4309315
35695,4309481,1,4309482
35696,4309484,96,4309580
35697,4309631,23,4309654
35698,4309797,9,4309806
35699,4309855,2,4309857
35700,4309877,3,4309880
35701,4309960,62,4310022
35702,4310134,16,4310150
35703,4310200,14,4310214
35704,4310321,5,4310326
35705,4310402,5,4310407
35706,4310499,26,4310525
35707,4310527,14,4310541
35708,4310593,1,4310594
35709,4310733,32,4310765
35710,4310800,15,4310815
35711,4310955,25,4310980
35712,4311065,32,4311097
35713,4311500,2,4311502
35714,4311504,58,4311562
35715,4311627,31,4311658
35716,4311885,64,4311949
35717,4312120,2,4312122
35718,4312142,3,4312145
35719,4312185,3,4312188
35720,4312276,12,4312288
35721,4312303,18,4312321
35722,4312493,48,4312541
35723,4312637,22,4312659
35724,4312776,97,4312873
35725,4312885,27,4312912
35726,4313055,1,4313056
35727,4313085,3,4313088
35728,4313125,1,4313126
35729,4313236,2,4313238
35730,4313248,10,4313258
35731,4313364,26,4313390
35732,4313477,36,4313513
35733,4313571,12,4313583
35734,4313740,59,4313799
35735,4314121,7,4314128
35736,4314140,15,4314155
35737,4314176,1,4314177
35738,4314478,52,4314530
35739,4314571,24,4314595
35740,4314629,13,4314642
35741,4314646,5,4314651
35742,4314723,19,4314742
35743,4314769,28,4314797
35744,4315090,16,4315106
35745,4315214,18,4315232
35746,4315411,16,4315427
35747,4315431,12,4315443
35748,4315471,8,4315479
35749,4315659,31,4315690
35750,4315727,11,4315738
35751,4315742,21,4315763
35752,4315809,25,4315834
35753,4315866,37,4315903
35754,4316047,5,4316052
35755,4316064,47,4316111
35756,4316168,3,4316171
35757,4316312,22,4316334
35758,4316411,54,4316465
35759,4316538,67,4316605
35760,4316749,3,4316752
35761,4316756,112,4316868
35762,4316890,28,4316918
35763,4316939,20,4316959
35764,4317007,4,4317011
35765,4317068,29,4317097
35766,4317303,4,4317307
35767,4317351,38,4317389
35768,4317423,123,4317546
35769,4317578,27,4317605
35770,4317713,2,4317715
35771,4317748,5,4317753
35772,4318075,21,4318096
35773,4318108,7,4318115
35774,4318377,14,4318391
35775,4318468,30,4318498
35776,4318518,6,4318524
35777,4318596,10,4318606
35778,4318666,17,4318683
35779,4318750,10,4318760
35780,4318766,12,4318778
35781,4318836,25,4318861
35782,4319175,8,4319183
35783,4319197,23,4319220
35784,4319396,5,4319401
35785,4319546,49,4319595
35786,4319723,21,4319744
35787,4319765,58,4319823
35788,4320031,24,4320055
35789,4320099,5,4320104
35790,4320225,80,4320305
35791,4320326,18,4320344
35792,4320386,15,4320401
35793,4320482,10,4320492
35794,4320613,18,4320631
35795,4320662,8,4320670
35796,4320754,40,4320794
35797,4320827,91,4320918
35798,4320936,32,4320968
35799,4321038,14,4321052
35800,4321118,2,4321120
35801,4321134,13,4321147
35802,4321507,10,4321517
35803,4321558,19,4321577
35804,4321580,14,4321594
35805,4321625,1,4321626
35806,4321645,20,4321665
35807,4321710,9,4321719
35808,4321799,14,4321813
35809,4321822,24,4321846
35810,4321885,1,4321886
35811,4321934,104,4322038
35812,4322129,14,4322143
35813,4322239,79,4322318
35814,4322460,53,4322513
35815,4322553,5,4322558
35816,4322666,49,4322715
35817,4322746,36,4322782
35818,4322808,14,4322822
35819,4323032,33,4323065
35820,4323080,18,4323098
35821,4323109,5,4323114
35822,4323139,16,4323155
35823,4323171,12,4323183
35824,4323404,7,4323411
35825,4323712,27,4323739
35826,4323816,8,4323824
35827,4323934,40,4323974
35828,4324303,12,4324315
35829,4324539,21,4324560
35830,4324590,22,4324612
35831,4324638,26,4324664
35832,4324695,9,4324704
35833,4324736,5,4324741
35834,4324780,1,4324781
35835,4324871,35,4324906
35836,4325256,48,4325304
35837,4325538,18,4325556
35838,4325585,43,4325628
35839,4325645,12,4325657
35840,4325762,3,4325765
35841,4325864,15,4325879
35842,4325939,5,4325944
35843,4326043,22,4326065
35844,4326071,4,4326075
35845,4326076,1,4326077
35846,4326113,11,4326124
35847,4326193,23,4326216
35848,4326436,28,4326464
35849,4326468,11,4326479
35850,4326489,22,4326511
35851,4326666,29,4326695
35852,4326829,23,4326852
35853,4326876,7,4326883
35854,4327158,30,4327188
35855,4327218,21,4327239
35856,4327286,2,4327288
35857,4327342,9,4327351
35858,4327360,5,4327365
35859,4327393,31,4327424
35860,4327456,7,4327463
35861,4327487,34,4327521
35862,4327630,22,4327652
35863,4327730,7,4327737
35864,4327776,3,4327779
35865,4327804,3,4327807
35866,4328244,6,4328250
35867,4328274,15,4328289
35868,4328492,15,4328507
35869,4328615,2,4328617
35870,4328622,23,4328645
35871,4328759,2,4328761
35872,4328766,8,4328774
35873,4328776,10,4328786
35874,4328890,5,4328895
35875,4328935,15,4328950
35876,4329015,15,4329030
35877,4329056,14,4329070
35878,4329218,27,4329245
35879,4329268,34,4329302
35880,4329403,6,4329409
35881,4329477,14,4329491
35882,4329536,82,4329618
35883,4329638,56,4329694
35884,4329697,13,4329710
35885,4329715,7,4329722
35886,4329775,3,4329778
35887,4329904,34,4329938
35888,4329970,29,4329999
35889,4330070,2,4330072
35890,4330099,18,4330117
35891,4330189,38,4330227
35892,4330288,9,4330297
35893,4330430,15,4330445
35894,4330472,54,4330526
35895,4330581,61,4330642
35896,4330648,6,4330654
35897,4330709,7,4330716
35898,4330824,18,4330842
35899,4331246,15,4331261
35900,4331295,28,4331323
35901,4331496,8,4331504
35902,4331555,19,4331574
35903,4331816,19,4331835
35904,4331909,68,4331977
35905,4331982,2,4331984
35906,4332315,7,4332322
35907,4332385,3,4332388
35908,4332410,12,4332422
35909,4332453,13,4332466
35910,4332530,4,4332534
35911,4332602,11,4332613
35912,4332751,1,4332752
35913,4332759,12,4332771
35914,4332783,1,4332784
35915,4332797,12,4332809
35916,4332920,65,4332985
35917,4332989,34,4333023
35918,4333059,26,4333085
35919,4333204,1,4333205
35920,4333382,32,4333414
35921,4333427,18,4333445
35922,4333995,17,4334012
35923,4334131,43,4334174
35924,4334280,24,4334304
35925,4334504,74,4334578
35926,4334607,9,4334616
35927,4334654,5,4334659
35928,4334710,10,4334720
35929,4334726,38,4334764
35930,4334897,35,4334932
35931,4335171,26,4335197
35932,4335237,4,4335241
35933,4335325,66,4335391
35934,4335400,17,4335417
35935,4335439,27,4335466
35936,4335610,9,4335619
35937,4335663,52,4335715
35938,4335743,38,4335781
35939,4335840,4,4335844
35940,4335999,15,4336014
35941,4336135,1,4336136
35942,4336533,6,4336539
35943,4336570,4,4336574
35944,4336681,11,4336692
35945,4336742,6,4336748
35946,4336783,25,4336808
35947,4336962,2,4336964
35948,4337012,91,4337103
35949,4337119,37,4337156
35950,4337180,24,4337204
35951,4337207,71,4337278
35952,4337307,11,4337318
35953,4337585,28,4337613
35954,4337792,28,4337820
35955,4337940,7,4337947
35956,4338089,15,4338104
35957,4338129,26,4338155
35958,4338195,6,4338201
35959,4338205,31,4338236
35960,4338535,6,4338541
35961,4338617,2,4338619
35962,4338645,24,4338669
35963,4338687,2,4338689
35964,4338698,8,4338706
35965,4338708,6,4338714
35966,4338729,37,4338766
35967,4338904,40,4338944
35968,4338995,15,4339010
35969,4339033,40,4339073
35970,4339294,73,4339367
35971,4339387,2,4339389
35972,4339392,25,4339417
35973,4339543,8,4339551
35974,4339653,35,4339688
35975,4339702,142,4339844
35976,4339984,1,4339985
35977,4339987,9,4339996
35978,4340029,27,4340056
35979,4340111,4,4340115
35980,4340200,3,4340203
35981,4340295,150,4340445
35982,4340588,14,4340602
35983,4340609,28,4340637
35984,4340798,37,4340835
35985,4340840,11,4340851
35986,4340857,33,4340890
35987,4340928,2,4340930
35988,4340973,10,4340983
35989,4341078,29,4341107
35990,4341241,93,4341334
35991,4341452,2,4341454
35992,4341570,18,4341588
35993,4341659,2,4341661
35994,4341874,4,4341878
35995,4342102,12,4342114
35996,4342199,53,4342252
35997,4342473,18,4342491
35998,4342536,2,4342538
35999,4342677,15,4342692
36000,4342733,42,4342775
36001,4342833,34,4342867
36002,4342951,10,4342961
36003,4343030,37,4343067
36004,4343121,6,4343127
36005,4343281,37,4343318
36006,4343418,28,4343446
36007,4343592,28,4343620
36008,4343747,30,4343777
36009,4343835,40,4343875
36010,4343927,14,4343941
36011,4343977,20,4343997
36012,4344304,34,4344338
36013,4344406,60,4344466
36014,4344521,3,4344524
36015,4344532,3,4344535
36016,4344775,18,4344793
36017,4344814,8,4344822
36018,4344850,34,4344884
36019,4345303,1,4345304
36020,4345319,2,4345321
36021,4345779,14,4345793
36022,4345826,15,4345841
36023,4345949,12,4345961
36024,4345967,2,4345969
36025,4345994,16,4346010
36026,4346159,19,4346178
36027,4346187,21,4346208
36028,4346220,10,4346230
36029,4346266,9,4346275
36030,4346570,3,4346573
36031,4346603,23,4346626
36032,4346731,14,4346745
36033,4346751,28,4346779
36034,4346870,6,4346876
36035,4347103,9,4347112
36036,4347163,32,4347195
36037,4347210,41,4347251
36038,4347318,2,4347320
36039,4347486,11,4347497
36040,4347545,6,4347551
36041,4347560,9,4347569
36042,4347609,16,4347625
36043,4347728,7,4347735
36044,4347809,78,4347887
36045,4348116,10,4348126
36046,4348142,39,4348181
36047,4348255,15,4348270
36048,4348308,1,4348309
36049,4348499,115,4348614
36050,4348632,6,4348638
36051,4348759,3,4348762
36052,4348876,10,4348886
36053,4349039,10,4349049
36054,4349130,8,4349138
36055,4349210,49,4349259
36056,4349280,8,4349288
36057,4349320,15,4349335
36058,4349388,24,4349412
36059,4349454,25,4349479
36060,4349602,3,4349605
36061,4349707,2,4349709
36062,4349715,3,4349718
36063,4349722,2,4349724
36064,4349786,4,4349790
36065,4349957,56,4350013
36066,4350109,13,4350122
36067,4350277,38,4350315
36068,4350337,38,4350375
36069,4350383,6,4350389
36070,4350473,17,4350490
36071,4350537,44,4350581
36072,4350652,13,4350665
36073,4350709,35,4350744
36074,4350875,61,4350936
36075,4351032,26,4351058
36076,4351106,4,4351110
36077,4351143,32,4351175
36078,4351187,12,4351199
36079,4351427,6,4351433
36080,4351501,5,4351506
36081,4351525,12,4351537
36082,4351630,1,4351631
36083,4351783,28,4351811
36084,4351981,37,4352018
36085,4352025,5,4352030
36086,4352047,78,4352125
36087,4352356,6,4352362
36088,4352448,10,4352458
36089,4352461,9,4352470
36090,4352481,31,4352512
36091,4352638,13,4352651
36092,4352730,8,4352738
36093,4352778,16,4352794
36094,4353110,8,4353118
36095,4353316,3,4353319
36096,4353536,29,4353565
36097,4353685,3,4353688
36098,4353727,3,4353730
36099,4353865,12,4353877
36100,4353880,48,4353928
36101,4353997,33,4354030
36102,4354042,24,4354066
36103,4354214,4,4354218
36104,4354300,4,4354304
36105,4354325,1,4354326
36106,4354728,16,4354744
36107,4354844,12,4354856
36108,4355131,34,4355165
36109,4355267,4,4355271
36110,4355393,28,4355421
36111,4355504,3,4355507
36112,4355678,6,4355684
36113,4355731,69,4355800
36114,4355973,3,4355976
36115,4356370,10,4356380
36116,4356650,29,4356679
36117,4356909,8,4356917
36118,4356920,43,4356963
36119,4357000,8,4357008
36120,4357015,10,4357025
36121,4357052,31,4357083
36122,4357100,6,4357106
36123,4357169,9,4357178
36124,4357266,17,4357283
36125,4357601,7,4357608
36126,4357800,30,4357830
36127,4357862,4,4357866
36128,4357928,6,4357934
36129,4357984,9,4357993
36130,4358110,30,4358140
36131,4358246,68,4358314
36132,4358596,11,4358607
36133,4358766,16,4358782
36134,4358818,6,4358824
36135,4358895,2,4358897
36136,4359067,12,4359079
36137,4359096,108,4359204
36138,4359489,16,4359505
36139,4359521,11,4359532
36140,4359829,12,4359841
36141,4359932,7,4359939
36142,4360106,15,4360121
36143,4360201,10,4360211
36144,4360259,25,4360284
36145,4360362,33,4360395
36146,4360427,11,4360438
36147,4360527,6,4360533
36148,4360581,12,4360593
36149,4360598,25,4360623
36150,4360791,14,4360805
36151,4360819,21,4360840
36152,4360983,41,4361024
36153,4361412,2,4361414
36154,4361447,5,4361452
36155,4361477,91,4361568
36156,4361605,3,4361608
36157,4361656,44,4361700
36158,4361762,15,4361777
36159,4361911,1,4361912
36160,4362391,45,4362436
36161,4362692,23,4362715
36162,4362762,4,4362766
36163,4362910,34,4362944
36164,4362962,4,4362966
36165,4362996,14,4363010
36166,4363033,30,4363063
36167,4363328,3,4363331
36168,4363494,25,4363519
36169,4363564,6,4363570
36170,4363598,11,4363609
36171,4363765,8,4363773
36172,4364110,15,4364125
36173,4364130,10,4364140
36174,4364149,4,4364153
36175,4364234,5,4364239
36176,4364271,39,4364310
36177,4364567,44,4364611
36178,4364752,34,4364786
36179,4364943,38,4364981
36180,4365077,15,4365092
36181,4365118,11,4365129
36182,4365144,5,4365149
36183,4365177,21,4365198
36184,4365352,41,4365393
36185,4365453,13,4365466
36186,4365611,44,4365655
36187,4365729,16,4365745
36188,4365782,39,4365821
36189,4365824,33,4365857
36190,4365883,4,4365887
36191,4365930,16,4365946
36192,4366209,26,4366235
36193,4366470,12,4366482
36194,4366549,6,4366555
36195,4366769,5,4366774
36196,4366802,26,4366828
36197,4366842,10,4366852
36198,4366881,43,4366924
36199,4366931,41,4366972
36200,4366979,17,4366996
36201,4367052,5,4367057
36202,4367170,1,4367171
36203,4367389,10,4367399
36204,4367404,5,4367409
36205,4367441,29,4367470
36206,4367474,11,4367485
36207,4367536,1,4367537
36208,4367547,108,4367655
36209,4367774,7,4367781
36210,4367792,26,4367818
36211,4367931,24,4367955
36212,4368238,13,4368251
36213,4368258,44,4368302
36214,4368621,3,4368624
36215,4368683,8,4368691
36216,4368711,2,4368713
36217,4368730,7,4368737
36218,4368828,38,4368866
36219,4368936,7,4368943
36220,4369000,37,4369037
36221,4369043,8,4369051
36222,4369058,2,4369060
36223,4369123,2,4369125
36224,4369138,11,4369149
36225,4369207,55,4369262
36226,4369630,70,4369700
36227,4369795,1,4369796
36228,4369915,2,4369917
36229,4369992,20,4370012
36230,4370271,1,4370272
36231,4370287,11,4370298
36232,4370300,21,4370321
36233,4370487,57,4370544
36234,4370732,5,4370737
36235,4370973,17,4370990
36236,4371062,11,4371073
36237,4371251,7,4371258
36238,4371262,11,4371273
36239,4371423,2,4371425
36240,4371454,14,4371468
36241,4371567,1,4371568
36242,4371712,17,4371729
36243,4371915,14,4371929
36244,4372203,21,4372224
36245,4372343,9,4372352
36246,4372413,3,4372416
36247,4372421,1,4372422
36248,4372481,82,4372563
36249,4372582,10,4372592
36250,4372662,7,4372669
36251,4372680,6,4372686
36252,4372817,4,4372821
36253,4372824,14,4372838
36254,4372863,1,4372864
36255,4372908,9,4372917
36256,4373062,3,4373065
36257,4373070,2,4373072
36258,4373151,1,4373152
36259,4373229,27,4373256
36260,4373283,41,4373324
36261,4373397,22,4373419
36262,4373504,18,4373522
36263,4373542,6,4373548
36264,4373571,13,4373584
36265,4373655,10,4373665
36266,4373774,28,4373802
36267,4373892,23,4373915
36268,4373947,22,4373969
36269,4374083,32,4374115
36270,4374201,4,4374205
36271,4374328,41,4374369
36272,4374396,8,4374404
36273,4374405,4,4374409
36274,4374591,2,4374593
36275,4374623,5,4374628
36276,4374649,24,4374673
36277,4374789,23,4374812
36278,4374997,2,4374999
36279,4375051,15,4375066
36280,4375077,3,4375080
36281,4375125,2,4375127
36282,4375171,52,4375223
36283,4375378,28,4375406
36284,4375424,15,4375439
36285,4375656,9,4375665
36286,4375678,7,4375685
36287,4375783,1,4375784
36288,4376024,10,4376034
36289,4376190,9,4376199
36290,4376297,15,4376312
36291,4376319,45,4376364
36292,4376413,15,4376428
36293,4376677,19,4376696
36294,4376732,6,4376738
36295,4376956,16,4376972
36296,4377196,76,4377272
36297,4377374,13,4377387
36298,4377466,52,4377518
36299,4377633,19,4377652
36300,4377678,3,4377681
36301,4377772,17,4377789
36302,4377909,3,4377912
36303,4378157,44,4378201
36304,4378450,1,4378451
36305,4378509,1,4378510
36306,4378521,9,4378530
36307,4378541,10,4378551
36308,4378575,67,4378642
36309,4378720,40,4378760
36310,4378789,17,4378806
36311,4378842,19,4378861
36312,4378914,24,4378938
36313,4378981,109,4379090
36314,4379443,28,4379471
36315,4379484,6,4379490
36316,4379610,2,4379612
36317,4379685,30,4379715
36318,4379869,33,4379902
36319,4380110,10,4380120
36320,4380203,15,4380218
36321,4380355,53,4380408
36322,4380415,27,4380442
36323,4380478,72,4380550
36324,4380671,8,4380679
36325,4380712,6,4380718
36326,4380835,23,4380858
36327,4380889,1,4380890
36328,4380922,29,4380951
36329,4381121,33,4381154
36330,4381181,65,4381246
36331,4381261,1,4381262
36332,4381665,3,4381668
36333,4381859,5,4381864
36334,4381923,25,4381948
36335,4382053,22,4382075
36336,4382139,4,4382143
36337,4382207,18,4382225
36338,4382343,53,4382396
36339,4382412,21,4382433
36340,4382454,47,4382501
36341,4382624,42,4382666
36342,4382774,55,4382829
36343,4382863,2,4382865
36344,4383247,10,4383257
36345,4383274,43,4383317
36346,4383343,17,4383360
36347,4383628,40,4383668
36348,4383960,43,4384003
36349,4384190,8,4384198
36350,4384199,17,4384216
36351,4384301,10,4384311
36352,4384490,25,4384515
36353,4384560,7,4384567
36354,4384712,11,4384723
36355,4384803,12,4384815
36356,4384901,7,4384908
36357,4384930,12,4384942
36358,4384958,11,4384969
36359,4385048,114,4385162
36360,4385185,13,4385198
36361,4385238,25,4385263
36362,4385297,31,4385328
36363,4385420,7,4385427
36364,4385523,2,4385525
36365,4385647,44,4385691
36366,4385904,29,4385933
36367,4386111,42,4386153
36368,4386427,22,4386449
36369,4386508,9,4386517
36370,4386832,6,4386838
36371,4386975,14,4386989
36372,4387050,11,4387061
36373,4387238,4,4387242
36374,4387322,11,4387333
36375,4387834,57,4387891
36376,4388465,71,4388536
36377,4388544,8,4388552
36378,4388671,7,4388678
36379,4388756,18,4388774
36380,4388879,18,4388897
36381,4388959,27,4388986
36382,4389044,13,4389057
36383,4389168,1,4389169
36384,4389213,18,4389231
36385,4389271,58,4389329
36386,4389369,7,4389376
36387,4389545,1,4389546
36388,4390085,45,4390130
36389,4390227,30,4390257
36390,4390480,16,4390496
36391,4390635,15,4390650
36392,4390754,33,4390787
36393,4391094,9,4391103
36394,4391238,17,4391255
36395,4391332,19,4391351
36396,4391363,29,4391392
36397,4391431,28,4391459
36398,4391732,32,4391764
36399,4391863,20,4391883
36400,4391943,25,4391968
36401,4392034,37,4392071
36402,4392105,1,4392106
36403,4392333,14,4392347
36404,4392395,2,4392397
36405,4392504,56,4392560
36406,4392667,17,4392684
36407,4392749,39,4392788
36408,4392861,15,4392876
36409,4392901,2,4392903
36410,4392936,5,4392941
36411,4393087,13,4393100
36412,4393141,17,4393158
36413,4393207,3,4393210
36414,4393320,70,4393390
36415,4393457,3,4393460
36416,4393473,4,4393477
36417,4393678,3,4393681
36418,4393893,17,4393910
36419,4393945,7,4393952
36420,4394600,15,4394615
36421,4394650,33,4394683
36422,4394818,2,4394820
36423,4395034,25,4395059
36424,4395288,22,4395310
36425,4395633,14,4395647
36426,4396041,16,4396057
36427,4396111,5,4396116
36428,4396122,34,4396156
36429,4396248,25,4396273
36430,4396285,11,4396296
36431,4396335,18,4396353
36432,4396527,4,4396531
36433,4396600,26,4396626
36434,4396769,2,4396771
36435,4396857,5,4396862
36436,4397093,7,4397100
36437,4397124,13,4397137
36438,4397278,2,4397280
36439,4397438,38,4397476
36440,4397529,3,4397532
36441,4397574,8,4397582
36442,4397649,14,4397663
36443,4397682,1,4397683
36444,4397886,3,4397889
36445,4398009,43,4398052
36446,4398067,18,4398085
36447,4398186,17,4398203
36448,4398232,31,4398263
36449,4398499,28,4398527
36450,4398546,2,4398548
36451,4398663,2,4398665
36452,4398762,41,4398803
36453,4398817,28,4398845
36454,4398897,11,4398908
36455,4399070,10,4399080
36456,4399154,1,4399155
36457,4399215,23,4399238
36458,4399447,8,4399455
36459,4399464,24,4399488
36460,4399534,15,4399549
36461,4399633,7,4399640
36462,4399771,1,4399772
36463,4399870,29,4399899
36464,4399995,11,4400006
36465,4400038,15,4400053
36466,4400127,1,4400128
36467,4400193,1,4400194
36468,4400198,33,4400231
36469,4400272,21,4400293
36470,4400347,4,4400351
36471,4400367,32,4400399
36472,4400405,18,4400423
36473,4400511,2,4400513
36474,4400763,43,4400806
36475,4400896,24,4400920
36476,4401144,51,4401195
36477,4401645,20,4401665
36478,4401731,5,4401736
36479,4401766,6,4401772
36480,4401796,32,4401828
36481,4401926,7,4401933
36482,4402174,1,4402175
36483,4402229,11,4402240
36484,4402270,22,4402292
36485,4402379,11,4402390
36486,4402438,48,4402486
36487,4402541,1,4402542
36488,4402633,1,4402634
36489,4402766,15,4402781
36490,4402831,18,4402849
36491,4403130,2,4403132
36492,4403146,15,4403161
36493,4403173,4,4403177
36494,4403192,10,4403202
36495,4403437,74,4403511
36496,4403539,1,4403540
36497,4403560,17,4403577
36498,4403616,18,4403634
36499,4403786,12,4403798
36500,4403810,1,4403811
36501,4403867,6,4403873
36502,4403907,15,4403922
36503,4403982,7,4403989
36504,4404387,1,4404388
36505,4404938,63,4405001
36506,4405256,24,4405280
36507,4405345,30,4405375
36508,4405433,19,4405452
36509,4405508,12,4405520
36510,4405600,12,4405612
36511,4405787,29,4405816
36512,4405869,19,4405888
36513,4405903,12,4405915
36514,4406218,2,4406220
36515,4406296,3,4406299
36516,4406478,1,4406479
36517,4406505,23,4406528
36518,4406530,2,4406532
36519,4406697,3,4406700
36520,4406737,38,4406775
36521,4406811,37,4406848
36522,4406889,29,4406918
36523,4406968,10,4406978
36524,4407012,2,4407014
36525,4407089,23,4407112
36526,4407202,5,4407207
36527,4407290,11,4407301
36528,4407441,37,4407478
36529,4407510,43,4407553
36530,4407629,11,4407640
36531,4407645,2,4407647
36532,4407691,26,4407717
36533,4407772,114,4407886
36534,4407940,13,4407953
36535,4408336,8,4408344
36536,4408484,15,4408499
36537,4408900,6,4408906
36538,4408938,26,4408964
36539,4409218,18,4409236
36540,4409281,3,4409284
36541,4409448,8,4409456
36542,4409498,13,4409511
36543,4409638,8,4409646
36544,4409684,24,4409708
36545,4409712,35,4409747
36546,4409924,2,4409926
36547,4409949,7,4409956
36548,4409976,35,4410011
36549,4410158,1,4410159
36550,4410210,3,4410213
36551,4410240,4,4410244
36552,4410308,74,4410382
36553,4410389,34,4410423
36554,4410433,18,4410451
36555,4410505,10,4410515
36556,4410535,33,4410568
36557,4410700,39,4410739
36558,4410750,52,4410802
36559,4410870,35,4410905
36560,4410943,24,4410967
36561,4411197,9,4411206
36562,4411262,26,4411288
36563,4411311,3,4411314
36564,4411331,22,4411353
36565,4411493,3,4411496
36566,4411521,22,4411543
36567,4411547,1,4411548
36568,4411862,4,4411866
36569,4411975,6,4411981
36570,4412011,15,4412026
36571,4412121,8,4412129
36572,4412149,3,4412152
36573,4412330,10,4412340
36574,4412351,24,4412375
36575,4412396,13,4412409
36576,4412428,30,4412458
36577,4412483,10,4412493
36578,4412565,53,4412618
36579,4412735,5,4412740
36580,4412821,28,4412849
36581,4412926,12,4412938
36582,4412978,5,4412983
36583,4413086,17,4413103
36584,4413126,22,4413148
36585,4413206,20,4413226
36586,4413358,19,4413377
36587,4413527,1,4413528
36588,4413729,3,4413732
36589,4413814,22,4413836
36590,4413856,18,4413874
36591,4414169,22,4414191
36592,4414205,29,4414234
36593,4414328,6,4414334
36594,4414408,3,4414411
36595,4414437,44,4414481
36596,4414693,12,4414705
36597,4414961,7,4414968
36598,4414998,4,4415002
36599,4415007,6,4415013
36600,4415198,3,4415201
36601,4415285,56,4415341
36602,4415417,8,4415425
36603,4415434,7,4415441
36604,4415448,1,4415449
36605,4415477,8,4415485
36606,4415571,9,4415580
36607,4415605,10,4415615
36608,4415632,5,4415637
36609,4415641,33,4415674
36610,4415711,19,4415730
36611,4415787,42,4415829
36612,4415868,26,4415894
36613,4415938,14,4415952
36614,4415966,23,4415989
36615,4416129,29,4416158
36616,4416186,19,4416205
36617,4416296,5,4416301
36618,4416404,45,4416449
36619,4416455,8,4416463
36620,4416496,11,4416507
36621,4416612,18,4416630
36622,4416875,10,4416885
36623,4417036,2,4417038
36624,4417119,1,4417120
36625,4417358,72,4417430
36626,4417551,11,4417562
36627,4417587,2,4417589
36628,4417604,17,4417621
36629,4417626,24,4417650
36630,4417831,11,4417842
36631,4418013,21,4418034
36632,4418178,11,4418189
36633,4418462,16,4418478
36634,4418545,2,4418547
36635,4418564,29,4418593
36636,4418649,10,4418659
36637,4418677,14,4418691
36638,4418900,8,4418908
36639,4419060,23,4419083
36640,4419121,45,4419166
36641,4419179,47,4419226
36642,4419387,33,4419420
36643,4419567,7,4419574
36644,4419696,14,4419710
36645,4419759,41,4419800
36646,4419853,4,4419857
36647,4419860,58,4419918
36648,4420056,3,4420059
36649,4420079,9,4420088
36650,4420125,20,4420145
36651,4420303,9,4420312
36652,4420328,17,4420345
36653,4420397,70,4420467
36654,4420504,7,4420511
36655,4420629,1,4420630
36656,4420667,1,4420668
36657,4420696,68,4420764
36658,4420813,9,4420822
36659,4421095,26,4421121
36660,4421243,7,4421250
36661,4421346,13,4421359
36662,4421544,19,4421563
36663,4421718,1,4421719
36664,4421789,18,4421807
36665,4421942,1,4421943
36666,4422085,64,4422149
36667,4422350,20,4422370
36668,4422450,52,4422502
36669,4422563,53,4422616
36670,4422624,10,4422634
36671,4422660,17,4422677
36672,4422725,17,4422742
36673,4422849,3,4422852
36674,4422978,5,4422983
36675,4423062,22,4423084
36676,4423091,10,4423101
36677,4423154,14,4423168
36678,4423386,35,4423421
36679,4423701,13,4423714
36680,4423733,5,4423738
36681,4423937,23,4423960
36682,4424076,4,4424080
36683,4424197,31,4424228
36684,4424314,22,4424336
36685,4424400,14,4424414
36686,4424641,1,4424642
36687,4424777,12,4424789
36688,4424830,2,4424832
36689,4424871,4,4424875
36690,4424962,59,4425021
36691,4425095,11,4425106
36692,4425184,6,4425190
36693,4425353,40,4425393
36694,4425435,1,4425436
36695,4425517,36,4425553
36696,4425624,35,4425659
36697,4425707,15,4425722
36698,4425769,41,4425810
36699,4426010,9,4426019
36700,4426187,18,4426205
36701,4426241,9,4426250
36702,4426251,16,4426267
36703,4426359,22,4426381
36704,4426401,56,4426457
36705,4426495,9,4426504
36706,4426646,32,4426678
36707,4426786,29,4426815
36708,4426858,6,4426864
36709,4426911,2,4426913
36710,4426949,7,4426956
36711,4427055,4,4427059
36712,4427160,60,4427220
36713,4427249,32,4427281
36714,4427307,3,4427310
36715,4427583,22,4427605
36716,4427639,32,4427671
36717,4427745,12,4427757
36718,4427892,60,4427952
36719,4427988,29,4428017
36720,4428170,6,4428176
36721,4428234,31,4428265
36722,4428438,7,4428445
36723,4428587,27,4428614
36724,4428805,2,4428807
36725,4428917,10,4428927
36726,4429228,5,4429233
36727,4429398,1,4429399
36728,4429414,6,4429420
36729,4429434,15,4429449
36730,4429685,1,4429686
36731,4429926,42,4429968
36732,4430174,15,4430189
36733,4430207,14,4430221
36734,4430386,8,4430394
36735,4430404,11,4430415
36736,4430599,22,4430621
36737,4430740,46,4430786
36738,4430821,11,4430832
36739,4430833,1,4430834
36740,4430903,20,4430923
36741,4430933,48,4430981
36742,4431065,46,4431111
36743,4431380,4,4431384
36744,4431657,20,4431677
36745,4431757,4,4431761
36746,4431916,12,4431928
36747,4431978,5,4431983
36748,4432023,15,4432038
36749,4432085,45,4432130
36750,4432221,1,4432222
36751,4432350,2,4432352
36752,4432364,52,4432416
36753,4432961,8,4432969
36754,4432992,13,4433005
36755,4433197,2,4433199
36756,4433327,33,4433360
36757,4433366,8,4433374
36758,4433475,24,4433499
36759,4433637,45,4433682
36760,4433895,18,4433913
36761,4434200,26,4434226
36762,4434443,67,4434510
36763,4434551,8,4434559
36764,4434707,5,4434712
36765,4434751,24,4434775
36766,4434995,21,4435016
36767,4435030,41,4435071
36768,4435220,5,4435225
36769,4435274,17,4435291
36770,4435337,23,4435360
36771,4435374,82,4435456
36772,4435463,2,4435465
36773,4435492,9,4435501
36774,4435514,1,4435515
36775,4435563,75,4435638
36776,4435806,35,4435841
36777,4435924,15,4435939
36778,4436199,11,4436210
36779,4436271,21,4436292
36780,4436303,83,4436386
36781,4436574,7,4436581
36782,4436646,36,4436682
36783,4436912,13,4436925
36784,4436987,63,4437050
36785,4437239,37,4437276
36786,4437302,29,4437331
36787,4437560,20,4437580
36788,4437696,48,4437744
36789,4438041,8,4438049
36790,4438203,1,4438204
36791,4438237,39,4438276
36792,4438287,19,4438306
36793,4438513,12,4438525
36794,4438554,1,4438555
36795,4438565,8,4438573
36796,4438672,10,4438682
36797,4438812,17,4438829
36798,4438851,9,4438860
36799,4439165,54,4439219
36800,4439229,23,4439252
36801,4439281,29,4439310
36802,4439330,7,4439337
36803,4439402,52,4439454
36804,4439564,39,4439603
36805,4439656,19,4439675
36806,4439812,40,4439852
36807,4440038,7,4440045
36808,4440521,23,4440544
36809,4440567,5,4440572
36810,4440722,32,4440754
36811,4440807,4,4440811
36812,4440974,1,4440975
36813,4441007,35,4441042
36814,4441121,5,4441126
36815,4441180,11,4441191
36816,4441253,10,4441263
36817,4441510,46,4441556
36818,4441559,7,4441566
36819,4441620,3,4441623
36820,4441830,2,4441832
36821,4441949,15,4441964
36822,4442044,22,4442066
36823,4442070,3,4442073
36824,4442211,22,4442233
36825,4442275,25,4442300
36826,4442341,37,4442378
36827,4442426,102,4442528
36828,4442572,12,4442584
36829,4442679,20,4442699
36830,4442719,33,4442752
36831,4442905,3,4442908
36832,4443204,80,4443284
36833,4443304,18,4443322
36834,4443409,8,4443417
36835,4443605,23,4443628
36836,4443670,47,4443717
36837,4443725,2,4443727
36838,4443759,3,4443762
36839,4443835,12,4443847
36840,4443891,64,4443955
36841,4443959,7,4443966
36842,4444146,30,4444176
36843,4444183,5,4444188
36844,4444253,22,4444275
36845,4444314,8,4444322
36846,4444358,15,4444373
36847,4444686,11,4444697
36848,4444821,56,4444877
36849,4444906,31,4444937
36850,4444995,30,4445025
36851,4445142,20,4445162
36852,4445254,127,4445381
36853,4445578,19,4445597
36854,4445614,39,4445653
36855,4445655,14,4445669
36856,4445707,16,4445723
36857,4445832,10,4445842
36858,4446040,11,4446051
36859,4446165,16,4446181
36860,4446312,2,4446314
36861,4446407,9,4446416
36862,4446677,7,4446684
36863,4446798,5,4446803
36864,4447045,14,4447059
36865,4447227,2,4447229
36866,4447324,8,4447332
36867,4447544,35,4447579
36868,4447586,12,4447598
36869,4447863,1,4447864
36870,4447963,8,4447971
36871,4448020,8,4448028
36872,4448040,16,4448056
36873,4448432,22,4448454
36874,4448547,11,4448558
36875,4448561,57,4448618
36876,4448993,8,4449001
36877,4449085,1,4449086
36878,4449101,17,4449118
36879,4449159,14,4449173
36880,4449377,3,4449380
36881,4449385,2,4449387
36882,4449390,16,4449406
36883,4449422,16,4449438
36884,4449691,6,4449697
36885,4449799,4,4449803
36886,4449878,12,4449890
36887,4449996,1,4449997
36888,4450104,26,4450130
36889,4450194,40,4450234
36890,4450406,1,4450407
36891,4450488,16,4450504
36892,4450534,3,4450537
36893,4450745,8,4450753
36894,4450925,2,4450927
36895,4450946,18,4450964
36896,4451009,3,4451012
36897,4451039,16,4451055
36898,4451171,15,4451186
36899,4451272,4,4451276
36900,4451323,28,4451351
36901,4451473,25,4451498
36902,4451714,17,4451731
36903,4451901,2,4451903
36904,4451945,3,4451948
36905,4452043,6,4452049
36906,4452217,34,4452251
36907,4452352,23,4452375
36908,4452447,58,4452505
36909,4452609,1,4452610
36910,4452650,17,4452667
36911,4452817,13,4452830
36912,4452847,8,4452855
36913,4453103,38,4453141
36914,4453158,82,4453240
36915,4453264,47,4453311
36916,4453313,25,4453338
36917,4453437,34,4453471
36918,4453584,7,4453591
36919,4453634,1,4453635
36920,4453652,24,4453676
36921,4453680,4,4453684
36922,4453793,47,4453840
36923,4453851,9,4453860
36924,4453921,6,4453927
36925,4453974,13,4453987
36926,4454157,17,4454174
36927,4454234,49,4454283
36928,4454466,2,4454468
36929,4454481,12,4454493
36930,4454508,25,4454533
36931,4454539,25,4454564
36932,4454597,8,4454605
36933,4454817,7,4454824
36934,4455067,14,4455081
36935,4455375,1,4455376
36936,4455559,9,4455568
36937,4455586,30,4455616
36938,4456020,14,4456034
36939,4456054,5,4456059
36940,4456135,18,4456153
36941,4456286,3,4456289
36942,4456477,23,4456500
36943,4456590,20,4456610
36944,4456778,18,4456796
36945,4456961,9,4456970
36946,4456984,4,4456988
36947,4457109,5,4457114
36948,4457142,11,4457153
36949,4457226,6,4457232
36950,4457330,3,4457333
36951,4457483,4,4457487
36952,4457517,25,4457542
36953,4457617,21,4457638
36954,4457879,54,4457933
36955,4457996,17,4458013
36956,4458073,24,4458097
36957,4458270,27,4458297
36958,4458317,4,4458321
36959,4458322,8,4458330
36960,4458420,8,4458428
36961,4458501,1,4458502
36962,4458539,25,4458564
36963,4458577,28,4458605
36964,4458617,3,4458620
36965,4458750,17,4458767
36966,4458845,29,4458874
36967,4458934,1,4458935
36968,4458994,32,4459026
36969,4459105,8,4459113
36970,4459335,1,4459336
36971,4459427,6,4459433
36972,4459492,32,4459524
36973,4459700,16,4459716
36974,4459780,15,4459795
36975,4459799,12,4459811
36976,4460413,77,4460490
36977,4460524,19,4460543
36978,4460544,60,4460604
36979,4460621,4,4460625
36980,4460722,6,4460728
36981,4460930,29,4460959
36982,4461021,5,4461026
36983,4461093,90,4461183
36984,4461224,9,4461233
36985,4461269,31,4461300
36986,4461397,19,4461416
36987,4461486,22,4461508
36988,4461509,21,4461530
36989,4461646,18,4461664
36990,4461743,6,4461749
36991,4461781,45,4461826
36992,4461862,8,4461870
36993,4461940,8,4461948
36994,4461955,1,4461956
36995,4461994,13,4462007
36996,4462057,49,4462106
36997,4462320,8,4462328
36998,4462566,3,4462569
36999,4462584,7,4462591
37000,4462850,18,4462868
37001,4462946,7,4462953
37002,4462981,27,4463008
37003,4463106,2,4463108
37004,4463149,1,4463150
37005,4463277,24,4463301
37006,4463384,8,4463392
37007,4463442,37,4463479
37008,4463487,17,4463504
37009,4463878,5,4463883
37010,4464037,51,4464088
37011,4464262,13,4464275
37012,4464327,2,4464329
37013,4464480,3,4464483
37014,4464502,4,4464506
37015,4464517,7,4464524
37016,4464670,8,4464678
37017,4464704,92,4464796
37018,4465116,19,4465135
37019,4465263,14,4465277
37020,4465421,1,4465422
37021,4465449,122,4465571
37022,4465588,6,4465594
37023,4465811,1,4465812
37024,4465822,48,4465870
37025,4466002,36,4466038
37026,4466076,68,4466144
37027,4466401,16,4466417
37028,4466436,13,4466449
37029,4466533,8,4466541
37030,4466674,16,4466690
37031,4466731,89,4466820
37032,4466924,61,4466985
37033,4467025,15,4467040
37034,4467093,16,4467109
37035,4467208,32,4467240
37036,4467266,13,4467279
37037,4467298,6,4467304
37038,4467342,1,4467343
37039,4467380,20,4467400
37040,4467428,8,4467436
37041,4467503,48,4467551
37042,4467558,18,4467576
37043,4467581,15,4467596
37044,4467701,31,4467732
37045,4467765,33,4467798
37046,4467956,4,4467960
37047,4468112,16,4468128
37048,4468198,2,4468200
37049,4468289,2,4468291
37050,4468316,45,4468361
37051,4468444,95,4468539
37052,4468689,5,4468694
37053,4468922,13,4468935
37054,4469082,5,4469087
37055,4469131,27,4469158
37056,4469180,2,4469182
37057,4469559,53,4469612
37058,4469636,28,4469664
37059,4469695,1,4469696
37060,4469833,29,4469862
37061,4469896,24,4469920
37062,4469941,12,4469953
37063,4470166,14,4470180
37064,4470294,12,4470306
37065,4470320,20,4470340
37066,4470353,36,4470389
37067,4470445,4,4470449
37068,4470864,3,4470867
37069,4470965,5,4470970
37070,4471015,93,4471108
37071,4471191,9,4471200
37072,4471304,11,4471315
37073,4471456,24,4471480
37074,4471495,15,4471510
37075,4471804,8,4471812
37076,4471846,7,4471853
37077,4471995,21,4472016
37078,4472080,20,4472100
37079,4472132,6,4472138
37080,4472195,35,4472230
37081,4472253,31,4472284
37082,4472339,26,4472365
37083,4472487,16,4472503
37084,4472554,7,4472561
37085,4472690,1,4472691
37086,4472842,25,4472867
37087,4473103,44,4473147
37088,4473288,17,4473305
37089,4473622,1,4473623
37090,4473839,1,4473840
37091,4473873,27,4473900
37092,4473952,30,4473982
37093,4474122,19,4474141
37094,4474276,28,4474304
37095,4474525,3,4474528
37096,4474639,2,4474641
37097,4474727,30,4474757
37098,4474891,37,4474928
37099,4475038,7,4475045
37100,4475133,9,4475142
37101,4475311,1,4475312
37102,4475421,20,4475441
37103,4475443,3,4475446
37104,4475613,18,4475631
37105,4475815,8,4475823
37106,4475871,12,4475883
37107,4475974,15,4475989
37108,4476015,36,4476051
37109,4476097,20,4476117
37110,4476195,17,4476212
37111,4476254,49,4476303
37112,4476517,9,4476526
37113,4476591,7,4476598
37114,4476635,24,4476659
37115,4476703,24,4476727
37116,4476789,40,4476829
37117,4476969,27,4476996
37118,4477027,61,4477088
37119,4477172,40,4477212
37120,4477296,15,4477311
37121,4477568,9,4477577
37122,4477844,1,4477845
37123,4477885,25,4477910
37124,4478321,1,4478322
37125,4478417,15,4478432
37126,4478452,3,4478455
37127,4478508,57,4478565
37128,4478581,12,4478593
37129,4478630,8,4478638
37130,4478669,2,4478671
37131,4478719,12,4478731
37132,4478822,30,4478852
37133,4478866,37,4478903
37134,4478934,5,4478939
37135,4479045,14,4479059
37136,4479128,4,4479132
37137,4479207,30,4479237
37138,4479401,21,4479422
37139,4479474,8,4479482
37140,4479495,22,4479517
37141,4479533,30,4479563
37142,4479644,11,4479655
37143,4480004,78,4480082
37144,4480419,2,4480421
37145,4480509,16,4480525
37146,4480582,8,4480590
37147,4480728,7,4480735
37148,4480741,1,4480742
37149,4480814,22,4480836
37150,4481176,4,4481180
37151,4481272,5,4481277
37152,4481417,16,4481433
37153,4481499,26,4481525
37154,4481600,11,4481611
37155,4481621,8,4481629
37156,4481730,12,4481742
37157,4481955,35,4481990
37158,4482019,8,4482027
37159,4482033,7,4482040
37160,4482079,6,4482085
37161,4482141,17,4482158
37162,4482180,11,4482191
37163,4482216,14,4482230
37164,4482303,20,4482323
37165,4482350,1,4482351
37166,4482368,26,4482394
37167,4482425,40,4482465
37168,4482642,5,4482647
37169,4482787,33,4482820
37170,4482934,6,4482940
37171,4483004,3,4483007
37172,4483048,29,4483077
37173,4483332,1,4483333
37174,4483343,42,4483385
37175,4483665,9,4483674
37176,4483679,3,4483682
37177,4483721,3,4483724
37178,4483889,3,4483892
37179,4483903,71,4483974
37180,4483990,8,4483998
37181,4484048,32,4484080
37182,4484136,3,4484139
37183,4484171,34,4484205
37184,4484272,19,4484291
37185,4484347,35,4484382
37186,4484812,37,4484849
37187,4485105,9,4485114
37188,4485234,8,4485242
37189,4485311,2,4485313
37190,4485433,39,4485472
37191,4485673,3,4485676
37192,4485765,82,4485847
37193,4485866,6,4485872
37194,4485973,55,4486028
37195,4486156,18,4486174
37196,4486247,26,4486273
37197,4486443,13,4486456
37198,4486696,8,4486704
37199,4487045,16,4487061
37200,4487187,11,4487198
37201,4487305,12,4487317
37202,4487442,25,4487467
37203,4487537,8,4487545
37204,4487614,36,4487650
37205,4487734,4,4487738
37206,4487865,8,4487873
37207,4487932,7,4487939
37208,4488040,9,4488049
37209,4488216,59,4488275
37210,4488384,5,4488389
37211,4488392,19,4488411
37212,4488513,58,4488571
37213,4488664,27,4488691
37214,4488713,10,4488723
37215,4488756,4,4488760
37216,4489162,4,4489166
37217,4489300,22,4489322
37218,4489651,18,4489669
37219,4490045,28,4490073
37220,4490264,55,4490319
37221,4490452,81,4490533
37222,4490802,25,4490827
37223,4491090,2,4491092
37224,4491374,3,4491377
37225,4491638,6,4491644
37226,4491647,27,4491674
37227,4491685,10,4491695
37228,4491707,56,4491763
37229,4491948,60,4492008
37230,4492063,22,4492085
37231,4492121,57,4492178
37232,4492235,15,4492250
37233,4492277,3,4492280
37234,4492392,8,4492400
37235,4492465,14,4492479
37236,4492584,13,4492597
37237,4492709,2,4492711
37238,4492787,52,4492839
37239,4492956,35,4492991
37240,4492995,67,4493062
37241,4493107,12,4493119
37242,4493236,44,4493280
37243,4493371,21,4493392
37244,4493457,15,4493472
37245,4493583,40,4493623
37246,4493810,41,4493851
37247,4493965,28,4493993
37248,4493998,42,4494040
37249,4494107,13,4494120
37250,4494218,61,4494279
37251,4494439,1,4494440
37252,4494594,7,4494601
37253,4494785,3,4494788
37254,4494853,18,4494871
37255,4494981,12,4494993
37256,4495094,18,4495112
37257,4495218,16,4495234
37258,4495336,14,4495350
37259,4495419,6,4495425
37260,4495448,17,4495465
37261,4495520,8,4495528
37262,4495555,10,4495565
37263,4495738,3,4495741
37264,4495791,16,4495807
37265,4495882,8,4495890
37266,4495994,27,4496021
37267,4496287,9,4496296
37268,4496610,24,4496634
37269,4496819,5,4496824
37270,4496863,1,4496864
37271,4497024,21,4497045
37272,4497122,9,4497131
37273,4497177,5,4497182
37274,4497385,3,4497388
37275,4497526,5,4497531
37276,4497654,4,4497658
37277,4497692,3,4497695
37278,4497746,8,4497754
37279,4497755,2,4497757
37280,4497814,4,4497818
37281,4497824,103,4497927
37282,4498046,57,4498103
37283,4498126,22,4498148
37284,4498174,4,4498178
37285,4498213,13,4498226
37286,4498229,17,4498246
37287,4498285,5,4498290
37288,4498296,5,4498301
37289,4498314,1,4498315
37290,4498437,2,4498439
37291,4498592,27,4498619
37292,4498896,94,4498990
37293,4499118,2,4499120
37294,4499309,28,4499337
37295,4499403,19,4499422
37296,4499459,9,4499468
37297,4499478,23,4499501
37298,4499542,49,4499591
37299,4499694,29,4499723
37300,4499936,14,4499950
37301,4499993,11,4500004
37302,4500248,46,4500294
37303,4500488,49,4500537
37304,4500553,1,4500554
37305,4500559,23,4500582
37306,4500617,25,4500642
37307,4500739,27,4500766
37308,4500818,10,4500828
37309,4501038,15,4501053
37310,4501143,6,4501149
37311,4501172,39,4501211
37312,4501657,33,4501690
37313,4501942,34,4501976
37314,4501994,14,4502008
37315,4502031,30,4502061
37316,4502066,19,4502085
37317,4502324,37,4502361
37318,4502412,57,4502469
37319,4502969,19,4502988
37320,4503128,2,4503130
37321,4503274,37,4503311
37322,4503528,111,4503639
37323,4503657,18,4503675
37324,4503790,32,4503822
37325,4503866,16,4503882
37326,4504006,31,4504037
37327,4504077,4,4504081
37328,4504107,56,4504163
37329,4504398,6,4504404
37330,4504424,76,4504500
37331,4504702,14,4504716
37332,4504724,56,4504780
37333,4504787,3,4504790
37334,4504807,35,4504842
37335,4504845,2,4504847
37336,4504887,3,4504890
37337,4504999,50,4505049
37338,4505086,25,4505111
37339,4505154,32,4505186
37340,4505224,7,4505231
37341,4505595,5,4505600
37342,4505872,1,4505873
37343,4505892,17,4505909
37344,4506110,8,4506118
37345,4506164,2,4506166
37346,4506225,23,4506248
37347,4506373,44,4506417
37348,4506439,2,4506441
37349,4506449,27,4506476
37350,4506617,11,4506628
37351,4506761,11,4506772
37352,4506792,30,4506822
37353,4506892,17,4506909
37354,4507165,5,4507170
37355,4507431,15,4507446
37356,4507506,82,4507588
37357,4507612,22,4507634
37358,4507801,33,4507834
37359,4507981,12,4507993
37360,4508138,66,4508204
37361,4508214,7,4508221
37362,4508445,25,4508470
37363,4508658,5,4508663
37364,4508675,15,4508690
37365,4508975,131,4509106
37366,4509173,10,4509183
37367,4509406,11,4509417
37368,4509428,10,4509438
37369,4509552,29,4509581
37370,4509607,58,4509665
37371,4509710,12,4509722
37372,4509749,5,4509754
37373,4509901,54,4509955
37374,4509968,10,4509978
37375,4510055,49,4510104
37376,4510134,37,4510171
37377,4510172,9,4510181
37378,4510186,20,4510206
37379,4510240,2,4510242
37380,4510361,12,4510373
37381,4510429,13,4510442
37382,4510503,4,4510507
37383,4510605,9,4510614
37384,4510774,25,4510799
37385,4510818,16,4510834
37386,4510885,2,4510887
37387,4510904,60,4510964
37388,4511004,3,4511007
37389,4511096,2,4511098
37390,4511146,1,4511147
37391,4511253,56,4511309
37392,4511399,53,4511452
37393,4511627,14,4511641
37394,4511652,7,4511659
37395,4511717,8,4511725
37396,4511905,41,4511946
37397,4512023,15,4512038
37398,4512112,9,4512121
37399,4512155,5,4512160
37400,4512220,6,4512226
37401,4512594,55,4512649
37402,4512918,2,4512920
37403,4513000,46,4513046
37404,4513110,9,4513119
37405,4513155,18,4513173
37406,4513479,32,4513511
37407,4513520,6,4513526
37408,4513860,13,4513873
37409,4513944,36,4513980
37410,4514029,17,4514046
37411,4514164,4,4514168
37412,4514500,6,4514506
37413,4514674,87,4514761
37414,4514813,1,4514814
37415,4514888,12,4514900
37416,4514953,15,4514968
37417,4515018,2,4515020
37418,4515112,24,4515136
37419,4515287,27,4515314
37420,4515423,48,4515471
37421,4515809,1,4515810
37422,4516047,13,4516060
37423,4516204,48,4516252
37424,4516298,36,4516334
37425,4516414,10,4516424
37426,4516480,4,4516484
37427,4516514,22,4516536
37428,4516939,13,4516952
37429,4517234,11,4517245
37430,4517277,25,4517302
37431,4517377,6,4517383
37432,4517507,14,4517521
37433,4517720,28,4517748
37434,4517863,2,4517865
37435,4517954,20,4517974
37436,4517989,5,4517994
37437,4518392,31,4518423
37438,4518467,31,4518498
37439,4518534,5,4518539
37440,4518586,32,4518618
37441,4518643,33,4518676
37442,4518677,42,4518719
37443,4518737,3,4518740
37444,4518745,41,4518786
37445,4518803,18,4518821
37446,4518871,6,4518877
37447,4518883,8,4518891
37448,4519366,3,4519369
37449,4519755,34,4519789
37450,4519938,31,4519969
37451,4520033,21,4520054
37452,4520086,8,4520094
37453,4520332,18,4520350
37454,4520498,92,4520590
37455,4520750,13,4520763
37456,4520898,11,4520909
37457,4521122,10,4521132
37458,4521232,76,4521308
37459,4521397,2,4521399
37460,4521646,38,4521684
37461,4521710,26,4521736
37462,4521973,8,4521981
37463,4522116,20,4522136
37464,4522201,26,4522227
37465,4522247,6,4522253
37466,4522255,7,4522262
37467,4522396,29,4522425
37468,4522493,17,4522510
37469,4522577,24,4522601
37470,4522762,34,4522796
37471,4522829,14,4522843
37472,4522938,11,4522949
37473,4522974,15,4522989
37474,4523117,6,4523123
37475,4523494,34,4523528
37476,4523576,96,4523672
37477,4523699,17,4523716
37478,4523848,12,4523860
37479,4524015,7,4524022
37480,4524130,46,4524176
37481,4524188,137,4524325
37482,4524363,3,4524366
37483,4524443,15,4524458
37484,4524692,7,4524699
37485,4524817,6,4524823
37486,4525217,3,4525220
37487,4525327,2,4525329
37488,4525349,7,4525356
37489,4525497,8,4525505
37490,4525725,60,4525785
37491,4525832,36,4525868
37492,4526021,20,4526041
37493,4526181,1,4526182
37494,4526197,44,4526241
37495,4526369,3,4526372
37496,4526563,10,4526573
37497,4526685,4,4526689
37498,4526794,24,4526818
37499,4526911,43,4526954
37500,4527008,30,4527038
37501,4527143,2,4527145
37502,4527299,7,4527306
37503,4527439,25,4527464
37504,4527518,7,4527525
37505,4527576,10,4527586
37506,4527661,5,4527666
37507,4527948,62,4528010
37508,4528050,13,4528063
37509,4528107,24,4528131
37510,4528294,17,4528311
37511,4528356,21,4528377
37512,4528814,12,4528826
37513,4528847,34,4528881
37514,4529207,15,4529222
37515,4529336,1,4529337
37516,4529339,19,4529358
37517,4529388,2,4529390
37518,4529518,5,4529523
37519,4529536,8,4529544
37520,4529730,9,4529739
37521,4529852,2,4529854
37522,4529942,16,4529958
37523,4530153,45,4530198
37524,4530664,13,4530677
37525,4530872,1,4530873
37526,4531032,18,4531050
37527,4531164,21,4531185
37528,4531194,35,4531229
37529,4531392,36,4531428
37530,4531479,8,4531487
37531,4531524,13,4531537
37532,4531576,6,4531582
37533,4531682,7,4531689
37534,4531700,4,4531704
37535,4531885,3,4531888
37536,4531970,63,4532033
37537,4532141,23,4532164
37538,4532422,4,4532426
37539,4532438,33,4532471
37540,4532542,1,4532543
37541,4532654,35,4532689
37542,4532796,39,4532835
37543,4532928,24,4532952
37544,4533053,18,4533071
37545,4533085,5,4533090
37546,4533149,3,4533152
37547,4533254,32,4533286
37548,4533472,1,4533473
37549,4533608,1,4533609
37550,4533624,23,4533647
37551,4533703,14,4533717
37552,4533728,10,4533738
37553,4533801,15,4533816
37554,4533920,61,4533981
37555,4534092,13,4534105
37556,4534168,10,4534178
37557,4534191,11,4534202
37558,4534282,36,4534318
37559,4534642,24,4534666
37560,4534717,24,4534741
37561,4534890,42,4534932
37562,4534999,19,4535018
37563,4535019,20,4535039
37564,4535106,4,4535110
37565,4535196,50,4535246
37566,4535447,3,4535450
37567,4535677,15,4535692
37568,4535836,34,4535870
37569,4535909,42,4535951
37570,4536067,19,4536086
37571,4536314,3,4536317
37572,4536326,1,4536327
37573,4536757,1,4536758
37574,4536844,20,4536864
37575,4536945,28,4536973
37576,4537113,44,4537157
37577,4537158,2,4537160
37578,4537208,6,4537214
37579,4537429,24,4537453
37580,4537511,33,4537544
37581,4537609,13,4537622
37582,4537633,8,4537641
37583,4537668,26,4537694
37584,4537698,41,4537739
37585,4537740,6,4537746
37586,4537763,68,4537831
37587,4537842,9,4537851
37588,4538018,7,4538025
37589,4538099,109,4538208
37590,4538421,1,4538422
37591,4538510,2,4538512
37592,4538816,3,4538819
37593,4538874,11,4538885
37594,4539075,1,4539076
37595,4539305,4,4539309
37596,4539380,18,4539398
37597,4539509,10,4539519
37598,4539524,1,4539525
37599,4539649,24,4539673
37600,4539698,52,4539750
37601,4539771,3,4539774
37602,4539801,8,4539809
37603,4539936,5,4539941
37604,4539963,3,4539966
37605,4540292,15,4540307
37606,4540501,1,4540502
37607,4540630,61,4540691
37608,4540700,44,4540744
37609,4540999,18,4541017
37610,4541135,36,4541171
37611,4541327,17,4541344
37612,4541425,20,4541445
37613,4541525,4,4541529
37614,4541633,4,4541637
37615,4541664,14,4541678
37616,4541735,16,4541751
37617,4541753,58,4541811
37618,4541997,6,4542003
37619,4542070,8,4542078
37620,4542179,87,4542266
37621,4542598,68,4542666
37622,4542668,7,4542675
37623,4542733,34,4542767
37624,4542888,25,4542913
37625,4543061,11,4543072
37626,4543176,4,4543180
37627,4543279,1,4543280
37628,4543301,3,4543304
37629,4543328,13,4543341
37630,4543462,34,4543496
37631,4543501,3,4543504
37632,4543846,2,4543848
37633,4543860,9,4543869
37634,4543916,2,4543918
37635,4543964,7,4543971
37636,4543976,24,4544000
37637,4544098,29,4544127
37638,4544139,7,4544146
37639,4544244,4,4544248
37640,4544580,23,4544603
37641,4544786,75,4544861
37642,4544931,10,4544941
37643,4545195,13,4545208
37644,4545418,19,4545437
37645,4545438,14,4545452
37646,4545559,25,4545584
37647,4545810,2,4545812
37648,4545912,37,4545949
37649,4545989,3,4545992
37650,4546006,45,4546051
37651,4546190,4,4546194
37652,4546278,2,4546280
37653,4546347,5,4546352
37654,4546430,11,4546441
37655,4546514,19,4546533
37656,4546570,42,4546612
37657,4546671,6,4546677
37658,4546693,7,4546700
37659,4546783,42,4546825
37660,4546828,1,4546829
37661,4546853,39,4546892
37662,4547130,18,4547148
37663,4547190,16,4547206
37664,4547219,49,4547268
37665,4547279,19,4547298
37666,4547333,12,4547345
37667,4547371,28,4547399
37668,4547560,17,4547577
37669,4547608,10,4547618
37670,4547628,7,4547635
37671,4547691,20,4547711
37672,4547754,7,4547761
37673,4547826,45,4547871
37674,4547960,15,4547975
37675,4547982,84,4548066
37676,4548084,4,4548088
37677,4548128,2,4548130
37678,4548187,19,4548206
37679,4548243,6,4548249
37680,4548302,5,4548307
37681,4548309,18,4548327
37682,4548395,32,4548427
37683,4548575,39,4548614
37684,4548656,10,4548666
37685,4548694,3,4548697
37686,4548841,88,4548929
37687,4548985,23,4549008
37688,4549107,16,4549123
37689,4549251,1,4549252
37690,4549291,7,4549298
37691,4549379,5,4549384
37692,4549415,38,4549453
37693,4549464,3,4549467
37694,4549489,15,4549504
37695,4549606,33,4549639
37696,4549814,32,4549846
37697,4550270,2,4550272
37698,4550279,33,4550312
37699,4550368,22,4550390
37700,4550461,20,4550481
37701,4550526,1,4550527
37702,4550717,2,4550719
37703,4550989,16,4551005
37704,4551083,1,4551084
37705,4551146,95,4551241
37706,4551368,30,4551398
37707,4551409,38,4551447
37708,4551653,3,4551656
37709,4551667,26,4551693
37710,4551819,21,4551840
37711,4551873,8,4551881
37712,4551882,8,4551890
37713,4551907,71,4551978
37714,4551999,9,4552008
37715,4552031,17,4552048
37716,4552089,5,4552094
37717,4552139,8,4552147
37718,4552225,31,4552256
37719,4552375,27,4552402
37720,4552425,22,4552447
37721,4552493,16,4552509
37722,4552574,5,4552579
37723,4552612,35,4552647
37724,4552684,7,4552691
37725,4552749,42,4552791
37726,4552795,8,4552803
37727,4552866,21,4552887
37728,4553108,31,4553139
37729,4553299,17,4553316
37730,4553328,14,4553342
37731,4553413,4,4553417
37732,4553479,10,4553489
37733,4553766,4,4553770
37734,4553828,65,4553893
37735,4554030,21,4554051
37736,4554165,19,4554184
37737,4554227,4,4554231
37738,4554270,23,4554293
37739,4554476,12,4554488
37740,4554988,1,4554989
37741,4555090,19,4555109
37742,4555140,140,4555280
37743,4555497,41,4555538
37744,4555677,29,4555706
37745,4555867,1,4555868
37746,4556068,18,4556086
37747,4556112,68,4556180
37748,4556255,23,4556278
37749,4556282,4,4556286
37750,4556333,78,4556411
37751,4556512,30,4556542
37752,4556677,1,4556678
37753,4556712,1,4556713
37754,4556740,46,4556786
37755,4556938,3,4556941
37756,4556992,5,4556997
37757,4557077,11,4557088
37758,4557161,29,4557190
37759,4557273,19,4557292
37760,4557306,6,4557312
37761,4557334,20,4557354
37762,4557537,2,4557539
37763,4557582,1,4557583
37764,4557612,99,4557711
37765,4557819,38,4557857
37766,4558079,17,4558096
37767,4558137,11,4558148
37768,4558181,43,4558224
37769,4558261,22,4558283
37770,4558351,9,4558360
37771,4558409,44,4558453
37772,4558482,18,4558500
37773,4558561,39,4558600
37774,4558672,7,4558679
37775,4559103,28,4559131
37776,4559267,12,4559279
37777,4559506,30,4559536
37778,4559635,3,4559638
37779,4559953,9,4559962
37780,4559987,9,4559996
37781,4560009,27,4560036
37782,4560264,3,4560267
37783,4560369,38,4560407
37784,4560611,9,4560620
37785,4560922,15,4560937
37786,4561112,14,4561126
37787,4561149,3,4561152
37788,4561289,6,4561295
37789,4561360,8,4561368
37790,4561377,7,4561384
37791,4561560,23,4561583
37792,4561884,76,4561960
37793,4561968,26,4561994
37794,4562028,3,4562031
37795,4562062,61,4562123
37796,4562331,12,4562343
37797,4562375,13,4562388
37798,4562424,17,4562441
37799,4562457,19,4562476
37800,4562485,9,4562494
37801,4562510,15,4562525
37802,4562747,8,4562755
37803,4562812,7,4562819
37804,4562821,17,4562838
37805,4562935,55,4562990
37806,4563013,43,4563056
37807,4563138,46,4563184
37808,4563248,13,4563261
37809,4563407,33,4563440
37810,4563487,58,4563545
37811,4563679,7,4563686
37812,4563701,10,4563711
37813,4563747,9,4563756
37814,4563822,1,4563823
37815,4563864,8,4563872
37816,4564033,3,4564036
37817,4564314,40,4564354
37818,4564376,36,4564412
37819,4564955,13,4564968
37820,4564981,50,4565031
37821,4565049,23,4565072
37822,4565172,11,4565183
37823,4565201,34,4565235
37824,4565239,14,4565253
37825,4565354,1,4565355
37826,4565500,49,4565549
37827,4565903,43,4565946
37828,4566008,14,4566022
37829,4566645,5,4566650
37830,4566672,5,4566677
37831,4566721,16,4566737
37832,4566783,5,4566788
37833,4566960,12,4566972
37834,4567025,40,4567065
37835,4567269,9,4567278
37836,4567297,109,4567406
37837,4567725,6,4567731
37838,4567775,1,4567776
37839,4567965,3,4567968
37840,4568012,48,4568060
37841,4568194,35,4568229
37842,4568334,10,4568344
37843,4568476,11,4568487
37844,4568725,4,4568729
37845,4568733,14,4568747
37846,4568922,21,4568943
37847,4569112,15,4569127
37848,4569358,14,4569372
37849,4569395,34,4569429
37850,4569539,1,4569540
37851,4569574,1,4569575
37852,4569651,47,4569698
37853,4569833,17,4569850
37854,4569892,15,4569907
37855,4569938,17,4569955
37856,4570029,5,4570034
37857,4570121,9,4570130
37858,4570133,9,4570142
37859,4570202,19,4570221
37860,4570249,2,4570251
37861,4570291,35,4570326
37862,4570403,5,4570408
37863,4570628,7,4570635
37864,4570638,30,4570668
37865,4570742,13,4570755
37866,4570779,5,4570784
37867,4570856,8,4570864
37868,4570934,22,4570956
37869,4570998,2,4571000
37870,4571021,32,4571053
37871,4571089,1,4571090
37872,4571232,26,4571258
37873,4571448,8,4571456
37874,4571484,6,4571490
37875,4571542,9,4571551
37876,4571631,48,4571679
37877,4571724,8,4571732
37878,4571809,14,4571823
37879,4571841,10,4571851
37880,4571902,10,4571912
37881,4571924,24,4571948
37882,4571986,33,4572019
37883,4572138,42,4572180
37884,4572186,107,4572293
37885,4572662,6,4572668
37886,4572880,33,4572913
37887,4572920,108,4573028
37888,4573065,9,4573074
37889,4573212,1,4573213
37890,4573250,17,4573267
37891,4573282,75,4573357
37892,4573734,18,4573752
37893,4573798,44,4573842
37894,4574185,34,4574219
37895,4574554,1,4574555
37896,4574632,5,4574637
37897,4574818,1,4574819
37898,4575002,56,4575058
37899,4575125,12,4575137
37900,4575161,17,4575178
37901,4575240,58,4575298
37902,4575347,4,4575351
37903,4575380,80,4575460
37904,4575504,5,4575509
37905,4575519,9,4575528
37906,4575696,25,4575721
37907,4575845,10,4575855
37908,4575999,64,4576063
37909,4576150,8,4576158
37910,4576184,27,4576211
37911,4576273,5,4576278
37912,4576390,8,4576398
37913,4576486,20,4576506
37914,4576668,8,4576676
37915,4576802,3,4576805
37916,4576826,3,4576829
37917,4577230,27,4577257
37918,4577267,6,4577273
37919,4577303,8,4577311
37920,4577420,10,4577430
37921,4577690,12,4577702
37922,4577707,13,4577720
37923,4577780,23,4577803
37924,4577962,5,4577967
37925,4578119,13,4578132
37926,4578230,16,4578246
37927,4578256,73,4578329
37928,4578403,28,4578431
37929,4578485,52,4578537
37930,4578613,24,4578637
37931,4578646,1,4578647
37932,4578696,1,4578697
37933,4578755,7,4578762
37934,4579098,12,4579110
37935,4579350,2,4579352
37936,4579356,18,4579374
37937,4579569,15,4579584
37938,4579633,22,4579655
37939,4579740,48,4579788
37940,4579898,8,4579906
37941,4580004,39,4580043
37942,4580046,81,4580127
37943,4580212,7,4580219
37944,4580223,1,4580224
37945,4580298,9,4580307
37946,4580367,30,4580397
37947,4580636,73,4580709
37948,4580741,66,4580807
37949,4580845,42,4580887
37950,4580913,51,4580964
37951,4581139,11,4581150
37952,4581172,9,4581181
37953,4581307,1,4581308
37954,4581311,14,4581325
37955,4581370,18,4581388
37956,4581545,38,4581583
37957,4581646,1,4581647
37958,4581662,2,4581664
37959,4581802,30,4581832
37960,4581877,43,4581920
37961,4582021,8,4582029
37962,4582044,7,4582051
37963,4582316,14,4582330
37964,4582481,14,4582495
37965,4582504,24,4582528
37966,4582535,21,4582556
37967,4582565,19,4582584
37968,4582585,52,4582637
37969,4582732,4,4582736
37970,4582823,3,4582826
37971,4582928,13,4582941
37972,4582967,16,4582983
37973,4583070,31,4583101
37974,4583116,46,4583162
37975,4583283,2,4583285
37976,4583309,17,4583326
37977,4583385,7,4583392
37978,4583493,30,4583523
37979,4583527,20,4583547
37980,4583740,5,4583745
37981,4583748,1,4583749
37982,4584056,34,4584090
37983,4584163,7,4584170
37984,4584179,13,4584192
37985,4584213,42,4584255
37986,4584357,9,4584366
37987,4584374,2,4584376
37988,4584493,4,4584497
37989,4584530,11,4584541
37990,4584612,2,4584614
37991,4584689,20,4584709
37992,4584819,2,4584821
37993,4584831,8,4584839
37994,4584869,5,4584874
37995,4584928,7,4584935
37996,4584994,4,4584998
37997,4585075,26,4585101
37998,4585105,11,4585116
37999,4585366,33,4585399
38000,4585587,3,4585590
38001,4585644,64,4585708
38002,4585720,58,4585778
38003,4585920,25,4585945
38004,4585992,21,4586013
38005,4586069,40,4586109
38006,4586125,3,4586128
38007,4586595,1,4586596
38008,4586734,7,4586741
38009,4586752,40,4586792
38010,4586934,63,4586997
38011,4587111,25,4587136
38012,4587438,48,4587486
38013,4587523,14,4587537
38014,4587546,7,4587553
38015,4587917,19,4587936
38016,4587953,13,4587966
38017,4588034,9,4588043
38018,4588092,6,4588098
38019,4588163,3,4588166
38020,4588171,13,4588184
38021,4588223,17,4588240
38022,4588296,24,4588320
38023,4588392,90,4588482
38024,4588490,5,4588495
38025,4588625,37,4588662
38026,4588680,18,4588698
38027,4588863,23,4588886
38028,4588942,4,4588946
38029,4588968,51,4589019
38030,4589038,21,4589059
38031,4589090,28,4589118
38032,4589137,48,4589185
38033,4589308,21,4589329
38034,4589386,7,4589393
38035,4589661,20,4589681
38036,4589749,6,4589755
38037,4589766,18,4589784
38038,4589840,11,4589851
38039,4589945,15,4589960
38040,4590048,7,4590055
38041,4590078,19,4590097
38042,4590143,15,4590158
38043,4590207,19,4590226
38044,4590422,8,4590430
38045,4590510,17,4590527
38046,4590532,6,4590538
38047,4590685,16,4590701
38048,4590770,20,4590790
38049,4591034,19,4591053
38050,4591199,22,4591221
38051,4591321,3,4591324
38052,4591344,48,4591392
38053,4591414,19,4591433
38054,4591544,86,4591630
38055,4591746,33,4591779
38056,4591828,2,4591830
38057,4591919,27,4591946
38058,4591960,13,4591973
38059,4592034,3,4592037
38060,4592066,11,4592077
38061,4592296,11,4592307
38062,4592348,15,4592363
38063,4592365,11,4592376
38064,4592532,63,4592595
38065,4592596,13,4592609
38066,4592615,22,4592637
38067,4592809,13,4592822
38068,4592900,1,4592901
38069,4592908,73,4592981
38070,4593049,3,4593052
38071,4593147,16,4593163
38072,4593207,12,4593219
38073,4593364,8,4593372
38074,4593417,17,4593434
38075,4593475,1,4593476
38076,4593504,62,4593566
38077,4593782,5,4593787
38078,4593807,9,4593816
38079,4594005,9,4594014
38080,4594068,30,4594098
38081,4594218,8,4594226
38082,4594234,37,4594271
38083,4594342,19,4594361
38084,4594793,7,4594800
38085,4594895,24,4594919
38086,4595001,16,4595017
38087,4595053,14,4595067
38088,4595181,2,4595183
38089,4595239,13,4595252
38090,4595379,3,4595382
38091,4595684,19,4595703
38092,4595742,2,4595744
38093,4595975,28,4596003
38094,4596085,19,4596104
38095,4596120,2,4596122
38096,4596156,11,4596167
38097,4596280,6,4596286
38098,4596407,6,4596413
38099,4596447,31,4596478
38100,4596693,5,4596698
38101,4596931,8,4596939
38102,4597079,6,4597085
38103,4597158,1,4597159
38104,4597209,14,4597223
38105,4597429,2,4597431
38106,4597721,2,4597723
38107,4598037,26,4598063
38108,4598184,42,4598226
38109,4598373,8,4598381
38110,4598437,28,4598465
38111,4598466,8,4598474
38112,4598591,20,4598611
38113,4598685,6,4598691
38114,4598802,1,4598803
38115,4598871,17,4598888
38116,4599000,25,4599025
38117,4599102,2,4599104
38118,4599254,2,4599256
38119,4599430,1,4599431
38120,4599460,28,4599488
38121,4599632,3,4599635
38122,4599669,11,4599680
38123,4599734,3,4599737
38124,4599857,7,4599864
38125,4599876,42,4599918
38126,4600059,22,4600081
38127,4600236,3,4600239
38128,4600286,6,4600292
38129,4600294,27,4600321
38130,4600443,4,4600447
38131,4600809,14,4600823
38132,4600914,25,4600939
38133,4600972,2,4600974
38134,4600996,1,4600997
38135,4600999,49,4601048
38136,4601074,5,4601079
38137,4601270,70,4601340
38138,4601373,11,4601384
38139,4601535,3,4601538
38140,4601636,10,4601646
38141,4601736,5,4601741
38142,4601859,10,4601869
38143,4601916,21,4601937
38144,4602144,21,4602165
38145,4602231,9,4602240
38146,4602414,68,4602482
38147,4602538,1,4602539
38148,4602664,29,4602693
38149,4602699,19,4602718
38150,4602761,1,4602762
38151,4602783,1,4602784
38152,4602800,5,4602805
38153,4602831,11,4602842
38154,4602850,1,4602851
38155,4602874,10,4602884
38156,4602895,38,4602933
38157,4602955,6,4602961
38158,4603009,37,4603046
38159,4603143,38,4603181
38160,4603214,10,4603224
38161,4603284,7,4603291
38162,4603333,45,4603378
38163,4603427,7,4603434
38164,4603452,10,4603462
38165,4603473,38,4603511
38166,4603606,10,4603616
38167,4603647,55,4603702
38168,4603800,27,4603827
38169,4603894,6,4603900
38170,4603983,12,4603995
38171,4604017,1,4604018
38172,4604196,32,4604228
38173,4604321,14,4604335
38174,4604343,34,4604377
38175,4604394,33,4604427
38176,4604441,2,4604443
38177,4604458,30,4604488
38178,4604627,13,4604640
38179,4604727,29,4604756
38180,4604810,17,4604827
38181,4605004,5,4605009
38182,4605047,6,4605053
38183,4605151,14,4605165
38184,4605199,16,4605215
38185,4605221,7,4605228
38186,4605337,18,4605355
38187,4605447,27,4605474
38188,4605541,12,4605553
38189,4605569,1,4605570
38190,4605598,5,4605603
38191,4605676,6,4605682
38192,4605734,27,4605761
38193,4605832,17,4605849
38194,4605860,1,4605861
38195,4605862,10,4605872
38196,4605881,7,4605888
38197,4606034,40,4606074
38198,4606152,72,4606224
38199,4606263,3,4606266
38200,4606386,3,4606389
38201,4606524,7,4606531
38202,4606539,18,4606557
38203,4606561,6,4606567
38204,4606741,5,4606746
38205,4606935,30,4606965
38206,4607140,4,4607144
38207,4607163,6,4607169
38208,4607243,4,4607247
38209,4607300,1,4607301
38210,4607425,4,4607429
38211,4607504,2,4607506
38212,4607512,5,4607517
38213,4607933,34,4607967
38214,4608181,5,4608186
38215,4608198,37,4608235
38216,4608252,21,4608273
38217,4608341,60,4608401
38218,4608436,21,4608457
38219,4608564,18,4608582
38220,4608604,1,4608605
38221,4609256,1,4609257
38222,4609385,4,4609389
38223,4609602,63,4609665
38224,4609846,14,4609860
38225,4609877,4,4609881
38226,4609890,9,4609899
38227,4610002,8,4610010
38228,4610052,8,4610060
38229,4610115,5,4610120
38230,4610147,6,4610153
38231,4610257,30,4610287
38232,4610348,8,4610356
38233,4610389,41,4610430
38234,4610497,2,4610499
38235,4610553,4,4610557
38236,4610913,20,4610933
38237,4610955,5,4610960
38238,4610998,20,4611018
38239,4611070,22,4611092
38240,4611109,16,4611125
38241,4611162,41,4611203
38242,4611278,60,4611338
38243,4611473,4,4611477
38244,4611705,19,4611724
38245,4611740,24,4611764
38246,4611827,37,4611864
38247,4611923,6,4611929
38248,4612002,7,4612009
38249,4612010,34,4612044
38250,4612372,25,4612397
38251,4612405,27,4612432
38252,4612651,3,4612654
38253,4612796,3,4612799
38254,4613067,2,4613069
38255,4613103,5,4613108
38256,4613168,48,4613216
38257,4613317,24,4613341
38258,4613350,8,4613358
38259,4613388,23,4613411
38260,4613644,3,4613647
38261,4613815,1,4613816
38262,4613832,30,4613862
38263,4614180,3,4614183
38264,4614208,6,4614214
38265,4614832,15,4614847
38266,4614912,4,4614916
38267,4614952,18,4614970
38268,4615035,10,4615045
38269,4615154,19,4615173
38270,4615200,15,4615215
38271,4615366,8,4615374
38272,4615516,16,4615532
38273,4615583,24,4615607
38274,4615731,28,4615759
38275,4615858,2,4615860
38276,4615862,55,4615917
38277,4616107,11,4616118
38278,4616283,81,4616364
38279,4616411,13,4616424
38280,4616526,108,4616634
38281,4616840,26,4616866
38282,4617004,26,4617030
38283,4617143,7,4617150
38284,4617195,8,4617203
38285,4617376,14,4617390
38286,4617424,53,4617477
38287,4617573,22,4617595
38288,4617610,11,4617621
38289,4617904,22,4617926
38290,4617975,7,4617982
38291,4618029,13,4618042
38292,4618170,5,4618175
38293,4618214,41,4618255
38294,4618308,39,4618347
38295,4618349,26,4618375
38296,4618516,30,4618546
38297,4618598,6,4618604
38298,4618611,6,4618617
38299,4619187,2,4619189
38300,4619317,52,4619369
38301,4619418,5,4619423
38302,4619513,58,4619571
38303,4619643,3,4619646
38304,4619757,7,4619764
38305,4619818,13,4619831
38306,4619861,22,4619883
38307,4619990,3,4619993
38308,4620032,9,4620041
38309,4620142,13,4620155
38310,4620200,20,4620220
38311,4620311,50,4620361
38312,4620396,12,4620408
38313,4620480,74,4620554
38314,4620864,1,4620865
38315,4620926,3,4620929
38316,4620936,26,4620962
38317,4620997,19,4621016
38318,4621144,37,4621181
38319,4621327,2,4621329
38320,4621574,6,4621580
38321,4621638,96,4621734
38322,4621739,4,4621743
38323,4621930,134,4622064
38324,4622091,37,4622128
38325,4622132,6,4622138
38326,4622321,111,4622432
38327,4622733,16,4622749
38328,4622761,36,4622797
38329,4622853,13,4622866
38330,4622922,16,4622938
38331,4623109,26,4623135
38332,4623227,4,4623231
38333,4623340,3,4623343
38334,4623537,15,4623552
38335,4623599,1,4623600
38336,4623604,20,4623624
38337,4623664,3,4623667
38338,4623831,5,4623836
38339,4623846,17,4623863
38340,4624096,13,4624109
38341,4624416,12,4624428
38342,4624611,29,4624640
38343,4624653,1,4624654
38344,4624675,10,4624685
38345,4624691,35,4624726
38346,4625004,38,4625042
38347,4625100,23,4625123
38348,4625167,40,4625207
38349,4625378,12,4625390
38350,4625961,35,4625996
38351,4626080,3,4626083
38352,4626176,2,4626178
38353,4626778,47,4626825
38354,4626847,9,4626856
38355,4626863,10,4626873
38356,4626880,3,4626883
38357,4626907,2,4626909
38358,4627014,12,4627026
38359,4627211,27,4627238
38360,4627375,47,4627422
38361,4627530,7,4627537
38362,4627540,37,4627577
38363,4627601,12,4627613
38364,4627678,6,4627684
38365,4627732,17,4627749
38366,4627800,22,4627822
38367,4628056,11,4628067
38368,4628330,16,4628346
38369,4628414,9,4628423
38370,4628600,66,4628666
38371,4628805,8,4628813
38372,4628876,37,4628913
38373,4628916,3,4628919
38374,4628927,1,4628928
38375,4629009,8,4629017
38376,4629062,7,4629069
38377,4629162,8,4629170
38378,4629222,30,4629252
38379,4629614,6,4629620
38380,4629730,15,4629745
38381,4629758,3,4629761
38382,4629762,6,4629768
38383,4629791,25,4629816
38384,4629883,30,4629913
38385,4629926,63,4629989
38386,4630184,1,4630185
38387,4630208,10,4630218
38388,4630781,25,4630806
38389,4630993,88,4631081
38390,4631120,18,4631138
38391,4631211,9,4631220
38392,4631247,19,4631266
38393,4631329,3,4631332
38394,4631376,17,4631393
38395,4631394,26,4631420
38396,4631716,5,4631721
38397,4631773,46,4631819
38398,4631936,3,4631939
38399,4632006,19,4632025
38400,4632058,16,4632074
38401,4632082,27,4632109
38402,4632175,45,4632220
38403,4632286,7,4632293
38404,4632357,10,4632367
38405,4632563,4,4632567
38406,4632597,37,4632634
38407,4632660,20,4632680
38408,4632795,15,4632810
38409,4632830,2,4632832
38410,4633217,16,4633233
38411,4633517,21,4633538
38412,4633575,4,4633579
38413,4633766,15,4633781
38414,4633902,1,4633903
38415,4634023,23,4634046
38416,4634082,3,4634085
38417,4634112,25,4634137
38418,4634149,20,4634169
38419,4634258,13,4634271
38420,4634332,3,4634335
38421,4634743,8,4634751
38422,4634869,17,4634886
38423,4635005,21,4635026
38424,4635076,20,4635096
38425,4635164,34,4635198
38426,4635217,19,4635236
38427,4635274,2,4635276
38428,4635298,7,4635305
38429,4635465,15,4635480
38430,4635560,16,4635576
38431,4635719,4,4635723
38432,4635747,6,4635753
38433,4635871,16,4635887
38434,4635961,33,4635994
38435,4636089,4,4636093
38436,4636102,7,4636109
38437,4636179,9,4636188
38438,4636412,42,4636454
38439,4636499,9,4636508
38440,4636509,10,4636519
38441,4636759,37,4636796
38442,4636849,15,4636864
38443,4636927,11,4636938
38444,4637126,4,4637130
38445,4637134,16,4637150
38446,4637278,5,4637283
38447,4637287,6,4637293
38448,4637455,9,4637464
38449,4637479,10,4637489
38450,4637508,3,4637511
38451,4637562,2,4637564
38452,4637575,5,4637580
38453,4637721,15,4637736
38454,4637769,10,4637779
38455,4637831,19,4637850
38456,4637920,56,4637976
38457,4637999,2,4638001
38458,4638131,13,4638144
38459,4638182,31,4638213
38460,4638308,11,4638319
38461,4638342,12,4638354
38462,4638561,1,4638562
38463,4638604,38,4638642
38464,4638681,13,4638694
38465,4638818,4,4638822
38466,4638828,17,4638845
38467,4638908,39,4638947
38468,4639204,2,4639206
38469,4639240,68,4639308
38470,4639438,26,4639464
38471,4639473,8,4639481
38472,4639517,24,4639541
38473,4639632,15,4639647
38474,4639668,7,4639675
38475,4639703,1,4639704
38476,4639734,21,4639755
38477,4639810,6,4639816
38478,4639841,1,4639842
38479,4639976,6,4639982
38480,4640073,40,4640113
38481,4640392,1,4640393
38482,4640408,64,4640472
38483,4640803,8,4640811
38484,4640816,9,4640825
38485,4640832,15,4640847
38486,4640857,27,4640884
38487,4640900,4,4640904
38488,4640944,28,4640972
38489,4641044,13,4641057
38490,4641135,18,4641153
38491,4641226,112,4641338
38492,4641411,4,4641415
38493,4641451,56,4641507
38494,4641596,58,4641654
38495,4641880,7,4641887
38496,4642168,4,4642172
38497,4642429,91,4642520
38498,4642681,73,4642754
38499,4643006,27,4643033
38500,4643416,9,4643425
38501,4643502,1,4643503
38502,4643521,77,4643598
38503,4643656,22,4643678
38504,4643734,1,4643735
38505,4643753,2,4643755
38506,4643829,10,4643839
38507,4643922,35,4643957
38508,4644094,3,4644097
38509,4644136,31,4644167
38510,4644277,21,4644298
38511,4644331,3,4644334
38512,4644452,34,4644486
38513,4644556,16,4644572
38514,4644725,25,4644750
38515,4644751,5,4644756
38516,4644963,2,4644965
38517,4645042,10,4645052
38518,4645083,7,4645090
38519,4645385,29,4645414
38520,4645417,25,4645442
38521,4645542,80,4645622
38522,4645692,10,4645702
38523,4646019,13,4646032
38524,4646214,54,4646268
38525,4646299,12,4646311
38526,4646354,32,4646386
38527,4646387,48,4646435
38528,4646525,19,4646544
38529,4646720,4,4646724
38530,4646906,2,4646908
38531,4647048,29,4647077
38532,4647169,19,4647188
38533,4647217,13,4647230
38534,4647258,16,4647274
38535,4647368,8,4647376
38536,4647433,59,4647492
38537,4647520,38,4647558
38538,4647735,6,4647741
38539,4647862,3,4647865
38540,4647913,6,4647919
38541,4648031,44,4648075
38542,4648148,9,4648157
38543,4648190,5,4648195
38544,4648280,28,4648308
38545,4648553,19,4648572
38546,4648581,1,4648582
38547,4648607,24,4648631
38548,4648632,6,4648638
38549,4648683,37,4648720
38550,4648907,38,4648945
38551,4649084,38,4649122
38552,4649158,4,4649162
38553,4649344,88,4649432
38554,4649587,3,4649590
38555,4649801,1,4649802
38556,4649872,20,4649892
38557,4649930,88,4650018
38558,4650130,22,4650152
38559,4650320,35,4650355
38560,4650377,27,4650404
38561,4650475,55,4650530
38562,4650624,22,4650646
38563,4650728,27,4650755
38564,4650769,22,4650791
38565,4650884,16,4650900
38566,4651014,3,4651017
38567,4651141,8,4651149
38568,4651349,7,4651356
38569,4651476,21,4651497
38570,4651619,7,4651626
38571,4651673,30,4651703
38572,4651748,27,4651775
38573,4651807,76,4651883
38574,4651884,7,4651891
38575,4651961,13,4651974
38576,4652018,2,4652020
38577,4652125,25,4652150
38578,4652154,12,4652166
38579,4652267,4,4652271
38580,4652282,12,4652294
38581,4652402,51,4652453
38582,4652482,3,4652485
38583,4652919,11,4652930
38584,4652996,48,4653044
38585,4653093,54,4653147
38586,4653173,51,4653224
38587,4653258,14,4653272
38588,4653280,58,4653338
38589,4653456,19,4653475
38590,4653652,12,4653664
38591,4653720,11,4653731
38592,4653743,10,4653753
38593,4653775,18,4653793
38594,4653880,5,4653885
38595,4653906,3,4653909
38596,4653927,30,4653957
38597,4653988,12,4654000
38598,4654018,11,4654029
38599,4654078,23,4654101
38600,4654485,12,4654497
38601,4654561,37,4654598
38602,4654602,6,4654608
38603,4654624,11,4654635
38604,4654726,19,4654745
38605,4654752,22,4654774
38606,4654986,29,4655015
38607,4655119,14,4655133
38608,4655140,7,4655147
38609,4655419,31,4655450
38610,4655577,27,4655604
38611,4655735,11,4655746
38612,4655782,13,4655795
38613,4655799,61,4655860
38614,4656038,12,4656050
38615,4656135,8,4656143
38616,4656152,5,4656157
38617,4656173,96,4656269
38618,4656276,25,4656301
38619,4656315,22,4656337
38620,4656475,3,4656478
38621,4656492,3,4656495
38622,4656594,21,4656615
38623,4656750,28,4656778
38624,4656783,24,4656807
38625,4656856,59,4656915
38626,4657056,11,4657067
38627,4657087,1,4657088
38628,4657155,30,4657185
38629,4657196,29,4657225
38630,4657252,104,4657356
38631,4657626,56,4657682
38632,4657807,45,4657852
38633,4657877,1,4657878
38634,4657890,2,4657892
38635,4657993,3,4657996
38636,4658006,5,4658011
38637,4658128,27,4658155
38638,4658226,6,4658232
38639,4658457,10,4658467
38640,4658609,8,4658617
38641,4658640,17,4658657
38642,4658697,30,4658727
38643,4658730,39,4658769
38644,4658772,21,4658793
38645,4658838,28,4658866
38646,4658906,15,4658921
38647,4659030,25,4659055
38648,4659103,6,4659109
38649,4659541,9,4659550
38650,4660176,2,4660178
38651,4660181,14,4660195
38652,4660208,10,4660218
38653,4660231,9,4660240
38654,4660242,20,4660262
38655,4660385,3,4660388
38656,4660533,41,4660574
38657,4660712,34,4660746
38658,4660756,7,4660763
38659,4660778,5,4660783
38660,4660828,59,4660887
38661,4660924,42,4660966
38662,4661283,37,4661320
38663,4661371,3,4661374
38664,4661435,20,4661455
38665,4661576,5,4661581
38666,4661850,1,4661851
38667,4661869,15,4661884
38668,4662063,13,4662076
38669,4662089,37,4662126
38670,4662270,37,4662307
38671,4662367,33,4662400
38672,4662429,19,4662448
38673,4662464,5,4662469
38674,4662539,89,4662628
38675,4662662,41,4662703
38676,4662754,11,4662765
38677,4662814,6,4662820
38678,4662852,3,4662855
38679,4662880,17,4662897
38680,4662911,14,4662925
38681,4662969,28,4662997
38682,4663131,5,4663136
38683,4663142,2,4663144
38684,4663181,41,4663222
38685,4663251,2,4663253
38686,4663596,59,4663655
38687,4663710,20,4663730
38688,4663768,32,4663800
38689,4663806,15,4663821
38690,4663867,24,4663891
38691,4663990,10,4664000
38692,4664033,1,4664034
38693,4664186,44,4664230
38694,4664486,13,4664499
38695,4664586,3,4664589
38696,4664676,22,4664698
38697,4664734,5,4664739
38698,4664757,5,4664762
38699,4664892,42,4664934
38700,4665067,56,4665123
38701,4665137,63,4665200
38702,4665565,28,4665593
38703,4665912,34,4665946
38704,4665960,1,4665961
38705,4665982,2,4665984
38706,4665995,20,4666015
38707,4666044,23,4666067
38708,4666134,45,4666179
38709,4666404,39,4666443
38710,4666919,31,4666950
38711,4666952,41,4666993
38712,4667078,29,4667107
38713,4667187,17,4667204
38714,4667327,15,4667342
38715,4667361,4,4667365
38716,4667416,35,4667451
38717,4667564,33,4667597
38718,4667675,5,4667680
38719,4667732,7,4667739
38720,4667764,25,4667789
38721,4667851,3,4667854
38722,4668015,3,4668018
38723,4668062,5,4668067
38724,4668124,12,4668136
38725,4668242,23,4668265
38726,4668312,1,4668313
38727,4668327,4,4668331
38728,4668395,11,4668406
38729,4668439,5,4668444
38730,4668598,16,4668614
38731,4668725,50,4668775
38732,4669042,2,4669044
38733,4669295,14,4669309
38734,4669347,24,4669371
38735,4669510,2,4669512
38736,4669606,54,4669660
38737,4669709,12,4669721
38738,4669758,12,4669770
38739,4670050,13,4670063
38740,4670072,11,4670083
38741,4670150,23,4670173
38742,4670267,14,4670281
38743,4670429,16,4670445
38744,4670538,3,4670541
38745,4670705,84,4670789
38746,4670946,28,4670974
38747,4670978,9,4670987
38748,4671358,13,4671371
38749,4671427,13,4671440
38750,4671462,22,4671484
38751,4671523,8,4671531
38752,4671579,5,4671584
38753,4671761,5,4671766
38754,4671994,2,4671996
38755,4672091,79,4672170
38756,4672198,15,4672213
38757,4672305,31,4672336
38758,4672522,4,4672526
38759,4672581,37,4672618
38760,4672654,102,4672756
38761,4672998,63,4673061
38762,4673103,70,4673173
38763,4673632,7,4673639
38764,4673679,62,4673741
38765,4673753,3,4673756
38766,4673885,27,4673912
38767,4674072,1,4674073
38768,4674114,71,4674185
38769,4674283,30,4674313
38770,4674328,3,4674331
38771,4674399,36,4674435
38772,4674454,19,4674473
38773,4674624,2,4674626
38774,4674674,13,4674687
38775,4674824,46,4674870
38776,4675007,42,4675049
38777,4675072,14,4675086
38778,4675254,8,4675262
38779,4675294,45,4675339
38780,4675444,69,4675513
38781,4675598,2,4675600
38782,4675648,1,4675649
38783,4675825,15,4675840
38784,4675858,20,4675878
38785,4675912,10,4675922
38786,4676098,5,4676103
38787,4676120,2,4676122
38788,4676152,5,4676157
38789,4676166,16,4676182
38790,4676344,6,4676350
38791,4676366,5,4676371
38792,4676415,41,4676456
38793,4676470,6,4676476
38794,4676479,2,4676481
38795,4676534,9,4676543
38796,4676652,41,4676693
38797,4676816,2,4676818
38798,4676872,32,4676904
38799,4677098,4,4677102
38800,4677107,23,4677130
38801,4677199,42,4677241
38802,4677407,2,4677409
38803,4677487,4,4677491
38804,4677567,111,4677678
38805,4677687,8,4677695
38806,4677763,56,4677819
38807,4677844,8,4677852
38808,4677865,4,4677869
38809,4678314,25,4678339
38810,4678484,11,4678495
38811,4678584,3,4678587
38812,4678850,35,4678885
38813,4679010,49,4679059
38814,4679075,9,4679084
38815,4679130,27,4679157
38816,4679255,40,4679295
38817,4679606,4,4679610
38818,4679730,71,4679801
38819,4679841,14,4679855
38820,4680103,80,4680183
38821,4680363,4,4680367
38822,4680432,5,4680437
38823,4680539,23,4680562
38824,4680735,60,4680795
38825,4680799,2,4680801
38826,4681019,5,4681024
38827,4681101,23,4681124
38828,4681125,36,4681161
38829,4681171,8,4681179
38830,4681214,19,4681233
38831,4681463,8,4681471
38832,4681541,12,4681553
38833,4681565,46,4681611
38834,4681617,50,4681667
38835,4681762,6,4681768
38836,4682131,15,4682146
38837,4682209,8,4682217
38838,4682290,20,4682310
38839,4682480,19,4682499
38840,4682647,3,4682650
38841,4682654,5,4682659
38842,4682683,4,4682687
38843,4682790,3,4682793
38844,4682858,30,4682888
38845,4682936,8,4682944
38846,4683082,11,4683093
38847,4683381,2,4683383
38848,4683409,1,4683410
38849,4683453,32,4683485
38850,4683756,15,4683771
38851,4683874,4,4683878
38852,4683886,8,4683894
38853,4684115,13,4684128
38854,4684204,4,4684208
38855,4684366,25,4684391
38856,4684451,17,4684468
38857,4684474,11,4684485
38858,4684520,9,4684529
38859,4684619,53,4684672
38860,4684686,17,4684703
38861,4684771,7,4684778
38862,4685122,2,4685124
38863,4685155,27,4685182
38864,4685273,35,4685308
38865,4685344,49,4685393
38866,4685401,46,4685447
38867,4685514,21,4685535
38868,4685740,17,4685757
38869,4685808,10,4685818
38870,4685826,2,4685828
38871,4685873,7,4685880
38872,4686117,9,4686126
38873,4686161,5,4686166
38874,4686177,1,4686178
38875,4686260,25,4686285
38876,4686390,2,4686392
38877,4686476,8,4686484
38878,4686574,11,4686585
38879,4686741,5,4686746
38880,4686873,4,4686877
38881,4686903,15,4686918
38882,4687062,14,4687076
38883,4687100,16,4687116
38884,4687156,20,4687176
38885,4687209,13,4687222
38886,4687270,39,4687309
38887,4687346,19,4687365
38888,4687560,43,4687603
38889,4687674,24,4687698
38890,4687799,7,4687806
38891,4688086,31,4688117
38892,4688170,6,4688176
38893,4688273,6,4688279
38894,4688332,15,4688347
38895,4688675,2,4688677
38896,4688695,4,4688699
38897,4688761,17,4688778
38898,4689049,2,4689051
38899,4689053,5,4689058
38900,4689175,4,4689179
38901,4689208,7,4689215
38902,4689328,2,4689330
38903,4689441,5,4689446
38904,4689471,35,4689506
38905,4689565,25,4689590
38906,4689834,55,4689889
38907,4689924,3,4689927
38908,4690203,7,4690210
38909,4690269,22,4690291
38910,4690327,31,4690358
38911,4690421,6,4690427
38912,4690480,8,4690488
38913,4690506,6,4690512
38914,4690572,6,4690578
38915,4690682,16,4690698
38916,4690761,24,4690785
38917,4690871,3,4690874
38918,4690950,49,4690999
38919,4691266,14,4691280
38920,4691555,76,4691631
38921,4691637,2,4691639
38922,4691886,50,4691936
38923,4691950,33,4691983
38924,4692079,36,4692115
38925,4692138,33,4692171
38926,4692311,9,4692320
38927,4692395,42,4692437
38928,4692606,1,4692607
38929,4692995,74,4693069
38930,4693113,18,4693131
38931,4693204,11,4693215
38932,4693302,21,4693323
38933,4693344,103,4693447
38934,4693455,32,4693487
38935,4693510,3,4693513
38936,4693770,23,4693793
38937,4693839,65,4693904
38938,4693967,11,4693978
38939,4693989,4,4693993
38940,4694003,20,4694023
38941,4694199,23,4694222
38942,4694403,29,4694432
38943,4694971,32,4695003
38944,4695219,12,4695231
38945,4695261,19,4695280
38946,4695290,22,4695312
38947,4695364,9,4695373
38948,4695385,16,4695401
38949,4695523,7,4695530
38950,4695618,24,4695642
38951,4696010,89,4696099
38952,4696298,1,4696299
38953,4696492,17,4696509
38954,4696543,18,4696561
38955,4696587,4,4696591
38956,4697160,29,4697189
38957,4697207,65,4697272
38958,4697621,11,4697632
38959,4697765,2,4697767
38960,4697793,20,4697813
38961,4697828,1,4697829
38962,4697931,3,4697934
38963,4698041,10,4698051
38964,4698065,6,4698071
38965,4698168,7,4698175
38966,4698308,16,4698324
38967,4698375,37,4698412
38968,4698509,2,4698511
38969,4698599,11,4698610
38970,4698675,76,4698751
38971,4698960,6,4698966
38972,4699042,67,4699109
38973,4699430,87,4699517
38974,4699561,3,4699564
38975,4699608,2,4699610
38976,4699727,9,4699736
38977,4699747,2,4699749
38978,4700001,26,4700027
38979,4700226,53,4700279
38980,4700360,6,4700366
38981,4700441,7,4700448
38982,4700668,1,4700669
38983,4700675,41,4700716
38984,4700761,16,4700777
38985,4700821,17,4700838
38986,4701150,55,4701205
38987,4701245,10,4701255
38988,4701420,16,4701436
38989,4701730,29,4701759
38990,4701951,19,4701970
38991,4701992,7,4701999
38992,4702022,7,4702029
38993,4702035,15,4702050
38994,4702302,41,4702343
38995,4702374,38,4702412
38996,4702449,8,4702457
38997,4702517,50,4702567
38998,4702592,96,4702688
38999,4702873,3,4702876
39000,4702973,12,4702985
39001,4703081,4,4703085
39002,4703087,4,4703091
39003,4703093,6,4703099
39004,4703121,27,4703148
39005,4703169,19,4703188
39006,4703298,28,4703326
39007,4703508,47,4703555
39008,4703608,19,4703627
39009,4703661,30,4703691
39010,4704020,20,4704040
39011,4704098,16,4704114
39012,4704479,26,4704505
39013,4704566,18,4704584
39014,4704657,18,4704675
39015,4704787,6,4704793
39016,4704822,19,4704841
39017,4704969,8,4704977
39018,4705164,24,4705188
39019,4705281,35,4705316
39020,4705633,47,4705680
39021,4705689,3,4705692
39022,4705818,29,4705847
39023,4705886,25,4705911
39024,4706095,21,4706116
39025,4706374,4,4706378
39026,4706411,11,4706422
39027,4706427,13,4706440
39028,4706465,26,4706491
39029,4706572,56,4706628
39030,4706765,10,4706775
39031,4707032,13,4707045
39032,4707110,67,4707177
39033,4707549,17,4707566
39034,4707617,37,4707654
39035,4707659,7,4707666
39036,4707875,23,4707898
39037,4707947,67,4708014
39038,4708151,14,4708165
39039,4708190,11,4708201
39040,4708211,2,4708213
39041,4708247,6,4708253
39042,4708434,11,4708445
39043,4708498,8,4708506
39044,4708559,16,4708575
39045,4708870,3,4708873
39046,4708875,1,4708876
39047,4708877,10,4708887
39048,4709217,2,4709219
39049,4709248,9,4709257
39050,4709418,15,4709433
39051,4709698,10,4709708
39052,4709884,16,4709900
39053,4709979,54,4710033
39054,4710201,16,4710217
39055,4710287,1,4710288
39056,4710312,13,4710325
39057,4710579,3,4710582
39058,4710656,27,4710683
39059,4710693,19,4710712
39060,4710768,9,4710777
39061,4710847,7,4710854
39062,4710930,3,4710933
39063,4711045,14,4711059
39064,4711076,34,4711110
39065,4711196,13,4711209
39066,4711224,1,4711225
39067,4711412,13,4711425
39068,4711609,4,4711613
39069,4711803,2,4711805
39070,4712168,6,4712174
39071,4712550,21,4712571
39072,4712715,3,4712718
39073,4712955,88,4713043
39074,4713076,15,4713091
39075,4713130,4,4713134
39076,4713149,13,4713162
39077,4713293,4,4713297
39078,4713341,3,4713344
39079,4713886,22,4713908
39080,4714011,3,4714014
39081,4714095,31,4714126
39082,4714215,21,4714236
39083,4714283,18,4714301
39084,4714346,18,4714364
39085,4714467,10,4714477
39086,4714503,32,4714535
39087,4714572,3,4714575
39088,4714622,3,4714625
39089,4714658,32,4714690
39090,4714709,5,4714714
39091,4714825,23,4714848
39092,4714880,1,4714881
39093,4714949,44,4714993
39094,4715080,28,4715108
39095,4715163,2,4715165
39096,4715259,10,4715269
39097,4715307,20,4715327
39098,4715564,3,4715567
39099,4715739,8,4715747
39100,4715842,20,4715862
39101,4715967,16,4715983
39102,4716000,15,4716015
39103,4716288,1,4716289
39104,4716659,17,4716676
39105,4716688,3,4716691
39106,4716748,3,4716751
39107,4716796,10,4716806
39108,4717002,20,4717022
39109,4717069,36,4717105
39110,4717161,6,4717167
39111,4717416,17,4717433
39112,4717565,4,4717569
39113,4717654,11,4717665
39114,4717768,50,4717818
39115,4718070,16,4718086
39116,4718122,24,4718146
39117,4718220,11,4718231
39118,4718373,95,4718468
39119,4718711,11,4718722
39120,4718961,45,4719006
39121,4719055,35,4719090
39122,4719095,65,4719160
39123,4719518,4,4719522
39124,4719596,10,4719606
39125,4719758,25,4719783
39126,4719809,12,4719821
39127,4719860,16,4719876
39128,4719877,40,4719917
39129,4719968,2,4719970
39130,4719987,20,4720007
39131,4720130,3,4720133
39132,4720139,8,4720147
39133,4720176,67,4720243
39134,4720262,31,4720293
39135,4720352,17,4720369
39136,4720877,34,4720911
39137,4721091,59,4721150
39138,4721160,30,4721190
39139,4721232,35,4721267
39140,4721290,20,4721310
39141,4721673,14,4721687
39142,4721722,2,4721724
39143,4721751,51,4721802
39144,4722070,2,4722072
39145,4722073,23,4722096
39146,4722178,4,4722182
39147,4722205,31,4722236
39148,4722253,4,4722257
39149,4722343,34,4722377
39150,4722423,17,4722440
39151,4722457,45,4722502
39152,4722562,71,4722633
39153,4722686,7,4722693
39154,4722721,29,4722750
39155,4722764,15,4722779
39156,4722867,18,4722885
39157,4723196,6,4723202
39158,4723321,3,4723324
39159,4723393,2,4723395
39160,4723397,42,4723439
39161,4723702,12,4723714
39162,4723868,4,4723872
39163,4723939,16,4723955
39164,4724122,5,4724127
39165,4724319,5,4724324
39166,4724447,6,4724453
39167,4724565,12,4724577
39168,4724584,28,4724612
39169,4724713,4,4724717
39170,4724770,3,4724773
39171,4725246,8,4725254
39172,4725308,1,4725309
39173,4725331,18,4725349
39174,4725390,24,4725414
39175,4725717,7,4725724
39176,4725841,25,4725866
39177,4725912,30,4725942
39178,4726036,7,4726043
39179,4726103,11,4726114
39180,4726228,2,4726230
39181,4726246,1,4726247
39182,4726318,4,4726322
39183,4726417,10,4726427
39184,4726529,44,4726573
39185,4726585,49,4726634
39186,4726636,3,4726639
39187,4726829,1,4726830
39188,4726852,30,4726882
39189,4726929,17,4726946
39190,4726961,22,4726983
39191,4727068,11,4727079
39192,4727122,22,4727144
39193,4727187,1,4727188
39194,4727539,6,4727545
39195,4727644,33,4727677
39196,4727757,10,4727767
39197,4727926,1,4727927
39198,4728132,31,4728163
39199,4728476,8,4728484
39200,4728485,4,4728489
39201,4728610,10,4728620
39202,4728659,33,4728692
39203,4729035,1,4729036
39204,4729051,33,4729084
39205,4729110,5,4729115
39206,4729117,10,4729127
39207,4729216,5,4729221
39208,4729437,109,4729546
39209,4729757,5,4729762
39210,4729964,39,4730003
39211,4730031,54,4730085
39212,4730096,26,4730122
39213,4730212,9,4730221
39214,4730263,4,4730267
39215,4730323,31,4730354
39216,4730434,3,4730437
39217,4730554,47,4730601
39218,4730607,9,4730616
39219,4730659,5,4730664
39220,4730871,12,4730883
39221,4730962,25,4730987
39222,4731296,2,4731298
39223,4731349,23,4731372
39224,4731396,20,4731416
39225,4731488,7,4731495
39226,4731642,7,4731649
39227,4731703,2,4731705
39228,4731720,6,4731726
39229,4732109,20,4732129
39230,4732229,17,4732246
39231,4732412,41,4732453
39232,4732477,1,4732478
39233,4732539,31,4732570
39234,4732786,10,4732796
39235,4733075,3,4733078
39236,4733103,8,4733111
39237,4733495,5,4733500
39238,4733517,1,4733518
39239,4733519,6,4733525
39240,4733738,36,4733774
39241,4733937,10,4733947
39242,4734004,16,4734020
39243,4734134,5,4734139
39244,4734176,25,4734201
39245,4734222,30,4734252
39246,4734318,17,4734335
39247,4734419,2,4734421
39248,4734585,22,4734607
39249,4734612,39,4734651
39250,4734691,63,4734754
39251,4734859,55,4734914
39252,4734934,11,4734945
39253,4735074,47,4735121
39254,4735177,54,4735231
39255,4735302,83,4735385
39256,4735389,5,4735394
39257,4735450,14,4735464
39258,4735470,59,4735529
39259,4735799,39,4735838
39260,4735914,31,4735945
39261,4736068,5,4736073
39262,4736106,8,4736114
39263,4736122,12,4736134
39264,4736312,13,4736325
39265,4736529,8,4736537
39266,4736828,1,4736829
39267,4736889,14,4736903
39268,4736911,28,4736939
39269,4736971,1,4736972
39270,4737035,3,4737038
39271,4737134,9,4737143
39272,4737358,3,4737361
39273,4737369,3,4737372
39274,4737813,68,4737881
39275,4737926,10,4737936
39276,4737980,17,4737997
39277,4738015,18,4738033
39278,4738110,15,4738125
39279,4738279,10,4738289
39280,4738761,14,4738775
39281,4738990,21,4739011
39282,4739092,3,4739095
39283,4739421,5,4739426
39284,4739452,31,4739483
39285,4739729,19,4739748
39286,4739776,22,4739798
39287,4739923,6,4739929
39288,4740139,1,4740140
39289,4740194,12,4740206
39290,4740269,18,4740287
39291,4740299,24,4740323
39292,4740350,54,4740404
39293,4740602,7,4740609
39294,4740777,31,4740808
39295,4740824,26,4740850
39296,4740969,15,4740984
39297,4741036,29,4741065
39298,4741334,24,4741358
39299,4741380,34,4741414
39300,4741475,3,4741478
39301,4741503,6,4741509
39302,4741528,25,4741553
39303,4741631,42,4741673
39304,4741733,93,4741826
39305,4741852,34,4741886
39306,4741905,4,4741909
39307,4741914,5,4741919
39308,4741932,2,4741934
39309,4741937,24,4741961
39310,4742007,6,4742013
39311,4742043,65,4742108
39312,4742177,15,4742192
39313,4742418,47,4742465
39314,4742470,7,4742477
39315,4742516,6,4742522
39316,4742542,34,4742576
39317,4742598,22,4742620
39318,4742699,9,4742708
39319,4742811,12,4742823
39320,4742849,25,4742874
39321,4742914,16,4742930
39322,4742968,33,4743001
39323,4743007,19,4743026
39324,4743094,7,4743101
39325,4743163,41,4743204
39326,4743222,32,4743254
39327,4743340,67,4743407
39328,4743483,42,4743525
39329,4743539,63,4743602
39330,4743675,1,4743676
39331,4743829,13,4743842
39332,4744100,1,4744101
39333,4744116,11,4744127
39334,4744247,11,4744258
39335,4744413,10,4744423
39336,4744427,7,4744434
39337,4744443,15,4744458
39338,4744518,3,4744521
39339,4744560,10,4744570
39340,4744707,6,4744713
39341,4744776,31,4744807
39342,4744953,7,4744960
39343,4745124,10,4745134
39344,4745383,22,4745405
39345,4745475,11,4745486
39346,4745635,4,4745639
39347,4745985,16,4746001
39348,4746107,16,4746123
39349,4746242,57,4746299
39350,4746506,1,4746507
39351,4746510,45,4746555
39352,4746607,4,4746611
39353,4746655,63,4746718
39354,4746729,9,4746738
39355,4747073,16,4747089
39356,4747576,11,4747587
39357,4747679,10,4747689
39358,4747750,36,4747786
39359,4747962,46,4748008
39360,4748029,1,4748030
39361,4748070,15,4748085
39362,4748260,84,4748344
39363,4748390,3,4748393
39364,4748775,4,4748779
39365,4748865,14,4748879
39366,4749259,44,4749303
39367,4749424,6,4749430
39368,4749837,2,4749839
39369,4749920,74,4749994
39370,4750001,29,4750030
39371,4750236,40,4750276
39372,4750450,10,4750460
39373,4750710,6,4750716
39374,4750866,11,4750877
39375,4750964,1,4750965
39376,4751334,20,4751354
39377,4751803,3,4751806
39378,4751810,11,4751821
39379,4751851,1,4751852
39380,4751865,18,4751883
39381,4751922,35,4751957
39382,4752404,1,4752405
39383,4752463,3,4752466
39384,4752599,2,4752601
39385,4752832,4,4752836
39386,4752873,65,4752938
39387,4753010,24,4753034
39388,4753079,39,4753118
39389,4753145,44,4753189
39390,4753288,10,4753298
39391,4753342,2,4753344
39392,4753420,20,4753440
39393,4753659,1,4753660
39394,4753735,4,4753739
39395,4753848,42,4753890
39396,4754176,58,4754234
39397,4754351,19,4754370
39398,4754383,44,4754427
39399,4754683,12,4754695
39400,4754772,54,4754826
39401,4754862,64,4754926
39402,4755188,1,4755189
39403,4755292,20,4755312
39404,4755324,7,4755331
39405,4755364,38,4755402
39406,4755610,9,4755619
39407,4755627,5,4755632
39408,4755914,17,4755931
39409,4756005,4,4756009
39410,4756427,12,4756439
39411,4756950,4,4756954
39412,4756995,29,4757024
39413,4757071,27,4757098
39414,4757291,51,4757342
39415,4757349,7,4757356
39416,4757429,10,4757439
39417,4757671,11,4757682
39418,4757782,73,4757855
39419,4757948,4,4757952
39420,4758175,16,4758191
39421,4758208,13,4758221
39422,4758289,3,4758292
39423,4758453,10,4758463
39424,4758466,31,4758497
39425,4758584,20,4758604
39426,4758615,28,4758643
39427,4758668,47,4758715
39428,4758750,14,4758764
39429,4758788,14,4758802
39430,4758917,71,4758988
39431,4759046,1,4759047
39432,4759100,58,4759158
39433,4759181,14,4759195
39434,4759239,21,4759260
39435,4759317,6,4759323
39436,4759403,27,4759430
39437,4759552,45,4759597
39438,4759649,14,4759663
39439,4759715,3,4759718
39440,4759809,28,4759837
39441,4759907,13,4759920
39442,4759987,2,4759989
39443,4760365,3,4760368
39444,4760435,34,4760469
39445,4760759,10,4760769
39446,4760885,21,4760906
39447,4760916,56,4760972
39448,4761148,8,4761156
39449,4761237,3,4761240
39450,4761426,19,4761445
39451,4761462,37,4761499
39452,4761962,37,4761999
39453,4762195,3,4762198
39454,4762342,8,4762350
39455,4762448,19,4762467
39456,4762471,10,4762481
39457,4762647,23,4762670
39458,4762676,9,4762685
39459,4762689,16,4762705
39460,4762733,17,4762750
39461,4762998,4,4763002
39462,4763084,1,4763085
39463,4763093,8,4763101
39464,4763222,12,4763234
39465,4763704,16,4763720
39466,4763758,7,4763765
39467,4764022,19,4764041
39468,4764096,5,4764101
39469,4764239,22,4764261
39470,4764319,10,4764329
39471,4764454,5,4764459
39472,4764473,14,4764487
39473,4764521,15,4764536
39474,4764625,31,4764656
39475,4764721,4,4764725
39476,4764966,31,4764997
39477,4765021,17,4765038
39478,4765081,82,4765163
39479,4765330,37,4765367
39480,4765459,29,4765488
39481,4765695,46,4765741
39482,4765828,18,4765846
39483,4765895,3,4765898
39484,4766085,2,4766087
39485,4766186,22,4766208
39486,4766526,43,4766569
39487,4766694,14,4766708
39488,4766798,1,4766799
39489,4766802,53,4766855
39490,4766873,22,4766895
39491,4767029,8,4767037
39492,4767070,16,4767086
39493,4767119,14,4767133
39494,4767538,40,4767578
39495,4768174,22,4768196
39496,4768354,10,4768364
39497,4768510,33,4768543
39498,4768742,39,4768781
39499,4769002,11,4769013
39500,4769110,32,4769142
39501,4769163,14,4769177
39502,4769179,40,4769219
39503,4769374,18,4769392
39504,4769560,36,4769596
39505,4769597,19,4769616
39506,4769686,10,4769696
39507,4769739,21,4769760
39508,4769825,32,4769857
39509,4769985,22,4770007
39510,4770049,44,4770093
39511,4770098,2,4770100
39512,4770507,68,4770575
39513,4770770,25,4770795
39514,4770904,15,4770919
39515,4770961,3,4770964
39516,4771076,6,4771082
39517,4771187,12,4771199
39518,4771211,3,4771214
39519,4771473,18,4771491
39520,4771643,24,4771667
39521,4771714,25,4771739
39522,4771770,36,4771806
39523,4771822,9,4771831
39524,4771851,55,4771906
39525,4772039,40,4772079
39526,4772086,19,4772105
39527,4772268,21,4772289
39528,4772395,14,4772409
39529,4772495,15,4772510
39530,4772536,39,4772575
39531,4772672,5,4772677
39532,4772697,15,4772712
39533,4772930,30,4772960
39534,4773045,14,4773059
39535,4773100,15,4773115
39536,4773160,46,4773206
39537,4773336,6,4773342
39538,4773402,40,4773442
39539,4773571,2,4773573
39540,4773667,5,4773672
39541,4773693,5,4773698
39542,4773774,16,4773790
39543,4773821,7,4773828
39544,4774019,7,4774026
39545,4774092,14,4774106
39546,4774281,3,4774284
39547,4774318,8,4774326
39548,4774407,22,4774429
39549,4774637,23,4774660
39550,4774809,15,4774824
39551,4774850,14,4774864
39552,4774876,4,4774880
39553,4774894,129,4775023
39554,4775175,28,4775203
39555,4775211,4,4775215
39556,4775434,5,4775439
39557,4775481,9,4775490
39558,4775523,39,4775562
39559,4775607,2,4775609
39560,4775849,35,4775884
39561,4776081,5,4776086
39562,4776211,7,4776218
39563,4776237,2,4776239
39564,4776280,24,4776304
39565,4776409,22,4776431
39566,4776646,1,4776647
39567,4776662,3,4776665
39568,4776866,10,4776876
39569,4776887,18,4776905
39570,4776959,10,4776969
39571,4777257,18,4777275
39572,4777325,2,4777327
39573,4777605,1,4777606
39574,4777635,1,4777636
39575,4777746,9,4777755
39576,4777764,13,4777777
39577,4777933,19,4777952
39578,4777971,7,4777978
39579,4778005,27,4778032
39580,4778096,26,4778122
39581,4778134,22,4778156
39582,4778198,35,4778233
39583,4778408,8,4778416
39584,4778628,2,4778630
39585,4778724,6,4778730
39586,4778996,21,4779017
39587,4779096,6,4779102
39588,4779139,10,4779149
39589,4779308,3,4779311
39590,4779575,8,4779583
39591,4779644,1,4779645
39592,4779794,13,4779807
39593,4779882,5,4779887
39594,4780093,33,4780126
39595,4780353,1,4780354
39596,4780425,13,4780438
39597,4780541,3,4780544
39598,4780653,17,4780670
39599,4780674,61,4780735
39600,4780745,20,4780765
39601,4780876,44,4780920
39602,4780977,7,4780984
39603,4781015,3,4781018
39604,4781082,29,4781111
39605,4781114,19,4781133
39606,4781139,34,4781173
39607,4781507,2,4781509
39608,4781600,12,4781612
39609,4781722,21,4781743
39610,4781751,42,4781793
39611,4781931,54,4781985
39612,4782010,67,4782077
39613,4782090,25,4782115
39614,4782648,17,4782665
39615,4782683,12,4782695
39616,4783191,18,4783209
39617,4783422,37,4783459
39618,4783480,11,4783491
39619,4783507,31,4783538
39620,4783630,54,4783684
39621,4783726,35,4783761
39622,4783858,6,4783864
39623,4783916,3,4783919
39624,4784115,16,4784131
39625,4784272,72,4784344
39626,4784672,1,4784673
39627,4784743,7,4784750
39628,4784849,1,4784850
39629,4784991,5,4784996
39630,4785132,31,4785163
39631,4785195,10,4785205
39632,4785216,10,4785226
39633,4785252,14,4785266
39634,4785370,37,4785407
39635,4785448,4,4785452
39636,4785558,31,4785589
39637,4785991,18,4786009
39638,4786015,4,4786019
39639,4786127,8,4786135
39640,4786156,4,4786160
39641,4786200,9,4786209
39642,4786215,19,4786234
39643,4786327,40,4786367
39644,4786499,14,4786513
39645,4786520,58,4786578
39646,4786618,14,4786632
39647,4786992,3,4786995
39648,4787045,15,4787060
39649,4787129,12,4787141
39650,4787151,3,4787154
39651,4787309,75,4787384
39652,4787580,5,4787585
39653,4787649,6,4787655
39654,4787858,11,4787869
39655,4787873,10,4787883
39656,4787990,14,4788004
39657,4788027,30,4788057
39658,4788362,17,4788379
39659,4788382,2,4788384
39660,4788516,1,4788517
39661,4788768,14,4788782
39662,4788909,4,4788913
39663,4788964,3,4788967
39664,4789090,17,4789107
39665,4789150,32,4789182
39666,4789340,4,4789344
39667,4789367,3,4789370
39668,4789436,47,4789483
39669,4789529,30,4789559
39670,4789809,3,4789812
39671,4790068,45,4790113
39672,4790122,1,4790123
39673,4790131,5,4790136
39674,4790216,1,4790217
39675,4790376,18,4790394
39676,4790497,19,4790516
39677,4790642,13,4790655
39678,4790773,16,4790789
39679,4790926,12,4790938
39680,4791041,51,4791092
39681,4791128,5,4791133
39682,4791255,39,4791294
39683,4791357,5,4791362
39684,4791366,70,4791436
39685,4791559,3,4791562
39686,4791600,40,4791640
39687,4791707,30,4791737
39688,4791752,19,4791771
39689,4791811,11,4791822
39690,4791850,43,4791893
39691,4791898,34,4791932
39692,4791966,21,4791987
39693,4792049,19,4792068
39694,4792130,4,4792134
39695,4792552,78,4792630
39696,4792660,6,4792666
39697,4792756,24,4792780
39698,4792796,16,4792812
39699,4792960,22,4792982
39700,4793370,30,4793400
39701,4793507,15,4793522
39702,4793603,15,4793618
39703,4793659,2,4793661
39704,4793690,8,4793698
39705,4793729,2,4793731
39706,4793817,35,4793852
39707,4794024,12,4794036
39708,4794057,7,4794064
39709,4794124,2,4794126
39710,4794216,27,4794243
39711,4794286,2,4794288
39712,4794311,4,4794315
39713,4794385,51,4794436
39714,4794539,3,4794542
39715,4794723,48,4794771
39716,4794888,4,4794892
39717,4794966,24,4794990
39718,4795006,2,4795008
39719,4795038,3,4795041
39720,4795098,19,4795117
39721,4795120,4,4795124
39722,4795220,10,4795230
39723,4795354,9,4795363
39724,4795561,5,4795566
39725,4795634,51,4795685
39726,4795809,5,4795814
39727,4796046,13,4796059
39728,4796229,1,4796230
39729,4796439,24,4796463
39730,4796509,23,4796532
39731,4796658,17,4796675
39732,4796702,13,4796715
39733,4796771,11,4796782
39734,4797095,5,4797100
39735,4797101,5,4797106
39736,4797229,1,4797230
39737,4797275,4,4797279
39738,4797320,17,4797337
39739,4797576,13,4797589
39740,4797768,1,4797769
39741,4797977,12,4797989
39742,4798009,1,4798010
39743,4798035,17,4798052
39744,4798218,18,4798236
39745,4798280,66,4798346
39746,4798544,8,4798552
39747,4798579,8,4798587
39748,4799005,1,4799006
39749,4799070,14,4799084
39750,4799342,75,4799417
39751,4799418,44,4799462
39752,4799518,24,4799542
39753,4799558,16,4799574
39754,4799620,53,4799673
39755,4799705,12,4799717
39756,4799779,40,4799819
39757,4799952,5,4799957
39758,4800066,21,4800087
39759,4800126,9,4800135
39760,4800153,9,4800162
39761,4800165,37,4800202
39762,4800537,36,4800573
39763,4800647,25,4800672
39764,4800761,12,4800773
39765,4800957,3,4800960
39766,4801025,33,4801058
39767,4801072,28,4801100
39768,4801171,3,4801174
39769,4801219,13,4801232
39770,4801356,2,4801358
39771,4801414,59,4801473
39772,4801813,46,4801859
39773,4801864,19,4801883
39774,4801947,2,4801949
39775,4802111,24,4802135
39776,4802158,8,4802166
39777,4802338,19,4802357
39778,4802688,32,4802720
39779,4802755,42,4802797
39780,4803210,23,4803233
39781,4803436,22,4803458
39782,4803608,57,4803665
39783,4803671,6,4803677
39784,4803863,11,4803874
39785,4804071,1,4804072
39786,4804108,5,4804113
39787,4804169,24,4804193
39788,4804198,31,4804229
39789,4804261,45,4804306
39790,4804412,1,4804413
39791,4804429,14,4804443
39792,4804477,25,4804502
39793,4804531,9,4804540
39794,4804550,35,4804585
39795,4804888,16,4804904
39796,4804993,3,4804996
39797,4805008,7,4805015
39798,4805156,13,4805169
39799,4805205,5,4805210
39800,4805213,13,4805226
39801,4805337,17,4805354
39802,4805355,6,4805361
39803,4805418,25,4805443
39804,4805491,26,4805517
39805,4805590,38,4805628
39806,4805736,5,4805741
39807,4805929,8,4805937
39808,4806063,33,4806096
39809,4806270,43,4806313
39810,4806315,4,4806319
39811,4806429,23,4806452
39812,4806730,1,4806731
39813,4806816,19,4806835
39814,4806877,23,4806900
39815,4806903,10,4806913
39816,4806988,14,4807002
39817,4807032,7,4807039
39818,4807123,7,4807130
39819,4807201,52,4807253
39820,4807278,1,4807279
39821,4807315,4,4807319
39822,4807450,5,4807455
39823,4807629,50,4807679
39824,4807745,3,4807748
39825,4807787,47,4807834
39826,4807961,45,4808006
39827,4808065,4,4808069
39828,4808105,3,4808108
39829,4808310,18,4808328
39830,4808455,30,4808485
39831,4808677,13,4808690
39832,4808740,24,4808764
39833,4808838,17,4808855
39834,4808880,1,4808881
39835,4808887,33,4808920
39836,4809002,9,4809011
39837,4809160,34,4809194
39838,4809313,5,4809318
39839,4809338,9,4809347
39840,4809426,8,4809434
39841,4809754,14,4809768
39842,4809904,12,4809916
39843,4809940,23,4809963
39844,4810036,17,4810053
39845,4810201,9,4810210
39846,4810511,5,4810516
39847,4810628,12,4810640
39848,4810648,9,4810657
39849,4810740,5,4810745
39850,4810773,17,4810790
39851,4810920,29,4810949
39852,4811011,22,4811033
39853,4811141,39,4811180
39854,4811182,1,4811183
39855,4811288,3,4811291
39856,4811310,5,4811315
39857,4811526,18,4811544
39858,4811557,2,4811559
39859,4811623,58,4811681
39860,4811740,53,4811793
39861,4812203,20,4812223
39862,4812226,11,4812237
39863,4812258,14,4812272
39864,4812393,10,4812403
39865,4812415,95,4812510
39866,4812576,11,4812587
39867,4812616,4,4812620
39868,4812902,12,4812914
39869,4812977,18,4812995
39870,4813027,15,4813042
39871,4813075,1,4813076
39872,4813444,1,4813445
39873,4813508,33,4813541
39874,4813778,6,4813784
39875,4813787,13,4813800
39876,4813832,51,4813883
39877,4813929,3,4813932
39878,4814138,8,4814146
39879,4814280,8,4814288
39880,4814410,13,4814423
39881,4814457,3,4814460
39882,4814476,11,4814487
39883,4814634,23,4814657
39884,4814727,10,4814737
39885,4814882,16,4814898
39886,4815134,26,4815160
39887,4815163,19,4815182
39888,4815208,8,4815216
39889,4815422,27,4815449
39890,4815451,55,4815506
39891,4815529,49,4815578
39892,4815657,41,4815698
39893,4815705,8,4815713
39894,4815875,15,4815890
39895,4815999,15,4816014
39896,4816277,30,4816307
39897,4816322,10,4816332
39898,4816406,2,4816408
39899,4816474,34,4816508
39900,4816564,3,4816567
39901,4816633,43,4816676
39902,4816795,7,4816802
39903,4816811,10,4816821
39904,4816827,1,4816828
39905,4816937,7,4816944
39906,4817076,15,4817091
39907,4817111,21,4817132
39908,4817232,12,4817244
39909,4817306,47,4817353
39910,4817359,36,4817395
39911,4817587,18,4817605
39912,4818220,83,4818303
39913,4818323,6,4818329
39914,4818470,3,4818473
39915,4818550,9,4818559
39916,4818726,15,4818741
39917,4818858,22,4818880
39918,4818975,34,4819009
39919,4819030,1,4819031
39920,4819047,21,4819068
39921,4819221,58,4819279
39922,4819289,32,4819321
39923,4819351,30,4819381
39924,4819391,15,4819406
39925,4819591,11,4819602
39926,4819616,40,4819656
39927,4819700,8,4819708
39928,4819738,1,4819739
39929,4819750,34,4819784
39930,4819850,11,4819861
39931,4819894,39,4819933
39932,4820023,30,4820053
39933,4820055,59,4820114
39934,4820452,1,4820453
39935,4820531,2,4820533
39936,4820649,13,4820662
39937,4820759,65,4820824
39938,4820891,15,4820906
39939,4820968,13,4820981
39940,4821014,1,4821015
39941,4821157,62,4821219
39942,4821342,6,4821348
39943,4821541,52,4821593
39944,4821788,3,4821791
39945,4821954,8,4821962
39946,4822048,7,4822055
39947,4822186,10,4822196
39948,4822231,56,4822287
39949,4822338,8,4822346
39950,4822458,38,4822496
39951,4822504,5,4822509
39952,4822520,29,4822549
39953,4822733,21,4822754
39954,4822852,9,4822861
39955,4822874,23,4822897
39956,4822972,21,4822993
39957,4823152,2,4823154
39958,4823201,18,4823219
39959,4823344,2,4823346
39960,4823788,27,4823815
39961,4823954,3,4823957
39962,4824154,8,4824162
39963,4824222,22,4824244
39964,4824345,11,4824356
39965,4824372,2,4824374
39966,4824560,9,4824569
39967,4824574,1,4824575
39968,4824607,100,4824707
39969,4824801,15,4824816
39970,4824972,9,4824981
39971,4825032,7,4825039
39972,4825077,1,4825078
39973,4825112,12,4825124
39974,4825306,39,4825345
39975,4825397,14,4825411
39976,4825467,22,4825489
39977,4825510,1,4825511
39978,4825565,12,4825577
39979,4825580,7,4825587
39980,4825633,4,4825637
39981,4825695,60,4825755
39982,4825997,10,4826007
39983,4826068,1,4826069
39984,4826120,35,4826155
39985,4826170,8,4826178
39986,4826222,7,4826229
39987,4826244,24,4826268
39988,4826284,46,4826330
39989,4826431,53,4826484
39990,4826617,1,4826618
39991,4826852,16,4826868
39992,4826971,22,4826993
39993,4827136,7,4827143
39994,4827169,5,4827174
39995,4827284,12,4827296
39996,4827429,24,4827453
39997,4827615,11,4827626
39998,4827631,6,4827637
39999,4827664,2,4827666
40000,4827698,3,4827701
40001,4827711,18,4827729
40002,4828069,111,4828180
40003,4828258,11,4828269
40004,4828338,1,4828339
40005,4828454,37,4828491
40006,4828592,7,4828599
40007,4828838,12,4828850
40008,4828949,25,4828974
40009,4829002,24,4829026
40010,4829181,1,4829182
40011,4829418,11,4829429
40012,4829568,7,4829575
40013,4829696,6,4829702
40014,4829882,2,4829884
40015,4829919,1,4829920
40016,4829921,11,4829932
40017,4830082,10,4830092
40018,4830173,15,4830188
40019,4830316,11,4830327
40020,4830389,9,4830398
40021,4830422,19,4830441
40022,4830540,48,4830588
40023,4830652,18,4830670
40024,4830774,1,4830775
40025,4830901,1,4830902
40026,4830931,5,4830936
40027,4830958,13,4830971
40028,4831035,22,4831057
40029,4831095,22,4831117
40030,4831172,30,4831202
40031,4831203,17,4831220
40032,4831221,10,4831231
40033,4831459,74,4831533
40034,4831611,28,4831639
40035,4831673,38,4831711
40036,4831751,18,4831769
40037,4831850,3,4831853
40038,4831870,3,4831873
40039,4831905,3,4831908
40040,4831909,31,4831940
40041,4832052,4,4832056
40042,4832207,7,4832214
40043,4832295,35,4832330
40044,4832667,9,4832676
40045,4832743,4,4832747
40046,4833059,9,4833068
40047,4833427,14,4833441
40048,4833548,32,4833580
40049,4833715,35,4833750
40050,4833768,67,4833835
40051,4833994,3,4833997
40052,4834041,5,4834046
40053,4834122,7,4834129
40054,4834174,69,4834243
40055,4834260,13,4834273
40056,4834328,5,4834333
40057,4834339,100,4834439
40058,4834442,12,4834454
40059,4834527,22,4834549
40060,4834657,4,4834661
40061,4834769,36,4834805
40062,4834816,3,4834819
40063,4834821,9,4834830
40064,4834903,40,4834943
40065,4834963,7,4834970
40066,4835048,2,4835050
40067,4835226,13,4835239
40068,4835451,11,4835462
40069,4835527,2,4835529
40070,4835749,13,4835762
40071,4835817,38,4835855
40072,4835943,35,4835978
40073,4836023,30,4836053
40074,4836273,13,4836286
40075,4836345,2,4836347
40076,4836418,46,4836464
40077,4836556,65,4836621
40078,4836644,22,4836666
40079,4836686,2,4836688
40080,4836690,17,4836707
40081,4836736,8,4836744
40082,4836809,62,4836871
40083,4836967,30,4836997
40084,4837069,18,4837087
40085,4837202,4,4837206
40086,4837219,7,4837226
40087,4837250,6,4837256
40088,4837407,5,4837412
40089,4837594,13,4837607
40090,4837699,21,4837720
40091,4837835,17,4837852
40092,4837964,21,4837985
40093,4838043,7,4838050
40094,4838138,30,4838168
40095,4838270,1,4838271
40096,4838428,8,4838436
40097,4838511,8,4838519
40098,4838525,61,4838586
40099,4838619,13,4838632
40100,4838742,20,4838762
40101,4838786,13,4838799
40102,4838813,28,4838841
40103,4839007,9,4839016
40104,4839095,11,4839106
40105,4839154,14,4839168
40106,4839315,7,4839322
40107,4839482,1,4839483
40108,4839572,2,4839574
40109,4839610,3,4839613
40110,4839627,18,4839645
40111,4839748,17,4839765
40112,4839936,6,4839942
40113,4840244,42,4840286
40114,4840434,8,4840442
40115,4840566,28,4840594
40116,4840680,5,4840685
40117,4840715,4,4840719
40118,4840726,28,4840754
40119,4840859,8,4840867
40120,4840868,15,4840883
40121,4841177,5,4841182
40122,4841222,7,4841229
40123,4841326,19,4841345
40124,4841443,23,4841466
40125,4841506,16,4841522
40126,4841806,4,4841810
40127,4841864,11,4841875
40128,4841991,4,4841995
40129,4842052,20,4842072
40130,4842226,5,4842231
40131,4842274,9,4842283
40132,4842632,7,4842639
40133,4842705,6,4842711
40134,4842793,5,4842798
40135,4842846,17,4842863
40136,4842983,3,4842986
40137,4842995,3,4842998
40138,4843350,4,4843354
40139,4843404,1,4843405
40140,4843468,95,4843563
40141,4843634,6,4843640
40142,4843713,21,4843734
40143,4843834,15,4843849
40144,4843983,2,4843985
40145,4844050,17,4844067
40146,4844077,19,4844096
40147,4844288,6,4844294
40148,4844388,5,4844393
40149,4844433,5,4844438
40150,4844563,19,4844582
40151,4844584,17,4844601
40152,4844870,34,4844904
40153,4844911,13,4844924
40154,4845002,68,4845070
40155,4845157,40,4845197
40156,4845337,8,4845345
40157,4845378,6,4845384
40158,4845588,9,4845597
40159,4845830,6,4845836
40160,4845956,24,4845980
40161,4846074,1,4846075
40162,4846334,1,4846335
40163,4846625,54,4846679
40164,4846696,26,4846722
40165,4846849,18,4846867
40166,4846946,39,4846985
40167,4847086,3,4847089
40168,4847239,18,4847257
40169,4847377,8,4847385
40170,4847702,26,4847728
40171,4847881,11,4847892
40172,4847966,25,4847991
40173,4848016,37,4848053
40174,4848084,9,4848093
40175,4848097,1,4848098
40176,4848173,4,4848177
40177,4848509,8,4848517
40178,4848589,15,4848604
40179,4848612,15,4848627
40180,4848834,3,4848837
40181,4848907,15,4848922
40182,4848948,4,4848952
40183,4849003,6,4849009
40184,4849033,10,4849043
40185,4849177,13,4849190
40186,4849235,17,4849252
40187,4849409,47,4849456
40188,4849647,13,4849660
40189,4849831,54,4849885
40190,4849939,13,4849952
40191,4850137,9,4850146
40192,4850252,2,4850254
40193,4850342,52,4850394
40194,4850477,8,4850485
40195,4850601,22,4850623
40196,4850651,11,4850662
40197,4850669,3,4850672
40198,4850693,15,4850708
40199,4850769,44,4850813
40200,4850878,44,4850922
40201,4850995,37,4851032
40202,4851045,52,4851097
40203,4851430,8,4851438
40204,4851532,5,4851537
40205,4851598,4,4851602
40206,4851924,1,4851925
40207,4851935,13,4851948
40208,4851985,1,4851986
40209,4852136,50,4852186
40210,4852203,1,4852204
40211,4852237,3,4852240
40212,4852248,28,4852276
40213,4852370,19,4852389
40214,4852502,15,4852517
40215,4852586,7,4852593
40216,4852642,76,4852718
40217,4852757,16,4852773
40218,4852911,6,4852917
40219,4853034,3,4853037
40220,4853297,2,4853299
40221,4853317,32,4853349
40222,4853519,23,4853542
40223,4853666,8,4853674
40224,4853691,10,4853701
40225,4853783,10,4853793
40226,4853994,52,4854046
40227,4854078,2,4854080
40228,4854090,61,4854151
40229,4854186,1,4854187
40230,4854206,11,4854217
40231,4854298,1,4854299
40232,4854348,8,4854356
40233,4854467,85,4854552
40234,4854579,45,4854624
40235,4854693,10,4854703
40236,4854708,13,4854721
40237,4854836,12,4854848
40238,4854894,82,4854976
40239,4855030,30,4855060
40240,4855110,10,4855120
40241,4855140,37,4855177
40242,4855370,22,4855392
40243,4855443,10,4855453
40244,4855678,40,4855718
40245,4855823,50,4855873
40246,4855958,37,4855995
40247,4855996,6,4856002
40248,4856085,21,4856106
40249,4856201,34,4856235
40250,4856476,29,4856505
40251,4856506,43,4856549
40252,4856647,4,4856651
40253,4856706,10,4856716
40254,4856786,17,4856803
40255,4856807,3,4856810
40256,4856845,21,4856866
40257,4856867,61,4856928
40258,4856931,48,4856979
40259,4857178,18,4857196
40260,4857288,3,4857291
40261,4857343,10,4857353
40262,4857359,11,4857370
40263,4857442,14,4857456
40264,4857473,48,4857521
40265,4857860,23,4857883
40266,4857911,1,4857912
40267,4858305,5,4858310
40268,4858445,1,4858446
40269,4858600,22,4858622
40270,4858726,10,4858736
40271,4858829,20,4858849
40272,4859046,2,4859048
40273,4859114,18,4859132
40274,4859157,15,4859172
40275,4859291,47,4859338
40276,4859595,9,4859604
40277,4859809,2,4859811
40278,4860082,3,4860085
40279,4860300,7,4860307
40280,4860343,21,4860364
40281,4860367,21,4860388
40282,4860473,2,4860475
40283,4860523,14,4860537
40284,4860543,13,4860556
40285,4860570,2,4860572
40286,4860697,13,4860710
40287,4860974,6,4860980
40288,4861132,10,4861142
40289,4861363,1,4861364
40290,4861459,17,4861476
40291,4861618,52,4861670
40292,4861864,42,4861906
40293,4861914,2,4861916
40294,4861962,59,4862021
40295,4862123,18,4862141
40296,4862172,37,4862209
40297,4862370,22,4862392
40298,4862642,30,4862672
40299,4862733,10,4862743
40300,4862794,19,4862813
40301,4862921,30,4862951
40302,4862965,7,4862972
40303,4862990,25,4863015
40304,4863091,7,4863098
40305,4863149,11,4863160
40306,4863245,24,4863269
40307,4864017,19,4864036
40308,4864053,30,4864083
40309,4864309,40,4864349
40310,4864709,35,4864744
40311,4864854,49,4864903
40312,4865201,60,4865261
40313,4865292,19,4865311
40314,4865392,23,4865415
40315,4865596,23,4865619
40316,4865662,4,4865666
40317,4865675,9,4865684
40318,4865737,96,4865833
40319,4865886,13,4865899
40320,4865905,66,4865971
40321,4865975,7,4865982
40322,4866040,95,4866135
40323,4866194,9,4866203
40324,4866247,1,4866248
40325,4866323,20,4866343
40326,4866466,10,4866476
40327,4866564,70,4866634
40328,4866656,6,4866662
40329,4866668,48,4866716
40330,4866732,1,4866733
40331,4866832,10,4866842
40332,4866856,18,4866874
40333,4867044,20,4867064
40334,4867229,25,4867254
40335,4867521,32,4867553
40336,4867742,6,4867748
40337,4867822,1,4867823
40338,4867844,13,4867857
40339,4867889,3,4867892
40340,4868083,3,4868086
40341,4868160,20,4868180
40342,4868268,7,4868275
40343,4868319,27,4868346
40344,4868379,19,4868398
40345,4868554,21,4868575
40346,4868643,5,4868648
40347,4868756,8,4868764
40348,4868773,48,4868821
40349,4868880,6,4868886
40350,4868967,10,4868977
40351,4869217,26,4869243
40352,4869416,55,4869471
40353,4869486,41,4869527
40354,4869757,5,4869762
40355,4869987,1,4869988
40356,4870015,26,4870041
40357,4870124,1,4870125
40358,4870307,5,4870312
40359,4870462,2,4870464
40360,4870537,31,4870568
40361,4870771,38,4870809
40362,4871011,13,4871024
40363,4871369,4,4871373
40364,4871489,125,4871614
40365,4871713,6,4871719
40366,4871742,39,4871781
40367,4871923,2,4871925
40368,4872023,28,4872051
40369,4872230,4,4872234
40370,4872438,5,4872443
40371,4872502,57,4872559
40372,4872597,43,4872640
40373,4872686,8,4872694
40374,4872702,72,4872774
40375,4872810,12,4872822
40376,4872961,22,4872983
40377,4873042,7,4873049
40378,4873073,31,4873104
40379,4873294,20,4873314
40380,4873418,19,4873437
40381,4873440,2,4873442
40382,4873465,33,4873498
40383,4873555,33,4873588
40384,4873744,32,4873776
40385,4873800,2,4873802
40386,4873832,9,4873841
40387,4874100,23,4874123
40388,4874567,23,4874590
40389,4874621,35,4874656
40390,4874825,5,4874830
40391,4874853,11,4874864
40392,4874946,14,4874960
40393,4875020,7,4875027
40394,4875047,36,4875083
40395,4875137,8,4875145
40396,4875187,11,4875198
40397,4875301,4,4875305
40398,4875448,13,4875461
40399,4875569,14,4875583
40400,4875617,1,4875618
40401,4876049,4,4876053
40402,4876058,1,4876059
40403,4876307,3,4876310
40404,4876382,9,4876391
40405,4876434,5,4876439
40406,4876549,38,4876587
40407,4876630,11,4876641
40408,4876668,19,4876687
40409,4876757,14,4876771
40410,4876836,9,4876845
40411,4877049,5,4877054
40412,4877094,17,4877111
40413,4877124,14,4877138
40414,4877220,7,4877227
40415,4877339,54,4877393
40416,4877457,4,4877461
40417,4877495,3,4877498
40418,4877922,24,4877946
40419,4878048,9,4878057
40420,4878170,6,4878176
40421,4878254,18,4878272
40422,4878298,7,4878305
40423,4878547,28,4878575
40424,4878621,16,4878637
40425,4878677,17,4878694
40426,4878779,68,4878847
40427,4878978,21,4878999
40428,4879067,21,4879088
40429,4879224,17,4879241
40430,4879442,12,4879454
40431,4879574,68,4879642
40432,4879848,5,4879853
40433,4879988,63,4880051
40434,4880113,8,4880121
40435,4880147,2,4880149
40436,4880316,20,4880336
40437,4880362,1,4880363
40438,4880375,10,4880385
40439,4880545,1,4880546
40440,4880570,31,4880601
40441,4880619,191,4880810
40442,4880873,30,4880903
40443,4881170,56,4881226
40444,4881253,26,4881279
40445,4881565,1,4881566
40446,4881818,5,4881823
40447,4882074,14,4882088
40448,4882127,31,4882158
40449,4882196,14,4882210
40450,4882355,45,4882400
40451,4882695,9,4882704
40452,4882847,4,4882851
40453,4882893,24,4882917
40454,4883013,39,4883052
40455,4883312,13,4883325
40456,4883431,12,4883443
40457,4883495,33,4883528
40458,4883534,4,4883538
40459,4883544,2,4883546
40460,4883590,4,4883594
40461,4883598,7,4883605
40462,4883665,4,4883669
40463,4883749,182,4883931
40464,4884068,18,4884086
40465,4884313,13,4884326
40466,4884327,45,4884372
40467,4884460,47,4884507
40468,4884572,20,4884592
40469,4884603,120,4884723
40470,4884804,7,4884811
40471,4884825,9,4884834
40472,4884913,62,4884975
40473,4885036,3,4885039
40474,4885102,68,4885170
40475,4885195,62,4885257
40476,4885307,12,4885319
40477,4885659,43,4885702
40478,4885703,1,4885704
40479,4885796,17,4885813
40480,4886051,24,4886075
40481,4886138,19,4886157
40482,4886275,16,4886291
40483,4886302,14,4886316
40484,4886420,4,4886424
40485,4886561,11,4886572
40486,4886574,22,4886596
40487,4886619,1,4886620
40488,4886650,4,4886654
40489,4886822,1,4886823
40490,4886976,82,4887058
40491,4887371,30,4887401
40492,4887694,2,4887696
40493,4887749,6,4887755
40494,4887964,36,4888000
40495,4888083,60,4888143
40496,4888214,25,4888239
40497,4888302,6,4888308
40498,4888329,1,4888330
40499,4888375,14,4888389
40500,4888738,23,4888761
40501,4888797,5,4888802
40502,4888824,4,4888828
40503,4888898,29,4888927
40504,4889187,77,4889264
40505,4889291,16,4889307
40506,4889373,62,4889435
40507,4889437,16,4889453
40508,4889466,67,4889533
40509,4889569,61,4889630
40510,4889739,29,4889768
40511,4889772,5,4889777
40512,4889820,33,4889853
40513,4889884,11,4889895
40514,4889910,4,4889914
40515,4889966,36,4890002
40516,4890090,108,4890198
40517,4890211,6,4890217
40518,4890443,23,4890466
40519,4890490,2,4890492
40520,4890745,23,4890768
40521,4890800,19,4890819
40522,4890825,3,4890828
40523,4890965,20,4890985
40524,4891056,22,4891078
40525,4891206,4,4891210
40526,4891450,28,4891478
40527,4891488,2,4891490
40528,4891508,1,4891509
40529,4891539,2,4891541
40530,4891543,9,4891552
40531,4891632,10,4891642
40532,4891649,2,4891651
40533,4891672,40,4891712
40534,4891835,16,4891851
40535,4892044,30,4892074
40536,4892107,34,4892141
40537,4892201,33,4892234
40538,4892235,37,4892272
40539,4892299,3,4892302
40540,4892371,10,4892381
40541,4892449,64,4892513
40542,4892550,56,4892606
40543,4892828,10,4892838
40544,4892839,27,4892866
40545,4893103,2,4893105
40546,4893110,22,4893132
40547,4893157,14,4893171
40548,4893262,16,4893278
40549,4893294,30,4893324
40550,4893377,34,4893411
40551,4893772,36,4893808
40552,4894052,24,4894076
40553,4894140,15,4894155
40554,4894164,3,4894167
40555,4894360,16,4894376
40556,4894385,25,4894410
40557,4894518,19,4894537
40558,4894576,76,4894652
40559,4894692,16,4894708
40560,4894793,5,4894798
40561,4894847,11,4894858
40562,4895064,4,4895068
40563,4895080,12,4895092
40564,4895160,2,4895162
40565,4895195,11,4895206
40566,4895262,44,4895306
40567,4895315,18,4895333
40568,4895731,11,4895742
40569,4895812,2,4895814
40570,4895878,9,4895887
40571,4896020,68,4896088
40572,4896128,9,4896137
40573,4896144,4,4896148
40574,4896254,1,4896255
40575,4896344,23,4896367
40576,4896565,20,4896585
40577,4896635,10,4896645
40578,4896885,9,4896894
40579,4897141,8,4897149
40580,4897469,25,4897494
40581,4897561,6,4897567
40582,4897689,48,4897737
40583,4898035,14,4898049
40584,4898053,19,4898072
40585,4898231,19,4898250
40586,4898278,6,4898284
40587,4898304,43,4898347
40588,4898403,15,4898418
40589,4898470,4,4898474
40590,4898496,3,4898499
40591,4898580,9,4898589
40592,4898705,2,4898707
40593,4898734,14,4898748
40594,4898923,10,4898933
40595,4899135,22,4899157
40596,4899268,27,4899295
40597,4899460,22,4899482
40598,4899548,18,4899566
40599,4899841,12,4899853
40600,4900002,1,4900003
40601,4900126,9,4900135
40602,4900380,13,4900393
40603,4900419,72,4900491
40604,4900682,6,4900688
40605,4900699,28,4900727
40606,4900924,11,4900935
40607,4901063,16,4901079
40608,4901269,27,4901296
40609,4901350,33,4901383
40610,4901459,51,4901510
40611,4901679,44,4901723
40612,4901729,12,4901741
40613,4901893,15,4901908
40614,4902065,3,4902068
40615,4902347,2,4902349
40616,4902450,4,4902454
40617,4902612,10,4902622
40618,4902636,11,4902647
40619,4902698,13,4902711
40620,4902772,3,4902775
40621,4902791,4,4902795
40622,4902927,2,4902929
40623,4902967,27,4902994
40624,4903064,18,4903082
40625,4903510,6,4903516
40626,4903576,16,4903592
40627,4903658,14,4903672
40628,4903713,16,4903729
40629,4904168,18,4904186
40630,4904189,2,4904191
40631,4904389,4,4904393
40632,4904499,32,4904531
40633,4904594,10,4904604
40634,4904836,12,4904848
40635,4904868,39,4904907
40636,4904936,17,4904953
40637,4905118,34,4905152
40638,4905201,48,4905249
40639,4905376,10,4905386
40640,4905569,11,4905580
40641,4905597,10,4905607
40642,4905670,17,4905687
40643,4905693,3,4905696
40644,4905723,20,4905743
40645,4905754,19,4905773
40646,4905802,34,4905836
40647,4905862,39,4905901
40648,4905961,12,4905973
40649,4905997,8,4906005
40650,4906421,9,4906430
40651,4906501,6,4906507
40652,4906779,14,4906793
40653,4906900,11,4906911
40654,4906914,1,4906915
40655,4906982,1,4906983
40656,4907052,10,4907062
40657,4907206,22,4907228
40658,4907531,8,4907539
40659,4907603,22,4907625
40660,4907651,14,4907665
40661,4908070,10,4908080
40662,4908142,5,4908147
40663,4908299,1,4908300
40664,4908348,26,4908374
40665,4908488,7,4908495
40666,4908536,1,4908537
40667,4908572,4,4908576
40668,4908750,15,4908765
40669,4909038,55,4909093
40670,4909211,1,4909212
40671,4909227,13,4909240
40672,4909361,9,4909370
40673,4909519,8,4909527
40674,4909558,12,4909570
40675,4909579,30,4909609
40676,4909659,37,4909696
40677,4909725,64,4909789
40678,4909792,5,4909797
40679,4909834,33,4909867
40680,4909921,61,4909982
40681,4910008,10,4910018
40682,4910252,22,4910274
40683,4910337,3,4910340
40684,4910365,48,4910413
40685,4910510,37,4910547
40686,4910728,9,4910737
40687,4910846,13,4910859
40688,4910966,23,4910989
40689,4911138,9,4911147
40690,4911532,3,4911535
40691,4911582,3,4911585
40692,4911662,14,4911676
40693,4911702,22,4911724
40694,4911763,51,4911814
40695,4911888,20,4911908
40696,4911924,13,4911937
40697,4912152,10,4912162
40698,4912227,5,4912232
40699,4912241,16,4912257
40700,4912379,43,4912422
40701,4912534,5,4912539
40702,4912584,9,4912593
40703,4912611,4,4912615
40704,4912633,27,4912660
40705,4912680,20,4912700
40706,4912818,15,4912833
40707,4912885,22,4912907
40708,4913192,10,4913202
40709,4913229,13,4913242
40710,4913307,7,4913314
40711,4913359,30,4913389
40712,4913453,33,4913486
40713,4913554,5,4913559
40714,4913667,2,4913669
40715,4913807,24,4913831
40716,4913843,3,4913846
40717,4913931,10,4913941
40718,4914062,80,4914142
40719,4914197,15,4914212
40720,4914309,20,4914329
40721,4914677,6,4914683
40722,4914730,10,4914740
40723,4914825,50,4914875
40724,4914972,21,4914993
40725,4915012,4,4915016
40726,4915023,14,4915037
40727,4915199,17,4915216
40728,4915228,3,4915231
40729,4915252,30,4915282
40730,4915287,5,4915292
40731,4915495,8,4915503
40732,4915525,19,4915544
40733,4915561,19,4915580
40734,4915633,16,4915649
40735,4915768,15,4915783
40736,4916107,15,4916122
40737,4916127,5,4916132
40738,4916162,2,4916164
40739,4916234,5,4916239
40740,4916361,5,4916366
40741,4916376,12,4916388
40742,4916474,28,4916502
40743,4916534,68,4916602
40744,4916711,13,4916724
40745,4916945,36,4916981
40746,4917008,4,4917012
40747,4917033,36,4917069
40748,4917182,4,4917186
40749,4917321,15,4917336
40750,4917365,56,4917421
40751,4917436,26,4917462
40752,4917517,65,4917582
40753,4917772,29,4917801
40754,4917817,11,4917828
40755,4917857,7,4917864
40756,4917948,8,4917956
40757,4917996,21,4918017
40758,4918119,6,4918125
40759,4918392,21,4918413
40760,4918502,11,4918513
40761,4918585,7,4918592
40762,4918672,97,4918769
40763,4918963,41,4919004
40764,4919307,11,4919318
40765,4919393,50,4919443
40766,4919476,15,4919491
40767,4919646,7,4919653
40768,4919715,51,4919766
40769,4919813,5,4919818
40770,4919955,23,4919978
40771,4919997,13,4920010
40772,4920028,4,4920032
40773,4920109,44,4920153
40774,4920199,32,4920231
40775,4920352,5,4920357
40776,4920470,92,4920562
40777,4920607,13,4920620
40778,4920797,16,4920813
40779,4920851,122,4920973
40780,4921003,2,4921005
40781,4921048,30,4921078
40782,4921124,12,4921136
40783,4921143,21,4921164
40784,4921971,17,4921988
40785,4922151,22,4922173
40786,4922311,5,4922316
40787,4922387,11,4922398
40788,4922745,6,4922751
40789,4922768,36,4922804
40790,4922825,8,4922833
40791,4922875,40,4922915
40792,4923083,8,4923091
40793,4923125,48,4923173
40794,4923551,10,4923561
40795,4923624,78,4923702
40796,4923730,7,4923737
40797,4923781,65,4923846
40798,4923860,8,4923868
40799,4923923,13,4923936
40800,4924017,29,4924046
40801,4924073,5,4924078
40802,4924211,10,4924221
40803,4924442,7,4924449
40804,4924453,36,4924489
40805,4924594,48,4924642
40806,4924766,8,4924774
40807,4924814,36,4924850
40808,4925018,17,4925035
40809,4925151,26,4925177
40810,4925236,17,4925253
40811,4925348,3,4925351
40812,4925462,18,4925480
40813,4925539,60,4925599
40814,4925650,4,4925654
40815,4925657,9,4925666
40816,4925724,16,4925740
40817,4925963,31,4925994
40818,4926014,2,4926016
40819,4926253,17,4926270
40820,4926423,4,4926427
40821,4926460,36,4926496
40822,4926708,12,4926720
40823,4926746,23,4926769
40824,4927033,54,4927087
40825,4927332,17,4927349
40826,4927563,3,4927566
40827,4927937,20,4927957
40828,4927987,4,4927991
40829,4928006,11,4928017
40830,4928048,17,4928065
40831,4928141,8,4928149
40832,4928306,31,4928337
40833,4928562,31,4928593
40834,4928622,46,4928668
40835,4928763,17,4928780
40836,4928852,59,4928911
40837,4929024,13,4929037
40838,4929072,37,4929109
40839,4929228,8,4929236
40840,4929261,28,4929289
40841,4929352,8,4929360
40842,4929464,23,4929487
40843,4929632,27,4929659
40844,4929716,14,4929730
40845,4929848,47,4929895
40846,4929915,41,4929956
40847,4929996,16,4930012
40848,4930240,6,4930246
40849,4930545,49,4930594
40850,4930615,12,4930627
40851,4930977,46,4931023
40852,4931048,10,4931058
40853,4931214,15,4931229
40854,4931301,6,4931307
40855,4931349,17,4931366
40856,4931385,14,4931399
40857,4931469,2,4931471
40858,4931526,59,4931585
40859,4931671,24,4931695
40860,4931815,18,4931833
40861,4932009,9,4932018
40862,4932194,13,4932207
40863,4932229,14,4932243
40864,4932327,16,4932343
40865,4932414,38,4932452
40866,4932689,1,4932690
40867,4932804,3,4932807
40868,4932846,6,4932852
40869,4932897,44,4932941
40870,4932962,100,4933062
40871,4933239,19,4933258
40872,4933314,27,4933341
40873,4934025,18,4934043
40874,4934047,10,4934057
40875,4934129,38,4934167
40876,4934231,2,4934233
40877,4934284,6,4934290
40878,4934343,12,4934355
40879,4934428,3,4934431
40880,4934569,12,4934581
40881,4934691,63,4934754
40882,4935031,5,4935036
40883,4935228,31,4935259
40884,4935289,11,4935300
40885,4935345,35,4935380
40886,4935432,27,4935459
40887,4935697,26,4935723
40888,4935792,5,4935797
40889,4935829,16,4935845
40890,4935873,28,4935901
40891,4935953,19,4935972
40892,4935980,38,4936018
40893,4936238,62,4936300
40894,4936651,14,4936665
40895,4936674,11,4936685
40896,4936795,18,4936813
40897,4937170,3,4937173
40898,4937244,32,4937276
40899,4937438,2,4937440
40900,4937610,22,4937632
40901,4937705,4,4937709
40902,4937717,54,4937771
40903,4937812,31,4937843
40904,4938091,7,4938098
40905,4938113,4,4938117
40906,4938122,8,4938130
40907,4938179,1,4938180
40908,4938273,2,4938275
40909,4938859,9,4938868
40910,4939216,13,4939229
40911,4939240,6,4939246
40912,4939335,20,4939355
40913,4939478,16,4939494
40914,4939596,21,4939617
40915,4939890,39,4939929
40916,4940075,8,4940083
40917,4940123,33,4940156
40918,4940171,21,4940192
40919,4940209,9,4940218
40920,4940409,1,4940410
40921,4940462,25,4940487
40922,4940522,18,4940540
40923,4940560,43,4940603
40924,4940613,14,4940627
40925,4940659,7,4940666
40926,4940761,12,4940773
40927,4940809,19,4940828
40928,4940862,3,4940865
40929,4940961,23,4940984
40930,4941195,24,4941219
40931,4941223,16,4941239
40932,4941371,15,4941386
40933,4941546,60,4941606
40934,4941698,20,4941718
40935,4941812,14,4941826
40936,4941839,10,4941849
40937,4942228,52,4942280
40938,4942662,41,4942703
40939,4942788,2,4942790
40940,4943067,8,4943075
40941,4943224,5,4943229
40942,4943264,30,4943294
40943,4943355,14,4943369
40944,4943371,16,4943387
40945,4943418,47,4943465
40946,4943769,92,4943861
40947,4944082,12,4944094
40948,4944209,15,4944224
40949,4944247,46,4944293
40950,4944331,67,4944398
40951,4944417,19,4944436
40952,4944532,11,4944543
40953,4944761,5,4944766
40954,4944783,7,4944790
40955,4945015,1,4945016
40956,4945044,8,4945052
40957,4945189,2,4945191
40958,4945224,46,4945270
40959,4945553,6,4945559
40960,4945602,37,4945639
40961,4946093,29,4946122
40962,4946160,3,4946163
40963,4946301,23,4946324
40964,4946376,25,4946401
40965,4946604,2,4946606
40966,4946906,1,4946907
40967,4947178,19,4947197
40968,4947365,3,4947368
40969,4947460,3,4947463
40970,4947470,98,4947568
40971,4947813,1,4947814
40972,4948109,8,4948117
40973,4948230,16,4948246
40974,4948247,49,4948296
40975,4948307,3,4948310
40976,4948325,5,4948330
40977,4948458,15,4948473
40978,4948495,5,4948500
40979,4948537,32,4948569
40980,4948964,6,4948970
40981,4949029,2,4949031
40982,4949090,82,4949172
40983,4949175,20,4949195
40984,4949256,49,4949305
40985,4949396,40,4949436
40986,4949548,37,4949585
40987,4949748,20,4949768
40988,4949793,7,4949800
40989,4949842,29,4949871
40990,4949901,9,4949910
40991,4949938,13,4949951
40992,4949974,3,4949977
40993,4950529,41,4950570
40994,4950679,4,4950683
40995,4950912,20,4950932
40996,4950934,3,4950937
40997,4951258,2,4951260
40998,4951692,24,4951716
40999,4951809,17,4951826
41000,4951846,40,4951886
41001,4951935,77,4952012
41002,4952219,1,4952220
41003,4952320,6,4952326
41004,4952328,21,4952349
41005,4952363,75,4952438
41006,4952597,23,4952620
41007,4952627,1,4952628
41008,4952700,40,4952740
41009,4952741,24,4952765
41010,4952925,1,4952926
41011,4952938,4,4952942
41012,4953152,8,4953160
41013,4953472,85,4953557
41014,4953635,20,4953655
41015,4953924,18,4953942
41016,4953990,8,4953998
41017,4954058,4,4954062
41018,4954205,15,4954220
41019,4954490,3,4954493
41020,4954563,9,4954572
41021,4954636,22,4954658
41022,4954817,11,4954828
41023,4954865,32,4954897
41024,4954957,16,4954973
41025,4955312,22,4955334
41026,4955380,37,4955417
41027,4955834,1,4955835
41028,4956135,7,4956142
41029,4956226,10,4956236
41030,4956261,30,4956291
41031,4956501,3,4956504
41032,4956547,57,4956604
41033,4956794,9,4956803
41034,4956813,13,4956826
41035,4956994,65,4957059
41036,4957065,47,4957112
41037,4957200,37,4957237
41038,4957448,41,4957489
41039,4957510,15,4957525
41040,4957694,4,4957698
41041,4957757,23,4957780
41042,4957804,49,4957853
41043,4958027,14,4958041
41044,4958184,10,4958194
41045,4958215,15,4958230
41046,4958339,20,4958359
41047,4958380,1,4958381
41048,4958457,34,4958491
41049,4958686,25,4958711
41050,4958754,8,4958762
41051,4958866,29,4958895
41052,4958937,15,4958952
41053,4958979,30,4959009
41054,4959167,12,4959179
41055,4959261,16,4959277
41056,4959434,9,4959443
41057,4959586,11,4959597
41058,4959766,1,4959767
41059,4959833,1,4959834
41060,4960052,4,4960056
41061,4960206,7,4960213
41062,4960446,112,4960558
41063,4960570,2,4960572
41064,4960809,2,4960811
41065,4960903,81,4960984
41066,4961018,32,4961050
41067,4961352,54,4961406
41068,4961417,32,4961449
41069,4961458,20,4961478
41070,4961565,5,4961570
41071,4961634,7,4961641
41072,4961650,5,4961655
41073,4961664,12,4961676
41074,4961680,12,4961692
41075,4961782,1,4961783
41076,4961986,103,4962089
41077,4962380,45,4962425
41078,4962436,9,4962445
41079,4962592,12,4962604
41080,4962753,13,4962766
41081,4963067,4,4963071
41082,4963153,7,4963160
41083,4963223,40,4963263
41084,4963344,19,4963363
41085,4963656,2,4963658
41086,4963743,1,4963744
41087,4963814,38,4963852
41088,4963872,53,4963925
41089,4964134,21,4964155
41090,4964203,10,4964213
41091,4964237,5,4964242
41092,4964319,4,4964323
41093,4964677,17,4964694
41094,4964726,2,4964728
41095,4964842,17,4964859
41096,4964879,17,4964896
41097,4965115,29,4965144
41098,4965365,13,4965378
41099,4965413,33,4965446
41100,4965460,1,4965461
41101,4965525,10,4965535
41102,4965571,70,4965641
41103,4965680,53,4965733
41104,4965767,27,4965794
41105,4965810,5,4965815
41106,4965835,14,4965849
41107,4966028,5,4966033
41108,4966243,2,4966245
41109,4966277,15,4966292
41110,4966294,4,4966298
41111,4966317,78,4966395
41112,4966410,15,4966425
41113,4966495,40,4966535
41114,4966550,10,4966560
41115,4966601,29,4966630
41116,4966633,21,4966654
41117,4967064,14,4967078
41118,4967280,10,4967290
41119,4967538,4,4967542
41120,4967577,10,4967587
41121,4967597,5,4967602
41122,4967719,19,4967738
41123,4967747,55,4967802
41124,4967812,9,4967821
41125,4967886,1,4967887
41126,4968208,14,4968222
41127,4968512,9,4968521
41128,4968523,8,4968531
41129,4968567,5,4968572
41130,4968725,1,4968726
41131,4968940,58,4968998
41132,4969245,3,4969248
41133,4969431,4,4969435
41134,4969597,23,4969620
41135,4969635,19,4969654
41136,4969817,3,4969820
41137,4969868,7,4969875
41138,4969941,15,4969956
41139,4969970,2,4969972
41140,4969993,14,4970007
41141,4970030,13,4970043
41142,4970112,10,4970122
41143,4970398,24,4970422
41144,4970447,3,4970450
41145,4970506,44,4970550
41146,4970585,3,4970588
41147,4970645,15,4970660
41148,4970728,1,4970729
41149,4970731,55,4970786
41150,4971057,38,4971095
41151,4971412,56,4971468
41152,4971681,7,4971688
41153,4971879,2,4971881
41154,4971942,2,4971944
41155,4972307,25,4972332
41156,4972365,4,4972369
41157,4972464,7,4972471
41158,4972542,12,4972554
41159,4972855,2,4972857
41160,4973002,7,4973009
41161,4973047,4,4973051
41162,4973110,40,4973150
41163,4973174,46,4973220
41164,4973288,78,4973366
41165,4973572,3,4973575
41166,4973706,4,4973710
41167,4973972,12,4973984
41168,4974124,80,4974204
41169,4974232,15,4974247
41170,4974435,69,4974504
41171,4974595,4,4974599
41172,4974704,29,4974733
41173,4974937,17,4974954
41174,4975055,16,4975071
41175,4975123,8,4975131
41176,4975171,55,4975226
41177,4975326,18,4975344
41178,4975475,38,4975513
41179,4975523,3,4975526
41180,4975562,2,4975564
41181,4975665,21,4975686
41182,4975709,33,4975742
41183,4975811,7,4975818
41184,4975836,7,4975843
41185,4975857,33,4975890
41186,4975893,6,4975899
41187,4976025,17,4976042
41188,4976087,28,4976115
41189,4976153,2,4976155
41190,4976378,4,4976382
41191,4976570,15,4976585
41192,4976736,60,4976796
41193,4976819,11,4976830
41194,4977011,1,4977012
41195,4977599,39,4977638
41196,4977664,1,4977665
41197,4977844,9,4977853
41198,4977901,27,4977928
41199,4977955,97,4978052
41200,4978075,1,4978076
41201,4978100,6,4978106
41202,4978249,16,4978265
41203,4978335,3,4978338
41204,4978353,19,4978372
41205,4978376,7,4978383
41206,4978419,21,4978440
41207,4978485,13,4978498
41208,4978845,4,4978849
41209,4978909,24,4978933
41210,4978993,8,4979001
41211,4979064,3,4979067
41212,4979135,5,4979140
41213,4979314,4,4979318
41214,4979333,32,4979365
41215,4979404,1,4979405
41216,4979470,40,4979510
41217,4979520,17,4979537
41218,4979623,10,4979633
41219,4979658,6,4979664
41220,4979755,4,4979759
41221,4979846,10,4979856
41222,4979975,5,4979980
41223,4979998,6,4980004
41224,4980040,13,4980053
41225,4980067,20,4980087
41226,4980207,3,4980210
41227,4980388,8,4980396
41228,4980399,16,4980415
41229,4980473,9,4980482
41230,4980655,8,4980663
41231,4980755,20,4980775
41232,4980809,6,4980815
41233,4980951,47,4980998
41234,4981031,30,4981061
41235,4981083,1,4981084
41236,4981122,20,4981142
41237,4981162,47,4981209
41238,4981303,10,4981313
41239,4981347,43,4981390
41240,4981492,3,4981495
41241,4981569,13,4981582
41242,4981770,22,4981792
41243,4981925,22,4981947
41244,4982517,58,4982575
41245,4982889,4,4982893
41246,4982919,9,4982928
41247,4982983,4,4982987
41248,4983342,33,4983375
41249,4983387,42,4983429
41250,4983434,10,4983444
41251,4983507,11,4983518
41252,4983692,42,4983734
41253,4983809,6,4983815
41254,4983891,6,4983897
41255,4984082,21,4984103
41256,4984236,5,4984241
41257,4984369,25,4984394
41258,4984475,34,4984509
41259,4984812,41,4984853
41260,4984861,11,4984872
41261,4984968,18,4984986
41262,4985238,35,4985273
41263,4985329,17,4985346
41264,4985393,2,4985395
41265,4985460,7,4985467
41266,4985536,20,4985556
41267,4985562,42,4985604
41268,4985654,56,4985710
41269,4985745,22,4985767
41270,4985789,10,4985799
41271,4985876,27,4985903
41272,4985941,1,4985942
41273,4986062,6,4986068
41274,4986149,1,4986150
41275,4986215,10,4986225
41276,4986239,10,4986249
41277,4986550,16,4986566
41278,4986584,3,4986587
41279,4986666,47,4986713
41280,4986754,65,4986819
41281,4987050,43,4987093
41282,4987126,46,4987172
41283,4987270,2,4987272
41284,4987294,9,4987303
41285,4987316,72,4987388
41286,4987460,7,4987467
41287,4987478,37,4987515
41288,4987570,25,4987595
41289,4987654,27,4987681
41290,4987722,37,4987759
41291,4987774,48,4987822
41292,4987915,23,4987938
41293,4988069,4,4988073
41294,4988408,6,4988414
41295,4988620,48,4988668
41296,4988677,2,4988679
41297,4988727,23,4988750
41298,4988773,7,4988780
41299,4988851,25,4988876
41300,4988911,22,4988933
41301,4989044,7,4989051
41302,4989148,51,4989199
41303,4989222,15,4989237
41304,4989251,17,4989268
41305,4989398,10,4989408
41306,4989419,17,4989436
41307,4989456,4,4989460
41308,4989466,2,4989468
41309,4989574,10,4989584
41310,4989692,23,4989715
41311,4989785,65,4989850
41312,4990026,36,4990062
41313,4990096,10,4990106
41314,4990237,3,4990240
41315,4990266,5,4990271
41316,4990449,2,4990451
41317,4990627,56,4990683
41318,4990857,4,4990861
41319,4990913,5,4990918
41320,4991028,23,4991051
41321,4991177,10,4991187
41322,4991275,22,4991297
41323,4991319,20,4991339
41324,4991710,2,4991712
41325,4991795,74,4991869
41326,4991930,12,4991942
41327,4991960,4,4991964
41328,4992121,27,4992148
41329,4992231,64,4992295
41330,4992310,62,4992372
41331,4992401,13,4992414
41332,4992707,34,4992741
41333,4992749,16,4992765
41334,4993010,6,4993016
41335,4993027,31,4993058
41336,4993219,15,4993234
41337,4993241,16,4993257
41338,4993274,22,4993296
41339,4993359,13,4993372
41340,4993455,1,4993456
41341,4993515,2,4993517
41342,4993605,43,4993648
41343,4993649,65,4993714
41344,4993957,10,4993967
41345,4994032,20,4994052
41346,4994083,13,4994096
41347,4994174,4,4994178
41348,4994336,4,4994340
41349,4994380,4,4994384
41350,4994601,37,4994638
41351,4994828,13,4994841
41352,4994851,13,4994864
41353,4994876,18,4994894
41354,4995021,55,4995076
41355,4995114,34,4995148
41356,4995244,16,4995260
41357,4995323,96,4995419
41358,4995458,1,4995459
41359,4995487,12,4995499
41360,4995522,3,4995525
41361,4995527,11,4995538
41362,4995994,5,4995999
41363,4996022,5,4996027
41364,4996046,2,4996048
41365,4996083,1,4996084
41366,4996208,38,4996246
41367,4996547,4,4996551
41368,4996630,46,4996676
41369,4996678,3,4996681
41370,4996902,13,4996915
41371,4996917,1,4996918
41372,4997206,18,4997224
41373,4997277,7,4997284
41374,4997300,2,4997302
41375,4997310,8,4997318
41376,4997496,48,4997544
41377,4997566,10,4997576
41378,4997774,10,4997784
41379,4997907,16,4997923
41380,4997930,103,4998033
41381,4998041,25,4998066
41382,4998160,26,4998186
41383,4998206,20,4998226
41384,4998273,7,4998280
41385,4998468,40,4998508
41386,4998551,1,4998552
41387,4998573,58,4998631
41388,4998638,47,4998685
41389,4998802,6,4998808
41390,4998839,53,4998892
41391,4999023,8,4999031
41392,4999259,13,4999272
41393,4999295,28,4999323
41394,4999353,6,4999359
41395,4999394,7,4999401
41396,4999429,9,4999438
41397,4999599,4,4999603
41398,4999653,5,4999658
41399,4999808,7,4999815
