,Start,Duration,End
0,87,16,103
1,242,1,243
2,460,2,462
3,551,4,555
4,610,13,623
5,643,4,647
6,649,10,659
7,708,16,724
8,733,8,741
9,744,11,755
10,770,48,818
11,855,37,892
12,907,18,925
13,947,2,949
14,985,53,1038
15,1040,4,1044
16,1108,5,1113
17,1155,50,1205
18,1253,3,1256
19,1317,7,1324
20,1363,8,1371
21,1471,12,1483
22,1548,3,1551
23,1561,15,1576
24,1650,71,1721
25,1927,3,1930
26,1968,4,1972
27,1995,5,2000
28,2118,18,2136
29,2155,29,2184
30,2186,2,2188
31,2198,2,2200
32,2405,9,2414
33,2474,49,2523
34,2672,4,2676
35,2772,38,2810
36,2829,5,2834
37,2943,8,2951
38,2992,11,3003
39,3104,19,3123
40,3126,3,3129
41,3190,11,3201
42,3304,3,3307
43,3340,1,3341
44,3425,38,3463
45,3517,31,3548
46,3667,1,3668
47,3705,34,3739
48,3865,9,3874
49,3896,3,3899
50,3935,5,3940
51,3993,15,4008
52,4081,60,4141
53,4240,37,4277
54,4339,9,4348
55,4436,8,4444
56,4604,6,4610
57,4670,10,4680
58,4709,31,4740
59,4835,32,4867
60,4970,47,5017
61,5116,2,5118
62,5418,50,5468
63,5481,4,5485
64,5542,2,5544
65,5591,41,5632
66,5728,29,5757
67,5763,29,5792
68,5875,10,5885
69,5994,40,6034
70,6338,12,6350
71,6365,3,6368
72,6469,26,6495
73,6663,51,6714
74,6733,22,6755
75,6799,16,6815
76,6852,21,6873
77,7005,15,7020
78,7250,7,7257
79,7522,19,7541
80,7734,34,7768
81,7794,6,7800
82,7874,8,7882
83,7895,4,7899
84,8006,22,8028
85,8040,7,8047
86,8058,200,8258
87,8493,17,8510
88,8548,18,8566
89,8691,3,8694
90,8720,19,8739
91,8815,3,8818
92,8819,33,8852
93,9057,25,9082
94,9179,4,9183
95,9196,15,9211
96,9250,31,9281
97,9396,8,9404
98,9533,7,9540
99,9591,17,9608
100,9626,5,9631
101,9796,8,9804
102,9894,5,9899
103,9925,3,9928
104,10016,14,10030
105,10039,10,10049
106,10198,26,10224
107,10262,27,10289
108,10478,18,10496
109,10593,65,10658
110,10741,5,10746
111,10777,46,10823
112,10975,27,11002
113,11235,24,11259
114,11304,5,11309
115,11377,24,11401
116,11644,28,11672
117,11736,39,11775
118,11802,4,11806
119,11838,97,11935
120,11942,9,11951
121,12007,97,12104
122,12228,6,12234
123,12350,2,12352
124,12484,2,12486
125,12773,18,12791
126,12817,1,12818
127,12889,2,12891
128,13010,5,13015
129,13144,24,13168
130,13314,26,13340
131,13464,13,13477
132,13487,7,13494
133,13496,2,13498
134,13528,14,13542
135,13580,11,13591
136,13747,47,13794
137,13859,20,13879
138,13888,4,13892
139,13962,5,13967
140,14220,4,14224
141,14337,15,14352
142,14487,6,14493
143,14548,5,14553
144,14667,13,14680
145,14744,57,14801
146,14900,11,14911
147,14924,30,14954
148,15061,1,15062
149,15063,9,15072
150,15211,4,15215
151,15218,2,15220
152,15553,13,15566
153,15596,31,15627
154,15665,8,15673
155,16097,8,16105
156,16262,17,16279
157,16394,20,16414
158,16506,62,16568
159,16725,8,16733
160,17000,22,17022
161,17197,34,17231
162,17256,25,17281
163,17317,1,17318
164,17487,16,17503
165,17617,17,17634
166,17832,63,17895
167,18187,7,18194
168,18363,15,18378
169,18449,39,18488
170,18515,24,18539
171,18562,14,18576
172,18669,8,18677
173,18770,17,18787
174,18978,14,18992
175,19057,7,19064
176,19074,16,19090
177,19110,6,19116
178,19159,7,19166
179,19205,17,19222
180,19470,13,19483
181,19689,32,19721
182,19878,28,19906
183,19973,26,19999
184,20005,26,20031
185,20121,20,20141
186,20156,9,20165
187,20334,43,20377
188,20418,25,20443
189,20514,1,20515
190,20531,4,20535
191,20659,13,20672
192,20690,7,20697
193,20884,12,20896
194,20959,29,20988
195,21132,10,21142
196,21229,1,21230
197,21252,20,21272
198,21390,10,21400
199,21431,24,21455
200,21492,52,21544
201,21620,2,21622
202,21646,2,21648
203,22577,3,22580
204,22800,11,22811
205,22908,15,22923
206,23050,34,23084
207,23109,11,23120
208,23123,48,23171
209,23253,45,23298
210,23508,102,23610
211,23636,14,23650
212,23747,20,23767
213,23802,17,23819
214,23886,31,23917
215,23926,26,23952
216,23987,3,23990
217,23995,1,23996
218,24118,9,24127
219,24220,12,24232
220,24302,5,24307
221,24525,18,24543
222,25020,13,25033
223,25057,27,25084
224,25178,32,25210
225,25241,4,25245
226,25290,17,25307
227,25474,10,25484
228,25602,40,25642
229,25818,2,25820
230,26200,9,26209
231,26227,36,26263
232,26420,15,26435
233,26577,9,26586
234,26923,30,26953
235,27019,38,27057
236,27075,22,27097
237,27271,4,27275
238,27323,12,27335
239,27576,24,27600
240,27849,7,27856
241,27879,3,27882
242,27899,1,27900
243,28090,1,28091
244,28229,12,28241
245,28243,11,28254
246,28337,13,28350
247,28410,48,28458
248,28604,3,28607
249,28732,1,28733
250,28753,32,28785
251,28911,93,29004
252,29090,17,29107
253,29111,9,29120
254,29174,17,29191
255,29300,17,29317
256,29357,6,29363
257,29379,42,29421
258,29683,26,29709
259,29796,21,29817
260,29860,128,29988
261,30258,9,30267
262,30395,14,30409
263,30489,12,30501
264,30829,16,30845
265,30884,31,30915
266,30957,5,30962
267,31010,2,31012
268,31017,67,31084
269,31145,5,31150
270,31260,4,31264
271,31433,2,31435
272,31507,37,31544
273,31695,1,31696
274,31875,5,31880
275,31915,5,31920
276,32023,8,32031
277,32144,10,32154
278,32256,3,32259
279,32288,1,32289
280,32297,28,32325
281,32388,45,32433
282,32568,12,32580
283,32724,6,32730
284,32762,2,32764
285,32930,11,32941
286,33038,30,33068
287,33095,6,33101
288,33141,10,33151
289,33174,1,33175
290,33178,4,33182
291,33234,42,33276
292,33496,13,33509
293,33635,36,33671
294,33755,31,33786
295,33807,16,33823
296,34046,47,34093
297,34206,82,34288
298,34324,10,34334
299,34589,21,34610
300,35009,1,35010
301,35031,31,35062
302,35108,1,35109
303,35281,5,35286
304,35419,21,35440
305,35643,8,35651
306,35660,8,35668
307,35682,2,35684
308,35717,9,35726
309,35738,27,35765
310,35815,2,35817
311,36055,31,36086
312,36133,6,36139
313,36269,17,36286
314,36389,9,36398
315,36581,73,36654
316,36806,2,36808
317,36947,4,36951
318,37033,46,37079
319,37112,10,37122
320,37490,54,37544
321,37740,2,37742
322,37990,3,37993
323,38208,3,38211
324,38372,12,38384
325,38396,7,38403
326,38503,8,38511
327,38684,13,38697
328,38756,7,38763
329,38816,7,38823
330,38831,9,38840
331,38923,22,38945
332,39170,2,39172
333,39252,32,39284
334,39386,2,39388
335,39578,14,39592
336,39863,41,39904
337,40268,23,40291
338,40363,5,40368
339,40402,12,40414
340,40583,23,40606
341,40809,21,40830
342,40954,24,40978
343,41012,6,41018
344,41053,5,41058
345,41087,1,41088
346,41125,52,41177
347,41294,15,41309
348,41310,14,41324
349,41346,2,41348
350,41699,35,41734
351,41838,15,41853
352,41942,23,41965
353,41976,3,41979
354,42105,1,42106
355,42252,44,42296
356,42299,19,42318
357,42327,49,42376
358,42608,20,42628
359,42671,5,42676
360,42700,15,42715
361,42833,13,42846
362,42882,16,42898
363,43006,10,43016
364,43205,4,43209
365,43232,1,43233
366,43246,5,43251
367,43330,3,43333
368,43338,4,43342
369,43372,5,43377
370,43403,21,43424
371,43495,27,43522
372,43566,1,43567
373,43726,3,43729
374,43795,4,43799
375,43876,82,43958
376,44110,18,44128
377,44144,13,44157
378,44358,46,44404
379,44429,28,44457
380,44622,27,44649
381,44859,9,44868
382,44916,53,44969
383,45018,27,45045
384,45123,17,45140
385,45398,62,45460
386,45500,13,45513
387,45590,12,45602
388,45609,2,45611
389,45682,13,45695
390,45970,32,46002
391,46041,14,46055
392,46106,26,46132
393,46427,52,46479
394,46550,8,46558
395,47347,6,47353
396,47360,11,47371
397,47483,6,47489
398,47589,15,47604
399,47608,42,47650
400,47868,22,47890
401,48121,1,48122
402,48146,13,48159
403,48177,5,48182
404,48386,37,48423
405,48452,5,48457
406,48529,17,48546
407,48726,17,48743
408,48758,15,48773
409,48881,49,48930
410,49007,7,49014
411,49081,14,49095
412,49229,1,49230
413,49289,7,49296
414,49306,17,49323
415,49444,13,49457
416,49522,2,49524
417,49574,57,49631
418,49678,9,49687
419,49737,1,49738
420,49807,49,49856
421,49991,14,50005
422,50209,39,50248
423,50259,24,50283
424,50299,14,50313
425,50396,6,50402
426,50426,50,50476
427,50673,75,50748
428,50762,34,50796
429,51014,11,51025
430,51352,18,51370
431,51376,19,51395
432,51424,28,51452
433,51540,6,51546
434,51565,7,51572
435,51681,3,51684
436,51796,56,51852
437,51894,3,51897
438,51981,4,51985
439,52013,11,52024
440,52091,12,52103
441,52304,31,52335
442,52337,2,52339
443,52414,51,52465
444,52539,21,52560
445,52586,27,52613
446,52705,6,52711
447,52941,32,52973
448,53068,35,53103
449,53161,120,53281
450,53313,31,53344
451,53373,38,53411
452,53416,40,53456
453,53457,16,53473
454,53574,2,53576
455,53623,21,53644
456,53657,4,53661
457,53707,4,53711
458,53780,48,53828
459,54192,28,54220
460,54251,60,54311
461,54357,33,54390
462,54404,22,54426
463,54482,4,54486
464,54722,7,54729
465,54733,10,54743
466,54932,25,54957
467,55075,6,55081
468,55097,23,55120
469,55408,19,55427
470,55523,74,55597
471,55883,1,55884
472,55990,10,56000
473,56042,6,56048
474,56163,22,56185
475,56401,14,56415
476,56424,26,56450
477,56456,5,56461
478,56504,6,56510
479,56528,4,56532
480,56752,5,56757
481,56784,21,56805
482,56807,47,56854
483,56953,11,56964
484,57022,15,57037
485,57160,37,57197
486,57648,29,57677
487,57684,26,57710
488,57733,9,57742
489,57747,8,57755
490,57785,61,57846
491,57864,7,57871
492,58021,15,58036
493,58319,36,58355
494,58414,25,58439
495,58535,41,58576
496,58829,6,58835
497,58992,5,58997
498,59042,12,59054
499,59217,19,59236
500,59487,62,59549
501,59623,1,59624
502,59911,6,59917
503,59937,9,59946
504,59977,7,59984
505,60159,5,60164
506,60184,8,60192
507,60456,4,60460
508,60800,4,60804
509,60844,9,60853
510,61034,4,61038
511,61108,22,61130
512,61141,8,61149
513,61197,7,61204
514,61259,5,61264
515,61535,1,61536
516,61613,30,61643
517,61696,38,61734
518,61743,19,61762
519,61901,15,61916
520,62469,78,62547
521,62801,14,62815
522,62816,7,62823
523,62842,17,62859
524,62892,19,62911
525,63045,54,63099
526,63120,7,63127
527,63210,22,63232
528,63311,73,63384
529,63582,1,63583
530,63649,6,63655
531,63753,4,63757
532,63838,13,63851
533,63964,8,63972
534,64211,7,64218
535,64257,27,64284
536,64355,30,64385
537,64427,11,64438
538,64439,13,64452
539,64454,71,64525
540,64596,4,64600
541,64669,11,64680
542,64683,8,64691
543,64760,16,64776
544,64803,12,64815
545,64879,5,64884
546,64886,11,64897
547,64921,56,64977
548,64989,49,65038
549,65082,13,65095
550,65103,6,65109
551,65208,1,65209
552,65348,11,65359
553,65476,32,65508
554,65593,15,65608
555,65637,4,65641
556,65811,25,65836
557,65852,7,65859
558,66332,37,66369
559,66384,27,66411
560,66635,1,66636
561,67055,17,67072
562,67282,8,67290
563,67310,8,67318
564,67351,42,67393
565,67409,3,67412
566,67554,13,67567
567,67784,5,67789
568,67858,33,67891
569,67898,28,67926
570,67943,64,68007
571,68538,7,68545
572,68584,28,68612
573,68722,5,68727
574,68737,20,68757
575,68848,14,68862
576,68868,10,68878
577,68907,23,68930
578,69031,13,69044
579,69105,8,69113
580,69150,11,69161
581,69238,37,69275
582,69306,2,69308
583,69331,15,69346
584,69398,14,69412
585,69439,17,69456
586,69950,43,69993
587,69995,7,70002
588,70030,4,70034
589,70112,35,70147
590,70274,22,70296
591,70309,20,70329
592,70456,44,70500
593,70596,4,70600
594,70601,18,70619
595,70742,8,70750
596,70769,71,70840
597,70848,20,70868
598,70961,18,70979
599,71125,10,71135
600,71158,55,71213
601,71251,14,71265
602,71330,19,71349
603,71413,72,71485
604,71568,22,71590
605,71768,17,71785
606,71791,41,71832
607,72076,7,72083
608,72148,17,72165
609,72508,20,72528
610,72584,19,72603
611,72624,31,72655
612,73203,10,73213
613,73292,21,73313
614,73324,10,73334
615,73743,35,73778
616,73839,71,73910
617,73994,12,74006
618,74051,5,74056
619,74059,24,74083
620,74172,7,74179
621,74213,31,74244
622,74286,15,74301
623,74448,11,74459
624,74474,16,74490
625,74823,17,74840
626,75067,28,75095
627,75110,7,75117
628,75152,8,75160
629,75218,4,75222
630,75297,8,75305
631,75445,10,75455
632,75460,16,75476
633,75478,25,75503
634,75681,12,75693
635,75714,22,75736
636,75904,24,75928
637,76168,21,76189
638,76247,3,76250
639,76280,8,76288
640,76354,5,76359
641,76364,27,76391
642,76493,21,76514
643,76527,34,76561
644,76574,34,76608
645,76719,10,76729
646,76785,39,76824
647,77143,19,77162
648,77179,17,77196
649,77332,43,77375
650,77406,12,77418
651,77508,15,77523
652,77534,4,77538
653,77735,39,77774
654,77952,6,77958
655,78128,2,78130
656,78163,2,78165
657,78257,3,78260
658,78294,42,78336
659,78341,3,78344
660,78498,12,78510
661,78679,8,78687
662,78693,18,78711
663,78725,1,78726
664,78836,20,78856
665,78861,54,78915
666,79069,4,79073
667,79232,23,79255
668,79410,24,79434
669,79658,21,79679
670,79750,1,79751
671,79758,35,79793
672,79982,14,79996
673,80016,7,80023
674,80123,11,80134
675,80422,38,80460
676,80873,88,80961
677,81082,38,81120
678,81213,11,81224
679,81263,1,81264
680,81324,2,81326
681,81607,10,81617
682,81643,29,81672
683,81839,11,81850
684,81964,26,81990
685,82177,37,82214
686,82303,45,82348
687,82444,25,82469
688,82555,8,82563
689,82743,14,82757
690,82768,61,82829
691,82965,11,82976
692,82994,15,83009
693,83060,23,83083
694,83139,13,83152
695,83210,11,83221
696,83244,5,83249
697,83312,1,83313
698,83411,7,83418
699,83524,15,83539
700,83637,22,83659
701,83807,36,83843
702,83844,31,83875
703,84078,5,84083
704,84161,15,84176
705,84238,14,84252
706,84397,25,84422
707,84428,3,84431
708,84432,3,84435
709,84525,26,84551
710,84619,2,84621
711,84892,16,84908
712,84969,1,84970
713,85049,12,85061
714,85100,8,85108
715,85186,24,85210
716,85215,3,85218
717,85323,11,85334
718,85382,35,85417
719,85737,6,85743
720,85793,29,85822
721,85890,67,85957
722,86037,8,86045
723,86084,6,86090
724,86297,20,86317
725,86561,4,86565
726,86740,20,86760
727,86810,20,86830
728,87072,8,87080
729,87283,60,87343
730,87535,7,87542
731,87737,47,87784
732,87822,10,87832
733,87868,7,87875
734,87989,6,87995
735,88070,16,88086
736,88121,18,88139
737,88213,10,88223
738,88264,23,88287
739,88323,12,88335
740,88396,23,88419
741,88551,27,88578
742,88599,18,88617
743,88708,7,88715
744,88750,64,88814
745,88836,1,88837
746,88861,1,88862
747,89028,14,89042
748,89332,31,89363
749,89571,17,89588
750,89593,159,89752
751,89913,6,89919
752,90021,25,90046
753,90132,51,90183
754,90363,4,90367
755,90480,15,90495
756,90608,5,90613
757,90644,6,90650
758,90719,34,90753
759,90847,28,90875
760,90997,25,91022
761,91196,21,91217
762,91275,7,91282
763,91456,41,91497
764,91635,39,91674
765,91885,20,91905
766,91959,22,91981
767,92186,119,92305
768,92448,11,92459
769,92522,1,92523
770,92659,31,92690
771,92718,17,92735
772,93009,19,93028
773,93043,27,93070
774,93172,10,93182
775,93277,6,93283
776,93366,16,93382
777,93423,10,93433
778,93651,7,93658
779,93764,17,93781
780,93810,76,93886
781,93898,23,93921
782,93958,8,93966
783,94106,13,94119
784,94411,8,94419
785,94506,11,94517
786,94533,10,94543
787,95094,29,95123
788,95187,12,95199
789,95334,28,95362
790,95394,19,95413
791,95511,8,95519
792,95683,10,95693
793,95809,51,95860
794,95945,19,95964
795,96068,1,96069
796,96096,1,96097
797,96219,3,96222
798,96292,22,96314
799,96336,5,96341
800,96507,12,96519
801,96770,74,96844
802,96923,5,96928
803,96957,20,96977
804,97093,24,97117
805,97146,5,97151
806,97169,3,97172
807,97250,21,97271
808,97274,51,97325
809,97373,37,97410
810,97613,11,97624
811,97849,20,97869
812,97886,30,97916
813,97926,5,97931
814,97960,24,97984
815,98096,13,98109
816,98130,14,98144
817,98249,2,98251
818,98347,8,98355
819,98489,19,98508
820,98591,3,98594
821,98701,12,98713
822,98756,2,98758
823,98790,2,98792
824,98968,54,99022
825,99331,9,99340
826,99547,17,99564
827,99759,7,99766
828,99887,20,99907
829,99986,42,100028
830,100169,9,100178
831,100279,37,100316
832,100365,12,100377
833,100600,31,100631
834,100691,5,100696
835,100862,13,100875
836,100926,13,100939
837,101286,19,101305
838,101334,52,101386
839,101423,2,101425
840,101477,23,101500
841,101596,17,101613
842,101680,22,101702
843,101794,4,101798
844,102052,18,102070
845,102207,14,102221
846,102451,11,102462
847,102507,102,102609
848,102617,14,102631
849,102726,28,102754
850,102791,5,102796
851,102812,2,102814
852,102868,3,102871
853,102954,1,102955
854,102960,22,102982
855,103033,14,103047
856,103052,2,103054
857,103153,54,103207
858,103392,9,103401
859,103443,33,103476
860,103556,23,103579
861,103598,5,103603
862,103621,16,103637
863,103685,27,103712
864,103724,34,103758
865,103815,34,103849
866,103894,26,103920
867,104100,9,104109
868,104134,18,104152
869,104216,1,104217
870,104284,42,104326
871,104605,5,104610
872,104662,46,104708
873,104775,3,104778
874,104840,22,104862
875,105222,3,105225
876,105266,4,105270
877,105431,26,105457
878,105525,3,105528
879,105715,61,105776
880,105793,50,105843
881,105905,44,105949
882,106224,8,106232
883,106245,2,106247
884,106456,58,106514
885,106578,17,106595
886,106693,10,106703
887,106753,15,106768
888,106892,16,106908
889,107084,14,107098
890,107105,14,107119
891,107145,6,107151
892,107197,32,107229
893,107282,7,107289
894,107324,19,107343
895,107360,28,107388
896,107494,16,107510
897,107684,4,107688
898,107742,7,107749
899,107781,3,107784
900,107841,28,107869
901,108294,1,108295
902,108320,5,108325
903,108354,7,108361
904,108438,12,108450
905,108736,29,108765
906,108822,1,108823
907,108855,4,108859
908,109077,26,109103
909,109319,24,109343
910,109539,16,109555
911,109573,11,109584
912,109586,4,109590
913,109762,57,109819
914,109857,34,109891
915,110091,9,110100
916,110165,29,110194
917,110258,1,110259
918,110338,6,110344
919,110402,2,110404
920,110461,6,110467
921,110576,11,110587
922,110659,5,110664
923,110678,9,110687
924,110756,18,110774
925,110896,7,110903
926,110965,64,111029
927,111041,47,111088
928,111108,6,111114
929,111818,67,111885
930,112052,11,112063
931,112144,47,112191
932,112195,47,112242
933,112301,35,112336
934,112961,25,112986
935,113084,3,113087
936,113154,9,113163
937,113244,22,113266
938,113276,1,113277
939,113449,16,113465
940,113473,16,113489
941,113864,24,113888
942,113961,12,113973
943,114012,40,114052
944,114127,10,114137
945,114332,30,114362
946,114495,9,114504
947,114738,10,114748
948,115048,2,115050
949,115060,9,115069
950,115158,33,115191
951,115209,16,115225
952,115269,12,115281
953,115444,1,115445
954,115452,29,115481
955,115496,21,115517
956,115531,59,115590
957,115674,12,115686
958,115756,5,115761
959,115776,31,115807
960,115831,2,115833
961,115886,4,115890
962,115922,19,115941
963,116060,17,116077
964,116092,4,116096
965,116104,1,116105
966,116145,25,116170
967,116229,4,116233
968,116294,51,116345
969,116390,60,116450
970,116533,5,116538
971,116669,17,116686
972,116786,8,116794
973,116827,2,116829
974,116875,6,116881
975,116891,7,116898
976,117071,29,117100
977,117243,10,117253
978,117420,4,117424
979,117443,35,117478
980,117575,22,117597
981,117675,10,117685
982,117694,7,117701
983,117751,5,117756
984,117793,5,117798
985,117885,22,117907
986,117949,12,117961
987,118175,18,118193
988,118219,2,118221
989,118249,3,118252
990,118255,6,118261
991,118501,27,118528
992,118559,19,118578
993,118700,41,118741
994,118896,51,118947
995,119068,9,119077
996,119109,25,119134
997,119241,26,119267
998,119351,41,119392
999,119533,53,119586
1000,119641,14,119655
1001,119712,23,119735
1002,119804,12,119816
1003,119842,44,119886
1004,119890,43,119933
1005,120042,4,120046
1006,120136,30,120166
1007,120206,10,120216
1008,120334,13,120347
1009,120479,5,120484
1010,120568,5,120573
1011,120656,51,120707
1012,120797,57,120854
1013,120950,9,120959
1014,121023,1,121024
1015,121097,9,121106
1016,121139,26,121165
1017,121226,9,121235
1018,121276,6,121282
1019,121318,15,121333
1020,121395,22,121417
1021,121624,41,121665
1022,121689,14,121703
1023,121811,57,121868
1024,121938,13,121951
1025,122090,6,122096
1026,122147,73,122220
1027,122342,27,122369
1028,122496,22,122518
1029,122543,14,122557
1030,122692,24,122716
1031,122718,54,122772
1032,122818,2,122820
1033,122881,49,122930
1034,123172,4,123176
1035,123309,1,123310
1036,123629,46,123675
1037,123803,9,123812
1038,123821,2,123823
1039,123931,1,123932
1040,123957,77,124034
1041,124058,7,124065
1042,124143,9,124152
1043,124214,21,124235
1044,124533,12,124545
1045,124563,1,124564
1046,124569,15,124584
1047,124735,15,124750
1048,124829,23,124852
1049,124941,25,124966
1050,124974,26,125000
1051,125029,3,125032
1052,125071,28,125099
1053,125113,4,125117
1054,125137,12,125149
1055,125307,22,125329
1056,125464,9,125473
1057,125537,60,125597
1058,125707,52,125759
1059,125830,26,125856
1060,126021,9,126030
1061,126141,12,126153
1062,126254,7,126261
1063,126351,5,126356
1064,126421,34,126455
1065,126476,7,126483
1066,126501,38,126539
1067,126730,10,126740
1068,126763,3,126766
1069,126809,21,126830
1070,126849,8,126857
1071,126869,2,126871
1072,126908,48,126956
1073,126975,1,126976
1074,127108,9,127117
1075,127134,6,127140
1076,127413,7,127420
1077,127454,49,127503
1078,127622,3,127625
1079,127922,37,127959
1080,128191,25,128216
1081,128294,2,128296
1082,128486,1,128487
1083,128707,5,128712
1084,129060,1,129061
1085,129062,1,129063
1086,129240,26,129266
1087,129390,12,129402
1088,129494,33,129527
1089,129555,16,129571
1090,129592,12,129604
1091,129717,59,129776
1092,129801,9,129810
1093,129966,7,129973
1094,130024,10,130034
1095,130048,22,130070
1096,130238,17,130255
1097,130294,25,130319
1098,130385,29,130414
1099,130421,5,130426
1100,130583,26,130609
1101,130737,40,130777
1102,130792,18,130810
1103,130926,18,130944
1104,130951,8,130959
1105,130971,31,131002
1106,131042,20,131062
1107,131114,6,131120
1108,131134,15,131149
1109,131154,6,131160
1110,131246,17,131263
1111,131458,20,131478
1112,131527,10,131537
1113,131674,54,131728
1114,131889,16,131905
1115,132153,1,132154
1116,132252,16,132268
1117,132597,72,132669
1118,132785,6,132791
1119,132810,8,132818
1120,132966,1,132967
1121,132976,7,132983
1122,132990,25,133015
1123,133051,61,133112
1124,133230,46,133276
1125,133436,3,133439
1126,133492,93,133585
1127,133743,1,133744
1128,133812,3,133815
1129,133932,4,133936
1130,134229,10,134239
1131,134285,5,134290
1132,134294,16,134310
1133,134351,6,134357
1134,134375,28,134403
1135,134456,37,134493
1136,134554,6,134560
1137,134575,5,134580
1138,134823,14,134837
1139,134906,22,134928
1140,134950,22,134972
1141,135066,28,135094
1142,135154,59,135213
1143,135247,13,135260
1144,135359,2,135361
1145,135367,67,135434
1146,135488,2,135490
1147,135573,22,135595
1148,135633,10,135643
1149,135691,7,135698
1150,135711,10,135721
1151,135781,1,135782
1152,135784,2,135786
1153,135846,12,135858
1154,136016,43,136059
1155,136096,11,136107
1156,136113,14,136127
1157,136192,33,136225
1158,136232,2,136234
1159,136243,5,136248
1160,136403,4,136407
1161,136460,5,136465
1162,136559,1,136560
1163,136608,12,136620
1164,136700,4,136704
1165,136818,37,136855
1166,136859,29,136888
1167,137049,1,137050
1168,137149,1,137150
1169,137385,5,137390
1170,137465,4,137469
1171,137563,58,137621
1172,137686,12,137698
1173,137823,44,137867
1174,137876,10,137886
1175,137935,7,137942
1176,138051,24,138075
1177,138240,22,138262
1178,138389,72,138461
1179,138655,33,138688
1180,138783,17,138800
1181,138862,12,138874
1182,138986,6,138992
1183,139136,27,139163
1184,139404,9,139413
1185,139428,16,139444
1186,139603,27,139630
1187,139638,3,139641
1188,139656,47,139703
1189,139963,9,139972
1190,140197,7,140204
1191,140232,11,140243
1192,140244,9,140253
1193,140258,6,140264
1194,140625,48,140673
1195,140684,35,140719
1196,140760,45,140805
1197,140844,35,140879
1198,140925,14,140939
1199,141016,47,141063
1200,141245,10,141255
1201,141434,31,141465
1202,141478,20,141498
1203,141648,21,141669
1204,142019,17,142036
1205,142167,14,142181
1206,142229,4,142233
1207,142259,6,142265
1208,142277,1,142278
1209,142313,7,142320
1210,142384,20,142404
1211,142469,1,142470
1212,142591,19,142610
1213,142687,2,142689
1214,142717,4,142721
1215,142930,34,142964
1216,142997,1,142998
1217,143184,10,143194
1218,143268,21,143289
1219,143391,2,143393
1220,143437,28,143465
1221,143478,44,143522
1222,143529,4,143533
1223,143643,17,143660
1224,143762,26,143788
1225,143865,36,143901
1226,143964,34,143998
1227,144005,1,144006
1228,144022,117,144139
1229,144328,2,144330
1230,144388,15,144403
1231,144579,7,144586
1232,144615,7,144622
1233,144731,4,144735
1234,144816,5,144821
1235,144928,15,144943
1236,145169,113,145282
1237,145396,2,145398
1238,145564,29,145593
1239,145610,7,145617
1240,145639,33,145672
1241,145674,13,145687
1242,145812,9,145821
1243,145926,82,146008
1244,146025,25,146050
1245,146069,14,146083
1246,146138,5,146143
1247,146169,58,146227
1248,146281,14,146295
1249,146419,9,146428
1250,146459,18,146477
1251,146646,8,146654
1252,146768,8,146776
1253,146804,10,146814
1254,146892,23,146915
1255,147122,13,147135
1256,147270,12,147282
1257,147440,8,147448
1258,147661,25,147686
1259,147755,9,147764
1260,147799,6,147805
1261,147811,16,147827
1262,147847,17,147864
1263,147882,33,147915
1264,147964,39,148003
1265,148035,2,148037
1266,148102,3,148105
1267,148110,50,148160
1268,148286,1,148287
1269,148327,32,148359
1270,148363,25,148388
1271,148460,4,148464
1272,148583,7,148590
1273,148610,5,148615
1274,148624,19,148643
1275,148783,17,148800
1276,148927,39,148966
1277,149141,18,149159
1278,149208,5,149213
1279,149254,1,149255
1280,149293,10,149303
1281,149337,1,149338
1282,149400,20,149420
1283,149644,24,149668
1284,149800,9,149809
1285,149863,23,149886
1286,150144,23,150167
1287,150298,52,150350
1288,150390,1,150391
1289,150422,4,150426
1290,150531,45,150576
1291,150670,11,150681
1292,151175,1,151176
1293,151215,1,151216
1294,151224,98,151322
1295,151637,19,151656
1296,151768,45,151813
1297,151819,17,151836
1298,151913,59,151972
1299,151978,42,152020
1300,152021,10,152031
1301,152140,24,152164
1302,152295,36,152331
1303,152424,14,152438
1304,152471,36,152507
1305,152555,20,152575
1306,152641,57,152698
1307,152729,30,152759
1308,152889,34,152923
1309,152930,1,152931
1310,152963,12,152975
1311,153129,6,153135
1312,153156,35,153191
1313,153462,21,153483
1314,153556,22,153578
1315,153598,33,153631
1316,153668,26,153694
1317,153768,7,153775
1318,153885,4,153889
1319,153928,10,153938
1320,153991,24,154015
1321,154052,5,154057
1322,154084,12,154096
1323,154131,9,154140
1324,154182,7,154189
1325,154199,8,154207
1326,154380,47,154427
1327,154591,3,154594
1328,154677,17,154694
1329,154732,56,154788
1330,154977,10,154987
1331,155200,35,155235
1332,155324,13,155337
1333,155621,15,155636
1334,155647,10,155657
1335,155778,15,155793
1336,155896,6,155902
1337,156034,10,156044
1338,156129,2,156131
1339,156220,103,156323
1340,156382,4,156386
1341,156421,32,156453
1342,156464,3,156467
1343,156552,41,156593
1344,156770,4,156774
1345,156844,28,156872
1346,157074,7,157081
1347,157155,23,157178
1348,157305,7,157312
1349,157383,20,157403
1350,157518,64,157582
1351,157612,1,157613
1352,157615,7,157622
1353,157628,52,157680
1354,157733,7,157740
1355,157814,51,157865
1356,157922,5,157927
1357,157935,9,157944
1358,158073,6,158079
1359,158189,4,158193
1360,158208,7,158215
1361,158219,3,158222
1362,158421,8,158429
1363,158460,32,158492
1364,158531,7,158538
1365,158631,13,158644
1366,158829,20,158849
1367,158877,36,158913
1368,158968,12,158980
1369,159062,10,159072
1370,159102,1,159103
1371,159208,3,159211
1372,159219,6,159225
1373,159389,16,159405
1374,159497,13,159510
1375,159547,12,159559
1376,159708,74,159782
1377,159810,1,159811
1378,159834,8,159842
1379,159854,7,159861
1380,159880,24,159904
1381,159908,3,159911
1382,160065,82,160147
1383,160153,5,160158
1384,160455,15,160470
1385,160608,24,160632
1386,161205,10,161215
1387,161401,11,161412
1388,161481,8,161489
1389,161705,39,161744
1390,161790,30,161820
1391,162004,8,162012
1392,162036,15,162051
1393,162140,34,162174
1394,162201,67,162268
1395,162347,11,162358
1396,162362,3,162365
1397,162378,7,162385
1398,162519,2,162521
1399,162555,35,162590
1400,162816,18,162834
1401,162963,40,163003
1402,163147,57,163204
1403,163413,38,163451
1404,163492,27,163519
1405,163580,13,163593
1406,163640,21,163661
1407,163757,31,163788
1408,163983,8,163991
1409,164008,5,164013
1410,164062,15,164077
1411,164249,2,164251
1412,164645,4,164649
1413,164869,17,164886
1414,164971,8,164979
1415,165031,19,165050
1416,165148,27,165175
1417,165219,6,165225
1418,165255,9,165264
1419,165301,6,165307
1420,165363,12,165375
1421,165523,11,165534
1422,165552,76,165628
1423,165713,46,165759
1424,165810,39,165849
1425,165931,21,165952
1426,166001,49,166050
1427,166126,4,166130
1428,166208,5,166213
1429,166254,22,166276
1430,166406,28,166434
1431,166491,13,166504
1432,166510,17,166527
1433,166553,25,166578
1434,166617,5,166622
1435,166623,15,166638
1436,166668,2,166670
1437,166700,20,166720
1438,166724,24,166748
1439,166812,16,166828
1440,166899,30,166929
1441,167104,10,167114
1442,167144,6,167150
1443,167210,12,167222
1444,167507,23,167530
1445,167675,3,167678
1446,167710,8,167718
1447,168141,4,168145
1448,168260,3,168263
1449,168282,9,168291
1450,168311,3,168314
1451,168423,50,168473
1452,168536,20,168556
1453,168588,58,168646
1454,168649,27,168676
1455,168787,46,168833
1456,169024,4,169028
1457,169093,1,169094
1458,169121,2,169123
1459,169156,6,169162
1460,169502,61,169563
1461,169572,24,169596
1462,169648,3,169651
1463,169667,7,169674
1464,169770,12,169782
1465,170128,2,170130
1466,170306,11,170317
1467,170358,80,170438
1468,170458,38,170496
1469,170539,2,170541
1470,170559,8,170567
1471,170610,2,170612
1472,170799,22,170821
1473,171033,4,171037
1474,171045,5,171050
1475,171129,82,171211
1476,171213,2,171215
1477,171231,16,171247
1478,171381,36,171417
1479,171438,1,171439
1480,171573,40,171613
1481,171629,6,171635
1482,171650,38,171688
1483,171694,5,171699
1484,171921,4,171925
1485,171933,35,171968
1486,172096,6,172102
1487,172112,20,172132
1488,172160,19,172179
1489,172299,15,172314
1490,172388,19,172407
1491,172408,28,172436
1492,172455,3,172458
1493,172594,13,172607
1494,172617,20,172637
1495,172784,2,172786
1496,172856,12,172868
1497,173043,3,173046
1498,173150,38,173188
1499,173543,2,173545
1500,173767,18,173785
1501,173957,3,173960
1502,174167,1,174168
1503,174463,6,174469
1504,174971,7,174978
1505,175081,44,175125
1506,175161,6,175167
1507,175183,34,175217
1508,175268,6,175274
1509,175297,8,175305
1510,175426,12,175438
1511,175539,1,175540
1512,175765,25,175790
1513,175867,13,175880
1514,176498,29,176527
1515,176987,6,176993
1516,177517,9,177526
1517,177609,13,177622
1518,177654,7,177661
1519,177664,27,177691
1520,177823,18,177841
1521,178030,11,178041
1522,178456,6,178462
1523,178548,16,178564
1524,178573,13,178586
1525,178690,37,178727
1526,178912,3,178915
1527,179053,24,179077
1528,179138,9,179147
1529,179406,30,179436
1530,179467,5,179472
1531,179509,5,179514
1532,179634,25,179659
1533,179741,2,179743
1534,179802,3,179805
1535,179813,12,179825
1536,179957,23,179980
1537,179981,18,179999
1538,180269,11,180280
1539,180419,23,180442
1540,180550,6,180556
1541,180578,24,180602
1542,180684,5,180689
1543,180717,34,180751
1544,180944,37,180981
1545,181133,20,181153
1546,181173,1,181174
1547,181343,16,181359
1548,181470,70,181540
1549,181673,69,181742
1550,181817,8,181825
1551,182138,20,182158
1552,182245,9,182254
1553,182309,8,182317
1554,182323,8,182331
1555,182373,18,182391
1556,182544,11,182555
1557,182902,12,182914
1558,182942,3,182945
1559,182969,27,182996
1560,183010,19,183029
1561,183194,1,183195
1562,183288,6,183294
1563,183324,8,183332
1564,183365,11,183376
1565,183695,3,183698
1566,183807,6,183813
1567,183839,11,183850
1568,183956,52,184008
1569,184065,11,184076
1570,184120,10,184130
1571,184225,5,184230
1572,184412,14,184426
1573,184478,14,184492
1574,184569,24,184593
1575,184814,20,184834
1576,184963,13,184976
1577,185172,13,185185
1578,185190,5,185195
1579,185507,16,185523
1580,185689,5,185694
1581,185705,2,185707
1582,185785,2,185787
1583,185934,2,185936
1584,185993,20,186013
1585,186149,27,186176
1586,186267,58,186325
1587,186327,3,186330
1588,186479,3,186482
1589,186597,106,186703
1590,186799,18,186817
1591,186904,2,186906
1592,187023,3,187026
1593,187082,3,187085
1594,187111,1,187112
1595,187331,16,187347
1596,187365,1,187366
1597,187570,33,187603
1598,187606,20,187626
1599,188256,14,188270
1600,188413,1,188414
1601,188419,17,188436
1602,188513,12,188525
1603,188552,1,188553
1604,188945,4,188949
1605,188962,16,188978
1606,188979,1,188980
1607,189079,7,189086
1608,189268,23,189291
1609,189336,13,189349
1610,189358,8,189366
1611,189544,22,189566
1612,189929,24,189953
1613,190081,33,190114
1614,190185,14,190199
1615,190394,4,190398
1616,190484,8,190492
1617,191071,16,191087
1618,191105,5,191110
1619,191253,12,191265
1620,191322,37,191359
1621,191386,12,191398
1622,191412,14,191426
1623,191515,36,191551
1624,191692,8,191700
1625,191878,17,191895
1626,191924,44,191968
1627,191997,1,191998
1628,192042,2,192044
1629,192057,6,192063
1630,192083,4,192087
1631,192136,29,192165
1632,192171,7,192178
1633,192192,24,192216
1634,192364,33,192397
1635,192490,38,192528
1636,192550,8,192558
1637,192622,21,192643
1638,192753,51,192804
1639,192812,52,192864
1640,192978,35,193013
1641,193077,27,193104
1642,193112,29,193141
1643,193197,15,193212
1644,193262,59,193321
1645,193586,40,193626
1646,193743,14,193757
1647,194073,4,194077
1648,194127,12,194139
1649,194258,1,194259
1650,194398,31,194429
1651,194433,9,194442
1652,194645,25,194670
1653,194717,32,194749
1654,194759,11,194770
1655,194883,4,194887
1656,194947,5,194952
1657,195059,29,195088
1658,195108,49,195157
1659,195224,36,195260
1660,195289,31,195320
1661,195332,5,195337
1662,195483,8,195491
1663,195638,13,195651
1664,195674,54,195728
1665,195750,55,195805
1666,196137,4,196141
1667,196172,50,196222
1668,196270,3,196273
1669,196296,21,196317
1670,196481,7,196488
1671,196508,12,196520
1672,196725,7,196732
1673,196862,24,196886
1674,196935,38,196973
1675,196992,23,197015
1676,197072,4,197076
1677,197281,16,197297
1678,197389,31,197420
1679,197468,7,197475
1680,197494,2,197496
1681,197632,23,197655
1682,197712,16,197728
1683,198009,3,198012
1684,198074,40,198114
1685,198115,7,198122
1686,198127,21,198148
1687,198171,10,198181
1688,198242,40,198282
1689,198339,53,198392
1690,198463,23,198486
1691,198576,7,198583
1692,198698,19,198717
1693,198852,33,198885
1694,198965,6,198971
1695,199093,32,199125
1696,199170,17,199187
1697,199292,26,199318
1698,199461,7,199468
1699,199557,1,199558
1700,199734,20,199754
1701,199771,5,199776
1702,199859,7,199866
1703,200124,2,200126
1704,200175,14,200189
1705,200219,11,200230
1706,200357,39,200396
1707,200479,31,200510
1708,200591,9,200600
1709,200697,5,200702
1710,200811,27,200838
1711,200847,11,200858
1712,200910,84,200994
1713,201318,7,201325
1714,201376,29,201405
1715,201749,8,201757
1716,201834,23,201857
1717,201881,55,201936
1718,201971,27,201998
1719,202007,18,202025
1720,202173,1,202174
1721,202397,37,202434
1722,202443,32,202475
1723,202567,22,202589
1724,202778,10,202788
1725,202789,26,202815
1726,202824,17,202841
1727,202879,3,202882
1728,202890,62,202952
1729,202965,12,202977
1730,203027,8,203035
1731,203119,16,203135
1732,203502,21,203523
1733,203611,69,203680
1734,203776,43,203819
1735,203839,1,203840
1736,204095,23,204118
1737,204398,14,204412
1738,204564,6,204570
1739,204585,5,204590
1740,204677,4,204681
1741,204700,40,204740
1742,204746,18,204764
1743,204770,2,204772
1744,205025,86,205111
1745,205115,66,205181
1746,205244,4,205248
1747,205784,5,205789
1748,205801,26,205827
1749,205875,6,205881
1750,205920,51,205971
1751,206062,29,206091
1752,206136,10,206146
1753,206168,6,206174
1754,206260,39,206299
1755,206414,18,206432
1756,206503,17,206520
1757,206636,61,206697
1758,207078,11,207089
1759,207090,17,207107
1760,207109,19,207128
1761,207457,17,207474
1762,207569,8,207577
1763,207587,35,207622
1764,207807,7,207814
1765,208264,33,208297
1766,208341,14,208355
1767,208666,3,208669
1768,208681,2,208683
1769,208829,6,208835
1770,208889,14,208903
1771,208969,10,208979
1772,209119,30,209149
1773,209242,12,209254
1774,209289,4,209293
1775,209300,1,209301
1776,209302,3,209305
1777,209324,3,209327
1778,209371,31,209402
1779,209528,7,209535
1780,209736,15,209751
1781,209967,11,209978
1782,210194,2,210196
1783,210257,3,210260
1784,210402,6,210408
1785,210427,57,210484
1786,210521,33,210554
1787,210564,64,210628
1788,210642,12,210654
1789,210738,3,210741
1790,210902,50,210952
1791,211095,9,211104
1792,211392,37,211429
1793,211451,17,211468
1794,211516,9,211525
1795,211717,23,211740
1796,211743,4,211747
1797,211762,2,211764
1798,211784,13,211797
1799,212052,11,212063
1800,212237,1,212238
1801,212275,29,212304
1802,212332,11,212343
1803,212362,53,212415
1804,212434,2,212436
1805,212635,29,212664
1806,212789,42,212831
1807,212872,9,212881
1808,212992,15,213007
1809,213122,25,213147
1810,213195,17,213212
1811,213221,24,213245
1812,213264,56,213320
1813,213339,2,213341
1814,213434,7,213441
1815,213505,25,213530
1816,213578,4,213582
1817,213670,11,213681
1818,213694,12,213706
1819,213780,16,213796
1820,214201,11,214212
1821,214233,11,214244
1822,214278,10,214288
1823,214335,28,214363
1824,214450,15,214465
1825,214564,2,214566
1826,214671,8,214679
1827,214874,4,214878
1828,215348,9,215357
1829,215364,8,215372
1830,215510,37,215547
1831,215645,39,215684
1832,215794,11,215805
1833,215896,9,215905
1834,216133,58,216191
1835,216241,13,216254
1836,216454,23,216477
1837,216578,39,216617
1838,216691,7,216698
1839,216724,2,216726
1840,216727,5,216732
1841,216738,2,216740
1842,216911,2,216913
1843,216950,3,216953
1844,216954,7,216961
1845,216967,48,217015
1846,217143,18,217161
1847,217334,2,217336
1848,217490,10,217500
1849,217539,5,217544
1850,217556,1,217557
1851,217590,8,217598
1852,217809,22,217831
1853,218051,15,218066
1854,218146,4,218150
1855,218250,25,218275
1856,218354,31,218385
1857,218389,39,218428
1858,218489,1,218490
1859,218591,7,218598
1860,218666,8,218674
1861,218685,19,218704
1862,218756,3,218759
1863,218808,9,218817
1864,218833,30,218863
1865,218986,5,218991
1866,219039,13,219052
1867,219138,30,219168
1868,219179,48,219227
1869,219370,18,219388
1870,219448,5,219453
1871,219519,4,219523
1872,219633,3,219636
1873,219684,19,219703
1874,219712,5,219717
1875,219849,13,219862
1876,220163,13,220176
1877,220189,9,220198
1878,220233,7,220240
1879,220372,24,220396
1880,220514,18,220532
1881,220612,10,220622
1882,220642,26,220668
1883,220756,65,220821
1884,221058,60,221118
1885,221243,7,221250
1886,221389,29,221418
1887,221458,6,221464
1888,221499,70,221569
1889,221580,22,221602
1890,221657,52,221709
1891,221729,17,221746
1892,221801,8,221809
1893,221836,29,221865
1894,221872,13,221885
1895,221940,1,221941
1896,222123,14,222137
1897,222279,19,222298
1898,222347,32,222379
1899,222530,5,222535
1900,222552,28,222580
1901,222637,62,222699
1902,222810,41,222851
1903,223003,19,223022
1904,223060,8,223068
1905,223127,1,223128
1906,223242,42,223284
1907,223504,76,223580
1908,223729,19,223748
1909,223758,40,223798
1910,223985,23,224008
1911,224128,2,224130
1912,224198,2,224200
1913,224206,32,224238
1914,224316,1,224317
1915,224441,37,224478
1916,224649,35,224684
1917,224710,23,224733
1918,224819,4,224823
1919,224834,3,224837
1920,224916,1,224917
1921,225026,29,225055
1922,225079,19,225098
1923,225152,18,225170
1924,225315,55,225370
1925,225387,13,225400
1926,225478,49,225527
1927,225631,1,225632
1928,225663,4,225667
1929,225769,5,225774
1930,225779,11,225790
1931,225982,11,225993
1932,226028,2,226030
1933,226258,52,226310
1934,226375,42,226417
1935,226521,39,226560
1936,226729,29,226758
1937,226937,28,226965
1938,227095,14,227109
1939,227317,42,227359
1940,227493,43,227536
1941,227623,105,227728
1942,227927,6,227933
1943,227958,8,227966
1944,227979,19,227998
1945,228009,3,228012
1946,228118,9,228127
1947,228262,31,228293
1948,228295,5,228300
1949,228433,24,228457
1950,228472,16,228488
1951,228567,13,228580
1952,228667,10,228677
1953,228779,22,228801
1954,228868,1,228869
1955,228982,17,228999
1956,229019,26,229045
1957,229088,21,229109
1958,229154,4,229158
1959,229274,14,229288
1960,229341,2,229343
1961,229367,3,229370
1962,229414,9,229423
1963,229568,10,229578
1964,229635,36,229671
1965,229770,12,229782
1966,229863,57,229920
1967,230221,26,230247
1968,230316,16,230332
1969,230420,16,230436
1970,230533,51,230584
1971,230758,38,230796
1972,230973,4,230977
1973,231043,27,231070
1974,231091,21,231112
1975,231225,81,231306
1976,231328,32,231360
1977,231388,5,231393
1978,231409,41,231450
1979,231564,5,231569
1980,231586,62,231648
1981,231754,2,231756
1982,231834,4,231838
1983,231886,8,231894
1984,232084,24,232108
1985,232421,65,232486
1986,232582,26,232608
1987,232847,12,232859
1988,232862,17,232879
1989,232927,4,232931
1990,233082,11,233093
1991,233094,27,233121
1992,233160,8,233168
1993,233305,14,233319
1994,233332,1,233333
1995,233344,21,233365
1996,233450,24,233474
1997,233591,13,233604
1998,233735,8,233743
1999,233774,22,233796
2000,233888,1,233889
2001,233907,13,233920
2002,234157,18,234175
2003,234235,6,234241
2004,234386,27,234413
2005,234558,31,234589
2006,234598,6,234604
2007,234690,7,234697
2008,234741,23,234764
2009,234926,26,234952
2010,235022,71,235093
2011,235384,25,235409
2012,235519,10,235529
2013,235836,25,235861
2014,235883,55,235938
2015,235998,17,236015
2016,236177,6,236183
2017,236546,14,236560
2018,236670,5,236675
2019,236780,43,236823
2020,236966,10,236976
2021,237339,20,237359
2022,237510,7,237517
2023,237528,11,237539
2024,237606,19,237625
2025,237707,9,237716
2026,237771,14,237785
2027,237878,24,237902
2028,237911,1,237912
2029,237930,3,237933
2030,238048,11,238059
2031,238160,5,238165
2032,238327,6,238333
2033,238355,38,238393
2034,238471,34,238505
2035,238567,7,238574
2036,238607,19,238626
2037,238661,30,238691
2038,238699,73,238772
2039,238886,12,238898
2040,238976,6,238982
2041,239081,7,239088
2042,239134,8,239142
2043,239208,18,239226
2044,239365,22,239387
2045,239673,39,239712
2046,239771,51,239822
2047,239855,14,239869
2048,239879,28,239907
2049,239986,4,239990
2050,240018,11,240029
2051,240127,3,240130
2052,240233,15,240248
2053,240252,8,240260
2054,240615,19,240634
2055,240691,16,240707
2056,240885,10,240895
2057,240954,27,240981
2058,241000,5,241005
2059,241035,5,241040
2060,241117,4,241121
2061,241130,47,241177
2062,241220,5,241225
2063,241415,19,241434
2064,241457,26,241483
2065,241567,24,241591
2066,241629,6,241635
2067,241857,3,241860
2068,241969,9,241978
2069,242194,5,242199
2070,242325,7,242332
2071,242335,30,242365
2072,242378,1,242379
2073,242437,40,242477
2074,242791,13,242804
2075,242893,21,242914
2076,242943,8,242951
2077,242995,1,242996
2078,243001,15,243016
2079,243019,39,243058
2080,243143,15,243158
2081,243219,2,243221
2082,243355,28,243383
2083,243542,18,243560
2084,243694,24,243718
2085,243871,8,243879
2086,244047,4,244051
2087,244177,5,244182
2088,244218,4,244222
2089,244292,3,244295
2090,244540,2,244542
2091,245023,26,245049
2092,245103,53,245156
2093,245274,13,245287
2094,245304,9,245313
2095,245331,10,245341
2096,245386,13,245399
2097,245465,28,245493
2098,245527,21,245548
2099,245565,1,245566
2100,245626,13,245639
2101,245644,36,245680
2102,245770,23,245793
2103,245832,19,245851
2104,245988,4,245992
2105,246286,1,246287
2106,246354,6,246360
2107,246596,5,246601
2108,246624,24,246648
2109,246659,50,246709
2110,246987,3,246990
2111,247217,9,247226
2112,247231,2,247233
2113,247249,2,247251
2114,247399,88,247487
2115,247522,10,247532
2116,248165,13,248178
2117,248194,16,248210
2118,248214,1,248215
2119,248220,1,248221
2120,248312,34,248346
2121,248466,2,248468
2122,248634,37,248671
2123,248694,1,248695
2124,248939,12,248951
2125,249130,9,249139
2126,249250,29,249279
2127,249325,8,249333
2128,249405,59,249464
2129,249912,16,249928
2130,249951,41,249992
2131,250314,58,250372
2132,250409,8,250417
2133,250436,13,250449
2134,250644,3,250647
2135,250753,2,250755
2136,250779,21,250800
2137,250810,12,250822
2138,250930,13,250943
2139,251170,10,251180
2140,251236,1,251237
2141,251340,25,251365
2142,251516,67,251583
2143,251675,2,251677
2144,251738,1,251739
2145,251757,2,251759
2146,251908,6,251914
2147,252093,9,252102
2148,252221,8,252229
2149,252252,4,252256
2150,252278,1,252279
2151,252322,1,252323
2152,252403,14,252417
2153,252528,3,252531
2154,252588,35,252623
2155,252624,7,252631
2156,252633,8,252641
2157,252754,19,252773
2158,252877,4,252881
2159,252907,12,252919
2160,252930,21,252951
2161,252957,70,253027
2162,253145,6,253151
2163,253214,5,253219
2164,253256,44,253300
2165,253387,26,253413
2166,253493,18,253511
2167,253716,21,253737
2168,253775,7,253782
2169,253869,9,253878
2170,254013,21,254034
2171,254052,12,254064
2172,254162,2,254164
2173,254179,19,254198
2174,254222,11,254233
2175,254345,39,254384
2176,254495,7,254502
2177,254522,12,254534
2178,254564,14,254578
2179,254645,20,254665
2180,254784,22,254806
2181,255238,21,255259
2182,255321,9,255330
2183,255381,16,255397
2184,255415,2,255417
2185,255439,24,255463
2186,255615,15,255630
2187,255651,9,255660
2188,255681,39,255720
2189,255790,7,255797
2190,255802,11,255813
2191,255938,20,255958
2192,256054,13,256067
2193,256074,4,256078
2194,256143,25,256168
2195,256242,39,256281
2196,256299,8,256307
2197,256379,68,256447
2198,256502,9,256511
2199,256517,25,256542
2200,256741,13,256754
2201,256912,6,256918
2202,257012,9,257021
2203,257065,1,257066
2204,257382,3,257385
2205,257452,14,257466
2206,257705,36,257741
2207,257867,20,257887
2208,258064,4,258068
2209,258324,9,258333
2210,258372,5,258377
2211,258477,13,258490
2212,258567,22,258589
2213,258645,57,258702
2214,258722,8,258730
2215,258738,31,258769
2216,258775,18,258793
2217,258801,1,258802
2218,259064,26,259090
2219,259220,3,259223
2220,259258,8,259266
2221,259274,13,259287
2222,259301,5,259306
2223,259460,30,259490
2224,259558,15,259573
2225,259877,1,259878
2226,259916,56,259972
2227,260092,2,260094
2228,260143,15,260158
2229,260212,13,260225
2230,260574,9,260583
2231,260662,10,260672
2232,260719,7,260726
2233,260849,24,260873
2234,260882,6,260888
2235,261048,13,261061
2236,261169,2,261171
2237,261314,30,261344
2238,261371,38,261409
2239,261443,17,261460
2240,261565,66,261631
2241,261634,13,261647
2242,261654,5,261659
2243,261754,1,261755
2244,261789,34,261823
2245,261878,27,261905
2246,261933,2,261935
2247,262100,17,262117
2248,262157,6,262163
2249,262304,12,262316
2250,262470,4,262474
2251,262754,2,262756
2252,262936,1,262937
2253,262964,98,263062
2254,263131,21,263152
2255,263180,11,263191
2256,263297,1,263298
2257,263308,16,263324
2258,263546,45,263591
2259,263745,7,263752
2260,263822,34,263856
2261,263914,5,263919
2262,263980,46,264026
2263,264061,2,264063
2264,264078,41,264119
2265,264283,60,264343
2266,264469,6,264475
2267,264841,40,264881
2268,265180,3,265183
2269,265207,7,265214
2270,265219,21,265240
2271,265363,21,265384
2272,265456,21,265477
2273,265481,4,265485
2274,265584,17,265601
2275,265712,1,265713
2276,265750,11,265761
2277,265845,1,265846
2278,266473,30,266503
2279,266527,24,266551
2280,266560,3,266563
2281,266900,14,266914
2282,267079,41,267120
2283,267270,5,267275
2284,267290,17,267307
2285,267341,13,267354
2286,267404,42,267446
2287,267456,15,267471
2288,267617,6,267623
2289,267624,16,267640
2290,267838,10,267848
2291,267905,7,267912
2292,268070,12,268082
2293,268087,11,268098
2294,268207,43,268250
2295,268261,18,268279
2296,268291,22,268313
2297,268322,30,268352
2298,268523,12,268535
2299,268762,25,268787
2300,268883,6,268889
2301,268921,10,268931
2302,268994,11,269005
2303,269029,18,269047
2304,269121,31,269152
2305,269240,18,269258
2306,269290,25,269315
2307,269399,66,269465
2308,269580,29,269609
2309,269707,25,269732
2310,269793,31,269824
2311,269967,19,269986
2312,270050,18,270068
2313,270121,5,270126
2314,270229,29,270258
2315,270354,31,270385
2316,270531,10,270541
2317,270583,45,270628
2318,270677,23,270700
2319,270829,21,270850
2320,270907,34,270941
2321,271363,31,271394
2322,271419,53,271472
2323,271602,67,271669
2324,271876,3,271879
2325,272122,38,272160
2326,272609,16,272625
2327,272630,44,272674
2328,272719,82,272801
2329,272861,4,272865
2330,273106,10,273116
2331,273128,1,273129
2332,273206,52,273258
2333,273329,126,273455
2334,273561,24,273585
2335,273649,9,273658
2336,273714,40,273754
2337,273812,65,273877
2338,274017,47,274064
2339,274091,9,274100
2340,274154,14,274168
2341,274229,11,274240
2342,274261,50,274311
2343,274339,41,274380
2344,274386,7,274393
2345,274402,43,274445
2346,274453,12,274465
2347,274529,71,274600
2348,274806,30,274836
2349,275143,2,275145
2350,275156,35,275191
2351,275689,18,275707
2352,275787,17,275804
2353,276018,4,276022
2354,276058,41,276099
2355,276190,1,276191
2356,276409,10,276419
2357,276453,21,276474
2358,276478,3,276481
2359,276493,7,276500
2360,276506,33,276539
2361,276542,8,276550
2362,276778,6,276784
2363,276803,1,276804
2364,276895,6,276901
2365,276939,11,276950
2366,276962,24,276986
2367,277017,19,277036
2368,277060,4,277064
2369,277168,6,277174
2370,277204,15,277219
2371,277229,32,277261
2372,277692,18,277710
2373,277722,10,277732
2374,277881,16,277897
2375,277975,2,277977
2376,278126,35,278161
2377,278197,45,278242
2378,278428,7,278435
2379,278676,80,278756
2380,278788,51,278839
2381,278862,1,278863
2382,278869,51,278920
2383,278929,10,278939
2384,278993,35,279028
2385,279078,5,279083
2386,279139,8,279147
2387,279188,11,279199
2388,279251,16,279267
2389,279379,23,279402
2390,279548,2,279550
2391,279929,30,279959
2392,279986,16,280002
2393,280053,18,280071
2394,280455,52,280507
2395,280562,4,280566
2396,280613,32,280645
2397,280723,47,280770
2398,280857,44,280901
2399,281071,29,281100
2400,281133,8,281141
2401,281243,5,281248
2402,281249,10,281259
2403,281298,56,281354
2404,281379,16,281395
2405,281459,12,281471
2406,281565,39,281604
2407,281666,1,281667
2408,281731,50,281781
2409,281785,5,281790
2410,281896,16,281912
2411,282082,16,282098
2412,282172,18,282190
2413,282196,12,282208
2414,282307,4,282311
2415,282450,22,282472
2416,282478,26,282504
2417,282534,13,282547
2418,282584,11,282595
2419,282675,36,282711
2420,282766,63,282829
2421,282885,23,282908
2422,282910,18,282928
2423,282970,7,282977
2424,282981,23,283004
2425,283129,48,283177
2426,283212,36,283248
2427,283281,2,283283
2428,283346,48,283394
2429,283408,5,283413
2430,283904,42,283946
2431,283960,28,283988
2432,284016,11,284027
2433,284129,13,284142
2434,284148,10,284158
2435,284288,33,284321
2436,284398,20,284418
2437,284454,22,284476
2438,284503,13,284516
2439,284573,40,284613
2440,284672,8,284680
2441,284700,18,284718
2442,285096,1,285097
2443,285114,10,285124
2444,285220,2,285222
2445,285247,7,285254
2446,285364,35,285399
2447,285499,36,285535
2448,285554,22,285576
2449,285587,44,285631
2450,285864,2,285866
2451,286361,85,286446
2452,286459,13,286472
2453,286520,2,286522
2454,286545,2,286547
2455,286697,22,286719
2456,286830,14,286844
2457,286902,10,286912
2458,286946,2,286948
2459,287060,23,287083
2460,287110,8,287118
2461,287150,38,287188
2462,287220,14,287234
2463,287258,56,287314
2464,287442,2,287444
2465,287498,7,287505
2466,287515,23,287538
2467,287606,22,287628
2468,287674,30,287704
2469,287939,26,287965
2470,288028,22,288050
2471,288117,191,288308
2472,288330,2,288332
2473,288356,1,288357
2474,288513,64,288577
2475,288586,6,288592
2476,288622,12,288634
2477,288767,8,288775
2478,288819,19,288838
2479,288900,3,288903
2480,289148,7,289155
2481,289183,36,289219
2482,289284,34,289318
2483,289501,86,289587
2484,289624,13,289637
2485,289674,62,289736
2486,289764,36,289800
2487,289959,24,289983
2488,290012,8,290020
2489,290023,27,290050
2490,290129,4,290133
2491,290199,3,290202
2492,290278,11,290289
2493,290389,29,290418
2494,290439,15,290454
2495,290462,25,290487
2496,290570,26,290596
2497,290610,36,290646
2498,290672,8,290680
2499,290713,3,290716
2500,290850,11,290861
2501,290917,25,290942
2502,291063,13,291076
2503,291093,8,291101
2504,291151,7,291158
2505,291223,48,291271
2506,291493,19,291512
2507,291530,36,291566
2508,291736,5,291741
2509,291823,48,291871
2510,291987,39,292026
2511,292132,36,292168
2512,292193,80,292273
2513,292336,5,292341
2514,292384,49,292433
2515,292459,47,292506
2516,292591,10,292601
2517,292704,5,292709
2518,292759,7,292766
2519,292793,7,292800
2520,292998,30,293028
2521,293032,7,293039
2522,293160,35,293195
2523,293204,1,293205
2524,293284,12,293296
2525,293403,2,293405
2526,293592,26,293618
2527,293692,1,293693
2528,293943,53,293996
2529,294051,16,294067
2530,294276,19,294295
2531,294316,24,294340
2532,294363,4,294367
2533,294482,21,294503
2534,294634,7,294641
2535,294701,3,294704
2536,294835,4,294839
2537,295574,2,295576
2538,295673,3,295676
2539,295695,52,295747
2540,295821,7,295828
2541,295938,67,296005
2542,296249,27,296276
2543,296284,16,296300
2544,296376,5,296381
2545,296389,5,296394
2546,296512,5,296517
2547,296547,14,296561
2548,296562,8,296570
2549,296844,25,296869
2550,296892,31,296923
2551,297052,19,297071
2552,297103,5,297108
2553,297352,76,297428
2554,297488,20,297508
2555,297540,12,297552
2556,297595,14,297609
2557,297633,33,297666
2558,297712,27,297739
2559,297799,21,297820
2560,297883,8,297891
2561,297998,44,298042
2562,298065,27,298092
2563,298123,48,298171
2564,298205,44,298249
2565,298371,62,298433
2566,298797,41,298838
2567,298910,25,298935
2568,298958,9,298967
2569,298996,1,298997
2570,299033,4,299037
2571,299066,38,299104
2572,299114,25,299139
2573,299171,28,299199
2574,299299,5,299304
2575,299346,14,299360
2576,299436,7,299443
2577,299452,7,299459
2578,299561,37,299598
2579,299682,32,299714
2580,299760,6,299766
2581,299801,4,299805
2582,299991,19,300010
2583,300071,15,300086
2584,300348,8,300356
2585,300498,21,300519
2586,300535,95,300630
2587,300657,9,300666
2588,300684,14,300698
2589,300760,16,300776
2590,301320,7,301327
2591,301577,1,301578
2592,301720,14,301734
2593,301862,1,301863
2594,301933,20,301953
2595,302156,22,302178
2596,302198,69,302267
2597,302437,11,302448
2598,302639,58,302697
2599,302893,4,302897
2600,302923,15,302938
2601,302940,31,302971
2602,303317,8,303325
2603,303369,13,303382
2604,303425,6,303431
2605,303437,2,303439
2606,303499,51,303550
2607,303601,21,303622
2608,303701,12,303713
2609,303758,1,303759
2610,303809,20,303829
2611,303851,31,303882
2612,303974,20,303994
2613,304115,31,304146
2614,304372,6,304378
2615,304435,4,304439
2616,304807,15,304822
2617,304942,106,305048
2618,305384,32,305416
2619,305616,25,305641
2620,305767,22,305789
2621,305889,16,305905
2622,305951,39,305990
2623,306013,10,306023
2624,306065,7,306072
2625,306372,103,306475
2626,306708,17,306725
2627,306944,27,306971
2628,307024,4,307028
2629,307032,22,307054
2630,307062,24,307086
2631,307363,33,307396
2632,307437,11,307448
2633,307454,14,307468
2634,307568,44,307612
2635,307853,67,307920
2636,307938,11,307949
2637,308002,5,308007
2638,308008,3,308011
2639,308160,37,308197
2640,308292,19,308311
2641,308327,1,308328
2642,308449,90,308539
2643,308680,2,308682
2644,308694,6,308700
2645,308723,3,308726
2646,308773,46,308819
2647,308962,22,308984
2648,309087,8,309095
2649,309168,11,309179
2650,309292,32,309324
2651,309456,7,309463
2652,309475,22,309497
2653,309499,2,309501
2654,309671,13,309684
2655,309827,59,309886
2656,309971,4,309975
2657,310100,16,310116
2658,310224,26,310250
2659,310403,13,310416
2660,310447,2,310449
2661,310462,31,310493
2662,310514,5,310519
2663,310531,3,310534
2664,310558,20,310578
2665,310582,13,310595
2666,310699,19,310718
2667,310933,94,311027
2668,311247,3,311250
2669,311319,7,311326
2670,311576,13,311589
2671,311694,1,311695
2672,311764,12,311776
2673,311800,14,311814
2674,311815,3,311818
2675,311906,3,311909
2676,312024,6,312030
2677,312038,31,312069
2678,312095,6,312101
2679,312349,12,312361
2680,312397,42,312439
2681,312444,26,312470
2682,312529,33,312562
2683,312595,5,312600
2684,312667,23,312690
2685,312845,7,312852
2686,313022,10,313032
2687,313073,27,313100
2688,313175,13,313188
2689,313325,14,313339
2690,313424,15,313439
2691,313454,29,313483
2692,313745,12,313757
2693,313774,1,313775
2694,313816,16,313832
2695,313923,13,313936
2696,314023,9,314032
2697,314135,4,314139
2698,314393,12,314405
2699,314531,2,314533
2700,315098,10,315108
2701,315136,11,315147
2702,315233,19,315252
2703,315278,76,315354
2704,315425,21,315446
2705,315685,16,315701
2706,316009,17,316026
2707,316073,32,316105
2708,316126,13,316139
2709,316302,47,316349
2710,316453,14,316467
2711,316686,27,316713
2712,316720,16,316736
2713,316767,1,316768
2714,316770,32,316802
2715,316865,8,316873
2716,316901,19,316920
2717,317120,11,317131
2718,317204,48,317252
2719,317428,9,317437
2720,317651,80,317731
2721,317762,23,317785
2722,317990,67,318057
2723,318226,1,318227
2724,318323,6,318329
2725,318365,1,318366
2726,318490,30,318520
2727,318757,7,318764
2728,318787,10,318797
2729,318894,9,318903
2730,319360,11,319371
2731,319390,16,319406
2732,319448,41,319489
2733,319615,14,319629
2734,319686,26,319712
2735,319717,4,319721
2736,320137,11,320148
2737,320181,4,320185
2738,320187,9,320196
2739,320241,4,320245
2740,320424,2,320426
2741,320476,69,320545
2742,320585,10,320595
2743,320620,17,320637
2744,320653,15,320668
2745,320794,9,320803
2746,320899,63,320962
2747,321198,18,321216
2748,321251,9,321260
2749,321367,42,321409
2750,321554,16,321570
2751,321577,45,321622
2752,321725,34,321759
2753,321906,54,321960
2754,322051,3,322054
2755,322090,19,322109
2756,322179,6,322185
2757,322247,14,322261
2758,322275,25,322300
2759,322413,27,322440
2760,322460,3,322463
2761,322668,23,322691
2762,322727,4,322731
2763,322765,5,322770
2764,322819,1,322820
2765,322924,5,322929
2766,323060,2,323062
2767,323108,1,323109
2768,323191,66,323257
2769,323298,1,323299
2770,323428,16,323444
2771,323450,17,323467
2772,323478,20,323498
2773,323651,11,323662
2774,323952,52,324004
2775,324095,7,324102
2776,324193,6,324199
2777,324241,34,324275
2778,324782,25,324807
2779,325021,2,325023
2780,325048,5,325053
2781,325249,3,325252
2782,325415,47,325462
2783,325483,7,325490
2784,325515,12,325527
2785,325552,19,325571
2786,325581,47,325628
2787,325841,12,325853
2788,325916,18,325934
2789,326021,5,326026
2790,326034,9,326043
2791,326073,47,326120
2792,326156,4,326160
2793,326217,38,326255
2794,326262,9,326271
2795,326426,47,326473
2796,326522,17,326539
2797,326582,61,326643
2798,326781,47,326828
2799,327016,1,327017
2800,327113,4,327117
2801,327141,11,327152
2802,327275,13,327288
2803,327344,1,327345
2804,327386,6,327392
2805,327816,2,327818
2806,327939,7,327946
2807,328061,30,328091
2808,328311,2,328313
2809,328414,47,328461
2810,328499,95,328594
2811,328626,23,328649
2812,328754,9,328763
2813,328875,18,328893
2814,328960,1,328961
2815,329062,9,329071
2816,329099,2,329101
2817,329157,2,329159
2818,329185,16,329201
2819,329312,34,329346
2820,329389,1,329390
2821,329419,1,329420
2822,329423,23,329446
2823,329651,26,329677
2824,329721,10,329731
2825,329831,11,329842
2826,330132,7,330139
2827,330149,35,330184
2828,330417,29,330446
2829,330496,18,330514
2830,330641,5,330646
2831,330673,12,330685
2832,330741,19,330760
2833,330857,51,330908
2834,330921,50,330971
2835,331296,53,331349
2836,331350,5,331355
2837,331438,52,331490
2838,331809,36,331845
2839,331991,7,331998
2840,332069,28,332097
2841,332244,34,332278
2842,332396,36,332432
2843,332436,13,332449
2844,332485,63,332548
2845,332584,8,332592
2846,332669,2,332671
2847,332808,2,332810
2848,332933,12,332945
2849,333099,15,333114
2850,333715,1,333716
2851,333749,3,333752
2852,333797,56,333853
2853,333914,17,333931
2854,334004,35,334039
2855,334235,30,334265
2856,334348,2,334350
2857,334408,7,334415
2858,334418,9,334427
2859,334452,5,334457
2860,334479,87,334566
2861,334573,20,334593
2862,334615,2,334617
2863,334912,8,334920
2864,334928,5,334933
2865,335038,71,335109
2866,335166,46,335212
2867,335231,55,335286
2868,335293,27,335320
2869,335323,24,335347
2870,335779,7,335786
2871,335925,33,335958
2872,335966,3,335969
2873,336075,37,336112
2874,336219,37,336256
2875,336609,3,336612
2876,336703,23,336726
2877,336737,22,336759
2878,336767,23,336790
2879,336908,7,336915
2880,336973,6,336979
2881,337020,11,337031
2882,337433,15,337448
2883,337490,18,337508
2884,337551,12,337563
2885,337611,7,337618
2886,337886,48,337934
2887,338010,18,338028
2888,338121,16,338137
2889,338205,14,338219
2890,338424,4,338428
2891,338484,45,338529
2892,338610,12,338622
2893,338912,27,338939
2894,339016,4,339020
2895,339076,3,339079
2896,339151,6,339157
2897,339299,5,339304
2898,339404,7,339411
2899,339432,13,339445
2900,339821,1,339822
2901,340070,1,340071
2902,340201,4,340205
2903,340240,1,340241
2904,340467,62,340529
2905,340633,50,340683
2906,340788,41,340829
2907,340910,4,340914
2908,340945,16,340961
2909,341125,11,341136
2910,341339,22,341361
2911,341393,82,341475
2912,341562,42,341604
2913,341670,23,341693
2914,341789,17,341806
2915,341958,8,341966
2916,342004,48,342052
2917,342143,5,342148
2918,342157,18,342175
2919,342332,9,342341
2920,342769,6,342775
2921,342805,10,342815
2922,342876,1,342877
2923,342931,20,342951
2924,342964,27,342991
2925,343007,2,343009
2926,343106,23,343129
2927,343141,31,343172
2928,343281,38,343319
2929,343353,23,343376
2930,343501,23,343524
2931,343546,10,343556
2932,343623,29,343652
2933,343658,6,343664
2934,343874,3,343877
2935,343920,43,343963
2936,344204,34,344238
2937,344259,13,344272
2938,344287,17,344304
2939,344343,63,344406
2940,344445,28,344473
2941,344480,11,344491
2942,344580,32,344612
2943,344617,3,344620
2944,344744,25,344769
2945,344801,16,344817
2946,344920,33,344953
2947,345093,29,345122
2948,345145,8,345153
2949,345379,26,345405
2950,345410,6,345416
2951,345443,15,345458
2952,345477,13,345490
2953,345500,11,345511
2954,345602,2,345604
2955,345695,33,345728
2956,345865,3,345868
2957,345963,8,345971
2958,345989,38,346027
2959,346065,14,346079
2960,346104,4,346108
2961,346171,50,346221
2962,346324,110,346434
2963,346469,1,346470
2964,346556,23,346579
2965,346589,12,346601
2966,346745,16,346761
2967,346770,7,346777
2968,346991,39,347030
2969,347086,11,347097
2970,347123,68,347191
2971,347289,20,347309
2972,347536,23,347559
2973,347664,11,347675
2974,347809,1,347810
2975,347818,25,347843
2976,347949,23,347972
2977,348020,9,348029
2978,348057,6,348063
2979,348082,33,348115
2980,348177,16,348193
2981,348353,34,348387
2982,348418,49,348467
2983,348521,8,348529
2984,348546,2,348548
2985,348783,5,348788
2986,349075,18,349093
2987,349116,42,349158
2988,349222,10,349232
2989,349261,15,349276
2990,349441,70,349511
2991,349547,28,349575
2992,349738,9,349747
2993,349927,93,350020
2994,350029,5,350034
2995,350098,11,350109
2996,350157,4,350161
2997,350829,10,350839
2998,350852,2,350854
2999,350866,4,350870
3000,350988,4,350992
3001,351199,1,351200
3002,351226,41,351267
3003,351549,51,351600
3004,351665,23,351688
3005,351759,11,351770
3006,351952,7,351959
3007,352008,33,352041
3008,352255,32,352287
3009,352368,59,352427
3010,352530,21,352551
3011,352573,26,352599
3012,352626,5,352631
3013,352682,5,352687
3014,352792,6,352798
3015,352801,57,352858
3016,353015,6,353021
3017,353150,1,353151
3018,353321,36,353357
3019,353764,12,353776
3020,353934,11,353945
3021,354084,39,354123
3022,354193,26,354219
3023,354251,44,354295
3024,354365,41,354406
3025,354425,34,354459
3026,354528,20,354548
3027,354585,14,354599
3028,354856,39,354895
3029,354925,45,354970
3030,355083,2,355085
3031,355124,11,355135
3032,355221,21,355242
3033,355257,1,355258
3034,355695,16,355711
3035,355798,3,355801
3036,355835,31,355866
3037,355968,2,355970
3038,356156,47,356203
3039,356258,8,356266
3040,356275,30,356305
3041,356366,1,356367
3042,356431,9,356440
3043,356449,55,356504
3044,356522,21,356543
3045,356595,22,356617
3046,356632,38,356670
3047,356733,1,356734
3048,356845,25,356870
3049,356944,20,356964
3050,357162,16,357178
3051,357274,1,357275
3052,357276,20,357296
3053,357304,32,357336
3054,357413,41,357454
3055,357468,22,357490
3056,357605,19,357624
3057,357683,2,357685
3058,357840,25,357865
3059,357970,20,357990
3060,358012,9,358021
3061,358146,13,358159
3062,358173,26,358199
3063,358263,29,358292
3064,358310,40,358350
3065,358527,14,358541
3066,358622,14,358636
3067,358772,15,358787
3068,358842,43,358885
3069,358894,4,358898
3070,359092,28,359120
3071,359235,30,359265
3072,359283,40,359323
3073,359376,4,359380
3074,359464,45,359509
3075,359640,40,359680
3076,359726,3,359729
3077,359824,1,359825
3078,359865,21,359886
3079,359899,27,359926
3080,359959,14,359973
3081,360146,11,360157
3082,360215,22,360237
3083,360253,41,360294
3084,360383,23,360406
3085,360434,19,360453
3086,360476,21,360497
3087,360543,10,360553
3088,360587,86,360673
3089,360887,20,360907
3090,360915,13,360928
3091,360937,47,360984
3092,361015,19,361034
3093,361121,3,361124
3094,361197,15,361212
3095,361527,8,361535
3096,361657,30,361687
3097,361868,21,361889
3098,361990,34,362024
3099,362089,3,362092
3100,362157,9,362166
3101,362176,14,362190
3102,362274,20,362294
3103,362711,14,362725
3104,362730,14,362744
3105,363057,19,363076
3106,363524,13,363537
3107,363720,10,363730
3108,363761,20,363781
3109,363815,25,363840
3110,363896,2,363898
3111,364294,69,364363
3112,364576,50,364626
3113,364651,46,364697
3114,364701,23,364724
3115,365033,40,365073
3116,365249,26,365275
3117,365391,7,365398
3118,365435,1,365436
3119,365465,2,365467
3120,365561,12,365573
3121,365576,28,365604
3122,365791,7,365798
3123,365888,4,365892
3124,365926,1,365927
3125,365941,29,365970
3126,365976,8,365984
3127,365994,13,366007
3128,366227,1,366228
3129,366332,13,366345
3130,366423,17,366440
3131,366544,18,366562
3132,366599,30,366629
3133,366719,24,366743
3134,366856,9,366865
3135,366946,8,366954
3136,367011,3,367014
3137,367064,5,367069
3138,367309,11,367320
3139,367409,11,367420
3140,367685,16,367701
3141,367867,3,367870
3142,367985,17,368002
3143,368223,21,368244
3144,368323,41,368364
3145,368461,28,368489
3146,368518,3,368521
3147,368657,5,368662
3148,368694,16,368710
3149,368772,28,368800
3150,368858,6,368864
3151,368903,9,368912
3152,368964,1,368965
3153,369000,5,369005
3154,369015,16,369031
3155,369097,3,369100
3156,369170,8,369178
3157,369226,14,369240
3158,369324,21,369345
3159,369499,48,369547
3160,369775,39,369814
3161,370160,37,370197
3162,370284,2,370286
3163,370395,4,370399
3164,370421,16,370437
3165,370554,46,370600
3166,370771,7,370778
3167,370845,34,370879
3168,371009,33,371042
3169,371214,28,371242
3170,371244,3,371247
3171,371341,49,371390
3172,371488,9,371497
3173,371505,22,371527
3174,371626,16,371642
3175,371679,6,371685
3176,371692,16,371708
3177,371785,9,371794
3178,371799,24,371823
3179,371924,54,371978
3180,372149,3,372152
3181,372505,41,372546
3182,372571,8,372579
3183,372631,22,372653
3184,372670,3,372673
3185,372756,18,372774
3186,372833,20,372853
3187,373059,12,373071
3188,373122,6,373128
3189,373175,9,373184
3190,373224,1,373225
3191,373231,9,373240
3192,373392,31,373423
3193,373586,43,373629
3194,373862,8,373870
3195,373907,18,373925
3196,373992,5,373997
3197,374382,12,374394
3198,374451,20,374471
3199,374485,18,374503
3200,374595,44,374639
3201,374680,26,374706
3202,374786,27,374813
3203,374919,6,374925
3204,375016,15,375031
3205,375082,6,375088
3206,375184,16,375200
3207,375283,14,375297
3208,375329,10,375339
3209,375397,19,375416
3210,375431,4,375435
3211,375611,35,375646
3212,375767,6,375773
3213,375890,10,375900
3214,375910,15,375925
3215,376012,19,376031
3216,376062,11,376073
3217,376221,12,376233
3218,376428,1,376429
3219,376506,55,376561
3220,376582,21,376603
3221,376649,98,376747
3222,376927,3,376930
3223,377124,5,377129
3224,377167,19,377186
3225,377471,4,377475
3226,377543,7,377550
3227,377631,27,377658
3228,377688,10,377698
3229,377743,29,377772
3230,377828,34,377862
3231,378049,51,378100
3232,378315,29,378344
3233,378401,51,378452
3234,378569,1,378570
3235,378637,49,378686
3236,378775,11,378786
3237,378834,51,378885
3238,379016,16,379032
3239,379036,1,379037
3240,379062,21,379083
3241,379109,18,379127
3242,379178,4,379182
3243,379349,32,379381
3244,379418,32,379450
3245,379855,52,379907
3246,379935,7,379942
3247,379943,7,379950
3248,379982,15,379997
3249,380240,25,380265
3250,380515,106,380621
3251,380691,15,380706
3252,380901,9,380910
3253,380914,25,380939
3254,380957,22,380979
3255,380996,8,381004
3256,381016,22,381038
3257,381295,8,381303
3258,381404,37,381441
3259,381630,50,381680
3260,381709,44,381753
3261,382039,27,382066
3262,382119,19,382138
3263,382144,6,382150
3264,382263,15,382278
3265,382312,4,382316
3266,382336,6,382342
3267,382463,4,382467
3268,382515,29,382544
3269,382630,26,382656
3270,382962,2,382964
3271,382968,11,382979
3272,383319,10,383329
3273,383638,7,383645
3274,383697,13,383710
3275,383749,6,383755
3276,383846,2,383848
3277,383863,4,383867
3278,383981,11,383992
3279,384014,3,384017
3280,384095,1,384096
3281,384460,25,384485
3282,384516,4,384520
3283,384579,8,384587
3284,384670,29,384699
3285,384729,15,384744
3286,384924,93,385017
3287,385019,10,385029
3288,385077,16,385093
3289,385289,1,385290
3290,385444,6,385450
3291,385634,2,385636
3292,385688,11,385699
3293,385729,3,385732
3294,385759,14,385773
3295,385817,9,385826
3296,385907,3,385910
3297,385954,5,385959
3298,386038,42,386080
3299,386091,52,386143
3300,386170,28,386198
3301,386206,13,386219
3302,386235,46,386281
3303,386369,17,386386
3304,386499,5,386504
3305,386755,14,386769
3306,386933,2,386935
3307,387006,63,387069
3308,387120,14,387134
3309,387152,87,387239
3310,387242,9,387251
3311,387253,6,387259
3312,387481,6,387487
3313,387521,3,387524
3314,387590,41,387631
3315,387687,23,387710
3316,387782,11,387793
3317,387864,7,387871
3318,387945,1,387946
3319,387969,14,387983
3320,388022,3,388025
3321,388054,38,388092
3322,388239,23,388262
3323,388307,12,388319
3324,388339,1,388340
3325,388822,10,388832
3326,388846,7,388853
3327,388908,4,388912
3328,389157,4,389161
3329,389162,38,389200
3330,389387,12,389399
3331,389527,1,389528
3332,389564,17,389581
3333,389593,1,389594
3334,389741,8,389749
3335,389763,54,389817
3336,389860,3,389863
3337,389872,8,389880
3338,390017,11,390028
3339,390090,9,390099
3340,390182,1,390183
3341,390287,35,390322
3342,390429,2,390431
3343,390484,1,390485
3344,390494,5,390499
3345,390540,46,390586
3346,390693,6,390699
3347,390705,19,390724
3348,390875,25,390900
3349,390976,92,391068
3350,391084,2,391086
3351,391167,44,391211
3352,391302,6,391308
3353,391596,15,391611
3354,391634,10,391644
3355,391731,15,391746
3356,391772,31,391803
3357,391890,9,391899
3358,391909,20,391929
3359,391989,16,392005
3360,392055,37,392092
3361,392139,11,392150
3362,392254,3,392257
3363,392284,4,392288
3364,392371,5,392376
3365,392459,7,392466
3366,392569,36,392605
3367,392869,1,392870
3368,392957,32,392989
3369,393051,4,393055
3370,393100,5,393105
3371,393170,16,393186
3372,393304,2,393306
3373,393652,16,393668
3374,393691,11,393702
3375,393874,14,393888
3376,393952,7,393959
3377,393993,1,393994
3378,394009,3,394012
3379,394073,18,394091
3380,394708,13,394721
3381,394726,35,394761
3382,394843,1,394844
3383,395086,37,395123
3384,395157,12,395169
3385,395238,39,395277
3386,395325,10,395335
3387,395504,19,395523
3388,395579,1,395580
3389,395670,19,395689
3390,395833,20,395853
3391,395917,23,395940
3392,396499,12,396511
3393,396583,9,396592
3394,396718,4,396722
3395,396882,37,396919
3396,397049,11,397060
3397,397068,5,397073
3398,397104,2,397106
3399,397198,11,397209
3400,397212,41,397253
3401,397352,21,397373
3402,397404,32,397436
3403,397486,56,397542
3404,397756,10,397766
3405,397834,22,397856
3406,397932,6,397938
3407,397977,10,397987
3408,398049,2,398051
3409,398099,15,398114
3410,398165,10,398175
3411,398219,23,398242
3412,398337,3,398340
3413,398488,18,398506
3414,398773,35,398808
3415,398883,33,398916
3416,399107,14,399121
3417,399252,105,399357
3418,399362,12,399374
3419,399611,4,399615
3420,399644,72,399716
3421,399807,13,399820
3422,399823,27,399850
3423,399966,8,399974
3424,400050,47,400097
3425,400422,42,400464
3426,400690,24,400714
3427,400824,21,400845
3428,400863,22,400885
3429,401437,3,401440
3430,401589,16,401605
3431,401694,3,401697
3432,401905,6,401911
3433,401917,35,401952
3434,402255,3,402258
3435,402349,17,402366
3436,402390,23,402413
3437,402442,11,402453
3438,402546,27,402573
3439,402742,3,402745
3440,402777,12,402789
3441,402821,21,402842
3442,402943,61,403004
3443,403037,18,403055
3444,403097,17,403114
3445,403209,75,403284
3446,403332,7,403339
3447,403416,7,403423
3448,403508,20,403528
3449,403552,32,403584
3450,403624,19,403643
3451,403853,64,403917
3452,403934,40,403974
3453,404137,6,404143
3454,404184,12,404196
3455,404203,34,404237
3456,404448,43,404491
3457,404554,75,404629
3458,404682,14,404696
3459,404905,25,404930
3460,404948,28,404976
3461,405045,24,405069
3462,405095,71,405166
3463,405395,19,405414
3464,405481,17,405498
3465,405512,12,405524
3466,405544,13,405557
3467,405581,30,405611
3468,405622,17,405639
3469,405647,35,405682
3470,405692,4,405696
3471,406238,12,406250
3472,406403,4,406407
3473,406666,37,406703
3474,406883,49,406932
3475,407017,54,407071
3476,407574,8,407582
3477,407883,12,407895
3478,407985,4,407989
3479,408127,3,408130
3480,408184,21,408205
3481,408270,4,408274
3482,408369,9,408378
3483,408490,16,408506
3484,408561,6,408567
3485,408689,16,408705
3486,408807,6,408813
3487,408826,37,408863
3488,408921,18,408939
3489,409000,4,409004
3490,409105,10,409115
3491,409310,36,409346
3492,409437,18,409455
3493,409493,13,409506
3494,409592,28,409620
3495,409807,1,409808
3496,409840,23,409863
3497,409875,20,409895
3498,410045,5,410050
3499,410239,1,410240
3500,410266,1,410267
3501,410335,4,410339
3502,410418,5,410423
3503,410593,11,410604
3504,410651,29,410680
3505,410839,27,410866
3506,410868,7,410875
3507,410921,36,410957
3508,411044,5,411049
3509,411086,6,411092
3510,411107,63,411170
3511,411188,4,411192
3512,411497,19,411516
3513,411573,20,411593
3514,411670,4,411674
3515,411987,29,412016
3516,412048,17,412065
3517,412085,55,412140
3518,412141,19,412160
3519,412478,5,412483
3520,412555,11,412566
3521,412807,8,412815
3522,412842,12,412854
3523,413196,26,413222
3524,413395,17,413412
3525,413501,4,413505
3526,413561,18,413579
3527,413869,1,413870
3528,413942,23,413965
3529,413999,19,414018
3530,414374,23,414397
3531,414467,7,414474
3532,414515,3,414518
3533,414539,36,414575
3534,414747,14,414761
3535,414853,43,414896
3536,415115,44,415159
3537,415320,25,415345
3538,415581,30,415611
3539,416062,28,416090
3540,416161,3,416164
3541,416304,17,416321
3542,416509,8,416517
3543,416629,7,416636
3544,416697,4,416701
3545,416718,24,416742
3546,416814,1,416815
3547,416873,11,416884
3548,416986,1,416987
3549,417064,28,417092
3550,417288,14,417302
3551,417376,2,417378
3552,417419,17,417436
3553,417572,4,417576
3554,417809,72,417881
3555,417908,5,417913
3556,417931,27,417958
3557,417989,14,418003
3558,418070,21,418091
3559,418281,1,418282
3560,418569,35,418604
3561,418655,21,418676
3562,418804,35,418839
3563,418849,33,418882
3564,418914,17,418931
3565,419049,4,419053
3566,419163,40,419203
3567,419297,9,419306
3568,419537,33,419570
3569,419606,18,419624
3570,419644,2,419646
3571,419722,15,419737
3572,419756,48,419804
3573,419813,12,419825
3574,419932,6,419938
3575,420041,5,420046
3576,420131,8,420139
3577,420202,7,420209
3578,420449,6,420455
3579,420534,29,420563
3580,420591,17,420608
3581,420895,82,420977
3582,420992,54,421046
3583,421364,1,421365
3584,421628,1,421629
3585,421665,22,421687
3586,421726,8,421734
3587,421757,3,421760
3588,422374,29,422403
3589,422447,29,422476
3590,422528,2,422530
3591,422760,39,422799
3592,422910,16,422926
3593,422927,14,422941
3594,423015,27,423042
3595,423129,14,423143
3596,423395,34,423429
3597,423800,28,423828
3598,423834,18,423852
3599,423876,8,423884
3600,423887,7,423894
3601,423896,5,423901
3602,424096,48,424144
3603,424154,3,424157
3604,424312,36,424348
3605,424466,22,424488
3606,424546,34,424580
3607,424640,19,424659
3608,424815,97,424912
3609,424924,13,424937
3610,425337,32,425369
3611,425435,25,425460
3612,425627,3,425630
3613,425854,1,425855
3614,425888,8,425896
3615,425920,55,425975
3616,426039,27,426066
3617,426176,1,426177
3618,426214,7,426221
3619,426452,22,426474
3620,426496,40,426536
3621,426549,5,426554
3622,426601,28,426629
3623,426743,32,426775
3624,426843,27,426870
3625,426885,66,426951
3626,427006,7,427013
3627,427028,6,427034
3628,427256,16,427272
3629,427273,55,427328
3630,427338,10,427348
3631,427411,28,427439
3632,427556,7,427563
3633,427660,7,427667
3634,427933,16,427949
3635,428206,44,428250
3636,428319,6,428325
3637,428386,33,428419
3638,428673,20,428693
3639,428775,3,428778
3640,428962,8,428970
3641,429064,24,429088
3642,429138,3,429141
3643,429180,14,429194
3644,429323,10,429333
3645,429558,56,429614
3646,429735,5,429740
3647,429810,3,429813
3648,429852,22,429874
3649,429987,3,429990
3650,430135,44,430179
3651,430255,43,430298
3652,430501,5,430506
3653,430751,10,430761
3654,431273,4,431277
3655,431743,54,431797
3656,431799,17,431816
3657,431886,52,431938
3658,432314,22,432336
3659,432413,8,432421
3660,432538,1,432539
3661,432598,4,432602
3662,432723,10,432733
3663,432954,36,432990
3664,433121,17,433138
3665,433142,24,433166
3666,433198,29,433227
3667,433265,23,433288
3668,433408,7,433415
3669,433428,68,433496
3670,433508,1,433509
3671,433607,1,433608
3672,433656,17,433673
3673,434070,5,434075
3674,434111,4,434115
3675,434391,49,434440
3676,434739,6,434745
3677,434922,5,434927
3678,435030,13,435043
3679,435066,2,435068
3680,435070,3,435073
3681,435166,14,435180
3682,435250,8,435258
3683,435284,17,435301
3684,435578,18,435596
3685,435729,53,435782
3686,435942,16,435958
3687,436073,17,436090
3688,436145,6,436151
3689,436234,8,436242
3690,436291,3,436294
3691,436518,35,436553
3692,436591,8,436599
3693,436600,33,436633
3694,436683,12,436695
3695,436838,15,436853
3696,436891,16,436907
3697,436933,30,436963
3698,436986,3,436989
3699,437167,39,437206
3700,437225,30,437255
3701,437434,7,437441
3702,437442,30,437472
3703,437490,3,437493
3704,437546,26,437572
3705,437608,42,437650
3706,437749,63,437812
3707,438320,10,438330
3708,438535,10,438545
3709,438551,5,438556
3710,438628,17,438645
3711,438653,12,438665
3712,438674,14,438688
3713,438805,5,438810
3714,438877,3,438880
3715,438884,16,438900
3716,439081,25,439106
3717,439114,5,439119
3718,439133,35,439168
3719,439365,2,439367
3720,439370,1,439371
3721,439497,20,439517
3722,439543,8,439551
3723,439652,19,439671
3724,439779,35,439814
3725,439822,6,439828
3726,440068,8,440076
3727,440137,7,440144
3728,440208,8,440216
3729,440226,17,440243
3730,440342,26,440368
3731,440377,18,440395
3732,440457,5,440462
3733,440661,35,440696
3734,440705,5,440710
3735,440785,5,440790
3736,440862,34,440896
3737,440989,12,441001
3738,441022,6,441028
3739,441053,7,441060
3740,441082,62,441144
3741,441151,16,441167
3742,441173,5,441178
3743,441281,27,441308
3744,441721,28,441749
3745,441771,3,441774
3746,441790,20,441810
3747,442022,6,442028
3748,442062,3,442065
3749,442077,15,442092
3750,442178,10,442188
3751,442189,30,442219
3752,442325,50,442375
3753,442385,1,442386
3754,442530,10,442540
3755,442553,22,442575
3756,442706,10,442716
3757,442721,13,442734
3758,442767,38,442805
3759,442822,23,442845
3760,442861,11,442872
3761,442955,11,442966
3762,442976,10,442986
3763,443047,11,443058
3764,443335,1,443336
3765,443462,30,443492
3766,443643,9,443652
3767,443697,7,443704
3768,443932,6,443938
3769,444106,9,444115
3770,444133,40,444173
3771,444465,30,444495
3772,444838,16,444854
3773,445025,29,445054
3774,445193,4,445197
3775,445484,4,445488
3776,445693,41,445734
3777,445776,22,445798
3778,445822,33,445855
3779,445966,6,445972
3780,445996,13,446009
3781,446059,3,446062
3782,446097,79,446176
3783,446453,15,446468
3784,446500,2,446502
3785,446640,15,446655
3786,446719,2,446721
3787,446833,9,446842
3788,446891,2,446893
3789,446957,4,446961
3790,447339,2,447341
3791,447378,12,447390
3792,447400,5,447405
3793,447458,41,447499
3794,447673,4,447677
3795,447731,3,447734
3796,447890,21,447911
3797,447944,32,447976
3798,448068,14,448082
3799,448147,5,448152
3800,448153,26,448179
3801,448546,3,448549
3802,448568,18,448586
3803,448601,29,448630
3804,448709,2,448711
3805,448750,1,448751
3806,449198,2,449200
3807,449304,9,449313
3808,449374,55,449429
3809,449433,7,449440
3810,449444,24,449468
3811,449557,4,449561
3812,449805,5,449810
3813,449870,10,449880
3814,449949,19,449968
3815,449993,2,449995
3816,450023,16,450039
3817,450141,92,450233
3818,450276,32,450308
3819,450319,7,450326
3820,450368,9,450377
3821,450744,24,450768
3822,450864,9,450873
3823,450887,32,450919
3824,451001,48,451049
3825,451186,43,451229
3826,451304,28,451332
3827,451541,16,451557
3828,451635,46,451681
3829,451916,72,451988
3830,452035,23,452058
3831,452192,20,452212
3832,452265,64,452329
3833,452494,4,452498
3834,452622,17,452639
3835,452687,62,452749
3836,452775,3,452778
3837,452958,37,452995
3838,453466,26,453492
3839,453525,22,453547
3840,453566,31,453597
3841,453746,13,453759
3842,453778,5,453783
3843,453913,31,453944
3844,454134,21,454155
3845,454222,3,454225
3846,454458,3,454461
3847,454489,14,454503
3848,454812,18,454830
3849,454906,10,454916
3850,454918,3,454921
3851,454995,12,455007
3852,455043,28,455071
3853,455351,1,455352
3854,455358,7,455365
3855,455570,73,455643
3856,455644,1,455645
3857,455910,43,455953
3858,456042,32,456074
3859,456145,2,456147
3860,456334,10,456344
3861,456383,4,456387
3862,456412,41,456453
3863,456457,43,456500
3864,456532,7,456539
3865,456829,42,456871
3866,457018,34,457052
3867,457070,21,457091
3868,457109,8,457117
3869,457133,4,457137
3870,457334,8,457342
3871,457358,43,457401
3872,457517,3,457520
3873,457529,8,457537
3874,457572,39,457611
3875,457880,4,457884
3876,457924,2,457926
3877,457947,34,457981
3878,458071,4,458075
3879,458390,2,458392
3880,458492,14,458506
3881,458539,18,458557
3882,458606,4,458610
3883,458771,6,458777
3884,458831,3,458834
3885,459029,5,459034
3886,459121,27,459148
3887,459404,59,459463
3888,459598,5,459603
3889,459880,22,459902
3890,460166,1,460167
3891,460406,21,460427
3892,460524,17,460541
3893,460546,9,460555
3894,460681,3,460684
3895,460713,20,460733
3896,460774,31,460805
3897,460879,12,460891
3898,460901,3,460904
3899,461081,8,461089
3900,461141,1,461142
3901,461214,20,461234
3902,461356,1,461357
3903,461431,8,461439
3904,461693,20,461713
3905,461845,3,461848
3906,462061,17,462078
3907,462295,74,462369
3908,462476,19,462495
3909,462514,37,462551
3910,462615,9,462624
3911,462721,14,462735
3912,462932,44,462976
3913,463248,21,463269
3914,463331,9,463340
3915,463357,34,463391
3916,463573,38,463611
3917,463718,19,463737
3918,463866,9,463875
3919,463909,22,463931
3920,464021,2,464023
3921,464186,35,464221
3922,464391,1,464392
3923,464539,18,464557
3924,464598,20,464618
3925,464637,22,464659
3926,464736,9,464745
3927,464817,9,464826
3928,464842,10,464852
3929,464905,36,464941
3930,464963,53,465016
3931,465060,9,465069
3932,465293,23,465316
3933,465489,3,465492
3934,465496,36,465532
3935,465538,13,465551
3936,465688,6,465694
3937,465754,9,465763
3938,465767,59,465826
3939,465829,26,465855
3940,465863,40,465903
3941,466026,1,466027
3942,466147,2,466149
3943,466263,48,466311
3944,466418,10,466428
3945,466444,30,466474
3946,467100,62,467162
3947,467213,4,467217
3948,467220,8,467228
3949,467230,12,467242
3950,467317,20,467337
3951,467403,2,467405
3952,467407,4,467411
3953,467434,41,467475
3954,467644,57,467701
3955,467797,1,467798
3956,467937,59,467996
3957,468024,1,468025
3958,468033,3,468036
3959,468064,26,468090
3960,468122,5,468127
3961,468136,18,468154
3962,468292,5,468297
3963,468341,45,468386
3964,468413,3,468416
3965,468512,1,468513
3966,468521,18,468539
3967,468932,17,468949
3968,469014,16,469030
3969,469046,5,469051
3970,469055,66,469121
3971,469255,21,469276
3972,469353,77,469430
3973,469517,3,469520
3974,469816,19,469835
3975,470122,19,470141
3976,470269,11,470280
3977,470283,7,470290
3978,470462,13,470475
3979,470511,7,470518
3980,470557,29,470586
3981,470632,45,470677
3982,470738,21,470759
3983,470859,1,470860
3984,470861,8,470869
3985,470914,6,470920
3986,470924,4,470928
3987,471018,56,471074
3988,471181,10,471191
3989,471227,20,471247
3990,471321,40,471361
3991,471384,8,471392
3992,471406,2,471408
3993,471447,2,471449
3994,471553,11,471564
3995,471583,31,471614
3996,471732,39,471771
3997,471983,5,471988
3998,471991,21,472012
3999,472032,3,472035
4000,472119,60,472179
4001,472208,49,472257
4002,472307,41,472348
4003,472375,4,472379
4004,472394,9,472403
4005,472462,18,472480
4006,472746,4,472750
4007,472822,27,472849
4008,472908,12,472920
4009,472927,11,472938
4010,472986,19,473005
4011,473019,1,473020
4012,473169,5,473174
4013,473175,5,473180
4014,473249,21,473270
4015,473536,6,473542
4016,473640,13,473653
4017,473698,14,473712
4018,473825,5,473830
4019,473887,10,473897
4020,474020,61,474081
4021,474113,25,474138
4022,474314,52,474366
4023,474397,88,474485
4024,474581,31,474612
4025,474680,32,474712
4026,474771,2,474773
4027,474858,2,474860
4028,474918,30,474948
4029,475186,47,475233
4030,475257,32,475289
4031,475357,35,475392
4032,475569,8,475577
4033,475749,23,475772
4034,475786,27,475813
4035,475827,23,475850
4036,475956,36,475992
4037,476070,4,476074
4038,476365,42,476407
4039,476563,11,476574
4040,476769,12,476781
4041,476812,4,476816
4042,476923,14,476937
4043,476984,40,477024
4044,477030,28,477058
4045,477300,1,477301
4046,477394,34,477428
4047,477498,24,477522
4048,477708,1,477709
4049,477824,20,477844
4050,477932,39,477971
4051,478091,8,478099
4052,478172,2,478174
4053,478362,1,478363
4054,478494,4,478498
4055,478606,37,478643
4056,478704,10,478714
4057,478889,5,478894
4058,479129,4,479133
4059,479173,35,479208
4060,479253,33,479286
4061,479302,38,479340
4062,479383,53,479436
4063,479714,4,479718
4064,479934,15,479949
4065,480020,4,480024
4066,480081,31,480112
4067,480171,3,480174
4068,480245,20,480265
4069,480329,13,480342
4070,480457,33,480490
4071,480558,49,480607
4072,480672,22,480694
4073,480779,9,480788
4074,480878,4,480882
4075,480916,32,480948
4076,480969,1,480970
4077,480991,83,481074
4078,481148,12,481160
4079,481325,24,481349
4080,481472,16,481488
4081,481523,5,481528
4082,481744,71,481815
4083,481843,47,481890
4084,481956,5,481961
4085,482092,7,482099
4086,482134,11,482145
4087,482300,7,482307
4088,482458,33,482491
4089,482555,29,482584
4090,482709,13,482722
4091,482854,19,482873
4092,483019,7,483026
4093,483057,125,483182
4094,483318,28,483346
4095,483419,10,483429
4096,483494,41,483535
4097,483556,21,483577
4098,483596,42,483638
4099,483724,5,483729
4100,483741,25,483766
4101,483945,32,483977
4102,483998,41,484039
4103,484238,20,484258
4104,484306,3,484309
4105,484311,4,484315
4106,484381,4,484385
4107,484498,7,484505
4108,484608,20,484628
4109,484759,36,484795
4110,484987,55,485042
4111,485139,17,485156
4112,485275,1,485276
4113,485285,7,485292
4114,485336,14,485350
4115,485384,30,485414
4116,485427,16,485443
4117,485556,18,485574
4118,485744,1,485745
4119,485931,5,485936
4120,486021,51,486072
4121,486198,5,486203
4122,486275,27,486302
4123,486547,10,486557
4124,486618,30,486648
4125,486773,2,486775
4126,486776,2,486778
4127,486932,40,486972
4128,487025,21,487046
4129,487223,5,487228
4130,487290,9,487299
4131,487305,40,487345
4132,487547,6,487553
4133,487581,1,487582
4134,487896,35,487931
4135,487985,13,487998
4136,488009,13,488022
4137,488153,22,488175
4138,488193,11,488204
4139,488205,41,488246
4140,488258,5,488263
4141,488351,41,488392
4142,488593,83,488676
4143,488938,52,488990
4144,488997,16,489013
4145,489373,21,489394
4146,489443,1,489444
4147,489562,17,489579
4148,489683,23,489706
4149,489707,2,489709
4150,489741,17,489758
4151,489893,6,489899
4152,490250,11,490261
4153,490634,25,490659
4154,490764,37,490801
4155,490959,27,490986
4156,491104,53,491157
4157,491218,18,491236
4158,491364,26,491390
4159,491487,3,491490
4160,491730,24,491754
4161,491786,24,491810
4162,492127,10,492137
4163,492214,4,492218
4164,492253,4,492257
4165,492323,6,492329
4166,492388,2,492390
4167,492404,38,492442
4168,492464,1,492465
4169,492521,9,492530
4170,492803,1,492804
4171,492962,10,492972
4172,492984,10,492994
4173,493107,7,493114
4174,493121,31,493152
4175,493300,23,493323
4176,493520,4,493524
4177,493645,32,493677
4178,493855,56,493911
4179,493972,39,494011
4180,494065,12,494077
4181,494087,17,494104
4182,494113,25,494138
4183,494234,7,494241
4184,494303,7,494310
4185,494400,17,494417
4186,494535,1,494536
4187,494631,30,494661
4188,495026,21,495047
4189,495064,3,495067
4190,495073,17,495090
4191,495111,12,495123
4192,495213,34,495247
4193,495390,36,495426
4194,495500,16,495516
4195,495597,28,495625
4196,495855,32,495887
4197,495983,38,496021
4198,496144,7,496151
4199,496441,5,496446
4200,496536,4,496540
4201,496608,14,496622
4202,496637,37,496674
4203,496707,69,496776
4204,496830,73,496903
4205,496908,18,496926
4206,496978,2,496980
4207,497259,1,497260
4208,497287,14,497301
4209,497359,54,497413
4210,497512,7,497519
4211,497546,28,497574
4212,497623,15,497638
4213,497830,30,497860
4214,497969,17,497986
4215,498007,17,498024
4216,498114,11,498125
4217,498177,43,498220
4218,498361,31,498392
4219,498394,15,498409
4220,498429,13,498442
4221,498807,2,498809
4222,498900,53,498953
4223,498969,11,498980
4224,499027,6,499033
4225,499050,22,499072
4226,499117,11,499128
4227,499131,23,499154
4228,499227,19,499246
4229,499247,19,499266
4230,499463,11,499474
4231,499494,36,499530
4232,499645,17,499662
4233,499777,2,499779
4234,500027,23,500050
4235,500205,40,500245
4236,500329,36,500365
4237,500419,24,500443
4238,500469,13,500482
4239,500544,24,500568
4240,500730,2,500732
4241,500740,2,500742
4242,500919,36,500955
4243,501190,6,501196
4244,501299,46,501345
4245,501356,1,501357
4246,501380,12,501392
4247,501576,54,501630
4248,501677,20,501697
4249,502327,7,502334
4250,502352,18,502370
4251,502570,31,502601
4252,502626,8,502634
4253,502694,8,502702
4254,502812,15,502827
4255,502845,18,502863
4256,502864,10,502874
4257,502884,12,502896
4258,502935,39,502974
4259,503100,22,503122
4260,503142,1,503143
4261,503315,1,503316
4262,503461,10,503471
4263,503626,66,503692
4264,503819,2,503821
4265,504112,7,504119
4266,504364,43,504407
4267,504415,10,504425
4268,504429,1,504430
4269,504572,5,504577
4270,504672,22,504694
4271,504899,79,504978
4272,505001,59,505060
4273,505109,7,505116
4274,505276,45,505321
4275,505359,2,505361
4276,505394,35,505429
4277,505441,34,505475
4278,505494,11,505505
4279,505530,12,505542
4280,505573,2,505575
4281,505583,1,505584
4282,505659,20,505679
4283,505767,7,505774
4284,505815,15,505830
4285,505838,81,505919
4286,505996,12,506008
4287,506030,6,506036
4288,506069,52,506121
4289,506137,9,506146
4290,506285,19,506304
4291,506367,59,506426
4292,506723,1,506724
4293,506804,29,506833
4294,507095,56,507151
4295,507194,6,507200
4296,507211,29,507240
4297,507284,8,507292
4298,507492,7,507499
4299,507709,36,507745
4300,507778,7,507785
4301,507845,32,507877
4302,507897,13,507910
4303,507937,4,507941
4304,508109,2,508111
4305,508114,34,508148
4306,508436,11,508447
4307,508449,16,508465
4308,508508,9,508517
4309,508529,1,508530
4310,508636,14,508650
4311,508772,39,508811
4312,508939,15,508954
4313,509015,14,509029
4314,509172,47,509219
4315,509250,21,509271
4316,509625,2,509627
4317,509687,44,509731
4318,509732,5,509737
4319,509802,32,509834
4320,509840,20,509860
4321,509877,9,509886
4322,509993,4,509997
4323,510044,1,510045
4324,510160,5,510165
4325,510517,6,510523
4326,510664,22,510686
4327,510859,11,510870
4328,511066,35,511101
4329,511173,35,511208
4330,511232,6,511238
4331,511243,19,511262
4332,511472,15,511487
4333,511575,37,511612
4334,511645,10,511655
4335,511660,34,511694
4336,511729,19,511748
4337,511759,3,511762
4338,511771,2,511773
4339,511814,7,511821
4340,511839,25,511864
4341,511981,26,512007
4342,512030,24,512054
4343,512222,8,512230
4344,512245,59,512304
4345,512316,1,512317
4346,512335,6,512341
4347,512381,21,512402
4348,512746,10,512756
4349,512805,1,512806
4350,512856,7,512863
4351,512875,33,512908
4352,513027,2,513029
4353,513037,13,513050
4354,513082,6,513088
4355,513265,10,513275
4356,513565,6,513571
4357,513708,6,513714
4358,514007,11,514018
4359,514268,37,514305
4360,514381,16,514397
4361,514530,19,514549
4362,514696,3,514699
4363,514787,4,514791
4364,515014,22,515036
4365,515038,54,515092
4366,515283,8,515291
4367,515355,43,515398
4368,515400,58,515458
4369,515560,3,515563
4370,515827,21,515848
4371,515986,6,515992
4372,516011,35,516046
4373,516068,7,516075
4374,516146,11,516157
4375,516197,32,516229
4376,516319,73,516392
4377,516910,3,516913
4378,516950,3,516953
4379,517019,8,517027
4380,517085,14,517099
4381,517166,23,517189
4382,517324,4,517328
4383,517658,23,517681
4384,517750,11,517761
4385,518060,4,518064
4386,518158,16,518174
4387,518310,15,518325
4388,518354,9,518363
4389,518429,26,518455
4390,518479,21,518500
4391,518580,8,518588
4392,518671,48,518719
4393,518801,14,518815
4394,518960,7,518967
4395,519023,23,519046
4396,519148,20,519168
4397,519180,21,519201
4398,519512,5,519517
4399,519756,86,519842
4400,519863,2,519865
4401,520002,3,520005
4402,520040,30,520070
4403,520078,19,520097
4404,520140,3,520143
4405,520325,5,520330
4406,520426,6,520432
4407,520514,11,520525
4408,520545,80,520625
4409,520678,16,520694
4410,520805,1,520806
4411,521158,10,521168
4412,521296,5,521301
4413,521457,5,521462
4414,521477,3,521480
4415,521567,10,521577
4416,521665,31,521696
4417,521977,26,522003
4418,522021,38,522059
4419,522170,35,522205
4420,522381,18,522399
4421,522445,54,522499
4422,522501,47,522548
4423,522626,16,522642
4424,522917,10,522927
4425,522984,65,523049
4426,523159,26,523185
4427,523286,44,523330
4428,523404,29,523433
4429,523562,4,523566
4430,523689,2,523691
4431,523719,8,523727
4432,523742,14,523756
4433,523803,12,523815
4434,523914,7,523921
4435,523923,6,523929
4436,523984,17,524001
4437,524035,7,524042
4438,524053,10,524063
4439,524196,40,524236
4440,524274,1,524275
4441,524314,38,524352
4442,524438,34,524472
4443,524503,16,524519
4444,524578,18,524596
4445,524686,43,524729
4446,524752,76,524828
4447,524864,9,524873
4448,525013,27,525040
4449,525071,8,525079
4450,525143,56,525199
4451,525521,2,525523
4452,525688,8,525696
4453,525716,39,525755
4454,525771,18,525789
4455,525827,45,525872
4456,526028,29,526057
4457,526071,38,526109
4458,526196,16,526212
4459,526301,60,526361
4460,526384,11,526395
4461,526547,8,526555
4462,526751,18,526769
4463,526913,17,526930
4464,527042,40,527082
4465,527257,19,527276
4466,527425,2,527427
4467,527497,10,527507
4468,527537,11,527548
4469,527565,15,527580
4470,527666,19,527685
4471,527780,47,527827
4472,527948,2,527950
4473,528207,5,528212
4474,528227,16,528243
4475,528288,4,528292
4476,528405,33,528438
4477,528457,75,528532
4478,528563,26,528589
4479,528606,15,528621
4480,528854,2,528856
4481,528901,4,528905
4482,529052,86,529138
4483,529231,12,529243
4484,529288,3,529291
4485,529624,61,529685
4486,529880,36,529916
4487,529979,6,529985
4488,530014,41,530055
4489,530063,29,530092
4490,530100,39,530139
4491,530177,19,530196
4492,530285,15,530300
4493,530374,12,530386
4494,530519,39,530558
4495,530986,8,530994
4496,531008,7,531015
4497,531022,13,531035
4498,531131,1,531132
4499,531224,5,531229
4500,531292,3,531295
4501,531305,1,531306
4502,531336,48,531384
4503,531764,32,531796
4504,531848,15,531863
4505,531926,17,531943
4506,532351,10,532361
4507,532462,43,532505
4508,532609,20,532629
4509,532887,7,532894
4510,532930,12,532942
4511,532966,40,533006
4512,533048,23,533071
4513,533108,20,533128
4514,533131,18,533149
4515,533239,4,533243
4516,533424,32,533456
4517,533627,36,533663
4518,533923,51,533974
4519,534038,15,534053
4520,534188,19,534207
4521,534209,11,534220
4522,534332,41,534373
4523,534379,7,534386
4524,534412,6,534418
4525,534462,51,534513
4526,534588,37,534625
4527,534663,22,534685
4528,534766,4,534770
4529,534823,18,534841
4530,534894,38,534932
4531,535128,18,535146
4532,535568,14,535582
4533,535674,14,535688
4534,535694,6,535700
4535,535778,9,535787
4536,535827,15,535842
4537,535885,20,535905
4538,536018,46,536064
4539,536089,13,536102
4540,536487,1,536488
4541,536552,21,536573
4542,536635,21,536656
4543,537001,15,537016
4544,537058,49,537107
4545,537168,1,537169
4546,537289,11,537300
4547,537530,12,537542
4548,537571,4,537575
4549,537730,4,537734
4550,537846,6,537852
4551,537871,22,537893
4552,537928,1,537929
4553,537952,17,537969
4554,538017,8,538025
4555,538031,16,538047
4556,538263,8,538271
4557,538400,16,538416
4558,538581,7,538588
4559,538734,8,538742
4560,539081,1,539082
4561,539159,1,539160
4562,539243,6,539249
4563,539339,61,539400
4564,539491,15,539506
4565,539610,24,539634
4566,539826,46,539872
4567,539885,10,539895
4568,539919,21,539940
4569,539981,38,540019
4570,540037,6,540043
4571,540280,26,540306
4572,540372,13,540385
4573,540497,13,540510
4574,540560,17,540577
4575,540580,68,540648
4576,540830,37,540867
4577,540985,57,541042
4578,541306,12,541318
4579,541351,17,541368
4580,541474,20,541494
4581,541789,22,541811
4582,541819,13,541832
4583,541949,29,541978
4584,542288,46,542334
4585,542383,4,542387
4586,542480,33,542513
4587,542553,6,542559
4588,542666,3,542669
4589,542687,19,542706
4590,542727,24,542751
4591,542849,19,542868
4592,543300,1,543301
4593,543307,7,543314
4594,543340,21,543361
4595,543368,8,543376
4596,543562,3,543565
4597,543660,4,543664
4598,543830,2,543832
4599,543970,5,543975
4600,544026,17,544043
4601,544113,25,544138
4602,544214,12,544226
4603,544374,114,544488
4604,544498,16,544514
4605,544535,21,544556
4606,544599,15,544614
4607,544647,20,544667
4608,544672,20,544692
4609,544772,44,544816
4610,545075,12,545087
4611,545125,68,545193
4612,545626,56,545682
4613,545751,27,545778
4614,545824,2,545826
4615,545938,24,545962
4616,545964,9,545973
4617,545974,14,545988
4618,545995,24,546019
4619,546088,38,546126
4620,546170,14,546184
4621,546199,30,546229
4622,546417,4,546421
4623,546592,7,546599
4624,546796,11,546807
4625,546838,23,546861
4626,546877,11,546888
4627,547101,10,547111
4628,547115,14,547129
4629,547231,23,547254
4630,547353,28,547381
4631,547431,44,547475
4632,547602,22,547624
4633,547750,8,547758
4634,547787,3,547790
4635,547811,8,547819
4636,547835,7,547842
4637,547896,1,547897
4638,547978,2,547980
4639,547988,33,548021
4640,548048,61,548109
4641,548178,2,548180
4642,548196,43,548239
4643,548346,24,548370
4644,548527,5,548532
4645,548572,40,548612
4646,548726,29,548755
4647,548779,3,548782
4648,548978,10,548988
4649,548990,29,549019
4650,549220,33,549253
4651,549631,6,549637
4652,549726,16,549742
4653,549931,9,549940
4654,550020,28,550048
4655,550335,4,550339
4656,550346,3,550349
4657,550508,3,550511
4658,550674,84,550758
4659,550845,39,550884
4660,550889,31,550920
4661,551049,28,551077
4662,551187,81,551268
4663,551331,58,551389
4664,551455,4,551459
4665,551497,88,551585
4666,551835,43,551878
4667,552013,8,552021
4668,552047,3,552050
4669,552329,6,552335
4670,552405,10,552415
4671,552512,1,552513
4672,552873,69,552942
4673,552990,10,553000
4674,553079,6,553085
4675,553176,32,553208
4676,553379,43,553422
4677,553490,1,553491
4678,553579,3,553582
4679,553668,35,553703
4680,553727,19,553746
4681,553867,13,553880
4682,554023,35,554058
4683,554187,2,554189
4684,554255,5,554260
4685,554316,37,554353
4686,554396,20,554416
4687,554465,3,554468
4688,554527,4,554531
4689,554581,15,554596
4690,554653,2,554655
4691,554660,8,554668
4692,554687,20,554707
4693,554940,11,554951
4694,554970,10,554980
4695,555065,8,555073
4696,555173,10,555183
4697,555274,41,555315
4698,555325,13,555338
4699,555359,35,555394
4700,555398,23,555421
4701,555518,5,555523
4702,555865,22,555887
4703,556058,14,556072
4704,556175,34,556209
4705,556506,5,556511
4706,556513,31,556544
4707,556665,23,556688
4708,556716,10,556726
4709,556747,49,556796
4710,556983,1,556984
4711,557046,52,557098
4712,557165,10,557175
4713,557324,39,557363
4714,557422,8,557430
4715,557450,21,557471
4716,557487,44,557531
4717,557640,36,557676
4718,557762,10,557772
4719,557790,16,557806
4720,558098,8,558106
4721,558396,37,558433
4722,558502,36,558538
4723,558599,3,558602
4724,558669,34,558703
4725,558721,9,558730
4726,558793,50,558843
4727,558870,45,558915
4728,558917,5,558922
4729,559006,16,559022
4730,559208,103,559311
4731,559461,12,559473
4732,559519,5,559524
4733,559551,46,559597
4734,559849,25,559874
4735,559881,9,559890
4736,559902,8,559910
4737,559985,7,559992
4738,560045,1,560046
4739,560152,11,560163
4740,560169,17,560186
4741,560319,7,560326
4742,560369,2,560371
4743,560573,42,560615
4744,561092,3,561095
4745,561224,21,561245
4746,561396,9,561405
4747,561473,3,561476
4748,561517,17,561534
4749,561551,11,561562
4750,561633,23,561656
4751,561786,14,561800
4752,561894,9,561903
4753,561914,37,561951
4754,561996,25,562021
4755,562112,18,562130
4756,562254,12,562266
4757,562318,6,562324
4758,562500,3,562503
4759,562579,16,562595
4760,562630,48,562678
4761,562679,10,562689
4762,562797,1,562798
4763,562852,32,562884
4764,562890,20,562910
4765,563089,11,563100
4766,563148,6,563154
4767,563193,8,563201
4768,563242,81,563323
4769,563738,3,563741
4770,564055,10,564065
4771,564146,2,564148
4772,564585,20,564605
4773,564685,10,564695
4774,564858,24,564882
4775,564986,5,564991
4776,565036,8,565044
4777,565091,19,565110
4778,565269,3,565272
4779,565549,41,565590
4780,565734,6,565740
4781,565961,11,565972
4782,566012,19,566031
4783,566350,28,566378
4784,566416,3,566419
4785,566649,29,566678
4786,566706,10,566716
4787,566783,15,566798
4788,566888,13,566901
4789,566921,2,566923
4790,566946,2,566948
4791,567019,23,567042
4792,567128,13,567141
4793,567229,14,567243
4794,567398,21,567419
4795,567462,2,567464
4796,567776,6,567782
4797,567783,24,567807
4798,567961,17,567978
4799,568236,11,568247
4800,568249,1,568250
4801,568308,10,568318
4802,568339,14,568353
4803,568370,32,568402
4804,568475,17,568492
4805,568541,5,568546
4806,568558,2,568560
4807,568712,65,568777
4808,568858,10,568868
4809,569170,16,569186
4810,569319,59,569378
4811,569458,40,569498
4812,569501,13,569514
4813,569641,31,569672
4814,569721,1,569722
4815,569751,14,569765
4816,569774,4,569778
4817,570053,28,570081
4818,570092,4,570096
4819,570104,51,570155
4820,570239,15,570254
4821,570509,42,570551
4822,570660,29,570689
4823,570788,86,570874
4824,570968,1,570969
4825,571177,5,571182
4826,571333,3,571336
4827,571597,8,571605
4828,571671,25,571696
4829,571875,48,571923
4830,571992,28,572020
4831,572034,1,572035
4832,572096,32,572128
4833,572243,27,572270
4834,572282,23,572305
4835,572527,2,572529
4836,572541,5,572546
4837,572551,10,572561
4838,572739,12,572751
4839,572984,60,573044
4840,573063,42,573105
4841,573107,4,573111
4842,573232,10,573242
4843,573344,7,573351
4844,573409,40,573449
4845,573500,30,573530
4846,573684,22,573706
4847,573744,23,573767
4848,573813,25,573838
4849,573869,29,573898
4850,573900,5,573905
4851,573928,3,573931
4852,573934,26,573960
4853,574022,20,574042
4854,574194,2,574196
4855,574531,6,574537
4856,574616,57,574673
4857,574871,104,574975
4858,575214,27,575241
4859,575523,8,575531
4860,575656,72,575728
4861,575774,69,575843
4862,575964,25,575989
4863,576052,12,576064
4864,576070,12,576082
4865,576153,40,576193
4866,576296,8,576304
4867,576314,1,576315
4868,576352,7,576359
4869,576443,23,576466
4870,576711,3,576714
4871,576719,33,576752
4872,576772,81,576853
4873,576980,5,576985
4874,577146,31,577177
4875,577248,7,577255
4876,577372,48,577420
4877,577508,32,577540
4878,577860,42,577902
4879,577921,10,577931
4880,577936,15,577951
4881,577976,2,577978
4882,578082,3,578085
4883,578159,89,578248
4884,578298,1,578299
4885,578417,23,578440
4886,578469,50,578519
4887,578534,16,578550
4888,578601,1,578602
4889,578736,48,578784
4890,578890,29,578919
4891,579123,3,579126
4892,579156,43,579199
4893,579230,8,579238
4894,579283,1,579284
4895,579385,12,579397
4896,579517,5,579522
4897,579630,8,579638
4898,579895,10,579905
4899,580019,36,580055
4900,580152,30,580182
4901,580192,5,580197
4902,580536,35,580571
4903,580589,5,580594
4904,580720,19,580739
4905,580811,9,580820
4906,580956,12,580968
4907,581009,94,581103
4908,581175,10,581185
4909,581330,4,581334
4910,581519,40,581559
4911,581667,2,581669
4912,581691,13,581704
4913,581765,45,581810
4914,581867,5,581872
4915,582187,15,582202
4916,582285,63,582348
4917,582356,29,582385
4918,582537,7,582544
4919,582597,17,582614
4920,582618,2,582620
4921,582651,11,582662
4922,582667,49,582716
4923,582726,9,582735
4924,582818,2,582820
4925,582860,76,582936
4926,583208,18,583226
4927,583254,40,583294
4928,583298,10,583308
4929,583518,73,583591
4930,583649,20,583669
4931,583685,68,583753
4932,583877,2,583879
4933,584009,6,584015
4934,584084,66,584150
4935,584251,7,584258
4936,584291,33,584324
4937,584406,41,584447
4938,584517,61,584578
4939,584612,21,584633
4940,584658,18,584676
4941,584757,2,584759
4942,584763,1,584764
4943,584794,4,584798
4944,585015,15,585030
4945,585089,39,585128
4946,585147,1,585148
4947,585194,12,585206
4948,585374,24,585398
4949,585480,5,585485
4950,585543,4,585547
4951,585564,29,585593
4952,585629,7,585636
4953,585732,13,585745
4954,585787,33,585820
4955,585861,22,585883
4956,585892,3,585895
4957,585930,12,585942
4958,585970,7,585977
4959,586012,9,586021
4960,586121,7,586128
4961,586133,8,586141
4962,586299,8,586307
4963,586329,25,586354
4964,586376,56,586432
4965,586436,1,586437
4966,586451,28,586479
4967,586499,40,586539
4968,586605,6,586611
4969,586654,10,586664
4970,587254,26,587280
4971,587360,4,587364
4972,587544,29,587573
4973,587681,14,587695
4974,587743,8,587751
4975,587810,35,587845
4976,587877,22,587899
4977,587900,5,587905
4978,587909,4,587913
4979,588017,8,588025
4980,588230,17,588247
4981,588281,2,588283
4982,588515,14,588529
4983,588556,5,588561
4984,588592,22,588614
4985,588757,4,588761
4986,588847,3,588850
4987,589009,11,589020
4988,589023,101,589124
4989,589197,34,589231
4990,589349,3,589352
4991,589542,51,589593
4992,589884,12,589896
4993,589961,1,589962
4994,589971,1,589972
4995,590003,37,590040
4996,590121,11,590132
4997,590161,28,590189
4998,590299,7,590306
4999,590538,26,590564
5000,590606,45,590651
5001,590728,6,590734
5002,590897,3,590900
5003,590973,54,591027
5004,591170,1,591171
5005,591213,29,591242
5006,591346,30,591376
5007,591415,16,591431
5008,591443,64,591507
5009,591571,5,591576
5010,591691,8,591699
5011,591865,17,591882
5012,591921,3,591924
5013,591961,26,591987
5014,592058,19,592077
5015,592104,60,592164
5016,592195,35,592230
5017,592235,20,592255
5018,592340,2,592342
5019,592401,14,592415
5020,592470,25,592495
5021,592497,69,592566
5022,592574,18,592592
5023,592669,6,592675
5024,592789,32,592821
5025,592890,3,592893
5026,593630,7,593637
5027,593639,53,593692
5028,593733,41,593774
5029,593844,33,593877
5030,593904,64,593968
5031,594211,9,594220
5032,594443,3,594446
5033,594524,62,594586
5034,594613,19,594632
5035,594768,1,594769
5036,594900,15,594915
5037,595414,20,595434
5038,595455,27,595482
5039,595491,12,595503
5040,595527,30,595557
5041,595623,40,595663
5042,595754,2,595756
5043,595769,34,595803
5044,595896,17,595913
5045,595927,39,595966
5046,596179,4,596183
5047,596307,60,596367
5048,596420,21,596441
5049,596480,83,596563
5050,596601,27,596628
5051,596631,14,596645
5052,596810,30,596840
5053,596869,21,596890
5054,596993,9,597002
5055,597026,7,597033
5056,597303,41,597344
5057,597411,1,597412
5058,597532,65,597597
5059,597701,4,597705
5060,597821,17,597838
5061,598263,5,598268
5062,598321,6,598327
5063,598587,2,598589
5064,598653,11,598664
5065,598739,15,598754
5066,598835,43,598878
5067,598974,21,598995
5068,599069,15,599084
5069,599151,5,599156
5070,599175,12,599187
5071,599206,12,599218
5072,599228,15,599243
5073,599355,36,599391
5074,599394,15,599409
5075,599696,49,599745
5076,600120,13,600133
5077,600191,57,600248
5078,600319,10,600329
5079,600476,22,600498
5080,600509,15,600524
5081,600699,27,600726
5082,601008,46,601054
5083,601104,61,601165
5084,601175,40,601215
5085,601237,17,601254
5086,601318,14,601332
5087,601455,4,601459
5088,601589,13,601602
5089,601653,13,601666
5090,601797,21,601818
5091,601826,36,601862
5092,601865,5,601870
5093,601933,3,601936
5094,601980,17,601997
5095,602199,9,602208
5096,602247,33,602280
5097,602484,4,602488
5098,602496,3,602499
5099,602553,70,602623
5100,602738,3,602741
5101,603002,9,603011
5102,603029,2,603031
5103,603093,4,603097
5104,603229,39,603268
5105,603356,41,603397
5106,603491,5,603496
5107,603675,2,603677
5108,603872,30,603902
5109,604005,34,604039
5110,604171,27,604198
5111,604337,10,604347
5112,604431,15,604446
5113,604539,13,604552
5114,604600,14,604614
5115,604733,44,604777
5116,604996,75,605071
5117,605332,5,605337
5118,605622,5,605627
5119,605744,6,605750
5120,605832,11,605843
5121,605851,12,605863
5122,605932,1,605933
5123,605998,12,606010
5124,606015,28,606043
5125,606252,12,606264
5126,606304,21,606325
5127,606394,12,606406
5128,606511,31,606542
5129,606669,4,606673
5130,606722,10,606732
5131,606898,12,606910
5132,607076,20,607096
5133,607646,11,607657
5134,607846,40,607886
5135,607889,28,607917
5136,608225,8,608233
5137,608235,17,608252
5138,608651,2,608653
5139,608689,33,608722
5140,608785,20,608805
5141,608847,35,608882
5142,609010,20,609030
5143,609431,23,609454
5144,609531,51,609582
5145,609651,47,609698
5146,609907,37,609944
5147,609952,40,609992
5148,610167,11,610178
5149,610302,13,610315
5150,610423,35,610458
5151,610534,2,610536
5152,610658,5,610663
5153,610697,9,610706
5154,610947,18,610965
5155,611125,40,611165
5156,611250,83,611333
5157,611339,20,611359
5158,611590,18,611608
5159,611609,7,611616
5160,611632,29,611661
5161,611746,30,611776
5162,611865,65,611930
5163,611959,69,612028
5164,612286,4,612290
5165,612328,13,612341
5166,612390,43,612433
5167,612531,66,612597
5168,612786,10,612796
5169,613469,8,613477
5170,613500,10,613510
5171,613565,38,613603
5172,613633,10,613643
5173,613679,4,613683
5174,613713,28,613741
5175,613985,29,614014
5176,614033,4,614037
5177,614194,71,614265
5178,614324,15,614339
5179,614361,5,614366
5180,614540,4,614544
5181,614547,45,614592
5182,614652,5,614657
5183,614678,17,614695
5184,614768,12,614780
5185,614877,37,614914
5186,615081,11,615092
5187,615093,9,615102
5188,615180,33,615213
5189,615284,40,615324
5190,615422,3,615425
5191,615604,8,615612
5192,615644,17,615661
5193,615860,2,615862
5194,616009,9,616018
5195,616019,9,616028
5196,616177,1,616178
5197,616278,36,616314
5198,616321,2,616323
5199,616324,13,616337
5200,616355,5,616360
5201,616474,8,616482
5202,616555,1,616556
5203,616603,35,616638
5204,616687,1,616688
5205,616713,24,616737
5206,616811,7,616818
5207,616892,18,616910
5208,617035,2,617037
5209,617247,27,617274
5210,617345,8,617353
5211,617653,28,617681
5212,617696,22,617718
5213,618005,2,618007
5214,618018,12,618030
5215,618171,6,618177
5216,618413,19,618432
5217,618667,51,618718
5218,618784,44,618828
5219,618929,36,618965
5220,618973,3,618976
5221,619006,7,619013
5222,619347,34,619381
5223,619513,12,619525
5224,619567,1,619568
5225,619605,9,619614
5226,619889,1,619890
5227,619892,36,619928
5228,619936,19,619955
5229,619985,29,620014
5230,620125,1,620126
5231,620129,27,620156
5232,620364,16,620380
5233,620418,22,620440
5234,620552,16,620568
5235,620880,3,620883
5236,620906,11,620917
5237,620946,1,620947
5238,621217,41,621258
5239,621391,7,621398
5240,621577,34,621611
5241,621613,28,621641
5242,621693,1,621694
5243,621711,41,621752
5244,621789,35,621824
5245,621889,21,621910
5246,622051,15,622066
5247,622219,18,622237
5248,622285,27,622312
5249,622363,33,622396
5250,622475,27,622502
5251,622566,85,622651
5252,622886,71,622957
5253,623033,32,623065
5254,623118,2,623120
5255,623325,2,623327
5256,623334,1,623335
5257,623364,20,623384
5258,623428,1,623429
5259,623484,6,623490
5260,623565,23,623588
5261,623849,6,623855
5262,623953,59,624012
5263,624196,7,624203
5264,624558,16,624574
5265,624674,1,624675
5266,624683,11,624694
5267,624757,24,624781
5268,624859,18,624877
5269,625076,7,625083
5270,625097,16,625113
5271,625264,2,625266
5272,625403,17,625420
5273,625455,57,625512
5274,625837,4,625841
5275,626028,50,626078
5276,626112,24,626136
5277,626195,3,626198
5278,626310,9,626319
5279,626449,17,626466
5280,626546,2,626548
5281,626566,61,626627
5282,626722,40,626762
5283,626810,8,626818
5284,626900,9,626909
5285,627043,11,627054
5286,627086,5,627091
5287,627137,11,627148
5288,627329,44,627373
5289,627418,73,627491
5290,627639,44,627683
5291,627791,9,627800
5292,627837,6,627843
5293,627905,19,627924
5294,628139,1,628140
5295,628242,3,628245
5296,628276,5,628281
5297,628517,10,628527
5298,628559,72,628631
5299,628647,7,628654
5300,628765,4,628769
5301,628939,10,628949
5302,628981,24,629005
5303,629070,7,629077
5304,629094,22,629116
5305,629191,5,629196
5306,629394,50,629444
5307,629546,9,629555
5308,629588,16,629604
5309,629703,33,629736
5310,630011,20,630031
5311,630096,19,630115
5312,630182,24,630206
5313,630414,44,630458
5314,630496,3,630499
5315,630505,7,630512
5316,630561,1,630562
5317,630587,15,630602
5318,630643,66,630709
5319,630850,30,630880
5320,631028,11,631039
5321,631088,7,631095
5322,631252,7,631259
5323,631269,10,631279
5324,631391,56,631447
5325,631461,36,631497
5326,631669,14,631683
5327,631752,7,631759
5328,631824,16,631840
5329,631908,19,631927
5330,631932,1,631933
5331,632021,21,632042
5332,632189,10,632199
5333,632209,29,632238
5334,632403,4,632407
5335,632701,25,632726
5336,632732,7,632739
5337,632768,15,632783
5338,632823,32,632855
5339,633000,75,633075
5340,633105,35,633140
5341,633349,18,633367
5342,633543,3,633546
5343,633573,25,633598
5344,633627,18,633645
5345,633688,8,633696
5346,633713,9,633722
5347,633844,7,633851
5348,633899,6,633905
5349,634063,80,634143
5350,634186,1,634187
5351,634251,60,634311
5352,634321,10,634331
5353,634450,20,634470
5354,634477,74,634551
5355,634733,21,634754
5356,634776,28,634804
5357,634853,11,634864
5358,634880,5,634885
5359,635022,21,635043
5360,635183,8,635191
5361,635576,56,635632
5362,635654,17,635671
5363,635723,37,635760
5364,635826,18,635844
5365,635973,22,635995
5366,636103,28,636131
5367,636193,45,636238
5368,636254,57,636311
5369,636316,1,636317
5370,636373,63,636436
5371,636462,1,636463
5372,636563,2,636565
5373,636826,10,636836
5374,636864,59,636923
5375,637026,2,637028
5376,637158,19,637177
5377,637474,9,637483
5378,637616,7,637623
5379,637781,39,637820
5380,637888,11,637899
5381,637936,28,637964
5382,638002,1,638003
5383,638051,6,638057
5384,638446,4,638450
5385,638494,9,638503
5386,638564,10,638574
5387,638681,38,638719
5388,638743,6,638749
5389,638827,15,638842
5390,638964,16,638980
5391,639057,60,639117
5392,639169,19,639188
5393,639378,16,639394
5394,639596,34,639630
5395,639890,35,639925
5396,639979,4,639983
5397,639984,68,640052
5398,640082,8,640090
5399,640270,20,640290
5400,640369,2,640371
5401,640518,5,640523
5402,640583,27,640610
5403,640851,4,640855
5404,640903,35,640938
5405,640941,13,640954
5406,641302,2,641304
5407,641381,9,641390
5408,641457,10,641467
5409,641566,3,641569
5410,641606,3,641609
5411,641807,31,641838
5412,642000,35,642035
5413,642372,17,642389
5414,642413,43,642456
5415,642531,27,642558
5416,642630,3,642633
5417,642652,4,642656
5418,642736,10,642746
5419,642858,57,642915
5420,643291,17,643308
5421,643428,10,643438
5422,643546,14,643560
5423,643646,20,643666
5424,643717,6,643723
5425,643833,17,643850
5426,644033,39,644072
5427,644222,7,644229
5428,644339,1,644340
5429,644360,7,644367
5430,644396,9,644405
5431,644564,67,644631
5432,644806,13,644819
5433,644867,2,644869
5434,644949,10,644959
5435,645064,6,645070
5436,645129,41,645170
5437,645232,11,645243
5438,645308,33,645341
5439,645480,28,645508
5440,645514,2,645516
5441,645597,28,645625
5442,645677,24,645701
5443,645811,8,645819
5444,645941,14,645955
5445,645985,13,645998
5446,646220,10,646230
5447,646337,1,646338
5448,646366,5,646371
5449,646478,64,646542
5450,646744,15,646759
5451,646855,24,646879
5452,646959,3,646962
5453,647126,9,647135
5454,647323,1,647324
5455,647504,12,647516
5456,647521,73,647594
5457,647765,4,647769
5458,648012,2,648014
5459,648259,1,648260
5460,648285,9,648294
5461,648525,32,648557
5462,648657,36,648693
5463,648739,2,648741
5464,648892,4,648896
5465,648963,16,648979
5466,648990,20,649010
5467,649341,2,649343
5468,649360,82,649442
5469,649523,8,649531
5470,649569,5,649574
5471,649632,65,649697
5472,649751,5,649756
5473,649864,9,649873
5474,649936,2,649938
5475,649960,36,649996
5476,650005,14,650019
5477,650060,1,650061
5478,650098,128,650226
5479,650434,2,650436
5480,650485,5,650490
5481,650634,46,650680
5482,650748,8,650756
5483,650779,2,650781
5484,650845,12,650857
5485,651048,9,651057
5486,651129,11,651140
5487,651277,21,651298
5488,651490,6,651496
5489,651556,3,651559
5490,651706,51,651757
5491,651882,60,651942
5492,651955,16,651971
5493,652069,5,652074
5494,652114,19,652133
5495,652165,8,652173
5496,652260,39,652299
5497,652491,5,652496
5498,652649,46,652695
5499,652812,29,652841
5500,652929,49,652978
5501,653008,15,653023
5502,653104,19,653123
5503,653127,29,653156
5504,653275,30,653305
5505,653402,17,653419
5506,653526,42,653568
5507,653636,17,653653
5508,653656,11,653667
5509,653724,7,653731
5510,653792,1,653793
5511,653814,2,653816
5512,653833,2,653835
5513,654022,19,654041
5514,654071,43,654114
5515,654282,10,654292
5516,654502,2,654504
5517,654534,55,654589
5518,654621,4,654625
5519,654677,1,654678
5520,654687,49,654736
5521,654765,71,654836
5522,654878,4,654882
5523,654883,8,654891
5524,654915,28,654943
5525,654945,3,654948
5526,655000,10,655010
5527,655046,15,655061
5528,655093,55,655148
5529,655213,4,655217
5530,655297,8,655305
5531,655415,6,655421
5532,655487,30,655517
5533,655573,9,655582
5534,655599,5,655604
5535,655873,4,655877
5536,656185,8,656193
5537,656394,7,656401
5538,656430,27,656457
5539,656588,23,656611
5540,656625,21,656646
5541,656760,17,656777
5542,656858,2,656860
5543,656943,2,656945
5544,656975,8,656983
5545,657128,10,657138
5546,657493,18,657511
5547,657545,23,657568
5548,657665,14,657679
5549,657728,45,657773
5550,657982,99,658081
5551,658132,21,658153
5552,658167,5,658172
5553,658181,9,658190
5554,658325,26,658351
5555,658469,27,658496
5556,658547,13,658560
5557,658774,23,658797
5558,658857,53,658910
5559,658941,10,658951
5560,658965,3,658968
5561,659222,26,659248
5562,659324,24,659348
5563,659390,4,659394
5564,659403,76,659479
5565,659499,3,659502
5566,659838,33,659871
5567,659891,6,659897
5568,659942,3,659945
5569,660055,4,660059
5570,660077,52,660129
5571,660192,49,660241
5572,660346,19,660365
5573,660381,6,660387
5574,660455,18,660473
5575,660527,4,660531
5576,660592,7,660599
5577,660777,21,660798
5578,661095,11,661106
5579,661323,22,661345
5580,661369,1,661370
5581,661419,3,661422
5582,661501,34,661535
5583,661568,23,661591
5584,661686,29,661715
5585,661758,44,661802
5586,661808,17,661825
5587,661873,7,661880
5588,661957,14,661971
5589,661975,1,661976
5590,662093,4,662097
5591,662101,21,662122
5592,662149,4,662153
5593,662306,10,662316
5594,662492,12,662504
5595,662690,16,662706
5596,662758,7,662765
5597,662916,15,662931
5598,663264,5,663269
5599,663291,10,663301
5600,663408,1,663409
5601,663564,2,663566
5602,663614,3,663617
5603,663652,1,663653
5604,663766,9,663775
5605,663876,19,663895
5606,664106,2,664108
5607,664223,33,664256
5608,664397,3,664400
5609,664453,7,664460
5610,664489,8,664497
5611,664646,15,664661
5612,664814,12,664826
5613,665152,32,665184
5614,665474,43,665517
5615,665680,39,665719
5616,665737,15,665752
5617,665784,61,665845
5618,665953,27,665980
5619,666225,56,666281
5620,666314,4,666318
5621,666343,18,666361
5622,666371,1,666372
5623,666479,1,666480
5624,666766,3,666769
5625,667398,5,667403
5626,667524,8,667532
5627,667560,11,667571
5628,667647,5,667652
5629,667732,8,667740
5630,667793,39,667832
5631,667924,17,667941
5632,667963,73,668036
5633,668055,44,668099
5634,668105,2,668107
5635,668146,5,668151
5636,668185,19,668204
5637,668231,45,668276
5638,668472,25,668497
5639,668582,15,668597
5640,668737,5,668742
5641,668886,26,668912
5642,668955,42,668997
5643,669032,6,669038
5644,669271,16,669287
5645,669386,2,669388
5646,669393,14,669407
5647,669540,20,669560
5648,669586,22,669608
5649,669754,39,669793
5650,670241,5,670246
5651,670263,20,670283
5652,670458,3,670461
5653,670514,3,670517
5654,670666,48,670714
5655,670722,12,670734
5656,670749,17,670766
5657,670931,46,670977
5658,671046,1,671047
5659,671122,52,671174
5660,671214,51,671265
5661,671548,2,671550
5662,671962,3,671965
5663,671969,20,671989
5664,672011,2,672013
5665,672085,30,672115
5666,672118,25,672143
5667,672181,20,672201
5668,672351,3,672354
5669,672360,34,672394
5670,672649,10,672659
5671,672852,6,672858
5672,672886,6,672892
5673,672996,12,673008
5674,673074,59,673133
5675,673348,5,673353
5676,673398,38,673436
5677,673639,23,673662
5678,673682,15,673697
5679,673709,3,673712
5680,673755,15,673770
5681,673866,67,673933
5682,673955,6,673961
5683,674044,15,674059
5684,674078,10,674088
5685,674190,6,674196
5686,674402,59,674461
5687,674578,12,674590
5688,674612,19,674631
5689,674789,2,674791
5690,674868,3,674871
5691,674917,14,674931
5692,675082,9,675091
5693,675189,16,675205
5694,675345,6,675351
5695,675580,1,675581
5696,675602,5,675607
5697,675830,3,675833
5698,675879,4,675883
5699,676001,1,676002
5700,676003,1,676004
5701,676073,1,676074
5702,676174,16,676190
5703,676349,84,676433
5704,676434,18,676452
5705,676677,7,676684
5706,676686,14,676700
5707,676882,4,676886
5708,676960,12,676972
5709,676992,31,677023
5710,677094,21,677115
5711,677352,23,677375
5712,677468,9,677477
5713,677501,15,677516
5714,677569,15,677584
5715,677777,14,677791
5716,677929,36,677965
5717,678175,63,678238
5718,678384,38,678422
5719,678429,7,678436
5720,678466,2,678468
5721,678733,15,678748
5722,678924,29,678953
5723,678977,39,679016
5724,679218,8,679226
5725,679246,20,679266
5726,679390,3,679393
5727,679471,17,679488
5728,679499,6,679505
5729,679912,2,679914
5730,680025,42,680067
5731,680076,13,680089
5732,680165,16,680181
5733,680383,7,680390
5734,680441,4,680445
5735,680465,16,680481
5736,680487,10,680497
5737,680536,12,680548
5738,680704,5,680709
5739,680777,21,680798
5740,680821,2,680823
5741,680995,9,681004
5742,681028,17,681045
5743,681086,13,681099
5744,681269,21,681290
5745,681308,48,681356
5746,681432,13,681445
5747,681622,27,681649
5748,681669,11,681680
5749,681715,18,681733
5750,681833,31,681864
5751,681911,3,681914
5752,681981,4,681985
5753,682012,26,682038
5754,682088,2,682090
5755,682204,14,682218
5756,682227,4,682231
5757,682406,29,682435
5758,682454,20,682474
5759,682507,11,682518
5760,682806,3,682809
5761,682811,1,682812
5762,682814,22,682836
5763,682864,62,682926
5764,683018,65,683083
5765,683264,15,683279
5766,683298,13,683311
5767,683464,37,683501
5768,683524,8,683532
5769,683584,11,683595
5770,683621,9,683630
5771,683779,20,683799
5772,683853,34,683887
5773,684012,23,684035
5774,684152,7,684159
5775,684160,8,684168
5776,684211,1,684212
5777,684297,16,684313
5778,684464,4,684468
5779,684557,17,684574
5780,684711,9,684720
5781,684936,24,684960
5782,685014,16,685030
5783,685052,26,685078
5784,685103,1,685104
5785,685178,5,685183
5786,685351,6,685357
5787,685474,13,685487
5788,685508,89,685597
5789,685685,1,685686
5790,685708,7,685715
5791,685884,2,685886
5792,685917,5,685922
5793,685927,5,685932
5794,685960,3,685963
5795,685973,14,685987
5796,686049,16,686065
5797,686175,9,686184
5798,686365,9,686374
5799,686463,31,686494
5800,686519,12,686531
5801,686609,9,686618
5802,686724,9,686733
5803,686827,7,686834
5804,687129,17,687146
5805,687184,60,687244
5806,687526,3,687529
5807,687551,7,687558
5808,687560,7,687567
5809,687808,7,687815
5810,687826,9,687835
5811,688126,83,688209
5812,688243,12,688255
5813,688278,3,688281
5814,688316,43,688359
5815,688543,4,688547
5816,688633,2,688635
5817,688674,4,688678
5818,688697,8,688705
5819,688743,5,688748
5820,688957,7,688964
5821,689088,20,689108
5822,689435,75,689510
5823,689603,19,689622
5824,689818,21,689839
5825,689877,25,689902
5826,690136,10,690146
5827,690210,7,690217
5828,690282,19,690301
5829,690391,34,690425
5830,690452,19,690471
5831,690573,8,690581
5832,690716,34,690750
5833,690880,5,690885
5834,690926,12,690938
5835,690945,11,690956
5836,690991,77,691068
5837,691073,7,691080
5838,691113,26,691139
5839,691187,6,691193
5840,691233,47,691280
5841,691313,13,691326
5842,691339,1,691340
5843,691451,4,691455
5844,691695,9,691704
5845,691780,42,691822
5846,691857,3,691860
5847,691906,9,691915
5848,691941,7,691948
5849,691965,38,692003
5850,692142,15,692157
5851,692259,1,692260
5852,692266,25,692291
5853,692475,13,692488
5854,692689,65,692754
5855,692856,67,692923
5856,693188,8,693196
5857,693227,14,693241
5858,693242,9,693251
5859,693273,27,693300
5860,693384,20,693404
5861,693435,26,693461
5862,693514,5,693519
5863,693548,43,693591
5864,693600,16,693616
5865,693683,1,693684
5866,693711,18,693729
5867,693771,27,693798
5868,694049,31,694080
5869,694168,9,694177
5870,694352,7,694359
5871,694501,4,694505
5872,694646,7,694653
5873,694693,9,694702
5874,694947,5,694952
5875,695016,42,695058
5876,695187,13,695200
5877,695622,22,695644
5878,695706,7,695713
5879,695746,9,695755
5880,695819,35,695854
5881,695960,82,696042
5882,696146,8,696154
5883,696282,93,696375
5884,696424,5,696429
5885,696556,9,696565
5886,696569,20,696589
5887,696650,7,696657
5888,696702,6,696708
5889,696727,12,696739
5890,696748,33,696781
5891,696798,11,696809
5892,696810,5,696815
5893,696971,63,697034
5894,697083,3,697086
5895,697091,18,697109
5896,697111,22,697133
5897,697225,5,697230
5898,697343,5,697348
5899,697473,33,697506
5900,697675,20,697695
5901,697697,19,697716
5902,697941,16,697957
5903,698031,10,698041
5904,698452,3,698455
5905,698540,2,698542
5906,698957,11,698968
5907,698988,7,698995
5908,699051,14,699065
5909,699250,17,699267
5910,699299,4,699303
5911,699460,1,699461
5912,699488,8,699496
5913,699638,20,699658
5914,699693,25,699718
5915,699727,9,699736
5916,699749,23,699772
5917,699881,7,699888
5918,699981,20,700001
5919,700032,16,700048
5920,700179,35,700214
5921,700224,39,700263
5922,700282,6,700288
5923,700389,2,700391
5924,700415,10,700425
5925,700468,2,700470
5926,700617,22,700639
5927,700648,2,700650
5928,700862,3,700865
5929,701006,11,701017
5930,701044,4,701048
5931,701192,4,701196
5932,701262,1,701263
5933,701419,29,701448
5934,701510,29,701539
5935,701684,2,701686
5936,701830,41,701871
5937,702001,9,702010
5938,702078,17,702095
5939,702134,34,702168
5940,702183,66,702249
5941,702392,4,702396
5942,702398,8,702406
5943,702487,19,702506
5944,702665,7,702672
5945,702738,40,702778
5946,703127,5,703132
5947,703187,3,703190
5948,703394,26,703420
5949,703561,14,703575
5950,703642,19,703661
5951,703736,3,703739
5952,703775,48,703823
5953,704012,81,704093
5954,704108,10,704118
5955,704120,11,704131
5956,704333,8,704341
5957,704496,17,704513
5958,704620,1,704621
5959,704727,1,704728
5960,704797,16,704813
5961,704866,10,704876
5962,704945,10,704955
5963,704962,12,704974
5964,705062,4,705066
5965,705273,13,705286
5966,705425,11,705436
5967,705487,5,705492
5968,705511,37,705548
5969,705727,7,705734
5970,705815,42,705857
5971,706048,18,706066
5972,706087,6,706093
5973,706271,25,706296
5974,706393,18,706411
5975,706710,1,706711
5976,706744,1,706745
5977,706770,41,706811
5978,706817,11,706828
5979,706989,25,707014
5980,707075,71,707146
5981,707298,18,707316
5982,707537,12,707549
5983,707575,14,707589
5984,707658,19,707677
5985,707682,10,707692
5986,707878,24,707902
5987,707996,2,707998
5988,708017,18,708035
5989,708135,15,708150
5990,708302,7,708309
5991,708438,20,708458
5992,708718,14,708732
5993,708826,17,708843
5994,708949,25,708974
5995,709010,7,709017
5996,709024,27,709051
5997,709052,62,709114
5998,709160,27,709187
5999,709375,19,709394
6000,709415,92,709507
6001,709551,12,709563
6002,709675,9,709684
6003,709738,8,709746
6004,709938,49,709987
6005,710020,3,710023
6006,710082,19,710101
6007,710159,5,710164
6008,710184,2,710186
6009,710475,8,710483
6010,710627,50,710677
6011,710865,84,710949
6012,711010,26,711036
6013,711378,66,711444
6014,711603,10,711613
6015,712151,16,712167
6016,712238,101,712339
6017,712468,39,712507
6018,712511,24,712535
6019,712781,13,712794
6020,713161,21,713182
6021,713220,90,713310
6022,713323,5,713328
6023,713371,59,713430
6024,713829,18,713847
6025,713861,29,713890
6026,713892,26,713918
6027,713932,26,713958
6028,714053,25,714078
6029,714243,46,714289
6030,714363,28,714391
6031,714428,23,714451
6032,714533,11,714544
6033,714652,59,714711
6034,714879,31,714910
6035,714913,13,714926
6036,714975,48,715023
6037,715167,39,715206
6038,715259,2,715261
6039,715386,2,715388
6040,715536,13,715549
6041,715672,4,715676
6042,715798,17,715815
6043,716129,6,716135
6044,716173,14,716187
6045,716347,8,716355
6046,716363,8,716371
6047,716382,64,716446
6048,716494,51,716545
6049,716649,16,716665
6050,716684,1,716685
6051,716740,13,716753
6052,716950,7,716957
6053,716962,12,716974
6054,717053,16,717069
6055,717167,41,717208
6056,717223,4,717227
6057,717241,16,717257
6058,717278,6,717284
6059,717299,20,717319
6060,717389,4,717393
6061,717447,25,717472
6062,717489,19,717508
6063,717561,9,717570
6064,717866,21,717887
6065,718130,42,718172
6066,718427,60,718487
6067,718546,13,718559
6068,718613,49,718662
6069,718705,6,718711
6070,718741,1,718742
6071,718797,4,718801
6072,719082,3,719085
6073,719117,1,719118
6074,719256,4,719260
6075,719314,16,719330
6076,719333,5,719338
6077,719354,8,719362
6078,719401,22,719423
6079,719455,19,719474
6080,719480,5,719485
6081,719543,35,719578
6082,719614,32,719646
6083,719695,32,719727
6084,720016,53,720069
6085,720071,7,720078
6086,720112,44,720156
6087,720175,4,720179
6088,720188,2,720190
6089,720234,4,720238
6090,720443,1,720444
6091,720556,4,720560
6092,720638,5,720643
6093,720674,27,720701
6094,720801,2,720803
6095,720809,4,720813
6096,720943,13,720956
6097,720962,2,720964
6098,721034,4,721038
6099,721081,51,721132
6100,721210,23,721233
6101,721244,32,721276
6102,721382,7,721389
6103,721655,23,721678
6104,721765,20,721785
6105,721879,39,721918
6106,721993,16,722009
6107,722210,23,722233
6108,722423,25,722448
6109,722555,47,722602
6110,722649,28,722677
6111,722899,19,722918
6112,723136,24,723160
6113,723325,23,723348
6114,723628,61,723689
6115,723724,45,723769
6116,723926,9,723935
6117,723939,27,723966
6118,724058,32,724090
6119,724132,54,724186
6120,724191,15,724206
6121,724524,9,724533
6122,724560,2,724562
6123,724693,86,724779
6124,724820,17,724837
6125,724912,11,724923
6126,725257,3,725260
6127,725446,1,725447
6128,725477,88,725565
6129,725663,24,725687
6130,725813,48,725861
6131,725876,9,725885
6132,725990,30,726020
6133,726142,3,726145
6134,726198,9,726207
6135,726258,9,726267
6136,726271,9,726280
6137,726427,2,726429
6138,726459,3,726462
6139,726729,2,726731
6140,726808,23,726831
6141,727040,11,727051
6142,727052,1,727053
6143,727175,12,727187
6144,727204,36,727240
6145,727333,15,727348
6146,727374,3,727377
6147,727510,28,727538
6148,727684,13,727697
6149,727917,13,727930
6150,728108,12,728120
6151,728166,9,728175
6152,728258,45,728303
6153,728447,7,728454
6154,728580,24,728604
6155,728744,17,728761
6156,728919,5,728924
6157,728933,2,728935
6158,728956,24,728980
6159,729027,31,729058
6160,729179,20,729199
6161,729213,26,729239
6162,729289,22,729311
6163,729477,25,729502
6164,729507,5,729512
6165,729608,17,729625
6166,729640,23,729663
6167,729705,50,729755
6168,729867,60,729927
6169,730015,5,730020
6170,730024,21,730045
6171,730113,4,730117
6172,730140,11,730151
6173,730250,27,730277
6174,730329,4,730333
6175,730346,2,730348
6176,730415,23,730438
6177,730599,101,730700
6178,730706,4,730710
6179,730740,9,730749
6180,730828,10,730838
6181,730949,5,730954
6182,730991,6,730997
6183,731239,7,731246
6184,731590,28,731618
6185,731737,7,731744
6186,732110,20,732130
6187,732221,3,732224
6188,732299,6,732305
6189,732336,11,732347
6190,732424,4,732428
6191,732539,21,732560
6192,732617,13,732630
6193,732646,1,732647
6194,732859,14,732873
6195,733001,98,733099
6196,733142,5,733147
6197,733323,3,733326
6198,733341,7,733348
6199,733429,1,733430
6200,733473,80,733553
6201,733590,16,733606
6202,733622,30,733652
6203,733670,4,733674
6204,733694,46,733740
6205,733786,12,733798
6206,733911,22,733933
6207,733958,30,733988
6208,733990,71,734061
6209,734076,32,734108
6210,734170,10,734180
6211,734225,5,734230
6212,734251,38,734289
6213,734582,8,734590
6214,734639,4,734643
6215,734993,11,735004
6216,735072,42,735114
6217,735340,8,735348
6218,735418,17,735435
6219,735539,20,735559
6220,735643,38,735681
6221,735916,68,735984
6222,735995,16,736011
6223,736151,12,736163
6224,736266,48,736314
6225,736378,10,736388
6226,736529,12,736541
6227,736555,6,736561
6228,736632,16,736648
6229,736688,20,736708
6230,736758,15,736773
6231,736817,37,736854
6232,736956,30,736986
6233,737191,15,737206
6234,737361,11,737372
6235,737400,43,737443
6236,737468,2,737470
6237,737767,53,737820
6238,737842,2,737844
6239,737988,25,738013
6240,738024,10,738034
6241,738042,37,738079
6242,738091,34,738125
6243,738228,58,738286
6244,738421,10,738431
6245,738514,3,738517
6246,738618,33,738651
6247,738712,59,738771
6248,738828,18,738846
6249,738858,36,738894
6250,738980,13,738993
6251,739061,63,739124
6252,739126,60,739186
6253,739352,17,739369
6254,739426,36,739462
6255,739606,8,739614
6256,739660,7,739667
6257,739708,40,739748
6258,739848,45,739893
6259,739940,30,739970
6260,740058,45,740103
6261,740488,25,740513
6262,740591,71,740662
6263,740694,9,740703
6264,740804,13,740817
6265,740911,23,740934
6266,740998,19,741017
6267,741056,33,741089
6268,741127,3,741130
6269,741158,6,741164
6270,741245,43,741288
6271,741422,53,741475
6272,741479,20,741499
6273,742076,6,742082
6274,742151,24,742175
6275,742308,127,742435
6276,742551,7,742558
6277,742718,7,742725
6278,742727,19,742746
6279,742812,11,742823
6280,742962,4,742966
6281,743017,23,743040
6282,743047,18,743065
6283,743148,15,743163
6284,743220,1,743221
6285,743424,25,743449
6286,743561,41,743602
6287,743826,6,743832
6288,743882,1,743883
6289,744034,36,744070
6290,744072,7,744079
6291,744080,2,744082
6292,744127,11,744138
6293,744193,36,744229
6294,744247,24,744271
6295,744323,33,744356
6296,744461,46,744507
6297,744576,1,744577
6298,744635,9,744644
6299,744697,29,744726
6300,744765,13,744778
6301,745284,48,745332
6302,745347,12,745359
6303,745758,1,745759
6304,745826,16,745842
6305,745947,1,745948
6306,746024,1,746025
6307,746094,50,746144
6308,746184,28,746212
6309,746227,14,746241
6310,746260,25,746285
6311,746302,31,746333
6312,746604,57,746661
6313,746707,2,746709
6314,746755,18,746773
6315,746879,39,746918
6316,746969,32,747001
6317,747021,3,747024
6318,747029,64,747093
6319,747138,25,747163
6320,747180,17,747197
6321,747201,1,747202
6322,747246,2,747248
6323,747395,28,747423
6324,747579,2,747581
6325,747690,16,747706
6326,747834,37,747871
6327,747889,3,747892
6328,747914,17,747931
6329,748351,14,748365
6330,748433,35,748468
6331,748530,19,748549
6332,748654,24,748678
6333,748769,10,748779
6334,748938,5,748943
6335,749263,3,749266
6336,749312,3,749315
6337,749406,2,749408
6338,749461,28,749489
6339,749499,26,749525
6340,749721,15,749736
6341,749843,17,749860
6342,750054,12,750066
6343,750145,5,750150
6344,750178,3,750181
6345,750372,15,750387
6346,750454,3,750457
6347,750539,11,750550
6348,750689,3,750692
6349,750850,23,750873
6350,750964,7,750971
6351,751147,6,751153
6352,751185,10,751195
6353,751407,4,751411
6354,751442,12,751454
6355,751467,18,751485
6356,751533,23,751556
6357,751608,1,751609
6358,751768,19,751787
6359,751882,76,751958
6360,751980,46,752026
6361,752044,17,752061
6362,752435,7,752442
6363,752674,5,752679
6364,752712,35,752747
6365,752754,4,752758
6366,752860,5,752865
6367,752938,1,752939
6368,753032,6,753038
6369,753268,1,753269
6370,753310,31,753341
6371,753705,17,753722
6372,753784,7,753791
6373,753830,11,753841
6374,753851,41,753892
6375,754084,2,754086
6376,754130,14,754144
6377,754155,29,754184
6378,754202,1,754203
6379,754237,12,754249
6380,754392,2,754394
6381,754655,58,754713
6382,754789,4,754793
6383,754813,38,754851
6384,754914,8,754922
6385,755020,14,755034
6386,755298,21,755319
6387,755448,44,755492
6388,755512,5,755517
6389,755707,73,755780
6390,755847,2,755849
6391,755896,7,755903
6392,755955,14,755969
6393,756045,35,756080
6394,756142,10,756152
6395,756184,6,756190
6396,756281,4,756285
6397,756292,16,756308
6398,756317,3,756320
6399,756446,76,756522
6400,756592,11,756603
6401,756722,50,756772
6402,756783,10,756793
6403,756978,4,756982
6404,757000,6,757006
6405,757019,15,757034
6406,757243,40,757283
6407,757325,4,757329
6408,757344,46,757390
6409,757462,3,757465
6410,757513,6,757519
6411,757657,39,757696
6412,757797,39,757836
6413,757888,47,757935
6414,757976,17,757993
6415,758277,2,758279
6416,758299,8,758307
6417,758331,22,758353
6418,758486,22,758508
6419,758552,14,758566
6420,758628,45,758673
6421,758683,2,758685
6422,758688,1,758689
6423,758799,1,758800
6424,758849,36,758885
6425,758943,12,758955
6426,758960,5,758965
6427,759117,10,759127
6428,759265,9,759274
6429,759331,14,759345
6430,759499,18,759517
6431,759615,33,759648
6432,759651,41,759692
6433,760314,11,760325
6434,760344,24,760368
6435,760420,21,760441
6436,760511,18,760529
6437,760835,6,760841
6438,761078,15,761093
6439,761154,9,761163
6440,761173,6,761179
6441,761270,6,761276
6442,761351,4,761355
6443,761397,12,761409
6444,761448,14,761462
6445,761578,16,761594
6446,761628,4,761632
6447,761637,4,761641
6448,761721,9,761730
6449,761896,4,761900
6450,761910,23,761933
6451,761997,15,762012
6452,762197,9,762206
6453,762248,21,762269
6454,762632,12,762644
6455,762731,15,762746
6456,762755,1,762756
6457,762879,29,762908
6458,762912,1,762913
6459,763231,11,763242
6460,763299,27,763326
6461,763423,1,763424
6462,763651,62,763713
6463,763984,8,763992
6464,764010,19,764029
6465,764080,18,764098
6466,764124,20,764144
6467,764161,35,764196
6468,764201,6,764207
6469,764331,5,764336
6470,764361,3,764364
6471,764491,7,764498
6472,764581,5,764586
6473,764711,10,764721
6474,764879,27,764906
6475,765004,16,765020
6476,765283,7,765290
6477,765295,2,765297
6478,765437,22,765459
6479,765543,2,765545
6480,765712,8,765720
6481,765903,40,765943
6482,765994,20,766014
6483,766092,63,766155
6484,766233,7,766240
6485,766323,22,766345
6486,766415,60,766475
6487,766547,9,766556
6488,766558,9,766567
6489,766580,26,766606
6490,766767,2,766769
6491,766817,16,766833
6492,766916,26,766942
6493,766990,19,767009
6494,767235,46,767281
6495,767282,10,767292
6496,767317,50,767367
6497,767513,28,767541
6498,767805,1,767806
6499,767899,14,767913
6500,767922,23,767945
6501,768005,2,768007
6502,768008,5,768013
6503,768119,53,768172
6504,768200,8,768208
6505,768391,5,768396
6506,768421,12,768433
6507,768544,21,768565
6508,768616,15,768631
6509,768725,59,768784
6510,768832,48,768880
6511,769141,1,769142
6512,769216,5,769221
6513,769225,2,769227
6514,769318,12,769330
6515,769379,15,769394
6516,769546,1,769547
6517,769593,10,769603
6518,769619,40,769659
6519,769678,35,769713
6520,769831,11,769842
6521,769991,9,770000
6522,770027,1,770028
6523,770128,112,770240
6524,770322,77,770399
6525,771013,22,771035
6526,771070,25,771095
6527,771247,29,771276
6528,771460,18,771478
6529,771589,29,771618
6530,771658,32,771690
6531,771826,4,771830
6532,771872,12,771884
6533,772167,1,772168
6534,772196,25,772221
6535,772444,16,772460
6536,772483,8,772491
6537,772634,5,772639
6538,773016,16,773032
6539,773166,41,773207
6540,773282,127,773409
6541,773494,23,773517
6542,773559,23,773582
6543,773968,23,773991
6544,774108,41,774149
6545,774305,3,774308
6546,774369,13,774382
6547,775132,1,775133
6548,775149,2,775151
6549,775186,17,775203
6550,775216,2,775218
6551,775263,20,775283
6552,775341,3,775344
6553,775395,11,775406
6554,775562,72,775634
6555,775783,7,775790
6556,775988,9,775997
6557,776013,1,776014
6558,776376,3,776379
6559,776426,4,776430
6560,776592,22,776614
6561,776624,11,776635
6562,776647,1,776648
6563,776710,41,776751
6564,776833,23,776856
6565,776920,4,776924
6566,777046,7,777053
6567,777204,5,777209
6568,777236,10,777246
6569,777440,7,777447
6570,777454,3,777457
6571,777645,12,777657
6572,777661,27,777688
6573,777768,20,777788
6574,778101,13,778114
6575,778371,40,778411
6576,778603,5,778608
6577,778611,80,778691
6578,778976,27,779003
6579,779026,6,779032
6580,779083,22,779105
6581,779500,8,779508
6582,779611,3,779614
6583,779648,26,779674
6584,779806,96,779902
6585,779914,13,779927
6586,780014,6,780020
6587,780023,3,780026
6588,780133,18,780151
6589,780223,46,780269
6590,780374,10,780384
6591,780425,18,780443
6592,780459,21,780480
6593,780502,16,780518
6594,780519,8,780527
6595,780626,4,780630
6596,780693,46,780739
6597,780757,2,780759
6598,780915,35,780950
6599,780983,8,780991
6600,781116,8,781124
6601,781146,113,781259
6602,781334,4,781338
6603,781382,9,781391
6604,781408,2,781410
6605,781633,7,781640
6606,781772,2,781774
6607,781910,26,781936
6608,782123,38,782161
6609,782207,6,782213
6610,782326,18,782344
6611,782369,40,782409
6612,782425,21,782446
6613,782533,15,782548
6614,782780,31,782811
6615,782933,43,782976
6616,782988,30,783018
6617,783144,23,783167
6618,783170,50,783220
6619,783276,9,783285
6620,783343,40,783383
6621,783401,30,783431
6622,783448,59,783507
6623,783570,54,783624
6624,783778,15,783793
6625,783815,7,783822
6626,783837,3,783840
6627,783857,69,783926
6628,784240,4,784244
6629,784263,56,784319
6630,784606,35,784641
6631,784701,30,784731
6632,784864,23,784887
6633,784901,3,784904
6634,784985,13,784998
6635,785228,14,785242
6636,785359,4,785363
6637,785404,9,785413
6638,785795,51,785846
6639,785872,28,785900
6640,785936,32,785968
6641,785979,2,785981
6642,786050,58,786108
6643,786121,8,786129
6644,786136,29,786165
6645,786177,30,786207
6646,786265,28,786293
6647,786338,10,786348
6648,786375,9,786384
6649,786389,58,786447
6650,786494,98,786592
6651,786680,31,786711
6652,786866,2,786868
6653,787004,36,787040
6654,787119,51,787170
6655,787262,20,787282
6656,787299,20,787319
6657,787382,13,787395
6658,787462,3,787465
6659,787476,6,787482
6660,787777,3,787780
6661,787809,31,787840
6662,787928,2,787930
6663,788050,4,788054
6664,788100,1,788101
6665,788118,1,788119
6666,788228,5,788233
6667,788508,2,788510
6668,788549,52,788601
6669,788608,6,788614
6670,788745,14,788759
6671,788770,4,788774
6672,788883,2,788885
6673,788958,12,788970
6674,789059,11,789070
6675,789157,56,789213
6676,789227,7,789234
6677,789284,8,789292
6678,789336,11,789347
6679,789399,19,789418
6680,789440,2,789442
6681,789493,63,789556
6682,789598,7,789605
6683,789610,21,789631
6684,789672,31,789703
6685,789737,6,789743
6686,789798,95,789893
6687,790220,36,790256
6688,790304,26,790330
6689,790544,2,790546
6690,790790,45,790835
6691,790863,20,790883
6692,791175,12,791187
6693,791341,37,791378
6694,791422,10,791432
6695,791478,39,791517
6696,791550,10,791560
6697,791721,4,791725
6698,792313,29,792342
6699,792353,32,792385
6700,792568,4,792572
6701,792598,1,792599
6702,792649,5,792654
6703,792714,26,792740
6704,793118,36,793154
6705,793171,4,793175
6706,793213,12,793225
6707,793316,21,793337
6708,793368,7,793375
6709,793508,3,793511
6710,793535,4,793539
6711,793621,10,793631
6712,793652,90,793742
6713,793954,41,793995
6714,794044,25,794069
6715,794070,1,794071
6716,794086,18,794104
6717,794265,11,794276
6718,794281,55,794336
6719,794740,54,794794
6720,794908,3,794911
6721,794993,1,794994
6722,795068,16,795084
6723,795087,18,795105
6724,795106,9,795115
6725,795195,28,795223
6726,795280,24,795304
6727,795363,22,795385
6728,795398,12,795410
6729,795482,8,795490
6730,795632,17,795649
6731,795666,104,795770
6732,795797,40,795837
6733,796323,4,796327
6734,796387,34,796421
6735,796480,4,796484
6736,796646,44,796690
6737,796973,3,796976
6738,797042,5,797047
6739,797176,37,797213
6740,797319,6,797325
6741,797393,3,797396
6742,797453,3,797456
6743,797574,7,797581
6744,797737,17,797754
6745,797985,1,797986
6746,798037,4,798041
6747,798044,16,798060
6748,798206,6,798212
6749,798371,3,798374
6750,798423,2,798425
6751,798522,28,798550
6752,798657,7,798664
6753,798679,62,798741
6754,798860,29,798889
6755,798919,9,798928
6756,798975,14,798989
6757,799183,1,799184
6758,799326,15,799341
6759,799524,15,799539
6760,799755,1,799756
6761,799797,43,799840
6762,799945,26,799971
6763,800111,30,800141
6764,800186,22,800208
6765,800293,23,800316
6766,800352,4,800356
6767,800682,46,800728
6768,801056,3,801059
6769,801091,57,801148
6770,801284,14,801298
6771,801393,81,801474
6772,801858,23,801881
6773,802015,17,802032
6774,802050,2,802052
6775,802440,4,802444
6776,802574,5,802579
6777,802684,2,802686
6778,802793,24,802817
6779,802886,11,802897
6780,803006,10,803016
6781,803178,3,803181
6782,803220,27,803247
6783,803362,34,803396
6784,803459,35,803494
6785,803561,48,803609
6786,803838,18,803856
6787,803915,23,803938
6788,804003,2,804005
6789,804102,13,804115
6790,804256,39,804295
6791,804312,6,804318
6792,804472,15,804487
6793,804538,29,804567
6794,804603,29,804632
6795,804677,54,804731
6796,804756,4,804760
6797,804931,8,804939
6798,805094,3,805097
6799,805169,26,805195
6800,805311,16,805327
6801,805735,33,805768
6802,805786,31,805817
6803,805875,7,805882
6804,806570,3,806573
6805,806690,1,806691
6806,806791,33,806824
6807,806919,17,806936
6808,806962,28,806990
6809,807036,20,807056
6810,807121,13,807134
6811,807148,9,807157
6812,807389,28,807417
6813,807431,21,807452
6814,807701,28,807729
6815,807775,29,807804
6816,807829,37,807866
6817,807883,13,807896
6818,807905,18,807923
6819,808293,4,808297
6820,808344,5,808349
6821,808412,7,808419
6822,808485,39,808524
6823,808597,16,808613
6824,808745,28,808773
6825,808799,1,808800
6826,808821,22,808843
6827,808947,15,808962
6828,809010,4,809014
6829,809297,4,809301
6830,809384,10,809394
6831,809476,1,809477
6832,809722,3,809725
6833,809840,4,809844
6834,809940,12,809952
6835,810019,19,810038
6836,810157,17,810174
6837,810294,19,810313
6838,810412,1,810413
6839,810434,7,810441
6840,810469,27,810496
6841,810591,81,810672
6842,810701,59,810760
6843,810849,2,810851
6844,810902,24,810926
6845,811000,1,811001
6846,811086,94,811180
6847,811264,8,811272
6848,811337,11,811348
6849,811401,32,811433
6850,811458,1,811459
6851,811552,1,811553
6852,811625,11,811636
6853,811866,10,811876
6854,811949,4,811953
6855,811999,8,812007
6856,812117,74,812191
6857,812260,10,812270
6858,812375,46,812421
6859,812461,20,812481
6860,812573,14,812587
6861,812600,8,812608
6862,812800,13,812813
6863,812857,6,812863
6864,812903,11,812914
6865,812941,18,812959
6866,812984,1,812985
6867,812989,3,812992
6868,813046,49,813095
6869,813163,32,813195
6870,813596,71,813667
6871,813717,11,813728
6872,813873,27,813900
6873,814021,21,814042
6874,814154,31,814185
6875,814286,19,814305
6876,814343,2,814345
6877,814376,7,814383
6878,814490,54,814544
6879,814672,20,814692
6880,814996,76,815072
6881,815091,45,815136
6882,815175,7,815182
6883,815258,65,815323
6884,815337,59,815396
6885,815475,69,815544
6886,815602,19,815621
6887,815687,36,815723
6888,815768,19,815787
6889,815849,19,815868
6890,816335,4,816339
6891,816353,1,816354
6892,816395,16,816411
6893,816534,25,816559
6894,816601,6,816607
6895,816720,23,816743
6896,816814,40,816854
6897,816939,7,816946
6898,817233,15,817248
6899,817534,52,817586
6900,817685,8,817693
6901,817832,5,817837
6902,817927,10,817937
6903,817966,42,818008
6904,818011,10,818021
6905,818095,12,818107
6906,818128,11,818139
6907,818269,14,818283
6908,818353,1,818354
6909,818365,35,818400
6910,818534,2,818536
6911,818573,9,818582
6912,818659,6,818665
6913,818796,2,818798
6914,818844,1,818845
6915,818880,3,818883
6916,818936,16,818952
6917,819047,14,819061
6918,819252,30,819282
6919,819463,14,819477
6920,819543,4,819547
6921,819602,15,819617
6922,820065,12,820077
6923,820083,14,820097
6924,820137,20,820157
6925,820485,48,820533
6926,820701,47,820748
6927,820750,15,820765
6928,821121,21,821142
6929,821249,37,821286
6930,821298,15,821313
6931,821357,29,821386
6932,821528,5,821533
6933,821622,12,821634
6934,821767,5,821772
6935,822105,22,822127
6936,822277,15,822292
6937,822379,19,822398
6938,822408,9,822417
6939,822508,31,822539
6940,822562,6,822568
6941,823083,5,823088
6942,823354,11,823365
6943,823373,26,823399
6944,823442,45,823487
6945,823491,16,823507
6946,823584,14,823598
6947,823661,6,823667
6948,823716,23,823739
6949,823750,2,823752
6950,823807,33,823840
6951,823854,12,823866
6952,823935,35,823970
6953,824004,6,824010
6954,824265,18,824283
6955,824774,23,824797
6956,824834,4,824838
6957,824957,2,824959
6958,824973,6,824979
6959,825058,1,825059
6960,825088,8,825096
6961,825106,53,825159
6962,825218,3,825221
6963,825263,17,825280
6964,825306,1,825307
6965,825350,27,825377
6966,825477,6,825483
6967,825561,41,825602
6968,825787,6,825793
6969,825817,32,825849
6970,825984,13,825997
6971,826022,7,826029
6972,826060,3,826063
6973,826216,35,826251
6974,826267,50,826317
6975,826421,21,826442
6976,826454,28,826482
6977,826680,28,826708
6978,826751,9,826760
6979,827207,1,827208
6980,827233,6,827239
6981,827344,8,827352
6982,827543,1,827544
6983,827617,12,827629
6984,827680,52,827732
6985,827738,1,827739
6986,827753,23,827776
6987,827845,12,827857
6988,827898,16,827914
6989,828050,22,828072
6990,828289,4,828293
6991,828321,17,828338
6992,828586,6,828592
6993,828654,24,828678
6994,828791,19,828810
6995,829011,30,829041
6996,829083,10,829093
6997,829103,53,829156
6998,829231,14,829245
6999,829332,6,829338
7000,829363,23,829386
7001,829412,19,829431
7002,829583,21,829604
7003,829617,109,829726
7004,829815,21,829836
7005,829975,37,830012
7006,830054,31,830085
7007,830222,54,830276
7008,830426,35,830461
7009,830546,7,830553
7010,830602,18,830620
7011,830741,22,830763
7012,830939,49,830988
7013,830996,9,831005
7014,831008,15,831023
7015,831135,27,831162
7016,831177,20,831197
7017,831212,32,831244
7018,831291,45,831336
7019,831390,3,831393
7020,831436,19,831455
7021,831494,97,831591
7022,831663,24,831687
7023,831941,18,831959
7024,832025,3,832028
7025,832099,26,832125
7026,832243,5,832248
7027,832276,2,832278
7028,832350,20,832370
7029,832478,11,832489
7030,832655,4,832659
7031,832728,39,832767
7032,832845,6,832851
7033,832890,45,832935
7034,832955,19,832974
7035,833032,15,833047
7036,833062,38,833100
7037,833152,21,833173
7038,833223,92,833315
7039,833465,3,833468
7040,833473,16,833489
7041,833626,26,833652
7042,833704,8,833712
7043,833773,3,833776
7044,833825,12,833837
7045,833970,7,833977
7046,833990,27,834017
7047,834153,35,834188
7048,834278,13,834291
7049,834301,75,834376
7050,834431,29,834460
7051,834613,7,834620
7052,834915,14,834929
7053,835054,5,835059
7054,835106,27,835133
7055,835142,10,835152
7056,835209,1,835210
7057,835220,11,835231
7058,835271,80,835351
7059,835360,2,835362
7060,835684,16,835700
7061,835985,10,835995
7062,836197,7,836204
7063,836231,11,836242
7064,836279,2,836281
7065,836359,13,836372
7066,836418,63,836481
7067,836508,16,836524
7068,836584,45,836629
7069,836653,14,836667
7070,836727,2,836729
7071,837099,5,837104
7072,837236,1,837237
7073,837244,78,837322
7074,837430,6,837436
7075,837603,40,837643
7076,837650,56,837706
7077,837790,14,837804
7078,837833,13,837846
7079,837884,10,837894
7080,837954,7,837961
7081,838057,5,838062
7082,838216,15,838231
7083,838353,33,838386
7084,838421,13,838434
7085,838513,21,838534
7086,838670,6,838676
7087,838704,26,838730
7088,838767,2,838769
7089,839118,17,839135
7090,839148,20,839168
7091,839352,5,839357
7092,839371,11,839382
7093,839464,92,839556
7094,840032,15,840047
7095,840087,25,840112
7096,840252,31,840283
7097,840288,32,840320
7098,840327,4,840331
7099,840452,31,840483
7100,840496,5,840501
7101,840599,60,840659
7102,840781,4,840785
7103,840804,33,840837
7104,840865,12,840877
7105,840962,51,841013
7106,841258,6,841264
7107,841461,6,841467
7108,841614,6,841620
7109,841719,10,841729
7110,841745,2,841747
7111,841902,40,841942
7112,841947,1,841948
7113,842028,19,842047
7114,842219,35,842254
7115,842742,42,842784
7116,842912,52,842964
7117,843091,4,843095
7118,843642,81,843723
7119,843743,10,843753
7120,843843,9,843852
7121,843904,12,843916
7122,844025,1,844026
7123,844048,37,844085
7124,844194,49,844243
7125,844253,36,844289
7126,844348,4,844352
7127,844517,18,844535
7128,844617,79,844696
7129,844754,23,844777
7130,844787,2,844789
7131,845099,74,845173
7132,845242,16,845258
7133,845280,56,845336
7134,845528,10,845538
7135,845688,19,845707
7136,846028,17,846045
7137,846107,18,846125
7138,846304,7,846311
7139,846404,30,846434
7140,846556,23,846579
7141,846580,16,846596
7142,846692,1,846693
7143,846745,12,846757
7144,846798,11,846809
7145,847003,29,847032
7146,847328,15,847343
7147,847526,13,847539
7148,847554,52,847606
7149,847798,13,847811
7150,847901,7,847908
7151,848109,20,848129
7152,848201,14,848215
7153,848391,5,848396
7154,848438,20,848458
7155,848620,19,848639
7156,848837,77,848914
7157,848977,3,848980
7158,849003,32,849035
7159,849075,26,849101
7160,849585,3,849588
7161,849746,10,849756
7162,849822,68,849890
7163,849964,12,849976
7164,850065,29,850094
7165,850454,12,850466
7166,850526,5,850531
7167,850610,3,850613
7168,850667,22,850689
7169,850772,9,850781
7170,850818,3,850821
7171,850845,4,850849
7172,850853,43,850896
7173,850905,1,850906
7174,850946,52,850998
7175,851027,3,851030
7176,851286,16,851302
7177,851448,12,851460
7178,851562,24,851586
7179,851660,13,851673
7180,851887,13,851900
7181,851994,35,852029
7182,852045,104,852149
7183,852326,22,852348
7184,852370,18,852388
7185,852425,18,852443
7186,852509,65,852574
7187,852603,5,852608
7188,852610,30,852640
7189,852710,16,852726
7190,852751,9,852760
7191,852909,5,852914
7192,853067,12,853079
7193,853174,7,853181
7194,853188,26,853214
7195,853249,8,853257
7196,853403,15,853418
7197,853443,69,853512
7198,853595,19,853614
7199,853639,69,853708
7200,853770,14,853784
7201,853894,3,853897
7202,853937,32,853969
7203,854277,2,854279
7204,854321,29,854350
7205,854402,25,854427
7206,854434,23,854457
7207,854523,49,854572
7208,854610,28,854638
7209,854697,3,854700
7210,854708,2,854710
7211,854742,24,854766
7212,854830,31,854861
7213,855138,7,855145
7214,855368,64,855432
7215,855560,16,855576
7216,855661,12,855673
7217,855690,15,855705
7218,855753,16,855769
7219,855843,11,855854
7220,855995,3,855998
7221,856149,13,856162
7222,856204,4,856208
7223,856807,1,856808
7224,856841,54,856895
7225,856989,4,856993
7226,857023,3,857026
7227,857199,57,857256
7228,857483,9,857492
7229,857556,13,857569
7230,857647,11,857658
7231,857729,20,857749
7232,857893,12,857905
7233,857922,24,857946
7234,857961,5,857966
7235,858012,49,858061
7236,858250,7,858257
7237,858271,20,858291
7238,858308,18,858326
7239,858393,6,858399
7240,858416,10,858426
7241,858614,7,858621
7242,858632,22,858654
7243,858785,16,858801
7244,858822,17,858839
7245,858860,1,858861
7246,859087,39,859126
7247,859346,4,859350
7248,859363,47,859410
7249,859483,5,859488
7250,859871,2,859873
7251,860056,2,860058
7252,860089,92,860181
7253,860273,14,860287
7254,861125,37,861162
7255,861223,3,861226
7256,861259,8,861267
7257,861279,23,861302
7258,861466,2,861468
7259,861471,11,861482
7260,861546,11,861557
7261,861587,56,861643
7262,861836,4,861840
7263,861935,19,861954
7264,862262,2,862264
7265,862398,34,862432
7266,862660,18,862678
7267,862708,1,862709
7268,862724,10,862734
7269,862737,27,862764
7270,862783,6,862789
7271,862810,3,862813
7272,862823,1,862824
7273,862978,5,862983
7274,862993,49,863042
7275,863064,48,863112
7276,863238,24,863262
7277,863270,15,863285
7278,863340,8,863348
7279,863375,6,863381
7280,863598,35,863633
7281,863737,29,863766
7282,863815,28,863843
7283,863878,44,863922
7284,863950,5,863955
7285,863989,56,864045
7286,864097,15,864112
7287,864152,7,864159
7288,864450,4,864454
7289,864456,2,864458
7290,864562,2,864564
7291,864604,15,864619
7292,864641,39,864680
7293,864712,27,864739
7294,864809,29,864838
7295,865007,14,865021
7296,865024,2,865026
7297,865133,2,865135
7298,865248,30,865278
7299,865334,13,865347
7300,865405,14,865419
7301,865514,24,865538
7302,865605,2,865607
7303,865677,13,865690
7304,865863,7,865870
7305,865876,8,865884
7306,866087,14,866101
7307,866457,34,866491
7308,866519,32,866551
7309,866798,15,866813
7310,866920,2,866922
7311,866929,6,866935
7312,866959,27,866986
7313,867017,14,867031
7314,867109,45,867154
7315,867174,8,867182
7316,867183,19,867202
7317,867251,14,867265
7318,867319,1,867320
7319,867355,4,867359
7320,867424,24,867448
7321,867683,2,867685
7322,867752,15,867767
7323,867786,18,867804
7324,867969,4,867973
7325,867998,3,868001
7326,868057,7,868064
7327,868150,12,868162
7328,868171,14,868185
7329,868370,56,868426
7330,868680,5,868685
7331,868863,3,868866
7332,868900,6,868906
7333,868943,83,869026
7334,869027,6,869033
7335,869040,11,869051
7336,869058,108,869166
7337,869196,9,869205
7338,869269,26,869295
7339,869395,20,869415
7340,869456,9,869465
7341,869653,23,869676
7342,869677,16,869693
7343,869706,4,869710
7344,870143,3,870146
7345,870439,17,870456
7346,870654,22,870676
7347,870793,37,870830
7348,870891,11,870902
7349,870980,12,870992
7350,871107,19,871126
7351,871226,11,871237
7352,871343,6,871349
7353,871469,26,871495
7354,871526,17,871543
7355,871552,1,871553
7356,871603,22,871625
7357,871682,1,871683
7358,871703,63,871766
7359,871778,9,871787
7360,871856,6,871862
7361,871868,16,871884
7362,871904,27,871931
7363,871976,24,872000
7364,872001,24,872025
7365,872085,20,872105
7366,872134,25,872159
7367,872314,73,872387
7368,872411,46,872457
7369,872753,19,872772
7370,873021,37,873058
7371,873299,14,873313
7372,873357,3,873360
7373,873474,2,873476
7374,873482,31,873513
7375,873549,17,873566
7376,873599,13,873612
7377,873736,16,873752
7378,873795,27,873822
7379,873901,2,873903
7380,873957,15,873972
7381,874032,30,874062
7382,874219,11,874230
7383,874315,27,874342
7384,874381,12,874393
7385,874474,5,874479
7386,874684,42,874726
7387,874792,26,874818
7388,875000,54,875054
7389,875402,32,875434
7390,875462,6,875468
7391,875532,1,875533
7392,875702,6,875708
7393,875791,50,875841
7394,875901,35,875936
7395,875983,14,875997
7396,876237,11,876248
7397,876282,42,876324
7398,876563,33,876596
7399,876781,3,876784
7400,877107,27,877134
7401,877234,12,877246
7402,877288,32,877320
7403,877482,40,877522
7404,877806,12,877818
7405,877821,15,877836
7406,877932,75,878007
7407,878244,3,878247
7408,878259,18,878277
7409,878375,16,878391
7410,878413,9,878422
7411,878530,2,878532
7412,878561,2,878563
7413,878610,3,878613
7414,878661,23,878684
7415,878799,25,878824
7416,878864,11,878875
7417,879035,15,879050
7418,879120,4,879124
7419,879328,20,879348
7420,879549,13,879562
7421,879754,30,879784
7422,879790,96,879886
7423,880015,32,880047
7424,880392,15,880407
7425,880627,17,880644
7426,880664,8,880672
7427,880711,2,880713
7428,880791,22,880813
7429,880973,7,880980
7430,881166,14,881180
7431,881280,6,881286
7432,881291,13,881304
7433,881398,27,881425
7434,881520,13,881533
7435,881752,12,881764
7436,881788,67,881855
7437,881929,49,881978
7438,881988,17,882005
7439,882192,12,882204
7440,882695,3,882698
7441,882701,5,882706
7442,882784,31,882815
7443,882816,13,882829
7444,882970,22,882992
7445,883105,9,883114
7446,883165,10,883175
7447,883224,6,883230
7448,883282,12,883294
7449,883328,56,883384
7450,883388,23,883411
7451,883515,27,883542
7452,883588,4,883592
7453,883632,24,883656
7454,883662,56,883718
7455,883835,1,883836
7456,884026,50,884076
7457,884122,14,884136
7458,884143,20,884163
7459,884222,13,884235
7460,884311,2,884313
7461,884421,3,884424
7462,884440,24,884464
7463,884485,1,884486
7464,884668,5,884673
7465,884989,8,884997
7466,885140,7,885147
7467,885309,46,885355
7468,885620,17,885637
7469,885640,42,885682
7470,885844,4,885848
7471,886025,1,886026
7472,886108,2,886110
7473,886173,12,886185
7474,886243,18,886261
7475,886347,1,886348
7476,886443,36,886479
7477,886540,7,886547
7478,886632,2,886634
7479,886637,34,886671
7480,886693,22,886715
7481,886979,55,887034
7482,887298,17,887315
7483,887524,16,887540
7484,887796,2,887798
7485,887839,2,887841
7486,887915,13,887928
7487,887983,18,888001
7488,888013,31,888044
7489,888076,7,888083
7490,888162,8,888170
7491,888177,6,888183
7492,888330,74,888404
7493,888414,15,888429
7494,888527,24,888551
7495,888566,5,888571
7496,888618,44,888662
7497,888778,1,888779
7498,888785,10,888795
7499,888854,17,888871
7500,888950,5,888955
7501,889070,6,889076
7502,889163,3,889166
7503,889224,4,889228
7504,889251,35,889286
7505,889463,2,889465
7506,889609,24,889633
7507,889647,1,889648
7508,889814,2,889816
7509,890165,1,890166
7510,890171,27,890198
7511,890204,13,890217
7512,890482,48,890530
7513,890599,53,890652
7514,890654,18,890672
7515,890695,56,890751
7516,890851,30,890881
7517,891027,14,891041
7518,891120,4,891124
7519,891206,3,891209
7520,891367,9,891376
7521,891439,3,891442
7522,891567,6,891573
7523,891818,10,891828
7524,891926,4,891930
7525,891972,5,891977
7526,892139,26,892165
7527,892206,60,892266
7528,892289,15,892304
7529,892320,3,892323
7530,892338,51,892389
7531,892776,19,892795
7532,892908,16,892924
7533,892958,67,893025
7534,893056,55,893111
7535,893190,7,893197
7536,893210,51,893261
7537,893263,5,893268
7538,893492,24,893516
7539,893642,2,893644
7540,893943,28,893971
7541,894067,14,894081
7542,894335,20,894355
7543,894704,5,894709
7544,894725,11,894736
7545,894833,10,894843
7546,895013,3,895016
7547,895169,7,895176
7548,895189,4,895193
7549,895278,56,895334
7550,895524,11,895535
7551,895601,108,895709
7552,895923,32,895955
7553,895979,84,896063
7554,896418,85,896503
7555,896640,62,896702
7556,897071,6,897077
7557,897128,32,897160
7558,897254,5,897259
7559,897339,6,897345
7560,897361,21,897382
7561,897460,3,897463
7562,897723,9,897732
7563,897828,34,897862
7564,897951,14,897965
7565,898004,29,898033
7566,898049,17,898066
7567,898121,24,898145
7568,898335,14,898349
7569,898412,61,898473
7570,898642,77,898719
7571,898727,23,898750
7572,898792,34,898826
7573,898834,19,898853
7574,898904,2,898906
7575,899118,70,899188
7576,899355,1,899356
7577,899419,33,899452
7578,899496,34,899530
7579,899659,1,899660
7580,899913,1,899914
7581,899970,1,899971
7582,900014,6,900020
7583,900104,17,900121
7584,900145,11,900156
7585,900259,46,900305
7586,900713,38,900751
7587,900787,22,900809
7588,901028,41,901069
7589,901208,32,901240
7590,901270,21,901291
7591,901934,1,901935
7592,902040,6,902046
7593,902148,11,902159
7594,902165,12,902177
7595,902189,5,902194
7596,902399,14,902413
7597,902584,21,902605
7598,902716,2,902718
7599,902757,28,902785
7600,902921,22,902943
7601,903160,7,903167
7602,903171,59,903230
7603,903275,15,903290
7604,903317,11,903328
7605,903605,1,903606
7606,903628,2,903630
7607,903670,5,903675
7608,903715,24,903739
7609,904118,2,904120
7610,904365,12,904377
7611,904503,8,904511
7612,904523,5,904528
7613,904571,1,904572
7614,904589,28,904617
7615,904695,44,904739
7616,904835,4,904839
7617,904951,1,904952
7618,904990,13,905003
7619,905047,64,905111
7620,905225,18,905243
7621,905336,17,905353
7622,905529,25,905554
7623,905671,3,905674
7624,905769,58,905827
7625,905889,19,905908
7626,905931,14,905945
7627,905957,7,905964
7628,906082,2,906084
7629,906176,15,906191
7630,906254,26,906280
7631,906288,53,906341
7632,906393,36,906429
7633,906499,10,906509
7634,906643,32,906675
7635,906677,44,906721
7636,906726,8,906734
7637,906779,2,906781
7638,906894,2,906896
7639,906919,5,906924
7640,907188,25,907213
7641,907326,18,907344
7642,907630,24,907654
7643,907989,21,908010
7644,908168,18,908186
7645,908233,26,908259
7646,908369,8,908377
7647,908432,21,908453
7648,908462,2,908464
7649,908853,8,908861
7650,908945,1,908946
7651,909072,14,909086
7652,909294,10,909304
7653,909352,9,909361
7654,909402,17,909419
7655,909464,2,909466
7656,909521,13,909534
7657,909558,18,909576
7658,909761,10,909771
7659,909799,13,909812
7660,909915,45,909960
7661,910125,43,910168
7662,910241,58,910299
7663,910330,1,910331
7664,910433,14,910447
7665,910470,11,910481
7666,910648,12,910660
7667,910750,7,910757
7668,910933,30,910963
7669,910981,5,910986
7670,911006,29,911035
7671,911056,20,911076
7672,911196,16,911212
7673,911268,74,911342
7674,911501,7,911508
7675,911542,2,911544
7676,911813,43,911856
7677,911866,9,911875
7678,911966,4,911970
7679,911997,8,912005
7680,912029,2,912031
7681,912041,136,912177
7682,912251,37,912288
7683,912464,12,912476
7684,912540,7,912547
7685,912680,7,912687
7686,912723,15,912738
7687,912760,2,912762
7688,912780,16,912796
7689,912959,2,912961
7690,913017,26,913043
7691,913140,6,913146
7692,913231,56,913287
7693,913289,28,913317
7694,913397,23,913420
7695,913475,24,913499
7696,913558,19,913577
7697,913739,5,913744
7698,913783,6,913789
7699,913859,4,913863
7700,913941,10,913951
7701,914060,15,914075
7702,914113,14,914127
7703,914137,32,914169
7704,914301,7,914308
7705,914310,12,914322
7706,914350,1,914351
7707,914406,15,914421
7708,914497,3,914500
7709,914526,8,914534
7710,914563,26,914589
7711,914600,9,914609
7712,914622,43,914665
7713,914723,31,914754
7714,915058,11,915069
7715,915121,44,915165
7716,915198,17,915215
7717,915250,6,915256
7718,915260,13,915273
7719,915276,15,915291
7720,915417,42,915459
7721,915638,9,915647
7722,915713,6,915719
7723,915872,4,915876
7724,916271,21,916292
7725,916327,35,916362
7726,916429,25,916454
7727,916525,24,916549
7728,916606,6,916612
7729,916814,64,916878
7730,916933,5,916938
7731,917019,3,917022
7732,917085,3,917088
7733,917234,74,917308
7734,917479,46,917525
7735,917622,37,917659
7736,918004,18,918022
7737,918046,34,918080
7738,918194,5,918199
7739,918325,27,918352
7740,918436,22,918458
7741,918523,55,918578
7742,918584,40,918624
7743,918741,37,918778
7744,918796,9,918805
7745,918955,11,918966
7746,919153,6,919159
7747,919313,20,919333
7748,919696,109,919805
7749,919829,13,919842
7750,920135,37,920172
7751,920302,3,920305
7752,920371,7,920378
7753,920421,30,920451
7754,920547,10,920557
7755,920642,29,920671
7756,920692,4,920696
7757,920731,22,920753
7758,920915,43,920958
7759,921120,7,921127
7760,921268,2,921270
7761,921295,21,921316
7762,921357,5,921362
7763,921406,9,921415
7764,921575,33,921608
7765,921614,4,921618
7766,921654,14,921668
7767,921997,6,922003
7768,922197,20,922217
7769,922276,24,922300
7770,922370,30,922400
7771,922415,56,922471
7772,922550,23,922573
7773,922616,5,922621
7774,922711,98,922809
7775,922844,5,922849
7776,923034,25,923059
7777,923089,16,923105
7778,923478,1,923479
7779,923619,2,923621
7780,923692,16,923708
7781,923891,9,923900
7782,923944,10,923954
7783,924094,48,924142
7784,924383,11,924394
7785,924458,5,924463
7786,924465,5,924470
7787,924503,15,924518
7788,924535,25,924560
7789,924604,57,924661
7790,924667,11,924678
7791,924730,52,924782
7792,925036,29,925065
7793,925470,3,925473
7794,925555,1,925556
7795,925665,30,925695
7796,925797,32,925829
7797,926060,63,926123
7798,926435,12,926447
7799,926540,22,926562
7800,926600,2,926602
7801,926743,19,926762
7802,926785,45,926830
7803,927043,2,927045
7804,927140,50,927190
7805,927203,32,927235
7806,927288,23,927311
7807,927354,39,927393
7808,927470,4,927474
7809,927656,3,927659
7810,927789,6,927795
7811,928194,11,928205
7812,928265,4,928269
7813,928334,17,928351
7814,928415,1,928416
7815,928560,23,928583
7816,928599,35,928634
7817,928654,45,928699
7818,928825,23,928848
7819,928913,8,928921
7820,929194,4,929198
7821,929239,21,929260
7822,929483,14,929497
7823,929500,9,929509
7824,929618,3,929621
7825,929632,4,929636
7826,929687,9,929696
7827,929743,2,929745
7828,929874,5,929879
7829,929928,20,929948
7830,930110,9,930119
7831,930531,2,930533
7832,930563,6,930569
7833,930570,16,930586
7834,930687,70,930757
7835,930816,17,930833
7836,930838,5,930843
7837,930942,15,930957
7838,931013,2,931015
7839,931020,19,931039
7840,931234,44,931278
7841,931371,39,931410
7842,931433,2,931435
7843,931531,2,931533
7844,931720,12,931732
7845,931817,4,931821
7846,932323,15,932338
7847,932361,3,932364
7848,932437,23,932460
7849,932508,23,932531
7850,932547,7,932554
7851,932597,9,932606
7852,932630,7,932637
7853,932762,14,932776
7854,932938,3,932941
7855,932970,4,932974
7856,933153,25,933178
7857,933207,58,933265
7858,933386,9,933395
7859,933404,2,933406
7860,933457,54,933511
7861,933602,7,933609
7862,933617,22,933639
7863,933757,15,933772
7864,933774,47,933821
7865,933850,10,933860
7866,933883,5,933888
7867,934015,7,934022
7868,934028,13,934041
7869,934169,4,934173
7870,934298,2,934300
7871,934336,31,934367
7872,934430,8,934438
7873,934611,5,934616
7874,934704,6,934710
7875,934745,34,934779
7876,934814,15,934829
7877,934862,20,934882
7878,934966,14,934980
7879,935315,51,935366
7880,935387,9,935396
7881,935453,31,935484
7882,935833,9,935842
7883,936279,15,936294
7884,936319,24,936343
7885,936385,13,936398
7886,936473,14,936487
7887,936513,2,936515
7888,936589,26,936615
7889,936687,15,936702
7890,936782,65,936847
7891,936943,64,937007
7892,937116,11,937127
7893,937214,18,937232
7894,937243,8,937251
7895,937314,37,937351
7896,937513,1,937514
7897,937619,77,937696
7898,937844,37,937881
7899,937928,24,937952
7900,938109,9,938118
7901,938131,22,938153
7902,938278,5,938283
7903,938456,35,938491
7904,938526,19,938545
7905,938928,2,938930
7906,938968,12,938980
7907,939002,14,939016
7908,939031,12,939043
7909,939062,58,939120
7910,939231,101,939332
7911,939354,13,939367
7912,939390,10,939400
7913,939684,12,939696
7914,939760,6,939766
7915,940054,39,940093
7916,940437,61,940498
7917,940587,52,940639
7918,940766,2,940768
7919,940806,25,940831
7920,940871,65,940936
7921,941037,11,941048
7922,941128,7,941135
7923,941573,16,941589
7924,941691,33,941724
7925,941754,78,941832
7926,942085,7,942092
7927,942199,55,942254
7928,942375,15,942390
7929,942497,38,942535
7930,942654,16,942670
7931,942737,53,942790
7932,942846,31,942877
7933,942968,15,942983
7934,943027,39,943066
7935,943201,19,943220
7936,943231,33,943264
7937,943272,24,943296
7938,943534,3,943537
7939,943554,14,943568
7940,943609,13,943622
7941,943664,6,943670
7942,943675,4,943679
7943,944079,5,944084
7944,944094,7,944101
7945,944109,12,944121
7946,944137,18,944155
7947,944392,27,944419
7948,944593,23,944616
7949,944925,12,944937
7950,944953,8,944961
7951,944971,4,944975
7952,945058,3,945061
7953,945096,1,945097
7954,945121,66,945187
7955,945298,2,945300
7956,945306,18,945324
7957,945428,14,945442
7958,945498,6,945504
7959,945505,50,945555
7960,945573,16,945589
7961,945609,1,945610
7962,945638,12,945650
7963,945689,27,945716
7964,945744,35,945779
7965,945927,3,945930
7966,946043,2,946045
7967,946087,13,946100
7968,946278,25,946303
7969,946357,15,946372
7970,946434,39,946473
7971,946501,9,946510
7972,946837,10,946847
7973,946850,22,946872
7974,946900,8,946908
7975,947027,14,947041
7976,947100,8,947108
7977,947222,22,947244
7978,947262,14,947276
7979,947333,5,947338
7980,947709,4,947713
7981,947736,14,947750
7982,947764,47,947811
7983,948029,11,948040
7984,948088,12,948100
7985,948123,15,948138
7986,948180,13,948193
7987,948402,19,948421
7988,948442,16,948458
7989,948552,9,948561
7990,948671,4,948675
7991,948750,13,948763
7992,948786,6,948792
7993,948851,1,948852
7994,948909,2,948911
7995,948970,18,948988
7996,949287,41,949328
7997,949365,12,949377
7998,949616,2,949618
7999,949730,24,949754
8000,949805,20,949825
8001,949938,19,949957
8002,950209,16,950225
8003,950228,37,950265
8004,950274,24,950298
8005,950299,26,950325
8006,950327,12,950339
8007,950449,1,950450
8008,950516,19,950535
8009,950543,51,950594
8010,950750,21,950771
8011,950878,16,950894
8012,951042,78,951120
8013,951187,16,951203
8014,951307,13,951320
8015,951429,2,951431
8016,951530,2,951532
8017,951943,5,951948
8018,951951,45,951996
8019,952071,5,952076
8020,952473,2,952475
8021,952480,5,952485
8022,952540,12,952552
8023,952716,4,952720
8024,952763,5,952768
8025,952774,12,952786
8026,953016,37,953053
8027,953064,25,953089
8028,953108,14,953122
8029,953145,38,953183
8030,953318,4,953322
8031,953379,1,953380
8032,953486,14,953500
8033,953596,16,953612
8034,953623,21,953644
8035,953844,13,953857
8036,953968,30,953998
8037,954031,1,954032
8038,954045,54,954099
8039,954222,3,954225
8040,954226,6,954232
8041,954312,41,954353
8042,954530,18,954548
8043,954615,3,954618
8044,954638,77,954715
8045,954948,41,954989
8046,955043,16,955059
8047,955065,5,955070
8048,955071,26,955097
8049,955180,28,955208
8050,955371,5,955376
8051,955470,22,955492
8052,955500,3,955503
8053,955617,11,955628
8054,955701,6,955707
8055,955735,7,955742
8056,955794,16,955810
8057,955929,5,955934
8058,956009,3,956012
8059,956071,16,956087
8060,956173,41,956214
8061,956219,3,956222
8062,956284,43,956327
8063,956391,43,956434
8064,956526,73,956599
8065,956613,18,956631
8066,956634,1,956635
8067,956841,4,956845
8068,957173,4,957177
8069,957204,17,957221
8070,957299,24,957323
8071,957487,38,957525
8072,957659,34,957693
8073,957804,34,957838
8074,958066,1,958067
8075,958128,3,958131
8076,958162,31,958193
8077,958215,12,958227
8078,958412,2,958414
8079,958690,5,958695
8080,958741,5,958746
8081,958873,30,958903
8082,958965,3,958968
8083,958996,8,959004
8084,959173,6,959179
8085,959294,21,959315
8086,959579,94,959673
8087,959734,34,959768
8088,959793,31,959824
8089,959878,20,959898
8090,959902,6,959908
8091,960081,19,960100
8092,960289,24,960313
8093,960592,4,960596
8094,960982,24,961006
8095,961016,38,961054
8096,961059,4,961063
8097,961204,105,961309
8098,961427,11,961438
8099,961447,17,961464
8100,961487,3,961490
8101,961877,1,961878
8102,961972,55,962027
8103,962121,52,962173
8104,962183,5,962188
8105,962261,53,962314
8106,962332,10,962342
8107,962526,18,962544
8108,962715,13,962728
8109,962805,21,962826
8110,962831,5,962836
8111,962843,15,962858
8112,962862,28,962890
8113,962892,13,962905
8114,962984,17,963001
8115,963080,1,963081
8116,963088,24,963112
8117,963186,19,963205
8118,963213,20,963233
8119,963249,8,963257
8120,963306,1,963307
8121,963378,12,963390
8122,963574,27,963601
8123,963668,55,963723
8124,963747,8,963755
8125,963783,28,963811
8126,963848,30,963878
8127,963954,19,963973
8128,964004,41,964045
8129,964067,28,964095
8130,964374,23,964397
8131,964473,3,964476
8132,964607,15,964622
8133,964648,10,964658
8134,964686,19,964705
8135,964716,82,964798
8136,964807,6,964813
8137,964897,1,964898
8138,964982,3,964985
8139,965094,3,965097
8140,965396,32,965428
8141,965485,12,965497
8142,965643,18,965661
8143,965711,40,965751
8144,965811,21,965832
8145,965919,20,965939
8146,966031,10,966041
8147,966052,4,966056
8148,966224,45,966269
8149,966336,27,966363
8150,966470,11,966481
8151,966640,7,966647
8152,966866,16,966882
8153,967011,21,967032
8154,967117,17,967134
8155,967171,27,967198
8156,967324,7,967331
8157,967374,5,967379
8158,967405,6,967411
8159,967635,5,967640
8160,967751,14,967765
8161,967773,24,967797
8162,967863,26,967889
8163,967994,16,968010
8164,968040,115,968155
8165,968615,4,968619
8166,968628,3,968631
8167,968642,31,968673
8168,968695,18,968713
8169,968927,1,968928
8170,969119,34,969153
8171,969274,19,969293
8172,969327,56,969383
8173,969418,61,969479
8174,969554,46,969600
8175,969642,47,969689
8176,969965,4,969969
8177,970020,6,970026
8178,970092,11,970103
8179,970249,28,970277
8180,970344,19,970363
8181,970417,27,970444
8182,970560,85,970645
8183,970742,2,970744
8184,970793,36,970829
8185,971138,5,971143
8186,971180,41,971221
8187,971235,20,971255
8188,971280,12,971292
8189,971410,5,971415
8190,971427,22,971449
8191,971502,6,971508
8192,971711,7,971718
8193,971875,3,971878
8194,972142,23,972165
8195,972180,16,972196
8196,972371,7,972378
8197,972428,34,972462
8198,972630,6,972636
8199,972761,2,972763
8200,973163,16,973179
8201,973260,6,973266
8202,973775,38,973813
8203,973935,15,973950
8204,974134,38,974172
8205,974304,8,974312
8206,974418,2,974420
8207,974682,8,974690
8208,974885,17,974902
8209,974979,2,974981
8210,974999,33,975032
8211,975086,81,975167
8212,975340,17,975357
8213,975399,19,975418
8214,975464,7,975471
8215,975493,20,975513
8216,975854,1,975855
8217,975989,9,975998
8218,976161,3,976164
8219,976185,7,976192
8220,976249,4,976253
8221,976319,1,976320
8222,976429,29,976458
8223,976607,5,976612
8224,976658,16,976674
8225,976744,3,976747
8226,976842,4,976846
8227,976866,19,976885
8228,976890,60,976950
8229,976953,25,976978
8230,977021,3,977024
8231,977061,7,977068
8232,977092,25,977117
8233,977218,16,977234
8234,977537,25,977562
8235,977748,1,977749
8236,978014,19,978033
8237,978134,21,978155
8238,978279,9,978288
8239,978293,8,978301
8240,978429,33,978462
8241,978606,13,978619
8242,978628,64,978692
8243,978715,10,978725
8244,978740,7,978747
8245,978844,62,978906
8246,978938,7,978945
8247,979008,42,979050
8248,979118,27,979145
8249,979312,25,979337
8250,979542,35,979577
8251,979700,12,979712
8252,979719,9,979728
8253,979823,23,979846
8254,979885,8,979893
8255,979946,13,979959
8256,980078,33,980111
8257,980163,74,980237
8258,980245,5,980250
8259,980409,6,980415
8260,980530,1,980531
8261,980607,7,980614
8262,980682,3,980685
8263,981211,21,981232
8264,981711,76,981787
8265,981896,6,981902
8266,981903,7,981910
8267,982082,11,982093
8268,982094,35,982129
8269,982201,31,982232
8270,982343,5,982348
8271,982391,8,982399
8272,982578,48,982626
8273,982699,11,982710
8274,982711,26,982737
8275,982781,20,982801
8276,982922,13,982935
8277,983131,3,983134
8278,983227,15,983242
8279,983334,12,983346
8280,983474,7,983481
8281,983569,16,983585
8282,983646,2,983648
8283,983675,38,983713
8284,983744,6,983750
8285,983774,23,983797
8286,983924,14,983938
8287,984062,71,984133
8288,984223,24,984247
8289,984309,38,984347
8290,984399,5,984404
8291,984407,10,984417
8292,984708,42,984750
8293,984923,17,984940
8294,985037,3,985040
8295,985119,3,985122
8296,985147,4,985151
8297,985213,4,985217
8298,985333,3,985336
8299,985357,37,985394
8300,985420,13,985433
8301,985531,6,985537
8302,985603,23,985626
8303,985824,1,985825
8304,985984,2,985986
8305,986234,17,986251
8306,986367,7,986374
8307,986452,1,986453
8308,986455,1,986456
8309,986485,1,986486
8310,986544,13,986557
8311,986725,18,986743
8312,986811,44,986855
8313,987028,51,987079
8314,987292,19,987311
8315,987468,3,987471
8316,987483,20,987503
8317,987544,34,987578
8318,987603,14,987617
8319,987635,25,987660
8320,987993,36,988029
8321,988282,12,988294
8322,988523,50,988573
8323,988697,4,988701
8324,988798,37,988835
8325,988880,3,988883
8326,988884,14,988898
8327,988963,133,989096
8328,989337,17,989354
8329,989397,21,989418
8330,989527,24,989551
8331,989673,1,989674
8332,989847,21,989868
8333,989877,10,989887
8334,989961,31,989992
8335,990024,57,990081
8336,990372,20,990392
8337,990561,40,990601
8338,990673,15,990688
8339,990690,16,990706
8340,990736,8,990744
8341,990992,11,991003
8342,991005,1,991006
8343,991050,61,991111
8344,991263,50,991313
8345,991321,5,991326
8346,991355,4,991359
8347,991507,19,991526
8348,991583,13,991596
8349,991670,7,991677
8350,991697,14,991711
8351,991850,8,991858
8352,991887,15,991902
8353,991964,9,991973
8354,992044,16,992060
8355,992093,3,992096
8356,992113,35,992148
8357,992216,13,992229
8358,992234,38,992272
8359,992417,53,992470
8360,992511,6,992517
8361,992584,9,992593
8362,992768,37,992805
8363,992907,23,992930
8364,993175,9,993184
8365,993236,3,993239
8366,993359,16,993375
8367,993520,23,993543
8368,993711,11,993722
8369,993763,16,993779
8370,993928,1,993929
8371,994415,14,994429
8372,994460,11,994471
8373,994497,18,994515
8374,994623,36,994659
8375,994913,9,994922
8376,994943,17,994960
8377,994986,16,995002
8378,995056,44,995100
8379,995123,51,995174
8380,995330,44,995374
8381,995378,28,995406
8382,995464,52,995516
8383,995604,5,995609
8384,995748,109,995857
8385,995924,2,995926
8386,996032,25,996057
8387,996228,1,996229
8388,996296,13,996309
8389,996547,21,996568
8390,996667,17,996684
8391,996820,9,996829
8392,996855,12,996867
8393,996921,2,996923
8394,997262,25,997287
8395,997456,46,997502
8396,997512,59,997571
8397,997723,90,997813
8398,997820,8,997828
8399,998079,2,998081
8400,998223,41,998264
8401,998445,10,998455
8402,998589,123,998712
8403,999060,27,999087
8404,999136,10,999146
8405,999188,42,999230
8406,999255,1,999256
8407,999356,4,999360
8408,999398,23,999421
8409,999424,9,999433
8410,999518,32,999550
8411,999563,34,999597
8412,999623,3,999626
8413,999670,3,999673
8414,999697,38,999735
8415,999742,17,999759
8416,999881,47,999928
8417,999943,31,999974
8418,1000097,31,1000128
8419,1000150,20,1000170
8420,1000219,18,1000237
8421,1000386,23,1000409
8422,1000601,14,1000615
8423,1000929,11,1000940
8424,1001003,48,1001051
8425,1001131,4,1001135
8426,1001161,1,1001162
8427,1001203,1,1001204
8428,1001249,9,1001258
8429,1001340,50,1001390
8430,1001419,5,1001424
8431,1001435,8,1001443
8432,1001537,21,1001558
8433,1002017,11,1002028
8434,1002287,32,1002319
8435,1002334,38,1002372
8436,1002373,78,1002451
8437,1002514,11,1002525
8438,1002677,37,1002714
8439,1002725,1,1002726
8440,1002745,31,1002776
8441,1002979,10,1002989
8442,1003039,15,1003054
8443,1003142,10,1003152
8444,1003173,24,1003197
8445,1003231,57,1003288
8446,1003302,4,1003306
8447,1003328,26,1003354
8448,1003428,13,1003441
8449,1003446,2,1003448
8450,1003461,7,1003468
8451,1003509,4,1003513
8452,1003584,11,1003595
8453,1003641,27,1003668
8454,1003726,19,1003745
8455,1003781,27,1003808
8456,1003812,27,1003839
8457,1003902,35,1003937
8458,1004203,4,1004207
8459,1004287,7,1004294
8460,1004317,4,1004321
8461,1004403,6,1004409
8462,1004446,33,1004479
8463,1004689,8,1004697
8464,1004897,8,1004905
8465,1005025,1,1005026
8466,1005065,31,1005096
8467,1005208,32,1005240
8468,1005312,15,1005327
8469,1005357,8,1005365
8470,1005393,31,1005424
8471,1005618,17,1005635
8472,1005688,1,1005689
8473,1005972,10,1005982
8474,1006374,23,1006397
8475,1006404,20,1006424
8476,1006425,36,1006461
8477,1006766,2,1006768
8478,1006789,5,1006794
8479,1006950,10,1006960
8480,1006988,39,1007027
8481,1007129,34,1007163
8482,1007354,34,1007388
8483,1007421,5,1007426
8484,1007512,7,1007519
8485,1007601,4,1007605
8486,1007626,15,1007641
8487,1007709,19,1007728
8488,1007733,29,1007762
8489,1007767,61,1007828
8490,1007843,5,1007848
8491,1007992,47,1008039
8492,1008060,1,1008061
8493,1008096,14,1008110
8494,1008261,18,1008279
8495,1008446,8,1008454
8496,1008455,2,1008457
8497,1008668,19,1008687
8498,1008695,76,1008771
8499,1008808,14,1008822
8500,1009031,6,1009037
8501,1009123,15,1009138
8502,1009375,1,1009376
8503,1009628,51,1009679
8504,1009717,58,1009775
8505,1009844,30,1009874
8506,1010124,44,1010168
8507,1010256,20,1010276
8508,1010404,23,1010427
8509,1010570,1,1010571
8510,1010826,2,1010828
8511,1010872,5,1010877
8512,1011149,2,1011151
8513,1011457,25,1011482
8514,1011534,18,1011552
8515,1011686,16,1011702
8516,1012083,22,1012105
8517,1012225,2,1012227
8518,1012312,18,1012330
8519,1012404,2,1012406
8520,1012513,22,1012535
8521,1012588,30,1012618
8522,1012759,7,1012766
8523,1012899,23,1012922
8524,1012987,34,1013021
8525,1013092,28,1013120
8526,1013297,38,1013335
8527,1013439,16,1013455
8528,1013785,77,1013862
8529,1013955,5,1013960
8530,1014089,8,1014097
8531,1014148,10,1014158
8532,1014248,1,1014249
8533,1014285,1,1014286
8534,1014318,4,1014322
8535,1014345,21,1014366
8536,1014449,6,1014455
8537,1014691,39,1014730
8538,1014914,27,1014941
8539,1014997,4,1015001
8540,1015158,5,1015163
8541,1015234,20,1015254
8542,1015328,11,1015339
8543,1015406,14,1015420
8544,1015519,30,1015549
8545,1015611,1,1015612
8546,1015690,81,1015771
8547,1015899,21,1015920
8548,1015950,1,1015951
8549,1016055,31,1016086
8550,1016163,4,1016167
8551,1016229,1,1016230
8552,1016358,6,1016364
8553,1016389,14,1016403
8554,1016527,18,1016545
8555,1016784,4,1016788
8556,1016818,10,1016828
8557,1016838,20,1016858
8558,1016942,3,1016945
8559,1017161,59,1017220
8560,1017265,36,1017301
8561,1017340,2,1017342
8562,1017442,37,1017479
8563,1017680,8,1017688
8564,1017718,55,1017773
8565,1017970,15,1017985
8566,1018013,4,1018017
8567,1018356,36,1018392
8568,1018544,4,1018548
8569,1018767,3,1018770
8570,1018790,9,1018799
8571,1018839,62,1018901
8572,1018906,11,1018917
8573,1018925,7,1018932
8574,1019370,12,1019382
8575,1019514,14,1019528
8576,1019574,6,1019580
8577,1019690,5,1019695
8578,1019807,25,1019832
8579,1019884,7,1019891
8580,1020079,7,1020086
8581,1020187,1,1020188
8582,1020300,12,1020312
8583,1020421,14,1020435
8584,1020487,4,1020491
8585,1020591,5,1020596
8586,1020617,4,1020621
8587,1020707,3,1020710
8588,1020737,46,1020783
8589,1020799,4,1020803
8590,1020842,20,1020862
8591,1020970,6,1020976
8592,1021118,2,1021120
8593,1021143,11,1021154
8594,1021175,5,1021180
8595,1021191,8,1021199
8596,1021344,137,1021481
8597,1021489,14,1021503
8598,1021624,19,1021643
8599,1021670,1,1021671
8600,1021834,27,1021861
8601,1021947,41,1021988
8602,1022002,14,1022016
8603,1022063,1,1022064
8604,1022099,20,1022119
8605,1022151,5,1022156
8606,1022224,18,1022242
8607,1022286,23,1022309
8608,1022359,19,1022378
8609,1022407,17,1022424
8610,1022485,29,1022514
8611,1022613,2,1022615
8612,1022684,15,1022699
8613,1022718,4,1022722
8614,1022949,4,1022953
8615,1022996,1,1022997
8616,1023010,26,1023036
8617,1023051,54,1023105
8618,1023462,63,1023525
8619,1023704,10,1023714
8620,1023784,59,1023843
8621,1023932,29,1023961
8622,1024079,16,1024095
8623,1024363,34,1024397
8624,1024406,9,1024415
8625,1024434,31,1024465
8626,1024506,5,1024511
8627,1024534,29,1024563
8628,1024639,3,1024642
8629,1025125,3,1025128
8630,1025297,1,1025298
8631,1025568,14,1025582
8632,1025639,1,1025640
8633,1025791,24,1025815
8634,1026080,16,1026096
8635,1026144,33,1026177
8636,1026191,23,1026214
8637,1026230,3,1026233
8638,1026319,14,1026333
8639,1026422,6,1026428
8640,1026503,5,1026508
8641,1026543,51,1026594
8642,1026708,11,1026719
8643,1026733,46,1026779
8644,1026972,36,1027008
8645,1027047,20,1027067
8646,1027100,2,1027102
8647,1027223,9,1027232
8648,1027425,3,1027428
8649,1027635,16,1027651
8650,1027818,26,1027844
8651,1028027,8,1028035
8652,1028078,1,1028079
8653,1028132,18,1028150
8654,1028290,9,1028299
8655,1028339,14,1028353
8656,1028364,3,1028367
8657,1028434,18,1028452
8658,1028546,12,1028558
8659,1028591,15,1028606
8660,1028715,3,1028718
8661,1028746,41,1028787
8662,1028791,1,1028792
8663,1028971,7,1028978
8664,1029193,4,1029197
8665,1029254,25,1029279
8666,1029285,27,1029312
8667,1029369,2,1029371
8668,1029737,4,1029741
8669,1029776,13,1029789
8670,1029807,9,1029816
8671,1030033,47,1030080
8672,1030283,13,1030296
8673,1030341,5,1030346
8674,1030408,21,1030429
8675,1030475,1,1030476
8676,1030507,65,1030572
8677,1030592,15,1030607
8678,1030615,1,1030616
8679,1030695,2,1030697
8680,1031011,33,1031044
8681,1031062,28,1031090
8682,1031136,10,1031146
8683,1031185,23,1031208
8684,1031344,16,1031360
8685,1031439,9,1031448
8686,1031598,15,1031613
8687,1031648,41,1031689
8688,1031805,6,1031811
8689,1031828,3,1031831
8690,1031855,26,1031881
8691,1031897,17,1031914
8692,1032066,20,1032086
8693,1032169,4,1032173
8694,1032360,8,1032368
8695,1032616,35,1032651
8696,1032658,12,1032670
8697,1032730,3,1032733
8698,1032906,15,1032921
8699,1033064,44,1033108
8700,1033153,39,1033192
8701,1033210,7,1033217
8702,1033296,12,1033308
8703,1033437,26,1033463
8704,1033649,131,1033780
8705,1033840,2,1033842
8706,1033940,19,1033959
8707,1034149,2,1034151
8708,1034180,17,1034197
8709,1034546,42,1034588
8710,1034603,16,1034619
8711,1034685,2,1034687
8712,1034740,26,1034766
8713,1034914,16,1034930
8714,1034946,21,1034967
8715,1035047,29,1035076
8716,1035093,38,1035131
8717,1035135,41,1035176
8718,1035409,22,1035431
8719,1035434,77,1035511
8720,1035584,1,1035585
8721,1035725,3,1035728
8722,1035814,3,1035817
8723,1035944,27,1035971
8724,1035995,9,1036004
8725,1036070,4,1036074
8726,1036190,12,1036202
8727,1036413,5,1036418
8728,1036449,12,1036461
8729,1036481,6,1036487
8730,1036523,20,1036543
8731,1036574,2,1036576
8732,1036588,3,1036591
8733,1036669,28,1036697
8734,1036842,35,1036877
8735,1037029,9,1037038
8736,1037276,31,1037307
8737,1037437,2,1037439
8738,1037520,16,1037536
8739,1037581,13,1037594
8740,1037601,6,1037607
8741,1037823,4,1037827
8742,1038069,1,1038070
8743,1038103,1,1038104
8744,1038133,24,1038157
8745,1038174,16,1038190
8746,1038222,10,1038232
8747,1038285,15,1038300
8748,1038346,2,1038348
8749,1038370,19,1038389
8750,1038446,18,1038464
8751,1038568,26,1038594
8752,1038784,21,1038805
8753,1038979,12,1038991
8754,1039146,10,1039156
8755,1039358,12,1039370
8756,1039553,35,1039588
8757,1039643,16,1039659
8758,1039867,40,1039907
8759,1039980,7,1039987
8760,1040051,3,1040054
8761,1040075,18,1040093
8762,1040255,11,1040266
8763,1040301,4,1040305
8764,1040752,15,1040767
8765,1040970,16,1040986
8766,1040996,20,1041016
8767,1041444,9,1041453
8768,1041822,2,1041824
8769,1042162,34,1042196
8770,1042285,39,1042324
8771,1042344,58,1042402
8772,1042918,1,1042919
8773,1043039,48,1043087
8774,1043198,4,1043202
8775,1043289,19,1043308
8776,1043407,24,1043431
8777,1043501,19,1043520
8778,1043545,10,1043555
8779,1043575,36,1043611
8780,1043680,3,1043683
8781,1043694,10,1043704
8782,1043767,15,1043782
8783,1043808,27,1043835
8784,1043921,3,1043924
8785,1043981,8,1043989
8786,1044036,1,1044037
8787,1044082,4,1044086
8788,1044489,7,1044496
8789,1044572,12,1044584
8790,1045053,16,1045069
8791,1045070,47,1045117
8792,1045186,3,1045189
8793,1045231,20,1045251
8794,1045363,10,1045373
8795,1045425,2,1045427
8796,1045520,6,1045526
8797,1045610,16,1045626
8798,1045750,9,1045759
8799,1045859,45,1045904
8800,1045932,10,1045942
8801,1045945,9,1045954
8802,1046033,16,1046049
8803,1046057,5,1046062
8804,1046064,35,1046099
8805,1046114,29,1046143
8806,1046325,5,1046330
8807,1046459,4,1046463
8808,1046746,3,1046749
8809,1046850,26,1046876
8810,1046946,12,1046958
8811,1047008,4,1047012
8812,1047079,8,1047087
8813,1047102,1,1047103
8814,1047261,10,1047271
8815,1047292,24,1047316
8816,1047751,26,1047777
8817,1047916,2,1047918
8818,1048103,19,1048122
8819,1048158,12,1048170
8820,1048209,20,1048229
8821,1048245,8,1048253
8822,1048257,2,1048259
8823,1048383,13,1048396
8824,1048646,108,1048754
8825,1048852,25,1048877
8826,1048947,41,1048988
8827,1049007,17,1049024
8828,1049028,9,1049037
8829,1049069,32,1049101
8830,1049109,31,1049140
8831,1049204,2,1049206
8832,1049259,35,1049294
8833,1049318,82,1049400
8834,1049661,22,1049683
8835,1049692,1,1049693
8836,1050154,2,1050156
8837,1050222,26,1050248
8838,1050308,2,1050310
8839,1050329,28,1050357
8840,1050374,22,1050396
8841,1050447,78,1050525
8842,1050633,13,1050646
8843,1050801,5,1050806
8844,1051096,10,1051106
8845,1051183,39,1051222
8846,1051236,6,1051242
8847,1051246,6,1051252
8848,1051281,6,1051287
8849,1051300,2,1051302
8850,1051345,15,1051360
8851,1051422,17,1051439
8852,1051451,4,1051455
8853,1051552,24,1051576
8854,1051614,39,1051653
8855,1051810,16,1051826
8856,1051845,8,1051853
8857,1052077,9,1052086
8858,1052218,22,1052240
8859,1052264,32,1052296
8860,1052390,21,1052411
8861,1052529,2,1052531
8862,1052544,30,1052574
8863,1052662,4,1052666
8864,1052912,22,1052934
8865,1052979,23,1053002
8866,1053045,63,1053108
8867,1053183,29,1053212
8868,1053242,19,1053261
8869,1053359,31,1053390
8870,1053585,14,1053599
8871,1053620,6,1053626
8872,1053753,42,1053795
8873,1053799,20,1053819
8874,1053893,16,1053909
8875,1053942,2,1053944
8876,1053976,8,1053984
8877,1054040,7,1054047
8878,1054228,19,1054247
8879,1054417,2,1054419
8880,1054527,7,1054534
8881,1054536,7,1054543
8882,1054590,78,1054668
8883,1054797,14,1054811
8884,1055079,8,1055087
8885,1055110,7,1055117
8886,1055180,6,1055186
8887,1055262,23,1055285
8888,1055303,15,1055318
8889,1055337,15,1055352
8890,1055379,1,1055380
8891,1055429,4,1055433
8892,1055444,7,1055451
8893,1055554,41,1055595
8894,1055682,1,1055683
8895,1055755,5,1055760
8896,1055812,3,1055815
8897,1056058,53,1056111
8898,1056265,34,1056299
8899,1056313,17,1056330
8900,1056345,18,1056363
8901,1056435,3,1056438
8902,1056456,22,1056478
8903,1056566,60,1056626
8904,1056678,18,1056696
8905,1056766,55,1056821
8906,1056945,20,1056965
8907,1057368,2,1057370
8908,1057379,78,1057457
8909,1057504,3,1057507
8910,1057598,10,1057608
8911,1057645,20,1057665
8912,1057734,1,1057735
8913,1057907,19,1057926
8914,1057994,14,1058008
8915,1058225,12,1058237
8916,1058311,14,1058325
8917,1058353,1,1058354
8918,1058362,47,1058409
8919,1058659,39,1058698
8920,1058756,51,1058807
8921,1058852,17,1058869
8922,1059049,30,1059079
8923,1059132,2,1059134
8924,1059161,10,1059171
8925,1059199,14,1059213
8926,1059230,1,1059231
8927,1059590,24,1059614
8928,1059669,30,1059699
8929,1059779,9,1059788
8930,1059817,18,1059835
8931,1059842,14,1059856
8932,1060026,12,1060038
8933,1060147,13,1060160
8934,1060278,49,1060327
8935,1060410,16,1060426
8936,1060546,36,1060582
8937,1060641,17,1060658
8938,1060667,13,1060680
8939,1060714,4,1060718
8940,1060752,19,1060771
8941,1060922,87,1061009
8942,1061058,27,1061085
8943,1061145,9,1061154
8944,1061213,43,1061256
8945,1061305,7,1061312
8946,1061345,12,1061357
8947,1061392,13,1061405
8948,1061601,7,1061608
8949,1061611,29,1061640
8950,1061767,10,1061777
8951,1061834,1,1061835
8952,1061873,23,1061896
8953,1061945,5,1061950
8954,1061984,19,1062003
8955,1062005,24,1062029
8956,1062098,6,1062104
8957,1062206,13,1062219
8958,1062253,17,1062270
8959,1062359,14,1062373
8960,1062375,53,1062428
8961,1062432,69,1062501
8962,1062614,32,1062646
8963,1062737,125,1062862
8964,1062881,37,1062918
8965,1062975,10,1062985
8966,1063052,31,1063083
8967,1063197,36,1063233
8968,1063436,49,1063485
8969,1063489,37,1063526
8970,1063646,4,1063650
8971,1063732,9,1063741
8972,1063769,25,1063794
8973,1063815,22,1063837
8974,1063933,23,1063956
8975,1064110,4,1064114
8976,1064194,5,1064199
8977,1064201,1,1064202
8978,1064234,17,1064251
8979,1064384,8,1064392
8980,1064427,4,1064431
8981,1064469,29,1064498
8982,1064554,29,1064583
8983,1064852,6,1064858
8984,1065001,16,1065017
8985,1065091,16,1065107
8986,1065619,23,1065642
8987,1065737,38,1065775
8988,1065830,12,1065842
8989,1065910,22,1065932
8990,1066031,18,1066049
8991,1066088,16,1066104
8992,1066119,23,1066142
8993,1066297,41,1066338
8994,1066523,9,1066532
8995,1066561,29,1066590
8996,1066609,22,1066631
8997,1066660,15,1066675
8998,1067149,2,1067151
8999,1067152,3,1067155
9000,1067160,6,1067166
9001,1067202,3,1067205
9002,1067235,16,1067251
9003,1067372,15,1067387
9004,1067586,31,1067617
9005,1067635,12,1067647
9006,1067768,14,1067782
9007,1067827,1,1067828
9008,1067912,32,1067944
9009,1068011,2,1068013
9010,1068096,41,1068137
9011,1068254,19,1068273
9012,1068284,2,1068286
9013,1068301,7,1068308
9014,1068327,24,1068351
9015,1068421,3,1068424
9016,1068696,7,1068703
9017,1068711,22,1068733
9018,1068955,35,1068990
9019,1069070,27,1069097
9020,1069144,4,1069148
9021,1069177,6,1069183
9022,1069214,6,1069220
9023,1069232,27,1069259
9024,1069269,1,1069270
9025,1069432,13,1069445
9026,1069664,7,1069671
9027,1069679,17,1069696
9028,1069829,1,1069830
9029,1070092,24,1070116
9030,1070138,14,1070152
9031,1070175,2,1070177
9032,1070182,14,1070196
9033,1070288,15,1070303
9034,1070315,4,1070319
9035,1070595,10,1070605
9036,1070621,16,1070637
9037,1070660,1,1070661
9038,1070822,9,1070831
9039,1070837,4,1070841
9040,1070858,13,1070871
9041,1070942,15,1070957
9042,1070998,5,1071003
9043,1071025,25,1071050
9044,1071065,34,1071099
9045,1071100,11,1071111
9046,1071303,12,1071315
9047,1071339,16,1071355
9048,1071441,7,1071448
9049,1071456,2,1071458
9050,1071485,13,1071498
9051,1071559,4,1071563
9052,1071576,19,1071595
9053,1071847,2,1071849
9054,1072039,25,1072064
9055,1072193,10,1072203
9056,1072340,44,1072384
9057,1072448,2,1072450
9058,1072896,6,1072902
9059,1072911,23,1072934
9060,1072942,7,1072949
9061,1072994,2,1072996
9062,1073169,8,1073177
9063,1073406,13,1073419
9064,1073421,64,1073485
9065,1073610,5,1073615
9066,1073662,74,1073736
9067,1073741,18,1073759
9068,1073880,7,1073887
9069,1073941,39,1073980
9070,1074001,43,1074044
9071,1074172,1,1074173
9072,1074228,48,1074276
9073,1074440,15,1074455
9074,1074495,49,1074544
9075,1074600,19,1074619
9076,1074680,10,1074690
9077,1074932,3,1074935
9078,1075029,34,1075063
9079,1075258,13,1075271
9080,1075344,32,1075376
9081,1075484,61,1075545
9082,1075621,26,1075647
9083,1075649,51,1075700
9084,1075827,12,1075839
9085,1075844,3,1075847
9086,1075987,2,1075989
9087,1076162,14,1076176
9088,1076191,51,1076242
9089,1076331,20,1076351
9090,1076368,10,1076378
9091,1076562,2,1076564
9092,1076618,2,1076620
9093,1076859,18,1076877
9094,1076915,20,1076935
9095,1076954,8,1076962
9096,1077079,9,1077088
9097,1077091,10,1077101
9098,1077322,27,1077349
9099,1077387,22,1077409
9100,1077430,15,1077445
9101,1077544,6,1077550
9102,1077569,3,1077572
9103,1077694,14,1077708
9104,1077817,6,1077823
9105,1077855,55,1077910
9106,1077975,19,1077994
9107,1078052,43,1078095
9108,1078144,19,1078163
9109,1078180,54,1078234
9110,1078260,10,1078270
9111,1078392,40,1078432
9112,1078510,19,1078529
9113,1078628,11,1078639
9114,1078663,14,1078677
9115,1078749,9,1078758
9116,1078809,5,1078814
9117,1078946,9,1078955
9118,1079018,8,1079026
9119,1079222,4,1079226
9120,1079246,7,1079253
9121,1079469,1,1079470
9122,1079560,19,1079579
9123,1079628,49,1079677
9124,1079685,3,1079688
9125,1079875,21,1079896
9126,1079971,5,1079976
9127,1080024,8,1080032
9128,1080127,1,1080128
9129,1080248,1,1080249
9130,1080328,92,1080420
9131,1080510,1,1080511
9132,1080626,50,1080676
9133,1080724,16,1080740
9134,1080783,17,1080800
9135,1080867,26,1080893
9136,1080907,2,1080909
9137,1081294,8,1081302
9138,1081305,11,1081316
9139,1081456,8,1081464
9140,1081547,60,1081607
9141,1081639,24,1081663
9142,1081667,11,1081678
9143,1081760,18,1081778
9144,1081787,5,1081792
9145,1082003,7,1082010
9146,1082119,26,1082145
9147,1082152,6,1082158
9148,1082189,21,1082210
9149,1082404,54,1082458
9150,1082579,25,1082604
9151,1082635,1,1082636
9152,1082668,11,1082679
9153,1082817,67,1082884
9154,1082899,22,1082921
9155,1083225,6,1083231
9156,1083356,5,1083361
9157,1083386,16,1083402
9158,1083415,1,1083416
9159,1083471,26,1083497
9160,1083505,16,1083521
9161,1083566,17,1083583
9162,1083663,85,1083748
9163,1083788,1,1083789
9164,1084164,29,1084193
9165,1084337,9,1084346
9166,1084363,43,1084406
9167,1084493,1,1084494
9168,1084607,6,1084613
9169,1084680,10,1084690
9170,1084733,11,1084744
9171,1084816,1,1084817
9172,1084864,2,1084866
9173,1084965,22,1084987
9174,1085115,36,1085151
9175,1085306,108,1085414
9176,1085516,11,1085527
9177,1085532,3,1085535
9178,1085736,2,1085738
9179,1085750,32,1085782
9180,1085981,19,1086000
9181,1086162,1,1086163
9182,1086288,1,1086289
9183,1086308,36,1086344
9184,1086497,15,1086512
9185,1086658,9,1086667
9186,1086795,15,1086810
9187,1086888,3,1086891
9188,1086948,2,1086950
9189,1087122,17,1087139
9190,1087167,23,1087190
9191,1087401,16,1087417
9192,1087438,4,1087442
9193,1087467,19,1087486
9194,1087580,20,1087600
9195,1087642,21,1087663
9196,1087721,8,1087729
9197,1087731,12,1087743
9198,1087937,27,1087964
9199,1088020,22,1088042
9200,1088153,49,1088202
9201,1088289,10,1088299
9202,1088315,41,1088356
9203,1088465,2,1088467
9204,1088521,19,1088540
9205,1088649,3,1088652
9206,1088708,2,1088710
9207,1088769,3,1088772
9208,1088948,1,1088949
9209,1088956,10,1088966
9210,1089108,33,1089141
9211,1089178,18,1089196
9212,1089224,20,1089244
9213,1089375,19,1089394
9214,1089428,77,1089505
9215,1089523,15,1089538
9216,1089678,3,1089681
9217,1089687,14,1089701
9218,1089895,26,1089921
9219,1089983,27,1090010
9220,1090080,14,1090094
9221,1090219,59,1090278
9222,1090460,34,1090494
9223,1090518,15,1090533
9224,1090625,11,1090636
9225,1090687,4,1090691
9226,1090703,4,1090707
9227,1090712,65,1090777
9228,1090779,23,1090802
9229,1090946,31,1090977
9230,1091031,4,1091035
9231,1091176,7,1091183
9232,1091222,13,1091235
9233,1091329,44,1091373
9234,1091392,17,1091409
9235,1091517,12,1091529
9236,1091601,7,1091608
9237,1091622,45,1091667
9238,1091693,15,1091708
9239,1091756,36,1091792
9240,1091949,14,1091963
9241,1092115,34,1092149
9242,1092435,6,1092441
9243,1092555,4,1092559
9244,1092672,18,1092690
9245,1092837,22,1092859
9246,1092871,39,1092910
9247,1092962,44,1093006
9248,1093508,31,1093539
9249,1093580,20,1093600
9250,1093634,6,1093640
9251,1093826,1,1093827
9252,1093879,27,1093906
9253,1094046,19,1094065
9254,1094268,14,1094282
9255,1094441,51,1094492
9256,1094912,5,1094917
9257,1094952,19,1094971
9258,1095045,55,1095100
9259,1095148,56,1095204
9260,1095541,7,1095548
9261,1095566,5,1095571
9262,1095674,6,1095680
9263,1095705,3,1095708
9264,1095730,11,1095741
9265,1095857,4,1095861
9266,1095871,22,1095893
9267,1095894,5,1095899
9268,1096114,1,1096115
9269,1096137,5,1096142
9270,1096182,38,1096220
9271,1096488,14,1096502
9272,1096530,33,1096563
9273,1096729,2,1096731
9274,1096736,7,1096743
9275,1096773,14,1096787
9276,1096850,17,1096867
9277,1096954,2,1096956
9278,1096959,26,1096985
9279,1097031,16,1097047
9280,1097083,10,1097093
9281,1097149,9,1097158
9282,1097311,7,1097318
9283,1097408,17,1097425
9284,1097532,9,1097541
9285,1097546,10,1097556
9286,1097567,24,1097591
9287,1097610,28,1097638
9288,1097649,9,1097658
9289,1097714,1,1097715
9290,1097722,3,1097725
9291,1097735,2,1097737
9292,1097864,17,1097881
9293,1098250,21,1098271
9294,1098782,17,1098799
9295,1098872,15,1098887
9296,1098891,1,1098892
9297,1098980,7,1098987
9298,1099081,21,1099102
9299,1099136,6,1099142
9300,1099177,15,1099192
9301,1099342,21,1099363
9302,1099433,1,1099434
9303,1099522,5,1099527
9304,1099588,7,1099595
9305,1099624,7,1099631
9306,1099980,11,1099991
9307,1100325,15,1100340
9308,1100415,2,1100417
9309,1100508,6,1100514
9310,1100721,1,1100722
9311,1100724,89,1100813
9312,1100900,5,1100905
9313,1100942,75,1101017
9314,1101061,3,1101064
9315,1101072,23,1101095
9316,1101163,11,1101174
9317,1101458,21,1101479
9318,1101730,10,1101740
9319,1101744,3,1101747
9320,1101765,84,1101849
9321,1101861,17,1101878
9322,1101908,8,1101916
9323,1102007,3,1102010
9324,1102044,6,1102050
9325,1102108,12,1102120
9326,1102222,20,1102242
9327,1102277,2,1102279
9328,1102381,33,1102414
9329,1102424,3,1102427
9330,1102450,5,1102455
9331,1102464,6,1102470
9332,1102577,9,1102586
9333,1102831,3,1102834
9334,1103158,26,1103184
9335,1103226,10,1103236
9336,1103695,13,1103708
9337,1103734,20,1103754
9338,1104164,16,1104180
9339,1104467,5,1104472
9340,1104533,23,1104556
9341,1104579,11,1104590
9342,1104656,2,1104658
9343,1104664,89,1104753
9344,1104854,9,1104863
9345,1104903,6,1104909
9346,1105054,14,1105068
9347,1105090,46,1105136
9348,1105269,13,1105282
9349,1105426,6,1105432
9350,1105489,14,1105503
9351,1105507,22,1105529
9352,1105562,23,1105585
9353,1105745,8,1105753
9354,1105996,31,1106027
9355,1106129,6,1106135
9356,1106149,6,1106155
9357,1106379,8,1106387
9358,1106394,6,1106400
9359,1106457,22,1106479
9360,1106625,13,1106638
9361,1106643,10,1106653
9362,1106676,3,1106679
9363,1106708,60,1106768
9364,1107010,7,1107017
9365,1107105,23,1107128
9366,1107302,13,1107315
9367,1107346,67,1107413
9368,1107429,16,1107445
9369,1107465,9,1107474
9370,1107531,14,1107545
9371,1107608,7,1107615
9372,1107627,12,1107639
9373,1107827,3,1107830
9374,1107846,7,1107853
9375,1107918,13,1107931
9376,1107997,25,1108022
9377,1108097,9,1108106
9378,1108169,14,1108183
9379,1108290,6,1108296
9380,1108364,11,1108375
9381,1108557,5,1108562
9382,1108574,8,1108582
9383,1108761,14,1108775
9384,1108991,12,1109003
9385,1109082,4,1109086
9386,1109125,43,1109168
9387,1109475,11,1109486
9388,1109850,4,1109854
9389,1110099,7,1110106
9390,1110547,6,1110553
9391,1110648,46,1110694
9392,1110902,1,1110903
9393,1110947,9,1110956
9394,1111219,1,1111220
9395,1111432,2,1111434
9396,1111441,29,1111470
9397,1111806,2,1111808
9398,1111972,13,1111985
9399,1111992,24,1112016
9400,1112091,29,1112120
9401,1112212,3,1112215
9402,1112274,22,1112296
9403,1112429,33,1112462
9404,1112517,6,1112523
9405,1112624,76,1112700
9406,1112757,40,1112797
9407,1113030,15,1113045
9408,1113151,4,1113155
9409,1113267,8,1113275
9410,1113350,23,1113373
9411,1113452,41,1113493
9412,1113698,5,1113703
9413,1113746,12,1113758
9414,1113801,16,1113817
9415,1113944,21,1113965
9416,1113975,20,1113995
9417,1114002,22,1114024
9418,1114160,1,1114161
9419,1114501,21,1114522
9420,1114745,36,1114781
9421,1114928,1,1114929
9422,1114949,53,1115002
9423,1115062,6,1115068
9424,1115076,12,1115088
9425,1115150,47,1115197
9426,1115224,13,1115237
9427,1115239,13,1115252
9428,1115284,22,1115306
9429,1115311,1,1115312
9430,1115398,16,1115414
9431,1115422,31,1115453
9432,1115513,28,1115541
9433,1115618,2,1115620
9434,1115698,6,1115704
9435,1115758,38,1115796
9436,1115837,10,1115847
9437,1115867,7,1115874
9438,1115900,2,1115902
9439,1115948,39,1115987
9440,1116170,6,1116176
9441,1116335,15,1116350
9442,1116375,75,1116450
9443,1116592,9,1116601
9444,1116696,34,1116730
9445,1116861,35,1116896
9446,1117007,29,1117036
9447,1117257,27,1117284
9448,1117351,5,1117356
9449,1117444,8,1117452
9450,1117656,26,1117682
9451,1117852,45,1117897
9452,1117936,4,1117940
9453,1118011,9,1118020
9454,1118053,7,1118060
9455,1118171,13,1118184
9456,1118209,18,1118227
9457,1118294,37,1118331
9458,1118407,2,1118409
9459,1118420,3,1118423
9460,1118448,5,1118453
9461,1118469,29,1118498
9462,1118508,19,1118527
9463,1118592,12,1118604
9464,1118672,2,1118674
9465,1118695,37,1118732
9466,1118931,6,1118937
9467,1119009,3,1119012
9468,1119107,1,1119108
9469,1119113,23,1119136
9470,1119199,15,1119214
9471,1119277,3,1119280
9472,1119384,14,1119398
9473,1119686,19,1119705
9474,1119786,2,1119788
9475,1120489,19,1120508
9476,1120578,8,1120586
9477,1120665,46,1120711
9478,1120723,6,1120729
9479,1120790,5,1120795
9480,1121127,4,1121131
9481,1121160,91,1121251
9482,1121282,28,1121310
9483,1121781,5,1121786
9484,1122010,8,1122018
9485,1122148,1,1122149
9486,1122168,46,1122214
9487,1122384,10,1122394
9488,1122425,48,1122473
9489,1122584,24,1122608
9490,1122805,62,1122867
9491,1123025,38,1123063
9492,1123088,4,1123092
9493,1123213,5,1123218
9494,1123241,37,1123278
9495,1123373,10,1123383
9496,1123397,34,1123431
9497,1123473,31,1123504
9498,1123523,18,1123541
9499,1123585,11,1123596
9500,1123742,21,1123763
9501,1123859,25,1123884
9502,1123932,10,1123942
9503,1124075,47,1124122
9504,1124419,4,1124423
9505,1124424,3,1124427
9506,1124577,7,1124584
9507,1124703,1,1124704
9508,1124747,24,1124771
9509,1125014,5,1125019
9510,1125022,5,1125027
9511,1125037,14,1125051
9512,1125079,24,1125103
9513,1125179,8,1125187
9514,1125237,26,1125263
9515,1125279,25,1125304
9516,1125447,42,1125489
9517,1125657,22,1125679
9518,1125703,1,1125704
9519,1125875,17,1125892
9520,1125962,10,1125972
9521,1126044,5,1126049
9522,1126082,18,1126100
9523,1126150,6,1126156
9524,1126183,24,1126207
9525,1126485,13,1126498
9526,1126504,3,1126507
9527,1126541,19,1126560
9528,1126578,16,1126594
9529,1126667,13,1126680
9530,1126807,13,1126820
9531,1127080,12,1127092
9532,1127529,29,1127558
9533,1127608,23,1127631
9534,1127715,4,1127719
9535,1127766,4,1127770
9536,1127979,5,1127984
9537,1128043,21,1128064
9538,1128087,5,1128092
9539,1128162,53,1128215
9540,1128273,7,1128280
9541,1128388,14,1128402
9542,1128511,12,1128523
9543,1128583,53,1128636
9544,1128729,62,1128791
9545,1128889,27,1128916
9546,1129021,5,1129026
9547,1129124,3,1129127
9548,1129261,11,1129272
9549,1129335,38,1129373
9550,1129484,13,1129497
9551,1129550,8,1129558
9552,1129585,15,1129600
9553,1129627,16,1129643
9554,1129677,12,1129689
9555,1129791,8,1129799
9556,1129815,121,1129936
9557,1130156,18,1130174
9558,1130245,38,1130283
9559,1130554,38,1130592
9560,1130614,6,1130620
9561,1130642,48,1130690
9562,1130714,21,1130735
9563,1131166,4,1131170
9564,1131191,26,1131217
9565,1131359,1,1131360
9566,1131888,10,1131898
9567,1132160,62,1132222
9568,1132229,31,1132260
9569,1132264,39,1132303
9570,1132325,18,1132343
9571,1132461,5,1132466
9572,1132640,4,1132644
9573,1132755,12,1132767
9574,1132919,13,1132932
9575,1132968,12,1132980
9576,1133052,18,1133070
9577,1133161,24,1133185
9578,1133325,7,1133332
9579,1133470,30,1133500
9580,1133573,13,1133586
9581,1133672,8,1133680
9582,1133809,4,1133813
9583,1133945,63,1134008
9584,1134025,3,1134028
9585,1134049,21,1134070
9586,1134282,16,1134298
9587,1134328,19,1134347
9588,1134491,31,1134522
9589,1134640,2,1134642
9590,1134781,27,1134808
9591,1134827,18,1134845
9592,1134886,25,1134911
9593,1135136,4,1135140
9594,1135147,37,1135184
9595,1135309,6,1135315
9596,1135912,4,1135916
9597,1135995,26,1136021
9598,1136038,1,1136039
9599,1136094,13,1136107
9600,1136146,25,1136171
9601,1136230,17,1136247
9602,1136467,6,1136473
9603,1136509,11,1136520
9604,1136674,9,1136683
9605,1136769,25,1136794
9606,1136879,18,1136897
9607,1136912,18,1136930
9608,1137042,11,1137053
9609,1137074,63,1137137
9610,1137247,6,1137253
9611,1137481,37,1137518
9612,1137543,17,1137560
9613,1137599,41,1137640
9614,1137679,9,1137688
9615,1137721,7,1137728
9616,1137906,10,1137916
9617,1137922,27,1137949
9618,1138216,3,1138219
9619,1138235,58,1138293
9620,1138349,55,1138404
9621,1138530,2,1138532
9622,1138785,2,1138787
9623,1138925,44,1138969
9624,1139203,5,1139208
9625,1139273,3,1139276
9626,1139314,25,1139339
9627,1139553,6,1139559
9628,1139649,12,1139661
9629,1139663,2,1139665
9630,1139835,1,1139836
9631,1139860,1,1139861
9632,1139938,2,1139940
9633,1140316,12,1140328
9634,1140366,5,1140371
9635,1140399,13,1140412
9636,1140414,25,1140439
9637,1140493,31,1140524
9638,1140530,24,1140554
9639,1140598,13,1140611
9640,1140618,19,1140637
9641,1140979,13,1140992
9642,1141213,33,1141246
9643,1141277,41,1141318
9644,1141371,9,1141380
9645,1141408,14,1141422
9646,1141758,24,1141782
9647,1141892,4,1141896
9648,1142035,20,1142055
9649,1142193,2,1142195
9650,1142343,7,1142350
9651,1142602,10,1142612
9652,1142626,1,1142627
9653,1142641,24,1142665
9654,1142701,31,1142732
9655,1142787,2,1142789
9656,1142825,7,1142832
9657,1142860,18,1142878
9658,1142886,13,1142899
9659,1142981,8,1142989
9660,1143045,35,1143080
9661,1143090,17,1143107
9662,1143267,30,1143297
9663,1143360,16,1143376
9664,1143386,28,1143414
9665,1143796,28,1143824
9666,1143981,31,1144012
9667,1144097,15,1144112
9668,1144203,13,1144216
9669,1144668,26,1144694
9670,1144740,26,1144766
9671,1144795,94,1144889
9672,1145088,54,1145142
9673,1145298,5,1145303
9674,1145353,12,1145365
9675,1145406,2,1145408
9676,1145433,21,1145454
9677,1145481,20,1145501
9678,1145513,7,1145520
9679,1145938,4,1145942
9680,1146189,20,1146209
9681,1146249,30,1146279
9682,1146308,11,1146319
9683,1146419,3,1146422
9684,1146584,26,1146610
9685,1146664,43,1146707
9686,1146725,5,1146730
9687,1146802,35,1146837
9688,1146892,2,1146894
9689,1147167,8,1147175
9690,1147366,53,1147419
9691,1147535,14,1147549
9692,1147612,22,1147634
9693,1147742,8,1147750
9694,1147819,12,1147831
9695,1148082,3,1148085
9696,1148108,38,1148146
9697,1148187,54,1148241
9698,1148254,9,1148263
9699,1148275,29,1148304
9700,1148410,35,1148445
9701,1148579,38,1148617
9702,1148768,7,1148775
9703,1148844,21,1148865
9704,1149039,22,1149061
9705,1149094,33,1149127
9706,1149168,12,1149180
9707,1149202,8,1149210
9708,1149215,2,1149217
9709,1149435,15,1149450
9710,1149569,31,1149600
9711,1149745,26,1149771
9712,1149829,20,1149849
9713,1149919,5,1149924
9714,1149980,22,1150002
9715,1150172,12,1150184
9716,1150243,10,1150253
9717,1150340,16,1150356
9718,1150366,5,1150371
9719,1150477,12,1150489
9720,1150613,7,1150620
9721,1151005,39,1151044
9722,1151269,7,1151276
9723,1151303,35,1151338
9724,1151429,12,1151441
9725,1151559,18,1151577
9726,1152163,12,1152175
9727,1152205,2,1152207
9728,1152267,29,1152296
9729,1152306,16,1152322
9730,1152368,3,1152371
9731,1152402,30,1152432
9732,1152725,19,1152744
9733,1152861,5,1152866
9734,1152909,39,1152948
9735,1153000,5,1153005
9736,1153082,15,1153097
9737,1153276,3,1153279
9738,1153453,24,1153477
9739,1153523,15,1153538
9740,1153560,26,1153586
9741,1153603,44,1153647
9742,1153856,28,1153884
9743,1153903,13,1153916
9744,1154133,1,1154134
9745,1154301,16,1154317
9746,1154320,24,1154344
9747,1154490,12,1154502
9748,1154550,6,1154556
9749,1154563,22,1154585
9750,1154612,16,1154628
9751,1154739,8,1154747
9752,1154874,7,1154881
9753,1154934,7,1154941
9754,1155089,6,1155095
9755,1155190,42,1155232
9756,1155450,1,1155451
9757,1155458,9,1155467
9758,1155489,7,1155496
9759,1155503,12,1155515
9760,1155543,17,1155560
9761,1155564,26,1155590
9762,1155620,6,1155626
9763,1155747,6,1155753
9764,1155859,2,1155861
9765,1155895,7,1155902
9766,1155965,22,1155987
9767,1156219,40,1156259
9768,1156335,1,1156336
9769,1156464,58,1156522
9770,1156540,50,1156590
9771,1156635,15,1156650
9772,1156882,35,1156917
9773,1157227,9,1157236
9774,1157255,1,1157256
9775,1157272,64,1157336
9776,1157627,34,1157661
9777,1157755,9,1157764
9778,1157921,49,1157970
9779,1158198,48,1158246
9780,1158388,46,1158434
9781,1158509,36,1158545
9782,1158612,12,1158624
9783,1158684,9,1158693
9784,1158791,24,1158815
9785,1158881,20,1158901
9786,1158905,27,1158932
9787,1158941,28,1158969
9788,1159105,5,1159110
9789,1159140,21,1159161
9790,1159352,24,1159376
9791,1159481,24,1159505
9792,1159562,7,1159569
9793,1160101,13,1160114
9794,1160117,18,1160135
9795,1160203,1,1160204
9796,1160233,10,1160243
9797,1160568,14,1160582
9798,1160594,6,1160600
9799,1160749,16,1160765
9800,1160828,23,1160851
9801,1160962,1,1160963
9802,1161305,38,1161343
9803,1161425,52,1161477
9804,1161516,6,1161522
9805,1161546,9,1161555
9806,1161585,8,1161593
9807,1161617,26,1161643
9808,1161661,38,1161699
9809,1161733,8,1161741
9810,1161754,19,1161773
9811,1161938,12,1161950
9812,1162018,32,1162050
9813,1162064,19,1162083
9814,1162126,2,1162128
9815,1162139,5,1162144
9816,1162153,4,1162157
9817,1162199,23,1162222
9818,1162305,9,1162314
9819,1162324,2,1162326
9820,1162365,64,1162429
9821,1162513,23,1162536
9822,1162780,9,1162789
9823,1162943,37,1162980
9824,1162984,31,1163015
9825,1163029,15,1163044
9826,1163045,2,1163047
9827,1163075,25,1163100
9828,1163220,2,1163222
9829,1163326,23,1163349
9830,1163501,32,1163533
9831,1163667,20,1163687
9832,1163745,2,1163747
9833,1164126,7,1164133
9834,1164210,40,1164250
9835,1164314,92,1164406
9836,1164626,10,1164636
9837,1164920,7,1164927
9838,1164990,4,1164994
9839,1165054,13,1165067
9840,1165079,44,1165123
9841,1165129,62,1165191
9842,1165478,39,1165517
9843,1165705,8,1165713
9844,1165722,14,1165736
9845,1165901,9,1165910
9846,1165979,4,1165983
9847,1166109,2,1166111
9848,1166114,15,1166129
9849,1166182,38,1166220
9850,1166252,12,1166264
9851,1166275,11,1166286
9852,1166601,20,1166621
9853,1166731,121,1166852
9854,1167250,45,1167295
9855,1167444,30,1167474
9856,1167593,34,1167627
9857,1167693,18,1167711
9858,1167959,4,1167963
9859,1168126,7,1168133
9860,1168196,20,1168216
9861,1168220,44,1168264
9862,1168303,1,1168304
9863,1168326,33,1168359
9864,1168364,10,1168374
9865,1168459,65,1168524
9866,1168543,7,1168550
9867,1168639,58,1168697
9868,1168698,57,1168755
9869,1168877,10,1168887
9870,1168928,50,1168978
9871,1169348,1,1169349
9872,1169382,4,1169386
9873,1169422,37,1169459
9874,1169586,22,1169608
9875,1169705,26,1169731
9876,1169814,9,1169823
9877,1169947,20,1169967
9878,1170015,13,1170028
9879,1170048,13,1170061
9880,1170083,56,1170139
9881,1170159,2,1170161
9882,1170270,21,1170291
9883,1170399,1,1170400
9884,1170450,30,1170480
9885,1170634,2,1170636
9886,1170740,21,1170761
9887,1170775,41,1170816
9888,1170970,5,1170975
9889,1171178,49,1171227
9890,1171333,9,1171342
9891,1171347,26,1171373
9892,1171431,4,1171435
9893,1171506,5,1171511
9894,1171525,45,1171570
9895,1171576,2,1171578
9896,1171597,3,1171600
9897,1171662,15,1171677
9898,1171764,69,1171833
9899,1172296,18,1172314
9900,1172343,6,1172349
9901,1172423,12,1172435
9902,1172439,30,1172469
9903,1172474,25,1172499
9904,1172526,8,1172534
9905,1172569,1,1172570
9906,1172810,10,1172820
9907,1172859,23,1172882
9908,1173373,55,1173428
9909,1173448,15,1173463
9910,1173478,27,1173505
9911,1173509,67,1173576
9912,1173714,2,1173716
9913,1173854,26,1173880
9914,1173881,16,1173897
9915,1173909,13,1173922
9916,1173966,4,1173970
9917,1174023,25,1174048
9918,1174054,14,1174068
9919,1174194,22,1174216
9920,1174249,6,1174255
9921,1174356,12,1174368
9922,1174724,16,1174740
9923,1174767,3,1174770
9924,1174870,28,1174898
9925,1174941,29,1174970
9926,1175158,39,1175197
9927,1175299,45,1175344
9928,1175353,5,1175358
9929,1175522,25,1175547
9930,1175548,20,1175568
9931,1175584,34,1175618
9932,1175704,2,1175706
9933,1175766,5,1175771
9934,1175844,17,1175861
9935,1175868,20,1175888
9936,1175951,14,1175965
9937,1175971,11,1175982
9938,1176157,12,1176169
9939,1176216,30,1176246
9940,1176560,99,1176659
9941,1176730,2,1176732
9942,1176827,23,1176850
9943,1176866,61,1176927
9944,1176940,19,1176959
9945,1177082,67,1177149
9946,1177277,24,1177301
9947,1177328,82,1177410
9948,1177414,29,1177443
9949,1177446,2,1177448
9950,1177468,38,1177506
9951,1177654,68,1177722
9952,1177879,9,1177888
9953,1177903,1,1177904
9954,1177984,10,1177994
9955,1178090,1,1178091
9956,1178286,18,1178304
9957,1178537,12,1178549
9958,1178592,15,1178607
9959,1178619,3,1178622
9960,1178659,45,1178704
9961,1178834,22,1178856
9962,1178982,60,1179042
9963,1179054,2,1179056
9964,1179227,11,1179238
9965,1179303,6,1179309
9966,1179477,27,1179504
9967,1179517,14,1179531
9968,1179564,24,1179588
9969,1179638,51,1179689
9970,1179744,18,1179762
9971,1179886,11,1179897
9972,1180061,35,1180096
9973,1180185,4,1180189
9974,1180324,7,1180331
9975,1180391,20,1180411
9976,1180482,28,1180510
9977,1180521,17,1180538
9978,1180667,30,1180697
9979,1180739,49,1180788
9980,1180943,3,1180946
9981,1181083,2,1181085
9982,1181092,6,1181098
9983,1181262,14,1181276
9984,1181297,8,1181305
9985,1181368,37,1181405
9986,1181480,23,1181503
9987,1181504,4,1181508
9988,1181530,7,1181537
9989,1181581,24,1181605
9990,1181795,26,1181821
9991,1181923,41,1181964
9992,1181992,4,1181996
9993,1182002,27,1182029
9994,1182102,15,1182117
9995,1182125,13,1182138
9996,1182197,36,1182233
9997,1182465,9,1182474
9998,1182481,9,1182490
9999,1182512,6,1182518
10000,1182562,4,1182566
10001,1182587,49,1182636
10002,1182879,131,1183010
10003,1183042,20,1183062
10004,1183091,12,1183103
10005,1183116,21,1183137
10006,1183331,12,1183343
10007,1183348,16,1183364
10008,1183386,12,1183398
10009,1183514,9,1183523
10010,1183524,54,1183578
10011,1183585,2,1183587
10012,1183605,27,1183632
10013,1184058,34,1184092
10014,1184145,5,1184150
10015,1184292,46,1184338
10016,1184341,1,1184342
10017,1184405,26,1184431
10018,1184487,10,1184497
10019,1184505,75,1184580
10020,1184660,19,1184679
10021,1184779,34,1184813
10022,1184910,9,1184919
10023,1184930,13,1184943
10024,1185037,26,1185063
10025,1185188,13,1185201
10026,1185203,13,1185216
10027,1185280,28,1185308
10028,1185312,5,1185317
10029,1185576,35,1185611
10030,1185696,6,1185702
10031,1185826,58,1185884
10032,1185966,41,1186007
10033,1186010,3,1186013
10034,1186044,3,1186047
10035,1186236,15,1186251
10036,1186256,5,1186261
10037,1186262,49,1186311
10038,1186324,16,1186340
10039,1186364,3,1186367
10040,1186477,13,1186490
10041,1186786,10,1186796
10042,1186876,26,1186902
10043,1186972,3,1186975
10044,1187089,56,1187145
10045,1187165,8,1187173
10046,1187190,24,1187214
10047,1187271,65,1187336
10048,1187345,16,1187361
10049,1187485,24,1187509
10050,1187534,4,1187538
10051,1187567,24,1187591
10052,1187724,23,1187747
10053,1187764,7,1187771
10054,1187795,4,1187799
10055,1187872,12,1187884
10056,1187885,59,1187944
10057,1187976,9,1187985
10058,1188007,1,1188008
10059,1188053,13,1188066
10060,1188091,8,1188099
10061,1188188,16,1188204
10062,1188245,12,1188257
10063,1188285,6,1188291
10064,1188353,9,1188362
10065,1188401,108,1188509
10066,1188531,44,1188575
10067,1188767,9,1188776
10068,1188807,13,1188820
10069,1189040,16,1189056
10070,1189073,33,1189106
10071,1189183,11,1189194
10072,1189235,2,1189237
10073,1189286,8,1189294
10074,1189329,3,1189332
10075,1189485,2,1189487
10076,1189601,3,1189604
10077,1189900,50,1189950
10078,1190167,12,1190179
10079,1190201,5,1190206
10080,1190224,54,1190278
10081,1190317,18,1190335
10082,1190433,13,1190446
10083,1190476,3,1190479
10084,1190537,1,1190538
10085,1190637,12,1190649
10086,1190667,27,1190694
10087,1190827,10,1190837
10088,1190985,21,1191006
10089,1191309,50,1191359
10090,1191575,15,1191590
10091,1191620,13,1191633
10092,1191675,7,1191682
10093,1191798,36,1191834
10094,1191882,5,1191887
10095,1191938,28,1191966
10096,1192032,3,1192035
10097,1192037,52,1192089
10098,1192289,54,1192343
10099,1192416,3,1192419
10100,1192450,22,1192472
10101,1192569,13,1192582
10102,1192586,7,1192593
10103,1192722,2,1192724
10104,1192744,12,1192756
10105,1192801,26,1192827
10106,1192865,23,1192888
10107,1193060,2,1193062
10108,1193083,46,1193129
10109,1193152,5,1193157
10110,1193164,1,1193165
10111,1193188,11,1193199
10112,1193364,1,1193365
10113,1193500,10,1193510
10114,1193543,10,1193553
10115,1193604,25,1193629
10116,1193658,30,1193688
10117,1193732,36,1193768
10118,1193832,8,1193840
10119,1193891,38,1193929
10120,1194052,5,1194057
10121,1194148,17,1194165
10122,1194182,5,1194187
10123,1194198,5,1194203
10124,1194343,35,1194378
10125,1194387,5,1194392
10126,1194440,19,1194459
10127,1194497,17,1194514
10128,1194846,5,1194851
10129,1194939,12,1194951
10130,1194967,21,1194988
10131,1195167,4,1195171
10132,1195385,1,1195386
10133,1195515,10,1195525
10134,1195782,1,1195783
10135,1195795,2,1195797
10136,1195841,25,1195866
10137,1195903,31,1195934
10138,1196015,19,1196034
10139,1196190,8,1196198
10140,1196261,51,1196312
10141,1196601,45,1196646
10142,1196682,12,1196694
10143,1196788,20,1196808
10144,1196852,56,1196908
10145,1196935,61,1196996
10146,1197213,48,1197261
10147,1197345,11,1197356
10148,1198043,10,1198053
10149,1198182,25,1198207
10150,1198243,13,1198256
10151,1198361,46,1198407
10152,1198440,34,1198474
10153,1198543,8,1198551
10154,1198575,3,1198578
10155,1198665,18,1198683
10156,1198947,8,1198955
10157,1199207,34,1199241
10158,1199246,22,1199268
10159,1199359,9,1199368
10160,1199416,8,1199424
10161,1199448,2,1199450
10162,1199469,36,1199505
10163,1199520,5,1199525
10164,1199561,17,1199578
10165,1199597,1,1199598
10166,1199653,32,1199685
10167,1199715,5,1199720
10168,1199834,3,1199837
10169,1199985,35,1200020
10170,1200156,16,1200172
10171,1200188,1,1200189
10172,1200209,7,1200216
10173,1200259,5,1200264
10174,1200283,6,1200289
10175,1200313,28,1200341
10176,1200561,10,1200571
10177,1201007,7,1201014
10178,1201309,4,1201313
10179,1201374,3,1201377
10180,1201399,23,1201422
10181,1201516,3,1201519
10182,1201571,4,1201575
10183,1201743,2,1201745
10184,1202030,24,1202054
10185,1202071,20,1202091
10186,1202127,2,1202129
10187,1202241,8,1202249
10188,1202278,30,1202308
10189,1202319,1,1202320
10190,1202427,1,1202428
10191,1202476,46,1202522
10192,1202644,56,1202700
10193,1202811,23,1202834
10194,1202855,24,1202879
10195,1202885,40,1202925
10196,1202992,99,1203091
10197,1203308,14,1203322
10198,1203474,51,1203525
10199,1203683,61,1203744
10200,1203924,35,1203959
10201,1204128,35,1204163
10202,1204235,20,1204255
10203,1204415,1,1204416
10204,1204458,8,1204466
10205,1204504,1,1204505
10206,1204615,16,1204631
10207,1204772,4,1204776
10208,1204976,33,1205009
10209,1205036,19,1205055
10210,1205142,24,1205166
10211,1205283,19,1205302
10212,1205321,7,1205328
10213,1205473,6,1205479
10214,1205618,33,1205651
10215,1205669,7,1205676
10216,1205789,6,1205795
10217,1205939,32,1205971
10218,1206016,1,1206017
10219,1206070,25,1206095
10220,1206121,45,1206166
10221,1206216,8,1206224
10222,1206324,31,1206355
10223,1206358,2,1206360
10224,1206493,85,1206578
10225,1206813,16,1206829
10226,1206840,7,1206847
10227,1206880,2,1206882
10228,1206988,22,1207010
10229,1207213,18,1207231
10230,1207282,6,1207288
10231,1207393,12,1207405
10232,1207509,16,1207525
10233,1207540,18,1207558
10234,1207627,43,1207670
10235,1207681,19,1207700
10236,1207773,4,1207777
10237,1207862,10,1207872
10238,1208203,38,1208241
10239,1208273,6,1208279
10240,1208445,51,1208496
10241,1208567,27,1208594
10242,1208691,32,1208723
10243,1208873,5,1208878
10244,1208895,13,1208908
10245,1209197,18,1209215
10246,1209224,15,1209239
10247,1209250,15,1209265
10248,1209537,5,1209542
10249,1209546,1,1209547
10250,1209607,35,1209642
10251,1209993,26,1210019
10252,1210075,45,1210120
10253,1210181,11,1210192
10254,1210773,28,1210801
10255,1210842,44,1210886
10256,1211024,40,1211064
10257,1211196,24,1211220
10258,1211404,14,1211418
10259,1211420,8,1211428
10260,1211446,3,1211449
10261,1211704,55,1211759
10262,1211884,31,1211915
10263,1212004,29,1212033
10264,1212059,52,1212111
10265,1212158,15,1212173
10266,1212198,16,1212214
10267,1212311,3,1212314
10268,1212347,11,1212358
10269,1212501,33,1212534
10270,1212649,64,1212713
10271,1212782,9,1212791
10272,1212823,44,1212867
10273,1212881,40,1212921
10274,1212933,53,1212986
10275,1213023,23,1213046
10276,1213079,17,1213096
10277,1213160,1,1213161
10278,1213171,63,1213234
10279,1213242,6,1213248
10280,1213300,22,1213322
10281,1213356,2,1213358
10282,1213379,9,1213388
10283,1213412,42,1213454
10284,1213532,1,1213533
10285,1213825,38,1213863
10286,1213900,55,1213955
10287,1213962,29,1213991
10288,1214166,7,1214173
10289,1214346,17,1214363
10290,1214401,9,1214410
10291,1214452,14,1214466
10292,1214510,1,1214511
10293,1214533,1,1214534
10294,1214703,8,1214711
10295,1214753,43,1214796
10296,1214894,26,1214920
10297,1215241,4,1215245
10298,1215562,53,1215615
10299,1215814,65,1215879
10300,1215948,11,1215959
10301,1216018,18,1216036
10302,1216047,25,1216072
10303,1216229,17,1216246
10304,1216554,3,1216557
10305,1216646,21,1216667
10306,1216714,15,1216729
10307,1216778,8,1216786
10308,1216867,11,1216878
10309,1216907,4,1216911
10310,1216959,17,1216976
10311,1217086,32,1217118
10312,1217124,24,1217148
10313,1217185,119,1217304
10314,1217313,13,1217326
10315,1217554,4,1217558
10316,1217612,4,1217616
10317,1217651,28,1217679
10318,1217938,1,1217939
10319,1217950,29,1217979
10320,1218206,5,1218211
10321,1218308,8,1218316
10322,1218416,4,1218420
10323,1218476,22,1218498
10324,1218519,43,1218562
10325,1218610,52,1218662
10326,1218972,19,1218991
10327,1218997,19,1219016
10328,1219159,16,1219175
10329,1219335,3,1219338
10330,1219350,2,1219352
10331,1219424,14,1219438
10332,1219580,43,1219623
10333,1219723,1,1219724
10334,1220090,16,1220106
10335,1220149,33,1220182
10336,1220188,14,1220202
10337,1220322,16,1220338
10338,1220358,5,1220363
10339,1220381,23,1220404
10340,1220423,22,1220445
10341,1220668,3,1220671
10342,1220720,33,1220753
10343,1220842,4,1220846
10344,1220918,54,1220972
10345,1221084,82,1221166
10346,1221202,45,1221247
10347,1221300,3,1221303
10348,1221344,3,1221347
10349,1221375,8,1221383
10350,1221449,9,1221458
10351,1221577,50,1221627
10352,1221636,17,1221653
10353,1221789,31,1221820
10354,1221877,26,1221903
10355,1221960,13,1221973
10356,1222021,9,1222030
10357,1222033,14,1222047
10358,1222050,43,1222093
10359,1222129,57,1222186
10360,1222362,15,1222377
10361,1222415,32,1222447
10362,1222448,54,1222502
10363,1222548,7,1222555
10364,1222583,11,1222594
10365,1222670,4,1222674
10366,1222861,12,1222873
10367,1222894,22,1222916
10368,1222917,13,1222930
10369,1222963,42,1223005
10370,1223084,38,1223122
10371,1223202,7,1223209
10372,1223296,1,1223297
10373,1223375,31,1223406
10374,1223458,25,1223483
10375,1223563,24,1223587
10376,1223658,8,1223666
10377,1223687,9,1223696
10378,1223703,8,1223711
10379,1223834,30,1223864
10380,1224109,2,1224111
10381,1224173,5,1224178
10382,1224319,22,1224341
10383,1224462,4,1224466
10384,1224515,35,1224550
10385,1224655,9,1224664
10386,1224696,24,1224720
10387,1224745,37,1224782
10388,1224826,22,1224848
10389,1224953,3,1224956
10390,1224964,4,1224968
10391,1225042,8,1225050
10392,1225194,5,1225199
10393,1225356,42,1225398
10394,1225428,23,1225451
10395,1225456,25,1225481
10396,1225523,6,1225529
10397,1225614,54,1225668
10398,1225846,53,1225899
10399,1225938,34,1225972
10400,1225987,16,1226003
10401,1226199,68,1226267
10402,1226450,4,1226454
10403,1226513,6,1226519
10404,1226548,19,1226567
10405,1226617,19,1226636
10406,1226731,9,1226740
10407,1226767,19,1226786
10408,1226865,23,1226888
10409,1226978,61,1227039
10410,1227183,7,1227190
10411,1227464,5,1227469
10412,1227472,2,1227474
10413,1227892,2,1227894
10414,1227910,25,1227935
10415,1228080,7,1228087
10416,1228286,15,1228301
10417,1228482,29,1228511
10418,1228512,36,1228548
10419,1228598,27,1228625
10420,1228693,18,1228711
10421,1229016,5,1229021
10422,1229149,6,1229155
10423,1229257,4,1229261
10424,1229296,16,1229312
10425,1229380,33,1229413
10426,1229491,27,1229518
10427,1229737,18,1229755
10428,1229782,9,1229791
10429,1229795,4,1229799
10430,1229847,6,1229853
10431,1229941,21,1229962
10432,1230278,12,1230290
10433,1230412,6,1230418
10434,1230490,34,1230524
10435,1230816,41,1230857
10436,1230953,43,1230996
10437,1231331,19,1231350
10438,1231475,26,1231501
10439,1231527,10,1231537
10440,1231583,19,1231602
10441,1231650,1,1231651
10442,1231922,14,1231936
10443,1231940,50,1231990
10444,1232030,6,1232036
10445,1232062,8,1232070
10446,1232091,7,1232098
10447,1232138,1,1232139
10448,1232151,33,1232184
10449,1232365,7,1232372
10450,1232376,19,1232395
10451,1232519,19,1232538
10452,1232669,8,1232677
10453,1232823,18,1232841
10454,1232871,22,1232893
10455,1232959,4,1232963
10456,1233148,81,1233229
10457,1233343,14,1233357
10458,1233370,10,1233380
10459,1233451,8,1233459
10460,1233492,27,1233519
10461,1233860,36,1233896
10462,1233967,8,1233975
10463,1234044,3,1234047
10464,1234204,35,1234239
10465,1234289,21,1234310
10466,1234550,6,1234556
10467,1234560,14,1234574
10468,1234598,41,1234639
10469,1234744,9,1234753
10470,1234866,1,1234867
10471,1235224,28,1235252
10472,1235695,29,1235724
10473,1235757,50,1235807
10474,1235978,16,1235994
10475,1236011,4,1236015
10476,1236031,61,1236092
10477,1236341,69,1236410
10478,1236466,25,1236491
10479,1236572,6,1236578
10480,1236584,6,1236590
10481,1236640,19,1236659
10482,1236769,25,1236794
10483,1236882,33,1236915
10484,1236926,1,1236927
10485,1236950,9,1236959
10486,1237110,8,1237118
10487,1237156,6,1237162
10488,1237183,31,1237214
10489,1237260,13,1237273
10490,1237407,2,1237409
10491,1237791,19,1237810
10492,1237896,4,1237900
10493,1237941,18,1237959
10494,1238126,33,1238159
10495,1238381,13,1238394
10496,1238558,57,1238615
10497,1238707,32,1238739
10498,1238811,1,1238812
10499,1238869,17,1238886
10500,1238953,2,1238955
10501,1239365,3,1239368
10502,1239573,5,1239578
10503,1239660,13,1239673
10504,1239820,11,1239831
10505,1239910,12,1239922
10506,1240121,8,1240129
10507,1240167,3,1240170
10508,1240264,36,1240300
10509,1240325,10,1240335
10510,1240366,10,1240376
10511,1240396,25,1240421
10512,1240429,22,1240451
10513,1240507,22,1240529
10514,1240554,2,1240556
10515,1240732,1,1240733
10516,1240822,10,1240832
10517,1241157,2,1241159
10518,1241254,43,1241297
10519,1241338,8,1241346
10520,1241421,5,1241426
10521,1241582,7,1241589
10522,1241613,7,1241620
10523,1241623,5,1241628
10524,1241667,3,1241670
10525,1241727,7,1241734
10526,1241746,7,1241753
10527,1241761,69,1241830
10528,1241877,23,1241900
10529,1242038,1,1242039
10530,1242050,13,1242063
10531,1242129,86,1242215
10532,1242237,1,1242238
10533,1242285,47,1242332
10534,1242393,7,1242400
10535,1242404,3,1242407
10536,1242409,4,1242413
10537,1242488,24,1242512
10538,1242556,3,1242559
10539,1242651,26,1242677
10540,1242756,12,1242768
10541,1242845,1,1242846
10542,1242892,29,1242921
10543,1242929,31,1242960
10544,1243088,14,1243102
10545,1243239,15,1243254
10546,1243275,45,1243320
10547,1243362,1,1243363
10548,1243473,73,1243546
10549,1243558,37,1243595
10550,1243664,2,1243666
10551,1243731,8,1243739
10552,1243873,8,1243881
10553,1243927,11,1243938
10554,1243984,28,1244012
10555,1244113,24,1244137
10556,1244304,7,1244311
10557,1244377,6,1244383
10558,1244435,23,1244458
10559,1244507,30,1244537
10560,1244587,8,1244595
10561,1244638,21,1244659
10562,1244697,2,1244699
10563,1244772,24,1244796
10564,1244955,35,1244990
10565,1245075,10,1245085
10566,1245100,11,1245111
10567,1245123,30,1245153
10568,1245183,35,1245218
10569,1245234,40,1245274
10570,1245295,139,1245434
10571,1245693,7,1245700
10572,1245838,18,1245856
10573,1245899,51,1245950
10574,1246142,71,1246213
10575,1246582,11,1246593
10576,1246703,27,1246730
10577,1246738,41,1246779
10578,1246874,4,1246878
10579,1246913,31,1246944
10580,1247934,8,1247942
10581,1248001,54,1248055
10582,1248097,33,1248130
10583,1248349,47,1248396
10584,1248523,26,1248549
10585,1248726,18,1248744
10586,1248876,29,1248905
10587,1248958,13,1248971
10588,1249079,5,1249084
10589,1249729,11,1249740
10590,1249974,2,1249976
10591,1249997,30,1250027
10592,1250073,19,1250092
10593,1250136,16,1250152
10594,1250157,69,1250226
10595,1250300,22,1250322
10596,1250395,7,1250402
10597,1250585,5,1250590
10598,1250630,8,1250638
10599,1250661,29,1250690
10600,1251031,27,1251058
10601,1251222,65,1251287
10602,1251324,21,1251345
10603,1251363,29,1251392
10604,1251435,13,1251448
10605,1251550,14,1251564
10606,1251713,1,1251714
10607,1251718,1,1251719
10608,1251914,4,1251918
10609,1251922,18,1251940
10610,1252014,18,1252032
10611,1252189,4,1252193
10612,1252316,4,1252320
10613,1252630,25,1252655
10614,1252684,14,1252698
10615,1252840,39,1252879
10616,1253168,33,1253201
10617,1253544,16,1253560
10618,1253626,24,1253650
10619,1253701,19,1253720
10620,1253853,20,1253873
10621,1253890,17,1253907
10622,1253916,2,1253918
10623,1254196,5,1254201
10624,1254253,16,1254269
10625,1254325,18,1254343
10626,1254474,19,1254493
10627,1254566,23,1254589
10628,1254617,11,1254628
10629,1254808,8,1254816
10630,1254867,16,1254883
10631,1254884,2,1254886
10632,1254894,13,1254907
10633,1255212,26,1255238
10634,1255276,12,1255288
10635,1255388,1,1255389
10636,1255423,12,1255435
10637,1255499,8,1255507
10638,1255512,31,1255543
10639,1255608,49,1255657
10640,1255662,6,1255668
10641,1255678,30,1255708
10642,1255796,33,1255829
10643,1255993,46,1256039
10644,1256179,24,1256203
10645,1256220,9,1256229
10646,1256304,33,1256337
10647,1256623,15,1256638
10648,1256648,55,1256703
10649,1256810,50,1256860
10650,1256884,22,1256906
10651,1256942,8,1256950
10652,1257308,7,1257315
10653,1257356,52,1257408
10654,1257579,5,1257584
10655,1257642,7,1257649
10656,1257750,2,1257752
10657,1257776,19,1257795
10658,1258001,22,1258023
10659,1258100,1,1258101
10660,1258437,21,1258458
10661,1258496,6,1258502
10662,1258768,19,1258787
10663,1258840,6,1258846
10664,1258891,1,1258892
10665,1258909,9,1258918
10666,1259029,3,1259032
10667,1259216,33,1259249
10668,1259364,25,1259389
10669,1259482,4,1259486
10670,1259569,10,1259579
10671,1259913,28,1259941
10672,1260082,23,1260105
10673,1260162,38,1260200
10674,1260371,6,1260377
10675,1260394,1,1260395
10676,1260501,29,1260530
10677,1260692,19,1260711
10678,1260777,34,1260811
10679,1260815,101,1260916
10680,1261091,34,1261125
10681,1261172,20,1261192
10682,1261247,5,1261252
10683,1261256,15,1261271
10684,1261603,35,1261638
10685,1261710,32,1261742
10686,1261858,4,1261862
10687,1261897,1,1261898
10688,1262011,23,1262034
10689,1262279,4,1262283
10690,1262358,3,1262361
10691,1262507,20,1262527
10692,1262564,17,1262581
10693,1262595,19,1262614
10694,1262749,1,1262750
10695,1262771,3,1262774
10696,1262802,47,1262849
10697,1262893,6,1262899
10698,1262925,3,1262928
10699,1263044,7,1263051
10700,1263402,13,1263415
10701,1263452,4,1263456
10702,1263634,1,1263635
10703,1263793,22,1263815
10704,1263926,41,1263967
10705,1264012,23,1264035
10706,1264157,36,1264193
10707,1264456,46,1264502
10708,1264623,53,1264676
10709,1264746,1,1264747
10710,1265171,42,1265213
10711,1265241,2,1265243
10712,1265349,10,1265359
10713,1265393,8,1265401
10714,1265682,24,1265706
10715,1265811,28,1265839
10716,1265998,17,1266015
10717,1266054,4,1266058
10718,1266391,60,1266451
10719,1266696,4,1266700
10720,1266713,50,1266763
10721,1266842,5,1266847
10722,1266915,8,1266923
10723,1266937,37,1266974
10724,1267062,3,1267065
10725,1267163,39,1267202
10726,1267323,29,1267352
10727,1267593,19,1267612
10728,1267620,13,1267633
10729,1267842,14,1267856
10730,1267907,24,1267931
10731,1268050,18,1268068
10732,1268088,2,1268090
10733,1268171,13,1268184
10734,1268290,7,1268297
10735,1268346,1,1268347
10736,1268391,14,1268405
10737,1268430,16,1268446
10738,1268567,19,1268586
10739,1268627,1,1268628
10740,1268733,5,1268738
10741,1268745,8,1268753
10742,1268762,6,1268768
10743,1268902,8,1268910
10744,1269114,13,1269127
10745,1269265,46,1269311
10746,1269431,7,1269438
10747,1269650,14,1269664
10748,1269740,19,1269759
10749,1269830,8,1269838
10750,1270004,34,1270038
10751,1270243,48,1270291
10752,1270529,44,1270573
10753,1270797,74,1270871
10754,1271161,26,1271187
10755,1271229,3,1271232
10756,1271234,3,1271237
10757,1271411,4,1271415
10758,1271419,5,1271424
10759,1271455,7,1271462
10760,1271479,2,1271481
10761,1271503,1,1271504
10762,1271569,9,1271578
10763,1271582,19,1271601
10764,1271648,9,1271657
10765,1271709,17,1271726
10766,1271824,21,1271845
10767,1271896,19,1271915
10768,1272079,19,1272098
10769,1272123,32,1272155
10770,1272305,2,1272307
10771,1272344,3,1272347
10772,1272651,3,1272654
10773,1272748,35,1272783
10774,1272801,13,1272814
10775,1272868,8,1272876
10776,1273028,19,1273047
10777,1273109,22,1273131
10778,1273369,30,1273399
10779,1273406,13,1273419
10780,1273574,9,1273583
10781,1273590,24,1273614
10782,1273757,30,1273787
10783,1273792,7,1273799
10784,1273910,1,1273911
10785,1274117,10,1274127
10786,1274158,23,1274181
10787,1274426,32,1274458
10788,1274467,31,1274498
10789,1274506,44,1274550
10790,1274819,46,1274865
10791,1275231,14,1275245
10792,1275349,4,1275353
10793,1275360,67,1275427
10794,1275428,7,1275435
10795,1275438,49,1275487
10796,1275508,27,1275535
10797,1275622,12,1275634
10798,1275738,45,1275783
10799,1275885,15,1275900
10800,1276083,19,1276102
10801,1276139,17,1276156
10802,1276258,1,1276259
10803,1276396,11,1276407
10804,1276415,5,1276420
10805,1276465,5,1276470
10806,1276483,40,1276523
10807,1276555,11,1276566
10808,1276600,46,1276646
10809,1276713,27,1276740
10810,1276934,35,1276969
10811,1277006,44,1277050
10812,1277242,33,1277275
10813,1277443,9,1277452
10814,1277538,20,1277558
10815,1277573,18,1277591
10816,1277608,33,1277641
10817,1277682,46,1277728
10818,1277738,65,1277803
10819,1277843,13,1277856
10820,1277870,55,1277925
10821,1277937,1,1277938
10822,1278184,29,1278213
10823,1278402,12,1278414
10824,1278873,11,1278884
10825,1279035,11,1279046
10826,1279210,12,1279222
10827,1279229,16,1279245
10828,1279305,54,1279359
10829,1279397,9,1279406
10830,1279455,6,1279461
10831,1279462,1,1279463
10832,1279497,12,1279509
10833,1279643,3,1279646
10834,1279751,46,1279797
10835,1279845,62,1279907
10836,1279989,4,1279993
10837,1280027,17,1280044
10838,1280069,10,1280079
10839,1280205,26,1280231
10840,1280282,4,1280286
10841,1280288,14,1280302
10842,1280423,110,1280533
10843,1280539,6,1280545
10844,1280855,24,1280879
10845,1280976,1,1280977
10846,1281026,11,1281037
10847,1281049,11,1281060
10848,1281116,5,1281121
10849,1281124,3,1281127
10850,1281309,1,1281310
10851,1281312,7,1281319
10852,1281377,16,1281393
10853,1281434,5,1281439
10854,1281462,3,1281465
10855,1281541,11,1281552
10856,1281611,12,1281623
10857,1281701,2,1281703
10858,1281786,22,1281808
10859,1281877,72,1281949
10860,1282053,1,1282054
10861,1282055,63,1282118
10862,1282255,20,1282275
10863,1282367,2,1282369
10864,1282404,7,1282411
10865,1282492,10,1282502
10866,1282517,15,1282532
10867,1282551,45,1282596
10868,1282750,15,1282765
10869,1282863,16,1282879
10870,1283121,7,1283128
10871,1283379,22,1283401
10872,1283497,10,1283507
10873,1283562,8,1283570
10874,1283917,19,1283936
10875,1284069,30,1284099
10876,1284128,8,1284136
10877,1284204,78,1284282
10878,1284369,9,1284378
10879,1284524,24,1284548
10880,1284581,9,1284590
10881,1284790,11,1284801
10882,1284859,29,1284888
10883,1284962,6,1284968
10884,1284995,27,1285022
10885,1285023,1,1285024
10886,1285071,43,1285114
10887,1285278,4,1285282
10888,1285308,12,1285320
10889,1285715,8,1285723
10890,1285855,38,1285893
10891,1285953,1,1285954
10892,1285966,7,1285973
10893,1286261,2,1286263
10894,1286272,8,1286280
10895,1286347,49,1286396
10896,1286412,63,1286475
10897,1286542,28,1286570
10898,1286767,17,1286784
10899,1286854,15,1286869
10900,1286950,39,1286989
10901,1287063,9,1287072
10902,1287197,25,1287222
10903,1287339,9,1287348
10904,1287534,29,1287563
10905,1287795,2,1287797
10906,1288058,56,1288114
10907,1288125,14,1288139
10908,1288176,69,1288245
10909,1288266,9,1288275
10910,1288313,11,1288324
10911,1288341,30,1288371
10912,1288478,35,1288513
10913,1288553,16,1288569
10914,1288582,56,1288638
10915,1288871,12,1288883
10916,1289198,2,1289200
10917,1289204,28,1289232
10918,1289272,64,1289336
10919,1289428,9,1289437
10920,1289524,25,1289549
10921,1289764,38,1289802
10922,1290036,7,1290043
10923,1290051,7,1290058
10924,1290123,58,1290181
10925,1290201,39,1290240
10926,1290313,6,1290319
10927,1290564,3,1290567
10928,1290579,16,1290595
10929,1290903,23,1290926
10930,1291224,1,1291225
10931,1291289,4,1291293
10932,1291373,20,1291393
10933,1291455,21,1291476
10934,1291600,28,1291628
10935,1291636,13,1291649
10936,1291778,2,1291780
10937,1291790,30,1291820
10938,1291822,3,1291825
10939,1291936,11,1291947
10940,1292141,16,1292157
10941,1292253,85,1292338
10942,1292412,33,1292445
10943,1292649,6,1292655
10944,1292696,9,1292705
10945,1292756,6,1292762
10946,1292834,30,1292864
10947,1293020,5,1293025
10948,1293047,3,1293050
10949,1293125,25,1293150
10950,1293269,11,1293280
10951,1293490,8,1293498
10952,1293586,28,1293614
10953,1293736,23,1293759
10954,1293886,5,1293891
10955,1293895,13,1293908
10956,1294165,1,1294166
10957,1294514,8,1294522
10958,1294649,12,1294661
10959,1294820,32,1294852
10960,1294901,5,1294906
10961,1294909,22,1294931
10962,1295086,3,1295089
10963,1295269,75,1295344
10964,1295477,15,1295492
10965,1295607,11,1295618
10966,1295779,3,1295782
10967,1295808,105,1295913
10968,1296026,3,1296029
10969,1296062,55,1296117
10970,1296127,18,1296145
10971,1296166,163,1296329
10972,1296342,47,1296389
10973,1296415,49,1296464
10974,1296511,33,1296544
10975,1296621,28,1296649
10976,1296655,10,1296665
10977,1296779,9,1296788
10978,1296813,17,1296830
10979,1297040,43,1297083
10980,1297110,5,1297115
10981,1297151,64,1297215
10982,1297244,2,1297246
10983,1297259,2,1297261
10984,1297288,3,1297291
10985,1297393,36,1297429
10986,1297496,17,1297513
10987,1297518,5,1297523
10988,1297757,20,1297777
10989,1297847,9,1297856
10990,1297902,10,1297912
10991,1298059,7,1298066
10992,1298106,16,1298122
10993,1298148,29,1298177
10994,1298343,25,1298368
10995,1298558,94,1298652
10996,1298802,2,1298804
10997,1298900,10,1298910
10998,1299047,13,1299060
10999,1299137,17,1299154
11000,1299318,2,1299320
11001,1299353,9,1299362
11002,1299368,28,1299396
11003,1299444,12,1299456
11004,1299738,18,1299756
11005,1299791,5,1299796
11006,1299847,46,1299893
11007,1299896,11,1299907
11008,1299992,29,1300021
11009,1300175,2,1300177
11010,1300204,36,1300240
11011,1300270,43,1300313
11012,1300373,11,1300384
11013,1300469,4,1300473
11014,1300484,38,1300522
11015,1300543,73,1300616
11016,1300629,30,1300659
11017,1300750,13,1300763
11018,1300811,12,1300823
11019,1300844,1,1300845
11020,1301033,3,1301036
11021,1301107,33,1301140
11022,1301149,20,1301169
11023,1301381,8,1301389
11024,1301460,11,1301471
11025,1301475,7,1301482
11026,1301704,21,1301725
11027,1301794,5,1301799
11028,1301859,6,1301865
11029,1301950,21,1301971
11030,1302040,15,1302055
11031,1302276,47,1302323
11032,1302563,16,1302579
11033,1302786,26,1302812
11034,1302900,1,1302901
11035,1303247,3,1303250
11036,1303299,28,1303327
11037,1303433,34,1303467
11038,1303471,5,1303476
11039,1303501,21,1303522
11040,1303616,1,1303617
11041,1303706,7,1303713
11042,1303758,14,1303772
11043,1303927,11,1303938
11044,1304069,27,1304096
11045,1304163,14,1304177
11046,1304278,9,1304287
11047,1304376,15,1304391
11048,1304469,14,1304483
11049,1304503,4,1304507
11050,1304550,42,1304592
11051,1304707,23,1304730
11052,1304901,30,1304931
11053,1304938,35,1304973
11054,1305223,23,1305246
11055,1305370,12,1305382
11056,1305475,32,1305507
11057,1305747,10,1305757
11058,1305837,3,1305840
11059,1305876,7,1305883
11060,1306030,8,1306038
11061,1306103,17,1306120
11062,1306201,2,1306203
11063,1306449,73,1306522
11064,1306685,11,1306696
11065,1306711,28,1306739
11066,1306812,15,1306827
11067,1306896,21,1306917
11068,1307116,25,1307141
11069,1307240,83,1307323
11070,1307370,35,1307405
11071,1307445,1,1307446
11072,1307578,43,1307621
11073,1307639,23,1307662
11074,1307708,10,1307718
11075,1307941,27,1307968
11076,1308135,30,1308165
11077,1308222,65,1308287
11078,1308338,15,1308353
11079,1308417,15,1308432
11080,1308516,42,1308558
11081,1308783,7,1308790
11082,1308806,33,1308839
11083,1308866,7,1308873
11084,1308922,33,1308955
11085,1309173,22,1309195
11086,1309243,48,1309291
11087,1309311,2,1309313
11088,1309354,50,1309404
11089,1309458,26,1309484
11090,1309586,5,1309591
11091,1309911,17,1309928
11092,1310044,15,1310059
11093,1310110,19,1310129
11094,1310133,24,1310157
11095,1310183,2,1310185
11096,1310246,3,1310249
11097,1310470,50,1310520
11098,1310574,30,1310604
11099,1310681,2,1310683
11100,1311013,36,1311049
11101,1311064,4,1311068
11102,1311198,10,1311208
11103,1311218,37,1311255
11104,1311404,26,1311430
11105,1311501,30,1311531
11106,1311595,5,1311600
11107,1311663,3,1311666
11108,1311843,17,1311860
11109,1311887,21,1311908
11110,1311938,6,1311944
11111,1312071,14,1312085
11112,1312305,28,1312333
11113,1312373,39,1312412
11114,1312422,31,1312453
11115,1312455,11,1312466
11116,1312691,4,1312695
11117,1312746,18,1312764
11118,1312936,8,1312944
11119,1313124,3,1313127
11120,1313194,25,1313219
11121,1313552,9,1313561
11122,1313672,6,1313678
11123,1313710,4,1313714
11124,1313931,23,1313954
11125,1314064,32,1314096
11126,1314146,14,1314160
11127,1314293,42,1314335
11128,1314471,40,1314511
11129,1314547,66,1314613
11130,1314615,28,1314643
11131,1314764,6,1314770
11132,1314811,39,1314850
11133,1315060,45,1315105
11134,1315246,14,1315260
11135,1315366,14,1315380
11136,1315643,6,1315649
11137,1315692,18,1315710
11138,1315964,30,1315994
11139,1316002,41,1316043
11140,1316087,33,1316120
11141,1316238,5,1316243
11142,1316317,11,1316328
11143,1316340,3,1316343
11144,1316355,2,1316357
11145,1316484,5,1316489
11146,1316597,3,1316600
11147,1316637,42,1316679
11148,1317000,7,1317007
11149,1317053,32,1317085
11150,1317106,28,1317134
11151,1317139,37,1317176
11152,1317186,9,1317195
11153,1317317,47,1317364
11154,1317397,17,1317414
11155,1317431,6,1317437
11156,1317473,26,1317499
11157,1317519,21,1317540
11158,1317562,5,1317567
11159,1317652,91,1317743
11160,1317837,5,1317842
11161,1318005,7,1318012
11162,1318075,5,1318080
11163,1318235,14,1318249
11164,1318488,22,1318510
11165,1318609,35,1318644
11166,1318679,20,1318699
11167,1318734,1,1318735
11168,1318814,4,1318818
11169,1318974,11,1318985
11170,1318997,19,1319016
11171,1319021,23,1319044
11172,1319121,1,1319122
11173,1319124,11,1319135
11174,1319223,7,1319230
11175,1319412,4,1319416
11176,1319445,6,1319451
11177,1319657,12,1319669
11178,1319708,81,1319789
11179,1319812,12,1319824
11180,1320211,7,1320218
11181,1320222,24,1320246
11182,1320396,6,1320402
11183,1320498,46,1320544
11184,1320557,6,1320563
11185,1320640,24,1320664
11186,1320671,5,1320676
11187,1320736,61,1320797
11188,1321038,20,1321058
11189,1321083,22,1321105
11190,1321189,8,1321197
11191,1321397,2,1321399
11192,1321415,18,1321433
11193,1321490,68,1321558
11194,1321597,21,1321618
11195,1321628,25,1321653
11196,1321861,23,1321884
11197,1322117,6,1322123
11198,1322193,23,1322216
11199,1322220,37,1322257
11200,1322304,17,1322321
11201,1322479,30,1322509
11202,1322524,6,1322530
11203,1322608,18,1322626
11204,1322644,26,1322670
11205,1322817,8,1322825
11206,1322926,11,1322937
11207,1322994,19,1323013
11208,1323027,5,1323032
11209,1323143,12,1323155
11210,1323228,13,1323241
11211,1323317,33,1323350
11212,1323529,4,1323533
11213,1323570,8,1323578
11214,1323584,9,1323593
11215,1323736,14,1323750
11216,1323783,10,1323793
11217,1323828,4,1323832
11218,1324052,24,1324076
11219,1324179,35,1324214
11220,1324280,7,1324287
11221,1324372,45,1324417
11222,1324454,41,1324495
11223,1324662,8,1324670
11224,1324682,6,1324688
11225,1324806,2,1324808
11226,1324866,4,1324870
11227,1325128,5,1325133
11228,1325186,23,1325209
11229,1325279,20,1325299
11230,1325340,10,1325350
11231,1325370,33,1325403
11232,1325487,28,1325515
11233,1325577,68,1325645
11234,1325688,27,1325715
11235,1325739,73,1325812
11236,1325851,7,1325858
11237,1325866,11,1325877
11238,1325911,22,1325933
11239,1325958,12,1325970
11240,1326186,15,1326201
11241,1326257,7,1326264
11242,1326282,34,1326316
11243,1326392,32,1326424
11244,1326509,1,1326510
11245,1326651,3,1326654
11246,1326696,2,1326698
11247,1326958,5,1326963
11248,1327411,25,1327436
11249,1327445,11,1327456
11250,1327483,5,1327488
11251,1327612,18,1327630
11252,1327639,37,1327676
11253,1327782,23,1327805
11254,1327808,10,1327818
11255,1327850,3,1327853
11256,1327936,29,1327965
11257,1327976,7,1327983
11258,1328090,28,1328118
11259,1328153,1,1328154
11260,1328249,4,1328253
11261,1328343,22,1328365
11262,1328497,9,1328506
11263,1328530,6,1328536
11264,1328606,5,1328611
11265,1328758,8,1328766
11266,1328770,45,1328815
11267,1328864,19,1328883
11268,1329004,4,1329008
11269,1329033,42,1329075
11270,1329236,27,1329263
11271,1329475,5,1329480
11272,1329487,5,1329492
11273,1329559,1,1329560
11274,1329678,2,1329680
11275,1329715,22,1329737
11276,1329759,67,1329826
11277,1330065,6,1330071
11278,1330199,36,1330235
11279,1330447,1,1330448
11280,1330520,3,1330523
11281,1330669,1,1330670
11282,1330686,7,1330693
11283,1330826,4,1330830
11284,1330838,3,1330841
11285,1330847,5,1330852
11286,1330873,26,1330899
11287,1330912,28,1330940
11288,1331016,32,1331048
11289,1331057,26,1331083
11290,1331213,19,1331232
11291,1331326,1,1331327
11292,1331338,46,1331384
11293,1331439,18,1331457
11294,1331680,5,1331685
11295,1331782,48,1331830
11296,1331908,41,1331949
11297,1331953,49,1332002
11298,1332064,10,1332074
11299,1332134,40,1332174
11300,1332353,3,1332356
11301,1332468,16,1332484
11302,1332542,7,1332549
11303,1332553,13,1332566
11304,1332617,12,1332629
11305,1332682,8,1332690
11306,1332811,19,1332830
11307,1332911,13,1332924
11308,1333167,31,1333198
11309,1333209,3,1333212
11310,1333244,6,1333250
11311,1333652,30,1333682
11312,1333704,4,1333708
11313,1333757,1,1333758
11314,1333802,3,1333805
11315,1333877,13,1333890
11316,1334040,23,1334063
11317,1334112,1,1334113
11318,1334176,16,1334192
11319,1334220,19,1334239
11320,1334241,40,1334281
11321,1334293,3,1334296
11322,1334359,37,1334396
11323,1334479,5,1334484
11324,1334493,12,1334505
11325,1334538,32,1334570
11326,1334760,8,1334768
11327,1334803,9,1334812
11328,1335172,2,1335174
11329,1335327,2,1335329
11330,1335373,17,1335390
11331,1335650,45,1335695
11332,1335729,16,1335745
11333,1335788,6,1335794
11334,1335881,42,1335923
11335,1335977,1,1335978
11336,1335999,5,1336004
11337,1336058,12,1336070
11338,1336092,43,1336135
11339,1336257,4,1336261
11340,1336297,15,1336312
11341,1336397,20,1336417
11342,1336548,12,1336560
11343,1336619,31,1336650
11344,1336711,21,1336732
11345,1336861,12,1336873
11346,1337021,35,1337056
11347,1337122,39,1337161
11348,1337233,43,1337276
11349,1337586,4,1337590
11350,1337591,4,1337595
11351,1337779,28,1337807
11352,1337937,4,1337941
11353,1337956,31,1337987
11354,1338330,13,1338343
11355,1338360,9,1338369
11356,1338534,17,1338551
11357,1338600,5,1338605
11358,1338634,11,1338645
11359,1338772,10,1338782
11360,1338804,19,1338823
11361,1338834,3,1338837
11362,1338855,35,1338890
11363,1339075,8,1339083
11364,1339131,9,1339140
11365,1339164,20,1339184
11366,1339190,4,1339194
11367,1339205,1,1339206
11368,1339217,6,1339223
11369,1339359,86,1339445
11370,1339536,45,1339581
11371,1339646,2,1339648
11372,1339709,41,1339750
11373,1339828,20,1339848
11374,1340030,7,1340037
11375,1340057,4,1340061
11376,1340262,11,1340273
11377,1340289,12,1340301
11378,1340413,45,1340458
11379,1340468,14,1340482
11380,1340492,3,1340495
11381,1340502,19,1340521
11382,1340605,20,1340625
11383,1340646,11,1340657
11384,1340704,19,1340723
11385,1341044,19,1341063
11386,1341079,8,1341087
11387,1341091,16,1341107
11388,1341158,20,1341178
11389,1341245,4,1341249
11390,1341339,21,1341360
11391,1341368,26,1341394
11392,1341451,29,1341480
11393,1341637,1,1341638
11394,1341802,36,1341838
11395,1341979,5,1341984
11396,1341995,4,1341999
11397,1342017,6,1342023
11398,1342097,3,1342100
11399,1342160,9,1342169
11400,1342217,13,1342230
11401,1342392,6,1342398
11402,1342454,8,1342462
11403,1342474,8,1342482
11404,1342794,14,1342808
11405,1342844,28,1342872
11406,1343013,34,1343047
11407,1343055,42,1343097
11408,1343274,12,1343286
11409,1343295,3,1343298
11410,1343400,9,1343409
11411,1343513,23,1343536
11412,1343570,23,1343593
11413,1343655,5,1343660
11414,1343664,24,1343688
11415,1343802,14,1343816
11416,1344059,53,1344112
11417,1344138,2,1344140
11418,1344208,4,1344212
11419,1344275,1,1344276
11420,1344311,4,1344315
11421,1344372,13,1344385
11422,1344394,1,1344395
11423,1344806,20,1344826
11424,1344831,27,1344858
11425,1345012,18,1345030
11426,1345090,1,1345091
11427,1345455,14,1345469
11428,1345488,13,1345501
11429,1345945,13,1345958
11430,1345962,1,1345963
11431,1346108,84,1346192
11432,1346389,14,1346403
11433,1346604,15,1346619
11434,1346834,8,1346842
11435,1346860,5,1346865
11436,1347033,5,1347038
11437,1347039,27,1347066
11438,1347083,39,1347122
11439,1347147,11,1347158
11440,1347164,20,1347184
11441,1347254,73,1347327
11442,1347402,3,1347405
11443,1347446,8,1347454
11444,1347459,11,1347470
11445,1347498,41,1347539
11446,1347563,12,1347575
11447,1347586,22,1347608
11448,1347813,6,1347819
11449,1347826,7,1347833
11450,1347895,46,1347941
11451,1348215,26,1348241
11452,1348322,13,1348335
11453,1348343,3,1348346
11454,1348368,13,1348381
11455,1348499,17,1348516
11456,1348844,51,1348895
11457,1349098,14,1349112
11458,1349129,15,1349144
11459,1349146,8,1349154
11460,1349190,11,1349201
11461,1349397,29,1349426
11462,1349617,36,1349653
11463,1349684,26,1349710
11464,1349774,1,1349775
11465,1349792,20,1349812
11466,1350010,62,1350072
11467,1350421,5,1350426
11468,1350707,2,1350709
11469,1350782,13,1350795
11470,1350913,2,1350915
11471,1351412,9,1351421
11472,1351463,29,1351492
11473,1351698,7,1351705
11474,1351753,40,1351793
11475,1351884,30,1351914
11476,1351997,18,1352015
11477,1352317,17,1352334
11478,1352405,6,1352411
11479,1352444,20,1352464
11480,1352544,6,1352550
11481,1352565,10,1352575
11482,1352588,51,1352639
11483,1352648,16,1352664
11484,1352792,6,1352798
11485,1353021,14,1353035
11486,1353239,1,1353240
11487,1353474,34,1353508
11488,1353656,5,1353661
11489,1353707,12,1353719
11490,1353832,16,1353848
11491,1353871,6,1353877
11492,1353941,9,1353950
11493,1354210,16,1354226
11494,1354515,9,1354524
11495,1354626,47,1354673
11496,1354674,31,1354705
11497,1354773,23,1354796
11498,1354832,11,1354843
11499,1354950,34,1354984
11500,1355059,8,1355067
11501,1355115,17,1355132
11502,1355143,22,1355165
11503,1355282,23,1355305
11504,1355339,3,1355342
11505,1355461,3,1355464
11506,1355497,31,1355528
11507,1355591,11,1355602
11508,1355950,68,1356018
11509,1356171,10,1356181
11510,1356233,90,1356323
11511,1356429,40,1356469
11512,1356524,1,1356525
11513,1356815,106,1356921
11514,1356978,11,1356989
11515,1357127,71,1357198
11516,1357199,123,1357322
11517,1357477,22,1357499
11518,1357525,11,1357536
11519,1357551,41,1357592
11520,1357695,8,1357703
11521,1357720,8,1357728
11522,1357854,41,1357895
11523,1357996,16,1358012
11524,1358280,13,1358293
11525,1358387,3,1358390
11526,1358561,26,1358587
11527,1358588,12,1358600
11528,1358702,32,1358734
11529,1358788,18,1358806
11530,1358986,20,1359006
11531,1359160,17,1359177
11532,1359397,2,1359399
11533,1359428,8,1359436
11534,1359476,2,1359478
11535,1359518,23,1359541
11536,1359551,12,1359563
11537,1359785,20,1359805
11538,1359807,5,1359812
11539,1359958,39,1359997
11540,1360068,18,1360086
11541,1360153,14,1360167
11542,1360215,17,1360232
11543,1360417,4,1360421
11544,1360511,5,1360516
11545,1360668,12,1360680
11546,1360753,24,1360777
11547,1360824,23,1360847
11548,1360869,11,1360880
11549,1360960,6,1360966
11550,1361057,44,1361101
11551,1361156,16,1361172
11552,1361342,18,1361360
11553,1361458,20,1361478
11554,1361500,8,1361508
11555,1361596,8,1361604
11556,1361759,35,1361794
11557,1361916,3,1361919
11558,1361954,8,1361962
11559,1362012,42,1362054
11560,1362056,3,1362059
11561,1362218,26,1362244
11562,1362361,27,1362388
11563,1362500,16,1362516
11564,1362521,22,1362543
11565,1362571,42,1362613
11566,1362696,2,1362698
11567,1362779,27,1362806
11568,1363002,5,1363007
11569,1363079,9,1363088
11570,1363120,44,1363164
11571,1363203,2,1363205
11572,1363221,28,1363249
11573,1363283,3,1363286
11574,1363376,29,1363405
11575,1363478,17,1363495
11576,1363597,6,1363603
11577,1363706,8,1363714
11578,1363731,16,1363747
11579,1363764,2,1363766
11580,1363858,1,1363859
11581,1363930,40,1363970
11582,1364033,17,1364050
11583,1364202,10,1364212
11584,1364245,101,1364346
11585,1364469,8,1364477
11586,1364510,27,1364537
11587,1364562,52,1364614
11588,1364656,2,1364658
11589,1364936,20,1364956
11590,1365048,27,1365075
11591,1365205,7,1365212
11592,1365309,24,1365333
11593,1365420,5,1365425
11594,1365481,4,1365485
11595,1365619,41,1365660
11596,1365902,17,1365919
11597,1365956,49,1366005
11598,1366063,25,1366088
11599,1366109,8,1366117
11600,1366382,26,1366408
11601,1366516,37,1366553
11602,1366799,2,1366801
11603,1366842,40,1366882
11604,1367106,7,1367113
11605,1367145,44,1367189
11606,1367193,11,1367204
11607,1367207,25,1367232
11608,1367242,13,1367255
11609,1367324,43,1367367
11610,1367375,9,1367384
11611,1367475,39,1367514
11612,1367532,2,1367534
11613,1367560,29,1367589
11614,1367641,3,1367644
11615,1367729,25,1367754
11616,1367865,2,1367867
11617,1367876,5,1367881
11618,1367958,1,1367959
11619,1367984,53,1368037
11620,1368112,17,1368129
11621,1368221,4,1368225
11622,1368417,5,1368422
11623,1368792,3,1368795
11624,1368943,22,1368965
11625,1369035,28,1369063
11626,1369158,19,1369177
11627,1369305,28,1369333
11628,1369354,5,1369359
11629,1369408,2,1369410
11630,1369412,34,1369446
11631,1369539,64,1369603
11632,1369704,13,1369717
11633,1369755,21,1369776
11634,1369873,19,1369892
11635,1369907,26,1369933
11636,1370102,3,1370105
11637,1370129,30,1370159
11638,1370212,39,1370251
11639,1370428,1,1370429
11640,1370437,23,1370460
11641,1370573,11,1370584
11642,1370659,35,1370694
11643,1370762,1,1370763
11644,1370918,18,1370936
11645,1371092,12,1371104
11646,1371222,24,1371246
11647,1371285,27,1371312
11648,1371527,7,1371534
11649,1371583,4,1371587
11650,1371819,51,1371870
11651,1371910,36,1371946
11652,1371952,52,1372004
11653,1372132,4,1372136
11654,1372188,13,1372201
11655,1372372,11,1372383
11656,1372434,11,1372445
11657,1372489,14,1372503
11658,1372520,24,1372544
11659,1372829,24,1372853
11660,1372865,22,1372887
11661,1372958,16,1372974
11662,1373019,17,1373036
11663,1373141,16,1373157
11664,1373194,23,1373217
11665,1373233,22,1373255
11666,1373308,15,1373323
11667,1373364,2,1373366
11668,1373388,11,1373399
11669,1373477,17,1373494
11670,1373514,3,1373517
11671,1373692,52,1373744
11672,1373783,55,1373838
11673,1373848,86,1373934
11674,1374027,19,1374046
11675,1374132,3,1374135
11676,1374277,22,1374299
11677,1374375,1,1374376
11678,1374455,94,1374549
11679,1374619,3,1374622
11680,1374781,7,1374788
11681,1374815,8,1374823
11682,1374988,12,1375000
11683,1375008,20,1375028
11684,1375091,28,1375119
11685,1375136,51,1375187
11686,1375300,45,1375345
11687,1375532,16,1375548
11688,1375655,22,1375677
11689,1375678,43,1375721
11690,1375722,8,1375730
11691,1375748,78,1375826
11692,1376031,7,1376038
11693,1376087,8,1376095
11694,1376272,26,1376298
11695,1376340,12,1376352
11696,1376567,2,1376569
11697,1376609,26,1376635
11698,1376713,35,1376748
11699,1377037,6,1377043
11700,1377057,3,1377060
11701,1377065,8,1377073
11702,1377239,25,1377264
11703,1377302,4,1377306
11704,1377375,13,1377388
11705,1377667,19,1377686
11706,1377728,14,1377742
11707,1377807,63,1377870
11708,1377971,3,1377974
11709,1378168,12,1378180
11710,1378281,36,1378317
11711,1378343,9,1378352
11712,1378408,18,1378426
11713,1378635,18,1378653
11714,1378726,33,1378759
11715,1378876,12,1378888
11716,1378891,17,1378908
11717,1378946,46,1378992
11718,1379195,3,1379198
11719,1379252,24,1379276
11720,1379364,44,1379408
11721,1379613,36,1379649
11722,1379781,38,1379819
11723,1379865,43,1379908
11724,1379938,20,1379958
11725,1380032,31,1380063
11726,1380152,16,1380168
11727,1380170,15,1380185
11728,1380270,4,1380274
11729,1380276,4,1380280
11730,1380363,4,1380367
11731,1380395,14,1380409
11732,1380469,17,1380486
11733,1380863,17,1380880
11734,1380976,10,1380986
11735,1381090,10,1381100
11736,1381198,16,1381214
11737,1381242,4,1381246
11738,1381459,51,1381510
11739,1381556,19,1381575
11740,1381663,25,1381688
11741,1381729,30,1381759
11742,1381792,48,1381840
11743,1382157,10,1382167
11744,1382359,4,1382363
11745,1382431,9,1382440
11746,1382480,3,1382483
11747,1382653,5,1382658
11748,1382710,20,1382730
11749,1382878,7,1382885
11750,1383011,3,1383014
11751,1383017,16,1383033
11752,1383195,10,1383205
11753,1383298,17,1383315
11754,1383321,69,1383390
11755,1383456,20,1383476
11756,1383569,61,1383630
11757,1383631,17,1383648
11758,1383688,20,1383708
11759,1383725,16,1383741
11760,1383786,11,1383797
11761,1384087,25,1384112
11762,1384176,18,1384194
11763,1384209,28,1384237
11764,1384238,1,1384239
11765,1384348,4,1384352
11766,1384818,25,1384843
11767,1384930,24,1384954
11768,1385089,10,1385099
11769,1385331,16,1385347
11770,1385602,5,1385607
11771,1385685,2,1385687
11772,1385848,48,1385896
11773,1385995,13,1386008
11774,1386017,2,1386019
11775,1386110,2,1386112
11776,1386326,17,1386343
11777,1386345,36,1386381
11778,1386605,6,1386611
11779,1386621,25,1386646
11780,1386715,3,1386718
11781,1386769,62,1386831
11782,1387362,33,1387395
11783,1387492,2,1387494
11784,1387508,26,1387534
11785,1387596,21,1387617
11786,1387711,8,1387719
11787,1387732,24,1387756
11788,1387997,20,1388017
11789,1388042,38,1388080
11790,1388283,3,1388286
11791,1388501,27,1388528
11792,1388655,12,1388667
11793,1388875,8,1388883
11794,1389216,14,1389230
11795,1389240,2,1389242
11796,1389425,14,1389439
11797,1389542,12,1389554
11798,1389605,14,1389619
11799,1389671,24,1389695
11800,1389803,41,1389844
11801,1390072,2,1390074
11802,1390155,7,1390162
11803,1390215,5,1390220
11804,1390230,21,1390251
11805,1390284,7,1390291
11806,1390384,28,1390412
11807,1390475,21,1390496
11808,1390747,21,1390768
11809,1390933,74,1391007
11810,1391156,34,1391190
11811,1391328,2,1391330
11812,1391676,54,1391730
11813,1392070,13,1392083
11814,1392106,4,1392110
11815,1392181,11,1392192
11816,1392236,20,1392256
11817,1392322,4,1392326
11818,1392371,15,1392386
11819,1392406,2,1392408
11820,1392586,9,1392595
11821,1392661,46,1392707
11822,1392810,11,1392821
11823,1392979,18,1392997
11824,1393043,47,1393090
11825,1393182,13,1393195
11826,1393311,23,1393334
11827,1393509,6,1393515
11828,1393605,56,1393661
11829,1393675,24,1393699
11830,1393742,22,1393764
11831,1393805,9,1393814
11832,1393839,18,1393857
11833,1394202,9,1394211
11834,1394268,6,1394274
11835,1394297,30,1394327
11836,1394328,17,1394345
11837,1394373,19,1394392
11838,1394543,5,1394548
11839,1394859,20,1394879
11840,1394954,1,1394955
11841,1395007,29,1395036
11842,1395092,1,1395093
11843,1395193,27,1395220
11844,1395287,36,1395323
11845,1395395,13,1395408
11846,1395539,26,1395565
11847,1395696,7,1395703
11848,1395749,17,1395766
11849,1395785,2,1395787
11850,1395825,18,1395843
11851,1395856,17,1395873
11852,1395891,7,1395898
11853,1395902,25,1395927
11854,1395945,21,1395966
11855,1396124,7,1396131
11856,1396160,45,1396205
11857,1396269,10,1396279
11858,1396302,18,1396320
11859,1396422,12,1396434
11860,1396448,5,1396453
11861,1396518,56,1396574
11862,1396667,5,1396672
11863,1396735,5,1396740
11864,1396822,20,1396842
11865,1396849,19,1396868
11866,1396961,7,1396968
11867,1397059,23,1397082
11868,1397218,18,1397236
11869,1397279,43,1397322
11870,1397399,3,1397402
11871,1397530,82,1397612
11872,1397684,17,1397701
11873,1397740,18,1397758
11874,1397918,27,1397945
11875,1398071,3,1398074
11876,1398174,65,1398239
11877,1398332,27,1398359
11878,1398448,9,1398457
11879,1398555,3,1398558
11880,1398567,49,1398616
11881,1398622,34,1398656
11882,1398875,2,1398877
11883,1398991,30,1399021
11884,1399026,25,1399051
11885,1399072,10,1399082
11886,1399577,47,1399624
11887,1400015,12,1400027
11888,1400092,52,1400144
11889,1400254,55,1400309
11890,1400550,19,1400569
11891,1400601,62,1400663
11892,1400737,1,1400738
11893,1400781,4,1400785
11894,1400871,16,1400887
11895,1400975,17,1400992
11896,1401018,1,1401019
11897,1401255,17,1401272
11898,1401325,18,1401343
11899,1401348,26,1401374
11900,1401413,15,1401428
11901,1401761,4,1401765
11902,1401909,5,1401914
11903,1401945,38,1401983
11904,1402160,63,1402223
11905,1402358,53,1402411
11906,1402639,22,1402661
11907,1402674,1,1402675
11908,1402687,20,1402707
11909,1402758,26,1402784
11910,1402869,16,1402885
11911,1403042,53,1403095
11912,1403145,31,1403176
11913,1403216,2,1403218
11914,1403311,2,1403313
11915,1403342,11,1403353
11916,1403837,18,1403855
11917,1403889,11,1403900
11918,1403959,34,1403993
11919,1404009,2,1404011
11920,1404041,4,1404045
11921,1404079,10,1404089
11922,1404340,11,1404351
11923,1404379,46,1404425
11924,1404428,7,1404435
11925,1404536,15,1404551
11926,1404553,33,1404586
11927,1404675,51,1404726
11928,1404813,14,1404827
11929,1404841,18,1404859
11930,1405032,13,1405045
11931,1405057,14,1405071
11932,1405088,4,1405092
11933,1405243,12,1405255
11934,1405478,20,1405498
11935,1405582,8,1405590
11936,1405647,14,1405661
11937,1405719,28,1405747
11938,1405880,1,1405881
11939,1405998,5,1406003
11940,1406024,24,1406048
11941,1406111,36,1406147
11942,1406161,16,1406177
11943,1406243,12,1406255
11944,1406264,2,1406266
11945,1406271,14,1406285
11946,1406301,104,1406405
11947,1406407,16,1406423
11948,1406583,12,1406595
11949,1406725,42,1406767
11950,1406768,43,1406811
11951,1406893,5,1406898
11952,1407027,50,1407077
11953,1407133,10,1407143
11954,1407182,61,1407243
11955,1407258,24,1407282
11956,1407333,17,1407350
11957,1407447,28,1407475
11958,1407583,34,1407617
11959,1407678,15,1407693
11960,1407779,24,1407803
11961,1407926,8,1407934
11962,1407982,2,1407984
11963,1408076,11,1408087
11964,1408092,10,1408102
11965,1408157,3,1408160
11966,1408290,20,1408310
11967,1408538,28,1408566
11968,1408571,10,1408581
11969,1408591,28,1408619
11970,1408677,40,1408717
11971,1408766,13,1408779
11972,1408963,36,1408999
11973,1409285,32,1409317
11974,1409347,18,1409365
11975,1409510,40,1409550
11976,1409640,61,1409701
11977,1409707,28,1409735
11978,1409766,38,1409804
11979,1409970,1,1409971
11980,1410244,21,1410265
11981,1410381,25,1410406
11982,1410661,13,1410674
11983,1410805,18,1410823
11984,1410836,7,1410843
11985,1410850,13,1410863
11986,1410888,7,1410895
11987,1410966,1,1410967
11988,1411105,18,1411123
11989,1411141,8,1411149
11990,1411337,24,1411361
11991,1411371,19,1411390
11992,1411404,25,1411429
11993,1411468,5,1411473
11994,1411565,17,1411582
11995,1411654,6,1411660
11996,1411684,6,1411690
11997,1411898,7,1411905
11998,1412033,10,1412043
11999,1412111,54,1412165
12000,1412376,2,1412378
12001,1412428,1,1412429
12002,1412477,21,1412498
12003,1412602,13,1412615
12004,1412670,12,1412682
12005,1412698,7,1412705
12006,1412739,5,1412744
12007,1412802,10,1412812
12008,1412826,29,1412855
12009,1412892,11,1412903
12010,1413002,7,1413009
12011,1413056,35,1413091
12012,1413131,62,1413193
12013,1413404,73,1413477
12014,1413518,15,1413533
12015,1413575,7,1413582
12016,1413740,13,1413753
12017,1413809,27,1413836
12018,1413888,23,1413911
12019,1413951,40,1413991
12020,1413993,16,1414009
12021,1414056,62,1414118
12022,1414141,57,1414198
12023,1414260,9,1414269
12024,1414457,27,1414484
12025,1414652,64,1414716
12026,1414767,19,1414786
12027,1414789,9,1414798
12028,1414839,1,1414840
12029,1414867,2,1414869
12030,1414899,10,1414909
12031,1415040,20,1415060
12032,1415111,24,1415135
12033,1415267,10,1415277
12034,1415341,28,1415369
12035,1415640,8,1415648
12036,1415679,20,1415699
12037,1415726,43,1415769
12038,1415908,6,1415914
12039,1416061,25,1416086
12040,1416102,8,1416110
12041,1416260,7,1416267
12042,1416305,43,1416348
12043,1416355,62,1416417
12044,1416431,26,1416457
12045,1416551,17,1416568
12046,1416666,16,1416682
12047,1416713,11,1416724
12048,1416771,31,1416802
12049,1416805,21,1416826
12050,1416847,12,1416859
12051,1416992,15,1417007
12052,1417210,11,1417221
12053,1417254,9,1417263
12054,1417529,19,1417548
12055,1417684,12,1417696
12056,1417998,3,1418001
12057,1418021,17,1418038
12058,1418396,27,1418423
12059,1418467,11,1418478
12060,1418584,3,1418587
12061,1418659,9,1418668
12062,1418793,29,1418822
12063,1418875,108,1418983
12064,1418990,17,1419007
12065,1419135,68,1419203
12066,1419225,2,1419227
12067,1419372,11,1419383
12068,1419460,15,1419475
12069,1419803,20,1419823
12070,1419891,28,1419919
12071,1420100,1,1420101
12072,1420340,26,1420366
12073,1420402,5,1420407
12074,1420578,37,1420615
12075,1420663,4,1420667
12076,1420820,35,1420855
12077,1420937,2,1420939
12078,1421063,14,1421077
12079,1421082,15,1421097
12080,1421270,28,1421298
12081,1421337,52,1421389
12082,1421569,43,1421612
12083,1421631,3,1421634
12084,1421673,36,1421709
12085,1421809,72,1421881
12086,1421975,20,1421995
12087,1422022,52,1422074
12088,1422201,9,1422210
12089,1422244,46,1422290
12090,1422325,2,1422327
12091,1422551,33,1422584
12092,1422657,17,1422674
12093,1422770,22,1422792
12094,1422851,5,1422856
12095,1422891,31,1422922
12096,1423045,9,1423054
12097,1423093,11,1423104
12098,1423117,26,1423143
12099,1423193,2,1423195
12100,1423198,13,1423211
12101,1423435,7,1423442
12102,1423520,39,1423559
12103,1423637,21,1423658
12104,1423664,32,1423696
12105,1423700,20,1423720
12106,1423866,1,1423867
12107,1423880,1,1423881
12108,1424055,13,1424068
12109,1424149,16,1424165
12110,1424277,1,1424278
12111,1424399,56,1424455
12112,1424558,60,1424618
12113,1424657,5,1424662
12114,1424663,23,1424686
12115,1424841,2,1424843
12116,1425015,26,1425041
12117,1425114,6,1425120
12118,1425226,28,1425254
12119,1425259,33,1425292
12120,1425298,4,1425302
12121,1425529,25,1425554
12122,1425565,1,1425566
12123,1425631,2,1425633
12124,1425709,3,1425712
12125,1425752,146,1425898
12126,1425934,4,1425938
12127,1425976,3,1425979
12128,1426241,6,1426247
12129,1426255,45,1426300
12130,1426423,9,1426432
12131,1426711,1,1426712
12132,1426733,17,1426750
12133,1427036,9,1427045
12134,1427108,45,1427153
12135,1427215,4,1427219
12136,1427394,8,1427402
12137,1427442,4,1427446
12138,1427472,24,1427496
12139,1427630,14,1427644
12140,1427664,57,1427721
12141,1427825,3,1427828
12142,1428238,20,1428258
12143,1428337,3,1428340
12144,1428416,6,1428422
12145,1428544,16,1428560
12146,1428633,15,1428648
12147,1428674,3,1428677
12148,1428714,34,1428748
12149,1428807,2,1428809
12150,1428967,2,1428969
12151,1428976,2,1428978
12152,1429156,66,1429222
12153,1429412,74,1429486
12154,1429495,15,1429510
12155,1429691,8,1429699
12156,1429794,9,1429803
12157,1429864,6,1429870
12158,1430084,7,1430091
12159,1430221,4,1430225
12160,1430420,12,1430432
12161,1430795,19,1430814
12162,1431307,3,1431310
12163,1431318,7,1431325
12164,1431382,55,1431437
12165,1431483,59,1431542
12166,1431559,1,1431560
12167,1431873,8,1431881
12168,1431898,14,1431912
12169,1431922,5,1431927
12170,1432316,57,1432373
12171,1433038,7,1433045
12172,1433349,52,1433401
12173,1433446,9,1433455
12174,1433502,16,1433518
12175,1433593,1,1433594
12176,1433610,1,1433611
12177,1434054,23,1434077
12178,1434085,29,1434114
12179,1434200,23,1434223
12180,1434337,38,1434375
12181,1434663,9,1434672
12182,1434736,2,1434738
12183,1434772,37,1434809
12184,1434812,31,1434843
12185,1434878,9,1434887
12186,1434892,6,1434898
12187,1434900,37,1434937
12188,1434963,49,1435012
12189,1435090,1,1435091
12190,1435108,41,1435149
12191,1435191,18,1435209
12192,1435215,7,1435222
12193,1435287,11,1435298
12194,1435787,23,1435810
12195,1435876,5,1435881
12196,1435889,3,1435892
12197,1435984,37,1436021
12198,1436315,22,1436337
12199,1436544,3,1436547
12200,1436667,7,1436674
12201,1436790,15,1436805
12202,1436977,1,1436978
12203,1437011,4,1437015
12204,1437119,6,1437125
12205,1437154,94,1437248
12206,1437295,5,1437300
12207,1437438,7,1437445
12208,1437532,15,1437547
12209,1437789,55,1437844
12210,1437846,45,1437891
12211,1437996,5,1438001
12212,1438053,8,1438061
12213,1438186,29,1438215
12214,1438221,9,1438230
12215,1438313,47,1438360
12216,1438455,21,1438476
12217,1438674,7,1438681
12218,1438730,2,1438732
12219,1438765,27,1438792
12220,1438881,19,1438900
12221,1438918,4,1438922
12222,1439153,54,1439207
12223,1439232,7,1439239
12224,1439709,13,1439722
12225,1439760,4,1439764
12226,1439780,37,1439817
12227,1439826,15,1439841
12228,1440029,9,1440038
12229,1440187,1,1440188
12230,1440277,6,1440283
12231,1440340,47,1440387
12232,1440463,1,1440464
12233,1440520,21,1440541
12234,1440577,16,1440593
12235,1440626,20,1440646
12236,1440679,9,1440688
12237,1440693,35,1440728
12238,1440773,11,1440784
12239,1440861,15,1440876
12240,1440881,17,1440898
12241,1440918,18,1440936
12242,1440943,24,1440967
12243,1440977,17,1440994
12244,1441022,34,1441056
12245,1441113,6,1441119
12246,1441152,6,1441158
12247,1441193,9,1441202
12248,1441304,25,1441329
12249,1441355,73,1441428
12250,1441457,72,1441529
12251,1441534,40,1441574
12252,1441686,2,1441688
12253,1441903,16,1441919
12254,1441968,36,1442004
12255,1442148,4,1442152
12256,1442195,15,1442210
12257,1442227,27,1442254
12258,1442297,54,1442351
12259,1442482,53,1442535
12260,1442568,73,1442641
12261,1442778,55,1442833
12262,1442843,72,1442915
12263,1443004,42,1443046
12264,1443184,25,1443209
12265,1443268,15,1443283
12266,1443612,1,1443613
12267,1443730,10,1443740
12268,1443758,4,1443762
12269,1443858,6,1443864
12270,1443960,5,1443965
12271,1444152,31,1444183
12272,1444204,1,1444205
12273,1444227,43,1444270
12274,1444299,3,1444302
12275,1444398,2,1444400
12276,1444988,19,1445007
12277,1445023,45,1445068
12278,1445166,42,1445208
12279,1445232,7,1445239
12280,1445398,16,1445414
12281,1445458,7,1445465
12282,1445563,12,1445575
12283,1445971,15,1445986
12284,1446014,6,1446020
12285,1446085,9,1446094
12286,1446115,14,1446129
12287,1446223,2,1446225
12288,1446230,15,1446245
12289,1446249,22,1446271
12290,1446366,4,1446370
12291,1446378,8,1446386
12292,1446438,15,1446453
12293,1446480,15,1446495
12294,1446523,45,1446568
12295,1446588,2,1446590
12296,1446653,13,1446666
12297,1446744,21,1446765
12298,1446887,18,1446905
12299,1447407,1,1447408
12300,1447418,40,1447458
12301,1447506,29,1447535
12302,1447728,32,1447760
12303,1447888,2,1447890
12304,1447915,23,1447938
12305,1448005,11,1448016
12306,1448048,18,1448066
12307,1448139,2,1448141
12308,1448282,10,1448292
12309,1448323,24,1448347
12310,1448517,15,1448532
12311,1448579,12,1448591
12312,1448662,3,1448665
12313,1448703,3,1448706
12314,1448729,27,1448756
12315,1448926,27,1448953
12316,1448970,13,1448983
12317,1449063,22,1449085
12318,1449224,48,1449272
12319,1449312,67,1449379
12320,1449467,17,1449484
12321,1449528,6,1449534
12322,1449609,25,1449634
12323,1449929,13,1449942
12324,1449951,3,1449954
12325,1449973,10,1449983
12326,1450039,28,1450067
12327,1450099,3,1450102
12328,1450373,40,1450413
12329,1450419,39,1450458
12330,1450467,6,1450473
12331,1450487,4,1450491
12332,1450653,11,1450664
12333,1450835,8,1450843
12334,1450856,4,1450860
12335,1450883,3,1450886
12336,1450929,12,1450941
12337,1451114,6,1451120
12338,1451136,13,1451149
12339,1451150,31,1451181
12340,1451219,9,1451228
12341,1451333,5,1451338
12342,1451347,3,1451350
12343,1451475,51,1451526
12344,1451553,17,1451570
12345,1451579,1,1451580
12346,1451700,62,1451762
12347,1451962,38,1452000
12348,1452041,1,1452042
12349,1452326,39,1452365
12350,1452406,11,1452417
12351,1452465,17,1452482
12352,1452553,6,1452559
12353,1452685,8,1452693
12354,1453014,4,1453018
12355,1453022,21,1453043
12356,1453055,2,1453057
12357,1453113,6,1453119
12358,1453203,5,1453208
12359,1453356,1,1453357
12360,1453369,6,1453375
12361,1453498,33,1453531
12362,1453536,23,1453559
12363,1453669,3,1453672
12364,1453723,40,1453763
12365,1453826,12,1453838
12366,1453855,8,1453863
12367,1453878,10,1453888
12368,1453900,12,1453912
12369,1453946,15,1453961
12370,1454016,2,1454018
12371,1454095,1,1454096
12372,1454226,45,1454271
12373,1454368,1,1454369
12374,1454411,20,1454431
12375,1454443,21,1454464
12376,1454572,2,1454574
12377,1454622,1,1454623
12378,1454716,9,1454725
12379,1454764,7,1454771
12380,1454774,8,1454782
12381,1454922,83,1455005
12382,1455043,7,1455050
12383,1455208,6,1455214
12384,1455372,24,1455396
12385,1455521,35,1455556
12386,1455711,51,1455762
12387,1455807,15,1455822
12388,1455945,17,1455962
12389,1456264,14,1456278
12390,1456433,8,1456441
12391,1456654,68,1456722
12392,1456888,35,1456923
12393,1456936,7,1456943
12394,1457059,24,1457083
12395,1457108,41,1457149
12396,1457220,9,1457229
12397,1457314,11,1457325
12398,1457358,2,1457360
12399,1457412,20,1457432
12400,1457459,12,1457471
12401,1457641,65,1457706
12402,1457793,9,1457802
12403,1458071,36,1458107
12404,1458129,12,1458141
12405,1458274,57,1458331
12406,1458454,14,1458468
12407,1458691,5,1458696
12408,1458815,2,1458817
12409,1458829,18,1458847
12410,1458923,50,1458973
12411,1458990,163,1459153
12412,1459310,36,1459346
12413,1459347,8,1459355
12414,1459364,7,1459371
12415,1459450,8,1459458
12416,1459599,7,1459606
12417,1459643,26,1459669
12418,1459671,7,1459678
12419,1459705,7,1459712
12420,1459899,12,1459911
12421,1459962,7,1459969
12422,1459971,15,1459986
12423,1459993,5,1459998
12424,1460065,50,1460115
12425,1460200,11,1460211
12426,1460414,23,1460437
12427,1460458,31,1460489
12428,1460528,8,1460536
12429,1460708,1,1460709
12430,1460806,4,1460810
12431,1460948,20,1460968
12432,1461169,15,1461184
12433,1461305,9,1461314
12434,1461572,5,1461577
12435,1461891,2,1461893
12436,1462009,13,1462022
12437,1462025,29,1462054
12438,1462138,7,1462145
12439,1462153,16,1462169
12440,1462264,43,1462307
12441,1462316,3,1462319
12442,1462337,50,1462387
12443,1462511,55,1462566
12444,1462570,17,1462587
12445,1462590,47,1462637
12446,1462755,4,1462759
12447,1462962,14,1462976
12448,1463051,14,1463065
12449,1463248,29,1463277
12450,1463349,12,1463361
12451,1463388,2,1463390
12452,1463457,1,1463458
12453,1463638,13,1463651
12454,1463704,19,1463723
12455,1463868,86,1463954
12456,1464150,7,1464157
12457,1464346,3,1464349
12458,1464496,4,1464500
12459,1464912,1,1464913
12460,1465126,1,1465127
12461,1465184,7,1465191
12462,1465214,35,1465249
12463,1465394,11,1465405
12464,1465408,1,1465409
12465,1465442,6,1465448
12466,1465753,3,1465756
12467,1465789,20,1465809
12468,1466001,16,1466017
12469,1466032,1,1466033
12470,1466037,13,1466050
12471,1466064,15,1466079
12472,1466270,14,1466284
12473,1466347,12,1466359
12474,1466410,35,1466445
12475,1466516,52,1466568
12476,1466668,27,1466695
12477,1466774,5,1466779
12478,1466881,18,1466899
12479,1466935,62,1466997
12480,1467207,7,1467214
12481,1467231,5,1467236
12482,1467326,8,1467334
12483,1467374,7,1467381
12484,1467583,1,1467584
12485,1467656,25,1467681
12486,1467711,12,1467723
12487,1467855,26,1467881
12488,1467978,27,1468005
12489,1468232,63,1468295
12490,1468316,3,1468319
12491,1468385,25,1468410
12492,1468539,4,1468543
12493,1468566,16,1468582
12494,1469155,4,1469159
12495,1469262,27,1469289
12496,1469533,5,1469538
12497,1469613,55,1469668
12498,1469678,19,1469697
12499,1469821,39,1469860
12500,1469895,16,1469911
12501,1469961,45,1470006
12502,1470011,12,1470023
12503,1470195,16,1470211
12504,1470357,4,1470361
12505,1470385,41,1470426
12506,1470447,12,1470459
12507,1470499,22,1470521
12508,1470803,2,1470805
12509,1470964,19,1470983
12510,1471049,23,1471072
12511,1471148,7,1471155
12512,1471168,7,1471175
12513,1471311,6,1471317
12514,1471336,9,1471345
12515,1471515,3,1471518
12516,1471578,11,1471589
12517,1471625,4,1471629
12518,1471698,9,1471707
12519,1472053,5,1472058
12520,1472068,39,1472107
12521,1472164,12,1472176
12522,1472212,40,1472252
12523,1472342,27,1472369
12524,1472373,9,1472382
12525,1472391,2,1472393
12526,1472493,4,1472497
12527,1473122,41,1473163
12528,1473216,13,1473229
12529,1473335,66,1473401
12530,1473513,5,1473518
12531,1473684,8,1473692
12532,1473703,2,1473705
12533,1473786,22,1473808
12534,1473833,15,1473848
12535,1474010,9,1474019
12536,1474192,7,1474199
12537,1474303,24,1474327
12538,1474374,27,1474401
12539,1474438,14,1474452
12540,1474526,75,1474601
12541,1474857,15,1474872
12542,1474901,8,1474909
12543,1474964,49,1475013
12544,1475037,6,1475043
12545,1475062,1,1475063
12546,1475078,4,1475082
12547,1475138,7,1475145
12548,1475190,6,1475196
12549,1475208,15,1475223
12550,1475301,28,1475329
12551,1475374,35,1475409
12552,1475465,9,1475474
12553,1475577,26,1475603
12554,1475618,3,1475621
12555,1475778,4,1475782
12556,1475950,58,1476008
12557,1476208,2,1476210
12558,1476437,2,1476439
12559,1476539,2,1476541
12560,1476565,7,1476572
12561,1476600,3,1476603
12562,1476691,30,1476721
12563,1476871,15,1476886
12564,1477177,13,1477190
12565,1477201,1,1477202
12566,1477242,4,1477246
12567,1477249,141,1477390
12568,1477422,3,1477425
12569,1477435,1,1477436
12570,1477832,28,1477860
12571,1477934,5,1477939
12572,1477948,13,1477961
12573,1478082,19,1478101
12574,1478115,25,1478140
12575,1478166,16,1478182
12576,1478187,37,1478224
12577,1478266,21,1478287
12578,1478323,34,1478357
12579,1478415,3,1478418
12580,1478576,48,1478624
12581,1478773,42,1478815
12582,1478978,27,1479005
12583,1479196,6,1479202
12584,1479485,68,1479553
12585,1479729,27,1479756
12586,1480004,18,1480022
12587,1480114,1,1480115
12588,1480368,27,1480395
12589,1480597,1,1480598
12590,1480601,36,1480637
12591,1480819,30,1480849
12592,1480949,113,1481062
12593,1481122,56,1481178
12594,1481297,5,1481302
12595,1481306,3,1481309
12596,1481410,10,1481420
12597,1481691,1,1481692
12598,1481778,45,1481823
12599,1481837,7,1481844
12600,1481930,11,1481941
12601,1482054,23,1482077
12602,1482150,26,1482176
12603,1482267,57,1482324
12604,1482448,3,1482451
12605,1482645,19,1482664
12606,1482877,35,1482912
12607,1483307,12,1483319
12608,1483454,20,1483474
12609,1483475,52,1483527
12610,1483686,47,1483733
12611,1483827,16,1483843
12612,1483911,34,1483945
12613,1483957,69,1484026
12614,1484215,32,1484247
12615,1484289,58,1484347
12616,1484370,7,1484377
12617,1484485,3,1484488
12618,1484912,8,1484920
12619,1485322,20,1485342
12620,1485365,16,1485381
12621,1485426,41,1485467
12622,1485481,12,1485493
12623,1485567,9,1485576
12624,1485780,26,1485806
12625,1486010,7,1486017
12626,1486284,8,1486292
12627,1486383,1,1486384
12628,1486660,23,1486683
12629,1486719,8,1486727
12630,1486772,4,1486776
12631,1486795,10,1486805
12632,1486820,2,1486822
12633,1486833,1,1486834
12634,1486867,4,1486871
12635,1486892,66,1486958
12636,1487041,12,1487053
12637,1487112,25,1487137
12638,1487173,23,1487196
12639,1487336,35,1487371
12640,1487449,10,1487459
12641,1487710,6,1487716
12642,1487777,46,1487823
12643,1487995,14,1488009
12644,1488081,7,1488088
12645,1488115,28,1488143
12646,1488167,12,1488179
12647,1488223,9,1488232
12648,1488284,30,1488314
12649,1488413,7,1488420
12650,1488637,10,1488647
12651,1488756,3,1488759
12652,1488784,3,1488787
12653,1488805,11,1488816
12654,1488882,47,1488929
12655,1489085,27,1489112
12656,1489151,26,1489177
12657,1489189,30,1489219
12658,1489368,108,1489476
12659,1489505,11,1489516
12660,1489628,1,1489629
12661,1489695,36,1489731
12662,1489830,24,1489854
12663,1489896,2,1489898
12664,1490095,7,1490102
12665,1490452,35,1490487
12666,1490502,4,1490506
12667,1490534,6,1490540
12668,1490595,2,1490597
12669,1490600,21,1490621
12670,1490655,9,1490664
12671,1490841,105,1490946
12672,1491042,23,1491065
12673,1491075,9,1491084
12674,1491187,9,1491196
12675,1491226,14,1491240
12676,1491403,2,1491405
12677,1491683,2,1491685
12678,1491702,43,1491745
12679,1491845,4,1491849
12680,1491860,4,1491864
12681,1491870,14,1491884
12682,1491965,56,1492021
12683,1492092,5,1492097
12684,1492123,9,1492132
12685,1492164,33,1492197
12686,1492449,69,1492518
12687,1492593,13,1492606
12688,1492616,5,1492621
12689,1492669,34,1492703
12690,1492763,8,1492771
12691,1492894,18,1492912
12692,1493056,29,1493085
12693,1493092,18,1493110
12694,1493129,26,1493155
12695,1493184,2,1493186
12696,1493294,41,1493335
12697,1493698,18,1493716
12698,1493750,8,1493758
12699,1493760,35,1493795
12700,1493869,24,1493893
12701,1493938,2,1493940
12702,1493964,23,1493987
12703,1494043,5,1494048
12704,1494250,24,1494274
12705,1494292,2,1494294
12706,1494369,9,1494378
12707,1494506,17,1494523
12708,1494654,25,1494679
12709,1494795,11,1494806
12710,1494888,26,1494914
12711,1495013,15,1495028
12712,1495177,9,1495186
12713,1495272,24,1495296
12714,1495330,21,1495351
12715,1495359,48,1495407
12716,1495524,36,1495560
12717,1495620,5,1495625
12718,1495789,6,1495795
12719,1495871,23,1495894
12720,1495909,66,1495975
12721,1495985,17,1496002
12722,1496094,33,1496127
12723,1496294,8,1496302
12724,1496341,31,1496372
12725,1496419,53,1496472
12726,1496748,17,1496765
12727,1496816,48,1496864
12728,1496932,6,1496938
12729,1496948,7,1496955
12730,1497037,23,1497060
12731,1497200,1,1497201
12732,1497214,5,1497219
12733,1497270,20,1497290
12734,1497356,24,1497380
12735,1497424,4,1497428
12736,1497540,4,1497544
12737,1497590,18,1497608
12738,1497954,27,1497981
12739,1498143,27,1498170
12740,1498230,7,1498237
12741,1498295,12,1498307
12742,1498462,10,1498472
12743,1498713,9,1498722
12744,1498745,37,1498782
12745,1498801,5,1498806
12746,1499080,7,1499087
12747,1499107,22,1499129
12748,1499157,4,1499161
12749,1499349,14,1499363
12750,1499383,35,1499418
12751,1499490,60,1499550
12752,1499561,143,1499704
12753,1499797,13,1499810
12754,1499914,36,1499950
12755,1500109,2,1500111
12756,1500175,6,1500181
12757,1500309,6,1500315
12758,1500329,8,1500337
12759,1500355,13,1500368
12760,1500372,2,1500374
12761,1500394,13,1500407
12762,1500537,6,1500543
12763,1500751,3,1500754
12764,1500815,1,1500816
12765,1500857,1,1500858
12766,1500860,5,1500865
12767,1500919,46,1500965
12768,1500971,10,1500981
12769,1501157,42,1501199
12770,1501276,3,1501279
12771,1501313,11,1501324
12772,1501351,11,1501362
12773,1501397,21,1501418
12774,1501533,11,1501544
12775,1501562,2,1501564
12776,1501569,19,1501588
12777,1501653,13,1501666
12778,1501789,8,1501797
12779,1501798,8,1501806
12780,1502068,6,1502074
12781,1502083,15,1502098
12782,1502106,57,1502163
12783,1502193,21,1502214
12784,1502445,10,1502455
12785,1502491,6,1502497
12786,1502737,13,1502750
12787,1502859,83,1502942
12788,1503045,7,1503052
12789,1503389,7,1503396
12790,1503562,1,1503563
12791,1504016,13,1504029
12792,1504073,45,1504118
12793,1504183,7,1504190
12794,1504435,10,1504445
12795,1504597,10,1504607
12796,1504685,5,1504690
12797,1504739,24,1504763
12798,1504811,3,1504814
12799,1504998,47,1505045
12800,1505164,42,1505206
12801,1505212,10,1505222
12802,1505233,1,1505234
12803,1505258,18,1505276
12804,1505366,52,1505418
12805,1505558,29,1505587
12806,1505588,12,1505600
12807,1505622,1,1505623
12808,1505754,30,1505784
12809,1505787,1,1505788
12810,1505797,23,1505820
12811,1505839,18,1505857
12812,1506006,8,1506014
12813,1506043,28,1506071
12814,1506109,4,1506113
12815,1506328,2,1506330
12816,1506402,8,1506410
12817,1507037,7,1507044
12818,1507061,5,1507066
12819,1507115,22,1507137
12820,1507296,10,1507306
12821,1507389,21,1507410
12822,1507537,5,1507542
12823,1507566,14,1507580
12824,1507917,2,1507919
12825,1508080,35,1508115
12826,1508285,1,1508286
12827,1508480,23,1508503
12828,1508547,7,1508554
12829,1508670,6,1508676
12830,1508692,11,1508703
12831,1508798,59,1508857
12832,1508878,86,1508964
12833,1509226,20,1509246
12834,1509335,28,1509363
12835,1509452,7,1509459
12836,1509570,72,1509642
12837,1509652,3,1509655
12838,1509772,27,1509799
12839,1509912,14,1509926
12840,1510121,47,1510168
12841,1510358,20,1510378
12842,1510828,9,1510837
12843,1511064,19,1511083
12844,1511134,49,1511183
12845,1511307,43,1511350
12846,1511398,15,1511413
12847,1511472,10,1511482
12848,1511528,44,1511572
12849,1511643,7,1511650
12850,1511762,6,1511768
12851,1511777,18,1511795
12852,1511896,29,1511925
12853,1512041,35,1512076
12854,1512264,3,1512267
12855,1512313,46,1512359
12856,1512444,14,1512458
12857,1512466,3,1512469
12858,1512540,7,1512547
12859,1512574,1,1512575
12860,1512691,20,1512711
12861,1512919,33,1512952
12862,1513022,20,1513042
12863,1513197,2,1513199
12864,1513336,48,1513384
12865,1513394,128,1513522
12866,1513575,8,1513583
12867,1513906,2,1513908
12868,1514057,22,1514079
12869,1514086,21,1514107
12870,1514208,2,1514210
12871,1514533,1,1514534
12872,1514569,34,1514603
12873,1514652,7,1514659
12874,1514791,3,1514794
12875,1514887,17,1514904
12876,1514917,4,1514921
12877,1514922,1,1514923
12878,1515033,18,1515051
12879,1515308,20,1515328
12880,1515358,6,1515364
12881,1515365,46,1515411
12882,1515776,10,1515786
12883,1515813,11,1515824
12884,1515847,2,1515849
12885,1515970,3,1515973
12886,1516164,39,1516203
12887,1516227,3,1516230
12888,1516240,6,1516246
12889,1516335,1,1516336
12890,1516570,1,1516571
12891,1516600,12,1516612
12892,1516675,7,1516682
12893,1516818,2,1516820
12894,1516841,4,1516845
12895,1516891,21,1516912
12896,1517118,3,1517121
12897,1517268,21,1517289
12898,1517455,3,1517458
12899,1517695,10,1517705
12900,1517724,1,1517725
12901,1517765,119,1517884
12902,1517916,17,1517933
12903,1518071,25,1518096
12904,1518138,54,1518192
12905,1518214,22,1518236
12906,1518274,17,1518291
12907,1518328,42,1518370
12908,1518598,11,1518609
12909,1518770,10,1518780
12910,1518842,13,1518855
12911,1518904,50,1518954
12912,1518957,81,1519038
12913,1519115,45,1519160
12914,1519479,10,1519489
12915,1519490,8,1519498
12916,1519515,27,1519542
12917,1519571,8,1519579
12918,1519609,41,1519650
12919,1519682,7,1519689
12920,1519752,45,1519797
12921,1519879,2,1519881
12922,1520148,20,1520168
12923,1520229,31,1520260
12924,1520300,7,1520307
12925,1520393,9,1520402
12926,1520433,1,1520434
12927,1520445,13,1520458
12928,1520659,17,1520676
12929,1520684,27,1520711
12930,1521157,1,1521158
12931,1521171,3,1521174
12932,1521213,8,1521221
12933,1521270,23,1521293
12934,1521372,6,1521378
12935,1521459,2,1521461
12936,1521554,37,1521591
12937,1521642,21,1521663
12938,1521763,8,1521771
12939,1522013,15,1522028
12940,1522260,11,1522271
12941,1522348,4,1522352
12942,1522420,4,1522424
12943,1522442,11,1522453
12944,1522505,22,1522527
12945,1523194,3,1523197
12946,1523314,22,1523336
12947,1523374,31,1523405
12948,1523675,1,1523676
12949,1524010,59,1524069
12950,1524176,28,1524204
12951,1524622,1,1524623
12952,1524762,2,1524764
12953,1524810,4,1524814
12954,1524820,8,1524828
12955,1524840,46,1524886
12956,1524927,3,1524930
12957,1524985,17,1525002
12958,1525091,42,1525133
12959,1525194,28,1525222
12960,1525334,3,1525337
12961,1525350,18,1525368
12962,1525370,31,1525401
12963,1525470,21,1525491
12964,1525510,27,1525537
12965,1526043,27,1526070
12966,1526154,11,1526165
12967,1526227,22,1526249
12968,1526357,6,1526363
12969,1526400,17,1526417
12970,1526448,3,1526451
12971,1526621,11,1526632
12972,1526799,19,1526818
12973,1526949,8,1526957
12974,1526975,26,1527001
12975,1527038,35,1527073
12976,1527113,54,1527167
12977,1527310,41,1527351
12978,1527375,10,1527385
12979,1527565,39,1527604
12980,1527667,13,1527680
12981,1527686,32,1527718
12982,1527729,2,1527731
12983,1527762,23,1527785
12984,1527849,37,1527886
12985,1528026,37,1528063
12986,1528412,34,1528446
12987,1528471,36,1528507
12988,1528609,18,1528627
12989,1528638,9,1528647
12990,1528649,4,1528653
12991,1528695,63,1528758
12992,1528820,52,1528872
12993,1528894,22,1528916
12994,1529004,37,1529041
12995,1529076,41,1529117
12996,1529160,5,1529165
12997,1529193,20,1529213
12998,1529419,26,1529445
12999,1529494,7,1529501
13000,1529552,24,1529576
13001,1529694,44,1529738
13002,1529875,31,1529906
13003,1530117,28,1530145
13004,1530190,44,1530234
13005,1530280,18,1530298
13006,1530534,9,1530543
13007,1530625,2,1530627
13008,1530782,6,1530788
13009,1530814,41,1530855
13010,1530914,2,1530916
13011,1531046,3,1531049
13012,1531235,24,1531259
13013,1531368,8,1531376
13014,1531527,34,1531561
13015,1531775,2,1531777
13016,1531793,13,1531806
13017,1531880,71,1531951
13018,1532393,6,1532399
13019,1532460,31,1532491
13020,1533076,52,1533128
13021,1533150,4,1533154
13022,1533220,13,1533233
13023,1533270,46,1533316
13024,1533320,32,1533352
13025,1533381,31,1533412
13026,1533565,1,1533566
13027,1533693,1,1533694
13028,1533722,18,1533740
13029,1533779,5,1533784
13030,1533816,8,1533824
13031,1533893,44,1533937
13032,1534011,13,1534024
13033,1534181,3,1534184
13034,1534249,13,1534262
13035,1534269,35,1534304
13036,1534339,1,1534340
13037,1534510,21,1534531
13038,1534641,28,1534669
13039,1534855,42,1534897
13040,1535160,11,1535171
13041,1535271,4,1535275
13042,1535298,5,1535303
13043,1535401,2,1535403
13044,1535442,19,1535461
13045,1535728,2,1535730
13046,1535732,2,1535734
13047,1535937,29,1535966
13048,1536236,12,1536248
13049,1536351,9,1536360
13050,1536425,5,1536430
13051,1536512,21,1536533
13052,1536560,14,1536574
13053,1536700,1,1536701
13054,1536780,20,1536800
13055,1536894,2,1536896
13056,1537027,6,1537033
13057,1537086,25,1537111
13058,1537161,11,1537172
13059,1537233,7,1537240
13060,1537244,26,1537270
13061,1537397,19,1537416
13062,1537447,2,1537449
13063,1537727,16,1537743
13064,1537893,6,1537899
13065,1537938,8,1537946
13066,1537948,6,1537954
13067,1538016,37,1538053
13068,1538219,9,1538228
13069,1538384,41,1538425
13070,1538437,9,1538446
13071,1538467,49,1538516
13072,1538881,2,1538883
13073,1538942,51,1538993
13074,1539033,49,1539082
13075,1539126,33,1539159
13076,1539220,59,1539279
13077,1539340,21,1539361
13078,1539374,11,1539385
13079,1539508,22,1539530
13080,1539545,53,1539598
13081,1539604,26,1539630
13082,1539677,110,1539787
13083,1539846,11,1539857
13084,1539974,4,1539978
13085,1540227,18,1540245
13086,1540330,15,1540345
13087,1540431,10,1540441
13088,1540443,20,1540463
13089,1540563,2,1540565
13090,1540697,7,1540704
13091,1541116,3,1541119
13092,1541161,50,1541211
13093,1541317,14,1541331
13094,1541509,8,1541517
13095,1541592,18,1541610
13096,1541660,18,1541678
13097,1541822,3,1541825
13098,1541922,2,1541924
13099,1541961,38,1541999
13100,1542030,10,1542040
13101,1542067,21,1542088
13102,1542468,7,1542475
13103,1542476,8,1542484
13104,1542537,31,1542568
13105,1542577,11,1542588
13106,1543024,16,1543040
13107,1543056,13,1543069
13108,1543136,9,1543145
13109,1543187,8,1543195
13110,1543228,7,1543235
13111,1543241,1,1543242
13112,1543262,12,1543274
13113,1543283,16,1543299
13114,1543474,15,1543489
13115,1543580,16,1543596
13116,1543783,27,1543810
13117,1544076,121,1544197
13118,1544286,64,1544350
13119,1544457,100,1544557
13120,1544581,14,1544595
13121,1544648,46,1544694
13122,1544709,37,1544746
13123,1544820,11,1544831
13124,1544940,6,1544946
13125,1545002,7,1545009
13126,1545059,2,1545061
13127,1545306,13,1545319
13128,1545448,32,1545480
13129,1545570,31,1545601
13130,1545615,54,1545669
13131,1545705,6,1545711
13132,1545927,14,1545941
13133,1545958,64,1546022
13134,1546068,15,1546083
13135,1546258,6,1546264
13136,1546316,32,1546348
13137,1546500,38,1546538
13138,1546679,21,1546700
13139,1546803,1,1546804
13140,1546892,15,1546907
13141,1546911,8,1546919
13142,1546963,18,1546981
13143,1547051,31,1547082
13144,1547106,53,1547159
13145,1547228,71,1547299
13146,1547611,8,1547619
13147,1547697,39,1547736
13148,1548072,15,1548087
13149,1548246,4,1548250
13150,1548324,16,1548340
13151,1548507,13,1548520
13152,1548645,20,1548665
13153,1548744,33,1548777
13154,1548827,28,1548855
13155,1549165,22,1549187
13156,1549205,3,1549208
13157,1549252,20,1549272
13158,1549273,11,1549284
13159,1549366,32,1549398
13160,1549664,17,1549681
13161,1549749,46,1549795
13162,1549836,1,1549837
13163,1549882,14,1549896
13164,1549898,42,1549940
13165,1549966,15,1549981
13166,1549989,1,1549990
13167,1550048,2,1550050
13168,1550073,7,1550080
13169,1550199,12,1550211
13170,1550252,7,1550259
13171,1550296,24,1550320
13172,1550419,14,1550433
13173,1550463,1,1550464
13174,1550561,29,1550590
13175,1550747,10,1550757
13176,1551365,36,1551401
13177,1551497,4,1551501
13178,1551527,20,1551547
13179,1551611,7,1551618
13180,1551681,10,1551691
13181,1551810,2,1551812
13182,1551829,11,1551840
13183,1551858,15,1551873
13184,1551921,12,1551933
13185,1552036,26,1552062
13186,1552089,6,1552095
13187,1552223,32,1552255
13188,1552256,21,1552277
13189,1552655,12,1552667
13190,1552837,4,1552841
13191,1552900,18,1552918
13192,1552953,18,1552971
13193,1553033,10,1553043
13194,1553059,5,1553064
13195,1553092,54,1553146
13196,1553369,29,1553398
13197,1553442,30,1553472
13198,1553576,27,1553603
13199,1553675,2,1553677
13200,1553814,30,1553844
13201,1554135,33,1554168
13202,1554280,72,1554352
13203,1554367,52,1554419
13204,1554533,34,1554567
13205,1554741,2,1554743
13206,1554815,11,1554826
13207,1554906,4,1554910
13208,1554916,1,1554917
13209,1555256,12,1555268
13210,1555382,35,1555417
13211,1555494,22,1555516
13212,1555551,27,1555578
13213,1555594,72,1555666
13214,1555730,11,1555741
13215,1555803,2,1555805
13216,1555931,19,1555950
13217,1556058,32,1556090
13218,1556142,11,1556153
13219,1556361,3,1556364
13220,1556365,22,1556387
13221,1556415,24,1556439
13222,1556681,41,1556722
13223,1556968,6,1556974
13224,1557122,56,1557178
13225,1557180,3,1557183
13226,1557214,12,1557226
13227,1557390,28,1557418
13228,1557505,26,1557531
13229,1557649,6,1557655
13230,1557702,42,1557744
13231,1557758,31,1557789
13232,1557803,3,1557806
13233,1557950,28,1557978
13234,1558002,15,1558017
13235,1558176,24,1558200
13236,1558352,14,1558366
13237,1558450,7,1558457
13238,1558780,8,1558788
13239,1558833,27,1558860
13240,1558922,7,1558929
13241,1558977,59,1559036
13242,1559109,17,1559126
13243,1559168,14,1559182
13244,1559188,1,1559189
13245,1559303,23,1559326
13246,1559477,6,1559483
13247,1559754,35,1559789
13248,1560001,12,1560013
13249,1560039,3,1560042
13250,1560165,9,1560174
13251,1560371,46,1560417
13252,1560665,1,1560666
13253,1560715,14,1560729
13254,1560781,23,1560804
13255,1560809,27,1560836
13256,1560992,11,1561003
13257,1561040,30,1561070
13258,1561140,62,1561202
13259,1561511,8,1561519
13260,1561641,10,1561651
13261,1561774,7,1561781
13262,1561842,6,1561848
13263,1561985,18,1562003
13264,1562371,21,1562392
13265,1562393,22,1562415
13266,1562445,43,1562488
13267,1562715,36,1562751
13268,1562798,10,1562808
13269,1563023,4,1563027
13270,1563104,6,1563110
13271,1563283,3,1563286
13272,1563384,12,1563396
13273,1563568,36,1563604
13274,1563626,9,1563635
13275,1563751,23,1563774
13276,1563822,18,1563840
13277,1564325,7,1564332
13278,1564413,34,1564447
13279,1564732,11,1564743
13280,1564849,18,1564867
13281,1565084,12,1565096
13282,1565117,14,1565131
13283,1565366,12,1565378
13284,1565507,4,1565511
13285,1565923,13,1565936
13286,1566113,1,1566114
13287,1566167,12,1566179
13288,1566369,12,1566381
13289,1566419,31,1566450
13290,1566599,9,1566608
13291,1566635,10,1566645
13292,1566705,1,1566706
13293,1566771,43,1566814
13294,1566972,14,1566986
13295,1567133,7,1567140
13296,1567246,16,1567262
13297,1567344,5,1567349
13298,1567629,33,1567662
13299,1567668,10,1567678
13300,1567743,5,1567748
13301,1567942,151,1568093
13302,1568568,14,1568582
13303,1568624,25,1568649
13304,1568663,27,1568690
13305,1568797,16,1568813
13306,1568877,22,1568899
13307,1568997,17,1569014
13308,1569042,39,1569081
13309,1569115,4,1569119
13310,1569148,29,1569177
13311,1569202,14,1569216
13312,1569302,5,1569307
13313,1569311,4,1569315
13314,1569337,29,1569366
13315,1569452,17,1569469
13316,1569484,67,1569551
13317,1569582,4,1569586
13318,1569650,5,1569655
13319,1570100,25,1570125
13320,1570220,8,1570228
13321,1570239,5,1570244
13322,1570286,1,1570287
13323,1570507,4,1570511
13324,1570739,21,1570760
13325,1570910,85,1570995
13326,1571128,5,1571133
13327,1571319,14,1571333
13328,1571371,1,1571372
13329,1571503,11,1571514
13330,1571526,9,1571535
13331,1571700,23,1571723
13332,1571788,43,1571831
13333,1571835,11,1571846
13334,1572121,2,1572123
13335,1572152,50,1572202
13336,1572250,16,1572266
13337,1572439,27,1572466
13338,1572570,1,1572571
13339,1572837,14,1572851
13340,1572885,25,1572910
13341,1572925,25,1572950
13342,1572998,9,1573007
13343,1573062,18,1573080
13344,1573137,59,1573196
13345,1573300,22,1573322
13346,1573491,51,1573542
13347,1573571,5,1573576
13348,1573601,5,1573606
13349,1573845,31,1573876
13350,1574024,49,1574073
13351,1574113,83,1574196
13352,1574591,1,1574592
13353,1574641,60,1574701
13354,1574933,8,1574941
13355,1575009,1,1575010
13356,1575035,20,1575055
13357,1575201,6,1575207
13358,1575301,28,1575329
13359,1575409,30,1575439
13360,1575643,9,1575652
13361,1575772,14,1575786
13362,1575817,14,1575831
13363,1575931,7,1575938
13364,1575978,33,1576011
13365,1576029,20,1576049
13366,1576421,19,1576440
13367,1576523,10,1576533
13368,1576668,27,1576695
13369,1576751,25,1576776
13370,1576794,5,1576799
13371,1577130,3,1577133
13372,1577224,2,1577226
13373,1577398,7,1577405
13374,1577559,31,1577590
13375,1577664,96,1577760
13376,1577825,25,1577850
13377,1577985,17,1578002
13378,1578031,9,1578040
13379,1578173,3,1578176
13380,1578306,43,1578349
13381,1578502,20,1578522
13382,1578609,3,1578612
13383,1578646,3,1578649
13384,1578717,12,1578729
13385,1578733,26,1578759
13386,1578939,4,1578943
13387,1579184,33,1579217
13388,1579294,27,1579321
13389,1579429,30,1579459
13390,1579630,7,1579637
13391,1579649,2,1579651
13392,1579878,14,1579892
13393,1579929,3,1579932
13394,1580072,11,1580083
13395,1580481,17,1580498
13396,1580604,67,1580671
13397,1580844,4,1580848
13398,1580863,9,1580872
13399,1581053,60,1581113
13400,1581195,4,1581199
13401,1581222,18,1581240
13402,1581731,78,1581809
13403,1582200,23,1582223
13404,1582279,11,1582290
13405,1582309,12,1582321
13406,1582460,29,1582489
13407,1582569,30,1582599
13408,1582780,20,1582800
13409,1582844,4,1582848
13410,1582928,1,1582929
13411,1583219,30,1583249
13412,1583363,27,1583390
13413,1583399,51,1583450
13414,1583683,34,1583717
13415,1583896,23,1583919
13416,1584205,9,1584214
13417,1584221,5,1584226
13418,1584251,41,1584292
13419,1584386,38,1584424
13420,1584476,12,1584488
13421,1584620,6,1584626
13422,1584754,30,1584784
13423,1584836,22,1584858
13424,1584860,15,1584875
13425,1584890,1,1584891
13426,1584899,73,1584972
13427,1585046,18,1585064
13428,1585210,4,1585214
13429,1585316,30,1585346
13430,1585368,17,1585385
13431,1585401,25,1585426
13432,1585437,1,1585438
13433,1585519,10,1585529
13434,1585684,22,1585706
13435,1585733,23,1585756
13436,1586023,21,1586044
13437,1586051,1,1586052
13438,1586113,28,1586141
13439,1586293,71,1586364
13440,1586392,7,1586399
13441,1586417,8,1586425
13442,1586439,23,1586462
13443,1586601,131,1586732
13444,1586750,1,1586751
13445,1586755,13,1586768
13446,1586989,4,1586993
13447,1587033,17,1587050
13448,1587127,21,1587148
13449,1587160,3,1587163
13450,1587191,75,1587266
13451,1587311,2,1587313
13452,1587328,40,1587368
13453,1587613,32,1587645
13454,1587838,51,1587889
13455,1587910,14,1587924
13456,1587934,44,1587978
13457,1587979,6,1587985
13458,1588060,38,1588098
13459,1588102,1,1588103
13460,1588109,2,1588111
13461,1588388,76,1588464
13462,1588583,22,1588605
13463,1588906,18,1588924
13464,1588933,18,1588951
13465,1588968,32,1589000
13466,1589026,5,1589031
13467,1589214,36,1589250
13468,1589295,1,1589296
13469,1589668,19,1589687
13470,1589833,19,1589852
13471,1589876,19,1589895
13472,1590380,33,1590413
13473,1590447,5,1590452
13474,1590459,4,1590463
13475,1590601,21,1590622
13476,1590820,44,1590864
13477,1590909,14,1590923
13478,1591136,72,1591208
13479,1591330,1,1591331
13480,1591434,20,1591454
13481,1591603,7,1591610
13482,1591645,26,1591671
13483,1591685,18,1591703
13484,1591859,5,1591864
13485,1591890,16,1591906
13486,1591968,10,1591978
13487,1592007,40,1592047
13488,1592194,18,1592212
13489,1592311,7,1592318
13490,1592333,42,1592375
13491,1592399,7,1592406
13492,1592429,3,1592432
13493,1592460,42,1592502
13494,1592511,1,1592512
13495,1592648,15,1592663
13496,1592670,2,1592672
13497,1592821,3,1592824
13498,1593020,3,1593023
13499,1593083,85,1593168
13500,1593175,24,1593199
13501,1593259,15,1593274
13502,1593537,3,1593540
13503,1593624,18,1593642
13504,1593742,3,1593745
13505,1593809,32,1593841
13506,1593887,17,1593904
13507,1593956,6,1593962
13508,1593998,68,1594066
13509,1594089,11,1594100
13510,1594133,91,1594224
13511,1594231,5,1594236
13512,1594272,17,1594289
13513,1594757,22,1594779
13514,1594843,47,1594890
13515,1594978,20,1594998
13516,1595165,5,1595170
13517,1595236,3,1595239
13518,1595419,4,1595423
13519,1595451,47,1595498
13520,1595500,13,1595513
13521,1595516,26,1595542
13522,1595657,16,1595673
13523,1595733,4,1595737
13524,1595810,9,1595819
13525,1595906,11,1595917
13526,1596081,5,1596086
13527,1596280,1,1596281
13528,1596328,24,1596352
13529,1596670,4,1596674
13530,1596707,2,1596709
13531,1596720,6,1596726
13532,1596776,12,1596788
13533,1596857,7,1596864
13534,1597242,52,1597294
13535,1597301,24,1597325
13536,1597527,8,1597535
13537,1597551,10,1597561
13538,1597591,12,1597603
13539,1597673,33,1597706
13540,1597863,3,1597866
13541,1597975,54,1598029
13542,1598059,3,1598062
13543,1598151,16,1598167
13544,1598190,2,1598192
13545,1598416,40,1598456
13546,1598493,1,1598494
13547,1598775,3,1598778
13548,1598879,10,1598889
13549,1599010,111,1599121
13550,1599257,4,1599261
13551,1599339,28,1599367
13552,1599413,22,1599435
13553,1599461,7,1599468
13554,1599487,27,1599514
13555,1599524,6,1599530
13556,1599717,18,1599735
13557,1599766,15,1599781
13558,1599844,29,1599873
13559,1600010,6,1600016
13560,1600138,77,1600215
13561,1600364,2,1600366
13562,1600391,18,1600409
13563,1600425,13,1600438
13564,1600527,9,1600536
13565,1600606,18,1600624
13566,1600681,17,1600698
13567,1600953,42,1600995
13568,1601002,69,1601071
13569,1601232,6,1601238
13570,1601363,5,1601368
13571,1601474,22,1601496
13572,1601672,6,1601678
13573,1601680,26,1601706
13574,1601813,1,1601814
13575,1601860,2,1601862
13576,1601885,7,1601892
13577,1601952,11,1601963
13578,1602175,14,1602189
13579,1602266,16,1602282
13580,1602327,19,1602346
13581,1602379,10,1602389
13582,1602394,29,1602423
13583,1603087,29,1603116
13584,1603178,24,1603202
13585,1603500,34,1603534
13586,1603634,22,1603656
13587,1603867,2,1603869
13588,1603995,15,1604010
13589,1604017,6,1604023
13590,1604033,34,1604067
13591,1604116,3,1604119
13592,1604137,9,1604146
13593,1604184,29,1604213
13594,1604345,31,1604376
13595,1604429,23,1604452
13596,1604569,78,1604647
13597,1604705,11,1604716
13598,1604747,12,1604759
13599,1604841,20,1604861
13600,1605004,14,1605018
13601,1605064,25,1605089
13602,1605165,8,1605173
13603,1605223,26,1605249
13604,1605521,8,1605529
13605,1605557,7,1605564
13606,1605574,16,1605590
13607,1605708,7,1605715
13608,1605781,3,1605784
13609,1605857,19,1605876
13610,1605907,3,1605910
13611,1606001,60,1606061
13612,1606073,9,1606082
13613,1606261,27,1606288
13614,1606317,7,1606324
13615,1606351,15,1606366
13616,1606421,4,1606425
13617,1606516,39,1606555
13618,1606693,15,1606708
13619,1606712,32,1606744
13620,1606759,21,1606780
13621,1607100,22,1607122
13622,1607330,59,1607389
13623,1607573,6,1607579
13624,1607600,2,1607602
13625,1607649,3,1607652
13626,1607724,20,1607744
13627,1607761,2,1607763
13628,1607813,20,1607833
13629,1608018,1,1608019
13630,1608021,16,1608037
13631,1608040,13,1608053
13632,1608137,52,1608189
13633,1608217,9,1608226
13634,1608276,8,1608284
13635,1608366,4,1608370
13636,1608601,32,1608633
13637,1608674,2,1608676
13638,1608770,11,1608781
13639,1609004,21,1609025
13640,1609045,2,1609047
13641,1609091,32,1609123
13642,1609222,21,1609243
13643,1609328,44,1609372
13644,1609375,23,1609398
13645,1609433,14,1609447
13646,1609486,1,1609487
13647,1609497,1,1609498
13648,1609510,11,1609521
13649,1609524,16,1609540
13650,1609635,18,1609653
13651,1609715,45,1609760
13652,1609778,49,1609827
13653,1609837,42,1609879
13654,1609896,9,1609905
13655,1609913,3,1609916
13656,1609946,4,1609950
13657,1609987,47,1610034
13658,1610215,13,1610228
13659,1610296,99,1610395
13660,1610545,4,1610549
13661,1610610,6,1610616
13662,1610643,4,1610647
13663,1610668,49,1610717
13664,1610722,8,1610730
13665,1610887,35,1610922
13666,1610978,11,1610989
13667,1611041,2,1611043
13668,1611138,2,1611140
13669,1611217,6,1611223
13670,1611228,16,1611244
13671,1611268,41,1611309
13672,1611332,20,1611352
13673,1611508,3,1611511
13674,1611534,53,1611587
13675,1611649,51,1611700
13676,1611805,2,1611807
13677,1611903,25,1611928
13678,1611957,17,1611974
13679,1611991,19,1612010
13680,1612056,13,1612069
13681,1612118,44,1612162
13682,1612236,19,1612255
13683,1612294,45,1612339
13684,1612432,17,1612449
13685,1612855,9,1612864
13686,1612912,4,1612916
13687,1612980,5,1612985
13688,1613530,1,1613531
13689,1613662,4,1613666
13690,1613798,15,1613813
13691,1613955,18,1613973
13692,1614097,15,1614112
13693,1614136,3,1614139
13694,1614333,7,1614340
13695,1614362,14,1614376
13696,1614433,15,1614448
13697,1614457,4,1614461
13698,1614590,15,1614605
13699,1614657,16,1614673
13700,1614834,12,1614846
13701,1615040,2,1615042
13702,1615068,18,1615086
13703,1615148,9,1615157
13704,1615171,26,1615197
13705,1615314,59,1615373
13706,1615402,7,1615409
13707,1615488,63,1615551
13708,1615585,13,1615598
13709,1615625,6,1615631
13710,1615827,6,1615833
13711,1615908,4,1615912
13712,1615931,6,1615937
13713,1616013,25,1616038
13714,1616145,95,1616240
13715,1616313,26,1616339
13716,1616591,9,1616600
13717,1616650,4,1616654
13718,1616719,4,1616723
13719,1616795,5,1616800
13720,1616869,5,1616874
13721,1616936,7,1616943
13722,1616946,2,1616948
13723,1616997,4,1617001
13724,1617038,8,1617046
13725,1617260,8,1617268
13726,1617306,63,1617369
13727,1617410,34,1617444
13728,1617496,36,1617532
13729,1617856,9,1617865
13730,1617879,13,1617892
13731,1617913,13,1617926
13732,1618265,1,1618266
13733,1618287,1,1618288
13734,1618322,22,1618344
13735,1618347,9,1618356
13736,1618538,8,1618546
13737,1618743,26,1618769
13738,1618789,62,1618851
13739,1618870,28,1618898
13740,1618914,11,1618925
13741,1618932,58,1618990
13742,1619495,50,1619545
13743,1619637,18,1619655
13744,1619902,8,1619910
13745,1620014,18,1620032
13746,1620097,32,1620129
13747,1620279,4,1620283
13748,1620374,11,1620385
13749,1620411,14,1620425
13750,1620541,134,1620675
13751,1620689,6,1620695
13752,1620741,6,1620747
13753,1621081,5,1621086
13754,1621100,11,1621111
13755,1621125,51,1621176
13756,1621186,16,1621202
13757,1621344,14,1621358
13758,1621704,12,1621716
13759,1621889,29,1621918
13760,1621958,2,1621960
13761,1621961,21,1621982
13762,1622013,22,1622035
13763,1622094,7,1622101
13764,1622304,12,1622316
13765,1622354,51,1622405
13766,1622434,46,1622480
13767,1622556,45,1622601
13768,1622824,1,1622825
13769,1622862,13,1622875
13770,1623039,22,1623061
13771,1623239,3,1623242
13772,1623520,9,1623529
13773,1623561,12,1623573
13774,1623726,36,1623762
13775,1624063,13,1624076
13776,1624139,51,1624190
13777,1624369,24,1624393
13778,1624413,34,1624447
13779,1624805,2,1624807
13780,1624809,59,1624868
13781,1625000,15,1625015
13782,1625029,5,1625034
13783,1625078,37,1625115
13784,1625305,7,1625312
13785,1625375,20,1625395
13786,1625420,1,1625421
13787,1625427,8,1625435
13788,1625545,17,1625562
13789,1625695,20,1625715
13790,1625880,22,1625902
13791,1625920,14,1625934
13792,1626500,30,1626530
13793,1626565,7,1626572
13794,1626607,29,1626636
13795,1626655,3,1626658
13796,1626712,9,1626721
13797,1626739,5,1626744
13798,1626924,8,1626932
13799,1627411,2,1627413
13800,1627484,6,1627490
13801,1627517,8,1627525
13802,1627634,46,1627680
13803,1627684,1,1627685
13804,1627694,19,1627713
13805,1627719,6,1627725
13806,1627728,35,1627763
13807,1627862,21,1627883
13808,1627930,21,1627951
13809,1628067,1,1628068
13810,1628091,25,1628116
13811,1628176,6,1628182
13812,1628306,31,1628337
13813,1628444,9,1628453
13814,1628546,3,1628549
13815,1628704,1,1628705
13816,1628888,18,1628906
13817,1629070,49,1629119
13818,1629154,39,1629193
13819,1629295,15,1629310
13820,1629366,10,1629376
13821,1629533,7,1629540
13822,1629557,14,1629571
13823,1629580,6,1629586
13824,1629685,5,1629690
13825,1629769,74,1629843
13826,1629985,22,1630007
13827,1630091,3,1630094
13828,1630154,47,1630201
13829,1630549,38,1630587
13830,1630736,26,1630762
13831,1630777,4,1630781
13832,1630844,8,1630852
13833,1630863,2,1630865
13834,1630885,51,1630936
13835,1631053,15,1631068
13836,1631697,6,1631703
13837,1631862,7,1631869
13838,1631958,26,1631984
13839,1632032,4,1632036
13840,1632133,16,1632149
13841,1632220,14,1632234
13842,1632392,9,1632401
13843,1632471,1,1632472
13844,1632483,26,1632509
13845,1632551,5,1632556
13846,1632633,11,1632644
13847,1632652,19,1632671
13848,1632769,13,1632782
13849,1632886,2,1632888
13850,1632993,18,1633011
13851,1633120,2,1633122
13852,1633226,22,1633248
13853,1633285,3,1633288
13854,1633364,6,1633370
13855,1633434,2,1633436
13856,1633835,31,1633866
13857,1633885,8,1633893
13858,1633997,4,1634001
13859,1634010,9,1634019
13860,1634158,1,1634159
13861,1634258,7,1634265
13862,1634362,1,1634363
13863,1634499,42,1634541
13864,1634976,9,1634985
13865,1635119,41,1635160
13866,1635338,5,1635343
13867,1635611,7,1635618
13868,1635892,2,1635894
13869,1636022,12,1636034
13870,1636041,3,1636044
13871,1636065,10,1636075
13872,1636153,12,1636165
13873,1636301,8,1636309
13874,1636418,24,1636442
13875,1636546,20,1636566
13876,1636620,27,1636647
13877,1636674,32,1636706
13878,1636848,13,1636861
13879,1636912,7,1636919
13880,1637041,22,1637063
13881,1637085,2,1637087
13882,1637168,15,1637183
13883,1637257,5,1637262
13884,1637320,32,1637352
13885,1637384,102,1637486
13886,1637583,21,1637604
13887,1637642,18,1637660
13888,1637674,58,1637732
13889,1638202,14,1638216
13890,1638326,54,1638380
13891,1638441,16,1638457
13892,1638688,11,1638699
13893,1638744,7,1638751
13894,1638766,12,1638778
13895,1639071,6,1639077
13896,1639128,8,1639136
13897,1639380,10,1639390
13898,1639471,32,1639503
13899,1639595,17,1639612
13900,1639690,34,1639724
13901,1639752,3,1639755
13902,1639783,8,1639791
13903,1639876,5,1639881
13904,1639911,4,1639915
13905,1639936,21,1639957
13906,1639980,7,1639987
13907,1640180,14,1640194
13908,1640198,21,1640219
13909,1640306,40,1640346
13910,1640578,22,1640600
13911,1640750,4,1640754
13912,1640847,16,1640863
13913,1640870,2,1640872
13914,1640908,16,1640924
13915,1640945,24,1640969
13916,1641001,46,1641047
13917,1641126,26,1641152
13918,1641184,5,1641189
13919,1641228,22,1641250
13920,1641317,22,1641339
13921,1641416,5,1641421
13922,1641473,46,1641519
13923,1641535,13,1641548
13924,1641612,10,1641622
13925,1641705,4,1641709
13926,1641713,21,1641734
13927,1641786,8,1641794
13928,1641873,4,1641877
13929,1642066,8,1642074
13930,1642276,9,1642285
13931,1642512,19,1642531
13932,1642683,33,1642716
13933,1642924,9,1642933
13934,1642998,27,1643025
13935,1643040,46,1643086
13936,1643188,12,1643200
13937,1643620,17,1643637
13938,1643668,19,1643687
13939,1643849,49,1643898
13940,1644008,27,1644035
13941,1644196,8,1644204
13942,1644210,119,1644329
13943,1644521,25,1644546
13944,1644651,7,1644658
13945,1644766,20,1644786
13946,1644794,32,1644826
13947,1644871,39,1644910
13948,1645076,9,1645085
13949,1645091,14,1645105
13950,1645379,16,1645395
13951,1645441,33,1645474
13952,1645526,7,1645533
13953,1645575,25,1645600
13954,1645746,15,1645761
13955,1645839,33,1645872
13956,1645926,74,1646000
13957,1646102,13,1646115
13958,1646324,15,1646339
13959,1646399,18,1646417
13960,1646550,1,1646551
13961,1646838,3,1646841
13962,1646899,26,1646925
13963,1646935,4,1646939
13964,1646949,11,1646960
13965,1647014,2,1647016
13966,1647080,1,1647081
13967,1647372,41,1647413
13968,1647612,1,1647613
13969,1647642,14,1647656
13970,1647658,8,1647666
13971,1647732,10,1647742
13972,1647752,16,1647768
13973,1647787,1,1647788
13974,1647903,1,1647904
13975,1648027,13,1648040
13976,1648375,51,1648426
13977,1648489,40,1648529
13978,1648653,21,1648674
13979,1648774,26,1648800
13980,1648869,24,1648893
13981,1648914,54,1648968
13982,1648993,8,1649001
13983,1649251,15,1649266
13984,1649339,6,1649345
13985,1649368,9,1649377
13986,1649390,15,1649405
13987,1649535,3,1649538
13988,1649748,18,1649766
13989,1649803,12,1649815
13990,1650019,3,1650022
13991,1650032,8,1650040
13992,1650131,8,1650139
13993,1650613,16,1650629
13994,1650670,10,1650680
13995,1650695,6,1650701
13996,1650751,14,1650765
13997,1650800,7,1650807
13998,1650898,24,1650922
13999,1650970,95,1651065
14000,1651195,1,1651196
14001,1651417,8,1651425
14002,1651527,17,1651544
14003,1651845,25,1651870
14004,1652112,34,1652146
14005,1652235,3,1652238
14006,1652244,6,1652250
14007,1652265,11,1652276
14008,1652293,18,1652311
14009,1652425,1,1652426
14010,1652984,10,1652994
14011,1653098,84,1653182
14012,1653265,2,1653267
14013,1653292,13,1653305
14014,1653453,83,1653536
14015,1653681,23,1653704
14016,1653715,28,1653743
14017,1654005,39,1654044
14018,1654259,15,1654274
14019,1654279,49,1654328
14020,1654346,30,1654376
14021,1654632,12,1654644
14022,1654725,18,1654743
14023,1655001,24,1655025
14024,1655074,29,1655103
14025,1655122,33,1655155
14026,1655166,5,1655171
14027,1655187,5,1655192
14028,1655285,14,1655299
14029,1655616,3,1655619
14030,1655682,19,1655701
14031,1655938,3,1655941
14032,1656150,37,1656187
14033,1656362,6,1656368
14034,1656440,18,1656458
14035,1656462,6,1656468
14036,1656525,2,1656527
14037,1656647,18,1656665
14038,1656846,10,1656856
14039,1656926,54,1656980
14040,1657200,29,1657229
14041,1657321,3,1657324
14042,1657357,1,1657358
14043,1657365,1,1657366
14044,1657380,18,1657398
14045,1657494,10,1657504
14046,1657534,27,1657561
14047,1657665,76,1657741
14048,1657861,4,1657865
14049,1657964,4,1657968
14050,1657999,8,1658007
14051,1658308,15,1658323
14052,1658352,11,1658363
14053,1658556,14,1658570
14054,1658762,7,1658769
14055,1658880,23,1658903
14056,1659366,44,1659410
14057,1659575,17,1659592
14058,1659597,4,1659601
14059,1659662,9,1659671
14060,1659672,4,1659676
14061,1659770,21,1659791
14062,1659827,12,1659839
14063,1660204,12,1660216
14064,1660448,34,1660482
14065,1660517,4,1660521
14066,1660570,27,1660597
14067,1660729,5,1660734
14068,1661008,1,1661009
14069,1661047,25,1661072
14070,1661087,13,1661100
14071,1661107,9,1661116
14072,1661172,9,1661181
14073,1661349,20,1661369
14074,1661370,9,1661379
14075,1661432,43,1661475
14076,1661646,1,1661647
14077,1661737,8,1661745
14078,1661871,14,1661885
14079,1661987,68,1662055
14080,1662347,27,1662374
14081,1662466,2,1662468
14082,1662573,33,1662606
14083,1662660,51,1662711
14084,1662812,24,1662836
14085,1662859,35,1662894
14086,1663037,36,1663073
14087,1663209,14,1663223
14088,1663320,8,1663328
14089,1663495,3,1663498
14090,1663527,28,1663555
14091,1663714,30,1663744
14092,1663758,5,1663763
14093,1663946,7,1663953
14094,1664013,33,1664046
14095,1664112,14,1664126
14096,1664146,5,1664151
14097,1664276,11,1664287
14098,1664301,19,1664320
14099,1664743,4,1664747
14100,1664926,76,1665002
14101,1665229,3,1665232
14102,1665260,41,1665301
14103,1665562,25,1665587
14104,1665677,19,1665696
14105,1665740,5,1665745
14106,1666050,15,1666065
14107,1666236,1,1666237
14108,1666269,7,1666276
14109,1666374,13,1666387
14110,1666534,3,1666537
14111,1666617,8,1666625
14112,1666909,2,1666911
14113,1666942,4,1666946
14114,1667090,27,1667117
14115,1667202,31,1667233
14116,1667282,23,1667305
14117,1667443,10,1667453
14118,1667504,37,1667541
14119,1667557,22,1667579
14120,1667612,1,1667613
14121,1667708,17,1667725
14122,1668071,17,1668088
14123,1668232,62,1668294
14124,1668346,2,1668348
14125,1668403,1,1668404
14126,1668566,33,1668599
14127,1668678,14,1668692
14128,1668799,24,1668823
14129,1668902,31,1668933
14130,1669049,8,1669057
14131,1669085,26,1669111
14132,1669174,16,1669190
14133,1669492,40,1669532
14134,1669658,36,1669694
14135,1669716,28,1669744
14136,1669762,65,1669827
14137,1670015,16,1670031
14138,1670064,24,1670088
14139,1670137,5,1670142
14140,1670257,2,1670259
14141,1670455,19,1670474
14142,1670478,5,1670483
14143,1670758,39,1670797
14144,1670850,22,1670872
14145,1671018,16,1671034
14146,1671237,14,1671251
14147,1671264,49,1671313
14148,1671314,10,1671324
14149,1671614,64,1671678
14150,1671877,44,1671921
14151,1672034,2,1672036
14152,1672163,35,1672198
14153,1672217,15,1672232
14154,1672239,12,1672251
14155,1672278,37,1672315
14156,1672367,17,1672384
14157,1672536,9,1672545
14158,1672698,62,1672760
14159,1672848,21,1672869
14160,1673147,3,1673150
14161,1673360,30,1673390
14162,1673710,17,1673727
14163,1673745,30,1673775
14164,1673794,22,1673816
14165,1673918,10,1673928
14166,1674045,9,1674054
14167,1674130,3,1674133
14168,1674164,2,1674166
14169,1674255,1,1674256
14170,1674274,30,1674304
14171,1674420,22,1674442
14172,1674497,7,1674504
14173,1674693,13,1674706
14174,1674780,23,1674803
14175,1674823,26,1674849
14176,1674852,1,1674853
14177,1674856,6,1674862
14178,1675026,24,1675050
14179,1675192,42,1675234
14180,1675268,9,1675277
14181,1675408,14,1675422
14182,1675478,5,1675483
14183,1675561,11,1675572
14184,1675671,43,1675714
14185,1675836,26,1675862
14186,1675903,11,1675914
14187,1676096,32,1676128
14188,1676169,12,1676181
14189,1676199,5,1676204
14190,1676589,29,1676618
14191,1676677,8,1676685
14192,1676723,5,1676728
14193,1677024,96,1677120
14194,1677396,18,1677414
14195,1677474,20,1677494
14196,1677623,24,1677647
14197,1677716,2,1677718
14198,1677733,9,1677742
14199,1677821,24,1677845
14200,1677914,14,1677928
14201,1678181,26,1678207
14202,1678319,18,1678337
14203,1678412,38,1678450
14204,1678542,16,1678558
14205,1678583,41,1678624
14206,1678775,30,1678805
14207,1678946,9,1678955
14208,1679011,1,1679012
14209,1679016,58,1679074
14210,1679199,1,1679200
14211,1679321,1,1679322
14212,1679371,2,1679373
14213,1679434,3,1679437
14214,1679441,2,1679443
14215,1679876,14,1679890
14216,1679969,1,1679970
14217,1680021,22,1680043
14218,1680078,11,1680089
14219,1680459,1,1680460
14220,1680536,2,1680538
14221,1680546,11,1680557
14222,1680637,34,1680671
14223,1680689,16,1680705
14224,1680834,37,1680871
14225,1680947,15,1680962
14226,1681054,3,1681057
14227,1681160,11,1681171
14228,1681374,4,1681378
14229,1681405,49,1681454
14230,1681461,10,1681471
14231,1681616,31,1681647
14232,1681791,11,1681802
14233,1681873,17,1681890
14234,1681902,9,1681911
14235,1681958,22,1681980
14236,1681988,10,1681998
14237,1682158,10,1682168
14238,1682172,3,1682175
14239,1682181,31,1682212
14240,1682352,11,1682363
14241,1682398,4,1682402
14242,1682405,24,1682429
14243,1682550,87,1682637
14244,1682651,22,1682673
14245,1682714,36,1682750
14246,1682760,24,1682784
14247,1682909,59,1682968
14248,1682985,16,1683001
14249,1683047,8,1683055
14250,1683172,1,1683173
14251,1683246,2,1683248
14252,1683398,77,1683475
14253,1683499,6,1683505
14254,1683611,4,1683615
14255,1683765,9,1683774
14256,1683817,47,1683864
14257,1683865,10,1683875
14258,1683909,9,1683918
14259,1684039,9,1684048
14260,1684080,42,1684122
14261,1684263,18,1684281
14262,1684299,2,1684301
14263,1684478,1,1684479
14264,1684549,29,1684578
14265,1684673,26,1684699
14266,1684826,12,1684838
14267,1684842,10,1684852
14268,1685081,41,1685122
14269,1685422,12,1685434
14270,1685437,1,1685438
14271,1685510,7,1685517
14272,1685850,11,1685861
14273,1685917,7,1685924
14274,1685959,1,1685960
14275,1685964,1,1685965
14276,1685985,10,1685995
14277,1686061,4,1686065
14278,1686548,1,1686549
14279,1686692,98,1686790
14280,1686894,13,1686907
14281,1687235,1,1687236
14282,1687317,5,1687322
14283,1687547,42,1687589
14284,1687650,19,1687669
14285,1687701,6,1687707
14286,1687821,8,1687829
14287,1688206,1,1688207
14288,1688347,4,1688351
14289,1688378,18,1688396
14290,1688439,8,1688447
14291,1688558,21,1688579
14292,1688662,12,1688674
14293,1688702,12,1688714
14294,1688787,11,1688798
14295,1688887,11,1688898
14296,1688962,38,1689000
14297,1689089,5,1689094
14298,1689141,36,1689177
14299,1689352,4,1689356
14300,1689475,56,1689531
14301,1689553,5,1689558
14302,1689650,75,1689725
14303,1689962,1,1689963
14304,1690102,60,1690162
14305,1690334,6,1690340
14306,1690364,23,1690387
14307,1690393,35,1690428
14308,1690492,20,1690512
14309,1690556,12,1690568
14310,1690589,7,1690596
14311,1690618,4,1690622
14312,1690672,18,1690690
14313,1690758,44,1690802
14314,1690937,6,1690943
14315,1691003,7,1691010
14316,1691073,40,1691113
14317,1691208,4,1691212
14318,1691357,7,1691364
14319,1691374,35,1691409
14320,1691471,7,1691478
14321,1691534,2,1691536
14322,1691632,38,1691670
14323,1691784,14,1691798
14324,1691803,17,1691820
14325,1692200,1,1692201
14326,1692244,17,1692261
14327,1692283,21,1692304
14328,1692386,23,1692409
14329,1692462,40,1692502
14330,1692504,1,1692505
14331,1693007,66,1693073
14332,1693126,21,1693147
14333,1693298,41,1693339
14334,1693516,34,1693550
14335,1693652,33,1693685
14336,1693930,14,1693944
14337,1693952,17,1693969
14338,1694024,41,1694065
14339,1694068,48,1694116
14340,1694139,7,1694146
14341,1694190,8,1694198
14342,1694553,4,1694557
14343,1694593,19,1694612
14344,1694654,8,1694662
14345,1694702,5,1694707
14346,1694719,17,1694736
14347,1694793,19,1694812
14348,1694911,8,1694919
14349,1695089,111,1695200
14350,1695215,71,1695286
14351,1695493,50,1695543
14352,1695730,9,1695739
14353,1695968,19,1695987
14354,1696108,15,1696123
14355,1696249,8,1696257
14356,1696258,13,1696271
14357,1696591,6,1696597
14358,1696746,31,1696777
14359,1696836,19,1696855
14360,1696860,5,1696865
14361,1696878,31,1696909
14362,1696971,15,1696986
14363,1697055,17,1697072
14364,1697096,70,1697166
14365,1697352,24,1697376
14366,1697766,3,1697769
14367,1698039,15,1698054
14368,1698088,3,1698091
14369,1698231,18,1698249
14370,1698269,5,1698274
14371,1698314,65,1698379
14372,1698460,5,1698465
14373,1698578,5,1698583
14374,1698593,5,1698598
14375,1698874,86,1698960
14376,1699019,7,1699026
14377,1699238,67,1699305
14378,1699374,7,1699381
14379,1699394,10,1699404
14380,1699621,11,1699632
14381,1699750,7,1699757
14382,1699832,21,1699853
14383,1700180,2,1700182
14384,1700214,8,1700222
14385,1700273,3,1700276
14386,1700377,6,1700383
14387,1700639,17,1700656
14388,1700726,29,1700755
14389,1700837,23,1700860
14390,1700919,19,1700938
14391,1700965,19,1700984
14392,1701104,4,1701108
14393,1701265,2,1701267
14394,1701300,12,1701312
14395,1701418,4,1701422
14396,1701569,12,1701581
14397,1701839,25,1701864
14398,1701890,17,1701907
14399,1702057,6,1702063
14400,1702304,28,1702332
14401,1702478,7,1702485
14402,1702525,25,1702550
14403,1702889,17,1702906
14404,1702948,3,1702951
14405,1703236,10,1703246
14406,1703312,5,1703317
14407,1703451,2,1703453
14408,1703578,2,1703580
14409,1703695,34,1703729
14410,1703808,24,1703832
14411,1703869,16,1703885
14412,1704021,4,1704025
14413,1704077,9,1704086
14414,1704138,17,1704155
14415,1704560,7,1704567
14416,1704589,19,1704608
14417,1704634,15,1704649
14418,1704732,3,1704735
14419,1704790,24,1704814
14420,1704969,7,1704976
14421,1705108,6,1705114
14422,1705244,3,1705247
14423,1705281,2,1705283
14424,1705499,3,1705502
14425,1705721,5,1705726
14426,1705857,16,1705873
14427,1706007,13,1706020
14428,1706046,21,1706067
14429,1706109,25,1706134
14430,1706158,57,1706215
14431,1706240,2,1706242
14432,1706256,1,1706257
14433,1706267,5,1706272
14434,1706285,32,1706317
14435,1706407,5,1706412
14436,1706426,34,1706460
14437,1706467,7,1706474
14438,1706507,56,1706563
14439,1706626,14,1706640
14440,1707014,1,1707015
14441,1707153,2,1707155
14442,1707224,25,1707249
14443,1707287,24,1707311
14444,1707502,1,1707503
14445,1707560,12,1707572
14446,1708035,1,1708036
14447,1708178,19,1708197
14448,1708249,39,1708288
14449,1708433,7,1708440
14450,1708880,11,1708891
14451,1708894,38,1708932
14452,1708940,29,1708969
14453,1709052,12,1709064
14454,1709123,17,1709140
14455,1709169,79,1709248
14456,1709316,30,1709346
14457,1709376,16,1709392
14458,1709495,39,1709534
14459,1709569,7,1709576
14460,1709654,37,1709691
14461,1709831,27,1709858
14462,1709967,12,1709979
14463,1710058,4,1710062
14464,1710238,1,1710239
14465,1710267,3,1710270
14466,1710378,57,1710435
14467,1710558,6,1710564
14468,1710688,1,1710689
14469,1710857,44,1710901
14470,1710983,2,1710985
14471,1711143,35,1711178
14472,1711205,9,1711214
14473,1711272,29,1711301
14474,1711329,41,1711370
14475,1711564,27,1711591
14476,1711658,26,1711684
14477,1711740,37,1711777
14478,1711920,37,1711957
14479,1712165,24,1712189
14480,1712371,3,1712374
14481,1712431,39,1712470
14482,1712622,27,1712649
14483,1712687,53,1712740
14484,1712889,14,1712903
14485,1712913,5,1712918
14486,1713063,6,1713069
14487,1713098,11,1713109
14488,1713199,30,1713229
14489,1713237,3,1713240
14490,1713285,2,1713287
14491,1713358,6,1713364
14492,1713427,14,1713441
14493,1713444,19,1713463
14494,1713558,12,1713570
14495,1713579,46,1713625
14496,1713819,6,1713825
14497,1713882,49,1713931
14498,1714037,9,1714046
14499,1714170,26,1714196
14500,1714244,1,1714245
14501,1714269,64,1714333
14502,1714366,26,1714392
14503,1714473,7,1714480
14504,1714620,2,1714622
14505,1714736,10,1714746
14506,1714849,4,1714853
14507,1715035,65,1715100
14508,1715257,14,1715271
14509,1715312,41,1715353
14510,1715449,37,1715486
14511,1715578,7,1715585
14512,1715601,2,1715603
14513,1715778,6,1715784
14514,1715816,19,1715835
14515,1715996,31,1716027
14516,1716085,43,1716128
14517,1716249,24,1716273
14518,1716317,12,1716329
14519,1716524,16,1716540
14520,1716660,10,1716670
14521,1716726,14,1716740
14522,1716755,42,1716797
14523,1716901,28,1716929
14524,1717165,8,1717173
14525,1717270,9,1717279
14526,1717357,6,1717363
14527,1717402,23,1717425
14528,1717503,11,1717514
14529,1717532,26,1717558
14530,1717564,22,1717586
14531,1717645,57,1717702
14532,1717913,71,1717984
14533,1718368,10,1718378
14534,1718396,26,1718422
14535,1718446,8,1718454
14536,1718561,3,1718564
14537,1718814,7,1718821
14538,1719060,12,1719072
14539,1719083,1,1719084
14540,1719132,31,1719163
14541,1719285,50,1719335
14542,1719474,9,1719483
14543,1719550,4,1719554
14544,1719708,7,1719715
14545,1719922,8,1719930
14546,1720089,116,1720205
14547,1720252,17,1720269
14548,1720676,1,1720677
14549,1720800,39,1720839
14550,1720975,3,1720978
14551,1721015,16,1721031
14552,1721050,6,1721056
14553,1721353,18,1721371
14554,1721374,30,1721404
14555,1721701,14,1721715
14556,1721742,24,1721766
14557,1721989,36,1722025
14558,1722101,5,1722106
14559,1722153,12,1722165
14560,1722221,16,1722237
14561,1722351,22,1722373
14562,1722688,1,1722689
14563,1722958,17,1722975
14564,1722979,1,1722980
14565,1723100,18,1723118
14566,1723127,16,1723143
14567,1723290,8,1723298
14568,1723345,22,1723367
14569,1723464,21,1723485
14570,1723592,22,1723614
14571,1723662,2,1723664
14572,1723788,20,1723808
14573,1723884,32,1723916
14574,1723963,15,1723978
14575,1724012,14,1724026
14576,1724145,29,1724174
14577,1724187,9,1724196
14578,1724377,3,1724380
14579,1724474,1,1724475
14580,1724564,11,1724575
14581,1724810,6,1724816
14582,1724839,98,1724937
14583,1725190,1,1725191
14584,1725316,39,1725355
14585,1725365,60,1725425
14586,1725473,24,1725497
14587,1725520,4,1725524
14588,1725751,15,1725766
14589,1725888,16,1725904
14590,1725950,7,1725957
14591,1726206,34,1726240
14592,1726425,34,1726459
14593,1726629,3,1726632
14594,1726827,20,1726847
14595,1726903,6,1726909
14596,1727192,43,1727235
14597,1727325,9,1727334
14598,1727496,15,1727511
14599,1727534,23,1727557
14600,1727581,11,1727592
14601,1727640,5,1727645
14602,1727724,6,1727730
14603,1727731,58,1727789
14604,1727897,15,1727912
14605,1727915,15,1727930
14606,1728107,44,1728151
14607,1728285,12,1728297
14608,1728323,43,1728366
14609,1728510,19,1728529
14610,1728578,20,1728598
14611,1728701,41,1728742
14612,1728914,31,1728945
14613,1728990,32,1729022
14614,1729148,5,1729153
14615,1729261,12,1729273
14616,1729326,7,1729333
14617,1729392,7,1729399
14618,1729664,44,1729708
14619,1729772,19,1729791
14620,1729912,14,1729926
14621,1729967,13,1729980
14622,1730101,5,1730106
14623,1730235,39,1730274
14624,1730355,10,1730365
14625,1730476,3,1730479
14626,1730526,59,1730585
14627,1730647,23,1730670
14628,1730747,18,1730765
14629,1730935,5,1730940
14630,1730978,14,1730992
14631,1731026,8,1731034
14632,1731185,4,1731189
14633,1731195,29,1731224
14634,1731237,53,1731290
14635,1731366,2,1731368
14636,1731382,29,1731411
14637,1731529,24,1731553
14638,1731655,14,1731669
14639,1731801,24,1731825
14640,1731828,2,1731830
14641,1731866,27,1731893
14642,1731939,13,1731952
14643,1732235,10,1732245
14644,1732295,34,1732329
14645,1732563,12,1732575
14646,1732839,35,1732874
14647,1732939,36,1732975
14648,1733157,2,1733159
14649,1733437,19,1733456
14650,1733485,44,1733529
14651,1733576,32,1733608
14652,1733693,32,1733725
14653,1733833,2,1733835
14654,1734019,12,1734031
14655,1734118,13,1734131
14656,1734356,4,1734360
14657,1734407,35,1734442
14658,1734536,6,1734542
14659,1734656,2,1734658
14660,1734681,4,1734685
14661,1734918,9,1734927
14662,1735027,31,1735058
14663,1735072,13,1735085
14664,1735159,42,1735201
14665,1735247,31,1735278
14666,1735373,18,1735391
14667,1735935,5,1735940
14668,1735977,16,1735993
14669,1736133,1,1736134
14670,1736235,13,1736248
14671,1736301,37,1736338
14672,1736343,12,1736355
14673,1736367,5,1736372
14674,1736379,7,1736386
14675,1736402,39,1736441
14676,1736681,35,1736716
14677,1736843,51,1736894
14678,1736927,34,1736961
14679,1737039,23,1737062
14680,1737548,2,1737550
14681,1737581,65,1737646
14682,1737708,7,1737715
14683,1737746,26,1737772
14684,1737925,22,1737947
14685,1737959,6,1737965
14686,1738013,3,1738016
14687,1738051,37,1738088
14688,1738091,35,1738126
14689,1738136,5,1738141
14690,1738387,16,1738403
14691,1738444,1,1738445
14692,1738820,2,1738822
14693,1738860,19,1738879
14694,1738924,12,1738936
14695,1739039,31,1739070
14696,1739327,4,1739331
14697,1739594,24,1739618
14698,1739625,31,1739656
14699,1739695,19,1739714
14700,1739921,8,1739929
14701,1740062,1,1740063
14702,1740187,47,1740234
14703,1740266,23,1740289
14704,1740443,2,1740445
14705,1740457,15,1740472
14706,1740702,6,1740708
14707,1740754,40,1740794
14708,1740800,12,1740812
14709,1741393,40,1741433
14710,1741583,17,1741600
14711,1741765,9,1741774
14712,1741904,14,1741918
14713,1741927,16,1741943
14714,1741953,51,1742004
14715,1742147,22,1742169
14716,1742207,21,1742228
14717,1742475,14,1742489
14718,1742548,2,1742550
14719,1742587,12,1742599
14720,1742816,34,1742850
14721,1742935,14,1742949
14722,1743075,12,1743087
14723,1743182,5,1743187
14724,1743260,1,1743261
14725,1743333,13,1743346
14726,1743390,47,1743437
14727,1743460,10,1743470
14728,1743510,1,1743511
14729,1743578,4,1743582
14730,1743631,7,1743638
14731,1743740,46,1743786
14732,1743832,15,1743847
14733,1743985,3,1743988
14734,1744073,1,1744074
14735,1744080,27,1744107
14736,1744123,14,1744137
14737,1744237,55,1744292
14738,1744302,18,1744320
14739,1744347,14,1744361
14740,1744426,16,1744442
14741,1744443,35,1744478
14742,1744704,3,1744707
14743,1745024,41,1745065
14744,1745150,2,1745152
14745,1745211,42,1745253
14746,1745329,26,1745355
14747,1745503,12,1745515
14748,1745628,48,1745676
14749,1745686,46,1745732
14750,1745843,13,1745856
14751,1745869,37,1745906
14752,1745957,5,1745962
14753,1746053,35,1746088
14754,1746101,8,1746109
14755,1746432,6,1746438
14756,1746461,35,1746496
14757,1746629,26,1746655
14758,1746846,15,1746861
14759,1746940,4,1746944
14760,1747016,7,1747023
14761,1747061,1,1747062
14762,1747136,28,1747164
14763,1747197,31,1747228
14764,1747282,42,1747324
14765,1747553,54,1747607
14766,1747659,7,1747666
14767,1747764,10,1747774
14768,1747798,1,1747799
14769,1747854,32,1747886
14770,1747900,4,1747904
14771,1747948,21,1747969
14772,1748010,6,1748016
14773,1748263,28,1748291
14774,1748736,31,1748767
14775,1748917,10,1748927
14776,1748988,19,1749007
14777,1749143,30,1749173
14778,1749397,24,1749421
14779,1749476,5,1749481
14780,1749535,6,1749541
14781,1749620,6,1749626
14782,1749751,24,1749775
14783,1749850,17,1749867
14784,1750137,25,1750162
14785,1750395,7,1750402
14786,1750407,18,1750425
14787,1750512,6,1750518
14788,1750572,9,1750581
14789,1750745,4,1750749
14790,1750783,21,1750804
14791,1750832,1,1750833
14792,1751062,5,1751067
14793,1751141,20,1751161
14794,1751323,19,1751342
14795,1751417,35,1751452
14796,1751498,46,1751544
14797,1751697,7,1751704
14798,1751765,1,1751766
14799,1751775,15,1751790
14800,1751895,11,1751906
14801,1752011,22,1752033
14802,1752066,1,1752067
14803,1752113,4,1752117
14804,1752276,15,1752291
14805,1752303,8,1752311
14806,1752480,37,1752517
14807,1752667,3,1752670
14808,1752741,21,1752762
14809,1752828,12,1752840
14810,1752891,10,1752901
14811,1752951,2,1752953
14812,1752994,3,1752997
14813,1753018,26,1753044
14814,1753167,23,1753190
14815,1753374,38,1753412
14816,1753871,19,1753890
14817,1753930,12,1753942
14818,1753994,2,1753996
14819,1754022,10,1754032
14820,1754101,1,1754102
14821,1754148,20,1754168
14822,1754233,18,1754251
14823,1754557,51,1754608
14824,1754762,9,1754771
14825,1755032,14,1755046
14826,1755125,51,1755176
14827,1755195,15,1755210
14828,1755213,1,1755214
14829,1755239,15,1755254
14830,1755423,2,1755425
14831,1755459,47,1755506
14832,1755647,15,1755662
14833,1755666,4,1755670
14834,1755699,68,1755767
14835,1755807,22,1755829
14836,1755886,3,1755889
14837,1755954,1,1755955
14838,1755970,19,1755989
14839,1756117,6,1756123
14840,1756151,16,1756167
14841,1756213,15,1756228
14842,1756283,1,1756284
14843,1756303,4,1756307
14844,1756386,20,1756406
14845,1756423,31,1756454
14846,1756642,23,1756665
14847,1756884,3,1756887
14848,1756895,35,1756930
14849,1756960,24,1756984
14850,1757067,7,1757074
14851,1757150,13,1757163
14852,1757255,26,1757281
14853,1757333,18,1757351
14854,1757411,3,1757414
14855,1757611,2,1757613
14856,1757644,27,1757671
14857,1757798,33,1757831
14858,1757866,22,1757888
14859,1757942,9,1757951
14860,1758064,52,1758116
14861,1758204,5,1758209
14862,1758274,25,1758299
14863,1758342,43,1758385
14864,1758428,10,1758438
14865,1758514,5,1758519
14866,1758528,53,1758581
14867,1758737,4,1758741
14868,1758855,52,1758907
14869,1758946,22,1758968
14870,1759212,13,1759225
14871,1759236,2,1759238
14872,1759333,7,1759340
14873,1759674,20,1759694
14874,1759697,13,1759710
14875,1759714,50,1759764
14876,1760014,8,1760022
14877,1760040,13,1760053
14878,1760189,11,1760200
14879,1760389,1,1760390
14880,1760445,9,1760454
14881,1760464,48,1760512
14882,1760581,4,1760585
14883,1760666,12,1760678
14884,1760705,21,1760726
14885,1760752,3,1760755
14886,1760802,3,1760805
14887,1760870,9,1760879
14888,1760944,31,1760975
14889,1761052,21,1761073
14890,1761291,12,1761303
14891,1761387,32,1761419
14892,1761434,2,1761436
14893,1761743,15,1761758
14894,1761759,8,1761767
14895,1761787,18,1761805
14896,1762098,6,1762104
14897,1762169,10,1762179
14898,1762438,11,1762449
14899,1762650,19,1762669
14900,1762695,31,1762726
14901,1762764,5,1762769
14902,1763006,18,1763024
14903,1763178,32,1763210
14904,1763231,24,1763255
14905,1763274,9,1763283
14906,1763320,61,1763381
14907,1763775,3,1763778
14908,1763842,36,1763878
14909,1763978,19,1763997
14910,1764096,29,1764125
14911,1764215,28,1764243
14912,1764244,5,1764249
14913,1764664,9,1764673
14914,1764829,12,1764841
14915,1764910,20,1764930
14916,1765135,12,1765147
14917,1765206,4,1765210
14918,1765270,5,1765275
14919,1765487,35,1765522
14920,1765550,7,1765557
14921,1765728,6,1765734
14922,1765825,34,1765859
14923,1765950,9,1765959
14924,1766248,37,1766285
14925,1766428,2,1766430
14926,1766485,2,1766487
14927,1766577,8,1766585
14928,1766631,13,1766644
14929,1766719,18,1766737
14930,1766859,23,1766882
14931,1766895,3,1766898
14932,1766915,8,1766923
14933,1767086,28,1767114
14934,1767150,1,1767151
14935,1767250,8,1767258
14936,1767334,13,1767347
14937,1767556,19,1767575
14938,1767651,14,1767665
14939,1767687,17,1767704
14940,1767959,5,1767964
14941,1768044,5,1768049
14942,1768183,4,1768187
14943,1768362,22,1768384
14944,1768549,16,1768565
14945,1768681,3,1768684
14946,1768889,37,1768926
14947,1769020,2,1769022
14948,1769051,11,1769062
14949,1769081,32,1769113
14950,1769210,54,1769264
14951,1769423,3,1769426
14952,1769460,31,1769491
14953,1769912,9,1769921
14954,1769941,3,1769944
14955,1769990,40,1770030
14956,1770090,14,1770104
14957,1770121,8,1770129
14958,1770320,58,1770378
14959,1770449,23,1770472
14960,1770573,18,1770591
14961,1770637,34,1770671
14962,1770704,24,1770728
14963,1770807,31,1770838
14964,1770855,5,1770860
14965,1770879,17,1770896
14966,1771138,47,1771185
14967,1771379,8,1771387
14968,1771457,18,1771475
14969,1771631,1,1771632
14970,1771835,2,1771837
14971,1771890,25,1771915
14972,1771954,3,1771957
14973,1771959,16,1771975
14974,1772059,2,1772061
14975,1772202,52,1772254
14976,1772315,30,1772345
14977,1772346,5,1772351
14978,1772431,38,1772469
14979,1772588,15,1772603
14980,1772802,6,1772808
14981,1773044,4,1773048
14982,1773110,45,1773155
14983,1773248,27,1773275
14984,1773316,6,1773322
14985,1773352,6,1773358
14986,1773379,32,1773411
14987,1773626,2,1773628
14988,1773635,2,1773637
14989,1773721,3,1773724
14990,1773911,102,1774013
14991,1774136,3,1774139
14992,1774193,1,1774194
14993,1774215,8,1774223
14994,1774277,19,1774296
14995,1774357,23,1774380
14996,1774440,27,1774467
14997,1774468,5,1774473
14998,1774508,17,1774525
14999,1774649,63,1774712
15000,1774715,13,1774728
15001,1774743,4,1774747
15002,1775117,50,1775167
15003,1775265,31,1775296
15004,1775312,24,1775336
15005,1775350,16,1775366
15006,1775465,19,1775484
15007,1775518,8,1775526
15008,1775542,10,1775552
15009,1775610,25,1775635
15010,1775929,17,1775946
15011,1775998,6,1776004
15012,1776029,5,1776034
15013,1776038,18,1776056
15014,1776176,8,1776184
15015,1776293,16,1776309
15016,1776427,15,1776442
15017,1776579,10,1776589
15018,1776700,31,1776731
15019,1776795,6,1776801
15020,1776840,16,1776856
15021,1776914,15,1776929
15022,1776950,5,1776955
15023,1777198,76,1777274
15024,1777275,7,1777282
15025,1777348,12,1777360
15026,1777600,16,1777616
15027,1778064,5,1778069
15028,1778348,2,1778350
15029,1778585,10,1778595
15030,1778601,27,1778628
15031,1778633,7,1778640
15032,1778654,35,1778689
15033,1778843,14,1778857
15034,1778985,30,1779015
15035,1779045,2,1779047
15036,1779130,19,1779149
15037,1779205,9,1779214
15038,1779269,40,1779309
15039,1779592,22,1779614
15040,1779632,37,1779669
15041,1779948,8,1779956
15042,1779996,35,1780031
15043,1780068,29,1780097
15044,1780523,39,1780562
15045,1780673,51,1780724
15046,1780781,38,1780819
15047,1780866,39,1780905
15048,1780909,2,1780911
15049,1780982,9,1780991
15050,1781232,121,1781353
15051,1781381,57,1781438
15052,1781477,3,1781480
15053,1781532,25,1781557
15054,1781875,4,1781879
15055,1781968,9,1781977
15056,1781998,30,1782028
15057,1782162,9,1782171
15058,1782411,6,1782417
15059,1782437,1,1782438
15060,1782470,12,1782482
15061,1782580,21,1782601
15062,1782642,9,1782651
15063,1782713,1,1782714
15064,1782780,21,1782801
15065,1782867,47,1782914
15066,1783103,129,1783232
15067,1783336,11,1783347
15068,1783369,38,1783407
15069,1783513,2,1783515
15070,1783519,12,1783531
15071,1783714,8,1783722
15072,1783731,7,1783738
15073,1783910,41,1783951
15074,1783959,10,1783969
15075,1784162,5,1784167
15076,1784196,19,1784215
15077,1784278,30,1784308
15078,1784623,9,1784632
15079,1784800,6,1784806
15080,1785254,2,1785256
15081,1785464,31,1785495
15082,1785525,40,1785565
15083,1785691,1,1785692
15084,1785760,13,1785773
15085,1785786,86,1785872
15086,1785900,27,1785927
15087,1785948,16,1785964
15088,1786097,13,1786110
15089,1786131,48,1786179
15090,1786238,19,1786257
15091,1786308,6,1786314
15092,1786432,81,1786513
15093,1786594,19,1786613
15094,1786641,8,1786649
15095,1786698,14,1786712
15096,1786884,6,1786890
15097,1787037,8,1787045
15098,1787102,79,1787181
15099,1787194,10,1787204
15100,1787253,21,1787274
15101,1787383,1,1787384
15102,1787450,9,1787459
15103,1787461,17,1787478
15104,1787763,5,1787768
15105,1787844,2,1787846
15106,1787860,19,1787879
15107,1787986,3,1787989
15108,1788106,19,1788125
15109,1788152,29,1788181
15110,1788403,1,1788404
15111,1788422,3,1788425
15112,1788485,21,1788506
15113,1788560,6,1788566
15114,1788582,1,1788583
15115,1788830,23,1788853
15116,1788875,6,1788881
15117,1788959,2,1788961
15118,1789070,11,1789081
15119,1789120,53,1789173
15120,1789258,11,1789269
15121,1789311,9,1789320
15122,1789474,27,1789501
15123,1789516,5,1789521
15124,1789529,11,1789540
15125,1789541,11,1789552
15126,1789607,23,1789630
15127,1789645,27,1789672
15128,1789746,1,1789747
15129,1789951,13,1789964
15130,1789978,7,1789985
15131,1790069,2,1790071
15132,1790165,51,1790216
15133,1790279,13,1790292
15134,1790323,23,1790346
15135,1790438,23,1790461
15136,1790483,31,1790514
15137,1790530,6,1790536
15138,1790594,3,1790597
15139,1790846,14,1790860
15140,1790903,24,1790927
15141,1790974,30,1791004
15142,1791042,12,1791054
15143,1791452,12,1791464
15144,1791710,14,1791724
15145,1791868,15,1791883
15146,1792051,8,1792059
15147,1792165,13,1792178
15148,1792278,2,1792280
15149,1792578,14,1792592
15150,1792685,13,1792698
15151,1792810,2,1792812
15152,1792826,7,1792833
15153,1792950,29,1792979
15154,1793011,5,1793016
15155,1793055,15,1793070
15156,1793445,2,1793447
15157,1793459,25,1793484
15158,1793542,2,1793544
15159,1793968,2,1793970
15160,1794089,12,1794101
15161,1794278,28,1794306
15162,1794412,5,1794417
15163,1794450,35,1794485
15164,1794613,4,1794617
15165,1794725,6,1794731
15166,1794803,6,1794809
15167,1794838,28,1794866
15168,1794920,16,1794936
15169,1794974,3,1794977
15170,1795198,61,1795259
15171,1795270,17,1795287
15172,1795461,1,1795462
15173,1795484,18,1795502
15174,1795522,50,1795572
15175,1795623,2,1795625
15176,1795721,48,1795769
15177,1795840,1,1795841
15178,1795843,25,1795868
15179,1795913,24,1795937
15180,1796017,14,1796031
15181,1796039,2,1796041
15182,1796046,5,1796051
15183,1796232,4,1796236
15184,1796308,9,1796317
15185,1796398,33,1796431
15186,1796669,29,1796698
15187,1796713,28,1796741
15188,1796771,1,1796772
15189,1796915,17,1796932
15190,1796952,31,1796983
15191,1797025,10,1797035
15192,1797285,13,1797298
15193,1797593,13,1797606
15194,1797954,1,1797955
15195,1797966,4,1797970
15196,1798015,17,1798032
15197,1798076,10,1798086
15198,1798257,13,1798270
15199,1798279,6,1798285
15200,1798288,2,1798290
15201,1798460,2,1798462
15202,1798560,24,1798584
15203,1798611,17,1798628
15204,1798705,6,1798711
15205,1798718,12,1798730
15206,1799031,90,1799121
15207,1799196,30,1799226
15208,1799239,14,1799253
15209,1799286,71,1799357
15210,1799467,29,1799496
15211,1799618,11,1799629
15212,1799661,4,1799665
15213,1799788,5,1799793
15214,1799822,5,1799827
15215,1800078,14,1800092
15216,1800225,8,1800233
15217,1800363,8,1800371
15218,1800398,11,1800409
15219,1800479,3,1800482
15220,1800573,26,1800599
15221,1800728,4,1800732
15222,1800748,67,1800815
15223,1800826,4,1800830
15224,1800936,17,1800953
15225,1800955,2,1800957
15226,1800987,39,1801026
15227,1801146,20,1801166
15228,1801329,23,1801352
15229,1801376,54,1801430
15230,1801524,38,1801562
15231,1801657,12,1801669
15232,1801735,34,1801769
15233,1801787,38,1801825
15234,1801868,10,1801878
15235,1802086,31,1802117
15236,1802148,15,1802163
15237,1802457,6,1802463
15238,1802465,46,1802511
15239,1802525,9,1802534
15240,1802803,3,1802806
15241,1803001,6,1803007
15242,1803212,7,1803219
15243,1803259,16,1803275
15244,1803314,22,1803336
15245,1803351,1,1803352
15246,1803548,31,1803579
15247,1803622,25,1803647
15248,1803665,24,1803689
15249,1803712,26,1803738
15250,1803768,19,1803787
15251,1803797,13,1803810
15252,1803831,8,1803839
15253,1803997,11,1804008
15254,1804051,32,1804083
15255,1804197,67,1804264
15256,1804265,27,1804292
15257,1804340,6,1804346
15258,1804528,12,1804540
15259,1804563,4,1804567
15260,1804605,27,1804632
15261,1804800,5,1804805
15262,1805090,45,1805135
15263,1805383,7,1805390
15264,1805423,7,1805430
15265,1805480,14,1805494
15266,1805686,32,1805718
15267,1805946,24,1805970
15268,1806104,53,1806157
15269,1806414,15,1806429
15270,1806527,2,1806529
15271,1806688,5,1806693
15272,1806748,2,1806750
15273,1806797,9,1806806
15274,1806886,38,1806924
15275,1806925,20,1806945
15276,1807037,27,1807064
15277,1807203,15,1807218
15278,1807521,5,1807526
15279,1807573,3,1807576
15280,1807644,3,1807647
15281,1807689,11,1807700
15282,1808000,3,1808003
15283,1808007,5,1808012
15284,1808038,5,1808043
15285,1808234,5,1808239
15286,1808257,59,1808316
15287,1808425,45,1808470
15288,1808498,10,1808508
15289,1808655,2,1808657
15290,1808661,20,1808681
15291,1808786,1,1808787
15292,1808899,9,1808908
15293,1808928,20,1808948
15294,1808967,34,1809001
15295,1809031,12,1809043
15296,1809051,17,1809068
15297,1809166,1,1809167
15298,1809228,24,1809252
15299,1809385,61,1809446
15300,1809584,20,1809604
15301,1809673,7,1809680
15302,1809719,3,1809722
15303,1809808,13,1809821
15304,1809872,6,1809878
15305,1809895,3,1809898
15306,1810089,46,1810135
15307,1810401,13,1810414
15308,1810475,16,1810491
15309,1810592,25,1810617
15310,1810807,1,1810808
15311,1810832,9,1810841
15312,1810948,6,1810954
15313,1810994,1,1810995
15314,1811027,10,1811037
15315,1811114,6,1811120
15316,1811212,20,1811232
15317,1811234,2,1811236
15318,1811266,8,1811274
15319,1811665,17,1811682
15320,1811684,14,1811698
15321,1811760,88,1811848
15322,1811963,54,1812017
15323,1812104,24,1812128
15324,1812184,1,1812185
15325,1812221,61,1812282
15326,1812406,2,1812408
15327,1812411,68,1812479
15328,1812519,4,1812523
15329,1812764,2,1812766
15330,1813072,2,1813074
15331,1813338,10,1813348
15332,1813479,29,1813508
15333,1813553,16,1813569
15334,1814124,1,1814125
15335,1814202,11,1814213
15336,1814534,30,1814564
15337,1814757,20,1814777
15338,1814958,26,1814984
15339,1815025,20,1815045
15340,1815086,4,1815090
15341,1815113,15,1815128
15342,1815147,24,1815171
15343,1815235,12,1815247
15344,1815281,3,1815284
15345,1815375,59,1815434
15346,1815509,35,1815544
15347,1815557,108,1815665
15348,1815826,13,1815839
15349,1815926,53,1815979
15350,1816027,6,1816033
15351,1816047,77,1816124
15352,1816160,15,1816175
15353,1816205,12,1816217
15354,1816245,73,1816318
15355,1816409,3,1816412
15356,1816693,27,1816720
15357,1816727,30,1816757
15358,1816759,58,1816817
15359,1816973,64,1817037
15360,1817071,7,1817078
15361,1817262,18,1817280
15362,1817322,18,1817340
15363,1817361,6,1817367
15364,1817397,14,1817411
15365,1817423,5,1817428
15366,1817578,10,1817588
15367,1817864,2,1817866
15368,1817905,33,1817938
15369,1817941,30,1817971
15370,1818037,59,1818096
15371,1818179,16,1818195
15372,1818238,21,1818259
15373,1818299,7,1818306
15374,1818329,19,1818348
15375,1818349,3,1818352
15376,1818379,9,1818388
15377,1818394,1,1818395
15378,1818484,1,1818485
15379,1818626,3,1818629
15380,1818704,11,1818715
15381,1818751,32,1818783
15382,1818994,115,1819109
15383,1819250,3,1819253
15384,1819520,3,1819523
15385,1819572,30,1819602
15386,1819888,11,1819899
15387,1820022,5,1820027
15388,1820207,15,1820222
15389,1820392,87,1820479
15390,1820543,46,1820589
15391,1820594,20,1820614
15392,1820649,13,1820662
15393,1820683,17,1820700
15394,1820756,3,1820759
15395,1821259,88,1821347
15396,1821848,14,1821862
15397,1821947,5,1821952
15398,1821967,79,1822046
15399,1822056,5,1822061
15400,1822179,4,1822183
15401,1822303,10,1822313
15402,1822539,20,1822559
15403,1822681,29,1822710
15404,1822719,19,1822738
15405,1822742,69,1822811
15406,1822839,18,1822857
15407,1822937,12,1822949
15408,1823186,5,1823191
15409,1823204,30,1823234
15410,1823237,9,1823246
15411,1823341,41,1823382
15412,1823400,62,1823462
15413,1823524,20,1823544
15414,1823609,1,1823610
15415,1823673,28,1823701
15416,1823739,25,1823764
15417,1824031,8,1824039
15418,1824052,8,1824060
15419,1824411,19,1824430
15420,1824557,13,1824570
15421,1824703,13,1824716
15422,1824769,11,1824780
15423,1824863,9,1824872
15424,1824874,10,1824884
15425,1825102,23,1825125
15426,1825218,37,1825255
15427,1825284,14,1825298
15428,1825469,36,1825505
15429,1825610,7,1825617
15430,1825618,1,1825619
15431,1825684,9,1825693
15432,1825696,4,1825700
15433,1825819,2,1825821
15434,1825970,9,1825979
15435,1825993,27,1826020
15436,1826043,5,1826048
15437,1826176,36,1826212
15438,1826217,48,1826265
15439,1826313,23,1826336
15440,1826438,12,1826450
15441,1826495,54,1826549
15442,1826556,9,1826565
15443,1826570,9,1826579
15444,1826650,21,1826671
15445,1826835,7,1826842
15446,1826891,7,1826898
15447,1826960,30,1826990
15448,1827084,13,1827097
15449,1827177,43,1827220
15450,1827255,1,1827256
15451,1827272,52,1827324
15452,1827425,47,1827472
15453,1827501,13,1827514
15454,1827624,31,1827655
15455,1827855,63,1827918
15456,1827933,13,1827946
15457,1828032,9,1828041
15458,1828132,35,1828167
15459,1828213,14,1828227
15460,1828275,10,1828285
15461,1828641,20,1828661
15462,1828892,63,1828955
15463,1828991,35,1829026
15464,1829133,14,1829147
15465,1829375,36,1829411
15466,1829481,67,1829548
15467,1829630,11,1829641
15468,1829653,2,1829655
15469,1829681,19,1829700
15470,1829939,25,1829964
15471,1830069,14,1830083
15472,1830242,40,1830282
15473,1830368,39,1830407
15474,1830549,19,1830568
15475,1830622,2,1830624
15476,1830637,9,1830646
15477,1830863,29,1830892
15478,1830963,14,1830977
15479,1831109,1,1831110
15480,1831181,48,1831229
15481,1831559,5,1831564
15482,1831632,85,1831717
15483,1831747,6,1831753
15484,1831784,29,1831813
15485,1832020,23,1832043
15486,1832210,3,1832213
15487,1832306,34,1832340
15488,1832425,8,1832433
15489,1832437,32,1832469
15490,1832679,6,1832685
15491,1832742,8,1832750
15492,1832821,15,1832836
15493,1832927,7,1832934
15494,1833026,52,1833078
15495,1833198,23,1833221
15496,1833387,69,1833456
15497,1833507,49,1833556
15498,1833656,28,1833684
15499,1833974,8,1833982
15500,1834051,16,1834067
15501,1834270,40,1834310
15502,1834332,57,1834389
15503,1834448,11,1834459
15504,1834552,29,1834581
15505,1834621,25,1834646
15506,1834814,28,1834842
15507,1834948,23,1834971
15508,1835050,7,1835057
15509,1835386,13,1835399
15510,1835494,12,1835506
15511,1835882,41,1835923
15512,1835948,23,1835971
15513,1835972,15,1835987
15514,1836083,10,1836093
15515,1836325,9,1836334
15516,1836432,4,1836436
15517,1836877,8,1836885
15518,1836916,17,1836933
15519,1836959,9,1836968
15520,1837197,14,1837211
15521,1837215,18,1837233
15522,1837234,3,1837237
15523,1837241,14,1837255
15524,1837321,11,1837332
15525,1837384,8,1837392
15526,1837412,21,1837433
15527,1837473,25,1837498
15528,1837723,12,1837735
15529,1837775,38,1837813
15530,1838064,6,1838070
15531,1838235,7,1838242
15532,1838294,1,1838295
15533,1838393,16,1838409
15534,1838439,35,1838474
15535,1838690,9,1838699
15536,1838760,25,1838785
15537,1838904,3,1838907
15538,1839158,28,1839186
15539,1839241,6,1839247
15540,1839287,14,1839301
15541,1839446,5,1839451
15542,1839768,24,1839792
15543,1839998,18,1840016
15544,1840104,43,1840147
15545,1840198,25,1840223
15546,1840415,7,1840422
15547,1840485,11,1840496
15548,1840660,26,1840686
15549,1840800,20,1840820
15550,1840893,37,1840930
15551,1840974,21,1840995
15552,1841090,43,1841133
15553,1841189,20,1841209
15554,1841431,1,1841432
15555,1841557,20,1841577
15556,1841679,16,1841695
15557,1841755,13,1841768
15558,1841782,43,1841825
15559,1841854,28,1841882
15560,1841901,12,1841913
15561,1841918,28,1841946
15562,1842148,62,1842210
15563,1842508,13,1842521
15564,1842708,12,1842720
15565,1842941,12,1842953
15566,1842981,18,1842999
15567,1843081,5,1843086
15568,1843126,20,1843146
15569,1843222,5,1843227
15570,1843242,19,1843261
15571,1843267,67,1843334
15572,1843350,38,1843388
15573,1843531,7,1843538
15574,1843547,9,1843556
15575,1843669,89,1843758
15576,1843769,9,1843778
15577,1843919,10,1843929
15578,1843957,44,1844001
15579,1844088,23,1844111
15580,1844139,6,1844145
15581,1844168,35,1844203
15582,1844225,35,1844260
15583,1844476,1,1844477
15584,1844515,5,1844520
15585,1844812,25,1844837
15586,1844907,23,1844930
15587,1845069,6,1845075
15588,1845144,40,1845184
15589,1845523,21,1845544
15590,1845561,24,1845585
15591,1845654,3,1845657
15592,1845724,5,1845729
15593,1845982,1,1845983
15594,1846033,15,1846048
15595,1846129,20,1846149
15596,1846195,34,1846229
15597,1846425,18,1846443
15598,1846470,30,1846500
15599,1846643,32,1846675
15600,1846785,43,1846828
15601,1846842,15,1846857
15602,1846892,29,1846921
15603,1846969,10,1846979
15604,1846994,26,1847020
15605,1847187,9,1847196
15606,1847297,11,1847308
15607,1847318,1,1847319
15608,1847333,24,1847357
15609,1847414,2,1847416
15610,1847419,18,1847437
15611,1847552,19,1847571
15612,1847601,1,1847602
15613,1847661,21,1847682
15614,1847774,25,1847799
15615,1847804,22,1847826
15616,1848084,28,1848112
15617,1848232,9,1848241
15618,1848320,22,1848342
15619,1848503,9,1848512
15620,1848995,27,1849022
15621,1849196,8,1849204
15622,1849228,2,1849230
15623,1849263,33,1849296
15624,1849317,11,1849328
15625,1849378,20,1849398
15626,1849455,25,1849480
15627,1849776,7,1849783
15628,1849817,3,1849820
15629,1849936,14,1849950
15630,1850010,48,1850058
15631,1850374,35,1850409
15632,1850415,23,1850438
15633,1850497,29,1850526
15634,1850965,33,1850998
15635,1851114,5,1851119
15636,1851170,15,1851185
15637,1851314,9,1851323
15638,1851487,8,1851495
15639,1851857,14,1851871
15640,1851903,75,1851978
15641,1852052,3,1852055
15642,1852131,5,1852136
15643,1852137,2,1852139
15644,1852189,59,1852248
15645,1852429,6,1852435
15646,1852657,8,1852665
15647,1852711,19,1852730
15648,1852775,9,1852784
15649,1852901,28,1852929
15650,1852932,11,1852943
15651,1853070,39,1853109
15652,1853125,7,1853132
15653,1853163,18,1853181
15654,1853248,12,1853260
15655,1853266,5,1853271
15656,1853620,40,1853660
15657,1853776,49,1853825
15658,1853826,11,1853837
15659,1853874,47,1853921
15660,1854124,5,1854129
15661,1854356,21,1854377
15662,1854443,24,1854467
15663,1854490,26,1854516
15664,1854527,16,1854543
15665,1854708,6,1854714
15666,1854754,45,1854799
15667,1854832,9,1854841
15668,1854980,48,1855028
15669,1855051,18,1855069
15670,1855116,23,1855139
15671,1855194,45,1855239
15672,1855307,20,1855327
15673,1855501,5,1855506
15674,1855765,19,1855784
15675,1855833,12,1855845
15676,1855896,9,1855905
15677,1856041,8,1856049
15678,1856174,2,1856176
15679,1856196,2,1856198
15680,1856486,4,1856490
15681,1856511,40,1856551
15682,1856697,9,1856706
15683,1856846,14,1856860
15684,1856930,14,1856944
15685,1856945,2,1856947
15686,1856975,1,1856976
15687,1857101,11,1857112
15688,1857303,13,1857316
15689,1857388,35,1857423
15690,1857675,4,1857679
15691,1857757,41,1857798
15692,1857913,28,1857941
15693,1857965,3,1857968
15694,1858026,18,1858044
15695,1858078,16,1858094
15696,1858171,8,1858179
15697,1858447,41,1858488
15698,1858572,44,1858616
15699,1858619,7,1858626
15700,1858640,9,1858649
15701,1858791,66,1858857
15702,1858892,13,1858905
15703,1858992,57,1859049
15704,1859252,3,1859255
15705,1859275,12,1859287
15706,1859296,46,1859342
15707,1859514,9,1859523
15708,1860071,11,1860082
15709,1860083,9,1860092
15710,1860263,22,1860285
15711,1860298,5,1860303
15712,1860349,3,1860352
15713,1860462,13,1860475
15714,1860478,16,1860494
15715,1860781,25,1860806
15716,1860869,9,1860878
15717,1861021,13,1861034
15718,1861186,1,1861187
15719,1861297,20,1861317
15720,1861386,6,1861392
15721,1861456,36,1861492
15722,1861570,4,1861574
15723,1861575,17,1861592
15724,1861678,25,1861703
15725,1861755,8,1861763
15726,1861789,5,1861794
15727,1861848,20,1861868
15728,1861871,12,1861883
15729,1861926,31,1861957
15730,1862282,16,1862298
15731,1862327,34,1862361
15732,1862364,4,1862368
15733,1862618,10,1862628
15734,1862684,38,1862722
15735,1862757,18,1862775
15736,1862826,14,1862840
15737,1862976,7,1862983
15738,1863184,57,1863241
15739,1863302,43,1863345
15740,1863436,7,1863443
15741,1863447,13,1863460
15742,1863757,68,1863825
15743,1863870,9,1863879
15744,1863917,17,1863934
15745,1864077,14,1864091
15746,1864641,13,1864654
15747,1864673,33,1864706
15748,1864744,47,1864791
15749,1864822,28,1864850
15750,1864900,10,1864910
15751,1864935,22,1864957
15752,1865234,1,1865235
15753,1865810,24,1865834
15754,1865842,4,1865846
15755,1866206,48,1866254
15756,1866310,100,1866410
15757,1866472,30,1866502
15758,1866554,26,1866580
15759,1866587,6,1866593
15760,1866662,51,1866713
15761,1866777,4,1866781
15762,1866819,6,1866825
15763,1866936,8,1866944
15764,1867530,20,1867550
15765,1867818,11,1867829
15766,1867880,41,1867921
15767,1868124,23,1868147
15768,1868242,19,1868261
15769,1868297,2,1868299
15770,1868348,56,1868404
15771,1868481,1,1868482
15772,1868541,17,1868558
15773,1868695,22,1868717
15774,1868736,25,1868761
15775,1868785,1,1868786
15776,1869129,8,1869137
15777,1869158,10,1869168
15778,1869170,3,1869173
15779,1869199,48,1869247
15780,1869476,8,1869484
15781,1869555,20,1869575
15782,1869637,42,1869679
15783,1869793,14,1869807
15784,1869971,74,1870045
15785,1870127,43,1870170
15786,1870323,40,1870363
15787,1870439,9,1870448
15788,1870686,36,1870722
15789,1871085,23,1871108
15790,1871268,19,1871287
15791,1871301,6,1871307
15792,1871413,34,1871447
15793,1871450,1,1871451
15794,1871602,12,1871614
15795,1871676,19,1871695
15796,1871734,11,1871745
15797,1871763,63,1871826
15798,1871891,2,1871893
15799,1872100,6,1872106
15800,1872122,51,1872173
15801,1872199,24,1872223
15802,1872269,3,1872272
15803,1872295,27,1872322
15804,1872409,15,1872424
15805,1872464,19,1872483
15806,1872625,37,1872662
15807,1872711,31,1872742
15808,1872807,8,1872815
15809,1872818,7,1872825
15810,1872951,27,1872978
15811,1872997,7,1873004
15812,1873040,8,1873048
15813,1873095,26,1873121
15814,1873142,1,1873143
15815,1873588,13,1873601
15816,1873629,21,1873650
15817,1873684,7,1873691
15818,1873869,4,1873873
15819,1874034,11,1874045
15820,1874148,7,1874155
15821,1874197,15,1874212
15822,1874284,6,1874290
15823,1874338,56,1874394
15824,1874430,17,1874447
15825,1874520,52,1874572
15826,1874583,20,1874603
15827,1874684,24,1874708
15828,1874798,42,1874840
15829,1874861,20,1874881
15830,1874952,25,1874977
15831,1875005,4,1875009
15832,1875104,36,1875140
15833,1875407,96,1875503
15834,1875536,8,1875544
15835,1875552,16,1875568
15836,1875617,8,1875625
15837,1875825,4,1875829
15838,1876258,6,1876264
15839,1876431,1,1876432
15840,1876466,54,1876520
15841,1876688,1,1876689
15842,1876718,7,1876725
15843,1876742,25,1876767
15844,1876877,16,1876893
15845,1876913,85,1876998
15846,1877112,16,1877128
15847,1877150,2,1877152
15848,1877198,25,1877223
15849,1877234,5,1877239
15850,1877263,5,1877268
15851,1877369,30,1877399
15852,1877409,46,1877455
15853,1877568,11,1877579
15854,1877753,21,1877774
15855,1877939,28,1877967
15856,1878317,4,1878321
15857,1878326,34,1878360
15858,1878484,5,1878489
15859,1878561,37,1878598
15860,1878875,21,1878896
15861,1878992,11,1879003
15862,1879004,56,1879060
15863,1879163,19,1879182
15864,1879238,2,1879240
15865,1879265,5,1879270
15866,1879333,3,1879336
15867,1879343,14,1879357
15868,1879539,28,1879567
15869,1879694,24,1879718
15870,1879820,14,1879834
15871,1879904,3,1879907
15872,1879986,30,1880016
15873,1880075,35,1880110
15874,1880397,4,1880401
15875,1880529,15,1880544
15876,1880558,6,1880564
15877,1880602,47,1880649
15878,1880695,58,1880753
15879,1881099,15,1881114
15880,1881271,20,1881291
15881,1881572,2,1881574
15882,1881647,34,1881681
15883,1881751,18,1881769
15884,1882183,4,1882187
15885,1882244,30,1882274
15886,1882698,35,1882733
15887,1882821,137,1882958
15888,1883201,10,1883211
15889,1883325,24,1883349
15890,1883415,18,1883433
15891,1883453,4,1883457
15892,1883618,4,1883622
15893,1883688,7,1883695
15894,1883746,15,1883761
15895,1883799,1,1883800
15896,1884098,17,1884115
15897,1884193,4,1884197
15898,1884272,57,1884329
15899,1884342,63,1884405
15900,1884461,8,1884469
15901,1884752,5,1884757
15902,1884808,18,1884826
15903,1884863,3,1884866
15904,1885144,16,1885160
15905,1885304,35,1885339
15906,1885542,6,1885548
15907,1885614,29,1885643
15908,1885730,1,1885731
15909,1885761,7,1885768
15910,1885788,1,1885789
15911,1885814,13,1885827
15912,1885858,9,1885867
15913,1885886,15,1885901
15914,1886038,1,1886039
15915,1886347,4,1886351
15916,1886418,19,1886437
15917,1886529,21,1886550
15918,1886706,15,1886721
15919,1886834,5,1886839
15920,1886985,39,1887024
15921,1887227,17,1887244
15922,1887510,3,1887513
15923,1887617,14,1887631
15924,1887662,3,1887665
15925,1887695,18,1887713
15926,1887962,9,1887971
15927,1887990,37,1888027
15928,1888119,4,1888123
15929,1888149,4,1888153
15930,1888217,15,1888232
15931,1888272,4,1888276
15932,1888543,15,1888558
15933,1888675,57,1888732
15934,1888816,46,1888862
15935,1888940,5,1888945
15936,1889158,25,1889183
15937,1889248,4,1889252
15938,1889264,18,1889282
15939,1889409,12,1889421
15940,1889543,14,1889557
15941,1889644,5,1889649
15942,1889730,11,1889741
15943,1889868,1,1889869
15944,1889910,24,1889934
15945,1889984,1,1889985
15946,1889989,4,1889993
15947,1890023,16,1890039
15948,1890678,3,1890681
15949,1890704,16,1890720
15950,1890837,25,1890862
15951,1891102,6,1891108
15952,1891121,33,1891154
15953,1891184,44,1891228
15954,1891301,33,1891334
15955,1891389,64,1891453
15956,1891570,10,1891580
15957,1891626,42,1891668
15958,1891749,25,1891774
15959,1891944,68,1892012
15960,1892080,7,1892087
15961,1892150,23,1892173
15962,1892214,4,1892218
15963,1892410,25,1892435
15964,1892588,17,1892605
15965,1892668,1,1892669
15966,1892686,10,1892696
15967,1892847,2,1892849
15968,1892872,19,1892891
15969,1892989,14,1893003
15970,1893159,5,1893164
15971,1893366,33,1893399
15972,1893492,2,1893494
15973,1893710,39,1893749
15974,1893926,7,1893933
15975,1893962,51,1894013
15976,1894135,37,1894172
15977,1894208,40,1894248
15978,1894441,60,1894501
15979,1894518,2,1894520
15980,1894673,36,1894709
15981,1894868,34,1894902
15982,1895001,27,1895028
15983,1895217,18,1895235
15984,1895278,15,1895293
15985,1895313,20,1895333
15986,1895377,45,1895422
15987,1895517,68,1895585
15988,1895729,17,1895746
15989,1895786,6,1895792
15990,1895835,5,1895840
15991,1895842,25,1895867
15992,1895938,6,1895944
15993,1895979,3,1895982
15994,1896086,31,1896117
15995,1896158,1,1896159
15996,1896339,4,1896343
15997,1896346,50,1896396
15998,1896595,2,1896597
15999,1896670,11,1896681
16000,1896839,45,1896884
16001,1897086,13,1897099
16002,1897142,11,1897153
16003,1897247,19,1897266
16004,1897296,14,1897310
16005,1897385,5,1897390
16006,1897502,17,1897519
16007,1897548,4,1897552
16008,1897836,2,1897838
16009,1897946,4,1897950
16010,1897996,6,1898002
16011,1898192,31,1898223
16012,1898613,20,1898633
16013,1898850,47,1898897
16014,1899206,1,1899207
16015,1899212,31,1899243
16016,1899249,2,1899251
16017,1899290,11,1899301
16018,1899603,18,1899621
16019,1899663,8,1899671
16020,1899739,26,1899765
16021,1899784,15,1899799
16022,1899926,2,1899928
16023,1900052,3,1900055
16024,1900111,7,1900118
16025,1900414,9,1900423
16026,1900762,6,1900768
16027,1900792,12,1900804
16028,1900827,27,1900854
16029,1900905,15,1900920
16030,1900954,4,1900958
16031,1901194,41,1901235
16032,1901251,4,1901255
16033,1901267,13,1901280
16034,1901366,17,1901383
16035,1901407,78,1901485
16036,1901501,8,1901509
16037,1901685,2,1901687
16038,1901699,69,1901768
16039,1901777,3,1901780
16040,1901827,3,1901830
16041,1901906,1,1901907
16042,1901939,8,1901947
16043,1902124,4,1902128
16044,1902209,4,1902213
16045,1902268,31,1902299
16046,1902386,42,1902428
16047,1902508,22,1902530
16048,1902545,10,1902555
16049,1902560,7,1902567
16050,1902572,28,1902600
16051,1902675,22,1902697
16052,1902782,24,1902806
16053,1903164,5,1903169
16054,1903173,22,1903195
16055,1903267,24,1903291
16056,1903446,3,1903449
16057,1903611,32,1903643
16058,1903714,66,1903780
16059,1903810,22,1903832
16060,1903853,31,1903884
16061,1903952,12,1903964
16062,1904020,2,1904022
16063,1904060,17,1904077
16064,1904483,16,1904499
16065,1904513,9,1904522
16066,1904658,37,1904695
16067,1904915,8,1904923
16068,1904968,51,1905019
16069,1905180,40,1905220
16070,1905226,7,1905233
16071,1905255,27,1905282
16072,1905387,4,1905391
16073,1905407,3,1905410
16074,1905968,14,1905982
16075,1906007,32,1906039
16076,1906093,4,1906097
16077,1906113,43,1906156
16078,1906236,1,1906237
16079,1906381,1,1906382
16080,1906542,1,1906543
16081,1906763,1,1906764
16082,1906775,10,1906785
16083,1906898,56,1906954
16084,1906995,8,1907003
16085,1907158,6,1907164
16086,1907252,3,1907255
16087,1907299,27,1907326
16088,1907383,39,1907422
16089,1907569,1,1907570
16090,1907632,48,1907680
16091,1907837,18,1907855
16092,1907937,8,1907945
16093,1907974,24,1907998
16094,1908157,16,1908173
16095,1908482,27,1908509
16096,1908741,1,1908742
16097,1909024,63,1909087
16098,1909337,5,1909342
16099,1909721,2,1909723
16100,1909786,5,1909791
16101,1909873,18,1909891
16102,1909901,79,1909980
16103,1909993,1,1909994
16104,1910029,20,1910049
16105,1910125,11,1910136
16106,1910329,9,1910338
16107,1910341,55,1910396
16108,1910431,33,1910464
16109,1910547,3,1910550
16110,1910742,9,1910751
16111,1910780,11,1910791
16112,1910931,12,1910943
16113,1911099,15,1911114
16114,1911173,1,1911174
16115,1911183,17,1911200
16116,1911243,10,1911253
16117,1911306,18,1911324
16118,1911341,23,1911364
16119,1911370,11,1911381
16120,1911404,13,1911417
16121,1911419,69,1911488
16122,1911627,72,1911699
16123,1911758,10,1911768
16124,1912106,15,1912121
16125,1912216,12,1912228
16126,1912394,40,1912434
16127,1912485,19,1912504
16128,1912737,12,1912749
16129,1912879,16,1912895
16130,1912896,13,1912909
16131,1913077,11,1913088
16132,1913120,9,1913129
16133,1913170,14,1913184
16134,1913242,37,1913279
16135,1913291,41,1913332
16136,1913659,13,1913672
16137,1913741,36,1913777
16138,1913948,3,1913951
16139,1914023,4,1914027
16140,1914035,21,1914056
16141,1914118,8,1914126
16142,1914198,23,1914221
16143,1914285,23,1914308
16144,1914397,9,1914406
16145,1914525,37,1914562
16146,1914591,1,1914592
16147,1914770,16,1914786
16148,1914902,30,1914932
16149,1915047,6,1915053
16150,1915057,18,1915075
16151,1915148,8,1915156
16152,1915161,27,1915188
16153,1915233,77,1915310
16154,1915507,59,1915566
16155,1915874,17,1915891
16156,1916039,14,1916053
16157,1916088,7,1916095
16158,1916250,9,1916259
16159,1916285,6,1916291
16160,1916330,23,1916353
16161,1916372,18,1916390
16162,1916495,8,1916503
16163,1916608,8,1916616
16164,1916682,39,1916721
16165,1916758,5,1916763
16166,1916772,20,1916792
16167,1916847,14,1916861
16168,1916958,16,1916974
16169,1917034,6,1917040
16170,1917098,21,1917119
16171,1917354,25,1917379
16172,1917399,11,1917410
16173,1917620,13,1917633
16174,1917686,7,1917693
16175,1917701,12,1917713
16176,1917857,9,1917866
16177,1917915,8,1917923
16178,1918098,19,1918117
16179,1918127,23,1918150
16180,1918305,10,1918315
16181,1918363,61,1918424
16182,1918443,31,1918474
16183,1918489,10,1918499
16184,1918542,4,1918546
16185,1918561,57,1918618
16186,1918688,4,1918692
16187,1918819,27,1918846
16188,1918857,13,1918870
16189,1918903,41,1918944
16190,1919043,13,1919056
16191,1919142,1,1919143
16192,1919366,25,1919391
16193,1919684,4,1919688
16194,1919698,16,1919714
16195,1919806,4,1919810
16196,1919860,49,1919909
16197,1919972,27,1919999
16198,1920004,32,1920036
16199,1920232,13,1920245
16200,1920423,24,1920447
16201,1920757,4,1920761
16202,1920778,38,1920816
16203,1920873,89,1920962
16204,1920994,5,1920999
16205,1921294,36,1921330
16206,1921366,6,1921372
16207,1921444,1,1921445
16208,1921980,25,1922005
16209,1922039,2,1922041
16210,1922193,4,1922197
16211,1922328,2,1922330
16212,1922488,3,1922491
16213,1922520,6,1922526
16214,1922586,1,1922587
16215,1922655,21,1922676
16216,1922729,66,1922795
16217,1923013,33,1923046
16218,1923120,66,1923186
16219,1923322,10,1923332
16220,1923361,32,1923393
16221,1923560,1,1923561
16222,1923653,3,1923656
16223,1923754,3,1923757
16224,1923791,8,1923799
16225,1923829,18,1923847
16226,1923936,23,1923959
16227,1924001,40,1924041
16228,1924108,56,1924164
16229,1924177,26,1924203
16230,1924567,23,1924590
16231,1924765,28,1924793
16232,1924828,72,1924900
16233,1924929,31,1924960
16234,1924969,6,1924975
16235,1925265,19,1925284
16236,1925388,12,1925400
16237,1925495,14,1925509
16238,1925673,7,1925680
16239,1925781,7,1925788
16240,1925812,13,1925825
16241,1925830,15,1925845
16242,1925979,9,1925988
16243,1926038,18,1926056
16244,1926103,1,1926104
16245,1926125,11,1926136
16246,1926147,12,1926159
16247,1926309,6,1926315
16248,1926369,23,1926392
16249,1926403,3,1926406
16250,1926652,16,1926668
16251,1926690,10,1926700
16252,1926705,27,1926732
16253,1926754,16,1926770
16254,1926803,3,1926806
16255,1926986,9,1926995
16256,1927051,14,1927065
16257,1927147,93,1927240
16258,1927564,3,1927567
16259,1927849,19,1927868
16260,1927878,15,1927893
16261,1927947,9,1927956
16262,1928103,18,1928121
16263,1928125,9,1928134
16264,1928247,2,1928249
16265,1928293,2,1928295
16266,1928333,43,1928376
16267,1928409,21,1928430
16268,1928473,8,1928481
16269,1928515,3,1928518
16270,1928533,9,1928542
16271,1928558,27,1928585
16272,1928590,2,1928592
16273,1928611,5,1928616
16274,1928641,5,1928646
16275,1928676,22,1928698
16276,1928718,8,1928726
16277,1928757,25,1928782
16278,1928857,5,1928862
16279,1928917,9,1928926
16280,1929012,31,1929043
16281,1929071,2,1929073
16282,1929216,20,1929236
16283,1929243,40,1929283
16284,1929344,77,1929421
16285,1929552,2,1929554
16286,1929701,16,1929717
16287,1929781,20,1929801
16288,1929856,59,1929915
16289,1929952,19,1929971
16290,1930087,15,1930102
16291,1930172,4,1930176
16292,1930228,1,1930229
16293,1930278,4,1930282
16294,1930323,1,1930324
16295,1930534,7,1930541
16296,1930672,12,1930684
16297,1930730,13,1930743
16298,1930796,9,1930805
16299,1931092,28,1931120
16300,1931249,9,1931258
16301,1931411,11,1931422
16302,1931425,7,1931432
16303,1931560,5,1931565
16304,1931780,19,1931799
16305,1931831,57,1931888
16306,1932022,18,1932040
16307,1932060,28,1932088
16308,1932498,5,1932503
16309,1932576,8,1932584
16310,1932587,6,1932593
16311,1932699,11,1932710
16312,1932715,2,1932717
16313,1932834,125,1932959
16314,1933216,22,1933238
16315,1933271,12,1933283
16316,1933425,6,1933431
16317,1933629,32,1933661
16318,1933742,31,1933773
16319,1933885,27,1933912
16320,1933992,29,1934021
16321,1934167,4,1934171
16322,1934196,11,1934207
16323,1934335,41,1934376
16324,1934451,10,1934461
16325,1934752,10,1934762
16326,1935058,17,1935075
16327,1935136,44,1935180
16328,1935238,41,1935279
16329,1935287,41,1935328
16330,1935490,12,1935502
16331,1935516,28,1935544
16332,1935609,21,1935630
16333,1935659,46,1935705
16334,1935777,8,1935785
16335,1935928,5,1935933
16336,1935981,9,1935990
16337,1936005,1,1936006
16338,1936310,3,1936313
16339,1936546,5,1936551
16340,1936552,11,1936563
16341,1937145,34,1937179
16342,1937351,32,1937383
16343,1937828,9,1937837
16344,1937881,20,1937901
16345,1937954,12,1937966
16346,1938005,16,1938021
16347,1938154,49,1938203
16348,1938242,11,1938253
16349,1938254,61,1938315
16350,1938316,6,1938322
16351,1938343,21,1938364
16352,1938498,4,1938502
16353,1938578,17,1938595
16354,1938613,79,1938692
16355,1938706,7,1938713
16356,1938858,12,1938870
16357,1938939,23,1938962
16358,1939034,3,1939037
16359,1939251,18,1939269
16360,1939318,6,1939324
16361,1939394,59,1939453
16362,1939762,11,1939773
16363,1939774,3,1939777
16364,1940243,17,1940260
16365,1940437,21,1940458
16366,1940463,29,1940492
16367,1940565,13,1940578
16368,1940715,4,1940719
16369,1940837,27,1940864
16370,1940872,107,1940979
16371,1941060,44,1941104
16372,1941216,32,1941248
16373,1941278,1,1941279
16374,1941422,41,1941463
16375,1941645,11,1941656
16376,1941785,15,1941800
16377,1942063,4,1942067
16378,1942142,5,1942147
16379,1942184,14,1942198
16380,1942399,12,1942411
16381,1942486,6,1942492
16382,1942502,28,1942530
16383,1942742,16,1942758
16384,1942790,45,1942835
16385,1942876,28,1942904
16386,1942951,7,1942958
16387,1943093,1,1943094
16388,1943159,11,1943170
16389,1943225,12,1943237
16390,1943285,68,1943353
16391,1943486,14,1943500
16392,1943684,9,1943693
16393,1943752,15,1943767
16394,1944154,25,1944179
16395,1944208,9,1944217
16396,1944410,16,1944426
16397,1944571,23,1944594
16398,1944723,16,1944739
16399,1944757,1,1944758
16400,1944785,4,1944789
16401,1944973,6,1944979
16402,1945287,13,1945300
16403,1945516,13,1945529
16404,1945626,7,1945633
16405,1945672,2,1945674
16406,1945700,22,1945722
16407,1945898,63,1945961
16408,1945983,25,1946008
16409,1946109,68,1946177
16410,1946247,33,1946280
16411,1946425,30,1946455
16412,1946495,36,1946531
16413,1947049,4,1947053
16414,1947109,9,1947118
16415,1947425,17,1947442
16416,1947678,1,1947679
16417,1947689,5,1947694
16418,1947748,19,1947767
16419,1947814,26,1947840
16420,1947940,8,1947948
16421,1947976,11,1947987
16422,1948079,26,1948105
16423,1948190,27,1948217
16424,1948221,19,1948240
16425,1948284,5,1948289
16426,1948417,19,1948436
16427,1948531,15,1948546
16428,1948617,8,1948625
16429,1948675,4,1948679
16430,1948739,45,1948784
16431,1949008,37,1949045
16432,1949111,10,1949121
16433,1949257,31,1949288
16434,1949488,37,1949525
16435,1949706,38,1949744
16436,1949863,24,1949887
16437,1949973,15,1949988
16438,1950062,4,1950066
16439,1950217,1,1950218
16440,1950236,11,1950247
16441,1950303,1,1950304
16442,1950413,21,1950434
16443,1950511,15,1950526
16444,1950533,18,1950551
16445,1950566,9,1950575
16446,1950601,20,1950621
16447,1950708,16,1950724
16448,1950812,35,1950847
16449,1950871,14,1950885
16450,1950892,17,1950909
16451,1950911,2,1950913
16452,1950936,31,1950967
16453,1951003,11,1951014
16454,1951422,127,1951549
16455,1951750,37,1951787
16456,1952080,4,1952084
16457,1952288,10,1952298
16458,1952502,17,1952519
16459,1952989,24,1953013
16460,1953312,16,1953328
16461,1953695,21,1953716
16462,1953834,14,1953848
16463,1954039,10,1954049
16464,1954211,31,1954242
16465,1954360,57,1954417
16466,1954431,1,1954432
16467,1954630,38,1954668
16468,1954671,7,1954678
16469,1954927,12,1954939
16470,1954941,34,1954975
16471,1955002,4,1955006
16472,1955088,6,1955094
16473,1955349,4,1955353
16474,1955482,53,1955535
16475,1955646,25,1955671
16476,1955682,7,1955689
16477,1956083,65,1956148
16478,1956308,22,1956330
16479,1956350,16,1956366
16480,1956402,14,1956416
16481,1956472,6,1956478
16482,1956651,11,1956662
16483,1956783,1,1956784
16484,1956826,2,1956828
16485,1956907,2,1956909
16486,1957236,33,1957269
16487,1957302,13,1957315
16488,1957499,44,1957543
16489,1957575,24,1957599
16490,1957606,1,1957607
16491,1957715,44,1957759
16492,1957770,28,1957798
16493,1957842,26,1957868
16494,1957915,8,1957923
16495,1957930,12,1957942
16496,1957996,15,1958011
16497,1958135,2,1958137
16498,1958154,15,1958169
16499,1958293,1,1958294
16500,1958331,18,1958349
16501,1958357,14,1958371
16502,1958572,16,1958588
16503,1958746,78,1958824
16504,1959268,6,1959274
16505,1959386,9,1959395
16506,1959614,18,1959632
16507,1959722,59,1959781
16508,1959827,35,1959862
16509,1959889,6,1959895
16510,1960017,8,1960025
16511,1960039,23,1960062
16512,1960169,34,1960203
16513,1960214,8,1960222
16514,1960293,4,1960297
16515,1960421,2,1960423
16516,1960499,10,1960509
16517,1960611,42,1960653
16518,1960764,33,1960797
16519,1960850,7,1960857
16520,1960992,6,1960998
16521,1961142,6,1961148
16522,1961162,31,1961193
16523,1961197,15,1961212
16524,1961259,1,1961260
16525,1961444,1,1961445
16526,1961577,31,1961608
16527,1961670,7,1961677
16528,1961863,2,1961865
16529,1962030,45,1962075
16530,1962097,3,1962100
16531,1962345,5,1962350
16532,1962368,6,1962374
16533,1962449,15,1962464
16534,1962587,16,1962603
16535,1962710,16,1962726
16536,1963031,6,1963037
16537,1963062,30,1963092
16538,1963194,3,1963197
16539,1963217,6,1963223
16540,1963383,8,1963391
16541,1963406,11,1963417
16542,1963461,4,1963465
16543,1963548,8,1963556
16544,1963593,7,1963600
16545,1963624,4,1963628
16546,1963728,11,1963739
16547,1964008,8,1964016
16548,1964031,35,1964066
16549,1964096,23,1964119
16550,1964140,1,1964141
16551,1964144,4,1964148
16552,1964202,48,1964250
16553,1964270,17,1964287
16554,1964308,5,1964313
16555,1964413,10,1964423
16556,1964485,2,1964487
16557,1964545,11,1964556
16558,1964698,45,1964743
16559,1964816,9,1964825
16560,1964881,20,1964901
16561,1965151,5,1965156
16562,1965222,8,1965230
16563,1965250,25,1965275
16564,1965464,30,1965494
16565,1965677,8,1965685
16566,1965710,35,1965745
16567,1965795,9,1965804
16568,1965837,13,1965850
16569,1965865,27,1965892
16570,1965993,2,1965995
16571,1966150,85,1966235
16572,1966348,3,1966351
16573,1966378,22,1966400
16574,1966437,25,1966462
16575,1966505,30,1966535
16576,1966558,2,1966560
16577,1966583,26,1966609
16578,1966806,19,1966825
16579,1966947,18,1966965
16580,1967016,22,1967038
16581,1967121,2,1967123
16582,1967147,5,1967152
16583,1967244,37,1967281
16584,1967283,7,1967290
16585,1967298,46,1967344
16586,1967666,3,1967669
16587,1967731,48,1967779
16588,1967861,28,1967889
16589,1967925,12,1967937
16590,1968006,14,1968020
16591,1968194,8,1968202
16592,1968203,2,1968205
16593,1968221,2,1968223
16594,1968285,6,1968291
16595,1968317,37,1968354
16596,1968414,3,1968417
16597,1968422,66,1968488
16598,1968528,23,1968551
16599,1968722,2,1968724
16600,1968734,19,1968753
16601,1968774,15,1968789
16602,1968815,2,1968817
16603,1968924,12,1968936
16604,1968980,9,1968989
16605,1969097,45,1969142
16606,1969171,6,1969177
16607,1969222,11,1969233
16608,1969364,79,1969443
16609,1969661,3,1969664
16610,1969876,8,1969884
16611,1970061,53,1970114
16612,1970296,87,1970383
16613,1970462,3,1970465
16614,1970635,42,1970677
16615,1971080,5,1971085
16616,1971144,9,1971153
16617,1971271,11,1971282
16618,1971312,5,1971317
16619,1971399,30,1971429
16620,1971442,60,1971502
16621,1971507,2,1971509
16622,1971672,50,1971722
16623,1971812,12,1971824
16624,1971847,41,1971888
16625,1971904,5,1971909
16626,1971931,22,1971953
16627,1971978,5,1971983
16628,1972017,24,1972041
16629,1972067,44,1972111
16630,1972285,10,1972295
16631,1972392,13,1972405
16632,1972491,7,1972498
16633,1972524,19,1972543
16634,1972580,5,1972585
16635,1972783,11,1972794
16636,1972939,9,1972948
16637,1973062,52,1973114
16638,1973140,23,1973163
16639,1973177,11,1973188
16640,1973206,8,1973214
16641,1973319,29,1973348
16642,1973359,33,1973392
16643,1973406,23,1973429
16644,1973451,56,1973507
16645,1973537,22,1973559
16646,1973641,24,1973665
16647,1973687,4,1973691
16648,1973806,6,1973812
16649,1973873,46,1973919
16650,1974186,34,1974220
16651,1974384,7,1974391
16652,1974455,18,1974473
16653,1974615,5,1974620
16654,1974642,4,1974646
16655,1974701,1,1974702
16656,1974720,6,1974726
16657,1974846,3,1974849
16658,1975080,4,1975084
16659,1975149,2,1975151
16660,1975204,4,1975208
16661,1975258,1,1975259
16662,1975262,64,1975326
16663,1975381,29,1975410
16664,1975482,4,1975486
16665,1975559,8,1975567
16666,1975774,3,1975777
16667,1976159,17,1976176
16668,1976355,10,1976365
16669,1976512,35,1976547
16670,1976688,15,1976703
16671,1976739,1,1976740
16672,1976905,10,1976915
16673,1976987,24,1977011
16674,1977074,11,1977085
16675,1977214,25,1977239
16676,1977417,54,1977471
16677,1977473,76,1977549
16678,1977580,20,1977600
16679,1977680,3,1977683
16680,1977825,34,1977859
16681,1977867,12,1977879
16682,1977963,34,1977997
16683,1978188,12,1978200
16684,1978236,11,1978247
16685,1978293,30,1978323
16686,1978507,23,1978530
16687,1978544,19,1978563
16688,1978685,21,1978706
16689,1978857,30,1978887
16690,1978951,62,1979013
16691,1979022,17,1979039
16692,1979242,12,1979254
16693,1979310,33,1979343
16694,1979546,5,1979551
16695,1979865,4,1979869
16696,1979884,9,1979893
16697,1979999,14,1980013
16698,1980046,10,1980056
16699,1980084,27,1980111
16700,1980352,66,1980418
16701,1980456,11,1980467
16702,1980561,6,1980567
16703,1980648,19,1980667
16704,1980717,3,1980720
16705,1980885,56,1980941
16706,1981006,25,1981031
16707,1981305,38,1981343
16708,1981408,43,1981451
16709,1981454,16,1981470
16710,1981580,30,1981610
16711,1981743,66,1981809
16712,1981839,22,1981861
16713,1981921,1,1981922
16714,1982028,16,1982044
16715,1982076,19,1982095
16716,1982117,123,1982240
16717,1982378,5,1982383
16718,1982528,19,1982547
16719,1982604,17,1982621
16720,1982712,100,1982812
16721,1982989,12,1983001
16722,1983101,29,1983130
16723,1983259,6,1983265
16724,1983382,24,1983406
16725,1983439,19,1983458
16726,1983541,13,1983554
16727,1983612,12,1983624
16728,1983729,2,1983731
16729,1984229,7,1984236
16730,1984256,16,1984272
16731,1984942,5,1984947
16732,1985100,72,1985172
16733,1985223,23,1985246
16734,1985340,20,1985360
16735,1985439,8,1985447
16736,1985601,23,1985624
16737,1985680,14,1985694
16738,1985879,47,1985926
16739,1985981,1,1985982
16740,1986062,14,1986076
16741,1986124,17,1986141
16742,1986154,22,1986176
16743,1986198,1,1986199
16744,1986331,16,1986347
16745,1986686,13,1986699
16746,1986804,1,1986805
16747,1986941,9,1986950
16748,1987031,7,1987038
16749,1987105,14,1987119
16750,1987442,14,1987456
16751,1987508,61,1987569
16752,1987589,23,1987612
16753,1987663,4,1987667
16754,1987698,12,1987710
16755,1987711,6,1987717
16756,1987737,16,1987753
16757,1987754,29,1987783
16758,1987930,42,1987972
16759,1987992,8,1988000
16760,1988069,13,1988082
16761,1988098,37,1988135
16762,1988208,21,1988229
16763,1988416,41,1988457
16764,1988494,30,1988524
16765,1988624,67,1988691
16766,1988693,22,1988715
16767,1988773,21,1988794
16768,1988838,27,1988865
16769,1989028,2,1989030
16770,1989106,6,1989112
16771,1989234,34,1989268
16772,1989426,10,1989436
16773,1989557,3,1989560
16774,1989566,19,1989585
16775,1989657,31,1989688
16776,1989711,2,1989713
16777,1989719,69,1989788
16778,1989820,18,1989838
16779,1990011,4,1990015
16780,1990045,3,1990048
16781,1990095,23,1990118
16782,1990276,8,1990284
16783,1990493,15,1990508
16784,1990632,30,1990662
16785,1990686,31,1990717
16786,1990727,3,1990730
16787,1990847,19,1990866
16788,1991110,5,1991115
16789,1991200,23,1991223
16790,1991225,7,1991232
16791,1991302,23,1991325
16792,1991364,3,1991367
16793,1991398,4,1991402
16794,1991421,11,1991432
16795,1991588,8,1991596
16796,1991703,60,1991763
16797,1991986,21,1992007
16798,1992085,25,1992110
16799,1992189,26,1992215
16800,1992453,2,1992455
16801,1992785,16,1992801
16802,1992805,16,1992821
16803,1993106,12,1993118
16804,1993133,26,1993159
16805,1993197,61,1993258
16806,1993382,2,1993384
16807,1993541,32,1993573
16808,1993700,9,1993709
16809,1993938,3,1993941
16810,1994028,20,1994048
16811,1994093,5,1994098
16812,1994195,2,1994197
16813,1994332,64,1994396
16814,1994467,4,1994471
16815,1994604,14,1994618
16816,1994641,5,1994646
16817,1994657,3,1994660
16818,1994754,47,1994801
16819,1994842,18,1994860
16820,1995028,5,1995033
16821,1995110,28,1995138
16822,1995571,36,1995607
16823,1995848,10,1995858
16824,1995912,12,1995924
16825,1995933,11,1995944
16826,1995967,19,1995986
16827,1996035,10,1996045
16828,1996080,1,1996081
16829,1996336,42,1996378
16830,1996419,22,1996441
16831,1996600,30,1996630
16832,1996744,9,1996753
16833,1996837,17,1996854
16834,1996950,14,1996964
16835,1997042,31,1997073
16836,1997327,42,1997369
16837,1997434,6,1997440
16838,1997665,32,1997697
16839,1997716,8,1997724
16840,1997823,5,1997828
16841,1997864,92,1997956
16842,1998065,7,1998072
16843,1998097,26,1998123
16844,1998214,5,1998219
16845,1998303,19,1998322
16846,1998400,2,1998402
16847,1998446,5,1998451
16848,1998518,1,1998519
16849,1998542,81,1998623
16850,1998651,14,1998665
16851,1998778,1,1998779
16852,1998839,2,1998841
16853,1998977,36,1999013
16854,1999018,10,1999028
16855,1999067,6,1999073
16856,1999223,23,1999246
16857,1999253,3,1999256
16858,1999377,5,1999382
16859,1999626,3,1999629
16860,1999673,43,1999716
16861,1999813,3,1999816
16862,1999831,36,1999867
16863,2000034,76,2000110
16864,2000225,10,2000235
16865,2000241,29,2000270
16866,2000290,5,2000295
16867,2000406,32,2000438
16868,2000459,2,2000461
16869,2000979,35,2001014
16870,2001277,1,2001278
16871,2001282,5,2001287
16872,2001359,3,2001362
16873,2001507,8,2001515
16874,2001902,3,2001905
16875,2001990,5,2001995
16876,2002119,2,2002121
16877,2002587,2,2002589
16878,2002709,18,2002727
16879,2003057,20,2003077
16880,2003096,11,2003107
16881,2003211,24,2003235
16882,2003273,7,2003280
16883,2003407,29,2003436
16884,2003729,41,2003770
16885,2003819,27,2003846
16886,2004067,11,2004078
16887,2004082,13,2004095
16888,2004140,8,2004148
16889,2004318,21,2004339
16890,2004713,18,2004731
16891,2004759,43,2004802
16892,2004817,28,2004845
16893,2004956,8,2004964
16894,2004966,40,2005006
16895,2005325,11,2005336
16896,2005367,3,2005370
16897,2005440,8,2005448
16898,2005490,22,2005512
16899,2005605,42,2005647
16900,2005880,44,2005924
16901,2006123,38,2006161
16902,2006189,3,2006192
16903,2006198,33,2006231
16904,2006300,3,2006303
16905,2006465,6,2006471
16906,2006485,57,2006542
16907,2006621,43,2006664
16908,2006672,17,2006689
16909,2007182,9,2007191
16910,2007275,12,2007287
16911,2007321,54,2007375
16912,2007425,2,2007427
16913,2007505,9,2007514
16914,2007694,8,2007702
16915,2007896,21,2007917
16916,2008071,11,2008082
16917,2008294,21,2008315
16918,2008391,11,2008402
16919,2008489,22,2008511
16920,2008524,2,2008526
16921,2008614,1,2008615
16922,2008644,14,2008658
16923,2008684,26,2008710
16924,2008712,21,2008733
16925,2008749,5,2008754
16926,2008816,7,2008823
16927,2008829,28,2008857
16928,2008890,44,2008934
16929,2008960,10,2008970
16930,2008996,13,2009009
16931,2009120,87,2009207
16932,2009328,17,2009345
16933,2009373,24,2009397
16934,2009529,45,2009574
16935,2009674,5,2009679
16936,2009759,26,2009785
16937,2009817,6,2009823
16938,2010035,34,2010069
16939,2010188,9,2010197
16940,2010281,2,2010283
16941,2010621,11,2010632
16942,2010773,9,2010782
16943,2010812,30,2010842
16944,2010993,34,2011027
16945,2011028,40,2011068
16946,2011197,56,2011253
16947,2011338,2,2011340
16948,2011474,4,2011478
16949,2011525,12,2011537
16950,2011579,4,2011583
16951,2011676,49,2011725
16952,2011761,22,2011783
16953,2012080,1,2012081
16954,2012104,7,2012111
16955,2012137,65,2012202
16956,2012265,9,2012274
16957,2012292,8,2012300
16958,2012416,32,2012448
16959,2012502,28,2012530
16960,2012596,59,2012655
16961,2012713,21,2012734
16962,2012745,30,2012775
16963,2012782,7,2012789
16964,2012839,22,2012861
16965,2013058,25,2013083
16966,2013295,7,2013302
16967,2013309,1,2013310
16968,2013315,13,2013328
16969,2013394,26,2013420
16970,2013421,1,2013422
16971,2013423,57,2013480
16972,2013594,10,2013604
16973,2013776,5,2013781
16974,2013832,67,2013899
16975,2014016,33,2014049
16976,2014119,16,2014135
16977,2014153,5,2014158
16978,2014347,15,2014362
16979,2014406,6,2014412
16980,2014470,31,2014501
16981,2014573,15,2014588
16982,2014600,41,2014641
16983,2014663,3,2014666
16984,2014732,3,2014735
16985,2014803,10,2014813
16986,2014883,45,2014928
16987,2014942,4,2014946
16988,2014965,26,2014991
16989,2015172,14,2015186
16990,2015197,6,2015203
16991,2015243,7,2015250
16992,2015444,26,2015470
16993,2015655,1,2015656
16994,2016023,9,2016032
16995,2016046,14,2016060
16996,2016144,7,2016151
16997,2016194,15,2016209
16998,2016250,7,2016257
16999,2016368,13,2016381
17000,2016410,1,2016411
17001,2016530,4,2016534
17002,2016535,46,2016581
17003,2016617,49,2016666
17004,2016858,10,2016868
17005,2017087,50,2017137
17006,2017547,14,2017561
17007,2017587,38,2017625
17008,2017740,5,2017745
17009,2017768,7,2017775
17010,2017897,2,2017899
17011,2018181,34,2018215
17012,2018229,14,2018243
17013,2018259,6,2018265
17014,2018287,5,2018292
17015,2018295,11,2018306
17016,2018493,17,2018510
17017,2018601,2,2018603
17018,2018740,14,2018754
17019,2018981,6,2018987
17020,2019091,37,2019128
17021,2019170,11,2019181
17022,2019196,10,2019206
17023,2019211,4,2019215
17024,2019348,13,2019361
17025,2019575,20,2019595
17026,2019695,23,2019718
17027,2019866,5,2019871
17028,2019881,9,2019890
17029,2019958,50,2020008
17030,2020115,11,2020126
17031,2020146,13,2020159
17032,2020441,30,2020471
17033,2020517,1,2020518
17034,2020888,7,2020895
17035,2020956,48,2021004
17036,2021146,78,2021224
17037,2021418,1,2021419
17038,2021451,7,2021458
17039,2021686,10,2021696
17040,2021768,6,2021774
17041,2021775,41,2021816
17042,2021916,30,2021946
17043,2022234,37,2022271
17044,2022406,5,2022411
17045,2022552,5,2022557
17046,2022601,12,2022613
17047,2022630,19,2022649
17048,2022767,3,2022770
17049,2023071,6,2023077
17050,2023138,4,2023142
17051,2023177,2,2023179
17052,2023265,13,2023278
17053,2023301,33,2023334
17054,2023369,14,2023383
17055,2023432,12,2023444
17056,2023475,6,2023481
17057,2023522,16,2023538
17058,2023581,8,2023589
17059,2023597,31,2023628
17060,2023706,1,2023707
17061,2023714,13,2023727
17062,2023866,8,2023874
17063,2023937,33,2023970
17064,2024044,7,2024051
17065,2024110,7,2024117
17066,2024126,17,2024143
17067,2024682,20,2024702
17068,2024713,32,2024745
17069,2024756,8,2024764
17070,2024981,10,2024991
17071,2024994,48,2025042
17072,2025070,10,2025080
17073,2025230,37,2025267
17074,2025294,34,2025328
17075,2025527,40,2025567
17076,2025702,16,2025718
17077,2025789,5,2025794
17078,2025810,7,2025817
17079,2025941,4,2025945
17080,2026061,6,2026067
17081,2026179,45,2026224
17082,2026240,14,2026254
17083,2026494,12,2026506
17084,2026601,9,2026610
17085,2026614,82,2026696
17086,2026900,9,2026909
17087,2026951,25,2026976
17088,2027007,5,2027012
17089,2027105,60,2027165
17090,2027191,24,2027215
17091,2027262,6,2027268
17092,2027382,6,2027388
17093,2027391,4,2027395
17094,2027492,6,2027498
17095,2027716,37,2027753
17096,2027965,1,2027966
17097,2028117,9,2028126
17098,2028207,41,2028248
17099,2028324,2,2028326
17100,2028335,3,2028338
17101,2028478,9,2028487
17102,2028496,3,2028499
17103,2028547,31,2028578
17104,2028679,7,2028686
17105,2028806,2,2028808
17106,2028818,10,2028828
17107,2029049,16,2029065
17108,2029153,30,2029183
17109,2029350,5,2029355
17110,2029434,9,2029443
17111,2029822,16,2029838
17112,2029841,81,2029922
17113,2030075,30,2030105
17114,2030431,4,2030435
17115,2030479,15,2030494
17116,2030619,24,2030643
17117,2030702,57,2030759
17118,2030783,11,2030794
17119,2030883,3,2030886
17120,2031225,37,2031262
17121,2031268,9,2031277
17122,2031293,30,2031323
17123,2031324,9,2031333
17124,2031416,18,2031434
17125,2031531,18,2031549
17126,2031578,26,2031604
17127,2031627,3,2031630
17128,2031659,9,2031668
17129,2031979,11,2031990
17130,2032065,12,2032077
17131,2032342,2,2032344
17132,2032433,25,2032458
17133,2032502,8,2032510
17134,2032520,23,2032543
17135,2032583,8,2032591
17136,2032603,17,2032620
17137,2033072,49,2033121
17138,2033129,31,2033160
17139,2033538,26,2033564
17140,2033868,28,2033896
17141,2033962,41,2034003
17142,2034050,5,2034055
17143,2034318,17,2034335
17144,2034464,21,2034485
17145,2034504,15,2034519
17146,2034585,17,2034602
17147,2034629,20,2034649
17148,2034702,2,2034704
17149,2034763,22,2034785
17150,2034876,17,2034893
17151,2034991,28,2035019
17152,2035028,49,2035077
17153,2035126,14,2035140
17154,2035158,23,2035181
17155,2035201,7,2035208
17156,2035330,17,2035347
17157,2035379,12,2035391
17158,2035472,7,2035479
17159,2035586,15,2035601
17160,2036008,15,2036023
17161,2036027,23,2036050
17162,2036250,18,2036268
17163,2036353,7,2036360
17164,2036591,11,2036602
17165,2036620,7,2036627
17166,2036668,26,2036694
17167,2036721,11,2036732
17168,2037115,19,2037134
17169,2037297,13,2037310
17170,2037311,27,2037338
17171,2037360,12,2037372
17172,2037443,4,2037447
17173,2037538,3,2037541
17174,2037555,1,2037556
17175,2037674,8,2037682
17176,2037715,1,2037716
17177,2037813,20,2037833
17178,2037847,11,2037858
17179,2037946,66,2038012
17180,2038013,3,2038016
17181,2038112,63,2038175
17182,2038205,13,2038218
17183,2038272,6,2038278
17184,2038398,29,2038427
17185,2038508,8,2038516
17186,2038641,90,2038731
17187,2038739,14,2038753
17188,2038832,38,2038870
17189,2038909,39,2038948
17190,2038955,5,2038960
17191,2038968,8,2038976
17192,2039065,12,2039077
17193,2039102,11,2039113
17194,2039480,22,2039502
17195,2039624,24,2039648
17196,2039704,15,2039719
17197,2039925,3,2039928
17198,2039934,34,2039968
17199,2040322,13,2040335
17200,2040412,16,2040428
17201,2040599,10,2040609
17202,2040756,23,2040779
17203,2040826,19,2040845
17204,2040944,6,2040950
17205,2040992,15,2041007
17206,2041191,41,2041232
17207,2041354,11,2041365
17208,2041466,5,2041471
17209,2041495,39,2041534
17210,2041586,8,2041594
17211,2041653,45,2041698
17212,2042295,2,2042297
17213,2042377,11,2042388
17214,2042407,9,2042416
17215,2042616,23,2042639
17216,2042790,69,2042859
17217,2043024,40,2043064
17218,2043091,9,2043100
17219,2043190,8,2043198
17220,2043291,5,2043296
17221,2043343,34,2043377
17222,2043449,37,2043486
17223,2043546,9,2043555
17224,2043656,8,2043664
17225,2043936,17,2043953
17226,2043981,48,2044029
17227,2044417,42,2044459
17228,2044511,26,2044537
17229,2044549,23,2044572
17230,2044644,27,2044671
17231,2044718,36,2044754
17232,2044852,40,2044892
17233,2044953,1,2044954
17234,2045019,29,2045048
17235,2045070,10,2045080
17236,2045089,70,2045159
17237,2045231,19,2045250
17238,2045295,3,2045298
17239,2045334,31,2045365
17240,2045472,2,2045474
17241,2045700,8,2045708
17242,2045775,19,2045794
17243,2045879,15,2045894
17244,2045986,27,2046013
17245,2046029,8,2046037
17246,2046107,11,2046118
17247,2046138,35,2046173
17248,2046188,53,2046241
17249,2046305,22,2046327
17250,2046332,30,2046362
17251,2046364,6,2046370
17252,2046448,9,2046457
17253,2046459,13,2046472
17254,2046568,26,2046594
17255,2046669,36,2046705
17256,2046807,16,2046823
17257,2046834,8,2046842
17258,2046882,59,2046941
17259,2046983,42,2047025
17260,2047028,10,2047038
17261,2047077,37,2047114
17262,2047192,10,2047202
17263,2047396,20,2047416
17264,2047609,8,2047617
17265,2047786,2,2047788
17266,2047825,50,2047875
17267,2048518,42,2048560
17268,2048779,4,2048783
17269,2048980,7,2048987
17270,2049070,6,2049076
17271,2049234,42,2049276
17272,2049397,3,2049400
17273,2049407,3,2049410
17274,2049496,32,2049528
17275,2049580,21,2049601
17276,2049603,12,2049615
17277,2049656,12,2049668
17278,2049784,3,2049787
17279,2049946,2,2049948
17280,2049982,17,2049999
17281,2050436,12,2050448
17282,2050452,14,2050466
17283,2050480,5,2050485
17284,2050643,6,2050649
17285,2050714,4,2050718
17286,2050817,4,2050821
17287,2050862,16,2050878
17288,2050987,13,2051000
17289,2051146,17,2051163
17290,2051416,2,2051418
17291,2051439,9,2051448
17292,2051490,28,2051518
17293,2051588,115,2051703
17294,2051711,5,2051716
17295,2051745,17,2051762
17296,2051849,44,2051893
17297,2051907,1,2051908
17298,2052261,8,2052269
17299,2052292,11,2052303
17300,2052400,3,2052403
17301,2052492,15,2052507
17302,2052546,27,2052573
17303,2052577,23,2052600
17304,2052690,57,2052747
17305,2052755,8,2052763
17306,2052958,3,2052961
17307,2052975,104,2053079
17308,2053111,15,2053126
17309,2053214,30,2053244
17310,2053280,10,2053290
17311,2053587,6,2053593
17312,2054024,9,2054033
17313,2054048,30,2054078
17314,2054138,56,2054194
17315,2054448,57,2054505
17316,2055342,24,2055366
17317,2055420,30,2055450
17318,2055506,10,2055516
17319,2055723,9,2055732
17320,2055874,1,2055875
17321,2056212,12,2056224
17322,2056339,3,2056342
17323,2056515,13,2056528
17324,2056662,11,2056673
17325,2056676,3,2056679
17326,2056702,14,2056716
17327,2056916,83,2056999
17328,2057010,118,2057128
17329,2057187,42,2057229
17330,2057342,10,2057352
17331,2057363,5,2057368
17332,2057739,35,2057774
17333,2058049,12,2058061
17334,2058071,1,2058072
17335,2058117,47,2058164
17336,2058183,28,2058211
17337,2058241,71,2058312
17338,2058379,1,2058380
17339,2058389,31,2058420
17340,2058446,23,2058469
17341,2058492,4,2058496
17342,2058662,9,2058671
17343,2058678,10,2058688
17344,2058733,25,2058758
17345,2058832,39,2058871
17346,2059121,6,2059127
17347,2059333,11,2059344
17348,2059514,42,2059556
17349,2059686,19,2059705
17350,2059909,36,2059945
17351,2060017,13,2060030
17352,2060046,28,2060074
17353,2060334,25,2060359
17354,2060387,12,2060399
17355,2060404,15,2060419
17356,2060436,24,2060460
17357,2060767,22,2060789
17358,2060849,27,2060876
17359,2060926,9,2060935
17360,2060996,6,2061002
17361,2061112,25,2061137
17362,2061175,16,2061191
17363,2061305,37,2061342
17364,2061529,60,2061589
17365,2061595,1,2061596
17366,2061755,2,2061757
17367,2061947,18,2061965
17368,2061990,46,2062036
17369,2062255,12,2062267
17370,2062350,7,2062357
17371,2062411,25,2062436
17372,2062534,29,2062563
17373,2062796,1,2062797
17374,2062874,14,2062888
17375,2062936,16,2062952
17376,2063114,2,2063116
17377,2063142,42,2063184
17378,2063252,8,2063260
17379,2063392,18,2063410
17380,2063428,7,2063435
17381,2063701,12,2063713
17382,2063792,39,2063831
17383,2063889,25,2063914
17384,2064027,2,2064029
17385,2064075,7,2064082
17386,2064126,4,2064130
17387,2064132,7,2064139
17388,2064191,11,2064202
17389,2064294,28,2064322
17390,2064363,39,2064402
17391,2064415,12,2064427
17392,2064517,29,2064546
17393,2064822,14,2064836
17394,2065289,34,2065323
17395,2065934,19,2065953
17396,2065980,46,2066026
17397,2066165,3,2066168
17398,2066616,25,2066641
17399,2066657,3,2066660
17400,2067007,45,2067052
17401,2067077,2,2067079
17402,2067420,12,2067432
17403,2067498,85,2067583
17404,2067595,34,2067629
17405,2067655,4,2067659
17406,2067682,13,2067695
17407,2067704,4,2067708
17408,2068021,5,2068026
17409,2068195,63,2068258
17410,2068322,3,2068325
17411,2068356,11,2068367
17412,2068370,35,2068405
17413,2068499,49,2068548
17414,2068550,10,2068560
17415,2068622,18,2068640
17416,2068672,51,2068723
17417,2068848,1,2068849
17418,2068859,29,2068888
17419,2068991,7,2068998
17420,2069167,2,2069169
17421,2069309,2,2069311
17422,2069726,12,2069738
17423,2069750,5,2069755
17424,2069811,47,2069858
17425,2069982,2,2069984
17426,2070036,22,2070058
17427,2070105,20,2070125
17428,2070323,23,2070346
17429,2070559,3,2070562
17430,2070624,3,2070627
17431,2071129,44,2071173
17432,2071373,14,2071387
17433,2071484,18,2071502
17434,2071590,19,2071609
17435,2071612,79,2071691
17436,2071899,14,2071913
17437,2071985,6,2071991
17438,2072140,8,2072148
17439,2072204,40,2072244
17440,2072258,24,2072282
17441,2072330,51,2072381
17442,2072470,3,2072473
17443,2072584,16,2072600
17444,2072782,7,2072789
17445,2072903,2,2072905
17446,2073001,19,2073020
17447,2073054,15,2073069
17448,2073094,10,2073104
17449,2073135,6,2073141
17450,2073154,6,2073160
17451,2073316,26,2073342
17452,2073390,6,2073396
17453,2073617,12,2073629
17454,2073657,36,2073693
17455,2073737,7,2073744
17456,2073753,34,2073787
17457,2073886,22,2073908
17458,2073950,10,2073960
17459,2073964,29,2073993
17460,2074064,4,2074068
17461,2074170,2,2074172
17462,2074209,4,2074213
17463,2074225,3,2074228
17464,2074268,6,2074274
17465,2074278,8,2074286
17466,2074298,17,2074315
17467,2074425,9,2074434
17468,2074453,3,2074456
17469,2074574,37,2074611
17470,2074656,35,2074691
17471,2075269,72,2075341
17472,2075386,11,2075397
17473,2075400,3,2075403
17474,2075421,35,2075456
17475,2075474,5,2075479
17476,2075522,8,2075530
17477,2075604,20,2075624
17478,2075689,130,2075819
17479,2075882,37,2075919
17480,2075955,8,2075963
17481,2076094,26,2076120
17482,2076140,17,2076157
17483,2076269,72,2076341
17484,2076377,98,2076475
17485,2076492,3,2076495
17486,2076591,3,2076594
17487,2076595,12,2076607
17488,2076673,12,2076685
17489,2076702,2,2076704
17490,2076821,23,2076844
17491,2076891,23,2076914
17492,2076920,37,2076957
17493,2077310,20,2077330
17494,2077498,25,2077523
17495,2077615,2,2077617
17496,2077865,22,2077887
17497,2077940,11,2077951
17498,2077976,16,2077992
17499,2078165,30,2078195
17500,2078463,4,2078467
17501,2078474,30,2078504
17502,2078614,3,2078617
17503,2078658,3,2078661
17504,2078687,16,2078703
17505,2078831,9,2078840
17506,2078895,8,2078903
17507,2078949,16,2078965
17508,2078980,9,2078989
17509,2079038,5,2079043
17510,2079101,21,2079122
17511,2079393,18,2079411
17512,2079444,19,2079463
17513,2079524,48,2079572
17514,2079635,7,2079642
17515,2079664,15,2079679
17516,2079819,9,2079828
17517,2079877,19,2079896
17518,2080026,26,2080052
17519,2080074,4,2080078
17520,2080139,19,2080158
17521,2080183,9,2080192
17522,2080391,2,2080393
17523,2080416,21,2080437
17524,2080493,4,2080497
17525,2080538,6,2080544
17526,2080595,8,2080603
17527,2080677,8,2080685
17528,2080701,40,2080741
17529,2080833,15,2080848
17530,2080987,24,2081011
17531,2081072,19,2081091
17532,2081157,16,2081173
17533,2081174,50,2081224
17534,2081464,13,2081477
17535,2081512,31,2081543
17536,2081617,14,2081631
17537,2081632,4,2081636
17538,2081663,89,2081752
17539,2081943,32,2081975
17540,2082056,28,2082084
17541,2082416,25,2082441
17542,2082468,21,2082489
17543,2082511,33,2082544
17544,2082686,1,2082687
17545,2083082,1,2083083
17546,2083173,17,2083190
17547,2083402,11,2083413
17548,2083430,6,2083436
17549,2083458,7,2083465
17550,2083498,34,2083532
17551,2083659,45,2083704
17552,2083724,118,2083842
17553,2083862,10,2083872
17554,2083963,17,2083980
17555,2084062,37,2084099
17556,2084240,5,2084245
17557,2084290,37,2084327
17558,2084359,3,2084362
17559,2084570,16,2084586
17560,2084594,10,2084604
17561,2084660,29,2084689
17562,2084710,5,2084715
17563,2084738,12,2084750
17564,2084778,41,2084819
17565,2084907,13,2084920
17566,2084936,15,2084951
17567,2084959,6,2084965
17568,2085023,39,2085062
17569,2085169,39,2085208
17570,2085319,34,2085353
17571,2085474,4,2085478
17572,2085577,79,2085656
17573,2085731,21,2085752
17574,2085771,1,2085772
17575,2085837,62,2085899
17576,2085967,3,2085970
17577,2086164,2,2086166
17578,2086499,18,2086517
17579,2086701,4,2086705
17580,2086734,2,2086736
17581,2086771,11,2086782
17582,2086954,2,2086956
17583,2087014,1,2087015
17584,2087020,100,2087120
17585,2087196,23,2087219
17586,2087360,18,2087378
17587,2087843,7,2087850
17588,2088024,15,2088039
17589,2088074,30,2088104
17590,2088132,1,2088133
17591,2088188,41,2088229
17592,2088358,56,2088414
17593,2088431,3,2088434
17594,2088491,10,2088501
17595,2088670,14,2088684
17596,2088729,10,2088739
17597,2088827,7,2088834
17598,2088991,28,2089019
17599,2089025,44,2089069
17600,2089175,56,2089231
17601,2089244,1,2089245
17602,2089327,9,2089336
17603,2089525,1,2089526
17604,2089701,8,2089709
17605,2089844,15,2089859
17606,2089955,11,2089966
17607,2089997,38,2090035
17608,2090243,13,2090256
17609,2090423,21,2090444
17610,2090619,12,2090631
17611,2090676,5,2090681
17612,2090788,25,2090813
17613,2090883,34,2090917
17614,2090976,2,2090978
17615,2091008,43,2091051
17616,2091079,1,2091080
17617,2091196,10,2091206
17618,2091240,116,2091356
17619,2091421,5,2091426
17620,2091774,3,2091777
17621,2091888,4,2091892
17622,2091894,6,2091900
17623,2092119,3,2092122
17624,2092202,13,2092215
17625,2092223,25,2092248
17626,2092310,26,2092336
17627,2092368,32,2092400
17628,2092450,10,2092460
17629,2092523,3,2092526
17630,2092570,9,2092579
17631,2092581,12,2092593
17632,2092615,6,2092621
17633,2092627,7,2092634
17634,2092641,18,2092659
17635,2092744,1,2092745
17636,2092767,3,2092770
17637,2092779,10,2092789
17638,2092868,25,2092893
17639,2093034,8,2093042
17640,2093157,24,2093181
17641,2093187,8,2093195
17642,2093454,40,2093494
17643,2093531,5,2093536
17644,2093603,22,2093625
17645,2093771,3,2093774
17646,2093813,20,2093833
17647,2094051,7,2094058
17648,2094097,9,2094106
17649,2094160,17,2094177
17650,2094190,9,2094199
17651,2094303,12,2094315
17652,2094358,5,2094363
17653,2094644,2,2094646
17654,2094675,9,2094684
17655,2094803,14,2094817
17656,2094871,52,2094923
17657,2094952,2,2094954
17658,2094966,32,2094998
17659,2095039,48,2095087
17660,2095196,40,2095236
17661,2095310,2,2095312
17662,2095318,7,2095325
17663,2095444,3,2095447
17664,2095448,28,2095476
17665,2095503,14,2095517
17666,2095653,19,2095672
17667,2095866,5,2095871
17668,2096095,51,2096146
17669,2096271,20,2096291
17670,2096294,39,2096333
17671,2096534,4,2096538
17672,2096552,14,2096566
17673,2096720,9,2096729
17674,2096769,28,2096797
17675,2096909,7,2096916
17676,2096952,2,2096954
17677,2096970,1,2096971
17678,2097001,4,2097005
17679,2097007,13,2097020
17680,2097164,32,2097196
17681,2097425,35,2097460
17682,2097547,47,2097594
17683,2097663,4,2097667
17684,2097726,19,2097745
17685,2097763,25,2097788
17686,2097817,13,2097830
17687,2097893,2,2097895
17688,2097996,26,2098022
17689,2098079,27,2098106
17690,2098223,13,2098236
17691,2098365,17,2098382
17692,2098472,9,2098481
17693,2098513,24,2098537
17694,2098589,3,2098592
17695,2098646,31,2098677
17696,2098816,36,2098852
17697,2098869,28,2098897
17698,2098911,5,2098916
17699,2098937,28,2098965
17700,2099085,13,2099098
17701,2099355,10,2099365
17702,2099386,3,2099389
17703,2099467,15,2099482
17704,2099529,2,2099531
17705,2099602,3,2099605
17706,2099668,16,2099684
17707,2099849,59,2099908
17708,2099988,2,2099990
17709,2099998,4,2100002
17710,2100046,63,2100109
17711,2100143,59,2100202
17712,2100298,90,2100388
17713,2100421,20,2100441
17714,2100453,13,2100466
17715,2100966,51,2101017
17716,2101061,11,2101072
17717,2101086,88,2101174
17718,2101787,20,2101807
17719,2101927,9,2101936
17720,2101995,54,2102049
17721,2102189,2,2102191
17722,2102265,44,2102309
17723,2102399,2,2102401
17724,2102411,36,2102447
17725,2102736,10,2102746
17726,2102834,16,2102850
17727,2102878,1,2102879
17728,2102963,24,2102987
17729,2103092,25,2103117
17730,2103140,14,2103154
17731,2103246,16,2103262
17732,2103333,55,2103388
17733,2103418,8,2103426
17734,2103655,12,2103667
17735,2103697,37,2103734
17736,2103835,8,2103843
17737,2103901,6,2103907
17738,2103968,63,2104031
17739,2104360,11,2104371
17740,2104598,29,2104627
17741,2104753,24,2104777
17742,2104809,19,2104828
17743,2105041,11,2105052
17744,2105117,22,2105139
17745,2105151,9,2105160
17746,2105364,50,2105414
17747,2105461,25,2105486
17748,2105527,17,2105544
17749,2105703,9,2105712
17750,2105770,42,2105812
17751,2105921,32,2105953
17752,2106164,10,2106174
17753,2106193,16,2106209
17754,2106210,12,2106222
17755,2106646,13,2106659
17756,2106706,3,2106709
17757,2106754,39,2106793
17758,2106812,2,2106814
17759,2106993,9,2107002
17760,2107163,6,2107169
17761,2107221,20,2107241
17762,2107314,2,2107316
17763,2107318,12,2107330
17764,2107407,6,2107413
17765,2107435,13,2107448
17766,2107628,4,2107632
17767,2107645,5,2107650
17768,2107868,5,2107873
17769,2107977,1,2107978
17770,2108304,8,2108312
17771,2108422,50,2108472
17772,2108551,2,2108553
17773,2108637,1,2108638
17774,2108640,21,2108661
17775,2108671,27,2108698
17776,2108918,3,2108921
17777,2109137,14,2109151
17778,2109162,14,2109176
17779,2109238,6,2109244
17780,2109255,48,2109303
17781,2109463,3,2109466
17782,2109534,5,2109539
17783,2109606,50,2109656
17784,2109674,2,2109676
17785,2109772,3,2109775
17786,2109786,31,2109817
17787,2109875,5,2109880
17788,2110188,2,2110190
17789,2110358,13,2110371
17790,2110434,1,2110435
17791,2110449,30,2110479
17792,2110746,18,2110764
17793,2110771,8,2110779
17794,2110789,8,2110797
17795,2110898,7,2110905
17796,2110948,21,2110969
17797,2111073,28,2111101
17798,2111232,3,2111235
17799,2111245,1,2111246
17800,2111351,4,2111355
17801,2111483,11,2111494
17802,2111601,12,2111613
17803,2111649,7,2111656
17804,2111780,60,2111840
17805,2112111,64,2112175
17806,2112231,10,2112241
17807,2112380,73,2112453
17808,2112710,36,2112746
17809,2112998,7,2113005
17810,2113177,6,2113183
17811,2113247,30,2113277
17812,2113440,1,2113441
17813,2113759,13,2113772
17814,2113807,6,2113813
17815,2114038,52,2114090
17816,2114096,19,2114115
17817,2114251,1,2114252
17818,2114454,18,2114472
17819,2114560,25,2114585
17820,2114666,12,2114678
17821,2114700,33,2114733
17822,2114760,13,2114773
17823,2114780,31,2114811
17824,2114849,40,2114889
17825,2115150,3,2115153
17826,2115164,13,2115177
17827,2115262,7,2115269
17828,2115297,6,2115303
17829,2115345,6,2115351
17830,2115439,4,2115443
17831,2115450,28,2115478
17832,2115507,14,2115521
17833,2115579,51,2115630
17834,2115663,59,2115722
17835,2115797,31,2115828
17836,2115938,16,2115954
17837,2115991,11,2116002
17838,2116049,42,2116091
17839,2116101,8,2116109
17840,2116365,2,2116367
17841,2116500,13,2116513
17842,2116924,1,2116925
17843,2117010,12,2117022
17844,2117037,1,2117038
17845,2117194,15,2117209
17846,2117326,14,2117340
17847,2117364,8,2117372
17848,2117378,7,2117385
17849,2117516,2,2117518
17850,2117576,17,2117593
17851,2117644,3,2117647
17852,2118216,2,2118218
17853,2118279,11,2118290
17854,2118355,1,2118356
17855,2118423,8,2118431
17856,2118516,4,2118520
17857,2118609,14,2118623
17858,2118709,51,2118760
17859,2118797,8,2118805
17860,2118869,17,2118886
17861,2118917,46,2118963
17862,2119025,7,2119032
17863,2119210,5,2119215
17864,2119271,6,2119277
17865,2119417,6,2119423
17866,2119460,9,2119469
17867,2119528,13,2119541
17868,2119605,11,2119616
17869,2119633,5,2119638
17870,2119668,59,2119727
17871,2119780,9,2119789
17872,2119927,13,2119940
17873,2119974,10,2119984
17874,2120295,8,2120303
17875,2120428,9,2120437
17876,2120725,62,2120787
17877,2120836,7,2120843
17878,2120943,8,2120951
17879,2120972,31,2121003
17880,2121140,66,2121206
17881,2121281,29,2121310
17882,2121425,40,2121465
17883,2121471,10,2121481
17884,2121485,1,2121486
17885,2121642,15,2121657
17886,2121812,11,2121823
17887,2121911,5,2121916
17888,2121925,31,2121956
17889,2122059,1,2122060
17890,2122081,6,2122087
17891,2122200,10,2122210
17892,2122356,25,2122381
17893,2122384,5,2122389
17894,2122434,18,2122452
17895,2122476,2,2122478
17896,2122673,2,2122675
17897,2122685,17,2122702
17898,2122739,15,2122754
17899,2123101,13,2123114
17900,2123132,37,2123169
17901,2123172,40,2123212
17902,2123469,3,2123472
17903,2123523,27,2123550
17904,2123658,15,2123673
17905,2123894,16,2123910
17906,2123958,9,2123967
17907,2124117,25,2124142
17908,2124348,9,2124357
17909,2124438,2,2124440
17910,2124527,14,2124541
17911,2124880,10,2124890
17912,2125083,12,2125095
17913,2125129,4,2125133
17914,2125310,3,2125313
17915,2125319,15,2125334
17916,2125358,1,2125359
17917,2125458,38,2125496
17918,2125546,15,2125561
17919,2125838,14,2125852
17920,2126085,4,2126089
17921,2126459,7,2126466
17922,2126481,8,2126489
17923,2126525,5,2126530
17924,2126641,8,2126649
17925,2126688,9,2126697
17926,2126775,52,2126827
17927,2126958,17,2126975
17928,2127003,10,2127013
17929,2127199,12,2127211
17930,2127237,64,2127301
17931,2127628,9,2127637
17932,2127780,55,2127835
17933,2127910,21,2127931
17934,2128064,30,2128094
17935,2128169,5,2128174
17936,2128277,40,2128317
17937,2128328,17,2128345
17938,2128811,30,2128841
17939,2128856,69,2128925
17940,2129043,4,2129047
17941,2129051,1,2129052
17942,2129295,7,2129302
17943,2129334,35,2129369
17944,2129541,1,2129542
17945,2129644,6,2129650
17946,2130171,1,2130172
17947,2130196,13,2130209
17948,2130387,4,2130391
17949,2130423,27,2130450
17950,2130483,9,2130492
17951,2130509,33,2130542
17952,2130623,18,2130641
17953,2130671,9,2130680
17954,2130806,9,2130815
17955,2131032,16,2131048
17956,2131328,16,2131344
17957,2131384,11,2131395
17958,2131403,4,2131407
17959,2131518,2,2131520
17960,2131639,19,2131658
17961,2131805,10,2131815
17962,2131845,9,2131854
17963,2131995,1,2131996
17964,2132014,28,2132042
17965,2132098,19,2132117
17966,2132154,13,2132167
17967,2132503,38,2132541
17968,2132782,5,2132787
17969,2132810,44,2132854
17970,2133111,3,2133114
17971,2133159,4,2133163
17972,2133211,7,2133218
17973,2133289,8,2133297
17974,2133335,2,2133337
17975,2133372,29,2133401
17976,2133423,2,2133425
17977,2133915,24,2133939
17978,2134044,7,2134051
17979,2134125,4,2134129
17980,2134168,17,2134185
17981,2134243,47,2134290
17982,2134291,17,2134308
17983,2134342,5,2134347
17984,2134534,6,2134540
17985,2134572,7,2134579
17986,2134625,20,2134645
17987,2134651,27,2134678
17988,2134739,4,2134743
17989,2134746,4,2134750
17990,2135022,25,2135047
17991,2135058,61,2135119
17992,2135151,63,2135214
17993,2135398,5,2135403
17994,2135470,22,2135492
17995,2135582,10,2135592
17996,2135601,19,2135620
17997,2135639,13,2135652
17998,2135653,5,2135658
17999,2135860,4,2135864
18000,2135997,32,2136029
18001,2136093,15,2136108
18002,2136243,1,2136244
18003,2136617,8,2136625
18004,2136713,9,2136722
18005,2136926,15,2136941
18006,2137037,5,2137042
18007,2137097,51,2137148
18008,2137214,28,2137242
18009,2137277,22,2137299
18010,2137500,1,2137501
18011,2137547,11,2137558
18012,2137805,35,2137840
18013,2138289,30,2138319
18014,2138380,44,2138424
18015,2138700,12,2138712
18016,2139001,15,2139016
18017,2139106,21,2139127
18018,2139280,11,2139291
18019,2139607,42,2139649
18020,2139680,17,2139697
18021,2139886,1,2139887
18022,2139984,22,2140006
18023,2140010,26,2140036
18024,2140181,60,2140241
18025,2140377,3,2140380
18026,2140387,6,2140393
18027,2140492,58,2140550
18028,2140673,29,2140702
18029,2140791,2,2140793
18030,2140865,3,2140868
18031,2141055,30,2141085
18032,2141095,5,2141100
18033,2141216,34,2141250
18034,2141378,46,2141424
18035,2141474,20,2141494
18036,2141532,29,2141561
18037,2141651,20,2141671
18038,2142087,23,2142110
18039,2142164,6,2142170
18040,2142248,29,2142277
18041,2142329,12,2142341
18042,2142482,16,2142498
18043,2142546,2,2142548
18044,2142599,4,2142603
18045,2142662,7,2142669
18046,2142703,12,2142715
18047,2142718,21,2142739
18048,2142831,10,2142841
18049,2142859,25,2142884
18050,2142925,8,2142933
18051,2143077,4,2143081
18052,2143345,25,2143370
18053,2143456,29,2143485
18054,2143525,25,2143550
18055,2143575,11,2143586
18056,2143973,3,2143976
18057,2144159,78,2144237
18058,2144293,19,2144312
18059,2144456,2,2144458
18060,2144599,6,2144605
18061,2144839,9,2144848
18062,2144900,35,2144935
18063,2145306,7,2145313
18064,2145631,24,2145655
18065,2145710,23,2145733
18066,2146065,42,2146107
18067,2146123,10,2146133
18068,2146471,2,2146473
18069,2146841,22,2146863
18070,2146919,28,2146947
18071,2147053,63,2147116
18072,2147133,4,2147137
18073,2147191,58,2147249
18074,2147415,34,2147449
18075,2147537,3,2147540
18076,2147669,20,2147689
18077,2147776,7,2147783
18078,2147900,14,2147914
18079,2148030,5,2148035
18080,2148070,13,2148083
18081,2148222,25,2148247
18082,2148359,25,2148384
18083,2148493,15,2148508
18084,2148626,28,2148654
18085,2148736,48,2148784
18086,2148907,15,2148922
18087,2149000,8,2149008
18088,2149081,6,2149087
18089,2149166,6,2149172
18090,2149270,28,2149298
18091,2149299,55,2149354
18092,2149392,4,2149396
18093,2149429,23,2149452
18094,2149487,33,2149520
18095,2149533,16,2149549
18096,2149662,42,2149704
18097,2149721,16,2149737
18098,2149762,25,2149787
18099,2149848,12,2149860
18100,2150004,8,2150012
18101,2150175,14,2150189
18102,2150228,13,2150241
18103,2150272,64,2150336
18104,2150372,28,2150400
18105,2150422,25,2150447
18106,2150467,5,2150472
18107,2150678,69,2150747
18108,2150800,1,2150801
18109,2150822,5,2150827
18110,2151084,4,2151088
18111,2151156,10,2151166
18112,2151231,29,2151260
18113,2151269,12,2151281
18114,2151392,22,2151414
18115,2151519,2,2151521
18116,2151654,25,2151679
18117,2151690,12,2151702
18118,2151853,6,2151859
18119,2151924,17,2151941
18120,2151980,46,2152026
18121,2152048,42,2152090
18122,2152274,2,2152276
18123,2152367,67,2152434
18124,2152467,10,2152477
18125,2152592,36,2152628
18126,2152850,17,2152867
18127,2153078,36,2153114
18128,2153187,14,2153201
18129,2153210,2,2153212
18130,2153319,14,2153333
18131,2153555,11,2153566
18132,2153648,10,2153658
18133,2153802,34,2153836
18134,2153843,14,2153857
18135,2153981,9,2153990
18136,2154017,39,2154056
18137,2154079,35,2154114
18138,2154182,7,2154189
18139,2154235,4,2154239
18140,2154305,7,2154312
18141,2154372,18,2154390
18142,2154486,6,2154492
18143,2154494,7,2154501
18144,2154717,30,2154747
18145,2154939,23,2154962
18146,2155016,5,2155021
18147,2155152,27,2155179
18148,2155284,15,2155299
18149,2155308,19,2155327
18150,2155442,48,2155490
18151,2155577,13,2155590
18152,2155600,20,2155620
18153,2155643,27,2155670
18154,2155781,55,2155836
18155,2155881,143,2156024
18156,2156032,12,2156044
18157,2156311,2,2156313
18158,2156332,8,2156340
18159,2156625,50,2156675
18160,2156702,11,2156713
18161,2156792,73,2156865
18162,2156880,29,2156909
18163,2157316,1,2157317
18164,2157412,82,2157494
18165,2157578,14,2157592
18166,2157643,31,2157674
18167,2157678,24,2157702
18168,2157760,17,2157777
18169,2157855,1,2157856
18170,2157992,21,2158013
18171,2158093,2,2158095
18172,2158195,3,2158198
18173,2158221,22,2158243
18174,2158340,16,2158356
18175,2158467,28,2158495
18176,2158619,77,2158696
18177,2158699,11,2158710
18178,2159121,8,2159129
18179,2159297,41,2159338
18180,2159359,2,2159361
18181,2159424,3,2159427
18182,2159429,37,2159466
18183,2159595,10,2159605
18184,2159676,20,2159696
18185,2159983,17,2160000
18186,2160041,21,2160062
18187,2160138,115,2160253
18188,2160559,1,2160560
18189,2160576,13,2160589
18190,2160615,9,2160624
18191,2160702,2,2160704
18192,2160751,14,2160765
18193,2160841,17,2160858
18194,2160906,2,2160908
18195,2161219,30,2161249
18196,2161282,4,2161286
18197,2161299,55,2161354
18198,2161510,15,2161525
18199,2161633,19,2161652
18200,2161709,13,2161722
18201,2161879,11,2161890
18202,2161963,15,2161978
18203,2162210,13,2162223
18204,2162340,12,2162352
18205,2162428,1,2162429
18206,2162565,29,2162594
18207,2162667,19,2162686
18208,2162688,7,2162695
18209,2162791,73,2162864
18210,2162975,26,2163001
18211,2163182,28,2163210
18212,2163435,38,2163473
18213,2163580,12,2163592
18214,2163606,4,2163610
18215,2163632,69,2163701
18216,2163922,4,2163926
18217,2163949,5,2163954
18218,2163993,50,2164043
18219,2164055,31,2164086
18220,2164100,7,2164107
18221,2164151,7,2164158
18222,2164213,2,2164215
18223,2164443,8,2164451
18224,2164611,36,2164647
18225,2164689,13,2164702
18226,2164809,96,2164905
18227,2164911,25,2164936
18228,2165309,30,2165339
18229,2165401,8,2165409
18230,2165505,56,2165561
18231,2165600,65,2165665
18232,2165970,10,2165980
18233,2166051,10,2166061
18234,2166109,23,2166132
18235,2166201,8,2166209
18236,2166258,14,2166272
18237,2166338,36,2166374
18238,2166386,10,2166396
18239,2166455,4,2166459
18240,2166560,8,2166568
18241,2166591,25,2166616
18242,2166683,7,2166690
18243,2166980,40,2167020
18244,2167124,24,2167148
18245,2167294,11,2167305
18246,2167441,15,2167456
18247,2167470,20,2167490
18248,2167599,13,2167612
18249,2167637,6,2167643
18250,2167751,17,2167768
18251,2167810,27,2167837
18252,2167878,9,2167887
18253,2167947,16,2167963
18254,2167982,43,2168025
18255,2168374,44,2168418
18256,2168450,34,2168484
18257,2168503,6,2168509
18258,2168532,7,2168539
18259,2168558,57,2168615
18260,2168896,1,2168897
18261,2168931,19,2168950
18262,2168979,20,2168999
18263,2169098,1,2169099
18264,2169119,85,2169204
18265,2169367,2,2169369
18266,2169413,16,2169429
18267,2169529,35,2169564
18268,2169663,30,2169693
18269,2169883,12,2169895
18270,2169948,11,2169959
18271,2169981,12,2169993
18272,2170310,2,2170312
18273,2170383,8,2170391
18274,2170446,29,2170475
18275,2170486,11,2170497
18276,2170578,2,2170580
18277,2170610,31,2170641
18278,2170778,4,2170782
18279,2170851,69,2170920
18280,2170963,2,2170965
18281,2170977,6,2170983
18282,2171005,1,2171006
18283,2171120,3,2171123
18284,2171255,11,2171266
18285,2171424,9,2171433
18286,2171486,1,2171487
18287,2171573,50,2171623
18288,2171751,9,2171760
18289,2171846,17,2171863
18290,2171904,2,2171906
18291,2171923,7,2171930
18292,2171932,10,2171942
18293,2172046,2,2172048
18294,2172120,11,2172131
18295,2172323,12,2172335
18296,2172582,4,2172586
18297,2172604,2,2172606
18298,2172896,33,2172929
18299,2173079,9,2173088
18300,2173220,7,2173227
18301,2173680,6,2173686
18302,2173739,60,2173799
18303,2173999,27,2174026
18304,2174227,16,2174243
18305,2174322,47,2174369
18306,2174498,39,2174537
18307,2174666,34,2174700
18308,2174736,16,2174752
18309,2174983,14,2174997
18310,2175214,19,2175233
18311,2175237,1,2175238
18312,2175265,68,2175333
18313,2175380,28,2175408
18314,2175571,27,2175598
18315,2175648,25,2175673
18316,2175695,4,2175699
18317,2175701,11,2175712
18318,2175791,7,2175798
18319,2175978,6,2175984
18320,2176158,11,2176169
18321,2176202,24,2176226
18322,2176409,30,2176439
18323,2176495,28,2176523
18324,2176635,4,2176639
18325,2176964,2,2176966
18326,2177016,7,2177023
18327,2177112,3,2177115
18328,2177167,15,2177182
18329,2177358,2,2177360
18330,2177416,25,2177441
18331,2177591,35,2177626
18332,2177672,2,2177674
18333,2177731,17,2177748
18334,2177790,24,2177814
18335,2177821,15,2177836
18336,2177898,7,2177905
18337,2177993,82,2178075
18338,2178092,3,2178095
18339,2178148,19,2178167
18340,2178257,9,2178266
18341,2178532,28,2178560
18342,2178574,10,2178584
18343,2178654,34,2178688
18344,2178696,19,2178715
18345,2178728,6,2178734
18346,2178914,30,2178944
18347,2179058,76,2179134
18348,2179343,33,2179376
18349,2179542,14,2179556
18350,2179735,18,2179753
18351,2179766,2,2179768
18352,2179775,1,2179776
18353,2179861,8,2179869
18354,2179899,41,2179940
18355,2180025,38,2180063
18356,2180087,22,2180109
18357,2180120,12,2180132
18358,2180157,5,2180162
18359,2180182,42,2180224
18360,2180333,8,2180341
18361,2180342,13,2180355
18362,2180387,19,2180406
18363,2180409,22,2180431
18364,2180445,68,2180513
18365,2180581,52,2180633
18366,2180837,9,2180846
18367,2180927,5,2180932
18368,2180959,30,2180989
18369,2181088,6,2181094
18370,2181246,47,2181293
18371,2181297,9,2181306
18372,2181527,9,2181536
18373,2181566,2,2181568
18374,2181702,1,2181703
18375,2181727,13,2181740
18376,2181893,28,2181921
18377,2181933,26,2181959
18378,2182079,16,2182095
18379,2182143,7,2182150
18380,2182305,4,2182309
18381,2182388,6,2182394
18382,2182453,2,2182455
18383,2182624,55,2182679
18384,2182795,33,2182828
18385,2182885,1,2182886
18386,2182911,14,2182925
18387,2182982,39,2183021
18388,2183194,19,2183213
18389,2183321,19,2183340
18390,2183367,4,2183371
18391,2183457,1,2183458
18392,2183559,6,2183565
18393,2183657,20,2183677
18394,2183679,24,2183703
18395,2183763,1,2183764
18396,2183875,38,2183913
18397,2184181,9,2184190
18398,2184213,7,2184220
18399,2184344,4,2184348
18400,2184490,19,2184509
18401,2184541,28,2184569
18402,2184847,1,2184848
18403,2184981,20,2185001
18404,2185083,3,2185086
18405,2185143,16,2185159
18406,2185172,15,2185187
18407,2185415,4,2185419
18408,2185431,66,2185497
18409,2185685,11,2185696
18410,2186015,21,2186036
18411,2186094,15,2186109
18412,2186118,23,2186141
18413,2186244,12,2186256
18414,2186403,28,2186431
18415,2186602,18,2186620
18416,2187212,31,2187243
18417,2187260,8,2187268
18418,2187286,3,2187289
18419,2187328,18,2187346
18420,2187388,8,2187396
18421,2187398,12,2187410
18422,2187421,3,2187424
18423,2187510,41,2187551
18424,2187636,27,2187663
18425,2187857,13,2187870
18426,2187874,22,2187896
18427,2188017,46,2188063
18428,2188283,29,2188312
18429,2188562,8,2188570
18430,2188716,9,2188725
18431,2188862,31,2188893
18432,2188929,1,2188930
18433,2189005,6,2189011
18434,2189072,3,2189075
18435,2189096,8,2189104
18436,2189113,20,2189133
18437,2189188,12,2189200
18438,2189263,21,2189284
18439,2189378,20,2189398
18440,2189561,1,2189562
18441,2189648,31,2189679
18442,2189832,5,2189837
18443,2189874,19,2189893
18444,2189963,9,2189972
18445,2190128,14,2190142
18446,2190191,4,2190195
18447,2190383,31,2190414
18448,2190459,35,2190494
18449,2190580,36,2190616
18450,2190877,3,2190880
18451,2190893,29,2190922
18452,2190938,6,2190944
18453,2191037,16,2191053
18454,2191216,23,2191239
18455,2191379,57,2191436
18456,2191478,16,2191494
18457,2191509,7,2191516
18458,2191563,2,2191565
18459,2191592,35,2191627
18460,2191681,26,2191707
18461,2191987,19,2192006
18462,2192178,24,2192202
18463,2192452,11,2192463
18464,2192477,3,2192480
18465,2192561,2,2192563
18466,2192603,15,2192618
18467,2192870,41,2192911
18468,2192915,4,2192919
18469,2192952,31,2192983
18470,2193012,4,2193016
18471,2193258,45,2193303
18472,2193345,8,2193353
18473,2193820,51,2193871
18474,2193912,42,2193954
18475,2194149,1,2194150
18476,2194217,6,2194223
18477,2194254,42,2194296
18478,2194419,8,2194427
18479,2194531,13,2194544
18480,2194559,2,2194561
18481,2194649,10,2194659
18482,2194807,21,2194828
18483,2194919,17,2194936
18484,2195034,45,2195079
18485,2195158,4,2195162
18486,2195184,6,2195190
18487,2195302,9,2195311
18488,2195658,58,2195716
18489,2195800,36,2195836
18490,2195902,5,2195907
18491,2196104,2,2196106
18492,2196230,7,2196237
18493,2196412,14,2196426
18494,2196498,4,2196502
18495,2196514,4,2196518
18496,2196720,6,2196726
18497,2196805,36,2196841
18498,2197055,105,2197160
18499,2197217,67,2197284
18500,2197346,4,2197350
18501,2197493,11,2197504
18502,2197630,2,2197632
18503,2197653,24,2197677
18504,2197777,42,2197819
18505,2197832,51,2197883
18506,2197994,5,2197999
18507,2198099,1,2198100
18508,2198225,33,2198258
18509,2198300,6,2198306
18510,2198326,11,2198337
18511,2198384,31,2198415
18512,2198433,21,2198454
18513,2198576,31,2198607
18514,2198844,5,2198849
18515,2198982,128,2199110
18516,2199263,17,2199280
18517,2199453,48,2199501
18518,2199527,23,2199550
18519,2199612,7,2199619
18520,2199720,13,2199733
18521,2199983,19,2200002
18522,2200128,41,2200169
18523,2200362,3,2200365
18524,2200367,3,2200370
18525,2200373,31,2200404
18526,2200510,25,2200535
18527,2200594,10,2200604
18528,2200633,21,2200654
18529,2200747,5,2200752
18530,2200800,8,2200808
18531,2200939,54,2200993
18532,2201087,35,2201122
18533,2201185,6,2201191
18534,2201193,65,2201258
18535,2201280,8,2201288
18536,2201332,93,2201425
18537,2201538,2,2201540
18538,2201591,21,2201612
18539,2201648,8,2201656
18540,2201669,3,2201672
18541,2201769,15,2201784
18542,2201825,62,2201887
18543,2201892,2,2201894
18544,2202113,1,2202114
18545,2202285,10,2202295
18546,2202385,3,2202388
18547,2202593,43,2202636
18548,2202676,7,2202683
18549,2202768,1,2202769
18550,2202924,7,2202931
18551,2202933,4,2202937
18552,2203031,2,2203033
18553,2203087,50,2203137
18554,2203155,16,2203171
18555,2203332,5,2203337
18556,2203366,17,2203383
18557,2203416,27,2203443
18558,2203548,4,2203552
18559,2203599,24,2203623
18560,2203626,73,2203699
18561,2203847,70,2203917
18562,2204001,4,2204005
18563,2204131,14,2204145
18564,2204212,3,2204215
18565,2204278,5,2204283
18566,2204341,57,2204398
18567,2204773,1,2204774
18568,2204816,15,2204831
18569,2204907,7,2204914
18570,2205245,7,2205252
18571,2205271,20,2205291
18572,2205302,5,2205307
18573,2205483,21,2205504
18574,2205561,4,2205565
18575,2205598,68,2205666
18576,2205731,8,2205739
18577,2205781,1,2205782
18578,2205882,13,2205895
18579,2206173,13,2206186
18580,2206377,15,2206392
18581,2206465,24,2206489
18582,2206694,38,2206732
18583,2206792,28,2206820
18584,2206839,3,2206842
18585,2206990,5,2206995
18586,2207084,28,2207112
18587,2207180,2,2207182
18588,2207222,2,2207224
18589,2207232,32,2207264
18590,2207335,54,2207389
18591,2207437,31,2207468
18592,2207518,86,2207604
18593,2207788,47,2207835
18594,2207900,2,2207902
18595,2207931,2,2207933
18596,2208022,5,2208027
18597,2208180,11,2208191
18598,2208289,6,2208295
18599,2208433,9,2208442
18600,2208589,3,2208592
18601,2208976,16,2208992
18602,2209055,36,2209091
18603,2209150,26,2209176
18604,2209314,53,2209367
18605,2209377,13,2209390
18606,2209438,2,2209440
18607,2209447,35,2209482
18608,2209577,11,2209588
18609,2209757,18,2209775
18610,2209790,2,2209792
18611,2209824,9,2209833
18612,2209862,25,2209887
18613,2210258,1,2210259
18614,2210369,15,2210384
18615,2210499,13,2210512
18616,2210673,23,2210696
18617,2210888,11,2210899
18618,2210920,4,2210924
18619,2211037,8,2211045
18620,2211096,8,2211104
18621,2211219,22,2211241
18622,2211438,2,2211440
18623,2211450,25,2211475
18624,2211601,28,2211629
18625,2211678,55,2211733
18626,2211745,61,2211806
18627,2211835,2,2211837
18628,2212008,17,2212025
18629,2212070,41,2212111
18630,2212270,9,2212279
18631,2212336,10,2212346
18632,2212368,2,2212370
18633,2212404,16,2212420
18634,2212527,24,2212551
18635,2212553,35,2212588
18636,2212909,29,2212938
18637,2212947,7,2212954
18638,2212976,9,2212985
18639,2213168,3,2213171
18640,2213178,15,2213193
18641,2213546,15,2213561
18642,2213648,27,2213675
18643,2213880,11,2213891
18644,2214175,9,2214184
18645,2214349,21,2214370
18646,2214548,1,2214549
18647,2214603,23,2214626
18648,2214757,30,2214787
18649,2214854,20,2214874
18650,2214907,14,2214921
18651,2215044,13,2215057
18652,2215164,15,2215179
18653,2215243,59,2215302
18654,2215341,3,2215344
18655,2215433,3,2215436
18656,2215461,33,2215494
18657,2215500,25,2215525
18658,2215635,16,2215651
18659,2215882,26,2215908
18660,2216022,5,2216027
18661,2216043,12,2216055
18662,2216097,31,2216128
18663,2216131,15,2216146
18664,2216239,11,2216250
18665,2216277,16,2216293
18666,2216353,88,2216441
18667,2216521,20,2216541
18668,2216577,16,2216593
18669,2216596,36,2216632
18670,2216793,4,2216797
18671,2216953,22,2216975
18672,2217006,38,2217044
18673,2217057,19,2217076
18674,2217278,19,2217297
18675,2217386,49,2217435
18676,2217536,45,2217581
18677,2217690,8,2217698
18678,2217753,38,2217791
18679,2217815,2,2217817
18680,2218196,54,2218250
18681,2218374,25,2218399
18682,2218410,19,2218429
18683,2218763,38,2218801
18684,2218864,28,2218892
18685,2218947,8,2218955
18686,2219090,16,2219106
18687,2219138,8,2219146
18688,2219188,15,2219203
18689,2219233,30,2219263
18690,2219280,4,2219284
18691,2219472,10,2219482
18692,2219580,9,2219589
18693,2219638,10,2219648
18694,2219674,12,2219686
18695,2219741,1,2219742
18696,2219796,7,2219803
18697,2219929,23,2219952
18698,2220063,12,2220075
18699,2220245,11,2220256
18700,2220399,3,2220402
18701,2220438,7,2220445
18702,2220464,8,2220472
18703,2220713,11,2220724
18704,2220764,18,2220782
18705,2220920,34,2220954
18706,2220964,5,2220969
18707,2221117,1,2221118
18708,2221217,27,2221244
18709,2221287,10,2221297
18710,2221439,23,2221462
18711,2221476,5,2221481
18712,2221646,13,2221659
18713,2221673,45,2221718
18714,2221883,2,2221885
18715,2221993,12,2222005
18716,2222019,17,2222036
18717,2222056,40,2222096
18718,2222247,57,2222304
18719,2222338,8,2222346
18720,2222523,10,2222533
18721,2222544,1,2222545
18722,2222686,6,2222692
18723,2222828,7,2222835
18724,2223078,6,2223084
18725,2223232,14,2223246
18726,2223249,20,2223269
18727,2223277,16,2223293
18728,2223475,23,2223498
18729,2223630,8,2223638
18730,2223727,11,2223738
18731,2223810,6,2223816
18732,2223841,10,2223851
18733,2223928,35,2223963
18734,2224169,9,2224178
18735,2224216,2,2224218
18736,2224219,18,2224237
18737,2224341,6,2224347
18738,2224477,68,2224545
18739,2224574,3,2224577
18740,2224653,41,2224694
18741,2224788,11,2224799
18742,2224812,14,2224826
18743,2224904,130,2225034
18744,2225176,9,2225185
18745,2225190,4,2225194
18746,2225398,1,2225399
18747,2225580,75,2225655
18748,2225803,9,2225812
18749,2225906,24,2225930
18750,2226032,3,2226035
18751,2226161,33,2226194
18752,2226240,9,2226249
18753,2226254,59,2226313
18754,2226500,93,2226593
18755,2226718,4,2226722
18756,2226769,38,2226807
18757,2226837,50,2226887
18758,2227275,9,2227284
18759,2227444,1,2227445
18760,2227531,23,2227554
18761,2227701,27,2227728
18762,2227885,19,2227904
18763,2227944,7,2227951
18764,2228003,2,2228005
18765,2228028,15,2228043
18766,2228156,46,2228202
18767,2228604,27,2228631
18768,2228656,20,2228676
18769,2228720,43,2228763
18770,2228882,41,2228923
18771,2229201,1,2229202
18772,2229266,15,2229281
18773,2229318,4,2229322
18774,2229496,24,2229520
18775,2229774,50,2229824
18776,2229862,4,2229866
18777,2230011,3,2230014
18778,2230083,65,2230148
18779,2230246,10,2230256
18780,2230393,31,2230424
18781,2230665,8,2230673
18782,2230718,4,2230722
18783,2230733,1,2230734
18784,2230847,6,2230853
18785,2230922,25,2230947
18786,2230983,9,2230992
18787,2231026,48,2231074
18788,2231106,6,2231112
18789,2231115,18,2231133
18790,2231456,5,2231461
18791,2231609,17,2231626
18792,2231663,17,2231680
18793,2231752,11,2231763
18794,2231793,17,2231810
18795,2231819,31,2231850
18796,2231864,17,2231881
18797,2231896,9,2231905
18798,2231964,27,2231991
18799,2232011,5,2232016
18800,2232079,15,2232094
18801,2232125,9,2232134
18802,2232182,23,2232205
18803,2232634,10,2232644
18804,2232647,2,2232649
18805,2232717,2,2232719
18806,2232951,36,2232987
18807,2233151,1,2233152
18808,2233187,2,2233189
18809,2233259,51,2233310
18810,2233518,6,2233524
18811,2233537,23,2233560
18812,2233771,39,2233810
18813,2234076,31,2234107
18814,2234239,3,2234242
18815,2234414,8,2234422
18816,2234441,25,2234466
18817,2234491,25,2234516
18818,2234645,22,2234667
18819,2234672,10,2234682
18820,2234686,13,2234699
18821,2234766,46,2234812
18822,2235021,3,2235024
18823,2235107,1,2235108
18824,2235217,23,2235240
18825,2235370,9,2235379
18826,2235396,5,2235401
18827,2235448,8,2235456
18828,2235469,68,2235537
18829,2235548,85,2235633
18830,2235653,6,2235659
18831,2235820,10,2235830
18832,2236297,20,2236317
18833,2236588,6,2236594
18834,2236603,9,2236612
18835,2236758,1,2236759
18836,2236768,6,2236774
18837,2236814,1,2236815
18838,2237043,1,2237044
18839,2237068,2,2237070
18840,2237109,5,2237114
18841,2237174,15,2237189
18842,2237221,15,2237236
18843,2237360,8,2237368
18844,2237385,3,2237388
18845,2237562,5,2237567
18846,2237691,9,2237700
18847,2237745,14,2237759
18848,2237795,5,2237800
18849,2237818,32,2237850
18850,2237895,13,2237908
18851,2237913,8,2237921
18852,2238009,65,2238074
18853,2238092,9,2238101
18854,2238278,13,2238291
18855,2238562,3,2238565
18856,2238572,1,2238573
18857,2238647,2,2238649
18858,2238717,4,2238721
18859,2238829,16,2238845
18860,2239045,11,2239056
18861,2239260,19,2239279
18862,2239433,30,2239463
18863,2239566,46,2239612
18864,2239812,40,2239852
18865,2240050,6,2240056
18866,2240081,4,2240085
18867,2240209,40,2240249
18868,2240318,3,2240321
18869,2240357,2,2240359
18870,2240518,6,2240524
18871,2240572,8,2240580
18872,2240753,26,2240779
18873,2240842,39,2240881
18874,2240925,35,2240960
18875,2240989,39,2241028
18876,2241536,15,2241551
18877,2241628,5,2241633
18878,2241666,57,2241723
18879,2241732,18,2241750
18880,2241825,9,2241834
18881,2241897,14,2241911
18882,2242016,31,2242047
18883,2242282,7,2242289
18884,2242353,6,2242359
18885,2242455,8,2242463
18886,2242519,12,2242531
18887,2242622,7,2242629
18888,2242762,78,2242840
18889,2242844,3,2242847
18890,2242922,17,2242939
18891,2242959,36,2242995
18892,2243073,17,2243090
18893,2243128,5,2243133
18894,2243167,40,2243207
18895,2243420,1,2243421
18896,2243496,39,2243535
18897,2243601,17,2243618
18898,2243861,1,2243862
18899,2243944,4,2243948
18900,2244071,14,2244085
18901,2244219,29,2244248
18902,2244545,7,2244552
18903,2244669,73,2244742
18904,2244751,14,2244765
18905,2244834,2,2244836
18906,2244999,150,2245149
18907,2245263,14,2245277
18908,2245489,9,2245498
18909,2245548,18,2245566
18910,2245599,26,2245625
18911,2245649,33,2245682
18912,2245705,16,2245721
18913,2245740,9,2245749
18914,2245767,16,2245783
18915,2245784,17,2245801
18916,2245857,29,2245886
18917,2245971,26,2245997
18918,2246174,2,2246176
18919,2246219,13,2246232
18920,2246342,74,2246416
18921,2246532,14,2246546
18922,2246635,11,2246646
18923,2246773,3,2246776
18924,2246911,9,2246920
18925,2247028,8,2247036
18926,2247096,4,2247100
18927,2247138,20,2247158
18928,2247466,35,2247501
18929,2247660,14,2247674
18930,2247704,11,2247715
18931,2247790,6,2247796
18932,2247804,9,2247813
18933,2247819,85,2247904
18934,2247982,77,2248059
18935,2248212,33,2248245
18936,2248275,3,2248278
18937,2248433,13,2248446
18938,2248469,24,2248493
18939,2248521,4,2248525
18940,2248533,16,2248549
18941,2248673,6,2248679
18942,2248712,18,2248730
18943,2249039,8,2249047
18944,2249090,7,2249097
18945,2249280,57,2249337
18946,2249375,17,2249392
18947,2249405,15,2249420
18948,2249427,7,2249434
18949,2249437,14,2249451
18950,2249780,7,2249787
18951,2249931,16,2249947
18952,2250229,8,2250237
18953,2250363,5,2250368
18954,2250661,15,2250676
18955,2250709,30,2250739
18956,2250863,19,2250882
18957,2250955,6,2250961
18958,2251012,25,2251037
18959,2251044,27,2251071
18960,2251106,13,2251119
18961,2251164,23,2251187
18962,2251218,6,2251224
18963,2251334,2,2251336
18964,2251750,45,2251795
18965,2252125,9,2252134
18966,2252149,4,2252153
18967,2252269,2,2252271
18968,2252273,2,2252275
18969,2252483,12,2252495
18970,2252557,16,2252573
18971,2252688,29,2252717
18972,2252778,55,2252833
18973,2252865,87,2252952
18974,2253061,13,2253074
18975,2253138,15,2253153
18976,2253198,13,2253211
18977,2253283,9,2253292
18978,2253533,14,2253547
18979,2253597,26,2253623
18980,2253661,8,2253669
18981,2253801,3,2253804
18982,2253883,13,2253896
18983,2253982,2,2253984
18984,2254039,3,2254042
18985,2254044,9,2254053
18986,2254063,2,2254065
18987,2254123,22,2254145
18988,2254176,7,2254183
18989,2254372,24,2254396
18990,2254477,30,2254507
18991,2254538,5,2254543
18992,2254689,11,2254700
18993,2254706,1,2254707
18994,2254849,2,2254851
18995,2254866,16,2254882
18996,2254936,4,2254940
18997,2254968,40,2255008
18998,2255038,4,2255042
18999,2255194,2,2255196
19000,2255244,53,2255297
19001,2255489,40,2255529
19002,2255544,58,2255602
19003,2255694,3,2255697
19004,2255762,63,2255825
19005,2255835,9,2255844
19006,2255954,10,2255964
19007,2255985,4,2255989
19008,2256029,28,2256057
19009,2256189,6,2256195
19010,2256208,17,2256225
19011,2256316,46,2256362
19012,2256371,1,2256372
19013,2256451,36,2256487
19014,2256514,36,2256550
19015,2256674,1,2256675
19016,2256758,6,2256764
19017,2256826,16,2256842
19018,2256888,37,2256925
19019,2256982,4,2256986
19020,2257063,18,2257081
19021,2257166,11,2257177
19022,2257405,34,2257439
19023,2257510,35,2257545
19024,2257610,34,2257644
19025,2258470,55,2258525
19026,2258652,1,2258653
19027,2258795,12,2258807
19028,2258933,2,2258935
19029,2259009,1,2259010
19030,2259053,44,2259097
19031,2259144,87,2259231
19032,2259250,1,2259251
19033,2259333,37,2259370
19034,2259389,61,2259450
19035,2259616,49,2259665
19036,2260077,14,2260091
19037,2260150,25,2260175
19038,2260230,13,2260243
19039,2260255,32,2260287
19040,2260430,40,2260470
19041,2260489,85,2260574
19042,2260656,14,2260670
19043,2260698,12,2260710
19044,2260784,64,2260848
19045,2260866,2,2260868
19046,2261036,48,2261084
19047,2261341,56,2261397
19048,2261500,75,2261575
19049,2261706,11,2261717
19050,2261781,33,2261814
19051,2261815,2,2261817
19052,2261818,14,2261832
19053,2262021,21,2262042
19054,2262233,12,2262245
19055,2262346,22,2262368
19056,2262446,8,2262454
19057,2262489,7,2262496
19058,2262517,26,2262543
19059,2262654,4,2262658
19060,2262847,29,2262876
19061,2263153,3,2263156
19062,2263231,34,2263265
19063,2263290,7,2263297
19064,2263468,5,2263473
19065,2263621,23,2263644
19066,2263668,1,2263669
19067,2263755,13,2263768
19068,2263927,38,2263965
19069,2264000,2,2264002
19070,2264092,20,2264112
19071,2264178,10,2264188
19072,2264192,15,2264207
19073,2264237,18,2264255
19074,2264468,14,2264482
19075,2264547,18,2264565
19076,2264614,25,2264639
19077,2264697,47,2264744
19078,2264967,2,2264969
19079,2264998,52,2265050
19080,2265073,30,2265103
19081,2265111,15,2265126
19082,2265232,15,2265247
19083,2265261,1,2265262
19084,2265306,27,2265333
19085,2265355,11,2265366
19086,2265552,32,2265584
19087,2265661,60,2265721
19088,2265793,5,2265798
19089,2265806,16,2265822
19090,2266013,2,2266015
19091,2266019,12,2266031
19092,2266130,2,2266132
19093,2266285,3,2266288
19094,2266329,22,2266351
19095,2266456,80,2266536
19096,2266541,1,2266542
19097,2266780,3,2266783
19098,2266845,1,2266846
19099,2266925,7,2266932
19100,2266978,17,2266995
19101,2267172,67,2267239
19102,2267560,68,2267628
19103,2267711,22,2267733
19104,2267805,25,2267830
19105,2267912,86,2267998
19106,2268167,7,2268174
19107,2268196,33,2268229
19108,2268285,35,2268320
19109,2268422,7,2268429
19110,2268628,71,2268699
19111,2268724,11,2268735
19112,2268785,4,2268789
19113,2268906,12,2268918
19114,2269149,16,2269165
19115,2269201,8,2269209
19116,2269235,3,2269238
19117,2269317,10,2269327
19118,2269357,6,2269363
19119,2269377,12,2269389
19120,2269403,3,2269406
19121,2269549,13,2269562
19122,2269581,28,2269609
19123,2269729,12,2269741
19124,2269982,13,2269995
19125,2270110,7,2270117
19126,2270144,3,2270147
19127,2270344,36,2270380
19128,2270396,10,2270406
19129,2270412,35,2270447
19130,2270450,19,2270469
19131,2270479,40,2270519
19132,2270528,32,2270560
19133,2270573,14,2270587
19134,2270820,25,2270845
19135,2270871,38,2270909
19136,2271003,6,2271009
19137,2271056,13,2271069
19138,2271118,78,2271196
19139,2271526,22,2271548
19140,2271562,23,2271585
19141,2271655,12,2271667
19142,2271800,3,2271803
19143,2271825,35,2271860
19144,2271988,14,2272002
19145,2272004,28,2272032
19146,2272059,23,2272082
19147,2272214,10,2272224
19148,2272362,6,2272368
19149,2272476,3,2272479
19150,2272497,25,2272522
19151,2272659,23,2272682
19152,2272848,6,2272854
19153,2272953,21,2272974
19154,2273066,6,2273072
19155,2273133,21,2273154
19156,2273248,38,2273286
19157,2273468,3,2273471
19158,2273479,4,2273483
19159,2273528,15,2273543
19160,2273611,80,2273691
19161,2273778,11,2273789
19162,2273942,19,2273961
19163,2273962,15,2273977
19164,2274038,67,2274105
19165,2274107,61,2274168
19166,2274172,9,2274181
19167,2274365,2,2274367
19168,2274427,21,2274448
19169,2274575,6,2274581
19170,2274657,2,2274659
19171,2274758,9,2274767
19172,2274800,3,2274803
19173,2274908,8,2274916
19174,2275085,1,2275086
19175,2275259,3,2275262
19176,2275361,8,2275369
19177,2275388,33,2275421
19178,2275667,2,2275669
19179,2275739,4,2275743
19180,2276048,17,2276065
19181,2276112,35,2276147
19182,2276340,23,2276363
19183,2276450,31,2276481
19184,2276603,23,2276626
19185,2276676,4,2276680
19186,2276796,5,2276801
19187,2276850,18,2276868
19188,2277027,39,2277066
19189,2277349,30,2277379
19190,2277445,26,2277471
19191,2277634,14,2277648
19192,2277984,1,2277985
19193,2278055,28,2278083
19194,2278323,20,2278343
19195,2278412,17,2278429
19196,2278570,14,2278584
19197,2278591,40,2278631
19198,2278786,28,2278814
19199,2278851,29,2278880
19200,2278968,24,2278992
19201,2279265,28,2279293
19202,2279459,35,2279494
19203,2279501,20,2279521
19204,2279812,1,2279813
19205,2280228,30,2280258
19206,2280392,53,2280445
19207,2280464,24,2280488
19208,2280505,25,2280530
19209,2280848,11,2280859
19210,2281127,16,2281143
19211,2281230,28,2281258
19212,2281447,74,2281521
19213,2281538,17,2281555
19214,2281644,19,2281663
19215,2281684,1,2281685
19216,2281833,24,2281857
19217,2281934,5,2281939
19218,2282119,6,2282125
19219,2282328,34,2282362
19220,2282445,45,2282490
19221,2282904,50,2282954
19222,2283020,12,2283032
19223,2283134,9,2283143
19224,2283220,8,2283228
19225,2283232,99,2283331
19226,2283451,3,2283454
19227,2283564,14,2283578
19228,2283731,11,2283742
19229,2283799,29,2283828
19230,2283832,10,2283842
19231,2283972,6,2283978
19232,2284056,22,2284078
19233,2284116,34,2284150
19234,2284354,38,2284392
19235,2284443,14,2284457
19236,2284512,15,2284527
19237,2284551,17,2284568
19238,2284633,14,2284647
19239,2284684,5,2284689
19240,2284830,48,2284878
19241,2284888,91,2284979
19242,2285302,19,2285321
19243,2285352,8,2285360
19244,2285484,9,2285493
19245,2285617,9,2285626
19246,2285678,38,2285716
19247,2285833,37,2285870
19248,2285879,19,2285898
19249,2286086,28,2286114
19250,2286224,35,2286259
19251,2286295,6,2286301
19252,2286322,23,2286345
19253,2286364,3,2286367
19254,2286460,1,2286461
19255,2286614,9,2286623
19256,2286745,14,2286759
19257,2286984,26,2287010
19258,2287123,27,2287150
19259,2287304,15,2287319
19260,2287324,4,2287328
19261,2287342,4,2287346
19262,2287363,18,2287381
19263,2287403,12,2287415
19264,2287547,84,2287631
19265,2287769,28,2287797
19266,2287886,13,2287899
19267,2287972,7,2287979
19268,2288001,46,2288047
19269,2288078,3,2288081
19270,2288235,6,2288241
19271,2288298,5,2288303
19272,2288357,14,2288371
19273,2288506,8,2288514
19274,2288656,1,2288657
19275,2288717,6,2288723
19276,2288794,2,2288796
19277,2288857,3,2288860
19278,2288892,18,2288910
19279,2288937,3,2288940
19280,2289018,29,2289047
19281,2289099,8,2289107
19282,2289112,32,2289144
19283,2289311,4,2289315
19284,2289318,66,2289384
19285,2289808,29,2289837
19286,2290081,31,2290112
19287,2290701,39,2290740
19288,2290789,6,2290795
19289,2290951,26,2290977
19290,2290982,16,2290998
19291,2291117,24,2291141
19292,2291277,5,2291282
19293,2291375,4,2291379
19294,2291472,2,2291474
19295,2291590,25,2291615
19296,2291626,6,2291632
19297,2291927,31,2291958
19298,2292010,19,2292029
19299,2292094,8,2292102
19300,2292107,68,2292175
19301,2292458,6,2292464
19302,2292578,10,2292588
19303,2292618,24,2292642
19304,2292736,4,2292740
19305,2292836,18,2292854
19306,2292907,30,2292937
19307,2293001,32,2293033
19308,2293446,39,2293485
19309,2293502,21,2293523
19310,2293734,13,2293747
19311,2293938,10,2293948
19312,2294176,13,2294189
19313,2294220,6,2294226
19314,2294292,29,2294321
19315,2294327,8,2294335
19316,2294412,5,2294417
19317,2294492,71,2294563
19318,2294636,20,2294656
19319,2294712,1,2294713
19320,2294755,20,2294775
19321,2294816,2,2294818
19322,2294860,45,2294905
19323,2294913,44,2294957
19324,2295281,7,2295288
19325,2295374,1,2295375
19326,2295511,24,2295535
19327,2295568,28,2295596
19328,2295888,31,2295919
19329,2295999,9,2296008
19330,2296058,14,2296072
19331,2296124,34,2296158
19332,2296214,12,2296226
19333,2296244,9,2296253
19334,2296319,3,2296322
19335,2296429,14,2296443
19336,2296447,29,2296476
19337,2296522,16,2296538
19338,2296966,18,2296984
19339,2297045,22,2297067
19340,2297165,14,2297179
19341,2297211,18,2297229
19342,2297266,41,2297307
19343,2297313,42,2297355
19344,2297365,19,2297384
19345,2297837,16,2297853
19346,2297953,18,2297971
19347,2298192,7,2298199
19348,2298512,95,2298607
19349,2298613,21,2298634
19350,2298643,3,2298646
19351,2298747,10,2298757
19352,2298759,22,2298781
19353,2298891,30,2298921
19354,2299297,20,2299317
19355,2299338,11,2299349
19356,2299390,9,2299399
19357,2299729,1,2299730
19358,2299736,11,2299747
19359,2299788,11,2299799
19360,2299849,12,2299861
19361,2300300,14,2300314
19362,2300399,17,2300416
19363,2300438,7,2300445
19364,2300547,37,2300584
19365,2300692,9,2300701
19366,2301097,4,2301101
19367,2301137,25,2301162
19368,2301328,38,2301366
19369,2301468,72,2301540
19370,2301660,21,2301681
19371,2301725,21,2301746
19372,2301779,7,2301786
19373,2301917,11,2301928
19374,2301979,8,2301987
19375,2302042,16,2302058
19376,2302059,12,2302071
19377,2302089,4,2302093
19378,2302189,2,2302191
19379,2302198,34,2302232
19380,2302444,2,2302446
19381,2302513,18,2302531
19382,2302544,12,2302556
19383,2302617,7,2302624
19384,2302668,45,2302713
19385,2302724,38,2302762
19386,2302981,4,2302985
19387,2303104,53,2303157
19388,2303202,8,2303210
19389,2303662,10,2303672
19390,2303682,18,2303700
19391,2303943,13,2303956
19392,2304002,7,2304009
19393,2304190,22,2304212
19394,2304680,8,2304688
19395,2304694,44,2304738
19396,2304870,19,2304889
19397,2304988,12,2305000
19398,2305023,15,2305038
19399,2305131,20,2305151
19400,2305199,13,2305212
19401,2305237,64,2305301
19402,2305434,2,2305436
19403,2305566,20,2305586
19404,2305658,18,2305676
19405,2305678,3,2305681
19406,2305694,3,2305697
19407,2305709,4,2305713
19408,2305730,13,2305743
19409,2305870,8,2305878
19410,2306639,22,2306661
19411,2306771,17,2306788
19412,2307104,30,2307134
19413,2307377,17,2307394
19414,2307591,4,2307595
19415,2307627,2,2307629
19416,2307654,1,2307655
19417,2307661,49,2307710
19418,2307734,28,2307762
19419,2307858,39,2307897
19420,2307920,15,2307935
19421,2308015,3,2308018
19422,2308080,8,2308088
19423,2308193,16,2308209
19424,2308330,32,2308362
19425,2308378,28,2308406
19426,2308443,24,2308467
19427,2308545,43,2308588
19428,2308756,1,2308757
19429,2308777,10,2308787
19430,2308820,36,2308856
19431,2309022,74,2309096
19432,2309254,8,2309262
19433,2309316,21,2309337
19434,2309422,20,2309442
19435,2309501,21,2309522
19436,2309589,6,2309595
19437,2309618,34,2309652
19438,2309656,69,2309725
19439,2309885,12,2309897
19440,2309912,50,2309962
19441,2310042,32,2310074
19442,2310140,91,2310231
19443,2310660,11,2310671
19444,2310911,2,2310913
19445,2311284,46,2311330
19446,2311408,9,2311417
19447,2311422,9,2311431
19448,2311435,5,2311440
19449,2311459,22,2311481
19450,2311487,3,2311490
19451,2311530,29,2311559
19452,2311652,36,2311688
19453,2311716,30,2311746
19454,2311811,40,2311851
19455,2312238,4,2312242
19456,2312274,3,2312277
19457,2312446,25,2312471
19458,2312491,3,2312494
19459,2312525,31,2312556
19460,2312709,3,2312712
19461,2312717,6,2312723
19462,2312926,4,2312930
19463,2313072,14,2313086
19464,2313091,4,2313095
19465,2313243,61,2313304
19466,2313366,20,2313386
19467,2313469,13,2313482
19468,2313563,4,2313567
19469,2313568,10,2313578
19470,2313666,7,2313673
19471,2313755,1,2313756
19472,2313788,13,2313801
19473,2313813,8,2313821
19474,2314122,18,2314140
19475,2314142,8,2314150
19476,2314159,11,2314170
19477,2314265,9,2314274
19478,2314276,2,2314278
19479,2314390,14,2314404
19480,2314417,8,2314425
19481,2314441,44,2314485
19482,2314501,18,2314519
19483,2314580,8,2314588
19484,2314668,28,2314696
19485,2314702,2,2314704
19486,2314716,17,2314733
19487,2314779,76,2314855
19488,2314960,30,2314990
19489,2314999,1,2315000
19490,2315078,11,2315089
19491,2315120,14,2315134
19492,2315259,5,2315264
19493,2315421,6,2315427
19494,2315464,69,2315533
19495,2315619,7,2315626
19496,2315641,9,2315650
19497,2315820,2,2315822
19498,2315941,17,2315958
19499,2316212,2,2316214
19500,2316245,1,2316246
19501,2316345,12,2316357
19502,2316541,5,2316546
19503,2316565,10,2316575
19504,2316585,44,2316629
19505,2316751,21,2316772
19506,2316971,22,2316993
19507,2317133,26,2317159
19508,2317254,27,2317281
19509,2317350,1,2317351
19510,2317476,6,2317482
19511,2317692,10,2317702
19512,2317753,10,2317763
19513,2317776,10,2317786
19514,2317788,11,2317799
19515,2317857,4,2317861
19516,2318096,4,2318100
19517,2318133,8,2318141
19518,2318286,24,2318310
19519,2318363,30,2318393
19520,2318394,19,2318413
19521,2318445,30,2318475
19522,2318532,24,2318556
19523,2318598,10,2318608
19524,2318729,4,2318733
19525,2318755,28,2318783
19526,2318786,19,2318805
19527,2318938,36,2318974
19528,2319072,44,2319116
19529,2319285,5,2319290
19530,2319339,46,2319385
19531,2319454,18,2319472
19532,2319502,6,2319508
19533,2319545,34,2319579
19534,2319803,37,2319840
19535,2319855,45,2319900
19536,2319917,19,2319936
19537,2320177,10,2320187
19538,2320193,23,2320216
19539,2320260,14,2320274
19540,2320318,14,2320332
19541,2320619,14,2320633
19542,2320757,6,2320763
19543,2320780,5,2320785
19544,2320795,7,2320802
19545,2320856,16,2320872
19546,2320886,26,2320912
19547,2320960,12,2320972
19548,2320973,14,2320987
19549,2321022,10,2321032
19550,2321058,11,2321069
19551,2321154,41,2321195
19552,2321266,114,2321380
19553,2321581,33,2321614
19554,2321626,6,2321632
19555,2321754,4,2321758
19556,2321935,30,2321965
19557,2322102,4,2322106
19558,2322148,23,2322171
19559,2322187,2,2322189
19560,2322430,8,2322438
19561,2322470,3,2322473
19562,2322667,22,2322689
19563,2322698,3,2322701
19564,2322822,12,2322834
19565,2322938,13,2322951
19566,2323076,23,2323099
19567,2323102,3,2323105
19568,2323129,3,2323132
19569,2323252,12,2323264
19570,2323509,1,2323510
19571,2323529,3,2323532
19572,2323592,16,2323608
19573,2323765,6,2323771
19574,2323969,65,2324034
19575,2324341,8,2324349
19576,2324475,7,2324482
19577,2324510,11,2324521
19578,2324592,3,2324595
19579,2324659,2,2324661
19580,2325337,11,2325348
19581,2325456,10,2325466
19582,2325481,1,2325482
19583,2325489,10,2325499
19584,2325502,59,2325561
19585,2325792,1,2325793
19586,2325845,14,2325859
19587,2325871,1,2325872
19588,2325885,9,2325894
19589,2326000,2,2326002
19590,2326008,20,2326028
19591,2326136,5,2326141
19592,2326188,1,2326189
19593,2326238,59,2326297
19594,2326361,15,2326376
19595,2326425,34,2326459
19596,2326522,10,2326532
19597,2326611,7,2326618
19598,2326839,8,2326847
19599,2326952,14,2326966
19600,2326972,32,2327004
19601,2327201,33,2327234
19602,2327681,2,2327683
19603,2327691,17,2327708
19604,2327791,55,2327846
19605,2327983,4,2327987
19606,2328002,4,2328006
19607,2328254,19,2328273
19608,2328431,16,2328447
19609,2328585,52,2328637
19610,2328639,28,2328667
19611,2328689,36,2328725
19612,2328745,3,2328748
19613,2328920,8,2328928
19614,2328987,9,2328996
19615,2328997,4,2329001
19616,2329086,13,2329099
19617,2329332,20,2329352
19618,2329551,9,2329560
19619,2329563,11,2329574
19620,2329655,11,2329666
19621,2329775,36,2329811
19622,2330077,49,2330126
19623,2330144,13,2330157
19624,2330443,22,2330465
19625,2330469,6,2330475
19626,2330479,31,2330510
19627,2330588,6,2330594
19628,2330801,25,2330826
19629,2330838,9,2330847
19630,2331120,41,2331161
19631,2331168,78,2331246
19632,2331416,28,2331444
19633,2331475,26,2331501
19634,2331633,7,2331640
19635,2331709,26,2331735
19636,2331743,20,2331763
19637,2331818,20,2331838
19638,2331876,41,2331917
19639,2331938,9,2331947
19640,2332144,27,2332171
19641,2332196,15,2332211
19642,2332324,10,2332334
19643,2332478,12,2332490
19644,2332681,2,2332683
19645,2332707,21,2332728
19646,2332855,32,2332887
19647,2332920,9,2332929
19648,2333035,10,2333045
19649,2333112,9,2333121
19650,2333235,47,2333282
19651,2333286,8,2333294
19652,2333537,5,2333542
19653,2334027,17,2334044
19654,2334134,4,2334138
19655,2334303,27,2334330
19656,2334442,82,2334524
19657,2334621,10,2334631
19658,2334668,27,2334695
19659,2334838,2,2334840
19660,2334867,10,2334877
19661,2334996,3,2334999
19662,2335188,48,2335236
19663,2335270,11,2335281
19664,2335338,2,2335340
19665,2335412,25,2335437
19666,2335482,4,2335486
19667,2335505,22,2335527
19668,2335616,53,2335669
19669,2335688,5,2335693
19670,2335700,101,2335801
19671,2335812,8,2335820
19672,2335830,12,2335842
19673,2336034,7,2336041
19674,2336084,13,2336097
19675,2336187,2,2336189
19676,2336199,6,2336205
19677,2336247,35,2336282
19678,2336336,41,2336377
19679,2336467,21,2336488
19680,2336798,30,2336828
19681,2336889,51,2336940
19682,2337029,9,2337038
19683,2337055,36,2337091
19684,2337360,31,2337391
19685,2337431,41,2337472
19686,2337517,14,2337531
19687,2337794,18,2337812
19688,2337917,54,2337971
19689,2338134,14,2338148
19690,2338207,24,2338231
19691,2338273,6,2338279
19692,2338339,59,2338398
19693,2338470,51,2338521
19694,2339014,1,2339015
19695,2339067,28,2339095
19696,2339151,4,2339155
19697,2339244,9,2339253
19698,2339272,30,2339302
19699,2339530,27,2339557
19700,2339647,20,2339667
19701,2339696,7,2339703
19702,2339897,20,2339917
19703,2339941,3,2339944
19704,2340156,41,2340197
19705,2340243,9,2340252
19706,2340280,23,2340303
19707,2340441,7,2340448
19708,2340548,45,2340593
19709,2340599,6,2340605
19710,2340757,4,2340761
19711,2340902,4,2340906
19712,2341063,15,2341078
19713,2341097,20,2341117
19714,2341118,26,2341144
19715,2341190,4,2341194
19716,2341201,13,2341214
19717,2341303,24,2341327
19718,2341362,96,2341458
19719,2341540,1,2341541
19720,2341769,8,2341777
19721,2341919,28,2341947
19722,2342039,8,2342047
19723,2342051,4,2342055
19724,2342087,22,2342109
19725,2342116,4,2342120
19726,2342175,28,2342203
19727,2342223,11,2342234
19728,2342243,19,2342262
19729,2342271,13,2342284
19730,2342306,20,2342326
19731,2342386,24,2342410
19732,2342637,15,2342652
19733,2342730,11,2342741
19734,2342781,16,2342797
19735,2342856,6,2342862
19736,2342938,88,2343026
19737,2343029,13,2343042
19738,2343218,84,2343302
19739,2343309,32,2343341
19740,2343373,30,2343403
19741,2343455,3,2343458
19742,2343669,4,2343673
19743,2343801,8,2343809
19744,2343842,25,2343867
19745,2343888,5,2343893
19746,2343914,8,2343922
19747,2343987,15,2344002
19748,2344078,7,2344085
19749,2344516,5,2344521
19750,2344639,4,2344643
19751,2344698,31,2344729
19752,2344822,7,2344829
19753,2344929,12,2344941
19754,2345066,3,2345069
19755,2345123,18,2345141
19756,2345203,15,2345218
19757,2345228,3,2345231
19758,2345294,9,2345303
19759,2345327,7,2345334
19760,2345384,16,2345400
19761,2345530,25,2345555
19762,2345588,2,2345590
19763,2345724,23,2345747
19764,2345783,22,2345805
19765,2345808,1,2345809
19766,2345997,11,2346008
19767,2346035,6,2346041
19768,2346061,10,2346071
19769,2346164,39,2346203
19770,2346463,52,2346515
19771,2346556,9,2346565
19772,2346615,5,2346620
19773,2346631,48,2346679
19774,2346801,3,2346804
19775,2346811,17,2346828
19776,2346977,6,2346983
19777,2347161,20,2347181
19778,2347211,19,2347230
19779,2347432,2,2347434
19780,2347462,8,2347470
19781,2347513,2,2347515
19782,2347553,9,2347562
19783,2347700,33,2347733
19784,2347953,37,2347990
19785,2348078,8,2348086
19786,2348123,26,2348149
19787,2348545,41,2348586
19788,2348607,14,2348621
19789,2348633,57,2348690
19790,2348715,16,2348731
19791,2348768,27,2348795
19792,2348835,1,2348836
19793,2348982,12,2348994
19794,2349040,23,2349063
19795,2349275,22,2349297
19796,2349327,1,2349328
19797,2349749,1,2349750
19798,2349758,8,2349766
19799,2349769,46,2349815
19800,2350070,44,2350114
19801,2350204,5,2350209
19802,2350278,2,2350280
19803,2350337,4,2350341
19804,2350353,49,2350402
19805,2350632,20,2350652
19806,2350804,17,2350821
19807,2350848,16,2350864
19808,2350908,13,2350921
19809,2351004,14,2351018
19810,2351382,7,2351389
19811,2351418,5,2351423
19812,2351438,2,2351440
19813,2351581,33,2351614
19814,2351635,39,2351674
19815,2351824,5,2351829
19816,2351974,33,2352007
19817,2352076,35,2352111
19818,2352137,26,2352163
19819,2352311,3,2352314
19820,2352345,17,2352362
19821,2352475,48,2352523
19822,2352527,35,2352562
19823,2352671,18,2352689
19824,2352705,24,2352729
19825,2352730,86,2352816
19826,2352851,17,2352868
19827,2352940,5,2352945
19828,2353057,11,2353068
19829,2353135,39,2353174
19830,2353175,11,2353186
19831,2353271,5,2353276
19832,2353294,7,2353301
19833,2353348,7,2353355
19834,2353486,7,2353493
19835,2353531,26,2353557
19836,2353743,2,2353745
19837,2353817,12,2353829
19838,2353887,29,2353916
19839,2354060,9,2354069
19840,2354103,24,2354127
19841,2354143,15,2354158
19842,2354230,73,2354303
19843,2354383,18,2354401
19844,2354415,33,2354448
19845,2354508,7,2354515
19846,2354552,63,2354615
19847,2354663,55,2354718
19848,2354847,1,2354848
19849,2354853,5,2354858
19850,2354929,11,2354940
19851,2355153,23,2355176
19852,2355403,4,2355407
19853,2355416,16,2355432
19854,2355468,20,2355488
19855,2355536,9,2355545
19856,2355599,31,2355630
19857,2355694,12,2355706
19858,2355766,2,2355768
19859,2355831,64,2355895
19860,2356003,34,2356037
19861,2356558,7,2356565
19862,2356583,4,2356587
19863,2356654,2,2356656
19864,2356687,52,2356739
19865,2356747,2,2356749
19866,2356759,17,2356776
19867,2356897,4,2356901
19868,2356916,11,2356927
19869,2356981,7,2356988
19870,2357099,9,2357108
19871,2357285,25,2357310
19872,2357342,22,2357364
19873,2357460,12,2357472
19874,2357503,39,2357542
19875,2357811,18,2357829
19876,2357996,23,2358019
19877,2358271,3,2358274
19878,2358298,65,2358363
19879,2358396,1,2358397
19880,2358401,28,2358429
19881,2358435,5,2358440
19882,2358594,1,2358595
19883,2358676,17,2358693
19884,2358725,9,2358734
19885,2358741,11,2358752
19886,2359047,6,2359053
19887,2359129,5,2359134
19888,2359191,7,2359198
19889,2359392,95,2359487
19890,2360204,2,2360206
19891,2360281,7,2360288
19892,2360499,53,2360552
19893,2360775,89,2360864
19894,2360958,3,2360961
19895,2361010,60,2361070
19896,2361257,21,2361278
19897,2361305,5,2361310
19898,2361465,36,2361501
19899,2361557,6,2361563
19900,2361586,1,2361587
19901,2361746,7,2361753
19902,2361763,11,2361774
19903,2361786,1,2361787
19904,2361988,4,2361992
19905,2362047,51,2362098
19906,2362209,53,2362262
19907,2362509,6,2362515
19908,2362557,3,2362560
19909,2362578,13,2362591
19910,2362724,15,2362739
19911,2362955,2,2362957
19912,2362972,31,2363003
19913,2363109,13,2363122
19914,2363179,15,2363194
19915,2363207,23,2363230
19916,2363252,24,2363276
19917,2363325,98,2363423
19918,2363442,29,2363471
19919,2363672,12,2363684
19920,2363731,14,2363745
19921,2363759,6,2363765
19922,2363852,6,2363858
19923,2363887,22,2363909
19924,2363950,19,2363969
19925,2364017,1,2364018
19926,2364163,13,2364176
19927,2364275,48,2364323
19928,2364344,9,2364353
19929,2364367,15,2364382
19930,2364489,47,2364536
19931,2364598,13,2364611
19932,2364730,20,2364750
19933,2364973,44,2365017
19934,2365274,38,2365312
19935,2365352,1,2365353
19936,2365536,6,2365542
19937,2365588,43,2365631
19938,2365724,26,2365750
19939,2365796,2,2365798
19940,2366071,2,2366073
19941,2366279,2,2366281
19942,2366581,29,2366610
19943,2366640,30,2366670
19944,2366850,22,2366872
19945,2366982,27,2367009
19946,2367043,3,2367046
19947,2367145,41,2367186
19948,2367215,11,2367226
19949,2367555,34,2367589
19950,2367607,3,2367610
19951,2367643,43,2367686
19952,2368007,9,2368016
19953,2368076,7,2368083
19954,2368184,67,2368251
19955,2368269,2,2368271
19956,2368281,3,2368284
19957,2368465,19,2368484
19958,2368488,1,2368489
19959,2368583,7,2368590
19960,2368691,23,2368714
19961,2368851,114,2368965
19962,2369163,2,2369165
19963,2369435,3,2369438
19964,2369644,9,2369653
19965,2369845,5,2369850
19966,2369853,49,2369902
19967,2369919,2,2369921
19968,2370011,37,2370048
19969,2370148,15,2370163
19970,2370190,17,2370207
19971,2370244,4,2370248
19972,2370531,39,2370570
19973,2370638,4,2370642
19974,2370818,6,2370824
19975,2370958,23,2370981
19976,2371130,21,2371151
19977,2371183,30,2371213
19978,2371314,13,2371327
19979,2371543,11,2371554
19980,2371623,10,2371633
19981,2371646,18,2371664
19982,2371781,1,2371782
19983,2371945,12,2371957
19984,2371975,5,2371980
19985,2372046,13,2372059
19986,2372075,8,2372083
19987,2372120,9,2372129
19988,2372148,11,2372159
19989,2372172,2,2372174
19990,2372238,15,2372253
19991,2372268,37,2372305
19992,2372367,20,2372387
19993,2372504,2,2372506
19994,2372577,19,2372596
19995,2372642,26,2372668
19996,2372715,14,2372729
19997,2372791,5,2372796
19998,2372846,26,2372872
19999,2372912,6,2372918
20000,2373143,59,2373202
20001,2373242,1,2373243
20002,2373282,5,2373287
20003,2373415,39,2373454
20004,2373467,18,2373485
20005,2373497,20,2373517
20006,2373572,21,2373593
20007,2373712,20,2373732
20008,2373860,21,2373881
20009,2373952,25,2373977
20010,2374165,3,2374168
20011,2374214,18,2374232
20012,2374316,7,2374323
20013,2374341,21,2374362
20014,2374365,48,2374413
20015,2374419,4,2374423
20016,2374583,7,2374590
20017,2374722,19,2374741
20018,2374793,17,2374810
20019,2374831,11,2374842
20020,2374916,7,2374923
20021,2375008,41,2375049
20022,2375087,23,2375110
20023,2375157,11,2375168
20024,2375193,6,2375199
20025,2375288,1,2375289
20026,2375390,5,2375395
20027,2375522,68,2375590
20028,2375717,1,2375718
20029,2375796,13,2375809
20030,2375824,27,2375851
20031,2375941,7,2375948
20032,2375963,3,2375966
20033,2376034,14,2376048
20034,2376075,7,2376082
20035,2376233,3,2376236
20036,2376489,12,2376501
20037,2376595,1,2376596
20038,2376718,24,2376742
20039,2376801,52,2376853
20040,2376859,36,2376895
20041,2377078,13,2377091
20042,2377097,14,2377111
20043,2377487,6,2377493
20044,2377536,20,2377556
20045,2377560,8,2377568
20046,2377631,19,2377650
20047,2377867,21,2377888
20048,2377911,15,2377926
20049,2378035,63,2378098
20050,2378220,12,2378232
20051,2378379,18,2378397
20052,2378405,9,2378414
20053,2378446,6,2378452
20054,2378497,26,2378523
20055,2378586,23,2378609
20056,2378632,34,2378666
20057,2378682,17,2378699
20058,2378834,20,2378854
20059,2379076,46,2379122
20060,2379230,32,2379262
20061,2379322,17,2379339
20062,2379642,1,2379643
20063,2380101,23,2380124
20064,2380447,4,2380451
20065,2380478,15,2380493
20066,2380627,5,2380632
20067,2380751,15,2380766
20068,2380982,16,2380998
20069,2381082,7,2381089
20070,2381136,1,2381137
20071,2381194,9,2381203
20072,2381313,5,2381318
20073,2381460,18,2381478
20074,2381502,23,2381525
20075,2381652,32,2381684
20076,2381708,78,2381786
20077,2381829,71,2381900
20078,2381913,13,2381926
20079,2381948,8,2381956
20080,2382159,2,2382161
20081,2382205,9,2382214
20082,2382233,7,2382240
20083,2382396,3,2382399
20084,2382433,25,2382458
20085,2382482,19,2382501
20086,2382599,34,2382633
20087,2382831,16,2382847
20088,2382849,12,2382861
20089,2382878,8,2382886
20090,2382918,9,2382927
20091,2383319,3,2383322
20092,2383575,22,2383597
20093,2383819,19,2383838
20094,2383845,25,2383870
20095,2383924,6,2383930
20096,2383960,30,2383990
20097,2384024,24,2384048
20098,2384066,30,2384096
20099,2384128,3,2384131
20100,2384145,15,2384160
20101,2384195,2,2384197
20102,2384220,10,2384230
20103,2384367,28,2384395
20104,2384580,13,2384593
20105,2384605,31,2384636
20106,2384706,11,2384717
20107,2384813,21,2384834
20108,2384910,4,2384914
20109,2385031,2,2385033
20110,2385155,8,2385163
20111,2385303,21,2385324
20112,2385379,13,2385392
20113,2385472,9,2385481
20114,2385622,26,2385648
20115,2385911,3,2385914
20116,2386063,25,2386088
20117,2386215,40,2386255
20118,2386292,56,2386348
20119,2386548,52,2386600
20120,2386633,46,2386679
20121,2386851,21,2386872
20122,2386925,20,2386945
20123,2387061,34,2387095
20124,2387133,17,2387150
20125,2387335,54,2387389
20126,2387425,17,2387442
20127,2387487,6,2387493
20128,2387506,16,2387522
20129,2387598,16,2387614
20130,2387666,42,2387708
20131,2387926,5,2387931
20132,2387972,5,2387977
20133,2388053,3,2388056
20134,2388143,15,2388158
20135,2388192,26,2388218
20136,2388274,1,2388275
20137,2388344,59,2388403
20138,2388512,63,2388575
20139,2388587,40,2388627
20140,2388678,16,2388694
20141,2388727,1,2388728
20142,2388862,21,2388883
20143,2388944,6,2388950
20144,2388975,24,2388999
20145,2389003,18,2389021
20146,2389306,13,2389319
20147,2389356,48,2389404
20148,2389487,10,2389497
20149,2389692,8,2389700
20150,2389715,4,2389719
20151,2389826,32,2389858
20152,2389946,44,2389990
20153,2390016,1,2390017
20154,2390252,19,2390271
20155,2390718,25,2390743
20156,2390882,21,2390903
20157,2391036,9,2391045
20158,2391101,1,2391102
20159,2391111,12,2391123
20160,2391147,46,2391193
20161,2391367,15,2391382
20162,2391743,7,2391750
20163,2391865,37,2391902
20164,2391957,4,2391961
20165,2391978,10,2391988
20166,2392000,7,2392007
20167,2392017,11,2392028
20168,2392115,3,2392118
20169,2392119,16,2392135
20170,2392262,5,2392267
20171,2392442,4,2392446
20172,2392447,4,2392451
20173,2392454,10,2392464
20174,2392532,43,2392575
20175,2392611,14,2392625
20176,2392632,11,2392643
20177,2392790,16,2392806
20178,2392870,13,2392883
20179,2393037,21,2393058
20180,2393146,18,2393164
20181,2393192,28,2393220
20182,2393318,26,2393344
20183,2393384,12,2393396
20184,2393398,1,2393399
20185,2393549,12,2393561
20186,2393605,9,2393614
20187,2393702,4,2393706
20188,2393988,11,2393999
20189,2394043,38,2394081
20190,2394210,6,2394216
20191,2394253,7,2394260
20192,2394268,11,2394279
20193,2394376,29,2394405
20194,2394424,3,2394427
20195,2394499,24,2394523
20196,2394747,53,2394800
20197,2394887,21,2394908
20198,2395146,13,2395159
20199,2395165,1,2395166
20200,2395353,12,2395365
20201,2395418,5,2395423
20202,2395548,53,2395601
20203,2395878,9,2395887
20204,2396016,79,2396095
20205,2396212,92,2396304
20206,2396446,5,2396451
20207,2396460,56,2396516
20208,2396609,6,2396615
20209,2396794,18,2396812
20210,2396915,14,2396929
20211,2396953,4,2396957
20212,2397231,17,2397248
20213,2397306,46,2397352
20214,2397431,3,2397434
20215,2397493,22,2397515
20216,2397518,13,2397531
20217,2397687,16,2397703
20218,2397902,18,2397920
20219,2397975,108,2398083
20220,2398307,4,2398311
20221,2398342,18,2398360
20222,2398470,42,2398512
20223,2398691,43,2398734
20224,2398798,41,2398839
20225,2398930,8,2398938
20226,2398999,11,2399010
20227,2399152,14,2399166
20228,2399184,28,2399212
20229,2399284,39,2399323
20230,2399358,6,2399364
20231,2399766,48,2399814
20232,2399915,4,2399919
20233,2400252,3,2400255
20234,2400294,73,2400367
20235,2400614,4,2400618
20236,2400632,1,2400633
20237,2400976,15,2400991
20238,2401066,27,2401093
20239,2401259,1,2401260
20240,2401703,23,2401726
20241,2402046,30,2402076
20242,2402124,6,2402130
20243,2402190,33,2402223
20244,2402371,40,2402411
20245,2402441,18,2402459
20246,2402475,35,2402510
20247,2402519,17,2402536
20248,2402710,11,2402721
20249,2402727,4,2402731
20250,2402828,39,2402867
20251,2402874,3,2402877
20252,2402917,11,2402928
20253,2403046,4,2403050
20254,2403113,28,2403141
20255,2403203,2,2403205
20256,2403247,8,2403255
20257,2403319,11,2403330
20258,2403397,25,2403422
20259,2403444,9,2403453
20260,2403490,4,2403494
20261,2403536,8,2403544
20262,2403565,2,2403567
20263,2403672,5,2403677
20264,2403691,77,2403768
20265,2403784,1,2403785
20266,2403793,23,2403816
20267,2403933,9,2403942
20268,2403974,37,2404011
20269,2404317,23,2404340
20270,2404396,1,2404397
20271,2404411,23,2404434
20272,2404521,29,2404550
20273,2404675,1,2404676
20274,2404687,1,2404688
20275,2404741,35,2404776
20276,2404974,47,2405021
20277,2405115,11,2405126
20278,2405216,65,2405281
20279,2405397,11,2405408
20280,2405514,8,2405522
20281,2405546,4,2405550
20282,2405701,15,2405716
20283,2405826,22,2405848
20284,2406120,21,2406141
20285,2406180,2,2406182
20286,2406251,12,2406263
20287,2406509,36,2406545
20288,2406602,4,2406606
20289,2406638,5,2406643
20290,2406896,22,2406918
20291,2407028,15,2407043
20292,2407098,14,2407112
20293,2407270,11,2407281
20294,2407361,37,2407398
20295,2407468,2,2407470
20296,2407482,50,2407532
20297,2407687,56,2407743
20298,2407908,1,2407909
20299,2407917,21,2407938
20300,2408131,44,2408175
20301,2408362,11,2408373
20302,2408495,12,2408507
20303,2408628,27,2408655
20304,2408839,31,2408870
20305,2408935,30,2408965
20306,2408967,8,2408975
20307,2409135,17,2409152
20308,2409226,14,2409240
20309,2409291,14,2409305
20310,2409357,49,2409406
20311,2409482,2,2409484
20312,2409655,24,2409679
20313,2409898,8,2409906
20314,2410133,14,2410147
20315,2410303,6,2410309
20316,2410550,14,2410564
20317,2411002,38,2411040
20318,2411381,12,2411393
20319,2411427,7,2411434
20320,2411479,8,2411487
20321,2411610,14,2411624
20322,2411720,53,2411773
20323,2411883,32,2411915
20324,2411921,7,2411928
20325,2411992,32,2412024
20326,2412030,4,2412034
20327,2412291,10,2412301
20328,2412313,55,2412368
20329,2412398,26,2412424
20330,2412485,2,2412487
20331,2412529,4,2412533
20332,2412541,12,2412553
20333,2412654,3,2412657
20334,2412695,14,2412709
20335,2412969,36,2413005
20336,2413112,3,2413115
20337,2413347,20,2413367
20338,2413486,5,2413491
20339,2413515,41,2413556
20340,2413906,17,2413923
20341,2414190,21,2414211
20342,2414353,17,2414370
20343,2414425,2,2414427
20344,2414559,14,2414573
20345,2414754,10,2414764
20346,2414875,1,2414876
20347,2415188,43,2415231
20348,2415304,7,2415311
20349,2415734,7,2415741
20350,2415855,9,2415864
20351,2415915,45,2415960
20352,2415962,85,2416047
20353,2416065,7,2416072
20354,2416099,31,2416130
20355,2416149,23,2416172
20356,2416220,24,2416244
20357,2416404,2,2416406
20358,2416617,1,2416618
20359,2416650,106,2416756
20360,2416799,33,2416832
20361,2416868,52,2416920
20362,2417122,11,2417133
20363,2417137,7,2417144
20364,2417374,15,2417389
20365,2417463,24,2417487
20366,2417506,41,2417547
20367,2417594,12,2417606
20368,2417866,8,2417874
20369,2418003,1,2418004
20370,2418121,1,2418122
20371,2418344,12,2418356
20372,2418393,22,2418415
20373,2418464,13,2418477
20374,2418627,15,2418642
20375,2418664,33,2418697
20376,2418835,21,2418856
20377,2418957,7,2418964
20378,2418999,10,2419009
20379,2419062,3,2419065
20380,2419128,58,2419186
20381,2419248,8,2419256
20382,2419302,7,2419309
20383,2419480,6,2419486
20384,2419664,11,2419675
20385,2419788,17,2419805
20386,2419828,116,2419944
20387,2419981,8,2419989
20388,2420068,4,2420072
20389,2420092,4,2420096
20390,2420156,6,2420162
20391,2420304,18,2420322
20392,2420330,40,2420370
20393,2420387,52,2420439
20394,2421024,15,2421039
20395,2421577,20,2421597
20396,2421782,42,2421824
20397,2421953,71,2422024
20398,2422068,23,2422091
20399,2422144,19,2422163
20400,2422415,15,2422430
20401,2422529,50,2422579
20402,2422585,18,2422603
20403,2422661,15,2422676
20404,2422688,1,2422689
20405,2422726,77,2422803
20406,2422931,7,2422938
20407,2423001,3,2423004
20408,2423024,52,2423076
20409,2423095,52,2423147
20410,2423252,2,2423254
20411,2423283,2,2423285
20412,2423355,57,2423412
20413,2423581,38,2423619
20414,2423664,21,2423685
20415,2423746,18,2423764
20416,2423920,1,2423921
20417,2423943,6,2423949
20418,2423965,2,2423967
20419,2423981,26,2424007
20420,2424027,40,2424067
20421,2424305,10,2424315
20422,2424320,4,2424324
20423,2424338,28,2424366
20424,2424398,32,2424430
20425,2424444,20,2424464
20426,2424643,93,2424736
20427,2425093,4,2425097
20428,2425173,21,2425194
20429,2425338,33,2425371
20430,2425436,20,2425456
20431,2425818,3,2425821
20432,2425834,21,2425855
20433,2425862,31,2425893
20434,2425947,20,2425967
20435,2426040,11,2426051
20436,2426207,75,2426282
20437,2426342,69,2426411
20438,2426434,4,2426438
20439,2426560,19,2426579
20440,2426594,29,2426623
20441,2426719,4,2426723
20442,2426915,4,2426919
20443,2427142,5,2427147
20444,2427222,1,2427223
20445,2427310,65,2427375
20446,2427458,42,2427500
20447,2427501,38,2427539
20448,2427562,32,2427594
20449,2427600,7,2427607
20450,2427719,14,2427733
20451,2427802,10,2427812
20452,2427992,13,2428005
20453,2428044,23,2428067
20454,2428233,10,2428243
20455,2428291,8,2428299
20456,2428475,45,2428520
20457,2428749,20,2428769
20458,2428773,4,2428777
20459,2428981,38,2429019
20460,2429030,4,2429034
20461,2429067,11,2429078
20462,2429093,10,2429103
20463,2429145,17,2429162
20464,2429186,22,2429208
20465,2429968,37,2430005
20466,2430039,9,2430048
20467,2430234,32,2430266
20468,2430360,7,2430367
20469,2430491,63,2430554
20470,2430585,31,2430616
20471,2430672,3,2430675
20472,2430710,4,2430714
20473,2431103,56,2431159
20474,2431196,19,2431215
20475,2431319,13,2431332
20476,2431448,3,2431451
20477,2431602,4,2431606
20478,2431636,16,2431652
20479,2431719,12,2431731
20480,2431888,1,2431889
20481,2431989,5,2431994
20482,2432131,10,2432141
20483,2432325,7,2432332
20484,2432421,3,2432424
20485,2432437,2,2432439
20486,2432447,34,2432481
20487,2432598,13,2432611
20488,2432657,10,2432667
20489,2432685,16,2432701
20490,2432707,5,2432712
20491,2432785,8,2432793
20492,2432807,11,2432818
20493,2432913,10,2432923
20494,2433100,37,2433137
20495,2433246,3,2433249
20496,2433269,5,2433274
20497,2433340,42,2433382
20498,2433609,1,2433610
20499,2433624,25,2433649
20500,2433671,4,2433675
20501,2433708,18,2433726
20502,2433958,21,2433979
20503,2434202,2,2434204
20504,2434221,17,2434238
20505,2434299,27,2434326
20506,2434603,34,2434637
20507,2434716,11,2434727
20508,2434818,8,2434826
20509,2434971,12,2434983
20510,2435101,8,2435109
20511,2435163,29,2435192
20512,2435254,29,2435283
20513,2435297,17,2435314
20514,2435378,5,2435383
20515,2435397,13,2435410
20516,2435474,98,2435572
20517,2435700,7,2435707
20518,2435790,36,2435826
20519,2435886,12,2435898
20520,2435925,10,2435935
20521,2436220,42,2436262
20522,2436309,8,2436317
20523,2436324,13,2436337
20524,2436410,2,2436412
20525,2436467,16,2436483
20526,2436613,32,2436645
20527,2436874,36,2436910
20528,2436962,10,2436972
20529,2437149,2,2437151
20530,2437304,3,2437307
20531,2437496,17,2437513
20532,2437562,3,2437565
20533,2437600,30,2437630
20534,2437756,5,2437761
20535,2437806,5,2437811
20536,2437814,21,2437835
20537,2437866,18,2437884
20538,2438377,9,2438386
20539,2438392,11,2438403
20540,2438440,52,2438492
20541,2438543,14,2438557
20542,2438583,6,2438589
20543,2438921,6,2438927
20544,2438985,9,2438994
20545,2439024,16,2439040
20546,2439056,4,2439060
20547,2439079,14,2439093
20548,2439140,10,2439150
20549,2439608,22,2439630
20550,2439896,22,2439918
20551,2439932,10,2439942
20552,2440266,1,2440267
20553,2440506,11,2440517
20554,2440526,1,2440527
20555,2440570,27,2440597
20556,2440695,28,2440723
20557,2440761,2,2440763
20558,2440771,3,2440774
20559,2440973,17,2440990
20560,2441108,26,2441134
20561,2441166,28,2441194
20562,2441338,15,2441353
20563,2441478,13,2441491
20564,2441541,3,2441544
20565,2441620,42,2441662
20566,2441832,9,2441841
20567,2441843,40,2441883
20568,2441968,47,2442015
20569,2442021,7,2442028
20570,2442352,29,2442381
20571,2442395,32,2442427
20572,2442651,61,2442712
20573,2442813,7,2442820
20574,2442831,3,2442834
20575,2442963,75,2443038
20576,2443220,19,2443239
20577,2443316,13,2443329
20578,2443464,2,2443466
20579,2443593,3,2443596
20580,2443648,4,2443652
20581,2443784,9,2443793
20582,2443983,4,2443987
20583,2444067,27,2444094
20584,2444099,3,2444102
20585,2444151,26,2444177
20586,2444372,34,2444406
20587,2444709,48,2444757
20588,2444766,20,2444786
20589,2445114,2,2445116
20590,2445342,17,2445359
20591,2445372,5,2445377
20592,2445541,29,2445570
20593,2445660,7,2445667
20594,2445687,2,2445689
20595,2445695,19,2445714
20596,2445722,10,2445732
20597,2445869,38,2445907
20598,2445910,11,2445921
20599,2445991,9,2446000
20600,2446091,7,2446098
20601,2446203,80,2446283
20602,2446400,50,2446450
20603,2446596,21,2446617
20604,2446629,10,2446639
20605,2446758,23,2446781
20606,2446826,10,2446836
20607,2446862,25,2446887
20608,2446940,10,2446950
20609,2447281,21,2447302
20610,2447332,11,2447343
20611,2447390,6,2447396
20612,2447404,2,2447406
20613,2447844,34,2447878
20614,2448079,9,2448088
20615,2448212,1,2448213
20616,2448231,5,2448236
20617,2448535,74,2448609
20618,2448653,4,2448657
20619,2448707,1,2448708
20620,2448769,5,2448774
20621,2448875,73,2448948
20622,2449033,34,2449067
20623,2449135,3,2449138
20624,2449260,14,2449274
20625,2449354,20,2449374
20626,2449442,9,2449451
20627,2449559,2,2449561
20628,2449799,6,2449805
20629,2449979,5,2449984
20630,2450063,18,2450081
20631,2450108,4,2450112
20632,2450166,40,2450206
20633,2450285,12,2450297
20634,2450479,28,2450507
20635,2450547,6,2450553
20636,2450684,1,2450685
20637,2450731,14,2450745
20638,2450783,8,2450791
20639,2450838,29,2450867
20640,2451064,6,2451070
20641,2451197,18,2451215
20642,2451354,5,2451359
20643,2451445,16,2451461
20644,2451502,10,2451512
20645,2451565,6,2451571
20646,2451593,8,2451601
20647,2451734,11,2451745
20648,2451915,26,2451941
20649,2452147,8,2452155
20650,2452180,13,2452193
20651,2452230,5,2452235
20652,2452602,5,2452607
20653,2452608,25,2452633
20654,2453083,46,2453129
20655,2453174,6,2453180
20656,2453207,47,2453254
20657,2453455,37,2453492
20658,2453524,2,2453526
20659,2453727,1,2453728
20660,2453766,11,2453777
20661,2453800,7,2453807
20662,2453984,11,2453995
20663,2454044,8,2454052
20664,2454208,4,2454212
20665,2454276,1,2454277
20666,2454323,21,2454344
20667,2454441,22,2454463
20668,2454558,22,2454580
20669,2455174,9,2455183
20670,2455208,82,2455290
20671,2455379,11,2455390
20672,2455692,8,2455700
20673,2455793,7,2455800
20674,2456001,8,2456009
20675,2456145,25,2456170
20676,2456249,35,2456284
20677,2456320,30,2456350
20678,2456532,55,2456587
20679,2456763,13,2456776
20680,2456814,4,2456818
20681,2456988,73,2457061
20682,2457083,9,2457092
20683,2457165,14,2457179
20684,2457184,2,2457186
20685,2457333,6,2457339
20686,2457404,7,2457411
20687,2457610,8,2457618
20688,2457649,5,2457654
20689,2457727,29,2457756
20690,2457850,25,2457875
20691,2457992,4,2457996
20692,2458004,41,2458045
20693,2458063,20,2458083
20694,2458094,6,2458100
20695,2458239,53,2458292
20696,2458323,66,2458389
20697,2458432,32,2458464
20698,2458706,17,2458723
20699,2458826,20,2458846
20700,2458880,5,2458885
20701,2458895,20,2458915
20702,2459167,51,2459218
20703,2459293,20,2459313
20704,2459566,3,2459569
20705,2459869,5,2459874
20706,2459900,16,2459916
20707,2460332,5,2460337
20708,2460357,3,2460360
20709,2460372,7,2460379
20710,2460428,28,2460456
20711,2460483,28,2460511
20712,2460530,33,2460563
20713,2460639,3,2460642
20714,2460651,16,2460667
20715,2460818,5,2460823
20716,2460865,2,2460867
20717,2460917,7,2460924
20718,2461016,6,2461022
20719,2461033,61,2461094
20720,2461190,2,2461192
20721,2461291,36,2461327
20722,2461664,38,2461702
20723,2461752,12,2461764
20724,2461815,21,2461836
20725,2461886,25,2461911
20726,2462007,8,2462015
20727,2462158,17,2462175
20728,2462244,57,2462301
20729,2462302,25,2462327
20730,2462338,5,2462343
20731,2462668,27,2462695
20732,2462775,25,2462800
20733,2463069,6,2463075
20734,2463101,6,2463107
20735,2463132,2,2463134
20736,2463460,11,2463471
20737,2463563,53,2463616
20738,2463623,7,2463630
20739,2463746,26,2463772
20740,2463835,63,2463898
20741,2463923,38,2463961
20742,2464098,27,2464125
20743,2464132,28,2464160
20744,2464358,5,2464363
20745,2464378,11,2464389
20746,2464662,17,2464679
20747,2464860,6,2464866
20748,2465011,4,2465015
20749,2465019,10,2465029
20750,2465213,10,2465223
20751,2465228,28,2465256
20752,2465495,4,2465499
20753,2465558,36,2465594
20754,2465619,19,2465638
20755,2465651,15,2465666
20756,2465697,8,2465705
20757,2465755,15,2465770
20758,2465780,26,2465806
20759,2465815,24,2465839
20760,2465923,7,2465930
20761,2465936,59,2465995
20762,2466282,17,2466299
20763,2466415,32,2466447
20764,2466498,2,2466500
20765,2466830,8,2466838
20766,2466905,21,2466926
20767,2466977,27,2467004
20768,2467093,6,2467099
20769,2467113,12,2467125
20770,2467139,24,2467163
20771,2467205,10,2467215
20772,2467426,12,2467438
20773,2467887,47,2467934
20774,2467941,2,2467943
20775,2468159,38,2468197
20776,2468295,11,2468306
20777,2468501,18,2468519
20778,2468531,68,2468599
20779,2468641,30,2468671
20780,2468851,14,2468865
20781,2469079,47,2469126
20782,2469233,21,2469254
20783,2469266,24,2469290
20784,2469382,33,2469415
20785,2469461,14,2469475
20786,2469641,16,2469657
20787,2469729,27,2469756
20788,2469859,4,2469863
20789,2470045,22,2470067
20790,2470096,15,2470111
20791,2470191,4,2470195
20792,2470202,6,2470208
20793,2470240,20,2470260
20794,2470267,18,2470285
20795,2470502,84,2470586
20796,2470626,14,2470640
20797,2470790,38,2470828
20798,2471005,7,2471012
20799,2471096,7,2471103
20800,2471212,6,2471218
20801,2471248,50,2471298
20802,2471364,86,2471450
20803,2471494,1,2471495
20804,2471550,15,2471565
20805,2471730,13,2471743
20806,2471780,5,2471785
20807,2471788,9,2471797
20808,2472092,3,2472095
20809,2472096,9,2472105
20810,2472270,14,2472284
20811,2472286,13,2472299
20812,2472324,49,2472373
20813,2472393,24,2472417
20814,2472621,4,2472625
20815,2472700,11,2472711
20816,2472752,2,2472754
20817,2472884,25,2472909
20818,2472940,6,2472946
20819,2472978,30,2473008
20820,2473056,22,2473078
20821,2473272,3,2473275
20822,2473335,36,2473371
20823,2473446,22,2473468
20824,2473543,9,2473552
20825,2473570,33,2473603
20826,2473690,39,2473729
20827,2473746,12,2473758
20828,2473812,17,2473829
20829,2473960,15,2473975
20830,2474034,29,2474063
20831,2474377,25,2474402
20832,2474430,4,2474434
20833,2474467,8,2474475
20834,2474519,10,2474529
20835,2474544,17,2474561
20836,2474673,57,2474730
20837,2474778,8,2474786
20838,2475029,17,2475046
20839,2475131,4,2475135
20840,2475286,6,2475292
20841,2475319,60,2475379
20842,2475434,21,2475455
20843,2475497,26,2475523
20844,2475844,18,2475862
20845,2475931,16,2475947
20846,2476049,9,2476058
20847,2476076,32,2476108
20848,2476118,12,2476130
20849,2476289,37,2476326
20850,2476578,35,2476613
20851,2476633,5,2476638
20852,2476655,21,2476676
20853,2476709,71,2476780
20854,2476839,41,2476880
20855,2477059,6,2477065
20856,2477285,8,2477293
20857,2477308,48,2477356
20858,2477465,1,2477466
20859,2477515,41,2477556
20860,2477688,12,2477700
20861,2477947,10,2477957
20862,2477981,14,2477995
20863,2477996,16,2478012
20864,2478260,14,2478274
20865,2478448,8,2478456
20866,2478638,1,2478639
20867,2478649,15,2478664
20868,2478679,6,2478685
20869,2478723,6,2478729
20870,2478746,21,2478767
20871,2478778,86,2478864
20872,2478878,19,2478897
20873,2479074,20,2479094
20874,2479137,34,2479171
20875,2479349,15,2479364
20876,2479423,51,2479474
20877,2479558,30,2479588
20878,2479707,17,2479724
20879,2479725,7,2479732
20880,2479803,1,2479804
20881,2480162,7,2480169
20882,2480182,15,2480197
20883,2480263,17,2480280
20884,2480281,7,2480288
20885,2480289,15,2480304
20886,2480429,15,2480444
20887,2480532,2,2480534
20888,2480551,15,2480566
20889,2480718,2,2480720
20890,2480727,13,2480740
20891,2480777,18,2480795
20892,2480895,28,2480923
20893,2480966,13,2480979
20894,2481131,18,2481149
20895,2481272,10,2481282
20896,2481519,7,2481526
20897,2481583,32,2481615
20898,2481619,50,2481669
20899,2481728,21,2481749
20900,2481855,36,2481891
20901,2481930,8,2481938
20902,2482012,25,2482037
20903,2482180,48,2482228
20904,2482275,13,2482288
20905,2482352,31,2482383
20906,2482388,4,2482392
20907,2482421,11,2482432
20908,2482480,12,2482492
20909,2482563,14,2482577
20910,2482610,9,2482619
20911,2482678,41,2482719
20912,2483030,1,2483031
20913,2483072,2,2483074
20914,2483168,21,2483189
20915,2483359,37,2483396
20916,2483468,2,2483470
20917,2483631,22,2483653
20918,2483758,11,2483769
20919,2483938,63,2484001
20920,2484110,6,2484116
20921,2484175,11,2484186
20922,2484247,30,2484277
20923,2484282,10,2484292
20924,2484427,24,2484451
20925,2484473,3,2484476
20926,2484646,8,2484654
20927,2484684,40,2484724
20928,2484781,1,2484782
20929,2484882,4,2484886
20930,2484974,17,2484991
20931,2485313,15,2485328
20932,2485398,25,2485423
20933,2485477,36,2485513
20934,2485531,7,2485538
20935,2485842,13,2485855
20936,2485939,5,2485944
20937,2486099,4,2486103
20938,2486170,9,2486179
20939,2486282,13,2486295
20940,2486334,7,2486341
20941,2486366,1,2486367
20942,2486537,12,2486549
20943,2486558,9,2486567
20944,2486594,22,2486616
20945,2486642,35,2486677
20946,2486795,4,2486799
20947,2486906,5,2486911
20948,2487166,10,2487176
20949,2487204,5,2487209
20950,2487214,11,2487225
20951,2487247,1,2487248
20952,2487262,16,2487278
20953,2487392,1,2487393
20954,2487704,1,2487705
20955,2487735,44,2487779
20956,2487792,59,2487851
20957,2487930,29,2487959
20958,2488066,65,2488131
20959,2488184,66,2488250
20960,2488545,49,2488594
20961,2488624,8,2488632
20962,2488690,11,2488701
20963,2488738,18,2488756
20964,2488930,42,2488972
20965,2489027,4,2489031
20966,2489064,17,2489081
20967,2489222,10,2489232
20968,2489281,18,2489299
20969,2489798,35,2489833
20970,2489861,8,2489869
20971,2489884,20,2489904
20972,2489915,1,2489916
20973,2489941,27,2489968
20974,2490038,21,2490059
20975,2490276,12,2490288
20976,2490312,14,2490326
20977,2490415,5,2490420
20978,2490617,5,2490622
20979,2490741,31,2490772
20980,2490904,1,2490905
20981,2490953,4,2490957
20982,2491005,3,2491008
20983,2491193,33,2491226
20984,2491242,38,2491280
20985,2491579,3,2491582
20986,2491598,4,2491602
20987,2491747,18,2491765
20988,2491853,40,2491893
20989,2491918,46,2491964
20990,2491979,7,2491986
20991,2492048,9,2492057
20992,2492311,5,2492316
20993,2492512,15,2492527
20994,2492542,9,2492551
20995,2492562,19,2492581
20996,2492725,2,2492727
20997,2492999,8,2493007
20998,2493079,33,2493112
20999,2493114,7,2493121
21000,2493124,5,2493129
21001,2493310,13,2493323
21002,2493335,22,2493357
21003,2493472,6,2493478
21004,2493619,35,2493654
21005,2493660,1,2493661
21006,2493756,12,2493768
21007,2493825,16,2493841
21008,2493942,13,2493955
21009,2493994,3,2493997
21010,2494073,24,2494097
21011,2494741,4,2494745
21012,2494789,50,2494839
21013,2494936,21,2494957
21014,2495124,8,2495132
21015,2495343,23,2495366
21016,2495387,19,2495406
21017,2495464,16,2495480
21018,2495549,8,2495557
21019,2495727,14,2495741
21020,2495772,13,2495785
21021,2495848,10,2495858
21022,2495899,22,2495921
21023,2495924,3,2495927
21024,2496021,24,2496045
21025,2496052,22,2496074
21026,2496197,36,2496233
21027,2496347,20,2496367
21028,2496525,15,2496540
21029,2496669,65,2496734
21030,2496938,8,2496946
21031,2497037,11,2497048
21032,2497090,9,2497099
21033,2497102,64,2497166
21034,2497303,5,2497308
21035,2497423,3,2497426
21036,2497799,17,2497816
21037,2497976,60,2498036
21038,2498099,58,2498157
21039,2498180,28,2498208
21040,2498246,34,2498280
21041,2498448,42,2498490
21042,2498553,15,2498568
21043,2498587,7,2498594
21044,2498683,31,2498714
21045,2498840,8,2498848
21046,2498943,16,2498959
21047,2499098,17,2499115
21048,2499236,128,2499364
21049,2499537,32,2499569
21050,2499703,37,2499740
21051,2499751,26,2499777
21052,2499837,34,2499871
21053,2499937,22,2499959
21054,2499994,6,2500000
21055,2500261,1,2500262
21056,2500274,2,2500276
21057,2500387,1,2500388
21058,2500472,39,2500511
21059,2500531,3,2500534
21060,2500539,6,2500545
21061,2500605,7,2500612
21062,2500621,25,2500646
21063,2500867,13,2500880
21064,2500925,6,2500931
21065,2501003,13,2501016
21066,2501026,8,2501034
21067,2501041,52,2501093
21068,2501236,19,2501255
21069,2501267,2,2501269
21070,2501326,18,2501344
21071,2501458,20,2501478
21072,2501563,1,2501564
21073,2501573,70,2501643
21074,2501750,1,2501751
21075,2501753,15,2501768
21076,2501783,3,2501786
21077,2501895,36,2501931
21078,2502095,8,2502103
21079,2502138,7,2502145
21080,2502147,23,2502170
21081,2502180,1,2502181
21082,2502202,11,2502213
21083,2502229,1,2502230
21084,2502288,12,2502300
21085,2502614,30,2502644
21086,2502859,7,2502866
21087,2502919,11,2502930
21088,2502987,6,2502993
21089,2503345,18,2503363
21090,2503422,2,2503424
21091,2503571,9,2503580
21092,2503584,10,2503594
21093,2503605,11,2503616
21094,2503707,6,2503713
21095,2503719,3,2503722
21096,2504036,41,2504077
21097,2504154,23,2504177
21098,2504217,11,2504228
21099,2504373,23,2504396
21100,2504423,2,2504425
21101,2504629,82,2504711
21102,2504745,9,2504754
21103,2504762,29,2504791
21104,2504807,15,2504822
21105,2505008,23,2505031
21106,2505519,16,2505535
21107,2505596,6,2505602
21108,2505647,3,2505650
21109,2505671,1,2505672
21110,2505714,1,2505715
21111,2505764,9,2505773
21112,2505841,5,2505846
21113,2505998,19,2506017
21114,2506066,37,2506103
21115,2506129,46,2506175
21116,2506333,8,2506341
21117,2506352,15,2506367
21118,2506387,9,2506396
21119,2506768,13,2506781
21120,2506862,10,2506872
21121,2506919,12,2506931
21122,2507015,43,2507058
21123,2507428,31,2507459
21124,2507599,5,2507604
21125,2507773,14,2507787
21126,2507857,2,2507859
21127,2507866,26,2507892
21128,2508022,18,2508040
21129,2508725,73,2508798
21130,2508942,63,2509005
21131,2509016,11,2509027
21132,2509031,35,2509066
21133,2509078,24,2509102
21134,2509294,1,2509295
21135,2509390,39,2509429
21136,2509836,23,2509859
21137,2509890,16,2509906
21138,2509959,32,2509991
21139,2510072,27,2510099
21140,2510248,5,2510253
21141,2510389,4,2510393
21142,2510433,13,2510446
21143,2510653,11,2510664
21144,2510897,35,2510932
21145,2510955,7,2510962
21146,2511006,26,2511032
21147,2511207,40,2511247
21148,2511395,1,2511396
21149,2511422,11,2511433
21150,2511453,49,2511502
21151,2511555,11,2511566
21152,2511609,32,2511641
21153,2511689,15,2511704
21154,2511782,15,2511797
21155,2511817,14,2511831
21156,2511908,30,2511938
21157,2512162,39,2512201
21158,2512214,16,2512230
21159,2512258,19,2512277
21160,2512427,24,2512451
21161,2512455,3,2512458
21162,2512524,35,2512559
21163,2512612,6,2512618
21164,2512911,8,2512919
21165,2513075,5,2513080
21166,2513179,7,2513186
21167,2513234,34,2513268
21168,2513371,10,2513381
21169,2513418,2,2513420
21170,2513497,9,2513506
21171,2513637,1,2513638
21172,2513720,49,2513769
21173,2513899,15,2513914
21174,2513934,17,2513951
21175,2514124,18,2514142
21176,2514148,8,2514156
21177,2514312,2,2514314
21178,2514374,21,2514395
21179,2514460,27,2514487
21180,2514864,3,2514867
21181,2514897,15,2514912
21182,2514936,18,2514954
21183,2515033,1,2515034
21184,2515219,3,2515222
21185,2515408,3,2515411
21186,2515657,10,2515667
21187,2515732,29,2515761
21188,2515793,13,2515806
21189,2515854,5,2515859
21190,2515977,27,2516004
21191,2516024,3,2516027
21192,2516031,13,2516044
21193,2516075,18,2516093
21194,2516244,31,2516275
21195,2516425,15,2516440
21196,2516457,1,2516458
21197,2516501,4,2516505
21198,2516645,8,2516653
21199,2516656,2,2516658
21200,2516693,36,2516729
21201,2516845,4,2516849
21202,2516979,17,2516996
21203,2517028,59,2517087
21204,2517198,11,2517209
21205,2517249,1,2517250
21206,2517360,22,2517382
21207,2517408,15,2517423
21208,2517436,17,2517453
21209,2517586,7,2517593
21210,2517616,8,2517624
21211,2517643,22,2517665
21212,2517837,20,2517857
21213,2518007,17,2518024
21214,2518136,5,2518141
21215,2518145,35,2518180
21216,2518379,23,2518402
21217,2518421,9,2518430
21218,2518733,4,2518737
21219,2518765,22,2518787
21220,2518845,12,2518857
21221,2519075,14,2519089
21222,2519234,11,2519245
21223,2519349,1,2519350
21224,2519430,8,2519438
21225,2519642,19,2519661
21226,2519815,37,2519852
21227,2519853,21,2519874
21228,2519983,10,2519993
21229,2520045,30,2520075
21230,2520093,6,2520099
21231,2520217,7,2520224
21232,2520386,9,2520395
21233,2520434,53,2520487
21234,2520653,14,2520667
21235,2520675,21,2520696
21236,2520879,13,2520892
21237,2520902,89,2520991
21238,2521014,24,2521038
21239,2521054,3,2521057
21240,2521177,1,2521178
21241,2521498,15,2521513
21242,2521531,1,2521532
21243,2521564,19,2521583
21244,2521732,19,2521751
21245,2521893,6,2521899
21246,2521962,9,2521971
21247,2522185,13,2522198
21248,2522274,3,2522277
21249,2522349,55,2522404
21250,2522473,20,2522493
21251,2522654,15,2522669
21252,2522676,7,2522683
21253,2522693,3,2522696
21254,2522817,33,2522850
21255,2522900,13,2522913
21256,2522956,4,2522960
21257,2523043,19,2523062
21258,2523130,43,2523173
21259,2523180,7,2523187
21260,2523215,32,2523247
21261,2523329,6,2523335
21262,2523449,4,2523453
21263,2523508,10,2523518
21264,2523676,6,2523682
21265,2523810,61,2523871
21266,2524044,12,2524056
21267,2524072,9,2524081
21268,2524112,11,2524123
21269,2524155,26,2524181
21270,2524230,6,2524236
21271,2524244,4,2524248
21272,2524534,9,2524543
21273,2524573,11,2524584
21274,2524848,50,2524898
21275,2525028,14,2525042
21276,2525188,3,2525191
21277,2525236,2,2525238
21278,2525288,51,2525339
21279,2525351,17,2525368
21280,2525405,24,2525429
21281,2525513,38,2525551
21282,2525631,5,2525636
21283,2525848,2,2525850
21284,2525901,3,2525904
21285,2525920,28,2525948
21286,2526093,23,2526116
21287,2526158,17,2526175
21288,2526416,10,2526426
21289,2526455,17,2526472
21290,2526512,1,2526513
21291,2526520,36,2526556
21292,2526620,18,2526638
21293,2526714,5,2526719
21294,2526842,3,2526845
21295,2526886,1,2526887
21296,2526981,32,2527013
21297,2527201,32,2527233
21298,2527308,62,2527370
21299,2527378,79,2527457
21300,2527523,41,2527564
21301,2527611,4,2527615
21302,2527792,24,2527816
21303,2527819,2,2527821
21304,2527857,17,2527874
21305,2527912,12,2527924
21306,2528017,4,2528021
21307,2528060,7,2528067
21308,2528078,29,2528107
21309,2528170,3,2528173
21310,2528238,3,2528241
21311,2528261,22,2528283
21312,2528434,6,2528440
21313,2528458,1,2528459
21314,2528596,1,2528597
21315,2528611,25,2528636
21316,2528662,35,2528697
21317,2528837,7,2528844
21318,2528852,20,2528872
21319,2528966,2,2528968
21320,2528999,8,2529007
21321,2529014,12,2529026
21322,2529275,6,2529281
21323,2529294,11,2529305
21324,2529402,31,2529433
21325,2529439,19,2529458
21326,2529541,45,2529586
21327,2529647,3,2529650
21328,2530031,1,2530032
21329,2530157,15,2530172
21330,2530258,21,2530279
21331,2530410,19,2530429
21332,2530443,5,2530448
21333,2530476,12,2530488
21334,2530604,7,2530611
21335,2530898,28,2530926
21336,2530974,18,2530992
21337,2531012,1,2531013
21338,2531049,17,2531066
21339,2531175,22,2531197
21340,2531251,12,2531263
21341,2531589,22,2531611
21342,2531834,20,2531854
21343,2531924,26,2531950
21344,2532033,3,2532036
21345,2532115,9,2532124
21346,2532258,47,2532305
21347,2532395,9,2532404
21348,2532417,36,2532453
21349,2532476,40,2532516
21350,2532727,12,2532739
21351,2532830,5,2532835
21352,2532913,7,2532920
21353,2532957,81,2533038
21354,2533132,12,2533144
21355,2533254,15,2533269
21356,2533456,20,2533476
21357,2533575,35,2533610
21358,2533647,4,2533651
21359,2533754,13,2533767
21360,2533772,17,2533789
21361,2533810,81,2533891
21362,2534102,23,2534125
21363,2534647,2,2534649
21364,2534651,1,2534652
21365,2534676,15,2534691
21366,2535085,5,2535090
21367,2535264,35,2535299
21368,2535353,96,2535449
21369,2535811,23,2535834
21370,2536058,15,2536073
21371,2536123,70,2536193
21372,2536210,20,2536230
21373,2536343,30,2536373
21374,2536399,3,2536402
21375,2536515,5,2536520
21376,2536582,26,2536608
21377,2536692,62,2536754
21378,2536811,14,2536825
21379,2536893,51,2536944
21380,2537130,29,2537159
21381,2537196,14,2537210
21382,2537216,23,2537239
21383,2537383,3,2537386
21384,2537644,88,2537732
21385,2537803,10,2537813
21386,2537849,19,2537868
21387,2537894,7,2537901
21388,2538078,2,2538080
21389,2538135,14,2538149
21390,2538172,23,2538195
21391,2538309,40,2538349
21392,2538420,4,2538424
21393,2538597,27,2538624
21394,2538803,13,2538816
21395,2538980,9,2538989
21396,2539014,37,2539051
21397,2539169,40,2539209
21398,2539364,31,2539395
21399,2539412,5,2539417
21400,2539524,3,2539527
21401,2539531,6,2539537
21402,2539648,31,2539679
21403,2539736,12,2539748
21404,2540138,10,2540148
21405,2540311,30,2540341
21406,2540528,5,2540533
21407,2540886,6,2540892
21408,2540896,14,2540910
21409,2540953,17,2540970
21410,2541032,30,2541062
21411,2541460,8,2541468
21412,2541674,25,2541699
21413,2541800,4,2541804
21414,2542162,9,2542171
21415,2542176,21,2542197
21416,2542300,34,2542334
21417,2542365,30,2542395
21418,2542421,27,2542448
21419,2542496,2,2542498
21420,2542517,14,2542531
21421,2542535,2,2542537
21422,2542555,2,2542557
21423,2542659,30,2542689
21424,2542697,15,2542712
21425,2542753,12,2542765
21426,2542921,13,2542934
21427,2543059,2,2543061
21428,2543105,53,2543158
21429,2543279,15,2543294
21430,2543443,11,2543454
21431,2543605,4,2543609
21432,2543636,7,2543643
21433,2543680,10,2543690
21434,2543839,13,2543852
21435,2544113,16,2544129
21436,2544205,5,2544210
21437,2544568,32,2544600
21438,2544802,36,2544838
21439,2545072,8,2545080
21440,2545138,2,2545140
21441,2545339,12,2545351
21442,2545498,38,2545536
21443,2545573,17,2545590
21444,2545667,30,2545697
21445,2545845,79,2545924
21446,2545939,3,2545942
21447,2545949,8,2545957
21448,2546109,13,2546122
21449,2546192,21,2546213
21450,2546221,9,2546230
21451,2546460,8,2546468
21452,2546613,32,2546645
21453,2546753,74,2546827
21454,2546936,10,2546946
21455,2547113,5,2547118
21456,2547132,15,2547147
21457,2547164,7,2547171
21458,2547284,4,2547288
21459,2547319,13,2547332
21460,2547370,21,2547391
21461,2547545,25,2547570
21462,2547687,7,2547694
21463,2547705,59,2547764
21464,2547957,20,2547977
21465,2548004,13,2548017
21466,2548213,7,2548220
21467,2548243,40,2548283
21468,2548588,32,2548620
21469,2548689,1,2548690
21470,2548710,8,2548718
21471,2549012,7,2549019
21472,2549481,34,2549515
21473,2549626,17,2549643
21474,2550151,20,2550171
21475,2550339,59,2550398
21476,2550416,4,2550420
21477,2550527,15,2550542
21478,2550647,21,2550668
21479,2550731,14,2550745
21480,2550748,22,2550770
21481,2550884,14,2550898
21482,2550944,38,2550982
21483,2551076,34,2551110
21484,2551139,11,2551150
21485,2551308,28,2551336
21486,2551524,10,2551534
21487,2551694,10,2551704
21488,2551868,10,2551878
21489,2552162,11,2552173
21490,2552196,14,2552210
21491,2552232,72,2552304
21492,2552475,3,2552478
21493,2552534,50,2552584
21494,2552656,19,2552675
21495,2552708,2,2552710
21496,2552746,47,2552793
21497,2552898,77,2552975
21498,2553018,12,2553030
21499,2553143,18,2553161
21500,2553169,12,2553181
21501,2553301,65,2553366
21502,2553453,10,2553463
21503,2553478,51,2553529
21504,2553625,51,2553676
21505,2553761,21,2553782
21506,2553787,10,2553797
21507,2553906,1,2553907
21508,2553931,9,2553940
21509,2554161,8,2554169
21510,2554173,16,2554189
21511,2554475,7,2554482
21512,2554648,9,2554657
21513,2554696,6,2554702
21514,2554719,1,2554720
21515,2554781,11,2554792
21516,2554796,87,2554883
21517,2554931,2,2554933
21518,2554968,10,2554978
21519,2555184,1,2555185
21520,2555229,29,2555258
21521,2555324,32,2555356
21522,2555503,32,2555535
21523,2555598,1,2555599
21524,2555638,31,2555669
21525,2555699,2,2555701
21526,2556045,33,2556078
21527,2556228,12,2556240
21528,2556306,17,2556323
21529,2556363,7,2556370
21530,2556383,4,2556387
21531,2556565,6,2556571
21532,2556580,6,2556586
21533,2556645,24,2556669
21534,2556731,21,2556752
21535,2556806,102,2556908
21536,2557199,18,2557217
21537,2557422,23,2557445
21538,2557477,14,2557491
21539,2557564,70,2557634
21540,2557659,3,2557662
21541,2557698,3,2557701
21542,2557726,39,2557765
21543,2557770,4,2557774
21544,2557914,4,2557918
21545,2557938,39,2557977
21546,2558005,6,2558011
21547,2558125,17,2558142
21548,2558313,36,2558349
21549,2558517,8,2558525
21550,2558915,31,2558946
21551,2559129,17,2559146
21552,2559174,13,2559187
21553,2559227,24,2559251
21554,2559342,55,2559397
21555,2559926,27,2559953
21556,2560258,19,2560277
21557,2560298,6,2560304
21558,2560390,21,2560411
21559,2560680,34,2560714
21560,2560789,4,2560793
21561,2560836,20,2560856
21562,2561125,12,2561137
21563,2561176,14,2561190
21564,2561496,11,2561507
21565,2561547,12,2561559
21566,2561661,16,2561677
21567,2561692,32,2561724
21568,2561958,9,2561967
21569,2562101,34,2562135
21570,2562241,23,2562264
21571,2562282,32,2562314
21572,2562387,44,2562431
21573,2562824,11,2562835
21574,2563094,10,2563104
21575,2563298,21,2563319
21576,2563361,32,2563393
21577,2563844,12,2563856
21578,2564034,14,2564048
21579,2564305,2,2564307
21580,2564428,18,2564446
21581,2564539,2,2564541
21582,2564561,1,2564562
21583,2564931,15,2564946
21584,2564968,26,2564994
21585,2565052,13,2565065
21586,2565177,9,2565186
21587,2565214,9,2565223
21588,2565233,41,2565274
21589,2565412,15,2565427
21590,2565583,29,2565612
21591,2565890,28,2565918
21592,2565957,10,2565967
21593,2566239,13,2566252
21594,2566530,16,2566546
21595,2566575,17,2566592
21596,2566854,4,2566858
21597,2567025,20,2567045
21598,2567352,38,2567390
21599,2567578,2,2567580
21600,2567593,22,2567615
21601,2567657,39,2567696
21602,2567713,38,2567751
21603,2567941,48,2567989
21604,2568008,66,2568074
21605,2568112,7,2568119
21606,2568127,23,2568150
21607,2568167,2,2568169
21608,2568341,2,2568343
21609,2568347,2,2568349
21610,2568509,32,2568541
21611,2568570,25,2568595
21612,2568774,22,2568796
21613,2568798,3,2568801
21614,2568841,12,2568853
21615,2568922,12,2568934
21616,2569137,14,2569151
21617,2569413,5,2569418
21618,2569450,2,2569452
21619,2569509,34,2569543
21620,2569590,23,2569613
21621,2569628,6,2569634
21622,2569676,8,2569684
21623,2569685,17,2569702
21624,2569846,9,2569855
21625,2569909,6,2569915
21626,2569930,11,2569941
21627,2569952,3,2569955
21628,2570036,40,2570076
21629,2570125,1,2570126
21630,2570135,1,2570136
21631,2570178,7,2570185
21632,2570519,12,2570531
21633,2570655,10,2570665
21634,2570805,8,2570813
21635,2570951,5,2570956
21636,2570958,7,2570965
21637,2571003,30,2571033
21638,2571056,3,2571059
21639,2571065,44,2571109
21640,2571242,62,2571304
21641,2571312,35,2571347
21642,2571433,29,2571462
21643,2571550,19,2571569
21644,2571639,15,2571654
21645,2571758,4,2571762
21646,2571807,4,2571811
21647,2571874,44,2571918
21648,2571932,27,2571959
21649,2571978,9,2571987
21650,2572011,3,2572014
21651,2572028,8,2572036
21652,2572194,14,2572208
21653,2572337,34,2572371
21654,2572372,23,2572395
21655,2572426,15,2572441
21656,2572491,36,2572527
21657,2572682,2,2572684
21658,2572783,2,2572785
21659,2573048,17,2573065
21660,2573140,16,2573156
21661,2573522,19,2573541
21662,2573576,9,2573585
21663,2574071,62,2574133
21664,2574309,7,2574316
21665,2574338,12,2574350
21666,2574362,32,2574394
21667,2574444,4,2574448
21668,2574925,5,2574930
21669,2574950,13,2574963
21670,2575128,18,2575146
21671,2575272,39,2575311
21672,2575323,54,2575377
21673,2575448,11,2575459
21674,2575477,8,2575485
21675,2575586,91,2575677
21676,2575694,1,2575695
21677,2575725,33,2575758
21678,2575791,55,2575846
21679,2575930,4,2575934
21680,2576048,2,2576050
21681,2576129,60,2576189
21682,2576203,30,2576233
21683,2576403,14,2576417
21684,2576455,5,2576460
21685,2576739,6,2576745
21686,2576867,24,2576891
21687,2576912,31,2576943
21688,2576954,50,2577004
21689,2577018,22,2577040
21690,2577141,1,2577142
21691,2577159,31,2577190
21692,2577228,44,2577272
21693,2577388,18,2577406
21694,2577524,13,2577537
21695,2577621,5,2577626
21696,2577678,30,2577708
21697,2577731,12,2577743
21698,2577771,18,2577789
21699,2577817,10,2577827
21700,2578033,7,2578040
21701,2578287,10,2578297
21702,2578329,9,2578338
21703,2578408,3,2578411
21704,2578434,34,2578468
21705,2578620,33,2578653
21706,2579187,39,2579226
21707,2579231,23,2579254
21708,2579352,13,2579365
21709,2579369,5,2579374
21710,2579382,50,2579432
21711,2579523,43,2579566
21712,2579570,32,2579602
21713,2579663,1,2579664
21714,2579665,16,2579681
21715,2579844,13,2579857
21716,2580393,9,2580402
21717,2580526,44,2580570
21718,2580584,28,2580612
21719,2580657,40,2580697
21720,2580850,10,2580860
21721,2580881,8,2580889
21722,2581401,16,2581417
21723,2581565,25,2581590
21724,2581653,2,2581655
21725,2581657,5,2581662
21726,2581871,35,2581906
21727,2582191,2,2582193
21728,2582229,1,2582230
21729,2582427,43,2582470
21730,2582519,41,2582560
21731,2582870,1,2582871
21732,2583221,11,2583232
21733,2583479,9,2583488
21734,2583585,6,2583591
21735,2583656,3,2583659
21736,2583797,28,2583825
21737,2583850,10,2583860
21738,2583876,21,2583897
21739,2583914,16,2583930
21740,2583974,1,2583975
21741,2583996,2,2583998
21742,2584050,25,2584075
21743,2584210,5,2584215
21744,2584256,9,2584265
21745,2584403,55,2584458
21746,2584731,52,2584783
21747,2584842,5,2584847
21748,2584854,9,2584863
21749,2584965,4,2584969
21750,2585121,2,2585123
21751,2585140,35,2585175
21752,2585353,23,2585376
21753,2585410,4,2585414
21754,2585481,15,2585496
21755,2585559,12,2585571
21756,2585599,9,2585608
21757,2585663,1,2585664
21758,2585707,16,2585723
21759,2585748,56,2585804
21760,2585806,10,2585816
21761,2586109,5,2586114
21762,2586296,29,2586325
21763,2586428,13,2586441
21764,2586572,6,2586578
21765,2586597,10,2586607
21766,2586686,7,2586693
21767,2586773,46,2586819
21768,2587014,12,2587026
21769,2587050,3,2587053
21770,2587160,22,2587182
21771,2587214,13,2587227
21772,2587520,3,2587523
21773,2587696,2,2587698
21774,2588001,41,2588042
21775,2588190,60,2588250
21776,2588262,5,2588267
21777,2588295,32,2588327
21778,2588499,73,2588572
21779,2588589,83,2588672
21780,2588727,11,2588738
21781,2588897,15,2588912
21782,2588963,26,2588989
21783,2589052,57,2589109
21784,2589168,13,2589181
21785,2589190,8,2589198
21786,2589220,18,2589238
21787,2589363,24,2589387
21788,2589444,4,2589448
21789,2589738,6,2589744
21790,2589852,6,2589858
21791,2590322,3,2590325
21792,2590455,25,2590480
21793,2590627,31,2590658
21794,2590786,3,2590789
21795,2591092,4,2591096
21796,2591132,54,2591186
21797,2591237,11,2591248
21798,2591453,47,2591500
21799,2591535,38,2591573
21800,2591582,11,2591593
21801,2591954,26,2591980
21802,2592010,10,2592020
21803,2592209,9,2592218
21804,2592258,17,2592275
21805,2592347,19,2592366
21806,2592408,6,2592414
21807,2592421,6,2592427
21808,2592440,57,2592497
21809,2592586,102,2592688
21810,2592776,19,2592795
21811,2592820,9,2592829
21812,2593022,5,2593027
21813,2593032,70,2593102
21814,2593159,3,2593162
21815,2593326,18,2593344
21816,2593511,26,2593537
21817,2593547,11,2593558
21818,2593621,12,2593633
21819,2593815,10,2593825
21820,2593867,24,2593891
21821,2594110,6,2594116
21822,2594331,13,2594344
21823,2594571,40,2594611
21824,2594646,22,2594668
21825,2594683,3,2594686
21826,2594741,36,2594777
21827,2594873,90,2594963
21828,2595143,19,2595162
21829,2595255,6,2595261
21830,2595269,14,2595283
21831,2595336,10,2595346
21832,2595413,9,2595422
21833,2595614,42,2595656
21834,2595662,25,2595687
21835,2596017,53,2596070
21836,2596111,2,2596113
21837,2596150,76,2596226
21838,2596231,7,2596238
21839,2596315,33,2596348
21840,2596651,6,2596657
21841,2596934,6,2596940
21842,2597021,19,2597040
21843,2597123,75,2597198
21844,2597516,5,2597521
21845,2597568,9,2597577
21846,2597704,45,2597749
21847,2597776,21,2597797
21848,2598048,6,2598054
21849,2598290,25,2598315
21850,2598607,9,2598616
21851,2598620,6,2598626
21852,2598955,14,2598969
21853,2599003,3,2599006
21854,2599013,2,2599015
21855,2599072,2,2599074
21856,2599113,71,2599184
21857,2599238,12,2599250
21858,2599494,57,2599551
21859,2599563,9,2599572
21860,2599593,9,2599602
21861,2599955,1,2599956
21862,2600167,6,2600173
21863,2600238,11,2600249
21864,2600370,16,2600386
21865,2600402,1,2600403
21866,2600637,23,2600660
21867,2600777,3,2600780
21868,2600863,21,2600884
21869,2600920,1,2600921
21870,2601327,17,2601344
21871,2601358,23,2601381
21872,2601671,6,2601677
21873,2601737,15,2601752
21874,2601881,45,2601926
21875,2601936,14,2601950
21876,2601978,14,2601992
21877,2602130,46,2602176
21878,2602220,11,2602231
21879,2602517,5,2602522
21880,2602552,1,2602553
21881,2602646,48,2602694
21882,2602744,21,2602765
21883,2602837,39,2602876
21884,2602978,8,2602986
21885,2603193,7,2603200
21886,2603284,5,2603289
21887,2603498,51,2603549
21888,2603646,28,2603674
21889,2603779,2,2603781
21890,2603895,2,2603897
21891,2604064,65,2604129
21892,2604160,2,2604162
21893,2604205,5,2604210
21894,2604226,2,2604228
21895,2604274,13,2604287
21896,2604354,33,2604387
21897,2604447,1,2604448
21898,2604760,24,2604784
21899,2605066,12,2605078
21900,2605100,9,2605109
21901,2605199,11,2605210
21902,2605218,13,2605231
21903,2605393,5,2605398
21904,2605436,12,2605448
21905,2605459,9,2605468
21906,2605577,19,2605596
21907,2605628,4,2605632
21908,2605682,71,2605753
21909,2605756,6,2605762
21910,2605809,17,2605826
21911,2605914,11,2605925
21912,2605948,39,2605987
21913,2606050,11,2606061
21914,2606143,34,2606177
21915,2606215,97,2606312
21916,2606415,7,2606422
21917,2606443,18,2606461
21918,2606619,15,2606634
21919,2606721,31,2606752
21920,2606851,6,2606857
21921,2606923,44,2606967
21922,2607005,7,2607012
21923,2607213,7,2607220
21924,2607249,30,2607279
21925,2607288,21,2607309
21926,2607328,64,2607392
21927,2607427,20,2607447
21928,2607621,3,2607624
21929,2607844,6,2607850
21930,2608276,28,2608304
21931,2608308,4,2608312
21932,2608456,8,2608464
21933,2608466,7,2608473
21934,2608679,66,2608745
21935,2608928,8,2608936
21936,2608965,20,2608985
21937,2609012,4,2609016
21938,2609077,27,2609104
21939,2609161,8,2609169
21940,2609314,4,2609318
21941,2609669,25,2609694
21942,2609721,31,2609752
21943,2609793,83,2609876
21944,2609966,11,2609977
21945,2609987,4,2609991
21946,2610059,7,2610066
21947,2610092,9,2610101
21948,2610128,3,2610131
21949,2610180,4,2610184
21950,2610228,57,2610285
21951,2610341,11,2610352
21952,2610360,29,2610389
21953,2610648,21,2610669
21954,2610750,6,2610756
21955,2610803,81,2610884
21956,2611114,57,2611171
21957,2611305,68,2611373
21958,2611425,1,2611426
21959,2611772,14,2611786
21960,2611790,24,2611814
21961,2611874,16,2611890
21962,2611905,52,2611957
21963,2612128,19,2612147
21964,2612261,10,2612271
21965,2612427,3,2612430
21966,2612810,18,2612828
21967,2612931,13,2612944
21968,2613089,1,2613090
21969,2613124,45,2613169
21970,2613202,2,2613204
21971,2613236,83,2613319
21972,2613371,2,2613373
21973,2613398,14,2613412
21974,2613662,5,2613667
21975,2613687,5,2613692
21976,2613961,2,2613963
21977,2614155,5,2614160
21978,2614272,20,2614292
21979,2614543,31,2614574
21980,2614649,10,2614659
21981,2614774,11,2614785
21982,2614789,58,2614847
21983,2615170,39,2615209
21984,2615412,4,2615416
21985,2615493,30,2615523
21986,2615546,6,2615552
21987,2615583,1,2615584
21988,2615728,3,2615731
21989,2615920,61,2615981
21990,2615984,23,2616007
21991,2616097,6,2616103
21992,2616173,18,2616191
21993,2616229,7,2616236
21994,2616243,21,2616264
21995,2616478,13,2616491
21996,2616752,13,2616765
21997,2616778,32,2616810
21998,2616842,33,2616875
21999,2616901,28,2616929
22000,2617209,48,2617257
22001,2617262,7,2617269
22002,2617999,2,2618001
22003,2618037,2,2618039
22004,2618532,3,2618535
22005,2618592,25,2618617
22006,2618629,33,2618662
22007,2618847,63,2618910
22008,2619069,10,2619079
22009,2619099,23,2619122
22010,2619479,15,2619494
22011,2619627,1,2619628
22012,2619688,32,2619720
22013,2619848,5,2619853
22014,2619863,7,2619870
22015,2620085,18,2620103
22016,2620119,11,2620130
22017,2620169,4,2620173
22018,2620256,25,2620281
22019,2620320,48,2620368
22020,2620518,5,2620523
22021,2620567,17,2620584
22022,2620646,12,2620658
22023,2620717,20,2620737
22024,2620847,13,2620860
22025,2620985,15,2621000
22026,2621061,4,2621065
22027,2621475,14,2621489
22028,2621661,24,2621685
22029,2621752,3,2621755
22030,2621819,54,2621873
22031,2621924,14,2621938
22032,2621975,1,2621976
22033,2622060,11,2622071
22034,2622248,8,2622256
22035,2622266,11,2622277
22036,2622294,21,2622315
22037,2622381,3,2622384
22038,2622496,13,2622509
22039,2622594,8,2622602
22040,2622605,5,2622610
22041,2622696,12,2622708
22042,2622754,8,2622762
22043,2622832,20,2622852
22044,2622985,57,2623042
22045,2623047,25,2623072
22046,2623083,12,2623095
22047,2623299,9,2623308
22048,2623370,10,2623380
22049,2623400,25,2623425
22050,2623553,26,2623579
22051,2623917,7,2623924
22052,2624175,19,2624194
22053,2624232,27,2624259
22054,2624274,6,2624280
22055,2624416,13,2624429
22056,2624444,2,2624446
22057,2624529,6,2624535
22058,2624628,28,2624656
22059,2624766,28,2624794
22060,2624805,1,2624806
22061,2625027,1,2625028
22062,2625277,25,2625302
22063,2625348,2,2625350
22064,2625385,7,2625392
22065,2625417,38,2625455
22066,2625479,1,2625480
22067,2625751,16,2625767
22068,2626117,17,2626134
22069,2626175,21,2626196
22070,2626217,19,2626236
22071,2626259,8,2626267
22072,2626479,28,2626507
22073,2626518,2,2626520
22074,2626532,1,2626533
22075,2626749,11,2626760
22076,2626780,8,2626788
22077,2627219,31,2627250
22078,2627322,5,2627327
22079,2627377,17,2627394
22080,2627800,25,2627825
22081,2628086,6,2628092
22082,2628149,24,2628173
22083,2628194,25,2628219
22084,2628259,56,2628315
22085,2628319,4,2628323
22086,2628439,10,2628449
22087,2628524,17,2628541
22088,2628563,32,2628595
22089,2628606,39,2628645
22090,2628653,24,2628677
22091,2628867,3,2628870
22092,2628911,2,2628913
22093,2628965,1,2628966
22094,2629031,5,2629036
22095,2629154,40,2629194
22096,2629209,63,2629272
22097,2629486,16,2629502
22098,2629593,30,2629623
22099,2629880,2,2629882
22100,2630237,6,2630243
22101,2630398,14,2630412
22102,2630605,5,2630610
22103,2630774,14,2630788
22104,2630982,23,2631005
22105,2631249,20,2631269
22106,2631338,22,2631360
22107,2631425,19,2631444
22108,2631601,3,2631604
22109,2631661,13,2631674
22110,2631684,40,2631724
22111,2631809,10,2631819
22112,2631830,14,2631844
22113,2631968,15,2631983
22114,2632051,36,2632087
22115,2632096,34,2632130
22116,2632172,4,2632176
22117,2632226,2,2632228
22118,2632320,17,2632337
22119,2632338,14,2632352
22120,2632425,11,2632436
22121,2632839,18,2632857
22122,2632962,2,2632964
22123,2633263,31,2633294
22124,2633678,7,2633685
22125,2633704,10,2633714
22126,2633812,31,2633843
22127,2633862,19,2633881
22128,2633947,6,2633953
22129,2634056,37,2634093
22130,2634163,100,2634263
22131,2634530,100,2634630
22132,2634654,69,2634723
22133,2634758,2,2634760
22134,2634804,2,2634806
22135,2634889,13,2634902
22136,2634911,27,2634938
22137,2635091,21,2635112
22138,2635132,7,2635139
22139,2635276,36,2635312
22140,2635313,49,2635362
22141,2635395,27,2635422
22142,2635434,23,2635457
22143,2635529,76,2635605
22144,2635623,87,2635710
22145,2635847,45,2635892
22146,2635926,4,2635930
22147,2636078,18,2636096
22148,2636282,5,2636287
22149,2636289,14,2636303
22150,2636315,12,2636327
22151,2636408,17,2636425
22152,2636472,7,2636479
22153,2636485,27,2636512
22154,2636535,10,2636545
22155,2636553,7,2636560
22156,2636639,12,2636651
22157,2636786,7,2636793
22158,2636811,17,2636828
22159,2636844,4,2636848
22160,2636851,8,2636859
22161,2637309,50,2637359
22162,2637666,8,2637674
22163,2637724,28,2637752
22164,2637774,46,2637820
22165,2638055,11,2638066
22166,2638088,8,2638096
22167,2638352,31,2638383
22168,2638446,9,2638455
22169,2638457,12,2638469
22170,2638531,23,2638554
22171,2638666,39,2638705
22172,2638722,29,2638751
22173,2638798,26,2638824
22174,2639024,4,2639028
22175,2639144,1,2639145
22176,2639498,9,2639507
22177,2639624,42,2639666
22178,2639737,18,2639755
22179,2639766,2,2639768
22180,2640050,3,2640053
22181,2640087,14,2640101
22182,2640146,3,2640149
22183,2640350,8,2640358
22184,2640377,7,2640384
22185,2640398,9,2640407
22186,2640622,47,2640669
22187,2640692,1,2640693
22188,2640866,7,2640873
22189,2640887,8,2640895
22190,2641066,22,2641088
22191,2641247,10,2641257
22192,2641259,3,2641262
22193,2641353,26,2641379
22194,2641640,13,2641653
22195,2641742,1,2641743
22196,2641955,26,2641981
22197,2641995,1,2641996
22198,2642085,1,2642086
22199,2642256,18,2642274
22200,2642483,10,2642493
22201,2642574,77,2642651
22202,2642727,23,2642750
22203,2642853,33,2642886
22204,2642934,5,2642939
22205,2642960,18,2642978
22206,2642985,4,2642989
22207,2643037,33,2643070
22208,2643283,18,2643301
22209,2643491,34,2643525
22210,2643618,17,2643635
22211,2643686,9,2643695
22212,2643775,23,2643798
22213,2643931,15,2643946
22214,2644053,12,2644065
22215,2644104,21,2644125
22216,2644174,17,2644191
22217,2644217,40,2644257
22218,2644278,9,2644287
22219,2644328,26,2644354
22220,2644367,73,2644440
22221,2644519,44,2644563
22222,2644991,22,2645013
22223,2645022,25,2645047
22224,2645165,19,2645184
22225,2645226,28,2645254
22226,2645256,52,2645308
22227,2645590,30,2645620
22228,2645676,3,2645679
22229,2645722,17,2645739
22230,2645752,1,2645753
22231,2645959,26,2645985
22232,2646065,68,2646133
22233,2646292,28,2646320
22234,2646445,9,2646454
22235,2646543,7,2646550
22236,2646570,16,2646586
22237,2646694,29,2646723
22238,2646779,28,2646807
22239,2646837,21,2646858
22240,2646873,11,2646884
22241,2646906,33,2646939
22242,2646942,31,2646973
22243,2647190,46,2647236
22244,2647341,9,2647350
22245,2647392,31,2647423
22246,2647429,5,2647434
22247,2647463,3,2647466
22248,2647580,5,2647585
22249,2647826,7,2647833
22250,2648014,2,2648016
22251,2648072,3,2648075
22252,2648597,5,2648602
22253,2648856,8,2648864
22254,2648958,7,2648965
22255,2648980,7,2648987
22256,2649028,20,2649048
22257,2649050,3,2649053
22258,2649228,41,2649269
22259,2649335,10,2649345
22260,2649640,6,2649646
22261,2649793,27,2649820
22262,2650054,8,2650062
22263,2650104,5,2650109
22264,2650251,60,2650311
22265,2650426,5,2650431
22266,2650485,12,2650497
22267,2650535,6,2650541
22268,2650574,32,2650606
22269,2650615,48,2650663
22270,2650886,13,2650899
22271,2650985,6,2650991
22272,2651044,4,2651048
22273,2651360,3,2651363
22274,2651427,7,2651434
22275,2651558,6,2651564
22276,2651973,31,2652004
22277,2652097,12,2652109
22278,2652214,39,2652253
22279,2652315,27,2652342
22280,2652358,8,2652366
22281,2652403,1,2652404
22282,2652467,1,2652468
22283,2652670,26,2652696
22284,2652763,70,2652833
22285,2652998,22,2653020
22286,2653111,35,2653146
22287,2653208,27,2653235
22288,2653524,3,2653527
22289,2653545,33,2653578
22290,2653593,39,2653632
22291,2653705,21,2653726
22292,2653823,19,2653842
22293,2653971,21,2653992
22294,2654081,27,2654108
22295,2654225,35,2654260
22296,2654271,25,2654296
22297,2654342,9,2654351
22298,2654377,9,2654386
22299,2654597,43,2654640
22300,2654718,5,2654723
22301,2654752,63,2654815
22302,2655089,11,2655100
22303,2655356,3,2655359
22304,2655379,42,2655421
22305,2655499,9,2655508
22306,2655593,34,2655627
22307,2655660,7,2655667
22308,2655828,6,2655834
22309,2655855,33,2655888
22310,2655997,7,2656004
22311,2656040,43,2656083
22312,2656111,17,2656128
22313,2656304,18,2656322
22314,2656400,10,2656410
22315,2656486,12,2656498
22316,2656549,2,2656551
22317,2656600,12,2656612
22318,2656672,20,2656692
22319,2656729,26,2656755
22320,2656835,37,2656872
22321,2656881,21,2656902
22322,2657324,17,2657341
22323,2657447,19,2657466
22324,2657566,23,2657589
22325,2657756,3,2657759
22326,2657853,23,2657876
22327,2658177,29,2658206
22328,2658216,12,2658228
22329,2658275,15,2658290
22330,2658343,16,2658359
22331,2658436,27,2658463
22332,2658521,3,2658524
22333,2658545,57,2658602
22334,2658714,55,2658769
22335,2658924,23,2658947
22336,2658983,13,2658996
22337,2659026,1,2659027
22338,2659231,41,2659272
22339,2659373,14,2659387
22340,2659416,10,2659426
22341,2659467,8,2659475
22342,2659543,15,2659558
22343,2659681,17,2659698
22344,2659795,14,2659809
22345,2659828,19,2659847
22346,2659968,1,2659969
22347,2659984,1,2659985
22348,2660146,17,2660163
22349,2660342,1,2660343
22350,2660709,23,2660732
22351,2660735,23,2660758
22352,2660786,32,2660818
22353,2660881,7,2660888
22354,2660962,8,2660970
22355,2660996,13,2661009
22356,2661070,18,2661088
22357,2661266,1,2661267
22358,2661419,11,2661430
22359,2661498,25,2661523
22360,2661834,5,2661839
22361,2661843,3,2661846
22362,2661875,11,2661886
22363,2661890,21,2661911
22364,2661975,15,2661990
22365,2662118,7,2662125
22366,2662152,19,2662171
22367,2662321,9,2662330
22368,2662346,45,2662391
22369,2662420,4,2662424
22370,2662430,2,2662432
22371,2662453,11,2662464
22372,2662556,8,2662564
22373,2662570,2,2662572
22374,2662601,18,2662619
22375,2662698,2,2662700
22376,2662735,6,2662741
22377,2662790,33,2662823
22378,2662863,12,2662875
22379,2663027,34,2663061
22380,2663191,1,2663192
22381,2663256,15,2663271
22382,2663476,15,2663491
22383,2663598,51,2663649
22384,2663716,3,2663719
22385,2663820,5,2663825
22386,2664040,4,2664044
22387,2664361,31,2664392
22388,2664402,5,2664407
22389,2664412,65,2664477
22390,2664501,9,2664510
22391,2664533,20,2664553
22392,2664742,112,2664854
22393,2665139,4,2665143
22394,2665194,9,2665203
22395,2665492,8,2665500
22396,2665514,21,2665535
22397,2665713,24,2665737
22398,2665844,2,2665846
22399,2666057,37,2666094
22400,2666113,2,2666115
22401,2666184,4,2666188
22402,2666218,11,2666229
22403,2666341,18,2666359
22404,2666378,4,2666382
22405,2666453,2,2666455
22406,2666505,33,2666538
22407,2666570,9,2666579
22408,2666771,37,2666808
22409,2667293,35,2667328
22410,2667429,9,2667438
22411,2667527,14,2667541
22412,2667632,9,2667641
22413,2667801,3,2667804
22414,2667835,9,2667844
22415,2667850,10,2667860
22416,2667870,3,2667873
22417,2667988,12,2668000
22418,2668013,5,2668018
22419,2668140,22,2668162
22420,2668367,7,2668374
22421,2668441,3,2668444
22422,2668464,1,2668465
22423,2668481,85,2668566
22424,2668591,9,2668600
22425,2668613,6,2668619
22426,2668715,30,2668745
22427,2668844,21,2668865
22428,2668869,1,2668870
22429,2668994,53,2669047
22430,2669151,5,2669156
22431,2669225,10,2669235
22432,2669253,8,2669261
22433,2669381,22,2669403
22434,2669549,13,2669562
22435,2669603,27,2669630
22436,2669791,17,2669808
22437,2669916,29,2669945
22438,2669971,22,2669993
22439,2670066,48,2670114
22440,2670320,4,2670324
22441,2670541,23,2670564
22442,2670796,15,2670811
22443,2670813,62,2670875
22444,2670914,27,2670941
22445,2671077,4,2671081
22446,2671131,21,2671152
22447,2671406,25,2671431
22448,2671485,6,2671491
22449,2671503,43,2671546
22450,2671649,10,2671659
22451,2671809,4,2671813
22452,2671930,62,2671992
22453,2672302,2,2672304
22454,2672413,3,2672416
22455,2672607,6,2672613
22456,2672746,19,2672765
22457,2672821,11,2672832
22458,2672846,4,2672850
22459,2672893,22,2672915
22460,2672935,46,2672981
22461,2673015,43,2673058
22462,2673092,34,2673126
22463,2673159,4,2673163
22464,2673280,14,2673294
22465,2673407,1,2673408
22466,2673462,64,2673526
22467,2673641,11,2673652
22468,2673841,18,2673859
22469,2673940,18,2673958
22470,2674361,15,2674376
22471,2674577,14,2674591
22472,2674663,21,2674684
22473,2674782,19,2674801
22474,2674934,7,2674941
22475,2675288,3,2675291
22476,2675515,6,2675521
22477,2675531,17,2675548
22478,2675669,13,2675682
22479,2675705,49,2675754
22480,2675771,12,2675783
22481,2675844,5,2675849
22482,2675922,12,2675934
22483,2675954,16,2675970
22484,2676019,4,2676023
22485,2676145,5,2676150
22486,2676187,13,2676200
22487,2676300,23,2676323
22488,2676432,31,2676463
22489,2676572,18,2676590
22490,2676651,2,2676653
22491,2676662,63,2676725
22492,2676777,23,2676800
22493,2676959,21,2676980
22494,2677126,54,2677180
22495,2677218,19,2677237
22496,2677561,19,2677580
22497,2677624,35,2677659
22498,2677862,9,2677871
22499,2677970,81,2678051
22500,2678135,22,2678157
22501,2678303,1,2678304
22502,2678336,12,2678348
22503,2678373,18,2678391
22504,2678414,38,2678452
22505,2678540,29,2678569
22506,2678631,10,2678641
22507,2678745,4,2678749
22508,2678897,81,2678978
22509,2678993,12,2679005
22510,2679026,2,2679028
22511,2679216,5,2679221
22512,2679384,67,2679451
22513,2679517,32,2679549
22514,2679700,59,2679759
22515,2679761,17,2679778
22516,2679959,18,2679977
22517,2680008,19,2680027
22518,2680279,1,2680280
22519,2680287,3,2680290
22520,2680513,30,2680543
22521,2680609,6,2680615
22522,2680623,3,2680626
22523,2680674,8,2680682
22524,2680823,12,2680835
22525,2680948,25,2680973
22526,2681046,28,2681074
22527,2681348,13,2681361
22528,2681363,2,2681365
22529,2681520,36,2681556
22530,2681616,1,2681617
22531,2681638,25,2681663
22532,2681728,41,2681769
22533,2681939,1,2681940
22534,2681946,13,2681959
22535,2682091,6,2682097
22536,2682201,85,2682286
22537,2682454,74,2682528
22538,2682692,9,2682701
22539,2682771,10,2682781
22540,2682840,15,2682855
22541,2682878,79,2682957
22542,2682984,8,2682992
22543,2683099,13,2683112
22544,2683194,11,2683205
22545,2683253,21,2683274
22546,2683306,21,2683327
22547,2683499,3,2683502
22548,2683632,25,2683657
22549,2683684,9,2683693
22550,2683761,15,2683776
22551,2683918,3,2683921
22552,2683974,9,2683983
22553,2683998,17,2684015
22554,2684103,2,2684105
22555,2684213,8,2684221
22556,2684311,36,2684347
22557,2684484,27,2684511
22558,2684567,4,2684571
22559,2685151,30,2685181
22560,2685201,21,2685222
22561,2685225,11,2685236
22562,2685467,5,2685472
22563,2685501,8,2685509
22564,2685565,68,2685633
22565,2685655,2,2685657
22566,2685774,5,2685779
22567,2685885,10,2685895
22568,2686009,4,2686013
22569,2686096,16,2686112
22570,2686261,17,2686278
22571,2686359,9,2686368
22572,2686422,23,2686445
22573,2686485,2,2686487
22574,2686610,8,2686618
22575,2686688,21,2686709
22576,2686718,7,2686725
22577,2686814,40,2686854
22578,2686870,6,2686876
22579,2687017,19,2687036
22580,2687249,41,2687290
22581,2687418,7,2687425
22582,2687652,46,2687698
22583,2687747,29,2687776
22584,2687824,14,2687838
22585,2687840,4,2687844
22586,2687938,50,2687988
22587,2688172,26,2688198
22588,2688225,30,2688255
22589,2688321,27,2688348
22590,2688381,38,2688419
22591,2688593,13,2688606
22592,2688633,7,2688640
22593,2688644,24,2688668
22594,2688672,19,2688691
22595,2688921,3,2688924
22596,2689089,15,2689104
22597,2689203,36,2689239
22598,2689256,12,2689268
22599,2689426,4,2689430
22600,2689499,4,2689503
22601,2689521,20,2689541
22602,2689584,6,2689590
22603,2689738,4,2689742
22604,2689874,5,2689879
22605,2689959,2,2689961
22606,2690024,2,2690026
22607,2690307,15,2690322
22608,2690323,3,2690326
22609,2690580,14,2690594
22610,2690693,1,2690694
22611,2690943,59,2691002
22612,2691019,3,2691022
22613,2691063,29,2691092
22614,2691241,41,2691282
22615,2691416,27,2691443
22616,2691490,28,2691518
22617,2691611,6,2691617
22618,2691723,16,2691739
22619,2691809,17,2691826
22620,2691992,15,2692007
22621,2692073,50,2692123
22622,2692200,46,2692246
22623,2692404,67,2692471
22624,2692594,14,2692608
22625,2692701,12,2692713
22626,2693224,19,2693243
22627,2693330,6,2693336
22628,2693541,2,2693543
22629,2693783,27,2693810
22630,2694155,16,2694171
22631,2694591,10,2694601
22632,2694663,25,2694688
22633,2694753,16,2694769
22634,2694876,29,2694905
22635,2694967,8,2694975
22636,2695181,5,2695186
22637,2695239,6,2695245
22638,2695254,17,2695271
22639,2695320,12,2695332
22640,2695544,20,2695564
22641,2695612,30,2695642
22642,2695700,11,2695711
22643,2695740,13,2695753
22644,2695813,13,2695826
22645,2695883,1,2695884
22646,2695910,25,2695935
22647,2696014,3,2696017
22648,2696168,43,2696211
22649,2696270,2,2696272
22650,2696353,6,2696359
22651,2696451,12,2696463
22652,2696510,37,2696547
22653,2696656,5,2696661
22654,2697086,41,2697127
22655,2697176,8,2697184
22656,2697241,4,2697245
22657,2697676,29,2697705
22658,2697768,25,2697793
22659,2697928,10,2697938
22660,2698065,8,2698073
22661,2698093,9,2698102
22662,2698168,14,2698182
22663,2698218,31,2698249
22664,2698308,24,2698332
22665,2698464,32,2698496
22666,2698809,2,2698811
22667,2698983,2,2698985
22668,2699024,8,2699032
22669,2699164,7,2699171
22670,2699204,1,2699205
22671,2699216,20,2699236
22672,2699444,11,2699455
22673,2699635,1,2699636
22674,2699719,7,2699726
22675,2699754,1,2699755
22676,2699785,24,2699809
22677,2699940,28,2699968
22678,2700044,32,2700076
22679,2700218,39,2700257
22680,2700385,25,2700410
22681,2701012,9,2701021
22682,2701035,24,2701059
22683,2701398,4,2701402
22684,2701412,4,2701416
22685,2701535,23,2701558
22686,2701616,17,2701633
22687,2701723,36,2701759
22688,2701767,49,2701816
22689,2701867,3,2701870
22690,2702265,40,2702305
22691,2702310,40,2702350
22692,2702464,4,2702468
22693,2702470,6,2702476
22694,2702500,4,2702504
22695,2702636,9,2702645
22696,2702826,51,2702877
22697,2702981,29,2703010
22698,2703083,37,2703120
22699,2703168,12,2703180
22700,2703249,17,2703266
22701,2703372,21,2703393
22702,2703413,4,2703417
22703,2703537,11,2703548
22704,2703575,13,2703588
22705,2703627,8,2703635
22706,2703883,29,2703912
22707,2704174,20,2704194
22708,2704241,6,2704247
22709,2704344,4,2704348
22710,2704459,21,2704480
22711,2704687,84,2704771
22712,2705075,38,2705113
22713,2705278,12,2705290
22714,2705441,54,2705495
22715,2705610,5,2705615
22716,2705623,9,2705632
22717,2705735,7,2705742
22718,2705868,9,2705877
22719,2705879,5,2705884
22720,2706003,21,2706024
22721,2706124,9,2706133
22722,2706150,24,2706174
22723,2706267,38,2706305
22724,2706561,11,2706572
22725,2706743,9,2706752
22726,2706808,49,2706857
22727,2707073,11,2707084
22728,2707265,7,2707272
22729,2707274,12,2707286
22730,2707342,59,2707401
22731,2707480,80,2707560
22732,2707581,71,2707652
22733,2707727,40,2707767
22734,2707855,4,2707859
22735,2707878,39,2707917
22736,2707967,2,2707969
22737,2708033,28,2708061
22738,2708204,3,2708207
22739,2708259,5,2708264
22740,2708324,8,2708332
22741,2708406,50,2708456
22742,2708670,66,2708736
22743,2708782,7,2708789
22744,2708913,2,2708915
22745,2708979,85,2709064
22746,2709094,18,2709112
22747,2709338,30,2709368
22748,2709382,7,2709389
22749,2709685,4,2709689
22750,2709794,14,2709808
22751,2709979,49,2710028
22752,2710083,12,2710095
22753,2710096,19,2710115
22754,2710445,1,2710446
22755,2710453,21,2710474
22756,2710662,18,2710680
22757,2710816,39,2710855
22758,2711022,18,2711040
22759,2711086,4,2711090
22760,2711101,30,2711131
22761,2711145,6,2711151
22762,2711409,8,2711417
22763,2711483,20,2711503
22764,2711509,50,2711559
22765,2711634,7,2711641
22766,2711658,37,2711695
22767,2711798,43,2711841
22768,2712125,17,2712142
22769,2712243,25,2712268
22770,2712401,15,2712416
22771,2712518,5,2712523
22772,2712575,7,2712582
22773,2712625,14,2712639
22774,2712655,5,2712660
22775,2712765,3,2712768
22776,2712863,45,2712908
22777,2712986,38,2713024
22778,2713104,11,2713115
22779,2713293,21,2713314
22780,2713421,20,2713441
22781,2713451,1,2713452
22782,2713468,36,2713504
22783,2713554,15,2713569
22784,2713581,19,2713600
22785,2713627,11,2713638
22786,2713650,2,2713652
22787,2713687,5,2713692
22788,2713717,9,2713726
22789,2713912,35,2713947
22790,2713982,61,2714043
22791,2714057,6,2714063
22792,2714096,28,2714124
22793,2714197,23,2714220
22794,2714548,9,2714557
22795,2714651,11,2714662
22796,2714776,9,2714785
22797,2714827,2,2714829
22798,2715101,37,2715138
22799,2715220,63,2715283
22800,2715522,25,2715547
22801,2715649,19,2715668
22802,2716285,12,2716297
22803,2716396,16,2716412
22804,2716430,19,2716449
22805,2716465,5,2716470
22806,2716566,1,2716567
22807,2716711,42,2716753
22808,2716808,40,2716848
22809,2716883,3,2716886
22810,2716914,19,2716933
22811,2716965,32,2716997
22812,2717040,13,2717053
22813,2717060,8,2717068
22814,2717088,8,2717096
22815,2717110,1,2717111
22816,2717362,1,2717363
22817,2717383,13,2717396
22818,2717735,3,2717738
22819,2717831,8,2717839
22820,2717932,2,2717934
22821,2718024,17,2718041
22822,2718158,6,2718164
22823,2718301,12,2718313
22824,2718318,7,2718325
22825,2718363,10,2718373
22826,2718410,12,2718422
22827,2718450,7,2718457
22828,2718505,15,2718520
22829,2718523,51,2718574
22830,2718772,3,2718775
22831,2718804,6,2718810
22832,2718973,5,2718978
22833,2719034,28,2719062
22834,2719316,33,2719349
22835,2719439,7,2719446
22836,2719690,5,2719695
22837,2719951,17,2719968
22838,2720241,51,2720292
22839,2720587,2,2720589
22840,2720645,4,2720649
22841,2720726,35,2720761
22842,2720815,7,2720822
22843,2720858,19,2720877
22844,2720987,7,2720994
22845,2721019,95,2721114
22846,2721116,12,2721128
22847,2721146,2,2721148
22848,2721231,11,2721242
22849,2721249,15,2721264
22850,2721471,40,2721511
22851,2721625,78,2721703
22852,2721706,44,2721750
22853,2721849,10,2721859
22854,2721952,11,2721963
22855,2722105,12,2722117
22856,2722259,3,2722262
22857,2722396,42,2722438
22858,2722447,12,2722459
22859,2722462,21,2722483
22860,2722714,13,2722727
22861,2722744,18,2722762
22862,2722789,16,2722805
22863,2722904,55,2722959
22864,2722964,21,2722985
22865,2723319,22,2723341
22866,2723410,34,2723444
22867,2723533,3,2723536
22868,2723563,31,2723594
22869,2723725,1,2723726
22870,2724233,1,2724234
22871,2724257,11,2724268
22872,2724446,26,2724472
22873,2724558,12,2724570
22874,2724614,30,2724644
22875,2724679,38,2724717
22876,2724995,5,2725000
22877,2725037,26,2725063
22878,2725108,4,2725112
22879,2725216,3,2725219
22880,2725363,22,2725385
22881,2725493,21,2725514
22882,2725567,20,2725587
22883,2725689,3,2725692
22884,2725750,28,2725778
22885,2725863,2,2725865
22886,2725940,107,2726047
22887,2726056,5,2726061
22888,2726136,17,2726153
22889,2726193,8,2726201
22890,2726375,19,2726394
22891,2726579,12,2726591
22892,2726681,11,2726692
22893,2726708,32,2726740
22894,2726767,33,2726800
22895,2726999,26,2727025
22896,2727183,3,2727186
22897,2727228,9,2727237
22898,2727240,3,2727243
22899,2727465,28,2727493
22900,2727517,30,2727547
22901,2727741,1,2727742
22902,2727951,41,2727992
22903,2728002,30,2728032
22904,2728033,4,2728037
22905,2728063,2,2728065
22906,2728094,15,2728109
22907,2728140,11,2728151
22908,2728156,15,2728171
22909,2728221,4,2728225
22910,2728292,10,2728302
22911,2728448,20,2728468
22912,2728824,28,2728852
22913,2728867,8,2728875
22914,2729032,14,2729046
22915,2729157,10,2729167
22916,2729354,4,2729358
22917,2729372,13,2729385
22918,2729414,3,2729417
22919,2729588,3,2729591
22920,2729691,19,2729710
22921,2729723,10,2729733
22922,2729758,74,2729832
22923,2729908,23,2729931
22924,2729982,3,2729985
22925,2730033,2,2730035
22926,2730037,25,2730062
22927,2730079,2,2730081
22928,2730366,19,2730385
22929,2730415,32,2730447
22930,2730507,3,2730510
22931,2730582,22,2730604
22932,2731047,10,2731057
22933,2731081,7,2731088
22934,2731180,30,2731210
22935,2731315,3,2731318
22936,2731407,20,2731427
22937,2731462,8,2731470
22938,2731550,8,2731558
22939,2731602,7,2731609
22940,2731621,18,2731639
22941,2731694,63,2731757
22942,2731885,54,2731939
22943,2731964,8,2731972
22944,2732059,16,2732075
22945,2732084,48,2732132
22946,2732316,11,2732327
22947,2732570,28,2732598
22948,2732943,34,2732977
22949,2733107,14,2733121
22950,2733144,28,2733172
22951,2733283,53,2733336
22952,2733384,3,2733387
22953,2733510,11,2733521
22954,2733616,3,2733619
22955,2733694,10,2733704
22956,2733708,49,2733757
22957,2733869,7,2733876
22958,2734008,14,2734022
22959,2734094,10,2734104
22960,2734204,10,2734214
22961,2734333,9,2734342
22962,2734367,54,2734421
22963,2734464,21,2734485
22964,2734488,85,2734573
22965,2734637,51,2734688
22966,2734713,1,2734714
22967,2734730,4,2734734
22968,2735155,37,2735192
22969,2735384,13,2735397
22970,2735426,47,2735473
22971,2735549,50,2735599
22972,2735657,20,2735677
22973,2735803,15,2735818
22974,2735932,14,2735946
22975,2735988,32,2736020
22976,2736152,19,2736171
22977,2736190,20,2736210
22978,2736267,12,2736279
22979,2736538,4,2736542
22980,2736567,43,2736610
22981,2736659,7,2736666
22982,2736959,2,2736961
22983,2736985,7,2736992
22984,2737015,33,2737048
22985,2737092,33,2737125
22986,2737220,36,2737256
22987,2737348,37,2737385
22988,2737581,18,2737599
22989,2737729,51,2737780
22990,2737893,4,2737897
22991,2738392,27,2738419
22992,2738622,39,2738661
22993,2738727,13,2738740
22994,2738767,13,2738780
22995,2738795,16,2738811
22996,2738937,4,2738941
22997,2739024,22,2739046
22998,2739220,49,2739269
22999,2739346,1,2739347
23000,2739402,11,2739413
23001,2739757,9,2739766
23002,2739965,18,2739983
23003,2739989,2,2739991
23004,2740142,75,2740217
23005,2740293,12,2740305
23006,2740398,23,2740421
23007,2740449,5,2740454
23008,2740678,36,2740714
23009,2740869,7,2740876
23010,2740911,7,2740918
23011,2740963,1,2740964
23012,2741036,8,2741044
23013,2741072,7,2741079
23014,2741379,61,2741440
23015,2741530,2,2741532
23016,2741564,9,2741573
23017,2741597,12,2741609
23018,2741684,1,2741685
23019,2741743,39,2741782
23020,2741784,89,2741873
23021,2741924,3,2741927
23022,2741988,14,2742002
23023,2742101,21,2742122
23024,2742214,20,2742234
23025,2742365,21,2742386
23026,2742423,4,2742427
23027,2742457,13,2742470
23028,2742478,18,2742496
23029,2742502,24,2742526
23030,2742529,5,2742534
23031,2742538,13,2742551
23032,2742637,65,2742702
23033,2742703,34,2742737
23034,2742741,4,2742745
23035,2742837,14,2742851
23036,2742963,8,2742971
23037,2742999,1,2743000
23038,2743041,15,2743056
23039,2743151,9,2743160
23040,2743172,10,2743182
23041,2743219,2,2743221
23042,2743258,9,2743267
23043,2743465,12,2743477
23044,2743657,4,2743661
23045,2743724,12,2743736
23046,2743948,5,2743953
23047,2743992,53,2744045
23048,2744124,8,2744132
23049,2744138,4,2744142
23050,2744509,15,2744524
23051,2744598,3,2744601
23052,2744727,15,2744742
23053,2744928,6,2744934
23054,2744968,68,2745036
23055,2745130,14,2745144
23056,2745165,82,2745247
23057,2745277,13,2745290
23058,2745341,22,2745363
23059,2745391,13,2745404
23060,2745461,17,2745478
23061,2745734,78,2745812
23062,2745881,28,2745909
23063,2745917,19,2745936
23064,2746076,53,2746129
23065,2746241,12,2746253
23066,2746633,18,2746651
23067,2746684,12,2746696
23068,2746907,63,2746970
23069,2747145,13,2747158
23070,2747189,9,2747198
23071,2747362,7,2747369
23072,2747381,25,2747406
23073,2747439,4,2747443
23074,2747549,4,2747553
23075,2747611,8,2747619
23076,2747771,57,2747828
23077,2747838,1,2747839
23078,2747841,24,2747865
23079,2747877,5,2747882
23080,2747927,17,2747944
23081,2747970,20,2747990
23082,2747999,27,2748026
23083,2748064,17,2748081
23084,2748087,39,2748126
23085,2748172,11,2748183
23086,2748234,15,2748249
23087,2748373,7,2748380
23088,2748402,11,2748413
23089,2748482,2,2748484
23090,2748848,26,2748874
23091,2749144,17,2749161
23092,2749199,7,2749206
23093,2749366,23,2749389
23094,2749450,41,2749491
23095,2749499,20,2749519
23096,2749521,29,2749550
23097,2749672,13,2749685
23098,2749712,4,2749716
23099,2749799,4,2749803
23100,2749829,27,2749856
23101,2749976,49,2750025
23102,2750107,47,2750154
23103,2750243,4,2750247
23104,2750537,7,2750544
23105,2750597,1,2750598
23106,2750604,8,2750612
23107,2751006,3,2751009
23108,2751151,24,2751175
23109,2751384,23,2751407
23110,2751492,24,2751516
23111,2751559,72,2751631
23112,2751703,19,2751722
23113,2751791,26,2751817
23114,2751828,24,2751852
23115,2751880,2,2751882
23116,2751884,38,2751922
23117,2752084,19,2752103
23118,2752270,5,2752275
23119,2752350,2,2752352
23120,2752453,2,2752455
23121,2752483,25,2752508
23122,2752529,6,2752535
23123,2752631,5,2752636
23124,2752697,16,2752713
23125,2752768,14,2752782
23126,2752985,34,2753019
23127,2753191,9,2753200
23128,2753248,2,2753250
23129,2753305,22,2753327
23130,2753579,162,2753741
23131,2753822,4,2753826
23132,2753892,12,2753904
23133,2753934,4,2753938
23134,2754234,9,2754243
23135,2754300,36,2754336
23136,2754343,14,2754357
23137,2754362,1,2754363
23138,2754365,4,2754369
23139,2754859,46,2754905
23140,2755114,1,2755115
23141,2755245,55,2755300
23142,2755330,38,2755368
23143,2755513,4,2755517
23144,2755789,1,2755790
23145,2755857,2,2755859
23146,2755873,2,2755875
23147,2756011,9,2756020
23148,2756051,19,2756070
23149,2756088,6,2756094
23150,2756149,7,2756156
23151,2756458,28,2756486
23152,2756588,24,2756612
23153,2756655,24,2756679
23154,2756884,117,2757001
23155,2757003,23,2757026
23156,2757031,40,2757071
23157,2757176,22,2757198
23158,2757226,32,2757258
23159,2757311,38,2757349
23160,2757393,21,2757414
23161,2757488,81,2757569
23162,2757749,11,2757760
23163,2757761,31,2757792
23164,2757799,39,2757838
23165,2757845,37,2757882
23166,2757892,19,2757911
23167,2757932,29,2757961
23168,2757998,1,2757999
23169,2758021,31,2758052
23170,2758207,50,2758257
23171,2758312,32,2758344
23172,2758462,70,2758532
23173,2758533,21,2758554
23174,2758751,29,2758780
23175,2758883,15,2758898
23176,2758927,50,2758977
23177,2759161,10,2759171
23178,2759211,3,2759214
23179,2759309,85,2759394
23180,2759428,29,2759457
23181,2759470,44,2759514
23182,2759570,25,2759595
23183,2759695,43,2759738
23184,2759831,17,2759848
23185,2759928,1,2759929
23186,2760165,15,2760180
23187,2760221,18,2760239
23188,2760279,13,2760292
23189,2760343,17,2760360
23190,2760393,7,2760400
23191,2760625,26,2760651
23192,2760672,9,2760681
23193,2760721,7,2760728
23194,2760934,9,2760943
23195,2760976,5,2760981
23196,2761104,15,2761119
23197,2761179,15,2761194
23198,2761255,22,2761277
23199,2761351,4,2761355
23200,2761410,14,2761424
23201,2761478,3,2761481
23202,2761527,82,2761609
23203,2761757,31,2761788
23204,2761807,2,2761809
23205,2761866,5,2761871
23206,2761901,13,2761914
23207,2762292,2,2762294
23208,2762305,7,2762312
23209,2762733,42,2762775
23210,2762791,6,2762797
23211,2762870,4,2762874
23212,2763026,20,2763046
23213,2763191,1,2763192
23214,2763308,52,2763360
23215,2763532,53,2763585
23216,2763665,27,2763692
23217,2763732,18,2763750
23218,2763769,16,2763785
23219,2763814,18,2763832
23220,2764120,30,2764150
23221,2764189,9,2764198
23222,2764248,47,2764295
23223,2764325,17,2764342
23224,2764698,73,2764771
23225,2764801,6,2764807
23226,2765010,10,2765020
23227,2765029,10,2765039
23228,2765070,32,2765102
23229,2765151,37,2765188
23230,2765206,7,2765213
23231,2765378,24,2765402
23232,2765533,15,2765548
23233,2765716,3,2765719
23234,2765748,32,2765780
23235,2765855,2,2765857
23236,2765910,4,2765914
23237,2766156,24,2766180
23238,2766311,41,2766352
23239,2766570,33,2766603
23240,2766761,6,2766767
23241,2766847,5,2766852
23242,2766919,124,2767043
23243,2767250,20,2767270
23244,2767612,7,2767619
23245,2767672,53,2767725
23246,2767737,9,2767746
23247,2767888,63,2767951
23248,2768151,16,2768167
23249,2768238,38,2768276
23250,2768538,53,2768591
23251,2768637,27,2768664
23252,2768725,77,2768802
23253,2768983,8,2768991
23254,2769125,68,2769193
23255,2769222,4,2769226
23256,2769310,17,2769327
23257,2769656,16,2769672
23258,2769734,12,2769746
23259,2770074,3,2770077
23260,2770204,9,2770213
23261,2770253,14,2770267
23262,2770290,3,2770293
23263,2770330,2,2770332
23264,2770374,17,2770391
23265,2770562,17,2770579
23266,2770805,4,2770809
23267,2770812,1,2770813
23268,2770822,16,2770838
23269,2771091,20,2771111
23270,2771313,2,2771315
23271,2771432,26,2771458
23272,2771575,98,2771673
23273,2771883,48,2771931
23274,2771992,20,2772012
23275,2772029,19,2772048
23276,2772056,49,2772105
23277,2772118,2,2772120
23278,2772271,2,2772273
23279,2772414,38,2772452
23280,2772538,5,2772543
23281,2772559,24,2772583
23282,2772858,13,2772871
23283,2773058,32,2773090
23284,2773226,3,2773229
23285,2773419,10,2773429
23286,2773542,28,2773570
23287,2773651,65,2773716
23288,2773972,11,2773983
23289,2774004,10,2774014
23290,2774040,15,2774055
23291,2774120,8,2774128
23292,2774143,15,2774158
23293,2774165,7,2774172
23294,2774255,5,2774260
23295,2774292,31,2774323
23296,2774389,13,2774402
23297,2774409,17,2774426
23298,2774455,21,2774476
23299,2774531,20,2774551
23300,2774817,8,2774825
23301,2774918,30,2774948
23302,2774985,10,2774995
23303,2775006,29,2775035
23304,2775056,8,2775064
23305,2775121,11,2775132
23306,2775240,3,2775243
23307,2775394,3,2775397
23308,2775420,53,2775473
23309,2775671,6,2775677
23310,2775730,128,2775858
23311,2776147,43,2776190
23312,2776268,10,2776278
23313,2776407,19,2776426
23314,2776449,4,2776453
23315,2776486,22,2776508
23316,2776565,7,2776572
23317,2776578,4,2776582
23318,2776583,11,2776594
23319,2776652,15,2776667
23320,2776684,9,2776693
23321,2776810,16,2776826
23322,2776827,2,2776829
23323,2776934,15,2776949
23324,2777258,35,2777293
23325,2777349,3,2777352
23326,2777543,11,2777554
23327,2777610,13,2777623
23328,2777660,5,2777665
23329,2778083,9,2778092
23330,2778111,25,2778136
23331,2778138,37,2778175
23332,2778186,14,2778200
23333,2778350,21,2778371
23334,2778392,21,2778413
23335,2778532,14,2778546
23336,2778736,22,2778758
23337,2778780,11,2778791
23338,2778829,2,2778831
23339,2778961,22,2778983
23340,2778987,18,2779005
23341,2779123,6,2779129
23342,2779387,24,2779411
23343,2779421,4,2779425
23344,2779528,1,2779529
23345,2779601,40,2779641
23346,2779682,31,2779713
23347,2779837,2,2779839
23348,2779978,67,2780045
23349,2780120,15,2780135
23350,2780175,20,2780195
23351,2780357,16,2780373
23352,2780498,26,2780524
23353,2780587,60,2780647
23354,2780870,2,2780872
23355,2781084,6,2781090
23356,2781185,24,2781209
23357,2781350,25,2781375
23358,2781394,27,2781421
23359,2781525,22,2781547
23360,2781568,6,2781574
23361,2781605,7,2781612
23362,2781614,5,2781619
23363,2781693,7,2781700
23364,2781769,80,2781849
23365,2782251,25,2782276
23366,2782404,12,2782416
23367,2782479,19,2782498
23368,2782508,8,2782516
23369,2782696,25,2782721
23370,2782756,9,2782765
23371,2782796,2,2782798
23372,2782917,4,2782921
23373,2782981,47,2783028
23374,2783128,17,2783145
23375,2783360,6,2783366
23376,2783486,25,2783511
23377,2783580,4,2783584
23378,2783884,19,2783903
23379,2783920,6,2783926
23380,2783969,28,2783997
23381,2784100,23,2784123
23382,2784125,43,2784168
23383,2784169,52,2784221
23384,2784401,3,2784404
23385,2784616,1,2784617
23386,2784642,17,2784659
23387,2784676,16,2784692
23388,2784836,12,2784848
23389,2784940,1,2784941
23390,2785047,37,2785084
23391,2785126,41,2785167
23392,2785294,1,2785295
23393,2785453,18,2785471
23394,2785577,28,2785605
23395,2785734,6,2785740
23396,2785786,28,2785814
23397,2785833,11,2785844
23398,2785875,30,2785905
23399,2785984,8,2785992
23400,2786289,17,2786306
23401,2786320,12,2786332
23402,2786347,7,2786354
23403,2786442,8,2786450
23404,2786541,9,2786550
23405,2786568,51,2786619
23406,2786652,4,2786656
23407,2786736,3,2786739
23408,2786838,57,2786895
23409,2786931,18,2786949
23410,2786953,95,2787048
23411,2787057,47,2787104
23412,2787143,8,2787151
23413,2787239,1,2787240
23414,2787249,90,2787339
23415,2787390,19,2787409
23416,2787463,4,2787467
23417,2787686,12,2787698
23418,2787830,5,2787835
23419,2787940,5,2787945
23420,2788040,45,2788085
23421,2788108,115,2788223
23422,2788228,9,2788237
23423,2788274,6,2788280
23424,2788294,8,2788302
23425,2788350,9,2788359
23426,2788422,3,2788425
23427,2788496,2,2788498
23428,2788760,9,2788769
23429,2788807,95,2788902
23430,2788955,12,2788967
23431,2789085,2,2789087
23432,2789279,10,2789289
23433,2789295,91,2789386
23434,2789535,44,2789579
23435,2789690,74,2789764
23436,2789828,6,2789834
23437,2789856,8,2789864
23438,2789885,4,2789889
23439,2789981,2,2789983
23440,2790159,33,2790192
23441,2790241,4,2790245
23442,2790259,29,2790288
23443,2790484,5,2790489
23444,2790590,8,2790598
23445,2790615,6,2790621
23446,2790702,59,2790761
23447,2790785,18,2790803
23448,2790961,24,2790985
23449,2791116,2,2791118
23450,2791220,15,2791235
23451,2791242,4,2791246
23452,2791288,15,2791303
23453,2791508,10,2791518
23454,2791527,6,2791533
23455,2791683,14,2791697
23456,2791791,30,2791821
23457,2791825,1,2791826
23458,2791828,7,2791835
23459,2791981,3,2791984
23460,2791991,12,2792003
23461,2792138,70,2792208
23462,2792244,10,2792254
23463,2792661,7,2792668
23464,2793067,7,2793074
23465,2793189,12,2793201
23466,2793210,1,2793211
23467,2793472,28,2793500
23468,2793700,22,2793722
23469,2793730,4,2793734
23470,2793838,33,2793871
23471,2793946,51,2793997
23472,2794107,16,2794123
23473,2794251,52,2794303
23474,2794427,34,2794461
23475,2794563,12,2794575
23476,2794632,66,2794698
23477,2794754,2,2794756
23478,2794814,17,2794831
23479,2794988,19,2795007
23480,2795206,4,2795210
23481,2795216,12,2795228
23482,2795562,3,2795565
23483,2795625,26,2795651
23484,2795834,32,2795866
23485,2795867,8,2795875
23486,2795938,80,2796018
23487,2796021,10,2796031
23488,2796037,10,2796047
23489,2796182,7,2796189
23490,2796391,3,2796394
23491,2796656,14,2796670
23492,2796721,2,2796723
23493,2796947,42,2796989
23494,2797089,10,2797099
23495,2797480,83,2797563
23496,2797681,1,2797682
23497,2797694,19,2797713
23498,2797773,2,2797775
23499,2797864,37,2797901
23500,2798056,26,2798082
23501,2798239,2,2798241
23502,2798401,12,2798413
23503,2798425,5,2798430
23504,2798894,46,2798940
23505,2798992,13,2799005
23506,2799122,15,2799137
23507,2799323,13,2799336
23508,2799419,41,2799460
23509,2799573,24,2799597
23510,2800091,7,2800098
23511,2800232,6,2800238
23512,2800386,18,2800404
23513,2800689,38,2800727
23514,2800731,9,2800740
23515,2800761,13,2800774
23516,2800826,41,2800867
23517,2801016,9,2801025
23518,2801141,13,2801154
23519,2801202,9,2801211
23520,2801376,1,2801377
23521,2801401,2,2801403
23522,2801727,18,2801745
23523,2801801,11,2801812
23524,2801847,26,2801873
23525,2802059,12,2802071
23526,2802080,9,2802089
23527,2802138,19,2802157
23528,2802253,10,2802263
23529,2802352,15,2802367
23530,2802439,8,2802447
23531,2802456,100,2802556
23532,2802618,2,2802620
23533,2802647,2,2802649
23534,2802863,11,2802874
23535,2802905,19,2802924
23536,2802927,19,2802946
23537,2803014,48,2803062
23538,2803143,1,2803144
23539,2803183,29,2803212
23540,2803235,17,2803252
23541,2803722,11,2803733
23542,2803775,11,2803786
23543,2803839,12,2803851
23544,2803914,26,2803940
23545,2804094,34,2804128
23546,2804355,31,2804386
23547,2804418,13,2804431
23548,2804437,7,2804444
23549,2804588,67,2804655
23550,2804672,4,2804676
23551,2804736,2,2804738
23552,2804756,24,2804780
23553,2804786,16,2804802
23554,2805151,8,2805159
23555,2805269,3,2805272
23556,2805321,36,2805357
23557,2805526,28,2805554
23558,2805567,18,2805585
23559,2805648,39,2805687
23560,2805808,7,2805815
23561,2805820,109,2805929
23562,2806067,22,2806089
23563,2806197,6,2806203
23564,2806428,8,2806436
23565,2806503,17,2806520
23566,2806651,10,2806661
23567,2806763,2,2806765
23568,2806769,15,2806784
23569,2806804,7,2806811
23570,2806840,18,2806858
23571,2806917,7,2806924
23572,2807275,10,2807285
23573,2807294,14,2807308
23574,2807607,71,2807678
23575,2807759,13,2807772
23576,2807871,16,2807887
23577,2808003,14,2808017
23578,2808120,26,2808146
23579,2808362,21,2808383
23580,2808389,58,2808447
23581,2808450,31,2808481
23582,2808569,29,2808598
23583,2808731,10,2808741
23584,2808749,2,2808751
23585,2808833,98,2808931
23586,2809055,16,2809071
23587,2809229,17,2809246
23588,2809279,23,2809302
23589,2809304,7,2809311
23590,2809413,114,2809527
23591,2809546,11,2809557
23592,2809653,23,2809676
23593,2809913,5,2809918
23594,2809931,27,2809958
23595,2810144,19,2810163
23596,2810192,1,2810193
23597,2810234,11,2810245
23598,2810276,1,2810277
23599,2810321,4,2810325
23600,2810462,36,2810498
23601,2810620,1,2810621
23602,2810759,3,2810762
23603,2810825,3,2810828
23604,2811048,26,2811074
23605,2811081,11,2811092
23606,2811119,27,2811146
23607,2811180,40,2811220
23608,2811242,38,2811280
23609,2811359,15,2811374
23610,2811385,24,2811409
23611,2811461,46,2811507
23612,2811983,12,2811995
23613,2812011,17,2812028
23614,2812064,6,2812070
23615,2812446,15,2812461
23616,2812679,2,2812681
23617,2812693,17,2812710
23618,2812761,71,2812832
23619,2812878,7,2812885
23620,2812966,11,2812977
23621,2813068,12,2813080
23622,2813095,3,2813098
23623,2813389,59,2813448
23624,2813835,4,2813839
23625,2814114,2,2814116
23626,2814194,20,2814214
23627,2814319,33,2814352
23628,2814437,28,2814465
23629,2814669,10,2814679
23630,2814735,10,2814745
23631,2814827,11,2814838
23632,2815077,16,2815093
23633,2815107,12,2815119
23634,2815186,9,2815195
23635,2815442,59,2815501
23636,2815518,13,2815531
23637,2815658,96,2815754
23638,2816210,38,2816248
23639,2816372,12,2816384
23640,2816469,16,2816485
23641,2816704,78,2816782
23642,2816817,4,2816821
23643,2816955,34,2816989
23644,2817050,12,2817062
23645,2817109,23,2817132
23646,2817163,23,2817186
23647,2817306,40,2817346
23648,2817384,3,2817387
23649,2817532,41,2817573
23650,2817621,2,2817623
23651,2817929,20,2817949
23652,2817954,42,2817996
23653,2818128,26,2818154
23654,2818297,15,2818312
23655,2818345,49,2818394
23656,2818407,43,2818450
23657,2818475,14,2818489
23658,2818514,16,2818530
23659,2818588,16,2818604
23660,2818704,32,2818736
23661,2818753,60,2818813
23662,2818913,7,2818920
23663,2818992,9,2819001
23664,2819113,18,2819131
23665,2819136,3,2819139
23666,2819234,8,2819242
23667,2819243,29,2819272
23668,2819365,19,2819384
23669,2819419,15,2819434
23670,2819445,24,2819469
23671,2819478,29,2819507
23672,2819712,32,2819744
23673,2819872,20,2819892
23674,2819983,1,2819984
23675,2820065,50,2820115
23676,2820333,45,2820378
23677,2820388,4,2820392
23678,2820452,11,2820463
23679,2820502,2,2820504
23680,2820616,6,2820622
23681,2820788,28,2820816
23682,2821011,6,2821017
23683,2821078,133,2821211
23684,2821325,28,2821353
23685,2821468,20,2821488
23686,2821518,36,2821554
23687,2821671,20,2821691
23688,2821771,10,2821781
23689,2822023,18,2822041
23690,2822176,43,2822219
23691,2822328,24,2822352
23692,2822554,42,2822596
23693,2822642,36,2822678
23694,2822858,12,2822870
23695,2823000,17,2823017
23696,2823038,17,2823055
23697,2823254,15,2823269
23698,2823453,4,2823457
23699,2823534,34,2823568
23700,2823750,17,2823767
23701,2823787,34,2823821
23702,2824059,10,2824069
23703,2824170,4,2824174
23704,2824366,6,2824372
23705,2824427,4,2824431
23706,2824573,33,2824606
23707,2824635,9,2824644
23708,2824763,40,2824803
23709,2824817,2,2824819
23710,2824856,7,2824863
23711,2824903,12,2824915
23712,2824984,13,2824997
23713,2825056,15,2825071
23714,2825101,42,2825143
23715,2825299,24,2825323
23716,2825430,20,2825450
23717,2825547,67,2825614
23718,2825897,37,2825934
23719,2826055,36,2826091
23720,2826175,45,2826220
23721,2826256,8,2826264
23722,2826352,3,2826355
23723,2826365,7,2826372
23724,2826375,24,2826399
23725,2826496,21,2826517
23726,2826565,31,2826596
23727,2826603,29,2826632
23728,2826657,93,2826750
23729,2826844,30,2826874
23730,2826877,12,2826889
23731,2826927,16,2826943
23732,2826986,10,2826996
23733,2827004,4,2827008
23734,2827044,9,2827053
23735,2827072,2,2827074
23736,2827125,56,2827181
23737,2827185,6,2827191
23738,2827331,21,2827352
23739,2827452,12,2827464
23740,2827533,2,2827535
23741,2827627,17,2827644
23742,2827748,43,2827791
23743,2827807,35,2827842
23744,2828089,19,2828108
23745,2828268,21,2828289
23746,2828297,13,2828310
23747,2828316,30,2828346
23748,2828879,4,2828883
23749,2828942,2,2828944
23750,2829026,18,2829044
23751,2829154,67,2829221
23752,2829238,27,2829265
23753,2829307,17,2829324
23754,2829369,22,2829391
23755,2829471,42,2829513
23756,2829570,40,2829610
23757,2829635,18,2829653
23758,2829670,5,2829675
23759,2829889,3,2829892
23760,2829963,5,2829968
23761,2830271,24,2830295
23762,2830374,3,2830377
23763,2830485,40,2830525
23764,2830586,3,2830589
23765,2830718,16,2830734
23766,2830826,28,2830854
23767,2830995,20,2831015
23768,2831025,2,2831027
23769,2831208,8,2831216
23770,2831222,7,2831229
23771,2831677,20,2831697
23772,2831703,10,2831713
23773,2831945,18,2831963
23774,2832042,19,2832061
23775,2832148,2,2832150
23776,2832171,30,2832201
23777,2832263,16,2832279
23778,2832280,51,2832331
23779,2832479,6,2832485
23780,2832517,67,2832584
23781,2832682,17,2832699
23782,2832783,21,2832804
23783,2832821,5,2832826
23784,2833121,32,2833153
23785,2833183,39,2833222
23786,2833259,28,2833287
23787,2833316,2,2833318
23788,2833577,24,2833601
23789,2833623,1,2833624
23790,2833636,18,2833654
23791,2833712,100,2833812
23792,2834240,8,2834248
23793,2834249,4,2834253
23794,2834408,12,2834420
23795,2834423,25,2834448
23796,2834619,10,2834629
23797,2834905,43,2834948
23798,2834960,30,2834990
23799,2835038,10,2835048
23800,2835193,35,2835228
23801,2835335,34,2835369
23802,2835371,2,2835373
23803,2835571,79,2835650
23804,2835671,99,2835770
23805,2835959,16,2835975
23806,2836004,15,2836019
23807,2836142,22,2836164
23808,2836278,19,2836297
23809,2836326,12,2836338
23810,2836493,14,2836507
23811,2836693,38,2836731
23812,2836797,16,2836813
23813,2836832,4,2836836
23814,2836935,5,2836940
23815,2836966,7,2836973
23816,2837155,7,2837162
23817,2837171,1,2837172
23818,2837463,26,2837489
23819,2837664,45,2837709
23820,2837826,22,2837848
23821,2837959,10,2837969
23822,2838113,9,2838122
23823,2838256,48,2838304
23824,2838320,1,2838321
23825,2838585,9,2838594
23826,2838597,5,2838602
23827,2838814,25,2838839
23828,2838950,50,2839000
23829,2839037,36,2839073
23830,2839083,8,2839091
23831,2839100,11,2839111
23832,2839116,9,2839125
23833,2839181,4,2839185
23834,2839366,10,2839376
23835,2839476,59,2839535
23836,2839541,78,2839619
23837,2839621,28,2839649
23838,2839711,22,2839733
23839,2839960,27,2839987
23840,2840050,6,2840056
23841,2840092,15,2840107
23842,2840151,17,2840168
23843,2840300,3,2840303
23844,2840391,2,2840393
23845,2840399,3,2840402
23846,2840486,14,2840500
23847,2840580,22,2840602
23848,2840607,18,2840625
23849,2840686,3,2840689
23850,2840793,20,2840813
23851,2840952,51,2841003
23852,2841101,4,2841105
23853,2841137,79,2841216
23854,2841277,27,2841304
23855,2841328,14,2841342
23856,2841543,26,2841569
23857,2841615,1,2841616
23858,2841746,20,2841766
23859,2841954,37,2841991
23860,2842060,91,2842151
23861,2842183,8,2842191
23862,2842263,44,2842307
23863,2842332,20,2842352
23864,2842358,62,2842420
23865,2842425,2,2842427
23866,2842494,67,2842561
23867,2842579,27,2842606
23868,2842768,8,2842776
23869,2842843,8,2842851
23870,2842871,26,2842897
23871,2842959,1,2842960
23872,2843000,20,2843020
23873,2843079,41,2843120
23874,2843133,4,2843137
23875,2843144,1,2843145
23876,2843166,26,2843192
23877,2843205,5,2843210
23878,2843223,32,2843255
23879,2843319,2,2843321
23880,2843490,2,2843492
23881,2843644,9,2843653
23882,2843729,48,2843777
23883,2843942,5,2843947
23884,2843962,19,2843981
23885,2844035,43,2844078
23886,2844103,18,2844121
23887,2844138,3,2844141
23888,2844218,31,2844249
23889,2844389,2,2844391
23890,2844392,21,2844413
23891,2844642,26,2844668
23892,2844697,44,2844741
23893,2844783,40,2844823
23894,2844859,10,2844869
23895,2844952,26,2844978
23896,2845177,32,2845209
23897,2845214,6,2845220
23898,2845401,1,2845402
23899,2845414,17,2845431
23900,2845434,6,2845440
23901,2845490,5,2845495
23902,2845590,1,2845591
23903,2845610,20,2845630
23904,2845708,6,2845714
23905,2845764,21,2845785
23906,2845825,2,2845827
23907,2845855,3,2845858
23908,2845875,6,2845881
23909,2845889,21,2845910
23910,2845949,2,2845951
23911,2845957,9,2845966
23912,2846101,25,2846126
23913,2846174,33,2846207
23914,2846212,1,2846213
23915,2846258,19,2846277
23916,2846297,6,2846303
23917,2846501,20,2846521
23918,2846581,6,2846587
23919,2846645,6,2846651
23920,2846728,83,2846811
23921,2846862,2,2846864
23922,2846867,11,2846878
23923,2846906,1,2846907
23924,2847180,5,2847185
23925,2847227,24,2847251
23926,2847592,16,2847608
23927,2847622,12,2847634
23928,2847635,37,2847672
23929,2847675,1,2847676
23930,2847697,23,2847720
23931,2847838,41,2847879
23932,2847956,38,2847994
23933,2848197,1,2848198
23934,2848384,1,2848385
23935,2848460,7,2848467
23936,2848926,22,2848948
23937,2848956,23,2848979
23938,2849210,35,2849245
23939,2849322,33,2849355
23940,2849564,12,2849576
23941,2849589,44,2849633
23942,2849785,5,2849790
23943,2849930,34,2849964
23944,2850162,3,2850165
23945,2850212,10,2850222
23946,2850228,10,2850238
23947,2850294,4,2850298
23948,2850335,3,2850338
23949,2850339,5,2850344
23950,2850505,34,2850539
23951,2850603,18,2850621
23952,2850834,22,2850856
23953,2850865,17,2850882
23954,2850929,15,2850944
23955,2850961,18,2850979
23956,2850995,40,2851035
23957,2851360,11,2851371
23958,2851726,24,2851750
23959,2851829,3,2851832
23960,2852225,28,2852253
23961,2852306,7,2852313
23962,2852507,10,2852517
23963,2852612,19,2852631
23964,2852728,38,2852766
23965,2852965,10,2852975
23966,2853071,90,2853161
23967,2853243,2,2853245
23968,2853264,24,2853288
23969,2853395,13,2853408
23970,2853679,22,2853701
23971,2853782,1,2853783
23972,2853863,17,2853880
23973,2853925,2,2853927
23974,2853934,21,2853955
23975,2853969,19,2853988
23976,2854096,44,2854140
23977,2854191,24,2854215
23978,2854324,28,2854352
23979,2854378,11,2854389
23980,2854403,28,2854431
23981,2854440,2,2854442
23982,2854551,42,2854593
23983,2854609,14,2854623
23984,2854643,50,2854693
23985,2854738,90,2854828
23986,2854851,24,2854875
23987,2854986,95,2855081
23988,2855084,22,2855106
23989,2855230,7,2855237
23990,2855464,22,2855486
23991,2855502,28,2855530
23992,2855752,2,2855754
23993,2855841,2,2855843
23994,2855872,13,2855885
23995,2855904,15,2855919
23996,2855943,3,2855946
23997,2855970,37,2856007
23998,2856008,43,2856051
23999,2856068,4,2856072
24000,2856093,10,2856103
24001,2856180,6,2856186
24002,2856424,17,2856441
24003,2856445,22,2856467
24004,2856662,31,2856693
24005,2856778,17,2856795
24006,2857084,20,2857104
24007,2857289,15,2857304
24008,2857307,10,2857317
24009,2857327,11,2857338
24010,2857366,10,2857376
24011,2857414,6,2857420
24012,2857507,9,2857516
24013,2857694,22,2857716
24014,2857771,33,2857804
24015,2857975,22,2857997
24016,2858028,22,2858050
24017,2858055,30,2858085
24018,2858136,20,2858156
24019,2858244,29,2858273
24020,2858471,11,2858482
24021,2858553,70,2858623
24022,2858782,1,2858783
24023,2858823,20,2858843
24024,2858874,15,2858889
24025,2858966,4,2858970
24026,2859138,30,2859168
24027,2859220,18,2859238
24028,2859320,17,2859337
24029,2859351,66,2859417
24030,2859426,18,2859444
24031,2859599,6,2859605
24032,2859681,48,2859729
24033,2859772,22,2859794
24034,2859830,4,2859834
24035,2860176,2,2860178
24036,2860323,12,2860335
24037,2860382,14,2860396
24038,2860436,3,2860439
24039,2860507,10,2860517
24040,2861039,21,2861060
24041,2861078,8,2861086
24042,2861116,45,2861161
24043,2861172,9,2861181
24044,2861265,15,2861280
24045,2861346,5,2861351
24046,2861510,4,2861514
24047,2861559,45,2861604
24048,2861759,24,2861783
24049,2861979,8,2861987
24050,2862292,34,2862326
24051,2862341,32,2862373
24052,2862425,2,2862427
24053,2862456,12,2862468
24054,2862475,17,2862492
24055,2862592,55,2862647
24056,2862752,16,2862768
24057,2862825,23,2862848
24058,2862976,22,2862998
24059,2863159,18,2863177
24060,2863434,22,2863456
24061,2863598,11,2863609
24062,2863757,10,2863767
24063,2864162,1,2864163
24064,2864204,1,2864205
24065,2864485,1,2864486
24066,2864916,16,2864932
24067,2865076,3,2865079
24068,2865148,8,2865156
24069,2865391,24,2865415
24070,2865599,2,2865601
24071,2865653,3,2865656
24072,2865665,11,2865676
24073,2865708,28,2865736
24074,2865947,6,2865953
24075,2866052,18,2866070
24076,2866459,7,2866466
24077,2866701,43,2866744
24078,2866780,20,2866800
24079,2866952,71,2867023
24080,2867025,3,2867028
24081,2867044,5,2867049
24082,2867168,4,2867172
24083,2867184,5,2867189
24084,2867273,17,2867290
24085,2867492,8,2867500
24086,2867538,10,2867548
24087,2867668,23,2867691
24088,2867944,7,2867951
24089,2867988,16,2868004
24090,2868129,93,2868222
24091,2868223,2,2868225
24092,2868239,1,2868240
24093,2868278,65,2868343
24094,2868433,17,2868450
24095,2868547,47,2868594
24096,2868595,6,2868601
24097,2868816,21,2868837
24098,2868877,21,2868898
24099,2868927,20,2868947
24100,2868963,9,2868972
24101,2869058,36,2869094
24102,2869318,67,2869385
24103,2869479,24,2869503
24104,2869546,4,2869550
24105,2869673,101,2869774
24106,2869872,32,2869904
24107,2870128,3,2870131
24108,2870249,13,2870262
24109,2870284,35,2870319
24110,2870498,43,2870541
24111,2870575,17,2870592
24112,2870633,2,2870635
24113,2870667,44,2870711
24114,2870912,5,2870917
24115,2871036,22,2871058
24116,2871102,13,2871115
24117,2871131,21,2871152
24118,2871454,2,2871456
24119,2871513,35,2871548
24120,2871624,14,2871638
24121,2871678,4,2871682
24122,2871853,2,2871855
24123,2871882,39,2871921
24124,2871970,2,2871972
24125,2872029,47,2872076
24126,2872230,2,2872232
24127,2872241,14,2872255
24128,2872264,31,2872295
24129,2872299,29,2872328
24130,2872337,65,2872402
24131,2872444,3,2872447
24132,2872455,12,2872467
24133,2872500,3,2872503
24134,2872635,5,2872640
24135,2872777,15,2872792
24136,2873129,1,2873130
24137,2873253,52,2873305
24138,2873325,11,2873336
24139,2873386,23,2873409
24140,2873496,29,2873525
24141,2873528,15,2873543
24142,2873602,5,2873607
24143,2873610,5,2873615
24144,2873739,16,2873755
24145,2873758,7,2873765
24146,2873811,7,2873818
24147,2873999,33,2874032
24148,2874077,21,2874098
24149,2874125,10,2874135
24150,2874258,9,2874267
24151,2874491,75,2874566
24152,2874695,1,2874696
24153,2874802,8,2874810
24154,2874888,5,2874893
24155,2874895,52,2874947
24156,2874978,10,2874988
24157,2875029,19,2875048
24158,2875053,23,2875076
24159,2875094,37,2875131
24160,2875140,179,2875319
24161,2875467,75,2875542
24162,2875951,14,2875965
24163,2875967,18,2875985
24164,2876086,6,2876092
24165,2876109,40,2876149
24166,2876314,7,2876321
24167,2876328,34,2876362
24168,2876406,6,2876412
24169,2876429,42,2876471
24170,2876548,4,2876552
24171,2876566,25,2876591
24172,2876619,7,2876626
24173,2876848,3,2876851
24174,2877009,54,2877063
24175,2877186,17,2877203
24176,2877530,30,2877560
24177,2877630,3,2877633
24178,2877683,97,2877780
24179,2877930,26,2877956
24180,2878012,7,2878019
24181,2878118,72,2878190
24182,2878206,8,2878214
24183,2878217,29,2878246
24184,2878247,49,2878296
24185,2878303,51,2878354
24186,2878383,13,2878396
24187,2878576,85,2878661
24188,2878673,28,2878701
24189,2878707,30,2878737
24190,2878807,5,2878812
24191,2878890,3,2878893
24192,2878919,6,2878925
24193,2878966,3,2878969
24194,2879090,11,2879101
24195,2879187,6,2879193
24196,2879237,14,2879251
24197,2879450,9,2879459
24198,2879673,24,2879697
24199,2879745,71,2879816
24200,2880132,11,2880143
24201,2880258,6,2880264
24202,2880379,11,2880390
24203,2880391,16,2880407
24204,2880471,54,2880525
24205,2880563,17,2880580
24206,2880641,40,2880681
24207,2880860,5,2880865
24208,2880921,3,2880924
24209,2881092,14,2881106
24210,2881132,16,2881148
24211,2881252,26,2881278
24212,2881529,5,2881534
24213,2881671,35,2881706
24214,2881809,8,2881817
24215,2881860,1,2881861
24216,2881867,1,2881868
24217,2882033,25,2882058
24218,2882065,19,2882084
24219,2882180,3,2882183
24220,2882291,26,2882317
24221,2882491,39,2882530
24222,2882653,12,2882665
24223,2882726,34,2882760
24224,2882764,44,2882808
24225,2882813,23,2882836
24226,2882907,14,2882921
24227,2883078,1,2883079
24228,2883254,32,2883286
24229,2883307,10,2883317
24230,2883336,14,2883350
24231,2883681,22,2883703
24232,2883812,5,2883817
24233,2884080,24,2884104
24234,2884266,48,2884314
24235,2884477,17,2884494
24236,2884766,8,2884774
24237,2884818,1,2884819
24238,2884820,36,2884856
24239,2884902,3,2884905
24240,2884968,21,2884989
24241,2885069,28,2885097
24242,2885232,18,2885250
24243,2885317,10,2885327
24244,2885519,42,2885561
24245,2885627,5,2885632
24246,2885700,14,2885714
24247,2885946,21,2885967
24248,2886000,29,2886029
24249,2886081,7,2886088
24250,2886157,1,2886158
24251,2886299,31,2886330
24252,2886491,5,2886496
24253,2886560,21,2886581
24254,2886617,6,2886623
24255,2886757,25,2886782
24256,2886802,37,2886839
24257,2886915,32,2886947
24258,2887088,22,2887110
24259,2887127,11,2887138
24260,2887149,5,2887154
24261,2887196,9,2887205
24262,2887511,38,2887549
24263,2887633,7,2887640
24264,2887667,6,2887673
24265,2887825,4,2887829
24266,2887887,29,2887916
24267,2888052,67,2888119
24268,2888177,30,2888207
24269,2888223,9,2888232
24270,2888311,2,2888313
24271,2888523,21,2888544
24272,2888644,33,2888677
24273,2888715,10,2888725
24274,2888757,21,2888778
24275,2888840,3,2888843
24276,2888920,8,2888928
24277,2889038,6,2889044
24278,2889276,46,2889322
24279,2889338,59,2889397
24280,2889398,10,2889408
24281,2889555,2,2889557
24282,2889847,60,2889907
24283,2889926,10,2889936
24284,2889962,11,2889973
24285,2890074,1,2890075
24286,2890199,1,2890200
24287,2890253,29,2890282
24288,2890301,52,2890353
24289,2890573,33,2890606
24290,2890706,93,2890799
24291,2890821,18,2890839
24292,2891053,28,2891081
24293,2891351,39,2891390
24294,2891406,3,2891409
24295,2891537,2,2891539
24296,2891646,21,2891667
24297,2891887,6,2891893
24298,2891935,16,2891951
24299,2892201,25,2892226
24300,2892379,29,2892408
24301,2892734,4,2892738
24302,2892799,10,2892809
24303,2892834,31,2892865
24304,2893542,14,2893556
24305,2893584,4,2893588
24306,2893727,26,2893753
24307,2893850,2,2893852
24308,2894213,6,2894219
24309,2894550,22,2894572
24310,2894989,26,2895015
24311,2895049,4,2895053
24312,2895113,3,2895116
24313,2895289,10,2895299
24314,2895434,20,2895454
24315,2895660,7,2895667
24316,2895697,46,2895743
24317,2895763,13,2895776
24318,2895860,2,2895862
24319,2895923,8,2895931
24320,2896161,11,2896172
24321,2896206,8,2896214
24322,2896380,15,2896395
24323,2896555,11,2896566
24324,2896788,55,2896843
24325,2896873,2,2896875
24326,2896993,1,2896994
24327,2897155,6,2897161
24328,2897236,35,2897271
24329,2897312,24,2897336
24330,2897440,35,2897475
24331,2897702,56,2897758
24332,2898162,51,2898213
24333,2898328,12,2898340
24334,2898391,46,2898437
24335,2898597,44,2898641
24336,2898710,7,2898717
24337,2898776,96,2898872
24338,2898914,26,2898940
24339,2899222,10,2899232
24340,2899313,29,2899342
24341,2899644,1,2899645
24342,2899674,7,2899681
24343,2899695,9,2899704
24344,2899813,56,2899869
24345,2899915,13,2899928
24346,2899935,5,2899940
24347,2900094,7,2900101
24348,2900165,14,2900179
24349,2900209,14,2900223
24350,2900243,16,2900259
24351,2900315,3,2900318
24352,2900344,3,2900347
24353,2900550,14,2900564
24354,2900696,2,2900698
24355,2900782,6,2900788
24356,2901028,1,2901029
24357,2901043,7,2901050
24358,2901226,21,2901247
24359,2901416,1,2901417
24360,2901422,24,2901446
24361,2901483,7,2901490
24362,2901537,87,2901624
24363,2901909,29,2901938
24364,2901981,57,2902038
24365,2902059,1,2902060
24366,2902323,30,2902353
24367,2902413,6,2902419
24368,2902585,12,2902597
24369,2902628,82,2902710
24370,2902762,6,2902768
24371,2902780,17,2902797
24372,2902985,70,2903055
24373,2903261,8,2903269
24374,2903271,1,2903272
24375,2903444,3,2903447
24376,2903457,35,2903492
24377,2903600,20,2903620
24378,2903636,39,2903675
24379,2903727,22,2903749
24380,2903767,11,2903778
24381,2904194,14,2904208
24382,2904261,31,2904292
24383,2904368,16,2904384
24384,2905108,9,2905117
24385,2905133,52,2905185
24386,2905273,42,2905315
24387,2905416,61,2905477
24388,2905568,8,2905576
24389,2905659,15,2905674
24390,2905695,1,2905696
24391,2905713,10,2905723
24392,2905802,14,2905816
24393,2905888,1,2905889
24394,2905992,30,2906022
24395,2906032,68,2906100
24396,2906167,11,2906178
24397,2906188,23,2906211
24398,2906219,11,2906230
24399,2906296,5,2906301
24400,2906358,16,2906374
24401,2906397,9,2906406
24402,2906426,4,2906430
24403,2906433,25,2906458
24404,2906460,9,2906469
24405,2906575,8,2906583
24406,2906621,10,2906631
24407,2906790,14,2906804
24408,2906856,35,2906891
24409,2906924,8,2906932
24410,2906996,12,2907008
24411,2907027,29,2907056
24412,2907069,2,2907071
24413,2907102,37,2907139
24414,2907250,15,2907265
24415,2907298,43,2907341
24416,2907426,5,2907431
24417,2907536,41,2907577
24418,2907703,30,2907733
24419,2907813,18,2907831
24420,2907929,2,2907931
24421,2908155,1,2908156
24422,2908185,46,2908231
24423,2908359,30,2908389
24424,2908419,9,2908428
24425,2908433,17,2908450
24426,2908538,26,2908564
24427,2908634,2,2908636
24428,2908640,3,2908643
24429,2908746,4,2908750
24430,2908822,19,2908841
24431,2908857,10,2908867
24432,2909062,17,2909079
24433,2909202,28,2909230
24434,2909363,70,2909433
24435,2909549,13,2909562
24436,2909611,1,2909612
24437,2909737,4,2909741
24438,2909752,47,2909799
24439,2909804,6,2909810
24440,2909838,4,2909842
24441,2909852,36,2909888
24442,2910162,17,2910179
24443,2910315,9,2910324
24444,2910337,11,2910348
24445,2910554,4,2910558
24446,2910661,7,2910668
24447,2910892,11,2910903
24448,2910908,63,2910971
24449,2911011,6,2911017
24450,2911222,26,2911248
24451,2911292,41,2911333
24452,2911454,5,2911459
24453,2911467,6,2911473
24454,2911482,6,2911488
24455,2911521,27,2911548
24456,2911704,32,2911736
24457,2911739,46,2911785
24458,2911812,63,2911875
24459,2911878,7,2911885
24460,2911946,7,2911953
24461,2911971,2,2911973
24462,2912824,25,2912849
24463,2913031,44,2913075
24464,2913125,51,2913176
24465,2913522,2,2913524
24466,2913537,3,2913540
24467,2913601,43,2913644
24468,2913662,13,2913675
24469,2913811,54,2913865
24470,2913928,9,2913937
24471,2914013,4,2914017
24472,2914229,31,2914260
24473,2914271,3,2914274
24474,2914503,16,2914519
24475,2914593,30,2914623
24476,2914773,9,2914782
24477,2914812,30,2914842
24478,2914863,31,2914894
24479,2914944,46,2914990
24480,2915058,5,2915063
24481,2915090,4,2915094
24482,2915258,5,2915263
24483,2915422,8,2915430
24484,2915624,35,2915659
24485,2915835,9,2915844
24486,2915943,6,2915949
24487,2915992,5,2915997
24488,2915999,23,2916022
24489,2916046,15,2916061
24490,2916179,5,2916184
24491,2916422,20,2916442
24492,2916521,2,2916523
24493,2916543,2,2916545
24494,2916558,26,2916584
24495,2916598,15,2916613
24496,2916731,8,2916739
24497,2916878,57,2916935
24498,2917035,1,2917036
24499,2917231,3,2917234
24500,2917288,19,2917307
24501,2917308,13,2917321
24502,2917588,38,2917626
24503,2917660,9,2917669
24504,2917701,41,2917742
24505,2917822,27,2917849
24506,2917916,3,2917919
24507,2918334,34,2918368
24508,2918526,27,2918553
24509,2918560,17,2918577
24510,2918861,37,2918898
24511,2919010,11,2919021
24512,2919040,16,2919056
24513,2919057,20,2919077
24514,2919227,8,2919235
24515,2919460,6,2919466
24516,2919860,24,2919884
24517,2920050,9,2920059
24518,2920152,20,2920172
24519,2920356,22,2920378
24520,2920588,17,2920605
24521,2920606,29,2920635
24522,2920824,46,2920870
24523,2920935,4,2920939
24524,2920940,8,2920948
24525,2921240,12,2921252
24526,2921614,43,2921657
24527,2922437,11,2922448
24528,2922640,22,2922662
24529,2922863,1,2922864
24530,2923059,6,2923065
24531,2923115,19,2923134
24532,2923285,16,2923301
24533,2923364,39,2923403
24534,2923441,18,2923459
24535,2923635,28,2923663
24536,2923759,14,2923773
24537,2923858,15,2923873
24538,2924039,9,2924048
24539,2924088,3,2924091
24540,2924143,42,2924185
24541,2924477,3,2924480
24542,2924527,125,2924652
24543,2924710,11,2924721
24544,2924770,80,2924850
24545,2924870,12,2924882
24546,2925069,5,2925074
24547,2925108,7,2925115
24548,2925378,39,2925417
24549,2925506,3,2925509
24550,2925568,7,2925575
24551,2925617,16,2925633
24552,2925643,7,2925650
24553,2925682,17,2925699
24554,2925876,6,2925882
24555,2925927,2,2925929
24556,2926133,26,2926159
24557,2926194,8,2926202
24558,2926313,57,2926370
24559,2926790,2,2926792
24560,2926863,34,2926897
24561,2926993,77,2927070
24562,2927093,2,2927095
24563,2927210,13,2927223
24564,2927269,26,2927295
24565,2927322,1,2927323
24566,2927372,34,2927406
24567,2927496,24,2927520
24568,2927636,5,2927641
24569,2927716,1,2927717
24570,2927743,41,2927784
24571,2927789,5,2927794
24572,2927909,56,2927965
24573,2927972,38,2928010
24574,2928098,4,2928102
24575,2928137,3,2928140
24576,2928277,21,2928298
24577,2928339,7,2928346
24578,2928367,2,2928369
24579,2928380,11,2928391
24580,2928411,17,2928428
24581,2928465,9,2928474
24582,2928649,40,2928689
24583,2928802,5,2928807
24584,2928938,42,2928980
24585,2929298,16,2929314
24586,2929729,4,2929733
24587,2929750,14,2929764
24588,2929769,23,2929792
24589,2929904,9,2929913
24590,2930033,10,2930043
24591,2930193,5,2930198
24592,2930211,41,2930252
24593,2930265,30,2930295
24594,2930348,13,2930361
24595,2930536,13,2930549
24596,2930598,10,2930608
24597,2930635,5,2930640
24598,2930671,8,2930679
24599,2930798,1,2930799
24600,2930928,6,2930934
24601,2930948,21,2930969
24602,2930996,16,2931012
24603,2931050,69,2931119
24604,2931190,21,2931211
24605,2931216,76,2931292
24606,2931376,18,2931394
24607,2931429,57,2931486
24608,2931575,10,2931585
24609,2931688,19,2931707
24610,2931831,1,2931832
24611,2931915,31,2931946
24612,2932023,61,2932084
24613,2932138,17,2932155
24614,2932297,1,2932298
24615,2932305,4,2932309
24616,2932427,48,2932475
24617,2932686,19,2932705
24618,2932712,2,2932714
24619,2932875,7,2932882
24620,2932954,62,2933016
24621,2933045,1,2933046
24622,2933050,29,2933079
24623,2933120,7,2933127
24624,2933191,9,2933200
24625,2933211,56,2933267
24626,2933349,49,2933398
24627,2933496,11,2933507
24628,2933656,40,2933696
24629,2933702,28,2933730
24630,2933763,12,2933775
24631,2933904,54,2933958
24632,2934192,1,2934193
24633,2934384,5,2934389
24634,2934571,50,2934621
24635,2934622,10,2934632
24636,2934704,65,2934769
24637,2934836,6,2934842
24638,2934903,13,2934916
24639,2935027,30,2935057
24640,2935193,6,2935199
24641,2935254,8,2935262
24642,2935546,17,2935563
24643,2935585,2,2935587
24644,2935697,18,2935715
24645,2935841,25,2935866
24646,2936041,10,2936051
24647,2936360,16,2936376
24648,2936387,21,2936408
24649,2936527,21,2936548
24650,2936564,3,2936567
24651,2936607,33,2936640
24652,2936773,10,2936783
24653,2936811,20,2936831
24654,2936841,2,2936843
24655,2936957,25,2936982
24656,2937075,8,2937083
24657,2937177,61,2937238
24658,2937856,26,2937882
24659,2938048,32,2938080
24660,2938249,35,2938284
24661,2938497,1,2938498
24662,2938521,16,2938537
24663,2938649,20,2938669
24664,2938928,55,2938983
24665,2939083,21,2939104
24666,2939106,7,2939113
24667,2939159,7,2939166
24668,2939435,1,2939436
24669,2939803,31,2939834
24670,2939884,6,2939890
24671,2940298,45,2940343
24672,2940526,3,2940529
24673,2940558,47,2940605
24674,2940780,7,2940787
24675,2940844,19,2940863
24676,2940868,1,2940869
24677,2940888,7,2940895
24678,2940958,7,2940965
24679,2940998,1,2940999
24680,2941113,4,2941117
24681,2941234,1,2941235
24682,2941239,36,2941275
24683,2941380,10,2941390
24684,2941435,47,2941482
24685,2941611,18,2941629
24686,2941816,12,2941828
24687,2942017,91,2942108
24688,2942131,10,2942141
24689,2942279,9,2942288
24690,2942309,20,2942329
24691,2942392,4,2942396
24692,2942417,6,2942423
24693,2942470,22,2942492
24694,2942673,2,2942675
24695,2942803,28,2942831
24696,2942933,10,2942943
24697,2942974,55,2943029
24698,2943185,4,2943189
24699,2943213,23,2943236
24700,2943273,37,2943310
24701,2943378,16,2943394
24702,2943509,4,2943513
24703,2943519,12,2943531
24704,2943618,19,2943637
24705,2943679,25,2943704
24706,2943854,20,2943874
24707,2943879,11,2943890
24708,2943939,10,2943949
24709,2943967,47,2944014
24710,2944050,30,2944080
24711,2944161,7,2944168
24712,2944210,18,2944228
24713,2944450,8,2944458
24714,2944472,2,2944474
24715,2944551,1,2944552
24716,2944759,2,2944761
24717,2945126,6,2945132
24718,2945458,2,2945460
24719,2945489,12,2945501
24720,2945568,41,2945609
24721,2945627,12,2945639
24722,2945726,43,2945769
24723,2945773,2,2945775
24724,2945820,24,2945844
24725,2945883,14,2945897
24726,2946086,24,2946110
24727,2946227,31,2946258
24728,2946372,1,2946373
24729,2946441,22,2946463
24730,2946497,57,2946554
24731,2946632,33,2946665
24732,2946683,4,2946687
24733,2946690,23,2946713
24734,2946766,10,2946776
24735,2947004,4,2947008
24736,2947039,3,2947042
24737,2947065,3,2947068
24738,2947116,8,2947124
24739,2947190,1,2947191
24740,2947241,7,2947248
24741,2947251,37,2947288
24742,2947332,4,2947336
24743,2947371,27,2947398
24744,2947450,19,2947469
24745,2947528,14,2947542
24746,2947618,55,2947673
24747,2947714,4,2947718
24748,2947827,4,2947831
24749,2947983,3,2947986
24750,2947993,46,2948039
24751,2948043,33,2948076
24752,2948232,19,2948251
24753,2948326,7,2948333
24754,2948343,13,2948356
24755,2948475,10,2948485
24756,2948522,17,2948539
24757,2948610,22,2948632
24758,2948758,30,2948788
24759,2949027,2,2949029
24760,2949109,9,2949118
24761,2949175,31,2949206
24762,2949299,3,2949302
24763,2949336,21,2949357
24764,2949420,10,2949430
24765,2949624,16,2949640
24766,2949662,11,2949673
24767,2949773,10,2949783
24768,2949875,6,2949881
24769,2949905,19,2949924
24770,2949942,4,2949946
24771,2950023,22,2950045
24772,2950059,15,2950074
24773,2950083,22,2950105
24774,2950135,3,2950138
24775,2950149,5,2950154
24776,2950468,19,2950487
24777,2950510,8,2950518
24778,2950537,32,2950569
24779,2950651,17,2950668
24780,2950691,21,2950712
24781,2950769,7,2950776
24782,2950781,8,2950789
24783,2950897,4,2950901
24784,2950989,8,2950997
24785,2951180,20,2951200
24786,2951477,1,2951478
24787,2951527,62,2951589
24788,2951733,37,2951770
24789,2951865,3,2951868
24790,2952026,13,2952039
24791,2952054,22,2952076
24792,2952421,1,2952422
24793,2952527,9,2952536
24794,2952600,6,2952606
24795,2952667,67,2952734
24796,2952797,32,2952829
24797,2953002,12,2953014
24798,2953117,71,2953188
24799,2953314,13,2953327
24800,2953457,3,2953460
24801,2953514,35,2953549
24802,2953597,4,2953601
24803,2953716,8,2953724
24804,2953927,44,2953971
24805,2953972,22,2953994
24806,2954002,14,2954016
24807,2954024,7,2954031
24808,2954104,16,2954120
24809,2954179,16,2954195
24810,2954243,11,2954254
24811,2954323,10,2954333
24812,2954371,2,2954373
24813,2954377,54,2954431
24814,2954506,6,2954512
24815,2954695,10,2954705
24816,2954921,19,2954940
24817,2955106,12,2955118
24818,2955515,2,2955517
24819,2955551,13,2955564
24820,2955598,17,2955615
24821,2955679,1,2955680
24822,2955712,33,2955745
24823,2955760,22,2955782
24824,2955827,32,2955859
24825,2955919,18,2955937
24826,2956002,9,2956011
24827,2956034,56,2956090
24828,2956118,7,2956125
24829,2956241,22,2956263
24830,2956316,3,2956319
24831,2956440,8,2956448
24832,2956496,1,2956497
24833,2956511,2,2956513
24834,2956571,78,2956649
24835,2956707,25,2956732
24836,2956978,22,2957000
24837,2957161,16,2957177
24838,2957275,1,2957276
24839,2957344,10,2957354
24840,2957378,9,2957387
24841,2957398,12,2957410
24842,2957444,9,2957453
24843,2957780,19,2957799
24844,2957886,5,2957891
24845,2957947,5,2957952
24846,2958084,6,2958090
24847,2958237,12,2958249
24848,2958288,13,2958301
24849,2958344,5,2958349
24850,2958411,1,2958412
24851,2958433,5,2958438
24852,2958459,23,2958482
24853,2958643,6,2958649
24854,2958916,9,2958925
24855,2958940,40,2958980
24856,2959210,23,2959233
24857,2959339,9,2959348
24858,2959394,61,2959455
24859,2959488,19,2959507
24860,2959928,52,2959980
24861,2960013,9,2960022
24862,2960080,23,2960103
24863,2960298,8,2960306
24864,2960432,60,2960492
24865,2960650,55,2960705
24866,2960710,63,2960773
24867,2960857,6,2960863
24868,2960925,9,2960934
24869,2960935,43,2960978
24870,2961142,9,2961151
24871,2961206,25,2961231
24872,2961419,6,2961425
24873,2961434,6,2961440
24874,2961582,19,2961601
24875,2961603,4,2961607
24876,2961763,2,2961765
24877,2961792,13,2961805
24878,2961852,8,2961860
24879,2961924,72,2961996
24880,2962019,35,2962054
24881,2962130,26,2962156
24882,2962227,24,2962251
24883,2962258,14,2962272
24884,2962334,50,2962384
24885,2962480,13,2962493
24886,2962610,122,2962732
24887,2962738,16,2962754
24888,2962818,7,2962825
24889,2962929,17,2962946
24890,2963149,17,2963166
24891,2963349,17,2963366
24892,2963541,31,2963572
24893,2963612,6,2963618
24894,2963636,43,2963679
24895,2963687,7,2963694
24896,2963792,12,2963804
24897,2963952,25,2963977
24898,2964080,3,2964083
24899,2964099,15,2964114
24900,2964119,21,2964140
24901,2964358,22,2964380
24902,2964396,14,2964410
24903,2964547,70,2964617
24904,2964664,5,2964669
24905,2964732,7,2964739
24906,2964959,11,2964970
24907,2965121,16,2965137
24908,2965175,12,2965187
24909,2965228,4,2965232
24910,2965409,2,2965411
24911,2965466,7,2965473
24912,2965523,12,2965535
24913,2965547,3,2965550
24914,2965569,9,2965578
24915,2965668,1,2965669
24916,2965742,2,2965744
24917,2965932,6,2965938
24918,2966083,2,2966085
24919,2966152,44,2966196
24920,2966490,28,2966518
24921,2966727,1,2966728
24922,2966856,17,2966873
24923,2966982,35,2967017
24924,2967018,27,2967045
24925,2967077,18,2967095
24926,2967163,54,2967217
24927,2967305,1,2967306
24928,2967543,19,2967562
24929,2967705,8,2967713
24930,2967724,52,2967776
24931,2968227,21,2968248
24932,2968386,20,2968406
24933,2968447,1,2968448
24934,2968461,55,2968516
24935,2968560,25,2968585
24936,2968669,18,2968687
24937,2968837,91,2968928
24938,2969241,3,2969244
24939,2969294,19,2969313
24940,2969379,45,2969424
24941,2969466,11,2969477
24942,2969532,45,2969577
24943,2969584,46,2969630
24944,2969749,25,2969774
24945,2970064,57,2970121
24946,2970204,22,2970226
24947,2970383,31,2970414
24948,2970443,36,2970479
24949,2970599,4,2970603
24950,2970767,2,2970769
24951,2970945,31,2970976
24952,2971106,47,2971153
24953,2971205,9,2971214
24954,2971288,8,2971296
24955,2971423,6,2971429
24956,2971502,7,2971509
24957,2971575,8,2971583
24958,2971741,56,2971797
24959,2971852,14,2971866
24960,2971930,35,2971965
24961,2972027,18,2972045
24962,2972101,4,2972105
24963,2972108,67,2972175
24964,2972216,1,2972217
24965,2972232,34,2972266
24966,2973019,1,2973020
24967,2973252,20,2973272
24968,2973296,7,2973303
24969,2973399,52,2973451
24970,2973537,32,2973569
24971,2973616,8,2973624
24972,2973632,9,2973641
24973,2973695,4,2973699
24974,2973816,43,2973859
24975,2974049,9,2974058
24976,2974109,13,2974122
24977,2974150,32,2974182
24978,2974223,33,2974256
24979,2974445,10,2974455
24980,2974496,1,2974497
24981,2974620,7,2974627
24982,2974670,10,2974680
24983,2974761,6,2974767
24984,2974940,6,2974946
24985,2975059,14,2975073
24986,2975115,15,2975130
24987,2975131,9,2975140
24988,2975204,1,2975205
24989,2975471,3,2975474
24990,2975480,18,2975498
24991,2975758,13,2975771
24992,2975925,28,2975953
24993,2975980,3,2975983
24994,2976002,6,2976008
24995,2976115,20,2976135
24996,2976156,10,2976166
24997,2976445,37,2976482
24998,2976501,9,2976510
24999,2976717,17,2976734
25000,2976811,13,2976824
25001,2976841,2,2976843
25002,2976898,23,2976921
25003,2976963,43,2977006
25004,2977158,25,2977183
25005,2977319,5,2977324
25006,2977393,4,2977397
25007,2977493,1,2977494
25008,2977665,15,2977680
25009,2977834,4,2977838
25010,2978067,20,2978087
25011,2978202,28,2978230
25012,2978295,46,2978341
25013,2978539,1,2978540
25014,2978726,38,2978764
25015,2978768,3,2978771
25016,2978838,125,2978963
25017,2979094,3,2979097
25018,2979253,15,2979268
25019,2979315,4,2979319
25020,2979519,11,2979530
25021,2979698,24,2979722
25022,2979981,17,2979998
25023,2980026,34,2980060
25024,2980362,3,2980365
25025,2980461,7,2980468
25026,2980526,47,2980573
25027,2980616,32,2980648
25028,2980720,23,2980743
25029,2980746,19,2980765
25030,2981015,6,2981021
25031,2981066,15,2981081
25032,2981102,12,2981114
25033,2981173,22,2981195
25034,2981215,41,2981256
25035,2981262,44,2981306
25036,2981316,1,2981317
25037,2981418,33,2981451
25038,2981561,8,2981569
25039,2981603,13,2981616
25040,2981727,1,2981728
25041,2981917,27,2981944
25042,2982006,4,2982010
25043,2982036,12,2982048
25044,2982250,32,2982282
25045,2982343,4,2982347
25046,2982548,18,2982566
25047,2982567,4,2982571
25048,2982660,8,2982668
25049,2982978,20,2982998
25050,2983045,46,2983091
25051,2983185,65,2983250
25052,2983323,2,2983325
25053,2983579,28,2983607
25054,2983700,49,2983749
25055,2983909,12,2983921
25056,2984112,35,2984147
25057,2984196,22,2984218
25058,2984263,21,2984284
25059,2984498,6,2984504
25060,2984563,4,2984567
25061,2984623,32,2984655
25062,2984695,25,2984720
25063,2984776,5,2984781
25064,2984950,10,2984960
25065,2985019,40,2985059
25066,2985157,8,2985165
25067,2985275,1,2985276
25068,2985341,20,2985361
25069,2985383,24,2985407
25070,2985481,10,2985491
25071,2985684,10,2985694
25072,2985775,19,2985794
25073,2985828,43,2985871
25074,2985915,41,2985956
25075,2985971,29,2986000
25076,2986022,15,2986037
25077,2986491,19,2986510
25078,2986513,13,2986526
25079,2986622,14,2986636
25080,2987301,13,2987314
25081,2987391,63,2987454
25082,2987476,37,2987513
25083,2987564,19,2987583
25084,2987599,9,2987608
25085,2987615,26,2987641
25086,2987644,36,2987680
25087,2987716,10,2987726
25088,2987740,6,2987746
25089,2987766,47,2987813
25090,2987935,1,2987936
25091,2988048,16,2988064
25092,2988228,18,2988246
25093,2988376,10,2988386
25094,2988501,20,2988521
25095,2988732,50,2988782
25096,2988785,33,2988818
25097,2988857,14,2988871
25098,2988874,34,2988908
25099,2988909,10,2988919
25100,2988955,1,2988956
25101,2988957,20,2988977
25102,2988984,17,2989001
25103,2989035,24,2989059
25104,2989135,64,2989199
25105,2989212,51,2989263
25106,2989357,73,2989430
25107,2989517,12,2989529
25108,2989586,34,2989620
25109,2989684,15,2989699
25110,2989942,27,2989969
25111,2990078,57,2990135
25112,2990150,1,2990151
25113,2990235,1,2990236
25114,2990450,6,2990456
25115,2990712,9,2990721
25116,2990746,12,2990758
25117,2990806,16,2990822
25118,2991124,16,2991140
25119,2991228,86,2991314
25120,2991438,20,2991458
25121,2991564,32,2991596
25122,2991986,20,2992006
25123,2992320,7,2992327
25124,2992398,23,2992421
25125,2992509,2,2992511
25126,2992676,36,2992712
25127,2992731,3,2992734
25128,2992929,3,2992932
25129,2993182,1,2993183
25130,2993224,12,2993236
25131,2993585,35,2993620
25132,2993972,16,2993988
25133,2994038,15,2994053
25134,2994177,40,2994217
25135,2994338,6,2994344
25136,2994399,27,2994426
25137,2994481,103,2994584
25138,2994660,9,2994669
25139,2994685,5,2994690
25140,2994874,5,2994879
25141,2994892,14,2994906
25142,2995045,4,2995049
25143,2995134,30,2995164
25144,2995209,49,2995258
25145,2995316,27,2995343
25146,2995453,35,2995488
25147,2995568,29,2995597
25148,2995683,37,2995720
25149,2995887,20,2995907
25150,2995944,9,2995953
25151,2996018,2,2996020
25152,2996076,37,2996113
25153,2996273,18,2996291
25154,2996302,19,2996321
25155,2996342,3,2996345
25156,2996508,35,2996543
25157,2996704,5,2996709
25158,2996720,32,2996752
25159,2996776,21,2996797
25160,2996865,40,2996905
25161,2996982,24,2997006
25162,2997151,1,2997152
25163,2997373,27,2997400
25164,2997724,16,2997740
25165,2997809,41,2997850
25166,2997958,44,2998002
25167,2998075,12,2998087
25168,2998149,3,2998152
25169,2998177,2,2998179
25170,2998212,8,2998220
25171,2998270,86,2998356
25172,2998403,29,2998432
25173,2998592,32,2998624
25174,2998627,61,2998688
25175,2998848,24,2998872
25176,2998995,53,2999048
25177,2999242,14,2999256
25178,2999307,7,2999314
25179,2999378,3,2999381
25180,2999409,9,2999418
25181,2999463,4,2999467
25182,2999653,15,2999668
25183,2999722,6,2999728
25184,2999966,5,2999971
25185,2999974,16,2999990
25186,2999998,4,3000002
25187,3000003,47,3000050
25188,3000257,31,3000288
25189,3000693,3,3000696
25190,3000774,32,3000806
25191,3001087,33,3001120
25192,3001184,9,3001193
25193,3001210,32,3001242
25194,3001250,26,3001276
25195,3001468,1,3001469
25196,3001620,1,3001621
25197,3001664,28,3001692
25198,3001816,9,3001825
25199,3002033,8,3002041
25200,3002056,51,3002107
25201,3002147,3,3002150
25202,3002220,27,3002247
25203,3002352,27,3002379
25204,3002395,8,3002403
25205,3002547,10,3002557
25206,3002678,1,3002679
25207,3003176,21,3003197
25208,3003288,6,3003294
25209,3003301,2,3003303
25210,3003355,11,3003366
25211,3003429,2,3003431
25212,3003463,15,3003478
25213,3003514,61,3003575
25214,3003744,24,3003768
25215,3003794,27,3003821
25216,3003898,1,3003899
25217,3004000,8,3004008
25218,3004040,45,3004085
25219,3004111,16,3004127
25220,3004179,37,3004216
25221,3004398,21,3004419
25222,3004455,17,3004472
25223,3004636,13,3004649
25224,3004947,21,3004968
25225,3005010,8,3005018
25226,3005121,15,3005136
25227,3005150,8,3005158
25228,3005249,8,3005257
25229,3005365,9,3005374
25230,3005450,6,3005456
25231,3005690,6,3005696
25232,3005894,60,3005954
25233,3006085,1,3006086
25234,3006123,3,3006126
25235,3006342,3,3006345
25236,3006352,27,3006379
25237,3006392,4,3006396
25238,3006503,5,3006508
25239,3006586,55,3006641
25240,3006648,10,3006658
25241,3006712,3,3006715
25242,3006811,47,3006858
25243,3006880,14,3006894
25244,3006950,12,3006962
25245,3006987,14,3007001
25246,3007076,1,3007077
25247,3007086,18,3007104
25248,3007155,7,3007162
25249,3007359,1,3007360
25250,3007454,22,3007476
25251,3007491,21,3007512
25252,3007708,3,3007711
25253,3007772,18,3007790
25254,3007958,9,3007967
25255,3008028,18,3008046
25256,3008138,4,3008142
25257,3008185,33,3008218
25258,3008624,17,3008641
25259,3008802,20,3008822
25260,3008888,41,3008929
25261,3008940,28,3008968
25262,3009077,14,3009091
25263,3009232,18,3009250
25264,3009380,1,3009381
25265,3009430,3,3009433
25266,3009532,8,3009540
25267,3009563,1,3009564
25268,3009699,13,3009712
25269,3009722,37,3009759
25270,3010085,42,3010127
25271,3010177,6,3010183
25272,3010214,11,3010225
25273,3010391,3,3010394
25274,3010532,2,3010534
25275,3010940,3,3010943
25276,3010960,1,3010961
25277,3011045,10,3011055
25278,3011067,49,3011116
25279,3011278,12,3011290
25280,3011304,21,3011325
25281,3011384,44,3011428
25282,3011453,13,3011466
25283,3011518,6,3011524
25284,3011744,14,3011758
25285,3011918,7,3011925
25286,3011950,1,3011951
25287,3012006,9,3012015
25288,3012025,13,3012038
25289,3012215,24,3012239
25290,3012352,13,3012365
25291,3012406,39,3012445
25292,3012544,18,3012562
25293,3012635,12,3012647
25294,3012771,28,3012799
25295,3012803,55,3012858
25296,3012989,2,3012991
25297,3013050,8,3013058
25298,3013089,2,3013091
25299,3013116,31,3013147
25300,3013160,4,3013164
25301,3013237,54,3013291
25302,3013357,15,3013372
25303,3013515,16,3013531
25304,3013575,40,3013615
25305,3013638,33,3013671
25306,3013950,25,3013975
25307,3014103,71,3014174
25308,3014402,23,3014425
25309,3014522,6,3014528
25310,3014553,12,3014565
25311,3014628,4,3014632
25312,3014743,9,3014752
25313,3015036,7,3015043
25314,3015050,22,3015072
25315,3015180,20,3015200
25316,3015208,12,3015220
25317,3015248,22,3015270
25318,3015474,31,3015505
25319,3015533,38,3015571
25320,3015921,67,3015988
25321,3016274,10,3016284
25322,3016551,7,3016558
25323,3017234,14,3017248
25324,3017263,2,3017265
25325,3017297,16,3017313
25326,3017359,6,3017365
25327,3017375,20,3017395
25328,3017418,25,3017443
25329,3017454,16,3017470
25330,3017494,37,3017531
25331,3017545,25,3017570
25332,3017587,7,3017594
25333,3017785,8,3017793
25334,3017821,93,3017914
25335,3018113,4,3018117
25336,3018139,3,3018142
25337,3018239,22,3018261
25338,3018267,29,3018296
25339,3018395,5,3018400
25340,3018447,31,3018478
25341,3018510,64,3018574
25342,3018657,18,3018675
25343,3018725,41,3018766
25344,3018882,29,3018911
25345,3019157,3,3019160
25346,3019183,8,3019191
25347,3019226,4,3019230
25348,3019404,4,3019408
25349,3019531,1,3019532
25350,3019931,55,3019986
25351,3020019,1,3020020
25352,3020096,6,3020102
25353,3020122,22,3020144
25354,3020149,11,3020160
25355,3020218,5,3020223
25356,3020499,11,3020510
25357,3020516,28,3020544
25358,3020548,7,3020555
25359,3020581,2,3020583
25360,3020584,17,3020601
25361,3020653,5,3020658
25362,3020709,2,3020711
25363,3020725,3,3020728
25364,3020804,17,3020821
25365,3021003,22,3021025
25366,3021209,10,3021219
25367,3021221,6,3021227
25368,3021291,25,3021316
25369,3021337,5,3021342
25370,3021510,13,3021523
25371,3021529,70,3021599
25372,3021602,10,3021612
25373,3021705,16,3021721
25374,3021971,9,3021980
25375,3022006,72,3022078
25376,3022158,39,3022197
25377,3022251,8,3022259
25378,3022303,22,3022325
25379,3022487,30,3022517
25380,3022591,31,3022622
25381,3022925,5,3022930
25382,3022934,8,3022942
25383,3022964,74,3023038
25384,3023080,22,3023102
25385,3023175,29,3023204
25386,3023348,26,3023374
25387,3023393,9,3023402
25388,3023882,22,3023904
25389,3024053,30,3024083
25390,3024277,18,3024295
25391,3024363,7,3024370
25392,3024532,25,3024557
25393,3024586,11,3024597
25394,3024623,36,3024659
25395,3024697,41,3024738
25396,3024795,18,3024813
25397,3024853,5,3024858
25398,3025074,24,3025098
25399,3025182,16,3025198
25400,3025283,64,3025347
25401,3025367,10,3025377
25402,3025388,9,3025397
25403,3025475,3,3025478
25404,3025506,6,3025512
25405,3025534,46,3025580
25406,3025758,56,3025814
25407,3025854,55,3025909
25408,3026066,44,3026110
25409,3026214,2,3026216
25410,3026300,4,3026304
25411,3026367,10,3026377
25412,3026511,14,3026525
25413,3026547,7,3026554
25414,3026757,46,3026803
25415,3026814,13,3026827
25416,3027040,8,3027048
25417,3027128,16,3027144
25418,3027206,33,3027239
25419,3027259,29,3027288
25420,3027647,8,3027655
25421,3027865,17,3027882
25422,3027954,41,3027995
25423,3028102,1,3028103
25424,3028196,18,3028214
25425,3028221,6,3028227
25426,3028308,10,3028318
25427,3028450,7,3028457
25428,3028459,83,3028542
25429,3028689,1,3028690
25430,3028712,65,3028777
25431,3028786,16,3028802
25432,3028879,13,3028892
25433,3028953,13,3028966
25434,3028985,22,3029007
25435,3029026,50,3029076
25436,3029088,28,3029116
25437,3029241,13,3029254
25438,3029460,9,3029469
25439,3029549,21,3029570
25440,3029626,5,3029631
25441,3029655,3,3029658
25442,3029688,11,3029699
25443,3029707,2,3029709
25444,3029729,4,3029733
25445,3029739,4,3029743
25446,3029745,14,3029759
25447,3029811,4,3029815
25448,3029862,16,3029878
25449,3029880,7,3029887
25450,3030113,3,3030116
25451,3030219,14,3030233
25452,3030286,14,3030300
25453,3030366,27,3030393
25454,3030416,1,3030417
25455,3030508,66,3030574
25456,3030649,103,3030752
25457,3030774,19,3030793
25458,3030913,6,3030919
25459,3031065,10,3031075
25460,3031097,5,3031102
25461,3031211,14,3031225
25462,3031231,19,3031250
25463,3031429,7,3031436
25464,3031477,12,3031489
25465,3031569,11,3031580
25466,3031634,2,3031636
25467,3031684,13,3031697
25468,3031757,12,3031769
25469,3031883,7,3031890
25470,3031915,21,3031936
25471,3032069,3,3032072
25472,3032075,4,3032079
25473,3032081,42,3032123
25474,3032280,20,3032300
25475,3032319,19,3032338
25476,3032411,54,3032465
25477,3032476,20,3032496
25478,3032505,38,3032543
25479,3032605,7,3032612
25480,3032618,1,3032619
25481,3032671,23,3032694
25482,3033217,44,3033261
25483,3033295,2,3033297
25484,3033311,5,3033316
25485,3033717,5,3033722
25486,3033736,17,3033753
25487,3033850,8,3033858
25488,3033935,27,3033962
25489,3033993,16,3034009
25490,3034013,27,3034040
25491,3034197,1,3034198
25492,3034263,7,3034270
25493,3034320,19,3034339
25494,3034410,27,3034437
25495,3034749,4,3034753
25496,3034772,33,3034805
25497,3034901,13,3034914
25498,3034916,13,3034929
25499,3035087,10,3035097
25500,3035134,12,3035146
25501,3035169,5,3035174
25502,3035303,12,3035315
25503,3035329,28,3035357
25504,3035359,3,3035362
25505,3035697,43,3035740
25506,3035742,24,3035766
25507,3035877,1,3035878
25508,3035950,23,3035973
25509,3036066,23,3036089
25510,3036356,20,3036376
25511,3036452,13,3036465
25512,3036483,3,3036486
25513,3036545,1,3036546
25514,3036680,121,3036801
25515,3037039,8,3037047
25516,3037342,4,3037346
25517,3037418,64,3037482
25518,3037544,8,3037552
25519,3037747,3,3037750
25520,3037874,16,3037890
25521,3037897,22,3037919
25522,3037948,5,3037953
25523,3038415,55,3038470
25524,3038600,14,3038614
25525,3038759,15,3038774
25526,3038776,21,3038797
25527,3038838,8,3038846
25528,3038914,2,3038916
25529,3038979,19,3038998
25530,3039203,14,3039217
25531,3039475,8,3039483
25532,3039521,1,3039522
25533,3039845,11,3039856
25534,3040218,3,3040221
25535,3040286,8,3040294
25536,3040498,23,3040521
25537,3040578,1,3040579
25538,3040623,5,3040628
25539,3040649,8,3040657
25540,3040689,38,3040727
25541,3040834,53,3040887
25542,3041005,3,3041008
25543,3041014,1,3041015
25544,3041070,15,3041085
25545,3041088,25,3041113
25546,3041209,15,3041224
25547,3041518,29,3041547
25548,3041668,24,3041692
25549,3041845,14,3041859
25550,3042251,53,3042304
25551,3042307,68,3042375
25552,3042696,88,3042784
25553,3042819,2,3042821
25554,3043048,7,3043055
25555,3043115,4,3043119
25556,3043136,18,3043154
25557,3043176,35,3043211
25558,3043272,5,3043277
25559,3043538,7,3043545
25560,3043583,24,3043607
25561,3043618,3,3043621
25562,3043795,7,3043802
25563,3043999,12,3044011
25564,3044303,6,3044309
25565,3044342,28,3044370
25566,3044467,25,3044492
25567,3044557,5,3044562
25568,3044715,26,3044741
25569,3044797,7,3044804
25570,3045012,11,3045023
25571,3045166,6,3045172
25572,3045436,1,3045437
25573,3045643,80,3045723
25574,3045781,5,3045786
25575,3045980,19,3045999
25576,3046012,54,3046066
25577,3046146,3,3046149
25578,3046326,37,3046363
25579,3046376,11,3046387
25580,3046442,14,3046456
25581,3046485,42,3046527
25582,3046590,5,3046595
25583,3046625,13,3046638
25584,3046875,72,3046947
25585,3046957,21,3046978
25586,3047114,5,3047119
25587,3047298,16,3047314
25588,3047319,22,3047341
25589,3047534,5,3047539
25590,3047626,33,3047659
25591,3047914,2,3047916
25592,3048019,5,3048024
25593,3048129,4,3048133
25594,3048216,7,3048223
25595,3048565,35,3048600
25596,3048943,3,3048946
25597,3049000,8,3049008
25598,3049080,16,3049096
25599,3049420,44,3049464
25600,3049523,21,3049544
25601,3049548,44,3049592
25602,3049645,7,3049652
25603,3049946,8,3049954
25604,3049955,19,3049974
25605,3050027,9,3050036
25606,3050200,23,3050223
25607,3050470,20,3050490
25608,3050674,1,3050675
25609,3050787,18,3050805
25610,3050886,33,3050919
25611,3051146,30,3051176
25612,3051228,62,3051290
25613,3051390,1,3051391
25614,3051728,48,3051776
25615,3051928,28,3051956
25616,3051983,13,3051996
25617,3052019,1,3052020
25618,3052048,34,3052082
25619,3052115,37,3052152
25620,3052355,14,3052369
25621,3052380,12,3052392
25622,3052506,72,3052578
25623,3052583,4,3052587
25624,3052605,1,3052606
25625,3052639,5,3052644
25626,3052646,44,3052690
25627,3052724,4,3052728
25628,3052833,6,3052839
25629,3052897,28,3052925
25630,3052976,21,3052997
25631,3053021,1,3053022
25632,3053032,2,3053034
25633,3053128,40,3053168
25634,3053179,11,3053190
25635,3053228,20,3053248
25636,3053260,2,3053262
25637,3053334,56,3053390
25638,3053462,16,3053478
25639,3053591,1,3053592
25640,3053844,17,3053861
25641,3053910,11,3053921
25642,3053939,5,3053944
25643,3053967,14,3053981
25644,3053990,3,3053993
25645,3053994,1,3053995
25646,3054023,9,3054032
25647,3054157,13,3054170
25648,3054226,4,3054230
25649,3054421,8,3054429
25650,3054454,1,3054455
25651,3054462,1,3054463
25652,3054571,17,3054588
25653,3054605,2,3054607
25654,3054648,60,3054708
25655,3054720,31,3054751
25656,3054953,3,3054956
25657,3054974,28,3055002
25658,3055210,20,3055230
25659,3055284,1,3055285
25660,3055381,1,3055382
25661,3055474,8,3055482
25662,3055613,9,3055622
25663,3055998,19,3056017
25664,3056075,29,3056104
25665,3056106,2,3056108
25666,3056216,5,3056221
25667,3056340,32,3056372
25668,3056412,1,3056413
25669,3056499,10,3056509
25670,3056530,7,3056537
25671,3056654,28,3056682
25672,3056754,13,3056767
25673,3056851,17,3056868
25674,3056946,10,3056956
25675,3057052,33,3057085
25676,3057285,4,3057289
25677,3057457,5,3057462
25678,3057546,4,3057550
25679,3057559,35,3057594
25680,3057711,5,3057716
25681,3057992,16,3058008
25682,3058163,2,3058165
25683,3058289,8,3058297
25684,3058435,12,3058447
25685,3058567,33,3058600
25686,3058618,16,3058634
25687,3058639,16,3058655
25688,3058678,8,3058686
25689,3058867,61,3058928
25690,3059102,11,3059113
25691,3059120,32,3059152
25692,3059245,19,3059264
25693,3059381,13,3059394
25694,3059616,4,3059620
25695,3059779,34,3059813
25696,3059912,10,3059922
25697,3059960,16,3059976
25698,3060040,3,3060043
25699,3060298,24,3060322
25700,3060376,6,3060382
25701,3060595,30,3060625
25702,3060628,20,3060648
25703,3060661,3,3060664
25704,3060742,67,3060809
25705,3060823,7,3060830
25706,3060995,1,3060996
25707,3061300,18,3061318
25708,3061389,13,3061402
25709,3061597,11,3061608
25710,3061680,40,3061720
25711,3061977,27,3062004
25712,3062184,20,3062204
25713,3062285,10,3062295
25714,3062353,43,3062396
25715,3062397,10,3062407
25716,3062410,12,3062422
25717,3062630,9,3062639
25718,3062655,6,3062661
25719,3062678,4,3062682
25720,3062825,15,3062840
25721,3062844,3,3062847
25722,3062986,12,3062998
25723,3063014,10,3063024
25724,3063267,30,3063297
25725,3063299,9,3063308
25726,3063399,7,3063406
25727,3063517,61,3063578
25728,3063602,1,3063603
25729,3063704,2,3063706
25730,3063848,29,3063877
25731,3063899,7,3063906
25732,3063962,9,3063971
25733,3063980,23,3064003
25734,3064148,32,3064180
25735,3064324,23,3064347
25736,3064813,2,3064815
25737,3064841,17,3064858
25738,3064914,20,3064934
25739,3064976,39,3065015
25740,3065325,69,3065394
25741,3065557,12,3065569
25742,3065700,9,3065709
25743,3065858,41,3065899
25744,3065926,2,3065928
25745,3065980,28,3066008
25746,3066081,10,3066091
25747,3066123,34,3066157
25748,3066276,29,3066305
25749,3066309,15,3066324
25750,3066453,14,3066467
25751,3066544,24,3066568
25752,3066653,45,3066698
25753,3066830,33,3066863
25754,3066864,1,3066865
25755,3066959,11,3066970
25756,3067122,7,3067129
25757,3067205,12,3067217
25758,3067221,2,3067223
25759,3067233,11,3067244
25760,3067341,7,3067348
25761,3067537,46,3067583
25762,3067647,11,3067658
25763,3067663,1,3067664
25764,3067730,29,3067759
25765,3067836,2,3067838
25766,3067987,44,3068031
25767,3068044,9,3068053
25768,3068084,9,3068093
25769,3068170,2,3068172
25770,3068405,7,3068412
25771,3068595,17,3068612
25772,3068664,28,3068692
25773,3068714,7,3068721
25774,3068835,12,3068847
25775,3068859,19,3068878
25776,3069087,31,3069118
25777,3069225,15,3069240
25778,3069268,2,3069270
25779,3069301,19,3069320
25780,3069609,7,3069616
25781,3069830,60,3069890
25782,3070180,18,3070198
25783,3070421,5,3070426
25784,3070438,45,3070483
25785,3070768,1,3070769
25786,3070905,9,3070914
25787,3070956,1,3070957
25788,3071273,7,3071280
25789,3071301,18,3071319
25790,3071360,51,3071411
25791,3071503,81,3071584
25792,3071773,42,3071815
25793,3071911,33,3071944
25794,3071984,5,3071989
25795,3072505,14,3072519
25796,3072595,3,3072598
25797,3073056,1,3073057
25798,3073114,13,3073127
25799,3073156,3,3073159
25800,3073299,28,3073327
25801,3073447,25,3073472
25802,3073483,10,3073493
25803,3073571,8,3073579
25804,3073629,24,3073653
25805,3073758,13,3073771
25806,3074209,2,3074211
25807,3074332,29,3074361
25808,3074534,4,3074538
25809,3074541,23,3074564
25810,3074718,3,3074721
25811,3075091,35,3075126
25812,3075221,4,3075225
25813,3075245,25,3075270
25814,3075333,48,3075381
25815,3075403,1,3075404
25816,3075449,11,3075460
25817,3075473,7,3075480
25818,3075507,1,3075508
25819,3075519,3,3075522
25820,3075661,13,3075674
25821,3075920,15,3075935
25822,3076061,34,3076095
25823,3076125,25,3076150
25824,3076292,20,3076312
25825,3076330,61,3076391
25826,3076425,6,3076431
25827,3076625,20,3076645
25828,3076747,20,3076767
25829,3076796,12,3076808
25830,3076837,4,3076841
25831,3076928,19,3076947
25832,3077013,32,3077045
25833,3077156,11,3077167
25834,3077188,5,3077193
25835,3077532,21,3077553
25836,3077573,7,3077580
25837,3077583,17,3077600
25838,3077633,20,3077653
25839,3077780,7,3077787
25840,3077801,73,3077874
25841,3077981,38,3078019
25842,3078069,16,3078085
25843,3078792,42,3078834
25844,3078861,16,3078877
25845,3079016,3,3079019
25846,3079117,7,3079124
25847,3079254,6,3079260
25848,3079269,14,3079283
25849,3079295,4,3079299
25850,3079304,18,3079322
25851,3079337,14,3079351
25852,3079379,28,3079407
25853,3079436,6,3079442
25854,3079647,1,3079648
25855,3079769,45,3079814
25856,3079916,4,3079920
25857,3079923,15,3079938
25858,3080120,2,3080122
25859,3080190,13,3080203
25860,3080257,24,3080281
25861,3080355,16,3080371
25862,3080431,17,3080448
25863,3080547,18,3080565
25864,3080571,4,3080575
25865,3080789,16,3080805
25866,3080983,16,3080999
25867,3081020,37,3081057
25868,3081126,18,3081144
25869,3081197,40,3081237
25870,3081248,10,3081258
25871,3081404,24,3081428
25872,3081534,11,3081545
25873,3081595,10,3081605
25874,3081684,8,3081692
25875,3081783,35,3081818
25876,3082503,3,3082506
25877,3082719,5,3082724
25878,3082741,12,3082753
25879,3082806,13,3082819
25880,3082927,35,3082962
25881,3082988,2,3082990
25882,3083488,1,3083489
25883,3083497,4,3083501
25884,3083794,8,3083802
25885,3084044,9,3084053
25886,3084139,4,3084143
25887,3084471,9,3084480
25888,3084570,15,3084585
25889,3084650,1,3084651
25890,3084802,30,3084832
25891,3084839,16,3084855
25892,3084957,13,3084970
25893,3085038,6,3085044
25894,3085124,35,3085159
25895,3085212,11,3085223
25896,3085590,21,3085611
25897,3085808,1,3085809
25898,3085849,6,3085855
25899,3085878,23,3085901
25900,3085950,1,3085951
25901,3085975,44,3086019
25902,3086157,41,3086198
25903,3086255,5,3086260
25904,3086291,26,3086317
25905,3086408,16,3086424
25906,3086431,31,3086462
25907,3086587,33,3086620
25908,3086622,24,3086646
25909,3086664,12,3086676
25910,3086725,44,3086769
25911,3086779,5,3086784
25912,3086786,16,3086802
25913,3086928,12,3086940
25914,3086977,14,3086991
25915,3087105,45,3087150
25916,3087274,7,3087281
25917,3087336,8,3087344
25918,3087405,8,3087413
25919,3087473,1,3087474
25920,3087721,14,3087735
25921,3087747,49,3087796
25922,3087798,1,3087799
25923,3088149,5,3088154
25924,3088249,1,3088250
25925,3088590,35,3088625
25926,3088660,2,3088662
25927,3088701,12,3088713
25928,3088723,14,3088737
25929,3088851,38,3088889
25930,3089055,40,3089095
25931,3089148,3,3089151
25932,3089161,14,3089175
25933,3089224,7,3089231
25934,3089257,56,3089313
25935,3089563,24,3089587
25936,3089852,23,3089875
25937,3089957,16,3089973
25938,3089986,2,3089988
25939,3090072,23,3090095
25940,3090244,12,3090256
25941,3090349,22,3090371
25942,3090518,15,3090533
25943,3090543,37,3090580
25944,3090633,41,3090674
25945,3090711,20,3090731
25946,3090752,4,3090756
25947,3090840,17,3090857
25948,3090919,24,3090943
25949,3090960,19,3090979
25950,3091223,9,3091232
25951,3091246,29,3091275
25952,3091279,19,3091298
25953,3091305,30,3091335
25954,3091392,9,3091401
25955,3091675,6,3091681
25956,3091694,31,3091725
25957,3091994,19,3092013
25958,3092030,4,3092034
25959,3092040,10,3092050
25960,3092099,8,3092107
25961,3092217,1,3092218
25962,3092460,6,3092466
25963,3092483,29,3092512
25964,3092641,13,3092654
25965,3092812,34,3092846
25966,3093034,11,3093045
25967,3093208,29,3093237
25968,3093305,16,3093321
25969,3093599,10,3093609
25970,3093616,50,3093666
25971,3093928,30,3093958
25972,3093968,43,3094011
25973,3094027,16,3094043
25974,3094368,32,3094400
25975,3094401,7,3094408
25976,3094471,5,3094476
25977,3094479,1,3094480
25978,3094549,11,3094560
25979,3094730,39,3094769
25980,3094790,23,3094813
25981,3094876,1,3094877
25982,3094893,4,3094897
25983,3094941,69,3095010
25984,3095124,12,3095136
25985,3095331,3,3095334
25986,3095378,13,3095391
25987,3095404,10,3095414
25988,3095419,18,3095437
25989,3095585,19,3095604
25990,3096110,13,3096123
25991,3096137,7,3096144
25992,3096145,7,3096152
25993,3096174,13,3096187
25994,3096258,36,3096294
25995,3096364,51,3096415
25996,3096600,9,3096609
25997,3096756,12,3096768
25998,3096771,16,3096787
25999,3096822,14,3096836
26000,3097197,33,3097230
26001,3097355,29,3097384
26002,3097516,13,3097529
26003,3097549,75,3097624
26004,3097740,2,3097742
26005,3097754,21,3097775
26006,3097806,7,3097813
26007,3098048,8,3098056
26008,3098188,99,3098287
26009,3098394,31,3098425
26010,3098559,21,3098580
26011,3098601,9,3098610
26012,3098614,5,3098619
26013,3098673,17,3098690
26014,3098701,13,3098714
26015,3098842,30,3098872
26016,3098935,19,3098954
26017,3099034,2,3099036
26018,3099556,11,3099567
26019,3099799,20,3099819
26020,3099874,22,3099896
26021,3100234,76,3100310
26022,3100351,23,3100374
26023,3100382,2,3100384
26024,3100469,11,3100480
26025,3100885,40,3100925
26026,3101069,55,3101124
26027,3101309,1,3101310
26028,3101530,15,3101545
26029,3101548,42,3101590
26030,3101885,11,3101896
26031,3102195,26,3102221
26032,3102390,37,3102427
26033,3102531,28,3102559
26034,3102921,66,3102987
26035,3102990,3,3102993
26036,3103145,19,3103164
26037,3103234,46,3103280
26038,3103442,27,3103469
26039,3103485,11,3103496
26040,3103497,9,3103506
26041,3103565,1,3103566
26042,3103782,20,3103802
26043,3103911,4,3103915
26044,3103994,14,3104008
26045,3104162,35,3104197
26046,3104276,5,3104281
26047,3104355,3,3104358
26048,3104368,15,3104383
26049,3104479,4,3104483
26050,3104500,3,3104503
26051,3104706,10,3104716
26052,3104736,10,3104746
26053,3104859,32,3104891
26054,3104933,54,3104987
26055,3105005,12,3105017
26056,3105102,1,3105103
26057,3105185,56,3105241
26058,3105289,3,3105292
26059,3105301,48,3105349
26060,3105623,1,3105624
26061,3105657,13,3105670
26062,3105774,10,3105784
26063,3106132,8,3106140
26064,3106210,9,3106219
26065,3106250,8,3106258
26066,3106277,3,3106280
26067,3106344,6,3106350
26068,3106432,2,3106434
26069,3106583,11,3106594
26070,3106886,19,3106905
26071,3106920,18,3106938
26072,3106943,12,3106955
26073,3106991,30,3107021
26074,3107209,3,3107212
26075,3107236,12,3107248
26076,3107328,3,3107331
26077,3107736,28,3107764
26078,3107891,26,3107917
26079,3108074,17,3108091
26080,3108105,2,3108107
26081,3108273,17,3108290
26082,3108342,64,3108406
26083,3108630,14,3108644
26084,3108717,61,3108778
26085,3108873,24,3108897
26086,3109204,43,3109247
26087,3109661,28,3109689
26088,3109690,10,3109700
26089,3109762,5,3109767
26090,3109960,13,3109973
26091,3110035,19,3110054
26092,3110098,8,3110106
26093,3110218,23,3110241
26094,3110338,8,3110346
26095,3110352,2,3110354
26096,3110482,8,3110490
26097,3110513,19,3110532
26098,3110557,24,3110581
26099,3110612,21,3110633
26100,3110732,6,3110738
26101,3110803,32,3110835
26102,3111273,35,3111308
26103,3111357,10,3111367
26104,3111508,10,3111518
26105,3111717,15,3111732
26106,3111996,2,3111998
26107,3111999,13,3112012
26108,3112149,3,3112152
26109,3112208,41,3112249
26110,3112473,6,3112479
26111,3112754,46,3112800
26112,3112810,3,3112813
26113,3112920,53,3112973
26114,3113012,19,3113031
26115,3113046,34,3113080
26116,3113099,14,3113113
26117,3113132,29,3113161
26118,3113351,56,3113407
26119,3113444,18,3113462
26120,3113515,2,3113517
26121,3113559,12,3113571
26122,3113750,17,3113767
26123,3113781,31,3113812
26124,3114024,8,3114032
26125,3114158,7,3114165
26126,3114306,41,3114347
26127,3114399,58,3114457
26128,3114594,17,3114611
26129,3114786,3,3114789
26130,3114800,17,3114817
26131,3114828,44,3114872
26132,3114877,13,3114890
26133,3115117,23,3115140
26134,3115175,7,3115182
26135,3115231,9,3115240
26136,3115322,29,3115351
26137,3115546,4,3115550
26138,3116013,20,3116033
26139,3116056,10,3116066
26140,3116234,39,3116273
26141,3116379,14,3116393
26142,3116433,28,3116461
26143,3116520,20,3116540
26144,3116593,21,3116614
26145,3116663,17,3116680
26146,3116846,43,3116889
26147,3117054,3,3117057
26148,3117192,21,3117213
26149,3117214,8,3117222
26150,3117283,22,3117305
26151,3117321,4,3117325
26152,3117488,16,3117504
26153,3117688,18,3117706
26154,3117775,22,3117797
26155,3117861,33,3117894
26156,3117952,20,3117972
26157,3118040,21,3118061
26158,3118077,68,3118145
26159,3118196,28,3118224
26160,3118253,4,3118257
26161,3118270,2,3118272
26162,3118321,22,3118343
26163,3118390,39,3118429
26164,3118508,11,3118519
26165,3118549,28,3118577
26166,3118608,46,3118654
26167,3118762,16,3118778
26168,3118841,1,3118842
26169,3118908,1,3118909
26170,3118997,26,3119023
26171,3119279,12,3119291
26172,3119468,18,3119486
26173,3119551,35,3119586
26174,3119657,25,3119682
26175,3119878,8,3119886
26176,3119915,55,3119970
26177,3119973,9,3119982
26178,3120081,3,3120084
26179,3120105,4,3120109
26180,3120123,6,3120129
26181,3120130,27,3120157
26182,3120192,4,3120196
26183,3120264,3,3120267
26184,3120351,20,3120371
26185,3120426,130,3120556
26186,3120710,18,3120728
26187,3120822,89,3120911
26188,3120960,58,3121018
26189,3121347,45,3121392
26190,3121465,11,3121476
26191,3121478,23,3121501
26192,3121550,3,3121553
26193,3121591,3,3121594
26194,3122080,14,3122094
26195,3122150,16,3122166
26196,3122369,12,3122381
26197,3122426,1,3122427
26198,3122438,18,3122456
26199,3122536,19,3122555
26200,3122591,2,3122593
26201,3122667,6,3122673
26202,3122697,11,3122708
26203,3122793,1,3122794
26204,3123180,5,3123185
26205,3123322,2,3123324
26206,3123490,21,3123511
26207,3123704,73,3123777
26208,3123896,21,3123917
26209,3123936,5,3123941
26210,3123945,41,3123986
26211,3124012,54,3124066
26212,3124091,14,3124105
26213,3124198,16,3124214
26214,3124290,16,3124306
26215,3124354,5,3124359
26216,3124522,2,3124524
26217,3124551,5,3124556
26218,3124620,23,3124643
26219,3124668,5,3124673
26220,3124709,38,3124747
26221,3124896,9,3124905
26222,3125121,1,3125122
26223,3125228,10,3125238
26224,3125274,16,3125290
26225,3125295,90,3125385
26226,3125408,12,3125420
26227,3125485,2,3125487
26228,3125737,20,3125757
26229,3125882,6,3125888
26230,3125890,9,3125899
26231,3125936,20,3125956
26232,3126016,42,3126058
26233,3126068,30,3126098
26234,3126292,2,3126294
26235,3126445,6,3126451
26236,3126797,3,3126800
26237,3126849,35,3126884
26238,3127298,4,3127302
26239,3127392,7,3127399
26240,3127729,21,3127750
26241,3127848,17,3127865
26242,3127958,4,3127962
26243,3128105,72,3128177
26244,3128235,7,3128242
26245,3128245,19,3128264
26246,3128355,77,3128432
26247,3128708,39,3128747
26248,3128831,43,3128874
26249,3128894,11,3128905
26250,3128928,10,3128938
26251,3129040,53,3129093
26252,3129113,10,3129123
26253,3129137,37,3129174
26254,3129198,9,3129207
26255,3129217,13,3129230
26256,3129278,36,3129314
26257,3129602,19,3129621
26258,3129650,27,3129677
26259,3129736,20,3129756
26260,3129865,8,3129873
26261,3130045,44,3130089
26262,3130123,3,3130126
26263,3130182,18,3130200
26264,3130465,31,3130496
26265,3130558,9,3130567
26266,3130591,13,3130604
26267,3130628,16,3130644
26268,3130668,3,3130671
26269,3130802,58,3130860
26270,3130868,22,3130890
26271,3130922,56,3130978
26272,3131162,8,3131170
26273,3131215,7,3131222
26274,3131520,18,3131538
26275,3131891,20,3131911
26276,3131921,2,3131923
26277,3132116,16,3132132
26278,3132201,88,3132289
26279,3132491,16,3132507
26280,3132620,23,3132643
26281,3132735,4,3132739
26282,3132919,18,3132937
26283,3133187,6,3133193
26284,3133650,49,3133699
26285,3133782,14,3133796
26286,3134030,6,3134036
26287,3134052,19,3134071
26288,3134135,7,3134142
26289,3134171,6,3134177
26290,3134287,3,3134290
26291,3134374,37,3134411
26292,3134451,40,3134491
26293,3134559,99,3134658
26294,3134681,8,3134689
26295,3134755,13,3134768
26296,3134930,1,3134931
26297,3135007,5,3135012
26298,3135082,71,3135153
26299,3135238,9,3135247
26300,3135381,27,3135408
26301,3135532,50,3135582
26302,3135583,19,3135602
26303,3135646,61,3135707
26304,3135725,19,3135744
26305,3135780,27,3135807
26306,3135864,28,3135892
26307,3136080,13,3136093
26308,3136126,13,3136139
26309,3136146,4,3136150
26310,3136169,25,3136194
26311,3136209,10,3136219
26312,3136258,2,3136260
26313,3136297,10,3136307
26314,3136463,48,3136511
26315,3136645,6,3136651
26316,3136653,1,3136654
26317,3136828,31,3136859
26318,3136926,48,3136974
26319,3137036,5,3137041
26320,3137075,13,3137088
26321,3137135,37,3137172
26322,3137192,4,3137196
26323,3137294,67,3137361
26324,3137435,40,3137475
26325,3137659,11,3137670
26326,3137678,8,3137686
26327,3137957,38,3137995
26328,3138114,54,3138168
26329,3138194,8,3138202
26330,3138271,7,3138278
26331,3138302,1,3138303
26332,3138386,11,3138397
26333,3138557,16,3138573
26334,3138584,28,3138612
26335,3138630,8,3138638
26336,3138710,19,3138729
26337,3138809,13,3138822
26338,3138864,100,3138964
26339,3139103,1,3139104
26340,3139120,2,3139122
26341,3139125,9,3139134
26342,3139179,50,3139229
26343,3139256,17,3139273
26344,3139293,3,3139296
26345,3139479,56,3139535
26346,3139665,3,3139668
26347,3139690,5,3139695
26348,3139750,9,3139759
26349,3139938,22,3139960
26350,3140122,30,3140152
26351,3140226,21,3140247
26352,3140426,38,3140464
26353,3140470,6,3140476
26354,3140670,25,3140695
26355,3141121,16,3141137
26356,3141149,30,3141179
26357,3141238,11,3141249
26358,3141290,12,3141302
26359,3141343,9,3141352
26360,3141483,2,3141485
26361,3141587,20,3141607
26362,3141642,26,3141668
26363,3141789,12,3141801
26364,3141990,12,3142002
26365,3142333,9,3142342
26366,3142384,18,3142402
26367,3142421,5,3142426
26368,3142716,6,3142722
26369,3142834,16,3142850
26370,3142969,1,3142970
26371,3143051,7,3143058
26372,3143071,3,3143074
26373,3143104,3,3143107
26374,3143212,18,3143230
26375,3143578,34,3143612
26376,3143645,25,3143670
26377,3144022,13,3144035
26378,3144087,15,3144102
26379,3144162,21,3144183
26380,3144219,19,3144238
26381,3144354,29,3144383
26382,3144424,26,3144450
26383,3144495,17,3144512
26384,3144568,15,3144583
26385,3144610,13,3144623
26386,3144627,31,3144658
26387,3144683,16,3144699
26388,3144883,5,3144888
26389,3145041,8,3145049
26390,3145070,2,3145072
26391,3145082,1,3145083
26392,3145257,27,3145284
26393,3145321,21,3145342
26394,3145421,1,3145422
26395,3145711,7,3145718
26396,3145766,6,3145772
26397,3145813,20,3145833
26398,3145885,11,3145896
26399,3146096,26,3146122
26400,3146138,11,3146149
26401,3146255,6,3146261
26402,3146316,14,3146330
26403,3146349,58,3146407
26404,3146423,9,3146432
26405,3146582,1,3146583
26406,3146749,8,3146757
26407,3146852,4,3146856
26408,3146989,33,3147022
26409,3147087,1,3147088
26410,3147267,79,3147346
26411,3147438,2,3147440
26412,3147564,19,3147583
26413,3147600,21,3147621
26414,3147759,7,3147766
26415,3147781,29,3147810
26416,3147908,31,3147939
26417,3147986,54,3148040
26418,3148173,104,3148277
26419,3148368,10,3148378
26420,3148405,4,3148409
26421,3148625,18,3148643
26422,3148898,22,3148920
26423,3149087,16,3149103
26424,3149183,2,3149185
26425,3149250,19,3149269
26426,3149458,35,3149493
26427,3149629,13,3149642
26428,3149690,21,3149711
26429,3149752,16,3149768
26430,3149850,4,3149854
26431,3149867,12,3149879
26432,3149957,65,3150022
26433,3150099,30,3150129
26434,3150139,30,3150169
26435,3150171,35,3150206
26436,3150347,31,3150378
26437,3150381,8,3150389
26438,3150645,10,3150655
26439,3150721,24,3150745
26440,3150783,23,3150806
26441,3151086,8,3151094
26442,3151240,45,3151285
26443,3151331,5,3151336
26444,3151350,5,3151355
26445,3151488,2,3151490
26446,3151554,10,3151564
26447,3151711,30,3151741
26448,3151935,8,3151943
26449,3152021,9,3152030
26450,3152068,8,3152076
26451,3152128,21,3152149
26452,3152260,7,3152267
26453,3152349,1,3152350
26454,3152390,10,3152400
26455,3152449,34,3152483
26456,3152613,50,3152663
26457,3152747,3,3152750
26458,3152780,133,3152913
26459,3153226,22,3153248
26460,3153278,13,3153291
26461,3153306,14,3153320
26462,3153522,20,3153542
26463,3153720,28,3153748
26464,3153770,12,3153782
26465,3153977,1,3153978
26466,3154015,5,3154020
26467,3154513,5,3154518
26468,3154637,1,3154638
26469,3154787,14,3154801
26470,3154970,24,3154994
26471,3155054,3,3155057
26472,3155254,22,3155276
26473,3155354,9,3155363
26474,3155381,61,3155442
26475,3155446,7,3155453
26476,3155567,6,3155573
26477,3155679,11,3155690
26478,3155861,18,3155879
26479,3156103,13,3156116
26480,3156231,9,3156240
26481,3156647,7,3156654
26482,3156658,16,3156674
26483,3156743,29,3156772
26484,3156838,30,3156868
26485,3156978,4,3156982
26486,3156999,36,3157035
26487,3157174,16,3157190
26488,3157215,39,3157254
26489,3157304,1,3157305
26490,3157627,5,3157632
26491,3157638,21,3157659
26492,3157949,1,3157950
26493,3157978,49,3158027
26494,3158321,6,3158327
26495,3158352,23,3158375
26496,3158404,34,3158438
26497,3158473,28,3158501
26498,3158615,18,3158633
26499,3158717,34,3158751
26500,3158752,56,3158808
26501,3158871,26,3158897
26502,3158925,31,3158956
26503,3159170,24,3159194
26504,3159227,39,3159266
26505,3159355,30,3159385
26506,3159397,2,3159399
26507,3159572,3,3159575
26508,3159731,4,3159735
26509,3159747,11,3159758
26510,3159853,14,3159867
26511,3160173,7,3160180
26512,3160216,3,3160219
26513,3160238,36,3160274
26514,3160349,26,3160375
26515,3160488,31,3160519
26516,3160624,9,3160633
26517,3160668,11,3160679
26518,3160809,9,3160818
26519,3160946,13,3160959
26520,3161284,56,3161340
26521,3161400,6,3161406
26522,3161414,13,3161427
26523,3161482,3,3161485
26524,3161513,8,3161521
26525,3161528,11,3161539
26526,3161658,4,3161662
26527,3161671,11,3161682
26528,3161779,36,3161815
26529,3161848,12,3161860
26530,3161924,11,3161935
26531,3162015,21,3162036
26532,3162563,2,3162565
26533,3162674,12,3162686
26534,3162696,72,3162768
26535,3162806,9,3162815
26536,3162912,26,3162938
26537,3163267,18,3163285
26538,3163590,29,3163619
26539,3163628,43,3163671
26540,3163759,38,3163797
26541,3163998,6,3164004
26542,3164148,5,3164153
26543,3164204,4,3164208
26544,3164221,10,3164231
26545,3164322,8,3164330
26546,3164378,2,3164380
26547,3164447,7,3164454
26548,3164657,62,3164719
26549,3164814,16,3164830
26550,3164928,8,3164936
26551,3164974,16,3164990
26552,3165018,7,3165025
26553,3165053,14,3165067
26554,3165136,34,3165170
26555,3165330,22,3165352
26556,3165577,38,3165615
26557,3165703,29,3165732
26558,3166333,26,3166359
26559,3166376,20,3166396
26560,3166479,75,3166554
26561,3166591,2,3166593
26562,3166622,91,3166713
26563,3166787,5,3166792
26564,3166911,4,3166915
26565,3166988,36,3167024
26566,3167122,14,3167136
26567,3167172,10,3167182
26568,3167245,1,3167246
26569,3167348,53,3167401
26570,3167649,18,3167667
26571,3167747,4,3167751
26572,3167993,12,3168005
26573,3168011,12,3168023
26574,3168050,38,3168088
26575,3168197,37,3168234
26576,3168332,74,3168406
26577,3168451,13,3168464
26578,3168470,4,3168474
26579,3168624,45,3168669
26580,3168783,8,3168791
26581,3168859,10,3168869
26582,3168911,10,3168921
26583,3169020,47,3169067
26584,3169201,5,3169206
26585,3169224,15,3169239
26586,3169261,19,3169280
26587,3169344,31,3169375
26588,3169509,2,3169511
26589,3169554,41,3169595
26590,3169668,23,3169691
26591,3169734,3,3169737
26592,3169874,41,3169915
26593,3169917,20,3169937
26594,3170018,26,3170044
26595,3170073,74,3170147
26596,3170151,19,3170170
26597,3170317,6,3170323
26598,3170373,21,3170394
26599,3170412,4,3170416
26600,3170558,17,3170575
26601,3170630,8,3170638
26602,3171105,3,3171108
26603,3171110,39,3171149
26604,3171211,9,3171220
26605,3171247,7,3171254
26606,3171300,40,3171340
26607,3171452,12,3171464
26608,3171562,2,3171564
26609,3171565,54,3171619
26610,3171642,10,3171652
26611,3171669,11,3171680
26612,3171890,3,3171893
26613,3171894,49,3171943
26614,3172070,8,3172078
26615,3172275,12,3172287
26616,3172303,58,3172361
26617,3172472,2,3172474
26618,3172691,19,3172710
26619,3172888,18,3172906
26620,3172946,40,3172986
26621,3173146,3,3173149
26622,3173218,60,3173278
26623,3173366,39,3173405
26624,3173525,13,3173538
26625,3173615,60,3173675
26626,3173775,10,3173785
26627,3173998,58,3174056
26628,3174101,2,3174103
26629,3174123,8,3174131
26630,3174415,1,3174416
26631,3174528,29,3174557
26632,3174600,7,3174607
26633,3174759,28,3174787
26634,3174834,6,3174840
26635,3174911,55,3174966
26636,3175076,68,3175144
26637,3175151,13,3175164
26638,3175408,3,3175411
26639,3175422,1,3175423
26640,3175492,18,3175510
26641,3175813,15,3175828
26642,3175862,8,3175870
26643,3176140,11,3176151
26644,3176457,40,3176497
26645,3176673,45,3176718
26646,3176793,22,3176815
26647,3177231,8,3177239
26648,3177312,29,3177341
26649,3177461,35,3177496
26650,3177501,3,3177504
26651,3177510,18,3177528
26652,3177644,1,3177645
26653,3177657,14,3177671
26654,3177711,7,3177718
26655,3177815,23,3177838
26656,3177981,19,3178000
26657,3178159,20,3178179
26658,3178213,25,3178238
26659,3178270,5,3178275
26660,3178371,33,3178404
26661,3178545,9,3178554
26662,3178775,9,3178784
26663,3178973,1,3178974
26664,3179104,45,3179149
26665,3179194,21,3179215
26666,3179240,3,3179243
26667,3179465,24,3179489
26668,3179615,18,3179633
26669,3179788,16,3179804
26670,3179805,20,3179825
26671,3179860,7,3179867
26672,3179903,10,3179913
26673,3179980,3,3179983
26674,3180079,10,3180089
26675,3180193,5,3180198
26676,3180346,57,3180403
26677,3180502,7,3180509
26678,3180521,5,3180526
26679,3180534,12,3180546
26680,3180587,16,3180603
26681,3180803,43,3180846
26682,3180921,43,3180964
26683,3181053,52,3181105
26684,3181134,7,3181141
26685,3181166,57,3181223
26686,3181293,46,3181339
26687,3181346,23,3181369
26688,3181536,35,3181571
26689,3181604,42,3181646
26690,3181779,25,3181804
26691,3182309,11,3182320
26692,3182346,23,3182369
26693,3182502,76,3182578
26694,3182647,67,3182714
26695,3182730,2,3182732
26696,3182784,30,3182814
26697,3182935,5,3182940
26698,3183075,13,3183088
26699,3183097,32,3183129
26700,3183224,39,3183263
26701,3183388,16,3183404
26702,3183420,37,3183457
26703,3183620,10,3183630
26704,3183653,18,3183671
26705,3183719,2,3183721
26706,3183905,15,3183920
26707,3183928,5,3183933
26708,3184006,1,3184007
26709,3184162,18,3184180
26710,3184274,55,3184329
26711,3184368,45,3184413
26712,3184551,46,3184597
26713,3184611,5,3184616
26714,3184698,20,3184718
26715,3184753,20,3184773
26716,3184830,29,3184859
26717,3184863,101,3184964
26718,3185129,9,3185138
26719,3185151,9,3185160
26720,3185166,8,3185174
26721,3185337,5,3185342
26722,3185446,2,3185448
26723,3185595,15,3185610
26724,3185692,25,3185717
26725,3185743,8,3185751
26726,3185860,21,3185881
26727,3185953,31,3185984
26728,3186116,5,3186121
26729,3186246,1,3186247
26730,3186380,32,3186412
26731,3186480,5,3186485
26732,3186589,15,3186604
26733,3186865,22,3186887
26734,3187084,18,3187102
26735,3187112,2,3187114
26736,3187363,5,3187368
26737,3187376,4,3187380
26738,3187389,45,3187434
26739,3187516,5,3187521
26740,3187605,11,3187616
26741,3187986,48,3188034
26742,3188087,22,3188109
26743,3188123,10,3188133
26744,3188234,22,3188256
26745,3188359,5,3188364
26746,3188497,37,3188534
26747,3188592,4,3188596
26748,3188676,23,3188699
26749,3188739,11,3188750
26750,3188810,10,3188820
26751,3188835,39,3188874
26752,3189299,7,3189306
26753,3189478,20,3189498
26754,3189600,4,3189604
26755,3189839,5,3189844
26756,3190162,13,3190175
26757,3190253,3,3190256
26758,3190337,18,3190355
26759,3190450,2,3190452
26760,3190649,2,3190651
26761,3190667,17,3190684
26762,3190723,7,3190730
26763,3190753,23,3190776
26764,3190805,107,3190912
26765,3191082,67,3191149
26766,3191280,37,3191317
26767,3191527,18,3191545
26768,3191675,17,3191692
26769,3191766,25,3191791
26770,3191890,13,3191903
26771,3191912,32,3191944
26772,3192039,10,3192049
26773,3192291,40,3192331
26774,3192515,4,3192519
26775,3192571,6,3192577
26776,3192639,1,3192640
26777,3192800,17,3192817
26778,3193026,8,3193034
26779,3193076,10,3193086
26780,3193207,14,3193221
26781,3193291,18,3193309
26782,3193397,5,3193402
26783,3193429,6,3193435
26784,3193704,36,3193740
26785,3194008,35,3194043
26786,3194079,7,3194086
26787,3194091,9,3194100
26788,3194502,64,3194566
26789,3194600,20,3194620
26790,3194751,11,3194762
26791,3194798,1,3194799
26792,3194806,14,3194820
26793,3194933,10,3194943
26794,3195110,10,3195120
26795,3195166,12,3195178
26796,3195218,8,3195226
26797,3195304,1,3195305
26798,3195427,20,3195447
26799,3195487,30,3195517
26800,3195573,31,3195604
26801,3195747,25,3195772
26802,3195972,29,3196001
26803,3196160,37,3196197
26804,3196411,28,3196439
26805,3196747,51,3196798
26806,3196887,12,3196899
26807,3196923,3,3196926
26808,3196936,9,3196945
26809,3196946,1,3196947
26810,3196960,4,3196964
26811,3197037,50,3197087
26812,3197237,6,3197243
26813,3197400,31,3197431
26814,3197582,1,3197583
26815,3197706,28,3197734
26816,3197812,29,3197841
26817,3197899,10,3197909
26818,3197947,17,3197964
26819,3197988,20,3198008
26820,3198112,44,3198156
26821,3198161,46,3198207
26822,3198356,19,3198375
26823,3198394,12,3198406
26824,3198514,15,3198529
26825,3198780,43,3198823
26826,3198904,9,3198913
26827,3199131,6,3199137
26828,3199203,21,3199224
26829,3199404,20,3199424
26830,3199507,16,3199523
26831,3199718,30,3199748
26832,3199837,52,3199889
26833,3200073,9,3200082
26834,3200090,93,3200183
26835,3200364,11,3200375
26836,3200397,40,3200437
26837,3200528,3,3200531
26838,3200583,8,3200591
26839,3200799,25,3200824
26840,3201120,4,3201124
26841,3201313,7,3201320
26842,3201434,36,3201470
26843,3201614,5,3201619
26844,3201630,1,3201631
26845,3201667,19,3201686
26846,3201705,21,3201726
26847,3201874,53,3201927
26848,3202052,10,3202062
26849,3202145,1,3202146
26850,3202160,9,3202169
26851,3202211,8,3202219
26852,3202298,35,3202333
26853,3202881,4,3202885
26854,3202970,12,3202982
26855,3203141,9,3203150
26856,3203323,4,3203327
26857,3203353,29,3203382
26858,3203431,25,3203456
26859,3203512,35,3203547
26860,3203654,50,3203704
26861,3203752,23,3203775
26862,3203870,7,3203877
26863,3203898,25,3203923
26864,3203951,9,3203960
26865,3204175,37,3204212
26866,3204237,21,3204258
26867,3204280,25,3204305
26868,3204371,52,3204423
26869,3204643,13,3204656
26870,3205042,2,3205044
26871,3205142,13,3205155
26872,3205239,10,3205249
26873,3205292,8,3205300
26874,3205310,30,3205340
26875,3205362,46,3205408
26876,3205446,14,3205460
26877,3205494,18,3205512
26878,3205682,18,3205700
26879,3205786,11,3205797
26880,3205855,44,3205899
26881,3206120,1,3206121
26882,3206130,6,3206136
26883,3206350,9,3206359
26884,3206381,4,3206385
26885,3206694,39,3206733
26886,3206738,3,3206741
26887,3206800,19,3206819
26888,3206820,1,3206821
26889,3206849,10,3206859
26890,3206902,37,3206939
26891,3207094,1,3207095
26892,3207269,14,3207283
26893,3207461,75,3207536
26894,3207580,56,3207636
26895,3207760,71,3207831
26896,3208184,88,3208272
26897,3208385,17,3208402
26898,3208507,22,3208529
26899,3208565,9,3208574
26900,3208783,20,3208803
26901,3208828,11,3208839
26902,3209006,41,3209047
26903,3209136,2,3209138
26904,3209288,38,3209326
26905,3209364,3,3209367
26906,3209468,23,3209491
26907,3209530,8,3209538
26908,3209611,17,3209628
26909,3209708,6,3209714
26910,3210072,1,3210073
26911,3210147,4,3210151
26912,3210165,7,3210172
26913,3210180,17,3210197
26914,3210216,16,3210232
26915,3210309,11,3210320
26916,3210408,6,3210414
26917,3210793,16,3210809
26918,3210901,47,3210948
26919,3211059,16,3211075
26920,3211088,4,3211092
26921,3211095,3,3211098
26922,3211205,18,3211223
26923,3211235,1,3211236
26924,3211325,3,3211328
26925,3211444,5,3211449
26926,3211455,1,3211456
26927,3211460,8,3211468
26928,3211694,13,3211707
26929,3211729,29,3211758
26930,3211929,69,3211998
26931,3212001,10,3212011
26932,3212185,31,3212216
26933,3212231,13,3212244
26934,3212267,25,3212292
26935,3212325,2,3212327
26936,3212360,10,3212370
26937,3212372,17,3212389
26938,3212405,8,3212413
26939,3212503,3,3212506
26940,3212507,32,3212539
26941,3212567,27,3212594
26942,3212598,50,3212648
26943,3212723,14,3212737
26944,3212775,34,3212809
26945,3212886,14,3212900
26946,3212936,14,3212950
26947,3213226,18,3213244
26948,3213372,1,3213373
26949,3213548,20,3213568
26950,3213625,17,3213642
26951,3213766,26,3213792
26952,3213797,4,3213801
26953,3213830,31,3213861
26954,3213930,10,3213940
26955,3214063,33,3214096
26956,3214126,15,3214141
26957,3214171,28,3214199
26958,3214335,17,3214352
26959,3214384,7,3214391
26960,3214668,23,3214691
26961,3214813,5,3214818
26962,3214829,35,3214864
26963,3214866,8,3214874
26964,3214979,4,3214983
26965,3215180,7,3215187
26966,3215233,15,3215248
26967,3215424,16,3215440
26968,3215456,16,3215472
26969,3215700,34,3215734
26970,3215749,15,3215764
26971,3215986,25,3216011
26972,3216062,9,3216071
26973,3216104,12,3216116
26974,3216357,10,3216367
26975,3216402,43,3216445
26976,3216598,18,3216616
26977,3216715,22,3216737
26978,3216812,61,3216873
26979,3216951,12,3216963
26980,3217068,3,3217071
26981,3217100,2,3217102
26982,3217143,15,3217158
26983,3217367,7,3217374
26984,3217599,19,3217618
26985,3217709,43,3217752
26986,3217834,12,3217846
26987,3217925,7,3217932
26988,3217957,15,3217972
26989,3218230,4,3218234
26990,3218315,20,3218335
26991,3218446,13,3218459
26992,3218489,11,3218500
26993,3218832,26,3218858
26994,3218873,26,3218899
26995,3219046,46,3219092
26996,3219099,16,3219115
26997,3219147,42,3219189
26998,3219439,2,3219441
26999,3219614,11,3219625
27000,3219651,4,3219655
27001,3219668,10,3219678
27002,3219699,27,3219726
27003,3219792,17,3219809
27004,3219824,26,3219850
27005,3219979,22,3220001
27006,3220062,10,3220072
27007,3220149,37,3220186
27008,3220338,24,3220362
27009,3220409,38,3220447
27010,3220491,28,3220519
27011,3220622,3,3220625
27012,3220928,5,3220933
27013,3221088,12,3221100
27014,3221157,3,3221160
27015,3221255,2,3221257
27016,3221270,13,3221283
27017,3221410,8,3221418
27018,3221661,12,3221673
27019,3221862,30,3221892
27020,3221978,8,3221986
27021,3222046,7,3222053
27022,3222061,6,3222067
27023,3222180,7,3222187
27024,3222209,12,3222221
27025,3222240,24,3222264
27026,3222303,4,3222307
27027,3222338,15,3222353
27028,3222549,15,3222564
27029,3222848,1,3222849
27030,3222950,8,3222958
27031,3222968,3,3222971
27032,3223037,14,3223051
27033,3223203,13,3223216
27034,3223328,28,3223356
27035,3223532,31,3223563
27036,3223665,10,3223675
27037,3223693,23,3223716
27038,3223740,4,3223744
27039,3223769,23,3223792
27040,3223999,5,3224004
27041,3224127,7,3224134
27042,3224164,34,3224198
27043,3224240,13,3224253
27044,3224288,11,3224299
27045,3224333,1,3224334
27046,3224352,1,3224353
27047,3224569,73,3224642
27048,3224677,37,3224714
27049,3224729,16,3224745
27050,3224749,23,3224772
27051,3224779,3,3224782
27052,3224828,25,3224853
27053,3224912,1,3224913
27054,3225115,13,3225128
27055,3225158,1,3225159
27056,3225329,21,3225350
27057,3225590,38,3225628
27058,3226084,2,3226086
27059,3226622,42,3226664
27060,3226726,16,3226742
27061,3226758,16,3226774
27062,3226785,23,3226808
27063,3226825,17,3226842
27064,3226902,20,3226922
27065,3226985,27,3227012
27066,3227315,29,3227344
27067,3227433,5,3227438
27068,3227730,9,3227739
27069,3227747,28,3227775
27070,3227794,19,3227813
27071,3227837,57,3227894
27072,3227976,81,3228057
27073,3228103,9,3228112
27074,3228153,17,3228170
27075,3228207,8,3228215
27076,3228251,34,3228285
27077,3228343,4,3228347
27078,3228405,8,3228413
27079,3228474,7,3228481
27080,3228506,33,3228539
27081,3228889,13,3228902
27082,3228995,46,3229041
27083,3229048,13,3229061
27084,3229214,28,3229242
27085,3229275,24,3229299
27086,3229371,9,3229380
27087,3229384,17,3229401
27088,3229531,11,3229542
27089,3229552,28,3229580
27090,3229623,14,3229637
27091,3229671,19,3229690
27092,3229748,11,3229759
27093,3229799,100,3229899
27094,3230227,3,3230230
27095,3230303,26,3230329
27096,3230394,28,3230422
27097,3230430,11,3230441
27098,3230447,49,3230496
27099,3230535,19,3230554
27100,3230774,9,3230783
27101,3230809,21,3230830
27102,3231030,32,3231062
27103,3231100,8,3231108
27104,3231216,9,3231225
27105,3231362,16,3231378
27106,3231546,13,3231559
27107,3231639,8,3231647
27108,3231673,6,3231679
27109,3231699,51,3231750
27110,3231821,5,3231826
27111,3231901,8,3231909
27112,3232012,15,3232027
27113,3232219,3,3232222
27114,3232229,30,3232259
27115,3232296,25,3232321
27116,3232327,9,3232336
27117,3232424,52,3232476
27118,3232610,20,3232630
27119,3232897,51,3232948
27120,3233241,18,3233259
27121,3233278,7,3233285
27122,3233349,7,3233356
27123,3233449,6,3233455
27124,3233484,10,3233494
27125,3233537,12,3233549
27126,3233579,26,3233605
27127,3233656,4,3233660
27128,3233728,54,3233782
27129,3233852,31,3233883
27130,3234053,17,3234070
27131,3234145,2,3234147
27132,3234165,41,3234206
27133,3234335,6,3234341
27134,3234483,2,3234485
27135,3234686,12,3234698
27136,3234782,14,3234796
27137,3234874,16,3234890
27138,3235279,27,3235306
27139,3235427,3,3235430
27140,3235503,3,3235506
27141,3235584,26,3235610
27142,3235677,5,3235682
27143,3235721,1,3235722
27144,3235838,1,3235839
27145,3236136,24,3236160
27146,3236190,35,3236225
27147,3236301,40,3236341
27148,3236525,8,3236533
27149,3236590,13,3236603
27150,3236613,17,3236630
27151,3236647,6,3236653
27152,3236851,8,3236859
27153,3236988,6,3236994
27154,3237020,33,3237053
27155,3237134,7,3237141
27156,3237323,26,3237349
27157,3237405,7,3237412
27158,3237591,15,3237606
27159,3237643,4,3237647
27160,3237762,13,3237775
27161,3237922,22,3237944
27162,3238055,19,3238074
27163,3238082,18,3238100
27164,3238216,7,3238223
27165,3238252,26,3238278
27166,3238297,21,3238318
27167,3238389,1,3238390
27168,3238540,32,3238572
27169,3238717,61,3238778
27170,3238797,41,3238838
27171,3239217,27,3239244
27172,3239375,8,3239383
27173,3239444,1,3239445
27174,3239600,12,3239612
27175,3239622,2,3239624
27176,3239646,9,3239655
27177,3239657,2,3239659
27178,3239719,35,3239754
27179,3240028,27,3240055
27180,3240139,53,3240192
27181,3240218,25,3240243
27182,3240314,20,3240334
27183,3240404,58,3240462
27184,3240625,7,3240632
27185,3240887,3,3240890
27186,3241056,154,3241210
27187,3241222,34,3241256
27188,3241477,27,3241504
27189,3241683,12,3241695
27190,3241702,6,3241708
27191,3241710,1,3241711
27192,3242083,16,3242099
27193,3242108,4,3242112
27194,3242155,40,3242195
27195,3242209,42,3242251
27196,3242369,51,3242420
27197,3242532,15,3242547
27198,3242580,35,3242615
27199,3242653,8,3242661
27200,3242815,13,3242828
27201,3243023,30,3243053
27202,3243141,2,3243143
27203,3243359,11,3243370
27204,3243456,22,3243478
27205,3243542,47,3243589
27206,3243798,4,3243802
27207,3243846,55,3243901
27208,3244094,22,3244116
27209,3244304,23,3244327
27210,3244371,12,3244383
27211,3244395,13,3244408
27212,3244653,12,3244665
27213,3244712,11,3244723
27214,3244803,7,3244810
27215,3244861,15,3244876
27216,3244931,11,3244942
27217,3245151,5,3245156
27218,3245393,3,3245396
27219,3245453,31,3245484
27220,3245562,45,3245607
27221,3245711,40,3245751
27222,3245762,6,3245768
27223,3245783,55,3245838
27224,3245861,6,3245867
27225,3245907,8,3245915
27226,3245961,22,3245983
27227,3245990,6,3245996
27228,3246010,2,3246012
27229,3246103,23,3246126
27230,3246238,2,3246240
27231,3246355,27,3246382
27232,3246434,4,3246438
27233,3246634,6,3246640
27234,3246770,3,3246773
27235,3246830,2,3246832
27236,3246929,3,3246932
27237,3246940,15,3246955
27238,3247024,58,3247082
27239,3247241,80,3247321
27240,3247475,12,3247487
27241,3247553,18,3247571
27242,3247606,63,3247669
27243,3247711,38,3247749
27244,3247780,58,3247838
27245,3247864,18,3247882
27246,3247891,27,3247918
27247,3248221,5,3248226
27248,3248380,9,3248389
27249,3248402,5,3248407
27250,3248443,47,3248490
27251,3248558,29,3248587
27252,3248682,6,3248688
27253,3248701,2,3248703
27254,3248751,30,3248781
27255,3248843,21,3248864
27256,3249099,10,3249109
27257,3249375,17,3249392
27258,3249463,1,3249464
27259,3249515,40,3249555
27260,3249850,16,3249866
27261,3250032,37,3250069
27262,3250078,6,3250084
27263,3250188,4,3250192
27264,3250251,5,3250256
27265,3250334,7,3250341
27266,3250416,33,3250449
27267,3250510,8,3250518
27268,3250572,1,3250573
27269,3250605,28,3250633
27270,3250935,21,3250956
27271,3251025,11,3251036
27272,3251055,3,3251058
27273,3251495,17,3251512
27274,3251728,9,3251737
27275,3251864,4,3251868
27276,3251937,1,3251938
27277,3252033,16,3252049
27278,3252141,8,3252149
27279,3252220,12,3252232
27280,3252239,10,3252249
27281,3252257,7,3252264
27282,3252371,16,3252387
27283,3252446,31,3252477
27284,3252553,3,3252556
27285,3252578,7,3252585
27286,3252865,24,3252889
27287,3252966,5,3252971
27288,3253005,14,3253019
27289,3253051,4,3253055
27290,3253150,13,3253163
27291,3253209,12,3253221
27292,3253453,24,3253477
27293,3253524,1,3253525
27294,3253582,46,3253628
27295,3253752,14,3253766
27296,3253845,1,3253846
27297,3253899,2,3253901
27298,3253942,19,3253961
27299,3254026,73,3254099
27300,3254132,9,3254141
27301,3254188,10,3254198
27302,3254206,11,3254217
27303,3254325,4,3254329
27304,3254397,43,3254440
27305,3254459,8,3254467
27306,3254560,37,3254597
27307,3254738,4,3254742
27308,3254804,1,3254805
27309,3254877,2,3254879
27310,3254989,4,3254993
27311,3255096,46,3255142
27312,3255178,13,3255191
27313,3255222,35,3255257
27314,3255749,16,3255765
27315,3256010,1,3256011
27316,3256017,20,3256037
27317,3256130,44,3256174
27318,3256232,21,3256253
27319,3256285,7,3256292
27320,3256323,30,3256353
27321,3256444,10,3256454
27322,3256504,9,3256513
27323,3256615,2,3256617
27324,3256634,3,3256637
27325,3256651,1,3256652
27326,3256738,14,3256752
27327,3256769,12,3256781
27328,3256875,13,3256888
27329,3257009,24,3257033
27330,3257037,55,3257092
27331,3257131,10,3257141
27332,3257201,28,3257229
27333,3257250,1,3257251
27334,3257297,23,3257320
27335,3257463,13,3257476
27336,3257524,2,3257526
27337,3257559,73,3257632
27338,3257678,6,3257684
27339,3257742,20,3257762
27340,3257946,7,3257953
27341,3258165,33,3258198
27342,3258209,9,3258218
27343,3258226,8,3258234
27344,3258402,7,3258409
27345,3258633,10,3258643
27346,3258684,9,3258693
27347,3258990,2,3258992
27348,3258998,20,3259018
27349,3259057,14,3259071
27350,3259120,24,3259144
27351,3259226,2,3259228
27352,3259333,3,3259336
27353,3259394,39,3259433
27354,3259473,89,3259562
27355,3259571,29,3259600
27356,3259672,11,3259683
27357,3259993,4,3259997
27358,3260053,1,3260054
27359,3260116,20,3260136
27360,3260137,5,3260142
27361,3260271,31,3260302
27362,3260316,11,3260327
27363,3260493,28,3260521
27364,3260697,11,3260708
27365,3260719,55,3260774
27366,3261185,6,3261191
27367,3261299,33,3261332
27368,3261344,5,3261349
27369,3261396,10,3261406
27370,3261427,6,3261433
27371,3261451,6,3261457
27372,3261459,9,3261468
27373,3261586,18,3261604
27374,3261625,3,3261628
27375,3261739,19,3261758
27376,3261878,3,3261881
27377,3261975,13,3261988
27378,3262071,26,3262097
27379,3262117,2,3262119
27380,3262294,1,3262295
27381,3262454,17,3262471
27382,3262535,10,3262545
27383,3262642,19,3262661
27384,3262721,17,3262738
27385,3262760,13,3262773
27386,3262848,13,3262861
27387,3263013,34,3263047
27388,3263078,78,3263156
27389,3263276,6,3263282
27390,3263340,24,3263364
27391,3263483,10,3263493
27392,3263560,9,3263569
27393,3263593,15,3263608
27394,3263709,28,3263737
27395,3263957,4,3263961
27396,3264060,29,3264089
27397,3264204,28,3264232
27398,3264244,10,3264254
27399,3264340,49,3264389
27400,3264566,19,3264585
27401,3264677,5,3264682
27402,3264744,5,3264749
27403,3264847,17,3264864
27404,3264943,28,3264971
27405,3265088,63,3265151
27406,3265155,3,3265158
27407,3265353,30,3265383
27408,3265604,23,3265627
27409,3265665,24,3265689
27410,3265831,33,3265864
27411,3265949,34,3265983
27412,3266046,18,3266064
27413,3266072,7,3266079
27414,3266137,1,3266138
27415,3266225,46,3266271
27416,3266338,9,3266347
27417,3266374,6,3266380
27418,3266548,23,3266571
27419,3266590,59,3266649
27420,3266710,4,3266714
27421,3266786,10,3266796
27422,3266961,17,3266978
27423,3267012,5,3267017
27424,3267023,43,3267066
27425,3267085,30,3267115
27426,3267117,3,3267120
27427,3267127,2,3267129
27428,3267300,9,3267309
27429,3267343,58,3267401
27430,3267481,6,3267487
27431,3267655,19,3267674
27432,3267715,3,3267718
27433,3267798,11,3267809
27434,3267916,19,3267935
27435,3267960,3,3267963
27436,3268061,37,3268098
27437,3268127,55,3268182
27438,3268188,5,3268193
27439,3268592,21,3268613
27440,3268778,13,3268791
27441,3268814,3,3268817
27442,3268858,6,3268864
27443,3268913,2,3268915
27444,3268948,1,3268949
27445,3269155,17,3269172
27446,3269204,42,3269246
27447,3269255,29,3269284
27448,3269362,32,3269394
27449,3269403,4,3269407
27450,3269560,14,3269574
27451,3269606,27,3269633
27452,3269735,12,3269747
27453,3269933,14,3269947
27454,3270079,1,3270080
27455,3270158,29,3270187
27456,3270207,1,3270208
27457,3270338,8,3270346
27458,3270397,15,3270412
27459,3270786,17,3270803
27460,3271051,2,3271053
27461,3271068,31,3271099
27462,3271226,22,3271248
27463,3271285,61,3271346
27464,3271462,2,3271464
27465,3271506,39,3271545
27466,3271664,3,3271667
27467,3271668,20,3271688
27468,3271756,19,3271775
27469,3271798,43,3271841
27470,3271853,3,3271856
27471,3271977,65,3272042
27472,3272071,9,3272080
27473,3272185,18,3272203
27474,3272213,1,3272214
27475,3272256,23,3272279
27476,3272426,1,3272427
27477,3272957,13,3272970
27478,3272998,1,3272999
27479,3273016,2,3273018
27480,3273159,3,3273162
27481,3273260,11,3273271
27482,3273485,13,3273498
27483,3273575,37,3273612
27484,3273634,29,3273663
27485,3273758,26,3273784
27486,3273817,25,3273842
27487,3273912,58,3273970
27488,3273992,33,3274025
27489,3274037,9,3274046
27490,3274154,1,3274155
27491,3274219,4,3274223
27492,3274551,5,3274556
27493,3274722,22,3274744
27494,3274778,2,3274780
27495,3274831,28,3274859
27496,3274907,18,3274925
27497,3274989,15,3275004
27498,3275216,24,3275240
27499,3275259,79,3275338
27500,3275429,6,3275435
27501,3275758,6,3275764
27502,3275914,27,3275941
27503,3275981,35,3276016
27504,3276171,25,3276196
27505,3276320,78,3276398
27506,3276554,29,3276583
27507,3276604,7,3276611
27508,3276770,35,3276805
27509,3276807,2,3276809
27510,3277126,10,3277136
27511,3277190,15,3277205
27512,3277243,26,3277269
27513,3277469,2,3277471
27514,3277853,38,3277891
27515,3277914,4,3277918
27516,3278114,36,3278150
27517,3278218,14,3278232
27518,3278317,6,3278323
27519,3278359,3,3278362
27520,3278466,6,3278472
27521,3278511,27,3278538
27522,3278676,16,3278692
27523,3278791,2,3278793
27524,3278976,5,3278981
27525,3278989,4,3278993
27526,3279063,2,3279065
27527,3279165,10,3279175
27528,3279180,74,3279254
27529,3279268,41,3279309
27530,3279602,5,3279607
27531,3279741,18,3279759
27532,3279829,6,3279835
27533,3279839,20,3279859
27534,3279927,9,3279936
27535,3279983,9,3279992
27536,3280031,27,3280058
27537,3280144,20,3280164
27538,3280336,51,3280387
27539,3280419,26,3280445
27540,3280509,25,3280534
27541,3280553,47,3280600
27542,3280641,2,3280643
27543,3280701,19,3280720
27544,3280902,17,3280919
27545,3280933,44,3280977
27546,3281063,7,3281070
27547,3281140,3,3281143
27548,3281148,27,3281175
27549,3281436,36,3281472
27550,3281631,1,3281632
27551,3281696,5,3281701
27552,3281815,4,3281819
27553,3281910,6,3281916
27554,3282167,32,3282199
27555,3282215,10,3282225
27556,3282272,5,3282277
27557,3282295,7,3282302
27558,3282324,19,3282343
27559,3282404,3,3282407
27560,3282508,48,3282556
27561,3282592,6,3282598
27562,3282631,7,3282638
27563,3282682,19,3282701
27564,3282806,12,3282818
27565,3282857,1,3282858
27566,3282886,1,3282887
27567,3282912,10,3282922
27568,3283050,16,3283066
27569,3283527,8,3283535
27570,3283595,6,3283601
27571,3283692,11,3283703
27572,3283750,14,3283764
27573,3283929,72,3284001
27574,3284162,4,3284166
27575,3284319,31,3284350
27576,3284415,4,3284419
27577,3284644,16,3284660
27578,3284711,35,3284746
27579,3284765,105,3284870
27580,3284918,8,3284926
27581,3284965,24,3284989
27582,3285095,3,3285098
27583,3285176,9,3285185
27584,3285381,9,3285390
27585,3285525,26,3285551
27586,3285580,15,3285595
27587,3285777,13,3285790
27588,3285984,6,3285990
27589,3286105,8,3286113
27590,3286160,2,3286162
27591,3286266,9,3286275
27592,3286630,6,3286636
27593,3286688,18,3286706
27594,3286776,14,3286790
27595,3286881,1,3286882
27596,3287001,25,3287026
27597,3287079,26,3287105
27598,3287250,6,3287256
27599,3287263,78,3287341
27600,3287388,39,3287427
27601,3287442,16,3287458
27602,3287519,49,3287568
27603,3287573,52,3287625
27604,3287701,7,3287708
27605,3287714,36,3287750
27606,3287941,23,3287964
27607,3288367,10,3288377
27608,3288446,20,3288466
27609,3288500,63,3288563
27610,3288655,24,3288679
27611,3288761,1,3288762
27612,3288776,2,3288778
27613,3288867,5,3288872
27614,3288930,6,3288936
27615,3288939,47,3288986
27616,3289034,16,3289050
27617,3289088,3,3289091
27618,3289120,25,3289145
27619,3289152,7,3289159
27620,3289186,15,3289201
27621,3289225,86,3289311
27622,3289360,45,3289405
27623,3289576,2,3289578
27624,3289633,13,3289646
27625,3289716,3,3289719
27626,3289900,22,3289922
27627,3289941,5,3289946
27628,3289959,39,3289998
27629,3290072,8,3290080
27630,3290165,2,3290167
27631,3290185,3,3290188
27632,3290318,26,3290344
27633,3290526,2,3290528
27634,3290663,55,3290718
27635,3290724,9,3290733
27636,3290829,46,3290875
27637,3290887,37,3290924
27638,3291021,6,3291027
27639,3291186,18,3291204
27640,3291217,40,3291257
27641,3291317,9,3291326
27642,3291350,6,3291356
27643,3291408,5,3291413
27644,3291416,67,3291483
27645,3291802,21,3291823
27646,3291855,8,3291863
27647,3291872,3,3291875
27648,3291886,32,3291918
27649,3292118,143,3292261
27650,3292283,61,3292344
27651,3292365,15,3292380
27652,3292510,1,3292511
27653,3292551,26,3292577
27654,3292637,17,3292654
27655,3292735,21,3292756
27656,3292831,4,3292835
27657,3292858,9,3292867
27658,3292885,6,3292891
27659,3293019,17,3293036
27660,3293199,32,3293231
27661,3293236,18,3293254
27662,3293262,2,3293264
27663,3293661,14,3293675
27664,3293849,2,3293851
27665,3293852,3,3293855
27666,3293912,53,3293965
27667,3294116,4,3294120
27668,3294121,26,3294147
27669,3294207,11,3294218
27670,3294614,25,3294639
27671,3294777,27,3294804
27672,3294812,51,3294863
27673,3294981,31,3295012
27674,3295052,29,3295081
27675,3295160,6,3295166
27676,3295268,27,3295295
27677,3295354,23,3295377
27678,3295430,1,3295431
27679,3295454,12,3295466
27680,3295621,9,3295630
27681,3295664,2,3295666
27682,3295694,3,3295697
27683,3295882,16,3295898
27684,3295970,20,3295990
27685,3296066,13,3296079
27686,3296094,11,3296105
27687,3296263,22,3296285
27688,3296295,5,3296300
27689,3296368,3,3296371
27690,3296455,41,3296496
27691,3296520,12,3296532
27692,3296640,4,3296644
27693,3296674,20,3296694
27694,3296724,1,3296725
27695,3296738,4,3296742
27696,3296807,3,3296810
27697,3296833,4,3296837
27698,3296925,44,3296969
27699,3297067,14,3297081
27700,3297299,6,3297305
27701,3297338,44,3297382
27702,3297508,7,3297515
27703,3297560,52,3297612
27704,3297720,34,3297754
27705,3297906,58,3297964
27706,3298015,22,3298037
27707,3298238,3,3298241
27708,3298305,5,3298310
27709,3298712,3,3298715
27710,3298822,28,3298850
27711,3298895,3,3298898
27712,3298904,18,3298922
27713,3299041,4,3299045
27714,3299230,18,3299248
27715,3299258,22,3299280
27716,3299362,17,3299379
27717,3299382,2,3299384
27718,3299783,65,3299848
27719,3300003,17,3300020
27720,3300050,46,3300096
27721,3300120,1,3300121
27722,3300147,42,3300189
27723,3300326,5,3300331
27724,3300551,13,3300564
27725,3300581,27,3300608
27726,3300695,37,3300732
27727,3300766,16,3300782
27728,3300864,37,3300901
27729,3300936,12,3300948
27730,3301288,38,3301326
27731,3301331,5,3301336
27732,3301371,1,3301372
27733,3301414,6,3301420
27734,3301424,1,3301425
27735,3301491,10,3301501
27736,3301688,82,3301770
27737,3301969,3,3301972
27738,3302225,23,3302248
27739,3302300,1,3302301
27740,3302370,3,3302373
27741,3302435,29,3302464
27742,3302508,5,3302513
27743,3302525,8,3302533
27744,3302588,7,3302595
27745,3302661,1,3302662
27746,3302815,5,3302820
27747,3302949,23,3302972
27748,3302981,12,3302993
27749,3303083,15,3303098
27750,3303500,16,3303516
27751,3303709,11,3303720
27752,3303800,29,3303829
27753,3303927,38,3303965
27754,3304158,5,3304163
27755,3304216,61,3304277
27756,3304309,114,3304423
27757,3304573,14,3304587
27758,3304827,15,3304842
27759,3304942,80,3305022
27760,3305220,3,3305223
27761,3305345,10,3305355
27762,3305357,31,3305388
27763,3305427,47,3305474
27764,3305659,54,3305713
27765,3305743,24,3305767
27766,3305794,31,3305825
27767,3305858,9,3305867
27768,3306006,13,3306019
27769,3306294,25,3306319
27770,3306327,34,3306361
27771,3306762,28,3306790
27772,3306841,13,3306854
27773,3306868,50,3306918
27774,3306995,8,3307003
27775,3307296,4,3307300
27776,3307427,11,3307438
27777,3307504,17,3307521
27778,3307530,5,3307535
27779,3307769,34,3307803
27780,3307933,2,3307935
27781,3308057,1,3308058
27782,3308093,41,3308134
27783,3308176,3,3308179
27784,3308290,28,3308318
27785,3308332,33,3308365
27786,3308380,45,3308425
27787,3308454,20,3308474
27788,3308844,21,3308865
27789,3308896,5,3308901
27790,3308909,31,3308940
27791,3309161,43,3309204
27792,3309285,12,3309297
27793,3309335,19,3309354
27794,3309357,25,3309382
27795,3309434,6,3309440
27796,3309645,25,3309670
27797,3309807,3,3309810
27798,3310293,10,3310303
27799,3310311,7,3310318
27800,3310445,11,3310456
27801,3310487,4,3310491
27802,3310542,10,3310552
27803,3310779,17,3310796
27804,3310834,77,3310911
27805,3311069,13,3311082
27806,3311094,12,3311106
27807,3311538,21,3311559
27808,3311707,39,3311746
27809,3311863,58,3311921
27810,3312107,24,3312131
27811,3312150,32,3312182
27812,3312436,7,3312443
27813,3312651,30,3312681
27814,3312707,11,3312718
27815,3312789,1,3312790
27816,3312853,15,3312868
27817,3312878,17,3312895
27818,3313136,80,3313216
27819,3313317,17,3313334
27820,3313440,27,3313467
27821,3313588,20,3313608
27822,3313714,17,3313731
27823,3313777,7,3313784
27824,3313790,7,3313797
27825,3313996,6,3314002
27826,3314054,75,3314129
27827,3314222,46,3314268
27828,3314284,39,3314323
27829,3314773,13,3314786
27830,3314792,64,3314856
27831,3315016,7,3315023
27832,3315104,4,3315108
27833,3315162,5,3315167
27834,3315262,2,3315264
27835,3315305,4,3315309
27836,3315393,8,3315401
27837,3315418,6,3315424
27838,3315586,16,3315602
27839,3315747,25,3315772
27840,3315994,48,3316042
27841,3316089,6,3316095
27842,3316105,57,3316162
27843,3316355,29,3316384
27844,3316508,93,3316601
27845,3316713,31,3316744
27846,3316833,68,3316901
27847,3317129,15,3317144
27848,3317186,2,3317188
27849,3317252,60,3317312
27850,3317342,26,3317368
27851,3317423,6,3317429
27852,3317579,5,3317584
27853,3317641,31,3317672
27854,3317730,15,3317745
27855,3317812,11,3317823
27856,3317831,3,3317834
27857,3317856,18,3317874
27858,3317985,19,3318004
27859,3318049,22,3318071
27860,3318085,29,3318114
27861,3318127,5,3318132
27862,3318170,25,3318195
27863,3318344,17,3318361
27864,3318610,5,3318615
27865,3318783,38,3318821
27866,3318853,14,3318867
27867,3318893,19,3318912
27868,3319015,13,3319028
27869,3319144,35,3319179
27870,3319251,22,3319273
27871,3319387,3,3319390
27872,3319433,18,3319451
27873,3319525,8,3319533
27874,3319538,67,3319605
27875,3319980,3,3319983
27876,3320010,6,3320016
27877,3320025,48,3320073
27878,3320082,2,3320084
27879,3320157,16,3320173
27880,3320432,34,3320466
27881,3320481,15,3320496
27882,3320592,1,3320593
27883,3320765,13,3320778
27884,3320964,71,3321035
27885,3321077,7,3321084
27886,3321139,8,3321147
27887,3321288,16,3321304
27888,3321306,13,3321319
27889,3321444,3,3321447
27890,3321479,4,3321483
27891,3321700,31,3321731
27892,3321833,52,3321885
27893,3322002,34,3322036
27894,3322084,19,3322103
27895,3322247,26,3322273
27896,3322357,38,3322395
27897,3322450,3,3322453
27898,3322701,4,3322705
27899,3322852,28,3322880
27900,3323068,95,3323163
27901,3323216,53,3323269
27902,3323317,18,3323335
27903,3323381,57,3323438
27904,3323513,107,3323620
27905,3323633,1,3323634
27906,3323716,21,3323737
27907,3324145,29,3324174
27908,3324583,16,3324599
27909,3324629,10,3324639
27910,3324711,4,3324715
27911,3324856,13,3324869
27912,3324883,9,3324892
27913,3325145,8,3325153
27914,3325169,70,3325239
27915,3325306,7,3325313
27916,3325319,1,3325320
27917,3325325,29,3325354
27918,3325456,2,3325458
27919,3325745,48,3325793
27920,3326021,7,3326028
27921,3326030,31,3326061
27922,3326079,29,3326108
27923,3326219,14,3326233
27924,3326554,11,3326565
27925,3326815,3,3326818
27926,3326861,22,3326883
27927,3326918,1,3326919
27928,3326942,11,3326953
27929,3327029,53,3327082
27930,3327251,16,3327267
27931,3327317,1,3327318
27932,3327434,2,3327436
27933,3327504,22,3327526
27934,3327528,13,3327541
27935,3327939,33,3327972
27936,3328064,35,3328099
27937,3328207,32,3328239
27938,3328247,10,3328257
27939,3328293,6,3328299
27940,3328387,58,3328445
27941,3328522,13,3328535
27942,3328570,26,3328596
27943,3328622,16,3328638
27944,3328774,5,3328779
27945,3329024,16,3329040
27946,3329109,14,3329123
27947,3329178,20,3329198
27948,3329204,23,3329227
27949,3329375,39,3329414
27950,3329444,1,3329445
27951,3329517,8,3329525
27952,3329677,19,3329696
27953,3329721,10,3329731
27954,3329748,25,3329773
27955,3329806,28,3329834
27956,3329875,21,3329896
27957,3329908,8,3329916
27958,3330018,27,3330045
27959,3330093,1,3330094
27960,3330178,6,3330184
27961,3330510,10,3330520
27962,3330591,14,3330605
27963,3330771,10,3330781
27964,3330782,9,3330791
27965,3330816,23,3330839
27966,3330855,8,3330863
27967,3330885,9,3330894
27968,3330896,9,3330905
27969,3330906,27,3330933
27970,3330971,9,3330980
27971,3331005,13,3331018
27972,3331174,2,3331176
27973,3331418,8,3331426
27974,3331606,4,3331610
27975,3331629,18,3331647
27976,3331658,5,3331663
27977,3331931,11,3331942
27978,3332090,88,3332178
27979,3332199,2,3332201
27980,3332223,6,3332229
27981,3332257,3,3332260
27982,3332373,13,3332386
27983,3332545,13,3332558
27984,3332641,2,3332643
27985,3332740,12,3332752
27986,3332915,64,3332979
27987,3333133,21,3333154
27988,3333270,6,3333276
27989,3333361,11,3333372
27990,3333430,26,3333456
27991,3333524,12,3333536
27992,3333546,21,3333567
27993,3333629,10,3333639
27994,3333727,23,3333750
27995,3333757,53,3333810
27996,3333949,1,3333950
27997,3334048,6,3334054
27998,3334080,10,3334090
27999,3334099,11,3334110
28000,3334122,19,3334141
28001,3334192,15,3334207
28002,3334268,5,3334273
28003,3334290,47,3334337
28004,3334528,32,3334560
28005,3334864,32,3334896
28006,3335015,11,3335026
28007,3335292,72,3335364
28008,3335379,11,3335390
28009,3335630,6,3335636
28010,3335642,22,3335664
28011,3335708,20,3335728
28012,3335826,12,3335838
28013,3335864,18,3335882
28014,3335929,39,3335968
28015,3336049,6,3336055
28016,3336071,16,3336087
28017,3336234,7,3336241
28018,3336318,1,3336319
28019,3336420,18,3336438
28020,3336533,29,3336562
28021,3336823,12,3336835
28022,3336868,42,3336910
28023,3337027,69,3337096
28024,3337222,10,3337232
28025,3337338,21,3337359
28026,3337480,3,3337483
28027,3337788,20,3337808
28028,3337871,47,3337918
28029,3337965,5,3337970
28030,3337975,10,3337985
28031,3338129,45,3338174
28032,3338623,5,3338628
28033,3338796,5,3338801
28034,3338867,3,3338870
28035,3338955,24,3338979
28036,3339114,3,3339117
28037,3339121,20,3339141
28038,3339193,14,3339207
28039,3339227,4,3339231
28040,3339293,5,3339298
28041,3339397,10,3339407
28042,3339425,21,3339446
28043,3339466,21,3339487
28044,3339550,35,3339585
28045,3339797,33,3339830
28046,3340032,32,3340064
28047,3340277,1,3340278
28048,3340280,7,3340287
28049,3340461,34,3340495
28050,3340534,26,3340560
28051,3340640,7,3340647
28052,3340655,5,3340660
28053,3340704,3,3340707
28054,3340772,1,3340773
28055,3340965,1,3340966
28056,3341049,19,3341068
28057,3341145,19,3341164
28058,3341197,24,3341221
28059,3341345,5,3341350
28060,3341362,24,3341386
28061,3341411,6,3341417
28062,3341606,39,3341645
28063,3341713,5,3341718
28064,3341737,16,3341753
28065,3341882,15,3341897
28066,3341960,35,3341995
28067,3342093,10,3342103
28068,3342295,9,3342304
28069,3342320,2,3342322
28070,3342342,11,3342353
28071,3342375,21,3342396
28072,3342415,4,3342419
28073,3342726,61,3342787
28074,3342861,6,3342867
28075,3342928,12,3342940
28076,3342969,41,3343010
28077,3343011,8,3343019
28078,3343106,56,3343162
28079,3343290,9,3343299
28080,3343327,4,3343331
28081,3343406,35,3343441
28082,3343465,3,3343468
28083,3343472,5,3343477
28084,3343484,25,3343509
28085,3343531,8,3343539
28086,3343765,8,3343773
28087,3343884,72,3343956
28088,3344039,17,3344056
28089,3344091,4,3344095
28090,3344160,10,3344170
28091,3344209,1,3344210
28092,3344229,28,3344257
28093,3344385,38,3344423
28094,3344937,24,3344961
28095,3345012,80,3345092
28096,3345106,46,3345152
28097,3345317,4,3345321
28098,3345527,15,3345542
28099,3345678,11,3345689
28100,3345742,7,3345749
28101,3345832,1,3345833
28102,3345924,2,3345926
28103,3345998,37,3346035
28104,3346089,78,3346167
28105,3346173,27,3346200
28106,3346383,2,3346385
28107,3346439,16,3346455
28108,3346490,4,3346494
28109,3346569,61,3346630
28110,3346986,17,3347003
28111,3347148,21,3347169
28112,3347318,27,3347345
28113,3347431,8,3347439
28114,3347451,4,3347455
28115,3347500,27,3347527
28116,3347550,17,3347567
28117,3347665,10,3347675
28118,3347750,2,3347752
28119,3347766,6,3347772
28120,3347988,6,3347994
28121,3348046,15,3348061
28122,3348543,44,3348587
28123,3348637,6,3348643
28124,3348783,3,3348786
28125,3348890,19,3348909
28126,3348935,5,3348940
28127,3349006,12,3349018
28128,3349038,57,3349095
28129,3349432,6,3349438
28130,3349509,1,3349510
28131,3349880,14,3349894
28132,3349961,62,3350023
28133,3350115,36,3350151
28134,3350390,46,3350436
28135,3350677,1,3350678
28136,3350898,2,3350900
28137,3351017,3,3351020
28138,3351143,2,3351145
28139,3351205,15,3351220
28140,3351397,5,3351402
28141,3351416,21,3351437
28142,3351439,43,3351482
28143,3351677,33,3351710
28144,3352002,8,3352010
28145,3352064,24,3352088
28146,3352145,44,3352189
28147,3352306,10,3352316
28148,3352352,10,3352362
28149,3352440,39,3352479
28150,3352620,17,3352637
28151,3352722,4,3352726
28152,3352729,13,3352742
28153,3352764,14,3352778
28154,3352785,18,3352803
28155,3352861,5,3352866
28156,3352980,9,3352989
28157,3352992,9,3353001
28158,3353005,15,3353020
28159,3353047,7,3353054
28160,3353107,19,3353126
28161,3353216,33,3353249
28162,3353277,36,3353313
28163,3353418,9,3353427
28164,3353983,1,3353984
28165,3354012,32,3354044
28166,3354057,8,3354065
28167,3354129,25,3354154
28168,3354217,37,3354254
28169,3354272,26,3354298
28170,3354303,43,3354346
28171,3354429,3,3354432
28172,3354516,49,3354565
28173,3354602,25,3354627
28174,3354708,19,3354727
28175,3354801,13,3354814
28176,3354863,8,3354871
28177,3354882,73,3354955
28178,3354961,15,3354976
28179,3354998,23,3355021
28180,3355167,13,3355180
28181,3355228,18,3355246
28182,3355349,8,3355357
28183,3355378,34,3355412
28184,3355466,17,3355483
28185,3355669,2,3355671
28186,3355718,13,3355731
28187,3355744,20,3355764
28188,3355795,44,3355839
28189,3355851,1,3355852
28190,3355891,13,3355904
28191,3355974,51,3356025
28192,3356113,6,3356119
28193,3356182,1,3356183
28194,3356296,72,3356368
28195,3356371,11,3356382
28196,3356617,135,3356752
28197,3356807,8,3356815
28198,3356896,47,3356943
28199,3357007,16,3357023
28200,3357146,25,3357171
28201,3357197,14,3357211
28202,3357391,25,3357416
28203,3357462,20,3357482
28204,3357524,5,3357529
28205,3357688,11,3357699
28206,3357713,17,3357730
28207,3357810,19,3357829
28208,3357866,57,3357923
28209,3358078,1,3358079
28210,3358342,2,3358344
28211,3358489,54,3358543
28212,3358764,6,3358770
28213,3358801,4,3358805
28214,3358930,6,3358936
28215,3359047,1,3359048
28216,3359383,27,3359410
28217,3359440,31,3359471
28218,3359984,2,3359986
28219,3360034,7,3360041
28220,3360098,63,3360161
28221,3360187,4,3360191
28222,3360201,34,3360235
28223,3360606,6,3360612
28224,3361164,17,3361181
28225,3361201,77,3361278
28226,3361322,4,3361326
28227,3361360,31,3361391
28228,3361408,35,3361443
28229,3361628,9,3361637
28230,3361651,4,3361655
28231,3361719,34,3361753
28232,3361771,5,3361776
28233,3361832,36,3361868
28234,3361895,19,3361914
28235,3362004,23,3362027
28236,3362030,114,3362144
28237,3362217,9,3362226
28238,3362244,5,3362249
28239,3362458,58,3362516
28240,3362552,27,3362579
28241,3362599,34,3362633
28242,3362640,4,3362644
28243,3362811,30,3362841
28244,3362848,64,3362912
28245,3362983,11,3362994
28246,3363015,20,3363035
28247,3363049,34,3363083
28248,3363249,9,3363258
28249,3363456,6,3363462
28250,3363525,12,3363537
28251,3363605,35,3363640
28252,3363651,20,3363671
28253,3363730,11,3363741
28254,3363782,9,3363791
28255,3363794,10,3363804
28256,3364106,10,3364116
28257,3364142,19,3364161
28258,3364251,3,3364254
28259,3364283,5,3364288
28260,3364317,16,3364333
28261,3364864,9,3364873
28262,3364918,9,3364927
28263,3364955,95,3365050
28264,3365059,11,3365070
28265,3365100,16,3365116
28266,3365167,27,3365194
28267,3365223,3,3365226
28268,3365231,20,3365251
28269,3365406,25,3365431
28270,3365560,5,3365565
28271,3365940,10,3365950
28272,3365999,15,3366014
28273,3366034,4,3366038
28274,3366140,14,3366154
28275,3366242,28,3366270
28276,3366440,7,3366447
28277,3366531,43,3366574
28278,3366725,13,3366738
28279,3366761,1,3366762
28280,3366778,1,3366779
28281,3366851,30,3366881
28282,3366893,27,3366920
28283,3366958,17,3366975
28284,3367122,13,3367135
28285,3367347,14,3367361
28286,3367511,1,3367512
28287,3367566,47,3367613
28288,3367809,8,3367817
28289,3367906,22,3367928
28290,3367934,14,3367948
28291,3367956,31,3367987
28292,3368082,33,3368115
28293,3368238,37,3368275
28294,3368617,6,3368623
28295,3368715,5,3368720
28296,3368730,6,3368736
28297,3369041,19,3369060
28298,3369166,19,3369185
28299,3369342,9,3369351
28300,3369394,22,3369416
28301,3369440,5,3369445
28302,3369471,33,3369504
28303,3369633,23,3369656
28304,3369807,21,3369828
28305,3370060,3,3370063
28306,3370081,4,3370085
28307,3370271,64,3370335
28308,3370346,31,3370377
28309,3370443,10,3370453
28310,3370483,36,3370519
28311,3370557,51,3370608
28312,3370643,15,3370658
28313,3370661,81,3370742
28314,3370762,7,3370769
28315,3370885,28,3370913
28316,3371016,5,3371021
28317,3371037,10,3371047
28318,3371103,38,3371141
28319,3371184,2,3371186
28320,3371229,20,3371249
28321,3371497,3,3371500
28322,3371548,19,3371567
28323,3371617,14,3371631
28324,3371699,2,3371701
28325,3371744,24,3371768
28326,3371924,50,3371974
28327,3371987,35,3372022
28328,3372042,47,3372089
28329,3372315,11,3372326
28330,3372422,12,3372434
28331,3372472,22,3372494
28332,3372767,11,3372778
28333,3372861,18,3372879
28334,3372916,14,3372930
28335,3372994,1,3372995
28336,3373069,20,3373089
28337,3373390,36,3373426
28338,3373625,58,3373683
28339,3373788,1,3373789
28340,3373997,19,3374016
28341,3374031,6,3374037
28342,3374061,52,3374113
28343,3374225,49,3374274
28344,3374284,10,3374294
28345,3374391,1,3374392
28346,3374434,28,3374462
28347,3374464,14,3374478
28348,3374770,22,3374792
28349,3374871,9,3374880
28350,3375000,19,3375019
28351,3375333,5,3375338
28352,3375471,81,3375552
28353,3375783,40,3375823
28354,3375841,4,3375845
28355,3376036,28,3376064
28356,3376154,64,3376218
28357,3376244,2,3376246
28358,3376293,21,3376314
28359,3376616,5,3376621
28360,3376780,1,3376781
28361,3376787,24,3376811
28362,3377228,3,3377231
28363,3377282,7,3377289
28364,3377423,24,3377447
28365,3377561,33,3377594
28366,3377642,11,3377653
28367,3377777,14,3377791
28368,3377848,32,3377880
28369,3377957,33,3377990
28370,3378031,20,3378051
28371,3378131,5,3378136
28372,3378386,1,3378387
28373,3378504,9,3378513
28374,3378592,4,3378596
28375,3378758,9,3378767
28376,3378918,53,3378971
28377,3379021,44,3379065
28378,3379112,22,3379134
28379,3379173,47,3379220
28380,3379309,1,3379310
28381,3379995,7,3380002
28382,3380140,3,3380143
28383,3380174,13,3380187
28384,3380193,27,3380220
28385,3380255,15,3380270
28386,3380328,21,3380349
28387,3380472,22,3380494
28388,3380669,17,3380686
28389,3380688,10,3380698
28390,3380735,15,3380750
28391,3380857,1,3380858
28392,3380999,3,3381002
28393,3381023,6,3381029
28394,3381138,4,3381142
28395,3381163,18,3381181
28396,3381316,36,3381352
28397,3381357,15,3381372
28398,3381555,1,3381556
28399,3381620,59,3381679
28400,3381735,37,3381772
28401,3381787,40,3381827
28402,3381913,11,3381924
28403,3381926,1,3381927
28404,3381932,29,3381961
28405,3381976,43,3382019
28406,3382022,5,3382027
28407,3382241,15,3382256
28408,3382286,19,3382305
28409,3382317,4,3382321
28410,3382374,1,3382375
28411,3382475,91,3382566
28412,3382573,28,3382601
28413,3382603,13,3382616
28414,3382696,1,3382697
28415,3382756,39,3382795
28416,3382810,16,3382826
28417,3382986,13,3382999
28418,3383033,27,3383060
28419,3383163,89,3383252
28420,3383476,23,3383499
28421,3383569,20,3383589
28422,3383643,1,3383644
28423,3383789,45,3383834
28424,3384227,16,3384243
28425,3384251,44,3384295
28426,3384371,9,3384380
28427,3384506,5,3384511
28428,3384624,5,3384629
28429,3384645,4,3384649
28430,3384681,5,3384686
28431,3385011,27,3385038
28432,3385100,5,3385105
28433,3385110,12,3385122
28434,3385402,20,3385422
28435,3385447,16,3385463
28436,3385508,20,3385528
28437,3385613,11,3385624
28438,3385701,23,3385724
28439,3385810,3,3385813
28440,3385814,6,3385820
28441,3385867,58,3385925
28442,3385993,41,3386034
28443,3386086,11,3386097
28444,3386194,3,3386197
28445,3386366,43,3386409
28446,3386438,24,3386462
28447,3386801,29,3386830
28448,3386868,10,3386878
28449,3387015,25,3387040
28450,3387083,28,3387111
28451,3387284,13,3387297
28452,3387322,30,3387352
28453,3387356,28,3387384
28454,3387410,36,3387446
28455,3387524,9,3387533
28456,3387643,8,3387651
28457,3387886,5,3387891
28458,3387902,35,3387937
28459,3388016,8,3388024
28460,3388042,19,3388061
28461,3388124,1,3388125
28462,3388260,2,3388262
28463,3388292,12,3388304
28464,3388362,69,3388431
28465,3388460,41,3388501
28466,3388567,1,3388568
28467,3388722,52,3388774
28468,3388799,9,3388808
28469,3388988,23,3389011
28470,3389586,43,3389629
28471,3389630,18,3389648
28472,3389712,10,3389722
28473,3389729,11,3389740
28474,3389755,12,3389767
28475,3389788,13,3389801
28476,3389802,20,3389822
28477,3389868,4,3389872
28478,3389922,38,3389960
28479,3389989,7,3389996
28480,3390037,36,3390073
28481,3390138,18,3390156
28482,3390181,10,3390191
28483,3390248,17,3390265
28484,3390336,3,3390339
28485,3390355,13,3390368
28486,3390372,39,3390411
28487,3390453,24,3390477
28488,3390626,9,3390635
28489,3390736,37,3390773
28490,3391003,31,3391034
28491,3391047,5,3391052
28492,3391116,16,3391132
28493,3391529,9,3391538
28494,3391543,21,3391564
28495,3391687,54,3391741
28496,3391792,4,3391796
28497,3391797,16,3391813
28498,3391864,74,3391938
28499,3392004,1,3392005
28500,3392198,4,3392202
28501,3392211,33,3392244
28502,3392347,19,3392366
28503,3392665,3,3392668
28504,3392856,3,3392859
28505,3393070,13,3393083
28506,3393188,20,3393208
28507,3393211,28,3393239
28508,3393477,14,3393491
28509,3393606,6,3393612
28510,3393680,17,3393697
28511,3393714,8,3393722
28512,3393852,24,3393876
28513,3394023,11,3394034
28514,3394069,60,3394129
28515,3394131,7,3394138
28516,3394318,22,3394340
28517,3394380,9,3394389
28518,3394427,50,3394477
28519,3394500,51,3394551
28520,3394563,13,3394576
28521,3394586,2,3394588
28522,3394634,32,3394666
28523,3395015,9,3395024
28524,3395090,37,3395127
28525,3395148,16,3395164
28526,3395188,31,3395219
28527,3395233,19,3395252
28528,3395255,6,3395261
28529,3395307,10,3395317
28530,3395609,6,3395615
28531,3395723,69,3395792
28532,3395992,22,3396014
28533,3396019,7,3396026
28534,3396042,40,3396082
28535,3396466,52,3396518
28536,3396648,22,3396670
28537,3396764,1,3396765
28538,3396775,25,3396800
28539,3397048,10,3397058
28540,3397132,9,3397141
28541,3397155,74,3397229
28542,3397248,9,3397257
28543,3397303,23,3397326
28544,3397403,4,3397407
28545,3397408,1,3397409
28546,3397640,15,3397655
28547,3397681,19,3397700
28548,3397713,3,3397716
28549,3397744,19,3397763
28550,3397766,13,3397779
28551,3397792,8,3397800
28552,3397835,23,3397858
28553,3398112,14,3398126
28554,3398179,2,3398181
28555,3398196,9,3398205
28556,3398295,38,3398333
28557,3398436,33,3398469
28558,3398506,28,3398534
28559,3398654,2,3398656
28560,3398662,13,3398675
28561,3398793,86,3398879
28562,3398914,4,3398918
28563,3399022,99,3399121
28564,3399392,17,3399409
28565,3399581,9,3399590
28566,3399621,3,3399624
28567,3399655,21,3399676
28568,3399678,2,3399680
28569,3399707,34,3399741
28570,3399742,20,3399762
28571,3400173,16,3400189
28572,3400371,23,3400394
28573,3400532,15,3400547
28574,3400578,33,3400611
28575,3400720,11,3400731
28576,3400733,34,3400767
28577,3400925,54,3400979
28578,3400981,32,3401013
28579,3401280,8,3401288
28580,3401320,7,3401327
28581,3401437,11,3401448
28582,3401544,7,3401551
28583,3401588,2,3401590
28584,3401624,2,3401626
28585,3401651,51,3401702
28586,3401747,34,3401781
28587,3401802,2,3401804
28588,3401853,10,3401863
28589,3402001,17,3402018
28590,3402065,6,3402071
28591,3402102,17,3402119
28592,3402133,1,3402134
28593,3402365,26,3402391
28594,3402499,34,3402533
28595,3402684,10,3402694
28596,3402738,34,3402772
28597,3402907,9,3402916
28598,3403015,33,3403048
28599,3403093,15,3403108
28600,3403218,1,3403219
28601,3403284,40,3403324
28602,3403325,15,3403340
28603,3403415,20,3403435
28604,3403643,86,3403729
28605,3403884,6,3403890
28606,3403927,17,3403944
28607,3403984,10,3403994
28608,3404097,27,3404124
28609,3404367,6,3404373
28610,3404451,9,3404460
28611,3404494,6,3404500
28612,3404589,13,3404602
28613,3404836,17,3404853
28614,3405033,8,3405041
28615,3405048,17,3405065
28616,3405168,5,3405173
28617,3405436,1,3405437
28618,3405529,31,3405560
28619,3405706,55,3405761
28620,3405898,10,3405908
28621,3405957,27,3405984
28622,3406133,8,3406141
28623,3406202,16,3406218
28624,3406378,11,3406389
28625,3406408,25,3406433
28626,3406480,17,3406497
28627,3406685,9,3406694
28628,3406741,8,3406749
28629,3406984,49,3407033
28630,3407043,6,3407049
28631,3407136,3,3407139
28632,3407211,8,3407219
28633,3407385,21,3407406
28634,3407453,32,3407485
28635,3407536,24,3407560
28636,3407674,5,3407679
28637,3407708,22,3407730
28638,3407923,8,3407931
28639,3407974,8,3407982
28640,3407994,6,3408000
28641,3408023,1,3408024
28642,3408502,4,3408506
28643,3408654,2,3408656
28644,3408874,13,3408887
28645,3409175,32,3409207
28646,3409353,13,3409366
28647,3409566,20,3409586
28648,3409596,21,3409617
28649,3409623,4,3409627
28650,3409635,4,3409639
28651,3409656,8,3409664
28652,3409722,27,3409749
28653,3409915,4,3409919
28654,3410080,19,3410099
28655,3410331,23,3410354
28656,3410634,5,3410639
28657,3410760,28,3410788
28658,3410873,38,3410911
28659,3410916,4,3410920
28660,3411026,3,3411029
28661,3411251,37,3411288
28662,3411311,22,3411333
28663,3411420,36,3411456
28664,3411486,20,3411506
28665,3411530,16,3411546
28666,3411833,13,3411846
28667,3411931,2,3411933
28668,3411955,18,3411973
28669,3412063,12,3412075
28670,3412162,59,3412221
28671,3412295,105,3412400
28672,3412432,41,3412473
28673,3412486,17,3412503
28674,3412579,3,3412582
28675,3412654,8,3412662
28676,3412807,12,3412819
28677,3412902,2,3412904
28678,3413074,9,3413083
28679,3413248,10,3413258
28680,3413354,16,3413370
28681,3413590,6,3413596
28682,3413660,10,3413670
28683,3413758,1,3413759
28684,3413892,11,3413903
28685,3413946,7,3413953
28686,3413959,38,3413997
28687,3414272,6,3414278
28688,3414293,9,3414302
28689,3414346,19,3414365
28690,3414371,44,3414415
28691,3414468,9,3414477
28692,3414560,26,3414586
28693,3414711,25,3414736
28694,3414788,26,3414814
28695,3415078,51,3415129
28696,3415133,17,3415150
28697,3415276,10,3415286
28698,3415370,75,3415445
28699,3415667,12,3415679
28700,3415738,25,3415763
28701,3415780,5,3415785
28702,3415810,31,3415841
28703,3415854,21,3415875
28704,3415962,15,3415977
28705,3416283,20,3416303
28706,3416367,11,3416378
28707,3416463,15,3416478
28708,3416482,2,3416484
28709,3416557,21,3416578
28710,3416606,7,3416613
28711,3416683,4,3416687
28712,3416811,13,3416824
28713,3416894,22,3416916
28714,3417463,2,3417465
28715,3417468,6,3417474
28716,3417965,40,3418005
28717,3418118,6,3418124
28718,3418282,39,3418321
28719,3418323,7,3418330
28720,3418392,4,3418396
28721,3418413,15,3418428
28722,3418431,9,3418440
28723,3418602,17,3418619
28724,3418620,34,3418654
28725,3418705,27,3418732
28726,3419089,21,3419110
28727,3419568,11,3419579
28728,3419743,27,3419770
28729,3419977,31,3420008
28730,3420037,11,3420048
28731,3420092,38,3420130
28732,3420256,17,3420273
28733,3420410,3,3420413
28734,3420962,8,3420970
28735,3420977,4,3420981
28736,3421032,2,3421034
28737,3421073,19,3421092
28738,3421266,38,3421304
28739,3421362,13,3421375
28740,3421524,3,3421527
28741,3421629,34,3421663
28742,3421697,25,3421722
28743,3421784,9,3421793
28744,3421832,12,3421844
28745,3422228,22,3422250
28746,3422449,6,3422455
28747,3422765,12,3422777
28748,3422817,1,3422818
28749,3422919,17,3422936
28750,3422943,16,3422959
28751,3423096,6,3423102
28752,3423230,4,3423234
28753,3423304,18,3423322
28754,3423402,26,3423428
28755,3423535,12,3423547
28756,3423594,8,3423602
28757,3423743,47,3423790
28758,3423796,16,3423812
28759,3423882,7,3423889
28760,3423891,34,3423925
28761,3424003,3,3424006
28762,3424032,13,3424045
28763,3424124,21,3424145
28764,3424151,31,3424182
28765,3424282,17,3424299
28766,3424368,5,3424373
28767,3424386,6,3424392
28768,3424395,16,3424411
28769,3424506,28,3424534
28770,3424548,46,3424594
28771,3424747,11,3424758
28772,3424813,56,3424869
28773,3424992,22,3425014
28774,3425069,25,3425094
28775,3425210,26,3425236
28776,3425413,7,3425420
28777,3425492,12,3425504
28778,3426047,95,3426142
28779,3426191,3,3426194
28780,3426332,7,3426339
28781,3426561,1,3426562
28782,3426630,1,3426631
28783,3426897,9,3426906
28784,3427095,16,3427111
28785,3427214,38,3427252
28786,3427276,1,3427277
28787,3427299,9,3427308
28788,3427343,29,3427372
28789,3427399,3,3427402
28790,3427423,11,3427434
28791,3427545,18,3427563
28792,3427618,25,3427643
28793,3427865,3,3427868
28794,3428221,12,3428233
28795,3428315,35,3428350
28796,3428407,1,3428408
28797,3428661,27,3428688
28798,3428861,62,3428923
28799,3429056,18,3429074
28800,3429113,9,3429122
28801,3429182,20,3429202
28802,3429208,5,3429213
28803,3429236,38,3429274
28804,3429293,20,3429313
28805,3429366,3,3429369
28806,3429471,34,3429505
28807,3429538,11,3429549
28808,3429605,17,3429622
28809,3429702,19,3429721
28810,3429780,12,3429792
28811,3429927,28,3429955
28812,3430007,24,3430031
28813,3430098,17,3430115
28814,3430181,14,3430195
28815,3430428,33,3430461
28816,3430493,31,3430524
28817,3430675,3,3430678
28818,3430698,51,3430749
28819,3430821,3,3430824
28820,3430901,11,3430912
28821,3431037,50,3431087
28822,3431234,16,3431250
28823,3431654,2,3431656
28824,3431896,1,3431897
28825,3432081,10,3432091
28826,3432507,14,3432521
28827,3432596,28,3432624
28828,3432794,26,3432820
28829,3433042,7,3433049
28830,3433424,54,3433478
28831,3433640,45,3433685
28832,3433783,28,3433811
28833,3434036,3,3434039
28834,3434043,32,3434075
28835,3434081,12,3434093
28836,3434437,23,3434460
28837,3434663,41,3434704
28838,3434783,4,3434787
28839,3434794,2,3434796
28840,3434798,23,3434821
28841,3435020,10,3435030
28842,3435145,25,3435170
28843,3435218,23,3435241
28844,3435376,26,3435402
28845,3435464,42,3435506
28846,3435599,72,3435671
28847,3435731,40,3435771
28848,3435829,9,3435838
28849,3435965,56,3436021
28850,3436225,66,3436291
28851,3436296,4,3436300
28852,3436769,6,3436775
28853,3436778,104,3436882
28854,3436906,11,3436917
28855,3436989,4,3436993
28856,3437016,24,3437040
28857,3437167,43,3437210
28858,3437216,40,3437256
28859,3437306,4,3437310
28860,3437385,4,3437389
28861,3437452,14,3437466
28862,3437581,14,3437595
28863,3437800,4,3437804
28864,3437848,25,3437873
28865,3438007,3,3438010
28866,3438052,6,3438058
28867,3438080,4,3438084
28868,3438132,16,3438148
28869,3438252,22,3438274
28870,3438540,3,3438543
28871,3438589,46,3438635
28872,3438767,18,3438785
28873,3439186,4,3439190
28874,3439226,2,3439228
28875,3439254,9,3439263
28876,3439285,19,3439304
28877,3439409,38,3439447
28878,3439480,24,3439504
28879,3439692,19,3439711
28880,3439827,10,3439837
28881,3439908,13,3439921
28882,3439975,5,3439980
28883,3440074,36,3440110
28884,3440215,7,3440222
28885,3440273,27,3440300
28886,3440397,16,3440413
28887,3440429,1,3440430
28888,3440472,47,3440519
28889,3440604,14,3440618
28890,3440624,24,3440648
28891,3440677,30,3440707
28892,3440711,5,3440716
28893,3440883,28,3440911
28894,3440973,16,3440989
28895,3441008,6,3441014
28896,3441085,36,3441121
28897,3441133,16,3441149
28898,3441334,3,3441337
28899,3441588,7,3441595
28900,3441601,29,3441630
28901,3441660,1,3441661
28902,3441842,5,3441847
28903,3441928,8,3441936
28904,3442062,56,3442118
28905,3442226,15,3442241
28906,3442322,41,3442363
28907,3442694,10,3442704
28908,3442821,3,3442824
28909,3443091,64,3443155
28910,3443206,16,3443222
28911,3443289,4,3443293
28912,3443639,1,3443640
28913,3443892,18,3443910
28914,3444013,23,3444036
28915,3444179,22,3444201
28916,3444340,6,3444346
28917,3444570,10,3444580
28918,3444732,21,3444753
28919,3444801,2,3444803
28920,3444806,3,3444809
28921,3444818,41,3444859
28922,3444867,15,3444882
28923,3445029,4,3445033
28924,3445136,19,3445155
28925,3445233,12,3445245
28926,3445325,30,3445355
28927,3445516,39,3445555
28928,3445670,8,3445678
28929,3445704,2,3445706
28930,3445774,34,3445808
28931,3445891,22,3445913
28932,3445921,52,3445973
28933,3445974,25,3445999
28934,3446034,12,3446046
28935,3446163,25,3446188
28936,3446220,22,3446242
28937,3446270,2,3446272
28938,3446430,27,3446457
28939,3446479,2,3446481
28940,3446650,4,3446654
28941,3446676,2,3446678
28942,3446746,40,3446786
28943,3446824,15,3446839
28944,3446884,86,3446970
28945,3447031,28,3447059
28946,3447117,48,3447165
28947,3447276,13,3447289
28948,3447317,9,3447326
28949,3447414,1,3447415
28950,3447613,12,3447625
28951,3447827,7,3447834
28952,3448005,2,3448007
28953,3448037,23,3448060
28954,3448331,24,3448355
28955,3448441,28,3448469
28956,3448605,20,3448625
28957,3448693,2,3448695
28958,3448703,77,3448780
28959,3448831,1,3448832
28960,3448967,1,3448968
28961,3449210,92,3449302
28962,3449452,13,3449465
28963,3449507,23,3449530
28964,3449542,11,3449553
28965,3449645,30,3449675
28966,3449738,19,3449757
28967,3449794,73,3449867
28968,3449942,54,3449996
28969,3450078,2,3450080
28970,3450104,38,3450142
28971,3450179,5,3450184
28972,3450305,32,3450337
28973,3450355,14,3450369
28974,3450596,41,3450637
28975,3450664,28,3450692
28976,3450704,15,3450719
28977,3450890,18,3450908
28978,3450911,59,3450970
28979,3450977,27,3451004
28980,3451061,6,3451067
28981,3451131,3,3451134
28982,3451232,6,3451238
28983,3451494,37,3451531
28984,3451700,16,3451716
28985,3451844,3,3451847
28986,3451885,5,3451890
28987,3452020,9,3452029
28988,3452045,25,3452070
28989,3452327,2,3452329
28990,3452338,18,3452356
28991,3452447,10,3452457
28992,3452470,6,3452476
28993,3452486,1,3452487
28994,3452507,31,3452538
28995,3452597,2,3452599
28996,3452648,25,3452673
28997,3452748,15,3452763
28998,3452790,7,3452797
28999,3453003,15,3453018
29000,3453077,1,3453078
29001,3453133,31,3453164
29002,3453234,76,3453310
29003,3453351,3,3453354
29004,3453371,36,3453407
29005,3453537,1,3453538
29006,3453587,15,3453602
29007,3453641,29,3453670
29008,3453699,35,3453734
29009,3453766,19,3453785
29010,3453922,27,3453949
29011,3453950,13,3453963
29012,3454036,16,3454052
29013,3454215,15,3454230
29014,3454337,15,3454352
29015,3454433,2,3454435
29016,3454511,4,3454515
29017,3454648,1,3454649
29018,3454652,15,3454667
29019,3454703,5,3454708
29020,3454814,8,3454822
29021,3454892,30,3454922
29022,3455017,1,3455018
29023,3455028,29,3455057
29024,3455132,4,3455136
29025,3455253,8,3455261
29026,3455577,13,3455590
29027,3455862,17,3455879
29028,3455997,6,3456003
29029,3456125,23,3456148
29030,3456182,10,3456192
29031,3456196,8,3456204
29032,3456332,8,3456340
29033,3456616,22,3456638
29034,3456653,8,3456661
29035,3456670,9,3456679
29036,3456723,11,3456734
29037,3456908,51,3456959
29038,3457065,3,3457068
29039,3457182,5,3457187
29040,3457393,2,3457395
29041,3457521,13,3457534
29042,3457664,1,3457665
29043,3457676,19,3457695
29044,3457733,45,3457778
29045,3457807,10,3457817
29046,3457926,16,3457942
29047,3458082,12,3458094
29048,3458158,5,3458163
29049,3458290,23,3458313
29050,3458436,28,3458464
29051,3458516,8,3458524
29052,3458582,34,3458616
29053,3458905,18,3458923
29054,3459169,11,3459180
29055,3459204,17,3459221
29056,3459474,48,3459522
29057,3459696,9,3459705
29058,3459717,23,3459740
29059,3459775,11,3459786
29060,3459902,73,3459975
29061,3460072,11,3460083
29062,3460148,3,3460151
29063,3460301,6,3460307
29064,3460499,4,3460503
29065,3460594,4,3460598
29066,3460705,7,3460712
29067,3460835,3,3460838
29068,3460850,73,3460923
29069,3460972,16,3460988
29070,3461236,69,3461305
29071,3461326,17,3461343
29072,3461358,39,3461397
29073,3461406,27,3461433
29074,3461507,11,3461518
29075,3461621,8,3461629
29076,3461795,2,3461797
29077,3461830,26,3461856
29078,3461945,21,3461966
29079,3461969,6,3461975
29080,3461977,11,3461988
29081,3462009,2,3462011
29082,3462173,2,3462175
29083,3462178,1,3462179
29084,3462337,32,3462369
29085,3462389,45,3462434
29086,3462940,12,3462952
29087,3463029,2,3463031
29088,3463058,3,3463061
29089,3463116,7,3463123
29090,3463167,33,3463200
29091,3463226,1,3463227
29092,3463292,11,3463303
29093,3463319,14,3463333
29094,3463675,22,3463697
29095,3463715,12,3463727
29096,3463894,48,3463942
29097,3464064,11,3464075
29098,3464228,2,3464230
29099,3464295,24,3464319
29100,3464427,5,3464432
29101,3464434,20,3464454
29102,3464618,13,3464631
29103,3464757,23,3464780
29104,3464852,25,3464877
29105,3464911,18,3464929
29106,3465014,1,3465015
29107,3465018,16,3465034
29108,3465051,14,3465065
29109,3465107,10,3465117
29110,3465183,27,3465210
29111,3465221,8,3465229
29112,3465257,16,3465273
29113,3465448,5,3465453
29114,3465556,26,3465582
29115,3465763,10,3465773
29116,3465831,91,3465922
29117,3465950,17,3465967
29118,3465968,41,3466009
29119,3466036,36,3466072
29120,3466175,3,3466178
29121,3466189,14,3466203
29122,3466294,17,3466311
29123,3466355,12,3466367
29124,3466445,24,3466469
29125,3466630,1,3466631
29126,3466822,34,3466856
29127,3466872,3,3466875
29128,3466881,9,3466890
29129,3466953,8,3466961
29130,3467075,37,3467112
29131,3467244,7,3467251
29132,3467643,3,3467646
29133,3467764,63,3467827
29134,3467983,13,3467996
29135,3468011,52,3468063
29136,3468254,36,3468290
29137,3468295,16,3468311
29138,3468402,16,3468418
29139,3468855,73,3468928
29140,3469025,4,3469029
29141,3469148,10,3469158
29142,3469386,16,3469402
29143,3469412,11,3469423
29144,3469460,56,3469516
29145,3469700,10,3469710
29146,3469884,13,3469897
29147,3469950,12,3469962
29148,3469999,10,3470009
29149,3470073,22,3470095
29150,3470152,11,3470163
29151,3470215,67,3470282
29152,3470329,22,3470351
29153,3470388,7,3470395
29154,3470716,5,3470721
29155,3470730,13,3470743
29156,3470949,12,3470961
29157,3471011,7,3471018
29158,3471094,49,3471143
29159,3471201,15,3471216
29160,3471232,28,3471260
29161,3471322,5,3471327
29162,3471487,9,3471496
29163,3471822,1,3471823
29164,3472069,8,3472077
29165,3472184,70,3472254
29166,3472275,1,3472276
29167,3472315,22,3472337
29168,3472476,49,3472525
29169,3472884,13,3472897
29170,3473062,12,3473074
29171,3473239,4,3473243
29172,3473259,23,3473282
29173,3473443,20,3473463
29174,3473525,17,3473542
29175,3473736,10,3473746
29176,3473826,23,3473849
29177,3473869,3,3473872
29178,3474154,20,3474174
29179,3474188,2,3474190
29180,3474267,3,3474270
29181,3474372,70,3474442
29182,3474496,5,3474501
29183,3474621,42,3474663
29184,3474779,16,3474795
29185,3474850,10,3474860
29186,3474897,15,3474912
29187,3474970,13,3474983
29188,3475649,15,3475664
29189,3476044,39,3476083
29190,3476145,36,3476181
29191,3476453,9,3476462
29192,3476504,2,3476506
29193,3476619,2,3476621
29194,3477290,90,3477380
29195,3477395,34,3477429
29196,3477584,13,3477597
29197,3477643,48,3477691
29198,3477860,10,3477870
29199,3477944,2,3477946
29200,3478135,7,3478142
29201,3478146,2,3478148
29202,3478240,29,3478269
29203,3478278,9,3478287
29204,3478359,6,3478365
29205,3478371,13,3478384
29206,3478394,13,3478407
29207,3478467,8,3478475
29208,3478509,46,3478555
29209,3478600,9,3478609
29210,3478650,73,3478723
29211,3478759,3,3478762
29212,3478863,2,3478865
29213,3478894,11,3478905
29214,3479001,7,3479008
29215,3479047,41,3479088
29216,3479287,13,3479300
29217,3479353,29,3479382
29218,3479584,21,3479605
29219,3479990,5,3479995
29220,3480192,39,3480231
29221,3480352,27,3480379
29222,3480451,8,3480459
29223,3480515,38,3480553
29224,3480802,3,3480805
29225,3480873,10,3480883
29226,3480902,4,3480906
29227,3481055,7,3481062
29228,3481198,1,3481199
29229,3481330,15,3481345
29230,3481530,6,3481536
29231,3481572,2,3481574
29232,3481775,22,3481797
29233,3481802,40,3481842
29234,3481892,8,3481900
29235,3482081,7,3482088
29236,3482098,47,3482145
29237,3482297,4,3482301
29238,3482386,19,3482405
29239,3482446,29,3482475
29240,3482524,4,3482528
29241,3482546,2,3482548
29242,3482575,26,3482601
29243,3482760,34,3482794
29244,3482891,13,3482904
29245,3482971,3,3482974
29246,3483091,19,3483110
29247,3483112,33,3483145
29248,3483603,7,3483610
29249,3483654,39,3483693
29250,3483722,2,3483724
29251,3483855,15,3483870
29252,3483946,56,3484002
29253,3484097,3,3484100
29254,3484129,95,3484224
29255,3484227,9,3484236
29256,3484464,27,3484491
29257,3484669,17,3484686
29258,3484767,8,3484775
29259,3485044,28,3485072
29260,3485398,10,3485408
29261,3485411,9,3485420
29262,3485459,12,3485471
29263,3485886,21,3485907
29264,3486125,2,3486127
29265,3486139,42,3486181
29266,3486204,4,3486208
29267,3486249,4,3486253
29268,3486611,12,3486623
29269,3486709,18,3486727
29270,3486779,25,3486804
29271,3486815,28,3486843
29272,3487009,10,3487019
29273,3487061,10,3487071
29274,3487122,94,3487216
29275,3487290,18,3487308
29276,3487563,47,3487610
29277,3487964,21,3487985
29278,3488039,47,3488086
29279,3488094,12,3488106
29280,3488109,55,3488164
29281,3488228,37,3488265
29282,3488294,4,3488298
29283,3488492,21,3488513
29284,3488516,36,3488552
29285,3488632,7,3488639
29286,3488705,9,3488714
29287,3488801,15,3488816
29288,3488903,8,3488911
29289,3488963,14,3488977
29290,3489142,8,3489150
29291,3489451,12,3489463
29292,3489552,32,3489584
29293,3489646,10,3489656
29294,3489695,11,3489706
29295,3489903,25,3489928
29296,3490121,27,3490148
29297,3490158,5,3490163
29298,3490185,85,3490270
29299,3490462,6,3490468
29300,3490588,2,3490590
29301,3490700,6,3490706
29302,3490793,1,3490794
29303,3491108,24,3491132
29304,3491136,13,3491149
29305,3491333,25,3491358
29306,3491404,21,3491425
29307,3491438,34,3491472
29308,3491636,6,3491642
29309,3491708,10,3491718
29310,3491751,44,3491795
29311,3491904,24,3491928
29312,3491977,25,3492002
29313,3492006,53,3492059
29314,3492074,8,3492082
29315,3492151,1,3492152
29316,3492183,2,3492185
29317,3492204,42,3492246
29318,3492331,2,3492333
29319,3492482,4,3492486
29320,3492564,16,3492580
29321,3492644,31,3492675
29322,3492755,22,3492777
29323,3492865,9,3492874
29324,3493043,27,3493070
29325,3493072,55,3493127
29326,3493265,14,3493279
29327,3493331,11,3493342
29328,3493363,27,3493390
29329,3493411,32,3493443
29330,3493484,15,3493499
29331,3493538,1,3493539
29332,3493588,35,3493623
29333,3493868,45,3493913
29334,3493960,14,3493974
29335,3493990,74,3494064
29336,3494571,35,3494606
29337,3494609,30,3494639
29338,3494718,51,3494769
29339,3494805,10,3494815
29340,3494894,43,3494937
29341,3495041,6,3495047
29342,3495120,22,3495142
29343,3495231,27,3495258
29344,3495267,17,3495284
29345,3495368,32,3495400
29346,3495680,7,3495687
29347,3495874,6,3495880
29348,3495928,26,3495954
29349,3495960,32,3495992
29350,3496432,8,3496440
29351,3496794,73,3496867
29352,3496987,34,3497021
29353,3497210,4,3497214
29354,3497296,4,3497300
29355,3497324,28,3497352
29356,3497387,85,3497472
29357,3497477,10,3497487
29358,3497620,7,3497627
29359,3497650,4,3497654
29360,3497703,5,3497708
29361,3497769,8,3497777
29362,3498093,9,3498102
29363,3498208,7,3498215
29364,3498392,25,3498417
29365,3498458,11,3498469
29366,3498559,30,3498589
29367,3498700,40,3498740
29368,3498876,1,3498877
29369,3498886,58,3498944
29370,3498955,26,3498981
29371,3499104,17,3499121
29372,3499122,5,3499127
29373,3499192,35,3499227
29374,3499418,1,3499419
29375,3499425,8,3499433
29376,3499481,9,3499490
29377,3499603,28,3499631
29378,3499843,25,3499868
29379,3500110,2,3500112
29380,3500173,10,3500183
29381,3500213,1,3500214
29382,3500278,10,3500288
29383,3500618,1,3500619
29384,3500684,33,3500717
29385,3500722,61,3500783
29386,3500818,18,3500836
29387,3500865,8,3500873
29388,3501055,67,3501122
29389,3501186,42,3501228
29390,3501237,46,3501283
29391,3501289,13,3501302
29392,3501315,34,3501349
29393,3501433,35,3501468
29394,3501487,15,3501502
29395,3501603,22,3501625
29396,3501632,19,3501651
29397,3501848,4,3501852
29398,3501859,32,3501891
29399,3501893,1,3501894
29400,3501928,13,3501941
29401,3501988,36,3502024
29402,3502154,12,3502166
29403,3502190,10,3502200
29404,3502212,6,3502218
29405,3502468,17,3502485
29406,3502523,7,3502530
29407,3502657,7,3502664
29408,3502669,11,3502680
29409,3502764,3,3502767
29410,3502808,21,3502829
29411,3502832,3,3502835
29412,3502855,10,3502865
29413,3503045,22,3503067
29414,3503303,4,3503307
29415,3503468,12,3503480
29416,3503499,1,3503500
29417,3503565,1,3503566
29418,3503657,10,3503667
29419,3503744,5,3503749
29420,3503751,9,3503760
29421,3503789,14,3503803
29422,3503835,10,3503845
29423,3503982,55,3504037
29424,3504270,14,3504284
29425,3504307,5,3504312
29426,3504373,4,3504377
29427,3504417,1,3504418
29428,3504441,12,3504453
29429,3504749,13,3504762
29430,3504855,17,3504872
29431,3505130,15,3505145
29432,3505222,12,3505234
29433,3505238,26,3505264
29434,3505289,4,3505293
29435,3505307,35,3505342
29436,3505582,8,3505590
29437,3505597,6,3505603
29438,3505697,17,3505714
29439,3505822,45,3505867
29440,3505909,61,3505970
29441,3505978,2,3505980
29442,3506025,21,3506046
29443,3506096,31,3506127
29444,3506182,5,3506187
29445,3506281,5,3506286
29446,3506811,60,3506871
29447,3506882,71,3506953
29448,3507161,7,3507168
29449,3507250,6,3507256
29450,3507707,6,3507713
29451,3507800,15,3507815
29452,3507985,7,3507992
29453,3508108,19,3508127
29454,3508187,10,3508197
29455,3508240,1,3508241
29456,3508246,2,3508248
29457,3508381,7,3508388
29458,3508500,19,3508519
29459,3508547,3,3508550
29460,3508598,11,3508609
29461,3508652,15,3508667
29462,3508793,8,3508801
29463,3508806,8,3508814
29464,3508832,12,3508844
29465,3508921,22,3508943
29466,3508955,16,3508971
29467,3509253,10,3509263
29468,3509342,25,3509367
29469,3509752,19,3509771
29470,3509785,43,3509828
29471,3509936,13,3509949
29472,3509986,18,3510004
29473,3510026,6,3510032
29474,3510079,5,3510084
29475,3510146,7,3510153
29476,3510181,31,3510212
29477,3510290,1,3510291
29478,3510575,3,3510578
29479,3510587,37,3510624
29480,3510669,2,3510671
29481,3510994,22,3511016
29482,3511113,2,3511115
29483,3511191,47,3511238
29484,3511324,17,3511341
29485,3511543,6,3511549
29486,3511653,5,3511658
29487,3511664,3,3511667
29488,3511731,54,3511785
29489,3511867,10,3511877
29490,3511906,30,3511936
29491,3511941,44,3511985
29492,3512025,29,3512054
29493,3512064,18,3512082
29494,3512184,4,3512188
29495,3512558,27,3512585
29496,3512641,1,3512642
29497,3512879,2,3512881
29498,3512902,22,3512924
29499,3513075,20,3513095
29500,3513243,6,3513249
29501,3513279,11,3513290
29502,3513297,12,3513309
29503,3513357,1,3513358
29504,3513361,5,3513366
29505,3513476,46,3513522
29506,3513717,9,3513726
29507,3513921,43,3513964
29508,3514202,8,3514210
29509,3514224,29,3514253
29510,3514488,35,3514523
29511,3514563,12,3514575
29512,3514818,4,3514822
29513,3514854,42,3514896
29514,3514949,16,3514965
29515,3515111,19,3515130
29516,3515211,57,3515268
29517,3515357,68,3515425
29518,3515561,28,3515589
29519,3515592,5,3515597
29520,3515667,24,3515691
29521,3515723,26,3515749
29522,3515908,6,3515914
29523,3516200,49,3516249
29524,3516252,22,3516274
29525,3516442,13,3516455
29526,3516500,7,3516507
29527,3516512,26,3516538
29528,3516664,8,3516672
29529,3516706,11,3516717
29530,3516944,5,3516949
29531,3517041,18,3517059
29532,3517237,33,3517270
29533,3517320,12,3517332
29534,3517540,2,3517542
29535,3517545,29,3517574
29536,3517612,5,3517617
29537,3517679,2,3517681
29538,3517721,3,3517724
29539,3517740,12,3517752
29540,3517761,26,3517787
29541,3518024,50,3518074
29542,3518085,10,3518095
29543,3518168,7,3518175
29544,3518252,34,3518286
29545,3518329,33,3518362
29546,3518364,26,3518390
29547,3518409,4,3518413
29548,3518591,18,3518609
29549,3518619,42,3518661
29550,3518713,3,3518716
29551,3518768,24,3518792
29552,3518850,1,3518851
29553,3518971,2,3518973
29554,3519006,12,3519018
29555,3519067,17,3519084
29556,3519215,5,3519220
29557,3519269,44,3519313
29558,3519338,33,3519371
29559,3519397,47,3519444
29560,3519575,18,3519593
29561,3519614,9,3519623
29562,3519636,8,3519644
29563,3519750,27,3519777
29564,3519964,11,3519975
29565,3520080,2,3520082
29566,3520094,8,3520102
29567,3520202,10,3520212
29568,3520217,10,3520227
29569,3520268,16,3520284
29570,3520316,3,3520319
29571,3520347,38,3520385
29572,3520391,15,3520406
29573,3520494,4,3520498
29574,3520515,8,3520523
29575,3520534,40,3520574
29576,3520579,27,3520606
29577,3520938,31,3520969
29578,3521045,20,3521065
29579,3521190,30,3521220
29580,3521355,29,3521384
29581,3521456,17,3521473
29582,3521617,30,3521647
29583,3521783,3,3521786
29584,3521827,1,3521828
29585,3521987,9,3521996
29586,3522072,56,3522128
29587,3522178,6,3522184
29588,3522270,12,3522282
29589,3522320,1,3522321
29590,3522520,23,3522543
29591,3522611,23,3522634
29592,3522698,28,3522726
29593,3522780,24,3522804
29594,3523081,23,3523104
29595,3523155,35,3523190
29596,3523309,34,3523343
29597,3523438,53,3523491
29598,3523543,4,3523547
29599,3523677,34,3523711
29600,3523723,29,3523752
29601,3524148,12,3524160
29602,3524323,7,3524330
29603,3524369,6,3524375
29604,3524398,14,3524412
29605,3524455,17,3524472
29606,3524486,2,3524488
29607,3524498,58,3524556
29608,3525040,5,3525045
29609,3525157,5,3525162
29610,3525337,1,3525338
29611,3525348,47,3525395
29612,3525418,30,3525448
29613,3525631,1,3525632
29614,3525783,2,3525785
29615,3525885,1,3525886
29616,3525909,28,3525937
29617,3525970,9,3525979
29618,3526184,35,3526219
29619,3526252,30,3526282
29620,3526300,8,3526308
29621,3526346,31,3526377
29622,3526403,29,3526432
29623,3526719,24,3526743
29624,3527028,80,3527108
29625,3527156,10,3527166
29626,3527229,16,3527245
29627,3527335,47,3527382
29628,3527499,35,3527534
29629,3527579,5,3527584
29630,3527586,15,3527601
29631,3527626,31,3527657
29632,3527686,34,3527720
29633,3527744,31,3527775
29634,3527870,39,3527909
29635,3528070,13,3528083
29636,3528214,112,3528326
29637,3528419,7,3528426
29638,3528625,4,3528629
29639,3528702,7,3528709
29640,3528714,8,3528722
29641,3528763,24,3528787
29642,3528878,25,3528903
29643,3528952,22,3528974
29644,3529017,15,3529032
29645,3529262,27,3529289
29646,3529483,16,3529499
29647,3529647,6,3529653
29648,3529724,16,3529740
29649,3529816,46,3529862
29650,3529907,16,3529923
29651,3530111,19,3530130
29652,3530176,24,3530200
29653,3530217,8,3530225
29654,3530350,1,3530351
29655,3530763,20,3530783
29656,3530785,23,3530808
29657,3530969,31,3531000
29658,3531033,4,3531037
29659,3531049,18,3531067
29660,3531090,22,3531112
29661,3531184,16,3531200
29662,3531288,16,3531304
29663,3531445,49,3531494
29664,3531548,11,3531559
29665,3531637,44,3531681
29666,3531726,9,3531735
29667,3531758,8,3531766
29668,3531780,3,3531783
29669,3531871,3,3531874
29670,3532049,7,3532056
29671,3532062,19,3532081
29672,3532084,20,3532104
29673,3532245,4,3532249
29674,3532300,6,3532306
29675,3532616,22,3532638
29676,3532644,58,3532702
29677,3532810,3,3532813
29678,3532863,9,3532872
29679,3532888,36,3532924
29680,3532939,9,3532948
29681,3533012,84,3533096
29682,3533110,22,3533132
29683,3533155,53,3533208
29684,3533238,15,3533253
29685,3533254,109,3533363
29686,3533410,1,3533411
29687,3533659,16,3533675
29688,3533878,25,3533903
29689,3534108,3,3534111
29690,3534139,2,3534141
29691,3534163,1,3534164
29692,3534477,20,3534497
29693,3534512,7,3534519
29694,3534540,17,3534557
29695,3534630,24,3534654
29696,3534657,21,3534678
29697,3534821,28,3534849
29698,3534961,8,3534969
29699,3535555,60,3535615
29700,3536184,12,3536196
29701,3536297,2,3536299
29702,3536423,5,3536428
29703,3536522,97,3536619
29704,3536984,15,3536999
29705,3537103,56,3537159
29706,3537165,24,3537189
29707,3537207,3,3537210
29708,3537374,2,3537376
29709,3537505,7,3537512
29710,3537527,15,3537542
29711,3537556,10,3537566
29712,3537688,36,3537724
29713,3537769,41,3537810
29714,3537821,18,3537839
29715,3537927,11,3537938
29716,3538016,18,3538034
29717,3538169,33,3538202
29718,3538315,5,3538320
29719,3538451,16,3538467
29720,3538683,18,3538701
29721,3538748,7,3538755
29722,3538810,8,3538818
29723,3538850,7,3538857
29724,3538989,6,3538995
29725,3539026,14,3539040
29726,3539068,7,3539075
29727,3539195,28,3539223
29728,3539362,3,3539365
29729,3539366,45,3539411
29730,3539423,42,3539465
29731,3539473,4,3539477
29732,3539865,5,3539870
29733,3539910,1,3539911
29734,3540005,6,3540011
29735,3540069,11,3540080
29736,3540189,2,3540191
29737,3540295,27,3540322
29738,3540389,6,3540395
29739,3540468,2,3540470
29740,3540840,6,3540846
29741,3541128,5,3541133
29742,3541172,8,3541180
29743,3541243,12,3541255
29744,3541352,9,3541361
29745,3541467,7,3541474
29746,3541560,33,3541593
29747,3541694,57,3541751
29748,3541754,13,3541767
29749,3541853,7,3541860
29750,3541976,43,3542019
29751,3542066,32,3542098
29752,3542102,31,3542133
29753,3542165,13,3542178
29754,3542209,14,3542223
29755,3542351,13,3542364
29756,3542450,11,3542461
29757,3542525,56,3542581
29758,3542728,4,3542732
29759,3542815,52,3542867
29760,3542958,10,3542968
29761,3542977,12,3542989
29762,3543036,19,3543055
29763,3543058,3,3543061
29764,3543331,31,3543362
29765,3543365,33,3543398
29766,3543425,18,3543443
29767,3543460,20,3543480
29768,3543496,33,3543529
29769,3543693,2,3543695
29770,3543721,25,3543746
29771,3543781,9,3543790
29772,3543861,7,3543868
29773,3543913,10,3543923
29774,3544145,4,3544149
29775,3544226,5,3544231
29776,3544240,8,3544248
29777,3544676,23,3544699
29778,3544742,22,3544764
29779,3544798,1,3544799
29780,3544928,14,3544942
29781,3545006,18,3545024
29782,3545070,20,3545090
29783,3545231,2,3545233
29784,3545294,17,3545311
29785,3545383,37,3545420
29786,3545509,11,3545520
29787,3545530,1,3545531
29788,3545730,32,3545762
29789,3545853,20,3545873
29790,3546045,37,3546082
29791,3546122,62,3546184
29792,3546244,34,3546278
29793,3546327,3,3546330
29794,3546400,28,3546428
29795,3546456,7,3546463
29796,3546650,13,3546663
29797,3546782,2,3546784
29798,3546929,32,3546961
29799,3546967,15,3546982
29800,3547062,22,3547084
29801,3547305,37,3547342
29802,3547398,38,3547436
29803,3547475,17,3547492
29804,3547770,11,3547781
29805,3547789,12,3547801
29806,3547863,25,3547888
29807,3547893,30,3547923
29808,3547927,30,3547957
29809,3548005,26,3548031
29810,3548095,6,3548101
29811,3548201,8,3548209
29812,3548272,33,3548305
29813,3548312,30,3548342
29814,3548382,14,3548396
29815,3548424,23,3548447
29816,3548662,36,3548698
29817,3548983,9,3548992
29818,3549031,33,3549064
29819,3549214,33,3549247
29820,3549404,40,3549444
29821,3549450,10,3549460
29822,3549503,7,3549510
29823,3549597,53,3549650
29824,3549673,29,3549702
29825,3549811,30,3549841
29826,3549849,19,3549868
29827,3549916,37,3549953
29828,3550006,66,3550072
29829,3550099,19,3550118
29830,3550228,33,3550261
29831,3550268,23,3550291
29832,3550308,2,3550310
29833,3550358,31,3550389
29834,3550490,16,3550506
29835,3550550,2,3550552
29836,3550608,32,3550640
29837,3550707,22,3550729
29838,3550789,5,3550794
29839,3550822,25,3550847
29840,3550933,107,3551040
29841,3551067,22,3551089
29842,3551228,25,3551253
29843,3551283,6,3551289
29844,3551303,41,3551344
29845,3551396,20,3551416
29846,3551485,27,3551512
29847,3551575,6,3551581
29848,3551769,21,3551790
29849,3552093,45,3552138
29850,3552180,7,3552187
29851,3552346,3,3552349
29852,3552578,17,3552595
29853,3552682,9,3552691
29854,3552765,29,3552794
29855,3552807,16,3552823
29856,3552950,7,3552957
29857,3553241,11,3553252
29858,3553359,1,3553360
29859,3553480,22,3553502
29860,3553619,2,3553621
29861,3553735,29,3553764
29862,3553912,14,3553926
29863,3553936,18,3553954
29864,3553979,9,3553988
29865,3554049,12,3554061
29866,3554255,12,3554267
29867,3554307,20,3554327
29868,3554351,18,3554369
29869,3554443,16,3554459
29870,3554488,4,3554492
29871,3554502,2,3554504
29872,3554693,43,3554736
29873,3554756,17,3554773
29874,3554828,26,3554854
29875,3554903,6,3554909
29876,3554957,10,3554967
29877,3555126,3,3555129
29878,3555211,6,3555217
29879,3555324,30,3555354
29880,3555400,11,3555411
29881,3555515,21,3555536
29882,3555538,30,3555568
29883,3555635,4,3555639
29884,3555855,22,3555877
29885,3556018,32,3556050
29886,3556266,38,3556304
29887,3556432,10,3556442
29888,3556524,7,3556531
29889,3556539,1,3556540
29890,3556852,43,3556895
29891,3557144,13,3557157
29892,3557261,2,3557263
29893,3557490,30,3557520
29894,3557575,16,3557591
29895,3557697,24,3557721
29896,3557898,9,3557907
29897,3557908,1,3557909
29898,3557928,120,3558048
29899,3558105,18,3558123
29900,3558179,32,3558211
29901,3558230,17,3558247
29902,3558445,44,3558489
29903,3558555,18,3558573
29904,3558618,80,3558698
29905,3558768,9,3558777
29906,3558782,52,3558834
29907,3559100,44,3559144
29908,3559173,9,3559182
29909,3559320,13,3559333
29910,3559457,8,3559465
29911,3559648,7,3559655
29912,3559768,5,3559773
29913,3559794,10,3559804
29914,3559837,14,3559851
29915,3559858,6,3559864
29916,3559891,9,3559900
29917,3560338,36,3560374
29918,3560450,55,3560505
29919,3560506,5,3560511
29920,3560554,4,3560558
29921,3560570,2,3560572
29922,3560613,22,3560635
29923,3560765,21,3560786
29924,3560791,34,3560825
29925,3560919,62,3560981
29926,3561063,26,3561089
29927,3561119,8,3561127
29928,3561129,41,3561170
29929,3561188,61,3561249
29930,3561600,15,3561615
29931,3561624,41,3561665
29932,3561770,20,3561790
29933,3561812,9,3561821
29934,3562076,32,3562108
29935,3562121,18,3562139
29936,3562404,31,3562435
29937,3562505,63,3562568
29938,3562586,8,3562594
29939,3562609,29,3562638
29940,3562758,10,3562768
29941,3563285,10,3563295
29942,3563312,6,3563318
29943,3563329,32,3563361
29944,3563369,2,3563371
29945,3563414,22,3563436
29946,3563583,11,3563594
29947,3563728,31,3563759
29948,3563799,10,3563809
29949,3563961,1,3563962
29950,3563991,3,3563994
29951,3564053,90,3564143
29952,3564236,2,3564238
29953,3564399,1,3564400
29954,3564427,22,3564449
29955,3564544,5,3564549
29956,3564575,33,3564608
29957,3564615,10,3564625
29958,3564694,9,3564703
29959,3564740,11,3564751
29960,3564772,36,3564808
29961,3564867,1,3564868
29962,3564951,19,3564970
29963,3565354,45,3565399
29964,3565403,10,3565413
29965,3565466,17,3565483
29966,3565565,12,3565577
29967,3565671,19,3565690
29968,3565742,9,3565751
29969,3566047,81,3566128
29970,3566146,5,3566151
29971,3566206,16,3566222
29972,3566238,9,3566247
29973,3566421,23,3566444
29974,3566543,3,3566546
29975,3566737,1,3566738
29976,3566779,11,3566790
29977,3567246,5,3567251
29978,3567286,39,3567325
29979,3567335,14,3567349
29980,3567357,55,3567412
29981,3567641,6,3567647
29982,3567677,29,3567706
29983,3567800,20,3567820
29984,3567882,35,3567917
29985,3568039,3,3568042
29986,3568082,4,3568086
29987,3568127,33,3568160
29988,3568190,23,3568213
29989,3568266,4,3568270
29990,3568303,80,3568383
29991,3568817,10,3568827
29992,3569191,53,3569244
29993,3569441,59,3569500
29994,3569537,37,3569574
29995,3569585,5,3569590
29996,3569919,10,3569929
29997,3570029,20,3570049
29998,3570109,10,3570119
29999,3570225,4,3570229
30000,3570322,6,3570328
30001,3570732,27,3570759
30002,3571393,17,3571410
30003,3571475,5,3571480
30004,3571659,5,3571664
30005,3571902,3,3571905
30006,3571997,36,3572033
30007,3572436,5,3572441
30008,3572537,23,3572560
30009,3572700,24,3572724
30010,3572751,6,3572757
30011,3572859,35,3572894
30012,3573070,80,3573150
30013,3573152,8,3573160
30014,3573180,14,3573194
30015,3573195,24,3573219
30016,3573355,25,3573380
30017,3573492,46,3573538
30018,3573575,10,3573585
30019,3573776,9,3573785
30020,3574062,12,3574074
30021,3574165,3,3574168
30022,3574173,16,3574189
30023,3574396,9,3574405
30024,3574446,10,3574456
30025,3574476,26,3574502
30026,3574505,7,3574512
30027,3574566,6,3574572
30028,3574912,10,3574922
30029,3575012,5,3575017
30030,3575151,17,3575168
30031,3575451,4,3575455
30032,3575456,16,3575472
30033,3575485,47,3575532
30034,3575604,19,3575623
30035,3575779,7,3575786
30036,3575972,8,3575980
30037,3576110,37,3576147
30038,3576173,8,3576181
30039,3576329,15,3576344
30040,3576408,6,3576414
30041,3576736,17,3576753
30042,3576799,9,3576808
30043,3576839,10,3576849
30044,3576858,19,3576877
30045,3576946,25,3576971
30046,3577115,7,3577122
30047,3577202,46,3577248
30048,3577325,1,3577326
30049,3577376,7,3577383
30050,3577542,22,3577564
30051,3577654,53,3577707
30052,3577812,58,3577870
30053,3577885,63,3577948
30054,3578062,12,3578074
30055,3578189,86,3578275
30056,3578314,4,3578318
30057,3578373,19,3578392
30058,3578417,41,3578458
30059,3578494,4,3578498
30060,3578546,2,3578548
30061,3578587,14,3578601
30062,3578692,61,3578753
30063,3578841,19,3578860
30064,3578874,11,3578885
30065,3578908,7,3578915
30066,3579248,3,3579251
30067,3579305,3,3579308
30068,3579576,26,3579602
30069,3579727,21,3579748
30070,3579812,23,3579835
30071,3580032,12,3580044
30072,3580105,48,3580153
30073,3580251,74,3580325
30074,3580356,46,3580402
30075,3580645,3,3580648
30076,3580701,12,3580713
30077,3580864,1,3580865
30078,3580909,3,3580912
30079,3581042,3,3581045
30080,3581116,18,3581134
30081,3581179,3,3581182
30082,3581218,19,3581237
30083,3581356,25,3581381
30084,3581404,7,3581411
30085,3581533,3,3581536
30086,3581977,13,3581990
30087,3581994,25,3582019
30088,3582116,12,3582128
30089,3582196,25,3582221
30090,3582310,7,3582317
30091,3582327,2,3582329
30092,3582496,5,3582501
30093,3582557,4,3582561
30094,3582667,22,3582689
30095,3583030,2,3583032
30096,3583161,15,3583176
30097,3583296,12,3583308
30098,3583482,5,3583487
30099,3583513,42,3583555
30100,3583619,33,3583652
30101,3583702,2,3583704
30102,3583752,4,3583756
30103,3583776,11,3583787
30104,3583881,4,3583885
30105,3583907,11,3583918
30106,3584153,4,3584157
30107,3584172,15,3584187
30108,3584220,9,3584229
30109,3584583,9,3584592
30110,3584630,39,3584669
30111,3584708,40,3584748
30112,3584768,7,3584775
30113,3584788,16,3584804
30114,3584906,35,3584941
30115,3585153,11,3585164
30116,3585257,1,3585258
30117,3585308,45,3585353
30118,3585367,7,3585374
30119,3585710,32,3585742
30120,3585788,30,3585818
30121,3585846,33,3585879
30122,3586080,43,3586123
30123,3586297,17,3586314
30124,3586569,7,3586576
30125,3586602,5,3586607
30126,3586641,26,3586667
30127,3586830,9,3586839
30128,3586867,13,3586880
30129,3586938,7,3586945
30130,3587010,19,3587029
30131,3587071,12,3587083
30132,3587112,50,3587162
30133,3587214,45,3587259
30134,3587262,9,3587271
30135,3587326,60,3587386
30136,3587411,28,3587439
30137,3587470,27,3587497
30138,3587536,1,3587537
30139,3587549,4,3587553
30140,3587752,31,3587783
30141,3587930,96,3588026
30142,3588148,2,3588150
30143,3588229,1,3588230
30144,3588294,3,3588297
30145,3588361,27,3588388
30146,3588403,1,3588404
30147,3588490,26,3588516
30148,3588608,13,3588621
30149,3588726,12,3588738
30150,3588800,5,3588805
30151,3588982,4,3588986
30152,3589080,22,3589102
30153,3589322,14,3589336
30154,3589367,8,3589375
30155,3589401,20,3589421
30156,3589609,8,3589617
30157,3589850,12,3589862
30158,3589911,14,3589925
30159,3589972,30,3590002
30160,3590059,31,3590090
30161,3590132,10,3590142
30162,3590236,2,3590238
30163,3590259,10,3590269
30164,3590283,28,3590311
30165,3590406,4,3590410
30166,3590577,99,3590676
30167,3590720,13,3590733
30168,3590777,18,3590795
30169,3590834,21,3590855
30170,3591038,10,3591048
30171,3591208,2,3591210
30172,3591261,4,3591265
30173,3591313,2,3591315
30174,3591443,1,3591444
30175,3591465,1,3591466
30176,3591511,2,3591513
30177,3591622,9,3591631
30178,3591753,101,3591854
30179,3592099,11,3592110
30180,3592142,94,3592236
30181,3593002,52,3593054
30182,3593601,13,3593614
30183,3593642,11,3593653
30184,3593715,14,3593729
30185,3593775,8,3593783
30186,3593821,12,3593833
30187,3593903,3,3593906
30188,3593958,71,3594029
30189,3594053,49,3594102
30190,3594121,15,3594136
30191,3594229,19,3594248
30192,3594294,19,3594313
30193,3594550,11,3594561
30194,3595010,3,3595013
30195,3595069,5,3595074
30196,3595119,7,3595126
30197,3595486,22,3595508
30198,3595666,10,3595676
30199,3595728,16,3595744
30200,3595852,21,3595873
30201,3595908,8,3595916
30202,3596078,14,3596092
30203,3596150,29,3596179
30204,3596204,3,3596207
30205,3596436,9,3596445
30206,3596842,1,3596843
30207,3596982,11,3596993
30208,3597044,30,3597074
30209,3597180,6,3597186
30210,3597284,2,3597286
30211,3597369,11,3597380
30212,3597499,3,3597502
30213,3597604,4,3597608
30214,3597631,12,3597643
30215,3597790,56,3597846
30216,3597943,4,3597947
30217,3598322,28,3598350
30218,3598620,32,3598652
30219,3598836,18,3598854
30220,3598902,60,3598962
30221,3599002,6,3599008
30222,3599018,32,3599050
30223,3599087,21,3599108
30224,3599240,59,3599299
30225,3599308,8,3599316
30226,3599446,16,3599462
30227,3599545,40,3599585
30228,3599734,8,3599742
30229,3599912,34,3599946
30230,3599998,14,3600012
30231,3600471,6,3600477
30232,3600568,23,3600591
30233,3600601,12,3600613
30234,3600628,30,3600658
30235,3600788,11,3600799
30236,3600845,14,3600859
30237,3600914,24,3600938
30238,3601054,61,3601115
30239,3601224,38,3601262
30240,3601529,6,3601535
30241,3601819,6,3601825
30242,3602077,11,3602088
30243,3602251,13,3602264
30244,3602435,39,3602474
30245,3602676,2,3602678
30246,3602932,94,3603026
30247,3603059,2,3603061
30248,3603131,15,3603146
30249,3603191,10,3603201
30250,3603231,31,3603262
30251,3603273,7,3603280
30252,3603461,2,3603463
30253,3603750,30,3603780
30254,3604046,16,3604062
30255,3604257,5,3604262
30256,3604285,27,3604312
30257,3604363,39,3604402
30258,3604458,12,3604470
30259,3604479,1,3604480
30260,3604687,9,3604696
30261,3604871,17,3604888
30262,3604893,47,3604940
30263,3605078,4,3605082
30264,3605175,29,3605204
30265,3605554,32,3605586
30266,3605608,32,3605640
30267,3605689,8,3605697
30268,3605706,11,3605717
30269,3605832,14,3605846
30270,3605855,22,3605877
30271,3606021,19,3606040
30272,3606059,24,3606083
30273,3606370,13,3606383
30274,3606419,14,3606433
30275,3606490,17,3606507
30276,3606696,1,3606697
30277,3606996,13,3607009
30278,3607012,23,3607035
30279,3607103,2,3607105
30280,3607192,14,3607206
30281,3607232,17,3607249
30282,3607293,22,3607315
30283,3607490,9,3607499
30284,3607503,25,3607528
30285,3607960,15,3607975
30286,3607976,3,3607979
30287,3608101,6,3608107
30288,3608293,12,3608305
30289,3608364,44,3608408
30290,3608458,12,3608470
30291,3608480,48,3608528
30292,3608543,5,3608548
30293,3608637,19,3608656
30294,3608716,35,3608751
30295,3608777,15,3608792
30296,3608869,28,3608897
30297,3608898,6,3608904
30298,3608926,9,3608935
30299,3608947,19,3608966
30300,3608972,28,3609000
30301,3609038,30,3609068
30302,3609139,6,3609145
30303,3609165,14,3609179
30304,3609374,40,3609414
30305,3609475,21,3609496
30306,3609550,11,3609561
30307,3609613,8,3609621
30308,3609703,20,3609723
30309,3609777,13,3609790
30310,3609810,31,3609841
30311,3609857,45,3609902
30312,3610079,9,3610088
30313,3610162,6,3610168
30314,3610418,11,3610429
30315,3610551,54,3610605
30316,3610693,14,3610707
30317,3610877,15,3610892
30318,3611263,24,3611287
30319,3611335,4,3611339
30320,3611353,11,3611364
30321,3611367,12,3611379
30322,3611400,9,3611409
30323,3611539,36,3611575
30324,3611738,7,3611745
30325,3611766,38,3611804
30326,3612316,7,3612323
30327,3612349,42,3612391
30328,3612461,1,3612462
30329,3612623,22,3612645
30330,3612783,6,3612789
30331,3612920,16,3612936
30332,3613000,29,3613029
30333,3613224,15,3613239
30334,3613316,44,3613360
30335,3613379,4,3613383
30336,3613405,9,3613414
30337,3613416,8,3613424
30338,3613671,5,3613676
30339,3613695,20,3613715
30340,3613802,25,3613827
30341,3613830,25,3613855
30342,3613967,42,3614009
30343,3614038,18,3614056
30344,3614284,9,3614293
30345,3614317,6,3614323
30346,3614429,41,3614470
30347,3614580,4,3614584
30348,3614662,34,3614696
30349,3614745,1,3614746
30350,3614776,16,3614792
30351,3614895,29,3614924
30352,3615104,18,3615122
30353,3615246,35,3615281
30354,3615328,8,3615336
30355,3615395,6,3615401
30356,3615498,13,3615511
30357,3615538,29,3615567
30358,3615616,76,3615692
30359,3615788,5,3615793
30360,3615827,3,3615830
30361,3615920,26,3615946
30362,3616041,21,3616062
30363,3616079,6,3616085
30364,3616341,4,3616345
30365,3616667,22,3616689
30366,3616788,51,3616839
30367,3617267,25,3617292
30368,3617417,7,3617424
30369,3617472,1,3617473
30370,3617479,2,3617481
30371,3617573,8,3617581
30372,3617625,10,3617635
30373,3617669,16,3617685
30374,3617689,9,3617698
30375,3617795,13,3617808
30376,3617851,6,3617857
30377,3617967,60,3618027
30378,3618059,7,3618066
30379,3618076,9,3618085
30380,3618103,26,3618129
30381,3618153,3,3618156
30382,3618275,8,3618283
30383,3618460,23,3618483
30384,3618643,38,3618681
30385,3618968,1,3618969
30386,3618972,4,3618976
30387,3619006,22,3619028
30388,3619071,13,3619084
30389,3619172,10,3619182
30390,3619244,1,3619245
30391,3619292,20,3619312
30392,3619359,19,3619378
30393,3619436,11,3619447
30394,3619474,1,3619475
30395,3619552,1,3619553
30396,3619914,25,3619939
30397,3619945,24,3619969
30398,3620179,83,3620262
30399,3620418,5,3620423
30400,3620487,1,3620488
30401,3620528,34,3620562
30402,3620598,8,3620606
30403,3620761,13,3620774
30404,3620812,7,3620819
30405,3620849,42,3620891
30406,3620946,18,3620964
30407,3621167,10,3621177
30408,3621249,57,3621306
30409,3621661,2,3621663
30410,3622198,40,3622238
30411,3622777,15,3622792
30412,3622818,11,3622829
30413,3622883,35,3622918
30414,3622968,28,3622996
30415,3623124,4,3623128
30416,3623400,51,3623451
30417,3623607,15,3623622
30418,3623701,36,3623737
30419,3623816,10,3623826
30420,3623940,4,3623944
30421,3624057,18,3624075
30422,3624248,1,3624249
30423,3624306,11,3624317
30424,3624352,8,3624360
30425,3624362,46,3624408
30426,3624505,4,3624509
30427,3624607,7,3624614
30428,3624678,41,3624719
30429,3625003,40,3625043
30430,3625125,1,3625126
30431,3625216,1,3625217
30432,3625391,60,3625451
30433,3625529,12,3625541
30434,3625561,2,3625563
30435,3625699,18,3625717
30436,3625732,25,3625757
30437,3625830,7,3625837
30438,3626096,9,3626105
30439,3626116,70,3626186
30440,3626368,8,3626376
30441,3626571,6,3626577
30442,3626657,13,3626670
30443,3626757,10,3626767
30444,3626779,6,3626785
30445,3626933,1,3626934
30446,3626965,27,3626992
30447,3627258,121,3627379
30448,3627436,7,3627443
30449,3627512,5,3627517
30450,3627701,42,3627743
30451,3627785,2,3627787
30452,3627915,11,3627926
30453,3627995,2,3627997
30454,3628007,58,3628065
30455,3628297,21,3628318
30456,3628372,67,3628439
30457,3628614,19,3628633
30458,3629006,16,3629022
30459,3629103,13,3629116
30460,3629610,7,3629617
30461,3629664,7,3629671
30462,3629705,9,3629714
30463,3629840,2,3629842
30464,3630153,27,3630180
30465,3630404,3,3630407
30466,3630416,36,3630452
30467,3630600,4,3630604
30468,3630698,148,3630846
30469,3630887,20,3630907
30470,3631005,3,3631008
30471,3631009,3,3631012
30472,3631245,2,3631247
30473,3631367,17,3631384
30474,3631597,8,3631605
30475,3631688,23,3631711
30476,3631850,20,3631870
30477,3632125,8,3632133
30478,3632153,7,3632160
30479,3632193,37,3632230
30480,3632348,4,3632352
30481,3632660,61,3632721
30482,3632825,29,3632854
30483,3632881,7,3632888
30484,3632889,45,3632934
30485,3632970,2,3632972
30486,3633044,24,3633068
30487,3633345,15,3633360
30488,3633366,48,3633414
30489,3633421,11,3633432
30490,3633564,1,3633565
30491,3633578,44,3633622
30492,3633972,5,3633977
30493,3634033,1,3634034
30494,3634105,2,3634107
30495,3634428,70,3634498
30496,3634653,7,3634660
30497,3634669,9,3634678
30498,3634719,7,3634726
30499,3634728,32,3634760
30500,3634830,35,3634865
30501,3634876,1,3634877
30502,3634896,2,3634898
30503,3634987,5,3634992
30504,3635098,10,3635108
30505,3635239,68,3635307
30506,3635386,10,3635396
30507,3635764,27,3635791
30508,3635796,11,3635807
30509,3635865,3,3635868
30510,3636212,11,3636223
30511,3636238,12,3636250
30512,3636669,112,3636781
30513,3636789,6,3636795
30514,3636905,9,3636914
30515,3636938,1,3636939
30516,3636969,60,3637029
30517,3637033,2,3637035
30518,3637036,2,3637038
30519,3637146,4,3637150
30520,3637163,6,3637169
30521,3637227,8,3637235
30522,3637296,17,3637313
30523,3637753,11,3637764
30524,3637891,10,3637901
30525,3638141,3,3638144
30526,3638209,1,3638210
30527,3638327,7,3638334
30528,3638394,23,3638417
30529,3638593,1,3638594
30530,3638599,10,3638609
30531,3638743,4,3638747
30532,3638933,18,3638951
30533,3639054,31,3639085
30534,3639100,10,3639110
30535,3639482,3,3639485
30536,3639771,6,3639777
30537,3639785,20,3639805
30538,3639956,5,3639961
30539,3640008,44,3640052
30540,3640122,17,3640139
30541,3640211,3,3640214
30542,3640267,9,3640276
30543,3640455,2,3640457
30544,3640484,4,3640488
30545,3640525,29,3640554
30546,3640609,9,3640618
30547,3640676,5,3640681
30548,3640794,17,3640811
30549,3640821,10,3640831
30550,3640836,5,3640841
30551,3640861,37,3640898
30552,3641020,4,3641024
30553,3641270,17,3641287
30554,3641522,65,3641587
30555,3641753,10,3641763
30556,3641786,71,3641857
30557,3642010,4,3642014
30558,3642151,13,3642164
30559,3642408,64,3642472
30560,3642477,31,3642508
30561,3642809,15,3642824
30562,3643076,46,3643122
30563,3643233,10,3643243
30564,3643327,32,3643359
30565,3643361,13,3643374
30566,3643610,3,3643613
30567,3643685,12,3643697
30568,3643961,1,3643962
30569,3644038,5,3644043
30570,3644092,17,3644109
30571,3644169,17,3644186
30572,3644216,35,3644251
30573,3644333,4,3644337
30574,3644353,85,3644438
30575,3644757,12,3644769
30576,3644797,42,3644839
30577,3644918,57,3644975
30578,3645069,2,3645071
30579,3645097,31,3645128
30580,3645239,9,3645248
30581,3645372,12,3645384
30582,3645390,73,3645463
30583,3645544,45,3645589
30584,3645629,2,3645631
30585,3645643,2,3645645
30586,3645765,19,3645784
30587,3645879,36,3645915
30588,3645947,4,3645951
30589,3646036,10,3646046
30590,3646489,15,3646504
30591,3646513,4,3646517
30592,3646657,44,3646701
30593,3646741,2,3646743
30594,3646840,13,3646853
30595,3647027,12,3647039
30596,3647154,22,3647176
30597,3647266,4,3647270
30598,3647330,12,3647342
30599,3647400,44,3647444
30600,3647509,3,3647512
30601,3647526,66,3647592
30602,3647663,19,3647682
30603,3647715,2,3647717
30604,3647813,32,3647845
30605,3647859,23,3647882
30606,3647902,50,3647952
30607,3648116,64,3648180
30608,3648300,19,3648319
30609,3648343,37,3648380
30610,3648899,34,3648933
30611,3649186,9,3649195
30612,3649429,13,3649442
30613,3649549,29,3649578
30614,3649731,44,3649775
30615,3649830,48,3649878
30616,3649916,19,3649935
30617,3650157,15,3650172
30618,3650214,4,3650218
30619,3650278,20,3650298
30620,3650327,23,3650350
30621,3650514,15,3650529
30622,3650537,76,3650613
30623,3650626,14,3650640
30624,3650644,32,3650676
30625,3650706,6,3650712
30626,3650864,5,3650869
30627,3650951,11,3650962
30628,3650995,8,3651003
30629,3651008,16,3651024
30630,3651058,8,3651066
30631,3651112,76,3651188
30632,3651298,7,3651305
30633,3651403,14,3651417
30634,3651740,17,3651757
30635,3652038,5,3652043
30636,3652171,9,3652180
30637,3652234,19,3652253
30638,3652405,55,3652460
30639,3652522,15,3652537
30640,3652907,25,3652932
30641,3652967,11,3652978
30642,3653045,18,3653063
30643,3653205,5,3653210
30644,3653289,48,3653337
30645,3653441,4,3653445
30646,3653512,19,3653531
30647,3653564,41,3653605
30648,3653802,17,3653819
30649,3653888,75,3653963
30650,3654052,22,3654074
30651,3654075,27,3654102
30652,3654129,13,3654142
30653,3654166,4,3654170
30654,3654257,5,3654262
30655,3654271,13,3654284
30656,3654358,22,3654380
30657,3654734,33,3654767
30658,3654841,15,3654856
30659,3654868,1,3654869
30660,3654873,15,3654888
30661,3654927,28,3654955
30662,3655001,4,3655005
30663,3655193,21,3655214
30664,3655228,65,3655293
30665,3655310,43,3655353
30666,3655386,14,3655400
30667,3655539,42,3655581
30668,3655586,9,3655595
30669,3655764,15,3655779
30670,3655821,12,3655833
30671,3655994,17,3656011
30672,3656046,7,3656053
30673,3656140,14,3656154
30674,3656312,9,3656321
30675,3656353,10,3656363
30676,3656406,63,3656469
30677,3656512,23,3656535
30678,3656612,27,3656639
30679,3656717,27,3656744
30680,3656982,56,3657038
30681,3657043,7,3657050
30682,3657058,9,3657067
30683,3657238,2,3657240
30684,3657298,14,3657312
30685,3657625,6,3657631
30686,3657674,31,3657705
30687,3657787,12,3657799
30688,3657837,3,3657840
30689,3657875,8,3657883
30690,3658043,11,3658054
30691,3658380,6,3658386
30692,3658487,24,3658511
30693,3658546,32,3658578
30694,3658580,6,3658586
30695,3658601,17,3658618
30696,3658640,22,3658662
30697,3658740,118,3658858
30698,3658886,10,3658896
30699,3658905,12,3658917
30700,3658995,2,3658997
30701,3659251,3,3659254
30702,3659325,3,3659328
30703,3659439,8,3659447
30704,3659551,27,3659578
30705,3660252,13,3660265
30706,3660319,8,3660327
30707,3660367,3,3660370
30708,3660790,49,3660839
30709,3661126,33,3661159
30710,3661171,3,3661174
30711,3661508,37,3661545
30712,3661549,21,3661570
30713,3661622,8,3661630
30714,3661665,8,3661673
30715,3661726,42,3661768
30716,3661812,1,3661813
30717,3661817,3,3661820
30718,3661865,26,3661891
30719,3661895,5,3661900
30720,3662002,11,3662013
30721,3662038,5,3662043
30722,3662149,10,3662159
30723,3662290,69,3662359
30724,3662503,53,3662556
30725,3662569,12,3662581
30726,3662659,13,3662672
30727,3662705,4,3662709
30728,3662743,11,3662754
30729,3662915,11,3662926
30730,3663037,19,3663056
30731,3663390,47,3663437
30732,3663462,21,3663483
30733,3663695,10,3663705
30734,3663791,9,3663800
30735,3663860,11,3663871
30736,3664022,13,3664035
30737,3664237,16,3664253
30738,3664361,8,3664369
30739,3664395,9,3664404
30740,3664541,1,3664542
30741,3664672,66,3664738
30742,3664943,7,3664950
30743,3665020,53,3665073
30744,3665309,31,3665340
30745,3665356,38,3665394
30746,3665484,17,3665501
30747,3665640,3,3665643
30748,3665675,25,3665700
30749,3665754,1,3665755
30750,3666139,68,3666207
30751,3666213,6,3666219
30752,3666273,39,3666312
30753,3666397,14,3666411
30754,3666763,41,3666804
30755,3666896,32,3666928
30756,3666978,20,3666998
30757,3667017,16,3667033
30758,3667177,23,3667200
30759,3667375,2,3667377
30760,3667520,13,3667533
30761,3668085,2,3668087
30762,3668117,10,3668127
30763,3668198,14,3668212
30764,3668239,17,3668256
30765,3668385,19,3668404
30766,3668624,28,3668652
30767,3668653,1,3668654
30768,3668873,13,3668886
30769,3669057,25,3669082
30770,3669162,30,3669192
30771,3669276,2,3669278
30772,3669306,30,3669336
30773,3669519,12,3669531
30774,3669594,24,3669618
30775,3669812,40,3669852
30776,3669978,46,3670024
30777,3670193,7,3670200
30778,3670244,35,3670279
30779,3670290,5,3670295
30780,3670403,15,3670418
30781,3670465,19,3670484
30782,3670522,3,3670525
30783,3670785,34,3670819
30784,3670873,43,3670916
30785,3671097,34,3671131
30786,3671238,4,3671242
30787,3671291,81,3671372
30788,3671456,1,3671457
30789,3671605,1,3671606
30790,3671868,2,3671870
30791,3671959,3,3671962
30792,3672077,3,3672080
30793,3672141,31,3672172
30794,3672230,29,3672259
30795,3672437,4,3672441
30796,3672584,36,3672620
30797,3672651,3,3672654
30798,3672801,12,3672813
30799,3672836,13,3672849
30800,3672865,1,3672866
30801,3672876,80,3672956
30802,3672983,14,3672997
30803,3673521,9,3673530
30804,3673548,17,3673565
30805,3673711,6,3673717
30806,3673732,7,3673739
30807,3673913,11,3673924
30808,3673966,10,3673976
30809,3673996,17,3674013
30810,3674043,12,3674055
30811,3674092,4,3674096
30812,3674219,3,3674222
30813,3674246,73,3674319
30814,3674508,2,3674510
30815,3674720,17,3674737
30816,3674769,13,3674782
30817,3675001,7,3675008
30818,3675051,28,3675079
30819,3675113,8,3675121
30820,3675203,16,3675219
30821,3675237,36,3675273
30822,3675479,27,3675506
30823,3675581,31,3675612
30824,3675648,23,3675671
30825,3675845,28,3675873
30826,3675945,9,3675954
30827,3675980,6,3675986
30828,3676016,3,3676019
30829,3676342,35,3676377
30830,3676410,9,3676419
30831,3676428,23,3676451
30832,3676481,78,3676559
30833,3676692,2,3676694
30834,3676742,20,3676762
30835,3676852,20,3676872
30836,3676877,1,3676878
30837,3677053,38,3677091
30838,3677295,38,3677333
30839,3677344,23,3677367
30840,3677394,53,3677447
30841,3677502,11,3677513
30842,3677516,5,3677521
30843,3677700,13,3677713
30844,3677822,25,3677847
30845,3677867,15,3677882
30846,3678097,12,3678109
30847,3678115,1,3678116
30848,3678352,35,3678387
30849,3678501,43,3678544
30850,3678753,46,3678799
30851,3678800,3,3678803
30852,3678811,12,3678823
30853,3678984,56,3679040
30854,3679165,40,3679205
30855,3679353,60,3679413
30856,3679633,20,3679653
30857,3679723,42,3679765
30858,3679938,15,3679953
30859,3680208,10,3680218
30860,3680283,6,3680289
30861,3680337,22,3680359
30862,3680573,14,3680587
30863,3680682,9,3680691
30864,3680800,1,3680801
30865,3680851,132,3680983
30866,3680985,4,3680989
30867,3681034,6,3681040
30868,3681047,33,3681080
30869,3681186,5,3681191
30870,3681193,44,3681237
30871,3681265,3,3681268
30872,3681272,7,3681279
30873,3681410,5,3681415
30874,3681490,7,3681497
30875,3681706,12,3681718
30876,3681722,3,3681725
30877,3681745,27,3681772
30878,3682005,27,3682032
30879,3682054,8,3682062
30880,3682384,15,3682399
30881,3682417,20,3682437
30882,3682478,61,3682539
30883,3682569,2,3682571
30884,3682681,4,3682685
30885,3682711,25,3682736
30886,3682848,7,3682855
30887,3682887,27,3682914
30888,3682951,18,3682969
30889,3682976,35,3683011
30890,3683230,29,3683259
30891,3683308,1,3683309
30892,3683357,2,3683359
30893,3683400,32,3683432
30894,3683461,17,3683478
30895,3683615,62,3683677
30896,3683711,18,3683729
30897,3683765,24,3683789
30898,3684070,88,3684158
30899,3684304,35,3684339
30900,3684437,33,3684470
30901,3684579,14,3684593
30902,3684668,50,3684718
30903,3684865,11,3684876
30904,3684951,9,3684960
30905,3684992,89,3685081
30906,3685082,7,3685089
30907,3685225,20,3685245
30908,3685344,2,3685346
30909,3685740,21,3685761
30910,3685774,10,3685784
30911,3685986,6,3685992
30912,3686145,4,3686149
30913,3686442,14,3686456
30914,3686497,13,3686510
30915,3686514,21,3686535
30916,3686549,10,3686559
30917,3686669,1,3686670
30918,3686752,5,3686757
30919,3686900,15,3686915
30920,3686928,2,3686930
30921,3687062,10,3687072
30922,3687113,12,3687125
30923,3687173,56,3687229
30924,3687271,7,3687278
30925,3687369,21,3687390
30926,3687420,11,3687431
30927,3687778,13,3687791
30928,3687870,9,3687879
30929,3688035,14,3688049
30930,3688151,11,3688162
30931,3688366,18,3688384
30932,3688399,105,3688504
30933,3688523,16,3688539
30934,3688568,39,3688607
30935,3688667,26,3688693
30936,3688741,11,3688752
30937,3688897,3,3688900
30938,3688927,17,3688944
30939,3689199,8,3689207
30940,3689228,34,3689262
30941,3689394,7,3689401
30942,3689578,39,3689617
30943,3689870,22,3689892
30944,3689898,16,3689914
30945,3689929,18,3689947
30946,3690060,6,3690066
30947,3690136,24,3690160
30948,3690247,5,3690252
30949,3690368,37,3690405
30950,3690465,47,3690512
30951,3690559,1,3690560
30952,3690657,20,3690677
30953,3690801,3,3690804
30954,3690807,6,3690813
30955,3690835,10,3690845
30956,3691193,3,3691196
30957,3691285,30,3691315
30958,3691384,56,3691440
30959,3691585,16,3691601
30960,3691706,4,3691710
30961,3691712,10,3691722
30962,3691979,4,3691983
30963,3692082,26,3692108
30964,3692219,5,3692224
30965,3692290,29,3692319
30966,3692507,3,3692510
30967,3692738,10,3692748
30968,3693003,7,3693010
30969,3693270,13,3693283
30970,3693313,4,3693317
30971,3693431,3,3693434
30972,3693464,2,3693466
30973,3693638,39,3693677
30974,3693687,32,3693719
30975,3693829,8,3693837
30976,3693885,9,3693894
30977,3693896,45,3693941
30978,3693943,38,3693981
30979,3694237,16,3694253
30980,3694298,12,3694310
30981,3694408,26,3694434
30982,3694443,11,3694454
30983,3694465,22,3694487
30984,3694533,13,3694546
30985,3694646,24,3694670
30986,3694779,8,3694787
30987,3694805,1,3694806
30988,3694815,11,3694826
30989,3694898,24,3694922
30990,3695031,4,3695035
30991,3695102,10,3695112
30992,3695139,13,3695152
30993,3695363,1,3695364
30994,3695376,83,3695459
30995,3695550,7,3695557
30996,3695636,4,3695640
30997,3695844,3,3695847
30998,3696013,10,3696023
30999,3696043,9,3696052
31000,3696176,34,3696210
31001,3696400,32,3696432
31002,3696482,20,3696502
31003,3696574,13,3696587
31004,3696592,19,3696611
31005,3696661,4,3696665
31006,3696751,18,3696769
31007,3696776,36,3696812
31008,3696875,14,3696889
31009,3696891,29,3696920
31010,3696937,6,3696943
31011,3696958,6,3696964
31012,3697207,75,3697282
31013,3697310,48,3697358
31014,3697564,11,3697575
31015,3697876,9,3697885
31016,3698044,10,3698054
31017,3698291,47,3698338
31018,3698415,5,3698420
31019,3698554,15,3698569
31020,3698964,30,3698994
31021,3699099,22,3699121
31022,3699143,58,3699201
31023,3699304,15,3699319
31024,3699517,84,3699601
31025,3699778,70,3699848
31026,3700183,9,3700192
31027,3700222,21,3700243
31028,3700360,13,3700373
31029,3700401,33,3700434
31030,3700747,21,3700768
31031,3700809,52,3700861
31032,3700999,7,3701006
31033,3701023,8,3701031
31034,3701068,3,3701071
31035,3701077,2,3701079
31036,3701230,7,3701237
31037,3701369,1,3701370
31038,3701440,16,3701456
31039,3701464,33,3701497
31040,3701525,3,3701528
31041,3701555,14,3701569
31042,3701818,8,3701826
31043,3701873,6,3701879
31044,3702069,27,3702096
31045,3702163,9,3702172
31046,3702173,5,3702178
31047,3702280,1,3702281
31048,3702310,18,3702328
31049,3702372,15,3702387
31050,3702398,34,3702432
31051,3702477,64,3702541
31052,3702579,23,3702602
31053,3702913,18,3702931
31054,3703051,2,3703053
31055,3703143,24,3703167
31056,3703179,7,3703186
31057,3703238,24,3703262
31058,3703297,8,3703305
31059,3703807,38,3703845
31060,3703917,1,3703918
31061,3704114,8,3704122
31062,3704138,72,3704210
31063,3704369,16,3704385
31064,3704550,22,3704572
31065,3704926,5,3704931
31066,3705053,3,3705056
31067,3705128,1,3705129
31068,3705198,6,3705204
31069,3705288,2,3705290
31070,3705291,12,3705303
31071,3705338,14,3705352
31072,3705455,78,3705533
31073,3705586,10,3705596
31074,3705796,17,3705813
31075,3705906,2,3705908
31076,3705971,10,3705981
31077,3706050,34,3706084
31078,3706147,43,3706190
31079,3706508,1,3706509
31080,3706670,42,3706712
31081,3706742,75,3706817
31082,3706845,14,3706859
31083,3707065,18,3707083
31084,3707085,14,3707099
31085,3707251,11,3707262
31086,3707426,1,3707427
31087,3707479,6,3707485
31088,3707563,35,3707598
31089,3707625,56,3707681
31090,3707859,45,3707904
31091,3708073,1,3708074
31092,3708103,34,3708137
31093,3708217,2,3708219
31094,3708420,8,3708428
31095,3708464,14,3708478
31096,3708502,24,3708526
31097,3708596,94,3708690
31098,3708840,14,3708854
31099,3708889,22,3708911
31100,3709009,53,3709062
31101,3709414,22,3709436
31102,3709570,2,3709572
31103,3709582,27,3709609
31104,3709677,15,3709692
31105,3709778,20,3709798
31106,3709880,12,3709892
31107,3710014,36,3710050
31108,3710162,94,3710256
31109,3710258,7,3710265
31110,3710270,18,3710288
31111,3710320,38,3710358
31112,3710444,25,3710469
31113,3710482,8,3710490
31114,3710592,40,3710632
31115,3710667,15,3710682
31116,3710740,5,3710745
31117,3710778,3,3710781
31118,3710928,3,3710931
31119,3711008,3,3711011
31120,3711271,31,3711302
31121,3711409,18,3711427
31122,3711551,5,3711556
31123,3711569,4,3711573
31124,3711578,39,3711617
31125,3711713,6,3711719
31126,3711805,27,3711832
31127,3711970,9,3711979
31128,3711995,61,3712056
31129,3712098,19,3712117
31130,3712158,3,3712161
31131,3712210,73,3712283
31132,3712491,41,3712532
31133,3712707,18,3712725
31134,3712804,33,3712837
31135,3712885,79,3712964
31136,3713008,5,3713013
31137,3713207,10,3713217
31138,3713436,1,3713437
31139,3713442,21,3713463
31140,3713493,3,3713496
31141,3713521,15,3713536
31142,3713967,53,3714020
31143,3714053,4,3714057
31144,3714096,13,3714109
31145,3714161,29,3714190
31146,3714302,8,3714310
31147,3714786,32,3714818
31148,3714827,30,3714857
31149,3714899,20,3714919
31150,3715312,17,3715329
31151,3715360,51,3715411
31152,3715426,3,3715429
31153,3715626,14,3715640
31154,3715957,6,3715963
31155,3716253,45,3716298
31156,3716366,19,3716385
31157,3716612,52,3716664
31158,3716702,46,3716748
31159,3716765,4,3716769
31160,3716995,2,3716997
31161,3717072,12,3717084
31162,3717205,10,3717215
31163,3717375,9,3717384
31164,3717410,4,3717414
31165,3717429,4,3717433
31166,3717472,29,3717501
31167,3717544,2,3717546
31168,3717548,10,3717558
31169,3717604,17,3717621
31170,3717878,18,3717896
31171,3717946,26,3717972
31172,3718094,7,3718101
31173,3718701,74,3718775
31174,3719502,45,3719547
31175,3719623,15,3719638
31176,3719647,13,3719660
31177,3719702,8,3719710
31178,3719938,34,3719972
31179,3720145,4,3720149
31180,3720259,2,3720261
31181,3720274,8,3720282
31182,3720307,36,3720343
31183,3720958,3,3720961
31184,3721071,8,3721079
31185,3721119,15,3721134
31186,3721152,13,3721165
31187,3721211,17,3721228
31188,3721643,30,3721673
31189,3721869,20,3721889
31190,3722030,4,3722034
31191,3722109,15,3722124
31192,3722137,11,3722148
31193,3722510,1,3722511
31194,3722530,17,3722547
31195,3722682,34,3722716
31196,3722803,6,3722809
31197,3722822,3,3722825
31198,3722828,81,3722909
31199,3722953,4,3722957
31200,3723071,16,3723087
31201,3723116,17,3723133
31202,3723220,23,3723243
31203,3723387,24,3723411
31204,3723413,34,3723447
31205,3723652,34,3723686
31206,3723705,44,3723749
31207,3723974,2,3723976
31208,3724170,42,3724212
31209,3724330,1,3724331
31210,3724346,20,3724366
31211,3724587,4,3724591
31212,3724689,28,3724717
31213,3724778,62,3724840
31214,3724872,67,3724939
31215,3725021,4,3725025
31216,3725043,36,3725079
31217,3725146,70,3725216
31218,3725266,48,3725314
31219,3725366,7,3725373
31220,3725499,5,3725504
31221,3725576,51,3725627
31222,3725631,3,3725634
31223,3725648,14,3725662
31224,3725769,18,3725787
31225,3726070,20,3726090
31226,3726163,8,3726171
31227,3726284,9,3726293
31228,3726413,26,3726439
31229,3726477,3,3726480
31230,3726890,7,3726897
31231,3726907,13,3726920
31232,3727661,36,3727697
31233,3727814,7,3727821
31234,3727902,30,3727932
31235,3727955,31,3727986
31236,3728076,3,3728079
31237,3728409,17,3728426
31238,3728433,23,3728456
31239,3728531,29,3728560
31240,3728750,8,3728758
31241,3729060,7,3729067
31242,3729235,30,3729265
31243,3729385,8,3729393
31244,3729532,17,3729549
31245,3729578,84,3729662
31246,3729947,2,3729949
31247,3730335,4,3730339
31248,3730403,3,3730406
31249,3730512,4,3730516
31250,3730636,6,3730642
31251,3730656,8,3730664
31252,3730697,15,3730712
31253,3731110,41,3731151
31254,3731246,13,3731259
31255,3731337,12,3731349
31256,3731360,1,3731361
31257,3731375,17,3731392
31258,3731557,116,3731673
31259,3731692,11,3731703
31260,3731924,24,3731948
31261,3731974,9,3731983
31262,3732208,10,3732218
31263,3732325,14,3732339
31264,3732373,18,3732391
31265,3732416,25,3732441
31266,3732968,3,3732971
31267,3733032,13,3733045
31268,3733055,6,3733061
31269,3733170,47,3733217
31270,3733248,30,3733278
31271,3733288,3,3733291
31272,3733334,34,3733368
31273,3733420,4,3733424
31274,3733455,2,3733457
31275,3733470,21,3733491
31276,3733630,2,3733632
31277,3733676,3,3733679
31278,3733722,1,3733723
31279,3733794,2,3733796
31280,3733968,3,3733971
31281,3734026,17,3734043
31282,3734401,29,3734430
31283,3734537,2,3734539
31284,3734582,10,3734592
31285,3734711,9,3734720
31286,3734779,10,3734789
31287,3735272,10,3735282
31288,3735330,23,3735353
31289,3735394,34,3735428
31290,3735520,2,3735522
31291,3735552,55,3735607
31292,3735635,9,3735644
31293,3735656,33,3735689
31294,3736121,26,3736147
31295,3736190,7,3736197
31296,3736206,5,3736211
31297,3736235,7,3736242
31298,3736370,3,3736373
31299,3736428,3,3736431
31300,3736706,20,3736726
31301,3736952,21,3736973
31302,3737056,28,3737084
31303,3737175,2,3737177
31304,3737219,7,3737226
31305,3737333,15,3737348
31306,3737588,11,3737599
31307,3737694,62,3737756
31308,3737833,49,3737882
31309,3738081,12,3738093
31310,3738131,16,3738147
31311,3738181,32,3738213
31312,3738214,23,3738237
31313,3738364,40,3738404
31314,3738440,20,3738460
31315,3738594,20,3738614
31316,3738735,11,3738746
31317,3738761,57,3738818
31318,3738881,1,3738882
31319,3738885,10,3738895
31320,3738920,6,3738926
31321,3738983,3,3738986
31322,3739151,7,3739158
31323,3739435,28,3739463
31324,3739488,25,3739513
31325,3739571,28,3739599
31326,3739605,39,3739644
31327,3739746,3,3739749
31328,3739859,41,3739900
31329,3740210,6,3740216
31330,3740221,26,3740247
31331,3740351,23,3740374
31332,3740409,4,3740413
31333,3740497,10,3740507
31334,3740521,15,3740536
31335,3740548,2,3740550
31336,3740661,2,3740663
31337,3740714,22,3740736
31338,3740778,12,3740790
31339,3740814,37,3740851
31340,3740869,51,3740920
31341,3741044,29,3741073
31342,3741079,47,3741126
31343,3741289,14,3741303
31344,3741412,5,3741417
31345,3741422,2,3741424
31346,3741491,17,3741508
31347,3741660,19,3741679
31348,3741787,24,3741811
31349,3741812,12,3741824
31350,3741839,22,3741861
31351,3742018,3,3742021
31352,3742115,13,3742128
31353,3742191,34,3742225
31354,3742318,10,3742328
31355,3742566,27,3742593
31356,3742742,3,3742745
31357,3743071,1,3743072
31358,3743112,11,3743123
31359,3743129,1,3743130
31360,3743136,45,3743181
31361,3743189,2,3743191
31362,3743624,23,3743647
31363,3743781,1,3743782
31364,3743812,24,3743836
31365,3743861,4,3743865
31366,3743872,58,3743930
31367,3743940,2,3743942
31368,3744036,6,3744042
31369,3744089,6,3744095
31370,3744324,1,3744325
31371,3744425,3,3744428
31372,3744526,23,3744549
31373,3744681,18,3744699
31374,3744813,6,3744819
31375,3745051,16,3745067
31376,3745148,7,3745155
31377,3745503,1,3745504
31378,3745586,5,3745591
31379,3745601,11,3745612
31380,3745777,20,3745797
31381,3745824,3,3745827
31382,3745828,19,3745847
31383,3745851,7,3745858
31384,3745866,5,3745871
31385,3745913,1,3745914
31386,3745942,2,3745944
31387,3746121,63,3746184
31388,3746331,5,3746336
31389,3746337,24,3746361
31390,3746424,1,3746425
31391,3746438,30,3746468
31392,3746480,17,3746497
31393,3746502,19,3746521
31394,3746715,20,3746735
31395,3746750,9,3746759
31396,3746778,9,3746787
31397,3746946,6,3746952
31398,3746972,13,3746985
31399,3746990,19,3747009
31400,3747198,26,3747224
31401,3747262,16,3747278
31402,3747280,11,3747291
31403,3747373,19,3747392
31404,3747430,13,3747443
31405,3747488,1,3747489
31406,3747531,50,3747581
31407,3747629,13,3747642
31408,3747808,23,3747831
31409,3747856,9,3747865
31410,3747952,20,3747972
31411,3748122,13,3748135
31412,3748571,16,3748587
31413,3748701,41,3748742
31414,3748795,26,3748821
31415,3748826,8,3748834
31416,3748871,58,3748929
31417,3748940,24,3748964
31418,3748994,15,3749009
31419,3749280,4,3749284
31420,3749321,29,3749350
31421,3749620,27,3749647
31422,3749813,93,3749906
31423,3750055,4,3750059
31424,3750076,31,3750107
31425,3750126,14,3750140
31426,3750318,19,3750337
31427,3750425,18,3750443
31428,3750498,2,3750500
31429,3750573,3,3750576
31430,3750785,28,3750813
31431,3750922,13,3750935
31432,3750940,4,3750944
31433,3751151,45,3751196
31434,3751220,21,3751241
31435,3751267,2,3751269
31436,3751371,21,3751392
31437,3751512,20,3751532
31438,3751687,5,3751692
31439,3751709,6,3751715
31440,3751717,33,3751750
31441,3751826,30,3751856
31442,3751882,13,3751895
31443,3751906,1,3751907
31444,3752234,20,3752254
31445,3752259,28,3752287
31446,3752346,7,3752353
31447,3752436,20,3752456
31448,3752624,14,3752638
31449,3752810,17,3752827
31450,3753139,7,3753146
31451,3753165,2,3753167
31452,3753191,4,3753195
31453,3753386,8,3753394
31454,3753436,38,3753474
31455,3753504,6,3753510
31456,3753516,14,3753530
31457,3753531,30,3753561
31458,3753597,22,3753619
31459,3753857,1,3753858
31460,3753864,10,3753874
31461,3753956,3,3753959
31462,3753981,3,3753984
31463,3754053,7,3754060
31464,3754149,14,3754163
31465,3754174,20,3754194
31466,3754202,4,3754206
31467,3754211,7,3754218
31468,3754265,2,3754267
31469,3754346,5,3754351
31470,3754359,20,3754379
31471,3754444,2,3754446
31472,3754948,1,3754949
31473,3755113,2,3755115
31474,3755385,5,3755390
31475,3755397,35,3755432
31476,3755542,28,3755570
31477,3755817,25,3755842
31478,3755998,25,3756023
31479,3756046,12,3756058
31480,3756086,22,3756108
31481,3756262,3,3756265
31482,3756306,53,3756359
31483,3756704,5,3756709
31484,3756721,30,3756751
31485,3756826,54,3756880
31486,3757060,28,3757088
31487,3757089,4,3757093
31488,3757113,9,3757122
31489,3757233,1,3757234
31490,3757261,13,3757274
31491,3757302,41,3757343
31492,3757418,47,3757465
31493,3757632,2,3757634
31494,3757644,10,3757654
31495,3757676,20,3757696
31496,3757697,11,3757708
31497,3757829,10,3757839
31498,3757861,7,3757868
31499,3758005,55,3758060
31500,3758062,9,3758071
31501,3758211,13,3758224
31502,3758272,11,3758283
31503,3758336,20,3758356
31504,3758365,49,3758414
31505,3758460,18,3758478
31506,3758758,57,3758815
31507,3758816,8,3758824
31508,3758828,45,3758873
31509,3758929,45,3758974
31510,3759149,5,3759154
31511,3759462,17,3759479
31512,3759556,3,3759559
31513,3759607,9,3759616
31514,3759759,14,3759773
31515,3759784,26,3759810
31516,3759881,1,3759882
31517,3759922,10,3759932
31518,3759934,78,3760012
31519,3760042,5,3760047
31520,3760082,44,3760126
31521,3760276,1,3760277
31522,3760312,19,3760331
31523,3760354,37,3760391
31524,3760400,30,3760430
31525,3760510,68,3760578
31526,3760619,29,3760648
31527,3760690,44,3760734
31528,3760827,3,3760830
31529,3760864,13,3760877
31530,3760941,33,3760974
31531,3761087,1,3761088
31532,3761188,1,3761189
31533,3761377,10,3761387
31534,3761416,23,3761439
31535,3761470,9,3761479
31536,3761724,13,3761737
31537,3761772,18,3761790
31538,3761817,11,3761828
31539,3761839,2,3761841
31540,3761869,18,3761887
31541,3761971,17,3761988
31542,3762008,5,3762013
31543,3762137,83,3762220
31544,3762265,18,3762283
31545,3762627,20,3762647
31546,3762797,20,3762817
31547,3762996,115,3763111
31548,3763222,44,3763266
31549,3763313,36,3763349
31550,3763416,18,3763434
31551,3763521,20,3763541
31552,3763561,58,3763619
31553,3763623,5,3763628
31554,3763854,12,3763866
31555,3763869,31,3763900
31556,3763907,10,3763917
31557,3763952,4,3763956
31558,3764046,22,3764068
31559,3764101,45,3764146
31560,3764207,7,3764214
31561,3764412,34,3764446
31562,3764490,15,3764505
31563,3764571,9,3764580
31564,3764591,40,3764631
31565,3764669,13,3764682
31566,3764734,1,3764735
31567,3764736,5,3764741
31568,3764750,44,3764794
31569,3764832,8,3764840
31570,3764882,41,3764923
31571,3765012,7,3765019
31572,3765031,7,3765038
31573,3765127,4,3765131
31574,3765204,41,3765245
31575,3765495,41,3765536
31576,3765669,1,3765670
31577,3765681,30,3765711
31578,3765793,18,3765811
31579,3765974,58,3766032
31580,3766169,14,3766183
31581,3766367,64,3766431
31582,3766434,9,3766443
31583,3766495,21,3766516
31584,3766599,7,3766606
31585,3766642,11,3766653
31586,3766871,6,3766877
31587,3766923,18,3766941
31588,3767238,2,3767240
31589,3767286,29,3767315
31590,3767331,6,3767337
31591,3767339,8,3767347
31592,3767351,28,3767379
31593,3767464,16,3767480
31594,3767499,23,3767522
31595,3767592,10,3767602
31596,3767694,19,3767713
31597,3767772,2,3767774
31598,3767907,4,3767911
31599,3767987,3,3767990
31600,3768001,3,3768004
31601,3768031,28,3768059
31602,3768172,45,3768217
31603,3768286,14,3768300
31604,3768496,10,3768506
31605,3768625,2,3768627
31606,3768658,4,3768662
31607,3768893,21,3768914
31608,3769096,42,3769138
31609,3769207,18,3769225
31610,3769433,40,3769473
31611,3769607,18,3769625
31612,3769809,17,3769826
31613,3769851,23,3769874
31614,3770166,21,3770187
31615,3770239,1,3770240
31616,3770300,1,3770301
31617,3770338,3,3770341
31618,3770436,6,3770442
31619,3770502,26,3770528
31620,3770597,8,3770605
31621,3770716,44,3770760
31622,3770820,6,3770826
31623,3771174,5,3771179
31624,3771472,24,3771496
31625,3771743,3,3771746
31626,3771862,6,3771868
31627,3772144,4,3772148
31628,3772213,18,3772231
31629,3772253,20,3772273
31630,3772321,3,3772324
31631,3772459,56,3772515
31632,3772705,1,3772706
31633,3772803,42,3772845
31634,3772854,29,3772883
31635,3772939,41,3772980
31636,3773026,26,3773052
31637,3773148,8,3773156
31638,3773299,24,3773323
31639,3773491,3,3773494
31640,3773606,49,3773655
31641,3773752,12,3773764
31642,3773852,11,3773863
31643,3773874,43,3773917
31644,3773927,3,3773930
31645,3773934,9,3773943
31646,3774008,10,3774018
31647,3774085,41,3774126
31648,3774169,14,3774183
31649,3774206,11,3774217
31650,3774300,22,3774322
31651,3774432,6,3774438
31652,3774618,45,3774663
31653,3774841,7,3774848
31654,3774953,13,3774966
31655,3774981,14,3774995
31656,3775095,30,3775125
31657,3775269,29,3775298
31658,3775354,27,3775381
31659,3775533,37,3775570
31660,3775577,4,3775581
31661,3775720,11,3775731
31662,3775735,2,3775737
31663,3775741,13,3775754
31664,3775778,13,3775791
31665,3775884,1,3775885
31666,3775897,10,3775907
31667,3776100,1,3776101
31668,3776365,10,3776375
31669,3776387,16,3776403
31670,3776413,13,3776426
31671,3776623,12,3776635
31672,3776644,19,3776663
31673,3776763,19,3776782
31674,3776783,12,3776795
31675,3776855,29,3776884
31676,3777017,6,3777023
31677,3777033,22,3777055
31678,3777422,6,3777428
31679,3777451,6,3777457
31680,3777810,43,3777853
31681,3778121,13,3778134
31682,3778241,22,3778263
31683,3778295,10,3778305
31684,3778533,9,3778542
31685,3778564,23,3778587
31686,3778597,19,3778616
31687,3779491,40,3779531
31688,3779548,31,3779579
31689,3779700,1,3779701
31690,3779744,4,3779748
31691,3779773,35,3779808
31692,3779934,45,3779979
31693,3780003,56,3780059
31694,3780117,36,3780153
31695,3780184,53,3780237
31696,3780306,51,3780357
31697,3780444,12,3780456
31698,3780618,13,3780631
31699,3780648,53,3780701
31700,3780969,9,3780978
31701,3780999,3,3781002
31702,3781279,11,3781290
31703,3781396,17,3781413
31704,3781430,8,3781438
31705,3781612,8,3781620
31706,3781766,30,3781796
31707,3781907,48,3781955
31708,3781996,7,3782003
31709,3782130,16,3782146
31710,3782354,7,3782361
31711,3782384,2,3782386
31712,3782735,2,3782737
31713,3782749,6,3782755
31714,3782825,18,3782843
31715,3782849,29,3782878
31716,3783067,4,3783071
31717,3783133,39,3783172
31718,3783247,1,3783248
31719,3783323,3,3783326
31720,3783341,2,3783343
31721,3783355,19,3783374
31722,3783419,1,3783420
31723,3783759,13,3783772
31724,3783873,19,3783892
31725,3784169,12,3784181
31726,3784481,38,3784519
31727,3784533,21,3784554
31728,3784597,28,3784625
31729,3785002,59,3785061
31730,3785146,31,3785177
31731,3785218,3,3785221
31732,3785252,2,3785254
31733,3785590,37,3785627
31734,3785800,6,3785806
31735,3785964,11,3785975
31736,3786232,25,3786257
31737,3786417,18,3786435
31738,3786474,9,3786483
31739,3786514,27,3786541
31740,3786548,20,3786568
31741,3786598,16,3786614
31742,3786660,11,3786671
31743,3786798,19,3786817
31744,3787070,1,3787071
31745,3787193,15,3787208
31746,3787217,9,3787226
31747,3787299,3,3787302
31748,3787444,12,3787456
31749,3787459,4,3787463
31750,3787478,32,3787510
31751,3787555,41,3787596
31752,3787686,20,3787706
31753,3787872,12,3787884
31754,3787966,47,3788013
31755,3788375,11,3788386
31756,3788505,31,3788536
31757,3788607,33,3788640
31758,3788807,4,3788811
31759,3789008,18,3789026
31760,3789298,105,3789403
31761,3789431,83,3789514
31762,3790035,37,3790072
31763,3790084,2,3790086
31764,3790171,3,3790174
31765,3790223,4,3790227
31766,3790272,18,3790290
31767,3790574,17,3790591
31768,3790594,21,3790615
31769,3790747,17,3790764
31770,3790787,16,3790803
31771,3790810,6,3790816
31772,3790882,25,3790907
31773,3790968,3,3790971
31774,3791184,2,3791186
31775,3791657,34,3791691
31776,3791763,30,3791793
31777,3791804,20,3791824
31778,3792029,93,3792122
31779,3792175,37,3792212
31780,3792349,20,3792369
31781,3792401,21,3792422
31782,3792481,15,3792496
31783,3792554,25,3792579
31784,3792706,28,3792734
31785,3792857,2,3792859
31786,3792901,4,3792905
31787,3792961,33,3792994
31788,3793050,16,3793066
31789,3793225,7,3793232
31790,3793350,2,3793352
31791,3793438,5,3793443
31792,3793584,13,3793597
31793,3793607,8,3793615
31794,3793630,80,3793710
31795,3793837,4,3793841
31796,3794021,3,3794024
31797,3794184,6,3794190
31798,3794221,12,3794233
31799,3794333,18,3794351
31800,3794526,28,3794554
31801,3794665,1,3794666
31802,3794829,79,3794908
31803,3795025,37,3795062
31804,3795096,3,3795099
31805,3795167,5,3795172
31806,3795297,3,3795300
31807,3795369,15,3795384
31808,3795420,41,3795461
31809,3795527,29,3795556
31810,3795593,6,3795599
31811,3795667,10,3795677
31812,3795690,16,3795706
31813,3795713,11,3795724
31814,3795911,4,3795915
31815,3796027,8,3796035
31816,3796077,1,3796078
31817,3796304,7,3796311
31818,3796360,84,3796444
31819,3796470,29,3796499
31820,3796805,24,3796829
31821,3796866,13,3796879
31822,3796972,4,3796976
31823,3797031,14,3797045
31824,3797438,1,3797439
31825,3797725,11,3797736
31826,3797757,3,3797760
31827,3797823,69,3797892
31828,3797950,5,3797955
31829,3798649,48,3798697
31830,3798787,40,3798827
31831,3798845,13,3798858
31832,3798888,2,3798890
31833,3799201,1,3799202
31834,3799278,13,3799291
31835,3799395,26,3799421
31836,3799449,23,3799472
31837,3799530,33,3799563
31838,3799587,17,3799604
31839,3799828,4,3799832
31840,3799895,1,3799896
31841,3800020,52,3800072
31842,3800316,38,3800354
31843,3800372,9,3800381
31844,3800456,29,3800485
31845,3800575,13,3800588
31846,3800602,2,3800604
31847,3800609,10,3800619
31848,3800661,8,3800669
31849,3800693,5,3800698
31850,3800838,2,3800840
31851,3800847,3,3800850
31852,3800908,31,3800939
31853,3800998,13,3801011
31854,3801079,39,3801118
31855,3801237,1,3801238
31856,3801309,24,3801333
31857,3801350,1,3801351
31858,3801523,45,3801568
31859,3801705,37,3801742
31860,3801782,3,3801785
31861,3801854,55,3801909
31862,3801961,20,3801981
31863,3802004,11,3802015
31864,3802529,7,3802536
31865,3802545,20,3802565
31866,3802574,91,3802665
31867,3802822,4,3802826
31868,3802890,26,3802916
31869,3803062,9,3803071
31870,3803292,8,3803300
31871,3803387,87,3803474
31872,3803534,14,3803548
31873,3803793,7,3803800
31874,3803864,2,3803866
31875,3803921,41,3803962
31876,3803992,35,3804027
31877,3804269,2,3804271
31878,3804288,55,3804343
31879,3804428,63,3804491
31880,3804538,7,3804545
31881,3804803,85,3804888
31882,3804994,18,3805012
31883,3805378,7,3805385
31884,3805425,10,3805435
31885,3805787,29,3805816
31886,3805879,10,3805889
31887,3806014,29,3806043
31888,3806089,5,3806094
31889,3806137,66,3806203
31890,3806220,16,3806236
31891,3806271,14,3806285
31892,3806464,16,3806480
31893,3806646,35,3806681
31894,3806684,40,3806724
31895,3806746,3,3806749
31896,3806868,12,3806880
31897,3806985,49,3807034
31898,3807124,5,3807129
31899,3807142,3,3807145
31900,3807282,7,3807289
31901,3807402,15,3807417
31902,3807427,5,3807432
31903,3807643,5,3807648
31904,3807780,7,3807787
31905,3807855,31,3807886
31906,3807905,9,3807914
31907,3807998,17,3808015
31908,3808048,11,3808059
31909,3808092,40,3808132
31910,3808250,6,3808256
31911,3808307,56,3808363
31912,3808558,3,3808561
31913,3808673,4,3808677
31914,3808727,17,3808744
31915,3808745,21,3808766
31916,3808786,4,3808790
31917,3808876,15,3808891
31918,3808933,14,3808947
31919,3809053,19,3809072
31920,3809085,132,3809217
31921,3809435,39,3809474
31922,3809640,14,3809654
31923,3809751,12,3809763
31924,3809846,26,3809872
31925,3809875,5,3809880
31926,3809950,63,3810013
31927,3810070,16,3810086
31928,3810110,69,3810179
31929,3810245,4,3810249
31930,3810322,32,3810354
31931,3810365,3,3810368
31932,3810456,6,3810462
31933,3810616,14,3810630
31934,3810742,29,3810771
31935,3810888,47,3810935
31936,3810995,20,3811015
31937,3811062,8,3811070
31938,3811073,6,3811079
31939,3811086,8,3811094
31940,3811097,30,3811127
31941,3811454,3,3811457
31942,3812014,6,3812020
31943,3812067,63,3812130
31944,3812233,10,3812243
31945,3812295,4,3812299
31946,3812315,6,3812321
31947,3812334,20,3812354
31948,3812434,11,3812445
31949,3812836,5,3812841
31950,3812852,35,3812887
31951,3813080,36,3813116
31952,3813118,55,3813173
31953,3813296,11,3813307
31954,3813419,12,3813431
31955,3813454,1,3813455
31956,3813506,6,3813512
31957,3813636,5,3813641
31958,3813715,32,3813747
31959,3813856,4,3813860
31960,3813890,3,3813893
31961,3813932,39,3813971
31962,3814406,7,3814413
31963,3814578,7,3814585
31964,3814709,5,3814714
31965,3814932,28,3814960
31966,3814963,18,3814981
31967,3815055,28,3815083
31968,3815192,62,3815254
31969,3815297,12,3815309
31970,3815398,2,3815400
31971,3815440,8,3815448
31972,3815526,15,3815541
31973,3815604,13,3815617
31974,3815686,28,3815714
31975,3815808,40,3815848
31976,3815876,38,3815914
31977,3815949,3,3815952
31978,3816016,1,3816017
31979,3816031,20,3816051
31980,3816263,122,3816385
31981,3816773,21,3816794
31982,3816894,7,3816901
31983,3816944,38,3816982
31984,3817024,13,3817037
31985,3817458,2,3817460
31986,3817510,37,3817547
31987,3817612,52,3817664
31988,3817776,8,3817784
31989,3817823,5,3817828
31990,3817967,3,3817970
31991,3817999,3,3818002
31992,3818158,7,3818165
31993,3818177,9,3818186
31994,3818377,2,3818379
31995,3818581,9,3818590
31996,3818626,13,3818639
31997,3818659,22,3818681
31998,3818730,1,3818731
31999,3818784,13,3818797
32000,3818842,31,3818873
32001,3819098,26,3819124
32002,3819218,16,3819234
32003,3819306,31,3819337
32004,3819361,3,3819364
32005,3819387,2,3819389
32006,3819425,18,3819443
32007,3819690,28,3819718
32008,3819763,28,3819791
32009,3819821,34,3819855
32010,3820100,35,3820135
32011,3820160,8,3820168
32012,3820183,7,3820190
32013,3820244,44,3820288
32014,3820296,94,3820390
32015,3820497,9,3820506
32016,3820606,3,3820609
32017,3820845,51,3820896
32018,3821084,1,3821085
32019,3821120,23,3821143
32020,3821150,6,3821156
32021,3821259,37,3821296
32022,3821418,6,3821424
32023,3821675,31,3821706
32024,3821716,1,3821717
32025,3821756,24,3821780
32026,3821847,11,3821858
32027,3821922,9,3821931
32028,3821976,10,3821986
32029,3822075,4,3822079
32030,3822238,3,3822241
32031,3822274,40,3822314
32032,3822376,38,3822414
32033,3822499,25,3822524
32034,3822752,17,3822769
32035,3822987,6,3822993
32036,3823030,22,3823052
32037,3823190,35,3823225
32038,3823233,23,3823256
32039,3823324,6,3823330
32040,3823342,29,3823371
32041,3823510,16,3823526
32042,3823729,9,3823738
32043,3823855,27,3823882
32044,3824053,2,3824055
32045,3824168,37,3824205
32046,3824223,21,3824244
32047,3824248,37,3824285
32048,3824322,51,3824373
32049,3824476,48,3824524
32050,3824563,1,3824564
32051,3824648,1,3824649
32052,3824716,15,3824731
32053,3824830,46,3824876
32054,3825122,60,3825182
32055,3825204,9,3825213
32056,3825386,13,3825399
32057,3825602,7,3825609
32058,3825627,26,3825653
32059,3825794,75,3825869
32060,3825937,45,3825982
32061,3826043,18,3826061
32062,3826116,23,3826139
32063,3826233,16,3826249
32064,3826414,28,3826442
32065,3826482,9,3826491
32066,3826539,17,3826556
32067,3826761,10,3826771
32068,3826852,90,3826942
32069,3827198,13,3827211
32070,3827216,20,3827236
32071,3827314,2,3827316
32072,3827481,3,3827484
32073,3827529,46,3827575
32074,3827626,14,3827640
32075,3827661,33,3827694
32076,3827779,30,3827809
32077,3827967,9,3827976
32078,3828044,11,3828055
32079,3828263,58,3828321
32080,3828426,15,3828441
32081,3828551,13,3828564
32082,3828652,13,3828665
32083,3828678,46,3828724
32084,3828788,99,3828887
32085,3828895,2,3828897
32086,3829026,18,3829044
32087,3829065,33,3829098
32088,3829241,12,3829253
32089,3829363,19,3829382
32090,3829482,3,3829485
32091,3829591,14,3829605
32092,3829790,2,3829792
32093,3829800,35,3829835
32094,3830101,4,3830105
32095,3830136,30,3830166
32096,3830192,62,3830254
32097,3830306,8,3830314
32098,3830320,48,3830368
32099,3830413,20,3830433
32100,3830469,22,3830491
32101,3830568,8,3830576
32102,3830584,42,3830626
32103,3830713,1,3830714
32104,3830777,2,3830779
32105,3830780,5,3830785
32106,3830817,2,3830819
32107,3830943,4,3830947
32108,3830978,51,3831029
32109,3831047,16,3831063
32110,3831259,7,3831266
32111,3831279,75,3831354
32112,3831378,11,3831389
32113,3831397,12,3831409
32114,3831429,107,3831536
32115,3831557,22,3831579
32116,3831588,11,3831599
32117,3831756,8,3831764
32118,3831814,2,3831816
32119,3831887,11,3831898
32120,3831949,22,3831971
32121,3831991,41,3832032
32122,3832128,27,3832155
32123,3832291,10,3832301
32124,3832339,25,3832364
32125,3832497,8,3832505
32126,3832578,4,3832582
32127,3832727,45,3832772
32128,3832884,12,3832896
32129,3832907,9,3832916
32130,3833301,10,3833311
32131,3833544,2,3833546
32132,3833608,34,3833642
32133,3834003,8,3834011
32134,3834031,5,3834036
32135,3834108,19,3834127
32136,3834137,35,3834172
32137,3834193,22,3834215
32138,3834228,12,3834240
32139,3834271,2,3834273
32140,3834324,27,3834351
32141,3834507,18,3834525
32142,3834592,47,3834639
32143,3834920,14,3834934
32144,3835097,3,3835100
32145,3835186,68,3835254
32146,3835346,48,3835394
32147,3835413,14,3835427
32148,3835559,9,3835568
32149,3835593,6,3835599
32150,3835645,1,3835646
32151,3835789,28,3835817
32152,3835914,27,3835941
32153,3836023,4,3836027
32154,3836059,13,3836072
32155,3836113,1,3836114
32156,3836287,14,3836301
32157,3836469,13,3836482
32158,3836517,44,3836561
32159,3836731,39,3836770
32160,3836928,3,3836931
32161,3836960,13,3836973
32162,3836998,8,3837006
32163,3837047,22,3837069
32164,3837224,8,3837232
32165,3837314,45,3837359
32166,3837438,14,3837452
32167,3837726,4,3837730
32168,3837949,3,3837952
32169,3837997,11,3838008
32170,3838023,1,3838024
32171,3838123,61,3838184
32172,3838193,14,3838207
32173,3838209,74,3838283
32174,3838307,23,3838330
32175,3838365,19,3838384
32176,3838670,12,3838682
32177,3838736,4,3838740
32178,3838812,14,3838826
32179,3838908,4,3838912
32180,3838991,16,3839007
32181,3839181,24,3839205
32182,3839211,35,3839246
32183,3839280,10,3839290
32184,3839357,61,3839418
32185,3839749,17,3839766
32186,3839860,12,3839872
32187,3839920,11,3839931
32188,3839932,27,3839959
32189,3839984,29,3840013
32190,3840022,27,3840049
32191,3840341,29,3840370
32192,3840626,5,3840631
32193,3840738,28,3840766
32194,3840768,10,3840778
32195,3840964,35,3840999
32196,3841121,18,3841139
32197,3841336,14,3841350
32198,3841441,9,3841450
32199,3841631,5,3841636
32200,3841645,1,3841646
32201,3841767,41,3841808
32202,3841854,5,3841859
32203,3841973,21,3841994
32204,3842065,7,3842072
32205,3842131,22,3842153
32206,3842161,40,3842201
32207,3842210,33,3842243
32208,3842296,4,3842300
32209,3842339,10,3842349
32210,3842525,10,3842535
32211,3842638,5,3842643
32212,3842682,11,3842693
32213,3842709,29,3842738
32214,3842840,8,3842848
32215,3842868,8,3842876
32216,3842974,6,3842980
32217,3843140,11,3843151
32218,3843213,1,3843214
32219,3843243,2,3843245
32220,3843248,11,3843259
32221,3843268,5,3843273
32222,3843373,6,3843379
32223,3843639,8,3843647
32224,3843776,20,3843796
32225,3843816,16,3843832
32226,3843886,12,3843898
32227,3843964,6,3843970
32228,3843994,35,3844029
32229,3844081,32,3844113
32230,3844197,4,3844201
32231,3844203,8,3844211
32232,3844245,48,3844293
32233,3844337,77,3844414
32234,3844494,4,3844498
32235,3844859,14,3844873
32236,3844875,2,3844877
32237,3844901,14,3844915
32238,3844933,62,3844995
32239,3845095,18,3845113
32240,3845153,82,3845235
32241,3845609,35,3845644
32242,3845721,16,3845737
32243,3845748,15,3845763
32244,3845829,25,3845854
32245,3845855,13,3845868
32246,3845940,12,3845952
32247,3845996,13,3846009
32248,3846243,28,3846271
32249,3846414,7,3846421
32250,3846536,16,3846552
32251,3846559,22,3846581
32252,3846621,58,3846679
32253,3846818,1,3846819
32254,3846835,15,3846850
32255,3846945,27,3846972
32256,3846999,9,3847008
32257,3847231,4,3847235
32258,3847250,16,3847266
32259,3847488,40,3847528
32260,3847534,18,3847552
32261,3847640,1,3847641
32262,3847908,2,3847910
32263,3847920,11,3847931
32264,3847949,1,3847950
32265,3848094,5,3848099
32266,3848227,2,3848229
32267,3848230,15,3848245
32268,3848302,14,3848316
32269,3848420,1,3848421
32270,3848440,24,3848464
32271,3848539,27,3848566
32272,3848588,3,3848591
32273,3848719,19,3848738
32274,3849196,4,3849200
32275,3849217,16,3849233
32276,3849264,4,3849268
32277,3849542,23,3849565
32278,3849571,30,3849601
32279,3849807,4,3849811
32280,3849882,51,3849933
32281,3850056,21,3850077
32282,3850177,25,3850202
32283,3850289,3,3850292
32284,3850558,3,3850561
32285,3850581,3,3850584
32286,3850590,9,3850599
32287,3850608,5,3850613
32288,3850680,27,3850707
32289,3851089,2,3851091
32290,3851308,30,3851338
32291,3851412,14,3851426
32292,3851471,13,3851484
32293,3851503,1,3851504
32294,3851518,25,3851543
32295,3851666,5,3851671
32296,3851722,15,3851737
32297,3851876,11,3851887
32298,3852005,10,3852015
32299,3852199,12,3852211
32300,3852303,55,3852358
32301,3852456,11,3852467
32302,3852566,8,3852574
32303,3852863,11,3852874
32304,3853040,8,3853048
32305,3853086,4,3853090
32306,3853188,15,3853203
32307,3853231,4,3853235
32308,3853461,4,3853465
32309,3853466,46,3853512
32310,3853618,14,3853632
32311,3853701,16,3853717
32312,3853787,6,3853793
32313,3853794,30,3853824
32314,3853840,6,3853846
32315,3853923,21,3853944
32316,3853972,28,3854000
32317,3854097,18,3854115
32318,3854291,20,3854311
32319,3854375,14,3854389
32320,3854501,4,3854505
32321,3854584,31,3854615
32322,3854829,4,3854833
32323,3854906,2,3854908
32324,3854924,7,3854931
32325,3854962,15,3854977
32326,3855035,32,3855067
32327,3855265,8,3855273
32328,3855311,13,3855324
32329,3855355,23,3855378
32330,3855504,39,3855543
32331,3855783,51,3855834
32332,3855905,6,3855911
32333,3856188,16,3856204
32334,3856210,17,3856227
32335,3856395,1,3856396
32336,3856524,35,3856559
32337,3856580,16,3856596
32338,3856608,20,3856628
32339,3856650,32,3856682
32340,3856712,43,3856755
32341,3856818,54,3856872
32342,3857253,4,3857257
32343,3857367,46,3857413
32344,3857466,2,3857468
32345,3857473,1,3857474
32346,3857478,44,3857522
32347,3857768,13,3857781
32348,3857893,4,3857897
32349,3857983,20,3858003
32350,3858101,38,3858139
32351,3858205,27,3858232
32352,3858296,19,3858315
32353,3858342,12,3858354
32354,3858445,20,3858465
32355,3858693,35,3858728
32356,3858843,50,3858893
32357,3859098,19,3859117
32358,3859135,25,3859160
32359,3859195,7,3859202
32360,3859249,17,3859266
32361,3859315,27,3859342
32362,3859377,24,3859401
32363,3859424,27,3859451
32364,3859480,59,3859539
32365,3859651,31,3859682
32366,3859796,12,3859808
32367,3859809,5,3859814
32368,3859818,4,3859822
32369,3859824,41,3859865
32370,3859929,32,3859961
32371,3859987,29,3860016
32372,3860022,8,3860030
32373,3860119,27,3860146
32374,3860233,2,3860235
32375,3860428,6,3860434
32376,3860574,4,3860578
32377,3860761,1,3860762
32378,3860801,5,3860806
32379,3860841,5,3860846
32380,3860904,21,3860925
32381,3861026,13,3861039
32382,3861084,41,3861125
32383,3861168,8,3861176
32384,3861249,4,3861253
32385,3861327,28,3861355
32386,3861399,17,3861416
32387,3861666,8,3861674
32388,3861718,11,3861729
32389,3861806,10,3861816
32390,3861824,4,3861828
32391,3861856,22,3861878
32392,3861887,9,3861896
32393,3861901,2,3861903
32394,3861981,46,3862027
32395,3862045,21,3862066
32396,3862079,3,3862082
32397,3862088,6,3862094
32398,3862203,13,3862216
32399,3862466,41,3862507
32400,3862568,30,3862598
32401,3862834,8,3862842
32402,3862876,11,3862887
32403,3862960,1,3862961
32404,3863185,6,3863191
32405,3863281,8,3863289
32406,3863662,19,3863681
32407,3863760,12,3863772
32408,3863810,8,3863818
32409,3863964,40,3864004
32410,3864091,25,3864116
32411,3864137,5,3864142
32412,3864322,42,3864364
32413,3864441,20,3864461
32414,3864742,19,3864761
32415,3864936,37,3864973
32416,3865005,5,3865010
32417,3865074,14,3865088
32418,3865243,10,3865253
32419,3865254,9,3865263
32420,3865367,16,3865383
32421,3865718,4,3865722
32422,3865725,4,3865729
32423,3865865,8,3865873
32424,3865893,16,3865909
32425,3866027,129,3866156
32426,3866276,6,3866282
32427,3866290,27,3866317
32428,3866399,38,3866437
32429,3866531,7,3866538
32430,3866661,38,3866699
32431,3866740,18,3866758
32432,3867042,15,3867057
32433,3867102,7,3867109
32434,3867185,2,3867187
32435,3867194,14,3867208
32436,3867286,17,3867303
32437,3867544,1,3867545
32438,3867916,36,3867952
32439,3868090,36,3868126
32440,3868298,11,3868309
32441,3868371,24,3868395
32442,3868411,3,3868414
32443,3868572,3,3868575
32444,3868593,18,3868611
32445,3868632,19,3868651
32446,3868685,5,3868690
32447,3868707,37,3868744
32448,3868987,29,3869016
32449,3869086,9,3869095
32450,3869100,47,3869147
32451,3869188,13,3869201
32452,3869220,83,3869303
32453,3869371,28,3869399
32454,3869422,4,3869426
32455,3869428,1,3869429
32456,3869441,2,3869443
32457,3869495,20,3869515
32458,3869707,42,3869749
32459,3869787,6,3869793
32460,3869875,17,3869892
32461,3869956,1,3869957
32462,3870008,11,3870019
32463,3870112,3,3870115
32464,3870413,3,3870416
32465,3870509,69,3870578
32466,3870616,11,3870627
32467,3871020,1,3871021
32468,3871076,6,3871082
32469,3871134,11,3871145
32470,3871165,54,3871219
32471,3871318,7,3871325
32472,3871514,11,3871525
32473,3871569,1,3871570
32474,3871588,40,3871628
32475,3871651,16,3871667
32476,3871707,22,3871729
32477,3871777,25,3871802
32478,3871818,18,3871836
32479,3871846,13,3871859
32480,3871915,47,3871962
32481,3871982,3,3871985
32482,3872017,34,3872051
32483,3872182,8,3872190
32484,3872486,53,3872539
32485,3872557,5,3872562
32486,3872697,12,3872709
32487,3872797,9,3872806
32488,3872873,19,3872892
32489,3872915,33,3872948
32490,3873059,3,3873062
32491,3873153,56,3873209
32492,3873335,6,3873341
32493,3873523,7,3873530
32494,3873577,40,3873617
32495,3873724,22,3873746
32496,3873877,5,3873882
32497,3874016,14,3874030
32498,3874080,27,3874107
32499,3874119,14,3874133
32500,3874260,17,3874277
32501,3874315,3,3874318
32502,3874439,4,3874443
32503,3874560,11,3874571
32504,3874877,33,3874910
32505,3875156,25,3875181
32506,3875202,19,3875221
32507,3875270,63,3875333
32508,3875724,3,3875727
32509,3875793,6,3875799
32510,3875847,17,3875864
32511,3876185,2,3876187
32512,3876205,6,3876211
32513,3876257,23,3876280
32514,3876598,16,3876614
32515,3876718,7,3876725
32516,3876780,40,3876820
32517,3876833,12,3876845
32518,3876884,19,3876903
32519,3876996,35,3877031
32520,3877298,32,3877330
32521,3877397,6,3877403
32522,3877495,4,3877499
32523,3877565,14,3877579
32524,3877654,3,3877657
32525,3877676,12,3877688
32526,3877779,57,3877836
32527,3877907,7,3877914
32528,3878037,4,3878041
32529,3878051,6,3878057
32530,3878129,5,3878134
32531,3878480,3,3878483
32532,3878529,15,3878544
32533,3878693,6,3878699
32534,3878756,4,3878760
32535,3878851,17,3878868
32536,3878998,27,3879025
32537,3879085,2,3879087
32538,3879095,1,3879096
32539,3879108,30,3879138
32540,3879186,14,3879200
32541,3879288,16,3879304
32542,3879353,3,3879356
32543,3879385,7,3879392
32544,3879418,32,3879450
32545,3879485,6,3879491
32546,3879524,13,3879537
32547,3879568,6,3879574
32548,3879616,18,3879634
32549,3879696,46,3879742
32550,3879771,20,3879791
32551,3879809,11,3879820
32552,3879877,15,3879892
32553,3880022,13,3880035
32554,3880074,19,3880093
32555,3880450,14,3880464
32556,3880591,12,3880603
32557,3880606,2,3880608
32558,3880748,11,3880759
32559,3880869,13,3880882
32560,3880953,66,3881019
32561,3881108,3,3881111
32562,3881120,3,3881123
32563,3881193,3,3881196
32564,3881229,19,3881248
32565,3881261,1,3881262
32566,3881388,6,3881394
32567,3881421,20,3881441
32568,3881482,10,3881492
32569,3881656,4,3881660
32570,3881661,50,3881711
32571,3881737,29,3881766
32572,3882007,7,3882014
32573,3882080,101,3882181
32574,3882324,4,3882328
32575,3882501,16,3882517
32576,3882615,12,3882627
32577,3882657,33,3882690
32578,3882763,5,3882768
32579,3882824,10,3882834
32580,3883117,44,3883161
32581,3883184,5,3883189
32582,3883263,7,3883270
32583,3883364,40,3883404
32584,3883498,13,3883511
32585,3883530,31,3883561
32586,3884145,52,3884197
32587,3884495,21,3884516
32588,3884631,61,3884692
32589,3884728,35,3884763
32590,3884801,8,3884809
32591,3884811,21,3884832
32592,3884857,37,3884894
32593,3885111,86,3885197
32594,3885222,9,3885231
32595,3885378,18,3885396
32596,3885451,11,3885462
32597,3885512,13,3885525
32598,3885535,17,3885552
32599,3885671,13,3885684
32600,3885777,22,3885799
32601,3885807,56,3885863
32602,3885911,14,3885925
32603,3886030,58,3886088
32604,3886107,19,3886126
32605,3886128,8,3886136
32606,3886353,11,3886364
32607,3886407,8,3886415
32608,3886503,43,3886546
32609,3886633,18,3886651
32610,3886714,4,3886718
32611,3886774,27,3886801
32612,3886966,30,3886996
32613,3887067,13,3887080
32614,3887148,2,3887150
32615,3887201,2,3887203
32616,3887216,6,3887222
32617,3887266,9,3887275
32618,3887345,26,3887371
32619,3887530,4,3887534
32620,3887592,9,3887601
32621,3887723,40,3887763
32622,3887798,20,3887818
32623,3887904,51,3887955
32624,3887986,12,3887998
32625,3888111,9,3888120
32626,3888162,22,3888184
32627,3888322,33,3888355
32628,3888374,28,3888402
32629,3888412,14,3888426
32630,3888488,9,3888497
32631,3888559,33,3888592
32632,3888645,23,3888668
32633,3888725,12,3888737
32634,3888824,50,3888874
32635,3888925,9,3888934
32636,3888940,20,3888960
32637,3889021,12,3889033
32638,3889187,15,3889202
32639,3889224,36,3889260
32640,3889368,6,3889374
32641,3889453,3,3889456
32642,3889506,37,3889543
32643,3889709,19,3889728
32644,3889741,71,3889812
32645,3890168,1,3890169
32646,3890173,51,3890224
32647,3890289,6,3890295
32648,3890697,14,3890711
32649,3890718,2,3890720
32650,3890730,6,3890736
32651,3890749,6,3890755
32652,3890761,33,3890794
32653,3890840,9,3890849
32654,3890929,36,3890965
32655,3890994,36,3891030
32656,3891058,70,3891128
32657,3891476,43,3891519
32658,3892124,5,3892129
32659,3892282,21,3892303
32660,3892446,21,3892467
32661,3892471,11,3892482
32662,3892508,26,3892534
32663,3892617,1,3892618
32664,3892646,17,3892663
32665,3892798,12,3892810
32666,3892819,10,3892829
32667,3892840,3,3892843
32668,3893061,2,3893063
32669,3893151,22,3893173
32670,3893207,14,3893221
32671,3893222,38,3893260
32672,3893383,4,3893387
32673,3893684,5,3893689
32674,3893817,7,3893824
32675,3893911,13,3893924
32676,3893926,18,3893944
32677,3893958,8,3893966
32678,3893987,3,3893990
32679,3894049,24,3894073
32680,3895012,9,3895021
32681,3895058,46,3895104
32682,3895146,3,3895149
32683,3895192,38,3895230
32684,3895512,18,3895530
32685,3895582,24,3895606
32686,3895611,4,3895615
32687,3895663,13,3895676
32688,3895694,3,3895697
32689,3895767,5,3895772
32690,3895824,3,3895827
32691,3895964,27,3895991
32692,3896157,9,3896166
32693,3896197,36,3896233
32694,3896405,15,3896420
32695,3896477,100,3896577
32696,3896602,66,3896668
32697,3896719,21,3896740
32698,3896782,77,3896859
32699,3896884,93,3896977
32700,3897075,6,3897081
32701,3897216,22,3897238
32702,3897446,17,3897463
32703,3897782,5,3897787
32704,3897850,3,3897853
32705,3898081,12,3898093
32706,3898126,12,3898138
32707,3898173,1,3898174
32708,3898253,14,3898267
32709,3898462,20,3898482
32710,3898601,10,3898611
32711,3898612,26,3898638
32712,3898852,2,3898854
32713,3899002,70,3899072
32714,3899168,8,3899176
32715,3899259,11,3899270
32716,3899421,51,3899472
32717,3899640,14,3899654
32718,3899656,44,3899700
32719,3899718,20,3899738
32720,3899819,49,3899868
32721,3899881,10,3899891
32722,3900100,4,3900104
32723,3900115,13,3900128
32724,3900139,27,3900166
32725,3900206,21,3900227
32726,3900260,10,3900270
32727,3900464,7,3900471
32728,3900582,90,3900672
32729,3900903,15,3900918
32730,3900949,44,3900993
32731,3901434,5,3901439
32732,3901471,5,3901476
32733,3901599,12,3901611
32734,3901782,2,3901784
32735,3901818,51,3901869
32736,3902032,46,3902078
32737,3902145,23,3902168
32738,3902196,3,3902199
32739,3902297,8,3902305
32740,3902879,12,3902891
32741,3902896,38,3902934
32742,3903125,4,3903129
32743,3903216,67,3903283
32744,3903538,81,3903619
32745,3903674,47,3903721
32746,3903750,9,3903759
32747,3903788,2,3903790
32748,3903930,22,3903952
32749,3903975,22,3903997
32750,3904080,49,3904129
32751,3904294,35,3904329
32752,3904686,2,3904688
32753,3904724,2,3904726
32754,3904948,75,3905023
32755,3905087,7,3905094
32756,3905235,2,3905237
32757,3905252,23,3905275
32758,3905406,14,3905420
32759,3905469,16,3905485
32760,3905557,20,3905577
32761,3905727,20,3905747
32762,3905788,15,3905803
32763,3905831,8,3905839
32764,3905931,30,3905961
32765,3906057,15,3906072
32766,3906120,4,3906124
32767,3906175,1,3906176
32768,3906201,57,3906258
32769,3906432,13,3906445
32770,3906502,10,3906512
32771,3906611,2,3906613
32772,3906744,1,3906745
32773,3906948,7,3906955
32774,3907010,22,3907032
32775,3907208,9,3907217
32776,3907227,4,3907231
32777,3907263,7,3907270
32778,3907318,15,3907333
32779,3907359,52,3907411
32780,3907792,9,3907801
32781,3907811,70,3907881
32782,3907968,23,3907991
32783,3907994,52,3908046
32784,3908250,10,3908260
32785,3908261,24,3908285
32786,3908413,33,3908446
32787,3908448,37,3908485
32788,3908761,4,3908765
32789,3908827,20,3908847
32790,3908902,31,3908933
32791,3908948,1,3908949
32792,3908995,10,3909005
32793,3909196,9,3909205
32794,3909403,51,3909454
32795,3909747,18,3909765
32796,3909779,7,3909786
32797,3909928,4,3909932
32798,3909940,23,3909963
32799,3910149,10,3910159
32800,3910363,13,3910376
32801,3910441,60,3910501
32802,3910529,61,3910590
32803,3910675,1,3910676
32804,3910764,23,3910787
32805,3910793,7,3910800
32806,3910842,34,3910876
32807,3911008,23,3911031
32808,3911110,4,3911114
32809,3911146,3,3911149
32810,3911185,16,3911201
32811,3911268,2,3911270
32812,3911580,5,3911585
32813,3911625,8,3911633
32814,3911838,8,3911846
32815,3911953,39,3911992
32816,3912148,22,3912170
32817,3912172,13,3912185
32818,3912312,27,3912339
32819,3912540,6,3912546
32820,3912615,45,3912660
32821,3912721,28,3912749
32822,3912845,36,3912881
32823,3912886,50,3912936
32824,3912950,19,3912969
32825,3913056,5,3913061
32826,3913076,9,3913085
32827,3913139,4,3913143
32828,3913302,38,3913340
32829,3913343,60,3913403
32830,3913578,13,3913591
32831,3914295,4,3914299
32832,3914316,15,3914331
32833,3914723,3,3914726
32834,3914812,12,3914824
32835,3914897,58,3914955
32836,3914958,21,3914979
32837,3915262,14,3915276
32838,3915328,52,3915380
32839,3915419,6,3915425
32840,3915719,43,3915762
32841,3915951,20,3915971
32842,3916125,4,3916129
32843,3916225,22,3916247
32844,3916259,12,3916271
32845,3916407,3,3916410
32846,3916653,25,3916678
32847,3916729,155,3916884
32848,3917087,25,3917112
32849,3917176,24,3917200
32850,3917264,45,3917309
32851,3917321,11,3917332
32852,3917406,9,3917415
32853,3917450,33,3917483
32854,3917543,40,3917583
32855,3917625,1,3917626
32856,3917652,10,3917662
32857,3917855,34,3917889
32858,3918011,52,3918063
32859,3918260,6,3918266
32860,3918307,46,3918353
32861,3918370,9,3918379
32862,3918392,5,3918397
32863,3918461,6,3918467
32864,3918544,1,3918545
32865,3918777,20,3918797
32866,3918890,20,3918910
32867,3919042,50,3919092
32868,3919235,13,3919248
32869,3919379,28,3919407
32870,3919438,11,3919449
32871,3919592,1,3919593
32872,3919763,31,3919794
32873,3920065,61,3920126
32874,3920164,13,3920177
32875,3920347,3,3920350
32876,3920460,10,3920470
32877,3920564,28,3920592
32878,3920630,20,3920650
32879,3920848,17,3920865
32880,3920918,39,3920957
32881,3921068,14,3921082
32882,3921100,2,3921102
32883,3921224,19,3921243
32884,3921266,13,3921279
32885,3921298,81,3921379
32886,3921395,7,3921402
32887,3921495,17,3921512
32888,3921548,30,3921578
32889,3921823,36,3921859
32890,3921940,11,3921951
32891,3922423,2,3922425
32892,3922460,7,3922467
32893,3922479,30,3922509
32894,3922740,7,3922747
32895,3922952,1,3922953
32896,3923150,12,3923162
32897,3923250,14,3923264
32898,3923291,6,3923297
32899,3923343,22,3923365
32900,3923368,44,3923412
32901,3923773,2,3923775
32902,3923820,8,3923828
32903,3923834,2,3923836
32904,3923954,30,3923984
32905,3924100,2,3924102
32906,3924230,33,3924263
32907,3924266,6,3924272
32908,3924316,10,3924326
32909,3924368,1,3924369
32910,3924412,82,3924494
32911,3924498,10,3924508
32912,3924654,19,3924673
32913,3924694,18,3924712
32914,3924722,7,3924729
32915,3924881,33,3924914
32916,3925068,5,3925073
32917,3925081,1,3925082
32918,3925365,11,3925376
32919,3925430,4,3925434
32920,3925490,26,3925516
32921,3925595,53,3925648
32922,3925797,2,3925799
32923,3925963,7,3925970
32924,3925976,12,3925988
32925,3926010,29,3926039
32926,3926164,2,3926166
32927,3926265,6,3926271
32928,3926546,49,3926595
32929,3926714,27,3926741
32930,3926757,40,3926797
32931,3926804,1,3926805
32932,3926832,39,3926871
32933,3926884,26,3926910
32934,3926950,9,3926959
32935,3927057,5,3927062
32936,3927078,49,3927127
32937,3927159,32,3927191
32938,3927309,9,3927318
32939,3927348,30,3927378
32940,3927651,2,3927653
32941,3927788,9,3927797
32942,3927916,50,3927966
32943,3927990,1,3927991
32944,3928265,13,3928278
32945,3928482,36,3928518
32946,3928561,4,3928565
32947,3928733,30,3928763
32948,3928797,36,3928833
32949,3928840,8,3928848
32950,3928907,18,3928925
32951,3928943,18,3928961
32952,3929128,41,3929169
32953,3929195,18,3929213
32954,3929670,14,3929684
32955,3929798,6,3929804
32956,3929958,3,3929961
32957,3930078,8,3930086
32958,3930295,1,3930296
32959,3930437,3,3930440
32960,3930517,16,3930533
32961,3930724,12,3930736
32962,3930862,34,3930896
32963,3930911,36,3930947
32964,3930952,3,3930955
32965,3931184,43,3931227
32966,3931357,60,3931417
32967,3931507,4,3931511
32968,3931789,17,3931806
32969,3931866,11,3931877
32970,3931999,18,3932017
32971,3932153,19,3932172
32972,3932173,23,3932196
32973,3932202,17,3932219
32974,3932223,7,3932230
32975,3932239,45,3932284
32976,3932521,26,3932547
32977,3932645,7,3932652
32978,3932738,15,3932753
32979,3932797,18,3932815
32980,3932892,11,3932903
32981,3933050,17,3933067
32982,3933127,12,3933139
32983,3933232,32,3933264
32984,3933334,5,3933339
32985,3933427,16,3933443
32986,3933517,44,3933561
32987,3933645,67,3933712
32988,3933743,46,3933789
32989,3933864,2,3933866
32990,3934084,2,3934086
32991,3934130,7,3934137
32992,3934318,86,3934404
32993,3934660,12,3934672
32994,3934701,9,3934710
32995,3934931,5,3934936
32996,3934951,3,3934954
32997,3935092,3,3935095
32998,3935156,16,3935172
32999,3935339,10,3935349
33000,3935376,14,3935390
33001,3935459,6,3935465
33002,3935635,42,3935677
33003,3935736,11,3935747
33004,3935905,8,3935913
33005,3935941,8,3935949
33006,3936196,38,3936234
33007,3936475,11,3936486
33008,3936531,10,3936541
33009,3936622,7,3936629
33010,3936652,68,3936720
33011,3936766,13,3936779
33012,3936826,4,3936830
33013,3936849,2,3936851
33014,3937081,10,3937091
33015,3937288,46,3937334
33016,3937447,19,3937466
33017,3937597,10,3937607
33018,3937724,1,3937725
33019,3937767,29,3937796
33020,3938054,15,3938069
33021,3938152,33,3938185
33022,3938251,11,3938262
33023,3938324,1,3938325
33024,3938353,9,3938362
33025,3938389,1,3938390
33026,3938425,7,3938432
33027,3938539,37,3938576
33028,3938673,12,3938685
33029,3938742,14,3938756
33030,3938869,4,3938873
33031,3938889,3,3938892
33032,3938992,31,3939023
33033,3939045,55,3939100
33034,3939153,22,3939175
33035,3939496,1,3939497
33036,3939539,14,3939553
33037,3939558,2,3939560
33038,3939625,2,3939627
33039,3939810,2,3939812
33040,3939840,40,3939880
33041,3939910,27,3939937
33042,3940138,2,3940140
33043,3940178,21,3940199
33044,3940211,67,3940278
33045,3940367,23,3940390
33046,3940522,2,3940524
33047,3940605,70,3940675
33048,3940749,11,3940760
33049,3941009,3,3941012
33050,3941073,9,3941082
33051,3941087,50,3941137
33052,3941319,11,3941330
33053,3941452,48,3941500
33054,3941532,41,3941573
33055,3941726,24,3941750
33056,3941833,13,3941846
33057,3941856,21,3941877
33058,3941888,12,3941900
33059,3941990,25,3942015
33060,3942080,21,3942101
33061,3942136,9,3942145
33062,3942200,15,3942215
33063,3942293,3,3942296
33064,3942361,22,3942383
33065,3942397,25,3942422
33066,3942671,34,3942705
33067,3943098,55,3943153
33068,3943480,81,3943561
33069,3943644,20,3943664
33070,3943704,2,3943706
33071,3943730,30,3943760
33072,3943872,45,3943917
33073,3944020,37,3944057
33074,3944171,1,3944172
33075,3944337,20,3944357
33076,3944553,1,3944554
33077,3944736,4,3944740
33078,3945019,5,3945024
33079,3945194,20,3945214
33080,3945259,4,3945263
33081,3945274,19,3945293
33082,3945308,15,3945323
33083,3945404,23,3945427
33084,3945481,10,3945491
33085,3945933,2,3945935
33086,3945962,1,3945963
33087,3945977,50,3946027
33088,3946209,14,3946223
33089,3946327,3,3946330
33090,3946333,17,3946350
33091,3946353,24,3946377
33092,3946604,90,3946694
33093,3946708,31,3946739
33094,3946832,14,3946846
33095,3946847,3,3946850
33096,3946987,25,3947012
33097,3947196,3,3947199
33098,3947202,3,3947205
33099,3947398,20,3947418
33100,3947795,30,3947825
33101,3947898,4,3947902
33102,3947976,74,3948050
33103,3948133,56,3948189
33104,3948317,10,3948327
33105,3948419,2,3948421
33106,3948495,4,3948499
33107,3948506,3,3948509
33108,3948746,18,3948764
33109,3948980,30,3949010
33110,3949059,5,3949064
33111,3949066,14,3949080
33112,3949507,2,3949509
33113,3949646,31,3949677
33114,3949707,6,3949713
33115,3949748,24,3949772
33116,3949901,7,3949908
33117,3949945,6,3949951
33118,3950384,13,3950397
33119,3950485,18,3950503
33120,3950599,88,3950687
33121,3950707,6,3950713
33122,3950806,7,3950813
33123,3950836,10,3950846
33124,3951005,2,3951007
33125,3951053,30,3951083
33126,3951098,55,3951153
33127,3951204,48,3951252
33128,3951293,9,3951302
33129,3951498,8,3951506
33130,3951521,47,3951568
33131,3951573,23,3951596
33132,3951743,23,3951766
33133,3951794,2,3951796
33134,3951875,7,3951882
33135,3951917,20,3951937
33136,3951959,20,3951979
33137,3952052,40,3952092
33138,3952406,28,3952434
33139,3952532,13,3952545
33140,3952645,72,3952717
33141,3952922,16,3952938
33142,3953037,3,3953040
33143,3953130,7,3953137
33144,3953293,7,3953300
33145,3953432,4,3953436
33146,3953530,57,3953587
33147,3953613,13,3953626
33148,3953677,4,3953681
33149,3953696,9,3953705
33150,3953828,6,3953834
33151,3953970,16,3953986
33152,3954043,6,3954049
33153,3954066,17,3954083
33154,3954099,10,3954109
33155,3954123,2,3954125
33156,3954138,2,3954140
33157,3954169,28,3954197
33158,3954264,38,3954302
33159,3954329,27,3954356
33160,3954489,8,3954497
33161,3954518,1,3954519
33162,3954617,2,3954619
33163,3954773,36,3954809
33164,3954845,22,3954867
33165,3955024,9,3955033
33166,3955035,25,3955060
33167,3955168,12,3955180
33168,3955232,2,3955234
33169,3955361,4,3955365
33170,3955593,7,3955600
33171,3955621,30,3955651
33172,3955701,20,3955721
33173,3955781,36,3955817
33174,3955996,15,3956011
33175,3956067,51,3956118
33176,3956190,9,3956199
33177,3956446,3,3956449
33178,3956598,9,3956607
33179,3956719,48,3956767
33180,3956827,17,3956844
33181,3956870,6,3956876
33182,3957058,39,3957097
33183,3957158,18,3957176
33184,3957281,49,3957330
33185,3957342,12,3957354
33186,3957387,28,3957415
33187,3957573,28,3957601
33188,3957916,18,3957934
33189,3957969,3,3957972
33190,3958523,2,3958525
33191,3958599,1,3958600
33192,3958636,25,3958661
33193,3958763,2,3958765
33194,3958824,24,3958848
33195,3958924,91,3959015
33196,3959185,21,3959206
33197,3959322,28,3959350
33198,3959444,11,3959455
33199,3959672,17,3959689
33200,3959764,12,3959776
33201,3959844,20,3959864
33202,3959898,10,3959908
33203,3959984,26,3960010
33204,3960062,17,3960079
33205,3960205,1,3960206
33206,3960337,12,3960349
33207,3960467,3,3960470
33208,3960889,22,3960911
33209,3961083,36,3961119
33210,3961146,5,3961151
33211,3961253,50,3961303
33212,3961373,46,3961419
33213,3961433,9,3961442
33214,3961463,11,3961474
33215,3961612,17,3961629
33216,3961738,1,3961739
33217,3961814,22,3961836
33218,3961856,12,3961868
33219,3961880,5,3961885
33220,3961947,5,3961952
33221,3962008,9,3962017
33222,3962052,2,3962054
33223,3962080,54,3962134
33224,3962144,18,3962162
33225,3962215,36,3962251
33226,3962312,45,3962357
33227,3962389,11,3962400
33228,3962634,26,3962660
33229,3962792,2,3962794
33230,3962814,29,3962843
33231,3962942,78,3963020
33232,3963033,6,3963039
33233,3963146,9,3963155
33234,3963210,17,3963227
33235,3963276,30,3963306
33236,3963414,5,3963419
33237,3963429,59,3963488
33238,3963491,6,3963497
33239,3963591,15,3963606
33240,3963615,29,3963644
33241,3963690,3,3963693
33242,3963728,14,3963742
33243,3963755,41,3963796
33244,3963809,4,3963813
33245,3963892,15,3963907
33246,3963956,26,3963982
33247,3964024,25,3964049
33248,3964101,37,3964138
33249,3964166,3,3964169
33250,3964175,44,3964219
33251,3964533,68,3964601
33252,3964678,43,3964721
33253,3964929,7,3964936
33254,3964954,6,3964960
33255,3965154,6,3965160
33256,3965329,5,3965334
33257,3965338,6,3965344
33258,3965424,6,3965430
33259,3965567,32,3965599
33260,3965620,31,3965651
33261,3965780,10,3965790
33262,3965971,61,3966032
33263,3966167,6,3966173
33264,3966254,6,3966260
33265,3966561,6,3966567
33266,3966669,64,3966733
33267,3967010,14,3967024
33268,3967216,6,3967222
33269,3967266,47,3967313
33270,3967336,24,3967360
33271,3967544,15,3967559
33272,3967767,68,3967835
33273,3967911,6,3967917
33274,3967981,13,3967994
33275,3968181,21,3968202
33276,3968291,21,3968312
33277,3968451,1,3968452
33278,3968458,21,3968479
33279,3968553,52,3968605
33280,3968640,5,3968645
33281,3968759,6,3968765
33282,3969352,20,3969372
33283,3969454,13,3969467
33284,3969475,16,3969491
33285,3969498,30,3969528
33286,3969577,9,3969586
33287,3969684,9,3969693
33288,3969876,31,3969907
33289,3969909,6,3969915
33290,3969973,30,3970003
33291,3970141,2,3970143
33292,3970165,121,3970286
33293,3970292,17,3970309
33294,3970387,8,3970395
33295,3970542,8,3970550
33296,3970567,17,3970584
33297,3970618,4,3970622
33298,3970628,13,3970641
33299,3970743,11,3970754
33300,3970845,8,3970853
33301,3971016,5,3971021
33302,3971033,25,3971058
33303,3971233,22,3971255
33304,3971273,2,3971275
33305,3971523,4,3971527
33306,3971621,12,3971633
33307,3971676,3,3971679
33308,3971688,3,3971691
33309,3971708,20,3971728
33310,3971918,20,3971938
33311,3972027,17,3972044
33312,3972144,3,3972147
33313,3972157,6,3972163
33314,3972509,2,3972511
33315,3972526,30,3972556
33316,3972595,21,3972616
33317,3972827,4,3972831
33318,3972859,22,3972881
33319,3973005,1,3973006
33320,3973162,13,3973175
33321,3973201,9,3973210
33322,3973342,5,3973347
33323,3973517,4,3973521
33324,3973610,3,3973613
33325,3973710,4,3973714
33326,3973745,24,3973769
33327,3973817,11,3973828
33328,3973848,16,3973864
33329,3973993,28,3974021
33330,3974263,137,3974400
33331,3974707,5,3974712
33332,3974717,14,3974731
33333,3975006,32,3975038
33334,3975058,4,3975062
33335,3975159,6,3975165
33336,3975184,8,3975192
33337,3975219,5,3975224
33338,3975369,2,3975371
33339,3975437,21,3975458
33340,3975611,21,3975632
33341,3975681,14,3975695
33342,3975712,45,3975757
33343,3975841,43,3975884
33344,3975927,8,3975935
33345,3976047,28,3976075
33346,3976091,27,3976118
33347,3976202,5,3976207
33348,3976392,2,3976394
33349,3976401,10,3976411
33350,3976419,3,3976422
33351,3976673,36,3976709
33352,3976798,14,3976812
33353,3976947,15,3976962
33354,3977051,12,3977063
33355,3977153,6,3977159
33356,3977213,29,3977242
33357,3977326,13,3977339
33358,3977776,46,3977822
33359,3977833,5,3977838
33360,3977848,88,3977936
33361,3977987,12,3977999
33362,3978094,3,3978097
33363,3978160,1,3978161
33364,3978184,2,3978186
33365,3978308,28,3978336
33366,3978380,12,3978392
33367,3978465,10,3978475
33368,3978569,5,3978574
33369,3978608,65,3978673
33370,3978754,6,3978760
33371,3978774,15,3978789
33372,3978877,27,3978904
33373,3979084,10,3979094
33374,3979105,5,3979110
33375,3979164,33,3979197
33376,3979262,17,3979279
33377,3979356,21,3979377
33378,3979389,5,3979394
33379,3979435,79,3979514
33380,3979598,7,3979605
33381,3979891,44,3979935
33382,3980270,5,3980275
33383,3980332,11,3980343
33384,3980360,4,3980364
33385,3980668,11,3980679
33386,3980710,31,3980741
33387,3980901,1,3980902
33388,3981135,1,3981136
33389,3981170,35,3981205
33390,3981305,23,3981328
33391,3981348,58,3981406
33392,3981601,4,3981605
33393,3981696,19,3981715
33394,3981750,14,3981764
33395,3981779,1,3981780
33396,3981993,13,3982006
33397,3982204,3,3982207
33398,3982302,1,3982303
33399,3982359,12,3982371
33400,3982450,3,3982453
33401,3982493,10,3982503
33402,3982532,16,3982548
33403,3982572,16,3982588
33404,3982656,43,3982699
33405,3983139,6,3983145
33406,3983212,4,3983216
33407,3983231,9,3983240
33408,3983277,6,3983283
33409,3983483,11,3983494
33410,3983522,8,3983530
33411,3983670,7,3983677
33412,3983841,33,3983874
33413,3983960,32,3983992
33414,3984134,20,3984154
33415,3984352,5,3984357
33416,3984359,2,3984361
33417,3984582,1,3984583
33418,3984677,12,3984689
33419,3984862,15,3984877
33420,3984887,9,3984896
33421,3984912,8,3984920
33422,3985149,12,3985161
33423,3985279,5,3985284
33424,3985361,2,3985363
33425,3985422,23,3985445
33426,3985474,9,3985483
33427,3985509,15,3985524
33428,3985551,18,3985569
33429,3985916,20,3985936
33430,3986084,21,3986105
33431,3986340,13,3986353
33432,3986376,21,3986397
33433,3986720,9,3986729
33434,3986807,1,3986808
33435,3986979,23,3987002
33436,3987157,7,3987164
33437,3987206,12,3987218
33438,3987223,45,3987268
33439,3987765,14,3987779
33440,3987828,7,3987835
33441,3987918,25,3987943
33442,3987982,41,3988023
33443,3988260,8,3988268
33444,3988344,2,3988346
33445,3988599,1,3988600
33446,3988729,11,3988740
33447,3988812,18,3988830
33448,3989127,12,3989139
33449,3989159,1,3989160
33450,3989211,20,3989231
33451,3989273,13,3989286
33452,3989528,10,3989538
33453,3989605,41,3989646
33454,3989650,19,3989669
33455,3989944,6,3989950
33456,3990004,7,3990011
33457,3990054,4,3990058
33458,3990282,41,3990323
33459,3990326,14,3990340
33460,3990439,5,3990444
33461,3990499,23,3990522
33462,3990657,31,3990688
33463,3990713,12,3990725
33464,3990788,2,3990790
33465,3990888,47,3990935
33466,3991125,42,3991167
33467,3991189,14,3991203
33468,3991259,2,3991261
33469,3991479,11,3991490
33470,3991518,10,3991528
33471,3991550,2,3991552
33472,3991558,1,3991559
33473,3991635,7,3991642
33474,3991644,15,3991659
33475,3991800,1,3991801
33476,3991870,1,3991871
33477,3991971,13,3991984
33478,3991996,17,3992013
33479,3992102,36,3992138
33480,3992151,42,3992193
33481,3992194,9,3992203
33482,3992306,84,3992390
33483,3992489,6,3992495
33484,3992617,25,3992642
33485,3992732,29,3992761
33486,3992811,5,3992816
33487,3992970,26,3992996
33488,3993211,33,3993244
33489,3993260,12,3993272
33490,3993285,55,3993340
33491,3993464,37,3993501
33492,3993505,12,3993517
33493,3993621,6,3993627
33494,3993737,11,3993748
33495,3993798,13,3993811
33496,3993833,41,3993874
33497,3993965,11,3993976
33498,3993998,35,3994033
33499,3994151,5,3994156
33500,3994164,7,3994171
33501,3994172,16,3994188
33502,3994214,12,3994226
33503,3994322,3,3994325
33504,3994571,8,3994579
33505,3994841,16,3994857
33506,3995078,18,3995096
33507,3995179,10,3995189
33508,3995266,14,3995280
33509,3995314,25,3995339
33510,3995392,25,3995417
33511,3995525,7,3995532
33512,3995551,62,3995613
33513,3995622,12,3995634
33514,3995644,20,3995664
33515,3995722,2,3995724
33516,3995725,3,3995728
33517,3995795,35,3995830
33518,3995870,7,3995877
33519,3995878,4,3995882
33520,3996000,5,3996005
33521,3996008,6,3996014
33522,3996084,5,3996089
33523,3996152,17,3996169
33524,3996181,32,3996213
33525,3996259,34,3996293
33526,3996614,17,3996631
33527,3996794,19,3996813
33528,3996829,17,3996846
33529,3996919,4,3996923
33530,3997022,1,3997023
33531,3997314,24,3997338
33532,3997470,13,3997483
33533,3997547,6,3997553
33534,3997850,14,3997864
33535,3997899,35,3997934
33536,3997986,4,3997990
33537,3998324,18,3998342
33538,3998391,55,3998446
33539,3998449,9,3998458
33540,3998519,22,3998541
33541,3998607,5,3998612
33542,3998685,52,3998737
33543,3999006,23,3999029
33544,3999058,21,3999079
33545,3999160,9,3999169
33546,3999246,1,3999247
33547,3999285,9,3999294
33548,3999321,17,3999338
33549,3999374,10,3999384
33550,3999387,5,3999392
33551,3999427,2,3999429
33552,3999495,1,3999496
33553,3999602,5,3999607
33554,3999622,2,3999624
33555,3999711,2,3999713
33556,3999875,31,3999906
33557,4000036,11,4000047
33558,4000105,42,4000147
33559,4000308,31,4000339
33560,4000463,1,4000464
33561,4000481,40,4000521
33562,4000561,22,4000583
33563,4000906,16,4000922
33564,4000989,1,4000990
33565,4001249,1,4001250
33566,4001388,20,4001408
33567,4001535,42,4001577
33568,4001674,14,4001688
33569,4001767,59,4001826
33570,4001918,11,4001929
33571,4002006,3,4002009
33572,4002169,3,4002172
33573,4002215,16,4002231
33574,4002268,2,4002270
33575,4002273,1,4002274
33576,4002289,6,4002295
33577,4002370,17,4002387
33578,4002498,9,4002507
33579,4002660,13,4002673
33580,4002683,2,4002685
33581,4002722,4,4002726
33582,4002939,66,4003005
33583,4003044,43,4003087
33584,4003145,24,4003169
33585,4003180,34,4003214
33586,4003341,22,4003363
33587,4003390,1,4003391
33588,4003449,10,4003459
33589,4003488,9,4003497
33590,4003513,8,4003521
33591,4003596,68,4003664
33592,4003752,15,4003767
33593,4003813,27,4003840
33594,4003899,12,4003911
33595,4004034,29,4004063
33596,4004229,25,4004254
33597,4004337,9,4004346
33598,4004504,2,4004506
33599,4004565,3,4004568
33600,4004573,30,4004603
33601,4004806,14,4004820
33602,4005276,67,4005343
33603,4005361,19,4005380
33604,4005484,11,4005495
33605,4005658,8,4005666
33606,4005764,8,4005772
33607,4005844,2,4005846
33608,4005898,19,4005917
33609,4006059,41,4006100
33610,4006182,4,4006186
33611,4006403,8,4006411
33612,4006630,15,4006645
33613,4006725,10,4006735
33614,4006793,37,4006830
33615,4006945,7,4006952
33616,4007027,8,4007035
33617,4007046,21,4007067
33618,4007183,18,4007201
33619,4007215,106,4007321
33620,4007389,42,4007431
33621,4007590,1,4007591
33622,4007742,3,4007745
33623,4008145,10,4008155
33624,4008218,14,4008232
33625,4008388,75,4008463
33626,4008530,21,4008551
33627,4008565,13,4008578
33628,4008629,1,4008630
33629,4008648,45,4008693
33630,4008730,89,4008819
33631,4008997,1,4008998
33632,4009145,8,4009153
33633,4009194,16,4009210
33634,4009608,120,4009728
33635,4009735,3,4009738
33636,4009839,7,4009846
33637,4009847,8,4009855
33638,4009963,11,4009974
33639,4010038,16,4010054
33640,4010262,7,4010269
33641,4010290,12,4010302
33642,4010550,45,4010595
33643,4010951,19,4010970
33644,4011012,4,4011016
33645,4011127,6,4011133
33646,4011425,12,4011437
33647,4011543,6,4011549
33648,4011593,38,4011631
33649,4011708,4,4011712
33650,4011773,8,4011781
33651,4011923,16,4011939
33652,4012205,11,4012216
33653,4012245,28,4012273
33654,4012362,23,4012385
33655,4012403,32,4012435
33656,4012464,7,4012471
33657,4012495,14,4012509
33658,4012544,1,4012545
33659,4012581,9,4012590
33660,4012680,1,4012681
33661,4012693,2,4012695
33662,4012753,11,4012764
33663,4012786,19,4012805
33664,4012814,26,4012840
33665,4012987,24,4013011
33666,4013033,4,4013037
33667,4013155,26,4013181
33668,4013403,5,4013408
33669,4013514,36,4013550
33670,4013560,1,4013561
33671,4013703,40,4013743
33672,4013883,4,4013887
33673,4013917,5,4013922
33674,4014047,34,4014081
33675,4014195,22,4014217
33676,4014338,22,4014360
33677,4014845,33,4014878
33678,4014890,7,4014897
33679,4014975,6,4014981
33680,4015062,25,4015087
33681,4015127,1,4015128
33682,4015147,22,4015169
33683,4015486,21,4015507
33684,4015579,13,4015592
33685,4015595,1,4015596
33686,4015703,21,4015724
33687,4015822,8,4015830
33688,4015950,16,4015966
33689,4016032,34,4016066
33690,4016090,52,4016142
33691,4016362,64,4016426
33692,4016581,109,4016690
33693,4016712,3,4016715
33694,4016840,7,4016847
33695,4016854,51,4016905
33696,4016958,30,4016988
33697,4017227,39,4017266
33698,4017480,90,4017570
33699,4017701,5,4017706
33700,4017721,3,4017724
33701,4017875,19,4017894
33702,4018064,11,4018075
33703,4018228,12,4018240
33704,4018442,3,4018445
33705,4018610,13,4018623
33706,4018731,33,4018764
33707,4018844,22,4018866
33708,4018900,23,4018923
33709,4018963,6,4018969
33710,4018981,56,4019037
33711,4019090,13,4019103
33712,4019219,4,4019223
33713,4019242,15,4019257
33714,4019335,23,4019358
33715,4019416,24,4019440
33716,4019460,10,4019470
33717,4019676,13,4019689
33718,4019726,4,4019730
33719,4019731,19,4019750
33720,4019778,8,4019786
33721,4019789,109,4019898
33722,4020115,19,4020134
33723,4020269,30,4020299
33724,4020305,15,4020320
33725,4020368,7,4020375
33726,4020481,20,4020501
33727,4020551,40,4020591
33728,4020856,121,4020977
33729,4021033,14,4021047
33730,4021207,22,4021229
33731,4021301,7,4021308
33732,4021339,31,4021370
33733,4021449,17,4021466
33734,4021513,4,4021517
33735,4021622,21,4021643
33736,4021956,41,4021997
33737,4022011,24,4022035
33738,4022046,35,4022081
33739,4022237,34,4022271
33740,4022416,6,4022422
33741,4022617,31,4022648
33742,4022677,29,4022706
33743,4022780,30,4022810
33744,4022843,12,4022855
33745,4022923,34,4022957
33746,4022960,34,4022994
33747,4023111,7,4023118
33748,4023307,18,4023325
33749,4023347,12,4023359
33750,4023659,7,4023666
33751,4023670,2,4023672
33752,4023773,6,4023779
33753,4023920,31,4023951
33754,4024060,3,4024063
33755,4024312,13,4024325
33756,4024429,1,4024430
33757,4024453,5,4024458
33758,4024577,5,4024582
33759,4024646,5,4024651
33760,4024765,42,4024807
33761,4024812,1,4024813
33762,4024856,66,4024922
33763,4024932,1,4024933
33764,4025050,8,4025058
33765,4025097,22,4025119
33766,4025205,13,4025218
33767,4025420,23,4025443
33768,4025593,21,4025614
33769,4025618,4,4025622
33770,4025996,51,4026047
33771,4026155,74,4026229
33772,4026313,22,4026335
33773,4026445,16,4026461
33774,4026550,36,4026586
33775,4026827,4,4026831
33776,4026854,1,4026855
33777,4026867,9,4026876
33778,4026935,2,4026937
33779,4026995,60,4027055
33780,4027441,28,4027469
33781,4027602,35,4027637
33782,4027646,11,4027657
33783,4027662,3,4027665
33784,4027732,10,4027742
33785,4027815,13,4027828
33786,4027955,3,4027958
33787,4027963,35,4027998
33788,4028008,22,4028030
33789,4028254,36,4028290
33790,4028405,36,4028441
33791,4028643,47,4028690
33792,4028759,4,4028763
33793,4028934,43,4028977
33794,4029078,26,4029104
33795,4029241,11,4029252
33796,4029610,4,4029614
33797,4029656,25,4029681
33798,4029694,58,4029752
33799,4029788,6,4029794
33800,4029886,50,4029936
33801,4029942,6,4029948
33802,4029987,4,4029991
33803,4030075,2,4030077
33804,4030292,8,4030300
33805,4030304,15,4030319
33806,4030344,16,4030360
33807,4030421,58,4030479
33808,4030494,27,4030521
33809,4030536,21,4030557
33810,4030579,13,4030592
33811,4031013,30,4031043
33812,4031062,1,4031063
33813,4031177,4,4031181
33814,4031290,54,4031344
33815,4031420,151,4031571
33816,4031831,7,4031838
33817,4032023,30,4032053
33818,4032091,5,4032096
33819,4032194,21,4032215
33820,4032249,5,4032254
33821,4032417,5,4032422
33822,4032716,1,4032717
33823,4032791,15,4032806
33824,4032834,44,4032878
33825,4032918,64,4032982
33826,4033283,14,4033297
33827,4033307,71,4033378
33828,4033471,10,4033481
33829,4033531,12,4033543
33830,4034365,15,4034380
33831,4034667,4,4034671
33832,4034822,37,4034859
33833,4035116,3,4035119
33834,4035361,26,4035387
33835,4035481,9,4035490
33836,4035614,3,4035617
33837,4035746,14,4035760
33838,4035945,27,4035972
33839,4035977,8,4035985
33840,4036011,6,4036017
33841,4036288,2,4036290
33842,4036332,27,4036359
33843,4036467,19,4036486
33844,4036499,25,4036524
33845,4036593,9,4036602
33846,4036661,23,4036684
33847,4036725,9,4036734
33848,4036775,4,4036779
33849,4036861,25,4036886
33850,4036939,38,4036977
33851,4037178,41,4037219
33852,4037331,24,4037355
33853,4037436,7,4037443
33854,4037565,44,4037609
33855,4037683,7,4037690
33856,4037770,5,4037775
33857,4037868,59,4037927
33858,4038123,3,4038126
33859,4038145,2,4038147
33860,4038277,1,4038278
33861,4038319,9,4038328
33862,4038521,41,4038562
33863,4038662,13,4038675
33864,4038795,8,4038803
33865,4038834,9,4038843
33866,4038911,75,4038986
33867,4039106,2,4039108
33868,4039147,6,4039153
33869,4039157,4,4039161
33870,4039385,46,4039431
33871,4039773,29,4039802
33872,4039905,8,4039913
33873,4039926,12,4039938
33874,4040005,5,4040010
33875,4040065,21,4040086
33876,4040105,20,4040125
33877,4040283,11,4040294
33878,4040308,4,4040312
33879,4040431,40,4040471
33880,4040693,3,4040696
33881,4040748,24,4040772
33882,4040805,20,4040825
33883,4041027,6,4041033
33884,4041106,9,4041115
33885,4041153,91,4041244
33886,4041338,26,4041364
33887,4041526,8,4041534
33888,4041598,5,4041603
33889,4041689,7,4041696
33890,4041754,4,4041758
33891,4041825,21,4041846
33892,4041879,4,4041883
33893,4041895,2,4041897
33894,4042059,6,4042065
33895,4042078,20,4042098
33896,4042192,9,4042201
33897,4042361,9,4042370
33898,4042371,4,4042375
33899,4042524,29,4042553
33900,4042839,6,4042845
33901,4043037,55,4043092
33902,4043239,13,4043252
33903,4043258,2,4043260
33904,4043316,5,4043321
33905,4043473,9,4043482
33906,4043526,3,4043529
33907,4043680,44,4043724
33908,4043807,3,4043810
33909,4043851,53,4043904
33910,4044015,13,4044028
33911,4044165,8,4044173
33912,4044183,2,4044185
33913,4044369,18,4044387
33914,4044517,8,4044525
33915,4044544,10,4044554
33916,4044586,22,4044608
33917,4044620,44,4044664
33918,4044843,16,4044859
33919,4044922,8,4044930
33920,4045047,6,4045053
33921,4045116,13,4045129
33922,4045251,16,4045267
33923,4045277,2,4045279
33924,4045495,4,4045499
33925,4045536,8,4045544
33926,4045568,19,4045587
33927,4045616,73,4045689
33928,4045734,26,4045760
33929,4045895,52,4045947
33930,4046154,26,4046180
33931,4046187,49,4046236
33932,4046406,17,4046423
33933,4046454,52,4046506
33934,4046528,16,4046544
33935,4046656,2,4046658
33936,4046672,4,4046676
33937,4046687,2,4046689
33938,4046831,14,4046845
33939,4046915,1,4046916
33940,4047109,10,4047119
33941,4047215,9,4047224
33942,4047289,14,4047303
33943,4047370,67,4047437
33944,4047453,2,4047455
33945,4047552,57,4047609
33946,4047949,4,4047953
33947,4047961,3,4047964
33948,4048071,38,4048109
33949,4048131,74,4048205
33950,4048209,23,4048232
33951,4048238,23,4048261
33952,4048529,49,4048578
33953,4048602,44,4048646
33954,4048839,1,4048840
33955,4048843,58,4048901
33956,4049116,4,4049120
33957,4049259,1,4049260
33958,4049436,8,4049444
33959,4049494,1,4049495
33960,4049539,1,4049540
33961,4049594,15,4049609
33962,4050193,23,4050216
33963,4050321,17,4050338
33964,4050517,2,4050519
33965,4050582,41,4050623
33966,4050636,41,4050677
33967,4050699,2,4050701
33968,4050733,7,4050740
33969,4050807,10,4050817
33970,4050836,36,4050872
33971,4051150,14,4051164
33972,4051222,11,4051233
33973,4051358,34,4051392
33974,4051583,47,4051630
33975,4051634,6,4051640
33976,4051711,14,4051725
33977,4051779,37,4051816
33978,4051818,12,4051830
33979,4051848,8,4051856
33980,4051859,1,4051860
33981,4051958,22,4051980
33982,4052269,29,4052298
33983,4052403,15,4052418
33984,4052490,12,4052502
33985,4052560,4,4052564
33986,4052844,6,4052850
33987,4052855,33,4052888
33988,4053000,27,4053027
33989,4053072,39,4053111
33990,4053117,6,4053123
33991,4053287,23,4053310
33992,4053358,20,4053378
33993,4053393,7,4053400
33994,4053442,1,4053443
33995,4053706,10,4053716
33996,4053975,25,4054000
33997,4054032,10,4054042
33998,4054071,11,4054082
33999,4054196,12,4054208
34000,4054298,4,4054302
34001,4054374,23,4054397
34002,4054484,1,4054485
34003,4054490,5,4054495
34004,4054496,33,4054529
34005,4054543,1,4054544
34006,4054559,19,4054578
34007,4054728,29,4054757
34008,4054803,33,4054836
34009,4054848,5,4054853
34010,4054931,34,4054965
34011,4055132,70,4055202
34012,4055283,36,4055319
34013,4055391,1,4055392
34014,4055445,4,4055449
34015,4055496,1,4055497
34016,4055615,29,4055644
34017,4055650,37,4055687
34018,4055728,19,4055747
34019,4056017,18,4056035
34020,4056111,5,4056116
34021,4056361,5,4056366
34022,4056497,41,4056538
34023,4056686,1,4056687
34024,4056824,4,4056828
34025,4056845,28,4056873
34026,4056886,43,4056929
34027,4057165,1,4057166
34028,4057311,30,4057341
34029,4057353,41,4057394
34030,4057481,8,4057489
34031,4057517,1,4057518
34032,4057607,25,4057632
34033,4057704,38,4057742
34034,4057772,3,4057775
34035,4058059,8,4058067
34036,4058074,3,4058077
34037,4058118,10,4058128
34038,4058184,22,4058206
34039,4058251,39,4058290
34040,4058327,15,4058342
34041,4058384,6,4058390
34042,4058400,20,4058420
34043,4058514,6,4058520
34044,4058557,3,4058560
34045,4058594,35,4058629
34046,4058642,5,4058647
34047,4058702,13,4058715
34048,4058787,32,4058819
34049,4058912,9,4058921
34050,4059048,175,4059223
34051,4059310,16,4059326
34052,4059563,1,4059564
34053,4059578,25,4059603
34054,4059694,34,4059728
34055,4059833,15,4059848
34056,4059943,15,4059958
34057,4059973,32,4060005
34058,4060025,1,4060026
34059,4060200,5,4060205
34060,4060462,67,4060529
34061,4060769,30,4060799
34062,4060800,12,4060812
34063,4060877,5,4060882
34064,4060885,4,4060889
34065,4060975,19,4060994
34066,4061033,4,4061037
34067,4061050,30,4061080
34068,4061478,16,4061494
34069,4061568,11,4061579
34070,4061583,1,4061584
34071,4061600,11,4061611
34072,4061620,13,4061633
34073,4061638,1,4061639
34074,4061719,3,4061722
34075,4061723,43,4061766
34076,4061869,84,4061953
34077,4062136,6,4062142
34078,4062293,8,4062301
34079,4062325,32,4062357
34080,4062484,23,4062507
34081,4063021,10,4063031
34082,4063236,1,4063237
34083,4063273,66,4063339
34084,4063386,1,4063387
34085,4063511,3,4063514
34086,4063578,31,4063609
34087,4063667,8,4063675
34088,4063742,34,4063776
34089,4063900,8,4063908
34090,4064245,8,4064253
34091,4064263,1,4064264
34092,4064339,5,4064344
34093,4064439,15,4064454
34094,4064466,15,4064481
34095,4064725,7,4064732
34096,4064803,34,4064837
34097,4065046,5,4065051
34098,4065151,6,4065157
34099,4065161,13,4065174
34100,4065368,11,4065379
34101,4065387,34,4065421
34102,4065545,78,4065623
34103,4065654,17,4065671
34104,4065886,10,4065896
34105,4066192,20,4066212
34106,4066331,7,4066338
34107,4066377,42,4066419
34108,4066429,11,4066440
34109,4066467,1,4066468
34110,4066820,14,4066834
34111,4066987,1,4066988
34112,4067319,3,4067322
34113,4067557,81,4067638
34114,4067716,23,4067739
34115,4067970,24,4067994
34116,4068005,2,4068007
34117,4068040,19,4068059
34118,4068099,11,4068110
34119,4068117,3,4068120
34120,4068159,31,4068190
34121,4068418,19,4068437
34122,4068480,18,4068498
34123,4068580,20,4068600
34124,4068705,10,4068715
34125,4068849,36,4068885
34126,4069002,35,4069037
34127,4069085,16,4069101
34128,4069134,46,4069180
34129,4069181,8,4069189
34130,4069562,3,4069565
34131,4069611,50,4069661
34132,4069708,2,4069710
34133,4069941,8,4069949
34134,4070390,33,4070423
34135,4070505,10,4070515
34136,4070810,38,4070848
34137,4070934,74,4071008
34138,4071089,19,4071108
34139,4071117,2,4071119
34140,4071210,55,4071265
34141,4071447,38,4071485
34142,4071575,12,4071587
34143,4071743,1,4071744
34144,4071767,30,4071797
34145,4071801,2,4071803
34146,4071824,15,4071839
34147,4071869,1,4071870
34148,4071907,2,4071909
34149,4072154,9,4072163
34150,4072360,16,4072376
34151,4072403,16,4072419
34152,4072427,13,4072440
34153,4072462,10,4072472
34154,4072608,1,4072609
34155,4072771,18,4072789
34156,4072947,15,4072962
34157,4073068,11,4073079
34158,4073125,9,4073134
34159,4073298,38,4073336
34160,4073425,6,4073431
34161,4073670,3,4073673
34162,4073707,7,4073714
34163,4073815,7,4073822
34164,4073981,19,4074000
34165,4074027,32,4074059
34166,4074180,12,4074192
34167,4074564,6,4074570
34168,4074751,14,4074765
34169,4074937,47,4074984
34170,4075208,2,4075210
34171,4075230,47,4075277
34172,4075459,1,4075460
34173,4075495,38,4075533
34174,4075567,15,4075582
34175,4075746,15,4075761
34176,4076013,19,4076032
34177,4076060,21,4076081
34178,4076246,8,4076254
34179,4076370,34,4076404
34180,4076574,9,4076583
34181,4076762,23,4076785
34182,4076916,5,4076921
34183,4076974,17,4076991
34184,4077007,63,4077070
34185,4077104,7,4077111
34186,4077161,31,4077192
34187,4077315,33,4077348
34188,4077400,41,4077441
34189,4077442,26,4077468
34190,4077531,24,4077555
34191,4077709,9,4077718
34192,4077811,3,4077814
34193,4078271,39,4078310
34194,4078370,1,4078371
34195,4078500,14,4078514
34196,4078777,43,4078820
34197,4078867,4,4078871
34198,4079141,2,4079143
34199,4079168,3,4079171
34200,4079190,2,4079192
34201,4079352,27,4079379
34202,4079465,2,4079467
34203,4079615,13,4079628
34204,4079630,9,4079639
34205,4079678,68,4079746
34206,4079758,22,4079780
34207,4079810,6,4079816
34208,4079850,3,4079853
34209,4080055,17,4080072
34210,4080308,29,4080337
34211,4080471,133,4080604
34212,4080637,26,4080663
34213,4080667,25,4080692
34214,4080793,1,4080794
34215,4080821,87,4080908
34216,4080982,8,4080990
34217,4081002,2,4081004
34218,4081008,48,4081056
34219,4081096,17,4081113
34220,4081314,1,4081315
34221,4081605,11,4081616
34222,4081717,20,4081737
34223,4081771,6,4081777
34224,4081778,5,4081783
34225,4081793,12,4081805
34226,4081924,7,4081931
34227,4082056,11,4082067
34228,4082177,4,4082181
34229,4082191,23,4082214
34230,4082223,2,4082225
34231,4082388,25,4082413
34232,4082559,61,4082620
34233,4082666,15,4082681
34234,4082732,7,4082739
34235,4082968,16,4082984
34236,4083028,9,4083037
34237,4083039,29,4083068
34238,4083159,12,4083171
34239,4083237,8,4083245
34240,4083307,16,4083323
34241,4083564,1,4083565
34242,4083798,11,4083809
34243,4083863,21,4083884
34244,4083892,17,4083909
34245,4084069,1,4084070
34246,4084224,6,4084230
34247,4084239,6,4084245
34248,4084432,17,4084449
34249,4084627,14,4084641
34250,4084680,57,4084737
34251,4084802,9,4084811
34252,4084883,8,4084891
34253,4085041,3,4085044
34254,4085059,1,4085060
34255,4085076,18,4085094
34256,4085109,46,4085155
34257,4085240,40,4085280
34258,4085371,3,4085374
34259,4085550,38,4085588
34260,4085607,26,4085633
34261,4085692,21,4085713
34262,4085727,12,4085739
34263,4085747,9,4085756
34264,4085836,24,4085860
34265,4086027,6,4086033
34266,4086104,23,4086127
34267,4086133,5,4086138
34268,4086226,46,4086272
34269,4086403,41,4086444
34270,4086550,60,4086610
34271,4086708,3,4086711
34272,4087100,4,4087104
34273,4087301,15,4087316
34274,4087493,55,4087548
34275,4087582,27,4087609
34276,4087676,13,4087689
34277,4087728,16,4087744
34278,4087943,29,4087972
34279,4088145,5,4088150
34280,4088229,5,4088234
34281,4088237,7,4088244
34282,4088340,12,4088352
34283,4088399,1,4088400
34284,4088410,13,4088423
34285,4088426,11,4088437
34286,4088625,17,4088642
34287,4088735,5,4088740
34288,4088815,40,4088855
34289,4088967,41,4089008
34290,4089039,49,4089088
34291,4089091,22,4089113
34292,4089229,39,4089268
34293,4089612,54,4089666
34294,4089756,2,4089758
34295,4089790,14,4089804
34296,4089855,5,4089860
34297,4089977,21,4089998
34298,4090076,23,4090099
34299,4090102,23,4090125
34300,4090502,16,4090518
34301,4090561,8,4090569
34302,4090575,1,4090576
34303,4090679,46,4090725
34304,4091060,25,4091085
34305,4091173,3,4091176
34306,4091288,17,4091305
34307,4091879,14,4091893
34308,4092083,39,4092122
34309,4092150,16,4092166
34310,4092225,2,4092227
34311,4092281,20,4092301
34312,4092313,2,4092315
34313,4092332,17,4092349
34314,4092372,16,4092388
34315,4092414,20,4092434
34316,4092549,12,4092561
34317,4093093,18,4093111
34318,4093388,28,4093416
34319,4093439,6,4093445
34320,4093464,28,4093492
34321,4093691,15,4093706
34322,4093836,7,4093843
34323,4093940,7,4093947
34324,4093987,18,4094005
34325,4094010,26,4094036
34326,4094255,63,4094318
34327,4094382,11,4094393
34328,4094428,14,4094442
34329,4094470,1,4094471
34330,4094557,53,4094610
34331,4094722,29,4094751
34332,4094961,9,4094970
34333,4095318,37,4095355
34334,4095526,26,4095552
34335,4095624,18,4095642
34336,4095786,9,4095795
34337,4095813,3,4095816
34338,4096015,23,4096038
34339,4096059,20,4096079
34340,4096151,3,4096154
34341,4096182,11,4096193
34342,4096249,67,4096316
34343,4096471,2,4096473
34344,4096596,8,4096604
34345,4096800,17,4096817
34346,4097083,15,4097098
34347,4097275,21,4097296
34348,4097325,17,4097342
34349,4097432,46,4097478
34350,4097671,118,4097789
34351,4098143,24,4098167
34352,4098231,48,4098279
34353,4098332,32,4098364
34354,4098378,18,4098396
34355,4098694,8,4098702
34356,4098740,27,4098767
34357,4098771,28,4098799
34358,4099010,10,4099020
34359,4099086,14,4099100
34360,4099140,9,4099149
34361,4099241,6,4099247
34362,4099331,46,4099377
34363,4099501,2,4099503
34364,4099563,13,4099576
34365,4099769,36,4099805
34366,4099939,14,4099953
34367,4100032,31,4100063
34368,4100094,45,4100139
34369,4100221,11,4100232
34370,4100255,22,4100277
34371,4100398,26,4100424
34372,4100737,32,4100769
34373,4100822,11,4100833
34374,4101129,32,4101161
34375,4101234,27,4101261
34376,4101377,37,4101414
34377,4101661,34,4101695
34378,4101891,18,4101909
34379,4102056,10,4102066
34380,4102139,74,4102213
34381,4102271,45,4102316
34382,4102327,23,4102350
34383,4102388,11,4102399
34384,4102420,15,4102435
34385,4102783,30,4102813
34386,4102934,5,4102939
34387,4102997,5,4103002
34388,4103086,29,4103115
34389,4103143,14,4103157
34390,4103208,8,4103216
34391,4103234,5,4103239
34392,4103260,12,4103272
34393,4103308,9,4103317
34394,4103683,30,4103713
34395,4103777,13,4103790
34396,4103793,22,4103815
34397,4103823,22,4103845
34398,4103959,105,4104064
34399,4104360,1,4104361
34400,4104576,1,4104577
34401,4104580,62,4104642
34402,4104796,66,4104862
34403,4104879,3,4104882
34404,4104916,3,4104919
34405,4105124,4,4105128
34406,4105196,29,4105225
34407,4105243,47,4105290
34408,4105306,61,4105367
34409,4105446,46,4105492
34410,4105524,5,4105529
34411,4105675,5,4105680
34412,4105760,2,4105762
34413,4105991,4,4105995
34414,4106058,55,4106113
34415,4106209,2,4106211
34416,4106280,58,4106338
34417,4106459,13,4106472
34418,4106620,4,4106624
34419,4106960,10,4106970
34420,4107057,29,4107086
34421,4107117,18,4107135
34422,4107136,37,4107173
34423,4107239,23,4107262
34424,4107366,44,4107410
34425,4107478,2,4107480
34426,4107585,29,4107614
34427,4107898,23,4107921
34428,4107954,4,4107958
34429,4107992,4,4107996
34430,4108032,19,4108051
34431,4108316,3,4108319
34432,4108365,22,4108387
34433,4108632,14,4108646
34434,4109117,39,4109156
34435,4109167,38,4109205
34436,4109219,11,4109230
34437,4109262,35,4109297
34438,4109376,7,4109383
34439,4109390,42,4109432
34440,4109500,12,4109512
34441,4109873,44,4109917
34442,4109958,59,4110017
34443,4110054,47,4110101
34444,4110207,4,4110211
34445,4110228,30,4110258
34446,4110275,7,4110282
34447,4110380,7,4110387
34448,4110410,1,4110411
34449,4110447,13,4110460
34450,4110477,28,4110505
34451,4110538,30,4110568
34452,4110718,74,4110792
34453,4110937,17,4110954
34454,4110987,15,4111002
34455,4111089,4,4111093
34456,4111118,2,4111120
34457,4111216,24,4111240
34458,4111343,1,4111344
34459,4111412,16,4111428
34460,4111477,7,4111484
34461,4111600,11,4111611
34462,4111634,54,4111688
34463,4111724,17,4111741
34464,4112010,17,4112027
34465,4112118,11,4112129
34466,4112359,12,4112371
34467,4112422,23,4112445
34468,4112628,15,4112643
34469,4112652,21,4112673
34470,4112827,7,4112834
34471,4112843,1,4112844
34472,4112887,8,4112895
34473,4112949,2,4112951
34474,4112959,21,4112980
34475,4113292,11,4113303
34476,4113355,9,4113364
34477,4113401,11,4113412
34478,4113503,1,4113504
34479,4113515,8,4113523
34480,4113582,18,4113600
34481,4113694,18,4113712
34482,4113749,54,4113803
34483,4113820,3,4113823
34484,4113938,53,4113991
34485,4114083,11,4114094
34486,4114160,25,4114185
34487,4114331,4,4114335
34488,4114413,3,4114416
34489,4114424,25,4114449
34490,4114528,11,4114539
34491,4114697,25,4114722
34492,4114758,2,4114760
34493,4114761,6,4114767
34494,4114864,23,4114887
34495,4115125,41,4115166
34496,4115533,9,4115542
34497,4115585,32,4115617
34498,4115765,26,4115791
34499,4115890,29,4115919
34500,4115943,3,4115946
34501,4115959,6,4115965
34502,4116006,4,4116010
34503,4116450,11,4116461
34504,4116700,8,4116708
34505,4116711,4,4116715
34506,4116748,35,4116783
34507,4116947,26,4116973
34508,4117090,31,4117121
34509,4117295,12,4117307
34510,4117438,11,4117449
34511,4117794,10,4117804
34512,4117850,29,4117879
34513,4117993,6,4117999
34514,4118130,3,4118133
34515,4118317,20,4118337
34516,4118404,50,4118454
34517,4118524,11,4118535
34518,4119056,17,4119073
34519,4119194,6,4119200
34520,4119222,1,4119223
34521,4119448,6,4119454
34522,4119542,49,4119591
34523,4119639,62,4119701
34524,4119867,19,4119886
34525,4119927,22,4119949
34526,4119957,61,4120018
34527,4120188,31,4120219
34528,4120493,6,4120499
34529,4120523,7,4120530
34530,4120622,6,4120628
34531,4120663,36,4120699
34532,4120745,29,4120774
34533,4120830,26,4120856
34534,4120865,12,4120877
34535,4120905,17,4120922
34536,4120986,5,4120991
34537,4121251,8,4121259
34538,4121383,1,4121384
34539,4121397,15,4121412
34540,4121452,8,4121460
34541,4121476,29,4121505
34542,4121600,10,4121610
34543,4121636,6,4121642
34544,4121930,37,4121967
34545,4122017,21,4122038
34546,4122066,1,4122067
34547,4122103,11,4122114
34548,4122191,22,4122213
34549,4122273,6,4122279
34550,4122389,10,4122399
34551,4122582,7,4122589
34552,4122657,21,4122678
34553,4122702,1,4122703
34554,4122758,7,4122765
34555,4122822,9,4122831
34556,4122838,20,4122858
34557,4122877,4,4122881
34558,4122918,19,4122937
34559,4123094,30,4123124
34560,4123126,45,4123171
34561,4123254,19,4123273
34562,4123378,13,4123391
34563,4123477,16,4123493
34564,4123537,13,4123550
34565,4123671,28,4123699
34566,4123841,18,4123859
34567,4123938,6,4123944
34568,4123967,19,4123986
34569,4123997,27,4124024
34570,4124040,30,4124070
34571,4124126,58,4124184
34572,4124568,15,4124583
34573,4124602,18,4124620
34574,4124627,29,4124656
34575,4124733,11,4124744
34576,4124928,57,4124985
34577,4125118,18,4125136
34578,4125370,12,4125382
34579,4125479,2,4125481
34580,4125600,37,4125637
34581,4126000,1,4126001
34582,4126014,13,4126027
34583,4126071,9,4126080
34584,4126119,37,4126156
34585,4126169,15,4126184
34586,4126365,3,4126368
34587,4126393,14,4126407
34588,4126737,13,4126750
34589,4126859,17,4126876
34590,4126990,31,4127021
34591,4127045,9,4127054
34592,4127082,5,4127087
34593,4127152,21,4127173
34594,4127204,2,4127206
34595,4127229,7,4127236
34596,4127408,13,4127421
34597,4127423,2,4127425
34598,4127582,1,4127583
34599,4128009,3,4128012
34600,4128038,7,4128045
34601,4128314,72,4128386
34602,4128639,28,4128667
34603,4128722,19,4128741
34604,4128776,19,4128795
34605,4128879,18,4128897
34606,4128941,3,4128944
34607,4128972,44,4129016
34608,4129100,12,4129112
34609,4129219,10,4129229
34610,4129244,7,4129251
34611,4129336,17,4129353
34612,4129445,44,4129489
34613,4129618,10,4129628
34614,4129701,4,4129705
34615,4129844,33,4129877
34616,4129904,1,4129905
34617,4129950,34,4129984
34618,4130010,28,4130038
34619,4130044,44,4130088
34620,4130114,6,4130120
34621,4130169,54,4130223
34622,4130465,2,4130467
34623,4130520,8,4130528
34624,4130635,17,4130652
34625,4130741,16,4130757
34626,4130894,14,4130908
34627,4131081,7,4131088
34628,4131095,8,4131103
34629,4131311,4,4131315
34630,4131322,5,4131327
34631,4131388,5,4131393
34632,4131403,12,4131415
34633,4131542,48,4131590
34634,4131715,4,4131719
34635,4131947,17,4131964
34636,4132051,48,4132099
34637,4132438,19,4132457
34638,4132480,27,4132507
34639,4132737,14,4132751
34640,4132926,33,4132959
34641,4133034,16,4133050
34642,4133058,16,4133074
34643,4133087,7,4133094
34644,4133145,50,4133195
34645,4133206,15,4133221
34646,4133232,52,4133284
34647,4133331,5,4133336
34648,4133771,40,4133811
34649,4133918,38,4133956
34650,4133963,26,4133989
34651,4134362,25,4134387
34652,4134646,23,4134669
34653,4134733,20,4134753
34654,4134916,10,4134926
34655,4135026,1,4135027
34656,4135163,2,4135165
34657,4135182,25,4135207
34658,4135676,18,4135694
34659,4135789,15,4135804
34660,4135914,18,4135932
34661,4135973,36,4136009
34662,4136064,2,4136066
34663,4136122,4,4136126
34664,4136334,3,4136337
34665,4136506,5,4136511
34666,4136550,6,4136556
34667,4136590,16,4136606
34668,4137073,25,4137098
34669,4137290,22,4137312
34670,4137329,15,4137344
34671,4137414,22,4137436
34672,4137751,2,4137753
34673,4137857,1,4137858
34674,4137885,6,4137891
34675,4138016,11,4138027
34676,4138060,49,4138109
34677,4138359,17,4138376
34678,4138444,15,4138459
34679,4138504,13,4138517
34680,4138534,40,4138574
34681,4138676,3,4138679
34682,4138693,13,4138706
34683,4139029,21,4139050
34684,4139061,9,4139070
34685,4139203,11,4139214
34686,4139232,32,4139264
34687,4139317,5,4139322
34688,4139361,4,4139365
34689,4139433,34,4139467
34690,4139527,36,4139563
34691,4139606,35,4139641
34692,4139713,12,4139725
34693,4139790,13,4139803
34694,4139941,18,4139959
34695,4139963,27,4139990
34696,4140130,30,4140160
34697,4140258,10,4140268
34698,4140407,10,4140417
34699,4140429,5,4140434
34700,4140674,100,4140774
34701,4141005,58,4141063
34702,4141285,47,4141332
34703,4141473,21,4141494
34704,4141512,11,4141523
34705,4141648,10,4141658
34706,4141879,80,4141959
34707,4142225,14,4142239
34708,4142428,32,4142460
34709,4142645,17,4142662
34710,4142708,24,4142732
34711,4142823,34,4142857
34712,4142977,38,4143015
34713,4143187,11,4143198
34714,4143265,12,4143277
34715,4143300,1,4143301
34716,4143349,16,4143365
34717,4143423,6,4143429
34718,4143501,105,4143606
34719,4143975,2,4143977
34720,4144134,20,4144154
34721,4144478,2,4144480
34722,4144581,13,4144594
34723,4144645,8,4144653
34724,4144660,7,4144667
34725,4144715,25,4144740
34726,4144775,60,4144835
34727,4144865,8,4144873
34728,4145090,30,4145120
34729,4145125,57,4145182
34730,4145192,2,4145194
34731,4145334,2,4145336
34732,4145597,2,4145599
34733,4145674,5,4145679
34734,4145722,14,4145736
34735,4145751,12,4145763
34736,4145829,46,4145875
34737,4145924,23,4145947
34738,4146054,72,4146126
34739,4146243,1,4146244
34740,4146295,3,4146298
34741,4146311,23,4146334
34742,4146467,11,4146478
34743,4146502,5,4146507
34744,4146526,28,4146554
34745,4146583,14,4146597
34746,4146627,23,4146650
34747,4146656,28,4146684
34748,4146707,9,4146716
34749,4146737,11,4146748
34750,4146778,9,4146787
34751,4146851,6,4146857
34752,4146894,10,4146904
34753,4147123,26,4147149
34754,4147505,8,4147513
34755,4147587,38,4147625
34756,4147748,37,4147785
34757,4147816,3,4147819
34758,4147985,4,4147989
34759,4148031,15,4148046
34760,4148150,9,4148159
34761,4148332,67,4148399
34762,4148460,17,4148477
34763,4148691,10,4148701
34764,4148742,2,4148744
34765,4148756,9,4148765
34766,4149123,3,4149126
34767,4149308,8,4149316
34768,4149349,15,4149364
34769,4149396,10,4149406
34770,4149427,25,4149452
34771,4149468,80,4149548
34772,4149562,16,4149578
34773,4149650,11,4149661
34774,4149739,15,4149754
34775,4149788,3,4149791
34776,4149901,11,4149912
34777,4150112,4,4150116
34778,4150147,63,4150210
34779,4150473,21,4150494
34780,4150645,7,4150652
34781,4150676,5,4150681
34782,4150789,14,4150803
34783,4151136,12,4151148
34784,4151226,6,4151232
34785,4151329,6,4151335
34786,4151896,7,4151903
34787,4151904,13,4151917
34788,4152018,31,4152049
34789,4152054,14,4152068
34790,4152268,19,4152287
34791,4152294,55,4152349
34792,4152541,2,4152543
34793,4152730,1,4152731
34794,4152983,77,4153060
34795,4153150,1,4153151
34796,4153227,52,4153279
34797,4153303,7,4153310
34798,4153376,3,4153379
34799,4153397,7,4153404
34800,4153518,23,4153541
34801,4153660,7,4153667
34802,4153713,21,4153734
34803,4153922,3,4153925
34804,4154080,4,4154084
34805,4154119,10,4154129
34806,4154137,41,4154178
34807,4154325,3,4154328
34808,4154539,59,4154598
34809,4154667,28,4154695
34810,4154892,24,4154916
34811,4154939,14,4154953
34812,4155007,48,4155055
34813,4155068,13,4155081
34814,4155156,36,4155192
34815,4155270,3,4155273
34816,4155275,30,4155305
34817,4155357,4,4155361
34818,4155515,38,4155553
34819,4155929,28,4155957
34820,4156082,6,4156088
34821,4156181,11,4156192
34822,4156301,35,4156336
34823,4156359,16,4156375
34824,4156410,22,4156432
34825,4156454,59,4156513
34826,4156568,13,4156581
34827,4156601,16,4156617
34828,4156702,16,4156718
34829,4156728,60,4156788
34830,4156890,79,4156969
34831,4157070,9,4157079
34832,4157102,15,4157117
34833,4157163,24,4157187
34834,4157224,12,4157236
34835,4157260,61,4157321
34836,4157694,6,4157700
34837,4157710,13,4157723
34838,4157782,43,4157825
34839,4157984,26,4158010
34840,4158026,6,4158032
34841,4158048,6,4158054
34842,4158093,11,4158104
34843,4158141,19,4158160
34844,4158220,19,4158239
34845,4158296,8,4158304
34846,4158482,55,4158537
34847,4158594,44,4158638
34848,4158867,25,4158892
34849,4158961,68,4159029
34850,4159069,57,4159126
34851,4159152,14,4159166
34852,4159204,4,4159208
34853,4159297,22,4159319
34854,4159381,18,4159399
34855,4159411,6,4159417
34856,4159425,28,4159453
34857,4159641,15,4159656
34858,4159703,9,4159712
34859,4159962,21,4159983
34860,4159988,1,4159989
34861,4160087,4,4160091
34862,4160343,5,4160348
34863,4160414,10,4160424
34864,4160460,6,4160466
34865,4160486,37,4160523
34866,4160665,23,4160688
34867,4160840,12,4160852
34868,4161125,24,4161149
34869,4161288,23,4161311
34870,4161339,20,4161359
34871,4161389,9,4161398
34872,4161423,1,4161424
34873,4161453,15,4161468
34874,4161719,16,4161735
34875,4161872,22,4161894
34876,4161936,10,4161946
34877,4161948,3,4161951
34878,4162022,18,4162040
34879,4162088,6,4162094
34880,4162165,58,4162223
34881,4162313,29,4162342
34882,4162385,2,4162387
34883,4162405,31,4162436
34884,4162472,7,4162479
34885,4162768,28,4162796
34886,4162812,18,4162830
34887,4163144,3,4163147
34888,4163181,9,4163190
34889,4163205,37,4163242
34890,4163291,16,4163307
34891,4163454,5,4163459
34892,4163474,13,4163487
34893,4163518,2,4163520
34894,4163628,4,4163632
34895,4163651,35,4163686
34896,4163707,18,4163725
34897,4163908,30,4163938
34898,4164051,46,4164097
34899,4164172,2,4164174
34900,4164447,9,4164456
34901,4164542,48,4164590
34902,4164596,39,4164635
34903,4164734,50,4164784
34904,4164829,21,4164850
34905,4164962,26,4164988
34906,4165035,11,4165046
34907,4165089,40,4165129
34908,4165190,33,4165223
34909,4165423,11,4165434
34910,4165452,12,4165464
34911,4165553,5,4165558
34912,4165659,2,4165661
34913,4165679,27,4165706
34914,4165743,6,4165749
34915,4165787,15,4165802
34916,4165969,4,4165973
34917,4166056,15,4166071
34918,4166131,20,4166151
34919,4166194,12,4166206
34920,4166207,54,4166261
34921,4166505,24,4166529
34922,4166632,8,4166640
34923,4166775,37,4166812
34924,4166829,12,4166841
34925,4166856,8,4166864
34926,4166988,48,4167036
34927,4167176,38,4167214
34928,4167263,28,4167291
34929,4167302,50,4167352
34930,4167524,5,4167529
34931,4167564,8,4167572
34932,4167581,5,4167586
34933,4167757,19,4167776
34934,4167995,30,4168025
34935,4168285,1,4168286
34936,4168342,73,4168415
34937,4168469,35,4168504
34938,4168508,22,4168530
34939,4168540,15,4168555
34940,4168659,10,4168669
34941,4168727,11,4168738
34942,4168804,1,4168805
34943,4168829,8,4168837
34944,4168962,3,4168965
34945,4168975,28,4169003
34946,4169278,19,4169297
34947,4169493,19,4169512
34948,4169677,32,4169709
34949,4169714,9,4169723
34950,4169994,4,4169998
34951,4170068,10,4170078
34952,4170224,1,4170225
34953,4170332,7,4170339
34954,4170359,8,4170367
34955,4170383,2,4170385
34956,4170643,9,4170652
34957,4170677,3,4170680
34958,4170697,5,4170702
34959,4170774,8,4170782
34960,4170798,45,4170843
34961,4170863,2,4170865
34962,4171005,11,4171016
34963,4171097,19,4171116
34964,4171185,28,4171213
34965,4171273,18,4171291
34966,4171308,55,4171363
34967,4171377,19,4171396
34968,4171425,47,4171472
34969,4171525,16,4171541
34970,4171781,12,4171793
34971,4171809,7,4171816
34972,4171846,27,4171873
34973,4171930,7,4171937
34974,4171952,47,4171999
34975,4172075,15,4172090
34976,4172095,14,4172109
34977,4172169,60,4172229
34978,4172288,2,4172290
34979,4172322,21,4172343
34980,4172454,6,4172460
34981,4172707,1,4172708
34982,4172730,9,4172739
34983,4172749,10,4172759
34984,4172831,33,4172864
34985,4172926,6,4172932
34986,4172947,5,4172952
34987,4172983,56,4173039
34988,4173091,24,4173115
34989,4173330,59,4173389
34990,4173494,58,4173552
34991,4173621,3,4173624
34992,4173665,21,4173686
34993,4173787,30,4173817
34994,4173854,67,4173921
34995,4173981,1,4173982
34996,4173994,3,4173997
34997,4173999,23,4174022
34998,4174059,17,4174076
34999,4174477,13,4174490
35000,4174576,17,4174593
35001,4174626,2,4174628
35002,4174663,10,4174673
35003,4174748,11,4174759
35004,4174891,34,4174925
35005,4175013,7,4175020
35006,4175204,68,4175272
35007,4175292,17,4175309
35008,4175310,30,4175340
35009,4175350,9,4175359
35010,4175599,23,4175622
35011,4175794,10,4175804
35012,4175861,1,4175862
35013,4176042,1,4176043
35014,4176485,9,4176494
35015,4176546,3,4176549
35016,4176623,31,4176654
35017,4176784,24,4176808
35018,4176935,12,4176947
35019,4177040,5,4177045
35020,4177056,6,4177062
35021,4177115,65,4177180
35022,4177192,13,4177205
35023,4177257,10,4177267
35024,4177272,9,4177281
35025,4177286,12,4177298
35026,4177339,11,4177350
35027,4177465,12,4177477
35028,4177669,1,4177670
35029,4177729,26,4177755
35030,4177881,10,4177891
35031,4177909,5,4177914
35032,4178006,13,4178019
35033,4178047,1,4178048
35034,4178189,29,4178218
35035,4178344,4,4178348
35036,4178364,15,4178379
35037,4178571,89,4178660
35038,4178674,5,4178679
35039,4179126,25,4179151
35040,4179331,18,4179349
35041,4179413,9,4179422
35042,4179577,59,4179636
35043,4179761,3,4179764
35044,4179798,47,4179845
35045,4179877,3,4179880
35046,4179917,99,4180016
35047,4180084,14,4180098
35048,4180233,32,4180265
35049,4180282,9,4180291
35050,4180309,16,4180325
35051,4180448,17,4180465
35052,4180475,36,4180511
35053,4180519,12,4180531
35054,4180595,19,4180614
35055,4180686,15,4180701
35056,4180724,10,4180734
35057,4180806,14,4180820
35058,4180871,16,4180887
35059,4181107,11,4181118
35060,4181622,30,4181652
35061,4181729,16,4181745
35062,4181757,12,4181769
35063,4181797,4,4181801
35064,4182063,13,4182076
35065,4182096,11,4182107
35066,4182327,28,4182355
35067,4182432,11,4182443
35068,4182495,19,4182514
35069,4182576,13,4182589
35070,4182650,7,4182657
35071,4182717,7,4182724
35072,4182750,14,4182764
35073,4182783,35,4182818
35074,4183029,1,4183030
35075,4183092,14,4183106
35076,4183199,80,4183279
35077,4183415,13,4183428
35078,4183584,14,4183598
35079,4183692,129,4183821
35080,4184106,19,4184125
35081,4184286,7,4184293
35082,4184322,7,4184329
35083,4184331,7,4184338
35084,4184373,15,4184388
35085,4184441,6,4184447
35086,4184644,44,4184688
35087,4184719,26,4184745
35088,4184861,12,4184873
35089,4184929,12,4184941
35090,4184952,12,4184964
35091,4184972,23,4184995
35092,4185067,33,4185100
35093,4185321,2,4185323
35094,4185460,2,4185462
35095,4185484,42,4185526
35096,4185669,18,4185687
35097,4185822,13,4185835
35098,4185963,33,4185996
35099,4186013,17,4186030
35100,4186188,3,4186191
35101,4186229,10,4186239
35102,4186284,42,4186326
35103,4186430,2,4186432
35104,4186470,24,4186494
35105,4186498,41,4186539
35106,4186835,43,4186878
35107,4187017,7,4187024
35108,4187113,18,4187131
35109,4187184,7,4187191
35110,4187291,9,4187300
35111,4187318,15,4187333
35112,4187381,57,4187438
35113,4187477,49,4187526
35114,4187555,56,4187611
35115,4187670,5,4187675
35116,4187694,6,4187700
35117,4188167,2,4188169
35118,4188401,7,4188408
35119,4188459,5,4188464
35120,4188540,7,4188547
35121,4188624,32,4188656
35122,4188703,3,4188706
35123,4188819,23,4188842
35124,4188913,8,4188921
35125,4188937,30,4188967
35126,4189005,25,4189030
35127,4189163,1,4189164
35128,4189302,7,4189309
35129,4189341,71,4189412
35130,4189714,6,4189720
35131,4189727,17,4189744
35132,4189850,2,4189852
35133,4190077,3,4190080
35134,4190369,42,4190411
35135,4190550,44,4190594
35136,4190646,22,4190668
35137,4190692,1,4190693
35138,4190694,12,4190706
35139,4190926,28,4190954
35140,4191003,20,4191023
35141,4191106,14,4191120
35142,4191334,13,4191347
35143,4191371,1,4191372
35144,4191387,7,4191394
35145,4191643,3,4191646
35146,4192060,27,4192087
35147,4192168,29,4192197
35148,4192252,54,4192306
35149,4192395,5,4192400
35150,4192594,8,4192602
35151,4192755,1,4192756
35152,4192771,15,4192786
35153,4192903,19,4192922
35154,4193023,2,4193025
35155,4193163,12,4193175
35156,4193212,43,4193255
35157,4193301,6,4193307
35158,4193314,30,4193344
35159,4193408,49,4193457
35160,4193473,29,4193502
35161,4193567,27,4193594
35162,4193695,25,4193720
35163,4193779,38,4193817
35164,4193893,26,4193919
35165,4193940,27,4193967
35166,4194027,33,4194060
35167,4194132,14,4194146
35168,4194252,18,4194270
35169,4194447,2,4194449
35170,4194549,13,4194562
35171,4194570,29,4194599
35172,4194635,12,4194647
35173,4194814,4,4194818
35174,4195270,31,4195301
35175,4195318,10,4195328
35176,4195373,4,4195377
35177,4195403,7,4195410
35178,4195461,12,4195473
35179,4195488,21,4195509
35180,4195588,4,4195592
35181,4195660,23,4195683
35182,4195742,12,4195754
35183,4195814,15,4195829
35184,4195841,3,4195844
35185,4195969,15,4195984
35186,4196012,7,4196019
35187,4196070,11,4196081
35188,4196343,71,4196414
35189,4196540,11,4196551
35190,4196691,34,4196725
35191,4196734,2,4196736
35192,4196787,5,4196792
35193,4196846,37,4196883
35194,4197043,28,4197071
35195,4197252,79,4197331
35196,4197333,55,4197388
35197,4197441,5,4197446
35198,4197482,24,4197506
35199,4197563,32,4197595
35200,4197617,75,4197692
35201,4197817,104,4197921
35202,4198035,12,4198047
35203,4198064,39,4198103
35204,4198188,29,4198217
35205,4198522,9,4198531
35206,4198541,29,4198570
35207,4198649,51,4198700
35208,4198743,36,4198779
35209,4198800,13,4198813
35210,4198874,19,4198893
35211,4199088,10,4199098
35212,4199206,6,4199212
35213,4199241,5,4199246
35214,4199338,1,4199339
35215,4199642,15,4199657
35216,4199707,16,4199723
35217,4199759,58,4199817
35218,4199934,13,4199947
35219,4200054,10,4200064
35220,4200132,5,4200137
35221,4200347,23,4200370
35222,4200384,8,4200392
35223,4200471,32,4200503
35224,4200564,5,4200569
35225,4200708,8,4200716
35226,4200756,16,4200772
35227,4200835,6,4200841
35228,4200897,7,4200904
35229,4200968,61,4201029
35230,4201216,28,4201244
35231,4201295,23,4201318
35232,4201401,8,4201409
35233,4201539,16,4201555
35234,4201560,5,4201565
35235,4201577,11,4201588
35236,4201934,9,4201943
35237,4201990,26,4202016
35238,4202056,3,4202059
35239,4202267,8,4202275
35240,4202339,54,4202393
35241,4202658,1,4202659
35242,4202785,2,4202787
35243,4202953,5,4202958
35244,4202986,12,4202998
35245,4203122,11,4203133
35246,4203165,12,4203177
35247,4203254,13,4203267
35248,4203362,8,4203370
35249,4203613,7,4203620
35250,4203753,6,4203759
35251,4203785,35,4203820
35252,4203834,34,4203868
35253,4203923,1,4203924
35254,4203979,1,4203980
35255,4204039,96,4204135
35256,4204139,7,4204146
35257,4204236,38,4204274
35258,4204277,21,4204298
35259,4204463,12,4204475
35260,4204510,9,4204519
35261,4204950,1,4204951
35262,4205079,34,4205113
35263,4205350,8,4205358
35264,4205488,13,4205501
35265,4205663,48,4205711
35266,4205761,37,4205798
35267,4205857,5,4205862
35268,4205875,48,4205923
35269,4206172,11,4206183
35270,4206283,5,4206288
35271,4206346,1,4206347
35272,4206718,18,4206736
35273,4206856,14,4206870
35274,4206889,71,4206960
35275,4207007,11,4207018
35276,4207051,4,4207055
35277,4207456,16,4207472
35278,4207486,6,4207492
35279,4207608,45,4207653
35280,4207751,40,4207791
35281,4207803,54,4207857
35282,4207973,13,4207986
35283,4207989,35,4208024
35284,4208085,68,4208153
35285,4208253,6,4208259
35286,4208326,16,4208342
35287,4208383,23,4208406
35288,4208452,21,4208473
35289,4208757,13,4208770
35290,4208824,11,4208835
35291,4208843,31,4208874
35292,4208966,4,4208970
35293,4209271,23,4209294
35294,4209646,11,4209657
35295,4209698,9,4209707
35296,4209766,21,4209787
35297,4209824,2,4209826
35298,4210019,34,4210053
35299,4210231,13,4210244
35300,4210405,6,4210411
35301,4210437,55,4210492
35302,4210545,7,4210552
35303,4210595,27,4210622
35304,4210629,6,4210635
35305,4210692,8,4210700
35306,4210721,61,4210782
35307,4210987,24,4211011
35308,4211120,50,4211170
35309,4211352,30,4211382
35310,4211423,39,4211462
35311,4211583,8,4211591
35312,4211604,45,4211649
35313,4211663,7,4211670
35314,4211682,11,4211693
35315,4211747,10,4211757
35316,4211810,62,4211872
35317,4211958,11,4211969
35318,4211987,8,4211995
35319,4212026,1,4212027
35320,4212084,44,4212128
35321,4212560,16,4212576
35322,4212753,5,4212758
35323,4212789,25,4212814
35324,4212894,15,4212909
35325,4213294,15,4213309
35326,4213461,8,4213469
35327,4213475,27,4213502
35328,4213851,2,4213853
35329,4213869,18,4213887
35330,4213915,30,4213945
35331,4214165,36,4214201
35332,4214260,21,4214281
35333,4214460,9,4214469
35334,4214478,5,4214483
35335,4214515,28,4214543
35336,4214557,34,4214591
35337,4214718,21,4214739
35338,4214763,8,4214771
35339,4214786,12,4214798
35340,4214861,11,4214872
35341,4214906,10,4214916
35342,4214976,2,4214978
35343,4214979,5,4214984
35344,4214987,2,4214989
35345,4215218,4,4215222
35346,4215288,1,4215289
35347,4215346,17,4215363
35348,4215386,13,4215399
35349,4215532,21,4215553
35350,4215644,3,4215647
35351,4215883,16,4215899
35352,4215914,1,4215915
35353,4215922,17,4215939
35354,4215954,3,4215957
35355,4216050,2,4216052
35356,4216108,3,4216111
35357,4216374,31,4216405
35358,4216605,11,4216616
35359,4216780,48,4216828
35360,4216898,4,4216902
35361,4216971,10,4216981
35362,4217025,13,4217038
35363,4217067,4,4217071
35364,4217085,3,4217088
35365,4217095,11,4217106
35366,4217298,55,4217353
35367,4217378,11,4217389
35368,4217435,4,4217439
35369,4217577,54,4217631
35370,4217666,84,4217750
35371,4218022,8,4218030
35372,4218031,19,4218050
35373,4218106,18,4218124
35374,4218336,33,4218369
35375,4218427,4,4218431
35376,4218438,122,4218560
35377,4218599,5,4218604
35378,4218755,44,4218799
35379,4218975,22,4218997
35380,4219136,8,4219144
35381,4219161,19,4219180
35382,4219225,40,4219265
35383,4219293,69,4219362
35384,4219453,27,4219480
35385,4219657,5,4219662
35386,4219804,7,4219811
35387,4219886,10,4219896
35388,4219994,9,4220003
35389,4220214,11,4220225
35390,4220275,36,4220311
35391,4220413,23,4220436
35392,4220566,28,4220594
35393,4220688,14,4220702
35394,4220790,7,4220797
35395,4221090,10,4221100
35396,4221140,3,4221143
35397,4221199,14,4221213
35398,4221364,41,4221405
35399,4221575,23,4221598
35400,4221665,3,4221668
35401,4221820,22,4221842
35402,4222005,13,4222018
35403,4222112,17,4222129
35404,4222270,42,4222312
35405,4222411,9,4222420
35406,4222532,4,4222536
35407,4222538,13,4222551
35408,4222657,26,4222683
35409,4222707,13,4222720
35410,4222826,2,4222828
35411,4222846,17,4222863
35412,4223428,25,4223453
35413,4223584,8,4223592
35414,4223623,22,4223645
35415,4223659,3,4223662
35416,4223685,6,4223691
35417,4223731,2,4223733
35418,4223757,2,4223759
35419,4223951,15,4223966
35420,4224014,23,4224037
35421,4224310,2,4224312
35422,4224371,11,4224382
35423,4224388,1,4224389
35424,4224449,40,4224489
35425,4224510,39,4224549
35426,4224607,43,4224650
35427,4224756,6,4224762
35428,4224778,8,4224786
35429,4224796,61,4224857
35430,4224888,39,4224927
35431,4225026,7,4225033
35432,4225139,1,4225140
35433,4225194,42,4225236
35434,4225261,14,4225275
35435,4225332,31,4225363
35436,4225542,36,4225578
35437,4225619,6,4225625
35438,4225675,6,4225681
35439,4225790,58,4225848
35440,4225855,10,4225865
35441,4225894,21,4225915
35442,4225924,5,4225929
35443,4226104,65,4226169
35444,4226207,1,4226208
35445,4226235,10,4226245
35446,4226321,7,4226328
35447,4226335,35,4226370
35448,4226375,13,4226388
35449,4226892,16,4226908
35450,4227106,39,4227145
35451,4227228,71,4227299
35452,4227305,6,4227311
35453,4227407,9,4227416
35454,4227722,4,4227726
35455,4227773,12,4227785
35456,4227814,15,4227829
35457,4227897,15,4227912
35458,4228296,13,4228309
35459,4228414,5,4228419
35460,4228609,37,4228646
35461,4228665,19,4228684
35462,4229077,40,4229117
35463,4229357,21,4229378
35464,4229446,11,4229457
35465,4229526,51,4229577
35466,4229730,22,4229752
35467,4229757,2,4229759
35468,4229939,16,4229955
35469,4230064,15,4230079
35470,4230103,13,4230116
35471,4230199,4,4230203
35472,4230397,30,4230427
35473,4230526,47,4230573
35474,4230609,12,4230621
35475,4230673,30,4230703
35476,4230882,14,4230896
35477,4230942,3,4230945
35478,4231001,1,4231002
35479,4231070,32,4231102
35480,4231157,37,4231194
35481,4231227,27,4231254
35482,4231327,4,4231331
35483,4231494,1,4231495
35484,4231553,3,4231556
35485,4231558,34,4231592
35486,4231647,47,4231694
35487,4231828,17,4231845
35488,4231868,3,4231871
35489,4231945,3,4231948
35490,4232048,57,4232105
35491,4232206,18,4232224
35492,4232277,6,4232283
35493,4232524,4,4232528
35494,4232627,57,4232684
35495,4232732,21,4232753
35496,4232770,22,4232792
35497,4233047,9,4233056
35498,4233063,40,4233103
35499,4233198,8,4233206
35500,4233335,5,4233340
35501,4233364,6,4233370
35502,4233423,1,4233424
35503,4233447,2,4233449
35504,4233575,17,4233592
35505,4233744,24,4233768
35506,4233949,16,4233965
35507,4234057,8,4234065
35508,4234351,69,4234420
35509,4234586,17,4234603
35510,4234681,28,4234709
35511,4234889,11,4234900
35512,4234951,7,4234958
35513,4235025,4,4235029
35514,4235253,9,4235262
35515,4235270,31,4235301
35516,4235320,17,4235337
35517,4235463,1,4235464
35518,4235510,60,4235570
35519,4235635,32,4235667
35520,4235780,109,4235889
35521,4235898,13,4235911
35522,4235997,51,4236048
35523,4236429,8,4236437
35524,4236566,41,4236607
35525,4236672,3,4236675
35526,4236904,26,4236930
35527,4236940,17,4236957
35528,4237107,1,4237108
35529,4237134,23,4237157
35530,4237170,15,4237185
35531,4237254,7,4237261
35532,4237297,4,4237301
35533,4237385,11,4237396
35534,4237484,2,4237486
35535,4237673,11,4237684
35536,4237752,45,4237797
35537,4237861,9,4237870
35538,4238092,4,4238096
35539,4238101,7,4238108
35540,4238112,13,4238125
35541,4238326,8,4238334
35542,4238440,10,4238450
35543,4238483,8,4238491
35544,4238495,29,4238524
35545,4238593,43,4238636
35546,4238667,28,4238695
35547,4238713,14,4238727
35548,4238972,3,4238975
35549,4239042,72,4239114
35550,4239210,2,4239212
35551,4239307,4,4239311
35552,4239387,4,4239391
35553,4239639,33,4239672
35554,4239718,29,4239747
35555,4240089,8,4240097
35556,4240140,3,4240143
35557,4240270,10,4240280
35558,4240315,22,4240337
35559,4240441,26,4240467
35560,4240499,72,4240571
35561,4240838,11,4240849
35562,4240937,3,4240940
35563,4240952,3,4240955
35564,4241040,30,4241070
35565,4241247,11,4241258
35566,4241296,12,4241308
35567,4241365,2,4241367
35568,4241374,4,4241378
35569,4241514,53,4241567
35570,4241568,54,4241622
35571,4241747,29,4241776
35572,4241862,2,4241864
35573,4242638,25,4242663
35574,4242748,28,4242776
35575,4242858,26,4242884
35576,4242943,29,4242972
35577,4243116,40,4243156
35578,4243298,21,4243319
35579,4243455,13,4243468
35580,4243516,40,4243556
35581,4243640,18,4243658
35582,4243760,29,4243789
35583,4243817,2,4243819
35584,4243836,1,4243837
35585,4243929,12,4243941
35586,4243951,24,4243975
35587,4244129,37,4244166
35588,4244191,3,4244194
35589,4244250,2,4244252
35590,4244695,13,4244708
35591,4244794,6,4244800
35592,4244894,24,4244918
35593,4244965,15,4244980
35594,4245030,4,4245034
35595,4245073,16,4245089
35596,4245283,4,4245287
35597,4245297,1,4245298
35598,4245351,3,4245354
35599,4245361,15,4245376
35600,4245468,10,4245478
35601,4245664,71,4245735
35602,4245762,11,4245773
35603,4245813,28,4245841
35604,4245983,26,4246009
35605,4246031,21,4246052
35606,4246071,31,4246102
35607,4246407,7,4246414
35608,4246428,5,4246433
35609,4246685,2,4246687
35610,4246992,14,4247006
35611,4247027,16,4247043
35612,4247083,6,4247089
35613,4247270,21,4247291
35614,4247398,11,4247409
35615,4247696,39,4247735
35616,4247764,11,4247775
35617,4247980,18,4247998
35618,4248231,3,4248234
35619,4248237,8,4248245
35620,4248257,67,4248324
35621,4248373,12,4248385
35622,4248479,9,4248488
35623,4248694,12,4248706
35624,4248724,25,4248749
35625,4248791,7,4248798
35626,4248857,7,4248864
35627,4249151,8,4249159
35628,4249528,17,4249545
35629,4249723,33,4249756
35630,4249827,8,4249835
35631,4250014,46,4250060
35632,4250067,8,4250075
35633,4250333,19,4250352
35634,4250477,11,4250488
35635,4250494,17,4250511
35636,4250539,28,4250567
35637,4250597,1,4250598
35638,4250650,10,4250660
35639,4250727,9,4250736
35640,4250781,21,4250802
35641,4250910,12,4250922
35642,4251006,30,4251036
35643,4251054,3,4251057
35644,4251091,2,4251093
35645,4251246,43,4251289
35646,4251379,22,4251401
35647,4251580,3,4251583
35648,4251707,8,4251715
35649,4251953,47,4252000
35650,4252051,2,4252053
35651,4252165,43,4252208
35652,4252260,7,4252267
35653,4252432,12,4252444
35654,4252495,11,4252506
35655,4252633,22,4252655
35656,4252718,7,4252725
35657,4252745,11,4252756
35658,4252779,14,4252793
35659,4252836,6,4252842
35660,4252901,28,4252929
35661,4252992,5,4252997
35662,4253220,19,4253239
35663,4253310,7,4253317
35664,4253424,13,4253437
35665,4253507,19,4253526
35666,4253618,1,4253619
35667,4253687,40,4253727
35668,4253797,25,4253822
35669,4253873,2,4253875
35670,4253934,1,4253935
35671,4254101,1,4254102
35672,4254155,15,4254170
35673,4254429,29,4254458
35674,4254487,14,4254501
35675,4254525,1,4254526
35676,4254566,7,4254573
35677,4254717,20,4254737
35678,4254740,24,4254764
35679,4254808,15,4254823
35680,4254958,1,4254959
35681,4255021,30,4255051
35682,4255092,72,4255164
35683,4255205,9,4255214
35684,4255215,15,4255230
35685,4255366,11,4255377
35686,4255503,23,4255526
35687,4255578,1,4255579
35688,4255663,26,4255689
35689,4255785,34,4255819
35690,4255940,13,4255953
35691,4255969,90,4256059
35692,4256067,16,4256083
35693,4256143,10,4256153
35694,4256157,14,4256171
35695,4256501,11,4256512
35696,4256532,15,4256547
35697,4256573,201,4256774
35698,4256894,11,4256905
35699,4256923,64,4256987
35700,4257200,1,4257201
35701,4257217,73,4257290
35702,4257774,18,4257792
35703,4257849,9,4257858
35704,4257879,3,4257882
35705,4257905,25,4257930
35706,4258015,43,4258058
35707,4258114,68,4258182
35708,4258379,22,4258401
35709,4258529,36,4258565
35710,4258735,23,4258758
35711,4258837,12,4258849
35712,4259017,21,4259038
35713,4259144,14,4259158
35714,4259190,14,4259204
35715,4259254,1,4259255
35716,4259311,1,4259312
35717,4259363,3,4259366
35718,4259534,22,4259556
35719,4259901,38,4259939
35720,4259956,5,4259961
35721,4259971,6,4259977
35722,4260086,3,4260089
35723,4260300,91,4260391
35724,4260497,16,4260513
35725,4260667,10,4260677
35726,4260927,35,4260962
35727,4261096,2,4261098
35728,4261161,4,4261165
35729,4261221,1,4261222
35730,4261532,57,4261589
35731,4261790,15,4261805
35732,4261810,10,4261820
35733,4261841,1,4261842
35734,4261878,6,4261884
35735,4262028,20,4262048
35736,4262231,18,4262249
35737,4262454,29,4262483
35738,4262519,28,4262547
35739,4262696,23,4262719
35740,4262774,13,4262787
35741,4262812,7,4262819
35742,4262885,54,4262939
35743,4262998,65,4263063
35744,4263096,27,4263123
35745,4263253,27,4263280
35746,4263463,8,4263471
35747,4263524,23,4263547
35748,4263689,42,4263731
35749,4263748,6,4263754
35750,4263871,14,4263885
35751,4263950,19,4263969
35752,4264047,4,4264051
35753,4264101,24,4264125
35754,4264322,16,4264338
35755,4264517,35,4264552
35756,4264713,6,4264719
35757,4264753,4,4264757
35758,4264795,3,4264798
35759,4265049,44,4265093
35760,4265166,14,4265180
35761,4265203,7,4265210
35762,4265427,94,4265521
35763,4265532,21,4265553
35764,4265767,4,4265771
35765,4265782,15,4265797
35766,4266013,8,4266021
35767,4266060,5,4266065
35768,4266083,20,4266103
35769,4266108,19,4266127
35770,4266302,15,4266317
35771,4266604,3,4266607
35772,4266656,35,4266691
35773,4266707,37,4266744
35774,4266762,35,4266797
35775,4266823,9,4266832
35776,4266925,46,4266971
35777,4267229,16,4267245
35778,4267286,7,4267293
35779,4267325,4,4267329
35780,4267356,19,4267375
35781,4267393,28,4267421
35782,4267436,2,4267438
35783,4267493,19,4267512
35784,4267549,34,4267583
35785,4267749,22,4267771
35786,4267975,26,4268001
35787,4268264,58,4268322
35788,4268572,5,4268577
35789,4268959,5,4268964
35790,4268981,7,4268988
35791,4269212,2,4269214
35792,4269247,24,4269271
35793,4269336,11,4269347
35794,4269562,14,4269576
35795,4269646,6,4269652
35796,4269905,19,4269924
35797,4269952,18,4269970
35798,4270177,28,4270205
35799,4270410,2,4270412
35800,4270517,29,4270546
35801,4270548,33,4270581
35802,4270621,7,4270628
35803,4270724,41,4270765
35804,4271506,10,4271516
35805,4271671,22,4271693
35806,4271696,35,4271731
35807,4271771,25,4271796
35808,4271835,7,4271842
35809,4271941,110,4272051
35810,4272106,6,4272112
35811,4272181,2,4272183
35812,4272211,15,4272226
35813,4272232,35,4272267
35814,4272526,13,4272539
35815,4272545,42,4272587
35816,4272595,8,4272603
35817,4272684,1,4272685
35818,4272715,33,4272748
35819,4272844,7,4272851
35820,4273008,8,4273016
35821,4273019,19,4273038
35822,4273126,11,4273137
35823,4273148,36,4273184
35824,4273461,10,4273471
35825,4273636,2,4273638
35826,4273794,17,4273811
35827,4273964,1,4273965
35828,4274070,3,4274073
35829,4274121,2,4274123
35830,4274214,24,4274238
35831,4274336,17,4274353
35832,4274465,50,4274515
35833,4274641,67,4274708
35834,4274774,43,4274817
35835,4274909,16,4274925
35836,4275181,1,4275182
35837,4275434,66,4275500
35838,4275542,45,4275587
35839,4275589,6,4275595
35840,4275849,4,4275853
35841,4275896,20,4275916
35842,4275918,11,4275929
35843,4275976,3,4275979
35844,4276105,57,4276162
35845,4276247,14,4276261
35846,4276321,26,4276347
35847,4276354,14,4276368
35848,4276422,59,4276481
35849,4276818,2,4276820
35850,4276898,10,4276908
35851,4276926,7,4276933
35852,4277109,7,4277116
35853,4277359,6,4277365
35854,4277388,5,4277393
35855,4277422,9,4277431
35856,4277432,2,4277434
35857,4277448,7,4277455
35858,4277468,9,4277477
35859,4277565,7,4277572
35860,4277579,5,4277584
35861,4277641,25,4277666
35862,4277673,13,4277686
35863,4277772,47,4277819
35864,4277932,20,4277952
35865,4277960,15,4277975
35866,4278040,11,4278051
35867,4278089,26,4278115
35868,4278136,17,4278153
35869,4278198,6,4278204
35870,4278240,52,4278292
35871,4278311,4,4278315
35872,4278508,9,4278517
35873,4278719,12,4278731
35874,4278887,5,4278892
35875,4279071,16,4279087
35876,4279148,8,4279156
35877,4279284,3,4279287
35878,4279726,22,4279748
35879,4279804,11,4279815
35880,4279859,4,4279863
35881,4279894,6,4279900
35882,4280022,34,4280056
35883,4280180,19,4280199
35884,4280275,24,4280299
35885,4280460,19,4280479
35886,4280544,26,4280570
35887,4280752,2,4280754
35888,4280780,36,4280816
35889,4280919,16,4280935
35890,4281084,3,4281087
35891,4281216,1,4281217
35892,4281256,9,4281265
35893,4281569,21,4281590
35894,4281602,42,4281644
35895,4281725,77,4281802
35896,4281918,13,4281931
35897,4281981,1,4281982
35898,4282105,78,4282183
35899,4282235,11,4282246
35900,4282286,19,4282305
35901,4282329,51,4282380
35902,4282437,20,4282457
35903,4282599,6,4282605
35904,4282612,2,4282614
35905,4282655,7,4282662
35906,4282674,32,4282706
35907,4282762,14,4282776
35908,4282962,20,4282982
35909,4283074,10,4283084
35910,4283175,33,4283208
35911,4283313,1,4283314
35912,4283419,10,4283429
35913,4283521,2,4283523
35914,4283532,27,4283559
35915,4283574,3,4283577
35916,4283751,10,4283761
35917,4283798,28,4283826
35918,4283995,8,4284003
35919,4284050,1,4284051
35920,4284083,26,4284109
35921,4284235,58,4284293
35922,4284403,28,4284431
35923,4284509,16,4284525
35924,4284825,9,4284834
35925,4284875,20,4284895
35926,4285021,28,4285049
35927,4285063,58,4285121
35928,4285172,15,4285187
35929,4285188,4,4285192
35930,4285542,14,4285556
35931,4285618,2,4285620
35932,4285779,5,4285784
35933,4285809,29,4285838
35934,4285947,1,4285948
35935,4285987,107,4286094
35936,4286624,3,4286627
35937,4286630,50,4286680
35938,4286796,88,4286884
35939,4286945,16,4286961
35940,4287168,16,4287184
35941,4287467,2,4287469
35942,4287542,31,4287573
35943,4287605,6,4287611
35944,4287625,14,4287639
35945,4287690,6,4287696
35946,4287807,8,4287815
35947,4287991,34,4288025
35948,4288186,70,4288256
35949,4288357,10,4288367
35950,4288395,4,4288399
35951,4288445,8,4288453
35952,4288926,7,4288933
35953,4288936,4,4288940
35954,4289252,53,4289305
35955,4289422,8,4289430
35956,4289499,11,4289510
35957,4289651,23,4289674
35958,4289687,10,4289697
35959,4289780,140,4289920
35960,4289942,19,4289961
35961,4290022,14,4290036
35962,4290101,28,4290129
35963,4290145,9,4290154
35964,4290164,12,4290176
35965,4290279,4,4290283
35966,4290493,35,4290528
35967,4290564,4,4290568
35968,4290639,5,4290644
35969,4290659,68,4290727
35970,4290732,3,4290735
35971,4290863,39,4290902
35972,4291023,37,4291060
35973,4291109,18,4291127
35974,4291237,4,4291241
35975,4291251,65,4291316
35976,4291734,8,4291742
35977,4291765,1,4291766
35978,4291919,7,4291926
35979,4291939,13,4291952
35980,4292055,49,4292104
35981,4292257,6,4292263
35982,4292316,15,4292331
35983,4292435,11,4292446
35984,4292465,17,4292482
35985,4292502,55,4292557
35986,4292582,3,4292585
35987,4292609,1,4292610
35988,4292671,11,4292682
35989,4292921,2,4292923
35990,4293086,10,4293096
35991,4293249,4,4293253
35992,4293362,50,4293412
35993,4293501,5,4293506
35994,4293529,36,4293565
35995,4293586,48,4293634
35996,4293753,14,4293767
35997,4293965,18,4293983
35998,4294044,12,4294056
35999,4294198,75,4294273
36000,4294401,19,4294420
36001,4294444,16,4294460
36002,4294498,21,4294519
36003,4294540,4,4294544
36004,4294697,26,4294723
36005,4294842,6,4294848
36006,4294873,11,4294884
36007,4294996,48,4295044
36008,4295126,25,4295151
36009,4295265,6,4295271
36010,4295529,3,4295532
36011,4295627,14,4295641
36012,4295674,6,4295680
36013,4295795,29,4295824
36014,4296055,6,4296061
36015,4296096,23,4296119
36016,4296230,21,4296251
36017,4296391,21,4296412
36018,4296435,1,4296436
36019,4296521,45,4296566
36020,4296669,59,4296728
36021,4296907,60,4296967
36022,4296998,34,4297032
36023,4297360,5,4297365
36024,4297457,6,4297463
36025,4297561,13,4297574
36026,4297698,9,4297707
36027,4297763,9,4297772
36028,4297784,72,4297856
36029,4297913,33,4297946
36030,4297969,6,4297975
36031,4298212,98,4298310
36032,4298335,13,4298348
36033,4298406,28,4298434
36034,4298566,15,4298581
36035,4298617,33,4298650
36036,4298654,40,4298694
36037,4298750,18,4298768
36038,4298817,11,4298828
36039,4298981,35,4299016
36040,4299130,11,4299141
36041,4299224,10,4299234
36042,4299251,3,4299254
36043,4299292,41,4299333
36044,4299414,12,4299426
36045,4299713,51,4299764
36046,4299815,9,4299824
36047,4299827,2,4299829
36048,4299915,34,4299949
36049,4299998,4,4300002
36050,4300018,13,4300031
36051,4300148,4,4300152
36052,4300163,15,4300178
36053,4300272,7,4300279
36054,4300377,22,4300399
36055,4300406,10,4300416
36056,4300557,9,4300566
36057,4300592,5,4300597
36058,4300700,11,4300711
36059,4300781,10,4300791
36060,4300850,14,4300864
36061,4300913,50,4300963
36062,4301068,14,4301082
36063,4301204,24,4301228
36064,4301231,23,4301254
36065,4301281,12,4301293
36066,4301339,19,4301358
36067,4301392,1,4301393
36068,4301395,25,4301420
36069,4301430,14,4301444
36070,4301452,1,4301453
36071,4301582,8,4301590
36072,4301873,6,4301879
36073,4301886,28,4301914
36074,4302042,36,4302078
36075,4302103,29,4302132
36076,4302212,6,4302218
36077,4302649,33,4302682
36078,4302733,16,4302749
36079,4302826,9,4302835
36080,4302944,1,4302945
36081,4303066,2,4303068
36082,4303334,5,4303339
36083,4303416,4,4303420
36084,4303453,5,4303458
36085,4303479,13,4303492
36086,4303508,40,4303548
36087,4303574,26,4303600
36088,4303602,6,4303608
36089,4303623,12,4303635
36090,4303874,76,4303950
36091,4303996,28,4304024
36092,4304070,31,4304101
36093,4304220,16,4304236
36094,4304256,18,4304274
36095,4304344,49,4304393
36096,4304424,17,4304441
36097,4304587,6,4304593
36098,4305141,12,4305153
36099,4305156,22,4305178
36100,4305333,2,4305335
36101,4305504,8,4305512
36102,4305518,13,4305531
36103,4305639,14,4305653
36104,4305743,5,4305748
36105,4305762,13,4305775
36106,4305802,6,4305808
36107,4306125,75,4306200
36108,4306423,5,4306428
36109,4306439,13,4306452
36110,4306497,45,4306542
36111,4306694,2,4306696
36112,4306974,5,4306979
36113,4307005,10,4307015
36114,4307101,6,4307107
36115,4307120,4,4307124
36116,4307256,51,4307307
36117,4307332,23,4307355
36118,4307359,13,4307372
36119,4307406,8,4307414
36120,4307562,34,4307596
36121,4307625,15,4307640
36122,4307731,7,4307738
36123,4307756,3,4307759
36124,4307785,7,4307792
36125,4307839,22,4307861
36126,4307917,57,4307974
36127,4308067,55,4308122
36128,4308133,1,4308134
36129,4308394,2,4308396
36130,4308437,27,4308464
36131,4308469,8,4308477
36132,4308529,60,4308589
36133,4308964,37,4309001
36134,4309254,26,4309280
36135,4309439,1,4309440
36136,4309477,1,4309478
36137,4309487,12,4309499
36138,4309523,18,4309541
36139,4309548,25,4309573
36140,4309607,32,4309639
36141,4309877,66,4309943
36142,4310047,2,4310049
36143,4310050,60,4310110
36144,4310187,16,4310203
36145,4310255,2,4310257
36146,4310630,69,4310699
36147,4311128,16,4311144
36148,4311223,30,4311253
36149,4311489,9,4311498
36150,4311517,11,4311528
36151,4311831,51,4311882
36152,4312042,21,4312063
36153,4312279,17,4312296
36154,4312367,6,4312373
36155,4312453,33,4312486
36156,4312531,27,4312558
36157,4312920,30,4312950
36158,4312966,2,4312968
36159,4312999,23,4313022
36160,4313162,25,4313187
36161,4313255,15,4313270
36162,4313334,5,4313339
36163,4313345,5,4313350
36164,4313394,21,4313415
36165,4313417,33,4313450
36166,4313513,6,4313519
36167,4313595,8,4313603
36168,4313670,20,4313690
36169,4313763,1,4313764
36170,4313908,46,4313954
36171,4314023,16,4314039
36172,4314151,60,4314211
36173,4314558,19,4314577
36174,4314657,23,4314680
36175,4314717,42,4314759
36176,4314763,34,4314797
36177,4315038,14,4315052
36178,4315161,44,4315205
36179,4315373,13,4315386
36180,4315448,11,4315459
36181,4315558,16,4315574
36182,4315598,22,4315620
36183,4315805,29,4315834
36184,4315845,57,4315902
36185,4315917,2,4315919
36186,4316133,8,4316141
36187,4316206,1,4316207
36188,4316259,26,4316285
36189,4316345,17,4316362
36190,4316484,82,4316566
36191,4316587,9,4316596
36192,4316600,15,4316615
36193,4316907,4,4316911
36194,4317009,16,4317025
36195,4317075,21,4317096
36196,4317098,17,4317115
36197,4317223,20,4317243
36198,4317296,49,4317345
36199,4317438,42,4317480
36200,4317687,7,4317694
36201,4317763,36,4317799
36202,4317834,15,4317849
36203,4317852,12,4317864
36204,4318022,3,4318025
36205,4318027,3,4318030
36206,4318092,20,4318112
36207,4318272,27,4318299
36208,4318457,6,4318463
36209,4318540,41,4318581
36210,4318612,6,4318618
36211,4318695,12,4318707
36212,4318744,16,4318760
36213,4318852,17,4318869
36214,4318910,17,4318927
36215,4319139,7,4319146
36216,4319293,36,4319329
36217,4319472,27,4319499
36218,4319534,59,4319593
36219,4319658,17,4319675
36220,4319747,4,4319751
36221,4319864,1,4319865
36222,4319989,23,4320012
36223,4320320,10,4320330
36224,4320403,7,4320410
36225,4320955,23,4320978
36226,4321015,44,4321059
36227,4321095,35,4321130
36228,4321226,20,4321246
36229,4321278,1,4321279
36230,4321316,22,4321338
36231,4321404,17,4321421
36232,4321645,5,4321650
36233,4321687,3,4321690
36234,4321836,2,4321838
36235,4321897,2,4321899
36236,4322222,4,4322226
36237,4322236,21,4322257
36238,4322396,1,4322397
36239,4322492,8,4322500
36240,4322593,2,4322595
36241,4322613,4,4322617
36242,4322631,11,4322642
36243,4322827,22,4322849
36244,4322975,69,4323044
36245,4323131,17,4323148
36246,4323336,6,4323342
36247,4323379,33,4323412
36248,4323500,38,4323538
36249,4323547,40,4323587
36250,4323735,11,4323746
36251,4323800,72,4323872
36252,4324002,31,4324033
36253,4324088,20,4324108
36254,4324179,2,4324181
36255,4324328,20,4324348
36256,4324440,15,4324455
36257,4324500,35,4324535
36258,4324687,9,4324696
36259,4324881,42,4324923
36260,4325031,41,4325072
36261,4325206,12,4325218
36262,4325254,35,4325289
36263,4325400,13,4325413
36264,4325460,25,4325485
36265,4325490,19,4325509
36266,4325588,44,4325632
36267,4325804,20,4325824
36268,4325868,8,4325876
36269,4326271,43,4326314
36270,4326433,3,4326436
36271,4326460,69,4326529
36272,4326530,2,4326532
36273,4326620,35,4326655
36274,4326671,60,4326731
36275,4326823,4,4326827
36276,4327061,34,4327095
36277,4327125,1,4327126
36278,4327164,3,4327167
36279,4327275,34,4327309
36280,4327388,6,4327394
36281,4327488,2,4327490
36282,4327620,53,4327673
36283,4327876,52,4327928
36284,4328090,53,4328143
36285,4328575,20,4328595
36286,4328626,20,4328646
36287,4328657,8,4328665
36288,4328772,4,4328776
36289,4328857,16,4328873
36290,4328991,6,4328997
36291,4329122,13,4329135
36292,4329169,59,4329228
36293,4329374,10,4329384
36294,4329386,2,4329388
36295,4329493,8,4329501
36296,4329521,20,4329541
36297,4329556,53,4329609
36298,4329721,1,4329722
36299,4330046,3,4330049
36300,4330075,22,4330097
36301,4330142,4,4330146
36302,4330147,8,4330155
36303,4330167,43,4330210
36304,4330232,56,4330288
36305,4330427,4,4330431
36306,4330549,8,4330557
36307,4330658,28,4330686
36308,4330822,15,4330837
36309,4331194,10,4331204
36310,4331272,19,4331291
36311,4331374,7,4331381
36312,4331521,1,4331522
36313,4331545,41,4331586
36314,4331615,2,4331617
36315,4331647,1,4331648
36316,4331674,10,4331684
36317,4331706,74,4331780
36318,4332039,12,4332051
36319,4332074,35,4332109
36320,4332201,48,4332249
36321,4332286,3,4332289
36322,4332359,25,4332384
36323,4332415,56,4332471
36324,4332495,19,4332514
36325,4332521,1,4332522
36326,4332742,4,4332746
36327,4332864,5,4332869
36328,4333011,1,4333012
36329,4333018,8,4333026
36330,4333037,51,4333088
36331,4333187,18,4333205
36332,4333233,7,4333240
36333,4333365,2,4333367
36334,4333585,10,4333595
36335,4333650,10,4333660
36336,4333717,12,4333729
36337,4333948,39,4333987
36338,4333999,28,4334027
36339,4334167,9,4334176
36340,4334223,1,4334224
36341,4334229,15,4334244
36342,4334445,45,4334490
36343,4334573,61,4334634
36344,4334677,60,4334737
36345,4334798,18,4334816
36346,4334992,3,4334995
36347,4335078,46,4335124
36348,4335169,5,4335174
36349,4335184,9,4335193
36350,4335227,7,4335234
36351,4335246,49,4335295
36352,4335549,35,4335584
36353,4335671,37,4335708
36354,4335741,5,4335746
36355,4335814,3,4335817
36356,4335877,12,4335889
36357,4335903,64,4335967
36358,4336161,26,4336187
36359,4336190,23,4336213
36360,4336265,6,4336271
36361,4336277,78,4336355
36362,4336560,13,4336573
36363,4336623,19,4336642
36364,4336976,19,4336995
36365,4337350,3,4337353
36366,4337487,63,4337550
36367,4337564,29,4337593
36368,4337731,39,4337770
36369,4337804,51,4337855
36370,4337885,61,4337946
36371,4337947,30,4337977
36372,4337981,37,4338018
36373,4338064,15,4338079
36374,4338120,1,4338121
36375,4338161,8,4338169
36376,4338388,72,4338460
36377,4338469,9,4338478
36378,4338675,14,4338689
36379,4338742,54,4338796
36380,4338883,21,4338904
36381,4339063,1,4339064
36382,4339073,45,4339118
36383,4339120,8,4339128
36384,4339154,4,4339158
36385,4339329,1,4339330
36386,4339486,5,4339491
36387,4339646,22,4339668
36388,4339700,4,4339704
36389,4339801,7,4339808
36390,4339810,48,4339858
36391,4339999,45,4340044
36392,4340260,26,4340286
36393,4340372,11,4340383
36394,4340518,11,4340529
36395,4340751,12,4340763
36396,4340776,8,4340784
36397,4341007,6,4341013
36398,4341116,4,4341120
36399,4341239,13,4341252
36400,4341459,18,4341477
36401,4341604,10,4341614
36402,4341703,17,4341720
36403,4341835,7,4341842
36404,4341850,35,4341885
36405,4341985,37,4342022
36406,4342247,102,4342349
36407,4342535,39,4342574
36408,4342648,4,4342652
36409,4342798,33,4342831
36410,4342970,26,4342996
36411,4343076,3,4343079
36412,4343260,17,4343277
36413,4343385,30,4343415
36414,4343430,60,4343490
36415,4343582,14,4343596
36416,4343684,37,4343721
36417,4343727,30,4343757
36418,4343818,38,4343856
36419,4344012,44,4344056
36420,4344227,6,4344233
36421,4344248,29,4344277
36422,4344441,10,4344451
36423,4344681,14,4344695
36424,4344740,53,4344793
36425,4344862,1,4344863
36426,4344935,11,4344946
36427,4344964,26,4344990
36428,4345203,2,4345205
36429,4345332,1,4345333
36430,4345404,1,4345405
36431,4345420,4,4345424
36432,4345425,1,4345426
36433,4345437,10,4345447
36434,4345509,36,4345545
36435,4345659,79,4345738
36436,4345782,2,4345784
36437,4345938,39,4345977
36438,4346399,5,4346404
36439,4346446,3,4346449
36440,4346548,19,4346567
36441,4346669,11,4346680
36442,4346727,20,4346747
36443,4346823,15,4346838
36444,4346873,39,4346912
36445,4346992,45,4347037
36446,4347209,10,4347219
36447,4347632,11,4347643
36448,4347953,14,4347967
36449,4347983,1,4347984
36450,4348111,11,4348122
36451,4348204,6,4348210
36452,4348244,14,4348258
36453,4348264,22,4348286
36454,4348295,10,4348305
36455,4348462,24,4348486
36456,4348666,12,4348678
36457,4348771,27,4348798
36458,4348888,12,4348900
36459,4348975,13,4348988
36460,4349016,5,4349021
36461,4349243,51,4349294
36462,4349344,21,4349365
36463,4349442,44,4349486
36464,4349567,7,4349574
36465,4349607,14,4349621
36466,4349871,10,4349881
36467,4349920,22,4349942
36468,4350031,5,4350036
36469,4350048,29,4350077
36470,4350103,3,4350106
36471,4350184,30,4350214
36472,4350416,8,4350424
36473,4350549,12,4350561
36474,4350567,116,4350683
36475,4350717,30,4350747
36476,4350783,27,4350810
36477,4350879,8,4350887
36478,4351040,14,4351054
36479,4351514,4,4351518
36480,4351559,19,4351578
36481,4351620,2,4351622
36482,4351773,9,4351782
36483,4351821,37,4351858
36484,4352111,28,4352139
36485,4352179,11,4352190
36486,4352280,18,4352298
36487,4352299,13,4352312
36488,4352344,33,4352377
36489,4352416,4,4352420
36490,4352806,19,4352825
36491,4353221,16,4353237
36492,4353240,5,4353245
36493,4353375,11,4353386
36494,4353420,3,4353423
36495,4353464,9,4353473
36496,4353496,3,4353499
36497,4353575,4,4353579
36498,4353710,24,4353734
36499,4353831,18,4353849
36500,4353904,52,4353956
36501,4353968,52,4354020
36502,4354054,28,4354082
36503,4354093,7,4354100
36504,4354127,13,4354140
36505,4354164,36,4354200
36506,4354553,2,4354555
36507,4354605,14,4354619
36508,4354723,8,4354731
36509,4354775,19,4354794
36510,4354946,5,4354951
36511,4355062,9,4355071
36512,4355119,34,4355153
36513,4355738,3,4355741
36514,4355802,5,4355807
36515,4355913,51,4355964
36516,4356011,29,4356040
36517,4356208,21,4356229
36518,4356235,8,4356243
36519,4356327,13,4356340
36520,4356612,8,4356620
36521,4356623,21,4356644
36522,4356670,70,4356740
36523,4356788,14,4356802
36524,4356833,1,4356834
36525,4357083,15,4357098
36526,4357282,13,4357295
36527,4357313,9,4357322
36528,4357400,19,4357419
36529,4357668,14,4357682
36530,4357777,29,4357806
36531,4357836,9,4357845
36532,4357864,7,4357871
36533,4358120,29,4358149
36534,4358150,19,4358169
36535,4358230,1,4358231
36536,4358289,9,4358298
36537,4358367,1,4358368
36538,4358421,17,4358438
36539,4358661,6,4358667
36540,4358719,62,4358781
36541,4358868,2,4358870
36542,4358888,16,4358904
36543,4359037,1,4359038
36544,4359063,35,4359098
36545,4359133,73,4359206
36546,4359527,9,4359536
36547,4359584,8,4359592
36548,4359644,42,4359686
36549,4359758,55,4359813
36550,4359909,5,4359914
36551,4360037,66,4360103
36552,4360286,4,4360290
36553,4360311,2,4360313
36554,4360326,4,4360330
36555,4360918,15,4360933
36556,4361021,38,4361059
36557,4361118,10,4361128
36558,4361233,45,4361278
36559,4361475,21,4361496
36560,4361542,9,4361551
36561,4361592,27,4361619
36562,4361726,8,4361734
36563,4361862,54,4361916
36564,4361921,33,4361954
36565,4362026,20,4362046
36566,4362095,12,4362107
36567,4362349,1,4362350
36568,4362629,16,4362645
36569,4362752,3,4362755
36570,4362777,13,4362790
36571,4362897,27,4362924
36572,4363329,22,4363351
36573,4363476,27,4363503
36574,4363612,21,4363633
36575,4363760,12,4363772
36576,4363856,23,4363879
36577,4363899,6,4363905
36578,4363955,38,4363993
36579,4364018,3,4364021
36580,4364072,5,4364077
36581,4364100,6,4364106
36582,4364278,1,4364279
36583,4364295,3,4364298
36584,4364689,15,4364704
36585,4364716,13,4364729
36586,4364731,17,4364748
36587,4364822,22,4364844
36588,4364865,32,4364897
36589,4364898,5,4364903
36590,4365056,2,4365058
36591,4365063,13,4365076
36592,4365177,24,4365201
36593,4365235,8,4365243
36594,4365263,6,4365269
36595,4365347,20,4365367
36596,4365380,13,4365393
36597,4365410,6,4365416
36598,4365731,16,4365747
36599,4365780,3,4365783
36600,4365841,13,4365854
36601,4365944,1,4365945
36602,4365951,32,4365983
36603,4365991,7,4365998
36604,4366071,52,4366123
36605,4366197,26,4366223
36606,4366270,27,4366297
36607,4366378,71,4366449
36608,4366497,5,4366502
36609,4366518,23,4366541
36610,4366634,9,4366643
36611,4366685,10,4366695
36612,4366716,28,4366744
36613,4367034,63,4367097
36614,4367173,44,4367217
36615,4367401,5,4367406
36616,4367451,20,4367471
36617,4367475,4,4367479
36618,4368001,14,4368015
36619,4368094,2,4368096
36620,4368172,10,4368182
36621,4368191,44,4368235
36622,4368380,15,4368395
36623,4368429,19,4368448
36624,4368609,21,4368630
36625,4368709,3,4368712
36626,4368740,1,4368741
36627,4368804,19,4368823
36628,4369163,31,4369194
36629,4369274,11,4369285
36630,4369387,11,4369398
36631,4369427,8,4369435
36632,4369494,22,4369516
36633,4369535,4,4369539
36634,4369544,5,4369549
36635,4369787,1,4369788
36636,4369799,11,4369810
36637,4369874,38,4369912
36638,4369944,5,4369949
36639,4370155,14,4370169
36640,4370213,4,4370217
36641,4370263,4,4370267
36642,4370364,2,4370366
36643,4370401,29,4370430
36644,4370509,18,4370527
36645,4370616,1,4370617
36646,4370621,25,4370646
36647,4370791,9,4370800
36648,4370861,17,4370878
36649,4370960,15,4370975
36650,4371132,7,4371139
36651,4371167,18,4371185
36652,4371293,19,4371312
36653,4371469,79,4371548
36654,4371570,36,4371606
36655,4371753,20,4371773
36656,4371871,12,4371883
36657,4371963,77,4372040
36658,4372173,43,4372216
36659,4372243,5,4372248
36660,4372540,20,4372560
36661,4372632,11,4372643
36662,4372684,14,4372698
36663,4372813,12,4372825
36664,4372885,4,4372889
36665,4372976,6,4372982
36666,4373072,19,4373091
36667,4373153,24,4373177
36668,4373206,4,4373210
36669,4373232,57,4373289
36670,4373394,23,4373417
36671,4373429,45,4373474
36672,4373513,19,4373532
36673,4373601,8,4373609
36674,4373718,1,4373719
36675,4373740,44,4373784
36676,4373797,2,4373799
36677,4373814,5,4373819
36678,4373860,7,4373867
36679,4373943,19,4373962
36680,4374319,8,4374327
36681,4374416,14,4374430
36682,4374495,16,4374511
36683,4374531,43,4374574
36684,4374594,11,4374605
36685,4374754,2,4374756
36686,4374782,31,4374813
36687,4374881,4,4374885
36688,4375106,62,4375168
36689,4375228,14,4375242
36690,4375248,5,4375253
36691,4375263,35,4375298
36692,4375407,27,4375434
36693,4375520,29,4375549
36694,4375622,7,4375629
36695,4375837,3,4375840
36696,4375939,28,4375967
36697,4376147,6,4376153
36698,4376179,31,4376210
36699,4376213,13,4376226
36700,4376237,4,4376241
36701,4376382,16,4376398
36702,4376456,31,4376487
36703,4376573,24,4376597
36704,4376655,15,4376670
36705,4376680,4,4376684
36706,4376752,52,4376804
36707,4376808,6,4376814
36708,4376859,38,4376897
36709,4377025,12,4377037
36710,4377049,9,4377058
36711,4377078,23,4377101
36712,4377122,17,4377139
36713,4377156,7,4377163
36714,4377343,13,4377356
36715,4377444,21,4377465
36716,4377551,19,4377570
36717,4377635,6,4377641
36718,4377767,17,4377784
36719,4377795,7,4377802
36720,4377814,11,4377825
36721,4377936,2,4377938
36722,4378150,6,4378156
36723,4378227,43,4378270
36724,4378459,4,4378463
36725,4378476,22,4378498
36726,4378568,11,4378579
36727,4378933,15,4378948
36728,4379127,82,4379209
36729,4379331,27,4379358
36730,4379489,1,4379490
36731,4379550,81,4379631
36732,4379636,19,4379655
36733,4379670,29,4379699
36734,4379794,1,4379795
36735,4379831,23,4379854
36736,4379981,12,4379993
36737,4380162,16,4380178
36738,4380240,6,4380246
36739,4380267,33,4380300
36740,4380313,8,4380321
36741,4380377,20,4380397
36742,4380521,11,4380532
36743,4380613,40,4380653
36744,4380663,7,4380670
36745,4380781,50,4380831
36746,4380892,16,4380908
36747,4380942,25,4380967
36748,4381077,16,4381093
36749,4381150,43,4381193
36750,4381321,2,4381323
36751,4381389,29,4381418
36752,4381429,7,4381436
36753,4381516,13,4381529
36754,4381588,8,4381596
36755,4381667,44,4381711
36756,4381784,16,4381800
36757,4381868,14,4381882
36758,4381918,1,4381919
36759,4381963,2,4381965
36760,4382183,7,4382190
36761,4382441,13,4382454
36762,4382511,31,4382542
36763,4382591,11,4382602
36764,4382615,60,4382675
36765,4382905,15,4382920
36766,4382967,19,4382986
36767,4383163,10,4383173
36768,4383291,2,4383293
36769,4383499,22,4383521
36770,4383724,12,4383736
36771,4383764,2,4383766
36772,4383886,10,4383896
36773,4383902,34,4383936
36774,4384047,46,4384093
36775,4384245,48,4384293
36776,4384295,18,4384313
36777,4384326,8,4384334
36778,4384383,13,4384396
36779,4384411,10,4384421
36780,4384622,11,4384633
36781,4384901,37,4384938
36782,4384946,14,4384960
36783,4385157,64,4385221
36784,4385271,10,4385281
36785,4385313,19,4385332
36786,4385436,35,4385471
36787,4385476,37,4385513
36788,4385590,51,4385641
36789,4385683,33,4385716
36790,4385758,28,4385786
36791,4385823,13,4385836
36792,4386042,4,4386046
36793,4386083,5,4386088
36794,4386243,21,4386264
36795,4386282,10,4386292
36796,4386293,8,4386301
36797,4386609,6,4386615
36798,4386727,2,4386729
36799,4386737,48,4386785
36800,4386855,10,4386865
36801,4387030,8,4387038
36802,4387057,10,4387067
36803,4387292,1,4387293
36804,4387469,3,4387472
36805,4387545,11,4387556
36806,4387570,16,4387586
36807,4387798,11,4387809
36808,4387949,15,4387964
36809,4387975,17,4387992
36810,4388400,21,4388421
36811,4388596,14,4388610
36812,4388618,42,4388660
36813,4388748,14,4388762
36814,4388805,24,4388829
36815,4388846,12,4388858
36816,4388929,7,4388936
36817,4389043,67,4389110
36818,4389205,22,4389227
36819,4389346,5,4389351
36820,4389668,7,4389675
36821,4389838,13,4389851
36822,4389938,22,4389960
36823,4390001,27,4390028
36824,4390097,16,4390113
36825,4390424,18,4390442
36826,4390479,9,4390488
36827,4390519,4,4390523
36828,4390594,19,4390613
36829,4390700,42,4390742
36830,4390804,4,4390808
36831,4390874,6,4390880
36832,4390934,8,4390942
36833,4391071,11,4391082
36834,4391132,11,4391143
36835,4391206,11,4391217
36836,4391398,26,4391424
36837,4391644,11,4391655
36838,4391784,28,4391812
36839,4391868,16,4391884
36840,4391889,53,4391942
36841,4391987,51,4392038
36842,4392145,14,4392159
36843,4392236,8,4392244
36844,4392353,59,4392412
36845,4392498,35,4392533
36846,4392645,22,4392667
36847,4392798,18,4392816
36848,4392874,1,4392875
36849,4392904,20,4392924
36850,4392981,50,4393031
36851,4393070,10,4393080
36852,4393232,24,4393256
36853,4393482,20,4393502
36854,4393702,34,4393736
36855,4393816,25,4393841
36856,4393964,20,4393984
36857,4394028,1,4394029
36858,4394130,5,4394135
36859,4394148,78,4394226
36860,4394262,8,4394270
36861,4394526,21,4394547
36862,4394548,20,4394568
36863,4394793,5,4394798
36864,4394826,14,4394840
36865,4394942,25,4394967
36866,4395018,3,4395021
36867,4395271,27,4395298
36868,4395301,25,4395326
36869,4395361,1,4395362
36870,4395393,2,4395395
36871,4395410,12,4395422
36872,4395430,6,4395436
36873,4395669,49,4395718
36874,4395863,12,4395875
36875,4395895,12,4395907
36876,4396023,1,4396024
36877,4396081,19,4396100
36878,4396180,10,4396190
36879,4396365,4,4396369
36880,4396430,23,4396453
36881,4396520,23,4396543
36882,4396621,7,4396628
36883,4396633,1,4396634
36884,4396736,41,4396777
36885,4396861,1,4396862
36886,4396892,16,4396908
36887,4397074,1,4397075
36888,4397096,14,4397110
36889,4397171,25,4397196
36890,4397318,13,4397331
36891,4397483,2,4397485
36892,4397512,7,4397519
36893,4397532,25,4397557
36894,4397561,90,4397651
36895,4397843,36,4397879
36896,4397943,26,4397969
36897,4398011,5,4398016
36898,4398080,6,4398086
36899,4398144,19,4398163
36900,4398175,8,4398183
36901,4398308,6,4398314
36902,4398494,7,4398501
36903,4398604,20,4398624
36904,4398651,2,4398653
36905,4398920,3,4398923
36906,4398946,1,4398947
36907,4398977,1,4398978
36908,4399145,25,4399170
36909,4399196,61,4399257
36910,4399280,18,4399298
36911,4399356,18,4399374
36912,4399395,19,4399414
36913,4399443,4,4399447
36914,4399522,9,4399531
36915,4399577,71,4399648
36916,4399653,46,4399699
36917,4399949,69,4400018
36918,4400037,5,4400042
36919,4400117,83,4400200
36920,4400252,57,4400309
36921,4400342,29,4400371
36922,4400442,38,4400480
36923,4400487,8,4400495
36924,4400822,4,4400826
36925,4400892,6,4400898
36926,4400937,4,4400941
36927,4401076,57,4401133
36928,4401283,3,4401286
36929,4401410,36,4401446
36930,4401501,6,4401507
36931,4401514,7,4401521
36932,4401580,34,4401614
36933,4401669,38,4401707
36934,4401719,35,4401754
36935,4401768,6,4401774
36936,4401782,31,4401813
36937,4401827,13,4401840
36938,4401987,20,4402007
36939,4402128,10,4402138
36940,4402417,8,4402425
36941,4402447,11,4402458
36942,4402702,15,4402717
36943,4402888,1,4402889
36944,4402892,47,4402939
36945,4403413,2,4403415
36946,4403473,8,4403481
36947,4403549,9,4403558
36948,4403630,51,4403681
36949,4403873,8,4403881
36950,4404084,1,4404085
36951,4404200,23,4404223
36952,4404509,61,4404570
36953,4404821,2,4404823
36954,4404873,16,4404889
36955,4404977,10,4404987
36956,4405246,5,4405251
36957,4405622,3,4405625
36958,4405780,3,4405783
36959,4405881,67,4405948
36960,4405958,21,4405979
36961,4406238,6,4406244
36962,4406263,18,4406281
36963,4406366,3,4406369
36964,4406411,23,4406434
36965,4406520,25,4406545
36966,4406586,22,4406608
36967,4406674,16,4406690
36968,4406699,1,4406700
36969,4406726,4,4406730
36970,4406808,4,4406812
36971,4406915,2,4406917
36972,4406959,10,4406969
36973,4406976,60,4407036
36974,4407084,5,4407089
36975,4407287,12,4407299
36976,4407405,7,4407412
36977,4407431,26,4407457
36978,4407501,15,4407516
36979,4407630,21,4407651
36980,4407749,2,4407751
36981,4407825,32,4407857
36982,4408012,29,4408041
36983,4408070,10,4408080
36984,4408140,2,4408142
36985,4408442,7,4408449
36986,4408468,5,4408473
36987,4408684,25,4408709
36988,4408743,124,4408867
36989,4409004,71,4409075
36990,4409081,1,4409082
36991,4409124,3,4409127
36992,4409144,2,4409146
36993,4409152,34,4409186
36994,4409290,15,4409305
36995,4409581,63,4409644
36996,4409673,55,4409728
36997,4409750,14,4409764
36998,4409824,6,4409830
36999,4409842,13,4409855
37000,4409920,29,4409949
37001,4409953,7,4409960
37002,4409977,3,4409980
37003,4410118,4,4410122
37004,4410146,21,4410167
37005,4410336,14,4410350
37006,4410365,8,4410373
37007,4410399,2,4410401
37008,4410434,5,4410439
37009,4410456,4,4410460
37010,4410533,9,4410542
37011,4410575,17,4410592
37012,4410593,1,4410594
37013,4410679,11,4410690
37014,4410709,24,4410733
37015,4410757,7,4410764
37016,4410889,10,4410899
37017,4410947,2,4410949
37018,4411009,13,4411022
37019,4411092,22,4411114
37020,4411196,10,4411206
37021,4411247,52,4411299
37022,4411435,19,4411454
37023,4411508,6,4411514
37024,4411528,27,4411555
37025,4411834,50,4411884
37026,4411925,3,4411928
37027,4412106,37,4412143
37028,4412213,12,4412225
37029,4412336,5,4412341
37030,4412496,3,4412499
37031,4412634,16,4412650
37032,4412821,10,4412831
37033,4412882,23,4412905
37034,4413111,25,4413136
37035,4413297,16,4413313
37036,4413314,1,4413315
37037,4413342,12,4413354
37038,4413368,2,4413370
37039,4413449,12,4413461
37040,4413551,42,4413593
37041,4413597,5,4413602
37042,4413786,3,4413789
37043,4413798,10,4413808
37044,4414329,16,4414345
37045,4414394,6,4414400
37046,4414446,19,4414465
37047,4414518,21,4414539
37048,4414974,12,4414986
37049,4415038,16,4415054
37050,4415063,91,4415154
37051,4415228,11,4415239
37052,4415289,14,4415303
37053,4415354,8,4415362
37054,4415393,95,4415488
37055,4415747,15,4415762
37056,4415769,98,4415867
37057,4415884,14,4415898
37058,4416022,1,4416023
37059,4416063,19,4416082
37060,4416085,30,4416115
37061,4416134,43,4416177
37062,4416329,3,4416332
37063,4416394,14,4416408
37064,4416476,28,4416504
37065,4416605,30,4416635
37066,4416663,8,4416671
37067,4416688,20,4416708
37068,4416751,11,4416762
37069,4416801,13,4416814
37070,4416876,1,4416877
37071,4416962,4,4416966
37072,4417118,9,4417127
37073,4417238,2,4417240
37074,4417314,30,4417344
37075,4417436,6,4417442
37076,4417454,29,4417483
37077,4417500,15,4417515
37078,4417580,4,4417584
37079,4417592,44,4417636
37080,4417767,5,4417772
37081,4418061,9,4418070
37082,4418084,1,4418085
37083,4418236,39,4418275
37084,4418279,20,4418299
37085,4418531,5,4418536
37086,4418543,16,4418559
37087,4418635,26,4418661
37088,4418845,39,4418884
37089,4418911,2,4418913
37090,4418915,43,4418958
37091,4419188,24,4419212
37092,4419238,2,4419240
37093,4419336,8,4419344
37094,4419365,22,4419387
37095,4419416,9,4419425
37096,4419459,3,4419462
37097,4419531,18,4419549
37098,4419728,11,4419739
37099,4419809,3,4419812
37100,4419862,9,4419871
37101,4420147,10,4420157
37102,4420278,25,4420303
37103,4420540,22,4420562
37104,4420611,7,4420618
37105,4420744,14,4420758
37106,4420808,4,4420812
37107,4420821,3,4420824
37108,4421341,53,4421394
37109,4422085,15,4422100
37110,4422288,4,4422292
37111,4422500,32,4422532
37112,4422727,31,4422758
37113,4422790,29,4422819
37114,4422910,2,4422912
37115,4422944,45,4422989
37116,4423008,1,4423009
37117,4423053,5,4423058
37118,4423327,1,4423328
37119,4423518,19,4423537
37120,4423555,13,4423568
37121,4423612,9,4423621
37122,4423738,2,4423740
37123,4423982,19,4424001
37124,4424359,52,4424411
37125,4424550,105,4424655
37126,4424677,2,4424679
37127,4424680,3,4424683
37128,4424954,22,4424976
37129,4425061,10,4425071
37130,4425316,16,4425332
37131,4425421,12,4425433
37132,4425481,48,4425529
37133,4425585,12,4425597
37134,4425639,50,4425689
37135,4425769,6,4425775
37136,4425943,27,4425970
37137,4426081,3,4426084
37138,4426114,9,4426123
37139,4426147,72,4426219
37140,4426313,21,4426334
37141,4426467,8,4426475
37142,4426563,20,4426583
37143,4426584,7,4426591
37144,4426938,16,4426954
37145,4426955,2,4426957
37146,4426989,68,4427057
37147,4427085,1,4427086
37148,4427124,18,4427142
37149,4427475,7,4427482
37150,4427593,22,4427615
37151,4427748,12,4427760
37152,4427821,13,4427834
37153,4427873,9,4427882
37154,4427964,32,4427996
37155,4428012,7,4428019
37156,4428025,7,4428032
37157,4428180,8,4428188
37158,4428234,14,4428248
37159,4428267,26,4428293
37160,4428366,7,4428373
37161,4428374,1,4428375
37162,4428405,52,4428457
37163,4428503,24,4428527
37164,4428546,55,4428601
37165,4428649,17,4428666
37166,4428806,9,4428815
37167,4428867,62,4428929
37168,4428997,13,4429010
37169,4429126,31,4429157
37170,4429188,2,4429190
37171,4429309,2,4429311
37172,4429386,4,4429390
37173,4429615,41,4429656
37174,4429746,3,4429749
37175,4429915,14,4429929
37176,4429958,15,4429973
37177,4430197,41,4430238
37178,4430240,4,4430244
37179,4430311,30,4430341
37180,4430354,14,4430368
37181,4430389,7,4430396
37182,4430425,57,4430482
37183,4430587,13,4430600
37184,4430723,7,4430730
37185,4430933,65,4430998
37186,4431127,23,4431150
37187,4431182,8,4431190
37188,4431262,22,4431284
37189,4431295,1,4431296
37190,4431329,6,4431335
37191,4431372,1,4431373
37192,4431401,4,4431405
37193,4431516,12,4431528
37194,4431771,19,4431790
37195,4431836,21,4431857
37196,4431960,15,4431975
37197,4432028,5,4432033
37198,4432063,5,4432068
37199,4432241,24,4432265
37200,4432304,36,4432340
37201,4432357,2,4432359
37202,4432436,19,4432455
37203,4432614,46,4432660
37204,4432684,17,4432701
37205,4432784,21,4432805
37206,4432890,13,4432903
37207,4433001,24,4433025
37208,4433032,8,4433040
37209,4433051,14,4433065
37210,4433199,8,4433207
37211,4433230,21,4433251
37212,4433289,17,4433306
37213,4433307,35,4433342
37214,4433407,32,4433439
37215,4433611,33,4433644
37216,4433816,2,4433818
37217,4433842,54,4433896
37218,4434113,7,4434120
37219,4434189,3,4434192
37220,4434339,16,4434355
37221,4434458,5,4434463
37222,4434493,31,4434524
37223,4434592,7,4434599
37224,4434821,18,4434839
37225,4434936,3,4434939
37226,4434960,25,4434985
37227,4435031,6,4435037
37228,4435534,18,4435552
37229,4435592,1,4435593
37230,4435826,6,4435832
37231,4436077,7,4436084
37232,4436509,35,4436544
37233,4436654,7,4436661
37234,4436718,35,4436753
37235,4436802,14,4436816
37236,4436857,12,4436869
37237,4436971,3,4436974
37238,4437199,108,4437307
37239,4437531,25,4437556
37240,4437558,30,4437588
37241,4437605,1,4437606
37242,4437670,167,4437837
37243,4437838,4,4437842
37244,4438010,63,4438073
37245,4438091,3,4438094
37246,4438110,13,4438123
37247,4438220,44,4438264
37248,4438592,14,4438606
37249,4438649,14,4438663
37250,4438876,6,4438882
37251,4438953,24,4438977
37252,4438979,31,4439010
37253,4439022,4,4439026
37254,4439194,25,4439219
37255,4439272,67,4439339
37256,4439512,15,4439527
37257,4439594,2,4439596
37258,4439667,5,4439672
37259,4439878,36,4439914
37260,4439951,1,4439952
37261,4439974,17,4439991
37262,4439992,2,4439994
37263,4440031,27,4440058
37264,4440080,18,4440098
37265,4440182,2,4440184
37266,4440214,5,4440219
37267,4440238,14,4440252
37268,4440339,3,4440342
37269,4440460,6,4440466
37270,4440498,10,4440508
37271,4440606,36,4440642
37272,4440725,6,4440731
37273,4440743,7,4440750
37274,4440779,52,4440831
37275,4440852,6,4440858
37276,4440958,2,4440960
37277,4441003,24,4441027
37278,4441061,84,4441145
37279,4441299,54,4441353
37280,4441365,30,4441395
37281,4441412,19,4441431
37282,4441648,16,4441664
37283,4442075,23,4442098
37284,4442144,5,4442149
37285,4442168,6,4442174
37286,4442231,13,4442244
37287,4442331,40,4442371
37288,4443133,21,4443154
37289,4443221,23,4443244
37290,4443273,10,4443283
37291,4443424,46,4443470
37292,4443977,7,4443984
37293,4444180,18,4444198
37294,4444415,22,4444437
37295,4444462,42,4444504
37296,4444642,7,4444649
37297,4444722,30,4444752
37298,4444852,35,4444887
37299,4444895,24,4444919
37300,4444984,46,4445030
37301,4445469,41,4445510
37302,4445548,12,4445560
37303,4445691,9,4445700
37304,4445705,34,4445739
37305,4445814,41,4445855
37306,4445857,3,4445860
37307,4445869,10,4445879
37308,4446038,4,4446042
37309,4446065,54,4446119
37310,4446189,2,4446191
37311,4446395,2,4446397
37312,4446494,2,4446496
37313,4446662,53,4446715
37314,4446869,32,4446901
37315,4446982,13,4446995
37316,4447466,4,4447470
37317,4447568,47,4447615
37318,4447745,31,4447776
37319,4447814,1,4447815
37320,4447904,28,4447932
37321,4447947,42,4447989
37322,4447998,16,4448014
37323,4448030,14,4448044
37324,4448096,6,4448102
37325,4448430,18,4448448
37326,4448696,7,4448703
37327,4448730,10,4448740
37328,4448777,5,4448782
37329,4448906,5,4448911
37330,4448918,10,4448928
37331,4448951,2,4448953
37332,4449002,1,4449003
37333,4449065,5,4449070
37334,4449117,12,4449129
37335,4449140,38,4449178
37336,4449283,7,4449290
37337,4449550,7,4449557
37338,4449571,10,4449581
37339,4449583,2,4449585
37340,4449719,45,4449764
37341,4449805,2,4449807
37342,4449820,7,4449827
37343,4449836,19,4449855
37344,4449942,12,4449954
37345,4450088,7,4450095
37346,4450151,7,4450158
37347,4450182,8,4450190
37348,4450270,15,4450285
37349,4450503,40,4450543
37350,4450605,27,4450632
37351,4450639,17,4450656
37352,4450756,11,4450767
37353,4451015,47,4451062
37354,4451107,16,4451123
37355,4451191,48,4451239
37356,4451355,3,4451358
37357,4451369,1,4451370
37358,4451390,3,4451393
37359,4451399,12,4451411
37360,4451478,24,4451502
37361,4451508,13,4451521
37362,4451548,1,4451549
37363,4451573,28,4451601
37364,4451640,32,4451672
37365,4451737,7,4451744
37366,4451784,1,4451785
37367,4451791,33,4451824
37368,4451845,9,4451854
37369,4452011,12,4452023
37370,4452248,4,4452252
37371,4452390,25,4452415
37372,4452474,11,4452485
37373,4452495,8,4452503
37374,4452568,19,4452587
37375,4452760,10,4452770
37376,4452829,41,4452870
37377,4453128,14,4453142
37378,4453211,32,4453243
37379,4453310,37,4453347
37380,4453356,16,4453372
37381,4453538,10,4453548
37382,4453660,17,4453677
37383,4453729,18,4453747
37384,4453813,12,4453825
37385,4453935,21,4453956
37386,4453996,52,4454048
37387,4454298,26,4454324
37388,4454484,1,4454485
37389,4454615,2,4454617
37390,4454700,2,4454702
37391,4454754,7,4454761
37392,4454767,5,4454772
37393,4454855,17,4454872
37394,4454913,44,4454957
37395,4455118,43,4455161
37396,4455233,35,4455268
37397,4455325,2,4455327
37398,4455532,7,4455539
37399,4455616,18,4455634
37400,4455791,16,4455807
37401,4455867,32,4455899
37402,4456163,17,4456180
37403,4456336,8,4456344
37404,4456349,104,4456453
37405,4456481,78,4456559
37406,4456602,6,4456608
37407,4456711,12,4456723
37408,4456755,2,4456757
37409,4456782,10,4456792
37410,4456802,6,4456808
37411,4456864,82,4456946
37412,4457128,24,4457152
37413,4457213,141,4457354
37414,4457368,25,4457393
37415,4457557,25,4457582
37416,4457589,5,4457594
37417,4457726,23,4457749
37418,4457955,16,4457971
37419,4458027,8,4458035
37420,4458335,25,4458360
37421,4458496,2,4458498
37422,4458552,6,4458558
37423,4458570,46,4458616
37424,4458720,1,4458721
37425,4458737,14,4458751
37426,4458794,39,4458833
37427,4458944,1,4458945
37428,4459173,8,4459181
37429,4459255,5,4459260
37430,4459293,4,4459297
37431,4459346,35,4459381
37432,4459406,6,4459412
37433,4459467,2,4459469
37434,4459872,42,4459914
37435,4460004,61,4460065
37436,4460138,45,4460183
37437,4460223,2,4460225
37438,4460373,9,4460382
37439,4460462,18,4460480
37440,4460490,69,4460559
37441,4460560,9,4460569
37442,4460585,46,4460631
37443,4460709,8,4460717
37444,4460836,28,4460864
37445,4461093,5,4461098
37446,4461123,18,4461141
37447,4461359,1,4461360
37448,4461675,12,4461687
37449,4461690,36,4461726
37450,4461739,20,4461759
37451,4462173,21,4462194
37452,4462264,27,4462291
37453,4462462,9,4462471
37454,4462498,14,4462512
37455,4462988,1,4462989
37456,4462990,20,4463010
37457,4463065,8,4463073
37458,4463259,1,4463260
37459,4463370,3,4463373
37460,4463385,6,4463391
37461,4463513,2,4463515
37462,4463556,6,4463562
37463,4463565,29,4463594
37464,4463820,16,4463836
37465,4463895,8,4463903
37466,4464048,12,4464060
37467,4464200,81,4464281
37468,4464371,15,4464386
37469,4464432,7,4464439
37470,4464498,8,4464506
37471,4464757,64,4464821
37472,4465061,14,4465075
37473,4465133,9,4465142
37474,4465219,4,4465223
37475,4465255,20,4465275
37476,4465337,47,4465384
37477,4465391,23,4465414
37478,4465441,23,4465464
37479,4465547,24,4465571
37480,4465699,18,4465717
37481,4465782,5,4465787
37482,4465854,41,4465895
37483,4465908,15,4465923
37484,4465994,23,4466017
37485,4466129,7,4466136
37486,4466396,25,4466421
37487,4466592,98,4466690
37488,4466691,4,4466695
37489,4466699,4,4466703
37490,4466859,19,4466878
37491,4467252,41,4467293
37492,4467298,1,4467299
37493,4467318,6,4467324
37494,4467365,14,4467379
37495,4467381,16,4467397
37496,4467404,20,4467424
37497,4467516,45,4467561
37498,4467595,52,4467647
37499,4467665,4,4467669
37500,4467941,7,4467948
37501,4468052,16,4468068
37502,4468073,19,4468092
37503,4468155,1,4468156
37504,4468204,33,4468237
37505,4468425,67,4468492
37506,4468725,9,4468734
37507,4468742,78,4468820
37508,4468972,28,4469000
37509,4469195,12,4469207
37510,4469228,35,4469263
37511,4469338,45,4469383
37512,4469517,16,4469533
37513,4469577,32,4469609
37514,4469626,8,4469634
37515,4469637,1,4469638
37516,4469929,13,4469942
37517,4469961,25,4469986
37518,4470053,37,4470090
37519,4470226,32,4470258
37520,4470262,53,4470315
37521,4470324,20,4470344
37522,4470374,5,4470379
37523,4470451,3,4470454
37524,4470688,48,4470736
37525,4470910,7,4470917
37526,4470957,4,4470961
37527,4471044,35,4471079
37528,4471153,8,4471161
37529,4471186,10,4471196
37530,4471213,12,4471225
37531,4471278,18,4471296
37532,4471343,21,4471364
37533,4471481,29,4471510
37534,4471631,10,4471641
37535,4471883,11,4471894
37536,4471949,34,4471983
37537,4472353,16,4472369
37538,4472429,30,4472459
37539,4472480,3,4472483
37540,4472488,5,4472493
37541,4472712,15,4472727
37542,4472771,2,4472773
37543,4473008,19,4473027
37544,4473101,7,4473108
37545,4473385,1,4473386
37546,4473463,23,4473486
37547,4473743,1,4473744
37548,4473797,42,4473839
37549,4473931,21,4473952
37550,4473978,11,4473989
37551,4474620,6,4474626
37552,4474679,9,4474688
37553,4474862,8,4474870
37554,4474878,45,4474923
37555,4475031,5,4475036
37556,4475164,18,4475182
37557,4475224,16,4475240
37558,4475395,10,4475405
37559,4475813,11,4475824
37560,4475829,2,4475831
37561,4476086,16,4476102
37562,4476147,76,4476223
37563,4476316,3,4476319
37564,4476439,10,4476449
37565,4476490,26,4476516
37566,4476529,42,4476571
37567,4476572,10,4476582
37568,4476635,22,4476657
37569,4476722,62,4476784
37570,4477018,23,4477041
37571,4477059,19,4477078
37572,4477091,31,4477122
37573,4477255,16,4477271
37574,4477616,49,4477665
37575,4477866,9,4477875
37576,4477897,15,4477912
37577,4478023,48,4478071
37578,4478083,9,4478092
37579,4478219,31,4478250
37580,4478671,18,4478689
37581,4478735,1,4478736
37582,4478997,5,4479002
37583,4479019,4,4479023
37584,4479214,6,4479220
37585,4479424,5,4479429
37586,4479441,25,4479466
37587,4479583,5,4479588
37588,4479598,29,4479627
37589,4479846,34,4479880
37590,4479912,4,4479916
37591,4479959,19,4479978
37592,4480205,21,4480226
37593,4480284,17,4480301
37594,4480323,25,4480348
37595,4480376,41,4480417
37596,4480447,23,4480470
37597,4480611,17,4480628
37598,4480714,50,4480764
37599,4480812,20,4480832
37600,4480919,28,4480947
37601,4480966,43,4481009
37602,4481156,27,4481183
37603,4481237,43,4481280
37604,4481323,2,4481325
37605,4481429,27,4481456
37606,4481521,32,4481553
37607,4481567,28,4481595
37608,4481701,23,4481724
37609,4481816,1,4481817
37610,4481858,6,4481864
37611,4482108,5,4482113
37612,4482126,10,4482136
37613,4482238,2,4482240
37614,4482389,82,4482471
37615,4482540,26,4482566
37616,4482580,10,4482590
37617,4482662,38,4482700
37618,4482715,20,4482735
37619,4482804,29,4482833
37620,4482924,11,4482935
37621,4482953,10,4482963
37622,4483011,4,4483015
37623,4483118,25,4483143
37624,4483389,39,4483428
37625,4483637,9,4483646
37626,4483681,7,4483688
37627,4483873,20,4483893
37628,4483920,45,4483965
37629,4484091,51,4484142
37630,4484151,5,4484156
37631,4484527,1,4484528
37632,4484531,21,4484552
37633,4484680,24,4484704
37634,4484926,21,4484947
37635,4484953,38,4484991
37636,4485074,7,4485081
37637,4485219,1,4485220
37638,4485294,13,4485307
37639,4485346,19,4485365
37640,4485371,3,4485374
37641,4485411,9,4485420
37642,4485520,48,4485568
37643,4485706,44,4485750
37644,4485772,8,4485780
37645,4485808,6,4485814
37646,4485994,33,4486027
37647,4486033,18,4486051
37648,4486052,11,4486063
37649,4486095,10,4486105
37650,4486309,1,4486310
37651,4486318,51,4486369
37652,4486393,14,4486407
37653,4486500,15,4486515
37654,4486616,13,4486629
37655,4486661,19,4486680
37656,4486901,16,4486917
37657,4486932,3,4486935
37658,4487059,11,4487070
37659,4487202,14,4487216
37660,4487316,15,4487331
37661,4487522,15,4487537
37662,4487539,17,4487556
37663,4487749,3,4487752
37664,4487804,68,4487872
37665,4487880,7,4487887
37666,4487944,23,4487967
37667,4488052,62,4488114
37668,4488168,7,4488175
37669,4488181,25,4488206
37670,4488533,15,4488548
37671,4488619,14,4488633
37672,4488872,17,4488889
37673,4488925,10,4488935
37674,4489089,4,4489093
37675,4489246,72,4489318
37676,4489376,74,4489450
37677,4489706,29,4489735
37678,4490063,27,4490090
37679,4490221,20,4490241
37680,4490332,31,4490363
37681,4490393,6,4490399
37682,4490416,11,4490427
37683,4490447,35,4490482
37684,4490536,9,4490545
37685,4490630,20,4490650
37686,4490679,96,4490775
37687,4490854,5,4490859
37688,4490898,40,4490938
37689,4490963,10,4490973
37690,4491096,14,4491110
37691,4491197,11,4491208
37692,4491551,4,4491555
37693,4491742,9,4491751
37694,4491789,5,4491794
37695,4491955,3,4491958
37696,4492025,29,4492054
37697,4492120,73,4492193
37698,4492261,10,4492271
37699,4492639,2,4492641
37700,4492871,31,4492902
37701,4492954,17,4492971
37702,4493000,9,4493009
37703,4493080,62,4493142
37704,4493291,2,4493293
37705,4493447,16,4493463
37706,4493515,4,4493519
37707,4493569,6,4493575
37708,4493639,8,4493647
37709,4493664,18,4493682
37710,4493908,6,4493914
37711,4493956,31,4493987
37712,4494157,26,4494183
37713,4494291,28,4494319
37714,4494492,6,4494498
37715,4494591,43,4494634
37716,4494641,8,4494649
37717,4494678,13,4494691
37718,4494719,9,4494728
37719,4494768,3,4494771
37720,4495165,19,4495184
37721,4495205,37,4495242
37722,4495319,19,4495338
37723,4495369,20,4495389
37724,4495463,38,4495501
37725,4495601,21,4495622
37726,4495625,20,4495645
37727,4495672,1,4495673
37728,4495746,4,4495750
37729,4495872,16,4495888
37730,4495964,36,4496000
37731,4496295,10,4496305
37732,4496318,4,4496322
37733,4496348,8,4496356
37734,4496435,18,4496453
37735,4496560,1,4496561
37736,4496701,28,4496729
37737,4496739,19,4496758
37738,4496821,7,4496828
37739,4496870,16,4496886
37740,4497050,29,4497079
37741,4497150,16,4497166
37742,4497198,5,4497203
37743,4497296,17,4497313
37744,4497374,16,4497390
37745,4497532,8,4497540
37746,4497620,8,4497628
37747,4497799,60,4497859
37748,4498215,14,4498229
37749,4498351,13,4498364
37750,4498392,61,4498453
37751,4498589,20,4498609
37752,4498829,10,4498839
37753,4498912,12,4498924
37754,4498938,23,4498961
37755,4499300,6,4499306
37756,4499313,6,4499319
37757,4499481,2,4499483
37758,4499523,12,4499535
37759,4499683,112,4499795
37760,4499809,94,4499903
37761,4499960,23,4499983
37762,4500085,8,4500093
37763,4500243,47,4500290
37764,4500504,20,4500524
37765,4500531,25,4500556
37766,4500591,12,4500603
37767,4500667,4,4500671
37768,4500819,21,4500840
37769,4500907,23,4500930
37770,4501016,15,4501031
37771,4501212,9,4501221
37772,4501239,27,4501266
37773,4501273,22,4501295
37774,4501329,45,4501374
37775,4501644,31,4501675
37776,4501942,39,4501981
37777,4502038,6,4502044
37778,4502185,2,4502187
37779,4502203,8,4502211
37780,4502250,17,4502267
37781,4502284,2,4502286
37782,4502295,13,4502308
37783,4502370,50,4502420
37784,4502527,22,4502549
37785,4502649,24,4502673
37786,4502700,26,4502726
37787,4502792,21,4502813
37788,4502904,12,4502916
37789,4503026,5,4503031
37790,4503167,12,4503179
37791,4503261,4,4503265
37792,4503269,26,4503295
37793,4503343,5,4503348
37794,4503499,4,4503503
37795,4503626,26,4503652
37796,4503715,48,4503763
37797,4503818,3,4503821
37798,4504053,6,4504059
37799,4504137,64,4504201
37800,4504272,20,4504292
37801,4504306,6,4504312
37802,4504706,17,4504723
37803,4504879,24,4504903
37804,4504971,7,4504978
37805,4505228,7,4505235
37806,4505356,17,4505373
37807,4505454,9,4505463
37808,4505486,10,4505496
37809,4505555,71,4505626
37810,4506467,69,4506536
37811,4506658,30,4506688
37812,4506719,3,4506722
37813,4506742,14,4506756
37814,4506814,8,4506822
37815,4506824,12,4506836
37816,4506863,6,4506869
37817,4506975,4,4506979
37818,4507250,23,4507273
37819,4507313,3,4507316
37820,4507332,2,4507334
37821,4507380,37,4507417
37822,4507754,5,4507759
37823,4507923,11,4507934
37824,4507968,13,4507981
37825,4508057,10,4508067
37826,4508306,1,4508307
37827,4508419,8,4508427
37828,4508669,12,4508681
37829,4508738,17,4508755
37830,4508904,5,4508909
37831,4508984,50,4509034
37832,4509193,15,4509208
37833,4509226,3,4509229
37834,4509325,4,4509329
37835,4509648,14,4509662
37836,4509747,2,4509749
37837,4509772,22,4509794
37838,4509797,8,4509805
37839,4509806,1,4509807
37840,4509897,26,4509923
37841,4510216,8,4510224
37842,4510260,35,4510295
37843,4510329,34,4510363
37844,4510369,24,4510393
37845,4510456,22,4510478
37846,4510525,11,4510536
37847,4510628,1,4510629
37848,4510737,32,4510769
37849,4510831,10,4510841
37850,4510843,72,4510915
37851,4510971,27,4510998
37852,4511028,17,4511045
37853,4511215,21,4511236
37854,4511287,7,4511294
37855,4511375,4,4511379
37856,4511595,1,4511596
37857,4511771,6,4511777
37858,4511793,11,4511804
37859,4511836,27,4511863
37860,4511917,10,4511927
37861,4511956,14,4511970
37862,4512019,5,4512024
37863,4512126,46,4512172
37864,4512235,53,4512288
37865,4512313,4,4512317
37866,4512370,52,4512422
37867,4512678,22,4512700
37868,4512806,20,4512826
37869,4512930,61,4512991
37870,4513232,11,4513243
37871,4513696,6,4513702
37872,4513788,24,4513812
37873,4513829,20,4513849
37874,4513914,11,4513925
37875,4513930,8,4513938
37876,4513958,4,4513962
37877,4514049,26,4514075
37878,4514314,37,4514351
37879,4514367,20,4514387
37880,4514402,22,4514424
37881,4514521,3,4514524
37882,4514621,5,4514626
37883,4514714,5,4514719
37884,4514931,13,4514944
37885,4515012,3,4515015
37886,4515039,97,4515136
37887,4515191,38,4515229
37888,4515276,5,4515281
37889,4515400,64,4515464
37890,4515562,10,4515572
37891,4515577,3,4515580
37892,4515785,3,4515788
37893,4515797,5,4515802
37894,4515940,13,4515953
37895,4515996,40,4516036
37896,4516086,5,4516091
37897,4516101,41,4516142
37898,4516271,93,4516364
37899,4516372,11,4516383
37900,4516387,80,4516467
37901,4516472,27,4516499
37902,4516592,2,4516594
37903,4516731,6,4516737
37904,4516783,18,4516801
37905,4516872,40,4516912
37906,4517055,11,4517066
37907,4517073,5,4517078
37908,4517087,9,4517096
37909,4517114,2,4517116
37910,4517122,11,4517133
37911,4517215,75,4517290
37912,4517373,21,4517394
37913,4517486,8,4517494
37914,4517553,21,4517574
37915,4517768,22,4517790
37916,4517804,12,4517816
37917,4518193,34,4518227
37918,4518249,8,4518257
37919,4518366,4,4518370
37920,4518379,17,4518396
37921,4518528,1,4518529
37922,4518531,7,4518538
37923,4518554,20,4518574
37924,4518638,6,4518644
37925,4518728,10,4518738
37926,4518944,16,4518960
37927,4519135,16,4519151
37928,4519159,9,4519168
37929,4519175,2,4519177
37930,4519185,10,4519195
37931,4519198,4,4519202
37932,4519205,5,4519210
37933,4519436,37,4519473
37934,4519672,13,4519685
37935,4519742,2,4519744
37936,4519845,6,4519851
37937,4519903,6,4519909
37938,4519932,7,4519939
37939,4519943,81,4520024
37940,4520049,25,4520074
37941,4520095,3,4520098
37942,4520198,16,4520214
37943,4520268,17,4520285
37944,4520350,2,4520352
37945,4520534,5,4520539
37946,4520546,54,4520600
37947,4520725,3,4520728
37948,4520817,11,4520828
37949,4520921,27,4520948
37950,4520967,31,4520998
37951,4521002,3,4521005
37952,4521159,12,4521171
37953,4521291,3,4521294
37954,4521445,16,4521461
37955,4521498,8,4521506
37956,4521532,9,4521541
37957,4521710,7,4521717
37958,4521835,16,4521851
37959,4522013,5,4522018
37960,4522087,12,4522099
37961,4522136,4,4522140
37962,4522246,15,4522261
37963,4522452,8,4522460
37964,4522684,26,4522710
37965,4522977,90,4523067
37966,4523100,83,4523183
37967,4523409,47,4523456
37968,4523533,19,4523552
37969,4523578,16,4523594
37970,4523608,2,4523610
37971,4523658,2,4523660
37972,4523774,6,4523780
37973,4523792,40,4523832
37974,4523936,8,4523944
37975,4523975,7,4523982
37976,4524046,7,4524053
37977,4524102,2,4524104
37978,4524181,43,4524224
37979,4524247,4,4524251
37980,4524268,2,4524270
37981,4524352,20,4524372
37982,4524474,12,4524486
37983,4524503,8,4524511
37984,4524520,3,4524523
37985,4524569,28,4524597
37986,4524721,5,4524726
37987,4524753,82,4524835
37988,4524892,15,4524907
37989,4525150,60,4525210
37990,4525386,55,4525441
37991,4525463,3,4525466
37992,4525468,44,4525512
37993,4525638,9,4525647
37994,4525779,1,4525780
37995,4525785,14,4525799
37996,4525941,25,4525966
37997,4525976,69,4526045
37998,4526139,51,4526190
37999,4526309,7,4526316
38000,4526427,3,4526430
38001,4526434,33,4526467
38002,4526592,4,4526596
38003,4526647,6,4526653
38004,4526720,13,4526733
38005,4526755,73,4526828
38006,4526898,49,4526947
38007,4527021,51,4527072
38008,4527108,5,4527113
38009,4527309,12,4527321
38010,4527411,17,4527428
38011,4527449,3,4527452
38012,4527480,24,4527504
38013,4527545,5,4527550
38014,4527562,15,4527577
38015,4527611,57,4527668
38016,4527679,44,4527723
38017,4527804,22,4527826
38018,4527836,18,4527854
38019,4527891,13,4527904
38020,4528063,30,4528093
38021,4528155,60,4528215
38022,4528255,18,4528273
38023,4528351,36,4528387
38024,4528587,39,4528626
38025,4528644,22,4528666
38026,4528916,39,4528955
38027,4529118,9,4529127
38028,4529155,20,4529175
38029,4529284,47,4529331
38030,4529361,23,4529384
38031,4529428,41,4529469
38032,4529634,14,4529648
38033,4529694,57,4529751
38034,4529803,13,4529816
38035,4529877,11,4529888
38036,4529905,24,4529929
38037,4529936,46,4529982
38038,4530092,16,4530108
38039,4530189,3,4530192
38040,4530264,40,4530304
38041,4530398,2,4530400
38042,4530487,1,4530488
38043,4530489,9,4530498
38044,4530565,11,4530576
38045,4530662,9,4530671
38046,4530812,21,4530833
38047,4530909,54,4530963
38048,4530980,19,4530999
38049,4531101,54,4531155
38050,4531295,4,4531299
38051,4531535,9,4531544
38052,4531551,1,4531552
38053,4531681,7,4531688
38054,4531771,32,4531803
38055,4531884,14,4531898
38056,4531905,13,4531918
38057,4531967,8,4531975
38058,4532324,13,4532337
38059,4532448,22,4532470
38060,4532664,3,4532667
38061,4532760,18,4532778
38062,4532861,4,4532865
38063,4533043,5,4533048
38064,4533191,3,4533194
38065,4533250,21,4533271
38066,4533305,10,4533315
38067,4533394,37,4533431
38068,4533578,19,4533597
38069,4533604,19,4533623
38070,4533628,24,4533652
38071,4534086,11,4534097
38072,4534258,3,4534261
38073,4534326,16,4534342
38074,4534358,88,4534446
38075,4534579,4,4534583
38076,4534806,36,4534842
38077,4534950,40,4534990
38078,4535185,5,4535190
38079,4535284,18,4535302
38080,4535310,3,4535313
38081,4535582,12,4535594
38082,4535636,55,4535691
38083,4535835,14,4535849
38084,4535863,52,4535915
38085,4535948,2,4535950
38086,4536002,1,4536003
38087,4536116,26,4536142
38088,4536331,12,4536343
38089,4536423,8,4536431
38090,4536634,17,4536651
38091,4536750,1,4536751
38092,4536800,18,4536818
38093,4536921,3,4536924
38094,4537014,17,4537031
38095,4537036,21,4537057
38096,4537228,39,4537267
38097,4537284,12,4537296
38098,4537336,62,4537398
38099,4537626,16,4537642
38100,4537669,6,4537675
38101,4537741,51,4537792
38102,4537960,9,4537969
38103,4538059,44,4538103
38104,4538126,68,4538194
38105,4538276,34,4538310
38106,4538348,1,4538349
38107,4538391,35,4538426
38108,4538530,10,4538540
38109,4538585,4,4538589
38110,4538635,37,4538672
38111,4538835,11,4538846
38112,4538907,31,4538938
38113,4539008,19,4539027
38114,4539080,14,4539094
38115,4539108,27,4539135
38116,4539300,1,4539301
38117,4539332,34,4539366
38118,4539415,5,4539420
38119,4539423,53,4539476
38120,4539556,42,4539598
38121,4539624,11,4539635
38122,4539662,9,4539671
38123,4539754,8,4539762
38124,4539874,18,4539892
38125,4540125,33,4540158
38126,4540252,15,4540267
38127,4540346,16,4540362
38128,4540425,5,4540430
38129,4540435,8,4540443
38130,4540486,1,4540487
38131,4540488,2,4540490
38132,4540505,28,4540533
38133,4540875,6,4540881
38134,4541138,90,4541228
38135,4541341,3,4541344
38136,4541460,48,4541508
38137,4541577,69,4541646
38138,4541922,15,4541937
38139,4541980,18,4541998
38140,4542002,2,4542004
38141,4542076,20,4542096
38142,4542245,18,4542263
38143,4542275,1,4542276
38144,4542428,11,4542439
38145,4542509,6,4542515
38146,4542565,46,4542611
38147,4542620,31,4542651
38148,4542794,8,4542802
38149,4542889,42,4542931
38150,4542935,13,4542948
38151,4542995,9,4543004
38152,4543011,39,4543050
38153,4543148,23,4543171
38154,4543215,30,4543245
38155,4543297,21,4543318
38156,4543404,22,4543426
38157,4543434,14,4543448
38158,4543459,3,4543462
38159,4543644,3,4543647
38160,4543660,1,4543661
38161,4543680,44,4543724
38162,4543813,22,4543835
38163,4544097,65,4544162
38164,4544285,10,4544295
38165,4544438,52,4544490
38166,4544791,76,4544867
38167,4544961,13,4544974
38168,4545114,10,4545124
38169,4545209,13,4545222
38170,4545250,66,4545316
38171,4545375,51,4545426
38172,4545601,3,4545604
38173,4545651,13,4545664
38174,4545699,4,4545703
38175,4545775,24,4545799
38176,4546029,3,4546032
38177,4546058,11,4546069
38178,4546179,66,4546245
38179,4546403,9,4546412
38180,4546488,7,4546495
38181,4546689,38,4546727
38182,4546791,55,4546846
38183,4546884,7,4546891
38184,4546994,16,4547010
38185,4547027,17,4547044
38186,4547307,21,4547328
38187,4547351,3,4547354
38188,4547369,59,4547428
38189,4547443,12,4547455
38190,4547458,31,4547489
38191,4547513,13,4547526
38192,4547623,19,4547642
38193,4547682,15,4547697
38194,4547770,1,4547771
38195,4547775,2,4547777
38196,4548041,32,4548073
38197,4548242,12,4548254
38198,4548341,25,4548366
38199,4548391,10,4548401
38200,4548522,11,4548533
38201,4548546,7,4548553
38202,4548871,2,4548873
38203,4549064,1,4549065
38204,4549304,16,4549320
38205,4549376,4,4549380
38206,4549816,42,4549858
38207,4550088,1,4550089
38208,4550217,14,4550231
38209,4550253,41,4550294
38210,4550483,19,4550502
38211,4550574,31,4550605
38212,4550710,13,4550723
38213,4550757,22,4550779
38214,4550788,7,4550795
38215,4550796,6,4550802
38216,4550971,11,4550982
38217,4551352,21,4551373
38218,4551574,25,4551599
38219,4551616,6,4551622
38220,4551680,20,4551700
38221,4551809,8,4551817
38222,4551879,28,4551907
38223,4551977,4,4551981
38224,4552111,20,4552131
38225,4552132,49,4552181
38226,4552276,2,4552278
38227,4552301,33,4552334
38228,4552565,10,4552575
38229,4552662,6,4552668
38230,4552774,52,4552826
38231,4552895,16,4552911
38232,4552938,18,4552956
38233,4552991,15,4553006
38234,4553075,5,4553080
38235,4553082,7,4553089
38236,4553179,8,4553187
38237,4553486,31,4553517
38238,4553562,11,4553573
38239,4553714,3,4553717
38240,4553797,12,4553809
38241,4553958,2,4553960
38242,4554012,6,4554018
38243,4554076,35,4554111
38244,4554131,21,4554152
38245,4554477,26,4554503
38246,4554568,30,4554598
38247,4554875,47,4554922
38248,4554966,20,4554986
38249,4555044,1,4555045
38250,4555200,32,4555232
38251,4555251,8,4555259
38252,4555301,18,4555319
38253,4555397,11,4555408
38254,4555445,25,4555470
38255,4555491,6,4555497
38256,4555572,6,4555578
38257,4555807,9,4555816
38258,4555947,22,4555969
38259,4555975,18,4555993
38260,4556066,12,4556078
38261,4556487,4,4556491
38262,4556769,13,4556782
38263,4556871,1,4556872
38264,4556946,14,4556960
38265,4557260,2,4557262
38266,4557421,5,4557426
38267,4557535,15,4557550
38268,4557579,17,4557596
38269,4557614,18,4557632
38270,4557656,8,4557664
38271,4557838,74,4557912
38272,4557990,30,4558020
38273,4558318,1,4558319
38274,4558419,41,4558460
38275,4558642,35,4558677
38276,4558696,12,4558708
38277,4558863,16,4558879
38278,4559019,24,4559043
38279,4559129,13,4559142
38280,4559213,41,4559254
38281,4559551,4,4559555
38282,4559616,30,4559646
38283,4559824,7,4559831
38284,4560167,17,4560184
38285,4560186,34,4560220
38286,4560280,8,4560288
38287,4560294,23,4560317
38288,4560319,47,4560366
38289,4560415,10,4560425
38290,4560589,2,4560591
38291,4560626,6,4560632
38292,4560676,15,4560691
38293,4560723,5,4560728
38294,4560751,12,4560763
38295,4560820,12,4560832
38296,4560858,30,4560888
38297,4561055,22,4561077
38298,4561104,76,4561180
38299,4561197,31,4561228
38300,4561273,21,4561294
38301,4561304,1,4561305
38302,4561416,23,4561439
38303,4561754,2,4561756
38304,4561765,44,4561809
38305,4562032,4,4562036
38306,4562058,8,4562066
38307,4562138,4,4562142
38308,4562210,115,4562325
38309,4562419,11,4562430
38310,4562447,12,4562459
38311,4562544,20,4562564
38312,4562936,3,4562939
38313,4563013,36,4563049
38314,4563099,44,4563143
38315,4563228,20,4563248
38316,4563420,8,4563428
38317,4563565,14,4563579
38318,4563637,5,4563642
38319,4563651,1,4563652
38320,4563729,71,4563800
38321,4563856,17,4563873
38322,4564042,3,4564045
38323,4564050,7,4564057
38324,4564208,9,4564217
38325,4564373,5,4564378
38326,4564420,7,4564427
38327,4564441,37,4564478
38328,4564624,1,4564625
38329,4564665,7,4564672
38330,4564998,12,4565010
38331,4565033,15,4565048
38332,4565172,32,4565204
38333,4565431,4,4565435
38334,4565466,23,4565489
38335,4565593,7,4565600
38336,4565645,17,4565662
38337,4565839,5,4565844
38338,4565845,20,4565865
38339,4566027,17,4566044
38340,4566114,107,4566221
38341,4566279,10,4566289
38342,4566301,6,4566307
38343,4566661,3,4566664
38344,4566731,12,4566743
38345,4566759,2,4566761
38346,4566873,42,4566915
38347,4566922,29,4566951
38348,4567015,23,4567038
38349,4567248,5,4567253
38350,4567382,16,4567398
38351,4567518,14,4567532
38352,4567756,10,4567766
38353,4567878,22,4567900
38354,4567987,16,4568003
38355,4568070,11,4568081
38356,4568217,32,4568249
38357,4568619,9,4568628
38358,4568665,2,4568667
38359,4568697,1,4568698
38360,4568706,17,4568723
38361,4568804,16,4568820
38362,4568930,1,4568931
38363,4569065,15,4569080
38364,4569212,9,4569221
38365,4569361,1,4569362
38366,4569407,60,4569467
38367,4569686,20,4569706
38368,4569711,21,4569732
38369,4569900,24,4569924
38370,4570088,4,4570092
38371,4570099,23,4570122
38372,4570293,17,4570310
38373,4570796,10,4570806
38374,4570813,14,4570827
38375,4570877,5,4570882
38376,4570914,12,4570926
38377,4571022,6,4571028
38378,4571213,49,4571262
38379,4571314,9,4571323
38380,4571468,32,4571500
38381,4571508,25,4571533
38382,4571636,14,4571650
38383,4571724,14,4571738
38384,4571786,38,4571824
38385,4571849,20,4571869
38386,4571963,71,4572034
38387,4572067,11,4572078
38388,4572079,9,4572088
38389,4572173,47,4572220
38390,4572227,59,4572286
38391,4572321,52,4572373
38392,4572427,6,4572433
38393,4572463,71,4572534
38394,4572887,11,4572898
38395,4572934,44,4572978
38396,4573002,20,4573022
38397,4573031,27,4573058
38398,4573100,6,4573106
38399,4573115,11,4573126
38400,4573135,9,4573144
38401,4573168,23,4573191
38402,4573210,15,4573225
38403,4573382,3,4573385
38404,4573415,14,4573429
38405,4573444,15,4573459
38406,4573510,8,4573518
38407,4573821,3,4573824
38408,4573879,18,4573897
38409,4574153,21,4574174
38410,4574269,22,4574291
38411,4574376,27,4574403
38412,4574461,13,4574474
38413,4574529,14,4574543
38414,4574582,38,4574620
38415,4574642,34,4574676
38416,4574801,4,4574805
38417,4575040,63,4575103
38418,4575363,59,4575422
38419,4575432,9,4575441
38420,4575491,6,4575497
38421,4575536,17,4575553
38422,4575557,15,4575572
38423,4575904,27,4575931
38424,4575986,4,4575990
38425,4576156,11,4576167
38426,4576168,8,4576176
38427,4576203,8,4576211
38428,4576310,45,4576355
38429,4576484,59,4576543
38430,4576711,19,4576730
38431,4576755,12,4576767
38432,4577016,21,4577037
38433,4577159,46,4577205
38434,4577451,8,4577459
38435,4577463,10,4577473
38436,4577494,8,4577502
38437,4577640,45,4577685
38438,4577695,29,4577724
38439,4577957,18,4577975
38440,4578093,2,4578095
38441,4578114,6,4578120
38442,4578169,30,4578199
38443,4578344,22,4578366
38444,4578393,27,4578420
38445,4578479,1,4578480
38446,4578509,4,4578513
38447,4578666,33,4578699
38448,4578853,5,4578858
38449,4579000,48,4579048
38450,4579062,50,4579112
38451,4579160,16,4579176
38452,4579273,75,4579348
38453,4579412,6,4579418
38454,4579491,19,4579510
38455,4579513,7,4579520
38456,4579583,5,4579588
38457,4579673,18,4579691
38458,4579788,12,4579800
38459,4579803,4,4579807
38460,4579834,4,4579838
38461,4579863,13,4579876
38462,4579879,13,4579892
38463,4579939,31,4579970
38464,4580043,3,4580046
38465,4580301,55,4580356
38466,4580426,89,4580515
38467,4580541,7,4580548
38468,4580557,2,4580559
38469,4580583,18,4580601
38470,4580602,25,4580627
38471,4580678,24,4580702
38472,4580835,22,4580857
38473,4581280,12,4581292
38474,4581546,2,4581548
38475,4581786,1,4581787
38476,4581910,2,4581912
38477,4581955,12,4581967
38478,4582036,14,4582050
38479,4582251,16,4582267
38480,4582303,18,4582321
38481,4582331,10,4582341
38482,4582466,19,4582485
38483,4582556,4,4582560
38484,4582630,6,4582636
38485,4582668,13,4582681
38486,4582889,4,4582893
38487,4582914,1,4582915
38488,4583055,33,4583088
38489,4583192,21,4583213
38490,4583252,6,4583258
38491,4583324,45,4583369
38492,4583384,42,4583426
38493,4583496,13,4583509
38494,4583696,28,4583724
38495,4583725,2,4583727
38496,4583800,2,4583802
38497,4583817,14,4583831
38498,4583840,11,4583851
38499,4583885,15,4583900
38500,4584145,3,4584148
38501,4584355,28,4584383
38502,4584385,32,4584417
38503,4584603,4,4584607
38504,4584666,13,4584679
38505,4584757,25,4584782
38506,4584920,11,4584931
38507,4584981,6,4584987
38508,4585353,14,4585367
38509,4585425,7,4585432
38510,4585595,9,4585604
38511,4585718,28,4585746
38512,4585798,4,4585802
38513,4585908,3,4585911
38514,4586028,4,4586032
38515,4586035,2,4586037
38516,4586093,3,4586096
38517,4586307,20,4586327
38518,4586468,10,4586478
38519,4586869,14,4586883
38520,4586896,3,4586899
38521,4586907,7,4586914
38522,4586960,15,4586975
38523,4587049,9,4587058
38524,4587147,26,4587173
38525,4587365,25,4587390
38526,4587496,1,4587497
38527,4587514,5,4587519
38528,4587616,5,4587621
38529,4587646,16,4587662
38530,4587684,16,4587700
38531,4587726,31,4587757
38532,4587822,44,4587866
38533,4588111,6,4588117
38534,4588166,31,4588197
38535,4588311,2,4588313
38536,4588317,3,4588320
38537,4588335,30,4588365
38538,4588392,37,4588429
38539,4588631,82,4588713
38540,4588796,1,4588797
38541,4588885,3,4588888
38542,4589007,36,4589043
38543,4589146,47,4589193
38544,4589409,19,4589428
38545,4589588,7,4589595
38546,4589640,20,4589660
38547,4589731,11,4589742
38548,4589784,44,4589828
38549,4589859,5,4589864
38550,4590042,43,4590085
38551,4590124,27,4590151
38552,4590176,1,4590177
38553,4590265,16,4590281
38554,4590295,1,4590296
38555,4590362,4,4590366
38556,4590450,27,4590477
38557,4590496,1,4590497
38558,4590535,34,4590569
38559,4590677,11,4590688
38560,4590703,2,4590705
38561,4591129,3,4591132
38562,4591233,16,4591249
38563,4591383,34,4591417
38564,4591449,4,4591453
38565,4591512,46,4591558
38566,4591651,15,4591666
38567,4591997,1,4591998
38568,4592050,54,4592104
38569,4592200,3,4592203
38570,4592387,57,4592444
38571,4592511,21,4592532
38572,4592583,2,4592585
38573,4592640,14,4592654
38574,4592755,1,4592756
38575,4592797,12,4592809
38576,4592961,3,4592964
38577,4593093,21,4593114
38578,4593125,61,4593186
38579,4593196,12,4593208
38580,4593219,9,4593228
38581,4593770,43,4593813
38582,4593823,63,4593886
38583,4593996,50,4594046
38584,4594167,36,4594203
38585,4594224,1,4594225
38586,4594421,19,4594440
38587,4594623,17,4594640
38588,4594681,20,4594701
38589,4594721,54,4594775
38590,4594843,6,4594849
38591,4594908,43,4594951
38592,4594991,6,4594997
38593,4595042,11,4595053
38594,4595107,15,4595122
38595,4595215,56,4595271
38596,4595386,15,4595401
38597,4595473,15,4595488
38598,4595509,5,4595514
38599,4595594,73,4595667
38600,4595833,10,4595843
38601,4595867,32,4595899
38602,4596186,1,4596187
38603,4596350,36,4596386
38604,4596410,60,4596470
38605,4596492,1,4596493
38606,4596680,4,4596684
38607,4596724,23,4596747
38608,4596809,28,4596837
38609,4596911,2,4596913
38610,4596955,1,4596956
38611,4597201,4,4597205
38612,4597211,16,4597227
38613,4597379,1,4597380
38614,4597618,22,4597640
38615,4597719,7,4597726
38616,4597731,7,4597738
38617,4597743,6,4597749
38618,4597762,32,4597794
38619,4597903,23,4597926
38620,4597965,2,4597967
38621,4598103,8,4598111
38622,4598117,31,4598148
38623,4598301,17,4598318
38624,4598408,6,4598414
38625,4598456,18,4598474
38626,4598630,8,4598638
38627,4598680,31,4598711
38628,4598810,7,4598817
38629,4598872,29,4598901
38630,4598970,15,4598985
38631,4599013,4,4599017
38632,4599196,21,4599217
38633,4599395,66,4599461
38634,4599505,17,4599522
38635,4599540,49,4599589
38636,4599695,19,4599714
38637,4599726,26,4599752
38638,4599799,31,4599830
38639,4599990,20,4600010
38640,4600042,3,4600045
38641,4600123,1,4600124
38642,4600147,1,4600148
38643,4600233,10,4600243
38644,4600366,13,4600379
38645,4600630,20,4600650
38646,4601060,17,4601077
38647,4601082,6,4601088
38648,4601227,1,4601228
38649,4601354,30,4601384
38650,4601395,12,4601407
38651,4601457,35,4601492
38652,4601569,5,4601574
38653,4601584,4,4601588
38654,4601605,6,4601611
38655,4601628,14,4601642
38656,4601643,17,4601660
38657,4601688,16,4601704
38658,4601767,45,4601812
38659,4601893,7,4601900
38660,4601959,21,4601980
38661,4602091,5,4602096
38662,4602103,12,4602115
38663,4602159,24,4602183
38664,4602251,14,4602265
38665,4602321,8,4602329
38666,4602591,8,4602599
38667,4602603,2,4602605
38668,4602607,60,4602667
38669,4602686,9,4602695
38670,4602971,26,4602997
38671,4603043,16,4603059
38672,4603186,7,4603193
38673,4603198,47,4603245
38674,4603339,18,4603357
38675,4603371,3,4603374
38676,4603433,47,4603480
38677,4603517,13,4603530
38678,4603538,14,4603552
38679,4603615,12,4603627
38680,4603630,16,4603646
38681,4603800,6,4603806
38682,4603836,1,4603837
38683,4603888,5,4603893
38684,4603902,2,4603904
38685,4603942,3,4603945
38686,4603969,20,4603989
38687,4604075,40,4604115
38688,4604278,4,4604282
38689,4604286,1,4604287
38690,4604515,14,4604529
38691,4604536,52,4604588
38692,4604611,13,4604624
38693,4604798,12,4604810
38694,4604856,3,4604859
38695,4604879,22,4604901
38696,4604910,2,4604912
38697,4605013,2,4605015
38698,4605047,28,4605075
38699,4605414,2,4605416
38700,4605422,18,4605440
38701,4605559,1,4605560
38702,4605693,32,4605725
38703,4605864,13,4605877
38704,4605938,31,4605969
38705,4606004,16,4606020
38706,4606144,17,4606161
38707,4606184,2,4606186
38708,4606235,1,4606236
38709,4606239,23,4606262
38710,4606348,16,4606364
38711,4606399,21,4606420
38712,4606468,37,4606505
38713,4606525,1,4606526
38714,4606599,6,4606605
38715,4606721,4,4606725
38716,4606794,54,4606848
38717,4606878,19,4606897
38718,4606953,7,4606960
38719,4606974,21,4606995
38720,4607375,1,4607376
38721,4607424,4,4607428
38722,4607616,7,4607623
38723,4607829,5,4607834
38724,4608281,24,4608305
38725,4608610,48,4608658
38726,4608669,3,4608672
38727,4608959,1,4608960
38728,4609074,11,4609085
38729,4609176,6,4609182
38730,4609201,6,4609207
38731,4609424,22,4609446
38732,4609484,44,4609528
38733,4609529,15,4609544
38734,4609566,3,4609569
38735,4609641,25,4609666
38736,4609821,7,4609828
38737,4609978,53,4610031
38738,4610084,24,4610108
38739,4610386,38,4610424
38740,4610434,15,4610449
38741,4610480,11,4610491
38742,4610590,47,4610637
38743,4610776,42,4610818
38744,4610891,94,4610985
38745,4611039,97,4611136
38746,4611164,7,4611171
38747,4611242,10,4611252
38748,4611275,1,4611276
38749,4611366,12,4611378
38750,4611402,1,4611403
38751,4611467,7,4611474
38752,4611484,4,4611488
38753,4611601,5,4611606
38754,4611679,74,4611753
38755,4612003,29,4612032
38756,4612038,2,4612040
38757,4612046,24,4612070
38758,4612115,11,4612126
38759,4612161,56,4612217
38760,4612332,52,4612384
38761,4612449,7,4612456
38762,4612569,27,4612596
38763,4612652,6,4612658
38764,4612781,18,4612799
38765,4612829,13,4612842
38766,4612857,70,4612927
38767,4612955,5,4612960
38768,4613035,1,4613036
38769,4613108,28,4613136
38770,4613285,5,4613290
38771,4613314,14,4613328
38772,4613526,16,4613542
38773,4613907,15,4613922
38774,4613926,63,4613989
38775,4614021,16,4614037
38776,4614103,7,4614110
38777,4614180,9,4614189
38778,4614381,30,4614411
38779,4614435,4,4614439
38780,4614447,25,4614472
38781,4614479,6,4614485
38782,4614516,44,4614560
38783,4614608,6,4614614
38784,4614625,2,4614627
38785,4614833,1,4614834
38786,4614864,8,4614872
38787,4614876,28,4614904
38788,4614911,2,4614913
38789,4614926,4,4614930
38790,4615078,5,4615083
38791,4615091,2,4615093
38792,4615204,4,4615208
38793,4615352,31,4615383
38794,4615533,13,4615546
38795,4615576,5,4615581
38796,4615587,21,4615608
38797,4615630,32,4615662
38798,4615758,18,4615776
38799,4615831,14,4615845
38800,4615895,2,4615897
38801,4615912,11,4615923
38802,4615936,34,4615970
38803,4616038,11,4616049
38804,4616279,29,4616308
38805,4616309,3,4616312
38806,4616498,11,4616509
38807,4616619,20,4616639
38808,4616726,28,4616754
38809,4616866,26,4616892
38810,4617097,20,4617117
38811,4617189,11,4617200
38812,4617262,20,4617282
38813,4617472,113,4617585
38814,4617715,20,4617735
38815,4617969,9,4617978
38816,4618073,24,4618097
38817,4618152,32,4618184
38818,4618218,43,4618261
38819,4618496,26,4618522
38820,4618602,1,4618603
38821,4618733,7,4618740
38822,4618912,38,4618950
38823,4618954,23,4618977
38824,4619026,4,4619030
38825,4619039,8,4619047
38826,4619083,10,4619093
38827,4619109,5,4619114
38828,4619141,17,4619158
38829,4619569,31,4619600
38830,4619611,11,4619622
38831,4619796,5,4619801
38832,4619822,10,4619832
38833,4619896,35,4619931
38834,4620105,7,4620112
38835,4620134,2,4620136
38836,4620264,19,4620283
38837,4620362,38,4620400
38838,4620440,8,4620448
38839,4620642,3,4620645
38840,4620740,25,4620765
38841,4620768,9,4620777
38842,4620820,3,4620823
38843,4620884,36,4620920
38844,4621035,47,4621082
38845,4621085,32,4621117
38846,4621160,3,4621163
38847,4621277,50,4621327
38848,4621338,10,4621348
38849,4621382,28,4621410
38850,4621422,6,4621428
38851,4621472,20,4621492
38852,4621499,37,4621536
38853,4621547,21,4621568
38854,4621669,4,4621673
38855,4621783,37,4621820
38856,4621990,6,4621996
38857,4622037,6,4622043
38858,4622070,3,4622073
38859,4622126,25,4622151
38860,4622205,54,4622259
38861,4622315,6,4622321
38862,4622525,44,4622569
38863,4622702,4,4622706
38864,4623073,13,4623086
38865,4623369,1,4623370
38866,4623376,21,4623397
38867,4623454,78,4623532
38868,4623601,35,4623636
38869,4623680,37,4623717
38870,4623936,9,4623945
38871,4624015,15,4624030
38872,4624048,18,4624066
38873,4624150,33,4624183
38874,4624217,2,4624219
38875,4624250,31,4624281
38876,4624338,13,4624351
38877,4624451,5,4624456
38878,4624464,27,4624491
38879,4624597,1,4624598
38880,4624796,38,4624834
38881,4624855,4,4624859
38882,4624886,18,4624904
38883,4624997,32,4625029
38884,4625048,28,4625076
38885,4625086,5,4625091
38886,4625135,39,4625174
38887,4625293,11,4625304
38888,4625353,18,4625371
38889,4625425,29,4625454
38890,4625632,29,4625661
38891,4625666,3,4625669
38892,4625776,25,4625801
38893,4625995,11,4626006
38894,4626007,23,4626030
38895,4626047,9,4626056
38896,4626080,2,4626082
38897,4626148,2,4626150
38898,4626270,35,4626305
38899,4626436,16,4626452
38900,4626589,25,4626614
38901,4626756,29,4626785
38902,4626826,6,4626832
38903,4627116,7,4627123
38904,4627412,7,4627419
38905,4627613,7,4627620
38906,4627686,38,4627724
38907,4627781,6,4627787
38908,4627988,5,4627993
38909,4628130,6,4628136
38910,4628209,25,4628234
38911,4628441,7,4628448
38912,4628571,27,4628598
38913,4628649,22,4628671
38914,4628690,21,4628711
38915,4628813,2,4628815
38916,4628861,32,4628893
38917,4628959,13,4628972
38918,4629114,11,4629125
38919,4629167,28,4629195
38920,4629297,11,4629308
38921,4629374,7,4629381
38922,4629520,9,4629529
38923,4629620,28,4629648
38924,4629676,32,4629708
38925,4629807,8,4629815
38926,4629842,11,4629853
38927,4629901,45,4629946
38928,4629960,9,4629969
38929,4630010,33,4630043
38930,4630239,18,4630257
38931,4630336,10,4630346
38932,4630375,21,4630396
38933,4630497,9,4630506
38934,4630630,19,4630649
38935,4630827,56,4630883
38936,4630973,8,4630981
38937,4631037,3,4631040
38938,4631112,6,4631118
38939,4631576,15,4631591
38940,4631669,21,4631690
38941,4631711,18,4631729
38942,4631766,14,4631780
38943,4631783,42,4631825
38944,4631861,6,4631867
38945,4631878,30,4631908
38946,4631986,50,4632036
38947,4632132,52,4632184
38948,4632207,118,4632325
38949,4632358,13,4632371
38950,4632528,5,4632533
38951,4632624,2,4632626
38952,4632643,23,4632666
38953,4632751,5,4632756
38954,4632877,29,4632906
38955,4632936,59,4632995
38956,4633052,1,4633053
38957,4633134,4,4633138
38958,4633204,8,4633212
38959,4633223,53,4633276
38960,4633295,19,4633314
38961,4633343,8,4633351
38962,4633564,29,4633593
38963,4633655,10,4633665
38964,4633758,8,4633766
38965,4633974,4,4633978
38966,4634024,65,4634089
38967,4634570,28,4634598
38968,4634600,4,4634604
38969,4634624,5,4634629
38970,4634678,11,4634689
38971,4634870,3,4634873
38972,4635021,2,4635023
38973,4635033,34,4635067
38974,4635161,17,4635178
38975,4635246,7,4635253
38976,4635299,19,4635318
38977,4635399,56,4635455
38978,4635903,1,4635904
38979,4636070,7,4636077
38980,4636426,62,4636488
38981,4636490,22,4636512
38982,4636603,6,4636609
38983,4636669,24,4636693
38984,4636796,7,4636803
38985,4636937,27,4636964
38986,4636965,23,4636988
38987,4636991,33,4637024
38988,4637348,20,4637368
38989,4637409,6,4637415
38990,4637607,16,4637623
38991,4637996,10,4638006
38992,4638068,31,4638099
38993,4638173,15,4638188
38994,4638206,10,4638216
38995,4638240,14,4638254
38996,4638427,4,4638431
38997,4638988,51,4639039
38998,4639174,5,4639179
38999,4639367,3,4639370
39000,4639442,15,4639457
39001,4639557,7,4639564
39002,4640050,20,4640070
39003,4640104,13,4640117
39004,4640121,25,4640146
39005,4640373,1,4640374
39006,4640474,12,4640486
39007,4640643,7,4640650
39008,4640722,13,4640735
39009,4640738,5,4640743
39010,4640774,1,4640775
39011,4641313,4,4641317
39012,4641351,1,4641352
39013,4641442,12,4641454
39014,4641466,10,4641476
39015,4641479,1,4641480
39016,4641529,4,4641533
39017,4641850,17,4641867
39018,4642101,9,4642110
39019,4642319,26,4642345
39020,4642373,1,4642374
39021,4642380,38,4642418
39022,4642598,13,4642611
39023,4642772,98,4642870
39024,4642988,21,4643009
39025,4643014,40,4643054
39026,4643105,1,4643106
39027,4643138,6,4643144
39028,4643317,11,4643328
39029,4643515,12,4643527
39030,4643535,1,4643536
39031,4643641,11,4643652
39032,4643891,3,4643894
39033,4643939,10,4643949
39034,4644008,19,4644027
39035,4644375,3,4644378
39036,4644736,25,4644761
39037,4644767,3,4644770
39038,4644805,12,4644817
39039,4644822,4,4644826
39040,4644976,10,4644986
39041,4645008,22,4645030
39042,4645132,4,4645136
39043,4645568,10,4645578
39044,4645674,4,4645678
39045,4645836,20,4645856
39046,4645865,10,4645875
39047,4646014,16,4646030
39048,4646126,21,4646147
39049,4646154,32,4646186
39050,4646247,34,4646281
39051,4646450,34,4646484
39052,4646506,63,4646569
39053,4646646,29,4646675
39054,4646771,7,4646778
39055,4646820,8,4646828
39056,4646857,78,4646935
39057,4647029,13,4647042
39058,4647244,8,4647252
39059,4647324,23,4647347
39060,4647386,87,4647473
39061,4647520,20,4647540
39062,4647601,17,4647618
39063,4647730,21,4647751
39064,4647753,16,4647769
39065,4647809,18,4647827
39066,4647849,2,4647851
39067,4647857,15,4647872
39068,4648138,1,4648139
39069,4648192,12,4648204
39070,4648253,63,4648316
39071,4648404,38,4648442
39072,4648507,20,4648527
39073,4648592,1,4648593
39074,4648661,1,4648662
39075,4648667,62,4648729
39076,4648823,8,4648831
39077,4648987,15,4649002
39078,4649033,3,4649036
39079,4649140,9,4649149
39080,4649272,5,4649277
39081,4649318,18,4649336
39082,4649337,17,4649354
39083,4649707,54,4649761
39084,4649779,10,4649789
39085,4649842,43,4649885
39086,4649894,8,4649902
39087,4649961,10,4649971
39088,4650040,5,4650045
39089,4650097,19,4650116
39090,4650252,13,4650265
39091,4650283,12,4650295
39092,4650391,31,4650422
39093,4650546,33,4650579
39094,4650749,9,4650758
39095,4650802,10,4650812
39096,4650886,2,4650888
39097,4650936,48,4650984
39098,4651213,5,4651218
39099,4651316,124,4651440
39100,4651505,19,4651524
39101,4651552,20,4651572
39102,4651727,12,4651739
39103,4651753,27,4651780
39104,4651788,12,4651800
39105,4651836,31,4651867
39106,4652006,18,4652024
39107,4652029,1,4652030
39108,4652098,12,4652110
39109,4652129,13,4652142
39110,4652306,21,4652327
39111,4652425,37,4652462
39112,4652567,26,4652593
39113,4652807,4,4652811
39114,4652827,2,4652829
39115,4653059,15,4653074
39116,4653192,14,4653206
39117,4653341,123,4653464
39118,4653480,41,4653521
39119,4653579,37,4653616
39120,4653657,30,4653687
39121,4653830,75,4653905
39122,4653985,22,4654007
39123,4654034,17,4654051
39124,4654123,7,4654130
39125,4654168,144,4654312
39126,4654445,76,4654521
39127,4654619,51,4654670
39128,4654879,5,4654884
39129,4654886,5,4654891
39130,4654929,70,4654999
39131,4655079,2,4655081
39132,4655128,25,4655153
39133,4655343,40,4655383
39134,4655532,2,4655534
39135,4655609,14,4655623
39136,4655626,17,4655643
39137,4655899,1,4655900
39138,4655913,24,4655937
39139,4655956,2,4655958
39140,4656026,13,4656039
39141,4656075,8,4656083
39142,4656348,5,4656353
39143,4656453,82,4656535
39144,4656689,22,4656711
39145,4656800,50,4656850
39146,4657201,12,4657213
39147,4657267,19,4657286
39148,4657301,84,4657385
39149,4657705,33,4657738
39150,4657741,5,4657746
39151,4657758,11,4657769
39152,4657866,62,4657928
39153,4658107,2,4658109
39154,4658159,66,4658225
39155,4658381,3,4658384
39156,4658388,2,4658390
39157,4658532,1,4658533
39158,4658684,5,4658689
39159,4658700,16,4658716
39160,4658772,7,4658779
39161,4658858,31,4658889
39162,4658935,8,4658943
39163,4659053,8,4659061
39164,4659069,19,4659088
39165,4659114,29,4659143
39166,4659152,7,4659159
39167,4659222,38,4659260
39168,4659282,9,4659291
39169,4659341,5,4659346
39170,4659373,19,4659392
39171,4659618,8,4659626
39172,4659634,9,4659643
39173,4659797,1,4659798
39174,4659890,27,4659917
39175,4660223,1,4660224
39176,4660260,47,4660307
39177,4660391,32,4660423
39178,4660441,8,4660449
39179,4660508,2,4660510
39180,4660675,12,4660687
39181,4660783,16,4660799
39182,4661129,22,4661151
39183,4661191,11,4661202
39184,4661403,24,4661427
39185,4661469,63,4661532
39186,4661782,52,4661834
39187,4661844,10,4661854
39188,4661867,12,4661879
39189,4662306,2,4662308
39190,4662330,11,4662341
39191,4662432,42,4662474
39192,4662516,7,4662523
39193,4662571,3,4662574
39194,4662673,8,4662681
39195,4663001,34,4663035
39196,4663037,4,4663041
39197,4663066,49,4663115
39198,4663260,3,4663263
39199,4663402,34,4663436
39200,4663471,28,4663499
39201,4663537,20,4663557
39202,4663801,27,4663828
39203,4663886,37,4663923
39204,4663935,16,4663951
39205,4664033,8,4664041
39206,4664428,7,4664435
39207,4664534,2,4664536
39208,4664729,18,4664747
39209,4664838,9,4664847
39210,4664883,8,4664891
39211,4664956,90,4665046
39212,4665361,7,4665368
39213,4665435,1,4665436
39214,4665651,7,4665658
39215,4665687,39,4665726
39216,4665912,24,4665936
39217,4666173,3,4666176
39218,4666232,25,4666257
39219,4666313,43,4666356
39220,4666448,6,4666454
39221,4666477,5,4666482
39222,4666839,53,4666892
39223,4666992,3,4666995
39224,4667233,2,4667235
39225,4667238,29,4667267
39226,4667320,88,4667408
39227,4667464,55,4667519
39228,4667738,31,4667769
39229,4667898,38,4667936
39230,4668221,9,4668230
39231,4668251,39,4668290
39232,4668310,27,4668337
39233,4668445,46,4668491
39234,4668579,19,4668598
39235,4668865,8,4668873
39236,4668881,5,4668886
39237,4669003,42,4669045
39238,4669072,8,4669080
39239,4669121,4,4669125
39240,4669182,13,4669195
39241,4669209,41,4669250
39242,4669321,9,4669330
39243,4669378,4,4669382
39244,4669397,44,4669441
39245,4669984,15,4669999
39246,4670047,25,4670072
39247,4670291,3,4670294
39248,4670602,26,4670628
39249,4671018,42,4671060
39250,4671241,7,4671248
39251,4671404,55,4671459
39252,4671462,25,4671487
39253,4671488,34,4671522
39254,4671899,16,4671915
39255,4671995,25,4672020
39256,4672085,15,4672100
39257,4672105,13,4672118
39258,4672168,32,4672200
39259,4672232,1,4672233
39260,4672256,23,4672279
39261,4672285,13,4672298
39262,4672472,4,4672476
39263,4672498,13,4672511
39264,4672567,2,4672569
39265,4672646,12,4672658
39266,4672691,4,4672695
39267,4672705,14,4672719
39268,4672735,9,4672744
39269,4673032,16,4673048
39270,4673145,8,4673153
39271,4673178,3,4673181
39272,4673404,12,4673416
39273,4673456,9,4673465
39274,4673577,44,4673621
39275,4673804,9,4673813
39276,4673975,29,4674004
39277,4674055,44,4674099
39278,4674113,10,4674123
39279,4674317,2,4674319
39280,4674439,33,4674472
39281,4674691,49,4674740
39282,4674788,6,4674794
39283,4675056,2,4675058
39284,4675090,4,4675094
39285,4675508,3,4675511
39286,4675550,27,4675577
39287,4675584,1,4675585
39288,4675591,30,4675621
39289,4675913,24,4675937
39290,4675942,9,4675951
39291,4675952,13,4675965
39292,4676019,14,4676033
39293,4676177,24,4676201
39294,4676245,23,4676268
39295,4676323,2,4676325
39296,4676331,26,4676357
39297,4676457,14,4676471
39298,4676786,33,4676819
39299,4676980,52,4677032
39300,4677269,6,4677275
39301,4677303,3,4677306
39302,4677315,54,4677369
39303,4677615,27,4677642
39304,4677676,40,4677716
39305,4677733,28,4677761
39306,4677764,2,4677766
39307,4678019,128,4678147
39308,4678150,24,4678174
39309,4678239,18,4678257
39310,4678458,48,4678506
39311,4678511,4,4678515
39312,4678620,5,4678625
39313,4678747,35,4678782
39314,4678841,29,4678870
39315,4679191,7,4679198
39316,4679239,6,4679245
39317,4679642,10,4679652
39318,4679943,9,4679952
39319,4680027,2,4680029
39320,4680057,30,4680087
39321,4680193,10,4680203
39322,4680238,6,4680244
39323,4680276,13,4680289
39324,4680325,31,4680356
39325,4680471,11,4680482
39326,4680629,37,4680666
39327,4680668,6,4680674
39328,4680822,5,4680827
39329,4680921,36,4680957
39330,4680977,86,4681063
39331,4681092,26,4681118
39332,4681201,72,4681273
39333,4681284,10,4681294
39334,4681346,41,4681387
39335,4681488,55,4681543
39336,4681610,53,4681663
39337,4681706,11,4681717
39338,4681746,12,4681758
39339,4681790,7,4681797
39340,4682125,8,4682133
39341,4682354,12,4682366
39342,4682428,32,4682460
39343,4682525,6,4682531
39344,4682560,7,4682567
39345,4682615,32,4682647
39346,4682702,5,4682707
39347,4682725,16,4682741
39348,4682902,18,4682920
39349,4683102,20,4683122
39350,4683190,4,4683194
39351,4683233,33,4683266
39352,4683346,5,4683351
39353,4683394,34,4683428
39354,4683453,10,4683463
39355,4683502,29,4683531
39356,4683640,8,4683648
39357,4683849,8,4683857
39358,4683974,18,4683992
39359,4684014,10,4684024
39360,4684130,50,4684180
39361,4684319,5,4684324
39362,4684392,5,4684397
39363,4684463,21,4684484
39364,4684674,40,4684714
39365,4684745,1,4684746
39366,4685280,14,4685294
39367,4685367,8,4685375
39368,4685493,46,4685539
39369,4685729,8,4685737
39370,4685945,12,4685957
39371,4685981,7,4685988
39372,4686186,19,4686205
39373,4686342,31,4686373
39374,4686428,35,4686463
39375,4686525,6,4686531
39376,4686538,21,4686559
39377,4686635,30,4686665
39378,4686681,15,4686696
39379,4686697,50,4686747
39380,4686847,11,4686858
39381,4686917,6,4686923
39382,4686944,20,4686964
39383,4687435,46,4687481
39384,4687789,24,4687813
39385,4687940,12,4687952
39386,4688034,10,4688044
39387,4688147,47,4688194
39388,4688279,18,4688297
39389,4688345,26,4688371
39390,4688422,12,4688434
39391,4688680,31,4688711
39392,4688758,22,4688780
39393,4688945,18,4688963
39394,4689044,10,4689054
39395,4689140,32,4689172
39396,4689192,18,4689210
39397,4689698,8,4689706
39398,4689881,9,4689890
39399,4689998,20,4690018
39400,4690038,16,4690054
39401,4690139,51,4690190
39402,4690234,10,4690244
39403,4690393,7,4690400
39404,4690456,18,4690474
39405,4690485,1,4690486
39406,4690555,44,4690599
39407,4690870,36,4690906
39408,4691007,30,4691037
39409,4691327,16,4691343
39410,4691380,20,4691400
39411,4691427,21,4691448
39412,4691706,44,4691750
39413,4691774,9,4691783
39414,4691801,17,4691818
39415,4691843,13,4691856
39416,4691888,69,4691957
39417,4691984,42,4692026
39418,4692197,13,4692210
39419,4692565,16,4692581
39420,4692635,50,4692685
39421,4692707,6,4692713
39422,4692765,20,4692785
39423,4692790,20,4692810
39424,4692875,11,4692886
39425,4692901,22,4692923
39426,4693053,25,4693078
39427,4693157,9,4693166
39428,4693181,25,4693206
39429,4693230,23,4693253
39430,4693336,3,4693339
39431,4693425,12,4693437
39432,4693568,1,4693569
39433,4693782,1,4693783
39434,4693796,7,4693803
39435,4693927,19,4693946
39436,4694071,41,4694112
39437,4694506,15,4694521
39438,4694793,2,4694795
39439,4695132,1,4695133
39440,4695202,8,4695210
39441,4695229,4,4695233
39442,4695295,24,4695319
39443,4695342,61,4695403
39444,4695451,24,4695475
39445,4695538,12,4695550
39446,4695578,4,4695582
39447,4695682,15,4695697
39448,4695708,2,4695710
39449,4695780,49,4695829
39450,4695960,4,4695964
39451,4696110,21,4696131
39452,4696509,70,4696579
39453,4696586,3,4696589
39454,4696597,19,4696616
39455,4696682,4,4696686
39456,4696931,37,4696968
39457,4697143,3,4697146
39458,4697182,6,4697188
39459,4697245,13,4697258
39460,4697615,7,4697622
39461,4697845,7,4697852
39462,4698016,15,4698031
39463,4698032,58,4698090
39464,4698117,6,4698123
39465,4698191,9,4698200
39466,4698237,20,4698257
39467,4698261,3,4698264
39468,4698312,4,4698316
39469,4698521,10,4698531
39470,4698553,13,4698566
39471,4698665,69,4698734
39472,4698863,1,4698864
39473,4698868,2,4698870
39474,4698915,5,4698920
39475,4698969,7,4698976
39476,4699055,4,4699059
39477,4699095,16,4699111
39478,4699238,8,4699246
39479,4699259,106,4699365
39480,4699651,46,4699697
39481,4699797,1,4699798
39482,4699941,3,4699944
39483,4699995,5,4700000
39484,4700014,3,4700017
39485,4700056,26,4700082
39486,4700303,30,4700333
39487,4700394,37,4700431
39488,4700840,10,4700850
39489,4700854,44,4700898
39490,4701259,4,4701263
39491,4701288,29,4701317
39492,4701319,24,4701343
39493,4701359,2,4701361
39494,4701369,41,4701410
39495,4701434,17,4701451
39496,4701571,5,4701576
39497,4701671,57,4701728
39498,4701975,10,4701985
39499,4701992,35,4702027
39500,4702099,18,4702117
39501,4702191,13,4702204
39502,4702517,2,4702519
39503,4702564,1,4702565
39504,4702680,39,4702719
39505,4702829,11,4702840
39506,4702903,17,4702920
39507,4702995,1,4702996
39508,4703038,16,4703054
39509,4703379,24,4703403
39510,4703833,81,4703914
39511,4704001,5,4704006
39512,4704016,10,4704026
39513,4704180,4,4704184
39514,4704237,25,4704262
39515,4704279,26,4704305
39516,4704419,29,4704448
39517,4704452,1,4704453
39518,4704671,7,4704678
39519,4705019,9,4705028
39520,4705099,3,4705102
39521,4705119,23,4705142
39522,4705205,71,4705276
39523,4705417,2,4705419
39524,4705420,16,4705436
39525,4705473,40,4705513
39526,4705810,6,4705816
39527,4705861,32,4705893
39528,4705985,18,4706003
39529,4706050,9,4706059
39530,4706064,1,4706065
39531,4706102,2,4706104
39532,4706143,4,4706147
39533,4706194,23,4706217
39534,4706440,43,4706483
39535,4706486,27,4706513
39536,4706552,24,4706576
39537,4706623,16,4706639
39538,4706646,37,4706683
39539,4706735,24,4706759
39540,4706763,1,4706764
39541,4706795,25,4706820
39542,4706917,26,4706943
39543,4707380,2,4707382
39544,4707412,27,4707439
39545,4707462,33,4707495
39546,4707534,25,4707559
39547,4707578,8,4707586
39548,4707719,78,4707797
39549,4707806,31,4707837
39550,4707936,19,4707955
39551,4708006,4,4708010
39552,4708032,3,4708035
39553,4708054,16,4708070
39554,4708109,18,4708127
39555,4708401,2,4708403
39556,4708549,14,4708563
39557,4708879,23,4708902
39558,4709161,10,4709171
39559,4709184,23,4709207
39560,4709214,12,4709226
39561,4709275,55,4709330
39562,4709491,9,4709500
39563,4709508,17,4709525
39564,4709563,4,4709567
39565,4709585,8,4709593
39566,4709751,14,4709765
39567,4709896,63,4709959
39568,4710013,3,4710016
39569,4710066,26,4710092
39570,4710318,25,4710343
39571,4710354,2,4710356
39572,4710377,7,4710384
39573,4710399,1,4710400
39574,4710497,19,4710516
39575,4710626,1,4710627
39576,4710633,9,4710642
39577,4710693,15,4710708
39578,4710757,2,4710759
39579,4710823,2,4710825
39580,4710855,46,4710901
39581,4710945,15,4710960
39582,4711075,35,4711110
39583,4711152,10,4711162
39584,4711177,19,4711196
39585,4711238,4,4711242
39586,4711255,6,4711261
39587,4711271,14,4711285
39588,4711521,115,4711636
39589,4711772,31,4711803
39590,4711816,28,4711844
39591,4712009,39,4712048
39592,4712098,27,4712125
39593,4712264,16,4712280
39594,4712425,3,4712428
39595,4712436,15,4712451
39596,4712535,4,4712539
39597,4712849,4,4712853
39598,4712879,4,4712883
39599,4712890,9,4712899
39600,4713028,28,4713056
39601,4713130,6,4713136
39602,4713140,34,4713174
39603,4713527,9,4713536
39604,4713661,20,4713681
39605,4713870,2,4713872
39606,4713884,5,4713889
39607,4713896,1,4713897
39608,4713998,19,4714017
39609,4714034,11,4714045
39610,4714298,35,4714333
39611,4714356,21,4714377
39612,4714462,20,4714482
39613,4714485,10,4714495
39614,4714614,14,4714628
39615,4714661,5,4714666
39616,4714720,28,4714748
39617,4714861,1,4714862
39618,4715144,13,4715157
39619,4715237,9,4715246
39620,4715264,9,4715273
39621,4715318,13,4715331
39622,4715376,19,4715395
39623,4715438,37,4715475
39624,4715477,6,4715483
39625,4715829,50,4715879
39626,4715967,91,4716058
39627,4716238,9,4716247
39628,4716284,26,4716310
39629,4716311,28,4716339
39630,4716555,6,4716561
39631,4716740,15,4716755
39632,4716922,30,4716952
39633,4716978,22,4717000
39634,4717179,9,4717188
39635,4717265,62,4717327
39636,4717430,9,4717439
39637,4717482,8,4717490
39638,4717525,28,4717553
39639,4717676,3,4717679
39640,4717716,17,4717733
39641,4717757,9,4717766
39642,4717767,3,4717770
39643,4717889,53,4717942
39644,4718102,63,4718165
39645,4718187,23,4718210
39646,4718411,2,4718413
39647,4718660,10,4718670
39648,4718803,22,4718825
39649,4718889,3,4718892
39650,4718981,29,4719010
39651,4719115,15,4719130
39652,4719145,4,4719149
39653,4719156,20,4719176
39654,4719201,2,4719203
39655,4719534,17,4719551
39656,4719810,37,4719847
39657,4720013,67,4720080
39658,4720326,36,4720362
39659,4720377,16,4720393
39660,4720409,34,4720443
39661,4720674,15,4720689
39662,4720700,7,4720707
39663,4720711,2,4720713
39664,4720872,6,4720878
39665,4720911,38,4720949
39666,4720962,11,4720973
39667,4721038,49,4721087
39668,4721101,34,4721135
39669,4721250,39,4721289
39670,4721862,1,4721863
39671,4721903,15,4721918
39672,4721952,44,4721996
39673,4722084,5,4722089
39674,4722132,34,4722166
39675,4722301,5,4722306
39676,4722333,30,4722363
39677,4722448,21,4722469
39678,4722627,5,4722632
39679,4722716,5,4722721
39680,4722772,10,4722782
39681,4722984,13,4722997
39682,4723464,20,4723484
39683,4723491,22,4723513
39684,4723581,3,4723584
39685,4723656,12,4723668
39686,4723762,37,4723799
39687,4723927,7,4723934
39688,4724215,7,4724222
39689,4724332,26,4724358
39690,4724444,86,4724530
39691,4724860,3,4724863
39692,4724928,27,4724955
39693,4725028,24,4725052
39694,4725117,6,4725123
39695,4725156,7,4725163
39696,4725196,22,4725218
39697,4725276,28,4725304
39698,4725397,12,4725409
39699,4725439,7,4725446
39700,4725553,22,4725575
39701,4725615,29,4725644
39702,4725703,48,4725751
39703,4725830,7,4725837
39704,4725879,2,4725881
39705,4725927,3,4725930
39706,4725945,3,4725948
39707,4725992,1,4725993
39708,4726034,6,4726040
39709,4726138,30,4726168
39710,4726292,1,4726293
39711,4726298,5,4726303
39712,4726415,2,4726417
39713,4726592,41,4726633
39714,4726675,47,4726722
39715,4726787,14,4726801
39716,4726872,45,4726917
39717,4727347,14,4727361
39718,4727376,1,4727377
39719,4727462,1,4727463
39720,4727797,35,4727832
39721,4727882,8,4727890
39722,4728062,9,4728071
39723,4728146,2,4728148
39724,4728314,7,4728321
39725,4728457,5,4728462
39726,4729143,9,4729152
39727,4729153,90,4729243
39728,4729251,20,4729271
39729,4729361,4,4729365
39730,4729405,12,4729417
39731,4729635,20,4729655
39732,4729686,34,4729720
39733,4729727,23,4729750
39734,4729882,46,4729928
39735,4730097,8,4730105
39736,4730394,20,4730414
39737,4730596,8,4730604
39738,4730739,7,4730746
39739,4730836,4,4730840
39740,4730878,39,4730917
39741,4731000,3,4731003
39742,4731044,40,4731084
39743,4731174,17,4731191
39744,4731515,5,4731520
39745,4731552,21,4731573
39746,4731575,7,4731582
39747,4731614,23,4731637
39748,4731638,84,4731722
39749,4731748,4,4731752
39750,4731778,20,4731798
39751,4731948,9,4731957
39752,4732132,15,4732147
39753,4732188,10,4732198
39754,4732206,15,4732221
39755,4732272,1,4732273
39756,4732388,28,4732416
39757,4732612,16,4732628
39758,4732660,39,4732699
39759,4732750,17,4732767
39760,4732787,1,4732788
39761,4732871,16,4732887
39762,4732999,7,4733006
39763,4733053,41,4733094
39764,4733095,1,4733096
39765,4733261,6,4733267
39766,4733329,28,4733357
39767,4733385,8,4733393
39768,4733627,3,4733630
39769,4733884,8,4733892
39770,4733930,29,4733959
39771,4734085,43,4734128
39772,4734230,4,4734234
39773,4734401,7,4734408
39774,4734443,11,4734454
39775,4734735,17,4734752
39776,4734948,20,4734968
39777,4735009,2,4735011
39778,4735199,2,4735201
39779,4735302,24,4735326
39780,4735473,12,4735485
39781,4735524,4,4735528
39782,4735858,34,4735892
39783,4735943,6,4735949
39784,4736097,37,4736134
39785,4736272,5,4736277
39786,4736310,14,4736324
39787,4736401,17,4736418
39788,4736520,8,4736528
39789,4736563,19,4736582
39790,4736600,18,4736618
39791,4736699,66,4736765
39792,4736815,12,4736827
39793,4736839,19,4736858
39794,4736860,41,4736901
39795,4736905,63,4736968
39796,4737148,12,4737160
39797,4737280,15,4737295
39798,4737491,21,4737512
39799,4737610,2,4737612
39800,4737674,38,4737712
39801,4737723,7,4737730
39802,4737768,77,4737845
39803,4737880,18,4737898
39804,4737976,2,4737978
39805,4738004,40,4738044
39806,4738063,62,4738125
39807,4738282,24,4738306
39808,4738443,19,4738462
39809,4738505,13,4738518
39810,4738790,1,4738791
39811,4738839,16,4738855
39812,4738930,38,4738968
39813,4738979,11,4738990
39814,4739049,17,4739066
39815,4739074,6,4739080
39816,4739268,12,4739280
39817,4739308,20,4739328
39818,4739508,1,4739509
39819,4739788,8,4739796
39820,4739919,16,4739935
39821,4740014,26,4740040
39822,4740204,9,4740213
39823,4740351,29,4740380
39824,4740867,15,4740882
39825,4740995,20,4741015
39826,4741199,3,4741202
39827,4741374,18,4741392
39828,4741422,2,4741424
39829,4741470,48,4741518
39830,4741620,4,4741624
39831,4741647,10,4741657
39832,4742080,3,4742083
39833,4742514,30,4742544
39834,4742828,11,4742839
39835,4742878,6,4742884
39836,4742938,130,4743068
39837,4743144,14,4743158
39838,4743454,41,4743495
39839,4743502,18,4743520
39840,4743588,38,4743626
39841,4743669,41,4743710
39842,4743950,12,4743962
39843,4744022,20,4744042
39844,4744046,17,4744063
39845,4744145,18,4744163
39846,4744248,4,4744252
39847,4744515,12,4744527
39848,4744578,33,4744611
39849,4744841,9,4744850
39850,4744939,7,4744946
39851,4745138,3,4745141
39852,4745147,29,4745176
39853,4745276,6,4745282
39854,4745664,1,4745665
39855,4745673,26,4745699
39856,4745839,8,4745847
39857,4745851,1,4745852
39858,4745875,9,4745884
39859,4745890,12,4745902
39860,4746062,1,4746063
39861,4746225,20,4746245
39862,4746249,8,4746257
39863,4746578,8,4746586
39864,4746673,4,4746677
39865,4746711,17,4746728
39866,4746961,8,4746969
39867,4747095,3,4747098
39868,4747254,3,4747257
39869,4747496,19,4747515
39870,4747521,2,4747523
39871,4747591,131,4747722
39872,4747733,28,4747761
39873,4747762,15,4747777
39874,4747860,9,4747869
39875,4747882,18,4747900
39876,4747983,3,4747986
39877,4748205,1,4748206
39878,4748289,28,4748317
39879,4748383,41,4748424
39880,4748498,8,4748506
39881,4748646,14,4748660
39882,4748760,6,4748766
39883,4748798,26,4748824
39884,4748902,34,4748936
39885,4748947,2,4748949
39886,4749162,2,4749164
39887,4749197,8,4749205
39888,4749272,3,4749275
39889,4749279,18,4749297
39890,4749689,40,4749729
39891,4749784,38,4749822
39892,4750153,77,4750230
39893,4750346,64,4750410
39894,4750506,6,4750512
39895,4750533,5,4750538
39896,4750550,1,4750551
39897,4750566,3,4750569
39898,4750607,15,4750622
39899,4750869,34,4750903
39900,4751342,30,4751372
39901,4751376,11,4751387
39902,4751424,2,4751426
39903,4751521,21,4751542
39904,4751591,29,4751620
39905,4751701,19,4751720
39906,4751779,2,4751781
39907,4751869,32,4751901
39908,4752110,22,4752132
39909,4752143,30,4752173
39910,4752183,3,4752186
39911,4752390,10,4752400
39912,4752723,3,4752726
39913,4752818,27,4752845
39914,4752960,13,4752973
39915,4753005,4,4753009
39916,4753011,23,4753034
39917,4753157,14,4753171
39918,4753182,8,4753190
39919,4753199,7,4753206
39920,4753411,20,4753431
39921,4753483,1,4753484
39922,4753749,54,4753803
39923,4754025,7,4754032
39924,4754068,29,4754097
39925,4754121,16,4754137
39926,4754407,23,4754430
39927,4754498,38,4754536
39928,4754574,11,4754585
39929,4754786,10,4754796
39930,4754944,5,4754949
39931,4754957,115,4755072
39932,4755118,11,4755129
39933,4755249,3,4755252
39934,4755295,5,4755300
39935,4755447,13,4755460
39936,4756151,7,4756158
39937,4756194,6,4756200
39938,4756443,28,4756471
39939,4756517,15,4756532
39940,4756748,12,4756760
39941,4756769,40,4756809
39942,4756906,6,4756912
39943,4757065,5,4757070
39944,4757702,14,4757716
39945,4757964,53,4758017
39946,4758022,12,4758034
39947,4758081,5,4758086
39948,4758145,1,4758146
39949,4758247,9,4758256
39950,4758646,7,4758653
39951,4758819,5,4758824
39952,4759059,25,4759084
39953,4759372,6,4759378
39954,4759512,4,4759516
39955,4759566,69,4759635
39956,4759816,1,4759817
39957,4759895,30,4759925
39958,4760157,2,4760159
39959,4760593,10,4760603
39960,4760789,40,4760829
39961,4760847,6,4760853
39962,4760943,51,4760994
39963,4761006,6,4761012
39964,4761021,6,4761027
39965,4761041,5,4761046
39966,4761224,55,4761279
39967,4761791,34,4761825
39968,4761910,35,4761945
39969,4762091,62,4762153
39970,4762196,40,4762236
39971,4762935,30,4762965
39972,4763013,74,4763087
39973,4763094,14,4763108
39974,4763265,16,4763281
39975,4763339,10,4763349
39976,4763404,7,4763411
39977,4763458,18,4763476
39978,4763572,14,4763586
39979,4763622,17,4763639
39980,4763842,13,4763855
39981,4763887,8,4763895
39982,4763913,12,4763925
39983,4763990,5,4763995
39984,4764220,13,4764233
39985,4764286,20,4764306
39986,4764399,15,4764414
39987,4764481,11,4764492
39988,4764520,7,4764527
39989,4764535,12,4764547
39990,4764660,3,4764663
39991,4764674,5,4764679
39992,4764834,59,4764893
39993,4764923,4,4764927
39994,4764951,2,4764953
39995,4765095,4,4765099
39996,4765159,2,4765161
39997,4765291,2,4765293
39998,4765358,10,4765368
39999,4765382,29,4765411
40000,4765435,12,4765447
40001,4765555,11,4765566
40002,4765635,2,4765637
40003,4765640,23,4765663
40004,4765815,91,4765906
40005,4765975,80,4766055
40006,4766159,32,4766191
40007,4766353,14,4766367
40008,4766419,30,4766449
40009,4766476,24,4766500
40010,4766654,22,4766676
40011,4766693,90,4766783
40012,4766847,5,4766852
40013,4766977,12,4766989
40014,4767033,4,4767037
40015,4767059,35,4767094
40016,4767360,9,4767369
40017,4767445,24,4767469
40018,4767666,2,4767668
40019,4767902,19,4767921
40020,4768059,10,4768069
40021,4768084,2,4768086
40022,4768151,79,4768230
40023,4768313,17,4768330
40024,4768343,25,4768368
40025,4768463,17,4768480
40026,4768576,9,4768585
40027,4768610,1,4768611
40028,4768749,12,4768761
40029,4768912,11,4768923
40030,4769211,4,4769215
40031,4769226,5,4769231
40032,4769292,69,4769361
40033,4769567,38,4769605
40034,4769646,7,4769653
40035,4769751,4,4769755
40036,4769781,16,4769797
40037,4769823,13,4769836
40038,4769914,43,4769957
40039,4770381,17,4770398
40040,4770464,21,4770485
40041,4770591,78,4770669
40042,4770820,14,4770834
40043,4771090,1,4771091
40044,4771122,34,4771156
40045,4771260,19,4771279
40046,4771398,44,4771442
40047,4771486,3,4771489
40048,4771714,27,4771741
40049,4771960,6,4771966
40050,4772079,2,4772081
40051,4772249,5,4772254
40052,4772257,9,4772266
40053,4772288,46,4772334
40054,4772517,24,4772541
40055,4772651,4,4772655
40056,4772734,14,4772748
40057,4772862,7,4772869
40058,4772943,1,4772944
40059,4773032,4,4773036
40060,4773271,38,4773309
40061,4773475,26,4773501
40062,4773743,8,4773751
40063,4773760,13,4773773
40064,4773786,2,4773788
40065,4773805,17,4773822
40066,4773957,2,4773959
40067,4774237,88,4774325
40068,4774378,43,4774421
40069,4774509,1,4774510
40070,4774672,5,4774677
40071,4774689,40,4774729
40072,4774811,62,4774873
40073,4774977,13,4774990
40074,4775012,20,4775032
40075,4775033,43,4775076
40076,4775120,79,4775199
40077,4775223,14,4775237
40078,4775591,12,4775603
40079,4775987,65,4776052
40080,4776175,29,4776204
40081,4776240,43,4776283
40082,4776538,2,4776540
40083,4776541,3,4776544
40084,4776571,4,4776575
40085,4776715,2,4776717
40086,4776790,8,4776798
40087,4776849,58,4776907
40088,4777103,22,4777125
40089,4777179,46,4777225
40090,4777286,27,4777313
40091,4777391,6,4777397
40092,4777576,28,4777604
40093,4777614,9,4777623
40094,4777700,23,4777723
40095,4777791,1,4777792
40096,4777976,26,4778002
40097,4778126,19,4778145
40098,4778155,8,4778163
40099,4778210,14,4778224
40100,4778242,4,4778246
40101,4778420,79,4778499
40102,4779156,85,4779241
40103,4779431,13,4779444
40104,4779553,29,4779582
40105,4779874,9,4779883
40106,4779957,47,4780004
40107,4780008,2,4780010
40108,4780052,16,4780068
40109,4780153,2,4780155
40110,4780222,83,4780305
40111,4780320,10,4780330
40112,4780430,5,4780435
40113,4780439,55,4780494
40114,4780577,4,4780581
40115,4780672,12,4780684
40116,4780700,81,4780781
40117,4780787,22,4780809
40118,4780903,4,4780907
40119,4780912,1,4780913
40120,4781044,23,4781067
40121,4781088,2,4781090
40122,4781227,3,4781230
40123,4781376,10,4781386
40124,4781522,23,4781545
40125,4781558,3,4781561
40126,4781580,11,4781591
40127,4781690,39,4781729
40128,4781771,11,4781782
40129,4781921,29,4781950
40130,4781954,5,4781959
40131,4782067,48,4782115
40132,4782252,7,4782259
40133,4782348,12,4782360
40134,4782410,3,4782413
40135,4782576,3,4782579
40136,4782702,90,4782792
40137,4782822,15,4782837
40138,4782917,22,4782939
40139,4782963,30,4782993
40140,4783253,18,4783271
40141,4783430,12,4783442
40142,4783481,12,4783493
40143,4783547,45,4783592
40144,4783675,59,4783734
40145,4783754,10,4783764
40146,4783902,1,4783903
40147,4784174,92,4784266
40148,4784313,28,4784341
40149,4784728,12,4784740
40150,4784853,10,4784863
40151,4784909,9,4784918
40152,4785067,28,4785095
40153,4785257,16,4785273
40154,4785627,5,4785632
40155,4785636,7,4785643
40156,4785697,8,4785705
40157,4785845,41,4785886
40158,4785934,12,4785946
40159,4786153,30,4786183
40160,4786203,5,4786208
40161,4786387,13,4786400
40162,4786541,2,4786543
40163,4786566,6,4786572
40164,4786763,21,4786784
40165,4786790,19,4786809
40166,4787009,13,4787022
40167,4787097,25,4787122
40168,4787128,5,4787133
40169,4787134,64,4787198
40170,4787217,12,4787229
40171,4787289,40,4787329
40172,4787425,16,4787441
40173,4787454,2,4787456
40174,4787669,31,4787700
40175,4787885,10,4787895
40176,4787951,20,4787971
40177,4788149,57,4788206
40178,4788467,19,4788486
40179,4788624,9,4788633
40180,4788649,8,4788657
40181,4788682,14,4788696
40182,4788795,33,4788828
40183,4789164,28,4789192
40184,4789222,2,4789224
40185,4789300,7,4789307
40186,4789366,42,4789408
40187,4789489,57,4789546
40188,4789576,2,4789578
40189,4789693,7,4789700
40190,4789757,5,4789762
40191,4789900,37,4789937
40192,4789960,27,4789987
40193,4789994,4,4789998
40194,4790018,7,4790025
40195,4790138,10,4790148
40196,4790195,10,4790205
40197,4790251,8,4790259
40198,4790268,21,4790289
40199,4790374,3,4790377
40200,4790390,27,4790417
40201,4790419,17,4790436
40202,4790437,3,4790440
40203,4790533,13,4790546
40204,4790566,12,4790578
40205,4790704,21,4790725
40206,4790799,30,4790829
40207,4790878,1,4790879
40208,4791053,41,4791094
40209,4791097,1,4791098
40210,4791216,23,4791239
40211,4791373,7,4791380
40212,4791597,4,4791601
40213,4791608,1,4791609
40214,4791694,8,4791702
40215,4791729,9,4791738
40216,4791740,24,4791764
40217,4792042,38,4792080
40218,4792093,4,4792097
40219,4792178,35,4792213
40220,4792235,15,4792250
40221,4792363,9,4792372
40222,4792394,28,4792422
40223,4792452,1,4792453
40224,4792971,32,4793003
40225,4793128,21,4793149
40226,4793154,9,4793163
40227,4793311,10,4793321
40228,4793514,11,4793525
40229,4793755,58,4793813
40230,4793832,4,4793836
40231,4793921,32,4793953
40232,4794031,6,4794037
40233,4794215,1,4794216
40234,4794222,10,4794232
40235,4794239,22,4794261
40236,4794288,14,4794302
40237,4794332,8,4794340
40238,4794386,7,4794393
40239,4794715,23,4794738
40240,4794780,8,4794788
40241,4794920,14,4794934
40242,4795115,1,4795116
40243,4795167,13,4795180
40244,4795331,4,4795335
40245,4795652,18,4795670
40246,4795788,11,4795799
40247,4795826,7,4795833
40248,4795867,19,4795886
40249,4796036,7,4796043
40250,4796046,13,4796059
40251,4796279,5,4796284
40252,4796640,1,4796641
40253,4796678,33,4796711
40254,4796758,10,4796768
40255,4796795,9,4796804
40256,4796840,1,4796841
40257,4796872,9,4796881
40258,4796985,13,4796998
40259,4797036,6,4797042
40260,4797102,41,4797143
40261,4797200,5,4797205
40262,4797380,5,4797385
40263,4797650,1,4797651
40264,4797724,18,4797742
40265,4797770,12,4797782
40266,4797964,29,4797993
40267,4798009,17,4798026
40268,4798073,32,4798105
40269,4798397,2,4798399
40270,4798599,7,4798606
40271,4798634,7,4798641
40272,4798806,1,4798807
40273,4798904,19,4798923
40274,4798980,6,4798986
40275,4799046,16,4799062
40276,4799079,74,4799153
40277,4799196,27,4799223
40278,4799330,37,4799367
40279,4799408,2,4799410
40280,4799523,48,4799571
40281,4799638,49,4799687
40282,4799893,11,4799904
40283,4799975,25,4800000
40284,4800205,34,4800239
40285,4800324,37,4800361
40286,4800367,8,4800375
40287,4800461,29,4800490
40288,4800506,4,4800510
40289,4800637,23,4800660
40290,4800819,52,4800871
40291,4801001,17,4801018
40292,4801303,18,4801321
40293,4801450,26,4801476
40294,4801482,13,4801495
40295,4801638,6,4801644
40296,4801799,3,4801802
40297,4802315,30,4802345
40298,4802350,64,4802414
40299,4802512,15,4802527
40300,4802577,4,4802581
40301,4802585,19,4802604
40302,4802918,25,4802943
40303,4803466,47,4803513
40304,4803544,16,4803560
40305,4803630,2,4803632
40306,4803649,6,4803655
40307,4803665,2,4803667
40308,4803695,4,4803699
40309,4803856,15,4803871
40310,4803873,23,4803896
40311,4804124,49,4804173
40312,4804480,1,4804481
40313,4804495,17,4804512
40314,4804605,14,4804619
40315,4804620,74,4804694
40316,4804758,4,4804762
40317,4804872,21,4804893
40318,4804935,22,4804957
40319,4805097,9,4805106
40320,4805167,36,4805203
40321,4805212,24,4805236
40322,4805520,22,4805542
40323,4805737,13,4805750
40324,4805800,14,4805814
40325,4805819,3,4805822
40326,4805842,49,4805891
40327,4805924,60,4805984
40328,4806090,6,4806096
40329,4806150,1,4806151
40330,4806205,23,4806228
40331,4806291,3,4806294
40332,4806317,15,4806332
40333,4806427,1,4806428
40334,4806527,25,4806552
40335,4806622,40,4806662
40336,4806730,20,4806750
40337,4806766,12,4806778
40338,4806916,9,4806925
40339,4806944,30,4806974
40340,4806994,33,4807027
40341,4807062,11,4807073
40342,4807100,35,4807135
40343,4807174,53,4807227
40344,4807258,12,4807270
40345,4807296,44,4807340
40346,4807353,6,4807359
40347,4807405,93,4807498
40348,4807552,69,4807621
40349,4807875,6,4807881
40350,4807911,8,4807919
40351,4808003,31,4808034
40352,4808189,5,4808194
40353,4808201,16,4808217
40354,4808239,25,4808264
40355,4808458,8,4808466
40356,4808729,53,4808782
40357,4809415,7,4809422
40358,4809441,5,4809446
40359,4809505,5,4809510
40360,4809616,22,4809638
40361,4809765,22,4809787
40362,4809877,51,4809928
40363,4809981,14,4809995
40364,4810169,4,4810173
40365,4810358,57,4810415
40366,4810417,1,4810418
40367,4810474,8,4810482
40368,4810520,19,4810539
40369,4810577,37,4810614
40370,4810793,12,4810805
40371,4810837,32,4810869
40372,4810920,4,4810924
40373,4811121,2,4811123
40374,4811226,1,4811227
40375,4811333,4,4811337
40376,4811522,21,4811543
40377,4811665,5,4811670
40378,4811708,44,4811752
40379,4811851,1,4811852
40380,4812016,1,4812017
40381,4812049,2,4812051
40382,4812134,17,4812151
40383,4812309,8,4812317
40384,4812381,83,4812464
40385,4812553,1,4812554
40386,4812634,6,4812640
40387,4812703,30,4812733
40388,4812802,42,4812844
40389,4812931,19,4812950
40390,4812951,7,4812958
40391,4813005,13,4813018
40392,4813290,10,4813300
40393,4813302,17,4813319
40394,4813325,20,4813345
40395,4813479,27,4813506
40396,4813514,24,4813538
40397,4813673,46,4813719
40398,4813811,12,4813823
40399,4813847,9,4813856
40400,4814033,24,4814057
40401,4814411,86,4814497
40402,4814783,9,4814792
40403,4814980,3,4814983
40404,4814992,1,4814993
40405,4815254,4,4815258
40406,4815343,15,4815358
40407,4815397,12,4815409
40408,4815813,9,4815822
40409,4815831,15,4815846
40410,4816013,10,4816023
40411,4816041,3,4816044
40412,4816062,2,4816064
40413,4816270,8,4816278
40414,4816310,57,4816367
40415,4816392,65,4816457
40416,4816505,50,4816555
40417,4816565,29,4816594
40418,4816801,30,4816831
40419,4816853,30,4816883
40420,4816942,10,4816952
40421,4817073,13,4817086
40422,4817141,29,4817170
40423,4817291,21,4817312
40424,4817391,9,4817400
40425,4817486,94,4817580
40426,4817596,1,4817597
40427,4817724,7,4817731
40428,4817736,50,4817786
40429,4817832,2,4817834
40430,4817845,27,4817872
40431,4817888,14,4817902
40432,4818119,53,4818172
40433,4818363,6,4818369
40434,4818381,13,4818394
40435,4818396,20,4818416
40436,4818548,5,4818553
40437,4818810,29,4818839
40438,4818895,9,4818904
40439,4818906,14,4818920
40440,4818994,43,4819037
40441,4819082,3,4819085
40442,4819183,4,4819187
40443,4819270,22,4819292
40444,4819326,4,4819330
40445,4819528,2,4819530
40446,4819581,17,4819598
40447,4819672,6,4819678
40448,4819750,4,4819754
40449,4819946,20,4819966
40450,4820053,47,4820100
40451,4820142,9,4820151
40452,4820240,39,4820279
40453,4820288,11,4820299
40454,4820430,43,4820473
40455,4820939,7,4820946
40456,4821287,10,4821297
40457,4821352,18,4821370
40458,4821408,17,4821425
40459,4821527,8,4821535
40460,4821549,29,4821578
40461,4821602,3,4821605
40462,4821670,4,4821674
40463,4821694,17,4821711
40464,4821732,9,4821741
40465,4821764,6,4821770
40466,4821798,28,4821826
40467,4821859,2,4821861
40468,4821975,19,4821994
40469,4822267,7,4822274
40470,4822340,1,4822341
40471,4822729,21,4822750
40472,4822965,5,4822970
40473,4823038,27,4823065
40474,4823218,22,4823240
40475,4823287,19,4823306
40476,4823397,30,4823427
40477,4823539,3,4823542
40478,4823591,14,4823605
40479,4823609,11,4823620
40480,4823639,7,4823646
40481,4823695,7,4823702
40482,4823836,11,4823847
40483,4823859,13,4823872
40484,4823913,31,4823944
40485,4824037,23,4824060
40486,4824227,4,4824231
40487,4824282,2,4824284
40488,4824291,16,4824307
40489,4824418,19,4824437
40490,4824730,19,4824749
40491,4824823,27,4824850
40492,4824933,9,4824942
40493,4825040,24,4825064
40494,4825101,13,4825114
40495,4825386,1,4825387
40496,4825421,14,4825435
40497,4825634,43,4825677
40498,4825715,30,4825745
40499,4825782,18,4825800
40500,4825820,20,4825840
40501,4825878,19,4825897
40502,4826081,3,4826084
40503,4826197,36,4826233
40504,4826347,1,4826348
40505,4826784,29,4826813
40506,4826835,9,4826844
40507,4826915,14,4826929
40508,4827053,47,4827100
40509,4827442,8,4827450
40510,4827559,7,4827566
40511,4827652,19,4827671
40512,4827763,3,4827766
40513,4827882,42,4827924
40514,4827935,5,4827940
40515,4828130,94,4828224
40516,4828257,42,4828299
40517,4828301,32,4828333
40518,4828426,26,4828452
40519,4828459,12,4828471
40520,4828668,22,4828690
40521,4828768,1,4828769
40522,4829024,2,4829026
40523,4829029,7,4829036
40524,4829073,14,4829087
40525,4829340,10,4829350
40526,4829397,12,4829409
40527,4829457,19,4829476
40528,4829477,1,4829478
40529,4829499,5,4829504
40530,4829599,1,4829600
40531,4829612,17,4829629
40532,4829636,19,4829655
40533,4829674,13,4829687
40534,4829765,9,4829774
40535,4829969,28,4829997
40536,4830256,16,4830272
40537,4830556,8,4830564
40538,4830603,31,4830634
40539,4830690,8,4830698
40540,4830775,1,4830776
40541,4830784,3,4830787
40542,4830932,19,4830951
40543,4830952,3,4830955
40544,4830994,8,4831002
40545,4831227,5,4831232
40546,4831257,7,4831264
40547,4831346,1,4831347
40548,4831352,45,4831397
40549,4831545,52,4831597
40550,4831629,3,4831632
40551,4831755,12,4831767
40552,4831882,22,4831904
40553,4831934,40,4831974
40554,4832082,37,4832119
40555,4832231,107,4832338
40556,4832353,4,4832357
40557,4832432,3,4832435
40558,4832675,65,4832740
40559,4832840,36,4832876
40560,4832877,34,4832911
40561,4833025,9,4833034
40562,4833283,4,4833287
40563,4833394,18,4833412
40564,4833523,2,4833525
40565,4833582,3,4833585
40566,4833618,12,4833630
40567,4833645,35,4833680
40568,4833700,11,4833711
40569,4834097,62,4834159
40570,4834166,2,4834168
40571,4834247,29,4834276
40572,4834658,57,4834715
40573,4834939,7,4834946
40574,4834974,3,4834977
40575,4835041,13,4835054
40576,4835415,18,4835433
40577,4835460,15,4835475
40578,4835578,77,4835655
40579,4835659,8,4835667
40580,4835765,5,4835770
40581,4835778,1,4835779
40582,4835812,7,4835819
40583,4835930,1,4835931
40584,4835973,18,4835991
40585,4836069,26,4836095
40586,4836240,2,4836242
40587,4836596,1,4836597
40588,4836788,18,4836806
40589,4836821,15,4836836
40590,4837107,18,4837125
40591,4837244,35,4837279
40592,4837311,15,4837326
40593,4837437,2,4837439
40594,4837499,34,4837533
40595,4837655,7,4837662
40596,4837947,5,4837952
40597,4837999,41,4838040
40598,4838413,38,4838451
40599,4838496,63,4838559
40600,4838589,18,4838607
40601,4838829,45,4838874
40602,4838970,25,4838995
40603,4839160,47,4839207
40604,4839464,6,4839470
40605,4839496,3,4839499
40606,4839567,4,4839571
40607,4839635,1,4839636
40608,4839709,3,4839712
40609,4839769,21,4839790
40610,4839920,85,4840005
40611,4840112,3,4840115
40612,4840147,4,4840151
40613,4840341,1,4840342
40614,4840485,37,4840522
40615,4840532,3,4840535
40616,4840612,5,4840617
40617,4840621,15,4840636
40618,4840754,50,4840804
40619,4840859,7,4840866
40620,4840899,22,4840921
40621,4840925,72,4840997
40622,4841160,16,4841176
40623,4841520,7,4841527
40624,4841630,15,4841645
40625,4841662,13,4841675
40626,4841732,7,4841739
40627,4841769,3,4841772
40628,4841801,29,4841830
40629,4841849,14,4841863
40630,4841886,5,4841891
40631,4842132,2,4842134
40632,4842208,22,4842230
40633,4842294,67,4842361
40634,4842470,3,4842473
40635,4842549,24,4842573
40636,4842628,12,4842640
40637,4842760,48,4842808
40638,4842906,17,4842923
40639,4843038,27,4843065
40640,4843069,41,4843110
40641,4843201,8,4843209
40642,4843480,1,4843481
40643,4843544,25,4843569
40644,4843699,25,4843724
40645,4843754,25,4843779
40646,4843831,7,4843838
40647,4843891,23,4843914
40648,4844227,33,4844260
40649,4844262,19,4844281
40650,4844392,8,4844400
40651,4844417,19,4844436
40652,4844546,2,4844548
40653,4844555,32,4844587
40654,4844699,7,4844706
40655,4844776,34,4844810
40656,4845049,20,4845069
40657,4845104,26,4845130
40658,4845134,4,4845138
40659,4845267,24,4845291
40660,4845349,2,4845351
40661,4845393,9,4845402
40662,4845548,9,4845557
40663,4845726,3,4845729
40664,4845749,1,4845750
40665,4845816,6,4845822
40666,4845863,11,4845874
40667,4845921,11,4845932
40668,4846014,44,4846058
40669,4846092,28,4846120
40670,4846140,75,4846215
40671,4846248,15,4846263
40672,4846312,5,4846317
40673,4846474,6,4846480
40674,4846562,34,4846596
40675,4846770,1,4846771
40676,4846827,22,4846849
40677,4847135,4,4847139
40678,4847143,29,4847172
40679,4847210,13,4847223
40680,4847277,5,4847282
40681,4847284,17,4847301
40682,4847330,31,4847361
40683,4847422,35,4847457
40684,4847542,54,4847596
40685,4847658,17,4847675
40686,4847806,14,4847820
40687,4847829,11,4847840
40688,4847904,28,4847932
40689,4847944,9,4847953
40690,4847990,48,4848038
40691,4848060,15,4848075
40692,4848087,19,4848106
40693,4848152,19,4848171
40694,4848275,7,4848282
40695,4848365,32,4848397
40696,4848746,26,4848772
40697,4848777,6,4848783
40698,4849062,5,4849067
40699,4849115,16,4849131
40700,4849134,16,4849150
40701,4849188,1,4849189
40702,4849615,5,4849620
40703,4849650,9,4849659
40704,4849694,14,4849708
40705,4849713,4,4849717
40706,4849845,7,4849852
40707,4849890,1,4849891
40708,4849962,3,4849965
40709,4850074,43,4850117
40710,4850151,7,4850158
40711,4850194,1,4850195
40712,4850256,17,4850273
40713,4850377,18,4850395
40714,4850410,41,4850451
40715,4850527,13,4850540
40716,4850562,6,4850568
40717,4850586,24,4850610
40718,4850617,10,4850627
40719,4850648,2,4850650
40720,4850698,10,4850708
40721,4850734,22,4850756
40722,4850782,30,4850812
40723,4851052,3,4851055
40724,4851299,51,4851350
40725,4851355,6,4851361
40726,4851416,32,4851448
40727,4851556,15,4851571
40728,4851689,17,4851706
40729,4852037,11,4852048
40730,4852070,30,4852100
40731,4852112,4,4852116
40732,4852263,15,4852278
40733,4852496,9,4852505
40734,4852576,1,4852577
40735,4852871,18,4852889
40736,4852919,3,4852922
40737,4852925,9,4852934
40738,4853054,6,4853060
40739,4853108,13,4853121
40740,4853451,14,4853465
40741,4853641,2,4853643
40742,4853712,33,4853745
40743,4853830,3,4853833
40744,4853894,22,4853916
40745,4853964,14,4853978
40746,4854029,32,4854061
40747,4854126,6,4854132
40748,4854150,14,4854164
40749,4854283,16,4854299
40750,4854324,21,4854345
40751,4854380,5,4854385
40752,4854408,7,4854415
40753,4854433,29,4854462
40754,4854494,87,4854581
40755,4854590,3,4854593
40756,4854594,11,4854605
40757,4854648,16,4854664
40758,4854787,38,4854825
40759,4854871,12,4854883
40760,4854977,3,4854980
40761,4855064,15,4855079
40762,4855130,34,4855164
40763,4855208,33,4855241
40764,4855510,5,4855515
40765,4855622,16,4855638
40766,4855677,2,4855679
40767,4855817,11,4855828
40768,4855903,6,4855909
40769,4856309,2,4856311
40770,4856335,2,4856337
40771,4856587,27,4856614
40772,4856621,5,4856626
40773,4856699,14,4856713
40774,4856742,22,4856764
40775,4856883,35,4856918
40776,4856933,2,4856935
40777,4857024,44,4857068
40778,4857116,8,4857124
40779,4857166,11,4857177
40780,4857183,32,4857215
40781,4857235,13,4857248
40782,4857329,13,4857342
40783,4857517,16,4857533
40784,4857679,19,4857698
40785,4857735,6,4857741
40786,4857756,1,4857757
40787,4857809,10,4857819
40788,4857945,36,4857981
40789,4858086,15,4858101
40790,4858240,24,4858264
40791,4858472,28,4858500
40792,4858529,4,4858533
40793,4858701,6,4858707
40794,4858728,11,4858739
40795,4858780,21,4858801
40796,4859021,1,4859022
40797,4859076,16,4859092
40798,4859149,24,4859173
40799,4859387,39,4859426
40800,4859484,14,4859498
40801,4859503,34,4859537
40802,4859540,2,4859542
40803,4859635,62,4859697
40804,4859739,19,4859758
40805,4859874,3,4859877
40806,4859931,29,4859960
40807,4860215,20,4860235
40808,4860270,29,4860299
40809,4860403,6,4860409
40810,4860438,8,4860446
40811,4860645,25,4860670
40812,4861092,6,4861098
40813,4861130,5,4861135
40814,4861179,2,4861181
40815,4861342,48,4861390
40816,4861441,4,4861445
40817,4861481,97,4861578
40818,4861729,8,4861737
40819,4861755,5,4861760
40820,4861836,2,4861838
40821,4862131,9,4862140
40822,4862156,2,4862158
40823,4862169,24,4862193
40824,4862265,45,4862310
40825,4862381,5,4862386
40826,4862394,49,4862443
40827,4862457,23,4862480
40828,4862625,50,4862675
40829,4862809,16,4862825
40830,4862907,5,4862912
40831,4862983,4,4862987
40832,4863082,5,4863087
40833,4863214,7,4863221
40834,4863223,81,4863304
40835,4863428,14,4863442
40836,4863475,15,4863490
40837,4863495,22,4863517
40838,4863529,2,4863531
40839,4863566,7,4863573
40840,4863634,2,4863636
40841,4863637,10,4863647
40842,4863655,44,4863699
40843,4863775,4,4863779
40844,4863819,10,4863829
40845,4863915,24,4863939
40846,4864133,35,4864168
40847,4864187,24,4864211
40848,4864386,32,4864418
40849,4864423,26,4864449
40850,4864586,17,4864603
40851,4864854,1,4864855
40852,4864964,17,4864981
40853,4865359,14,4865373
40854,4865460,28,4865488
40855,4865644,9,4865653
40856,4865711,32,4865743
40857,4865791,25,4865816
40858,4865837,8,4865845
40859,4866135,2,4866137
40860,4866289,77,4866366
40861,4866497,4,4866501
40862,4866540,8,4866548
40863,4866655,48,4866703
40864,4866715,17,4866732
40865,4866749,17,4866766
40866,4866775,5,4866780
40867,4866790,6,4866796
40868,4866816,3,4866819
40869,4866847,29,4866876
40870,4866905,11,4866916
40871,4866926,7,4866933
40872,4866982,6,4866988
40873,4867019,15,4867034
40874,4867255,17,4867272
40875,4867328,24,4867352
40876,4867647,29,4867676
40877,4867759,36,4867795
40878,4867879,6,4867885
40879,4867994,39,4868033
40880,4868038,7,4868045
40881,4868097,9,4868106
40882,4868154,9,4868163
40883,4868268,15,4868283
40884,4868295,5,4868300
40885,4868307,19,4868326
40886,4868534,19,4868553
40887,4868568,8,4868576
40888,4868679,24,4868703
40889,4868852,1,4868853
40890,4868906,29,4868935
40891,4868971,3,4868974
40892,4869126,18,4869144
40893,4869296,9,4869305
40894,4869506,52,4869558
40895,4869602,7,4869609
40896,4870107,35,4870142
40897,4870207,21,4870228
40898,4870352,3,4870355
40899,4870413,21,4870434
40900,4870482,90,4870572
40901,4870602,2,4870604
40902,4870622,1,4870623
40903,4870713,14,4870727
40904,4870883,3,4870886
40905,4871229,11,4871240
40906,4871386,6,4871392
40907,4871408,5,4871413
40908,4871422,4,4871426
40909,4871442,17,4871459
40910,4871702,22,4871724
40911,4871760,4,4871764
40912,4871773,20,4871793
40913,4871871,25,4871896
40914,4871985,29,4872014
40915,4872146,24,4872170
40916,4872203,18,4872221
40917,4872261,27,4872288
40918,4872387,7,4872394
40919,4872433,20,4872453
40920,4872539,57,4872596
40921,4872610,6,4872616
40922,4872632,6,4872638
40923,4872734,13,4872747
40924,4872842,35,4872877
40925,4873096,3,4873099
40926,4873379,17,4873396
40927,4873568,17,4873585
40928,4873599,14,4873613
40929,4873857,21,4873878
40930,4874081,11,4874092
40931,4874098,26,4874124
40932,4874230,80,4874310
40933,4874785,5,4874790
40934,4874816,16,4874832
40935,4874871,4,4874875
40936,4874928,11,4874939
40937,4875032,1,4875033
40938,4875041,54,4875095
40939,4875448,23,4875471
40940,4875679,15,4875694
40941,4875800,14,4875814
40942,4875861,2,4875863
40943,4875901,59,4875960
40944,4876073,77,4876150
40945,4876208,7,4876215
40946,4876270,5,4876275
40947,4876430,1,4876431
40948,4876751,12,4876763
40949,4876832,49,4876881
40950,4876963,2,4876965
40951,4876989,28,4877017
40952,4877080,12,4877092
40953,4877127,131,4877258
40954,4877294,4,4877298
40955,4877351,9,4877360
40956,4877518,25,4877543
40957,4877588,26,4877614
40958,4877874,67,4877941
40959,4877994,3,4877997
40960,4878118,11,4878129
40961,4878153,17,4878170
40962,4878195,18,4878213
40963,4878323,1,4878324
40964,4878415,93,4878508
40965,4878630,93,4878723
40966,4878831,10,4878841
40967,4878944,23,4878967
40968,4879074,3,4879077
40969,4879184,21,4879205
40970,4879361,4,4879365
40971,4879451,25,4879476
40972,4879502,14,4879516
40973,4879692,1,4879693
40974,4879773,61,4879834
40975,4880000,3,4880003
40976,4880033,66,4880099
40977,4880128,39,4880167
40978,4880368,2,4880370
40979,4880660,2,4880662
40980,4880682,10,4880692
40981,4880723,17,4880740
40982,4880857,68,4880925
40983,4880934,1,4880935
40984,4880990,40,4881030
40985,4881138,31,4881169
40986,4881195,69,4881264
40987,4881337,7,4881344
40988,4881533,4,4881537
40989,4881538,44,4881582
40990,4881606,9,4881615
40991,4881762,2,4881764
40992,4881784,22,4881806
40993,4881909,7,4881916
40994,4881962,16,4881978
40995,4882019,23,4882042
40996,4882064,3,4882067
40997,4882085,9,4882094
40998,4882157,64,4882221
40999,4882317,40,4882357
41000,4882403,44,4882447
41001,4882640,22,4882662
41002,4882737,68,4882805
41003,4882937,4,4882941
41004,4882953,35,4882988
41005,4883015,27,4883042
41006,4883065,11,4883076
41007,4883091,34,4883125
41008,4883325,52,4883377
41009,4883409,11,4883420
41010,4883535,20,4883555
41011,4883642,38,4883680
41012,4883770,2,4883772
41013,4883789,20,4883809
41014,4883847,15,4883862
41015,4884030,73,4884103
41016,4884104,8,4884112
41017,4884128,9,4884137
41018,4884293,51,4884344
41019,4884594,18,4884612
41020,4884622,33,4884655
41021,4884658,23,4884681
41022,4884795,25,4884820
41023,4884844,30,4884874
41024,4884909,34,4884943
41025,4885085,9,4885094
41026,4885126,75,4885201
41027,4885212,13,4885225
41028,4885439,123,4885562
41029,4885596,12,4885608
41030,4885700,35,4885735
41031,4886077,22,4886099
41032,4886187,3,4886190
41033,4886289,13,4886302
41034,4886375,57,4886432
41035,4886509,12,4886521
41036,4886531,4,4886535
41037,4886656,24,4886680
41038,4886704,17,4886721
41039,4886798,3,4886801
41040,4886953,86,4887039
41041,4887263,46,4887309
41042,4887319,2,4887321
41043,4887352,9,4887361
41044,4887381,5,4887386
41045,4887585,5,4887590
41046,4887725,10,4887735
41047,4887745,22,4887767
41048,4887796,13,4887809
41049,4887821,37,4887858
41050,4887861,5,4887866
41051,4887964,36,4888000
41052,4888011,6,4888017
41053,4888226,12,4888238
41054,4888298,10,4888308
41055,4888311,22,4888333
41056,4888477,18,4888495
41057,4888586,15,4888601
41058,4888698,17,4888715
41059,4888816,68,4888884
41060,4888977,52,4889029
41061,4889298,36,4889334
41062,4889345,19,4889364
41063,4889373,8,4889381
41064,4889563,2,4889565
41065,4889710,3,4889713
41066,4889799,18,4889817
41067,4889836,37,4889873
41068,4889994,25,4890019
41069,4890111,28,4890139
41070,4890258,49,4890307
41071,4890373,7,4890380
41072,4890528,28,4890556
41073,4890584,4,4890588
41074,4890746,10,4890756
41075,4890844,25,4890869
41076,4890909,62,4890971
41077,4890983,14,4890997
41078,4891104,47,4891151
41079,4891152,3,4891155
41080,4891301,5,4891306
41081,4891514,36,4891550
41082,4891590,4,4891594
41083,4891727,16,4891743
41084,4892035,22,4892057
41085,4892110,19,4892129
41086,4892154,3,4892157
41087,4892235,8,4892243
41088,4892398,22,4892420
41089,4892432,8,4892440
41090,4892486,19,4892505
41091,4892731,14,4892745
41092,4892836,15,4892851
41093,4893065,40,4893105
41094,4893196,6,4893202
41095,4893207,43,4893250
41096,4893383,30,4893413
41097,4893432,15,4893447
41098,4893783,12,4893795
41099,4893835,3,4893838
41100,4893852,32,4893884
41101,4893941,4,4893945
41102,4894056,50,4894106
41103,4894202,5,4894207
41104,4894355,8,4894363
41105,4894494,6,4894500
41106,4894534,29,4894563
41107,4894646,21,4894667
41108,4894870,15,4894885
41109,4894892,4,4894896
41110,4894918,17,4894935
41111,4895001,60,4895061
41112,4895087,10,4895097
41113,4895127,10,4895137
41114,4895473,4,4895477
41115,4895544,10,4895554
41116,4895658,7,4895665
41117,4895963,7,4895970
41118,4896004,46,4896050
41119,4896134,17,4896151
41120,4896206,44,4896250
41121,4896488,9,4896497
41122,4896635,55,4896690
41123,4896772,2,4896774
41124,4896821,12,4896833
41125,4896900,69,4896969
41126,4897216,8,4897224
41127,4897370,10,4897380
41128,4897787,29,4897816
41129,4897866,60,4897926
41130,4898138,14,4898152
41131,4898178,16,4898194
41132,4898235,22,4898257
41133,4898258,33,4898291
41134,4898346,5,4898351
41135,4898536,39,4898575
41136,4898705,8,4898713
41137,4898730,60,4898790
41138,4898848,30,4898878
41139,4898908,10,4898918
41140,4899419,19,4899438
41141,4899520,18,4899538
41142,4899601,69,4899670
41143,4899740,10,4899750
41144,4899922,22,4899944
41145,4900038,47,4900085
41146,4900152,3,4900155
41147,4900218,8,4900226
41148,4900259,81,4900340
41149,4900396,77,4900473
41150,4900483,16,4900499
41151,4900785,33,4900818
41152,4901157,6,4901163
41153,4901266,5,4901271
41154,4901537,15,4901552
41155,4901774,16,4901790
41156,4901799,10,4901809
41157,4902000,9,4902009
41158,4902125,1,4902126
41159,4902141,20,4902161
41160,4902395,5,4902400
41161,4902445,24,4902469
41162,4902731,34,4902765
41163,4902856,4,4902860
41164,4902901,6,4902907
41165,4902941,3,4902944
41166,4902948,11,4902959
41167,4903071,2,4903073
41168,4903156,19,4903175
41169,4903225,10,4903235
41170,4903294,3,4903297
41171,4903417,6,4903423
41172,4903533,22,4903555
41173,4903559,3,4903562
41174,4903748,6,4903754
41175,4903844,1,4903845
41176,4903974,11,4903985
41177,4904060,20,4904080
41178,4904084,22,4904106
41179,4904174,8,4904182
41180,4904266,61,4904327
41181,4904466,6,4904472
41182,4904482,10,4904492
41183,4904543,2,4904545
41184,4904627,14,4904641
41185,4904689,12,4904701
41186,4904713,30,4904743
41187,4904822,14,4904836
41188,4905230,20,4905250
41189,4905390,7,4905397
41190,4905419,8,4905427
41191,4905557,1,4905558
41192,4905624,35,4905659
41193,4905819,7,4905826
41194,4905842,1,4905843
41195,4906042,16,4906058
41196,4906175,80,4906255
41197,4906486,13,4906499
41198,4906552,8,4906560
41199,4906605,7,4906612
41200,4906830,35,4906865
41201,4906876,53,4906929
41202,4907046,3,4907049
41203,4907073,7,4907080
41204,4907139,15,4907154
41205,4907313,34,4907347
41206,4907426,28,4907454
41207,4907518,5,4907523
41208,4907739,4,4907743
41209,4907758,2,4907760
41210,4907861,2,4907863
41211,4908040,13,4908053
41212,4908194,13,4908207
41213,4908259,19,4908278
41214,4908310,10,4908320
41215,4908393,18,4908411
41216,4908468,22,4908490
41217,4908919,46,4908965
41218,4909067,6,4909073
41219,4909198,23,4909221
41220,4909425,26,4909451
41221,4909482,1,4909483
41222,4909525,4,4909529
41223,4909582,10,4909592
41224,4909616,9,4909625
41225,4909671,1,4909672
41226,4909680,15,4909695
41227,4909705,22,4909727
41228,4910050,57,4910107
41229,4910187,70,4910257
41230,4910353,3,4910356
41231,4910364,3,4910367
41232,4910479,39,4910518
41233,4911007,72,4911079
41234,4911123,24,4911147
41235,4911183,24,4911207
41236,4911471,5,4911476
41237,4911505,32,4911537
41238,4911550,3,4911553
41239,4911655,22,4911677
41240,4911702,36,4911738
41241,4911802,28,4911830
41242,4912079,24,4912103
41243,4912207,16,4912223
41244,4912715,11,4912726
41245,4912728,43,4912771
41246,4913141,52,4913193
41247,4913252,15,4913267
41248,4913412,8,4913420
41249,4913619,5,4913624
41250,4913649,46,4913695
41251,4913838,15,4913853
41252,4914092,8,4914100
41253,4914103,6,4914109
41254,4914596,11,4914607
41255,4914873,14,4914887
41256,4915086,12,4915098
41257,4915219,5,4915224
41258,4915449,29,4915478
41259,4915548,2,4915550
41260,4915624,15,4915639
41261,4915709,21,4915730
41262,4915843,9,4915852
41263,4915907,26,4915933
41264,4916001,4,4916005
41265,4916098,10,4916108
41266,4916207,21,4916228
41267,4916477,53,4916530
41268,4916538,43,4916581
41269,4916613,30,4916643
41270,4916797,51,4916848
41271,4916985,16,4917001
41272,4917086,18,4917104
41273,4917157,26,4917183
41274,4917213,11,4917224
41275,4917308,9,4917317
41276,4917416,42,4917458
41277,4917529,6,4917535
41278,4917582,3,4917585
41279,4917605,23,4917628
41280,4917910,12,4917922
41281,4918008,7,4918015
41282,4918024,25,4918049
41283,4918058,25,4918083
41284,4918122,48,4918170
41285,4918179,16,4918195
41286,4918242,14,4918256
41287,4918371,10,4918381
41288,4918595,2,4918597
41289,4918637,90,4918727
41290,4918739,19,4918758
41291,4918869,15,4918884
41292,4918886,7,4918893
41293,4918936,1,4918937
41294,4918959,16,4918975
41295,4918982,27,4919009
41296,4919108,6,4919114
41297,4919161,2,4919163
41298,4919190,21,4919211
41299,4919251,9,4919260
41300,4919313,4,4919317
41301,4919344,65,4919409
41302,4919458,53,4919511
41303,4919542,17,4919559
41304,4919675,31,4919706
41305,4919768,2,4919770
41306,4919836,12,4919848
41307,4919879,7,4919886
41308,4919947,34,4919981
41309,4920036,8,4920044
41310,4920118,24,4920142
41311,4920177,13,4920190
41312,4920229,10,4920239
41313,4920334,11,4920345
41314,4920381,3,4920384
41315,4920548,7,4920555
41316,4920564,4,4920568
41317,4920617,1,4920618
41318,4920744,2,4920746
41319,4920792,17,4920809
41320,4921059,1,4921060
41321,4921064,6,4921070
41322,4921098,37,4921135
41323,4921461,15,4921476
41324,4921557,12,4921569
41325,4922086,16,4922102
41326,4922150,1,4922151
41327,4922156,25,4922181
41328,4922210,3,4922213
41329,4922222,41,4922263
41330,4922286,24,4922310
41331,4922343,5,4922348
41332,4922373,25,4922398
41333,4922405,21,4922426
41334,4922469,31,4922500
41335,4922539,18,4922557
41336,4922570,9,4922579
41337,4922699,17,4922716
41338,4922725,1,4922726
41339,4922851,31,4922882
41340,4922948,11,4922959
41341,4922976,10,4922986
41342,4923051,2,4923053
41343,4923085,2,4923087
41344,4923125,22,4923147
41345,4923430,22,4923452
41346,4923621,10,4923631
41347,4923655,3,4923658
41348,4923684,4,4923688
41349,4923750,19,4923769
41350,4923892,40,4923932
41351,4924041,2,4924043
41352,4924274,4,4924278
41353,4924511,16,4924527
41354,4924529,16,4924545
41355,4924679,4,4924683
41356,4924743,23,4924766
41357,4924779,18,4924797
41358,4924829,39,4924868
41359,4924884,10,4924894
41360,4924993,2,4924995
41361,4925018,30,4925048
41362,4925097,19,4925116
41363,4925172,5,4925177
41364,4925195,1,4925196
41365,4925220,24,4925244
41366,4925379,51,4925430
41367,4925449,42,4925491
41368,4925547,4,4925551
41369,4925579,28,4925607
41370,4925658,9,4925667
41371,4925841,8,4925849
41372,4925975,11,4925986
41373,4926033,6,4926039
41374,4926289,10,4926299
41375,4926309,21,4926330
41376,4926379,6,4926385
41377,4926399,50,4926449
41378,4926641,1,4926642
41379,4926669,45,4926714
41380,4926856,18,4926874
41381,4926909,15,4926924
41382,4926996,58,4927054
41383,4927329,19,4927348
41384,4927352,3,4927355
41385,4927485,19,4927504
41386,4927753,10,4927763
41387,4927800,9,4927809
41388,4927857,68,4927925
41389,4927964,34,4927998
41390,4928052,54,4928106
41391,4928194,17,4928211
41392,4928286,1,4928287
41393,4928327,28,4928355
41394,4928488,30,4928518
41395,4928550,14,4928564
41396,4928605,14,4928619
41397,4928719,17,4928736
41398,4928891,20,4928911
41399,4928916,8,4928924
41400,4928940,14,4928954
41401,4928955,6,4928961
41402,4929268,5,4929273
41403,4929317,38,4929355
41404,4929388,5,4929393
41405,4929809,2,4929811
41406,4930109,20,4930129
41407,4930167,5,4930172
41408,4930395,29,4930424
41409,4930535,17,4930552
41410,4930576,7,4930583
41411,4930772,11,4930783
41412,4930789,1,4930790
41413,4931297,1,4931298
41414,4931400,18,4931418
41415,4931537,23,4931560
41416,4931625,2,4931627
41417,4931724,10,4931734
41418,4931865,23,4931888
41419,4931923,67,4931990
41420,4932276,2,4932278
41421,4932288,22,4932310
41422,4932410,34,4932444
41423,4932477,1,4932478
41424,4932684,41,4932725
41425,4932764,5,4932769
41426,4932797,62,4932859
41427,4932915,13,4932928
41428,4933026,15,4933041
41429,4933051,11,4933062
41430,4933111,14,4933125
41431,4933306,34,4933340
41432,4933370,22,4933392
41433,4933468,13,4933481
41434,4933687,11,4933698
41435,4933708,24,4933732
41436,4933751,10,4933761
41437,4933811,14,4933825
41438,4933879,4,4933883
41439,4934000,129,4934129
41440,4934228,14,4934242
41441,4934393,23,4934416
41442,4934422,6,4934428
41443,4934463,12,4934475
41444,4934564,2,4934566
41445,4934961,35,4934996
41446,4935012,35,4935047
41447,4935261,136,4935397
41448,4935482,13,4935495
41449,4935592,7,4935599
41450,4935631,8,4935639
41451,4935751,10,4935761
41452,4935937,26,4935963
41453,4935970,11,4935981
41454,4936084,27,4936111
41455,4936119,55,4936174
41456,4936235,2,4936237
41457,4936317,2,4936319
41458,4936330,84,4936414
41459,4936751,30,4936781
41460,4936907,3,4936910
41461,4937063,14,4937077
41462,4937105,17,4937122
41463,4937176,6,4937182
41464,4937307,4,4937311
41465,4937420,24,4937444
41466,4937453,9,4937462
41467,4937798,9,4937807
41468,4937829,9,4937838
41469,4937986,23,4938009
41470,4938241,18,4938259
41471,4938307,33,4938340
41472,4938497,16,4938513
41473,4938665,1,4938666
41474,4938673,14,4938687
41475,4938866,25,4938891
41476,4939087,6,4939093
41477,4939204,65,4939269
41478,4939461,20,4939481
41479,4939485,26,4939511
41480,4939601,2,4939603
41481,4939678,5,4939683
41482,4939821,18,4939839
41483,4939910,9,4939919
41484,4939993,8,4940001
41485,4940039,14,4940053
41486,4940343,52,4940395
41487,4940408,23,4940431
41488,4940484,18,4940502
41489,4940576,22,4940598
41490,4940608,22,4940630
41491,4940883,26,4940909
41492,4940944,35,4940979
41493,4940995,16,4941011
41494,4941096,41,4941137
41495,4941464,19,4941483
41496,4941501,26,4941527
41497,4941549,4,4941553
41498,4941631,2,4941633
41499,4941744,42,4941786
41500,4941823,11,4941834
41501,4942010,14,4942024
41502,4942095,4,4942099
41503,4942138,29,4942167
41504,4942177,30,4942207
41505,4942292,15,4942307
41506,4942361,2,4942363
41507,4942407,3,4942410
41508,4942613,8,4942621
41509,4942882,1,4942883
41510,4942935,6,4942941
41511,4942958,21,4942979
41512,4943027,7,4943034
41513,4943082,21,4943103
41514,4943238,33,4943271
41515,4943353,12,4943365
41516,4943575,21,4943596
41517,4943621,3,4943624
41518,4943720,64,4943784
41519,4943843,9,4943852
41520,4943909,10,4943919
41521,4943937,34,4943971
41522,4944170,14,4944184
41523,4944260,22,4944282
41524,4944347,7,4944354
41525,4944569,25,4944594
41526,4944625,10,4944635
41527,4944642,20,4944662
41528,4945007,6,4945013
41529,4945023,5,4945028
41530,4945084,2,4945086
41531,4945288,27,4945315
41532,4945384,19,4945403
41533,4945455,3,4945458
41534,4945476,22,4945498
41535,4945545,39,4945584
41536,4945636,7,4945643
41537,4945688,25,4945713
41538,4945789,28,4945817
41539,4945861,19,4945880
41540,4945928,45,4945973
41541,4945977,2,4945979
41542,4946296,28,4946324
41543,4946439,15,4946454
41544,4946520,58,4946578
41545,4946640,6,4946646
41546,4946679,18,4946697
41547,4946744,41,4946785
41548,4946840,19,4946859
41549,4946951,35,4946986
41550,4947230,8,4947238
41551,4947409,4,4947413
41552,4947681,3,4947684
41553,4947781,10,4947791
41554,4947826,9,4947835
41555,4947974,8,4947982
41556,4948040,6,4948046
41557,4948514,22,4948536
41558,4948697,8,4948705
41559,4948807,24,4948831
41560,4948970,36,4949006
41561,4949083,7,4949090
41562,4949205,11,4949216
41563,4949338,31,4949369
41564,4949467,15,4949482
41565,4949612,8,4949620
41566,4949630,1,4949631
41567,4950001,10,4950011
41568,4950314,3,4950317
41569,4950544,9,4950553
41570,4950683,4,4950687
41571,4950736,10,4950746
41572,4950786,3,4950789
41573,4950920,11,4950931
41574,4951053,4,4951057
41575,4951144,9,4951153
41576,4951182,2,4951184
41577,4951232,3,4951235
41578,4951311,68,4951379
41579,4951493,49,4951542
41580,4951708,33,4951741
41581,4951817,5,4951822
41582,4951904,10,4951914
41583,4951918,8,4951926
41584,4951970,30,4952000
41585,4952138,26,4952164
41586,4952179,62,4952241
41587,4952357,25,4952382
41588,4952394,8,4952402
41589,4952538,1,4952539
41590,4952638,4,4952642
41591,4952690,5,4952695
41592,4953060,6,4953066
41593,4953206,17,4953223
41594,4953234,46,4953280
41595,4953313,1,4953314
41596,4953323,12,4953335
41597,4953336,41,4953377
41598,4953616,5,4953621
41599,4953716,11,4953727
41600,4953733,33,4953766
41601,4953803,21,4953824
41602,4953905,32,4953937
41603,4953984,13,4953997
41604,4954072,8,4954080
41605,4954230,31,4954261
41606,4954476,15,4954491
41607,4954910,32,4954942
41608,4955010,29,4955039
41609,4955136,19,4955155
41610,4955185,87,4955272
41611,4955293,2,4955295
41612,4955360,7,4955367
41613,4955627,13,4955640
41614,4955750,13,4955763
41615,4955825,13,4955838
41616,4955849,11,4955860
41617,4955871,24,4955895
41618,4956159,1,4956160
41619,4956171,61,4956232
41620,4956353,20,4956373
41621,4956449,2,4956451
41622,4956602,54,4956656
41623,4956801,12,4956813
41624,4956855,2,4956857
41625,4956922,19,4956941
41626,4957128,26,4957154
41627,4957158,1,4957159
41628,4957223,23,4957246
41629,4957296,2,4957298
41630,4957404,33,4957437
41631,4957619,4,4957623
41632,4957626,13,4957639
41633,4957807,43,4957850
41634,4958010,31,4958041
41635,4958142,27,4958169
41636,4958183,40,4958223
41637,4958233,4,4958237
41638,4958337,33,4958370
41639,4958375,11,4958386
41640,4958440,5,4958445
41641,4958593,42,4958635
41642,4959041,4,4959045
41643,4959198,15,4959213
41644,4959219,8,4959227
41645,4959480,12,4959492
41646,4959553,4,4959557
41647,4959569,10,4959579
41648,4959710,10,4959720
41649,4959827,3,4959830
41650,4960492,7,4960499
41651,4960598,18,4960616
41652,4960630,15,4960645
41653,4960670,6,4960676
41654,4960690,33,4960723
41655,4960817,6,4960823
41656,4960890,3,4960893
41657,4961029,67,4961096
41658,4961134,1,4961135
41659,4961209,89,4961298
41660,4961389,12,4961401
41661,4961536,26,4961562
41662,4961723,5,4961728
41663,4961800,22,4961822
41664,4962038,6,4962044
41665,4962214,14,4962228
41666,4962283,28,4962311
41667,4962405,5,4962410
41668,4962423,23,4962446
41669,4962478,8,4962486
41670,4962531,42,4962573
41671,4962627,5,4962632
41672,4962840,11,4962851
41673,4962906,23,4962929
41674,4962939,39,4962978
41675,4963215,13,4963228
41676,4963299,49,4963348
41677,4963356,8,4963364
41678,4963456,14,4963470
41679,4963547,7,4963554
41680,4963615,8,4963623
41681,4963667,12,4963679
41682,4963782,19,4963801
41683,4963957,5,4963962
41684,4964154,17,4964171
41685,4964187,3,4964190
41686,4964191,2,4964193
41687,4964202,11,4964213
41688,4964243,41,4964284
41689,4964350,9,4964359
41690,4964417,34,4964451
41691,4964465,1,4964466
41692,4964529,61,4964590
41693,4964802,3,4964805
41694,4964891,45,4964936
41695,4965065,4,4965069
41696,4965132,2,4965134
41697,4965180,6,4965186
41698,4965237,23,4965260
41699,4965266,16,4965282
41700,4965470,5,4965475
41701,4965700,53,4965753
41702,4965850,9,4965859
41703,4965875,55,4965930
41704,4966040,36,4966076
41705,4966098,13,4966111
41706,4966118,26,4966144
41707,4966162,9,4966171
41708,4966309,3,4966312
41709,4966686,15,4966701
41710,4966744,30,4966774
41711,4966796,11,4966807
41712,4966816,111,4966927
41713,4967027,18,4967045
41714,4967089,7,4967096
41715,4967119,15,4967134
41716,4967276,3,4967279
41717,4967283,6,4967289
41718,4967323,87,4967410
41719,4967498,4,4967502
41720,4967669,80,4967749
41721,4967910,47,4967957
41722,4968012,2,4968014
41723,4968033,9,4968042
41724,4968206,101,4968307
41725,4968369,14,4968383
41726,4968573,28,4968601
41727,4968772,31,4968803
41728,4968806,1,4968807
41729,4968906,22,4968928
41730,4968965,9,4968974
41731,4969120,23,4969143
41732,4969250,24,4969274
41733,4969369,8,4969377
41734,4969396,14,4969410
41735,4969487,11,4969498
41736,4969694,1,4969695
41737,4969751,58,4969809
41738,4969982,57,4970039
41739,4970221,2,4970223
41740,4970246,38,4970284
41741,4970569,8,4970577
41742,4970653,16,4970669
41743,4970879,4,4970883
41744,4970891,24,4970915
41745,4970995,22,4971017
41746,4971065,9,4971074
41747,4971197,5,4971202
41748,4971203,14,4971217
41749,4971225,58,4971283
41750,4971469,27,4971496
41751,4971581,67,4971648
41752,4971671,17,4971688
41753,4971981,12,4971993
41754,4972043,14,4972057
41755,4972096,8,4972104
41756,4972162,1,4972163
41757,4972351,68,4972419
41758,4972482,5,4972487
41759,4972552,27,4972579
41760,4972620,33,4972653
41761,4972677,21,4972698
41762,4972811,2,4972813
41763,4972863,8,4972871
41764,4972892,14,4972906
41765,4972916,2,4972918
41766,4973057,13,4973070
41767,4973252,23,4973275
41768,4973394,2,4973396
41769,4973414,8,4973422
41770,4973428,31,4973459
41771,4973630,54,4973684
41772,4973764,4,4973768
41773,4973782,8,4973790
41774,4974057,60,4974117
41775,4974167,10,4974177
41776,4974278,16,4974294
41777,4974362,8,4974370
41778,4974512,17,4974529
41779,4974742,1,4974743
41780,4974875,18,4974893
41781,4975021,16,4975037
41782,4975153,2,4975155
41783,4975240,5,4975245
41784,4975265,6,4975271
41785,4975303,12,4975315
41786,4975386,8,4975394
41787,4975431,5,4975436
41788,4975481,8,4975489
41789,4975579,6,4975585
41790,4975769,15,4975784
41791,4975956,27,4975983
41792,4976101,7,4976108
41793,4976134,17,4976151
41794,4976200,15,4976215
41795,4976272,60,4976332
41796,4976455,3,4976458
41797,4976509,11,4976520
41798,4976521,30,4976551
41799,4976620,18,4976638
41800,4976760,3,4976763
41801,4976860,2,4976862
41802,4976968,6,4976974
41803,4977033,9,4977042
41804,4977293,13,4977306
41805,4977440,6,4977446
41806,4977505,8,4977513
41807,4977679,23,4977702
41808,4977798,1,4977799
41809,4977880,8,4977888
41810,4978040,14,4978054
41811,4978126,24,4978150
41812,4978206,6,4978212
41813,4978223,31,4978254
41814,4978394,42,4978436
41815,4978539,7,4978546
41816,4978588,1,4978589
41817,4978624,17,4978641
41818,4978650,11,4978661
41819,4978708,48,4978756
41820,4978828,41,4978869
41821,4979330,32,4979362
41822,4979364,20,4979384
41823,4979412,27,4979439
41824,4979442,36,4979478
41825,4979584,2,4979586
41826,4979668,67,4979735
41827,4979817,30,4979847
41828,4979918,8,4979926
41829,4979991,9,4980000
41830,4980065,9,4980074
41831,4980106,59,4980165
41832,4980229,40,4980269
41833,4980275,29,4980304
41834,4980315,1,4980316
41835,4980342,5,4980347
41836,4980360,20,4980380
41837,4980432,33,4980465
41838,4980469,25,4980494
41839,4980592,24,4980616
41840,4980654,35,4980689
41841,4980823,24,4980847
41842,4981036,70,4981106
41843,4981258,21,4981279
41844,4981506,16,4981522
41845,4981546,8,4981554
41846,4981609,33,4981642
41847,4981720,13,4981733
41848,4981866,34,4981900
41849,4981968,6,4981974
41850,4982279,1,4982280
41851,4982508,22,4982530
41852,4982573,5,4982578
41853,4983015,10,4983025
41854,4983098,67,4983165
41855,4983226,31,4983257
41856,4983286,3,4983289
41857,4983373,34,4983407
41858,4983474,29,4983503
41859,4983544,1,4983545
41860,4983627,39,4983666
41861,4983774,11,4983785
41862,4983921,1,4983922
41863,4984103,1,4984104
41864,4984257,3,4984260
41865,4984293,40,4984333
41866,4984538,12,4984550
41867,4984636,2,4984638
41868,4984748,16,4984764
41869,4984960,3,4984963
41870,4985039,21,4985060
41871,4985062,18,4985080
41872,4985149,77,4985226
41873,4985244,18,4985262
41874,4985366,55,4985421
41875,4985576,2,4985578
41876,4985586,10,4985596
41877,4985832,12,4985844
41878,4985869,11,4985880
41879,4985915,72,4985987
41880,4986097,51,4986148
41881,4986167,15,4986182
41882,4986242,3,4986245
41883,4986258,7,4986265
41884,4986269,35,4986304
41885,4986472,7,4986479
41886,4986481,6,4986487
41887,4986571,82,4986653
41888,4986772,23,4986795
41889,4986892,7,4986899
41890,4986990,11,4987001
41891,4987026,20,4987046
41892,4987079,42,4987121
41893,4987214,14,4987228
41894,4987611,5,4987616
41895,4987727,13,4987740
41896,4987859,25,4987884
41897,4988028,9,4988037
41898,4988067,6,4988073
41899,4988135,4,4988139
41900,4988581,24,4988605
41901,4988699,1,4988700
41902,4988747,13,4988760
41903,4988826,9,4988835
41904,4988905,14,4988919
41905,4988969,54,4989023
41906,4989033,5,4989038
41907,4989040,1,4989041
41908,4989048,26,4989074
41909,4989151,1,4989152
41910,4989366,5,4989371
41911,4989848,49,4989897
41912,4989902,38,4989940
41913,4990084,1,4990085
41914,4990148,6,4990154
41915,4990178,39,4990217
41916,4990243,3,4990246
41917,4990379,7,4990386
41918,4990404,124,4990528
41919,4990683,15,4990698
41920,4991112,8,4991120
41921,4991155,7,4991162
41922,4991225,6,4991231
41923,4991267,18,4991285
41924,4991360,15,4991375
41925,4991468,48,4991516
41926,4991532,35,4991567
41927,4991715,15,4991730
41928,4991862,122,4991984
41929,4992007,17,4992024
41930,4992125,6,4992131
41931,4992205,3,4992208
41932,4992242,18,4992260
41933,4992388,16,4992404
41934,4992438,16,4992454
41935,4992514,2,4992516
41936,4992624,9,4992633
41937,4992804,7,4992811
41938,4992896,7,4992903
41939,4992907,2,4992909
41940,4992923,15,4992938
41941,4992993,8,4993001
41942,4993319,24,4993343
41943,4993465,23,4993488
41944,4993585,22,4993607
41945,4993823,12,4993835
41946,4993849,57,4993906
41947,4993922,4,4993926
41948,4994010,22,4994032
41949,4994285,8,4994293
41950,4994492,12,4994504
41951,4994561,6,4994567
41952,4994587,21,4994608
41953,4994812,25,4994837
41954,4994887,27,4994914
41955,4994947,13,4994960
41956,4994970,4,4994974
41957,4995039,12,4995051
41958,4995102,66,4995168
41959,4995408,113,4995521
41960,4995641,13,4995654
41961,4995929,9,4995938
41962,4995977,2,4995979
41963,4996056,21,4996077
41964,4996085,5,4996090
41965,4996271,32,4996303
41966,4996307,35,4996342
41967,4996357,23,4996380
41968,4996450,15,4996465
41969,4996883,12,4996895
41970,4996926,54,4996980
41971,4997383,1,4997384
41972,4997518,39,4997557
41973,4997595,26,4997621
41974,4997656,2,4997658
41975,4997678,1,4997679
41976,4997685,8,4997693
41977,4997702,7,4997709
41978,4997781,14,4997795
41979,4997798,7,4997805
41980,4998031,16,4998047
41981,4998065,3,4998068
41982,4998122,41,4998163
41983,4998165,7,4998172
41984,4998191,36,4998227
41985,4998245,10,4998255
41986,4998281,51,4998332
41987,4998370,32,4998402
41988,4998404,15,4998419
41989,4998433,94,4998527
41990,4998539,1,4998540
41991,4998674,2,4998676
41992,4998807,39,4998846
41993,4998865,3,4998868
41994,4998878,18,4998896
41995,4998903,27,4998930
41996,4998955,10,4998965
41997,4999070,24,4999094
41998,4999113,3,4999116
41999,4999180,37,4999217
42000,4999332,21,4999353
42001,4999409,4,4999413
42002,4999437,2,4999439
42003,4999469,11,4999480
42004,4999621,3,4999624
42005,4999813,16,4999829
42006,4999836,10,4999846
42007,4999865,2,4999867
