,Start,Duration,End
0,163,18,181
1,326,21,347
2,365,28,393
3,395,41,436
4,446,9,455
5,493,12,505
6,544,16,560
7,782,30,812
8,1123,20,1143
9,1173,26,1199
10,1387,42,1429
11,1584,7,1591
12,1613,2,1615
13,1622,4,1626
14,1759,4,1763
15,1804,4,1808
16,1865,26,1891
17,2059,16,2075
18,2217,2,2219
19,2235,58,2293
20,2342,18,2360
21,2382,19,2401
22,2468,18,2486
23,2508,13,2521
24,2561,28,2589
25,2594,96,2690
26,2699,4,2703
27,2763,4,2767
28,2909,12,2921
29,2932,3,2935
30,2943,32,2975
31,2986,68,3054
32,3075,15,3090
33,3210,21,3231
34,3406,13,3419
35,3475,33,3508
36,3584,12,3596
37,3597,9,3606
38,3651,8,3659
39,3750,84,3834
40,3861,10,3871
41,3921,8,3929
42,3979,4,3983
43,4000,43,4043
44,4089,18,4107
45,4195,16,4211
46,4287,9,4296
47,4338,18,4356
48,4369,6,4375
49,4392,3,4395
50,4600,54,4654
51,4865,32,4897
52,4899,13,4912
53,5132,65,5197
54,5229,11,5240
55,5674,2,5676
56,5705,4,5709
57,5824,77,5901
58,5909,10,5919
59,6057,4,6061
60,6063,12,6075
61,6107,72,6179
62,6210,1,6211
63,6245,6,6251
64,6463,6,6469
65,6550,20,6570
66,6770,17,6787
67,6822,34,6856
68,6863,43,6906
69,7239,3,7242
70,7300,9,7309
71,7563,2,7565
72,7614,5,7619
73,7746,37,7783
74,7894,6,7900
75,7951,46,7997
76,8057,1,8058
77,8068,14,8082
78,8102,6,8108
79,8259,9,8268
80,8470,16,8486
81,8591,17,8608
82,8651,9,8660
83,8759,9,8768
84,8790,6,8796
85,8870,70,8940
86,8963,32,8995
87,9014,14,9028
88,9085,4,9089
89,9277,27,9304
90,9493,16,9509
91,9520,34,9554
92,9630,11,9641
93,9674,9,9683
94,9927,3,9930
95,9985,24,10009
96,10206,7,10213
97,10432,3,10435
98,10536,13,10549
99,11188,81,11269
100,11300,48,11348
101,11378,26,11404
102,11481,15,11496
103,11580,9,11589
104,11648,51,11699
105,11806,5,11811
106,11838,14,11852
107,11860,24,11884
108,11900,10,11910
109,11960,1,11961
110,11977,8,11985
111,12032,4,12036
112,12259,39,12298
113,12703,22,12725
114,12942,12,12954
115,13103,30,13133
116,13185,22,13207
117,13337,18,13355
118,13375,8,13383
119,13392,13,13405
120,13545,1,13546
121,13656,11,13667
122,13697,13,13710
123,13793,18,13811
124,13942,23,13965
125,14132,4,14136
126,14370,28,14398
127,14764,11,14775
128,14814,12,14826
129,14914,4,14918
130,15096,14,15110
131,15156,4,15160
132,15176,20,15196
133,15211,29,15240
134,15383,12,15395
135,15472,8,15480
136,15550,36,15586
137,15911,1,15912
138,15950,34,15984
139,15988,11,15999
140,16027,9,16036
141,16063,4,16067
142,16104,2,16106
143,16141,8,16149
144,16182,4,16186
145,16223,18,16241
146,16485,7,16492
147,16671,4,16675
148,16690,5,16695
149,16876,40,16916
150,17009,33,17042
151,17180,51,17231
152,17233,12,17245
153,17250,26,17276
154,17277,8,17285
155,17378,11,17389
156,17629,32,17661
157,17759,32,17791
158,18036,19,18055
159,18205,10,18215
160,18259,11,18270
161,18282,13,18295
162,18387,46,18433
163,18553,6,18559
164,18675,31,18706
165,19099,8,19107
166,19124,5,19129
167,19158,2,19160
168,19161,9,19170
169,19195,74,19269
170,19753,6,19759
171,19856,42,19898
172,19923,27,19950
173,19993,31,20024
174,20026,10,20036
175,20084,19,20103
176,20109,2,20111
177,20143,8,20151
178,20206,17,20223
179,20225,4,20229
180,20243,18,20261
181,20670,37,20707
182,20754,24,20778
183,20882,16,20898
184,20908,11,20919
185,20978,3,20981
186,21016,24,21040
187,21106,7,21113
188,21241,28,21269
189,21347,24,21371
190,21499,11,21510
191,21511,8,21519
192,21581,1,21582
193,21620,1,21621
194,21750,39,21789
195,21993,17,22010
196,22047,44,22091
197,22184,2,22186
198,22204,36,22240
199,22241,22,22263
200,22269,4,22273
201,22344,39,22383
202,22505,1,22506
203,22513,1,22514
204,22555,16,22571
205,22666,7,22673
206,22845,12,22857
207,23086,14,23100
208,23289,9,23298
209,23359,10,23369
210,23431,2,23433
211,23449,12,23461
212,23462,31,23493
213,23624,6,23630
214,23651,29,23680
215,24106,16,24122
216,24348,1,24349
217,24419,26,24445
218,24539,5,24544
219,24591,40,24631
220,24644,4,24648
221,24649,21,24670
222,24689,24,24713
223,25009,33,25042
224,25108,43,25151
225,25237,9,25246
226,25268,4,25272
227,25335,20,25355
228,25438,15,25453
229,25468,4,25472
230,25556,9,25565
231,25575,7,25582
232,25658,7,25665
233,25681,20,25701
234,25851,19,25870
235,25911,4,25915
236,26057,20,26077
237,26135,11,26146
238,26180,46,26226
239,26261,11,26272
240,26287,13,26300
241,26315,16,26331
242,26602,16,26618
243,26670,20,26690
244,26701,58,26759
245,26859,29,26888
246,26901,3,26904
247,26930,17,26947
248,27104,7,27111
249,27274,35,27309
250,27423,42,27465
251,27773,42,27815
252,27834,5,27839
253,27926,14,27940
254,27974,16,27990
255,28163,71,28234
256,28253,22,28275
257,28409,7,28416
258,28561,12,28573
259,28595,3,28598
260,28604,6,28610
261,28718,1,28719
262,28785,31,28816
263,29169,8,29177
264,29195,28,29223
265,29278,20,29298
266,29547,5,29552
267,29563,23,29586
268,29751,20,29771
269,29776,10,29786
270,29796,3,29799
271,29873,18,29891
272,30014,26,30040
273,30052,33,30085
274,30141,10,30151
275,30312,5,30317
276,30358,10,30368
277,30397,8,30405
278,30514,14,30528
279,30571,9,30580
280,30588,9,30597
281,30685,26,30711
282,30736,12,30748
283,30943,28,30971
284,31094,15,31109
285,31180,18,31198
286,31341,61,31402
287,31471,9,31480
288,31544,21,31565
289,31575,25,31600
290,31641,18,31659
291,31825,12,31837
292,31910,2,31912
293,32053,21,32074
294,32291,18,32309
295,32492,27,32519
296,32748,15,32763
297,32944,2,32946
298,33456,4,33460
299,33608,10,33618
300,33653,7,33660
301,33707,27,33734
302,33759,7,33766
303,33858,21,33879
304,33933,38,33971
305,33977,32,34009
306,34120,34,34154
307,34184,18,34202
308,34326,16,34342
309,34400,21,34421
310,34499,6,34505
311,34707,11,34718
312,34739,13,34752
313,34756,8,34764
314,34770,41,34811
315,34955,40,34995
316,35015,190,35205
317,35300,92,35392
318,35448,10,35458
319,35523,1,35524
320,35606,4,35610
321,35696,10,35706
322,35882,28,35910
323,36051,26,36077
324,36196,17,36213
325,36335,16,36351
326,36400,2,36402
327,36613,16,36629
328,36724,14,36738
329,36785,31,36816
330,36974,15,36989
331,37122,17,37139
332,37250,49,37299
333,37316,7,37323
334,37418,18,37436
335,37668,24,37692
336,37795,24,37819
337,37828,2,37830
338,37898,13,37911
339,38004,35,38039
340,38054,25,38079
341,38110,70,38180
342,38243,11,38254
343,38320,54,38374
344,38474,9,38483
345,38485,2,38487
346,38537,10,38547
347,38648,4,38652
348,38839,13,38852
349,39117,12,39129
350,39220,5,39225
351,39301,32,39333
352,39361,9,39370
353,39438,28,39466
354,39526,16,39542
355,39563,4,39567
356,39598,24,39622
357,39659,13,39672
358,39828,36,39864
359,39926,7,39933
360,39941,1,39942
361,40087,9,40096
362,40238,7,40245
363,40384,7,40391
364,40412,68,40480
365,40483,22,40505
366,40520,17,40537
367,40589,18,40607
368,40614,11,40625
369,40707,17,40724
370,40793,15,40808
371,40825,5,40830
372,40855,1,40856
373,40873,24,40897
374,40923,2,40925
375,40964,7,40971
376,41020,8,41028
377,41254,17,41271
378,41289,22,41311
379,41485,18,41503
380,41708,32,41740
381,41811,57,41868
382,41886,57,41943
383,42147,71,42218
384,42316,13,42329
385,42366,6,42372
386,42434,30,42464
387,42480,12,42492
388,42519,25,42544
389,42612,9,42621
390,42661,2,42663
391,42673,4,42677
392,42727,17,42744
393,42778,10,42788
394,43470,12,43482
395,43674,11,43685
396,43799,38,43837
397,43865,19,43884
398,43939,24,43963
399,44006,10,44016
400,44158,2,44160
401,44203,7,44210
402,44581,11,44592
403,44678,88,44766
404,45191,4,45195
405,45270,16,45286
406,45341,13,45354
407,45357,24,45381
408,45431,5,45436
409,45490,17,45507
410,45846,1,45847
411,45933,36,45969
412,46041,24,46065
413,46205,44,46249
414,46299,10,46309
415,46323,15,46338
416,46462,14,46476
417,46587,1,46588
418,46735,7,46742
419,46915,13,46928
420,46969,36,47005
421,47183,13,47196
422,47424,43,47467
423,47572,35,47607
424,47619,32,47651
425,47784,15,47799
426,47855,10,47865
427,47917,69,47986
428,48032,13,48045
429,48055,15,48070
430,48082,13,48095
431,48141,6,48147
432,48192,9,48201
433,48264,73,48337
434,48389,40,48429
435,48460,9,48469
436,48505,16,48521
437,48528,6,48534
438,48591,42,48633
439,48782,7,48789
440,48805,39,48844
441,48987,7,48994
442,49034,2,49036
443,49146,12,49158
444,49189,4,49193
445,49275,8,49283
446,49499,23,49522
447,49646,8,49654
448,49924,25,49949
449,50006,5,50011
450,50027,36,50063
451,50183,7,50190
452,50207,59,50266
453,50326,6,50332
454,50447,26,50473
455,50754,16,50770
456,50919,1,50920
457,50932,22,50954
458,50968,29,50997
459,51071,9,51080
460,51131,1,51132
461,51374,16,51390
462,51473,21,51494
463,51538,42,51580
464,51620,12,51632
465,51742,46,51788
466,51922,24,51946
467,51957,49,52006
468,52032,19,52051
469,52057,5,52062
470,52085,56,52141
471,52541,56,52597
472,53034,4,53038
473,53041,170,53211
474,53371,25,53396
475,53544,5,53549
476,53642,20,53662
477,53727,36,53763
478,53795,11,53806
479,53959,2,53961
480,54150,3,54153
481,54324,53,54377
482,54469,5,54474
483,54550,1,54551
484,54570,29,54599
485,54881,3,54884
486,54898,4,54902
487,55001,2,55003
488,55090,13,55103
489,55262,19,55281
490,55392,1,55393
491,55524,18,55542
492,55738,3,55741
493,55756,15,55771
494,55892,11,55903
495,55924,5,55929
496,55979,5,55984
497,56038,7,56045
498,56133,36,56169
499,56201,37,56238
500,56356,39,56395
501,56670,1,56671
502,56829,13,56842
503,56863,30,56893
504,56970,13,56983
505,57132,25,57157
506,57194,18,57212
507,57232,15,57247
508,57364,13,57377
509,57415,10,57425
510,57520,11,57531
511,57589,7,57596
512,57642,2,57644
513,57802,2,57804
514,57815,14,57829
515,57868,62,57930
516,57951,20,57971
517,58199,12,58211
518,58272,130,58402
519,58437,9,58446
520,58675,34,58709
521,58753,18,58771
522,58857,1,58858
523,59053,5,59058
524,59166,5,59171
525,59228,1,59229
526,59407,20,59427
527,59470,16,59486
528,59856,29,59885
529,59923,42,59965
530,60122,6,60128
531,60182,55,60237
532,60394,14,60408
533,60417,3,60420
534,60574,6,60580
535,60584,14,60598
536,60640,33,60673
537,60677,15,60692
538,60963,18,60981
539,61006,20,61026
540,61202,23,61225
541,61257,16,61273
542,61278,19,61297
543,61629,4,61633
544,61774,30,61804
545,61997,31,62028
546,62175,19,62194
547,62270,45,62315
548,62430,59,62489
549,62496,5,62501
550,62591,6,62597
551,62598,7,62605
552,62701,19,62720
553,62752,38,62790
554,62911,14,62925
555,62949,25,62974
556,63016,11,63027
557,63093,12,63105
558,63110,15,63125
559,63556,2,63558
560,63671,3,63674
561,63794,48,63842
562,63867,10,63877
563,63895,5,63900
564,64094,7,64101
565,64155,1,64156
566,64278,56,64334
567,64431,30,64461
568,64495,19,64514
569,64548,28,64576
570,64623,21,64644
571,64699,2,64701
572,64923,25,64948
573,65008,1,65009
574,65030,37,65067
575,65218,4,65222
576,65420,2,65422
577,65473,3,65476
578,65523,4,65527
579,65914,25,65939
580,66410,2,66412
581,66439,31,66470
582,66502,68,66570
583,66598,6,66604
584,66634,22,66656
585,66695,36,66731
586,66733,6,66739
587,66836,6,66842
588,66914,3,66917
589,66977,16,66993
590,67205,32,67237
591,67572,4,67576
592,67672,6,67678
593,67769,2,67771
594,67920,1,67921
595,68053,29,68082
596,68242,16,68258
597,68284,27,68311
598,68331,16,68347
599,68367,13,68380
600,68491,18,68509
601,68622,63,68685
602,68694,1,68695
603,68720,2,68722
604,68807,10,68817
605,68983,19,69002
606,69016,29,69045
607,69267,2,69269
608,69354,8,69362
609,69414,55,69469
610,69487,10,69497
611,69504,24,69528
612,69618,10,69628
613,69734,5,69739
614,69769,34,69803
615,69999,21,70020
616,70106,23,70129
617,70256,30,70286
618,70336,4,70340
619,70431,18,70449
620,70460,4,70464
621,70472,3,70475
622,70575,31,70606
623,70750,19,70769
624,70845,21,70866
625,70900,4,70904
626,71112,7,71119
627,71371,20,71391
628,71396,48,71444
629,71801,15,71816
630,71858,1,71859
631,71870,2,71872
632,71904,13,71917
633,72173,11,72184
634,72188,17,72205
635,72283,22,72305
636,72367,55,72422
637,72554,3,72557
638,72574,40,72614
639,72714,52,72766
640,72876,16,72892
641,72955,24,72979
642,73009,15,73024
643,73242,4,73246
644,73264,2,73266
645,73362,87,73449
646,73676,59,73735
647,73792,11,73803
648,74027,27,74054
649,74069,6,74075
650,74518,45,74563
651,74626,12,74638
652,74789,15,74804
653,74855,23,74878
654,75011,4,75015
655,75186,92,75278
656,75505,89,75594
657,75642,2,75644
658,75651,1,75652
659,75663,39,75702
660,75713,24,75737
661,75761,9,75770
662,75943,7,75950
663,76007,12,76019
664,76359,2,76361
665,76578,7,76585
666,76730,59,76789
667,76800,1,76801
668,77008,15,77023
669,77031,7,77038
670,77061,15,77076
671,77133,8,77141
672,77198,7,77205
673,77210,3,77213
674,77283,4,77287
675,77310,1,77311
676,77326,28,77354
677,77481,29,77510
678,77621,72,77693
679,77852,20,77872
680,77878,4,77882
681,77945,29,77974
682,78022,7,78029
683,78034,82,78116
684,78172,5,78177
685,78225,21,78246
686,78322,7,78329
687,78389,2,78391
688,78810,42,78852
689,78895,6,78901
690,78981,62,79043
691,79231,9,79240
692,79378,45,79423
693,79508,27,79535
694,79641,1,79642
695,79687,7,79694
696,79705,5,79710
697,79811,13,79824
698,79934,13,79947
699,80050,35,80085
700,80290,3,80293
701,80298,53,80351
702,80372,19,80391
703,80508,3,80511
704,80613,2,80615
705,80643,4,80647
706,80848,12,80860
707,80904,37,80941
708,81194,26,81220
709,81404,17,81421
710,81548,13,81561
711,81644,1,81645
712,81921,7,81928
713,81998,20,82018
714,82243,14,82257
715,82354,6,82360
716,82565,8,82573
717,82821,8,82829
718,82861,38,82899
719,82924,3,82927
720,83058,39,83097
721,83161,48,83209
722,83336,17,83353
723,83599,45,83644
724,83803,17,83820
725,84202,23,84225
726,84356,18,84374
727,84488,14,84502
728,84547,36,84583
729,84839,27,84866
730,84875,7,84882
731,84883,38,84921
732,84928,31,84959
733,84992,9,85001
734,85037,31,85068
735,85141,51,85192
736,85333,25,85358
737,85415,8,85423
738,85479,4,85483
739,85790,9,85799
740,85895,21,85916
741,85936,8,85944
742,85973,10,85983
743,86091,10,86101
744,86128,13,86141
745,86209,1,86210
746,86293,10,86303
747,86489,13,86502
748,86760,21,86781
749,86938,13,86951
750,87002,60,87062
751,87063,1,87064
752,87097,5,87102
753,87663,4,87667
754,87822,6,87828
755,87961,21,87982
756,87998,8,88006
757,88047,69,88116
758,88119,1,88120
759,88154,78,88232
760,88321,7,88328
761,88376,12,88388
762,88557,4,88561
763,88601,2,88603
764,88753,1,88754
765,88951,2,88953
766,88967,42,89009
767,89118,43,89161
768,89175,29,89204
769,89255,9,89264
770,89271,10,89281
771,89550,1,89551
772,89663,4,89667
773,90024,36,90060
774,90065,17,90082
775,90121,3,90124
776,90334,83,90417
777,90571,35,90606
778,90697,19,90716
779,91168,35,91203
780,91266,47,91313
781,91359,2,91361
782,91406,1,91407
783,91508,16,91524
784,91552,9,91561
785,91697,25,91722
786,91795,17,91812
787,91945,12,91957
788,91999,15,92014
789,92034,7,92041
790,92076,3,92079
791,92131,17,92148
792,92153,2,92155
793,92443,51,92494
794,92723,84,92807
795,92973,4,92977
796,93023,10,93033
797,93143,7,93150
798,93324,32,93356
799,93489,41,93530
800,93577,24,93601
801,93726,27,93753
802,93923,3,93926
803,93980,30,94010
804,94104,5,94109
805,94472,7,94479
806,94527,49,94576
807,94637,38,94675
808,94735,13,94748
809,94794,5,94799
810,94852,24,94876
811,94883,10,94893
812,94898,53,94951
813,94983,17,95000
814,95057,7,95064
815,95103,19,95122
816,95126,7,95133
817,95295,10,95305
818,95311,1,95312
819,95398,24,95422
820,95520,30,95550
821,95566,3,95569
822,95924,2,95926
823,95970,1,95971
824,96095,14,96109
825,96255,9,96264
826,96360,11,96371
827,96431,12,96443
828,96526,5,96531
829,96556,13,96569
830,96851,29,96880
831,96924,1,96925
832,96953,18,96971
833,96997,4,97001
834,97152,3,97155
835,97563,39,97602
836,97663,23,97686
837,97717,16,97733
838,97747,14,97761
839,97774,3,97777
840,97832,68,97900
841,97956,72,98028
842,98169,2,98171
843,98364,30,98394
844,98499,21,98520
845,98543,14,98557
846,98640,4,98644
847,98662,51,98713
848,98774,38,98812
849,98832,44,98876
850,99026,15,99041
851,99273,4,99277
852,99410,5,99415
853,99557,16,99573
854,99596,13,99609
855,99622,3,99625
856,99895,4,99899
857,99932,22,99954
858,99990,9,99999
859,100010,56,100066
860,100194,7,100201
861,100227,57,100284
862,100551,15,100566
863,100668,18,100686
864,100764,25,100789
865,100871,1,100872
866,100981,34,101015
867,101041,5,101046
868,101111,78,101189
869,101228,58,101286
870,101341,26,101367
871,101392,5,101397
872,101634,13,101647
873,101757,16,101773
874,101846,3,101849
875,101914,55,101969
876,102007,46,102053
877,102094,4,102098
878,102266,2,102268
879,102421,1,102422
880,102531,1,102532
881,102583,2,102585
882,102664,16,102680
883,102873,42,102915
884,102961,2,102963
885,102980,19,102999
886,103061,5,103066
887,103082,1,103083
888,103317,43,103360
889,103522,2,103524
890,103604,18,103622
891,103649,17,103666
892,103683,18,103701
893,103832,22,103854
894,103895,3,103898
895,104120,12,104132
896,104184,42,104226
897,104337,2,104339
898,104498,42,104540
899,104761,16,104777
900,104910,7,104917
901,104979,19,104998
902,105030,9,105039
903,105076,4,105080
904,105146,2,105148
905,105214,2,105216
906,105284,6,105290
907,105668,10,105678
908,105692,3,105695
909,106062,8,106070
910,106138,6,106144
911,106147,6,106153
912,106188,2,106190
913,106353,8,106361
914,106391,10,106401
915,106690,17,106707
916,106837,9,106846
917,107101,8,107109
918,107189,2,107191
919,107407,34,107441
920,107455,20,107475
921,107505,42,107547
922,107552,32,107584
923,107691,4,107695
924,107755,48,107803
925,107807,3,107810
926,107909,12,107921
927,108099,12,108111
928,108161,13,108174
929,108223,6,108229
930,108453,17,108470
931,108656,13,108669
932,108800,24,108824
933,108876,12,108888
934,108997,35,109032
935,109111,47,109158
936,109313,3,109316
937,109369,53,109422
938,109516,1,109517
939,109518,18,109536
940,109637,60,109697
941,109880,25,109905
942,109937,2,109939
943,109960,23,109983
944,110037,2,110039
945,110169,24,110193
946,110217,24,110241
947,110255,20,110275
948,110293,22,110315
949,110414,24,110438
950,110609,5,110614
951,110665,78,110743
952,110890,1,110891
953,110912,7,110919
954,111002,17,111019
955,111070,10,111080
956,111183,27,111210
957,111277,20,111297
958,111386,31,111417
959,111494,12,111506
960,111515,19,111534
961,111554,17,111571
962,111606,35,111641
963,111988,41,112029
964,112127,26,112153
965,112234,49,112283
966,112340,21,112361
967,112485,3,112488
968,112524,9,112533
969,112551,9,112560
970,112660,49,112709
971,112893,5,112898
972,112936,12,112948
973,113041,91,113132
974,113250,32,113282
975,113312,30,113342
976,113368,15,113383
977,113655,17,113672
978,113680,78,113758
979,113943,32,113975
980,114016,21,114037
981,114165,4,114169
982,114339,10,114349
983,114567,1,114568
984,114618,103,114721
985,114727,18,114745
986,114775,7,114782
987,114789,5,114794
988,114887,26,114913
989,115068,2,115070
990,115371,19,115390
991,115453,6,115459
992,115467,16,115483
993,115532,40,115572
994,115589,3,115592
995,115650,12,115662
996,115788,4,115792
997,115814,18,115832
998,115838,30,115868
999,115911,26,115937
1000,115991,8,115999
1001,116510,3,116513
1002,116589,3,116592
1003,116603,15,116618
1004,116635,34,116669
1005,116675,11,116686
1006,116699,19,116718
1007,116737,69,116806
1008,116849,3,116852
1009,117131,16,117147
1010,117160,39,117199
1011,117220,8,117228
1012,117267,46,117313
1013,117422,13,117435
1014,117470,29,117499
1015,117594,95,117689
1016,117706,11,117717
1017,117752,52,117804
1018,117868,39,117907
1019,117968,26,117994
1020,118283,45,118328
1021,118420,34,118454
1022,118461,89,118550
1023,118560,31,118591
1024,118807,10,118817
1025,119166,9,119175
1026,119889,24,119913
1027,120064,3,120067
1028,120080,6,120086
1029,120124,79,120203
1030,120278,7,120285
1031,120452,9,120461
1032,120525,18,120543
1033,120559,26,120585
1034,120595,43,120638
1035,120673,8,120681
1036,120726,52,120778
1037,120792,7,120799
1038,120962,30,120992
1039,121038,14,121052
1040,121339,16,121355
1041,121363,21,121384
1042,121473,13,121486
1043,121609,6,121615
1044,121633,32,121665
1045,121719,15,121734
1046,121741,6,121747
1047,121803,46,121849
1048,121893,23,121916
1049,121953,18,121971
1050,121975,9,121984
1051,122085,91,122176
1052,122273,81,122354
1053,122386,11,122397
1054,122460,2,122462
1055,122531,7,122538
1056,122627,5,122632
1057,122641,1,122642
1058,122869,14,122883
1059,122944,9,122953
1060,122990,16,123006
1061,123083,48,123131
1062,123203,16,123219
1063,123228,10,123238
1064,123332,1,123333
1065,123357,39,123396
1066,123558,23,123581
1067,123816,21,123837
1068,123839,11,123850
1069,123936,11,123947
1070,124049,2,124051
1071,124275,17,124292
1072,124301,12,124313
1073,124349,15,124364
1074,124468,31,124499
1075,124526,1,124527
1076,124537,27,124564
1077,124730,26,124756
1078,124847,10,124857
1079,124911,3,124914
1080,124972,8,124980
1081,125060,4,125064
1082,125143,20,125163
1083,125256,14,125270
1084,125654,39,125693
1085,125726,19,125745
1086,125747,1,125748
1087,125886,1,125887
1088,126067,25,126092
1089,126180,5,126185
1090,126418,65,126483
1091,126529,43,126572
1092,126596,19,126615
1093,126627,3,126630
1094,126660,24,126684
1095,126747,7,126754
1096,126757,9,126766
1097,126808,3,126811
1098,126821,16,126837
1099,127030,49,127079
1100,127106,88,127194
1101,127237,47,127284
1102,127319,15,127334
1103,127474,9,127483
1104,127503,2,127505
1105,127514,38,127552
1106,127634,5,127639
1107,127662,31,127693
1108,127776,50,127826
1109,127861,21,127882
1110,128239,34,128273
1111,128289,10,128299
1112,128748,28,128776
1113,128830,5,128835
1114,128962,7,128969
1115,129038,17,129055
1116,129101,12,129113
1117,129199,8,129207
1118,129277,2,129279
1119,129460,4,129464
1120,129474,28,129502
1121,129551,13,129564
1122,129588,2,129590
1123,129635,30,129665
1124,129730,4,129734
1125,129830,46,129876
1126,129949,26,129975
1127,130001,23,130024
1128,130102,13,130115
1129,130200,36,130236
1130,130246,51,130297
1131,130395,164,130559
1132,130583,41,130624
1133,130645,15,130660
1134,130679,16,130695
1135,130820,15,130835
1136,130875,70,130945
1137,131128,23,131151
1138,131313,12,131325
1139,131436,10,131446
1140,131705,9,131714
1141,131851,41,131892
1142,131977,23,132000
1143,132089,59,132148
1144,132156,43,132199
1145,132333,4,132337
1146,132405,16,132421
1147,132482,3,132485
1148,132722,2,132724
1149,132843,66,132909
1150,132971,20,132991
1151,133013,28,133041
1152,133043,19,133062
1153,133129,4,133133
1154,133260,6,133266
1155,133301,1,133302
1156,133407,27,133434
1157,133552,10,133562
1158,133585,28,133613
1159,133835,2,133837
1160,133937,17,133954
1161,133957,13,133970
1162,134029,9,134038
1163,134076,10,134086
1164,134109,9,134118
1165,134128,13,134141
1166,134260,7,134267
1167,134491,23,134514
1168,134531,54,134585
1169,134682,103,134785
1170,134904,9,134913
1171,134940,13,134953
1172,135145,19,135164
1173,135307,1,135308
1174,135440,11,135451
1175,135534,2,135536
1176,135543,23,135566
1177,135571,9,135580
1178,135610,20,135630
1179,135815,28,135843
1180,136044,5,136049
1181,136063,27,136090
1182,136136,13,136149
1183,136366,6,136372
1184,136631,15,136646
1185,136688,46,136734
1186,136740,31,136771
1187,136861,48,136909
1188,136928,20,136948
1189,136954,4,136958
1190,137011,20,137031
1191,137265,56,137321
1192,137442,8,137450
1193,137558,29,137587
1194,137650,45,137695
1195,137796,23,137819
1196,138005,54,138059
1197,138067,1,138068
1198,138127,8,138135
1199,138162,2,138164
1200,138213,30,138243
1201,138467,9,138476
1202,138501,86,138587
1203,138998,9,139007
1204,139069,4,139073
1205,139513,42,139555
1206,139659,11,139670
1207,139703,22,139725
1208,139868,14,139882
1209,139995,2,139997
1210,140024,27,140051
1211,140183,9,140192
1212,140368,8,140376
1213,140388,19,140407
1214,140520,14,140534
1215,140555,1,140556
1216,140717,16,140733
1217,140825,3,140828
1218,140964,20,140984
1219,141049,21,141070
1220,141077,1,141078
1221,141112,12,141124
1222,141214,21,141235
1223,141269,2,141271
1224,141354,24,141378
1225,141443,13,141456
1226,141517,28,141545
1227,141586,25,141611
1228,141969,15,141984
1229,142043,11,142054
1230,142175,46,142221
1231,142228,25,142253
1232,142353,42,142395
1233,142485,10,142495
1234,142616,79,142695
1235,142785,8,142793
1236,142834,7,142841
1237,142997,30,143027
1238,143094,17,143111
1239,143182,22,143204
1240,143208,7,143215
1241,143256,24,143280
1242,143387,17,143404
1243,143489,31,143520
1244,143552,46,143598
1245,143726,26,143752
1246,143780,82,143862
1247,143910,13,143923
1248,143949,3,143952
1249,144039,11,144050
1250,144105,20,144125
1251,144139,4,144143
1252,144179,4,144183
1253,144285,48,144333
1254,144638,34,144672
1255,144877,67,144944
1256,144951,4,144955
1257,144957,7,144964
1258,145003,12,145015
1259,145161,16,145177
1260,145211,6,145217
1261,145238,41,145279
1262,145409,9,145418
1263,145434,29,145463
1264,145735,4,145739
1265,145799,28,145827
1266,145906,10,145916
1267,146124,11,146135
1268,146161,28,146189
1269,146211,74,146285
1270,146368,2,146370
1271,146428,1,146429
1272,146469,34,146503
1273,146543,15,146558
1274,146647,8,146655
1275,146713,10,146723
1276,146951,35,146986
1277,147156,7,147163
1278,147317,3,147320
1279,147373,11,147384
1280,147390,36,147426
1281,147429,18,147447
1282,147576,5,147581
1283,147728,33,147761
1284,148308,9,148317
1285,148432,8,148440
1286,148569,15,148584
1287,148617,4,148621
1288,148804,3,148807
1289,148904,6,148910
1290,149047,19,149066
1291,149249,8,149257
1292,149285,14,149299
1293,149487,7,149494
1294,149789,5,149794
1295,150181,46,150227
1296,150235,5,150240
1297,150246,17,150263
1298,150305,14,150319
1299,150320,10,150330
1300,150348,8,150356
1301,150371,4,150375
1302,150465,6,150471
1303,150608,11,150619
1304,150704,3,150707
1305,150853,8,150861
1306,151344,2,151346
1307,151549,4,151553
1308,151698,4,151702
1309,151820,1,151821
1310,151861,11,151872
1311,151918,7,151925
1312,151943,20,151963
1313,152104,4,152108
1314,152256,5,152261
1315,152294,11,152305
1316,152307,3,152310
1317,152328,5,152333
1318,152346,13,152359
1319,152567,37,152604
1320,152737,23,152760
1321,152787,22,152809
1322,152855,10,152865
1323,152947,17,152964
1324,153108,30,153138
1325,153199,16,153215
1326,153232,8,153240
1327,153291,33,153324
1328,153637,2,153639
1329,153650,13,153663
1330,153725,49,153774
1331,153882,19,153901
1332,153923,12,153935
1333,154032,3,154035
1334,154426,28,154454
1335,154543,12,154555
1336,154642,28,154670
1337,154688,37,154725
1338,154997,14,155011
1339,155167,21,155188
1340,155196,18,155214
1341,155306,180,155486
1342,155580,36,155616
1343,155661,23,155684
1344,155760,33,155793
1345,155899,9,155908
1346,155944,3,155947
1347,156121,45,156166
1348,156215,40,156255
1349,156397,5,156402
1350,156504,5,156509
1351,156562,18,156580
1352,156680,1,156681
1353,156699,3,156702
1354,156914,1,156915
1355,156942,51,156993
1356,157177,48,157225
1357,157259,10,157269
1358,157315,66,157381
1359,157487,8,157495
1360,157967,5,157972
1361,158005,32,158037
1362,158107,58,158165
1363,158190,11,158201
1364,158459,8,158467
1365,158514,4,158518
1366,158643,16,158659
1367,158702,1,158703
1368,158743,1,158744
1369,158813,29,158842
1370,158965,66,159031
1371,159379,26,159405
1372,159417,1,159418
1373,159893,76,159969
1374,160100,2,160102
1375,160236,15,160251
1376,160673,41,160714
1377,160810,5,160815
1378,161018,18,161036
1379,161324,47,161371
1380,161658,19,161677
1381,161724,54,161778
1382,161792,3,161795
1383,162036,22,162058
1384,162099,12,162111
1385,162333,3,162336
1386,162521,7,162528
1387,162556,31,162587
1388,162631,32,162663
1389,162681,10,162691
1390,162972,23,162995
1391,163094,2,163096
1392,163321,14,163335
1393,163451,27,163478
1394,163864,9,163873
1395,163925,21,163946
1396,164088,11,164099
1397,164156,50,164206
1398,164234,6,164240
1399,164337,10,164347
1400,164505,23,164528
1401,164535,16,164551
1402,164618,19,164637
1403,164848,26,164874
1404,164993,2,164995
1405,165405,5,165410
1406,165499,16,165515
1407,165522,38,165560
1408,165831,15,165846
1409,166057,11,166068
1410,166244,6,166250
1411,166263,31,166294
1412,166520,4,166524
1413,166632,23,166655
1414,166848,81,166929
1415,166989,8,166997
1416,166999,24,167023
1417,167121,64,167185
1418,167251,1,167252
1419,167285,5,167290
1420,167331,11,167342
1421,167378,4,167382
1422,167659,1,167660
1423,167908,8,167916
1424,168073,8,168081
1425,168108,27,168135
1426,168169,14,168183
1427,168324,19,168343
1428,168355,12,168367
1429,168724,6,168730
1430,168760,41,168801
1431,168847,7,168854
1432,168932,26,168958
1433,169000,36,169036
1434,169331,95,169426
1435,169451,1,169452
1436,169531,3,169534
1437,169612,15,169627
1438,169827,18,169845
1439,169849,20,169869
1440,169874,18,169892
1441,169944,5,169949
1442,170001,88,170089
1443,170118,14,170132
1444,170272,42,170314
1445,170451,5,170456
1446,170668,4,170672
1447,170760,20,170780
1448,171123,51,171174
1449,171265,26,171291
1450,171396,20,171416
1451,171426,1,171427
1452,171429,14,171443
1453,171571,10,171581
1454,171818,22,171840
1455,171913,16,171929
1456,171970,22,171992
1457,172028,14,172042
1458,172264,21,172285
1459,172290,3,172293
1460,172319,1,172320
1461,172357,23,172380
1462,172423,49,172472
1463,172488,47,172535
1464,172824,16,172840
1465,172860,12,172872
1466,172993,33,173026
1467,173148,1,173149
1468,173250,17,173267
1469,173602,46,173648
1470,173656,18,173674
1471,173916,21,173937
1472,173956,22,173978
1473,174021,33,174054
1474,174159,37,174196
1475,174218,42,174260
1476,174432,25,174457
1477,174473,9,174482
1478,174505,56,174561
1479,174797,22,174819
1480,174831,32,174863
1481,174895,66,174961
1482,174983,23,175006
1483,175045,82,175127
1484,175244,7,175251
1485,175320,192,175512
1486,175657,13,175670
1487,175939,31,175970
1488,175975,11,175986
1489,176221,5,176226
1490,176430,12,176442
1491,176594,30,176624
1492,176630,1,176631
1493,176657,35,176692
1494,176864,20,176884
1495,176931,44,176975
1496,177068,7,177075
1497,177224,28,177252
1498,177323,89,177412
1499,177568,12,177580
1500,177633,13,177646
1501,177799,9,177808
1502,178019,6,178025
1503,178110,60,178170
1504,178271,20,178291
1505,178380,25,178405
1506,178500,19,178519
1507,178610,23,178633
1508,178658,9,178667
1509,178694,10,178704
1510,178746,64,178810
1511,178855,1,178856
1512,178915,7,178922
1513,178995,10,179005
1514,179008,6,179014
1515,179187,4,179191
1516,179208,33,179241
1517,179346,21,179367
1518,179369,31,179400
1519,179850,12,179862
1520,179988,41,180029
1521,180062,48,180110
1522,180163,37,180200
1523,180218,4,180222
1524,180928,30,180958
1525,180980,8,180988
1526,181207,22,181229
1527,181522,23,181545
1528,181650,11,181661
1529,181704,8,181712
1530,181808,29,181837
1531,182215,8,182223
1532,182321,26,182347
1533,182410,9,182419
1534,182864,1,182865
1535,182889,31,182920
1536,182930,8,182938
1537,183017,16,183033
1538,183063,23,183086
1539,183296,52,183348
1540,183358,17,183375
1541,183395,96,183491
1542,183697,33,183730
1543,183985,7,183992
1544,184044,41,184085
1545,184090,6,184096
1546,184303,20,184323
1547,184325,13,184338
1548,184673,20,184693
1549,184743,30,184773
1550,184856,10,184866
1551,185040,4,185044
1552,185111,9,185120
1553,185182,26,185208
1554,185267,29,185296
1555,185298,25,185323
1556,185333,12,185345
1557,185473,19,185492
1558,185689,28,185717
1559,185744,20,185764
1560,185814,11,185825
1561,185854,15,185869
1562,185913,17,185930
1563,186126,12,186138
1564,186178,8,186186
1565,186202,59,186261
1566,186303,6,186309
1567,186528,2,186530
1568,186588,7,186595
1569,186747,7,186754
1570,186769,6,186775
1571,186882,41,186923
1572,187496,2,187498
1573,187547,51,187598
1574,187693,28,187721
1575,187895,11,187906
1576,188024,2,188026
1577,188146,7,188153
1578,188176,6,188182
1579,188219,5,188224
1580,188275,6,188281
1581,188328,11,188339
1582,188389,42,188431
1583,188465,33,188498
1584,188550,2,188552
1585,188624,2,188626
1586,188735,25,188760
1587,188767,31,188798
1588,188875,6,188881
1589,189217,54,189271
1590,189313,1,189314
1591,189320,7,189327
1592,189363,5,189368
1593,189411,2,189413
1594,189434,19,189453
1595,189470,12,189482
1596,189606,1,189607
1597,189682,20,189702
1598,189957,5,189962
1599,190001,21,190022
1600,190035,45,190080
1601,190170,7,190177
1602,190239,6,190245
1603,190402,13,190415
1604,190481,19,190500
1605,190530,11,190541
1606,190543,12,190555
1607,190569,22,190591
1608,190697,4,190701
1609,190707,13,190720
1610,190930,13,190943
1611,191037,27,191064
1612,191078,28,191106
1613,191320,39,191359
1614,191381,33,191414
1615,191432,14,191446
1616,191449,1,191450
1617,191473,13,191486
1618,191548,1,191549
1619,191616,19,191635
1620,191680,17,191697
1621,191707,18,191725
1622,191807,7,191814
1623,191815,1,191816
1624,191882,8,191890
1625,191963,3,191966
1626,192146,14,192160
1627,192348,6,192354
1628,192458,6,192464
1629,192661,19,192680
1630,192719,14,192733
1631,192863,6,192869
1632,193033,52,193085
1633,193366,2,193368
1634,193431,1,193432
1635,193441,6,193447
1636,193599,4,193603
1637,193741,7,193748
1638,193869,3,193872
1639,193955,18,193973
1640,194040,16,194056
1641,194061,11,194072
1642,194264,35,194299
1643,194409,36,194445
1644,194451,39,194490
1645,194548,6,194554
1646,194638,3,194641
1647,194684,28,194712
1648,194785,4,194789
1649,194795,34,194829
1650,194992,23,195015
1651,195046,85,195131
1652,195276,14,195290
1653,195477,57,195534
1654,195581,7,195588
1655,195887,14,195901
1656,195907,14,195921
1657,195950,37,195987
1658,196022,37,196059
1659,196147,20,196167
1660,196203,18,196221
1661,196261,20,196281
1662,196289,5,196294
1663,196437,11,196448
1664,196547,17,196564
1665,196623,30,196653
1666,196753,18,196771
1667,196781,22,196803
1668,196812,3,196815
1669,196879,1,196880
1670,196971,13,196984
1671,196999,2,197001
1672,197267,53,197320
1673,197415,16,197431
1674,197494,21,197515
1675,197525,14,197539
1676,197552,27,197579
1677,197699,7,197706
1678,197819,14,197833
1679,197934,15,197949
1680,198191,20,198211
1681,198241,7,198248
1682,198371,28,198399
1683,198443,13,198456
1684,198514,15,198529
1685,198879,23,198902
1686,199104,36,199140
1687,199370,38,199408
1688,199444,17,199461
1689,199508,3,199511
1690,199513,3,199516
1691,199554,26,199580
1692,199646,62,199708
1693,199909,9,199918
1694,200113,18,200131
1695,200289,6,200295
1696,200323,60,200383
1697,200449,8,200457
1698,200566,22,200588
1699,200638,28,200666
1700,200708,5,200713
1701,200739,17,200756
1702,200819,52,200871
1703,200908,10,200918
1704,201065,2,201067
1705,201107,4,201111
1706,201121,1,201122
1707,201223,8,201231
1708,201283,42,201325
1709,201338,24,201362
1710,201423,14,201437
1711,201483,4,201487
1712,201578,3,201581
1713,201911,10,201921
1714,202017,7,202024
1715,202118,46,202164
1716,202184,2,202186
1717,202212,3,202215
1718,202266,11,202277
1719,202314,18,202332
1720,202354,11,202365
1721,202495,72,202567
1722,202664,56,202720
1723,202799,4,202803
1724,202966,3,202969
1725,203077,2,203079
1726,203167,88,203255
1727,203380,20,203400
1728,203422,10,203432
1729,203541,59,203600
1730,203699,24,203723
1731,203751,22,203773
1732,203821,92,203913
1733,203988,35,204023
1734,204052,2,204054
1735,204090,37,204127
1736,204199,26,204225
1737,204313,21,204334
1738,204355,42,204397
1739,204591,20,204611
1740,204688,4,204692
1741,204750,34,204784
1742,204805,24,204829
1743,204855,28,204883
1744,204972,2,204974
1745,205081,12,205093
1746,205289,7,205296
1747,205346,39,205385
1748,205461,2,205463
1749,205514,4,205518
1750,205591,36,205627
1751,205853,62,205915
1752,205923,10,205933
1753,206196,47,206243
1754,206446,35,206481
1755,206528,19,206547
1756,206584,24,206608
1757,206860,21,206881
1758,207208,21,207229
1759,207311,1,207312
1760,207314,13,207327
1761,207367,8,207375
1762,207478,6,207484
1763,207758,3,207761
1764,207840,5,207845
1765,207859,27,207886
1766,207916,40,207956
1767,207984,65,208049
1768,208242,5,208247
1769,208261,10,208271
1770,208427,58,208485
1771,208632,36,208668
1772,208685,29,208714
1773,208824,8,208832
1774,209247,13,209260
1775,209292,16,209308
1776,209340,3,209343
1777,209455,21,209476
1778,209591,4,209595
1779,209776,17,209793
1780,209824,31,209855
1781,209930,59,209989
1782,210390,35,210425
1783,210627,8,210635
1784,210670,4,210674
1785,210900,12,210912
1786,210919,3,210922
1787,211028,29,211057
1788,211134,11,211145
1789,211451,40,211491
1790,211526,10,211536
1791,211632,1,211633
1792,211677,7,211684
1793,211761,23,211784
1794,211829,11,211840
1795,212022,24,212046
1796,212088,130,212218
1797,212328,9,212337
1798,212434,23,212457
1799,212588,9,212597
1800,212631,2,212633
1801,212748,57,212805
1802,212811,16,212827
1803,212856,11,212867
1804,213035,15,213050
1805,213104,18,213122
1806,213223,33,213256
1807,213359,9,213368
1808,213467,45,213512
1809,213544,2,213546
1810,213584,32,213616
1811,213784,32,213816
1812,213824,10,213834
1813,213937,4,213941
1814,213968,7,213975
1815,214096,46,214142
1816,214253,14,214267
1817,214303,62,214365
1818,214818,9,214827
1819,214917,12,214929
1820,215091,20,215111
1821,215446,1,215447
1822,215586,1,215587
1823,215687,6,215693
1824,215734,74,215808
1825,215842,27,215869
1826,215905,2,215907
1827,215982,21,216003
1828,216019,16,216035
1829,216198,17,216215
1830,216248,17,216265
1831,216289,4,216293
1832,216322,5,216327
1833,216381,20,216401
1834,216519,31,216550
1835,216627,6,216633
1836,216671,16,216687
1837,216738,10,216748
1838,217011,20,217031
1839,217143,18,217161
1840,217268,26,217294
1841,217364,2,217366
1842,217397,19,217416
1843,217507,26,217533
1844,217546,30,217576
1845,217818,40,217858
1846,218092,21,218113
1847,218143,1,218144
1848,218621,10,218631
1849,218828,19,218847
1850,218931,20,218951
1851,219131,13,219144
1852,219150,3,219153
1853,219207,2,219209
1854,219263,19,219282
1855,219349,35,219384
1856,219538,5,219543
1857,219828,24,219852
1858,219872,2,219874
1859,219902,16,219918
1860,220255,15,220270
1861,220306,3,220309
1862,220429,16,220445
1863,220452,2,220454
1864,220458,10,220468
1865,220586,2,220588
1866,220612,13,220625
1867,220693,17,220710
1868,220734,2,220736
1869,220769,10,220779
1870,220852,19,220871
1871,220979,31,221010
1872,221071,8,221079
1873,221203,15,221218
1874,221459,8,221467
1875,221558,17,221575
1876,221739,13,221752
1877,221800,10,221810
1878,221832,8,221840
1879,221853,33,221886
1880,221930,12,221942
1881,221997,15,222012
1882,222142,31,222173
1883,222203,2,222205
1884,222225,11,222236
1885,222608,20,222628
1886,222752,16,222768
1887,222832,28,222860
1888,222869,10,222879
1889,223057,3,223060
1890,223113,13,223126
1891,223261,2,223263
1892,223422,30,223452
1893,223478,29,223507
1894,223519,9,223528
1895,223736,2,223738
1896,223944,26,223970
1897,224133,10,224143
1898,224217,13,224230
1899,224406,5,224411
1900,224517,17,224534
1901,224840,56,224896
1902,224985,46,225031
1903,225038,1,225039
1904,225092,4,225096
1905,225127,12,225139
1906,225190,12,225202
1907,225226,5,225231
1908,225252,4,225256
1909,225519,33,225552
1910,225834,48,225882
1911,226013,1,226014
1912,226040,2,226042
1913,226208,33,226241
1914,226292,52,226344
1915,226436,61,226497
1916,226513,32,226545
1917,226547,21,226568
1918,226761,6,226767
1919,226889,13,226902
1920,226991,31,227022
1921,227110,6,227116
1922,227495,46,227541
1923,227553,40,227593
1924,227684,9,227693
1925,228155,18,228173
1926,228215,3,228218
1927,228260,22,228282
1928,228308,2,228310
1929,228374,78,228452
1930,228484,6,228490
1931,228569,7,228576
1932,228600,6,228606
1933,228679,3,228682
1934,228704,13,228717
1935,229099,65,229164
1936,229299,5,229304
1937,229335,7,229342
1938,229348,33,229381
1939,229423,1,229424
1940,229461,16,229477
1941,229909,51,229960
1942,230045,10,230055
1943,230140,15,230155
1944,230322,8,230330
1945,230425,4,230429
1946,230438,11,230449
1947,230548,11,230559
1948,231226,9,231235
1949,231289,6,231295
1950,231553,63,231616
1951,231633,4,231637
1952,231638,32,231670
1953,231684,14,231698
1954,231812,38,231850
1955,231891,5,231896
1956,231955,4,231959
1957,232018,42,232060
1958,232113,20,232133
1959,232296,13,232309
1960,232359,7,232366
1961,232389,39,232428
1962,232523,9,232532
1963,232671,14,232685
1964,233019,4,233023
1965,233097,9,233106
1966,233183,2,233185
1967,233277,10,233287
1968,233316,31,233347
1969,233402,14,233416
1970,233492,19,233511
1971,233585,31,233616
1972,233617,18,233635
1973,233862,19,233881
1974,234123,6,234129
1975,234296,25,234321
1976,234327,8,234335
1977,234385,13,234398
1978,234526,1,234527
1979,234658,33,234691
1980,234856,12,234868
1981,234920,9,234929
1982,234961,6,234967
1983,235012,5,235017
1984,235043,11,235054
1985,235204,33,235237
1986,235311,17,235328
1987,235401,17,235418
1988,235658,5,235663
1989,235943,26,235969
1990,236285,97,236382
1991,236389,87,236476
1992,236578,8,236586
1993,236620,3,236623
1994,236638,25,236663
1995,236728,3,236731
1996,236809,18,236827
1997,236828,15,236843
1998,237015,22,237037
1999,237101,2,237103
2000,237302,1,237303
2001,237347,8,237355
2002,237522,17,237539
2003,237758,17,237775
2004,237790,8,237798
2005,237804,6,237810
2006,238024,34,238058
2007,238132,4,238136
2008,238347,43,238390
2009,238414,6,238420
2010,238442,25,238467
2011,238557,13,238570
2012,238583,10,238593
2013,238680,12,238692
2014,238801,4,238805
2015,238862,68,238930
2016,239146,52,239198
2017,239245,18,239263
2018,239416,4,239420
2019,239515,10,239525
2020,239657,38,239695
2021,239809,35,239844
2022,239913,1,239914
2023,239931,49,239980
2024,240140,57,240197
2025,240199,20,240219
2026,240236,63,240299
2027,240308,68,240376
2028,240510,28,240538
2029,240545,19,240564
2030,240572,16,240588
2031,240617,6,240623
2032,240916,46,240962
2033,241030,60,241090
2034,241174,34,241208
2035,241216,47,241263
2036,241305,38,241343
2037,241344,3,241347
2038,241354,3,241357
2039,241766,28,241794
2040,241850,15,241865
2041,241904,73,241977
2042,242189,1,242190
2043,242242,14,242256
2044,242298,1,242299
2045,242447,2,242449
2046,242491,13,242504
2047,242512,46,242558
2048,242635,4,242639
2049,242739,3,242742
2050,242769,23,242792
2051,242889,13,242902
2052,242951,3,242954
2053,242970,11,242981
2054,243130,9,243139
2055,243196,19,243215
2056,243428,3,243431
2057,243685,24,243709
2058,243738,26,243764
2059,243897,4,243901
2060,243947,46,243993
2061,244103,6,244109
2062,244178,52,244230
2063,244310,2,244312
2064,244649,14,244663
2065,244757,17,244774
2066,244798,48,244846
2067,244884,65,244949
2068,245234,11,245245
2069,245323,27,245350
2070,245403,42,245445
2071,245459,15,245474
2072,245488,13,245501
2073,245505,42,245547
2074,245577,25,245602
2075,245643,10,245653
2076,245892,11,245903
2077,246139,11,246150
2078,246311,36,246347
2079,246348,6,246354
2080,246428,24,246452
2081,246517,26,246543
2082,246571,32,246603
2083,246796,34,246830
2084,247093,29,247122
2085,247148,12,247160
2086,247165,2,247167
2087,247171,20,247191
2088,247450,18,247468
2089,247519,1,247520
2090,247709,3,247712
2091,247799,43,247842
2092,248011,14,248025
2093,248105,13,248118
2094,248125,4,248129
2095,248171,27,248198
2096,248221,44,248265
2097,248277,16,248293
2098,248436,3,248439
2099,248463,11,248474
2100,248724,10,248734
2101,248789,26,248815
2102,248833,13,248846
2103,248910,6,248916
2104,248960,21,248981
2105,249144,28,249172
2106,249279,1,249280
2107,249537,9,249546
2108,249583,51,249634
2109,249653,39,249692
2110,249859,5,249864
2111,249866,62,249928
2112,250120,1,250121
2113,250424,3,250427
2114,250507,55,250562
2115,250587,1,250588
2116,250618,2,250620
2117,250653,91,250744
2118,250772,5,250777
2119,250790,33,250823
2120,250834,67,250901
2121,250914,29,250943
2122,250972,26,250998
2123,251093,8,251101
2124,251145,10,251155
2125,251163,9,251172
2126,251184,3,251187
2127,251206,48,251254
2128,251286,14,251300
2129,251303,11,251314
2130,251330,2,251332
2131,251421,29,251450
2132,251470,79,251549
2133,251652,31,251683
2134,251869,1,251870
2135,251926,46,251972
2136,252127,5,252132
2137,252152,25,252177
2138,252189,20,252209
2139,252218,17,252235
2140,252247,55,252302
2141,252583,32,252615
2142,252638,11,252649
2143,252651,1,252652
2144,252738,3,252741
2145,253209,59,253268
2146,253324,8,253332
2147,253393,10,253403
2148,253473,2,253475
2149,253476,9,253485
2150,253593,15,253608
2151,253645,36,253681
2152,253705,8,253713
2153,253720,11,253731
2154,253822,1,253823
2155,253998,32,254030
2156,254034,5,254039
2157,254267,58,254325
2158,254336,56,254392
2159,254485,19,254504
2160,254522,26,254548
2161,254554,28,254582
2162,254677,9,254686
2163,254735,6,254741
2164,254819,31,254850
2165,254888,16,254904
2166,255171,5,255176
2167,255227,5,255232
2168,255259,21,255280
2169,255292,11,255303
2170,255413,8,255421
2171,255485,67,255552
2172,255673,105,255778
2173,256393,4,256397
2174,256483,16,256499
2175,256529,18,256547
2176,256603,8,256611
2177,256644,4,256648
2178,256674,24,256698
2179,256775,11,256786
2180,256797,5,256802
2181,256808,7,256815
2182,256876,79,256955
2183,257011,17,257028
2184,257512,38,257550
2185,257576,10,257586
2186,257890,8,257898
2187,258010,80,258090
2188,258130,10,258140
2189,258288,57,258345
2190,258390,1,258391
2191,258555,5,258560
2192,258597,9,258606
2193,258634,8,258642
2194,258773,20,258793
2195,258900,20,258920
2196,258991,16,259007
2197,259061,12,259073
2198,259083,16,259099
2199,259155,6,259161
2200,259226,7,259233
2201,259516,18,259534
2202,259690,19,259709
2203,260104,13,260117
2204,260421,3,260424
2205,260434,3,260437
2206,260448,14,260462
2207,260495,11,260506
2208,260623,14,260637
2209,260668,5,260673
2210,260736,10,260746
2211,260770,18,260788
2212,260895,17,260912
2213,261061,50,261111
2214,261174,11,261185
2215,261190,1,261191
2216,261345,7,261352
2217,261371,44,261415
2218,261423,19,261442
2219,261601,2,261603
2220,261716,5,261721
2221,261731,9,261740
2222,261834,40,261874
2223,261904,21,261925
2224,261970,3,261973
2225,262074,1,262075
2226,262275,25,262300
2227,262417,5,262422
2228,262435,8,262443
2229,262456,8,262464
2230,262559,64,262623
2231,262778,6,262784
2232,262853,100,262953
2233,263122,21,263143
2234,263303,108,263411
2235,263464,25,263489
2236,263520,26,263546
2237,263634,15,263649
2238,263688,1,263689
2239,263769,16,263785
2240,264063,2,264065
2241,264078,23,264101
2242,264109,2,264111
2243,264171,18,264189
2244,264357,37,264394
2245,264618,19,264637
2246,264638,82,264720
2247,264768,46,264814
2248,264849,16,264865
2249,264888,42,264930
2250,265184,8,265192
2251,265271,1,265272
2252,265479,8,265487
2253,265493,3,265496
2254,265792,5,265797
2255,265875,33,265908
2256,265943,65,266008
2257,266315,7,266322
2258,266369,15,266384
2259,266663,24,266687
2260,266758,4,266762
2261,266811,19,266830
2262,267061,3,267064
2263,267200,18,267218
2264,267285,37,267322
2265,267368,6,267374
2266,267375,42,267417
2267,267578,1,267579
2268,267777,55,267832
2269,268117,16,268133
2270,268228,60,268288
2271,268381,13,268394
2272,268573,31,268604
2273,268619,35,268654
2274,268690,16,268706
2275,268716,10,268726
2276,268804,21,268825
2277,268921,61,268982
2278,269041,3,269044
2279,269076,4,269080
2280,269252,2,269254
2281,269300,4,269304
2282,269753,20,269773
2283,269939,7,269946
2284,270298,36,270334
2285,270415,20,270435
2286,270466,24,270490
2287,270555,15,270570
2288,270613,37,270650
2289,270746,67,270813
2290,270834,41,270875
2291,270956,67,271023
2292,271151,6,271157
2293,271210,27,271237
2294,271404,2,271406
2295,271438,29,271467
2296,271524,26,271550
2297,271552,8,271560
2298,271592,4,271596
2299,271630,87,271717
2300,271727,13,271740
2301,271965,58,272023
2302,272103,42,272145
2303,272154,14,272168
2304,272186,1,272187
2305,272213,11,272224
2306,272266,33,272299
2307,272329,3,272332
2308,272418,38,272456
2309,272762,10,272772
2310,272796,4,272800
2311,272824,24,272848
2312,272853,10,272863
2313,272867,7,272874
2314,272969,19,272988
2315,273049,22,273071
2316,273232,18,273250
2317,273315,3,273318
2318,273472,4,273476
2319,273553,38,273591
2320,273667,27,273694
2321,273871,2,273873
2322,274048,30,274078
2323,274091,48,274139
2324,274146,3,274149
2325,274156,45,274201
2326,274234,1,274235
2327,274392,5,274397
2328,274420,5,274425
2329,274507,72,274579
2330,274581,46,274627
2331,274876,12,274888
2332,275073,11,275084
2333,275122,15,275137
2334,275404,4,275408
2335,275504,5,275509
2336,275541,25,275566
2337,275823,6,275829
2338,275851,45,275896
2339,275925,24,275949
2340,275971,27,275998
2341,276022,17,276039
2342,276144,18,276162
2343,276204,53,276257
2344,276415,18,276433
2345,276479,113,276592
2346,276600,15,276615
2347,276754,34,276788
2348,276815,7,276822
2349,277140,26,277166
2350,277232,2,277234
2351,277493,23,277516
2352,277614,40,277654
2353,277664,18,277682
2354,277787,15,277802
2355,277854,54,277908
2356,278360,13,278373
2357,278512,11,278523
2358,278545,6,278551
2359,278604,12,278616
2360,278657,2,278659
2361,278726,2,278728
2362,278870,4,278874
2363,278886,5,278891
2364,279108,24,279132
2365,279317,40,279357
2366,279378,1,279379
2367,279439,28,279467
2368,279558,44,279602
2369,279671,15,279686
2370,280002,3,280005
2371,280185,20,280205
2372,280217,1,280218
2373,280249,40,280289
2374,280407,1,280408
2375,280433,4,280437
2376,280459,9,280468
2377,280553,15,280568
2378,280653,12,280665
2379,280681,22,280703
2380,280719,14,280733
2381,280803,57,280860
2382,280988,13,281001
2383,281094,8,281102
2384,281415,4,281419
2385,281423,48,281471
2386,281541,14,281555
2387,281594,5,281599
2388,281936,33,281969
2389,282026,7,282033
2390,282209,28,282237
2391,282371,1,282372
2392,282504,3,282507
2393,282564,3,282567
2394,282621,13,282634
2395,282650,4,282654
2396,282668,4,282672
2397,282954,9,282963
2398,282969,13,282982
2399,283350,12,283362
2400,283417,8,283425
2401,283483,54,283537
2402,283674,20,283694
2403,283718,57,283775
2404,283894,44,283938
2405,284029,58,284087
2406,284125,25,284150
2407,284242,5,284247
2408,284264,102,284366
2409,284429,2,284431
2410,284709,8,284717
2411,284725,4,284729
2412,284742,41,284783
2413,284871,12,284883
2414,284916,23,284939
2415,285087,23,285110
2416,285259,4,285263
2417,285371,1,285372
2418,285930,14,285944
2419,285972,10,285982
2420,285997,30,286027
2421,286040,9,286049
2422,286110,70,286180
2423,286413,52,286465
2424,286511,21,286532
2425,286670,34,286704
2426,286805,76,286881
2427,286906,25,286931
2428,287085,19,287104
2429,287134,59,287193
2430,287326,27,287353
2431,287514,8,287522
2432,287652,3,287655
2433,287709,59,287768
2434,287850,4,287854
2435,287909,3,287912
2436,287920,23,287943
2437,288172,42,288214
2438,288257,3,288260
2439,288398,16,288414
2440,288441,1,288442
2441,288467,30,288497
2442,288509,11,288520
2443,288623,4,288627
2444,288722,53,288775
2445,288944,21,288965
2446,289037,3,289040
2447,289095,16,289111
2448,289112,84,289196
2449,289334,2,289336
2450,289406,64,289470
2451,289558,42,289600
2452,289815,2,289817
2453,289955,66,290021
2454,290044,1,290045
2455,290219,3,290222
2456,290265,91,290356
2457,290402,16,290418
2458,290541,46,290587
2459,290632,1,290633
2460,290653,16,290669
2461,290723,17,290740
2462,290763,23,290786
2463,290826,8,290834
2464,290904,13,290917
2465,290962,19,290981
2466,291077,3,291080
2467,291288,17,291305
2468,291443,3,291446
2469,291517,6,291523
2470,291536,8,291544
2471,291550,89,291639
2472,291828,13,291841
2473,292063,12,292075
2474,292260,4,292264
2475,292398,10,292408
2476,292490,4,292494
2477,292567,4,292571
2478,292807,16,292823
2479,293323,8,293331
2480,293410,24,293434
2481,293512,24,293536
2482,293604,1,293605
2483,293663,1,293664
2484,293901,35,293936
2485,294042,35,294077
2486,294152,17,294169
2487,294255,3,294258
2488,294269,6,294275
2489,294361,62,294423
2490,294424,29,294453
2491,294714,13,294727
2492,294806,29,294835
2493,294871,3,294874
2494,295175,5,295180
2495,295269,4,295273
2496,295303,7,295310
2497,295498,92,295590
2498,295866,7,295873
2499,295898,30,295928
2500,296127,7,296134
2501,296160,4,296164
2502,296328,43,296371
2503,296504,2,296506
2504,296578,1,296579
2505,296631,13,296644
2506,296928,32,296960
2507,297004,1,297005
2508,297056,4,297060
2509,297195,33,297228
2510,297233,19,297252
2511,297310,2,297312
2512,297366,21,297387
2513,297658,12,297670
2514,297888,7,297895
2515,297946,15,297961
2516,298021,15,298036
2517,298137,2,298139
2518,298226,10,298236
2519,298354,60,298414
2520,298723,29,298752
2521,298992,34,299026
2522,299049,1,299050
2523,299309,2,299311
2524,299602,18,299620
2525,299815,33,299848
2526,300229,8,300237
2527,300245,4,300249
2528,300511,61,300572
2529,300624,42,300666
2530,300758,14,300772
2531,300774,18,300792
2532,300810,1,300811
2533,300821,2,300823
2534,300839,24,300863
2535,300943,7,300950
2536,301119,33,301152
2537,301439,11,301450
2538,301504,38,301542
2539,301560,15,301575
2540,301578,9,301587
2541,301774,1,301775
2542,301776,1,301777
2543,301908,10,301918
2544,301939,21,301960
2545,301963,73,302036
2546,302159,3,302162
2547,302167,1,302168
2548,302268,23,302291
2549,302296,2,302298
2550,302446,4,302450
2551,302543,17,302560
2552,302831,9,302840
2553,303023,4,303027
2554,303053,9,303062
2555,303131,27,303158
2556,303373,7,303380
2557,303429,1,303430
2558,303490,1,303491
2559,303597,8,303605
2560,303655,10,303665
2561,303676,1,303677
2562,303823,5,303828
2563,303863,10,303873
2564,304002,13,304015
2565,304021,3,304024
2566,304051,31,304082
2567,304209,36,304245
2568,304327,72,304399
2569,304430,8,304438
2570,304501,14,304515
2571,304590,49,304639
2572,304817,16,304833
2573,304909,20,304929
2574,304996,17,305013
2575,305102,6,305108
2576,305151,16,305167
2577,305491,1,305492
2578,305678,7,305685
2579,305736,17,305753
2580,305775,3,305778
2581,305877,20,305897
2582,306202,40,306242
2583,306248,11,306259
2584,306271,7,306278
2585,306287,2,306289
2586,306491,114,306605
2587,307236,27,307263
2588,307323,39,307362
2589,307516,6,307522
2590,307569,5,307574
2591,307673,9,307682
2592,307692,44,307736
2593,307918,15,307933
2594,308180,1,308181
2595,308311,11,308322
2596,308343,27,308370
2597,308397,9,308406
2598,308436,14,308450
2599,308506,16,308522
2600,308524,2,308526
2601,308559,8,308567
2602,308622,1,308623
2603,308777,1,308778
2604,308826,5,308831
2605,308861,8,308869
2606,308888,13,308901
2607,308902,30,308932
2608,309099,2,309101
2609,309321,9,309330
2610,309387,52,309439
2611,309644,1,309645
2612,309659,10,309669
2613,309702,1,309703
2614,309800,17,309817
2615,309870,37,309907
2616,309917,17,309934
2617,309985,25,310010
2618,310170,16,310186
2619,310479,15,310494
2620,310530,1,310531
2621,310588,41,310629
2622,310764,17,310781
2623,310857,3,310860
2624,310885,95,310980
2625,311035,12,311047
2626,311052,9,311061
2627,311152,5,311157
2628,311226,9,311235
2629,311463,2,311465
2630,311758,14,311772
2631,311860,4,311864
2632,311988,6,311994
2633,312025,5,312030
2634,312050,10,312060
2635,312066,23,312089
2636,312266,18,312284
2637,312575,12,312587
2638,312859,1,312860
2639,312911,3,312914
2640,312932,50,312982
2641,313051,9,313060
2642,313079,33,313112
2643,313130,7,313137
2644,313215,20,313235
2645,313272,46,313318
2646,313374,10,313384
2647,313726,20,313746
2648,313783,18,313801
2649,313974,24,313998
2650,314014,9,314023
2651,314029,3,314032
2652,314080,2,314082
2653,314137,2,314139
2654,314164,5,314169
2655,314253,29,314282
2656,314523,5,314528
2657,314531,4,314535
2658,314576,16,314592
2659,314690,2,314692
2660,314716,9,314725
2661,314807,17,314824
2662,315152,29,315181
2663,315322,71,315393
2664,315454,34,315488
2665,315707,4,315711
2666,315810,39,315849
2667,316022,3,316025
2668,316056,2,316058
2669,316188,1,316189
2670,316224,7,316231
2671,316255,33,316288
2672,316425,28,316453
2673,316484,5,316489
2674,316527,16,316543
2675,316659,30,316689
2676,316958,6,316964
2677,317045,6,317051
2678,317053,3,317056
2679,317138,15,317153
2680,317312,20,317332
2681,317552,18,317570
2682,317622,20,317642
2683,317673,7,317680
2684,317734,40,317774
2685,317786,132,317918
2686,318120,6,318126
2687,318213,8,318221
2688,318226,9,318235
2689,318244,33,318277
2690,318317,36,318353
2691,318357,1,318358
2692,318501,42,318543
2693,318549,6,318555
2694,318746,24,318770
2695,318868,114,318982
2696,319334,7,319341
2697,319359,17,319376
2698,319455,2,319457
2699,319966,11,319977
2700,319986,4,319990
2701,320117,6,320123
2702,320253,44,320297
2703,320299,4,320303
2704,320380,10,320390
2705,320857,12,320869
2706,321032,14,321046
2707,321245,13,321258
2708,321323,36,321359
2709,321456,8,321464
2710,321652,6,321658
2711,321992,4,321996
2712,322204,20,322224
2713,322549,4,322553
2714,322570,59,322629
2715,322643,4,322647
2716,322850,15,322865
2717,322889,7,322896
2718,323047,16,323063
2719,323081,11,323092
2720,323173,5,323178
2721,323226,32,323258
2722,323364,5,323369
2723,323437,49,323486
2724,323633,4,323637
2725,323716,5,323721
2726,323794,5,323799
2727,323827,10,323837
2728,323958,10,323968
2729,324024,34,324058
2730,324147,17,324164
2731,324184,81,324265
2732,324412,34,324446
2733,324567,4,324571
2734,324742,72,324814
2735,324827,12,324839
2736,324973,33,325006
2737,325053,3,325056
2738,325149,14,325163
2739,325384,22,325406
2740,325429,7,325436
2741,325491,6,325497
2742,325821,32,325853
2743,325860,50,325910
2744,326089,62,326151
2745,326157,14,326171
2746,326184,50,326234
2747,326238,1,326239
2748,326253,10,326263
2749,326297,31,326328
2750,326380,32,326412
2751,326549,18,326567
2752,326661,5,326666
2753,326683,1,326684
2754,326732,13,326745
2755,326747,20,326767
2756,326821,10,326831
2757,326862,16,326878
2758,327182,50,327232
2759,327283,1,327284
2760,327366,5,327371
2761,327571,1,327572
2762,327869,4,327873
2763,328005,11,328016
2764,328150,12,328162
2765,328329,1,328330
2766,328487,23,328510
2767,328585,27,328612
2768,328868,23,328891
2769,328942,64,329006
2770,329153,1,329154
2771,329275,5,329280
2772,329290,8,329298
2773,329306,27,329333
2774,329433,11,329444
2775,329457,30,329487
2776,329523,30,329553
2777,329610,33,329643
2778,329932,22,329954
2779,330037,20,330057
2780,330169,13,330182
2781,330390,72,330462
2782,330514,7,330521
2783,330567,6,330573
2784,330667,32,330699
2785,330792,9,330801
2786,330917,76,330993
2787,331118,17,331135
2788,331209,37,331246
2789,331263,14,331277
2790,331357,26,331383
2791,331419,11,331430
2792,331462,39,331501
2793,331559,17,331576
2794,331677,32,331709
2795,331971,19,331990
2796,332197,6,332203
2797,332229,7,332236
2798,332309,19,332328
2799,332392,12,332404
2800,332603,54,332657
2801,332860,25,332885
2802,332887,7,332894
2803,333152,10,333162
2804,333189,15,333204
2805,333211,19,333230
2806,333431,1,333432
2807,333654,27,333681
2808,333755,18,333773
2809,333835,25,333860
2810,333908,47,333955
2811,334035,24,334059
2812,334115,5,334120
2813,334207,17,334224
2814,334510,4,334514
2815,334613,10,334623
2816,334625,9,334634
2817,334767,11,334778
2818,334822,10,334832
2819,334901,30,334931
2820,335237,32,335269
2821,335301,21,335322
2822,335349,34,335383
2823,335418,22,335440
2824,335449,2,335451
2825,335513,5,335518
2826,335582,22,335604
2827,335646,10,335656
2828,335683,24,335707
2829,335732,8,335740
2830,335911,46,335957
2831,336177,12,336189
2832,336202,53,336255
2833,336389,8,336397
2834,336538,2,336540
2835,336606,5,336611
2836,336882,14,336896
2837,337195,2,337197
2838,337210,2,337212
2839,337246,50,337296
2840,337341,23,337364
2841,337406,11,337417
2842,337515,29,337544
2843,337652,7,337659
2844,337877,62,337939
2845,338223,13,338236
2846,338288,9,338297
2847,338553,16,338569
2848,338648,7,338655
2849,338767,54,338821
2850,338880,20,338900
2851,339100,40,339140
2852,339282,85,339367
2853,339434,9,339443
2854,339451,104,339555
2855,339612,51,339663
2856,339700,3,339703
2857,339761,62,339823
2858,339824,41,339865
2859,340007,5,340012
2860,340054,3,340057
2861,340077,31,340108
2862,340184,8,340192
2863,340235,5,340240
2864,340295,1,340296
2865,340333,37,340370
2866,340466,33,340499
2867,340523,86,340609
2868,340630,8,340638
2869,340734,16,340750
2870,340754,4,340758
2871,340844,1,340845
2872,340860,13,340873
2873,340874,32,340906
2874,341084,3,341087
2875,341107,27,341134
2876,341251,33,341284
2877,341426,21,341447
2878,341552,63,341615
2879,341651,1,341652
2880,341840,7,341847
2881,341966,30,341996
2882,342035,15,342050
2883,342075,6,342081
2884,342182,17,342199
2885,342293,11,342304
2886,342330,28,342358
2887,342395,26,342421
2888,342437,5,342442
2889,342510,25,342535
2890,342630,18,342648
2891,342747,67,342814
2892,342896,47,342943
2893,343010,1,343011
2894,343112,17,343129
2895,343307,8,343315
2896,343348,18,343366
2897,343432,27,343459
2898,343737,5,343742
2899,343788,5,343793
2900,343807,94,343901
2901,344074,1,344075
2902,344236,5,344241
2903,344296,29,344325
2904,344365,20,344385
2905,344462,18,344480
2906,344582,33,344615
2907,344809,22,344831
2908,344998,5,345003
2909,345129,67,345196
2910,345324,12,345336
2911,345370,41,345411
2912,345528,44,345572
2913,345619,85,345704
2914,345812,37,345849
2915,345864,1,345865
2916,345940,67,346007
2917,346020,10,346030
2918,346056,4,346060
2919,346315,7,346322
2920,346423,16,346439
2921,346515,52,346567
2922,346574,13,346587
2923,346862,6,346868
2924,346914,4,346918
2925,346920,9,346929
2926,346985,8,346993
2927,346995,2,346997
2928,347533,3,347536
2929,347676,4,347680
2930,347720,30,347750
2931,347798,13,347811
2932,347879,14,347893
2933,347940,12,347952
2934,347986,10,347996
2935,348637,18,348655
2936,348693,12,348705
2937,348909,41,348950
2938,349157,45,349202
2939,349333,11,349344
2940,349440,37,349477
2941,349616,14,349630
2942,349649,1,349650
2943,349834,9,349843
2944,350182,15,350197
2945,350199,28,350227
2946,350239,2,350241
2947,350541,5,350546
2948,350612,6,350618
2949,350927,46,350973
2950,350984,43,351027
2951,351111,12,351123
2952,351308,8,351316
2953,351480,45,351525
2954,351608,18,351626
2955,351739,45,351784
2956,352020,7,352027
2957,352103,21,352124
2958,352272,47,352319
2959,352334,15,352349
2960,352355,4,352359
2961,352401,9,352410
2962,352500,5,352505
2963,352541,2,352543
2964,352647,4,352651
2965,352699,35,352734
2966,352773,37,352810
2967,352823,6,352829
2968,352877,3,352880
2969,352886,21,352907
2970,353013,14,353027
2971,353312,47,353359
2972,353415,2,353417
2973,353573,16,353589
2974,353727,13,353740
2975,353805,76,353881
2976,353898,7,353905
2977,354027,48,354075
2978,354242,11,354253
2979,354358,43,354401
2980,354411,49,354460
2981,354565,5,354570
2982,354581,44,354625
2983,354685,4,354689
2984,354771,12,354783
2985,354841,1,354842
2986,354950,50,355000
2987,355002,14,355016
2988,355245,27,355272
2989,355482,16,355498
2990,355544,9,355553
2991,355573,26,355599
2992,355674,17,355691
2993,355724,12,355736
2994,355819,76,355895
2995,356104,2,356106
2996,356155,1,356156
2997,356187,28,356215
2998,356461,24,356485
2999,356584,5,356589
3000,356745,4,356749
3001,356765,18,356783
3002,356831,20,356851
3003,357009,4,357013
3004,357096,3,357099
3005,357240,44,357284
3006,357347,4,357351
3007,357369,56,357425
3008,357444,3,357447
3009,357450,9,357459
3010,357480,6,357486
3011,357537,33,357570
3012,357851,23,357874
3013,358065,2,358067
3014,358103,2,358105
3015,358281,10,358291
3016,358305,3,358308
3017,358397,16,358413
3018,358479,38,358517
3019,358765,33,358798
3020,358818,3,358821
3021,358901,73,358974
3022,358997,24,359021
3023,359085,1,359086
3024,359222,3,359225
3025,359302,17,359319
3026,359405,12,359417
3027,359665,98,359763
3028,359800,37,359837
3029,359856,84,359940
3030,360032,14,360046
3031,360085,9,360094
3032,360319,13,360332
3033,360358,9,360367
3034,360387,30,360417
3035,360719,30,360749
3036,360807,21,360828
3037,360980,88,361068
3038,361115,17,361132
3039,361367,52,361419
3040,361442,30,361472
3041,361607,61,361668
3042,361671,64,361735
3043,361767,26,361793
3044,361798,67,361865
3045,361889,29,361918
3046,361961,7,361968
3047,362018,48,362066
3048,362112,24,362136
3049,362300,74,362374
3050,362449,23,362472
3051,362536,9,362545
3052,362572,3,362575
3053,362677,36,362713
3054,362892,36,362928
3055,363073,3,363076
3056,363217,8,363225
3057,363378,20,363398
3058,363710,16,363726
3059,364036,28,364064
3060,364174,2,364176
3061,364288,42,364330
3062,364370,3,364373
3063,364531,5,364536
3064,364772,3,364775
3065,365363,17,365380
3066,365598,9,365607
3067,365614,5,365619
3068,365854,2,365856
3069,365922,19,365941
3070,365945,47,365992
3071,365993,10,366003
3072,366508,14,366522
3073,366554,10,366564
3074,366611,9,366620
3075,366689,7,366696
3076,366819,5,366824
3077,366990,8,366998
3078,367064,48,367112
3079,367196,2,367198
3080,367367,1,367368
3081,367546,56,367602
3082,367667,30,367697
3083,368032,18,368050
3084,368325,37,368362
3085,368490,9,368499
3086,368542,13,368555
3087,368881,11,368892
3088,368932,9,368941
3089,368990,6,368996
3090,369106,3,369109
3091,369209,9,369218
3092,369302,5,369307
3093,369478,6,369484
3094,369847,5,369852
3095,369886,8,369894
3096,369920,1,369921
3097,370179,12,370191
3098,370416,54,370470
3099,370509,8,370517
3100,370633,4,370637
3101,370709,9,370718
3102,371055,5,371060
3103,371588,19,371607
3104,371688,37,371725
3105,371756,30,371786
3106,371845,13,371858
3107,371940,17,371957
3108,371974,19,371993
3109,372032,15,372047
3110,372091,3,372094
3111,372197,3,372200
3112,372232,16,372248
3113,372280,13,372293
3114,372397,5,372402
3115,372407,1,372408
3116,372658,15,372673
3117,372707,20,372727
3118,372926,19,372945
3119,372990,58,373048
3120,373059,4,373063
3121,373174,13,373187
3122,373207,42,373249
3123,373299,73,373372
3124,373416,57,373473
3125,373543,69,373612
3126,373657,3,373660
3127,373720,17,373737
3128,373744,3,373747
3129,373767,7,373774
3130,373829,13,373842
3131,373862,32,373894
3132,373916,11,373927
3133,373971,38,374009
3134,374029,16,374045
3135,374055,52,374107
3136,374118,21,374139
3137,374158,11,374169
3138,374240,4,374244
3139,374270,20,374290
3140,374336,2,374338
3141,374434,8,374442
3142,374727,6,374733
3143,374766,9,374775
3144,374888,3,374891
3145,374963,6,374969
3146,375072,20,375092
3147,375318,1,375319
3148,375324,10,375334
3149,375409,79,375488
3150,375528,56,375584
3151,375700,7,375707
3152,375801,7,375808
3153,375830,15,375845
3154,375865,5,375870
3155,375967,29,375996
3156,376020,1,376021
3157,376077,30,376107
3158,376176,11,376187
3159,376202,23,376225
3160,376427,43,376470
3161,376562,29,376591
3162,376610,12,376622
3163,376645,7,376652
3164,376689,12,376701
3165,376912,3,376915
3166,376936,10,376946
3167,376960,3,376963
3168,377056,7,377063
3169,377111,27,377138
3170,377551,10,377561
3171,377695,1,377696
3172,377744,2,377746
3173,377820,2,377822
3174,378036,1,378037
3175,378243,36,378279
3176,378324,7,378331
3177,378349,28,378377
3178,378631,8,378639
3179,378955,13,378968
3180,379091,28,379119
3181,379230,42,379272
3182,379348,35,379383
3183,379945,131,380076
3184,380099,10,380109
3185,380129,15,380144
3186,380161,23,380184
3187,380199,1,380200
3188,380371,19,380390
3189,380432,22,380454
3190,380504,76,380580
3191,380669,8,380677
3192,380688,1,380689
3193,380701,9,380710
3194,380837,15,380852
3195,381041,49,381090
3196,381119,63,381182
3197,381188,6,381194
3198,381374,14,381388
3199,381461,6,381467
3200,381502,16,381518
3201,381623,50,381673
3202,381721,23,381744
3203,381950,43,381993
3204,382027,26,382053
3205,382324,8,382332
3206,382350,29,382379
3207,382509,33,382542
3208,382555,15,382570
3209,382768,19,382787
3210,382844,32,382876
3211,382878,64,382942
3212,382966,7,382973
3213,383087,57,383144
3214,383231,16,383247
3215,383342,2,383344
3216,383402,30,383432
3217,383489,14,383503
3218,383553,8,383561
3219,383625,4,383629
3220,383764,15,383779
3221,383868,38,383906
3222,383992,24,384016
3223,384070,32,384102
3224,384170,23,384193
3225,384541,12,384553
3226,384558,22,384580
3227,384943,100,385043
3228,385103,35,385138
3229,385176,3,385179
3230,385195,15,385210
3231,385410,76,385486
3232,385562,6,385568
3233,385624,52,385676
3234,385714,19,385733
3235,385846,4,385850
3236,385884,5,385889
3237,386113,18,386131
3238,386145,10,386155
3239,386322,32,386354
3240,386498,14,386512
3241,386670,13,386683
3242,386869,5,386874
3243,387116,84,387200
3244,387352,3,387355
3245,387374,7,387381
3246,387387,3,387390
3247,387430,17,387447
3248,387452,3,387455
3249,388041,1,388042
3250,388118,51,388169
3251,388196,17,388213
3252,388223,27,388250
3253,388485,32,388517
3254,388743,4,388747
3255,388796,19,388815
3256,388875,31,388906
3257,388922,2,388924
3258,388952,6,388958
3259,388966,23,388989
3260,389134,4,389138
3261,389190,67,389257
3262,389375,45,389420
3263,389901,21,389922
3264,389972,13,389985
3265,390011,60,390071
3266,390185,4,390189
3267,390350,35,390385
3268,390663,16,390679
3269,391004,1,391005
3270,391117,11,391128
3271,391251,75,391326
3272,391617,149,391766
3273,391829,51,391880
3274,391907,16,391923
3275,391932,35,391967
3276,392032,41,392073
3277,392226,6,392232
3278,392268,3,392271
3279,392422,21,392443
3280,392491,19,392510
3281,392649,6,392655
3282,392819,20,392839
3283,392985,29,393014
3284,393027,51,393078
3285,393092,13,393105
3286,393133,13,393146
3287,393203,51,393254
3288,393517,9,393526
3289,393563,16,393579
3290,393599,3,393602
3291,393675,27,393702
3292,393737,15,393752
3293,393931,114,394045
3294,394071,36,394107
3295,394248,18,394266
3296,394288,9,394297
3297,394367,49,394416
3298,394438,5,394443
3299,394721,28,394749
3300,394770,19,394789
3301,394976,40,395016
3302,395240,21,395261
3303,395290,25,395315
3304,395347,17,395364
3305,395389,66,395455
3306,395497,1,395498
3307,395621,6,395627
3308,395775,16,395791
3309,395963,18,395981
3310,396131,9,396140
3311,396216,52,396268
3312,396482,29,396511
3313,396716,7,396723
3314,396762,58,396820
3315,396950,34,396984
3316,397041,31,397072
3317,397099,11,397110
3318,397182,47,397229
3319,397650,4,397654
3320,397660,9,397669
3321,397771,3,397774
3322,397782,39,397821
3323,397927,18,397945
3324,398009,13,398022
3325,398113,7,398120
3326,398149,1,398150
3327,398221,34,398255
3328,398269,51,398320
3329,398349,12,398361
3330,398373,15,398388
3331,398395,13,398408
3332,398600,5,398605
3333,398616,1,398617
3334,398622,17,398639
3335,399067,53,399120
3336,399149,10,399159
3337,399186,33,399219
3338,399241,13,399254
3339,399402,27,399429
3340,399478,9,399487
3341,399683,16,399699
3342,400000,18,400018
3343,400074,22,400096
3344,400218,11,400229
3345,400259,6,400265
3346,400431,21,400452
3347,400471,2,400473
3348,400485,18,400503
3349,400524,73,400597
3350,400610,3,400613
3351,400746,10,400756
3352,400781,28,400809
3353,400874,27,400901
3354,400973,44,401017
3355,401134,4,401138
3356,401177,3,401180
3357,401300,16,401316
3358,401540,12,401552
3359,401620,19,401639
3360,401856,35,401891
3361,401983,4,401987
3362,402147,2,402149
3363,402289,36,402325
3364,402406,47,402453
3365,402482,20,402502
3366,402583,23,402606
3367,402695,11,402706
3368,402837,13,402850
3369,403228,10,403238
3370,403341,43,403384
3371,403539,18,403557
3372,403741,1,403742
3373,403852,17,403869
3374,404219,79,404298
3375,404300,12,404312
3376,404360,28,404388
3377,404410,61,404471
3378,404504,15,404519
3379,404520,10,404530
3380,404819,5,404824
3381,404825,16,404841
3382,404868,10,404878
3383,404990,18,405008
3384,405129,14,405143
3385,405152,53,405205
3386,405209,59,405268
3387,405490,2,405492
3388,405519,9,405528
3389,405763,30,405793
3390,405894,2,405896
3391,405994,39,406033
3392,406231,4,406235
3393,406351,2,406353
3394,406376,83,406459
3395,406494,16,406510
3396,406542,40,406582
3397,406830,19,406849
3398,406919,5,406924
3399,406959,21,406980
3400,406988,12,407000
3401,407001,1,407002
3402,407111,16,407127
3403,407260,51,407311
3404,407495,5,407500
3405,407525,9,407534
3406,407770,66,407836
3407,407908,1,407909
3408,407955,3,407958
3409,407964,33,407997
3410,408019,13,408032
3411,408119,21,408140
3412,408155,44,408199
3413,408440,10,408450
3414,408571,5,408576
3415,408665,34,408699
3416,408771,106,408877
3417,409056,3,409059
3418,409072,8,409080
3419,409147,2,409149
3420,409366,5,409371
3421,409408,32,409440
3422,409613,42,409655
3423,409661,9,409670
3424,409698,2,409700
3425,409818,13,409831
3426,410156,22,410178
3427,410198,1,410199
3428,410201,6,410207
3429,410320,1,410321
3430,410393,31,410424
3431,410461,13,410474
3432,410789,1,410790
3433,410821,14,410835
3434,410923,17,410940
3435,411106,14,411120
3436,411381,25,411406
3437,411576,50,411626
3438,411675,1,411676
3439,411684,21,411705
3440,411723,6,411729
3441,411823,5,411828
3442,412007,32,412039
3443,412053,1,412054
3444,412108,14,412122
3445,412278,1,412279
3446,412481,3,412484
3447,412633,30,412663
3448,412694,17,412711
3449,412781,4,412785
3450,412860,9,412869
3451,412896,28,412924
3452,412965,47,413012
3453,413128,11,413139
3454,413246,48,413294
3455,413363,3,413366
3456,413367,26,413393
3457,413445,11,413456
3458,413605,1,413606
3459,413729,1,413730
3460,413763,17,413780
3461,413876,5,413881
3462,414099,51,414150
3463,414151,2,414153
3464,414253,11,414264
3465,414314,5,414319
3466,414339,23,414362
3467,414464,11,414475
3468,414611,17,414628
3469,414636,2,414638
3470,414646,37,414683
3471,414713,35,414748
3472,414962,42,415004
3473,415058,2,415060
3474,415085,4,415089
3475,415149,32,415181
3476,415378,27,415405
3477,415411,11,415422
3478,415716,4,415720
3479,415791,20,415811
3480,415906,19,415925
3481,415958,76,416034
3482,416080,4,416084
3483,416147,100,416247
3484,416289,9,416298
3485,416394,14,416408
3486,416419,21,416440
3487,416488,15,416503
3488,416526,105,416631
3489,416759,7,416766
3490,416839,16,416855
3491,416910,42,416952
3492,417055,4,417059
3493,417255,1,417256
3494,417311,40,417351
3495,417419,42,417461
3496,417514,1,417515
3497,417626,18,417644
3498,417729,56,417785
3499,417795,1,417796
3500,417823,12,417835
3501,417862,32,417894
3502,418059,1,418060
3503,418184,30,418214
3504,418355,18,418373
3505,418470,4,418474
3506,418495,37,418532
3507,418555,16,418571
3508,418654,10,418664
3509,418676,5,418681
3510,418756,7,418763
3511,418904,5,418909
3512,418913,18,418931
3513,419042,31,419073
3514,419183,26,419209
3515,419322,5,419327
3516,419407,14,419421
3517,419479,22,419501
3518,419595,16,419611
3519,419656,23,419679
3520,420019,68,420087
3521,420366,2,420368
3522,420396,11,420407
3523,420648,16,420664
3524,420693,10,420703
3525,420781,12,420793
3526,420827,25,420852
3527,420868,27,420895
3528,420898,29,420927
3529,420965,15,420980
3530,421123,16,421139
3531,421326,9,421335
3532,421399,2,421401
3533,421422,29,421451
3534,421718,45,421763
3535,421938,5,421943
3536,422050,17,422067
3537,422177,2,422179
3538,422183,6,422189
3539,422342,15,422357
3540,422577,18,422595
3541,422601,76,422677
3542,422870,20,422890
3543,422943,20,422963
3544,422988,13,423001
3545,423057,82,423139
3546,423280,4,423284
3547,423392,35,423427
3548,423539,7,423546
3549,423623,4,423627
3550,423689,15,423704
3551,423725,22,423747
3552,423769,22,423791
3553,423891,15,423906
3554,424196,32,424228
3555,424509,6,424515
3556,424563,39,424602
3557,424647,49,424696
3558,424904,18,424922
3559,425128,32,425160
3560,425299,1,425300
3561,425354,12,425366
3562,425434,17,425451
3563,425462,22,425484
3564,426129,38,426167
3565,426382,23,426405
3566,426423,1,426424
3567,426483,51,426534
3568,426574,22,426596
3569,426632,12,426644
3570,426667,1,426668
3571,426783,35,426818
3572,426905,8,426913
3573,426982,8,426990
3574,427076,1,427077
3575,427081,10,427091
3576,427113,6,427119
3577,427177,97,427274
3578,427344,11,427355
3579,427527,32,427559
3580,427578,36,427614
3581,427656,4,427660
3582,427679,15,427694
3583,427828,65,427893
3584,428201,10,428211
3585,428244,32,428276
3586,428546,51,428597
3587,428682,37,428719
3588,428890,5,428895
3589,429008,58,429066
3590,429211,1,429212
3591,429281,3,429284
3592,429287,48,429335
3593,429391,56,429447
3594,429498,16,429514
3595,429527,63,429590
3596,429591,27,429618
3597,429769,37,429806
3598,429828,7,429835
3599,429935,11,429946
3600,430074,37,430111
3601,430158,13,430171
3602,430194,12,430206
3603,430248,18,430266
3604,430278,2,430280
3605,430696,61,430757
3606,430758,7,430765
3607,430778,4,430782
3608,430916,56,430972
3609,431160,10,431170
3610,431327,33,431360
3611,431685,4,431689
3612,431828,13,431841
3613,432018,6,432024
3614,432172,13,432185
3615,432371,18,432389
3616,432535,16,432551
3617,432554,22,432576
3618,432610,9,432619
3619,432623,29,432652
3620,432776,71,432847
3621,432924,19,432943
3622,433098,27,433125
3623,433146,6,433152
3624,433153,29,433182
3625,433487,7,433494
3626,433495,84,433579
3627,433768,18,433786
3628,433973,4,433977
3629,434004,1,434005
3630,434019,7,434026
3631,434255,24,434279
3632,434362,22,434384
3633,434427,16,434443
3634,434580,44,434624
3635,434691,67,434758
3636,434970,13,434983
3637,435156,37,435193
3638,435272,18,435290
3639,435388,20,435408
3640,435478,10,435488
3641,435652,19,435671
3642,435761,2,435763
3643,435914,7,435921
3644,436109,9,436118
3645,436278,30,436308
3646,436332,38,436370
3647,436608,24,436632
3648,436851,17,436868
3649,437035,7,437042
3650,437349,10,437359
3651,437732,7,437739
3652,437771,10,437781
3653,437837,3,437840
3654,437967,6,437973
3655,438063,7,438070
3656,438178,12,438190
3657,438292,23,438315
3658,438700,9,438709
3659,438763,20,438783
3660,438937,1,438938
3661,439034,5,439039
3662,439053,6,439059
3663,439210,41,439251
3664,439386,3,439389
3665,439437,7,439444
3666,439501,1,439502
3667,439626,5,439631
3668,439773,10,439783
3669,439794,31,439825
3670,440058,32,440090
3671,440154,14,440168
3672,440194,7,440201
3673,440206,16,440222
3674,440235,13,440248
3675,440313,4,440317
3676,440335,18,440353
3677,440390,20,440410
3678,440454,3,440457
3679,440559,26,440585
3680,440777,60,440837
3681,440995,28,441023
3682,441156,26,441182
3683,441243,21,441264
3684,441436,2,441438
3685,441532,12,441544
3686,441697,8,441705
3687,441848,1,441849
3688,441852,22,441874
3689,441926,19,441945
3690,441996,27,442023
3691,442117,3,442120
3692,442233,23,442256
3693,442374,11,442385
3694,442504,12,442516
3695,442662,11,442673
3696,443437,10,443447
3697,443472,15,443487
3698,443566,48,443614
3699,443643,14,443657
3700,443673,3,443676
3701,443686,19,443705
3702,443911,25,443936
3703,444129,27,444156
3704,444500,1,444501
3705,444730,37,444767
3706,444949,38,444987
3707,445118,19,445137
3708,445208,9,445217
3709,445274,7,445281
3710,445428,6,445434
3711,445492,3,445495
3712,445578,56,445634
3713,445704,30,445734
3714,445834,23,445857
3715,445878,13,445891
3716,446001,2,446003
3717,446100,51,446151
3718,446352,6,446358
3719,446507,5,446512
3720,446693,7,446700
3721,446963,92,447055
3722,447113,4,447117
3723,447180,52,447232
3724,447504,18,447522
3725,447561,21,447582
3726,447638,21,447659
3727,447969,32,448001
3728,448057,79,448136
3729,448183,51,448234
3730,448266,10,448276
3731,448345,60,448405
3732,448441,65,448506
3733,448603,15,448618
3734,448759,9,448768
3735,448837,3,448840
3736,448959,2,448961
3737,448963,18,448981
3738,448991,42,449033
3739,449214,15,449229
3740,449237,8,449245
3741,449418,8,449426
3742,449557,1,449558
3743,449567,16,449583
3744,449584,7,449591
3745,449706,20,449726
3746,449908,29,449937
3747,450108,12,450120
3748,450211,20,450231
3749,450250,12,450262
3750,450370,54,450424
3751,450492,79,450571
3752,450635,1,450636
3753,450683,11,450694
3754,450759,28,450787
3755,450843,19,450862
3756,450881,7,450888
3757,450891,1,450892
3758,451094,2,451096
3759,451118,1,451119
3760,451321,13,451334
3761,451379,15,451394
3762,451417,26,451443
3763,451505,27,451532
3764,451761,39,451800
3765,451822,38,451860
3766,451941,8,451949
3767,451975,4,451979
3768,452320,15,452335
3769,452452,13,452465
3770,452576,18,452594
3771,452611,14,452625
3772,452683,3,452686
3773,452731,13,452744
3774,452823,9,452832
3775,453132,7,453139
3776,453171,1,453172
3777,453338,28,453366
3778,453535,39,453574
3779,453669,58,453727
3780,453751,5,453756
3781,453795,6,453801
3782,453878,22,453900
3783,453998,19,454017
3784,454214,6,454220
3785,454511,44,454555
3786,454604,31,454635
3787,454714,32,454746
3788,454850,21,454871
3789,454975,2,454977
3790,455108,40,455148
3791,455321,2,455323
3792,455435,5,455440
3793,455507,11,455518
3794,455606,43,455649
3795,455686,58,455744
3796,455990,33,456023
3797,456150,2,456152
3798,456315,26,456341
3799,456486,48,456534
3800,456644,79,456723
3801,456738,38,456776
3802,456790,70,456860
3803,456898,27,456925
3804,457046,8,457054
3805,457081,17,457098
3806,457440,13,457453
3807,457473,7,457480
3808,457574,21,457595
3809,457715,47,457762
3810,457765,8,457773
3811,457841,30,457871
3812,457933,16,457949
3813,457993,1,457994
3814,458049,3,458052
3815,458068,3,458071
3816,458074,23,458097
3817,458156,51,458207
3818,458252,17,458269
3819,458592,8,458600
3820,458638,40,458678
3821,458714,36,458750
3822,458789,36,458825
3823,458934,47,458981
3824,459011,21,459032
3825,459040,48,459088
3826,459102,15,459117
3827,459151,25,459176
3828,459236,3,459239
3829,459315,75,459390
3830,459425,12,459437
3831,459712,44,459756
3832,459844,11,459855
3833,460039,11,460050
3834,460135,11,460146
3835,460260,26,460286
3836,460420,18,460438
3837,460441,31,460472
3838,460660,49,460709
3839,460883,6,460889
3840,461010,26,461036
3841,461049,10,461059
3842,461286,58,461344
3843,461496,43,461539
3844,461557,3,461560
3845,461818,14,461832
3846,461862,23,461885
3847,461922,2,461924
3848,462159,18,462177
3849,462520,3,462523
3850,462657,20,462677
3851,462706,29,462735
3852,462770,14,462784
3853,462814,16,462830
3854,463227,25,463252
3855,463540,36,463576
3856,463800,11,463811
3857,464057,11,464068
3858,464090,5,464095
3859,464112,4,464116
3860,464242,15,464257
3861,464268,54,464322
3862,464337,46,464383
3863,464433,4,464437
3864,464495,9,464504
3865,464612,34,464646
3866,464653,5,464658
3867,464731,3,464734
3868,464820,2,464822
3869,464938,46,464984
3870,464989,4,464993
3871,465172,12,465184
3872,465308,10,465318
3873,465413,4,465417
3874,465455,28,465483
3875,465484,3,465487
3876,465642,8,465650
3877,465861,15,465876
3878,465915,19,465934
3879,466020,29,466049
3880,466094,29,466123
3881,466221,6,466227
3882,466246,18,466264
3883,466300,12,466312
3884,466523,1,466524
3885,466730,16,466746
3886,466751,15,466766
3887,466866,1,466867
3888,467023,20,467043
3889,467331,33,467364
3890,467461,54,467515
3891,467541,3,467544
3892,467587,1,467588
3893,467647,36,467683
3894,467720,24,467744
3895,467807,83,467890
3896,467910,2,467912
3897,467914,1,467915
3898,468095,22,468117
3899,468138,6,468144
3900,468178,31,468209
3901,468323,1,468324
3902,468334,15,468349
3903,468407,34,468441
3904,468494,7,468501
3905,468509,2,468511
3906,468614,11,468625
3907,468668,5,468673
3908,468678,1,468679
3909,468722,25,468747
3910,468924,10,468934
3911,468995,12,469007
3912,469256,53,469309
3913,469589,10,469599
3914,469748,22,469770
3915,469846,50,469896
3916,469923,40,469963
3917,470260,12,470272
3918,470366,7,470373
3919,470380,8,470388
3920,470415,28,470443
3921,470464,2,470466
3922,470773,15,470788
3923,471005,32,471037
3924,471134,14,471148
3925,471297,4,471301
3926,471335,13,471348
3927,471761,12,471773
3928,471928,2,471930
3929,472004,26,472030
3930,472041,6,472047
3931,472124,59,472183
3932,472362,24,472386
3933,472627,18,472645
3934,472758,161,472919
3935,472961,20,472981
3936,473114,2,473116
3937,473175,46,473221
3938,473240,23,473263
3939,473463,13,473476
3940,474086,3,474089
3941,474183,17,474200
3942,474247,13,474260
3943,474385,11,474396
3944,474463,17,474480
3945,474575,47,474622
3946,474666,19,474685
3947,474981,23,475004
3948,475100,21,475121
3949,475287,24,475311
3950,475492,17,475509
3951,475761,12,475773
3952,475965,29,475994
3953,476004,45,476049
3954,476066,45,476111
3955,476178,8,476186
3956,476363,15,476378
3957,476438,27,476465
3958,476531,41,476572
3959,476596,12,476608
3960,476624,27,476651
3961,476666,13,476679
3962,476682,16,476698
3963,476769,44,476813
3964,476821,13,476834
3965,476974,1,476975
3966,477228,102,477330
3967,477340,19,477359
3968,477390,40,477430
3969,477442,82,477524
3970,477913,17,477930
3971,478003,47,478050
3972,478150,9,478159
3973,478436,25,478461
3974,478505,32,478537
3975,478544,74,478618
3976,478731,17,478748
3977,479362,8,479370
3978,479455,26,479481
3979,479579,7,479586
3980,479661,2,479663
3981,479915,14,479929
3982,479936,7,479943
3983,479995,11,480006
3984,480064,6,480070
3985,480123,25,480148
3986,480234,11,480245
3987,480507,6,480513
3988,480560,44,480604
3989,480630,2,480632
3990,480690,50,480740
3991,480908,12,480920
3992,480980,5,480985
3993,481133,2,481135
3994,481702,3,481705
3995,481999,1,482000
3996,482105,1,482106
3997,482151,32,482183
3998,482286,8,482294
3999,482407,43,482450
4000,482451,44,482495
4001,482585,4,482589
4002,482595,22,482617
4003,482699,33,482732
4004,482773,1,482774
4005,482806,10,482816
4006,482838,9,482847
4007,482916,7,482923
4008,482931,13,482944
4009,483022,4,483026
4010,483033,33,483066
4011,483171,14,483185
4012,483447,5,483452
4013,483491,42,483533
4014,483635,12,483647
4015,483649,1,483650
4016,483835,16,483851
4017,483864,5,483869
4018,483887,5,483892
4019,483986,8,483994
4020,484204,18,484222
4021,484241,5,484246
4022,484312,3,484315
4023,484410,16,484426
4024,484552,27,484579
4025,484610,4,484614
4026,484697,13,484710
4027,484728,22,484750
4028,484835,1,484836
4029,484854,9,484863
4030,484982,15,484997
4031,485068,21,485089
4032,485324,12,485336
4033,485380,13,485393
4034,485535,1,485536
4035,485592,1,485593
4036,485601,16,485617
4037,485629,23,485652
4038,485711,4,485715
4039,485816,35,485851
4040,485862,2,485864
4041,485997,33,486030
4042,486058,30,486088
4043,486316,4,486320
4044,486353,7,486360
4045,486434,24,486458
4046,486529,15,486544
4047,486618,16,486634
4048,486654,31,486685
4049,486696,11,486707
4050,486735,8,486743
4051,486792,15,486807
4052,486903,1,486904
4053,487119,36,487155
4054,487216,28,487244
4055,487298,42,487340
4056,487423,79,487502
4057,487527,2,487529
4058,487837,14,487851
4059,487881,12,487893
4060,487957,5,487962
4061,488028,12,488040
4062,488091,8,488099
4063,488212,21,488233
4064,488352,3,488355
4065,488567,10,488577
4066,488697,32,488729
4067,488936,15,488951
4068,488999,12,489011
4069,489022,24,489046
4070,489106,16,489122
4071,489162,9,489171
4072,489273,17,489290
4073,489331,11,489342
4074,489362,22,489384
4075,489727,24,489751
4076,489911,4,489915
4077,490000,41,490041
4078,490078,5,490083
4079,490129,43,490172
4080,490223,72,490295
4081,490436,28,490464
4082,490493,54,490547
4083,490590,38,490628
4084,490648,12,490660
4085,490684,6,490690
4086,490829,5,490834
4087,490837,84,490921
4088,490964,39,491003
4089,491028,31,491059
4090,491298,13,491311
4091,491600,2,491602
4092,491609,3,491612
4093,491672,32,491704
4094,491705,9,491714
4095,491996,2,491998
4096,492406,18,492424
4097,492565,2,492567
4098,492783,43,492826
4099,492862,30,492892
4100,493039,18,493057
4101,493156,1,493157
4102,493194,34,493228
4103,493323,4,493327
4104,493483,19,493502
4105,493699,64,493763
4106,493846,25,493871
4107,493969,66,494035
4108,494164,23,494187
4109,494224,9,494233
4110,494273,8,494281
4111,494292,7,494299
4112,494473,29,494502
4113,494899,28,494927
4114,495097,23,495120
4115,495181,33,495214
4116,495444,11,495455
4117,495593,7,495600
4118,495668,21,495689
4119,495996,9,496005
4120,496046,10,496056
4121,496130,8,496138
4122,496384,47,496431
4123,496511,12,496523
4124,496584,59,496643
4125,496650,8,496658
4126,496664,8,496672
4127,496680,3,496683
4128,496783,35,496818
4129,496825,33,496858
4130,496954,5,496959
4131,497327,31,497358
4132,497480,5,497485
4133,497572,7,497579
4134,497682,24,497706
4135,497718,101,497819
4136,497986,10,497996
4137,498206,17,498223
4138,498284,9,498293
4139,498614,9,498623
4140,498723,4,498727
4141,498768,17,498785
4142,499003,7,499010
4143,499093,18,499111
4144,499144,16,499160
4145,499202,30,499232
4146,499535,17,499552
4147,499603,13,499616
4148,499698,65,499763
4149,499768,4,499772
4150,499787,12,499799
4151,499810,8,499818
4152,499869,16,499885
4153,499900,17,499917
4154,500026,11,500037
4155,500136,3,500139
4156,500169,11,500180
4157,500279,19,500298
4158,500415,2,500417
4159,500451,15,500466
4160,500485,2,500487
4161,500498,30,500528
4162,500549,9,500558
4163,500699,7,500706
4164,500780,133,500913
4165,501000,8,501008
4166,501052,7,501059
4167,501161,67,501228
4168,501273,42,501315
4169,501362,5,501367
4170,501417,36,501453
4171,501506,35,501541
4172,501569,24,501593
4173,501642,54,501696
4174,501740,26,501766
4175,501929,14,501943
4176,502140,34,502174
4177,502246,31,502277
4178,502382,6,502388
4179,502453,7,502460
4180,502629,8,502637
4181,502710,6,502716
4182,502880,6,502886
4183,502967,32,502999
4184,503166,16,503182
4185,503312,2,503314
4186,503480,13,503493
4187,503593,11,503604
4188,503684,40,503724
4189,503754,62,503816
4190,503888,65,503953
4191,504020,24,504044
4192,504070,10,504080
4193,504103,29,504132
4194,504182,1,504183
4195,504445,7,504452
4196,504712,19,504731
4197,504741,11,504752
4198,504943,13,504956
4199,505025,5,505030
4200,505154,33,505187
4201,505189,3,505192
4202,505248,41,505289
4203,505298,53,505351
4204,505527,4,505531
4205,505715,14,505729
4206,505956,14,505970
4207,506219,1,506220
4208,506227,8,506235
4209,506711,21,506732
4210,506807,27,506834
4211,506919,10,506929
4212,506990,41,507031
4213,507077,7,507084
4214,507091,37,507128
4215,507440,3,507443
4216,507555,35,507590
4217,507737,8,507745
4218,507854,15,507869
4219,507953,2,507955
4220,507977,7,507984
4221,508006,12,508018
4222,508029,21,508050
4223,508139,24,508163
4224,508190,2,508192
4225,508402,21,508423
4226,508432,41,508473
4227,508486,21,508507
4228,508612,32,508644
4229,508694,6,508700
4230,508725,9,508734
4231,508811,44,508855
4232,508877,2,508879
4233,508899,2,508901
4234,509076,35,509111
4235,509151,10,509161
4236,509245,67,509312
4237,509568,2,509570
4238,509669,5,509674
4239,509809,64,509873
4240,509908,19,509927
4241,509985,6,509991
4242,510004,14,510018
4243,510179,25,510204
4244,510241,24,510265
4245,510547,28,510575
4246,510587,12,510599
4247,510600,37,510637
4248,510690,103,510793
4249,510950,39,510989
4250,511084,13,511097
4251,511177,29,511206
4252,511479,8,511487
4253,511656,33,511689
4254,511705,13,511718
4255,511784,7,511791
4256,511873,8,511881
4257,511945,2,511947
4258,512036,3,512039
4259,512180,10,512190
4260,512232,27,512259
4261,512297,40,512337
4262,512338,42,512380
4263,512564,14,512578
4264,512717,17,512734
4265,512862,2,512864
4266,512995,23,513018
4267,513177,9,513186
4268,513195,14,513209
4269,513256,6,513262
4270,513516,13,513529
4271,513562,6,513568
4272,513783,38,513821
4273,514077,3,514080
4274,514095,13,514108
4275,514119,30,514149
4276,514180,8,514188
4277,514194,33,514227
4278,514264,6,514270
4279,514285,18,514303
4280,514550,2,514552
4281,514919,10,514929
4282,514965,32,514997
4283,515165,4,515169
4284,515287,2,515289
4285,515375,27,515402
4286,515576,22,515598
4287,515678,46,515724
4288,515804,82,515886
4289,515912,11,515923
4290,516103,4,516107
4291,516174,46,516220
4292,516257,30,516287
4293,516385,13,516398
4294,516555,19,516574
4295,516615,7,516622
4296,516725,29,516754
4297,516863,8,516871
4298,517063,27,517090
4299,517265,20,517285
4300,517334,7,517341
4301,517352,55,517407
4302,517587,2,517589
4303,517646,7,517653
4304,517758,8,517766
4305,517799,6,517805
4306,517827,25,517852
4307,517993,23,518016
4308,518433,6,518439
4309,518447,13,518460
4310,518607,29,518636
4311,518841,91,518932
4312,519183,1,519184
4313,519239,19,519258
4314,519398,2,519400
4315,519567,32,519599
4316,519682,8,519690
4317,519710,3,519713
4318,519748,39,519787
4319,519842,21,519863
4320,520085,36,520121
4321,520247,16,520263
4322,520288,7,520295
4323,520418,3,520421
4324,520509,28,520537
4325,520543,18,520561
4326,520689,20,520709
4327,520731,15,520746
4328,520841,2,520843
4329,520871,40,520911
4330,521332,27,521359
4331,521384,30,521414
4332,521569,21,521590
4333,521745,61,521806
4334,521807,3,521810
4335,521835,7,521842
4336,521892,1,521893
4337,521962,49,522011
4338,522043,9,522052
4339,522056,5,522061
4340,522190,9,522199
4341,522260,40,522300
4342,522315,5,522320
4343,522676,12,522688
4344,522703,7,522710
4345,522953,24,522977
4346,523044,5,523049
4347,523108,2,523110
4348,523202,6,523208
4349,523228,2,523230
4350,523372,7,523379
4351,523509,59,523568
4352,523989,1,523990
4353,524103,10,524113
4354,524277,3,524280
4355,524390,8,524398
4356,524500,20,524520
4357,524619,14,524633
4358,524640,6,524646
4359,524844,22,524866
4360,525030,13,525043
4361,525048,14,525062
4362,525096,29,525125
4363,525168,21,525189
4364,525253,2,525255
4365,525530,3,525533
4366,525592,11,525603
4367,525755,3,525758
4368,525784,5,525789
4369,526096,18,526114
4370,526134,35,526169
4371,526314,24,526338
4372,526352,8,526360
4373,526370,33,526403
4374,526423,1,526424
4375,526584,2,526586
4376,526612,7,526619
4377,527240,23,527263
4378,527419,64,527483
4379,527579,29,527608
4380,527751,39,527790
4381,527812,10,527822
4382,527911,7,527918
4383,528263,19,528282
4384,528383,13,528396
4385,528556,5,528561
4386,528597,10,528607
4387,528744,44,528788
4388,528815,5,528820
4389,529066,28,529094
4390,529179,40,529219
4391,529350,5,529355
4392,529410,18,529428
4393,529502,20,529522
4394,529555,16,529571
4395,529927,10,529937
4396,529972,7,529979
4397,530007,22,530029
4398,530097,9,530106
4399,530250,4,530254
4400,530421,48,530469
4401,530473,2,530475
4402,530542,13,530555
4403,530706,34,530740
4404,530874,27,530901
4405,530923,33,530956
4406,531347,17,531364
4407,531546,9,531555
4408,531618,23,531641
4409,532037,30,532067
4410,532119,21,532140
4411,532381,39,532420
4412,532559,16,532575
4413,532597,10,532607
4414,532742,35,532777
4415,532972,23,532995
4416,533027,17,533044
4417,533264,21,533285
4418,533318,5,533323
4419,533328,41,533369
4420,533500,16,533516
4421,533591,16,533607
4422,533658,12,533670
4423,533735,7,533742
4424,533940,9,533949
4425,533986,16,534002
4426,534006,12,534018
4427,534022,26,534048
4428,534059,4,534063
4429,534212,12,534224
4430,534358,1,534359
4431,534450,3,534453
4432,534464,3,534467
4433,534503,20,534523
4434,534562,1,534563
4435,534587,8,534595
4436,534878,6,534884
4437,534987,19,535006
4438,535036,35,535071
4439,535176,5,535181
4440,535410,10,535420
4441,535569,1,535570
4442,535620,14,535634
4443,535661,5,535666
4444,535744,67,535811
4445,535934,6,535940
4446,535967,13,535980
4447,536120,25,536145
4448,536149,28,536177
4449,536258,3,536261
4450,536278,34,536312
4451,536329,40,536369
4452,536457,40,536497
4453,536605,22,536627
4454,536677,11,536688
4455,537221,2,537223
4456,537394,21,537415
4457,537416,61,537477
4458,537501,6,537507
4459,537524,22,537546
4460,537549,14,537563
4461,537599,3,537602
4462,537616,3,537619
4463,537695,18,537713
4464,537814,63,537877
4465,537924,15,537939
4466,537953,11,537964
4467,537996,21,538017
4468,538241,22,538263
4469,538355,1,538356
4470,538531,54,538585
4471,538713,13,538726
4472,538856,8,538864
4473,538868,55,538923
4474,539028,61,539089
4475,539098,2,539100
4476,539203,63,539266
4477,539463,5,539468
4478,539470,67,539537
4479,539592,40,539632
4480,539662,36,539698
4481,539791,10,539801
4482,539825,22,539847
4483,539857,12,539869
4484,539870,23,539893
4485,539946,69,540015
4486,540078,20,540098
4487,540117,75,540192
4488,540230,7,540237
4489,540327,11,540338
4490,540349,44,540393
4491,540491,12,540503
4492,540504,3,540507
4493,540564,62,540626
4494,540651,46,540697
4495,540784,7,540791
4496,540941,7,540948
4497,540975,12,540987
4498,541101,18,541119
4499,541150,48,541198
4500,541427,22,541449
4501,541465,4,541469
4502,541698,19,541717
4503,541869,5,541874
4504,541894,33,541927
4505,542007,7,542014
4506,542042,8,542050
4507,542355,47,542402
4508,542452,21,542473
4509,542479,28,542507
4510,542631,1,542632
4511,542759,57,542816
4512,543206,16,543222
4513,543272,26,543298
4514,543386,31,543417
4515,543440,5,543445
4516,543504,6,543510
4517,543549,15,543564
4518,543709,10,543719
4519,543738,15,543753
4520,543826,48,543874
4521,543941,33,543974
4522,544109,5,544114
4523,544220,19,544239
4524,544254,40,544294
4525,544318,1,544319
4526,544336,13,544349
4527,544478,3,544481
4528,544549,31,544580
4529,544687,5,544692
4530,544784,23,544807
4531,544917,8,544925
4532,544933,4,544937
4533,545026,17,545043
4534,545165,15,545180
4535,545188,3,545191
4536,545202,97,545299
4537,545318,12,545330
4538,545355,2,545357
4539,545460,6,545466
4540,545475,3,545478
4541,545568,1,545569
4542,545801,29,545830
4543,545907,62,545969
4544,546057,2,546059
4545,546206,29,546235
4546,546869,24,546893
4547,547107,17,547124
4548,547146,7,547153
4549,547525,32,547557
4550,547671,14,547685
4551,547737,17,547754
4552,547810,12,547822
4553,547945,111,548056
4554,548140,62,548202
4555,548262,6,548268
4556,548401,1,548402
4557,548465,6,548471
4558,548805,50,548855
4559,548926,12,548938
4560,548988,4,548992
4561,548998,4,549002
4562,549126,1,549127
4563,549358,37,549395
4564,549493,26,549519
4565,549733,23,549756
4566,549957,2,549959
4567,549968,16,549984
4568,550227,37,550264
4569,550319,20,550339
4570,550521,10,550531
4571,550557,9,550566
4572,550740,42,550782
4573,550814,6,550820
4574,550834,14,550848
4575,551055,18,551073
4576,551219,22,551241
4577,551363,30,551393
4578,551537,2,551539
4579,551628,5,551633
4580,551772,32,551804
4581,551866,43,551909
4582,551940,4,551944
4583,551995,17,552012
4584,552177,49,552226
4585,552369,13,552382
4586,552414,8,552422
4587,552447,15,552462
4588,552676,14,552690
4589,552875,11,552886
4590,553030,13,553043
4591,553057,10,553067
4592,553103,11,553114
4593,553127,21,553148
4594,553210,26,553236
4595,553248,6,553254
4596,553425,22,553447
4597,553685,28,553713
4598,553842,13,553855
4599,553965,38,554003
4600,554065,4,554069
4601,554108,3,554111
4602,554149,6,554155
4603,554210,44,554254
4604,554262,1,554263
4605,554445,10,554455
4606,554464,2,554466
4607,554641,24,554665
4608,554668,76,554744
4609,554770,2,554772
4610,554892,51,554943
4611,554958,9,554967
4612,554973,3,554976
4613,555292,9,555301
4614,555577,2,555579
4615,555974,10,555984
4616,556123,6,556129
4617,556215,2,556217
4618,556410,17,556427
4619,556463,19,556482
4620,556544,4,556548
4621,556582,22,556604
4622,556610,3,556613
4623,556690,9,556699
4624,556736,6,556742
4625,556838,34,556872
4626,556892,2,556894
4627,557239,27,557266
4628,557270,13,557283
4629,557623,18,557641
4630,557794,32,557826
4631,557890,22,557912
4632,557969,23,557992
4633,558281,1,558282
4634,558291,12,558303
4635,558616,16,558632
4636,558752,17,558769
4637,558775,24,558799
4638,558844,3,558847
4639,558893,14,558907
4640,558953,5,558958
4641,558992,2,558994
4642,559163,44,559207
4643,559303,11,559314
4644,559332,37,559369
4645,559389,5,559394
4646,559435,23,559458
4647,559490,22,559512
4648,559529,2,559531
4649,559564,21,559585
4650,559779,38,559817
4651,559893,3,559896
4652,559943,2,559945
4653,559955,39,559994
4654,560089,16,560105
4655,560196,9,560205
4656,560319,6,560325
4657,560406,11,560417
4658,560472,15,560487
4659,560489,11,560500
4660,560522,4,560526
4661,560559,33,560592
4662,560953,3,560956
4663,561034,35,561069
4664,561251,30,561281
4665,561615,10,561625
4666,561641,11,561652
4667,561682,70,561752
4668,561841,6,561847
4669,561862,6,561868
4670,561971,14,561985
4671,562099,35,562134
4672,562366,76,562442
4673,562466,31,562497
4674,562498,5,562503
4675,562555,15,562570
4676,562582,10,562592
4677,562674,1,562675
4678,562690,1,562691
4679,562858,4,562862
4680,563107,1,563108
4681,563202,10,563212
4682,563335,39,563374
4683,563440,12,563452
4684,563454,32,563486
4685,563543,1,563544
4686,563615,44,563659
4687,563764,8,563772
4688,564055,79,564134
4689,564270,13,564283
4690,564351,17,564368
4691,564516,6,564522
4692,564576,9,564585
4693,564744,8,564752
4694,564772,34,564806
4695,564819,48,564867
4696,564979,15,564994
4697,565225,20,565245
4698,565308,36,565344
4699,565472,2,565474
4700,565641,11,565652
4701,565946,9,565955
4702,565985,12,565997
4703,566006,3,566009
4704,566026,50,566076
4705,566081,10,566091
4706,566103,1,566104
4707,566196,79,566275
4708,566363,26,566389
4709,566565,5,566570
4710,566593,11,566604
4711,566605,15,566620
4712,566925,1,566926
4713,567070,18,567088
4714,567386,3,567389
4715,567420,1,567421
4716,567605,3,567608
4717,567766,12,567778
4718,567802,19,567821
4719,567826,9,567835
4720,567850,17,567867
4721,567974,36,568010
4722,568134,9,568143
4723,568175,34,568209
4724,568216,43,568259
4725,568296,8,568304
4726,568370,1,568371
4727,568610,10,568620
4728,568697,2,568699
4729,568748,5,568753
4730,568937,2,568939
4731,569015,1,569016
4732,569166,7,569173
4733,569187,2,569189
4734,569210,10,569220
4735,569269,13,569282
4736,569288,26,569314
4737,569323,7,569330
4738,569535,8,569543
4739,569588,22,569610
4740,569844,6,569850
4741,569978,1,569979
4742,570043,2,570045
4743,570362,31,570393
4744,570586,27,570613
4745,570630,20,570650
4746,570726,59,570785
4747,570865,11,570876
4748,570898,14,570912
4749,570922,48,570970
4750,571138,11,571149
4751,571169,5,571174
4752,571380,21,571401
4753,571461,15,571476
4754,571613,2,571615
4755,571645,33,571678
4756,571708,7,571715
4757,572071,40,572111
4758,572489,10,572499
4759,572515,30,572545
4760,572594,20,572614
4761,572649,1,572650
4762,572673,39,572712
4763,572883,42,572925
4764,573039,9,573048
4765,573063,19,573082
4766,573104,3,573107
4767,573458,5,573463
4768,573544,25,573569
4769,573576,74,573650
4770,573762,23,573785
4771,573801,4,573805
4772,573824,7,573831
4773,573933,112,574045
4774,574142,12,574154
4775,574197,5,574202
4776,574212,31,574243
4777,574286,18,574304
4778,574336,1,574337
4779,574579,2,574581
4780,574649,17,574666
4781,574683,12,574695
4782,574872,9,574881
4783,575127,21,575148
4784,575469,3,575472
4785,575533,6,575539
4786,575602,7,575609
4787,575770,32,575802
4788,575934,31,575965
4789,576220,7,576227
4790,576310,14,576324
4791,576328,7,576335
4792,576472,9,576481
4793,576522,53,576575
4794,576689,17,576706
4795,576784,2,576786
4796,576800,33,576833
4797,576892,24,576916
4798,577002,3,577005
4799,577034,89,577123
4800,577213,102,577315
4801,577353,20,577373
4802,577383,16,577399
4803,577517,12,577529
4804,577693,19,577712
4805,577733,12,577745
4806,577806,18,577824
4807,577892,12,577904
4808,577925,3,577928
4809,577957,24,577981
4810,578008,9,578017
4811,578179,1,578180
4812,578378,69,578447
4813,578540,1,578541
4814,578749,18,578767
4815,578786,48,578834
4816,578953,12,578965
4817,579030,1,579031
4818,579055,20,579075
4819,579196,12,579208
4820,579349,2,579351
4821,579352,4,579356
4822,579398,9,579407
4823,579441,1,579442
4824,579573,107,579680
4825,579969,10,579979
4826,580186,1,580187
4827,580412,30,580442
4828,580738,41,580779
4829,580881,26,580907
4830,580942,3,580945
4831,581135,3,581138
4832,581207,30,581237
4833,581259,13,581272
4834,581283,1,581284
4835,581329,9,581338
4836,581452,4,581456
4837,581543,11,581554
4838,581629,11,581640
4839,581644,6,581650
4840,581702,12,581714
4841,581954,39,581993
4842,582065,10,582075
4843,582520,46,582566
4844,582670,74,582744
4845,583001,21,583022
4846,583060,12,583072
4847,583179,74,583253
4848,583501,46,583547
4849,583581,27,583608
4850,583632,9,583641
4851,584017,34,584051
4852,584226,25,584251
4853,584382,13,584395
4854,584654,60,584714
4855,584719,22,584741
4856,584749,28,584777
4857,584932,83,585015
4858,585197,59,585256
4859,585350,6,585356
4860,585403,7,585410
4861,585439,25,585464
4862,585529,35,585564
4863,585583,40,585623
4864,585647,13,585660
4865,585829,22,585851
4866,585918,24,585942
4867,585964,14,585978
4868,586097,28,586125
4869,586306,39,586345
4870,586549,10,586559
4871,586621,5,586626
4872,586727,21,586748
4873,586793,13,586806
4874,586964,22,586986
4875,587034,5,587039
4876,587210,26,587236
4877,587250,52,587302
4878,587407,19,587426
4879,587434,66,587500
4880,587517,7,587524
4881,587639,15,587654
4882,587713,68,587781
4883,587797,18,587815
4884,587822,8,587830
4885,588041,99,588140
4886,588282,91,588373
4887,588502,29,588531
4888,588579,15,588594
4889,588621,2,588623
4890,588833,46,588879
4891,588881,2,588883
4892,588901,27,588928
4893,589091,10,589101
4894,589229,26,589255
4895,589276,30,589306
4896,589586,7,589593
4897,589670,19,589689
4898,589809,14,589823
4899,589950,2,589952
4900,590232,19,590251
4901,590276,8,590284
4902,590287,3,590290
4903,590333,3,590336
4904,590357,121,590478
4905,590579,27,590606
4906,590610,8,590618
4907,590748,6,590754
4908,590910,13,590923
4909,591238,34,591272
4910,591501,28,591529
4911,591644,33,591677
4912,591703,33,591736
4913,592108,53,592161
4914,592285,20,592305
4915,592353,19,592372
4916,592442,19,592461
4917,592494,13,592507
4918,592608,4,592612
4919,592831,45,592876
4920,592921,17,592938
4921,592993,25,593018
4922,593332,27,593359
4923,593362,50,593412
4924,593413,11,593424
4925,593439,8,593447
4926,593622,89,593711
4927,593955,1,593956
4928,593975,3,593978
4929,594266,24,594290
4930,594312,23,594335
4931,594346,52,594398
4932,594413,14,594427
4933,594433,31,594464
4934,594523,32,594555
4935,594622,2,594624
4936,594662,15,594677
4937,595043,7,595050
4938,595060,35,595095
4939,595176,5,595181
4940,595387,9,595396
4941,595591,8,595599
4942,595651,14,595665
4943,596180,2,596182
4944,596254,25,596279
4945,596349,52,596401
4946,596408,12,596420
4947,596460,13,596473
4948,596521,11,596532
4949,596638,42,596680
4950,596894,7,596901
4951,596903,26,596929
4952,597276,7,597283
4953,597529,1,597530
4954,597532,7,597539
4955,597563,8,597571
4956,597733,4,597737
4957,597863,4,597867
4958,598024,20,598044
4959,598104,3,598107
4960,598194,7,598201
4961,598344,3,598347
4962,598408,19,598427
4963,598436,3,598439
4964,598448,68,598516
4965,598520,4,598524
4966,598529,13,598542
4967,598653,1,598654
4968,598787,36,598823
4969,599040,17,599057
4970,599072,4,599076
4971,599290,16,599306
4972,599446,3,599449
4973,599721,25,599746
4974,600009,11,600020
4975,600038,5,600043
4976,600135,7,600142
4977,600291,21,600312
4978,600473,18,600491
4979,600517,37,600554
4980,600587,4,600591
4981,600647,40,600687
4982,600706,21,600727
4983,600794,14,600808
4984,600827,5,600832
4985,600945,31,600976
4986,601039,33,601072
4987,601199,20,601219
4988,601416,18,601434
4989,601440,9,601449
4990,601538,9,601547
4991,601639,37,601676
4992,601830,15,601845
4993,601897,37,601934
4994,602073,4,602077
4995,602128,3,602131
4996,602268,8,602276
4997,602477,10,602487
4998,602502,17,602519
4999,602648,3,602651
5000,602865,16,602881
5001,602903,6,602909
5002,602942,40,602982
5003,603022,10,603032
5004,603125,73,603198
5005,603287,15,603302
5006,603373,29,603402
5007,603421,6,603427
5008,603459,22,603481
5009,603513,50,603563
5010,603610,45,603655
5011,603689,4,603693
5012,603739,34,603773
5013,603785,48,603833
5014,603944,24,603968
5015,604272,9,604281
5016,604405,1,604406
5017,604573,27,604600
5018,604626,1,604627
5019,604644,4,604648
5020,604731,13,604744
5021,604780,18,604798
5022,605213,1,605214
5023,605323,12,605335
5024,605417,11,605428
5025,605844,5,605849
5026,605887,16,605903
5027,605943,18,605961
5028,606028,4,606032
5029,606139,23,606162
5030,606165,12,606177
5031,606243,49,606292
5032,606378,34,606412
5033,606429,1,606430
5034,606441,41,606482
5035,606483,9,606492
5036,606531,2,606533
5037,606547,3,606550
5038,606594,39,606633
5039,606640,15,606655
5040,607206,10,607216
5041,607229,17,607246
5042,607267,20,607287
5043,607311,8,607319
5044,607376,37,607413
5045,607443,94,607537
5046,607559,8,607567
5047,608094,21,608115
5048,608276,19,608295
5049,608361,14,608375
5050,608519,6,608525
5051,608669,19,608688
5052,608851,13,608864
5053,608899,7,608906
5054,609035,22,609057
5055,609148,12,609160
5056,609190,17,609207
5057,609246,28,609274
5058,609376,28,609404
5059,609521,8,609529
5060,609667,10,609677
5061,609816,8,609824
5062,610107,5,610112
5063,610255,25,610280
5064,610338,15,610353
5065,610377,53,610430
5066,610470,39,610509
5067,610809,11,610820
5068,611083,4,611087
5069,611216,24,611240
5070,611265,9,611274
5071,611333,7,611340
5072,611544,10,611554
5073,611739,16,611755
5074,611818,26,611844
5075,611917,8,611925
5076,612010,19,612029
5077,612037,27,612064
5078,612071,6,612077
5079,612389,13,612402
5080,612417,13,612430
5081,612461,20,612481
5082,612506,1,612507
5083,612643,6,612649
5084,613002,3,613005
5085,613092,8,613100
5086,613188,35,613223
5087,613522,17,613539
5088,613540,37,613577
5089,613703,2,613705
5090,613841,39,613880
5091,613930,14,613944
5092,614145,1,614146
5093,614174,19,614193
5094,614323,6,614329
5095,614336,14,614350
5096,614596,7,614603
5097,614635,8,614643
5098,614682,10,614692
5099,614830,6,614836
5100,614862,23,614885
5101,614887,3,614890
5102,614931,32,614963
5103,615096,1,615097
5104,615127,7,615134
5105,615198,18,615216
5106,615290,1,615291
5107,615300,28,615328
5108,615352,11,615363
5109,615388,21,615409
5110,615455,45,615500
5111,615547,1,615548
5112,615600,8,615608
5113,615655,14,615669
5114,615777,3,615780
5115,615861,19,615880
5116,615915,7,615922
5117,616100,16,616116
5118,616177,1,616178
5119,616248,22,616270
5120,616326,18,616344
5121,616383,18,616401
5122,616412,32,616444
5123,616610,5,616615
5124,616738,4,616742
5125,616893,11,616904
5126,616935,17,616952
5127,616991,34,617025
5128,617151,26,617177
5129,617351,1,617352
5130,617591,54,617645
5131,617787,23,617810
5132,617815,27,617842
5133,617850,3,617853
5134,617893,5,617898
5135,617937,2,617939
5136,617973,12,617985
5137,618185,9,618194
5138,618389,12,618401
5139,618508,1,618509
5140,618628,8,618636
5141,618798,7,618805
5142,618850,9,618859
5143,618888,57,618945
5144,618956,40,618996
5145,619079,2,619081
5146,619169,26,619195
5147,619433,20,619453
5148,619573,23,619596
5149,619718,6,619724
5150,619744,23,619767
5151,619776,1,619777
5152,619963,27,619990
5153,620013,12,620025
5154,620092,7,620099
5155,620153,7,620160
5156,620286,12,620298
5157,620568,6,620574
5158,620688,8,620696
5159,620707,60,620767
5160,620807,6,620813
5161,620860,3,620863
5162,621280,11,621291
5163,621562,1,621563
5164,621567,79,621646
5165,621717,2,621719
5166,621755,1,621756
5167,621919,6,621925
5168,622049,3,622052
5169,622265,27,622292
5170,622308,6,622314
5171,622408,1,622409
5172,622550,26,622576
5173,622679,8,622687
5174,622711,14,622725
5175,622771,1,622772
5176,622812,17,622829
5177,622848,11,622859
5178,622884,9,622893
5179,623009,8,623017
5180,623140,16,623156
5181,623206,22,623228
5182,623378,51,623429
5183,623538,28,623566
5184,623568,41,623609
5185,623629,17,623646
5186,623667,2,623669
5187,623687,6,623693
5188,624088,34,624122
5189,624137,6,624143
5190,624149,37,624186
5191,624203,7,624210
5192,624362,7,624369
5193,624386,5,624391
5194,624410,2,624412
5195,624538,12,624550
5196,624554,5,624559
5197,624649,12,624661
5198,624701,29,624730
5199,624912,2,624914
5200,624970,1,624971
5201,625068,33,625101
5202,625263,40,625303
5203,625328,13,625341
5204,625362,46,625408
5205,625510,46,625556
5206,625561,15,625576
5207,625645,31,625676
5208,625847,14,625861
5209,626098,14,626112
5210,626302,49,626351
5211,626488,15,626503
5212,626524,6,626530
5213,626543,14,626557
5214,626802,75,626877
5215,626902,7,626909
5216,626946,7,626953
5217,626964,4,626968
5218,627110,14,627124
5219,627317,13,627330
5220,627396,11,627407
5221,627438,28,627466
5222,627617,25,627642
5223,627667,67,627734
5224,627783,10,627793
5225,627848,16,627864
5226,628136,37,628173
5227,628309,5,628314
5228,628431,4,628435
5229,628620,22,628642
5230,628803,9,628812
5231,628852,25,628877
5232,628891,89,628980
5233,629131,16,629147
5234,629155,3,629158
5235,629271,6,629277
5236,629729,7,629736
5237,629762,27,629789
5238,629911,1,629912
5239,629964,24,629988
5240,630086,34,630120
5241,630196,3,630199
5242,630314,39,630353
5243,630507,22,630529
5244,630536,14,630550
5245,630643,9,630652
5246,630834,18,630852
5247,630909,20,630929
5248,631079,16,631095
5249,631109,5,631114
5250,631288,4,631292
5251,631392,9,631401
5252,631413,91,631504
5253,631572,3,631575
5254,631585,18,631603
5255,632039,47,632086
5256,632104,14,632118
5257,632179,44,632223
5258,632254,81,632335
5259,632343,4,632347
5260,632493,17,632510
5261,632610,3,632613
5262,632663,47,632710
5263,632719,37,632756
5264,632783,17,632800
5265,632850,15,632865
5266,632952,6,632958
5267,633020,9,633029
5268,633088,20,633108
5269,633327,14,633341
5270,633393,8,633401
5271,633517,27,633544
5272,633567,6,633573
5273,633578,34,633612
5274,633673,7,633680
5275,633719,36,633755
5276,633841,17,633858
5277,633912,16,633928
5278,634043,3,634046
5279,634076,70,634146
5280,634294,24,634318
5281,634333,10,634343
5282,634368,19,634387
5283,634449,80,634529
5284,634592,10,634602
5285,634786,35,634821
5286,634822,3,634825
5287,634892,14,634906
5288,635002,1,635003
5289,635053,27,635080
5290,635096,20,635116
5291,635348,11,635359
5292,635490,2,635492
5293,635493,3,635496
5294,635604,28,635632
5295,635651,37,635688
5296,635934,21,635955
5297,636030,23,636053
5298,636174,14,636188
5299,636409,60,636469
5300,636490,11,636501
5301,636634,2,636636
5302,636704,9,636713
5303,636761,15,636776
5304,636894,6,636900
5305,637019,15,637034
5306,637051,4,637055
5307,637079,8,637087
5308,637137,49,637186
5309,637258,45,637303
5310,637308,6,637314
5311,637532,40,637572
5312,637608,5,637613
5313,638075,25,638100
5314,638157,17,638174
5315,638562,3,638565
5316,638566,6,638572
5317,638615,7,638622
5318,639052,12,639064
5319,639121,3,639124
5320,639196,10,639206
5321,639271,8,639279
5322,639343,42,639385
5323,639389,13,639402
5324,639479,3,639482
5325,639493,14,639507
5326,639727,42,639769
5327,639775,23,639798
5328,639876,7,639883
5329,639921,2,639923
5330,639970,12,639982
5331,640085,12,640097
5332,640189,14,640203
5333,640352,8,640360
5334,640475,8,640483
5335,640517,77,640594
5336,640633,67,640700
5337,640901,45,640946
5338,640991,4,640995
5339,641235,27,641262
5340,641449,2,641451
5341,641689,17,641706
5342,641859,24,641883
5343,642014,87,642101
5344,642418,31,642449
5345,642506,5,642511
5346,642586,9,642595
5347,642756,20,642776
5348,642807,4,642811
5349,642941,1,642942
5350,642951,20,642971
5351,642988,13,643001
5352,643053,17,643070
5353,643075,1,643076
5354,643111,5,643116
5355,643184,52,643236
5356,643244,30,643274
5357,643359,25,643384
5358,643419,6,643425
5359,643864,23,643887
5360,643899,2,643901
5361,644350,38,644388
5362,644519,16,644535
5363,644569,79,644648
5364,644694,4,644698
5365,644841,6,644847
5366,644890,6,644896
5367,644953,28,644981
5368,644993,10,645003
5369,645007,2,645009
5370,645051,23,645074
5371,645095,1,645096
5372,645150,15,645165
5373,645223,7,645230
5374,645231,23,645254
5375,645542,7,645549
5376,645580,35,645615
5377,645709,82,645791
5378,645822,6,645828
5379,645837,3,645840
5380,646043,4,646047
5381,646241,24,646265
5382,646300,62,646362
5383,646634,24,646658
5384,646849,1,646850
5385,647090,7,647097
5386,647134,6,647140
5387,647226,17,647243
5388,647268,25,647293
5389,647429,3,647432
5390,647480,3,647483
5391,647565,41,647606
5392,648022,33,648055
5393,648315,16,648331
5394,648348,4,648352
5395,648424,12,648436
5396,648450,52,648502
5397,648537,20,648557
5398,648566,36,648602
5399,648700,40,648740
5400,648747,3,648750
5401,648769,33,648802
5402,649010,19,649029
5403,649035,3,649038
5404,649166,15,649181
5405,649183,29,649212
5406,649236,47,649283
5407,649309,9,649318
5408,649369,2,649371
5409,649446,12,649458
5410,649570,17,649587
5411,649627,4,649631
5412,649745,22,649767
5413,649816,7,649823
5414,649836,41,649877
5415,649883,15,649898
5416,650239,5,650244
5417,650302,12,650314
5418,650332,5,650337
5419,650491,36,650527
5420,650625,2,650627
5421,650850,27,650877
5422,651016,1,651017
5423,651205,38,651243
5424,651328,11,651339
5425,651398,44,651442
5426,651644,15,651659
5427,651830,1,651831
5428,651864,15,651879
5429,651912,37,651949
5430,652031,3,652034
5431,652310,7,652317
5432,652653,11,652664
5433,652827,7,652834
5434,652879,3,652882
5435,652895,1,652896
5436,652964,11,652975
5437,653000,10,653010
5438,653363,3,653366
5439,653438,36,653474
5440,653483,21,653504
5441,653600,5,653605
5442,653900,1,653901
5443,653965,36,654001
5444,654206,19,654225
5445,654306,26,654332
5446,654494,15,654509
5447,654711,2,654713
5448,654722,1,654723
5449,654742,7,654749
5450,654804,8,654812
5451,654968,33,655001
5452,655081,41,655122
5453,655312,10,655322
5454,655531,39,655570
5455,655748,4,655752
5456,655859,7,655866
5457,656009,19,656028
5458,656073,30,656103
5459,656318,11,656329
5460,656364,27,656391
5461,656398,32,656430
5462,656461,57,656518
5463,656546,6,656552
5464,656962,18,656980
5465,657080,12,657092
5466,657159,22,657181
5467,657879,22,657901
5468,657909,7,657916
5469,658069,11,658080
5470,658237,43,658280
5471,658300,12,658312
5472,658427,14,658441
5473,658617,6,658623
5474,658649,38,658687
5475,658730,18,658748
5476,658770,5,658775
5477,658968,25,658993
5478,658999,59,659058
5479,659206,33,659239
5480,659267,20,659287
5481,659320,29,659349
5482,659586,16,659602
5483,659622,5,659627
5484,659675,10,659685
5485,659716,3,659719
5486,659754,14,659768
5487,659781,35,659816
5488,659817,7,659824
5489,659869,29,659898
5490,660138,26,660164
5491,660407,27,660434
5492,660530,10,660540
5493,660579,8,660587
5494,660864,26,660890
5495,661010,12,661022
5496,661066,6,661072
5497,661397,2,661399
5498,661405,21,661426
5499,661466,16,661482
5500,661566,65,661631
5501,661654,7,661661
5502,661860,4,661864
5503,662116,36,662152
5504,662273,12,662285
5505,662330,5,662335
5506,662473,50,662523
5507,662531,16,662547
5508,662627,7,662634
5509,662758,1,662759
5510,662960,28,662988
5511,663006,71,663077
5512,663204,7,663211
5513,663283,31,663314
5514,663321,44,663365
5515,663517,46,663563
5516,663573,12,663585
5517,663603,9,663612
5518,663805,19,663824
5519,663835,4,663839
5520,663881,2,663883
5521,663940,17,663957
5522,664071,3,664074
5523,664085,7,664092
5524,664381,30,664411
5525,664518,29,664547
5526,664567,46,664613
5527,664751,24,664775
5528,664891,11,664902
5529,664948,11,664959
5530,664965,11,664976
5531,665026,4,665030
5532,665129,44,665173
5533,665390,94,665484
5534,665513,64,665577
5535,665584,13,665597
5536,665624,11,665635
5537,665643,34,665677
5538,665854,19,665873
5539,665882,47,665929
5540,666249,2,666251
5541,666353,43,666396
5542,666671,16,666687
5543,666772,2,666774
5544,666882,22,666904
5545,666923,13,666936
5546,666952,17,666969
5547,667022,57,667079
5548,667225,11,667236
5549,667518,38,667556
5550,667619,4,667623
5551,667655,7,667662
5552,667696,10,667706
5553,668055,10,668065
5554,668078,13,668091
5555,668095,14,668109
5556,668208,60,668268
5557,668583,22,668605
5558,668694,37,668731
5559,668958,43,669001
5560,669071,21,669092
5561,669200,41,669241
5562,669261,2,669263
5563,669439,3,669442
5564,669616,23,669639
5565,669701,10,669711
5566,669868,32,669900
5567,669914,7,669921
5568,669997,78,670075
5569,670161,13,670174
5570,670253,41,670294
5571,670333,30,670363
5572,670414,19,670433
5573,670595,16,670611
5574,670700,14,670714
5575,670749,2,670751
5576,670843,19,670862
5577,670919,49,670968
5578,671260,28,671288
5579,671382,68,671450
5580,671735,7,671742
5581,671752,20,671772
5582,671832,14,671846
5583,671866,21,671887
5584,671896,1,671897
5585,672156,14,672170
5586,672293,9,672302
5587,672340,27,672367
5588,672497,1,672498
5589,672512,78,672590
5590,672783,45,672828
5591,672836,28,672864
5592,672911,41,672952
5593,673005,2,673007
5594,673500,9,673509
5595,673587,33,673620
5596,673696,30,673726
5597,673803,23,673826
5598,673990,2,673992
5599,674038,9,674047
5600,674105,5,674110
5601,674172,28,674200
5602,674255,39,674294
5603,674297,1,674298
5604,674331,1,674332
5605,674337,37,674374
5606,674395,17,674412
5607,674444,30,674474
5608,674631,40,674671
5609,674924,15,674939
5610,674946,14,674960
5611,675119,21,675140
5612,675147,3,675150
5613,675174,74,675248
5614,675259,28,675287
5615,675440,10,675450
5616,675609,3,675612
5617,675700,31,675731
5618,675821,25,675846
5619,675860,17,675877
5620,676095,46,676141
5621,676153,1,676154
5622,676225,46,676271
5623,676410,23,676433
5624,676454,21,676475
5625,676476,77,676553
5626,676581,11,676592
5627,676721,10,676731
5628,676755,54,676809
5629,676821,13,676834
5630,676845,2,676847
5631,676852,47,676899
5632,676903,14,676917
5633,677825,16,677841
5634,678048,2,678050
5635,678103,3,678106
5636,678491,10,678501
5637,678517,27,678544
5638,678686,20,678706
5639,678727,43,678770
5640,678846,10,678856
5641,678956,4,678960
5642,679145,11,679156
5643,679218,17,679235
5644,679243,14,679257
5645,679314,58,679372
5646,679599,2,679601
5647,679659,11,679670
5648,679931,46,679977
5649,680037,20,680057
5650,680093,18,680111
5651,680307,8,680315
5652,680354,24,680378
5653,680441,10,680451
5654,680504,3,680507
5655,680531,67,680598
5656,680634,47,680681
5657,680730,8,680738
5658,681044,7,681051
5659,681120,25,681145
5660,681340,13,681353
5661,681413,3,681416
5662,681646,12,681658
5663,681842,6,681848
5664,682032,52,682084
5665,682357,16,682373
5666,682590,14,682604
5667,682647,61,682708
5668,682754,61,682815
5669,682835,14,682849
5670,682968,13,682981
5671,683096,28,683124
5672,683304,5,683309
5673,683482,13,683495
5674,683524,58,683582
5675,683589,1,683590
5676,683788,3,683791
5677,683951,15,683966
5678,683986,2,683988
5679,684028,28,684056
5680,684113,21,684134
5681,684209,3,684212
5682,684305,54,684359
5683,684371,17,684388
5684,684506,16,684522
5685,684587,27,684614
5686,684712,8,684720
5687,684728,50,684778
5688,684923,9,684932
5689,684978,5,684983
5690,685050,14,685064
5691,685112,6,685118
5692,685188,3,685191
5693,685215,11,685226
5694,685406,27,685433
5695,685495,7,685502
5696,685504,12,685516
5697,685588,4,685592
5698,685872,40,685912
5699,685945,9,685954
5700,685957,8,685965
5701,686007,27,686034
5702,686159,6,686165
5703,686188,5,686193
5704,686234,23,686257
5705,686331,22,686353
5706,686373,12,686385
5707,686469,33,686502
5708,686505,12,686517
5709,686538,17,686555
5710,686589,2,686591
5711,686765,26,686791
5712,686877,3,686880
5713,687207,9,687216
5714,687525,19,687544
5715,687553,25,687578
5716,687827,12,687839
5717,687863,8,687871
5718,687960,17,687977
5719,688082,24,688106
5720,688172,56,688228
5721,688272,20,688292
5722,688293,84,688377
5723,688635,27,688662
5724,688821,14,688835
5725,689076,13,689089
5726,689135,3,689138
5727,689307,28,689335
5728,689342,6,689348
5729,689352,57,689409
5730,689748,71,689819
5731,689834,3,689837
5732,689940,34,689974
5733,689977,4,689981
5734,690202,33,690235
5735,690570,21,690591
5736,690601,13,690614
5737,690638,1,690639
5738,690973,16,690989
5739,691084,12,691096
5740,691194,7,691201
5741,691220,32,691252
5742,691267,40,691307
5743,691344,14,691358
5744,691578,4,691582
5745,691595,12,691607
5746,691757,4,691761
5747,691911,18,691929
5748,691951,70,692021
5749,692181,6,692187
5750,692302,14,692316
5751,692760,38,692798
5752,692807,8,692815
5753,693009,6,693015
5754,693196,37,693233
5755,693329,2,693331
5756,693541,24,693565
5757,693696,1,693697
5758,693915,14,693929
5759,694044,10,694054
5760,694085,16,694101
5761,694247,27,694274
5762,694447,9,694456
5763,694496,24,694520
5764,694530,1,694531
5765,694545,14,694559
5766,694654,3,694657
5767,694741,2,694743
5768,694799,71,694870
5769,694883,13,694896
5770,695021,3,695024
5771,695144,45,695189
5772,695210,2,695212
5773,695230,102,695332
5774,695724,8,695732
5775,695877,17,695894
5776,695913,62,695975
5777,696027,14,696041
5778,696104,8,696112
5779,696148,42,696190
5780,696198,27,696225
5781,696330,65,696395
5782,696400,31,696431
5783,696722,18,696740
5784,697516,4,697520
5785,697548,1,697549
5786,697640,4,697644
5787,697670,5,697675
5788,697691,5,697696
5789,697724,22,697746
5790,697804,19,697823
5791,697957,1,697958
5792,697994,13,698007
5793,698086,1,698087
5794,698546,8,698554
5795,698558,15,698573
5796,698698,7,698705
5797,698735,55,698790
5798,698801,20,698821
5799,698904,14,698918
5800,699031,20,699051
5801,699056,5,699061
5802,699251,24,699275
5803,699285,11,699296
5804,699474,18,699492
5805,699545,2,699547
5806,699592,6,699598
5807,699756,35,699791
5808,699881,2,699883
5809,699944,56,700000
5810,700003,37,700040
5811,700219,44,700263
5812,700431,37,700468
5813,700526,1,700527
5814,700941,11,700952
5815,700978,29,701007
5816,701031,31,701062
5817,701155,9,701164
5818,701949,13,701962
5819,701991,10,702001
5820,702002,6,702008
5821,702012,52,702064
5822,702182,67,702249
5823,702327,34,702361
5824,702509,6,702515
5825,702627,4,702631
5826,702813,1,702814
5827,702977,8,702985
5828,703063,13,703076
5829,703089,9,703098
5830,703133,16,703149
5831,703353,28,703381
5832,703414,52,703466
5833,703528,23,703551
5834,703625,2,703627
5835,703733,2,703735
5836,703827,11,703838
5837,703911,4,703915
5838,704216,2,704218
5839,704266,9,704275
5840,704429,5,704434
5841,704473,1,704474
5842,704592,36,704628
5843,704770,2,704772
5844,704871,12,704883
5845,704893,55,704948
5846,705045,14,705059
5847,705319,13,705332
5848,705458,23,705481
5849,705640,20,705660
5850,705850,14,705864
5851,705940,3,705943
5852,706037,3,706040
5853,706107,8,706115
5854,706435,5,706440
5855,706493,2,706495
5856,706547,8,706555
5857,706600,39,706639
5858,706921,52,706973
5859,707003,31,707034
5860,707043,25,707068
5861,707071,29,707100
5862,707199,15,707214
5863,707273,10,707283
5864,707350,11,707361
5865,707501,4,707505
5866,707525,49,707574
5867,707728,50,707778
5868,708004,25,708029
5869,708087,4,708091
5870,708110,8,708118
5871,708154,29,708183
5872,708268,9,708277
5873,708713,14,708727
5874,708766,10,708776
5875,708933,4,708937
5876,709141,25,709166
5877,709341,19,709360
5878,709361,13,709374
5879,709435,10,709445
5880,709528,30,709558
5881,709618,24,709642
5882,709649,20,709669
5883,709674,32,709706
5884,709761,33,709794
5885,709820,5,709825
5886,709857,27,709884
5887,709944,39,709983
5888,710088,97,710185
5889,710421,1,710422
5890,710542,3,710545
5891,710562,41,710603
5892,710614,36,710650
5893,710717,30,710747
5894,710861,31,710892
5895,710998,3,711001
5896,711007,49,711056
5897,711425,16,711441
5898,711575,7,711582
5899,711771,26,711797
5900,711974,3,711977
5901,712068,6,712074
5902,712327,7,712334
5903,712397,3,712400
5904,712442,39,712481
5905,712559,10,712569
5906,712622,9,712631
5907,712660,10,712670
5908,712687,28,712715
5909,712816,12,712828
5910,712874,4,712878
5911,712927,34,712961
5912,712976,25,713001
5913,713004,32,713036
5914,713174,89,713263
5915,713305,14,713319
5916,713603,15,713618
5917,713853,1,713854
5918,713860,38,713898
5919,714023,33,714056
5920,714296,32,714328
5921,714347,67,714414
5922,714449,8,714457
5923,714486,44,714530
5924,714650,12,714662
5925,714665,31,714696
5926,714730,5,714735
5927,714754,9,714763
5928,714811,25,714836
5929,714956,29,714985
5930,715015,6,715021
5931,715056,42,715098
5932,715214,9,715223
5933,715239,9,715248
5934,715293,3,715296
5935,715312,3,715315
5936,715316,26,715342
5937,715506,5,715511
5938,715562,3,715565
5939,715608,16,715624
5940,715750,6,715756
5941,715939,13,715952
5942,716065,21,716086
5943,716374,12,716386
5944,716642,9,716651
5945,716889,76,716965
5946,716970,3,716973
5947,717159,10,717169
5948,717261,49,717310
5949,717901,19,717920
5950,718026,10,718036
5951,718039,6,718045
5952,718073,16,718089
5953,718303,44,718347
5954,718375,9,718384
5955,718534,26,718560
5956,718921,4,718925
5957,719023,10,719033
5958,719106,2,719108
5959,719143,2,719145
5960,719155,32,719187
5961,719195,10,719205
5962,719307,2,719309
5963,719342,11,719353
5964,719357,20,719377
5965,719398,23,719421
5966,719530,2,719532
5967,719648,4,719652
5968,719815,3,719818
5969,719837,52,719889
5970,719916,2,719918
5971,720105,8,720113
5972,720133,10,720143
5973,720244,30,720274
5974,720460,54,720514
5975,720626,14,720640
5976,720688,29,720717
5977,720917,17,720934
5978,720975,21,720996
5979,721085,49,721134
5980,721171,42,721213
5981,721382,42,721424
5982,721485,12,721497
5983,721529,8,721537
5984,721734,2,721736
5985,721747,2,721749
5986,721948,13,721961
5987,722017,20,722037
5988,722077,5,722082
5989,722148,10,722158
5990,722266,19,722285
5991,722311,17,722328
5992,722378,17,722395
5993,722607,6,722613
5994,722680,1,722681
5995,722744,6,722750
5996,722834,8,722842
5997,722863,13,722876
5998,722892,16,722908
5999,722956,80,723036
6000,723160,14,723174
6001,723320,26,723346
6002,723408,16,723424
6003,723607,43,723650
6004,723709,9,723718
6005,723725,32,723757
6006,723789,19,723808
6007,723985,50,724035
6008,724041,3,724044
6009,724067,32,724099
6010,724109,94,724203
6011,724387,12,724399
6012,724459,16,724475
6013,724505,22,724527
6014,724534,60,724594
6015,724639,96,724735
6016,725022,5,725027
6017,725063,6,725069
6018,725285,24,725309
6019,725372,2,725374
6020,725440,31,725471
6021,725960,35,725995
6022,726234,42,726276
6023,726369,25,726394
6024,726397,48,726445
6025,726451,11,726462
6026,726479,6,726485
6027,726498,29,726527
6028,726573,17,726590
6029,726793,26,726819
6030,726884,2,726886
6031,727257,48,727305
6032,727621,1,727622
6033,727801,4,727805
6034,727852,3,727855
6035,727984,1,727985
6036,728277,19,728296
6037,728439,22,728461
6038,728489,18,728507
6039,728539,30,728569
6040,728630,15,728645
6041,728696,17,728713
6042,728869,10,728879
6043,729048,34,729082
6044,729204,39,729243
6045,729252,5,729257
6046,729284,4,729288
6047,729749,23,729772
6048,729774,33,729807
6049,729814,26,729840
6050,729978,7,729985
6051,730244,8,730252
6052,730267,3,730270
6053,730291,33,730324
6054,730461,3,730464
6055,730555,21,730576
6056,730674,2,730676
6057,730880,2,730882
6058,730919,35,730954
6059,730981,7,730988
6060,731064,1,731065
6061,731229,28,731257
6062,731276,22,731298
6063,731439,10,731449
6064,731456,48,731504
6065,731567,43,731610
6066,731721,24,731745
6067,731771,38,731809
6068,731918,58,731976
6069,731991,19,732010
6070,732014,25,732039
6071,732096,32,732128
6072,732130,41,732171
6073,732250,26,732276
6074,732287,10,732297
6075,732303,3,732306
6076,732382,9,732391
6077,732444,16,732460
6078,732467,15,732482
6079,732549,7,732556
6080,732573,30,732603
6081,732627,7,732634
6082,732678,4,732682
6083,732710,58,732768
6084,732790,8,732798
6085,733060,11,733071
6086,733210,3,733213
6087,733487,1,733488
6088,733607,47,733654
6089,733693,4,733697
6090,733744,1,733745
6091,733771,11,733782
6092,733841,10,733851
6093,734132,14,734146
6094,734171,2,734173
6095,734289,54,734343
6096,734390,5,734395
6097,734471,9,734480
6098,734521,3,734524
6099,734565,21,734586
6100,734597,20,734617
6101,734764,66,734830
6102,734941,77,735018
6103,735040,4,735044
6104,735110,31,735141
6105,735149,16,735165
6106,735331,19,735350
6107,735521,61,735582
6108,735864,12,735876
6109,735885,12,735897
6110,735951,3,735954
6111,736125,10,736135
6112,736360,37,736397
6113,736488,3,736491
6114,736716,59,736775
6115,736830,7,736837
6116,737134,3,737137
6117,737150,4,737154
6118,737159,8,737167
6119,737216,2,737218
6120,737285,41,737326
6121,737539,10,737549
6122,737569,2,737571
6123,737708,21,737729
6124,737799,6,737805
6125,737942,3,737945
6126,738213,13,738226
6127,738282,5,738287
6128,738326,5,738331
6129,738463,43,738506
6130,738633,4,738637
6131,738644,29,738673
6132,738820,7,738827
6133,738910,18,738928
6134,738930,6,738936
6135,739072,20,739092
6136,739185,3,739188
6137,739240,28,739268
6138,739309,7,739316
6139,739327,5,739332
6140,739390,4,739394
6141,739464,3,739467
6142,739548,28,739576
6143,739861,64,739925
6144,739994,38,740032
6145,740209,29,740238
6146,740284,34,740318
6147,740322,2,740324
6148,740378,23,740401
6149,740644,4,740648
6150,740683,88,740771
6151,740983,12,740995
6152,741001,39,741040
6153,741158,20,741178
6154,741261,5,741266
6155,741384,14,741398
6156,741456,10,741466
6157,741534,19,741553
6158,741591,11,741602
6159,741644,31,741675
6160,741706,3,741709
6161,741738,81,741819
6162,741900,7,741907
6163,741913,23,741936
6164,741977,13,741990
6165,742224,16,742240
6166,742250,9,742259
6167,742300,29,742329
6168,742379,28,742407
6169,742505,12,742517
6170,742532,7,742539
6171,742578,4,742582
6172,742583,12,742595
6173,742635,15,742650
6174,742792,5,742797
6175,742821,20,742841
6176,742850,29,742879
6177,742969,14,742983
6178,743022,3,743025
6179,743054,57,743111
6180,743136,24,743160
6181,743195,9,743204
6182,743228,7,743235
6183,743354,10,743364
6184,743559,29,743588
6185,743670,8,743678
6186,743748,10,743758
6187,743779,17,743796
6188,743914,63,743977
6189,744142,4,744146
6190,744190,6,744196
6191,744199,4,744203
6192,744319,14,744333
6193,744453,106,744559
6194,744603,5,744608
6195,744645,2,744647
6196,744670,30,744700
6197,744719,3,744722
6198,744759,7,744766
6199,744857,21,744878
6200,744886,1,744887
6201,745011,8,745019
6202,745185,48,745233
6203,745237,38,745275
6204,745301,43,745344
6205,745359,18,745377
6206,745730,19,745749
6207,745792,19,745811
6208,746135,24,746159
6209,746522,22,746544
6210,746551,6,746557
6211,746801,11,746812
6212,746862,9,746871
6213,746905,25,746930
6214,747168,8,747176
6215,747413,3,747416
6216,747642,72,747714
6217,747843,7,747850
6218,747963,21,747984
6219,747991,24,748015
6220,748019,18,748037
6221,748306,73,748379
6222,748397,25,748422
6223,748474,12,748486
6224,748602,1,748603
6225,748623,7,748630
6226,748706,32,748738
6227,748773,29,748802
6228,748930,66,748996
6229,749108,12,749120
6230,749267,32,749299
6231,749545,28,749573
6232,749692,27,749719
6233,749826,46,749872
6234,749952,3,749955
6235,750074,9,750083
6236,750192,8,750200
6237,750299,6,750305
6238,750310,17,750327
6239,750395,18,750413
6240,750529,1,750530
6241,750622,11,750633
6242,750701,25,750726
6243,751119,12,751131
6244,751204,10,751214
6245,751225,11,751236
6246,751256,28,751284
6247,751592,19,751611
6248,751638,11,751649
6249,751700,9,751709
6250,752133,33,752166
6251,752279,6,752285
6252,752388,7,752395
6253,752407,11,752418
6254,752420,46,752466
6255,752554,5,752559
6256,752630,2,752632
6257,752673,57,752730
6258,752758,20,752778
6259,752901,68,752969
6260,752988,10,752998
6261,753126,21,753147
6262,753169,3,753172
6263,753195,46,753241
6264,753482,40,753522
6265,753571,7,753578
6266,753649,33,753682
6267,754020,9,754029
6268,754097,14,754111
6269,754143,77,754220
6270,754362,114,754476
6271,754536,26,754562
6272,754641,14,754655
6273,754698,23,754721
6274,754852,15,754867
6275,755017,10,755027
6276,755113,43,755156
6277,755234,18,755252
6278,755493,26,755519
6279,755532,13,755545
6280,755579,48,755627
6281,755665,6,755671
6282,755717,70,755787
6283,755839,35,755874
6284,755882,19,755901
6285,755975,4,755979
6286,755994,4,755998
6287,756067,28,756095
6288,756096,4,756100
6289,756152,8,756160
6290,756183,5,756188
6291,756558,15,756573
6292,756589,30,756619
6293,756907,41,756948
6294,757033,12,757045
6295,757223,2,757225
6296,757351,40,757391
6297,757430,37,757467
6298,757565,76,757641
6299,757684,1,757685
6300,757943,29,757972
6301,758016,12,758028
6302,758039,16,758055
6303,758061,13,758074
6304,758078,21,758099
6305,758303,3,758306
6306,758473,17,758490
6307,758545,6,758551
6308,758946,9,758955
6309,759152,33,759185
6310,759244,20,759264
6311,759294,20,759314
6312,759381,14,759395
6313,759485,20,759505
6314,759591,6,759597
6315,759678,12,759690
6316,759701,55,759756
6317,760095,77,760172
6318,760344,26,760370
6319,760496,7,760503
6320,760711,67,760778
6321,760799,46,760845
6322,761028,12,761040
6323,761199,34,761233
6324,761235,9,761244
6325,761281,37,761318
6326,761363,6,761369
6327,761440,14,761454
6328,761464,10,761474
6329,761702,9,761711
6330,761782,32,761814
6331,761965,52,762017
6332,762179,36,762215
6333,762289,31,762320
6334,762439,18,762457
6335,762482,9,762491
6336,762508,36,762544
6337,762566,6,762572
6338,762574,47,762621
6339,762727,36,762763
6340,762909,3,762912
6341,763106,1,763107
6342,763108,33,763141
6343,763460,42,763502
6344,763581,57,763638
6345,763648,14,763662
6346,763806,1,763807
6347,763911,30,763941
6348,764127,78,764205
6349,764220,17,764237
6350,764266,4,764270
6351,764533,18,764551
6352,764552,20,764572
6353,764584,7,764591
6354,764594,14,764608
6355,764622,30,764652
6356,764659,13,764672
6357,764695,6,764701
6358,764728,56,764784
6359,764802,58,764860
6360,765473,10,765483
6361,765491,35,765526
6362,766291,11,766302
6363,766324,15,766339
6364,766349,6,766355
6365,766455,42,766497
6366,766663,12,766675
6367,766732,21,766753
6368,766884,21,766905
6369,767470,14,767484
6370,767717,22,767739
6371,767809,4,767813
6372,767958,12,767970
6373,768071,8,768079
6374,768175,3,768178
6375,768236,43,768279
6376,768332,15,768347
6377,768484,2,768486
6378,768517,16,768533
6379,768535,41,768576
6380,768656,7,768663
6381,768762,20,768782
6382,768784,48,768832
6383,768911,6,768917
6384,768983,13,768996
6385,769098,15,769113
6386,769304,22,769326
6387,769390,24,769414
6388,769542,30,769572
6389,769573,31,769604
6390,769641,14,769655
6391,769789,72,769861
6392,769888,40,769928
6393,769962,13,769975
6394,770078,9,770087
6395,770373,23,770396
6396,770737,1,770738
6397,770776,12,770788
6398,770890,106,770996
6399,771018,4,771022
6400,771253,12,771265
6401,771427,14,771441
6402,771478,14,771492
6403,771533,30,771563
6404,771585,9,771594
6405,771694,8,771702
6406,771825,26,771851
6407,772000,13,772013
6408,772028,16,772044
6409,772146,3,772149
6410,772165,19,772184
6411,772228,1,772229
6412,772268,24,772292
6413,772461,16,772477
6414,772551,38,772589
6415,772628,39,772667
6416,772668,15,772683
6417,772728,1,772729
6418,772892,7,772899
6419,773056,3,773059
6420,773214,7,773221
6421,773331,3,773334
6422,773345,15,773360
6423,773506,96,773602
6424,773645,41,773686
6425,773834,8,773842
6426,773856,2,773858
6427,774009,14,774023
6428,774242,10,774252
6429,774272,33,774305
6430,774306,10,774316
6431,774497,28,774525
6432,774637,20,774657
6433,774767,43,774810
6434,774818,11,774829
6435,774954,27,774981
6436,775112,32,775144
6437,775215,8,775223
6438,775227,36,775263
6439,775761,47,775808
6440,775832,25,775857
6441,775887,142,776029
6442,776131,4,776135
6443,776285,5,776290
6444,776481,11,776492
6445,776538,8,776546
6446,776550,11,776561
6447,776710,6,776716
6448,776786,11,776797
6449,776813,20,776833
6450,776929,33,776962
6451,776981,14,776995
6452,777039,19,777058
6453,777101,20,777121
6454,777184,10,777194
6455,777198,16,777214
6456,777236,96,777332
6457,777353,14,777367
6458,777678,42,777720
6459,777753,3,777756
6460,777767,15,777782
6461,777807,86,777893
6462,777901,8,777909
6463,778064,4,778068
6464,778074,1,778075
6465,778110,13,778123
6466,778208,24,778232
6467,778304,15,778319
6468,778445,5,778450
6469,778601,3,778604
6470,778695,15,778710
6471,778730,2,778732
6472,778750,3,778753
6473,778799,8,778807
6474,778836,24,778860
6475,778921,1,778922
6476,779092,5,779097
6477,779117,5,779122
6478,779155,34,779189
6479,779306,14,779320
6480,779355,1,779356
6481,779492,48,779540
6482,779640,5,779645
6483,779758,4,779762
6484,779802,19,779821
6485,779886,3,779889
6486,779899,13,779912
6487,779951,82,780033
6488,780043,38,780081
6489,780161,10,780171
6490,780202,32,780234
6491,780794,10,780804
6492,780921,22,780943
6493,780972,12,780984
6494,781035,6,781041
6495,781089,12,781101
6496,781108,29,781137
6497,781241,29,781270
6498,781394,31,781425
6499,781428,16,781444
6500,781962,9,781971
6501,782268,11,782279
6502,782324,43,782367
6503,782379,14,782393
6504,782426,17,782443
6505,782726,26,782752
6506,782951,3,782954
6507,782965,11,782976
6508,783089,38,783127
6509,783265,43,783308
6510,783346,28,783374
6511,783457,17,783474
6512,783629,14,783643
6513,783749,30,783779
6514,784061,1,784062
6515,784068,45,784113
6516,784276,43,784319
6517,784456,52,784508
6518,784689,24,784713
6519,784785,28,784813
6520,785061,4,785065
6521,785341,12,785353
6522,785356,1,785357
6523,785383,18,785401
6524,785618,1,785619
6525,786024,12,786036
6526,786050,15,786065
6527,786141,8,786149
6528,786202,17,786219
6529,786396,38,786434
6530,786497,1,786498
6531,786516,29,786545
6532,786548,13,786561
6533,786695,45,786740
6534,786747,54,786801
6535,786864,2,786866
6536,786937,68,787005
6537,787033,17,787050
6538,787360,2,787362
6539,787381,7,787388
6540,787540,5,787545
6541,787563,8,787571
6542,787615,58,787673
6543,787806,7,787813
6544,788232,22,788254
6545,788486,26,788512
6546,788737,17,788754
6547,788868,43,788911
6548,789002,13,789015
6549,789119,3,789122
6550,789235,8,789243
6551,789357,15,789372
6552,789860,46,789906
6553,789917,17,789934
6554,789971,39,790010
6555,790095,10,790105
6556,790206,7,790213
6557,790242,8,790250
6558,790475,14,790489
6559,790561,10,790571
6560,790583,1,790584
6561,790616,61,790677
6562,790771,4,790775
6563,790825,11,790836
6564,790962,7,790969
6565,791000,30,791030
6566,791105,40,791145
6567,791187,10,791197
6568,791430,92,791522
6569,791702,23,791725
6570,791948,15,791963
6571,791967,1,791968
6572,792652,43,792695
6573,792922,17,792939
6574,792982,20,793002
6575,793120,37,793157
6576,793261,19,793280
6577,793576,5,793581
6578,793707,66,793773
6579,793816,13,793829
6580,794119,1,794120
6581,794126,5,794131
6582,794152,9,794161
6583,794616,88,794704
6584,794737,62,794799
6585,794803,4,794807
6586,795254,6,795260
6587,795265,2,795267
6588,795269,78,795347
6589,795521,4,795525
6590,795734,1,795735
6591,795736,26,795762
6592,795784,38,795822
6593,796046,22,796068
6594,796168,89,796257
6595,796276,20,796296
6596,796342,28,796370
6597,796372,43,796415
6598,796505,16,796521
6599,796590,82,796672
6600,796753,15,796768
6601,796786,2,796788
6602,796893,2,796895
6603,796976,10,796986
6604,797421,14,797435
6605,797522,10,797532
6606,797562,23,797585
6607,797640,27,797667
6608,797894,5,797899
6609,797964,10,797974
6610,798102,17,798119
6611,798157,10,798167
6612,798234,39,798273
6613,798404,22,798426
6614,798689,31,798720
6615,798773,7,798780
6616,798818,20,798838
6617,798843,9,798852
6618,798898,51,798949
6619,798962,34,798996
6620,799020,14,799034
6621,799036,70,799106
6622,799170,48,799218
6623,799362,40,799402
6624,799419,67,799486
6625,799511,21,799532
6626,799623,26,799649
6627,799664,3,799667
6628,799699,12,799711
6629,799733,19,799752
6630,799827,25,799852
6631,799952,22,799974
6632,800003,3,800006
6633,800100,15,800115
6634,800259,40,800299
6635,800303,47,800350
6636,800409,36,800445
6637,800530,5,800535
6638,800673,7,800680
6639,800775,36,800811
6640,800865,2,800867
6641,800885,59,800944
6642,801027,6,801033
6643,801067,1,801068
6644,801097,15,801112
6645,801152,28,801180
6646,801250,29,801279
6647,801319,15,801334
6648,801401,19,801420
6649,801453,46,801499
6650,801546,54,801600
6651,801620,2,801622
6652,801815,11,801826
6653,801842,81,801923
6654,801958,2,801960
6655,801963,2,801965
6656,802000,1,802001
6657,802328,15,802343
6658,802449,9,802458
6659,803122,5,803127
6660,803128,45,803173
6661,803181,29,803210
6662,803211,18,803229
6663,803277,78,803355
6664,803356,20,803376
6665,803395,101,803496
6666,803564,42,803606
6667,803636,11,803647
6668,803659,50,803709
6669,803722,10,803732
6670,803763,67,803830
6671,803832,3,803835
6672,803851,31,803882
6673,803895,28,803923
6674,804142,17,804159
6675,804192,23,804215
6676,804291,29,804320
6677,804469,47,804516
6678,804549,9,804558
6679,804567,39,804606
6680,804826,22,804848
6681,804915,36,804951
6682,805023,37,805060
6683,805295,71,805366
6684,805634,18,805652
6685,805714,20,805734
6686,805856,10,805866
6687,805940,1,805941
6688,806148,25,806173
6689,806255,15,806270
6690,806394,9,806403
6691,806438,9,806447
6692,806541,30,806571
6693,806822,14,806836
6694,806898,4,806902
6695,806936,21,806957
6696,806976,16,806992
6697,807159,38,807197
6698,807438,3,807441
6699,807672,60,807732
6700,807736,11,807747
6701,807764,5,807769
6702,807943,10,807953
6703,807979,18,807997
6704,808159,35,808194
6705,808286,4,808290
6706,808382,2,808384
6707,808394,5,808399
6708,808491,1,808492
6709,808532,26,808558
6710,808596,6,808602
6711,808761,10,808771
6712,808860,63,808923
6713,808933,4,808937
6714,809216,21,809237
6715,809663,15,809678
6716,809865,10,809875
6717,810154,17,810171
6718,810403,15,810418
6719,810445,20,810465
6720,810470,2,810472
6721,810499,14,810513
6722,810527,1,810528
6723,810536,30,810566
6724,810658,8,810666
6725,810717,5,810722
6726,810776,27,810803
6727,810957,44,811001
6728,811692,16,811708
6729,811778,13,811791
6730,811928,11,811939
6731,812132,24,812156
6732,812198,16,812214
6733,812382,3,812385
6734,812532,5,812537
6735,812665,8,812673
6736,812712,3,812715
6737,812763,5,812768
6738,812957,35,812992
6739,813089,2,813091
6740,813275,7,813282
6741,813297,15,813312
6742,813771,2,813773
6743,813881,28,813909
6744,813918,20,813938
6745,813968,148,814116
6746,814255,9,814264
6747,814299,5,814304
6748,814326,54,814380
6749,814531,10,814541
6750,814568,24,814592
6751,814675,12,814687
6752,814818,9,814827
6753,814987,16,815003
6754,815079,46,815125
6755,815305,4,815309
6756,815350,13,815363
6757,815531,1,815532
6758,815559,15,815574
6759,815603,7,815610
6760,815925,15,815940
6761,816182,4,816186
6762,816208,9,816217
6763,816290,11,816301
6764,816357,19,816376
6765,816393,1,816394
6766,816594,1,816595
6767,816694,10,816704
6768,816721,9,816730
6769,816732,4,816736
6770,816808,3,816811
6771,816940,8,816948
6772,816965,1,816966
6773,816970,30,817000
6774,817052,5,817057
6775,817309,14,817323
6776,817334,24,817358
6777,817369,14,817383
6778,817756,26,817782
6779,817807,4,817811
6780,817937,25,817962
6781,818025,6,818031
6782,818419,54,818473
6783,818483,2,818485
6784,818792,4,818796
6785,818826,44,818870
6786,818999,22,819021
6787,819032,65,819097
6788,819321,41,819362
6789,819369,2,819371
6790,819382,56,819438
6791,819680,16,819696
6792,819953,19,819972
6793,820115,6,820121
6794,820208,34,820242
6795,820364,4,820368
6796,820432,43,820475
6797,820710,54,820764
6798,820947,9,820956
6799,821089,63,821152
6800,821332,74,821406
6801,821445,9,821454
6802,821458,1,821459
6803,821482,23,821505
6804,821553,2,821555
6805,821633,18,821651
6806,821685,18,821703
6807,821713,5,821718
6808,821792,12,821804
6809,821839,1,821840
6810,821927,23,821950
6811,822149,25,822174
6812,822262,7,822269
6813,822318,3,822321
6814,822407,32,822439
6815,822464,3,822467
6816,822753,20,822773
6817,822776,17,822793
6818,822895,71,822966
6819,823086,14,823100
6820,823228,20,823248
6821,823316,36,823352
6822,823460,7,823467
6823,823509,23,823532
6824,823535,5,823540
6825,823548,5,823553
6826,823575,16,823591
6827,823630,45,823675
6828,823800,13,823813
6829,823910,7,823917
6830,823941,15,823956
6831,823978,3,823981
6832,824122,2,824124
6833,824143,20,824163
6834,824228,41,824269
6835,824272,6,824278
6836,824330,11,824341
6837,824446,26,824472
6838,824609,7,824616
6839,825004,14,825018
6840,825064,26,825090
6841,825182,1,825183
6842,825196,1,825197
6843,825241,28,825269
6844,825327,2,825329
6845,825346,40,825386
6846,825434,42,825476
6847,825524,21,825545
6848,825714,10,825724
6849,825801,8,825809
6850,825837,34,825871
6851,826040,6,826046
6852,826137,3,826140
6853,826177,2,826179
6854,826228,47,826275
6855,826303,34,826337
6856,826358,7,826365
6857,826619,11,826630
6858,826709,60,826769
6859,826954,33,826987
6860,827039,12,827051
6861,827055,33,827088
6862,827244,8,827252
6863,827667,33,827700
6864,827725,6,827731
6865,827875,13,827888
6866,828231,2,828233
6867,828445,13,828458
6868,828503,6,828509
6869,828630,41,828671
6870,828727,12,828739
6871,828754,15,828769
6872,828801,1,828802
6873,828835,12,828847
6874,828992,7,828999
6875,829077,9,829086
6876,829345,3,829348
6877,829350,32,829382
6878,829412,94,829506
6879,829697,19,829716
6880,829804,5,829809
6881,829859,31,829890
6882,829905,64,829969
6883,830043,6,830049
6884,830304,24,830328
6885,830382,7,830389
6886,830508,14,830522
6887,830601,2,830603
6888,830670,1,830671
6889,830971,7,830978
6890,831340,10,831350
6891,831353,56,831409
6892,831623,1,831624
6893,831673,19,831692
6894,831806,2,831808
6895,831933,17,831950
6896,831995,4,831999
6897,832130,72,832202
6898,832351,11,832362
6899,832401,4,832405
6900,832643,10,832653
6901,832688,34,832722
6902,832730,3,832733
6903,832908,21,832929
6904,833109,2,833111
6905,833125,11,833136
6906,833367,31,833398
6907,833418,17,833435
6908,833445,6,833451
6909,833510,34,833544
6910,833757,63,833820
6911,834144,11,834155
6912,834176,25,834201
6913,834202,2,834204
6914,834318,18,834336
6915,834383,42,834425
6916,834487,6,834493
6917,834501,3,834504
6918,834657,43,834700
6919,834779,13,834792
6920,835005,20,835025
6921,835101,3,835104
6922,835143,3,835146
6923,835192,3,835195
6924,835246,42,835288
6925,835487,32,835519
6926,835539,34,835573
6927,835574,7,835581
6928,835780,13,835793
6929,835794,19,835813
6930,835833,6,835839
6931,835885,58,835943
6932,835946,7,835953
6933,835970,18,835988
6934,836078,41,836119
6935,836124,13,836137
6936,836194,6,836200
6937,836401,2,836403
6938,836421,5,836426
6939,836547,4,836551
6940,836609,9,836618
6941,837072,49,837121
6942,837217,1,837218
6943,837264,11,837275
6944,837316,2,837318
6945,837356,11,837367
6946,837540,74,837614
6947,837647,10,837657
6948,837840,5,837845
6949,838136,22,838158
6950,838261,6,838267
6951,838311,18,838329
6952,838364,36,838400
6953,838490,2,838492
6954,838511,11,838522
6955,838532,79,838611
6956,838743,15,838758
6957,838803,3,838806
6958,839218,6,839224
6959,839252,3,839255
6960,839300,3,839303
6961,839457,44,839501
6962,839511,17,839528
6963,839739,38,839777
6964,839954,21,839975
6965,839994,1,839995
6966,840036,13,840049
6967,840104,7,840111
6968,840117,47,840164
6969,840846,4,840850
6970,840924,45,840969
6971,841019,9,841028
6972,841355,17,841372
6973,841390,51,841441
6974,841500,2,841502
6975,841572,14,841586
6976,841733,19,841752
6977,841804,3,841807
6978,841850,21,841871
6979,841925,12,841937
6980,841997,7,842004
6981,842245,27,842272
6982,842295,7,842302
6983,842305,13,842318
6984,842406,85,842491
6985,842574,33,842607
6986,842680,10,842690
6987,842754,16,842770
6988,842797,12,842809
6989,842956,27,842983
6990,843082,7,843089
6991,843166,5,843171
6992,843183,9,843192
6993,843330,44,843374
6994,843488,22,843510
6995,843677,50,843727
6996,843755,20,843775
6997,843883,46,843929
6998,844007,19,844026
6999,844159,53,844212
7000,844225,8,844233
7001,844248,2,844250
7002,844785,14,844799
7003,844913,36,844949
7004,845042,1,845043
7005,845053,16,845069
7006,845271,9,845280
7007,845287,7,845294
7008,845431,12,845443
7009,845455,14,845469
7010,845633,18,845651
7011,845661,10,845671
7012,845823,2,845825
7013,845996,16,846012
7014,846070,50,846120
7015,846215,18,846233
7016,846271,10,846281
7017,846290,35,846325
7018,846539,17,846556
7019,846578,12,846590
7020,846703,26,846729
7021,846744,26,846770
7022,846956,12,846968
7023,847216,1,847217
7024,847392,23,847415
7025,847487,13,847500
7026,847639,20,847659
7027,847718,6,847724
7028,847732,19,847751
7029,847787,32,847819
7030,847887,6,847893
7031,848030,15,848045
7032,848106,33,848139
7033,848269,4,848273
7034,848360,25,848385
7035,848387,16,848403
7036,848453,19,848472
7037,848791,2,848793
7038,848814,4,848818
7039,848861,22,848883
7040,848942,7,848949
7041,849102,7,849109
7042,849337,52,849389
7043,849602,4,849606
7044,849643,18,849661
7045,849748,46,849794
7046,849872,9,849881
7047,849919,23,849942
7048,850068,53,850121
7049,850171,10,850181
7050,850193,47,850240
7051,850255,18,850273
7052,850358,17,850375
7053,850406,5,850411
7054,850460,8,850468
7055,850590,16,850606
7056,850617,31,850648
7057,850689,76,850765
7058,850780,41,850821
7059,851019,8,851027
7060,851216,14,851230
7061,851287,7,851294
7062,851301,2,851303
7063,851378,12,851390
7064,851418,29,851447
7065,851488,11,851499
7066,851542,17,851559
7067,851767,41,851808
7068,851978,32,852010
7069,852226,13,852239
7070,852449,2,852451
7071,852508,11,852519
7072,852641,19,852660
7073,852666,15,852681
7074,852956,99,853055
7075,853184,9,853193
7076,853388,38,853426
7077,853427,12,853439
7078,853461,23,853484
7079,853501,12,853513
7080,853574,9,853583
7081,853609,2,853611
7082,853620,43,853663
7083,853858,12,853870
7084,854419,2,854421
7085,854430,4,854434
7086,854484,20,854504
7087,854542,3,854545
7088,854630,7,854637
7089,854701,1,854702
7090,854746,7,854753
7091,854869,25,854894
7092,854922,11,854933
7093,854989,11,855000
7094,855074,1,855075
7095,855267,14,855281
7096,855549,58,855607
7097,855728,16,855744
7098,855764,54,855818
7099,855996,105,856101
7100,856172,13,856185
7101,856316,29,856345
7102,856350,14,856364
7103,856400,4,856404
7104,856529,35,856564
7105,856641,17,856658
7106,856670,19,856689
7107,856772,22,856794
7108,856851,13,856864
7109,856888,2,856890
7110,856970,12,856982
7111,857147,12,857159
7112,857235,6,857241
7113,857438,36,857474
7114,857584,22,857606
7115,857730,46,857776
7116,857797,7,857804
7117,857895,5,857900
7118,857967,84,858051
7119,858092,7,858099
7120,858118,6,858124
7121,858137,8,858145
7122,858362,62,858424
7123,858651,16,858667
7124,858819,1,858820
7125,858837,12,858849
7126,858906,49,858955
7127,859224,8,859232
7128,859313,29,859342
7129,859550,1,859551
7130,859611,39,859650
7131,859843,2,859845
7132,860063,43,860106
7133,860150,18,860168
7134,860176,24,860200
7135,860253,9,860262
7136,860476,5,860481
7137,860558,8,860566
7138,860604,9,860613
7139,860673,49,860722
7140,860776,11,860787
7141,861208,6,861214
7142,861311,2,861313
7143,861488,71,861559
7144,861620,39,861659
7145,861731,13,861744
7146,861764,6,861770
7147,861888,7,861895
7148,862006,20,862026
7149,862172,10,862182
7150,862211,43,862254
7151,862263,45,862308
7152,862359,26,862385
7153,862425,10,862435
7154,862493,23,862516
7155,862696,7,862703
7156,862861,24,862885
7157,862896,23,862919
7158,862981,9,862990
7159,863192,9,863201
7160,863304,7,863311
7161,863324,39,863363
7162,863423,23,863446
7163,863467,6,863473
7164,863584,12,863596
7165,863850,47,863897
7166,864005,63,864068
7167,864137,30,864167
7168,864172,30,864202
7169,864244,34,864278
7170,864280,13,864293
7171,864322,95,864417
7172,864479,24,864503
7173,864511,2,864513
7174,864541,26,864567
7175,864800,33,864833
7176,864893,25,864918
7177,864973,12,864985
7178,864995,19,865014
7179,865029,31,865060
7180,865131,6,865137
7181,865139,21,865160
7182,865596,6,865602
7183,865669,7,865676
7184,865948,11,865959
7185,866014,47,866061
7186,866326,4,866330
7187,866381,9,866390
7188,866417,35,866452
7189,866457,42,866499
7190,866538,33,866571
7191,866642,14,866656
7192,866943,28,866971
7193,867003,35,867038
7194,867121,25,867146
7195,867154,6,867160
7196,867371,3,867374
7197,867498,14,867512
7198,867707,21,867728
7199,867889,14,867903
7200,868164,1,868165
7201,868171,35,868206
7202,868209,10,868219
7203,868431,18,868449
7204,868458,10,868468
7205,868537,52,868589
7206,868646,12,868658
7207,868916,36,868952
7208,869071,14,869085
7209,869137,4,869141
7210,869144,19,869163
7211,869339,3,869342
7212,869392,16,869408
7213,869447,3,869450
7214,869546,20,869566
7215,869591,114,869705
7216,869773,126,869899
7217,870089,9,870098
7218,870146,2,870148
7219,870232,30,870262
7220,870330,12,870342
7221,870407,17,870424
7222,870609,11,870620
7223,870855,10,870865
7224,870882,4,870886
7225,870904,6,870910
7226,871039,5,871044
7227,871094,23,871117
7228,871226,13,871239
7229,871351,7,871358
7230,871477,30,871507
7231,871552,15,871567
7232,871647,41,871688
7233,871770,47,871817
7234,871895,6,871901
7235,872066,34,872100
7236,872194,2,872196
7237,872605,11,872616
7238,872625,1,872626
7239,872935,49,872984
7240,872996,28,873024
7241,873187,9,873196
7242,873300,2,873302
7243,873334,45,873379
7244,873560,12,873572
7245,873643,4,873647
7246,873795,17,873812
7247,873993,48,874041
7248,874255,20,874275
7249,874282,14,874296
7250,874426,30,874456
7251,874459,31,874490
7252,874703,17,874720
7253,874960,6,874966
7254,874990,7,874997
7255,875210,5,875215
7256,875419,60,875479
7257,875663,24,875687
7258,875823,33,875856
7259,875865,22,875887
7260,875926,26,875952
7261,875963,4,875967
7262,875995,2,875997
7263,876082,10,876092
7264,876160,16,876176
7265,876376,41,876417
7266,876423,85,876508
7267,876691,6,876697
7268,876733,74,876807
7269,876949,31,876980
7270,876995,6,877001
7271,877087,31,877118
7272,877196,12,877208
7273,877292,18,877310
7274,877448,10,877458
7275,877524,21,877545
7276,877647,24,877671
7277,877706,6,877712
7278,877795,19,877814
7279,877961,13,877974
7280,878001,5,878006
7281,878191,31,878222
7282,878348,45,878393
7283,878451,21,878472
7284,878647,9,878656
7285,878690,22,878712
7286,878936,4,878940
7287,879189,3,879192
7288,879442,79,879521
7289,879691,19,879710
7290,879745,20,879765
7291,879770,1,879771
7292,879794,14,879808
7293,879872,1,879873
7294,879885,36,879921
7295,879963,3,879966
7296,879983,89,880072
7297,880126,22,880148
7298,880235,62,880297
7299,880307,24,880331
7300,880507,2,880509
7301,880558,1,880559
7302,880622,16,880638
7303,880707,11,880718
7304,880735,27,880762
7305,880804,116,880920
7306,880926,24,880950
7307,880973,5,880978
7308,880988,31,881019
7309,881105,11,881116
7310,881382,17,881399
7311,881465,9,881474
7312,881588,15,881603
7313,881607,50,881657
7314,881983,28,882011
7315,882041,11,882052
7316,882078,25,882103
7317,882272,10,882282
7318,882523,33,882556
7319,882635,12,882647
7320,882746,8,882754
7321,882860,5,882865
7322,882884,27,882911
7323,882999,33,883032
7324,883240,35,883275
7325,883499,1,883500
7326,883575,65,883640
7327,883677,98,883775
7328,883862,2,883864
7329,883968,20,883988
7330,884073,19,884092
7331,884256,1,884257
7332,884288,10,884298
7333,884301,2,884303
7334,884315,3,884318
7335,884402,21,884423
7336,884424,17,884441
7337,884505,18,884523
7338,884609,2,884611
7339,884651,3,884654
7340,884729,10,884739
7341,884878,6,884884
7342,884956,18,884974
7343,885006,5,885011
7344,885162,6,885168
7345,885268,45,885313
7346,885491,16,885507
7347,885544,20,885564
7348,885580,18,885598
7349,886051,4,886055
7350,886086,16,886102
7351,886132,15,886147
7352,886200,13,886213
7353,886260,64,886324
7354,886422,33,886455
7355,886459,6,886465
7356,886867,40,886907
7357,887041,62,887103
7358,887143,2,887145
7359,887230,4,887234
7360,887280,3,887283
7361,887340,22,887362
7362,887424,23,887447
7363,887733,19,887752
7364,888116,6,888122
7365,888129,1,888130
7366,888208,8,888216
7367,888299,19,888318
7368,888516,3,888519
7369,888561,13,888574
7370,888672,11,888683
7371,888785,11,888796
7372,888842,13,888855
7373,888921,6,888927
7374,888992,4,888996
7375,889002,32,889034
7376,889069,6,889075
7377,889479,23,889502
7378,889584,42,889626
7379,889648,24,889672
7380,889677,18,889695
7381,889755,58,889813
7382,889897,3,889900
7383,890078,27,890105
7384,890121,7,890128
7385,890136,2,890138
7386,890470,3,890473
7387,890523,47,890570
7388,890616,3,890619
7389,890641,7,890648
7390,890767,2,890769
7391,891020,40,891060
7392,891170,14,891184
7393,891255,32,891287
7394,891373,6,891379
7395,891491,6,891497
7396,891522,35,891557
7397,891573,9,891582
7398,891661,15,891676
7399,892095,18,892113
7400,892187,21,892208
7401,892273,3,892276
7402,892312,21,892333
7403,892554,13,892567
7404,892633,65,892698
7405,892780,1,892781
7406,892853,6,892859
7407,892897,19,892916
7408,892927,15,892942
7409,893041,29,893070
7410,893341,8,893349
7411,893473,5,893478
7412,893514,4,893518
7413,893535,33,893568
7414,893577,56,893633
7415,893660,1,893661
7416,893778,11,893789
7417,893928,6,893934
7418,893971,11,893982
7419,894029,6,894035
7420,894134,28,894162
7421,894165,17,894182
7422,894205,7,894212
7423,894260,6,894266
7424,894289,4,894293
7425,894354,5,894359
7426,894364,2,894366
7427,894395,4,894399
7428,894424,43,894467
7429,894566,15,894581
7430,894976,14,894990
7431,895095,33,895128
7432,895516,4,895520
7433,895608,17,895625
7434,896117,30,896147
7435,896276,23,896299
7436,896318,92,896410
7437,896455,23,896478
7438,896625,15,896640
7439,896809,25,896834
7440,897061,18,897079
7441,897099,5,897104
7442,897164,9,897173
7443,897180,33,897213
7444,897338,16,897354
7445,897476,6,897482
7446,897529,14,897543
7447,897811,22,897833
7448,898309,9,898318
7449,898414,4,898418
7450,898562,40,898602
7451,898646,13,898659
7452,898780,40,898820
7453,899003,4,899007
7454,899055,21,899076
7455,899166,3,899169
7456,899297,23,899320
7457,899386,4,899390
7458,899442,5,899447
7459,899498,14,899512
7460,899531,14,899545
7461,899661,2,899663
7462,899728,25,899753
7463,899931,15,899946
7464,899962,16,899978
7465,900068,9,900077
7466,900161,12,900173
7467,900259,12,900271
7468,900285,44,900329
7469,900475,5,900480
7470,900493,66,900559
7471,900628,7,900635
7472,900787,47,900834
7473,900850,17,900867
7474,900954,50,901004
7475,901040,27,901067
7476,901189,8,901197
7477,901372,13,901385
7478,901527,25,901552
7479,901565,8,901573
7480,901660,22,901682
7481,901708,36,901744
7482,901793,12,901805
7483,901862,1,901863
7484,902066,8,902074
7485,902159,36,902195
7486,902279,9,902288
7487,902311,38,902349
7488,902375,1,902376
7489,902424,47,902471
7490,902674,7,902681
7491,902685,6,902691
7492,902914,5,902919
7493,902976,48,903024
7494,903046,27,903073
7495,903130,8,903138
7496,903214,9,903223
7497,903247,4,903251
7498,903548,7,903555
7499,903749,16,903765
7500,904002,99,904101
7501,904203,14,904217
7502,904242,23,904265
7503,904469,28,904497
7504,904642,15,904657
7505,904712,2,904714
7506,904722,22,904744
7507,905024,13,905037
7508,905072,1,905073
7509,905097,2,905099
7510,905152,12,905164
7511,905266,20,905286
7512,905321,8,905329
7513,905370,9,905379
7514,905451,17,905468
7515,905537,1,905538
7516,905592,10,905602
7517,905654,16,905670
7518,905717,72,905789
7519,905906,4,905910
7520,906016,43,906059
7521,906099,3,906102
7522,906109,15,906124
7523,906168,7,906175
7524,906203,1,906204
7525,906278,12,906290
7526,906322,32,906354
7527,906505,3,906508
7528,906586,58,906644
7529,906757,27,906784
7530,907105,1,907106
7531,907150,5,907155
7532,907189,4,907193
7533,907340,3,907343
7534,907358,14,907372
7535,907414,7,907421
7536,907561,21,907582
7537,907626,22,907648
7538,907726,15,907741
7539,907910,11,907921
7540,908040,17,908057
7541,908060,19,908079
7542,908161,8,908169
7543,908179,20,908199
7544,908293,6,908299
7545,908376,13,908389
7546,908647,2,908649
7547,908660,10,908670
7548,908698,19,908717
7549,908753,2,908755
7550,908924,5,908929
7551,908968,29,908997
7552,909069,58,909127
7553,909227,29,909256
7554,909772,10,909782
7555,910033,9,910042
7556,910043,2,910045
7557,910289,8,910297
7558,910382,31,910413
7559,910547,32,910579
7560,910755,29,910784
7561,910967,55,911022
7562,911093,32,911125
7563,911175,15,911190
7564,911216,41,911257
7565,911431,24,911455
7566,911573,8,911581
7567,911634,35,911669
7568,911835,9,911844
7569,911848,35,911883
7570,912261,45,912306
7571,912313,16,912329
7572,912404,1,912405
7573,912414,5,912419
7574,912430,14,912444
7575,912495,18,912513
7576,912516,35,912551
7577,912896,18,912914
7578,912982,4,912986
7579,912990,1,912991
7580,913012,6,913018
7581,913097,10,913107
7582,913161,2,913163
7583,913197,26,913223
7584,913286,25,913311
7585,913356,75,913431
7586,913494,47,913541
7587,913601,14,913615
7588,913704,2,913706
7589,913736,1,913737
7590,913753,2,913755
7591,913777,11,913788
7592,913857,9,913866
7593,913978,11,913989
7594,914186,3,914189
7595,914278,25,914303
7596,914384,3,914387
7597,914426,7,914433
7598,914532,7,914539
7599,914718,9,914727
7600,914964,10,914974
7601,915128,1,915129
7602,915209,29,915238
7603,915282,2,915284
7604,915310,60,915370
7605,915476,30,915506
7606,915620,17,915637
7607,915669,22,915691
7608,915727,19,915746
7609,915790,27,915817
7610,915882,1,915883
7611,915924,5,915929
7612,916094,8,916102
7613,916160,11,916171
7614,916224,16,916240
7615,916283,3,916286
7616,916532,3,916535
7617,916549,24,916573
7618,916630,7,916637
7619,916708,16,916724
7620,916727,27,916754
7621,916834,40,916874
7622,917143,7,917150
7623,917254,7,917261
7624,917402,36,917438
7625,917675,11,917686
7626,917834,27,917861
7627,917875,6,917881
7628,917997,33,918030
7629,918070,1,918071
7630,918107,102,918209
7631,918249,38,918287
7632,918446,2,918448
7633,918750,6,918756
7634,918815,43,918858
7635,919232,6,919238
7636,919284,15,919299
7637,919593,11,919604
7638,919927,6,919933
7639,920124,3,920127
7640,920607,22,920629
7641,920641,40,920681
7642,920747,12,920759
7643,921070,39,921109
7644,921140,18,921158
7645,921164,8,921172
7646,921311,71,921382
7647,922042,107,922149
7648,922221,27,922248
7649,922374,10,922384
7650,922387,15,922402
7651,922514,1,922515
7652,922621,6,922627
7653,922682,6,922688
7654,922757,5,922762
7655,922780,19,922799
7656,922898,40,922938
7657,922950,14,922964
7658,922978,11,922989
7659,923113,29,923142
7660,923169,10,923179
7661,923522,53,923575
7662,923690,4,923694
7663,923737,8,923745
7664,923750,2,923752
7665,923812,20,923832
7666,923841,37,923878
7667,923895,11,923906
7668,923957,42,923999
7669,924278,6,924284
7670,924424,7,924431
7671,924620,11,924631
7672,924733,12,924745
7673,924757,24,924781
7674,925018,17,925035
7675,925085,14,925099
7676,925142,5,925147
7677,925323,7,925330
7678,925482,72,925554
7679,925557,76,925633
7680,925672,3,925675
7681,925681,6,925687
7682,925881,14,925895
7683,926160,63,926223
7684,926359,7,926366
7685,926375,12,926387
7686,926698,6,926704
7687,926755,19,926774
7688,926825,8,926833
7689,927164,57,927221
7690,927243,69,927312
7691,927319,16,927335
7692,927431,8,927439
7693,927501,1,927502
7694,927526,17,927543
7695,927853,41,927894
7696,928096,45,928141
7697,928219,3,928222
7698,928296,2,928298
7699,928304,30,928334
7700,928429,1,928430
7701,928774,17,928791
7702,928815,26,928841
7703,929047,1,929048
7704,929107,58,929165
7705,929227,55,929282
7706,929454,19,929473
7707,929702,15,929717
7708,929751,1,929752
7709,929856,35,929891
7710,930141,28,930169
7711,930217,6,930223
7712,930351,2,930353
7713,930373,70,930443
7714,930483,22,930505
7715,930767,5,930772
7716,930935,19,930954
7717,931038,5,931043
7718,931429,30,931459
7719,931545,27,931572
7720,931642,29,931671
7721,931712,25,931737
7722,931738,41,931779
7723,932018,18,932036
7724,932037,41,932078
7725,932140,33,932173
7726,932209,10,932219
7727,932247,22,932269
7728,932472,48,932520
7729,932613,17,932630
7730,932798,24,932822
7731,933072,24,933096
7732,933154,13,933167
7733,933397,21,933418
7734,933428,1,933429
7735,933614,6,933620
7736,933700,3,933703
7737,933862,15,933877
7738,933952,14,933966
7739,934114,31,934145
7740,934232,3,934235
7741,934290,19,934309
7742,934381,17,934398
7743,934423,4,934427
7744,934461,116,934577
7745,934714,8,934722
7746,935089,6,935095
7747,935196,4,935200
7748,935297,7,935304
7749,935337,9,935346
7750,935407,34,935441
7751,935510,5,935515
7752,935565,23,935588
7753,935682,2,935684
7754,935810,19,935829
7755,935918,89,936007
7756,936232,37,936269
7757,936611,20,936631
7758,936818,9,936827
7759,936846,4,936850
7760,937014,49,937063
7761,937101,6,937107
7762,937118,14,937132
7763,937279,15,937294
7764,937500,7,937507
7765,937638,11,937649
7766,937732,4,937736
7767,937748,8,937756
7768,937799,8,937807
7769,937858,3,937861
7770,938046,24,938070
7771,938082,2,938084
7772,938105,13,938118
7773,938539,22,938561
7774,938721,14,938735
7775,938775,10,938785
7776,938869,15,938884
7777,939025,21,939046
7778,939066,1,939067
7779,939211,34,939245
7780,939384,43,939427
7781,939539,8,939547
7782,939576,27,939603
7783,939646,18,939664
7784,939790,5,939795
7785,939826,9,939835
7786,939900,22,939922
7787,939947,44,939991
7788,940171,48,940219
7789,940244,28,940272
7790,940415,16,940431
7791,940437,5,940442
7792,940489,72,940561
7793,940740,16,940756
7794,940789,51,940840
7795,940980,9,940989
7796,941091,34,941125
7797,941152,2,941154
7798,941311,12,941323
7799,941347,6,941353
7800,941885,33,941918
7801,942198,2,942200
7802,942249,7,942256
7803,942512,1,942513
7804,942565,9,942574
7805,942689,33,942722
7806,942740,22,942762
7807,942831,18,942849
7808,942871,55,942926
7809,943165,28,943193
7810,943246,7,943253
7811,943270,5,943275
7812,943595,15,943610
7813,943636,9,943645
7814,943817,23,943840
7815,943946,8,943954
7816,943970,11,943981
7817,944234,24,944258
7818,944442,14,944456
7819,944985,11,944996
7820,945073,9,945082
7821,945171,7,945178
7822,945180,32,945212
7823,945255,11,945266
7824,945554,43,945597
7825,945687,9,945696
7826,945754,2,945756
7827,945879,12,945891
7828,945899,32,945931
7829,945986,2,945988
7830,946087,3,946090
7831,946124,25,946149
7832,946270,2,946272
7833,946321,7,946328
7834,946333,2,946335
7835,946555,22,946577
7836,946620,4,946624
7837,946722,8,946730
7838,946732,29,946761
7839,946828,15,946843
7840,947091,3,947094
7841,947392,20,947412
7842,947526,4,947530
7843,947708,15,947723
7844,947747,24,947771
7845,948364,9,948373
7846,948410,49,948459
7847,948522,20,948542
7848,948589,27,948616
7849,948645,20,948665
7850,948709,5,948714
7851,948764,47,948811
7852,948924,65,948989
7853,949061,67,949128
7854,949356,4,949360
7855,949521,13,949534
7856,949653,3,949656
7857,949835,93,949928
7858,950000,16,950016
7859,950068,30,950098
7860,950100,6,950106
7861,950343,2,950345
7862,950492,13,950505
7863,950549,4,950553
7864,950578,16,950594
7865,950645,3,950648
7866,950691,48,950739
7867,950932,42,950974
7868,951038,4,951042
7869,951068,44,951112
7870,951235,1,951236
7871,951302,56,951358
7872,951383,27,951410
7873,951510,27,951537
7874,951578,50,951628
7875,951674,18,951692
7876,951794,4,951798
7877,951874,3,951877
7878,952121,13,952134
7879,952207,10,952217
7880,952460,2,952462
7881,952504,8,952512
7882,952522,9,952531
7883,952880,20,952900
7884,952986,8,952994
7885,953137,15,953152
7886,953267,5,953272
7887,953348,2,953350
7888,953483,11,953494
7889,953593,3,953596
7890,953948,11,953959
7891,953997,6,954003
7892,954096,3,954099
7893,954380,26,954406
7894,954438,8,954446
7895,954601,15,954616
7896,954786,6,954792
7897,954957,5,954962
7898,954966,1,954967
7899,955157,9,955166
7900,955227,15,955242
7901,955610,39,955649
7902,955655,13,955668
7903,955677,3,955680
7904,955886,9,955895
7905,956056,27,956083
7906,956185,10,956195
7907,956288,2,956290
7908,956373,12,956385
7909,956397,45,956442
7910,956501,20,956521
7911,956672,25,956697
7912,956746,19,956765
7913,956810,9,956819
7914,956837,3,956840
7915,957007,8,957015
7916,957103,66,957169
7917,957204,27,957231
7918,957551,4,957555
7919,957577,51,957628
7920,957672,51,957723
7921,957897,9,957906
7922,958007,6,958013
7923,958040,70,958110
7924,958227,4,958231
7925,958341,7,958348
7926,958414,22,958436
7927,958692,41,958733
7928,958736,22,958758
7929,958781,6,958787
7930,958799,21,958820
7931,958932,9,958941
7932,959056,2,959058
7933,959064,57,959121
7934,959140,2,959142
7935,959560,27,959587
7936,959658,15,959673
7937,959718,6,959724
7938,959909,28,959937
7939,959961,12,959973
7940,960029,1,960030
7941,960069,70,960139
7942,960409,26,960435
7943,960443,2,960445
7944,960462,15,960477
7945,960603,22,960625
7946,960679,11,960690
7947,960717,2,960719
7948,960800,5,960805
7949,961006,151,961157
7950,961517,13,961530
7951,961676,1,961677
7952,961683,24,961707
7953,961847,11,961858
7954,962024,1,962025
7955,962031,6,962037
7956,962085,15,962100
7957,962218,39,962257
7958,962276,11,962287
7959,962518,9,962527
7960,962642,5,962647
7961,962653,43,962696
7962,962773,22,962795
7963,962967,5,962972
7964,963059,30,963089
7965,963138,35,963173
7966,963206,40,963246
7967,963362,53,963415
7968,963533,21,963554
7969,963769,22,963791
7970,963868,6,963874
7971,964004,5,964009
7972,964065,3,964068
7973,964206,46,964252
7974,964337,20,964357
7975,964442,12,964454
7976,964491,3,964494
7977,964533,17,964550
7978,964749,11,964760
7979,964765,27,964792
7980,964936,3,964939
7981,964940,11,964951
7982,964954,2,964956
7983,965011,10,965021
7984,965073,6,965079
7985,965088,21,965109
7986,965148,10,965158
7987,965258,43,965301
7988,965368,10,965378
7989,965506,17,965523
7990,965539,6,965545
7991,965566,3,965569
7992,965671,62,965733
7993,965874,35,965909
7994,965944,17,965961
7995,966113,20,966133
7996,966179,14,966193
7997,966196,10,966206
7998,966267,9,966276
7999,966496,12,966508
8000,966707,8,966715
8001,966757,27,966784
8002,966896,2,966898
8003,966910,49,966959
8004,966976,58,967034
8005,967056,3,967059
8006,967158,5,967163
8007,967295,4,967299
8008,967360,10,967370
8009,967433,44,967477
8010,967580,1,967581
8011,967659,18,967677
8012,967760,6,967766
8013,968008,57,968065
8014,968149,35,968184
8015,968226,62,968288
8016,968290,2,968292
8017,968397,1,968398
8018,968414,19,968433
8019,968469,5,968474
8020,968703,9,968712
8021,968780,8,968788
8022,969017,4,969021
8023,969195,14,969209
8024,969262,43,969305
8025,969456,16,969472
8026,969477,17,969494
8027,969542,69,969611
8028,969665,6,969671
8029,969700,23,969723
8030,969931,31,969962
8031,969987,35,970022
8032,970210,9,970219
8033,970437,3,970440
8034,970700,20,970720
8035,970848,17,970865
8036,970889,5,970894
8037,970961,13,970974
8038,971361,22,971383
8039,971482,2,971484
8040,971513,8,971521
8041,971548,19,971567
8042,971709,20,971729
8043,971816,11,971827
8044,972225,33,972258
8045,972347,8,972355
8046,972440,24,972464
8047,972686,44,972730
8048,972742,6,972748
8049,973013,3,973016
8050,973023,75,973098
8051,973163,6,973169
8052,973204,15,973219
8053,973225,10,973235
8054,973349,8,973357
8055,973399,5,973404
8056,973602,40,973642
8057,973661,47,973708
8058,973724,40,973764
8059,973813,3,973816
8060,973932,20,973952
8061,973979,13,973992
8062,974017,25,974042
8063,974054,47,974101
8064,974377,26,974403
8065,974452,11,974463
8066,974532,31,974563
8067,974668,15,974683
8068,974699,6,974705
8069,974777,4,974781
8070,974951,10,974961
8071,975095,5,975100
8072,975143,12,975155
8073,975285,3,975288
8074,975334,12,975346
8075,975396,24,975420
8076,975484,40,975524
8077,975724,118,975842
8078,975898,33,975931
8079,976207,16,976223
8080,976231,3,976234
8081,976427,22,976449
8082,976458,6,976464
8083,976488,19,976507
8084,976591,20,976611
8085,976636,9,976645
8086,976655,55,976710
8087,976958,13,976971
8088,976983,1,976984
8089,977007,19,977026
8090,977136,13,977149
8091,977177,26,977203
8092,977474,31,977505
8093,977568,2,977570
8094,977584,30,977614
8095,977615,7,977622
8096,977663,65,977728
8097,977868,53,977921
8098,978075,14,978089
8099,978113,12,978125
8100,978196,17,978213
8101,978309,2,978311
8102,978340,9,978349
8103,978447,21,978468
8104,978528,18,978546
8105,978574,7,978581
8106,978586,73,978659
8107,978700,22,978722
8108,978742,22,978764
8109,978981,12,978993
8110,979088,17,979105
8111,979248,4,979252
8112,979340,5,979345
8113,979678,59,979737
8114,979820,23,979843
8115,979853,13,979866
8116,980023,94,980117
8117,980141,56,980197
8118,980464,45,980509
8119,980521,5,980526
8120,980637,5,980642
8121,980749,6,980755
8122,980787,4,980791
8123,980801,4,980805
8124,980857,42,980899
8125,981012,10,981022
8126,981038,11,981049
8127,981085,28,981113
8128,981256,26,981282
8129,981380,55,981435
8130,981551,28,981579
8131,981673,65,981738
8132,981909,9,981918
8133,982044,48,982092
8134,982173,22,982195
8135,982219,21,982240
8136,982254,19,982273
8137,982388,3,982391
8138,982421,19,982440
8139,982497,22,982519
8140,982565,1,982566
8141,982581,31,982612
8142,982676,24,982700
8143,983005,51,983056
8144,983181,23,983204
8145,983259,49,983308
8146,983443,26,983469
8147,983583,18,983601
8148,983713,63,983776
8149,983802,36,983838
8150,983953,3,983956
8151,984008,47,984055
8152,984134,24,984158
8153,984233,8,984241
8154,984374,11,984385
8155,984436,3,984439
8156,984448,1,984449
8157,984581,2,984583
8158,984598,17,984615
8159,984823,14,984837
8160,984956,10,984966
8161,985007,4,985011
8162,985021,20,985041
8163,985317,9,985326
8164,985363,6,985369
8165,985495,22,985517
8166,985590,21,985611
8167,985941,3,985944
8168,985971,9,985980
8169,986059,4,986063
8170,986098,78,986176
8171,986281,47,986328
8172,986382,2,986384
8173,986502,28,986530
8174,986554,10,986564
8175,986675,3,986678
8176,986831,7,986838
8177,986889,7,986896
8178,986909,16,986925
8179,986952,27,986979
8180,987000,68,987068
8181,987206,31,987237
8182,987320,9,987329
8183,987485,36,987521
8184,987702,16,987718
8185,987724,1,987725
8186,987850,19,987869
8187,987997,32,988029
8188,988207,13,988220
8189,988278,32,988310
8190,988332,12,988344
8191,988385,3,988388
8192,988523,21,988544
8193,988739,18,988757
8194,988826,5,988831
8195,988924,11,988935
8196,989066,7,989073
8197,989217,12,989229
8198,989231,24,989255
8199,989533,7,989540
8200,989558,45,989603
8201,989731,27,989758
8202,989825,12,989837
8203,990112,11,990123
8204,990198,20,990218
8205,990513,21,990534
8206,990684,20,990704
8207,990762,36,990798
8208,990839,3,990842
8209,990893,33,990926
8210,990931,33,990964
8211,990998,47,991045
8212,991188,57,991245
8213,991253,22,991275
8214,991427,9,991436
8215,991578,17,991595
8216,991778,18,991796
8217,991989,12,992001
8218,992047,7,992054
8219,992121,19,992140
8220,992186,5,992191
8221,992227,3,992230
8222,992408,42,992450
8223,992584,32,992616
8224,992621,35,992656
8225,992699,9,992708
8226,993062,35,993097
8227,993243,15,993258
8228,993306,59,993365
8229,993425,4,993429
8230,993466,1,993467
8231,993633,15,993648
8232,993771,24,993795
8233,993886,19,993905
8234,993961,8,993969
8235,994003,17,994020
8236,994026,13,994039
8237,994086,32,994118
8238,994530,2,994532
8239,994580,25,994605
8240,994671,2,994673
8241,994748,54,994802
8242,994868,16,994884
8243,994923,5,994928
8244,994988,31,995019
8245,995174,3,995177
8246,995364,22,995386
8247,995567,11,995578
8248,995617,4,995621
8249,995648,4,995652
8250,995766,17,995783
8251,996102,3,996105
8252,996116,25,996141
8253,996154,2,996156
8254,996180,15,996195
8255,996322,13,996335
8256,996388,7,996395
8257,996693,72,996765
8258,996961,36,996997
8259,997119,2,997121
8260,997162,19,997181
8261,997405,21,997426
8262,997504,17,997521
8263,997532,4,997536
8264,997784,7,997791
8265,997897,6,997903
8266,998013,40,998053
8267,998131,95,998226
8268,998267,29,998296
8269,998300,38,998338
8270,998361,6,998367
8271,998418,15,998433
8272,998550,4,998554
8273,998654,25,998679
8274,998746,7,998753
8275,998949,7,998956
8276,998994,4,998998
8277,999055,84,999139
8278,999171,8,999179
8279,999409,23,999432
8280,999520,1,999521
8281,999762,8,999770
8282,999870,11,999881
8283,999894,5,999899
8284,999913,14,999927
8285,999959,43,1000002
8286,1000074,21,1000095
8287,1000146,24,1000170
8288,1000187,1,1000188
8289,1000292,22,1000314
8290,1000427,31,1000458
8291,1000548,32,1000580
8292,1000629,31,1000660
8293,1000749,16,1000765
8294,1000812,15,1000827
8295,1001000,14,1001014
8296,1001412,6,1001418
8297,1001432,118,1001550
8298,1001591,12,1001603
8299,1001943,10,1001953
8300,1002167,41,1002208
8301,1002249,3,1002252
8302,1002435,16,1002451
8303,1002488,2,1002490
8304,1002580,34,1002614
8305,1002675,32,1002707
8306,1003041,4,1003045
8307,1003097,9,1003106
8308,1003130,56,1003186
8309,1003248,35,1003283
8310,1003288,77,1003365
8311,1003396,14,1003410
8312,1003501,14,1003515
8313,1003782,23,1003805
8314,1003861,18,1003879
8315,1003957,26,1003983
8316,1003992,54,1004046
8317,1004210,8,1004218
8318,1004354,5,1004359
8319,1004442,2,1004444
8320,1004740,2,1004742
8321,1004883,107,1004990
8322,1005203,4,1005207
8323,1005213,3,1005216
8324,1005334,1,1005335
8325,1005406,12,1005418
8326,1005555,26,1005581
8327,1005670,24,1005694
8328,1005705,32,1005737
8329,1005880,70,1005950
8330,1006014,8,1006022
8331,1006043,2,1006045
8332,1006054,13,1006067
8333,1006107,93,1006200
8334,1006260,5,1006265
8335,1006353,3,1006356
8336,1006525,9,1006534
8337,1006541,38,1006579
8338,1006609,35,1006644
8339,1006937,2,1006939
8340,1007141,38,1007179
8341,1007352,1,1007353
8342,1007398,26,1007424
8343,1007457,37,1007494
8344,1007520,12,1007532
8345,1007571,6,1007577
8346,1007630,5,1007635
8347,1007869,1,1007870
8348,1007890,4,1007894
8349,1008052,5,1008057
8350,1008189,6,1008195
8351,1008267,39,1008306
8352,1008402,88,1008490
8353,1008492,27,1008519
8354,1008561,4,1008565
8355,1008604,21,1008625
8356,1008636,7,1008643
8357,1008829,24,1008853
8358,1009176,26,1009202
8359,1009332,11,1009343
8360,1009706,99,1009805
8361,1010219,5,1010224
8362,1010333,6,1010339
8363,1010352,34,1010386
8364,1010418,15,1010433
8365,1010558,4,1010562
8366,1010609,1,1010610
8367,1010615,53,1010668
8368,1010694,10,1010704
8369,1010830,22,1010852
8370,1010888,6,1010894
8371,1010959,33,1010992
8372,1011140,5,1011145
8373,1011175,17,1011192
8374,1011244,23,1011267
8375,1011490,24,1011514
8376,1011569,7,1011576
8377,1011641,21,1011662
8378,1011835,30,1011865
8379,1012070,6,1012076
8380,1012138,11,1012149
8381,1012151,46,1012197
8382,1012250,4,1012254
8383,1012361,47,1012408
8384,1012473,3,1012476
8385,1012549,6,1012555
8386,1012925,5,1012930
8387,1012995,16,1013011
8388,1013059,5,1013064
8389,1013161,2,1013163
8390,1013211,8,1013219
8391,1013225,30,1013255
8392,1013287,7,1013294
8393,1013304,21,1013325
8394,1013466,9,1013475
8395,1013563,3,1013566
8396,1013677,12,1013689
8397,1013709,49,1013758
8398,1013937,20,1013957
8399,1013986,2,1013988
8400,1014048,22,1014070
8401,1014417,15,1014432
8402,1014549,60,1014609
8403,1014864,2,1014866
8404,1015152,8,1015160
8405,1015276,8,1015284
8406,1015443,7,1015450
8407,1015502,15,1015517
8408,1015981,11,1015992
8409,1015993,18,1016011
8410,1016062,9,1016071
8411,1016135,11,1016146
8412,1016170,18,1016188
8413,1016245,8,1016253
8414,1016340,2,1016342
8415,1016788,9,1016797
8416,1016856,6,1016862
8417,1016879,21,1016900
8418,1017276,6,1017282
8419,1017326,33,1017359
8420,1017367,12,1017379
8421,1017569,19,1017588
8422,1017596,63,1017659
8423,1017669,16,1017685
8424,1017700,16,1017716
8425,1018236,18,1018254
8426,1018283,13,1018296
8427,1018330,17,1018347
8428,1018401,23,1018424
8429,1018490,11,1018501
8430,1018599,36,1018635
8431,1018748,4,1018752
8432,1018763,31,1018794
8433,1019033,14,1019047
8434,1019391,4,1019395
8435,1019465,3,1019468
8436,1019561,26,1019587
8437,1019653,1,1019654
8438,1020060,10,1020070
8439,1020102,6,1020108
8440,1020249,17,1020266
8441,1020320,39,1020359
8442,1020444,71,1020515
8443,1020631,8,1020639
8444,1020771,2,1020773
8445,1020830,4,1020834
8446,1020902,2,1020904
8447,1020913,8,1020921
8448,1021040,17,1021057
8449,1021156,18,1021174
8450,1021297,6,1021303
8451,1021392,12,1021404
8452,1021489,65,1021554
8453,1021666,1,1021667
8454,1021927,6,1021933
8455,1021982,7,1021989
8456,1022010,1,1022011
8457,1022075,1,1022076
8458,1022306,19,1022325
8459,1022336,47,1022383
8460,1022483,27,1022510
8461,1022572,6,1022578
8462,1022580,9,1022589
8463,1022828,5,1022833
8464,1022898,14,1022912
8465,1022949,3,1022952
8466,1023019,3,1023022
8467,1023145,4,1023149
8468,1023273,14,1023287
8469,1023670,12,1023682
8470,1023699,56,1023755
8471,1023782,20,1023802
8472,1023978,10,1023988
8473,1024210,10,1024220
8474,1024222,38,1024260
8475,1024293,13,1024306
8476,1024441,48,1024489
8477,1024541,41,1024582
8478,1024595,9,1024604
8479,1024625,6,1024631
8480,1024939,3,1024942
8481,1025055,12,1025067
8482,1025252,35,1025287
8483,1025369,10,1025379
8484,1025401,1,1025402
8485,1025535,12,1025547
8486,1025705,1,1025706
8487,1025805,56,1025861
8488,1025975,14,1025989
8489,1026023,26,1026049
8490,1026410,14,1026424
8491,1026489,7,1026496
8492,1026723,13,1026736
8493,1026746,26,1026772
8494,1026834,19,1026853
8495,1026864,17,1026881
8496,1026890,1,1026891
8497,1026931,8,1026939
8498,1027092,37,1027129
8499,1027309,12,1027321
8500,1027339,12,1027351
8501,1027394,19,1027413
8502,1027545,10,1027555
8503,1027795,13,1027808
8504,1028080,13,1028093
8505,1028119,11,1028130
8506,1028152,15,1028167
8507,1028472,13,1028485
8508,1028590,4,1028594
8509,1028636,1,1028637
8510,1028671,66,1028737
8511,1028742,147,1028889
8512,1028979,1,1028980
8513,1029121,32,1029153
8514,1029353,39,1029392
8515,1029415,13,1029428
8516,1029648,24,1029672
8517,1029730,8,1029738
8518,1029837,38,1029875
8519,1030018,6,1030024
8520,1030081,116,1030197
8521,1030200,8,1030208
8522,1030253,38,1030291
8523,1030365,19,1030384
8524,1030442,16,1030458
8525,1030463,26,1030489
8526,1030542,4,1030546
8527,1030625,63,1030688
8528,1030754,34,1030788
8529,1030848,37,1030885
8530,1031032,24,1031056
8531,1031406,77,1031483
8532,1031492,34,1031526
8533,1031669,24,1031693
8534,1031821,12,1031833
8535,1031867,10,1031877
8536,1031921,4,1031925
8537,1031938,3,1031941
8538,1031942,42,1031984
8539,1032062,30,1032092
8540,1032101,4,1032105
8541,1032154,22,1032176
8542,1032276,17,1032293
8543,1032319,5,1032324
8544,1032395,17,1032412
8545,1032511,1,1032512
8546,1032859,11,1032870
8547,1032880,8,1032888
8548,1032893,42,1032935
8549,1032952,12,1032964
8550,1033003,27,1033030
8551,1033076,65,1033141
8552,1033329,7,1033336
8553,1033403,73,1033476
8554,1033505,4,1033509
8555,1033625,3,1033628
8556,1033640,15,1033655
8557,1033672,51,1033723
8558,1034024,7,1034031
8559,1034396,22,1034418
8560,1034481,30,1034511
8561,1034548,17,1034565
8562,1034733,2,1034735
8563,1034800,27,1034827
8564,1034880,2,1034882
8565,1035337,1,1035338
8566,1035342,6,1035348
8567,1035451,19,1035470
8568,1035480,28,1035508
8569,1035558,50,1035608
8570,1035867,36,1035903
8571,1035955,29,1035984
8572,1036091,20,1036111
8573,1036185,15,1036200
8574,1036263,20,1036283
8575,1036399,8,1036407
8576,1036415,6,1036421
8577,1036621,9,1036630
8578,1036644,5,1036649
8579,1036725,37,1036762
8580,1036880,4,1036884
8581,1036966,44,1037010
8582,1037099,15,1037114
8583,1037193,11,1037204
8584,1037271,41,1037312
8585,1037378,55,1037433
8586,1037561,12,1037573
8587,1037664,7,1037671
8588,1037737,3,1037740
8589,1037753,21,1037774
8590,1037910,69,1037979
8591,1038059,15,1038074
8592,1038354,73,1038427
8593,1038433,7,1038440
8594,1038611,8,1038619
8595,1038637,26,1038663
8596,1038690,34,1038724
8597,1038867,3,1038870
8598,1039058,4,1039062
8599,1039456,13,1039469
8600,1039532,18,1039550
8601,1039568,2,1039570
8602,1039639,4,1039643
8603,1039669,2,1039671
8604,1039733,64,1039797
8605,1039803,1,1039804
8606,1039875,9,1039884
8607,1039893,22,1039915
8608,1039930,2,1039932
8609,1039941,2,1039943
8610,1040022,1,1040023
8611,1040292,4,1040296
8612,1040464,13,1040477
8613,1040652,18,1040670
8614,1040845,3,1040848
8615,1040860,22,1040882
8616,1040883,63,1040946
8617,1041022,52,1041074
8618,1041098,83,1041181
8619,1041242,3,1041245
8620,1041264,16,1041280
8621,1041320,3,1041323
8622,1041427,10,1041437
8623,1041492,5,1041497
8624,1041740,13,1041753
8625,1041759,19,1041778
8626,1041887,8,1041895
8627,1041948,21,1041969
8628,1042028,41,1042069
8629,1042353,1,1042354
8630,1042374,12,1042386
8631,1042447,21,1042468
8632,1042514,29,1042543
8633,1042664,3,1042667
8634,1042707,11,1042718
8635,1043005,2,1043007
8636,1043258,39,1043297
8637,1043401,3,1043404
8638,1043590,13,1043603
8639,1043635,29,1043664
8640,1043670,15,1043685
8641,1043796,1,1043797
8642,1043812,26,1043838
8643,1043884,19,1043903
8644,1043926,2,1043928
8645,1043940,6,1043946
8646,1044283,26,1044309
8647,1044342,8,1044350
8648,1044360,7,1044367
8649,1044428,8,1044436
8650,1044482,24,1044506
8651,1044510,82,1044592
8652,1044828,10,1044838
8653,1045055,11,1045066
8654,1045125,89,1045214
8655,1045215,10,1045225
8656,1045356,9,1045365
8657,1045559,20,1045579
8658,1045658,45,1045703
8659,1045906,6,1045912
8660,1045929,33,1045962
8661,1046069,12,1046081
8662,1046222,61,1046283
8663,1046322,2,1046324
8664,1046349,28,1046377
8665,1046425,41,1046466
8666,1046474,3,1046477
8667,1046490,40,1046530
8668,1046535,21,1046556
8669,1046675,15,1046690
8670,1046855,49,1046904
8671,1046913,33,1046946
8672,1047094,25,1047119
8673,1047343,40,1047383
8674,1047531,37,1047568
8675,1047613,2,1047615
8676,1047730,9,1047739
8677,1047821,1,1047822
8678,1047847,14,1047861
8679,1047952,44,1047996
8680,1048045,9,1048054
8681,1048146,33,1048179
8682,1048198,24,1048222
8683,1048363,14,1048377
8684,1048535,46,1048581
8685,1048584,3,1048587
8686,1048706,39,1048745
8687,1048792,25,1048817
8688,1048877,23,1048900
8689,1048938,4,1048942
8690,1049021,15,1049036
8691,1049071,7,1049078
8692,1049108,8,1049116
8693,1049139,5,1049144
8694,1049251,42,1049293
8695,1049334,40,1049374
8696,1049419,6,1049425
8697,1049587,24,1049611
8698,1049630,3,1049633
8699,1049901,4,1049905
8700,1050023,35,1050058
8701,1050454,2,1050456
8702,1050491,21,1050512
8703,1050536,6,1050542
8704,1050800,17,1050817
8705,1050873,13,1050886
8706,1051000,29,1051029
8707,1051054,20,1051074
8708,1051172,25,1051197
8709,1051331,2,1051333
8710,1051400,7,1051407
8711,1051524,56,1051580
8712,1051611,80,1051691
8713,1051750,30,1051780
8714,1051784,65,1051849
8715,1051907,8,1051915
8716,1051918,18,1051936
8717,1051943,15,1051958
8718,1051965,3,1051968
8719,1052197,29,1052226
8720,1052269,18,1052287
8721,1052579,3,1052582
8722,1052664,17,1052681
8723,1052735,13,1052748
8724,1052797,23,1052820
8725,1052942,12,1052954
8726,1053065,7,1053072
8727,1053082,9,1053091
8728,1053104,28,1053132
8729,1053249,7,1053256
8730,1053365,17,1053382
8731,1053408,7,1053415
8732,1053444,21,1053465
8733,1053568,11,1053579
8734,1053587,10,1053597
8735,1053649,4,1053653
8736,1053701,15,1053716
8737,1053782,35,1053817
8738,1053891,5,1053896
8739,1054009,16,1054025
8740,1054101,14,1054115
8741,1054125,4,1054129
8742,1054206,21,1054227
8743,1054252,6,1054258
8744,1054275,47,1054322
8745,1054410,16,1054426
8746,1054583,8,1054591
8747,1054630,73,1054703
8748,1054727,19,1054746
8749,1054789,22,1054811
8750,1054906,36,1054942
8751,1055057,2,1055059
8752,1055096,10,1055106
8753,1055206,8,1055214
8754,1055363,1,1055364
8755,1055487,24,1055511
8756,1055586,18,1055604
8757,1055754,22,1055776
8758,1055893,74,1055967
8759,1056134,15,1056149
8760,1056385,3,1056388
8761,1056417,15,1056432
8762,1056673,9,1056682
8763,1056999,36,1057035
8764,1057157,10,1057167
8765,1057220,12,1057232
8766,1057425,11,1057436
8767,1057480,19,1057499
8768,1057558,19,1057577
8769,1057732,11,1057743
8770,1057785,36,1057821
8771,1057872,13,1057885
8772,1058102,53,1058155
8773,1058395,61,1058456
8774,1058490,18,1058508
8775,1058629,16,1058645
8776,1058659,28,1058687
8777,1058712,13,1058725
8778,1058778,5,1058783
8779,1058818,87,1058905
8780,1058920,2,1058922
8781,1058934,55,1058989
8782,1059055,25,1059080
8783,1059121,10,1059131
8784,1059209,7,1059216
8785,1059221,11,1059232
8786,1059287,9,1059296
8787,1059329,13,1059342
8788,1059481,6,1059487
8789,1059497,16,1059513
8790,1059630,4,1059634
8791,1059876,3,1059879
8792,1059893,15,1059908
8793,1059994,20,1060014
8794,1060078,43,1060121
8795,1060160,21,1060181
8796,1060238,20,1060258
8797,1060269,34,1060303
8798,1060378,19,1060397
8799,1060445,56,1060501
8800,1060719,2,1060721
8801,1060796,2,1060798
8802,1060815,26,1060841
8803,1060842,2,1060844
8804,1060863,12,1060875
8805,1060879,1,1060880
8806,1060957,3,1060960
8807,1060972,22,1060994
8808,1061013,16,1061029
8809,1061107,14,1061121
8810,1061152,57,1061209
8811,1061296,2,1061298
8812,1061331,30,1061361
8813,1061370,22,1061392
8814,1061435,22,1061457
8815,1061515,20,1061535
8816,1061547,2,1061549
8817,1061778,8,1061786
8818,1061968,3,1061971
8819,1062014,13,1062027
8820,1062100,10,1062110
8821,1062198,23,1062221
8822,1062363,62,1062425
8823,1062602,1,1062603
8824,1062627,6,1062633
8825,1062649,22,1062671
8826,1062700,25,1062725
8827,1062758,6,1062764
8828,1062920,2,1062922
8829,1063036,13,1063049
8830,1063105,13,1063118
8831,1063162,4,1063166
8832,1063277,14,1063291
8833,1063294,13,1063307
8834,1063421,68,1063489
8835,1063610,30,1063640
8836,1063657,3,1063660
8837,1063871,24,1063895
8838,1063922,6,1063928
8839,1064138,28,1064166
8840,1064180,41,1064221
8841,1064374,44,1064418
8842,1064528,20,1064548
8843,1064617,36,1064653
8844,1064671,33,1064704
8845,1064737,64,1064801
8846,1064934,11,1064945
8847,1065017,1,1065018
8848,1065021,1,1065022
8849,1065098,14,1065112
8850,1065143,18,1065161
8851,1065254,8,1065262
8852,1065345,64,1065409
8853,1065573,9,1065582
8854,1065586,7,1065593
8855,1065839,4,1065843
8856,1066113,6,1066119
8857,1066125,10,1066135
8858,1066167,2,1066169
8859,1066181,35,1066216
8860,1066252,48,1066300
8861,1066405,39,1066444
8862,1066515,5,1066520
8863,1066558,1,1066559
8864,1066749,17,1066766
8865,1066796,31,1066827
8866,1066928,3,1066931
8867,1066981,24,1067005
8868,1067297,1,1067298
8869,1067367,19,1067386
8870,1067415,6,1067421
8871,1067543,32,1067575
8872,1067638,22,1067660
8873,1067689,8,1067697
8874,1067802,42,1067844
8875,1067928,24,1067952
8876,1068030,10,1068040
8877,1068170,10,1068180
8878,1068323,35,1068358
8879,1068424,19,1068443
8880,1068473,5,1068478
8881,1068487,54,1068541
8882,1068583,14,1068597
8883,1068737,5,1068742
8884,1068861,22,1068883
8885,1069068,14,1069082
8886,1069127,1,1069128
8887,1069192,72,1069264
8888,1069374,10,1069384
8889,1069409,14,1069423
8890,1069649,2,1069651
8891,1069665,1,1069666
8892,1069728,44,1069772
8893,1069798,3,1069801
8894,1069850,25,1069875
8895,1070276,22,1070298
8896,1070417,14,1070431
8897,1070432,27,1070459
8898,1070498,3,1070501
8899,1070783,5,1070788
8900,1070905,3,1070908
8901,1071042,34,1071076
8902,1071121,3,1071124
8903,1071160,12,1071172
8904,1071330,49,1071379
8905,1071481,52,1071533
8906,1071536,2,1071538
8907,1071715,26,1071741
8908,1071863,79,1071942
8909,1072084,13,1072097
8910,1072224,15,1072239
8911,1072364,58,1072422
8912,1072628,17,1072645
8913,1072686,9,1072695
8914,1073081,7,1073088
8915,1073193,9,1073202
8916,1073222,14,1073236
8917,1073247,22,1073269
8918,1073313,3,1073316
8919,1073614,13,1073627
8920,1073634,31,1073665
8921,1073668,12,1073680
8922,1073716,6,1073722
8923,1073756,26,1073782
8924,1073815,18,1073833
8925,1073849,86,1073935
8926,1074146,11,1074157
8927,1074169,23,1074192
8928,1074284,47,1074331
8929,1074441,8,1074449
8930,1074683,16,1074699
8931,1074705,16,1074721
8932,1074843,9,1074852
8933,1074860,61,1074921
8934,1075179,8,1075187
8935,1075245,13,1075258
8936,1075269,25,1075294
8937,1075457,13,1075470
8938,1075555,7,1075562
8939,1075656,24,1075680
8940,1075720,19,1075739
8941,1075748,16,1075764
8942,1075767,10,1075777
8943,1075871,27,1075898
8944,1076034,2,1076036
8945,1076072,39,1076111
8946,1076126,14,1076140
8947,1076265,14,1076279
8948,1076328,21,1076349
8949,1076354,18,1076372
8950,1076645,19,1076664
8951,1076955,11,1076966
8952,1077066,34,1077100
8953,1077276,44,1077320
8954,1077405,51,1077456
8955,1077486,26,1077512
8956,1077672,42,1077714
8957,1077724,31,1077755
8958,1077788,12,1077800
8959,1077888,14,1077902
8960,1078036,9,1078045
8961,1078219,37,1078256
8962,1078262,37,1078299
8963,1078328,43,1078371
8964,1078380,27,1078407
8965,1078646,8,1078654
8966,1078826,6,1078832
8967,1078979,8,1078987
8968,1079009,28,1079037
8969,1079424,16,1079440
8970,1079448,4,1079452
8971,1079490,10,1079500
8972,1079508,55,1079563
8973,1079630,34,1079664
8974,1079675,21,1079696
8975,1079814,15,1079829
8976,1079857,20,1079877
8977,1079944,18,1079962
8978,1080127,5,1080132
8979,1080138,7,1080145
8980,1080209,27,1080236
8981,1080292,8,1080300
8982,1080327,1,1080328
8983,1080558,5,1080563
8984,1080623,42,1080665
8985,1080740,32,1080772
8986,1080844,11,1080855
8987,1080919,10,1080929
8988,1080983,1,1080984
8989,1080994,25,1081019
8990,1081142,24,1081166
8991,1081360,6,1081366
8992,1081404,15,1081419
8993,1081466,40,1081506
8994,1081567,55,1081622
8995,1081629,24,1081653
8996,1081673,14,1081687
8997,1081719,57,1081776
8998,1081909,3,1081912
8999,1081930,16,1081946
9000,1082287,24,1082311
9001,1082390,5,1082395
9002,1082477,42,1082519
9003,1082630,26,1082656
9004,1082777,46,1082823
9005,1082825,23,1082848
9006,1082993,13,1083006
9007,1083034,2,1083036
9008,1083050,5,1083055
9009,1083071,33,1083104
9010,1083158,81,1083239
9011,1083321,30,1083351
9012,1083462,14,1083476
9013,1083645,8,1083653
9014,1083772,25,1083797
9015,1083868,25,1083893
9016,1083978,17,1083995
9017,1084043,25,1084068
9018,1084165,70,1084235
9019,1084281,42,1084323
9020,1084363,28,1084391
9021,1084417,22,1084439
9022,1084459,28,1084487
9023,1084567,4,1084571
9024,1084717,4,1084721
9025,1084812,16,1084828
9026,1084882,27,1084909
9027,1085350,21,1085371
9028,1085504,58,1085562
9029,1085585,12,1085597
9030,1085659,3,1085662
9031,1085865,25,1085890
9032,1085916,9,1085925
9033,1086056,1,1086057
9034,1086332,1,1086333
9035,1086364,13,1086377
9036,1086416,19,1086435
9037,1086444,3,1086447
9038,1086550,11,1086561
9039,1086575,19,1086594
9040,1086621,2,1086623
9041,1086639,62,1086701
9042,1086718,19,1086737
9043,1086779,5,1086784
9044,1087298,2,1087300
9045,1087539,11,1087550
9046,1087612,4,1087616
9047,1087687,7,1087694
9048,1087800,4,1087804
9049,1087816,5,1087821
9050,1087849,7,1087856
9051,1088034,39,1088073
9052,1088075,7,1088082
9053,1088420,2,1088422
9054,1088424,67,1088491
9055,1088505,84,1088589
9056,1088748,97,1088845
9057,1089141,20,1089161
9058,1089575,27,1089602
9059,1089851,21,1089872
9060,1090024,4,1090028
9061,1090081,4,1090085
9062,1090100,10,1090110
9063,1090183,6,1090189
9064,1090425,6,1090431
9065,1090456,5,1090461
9066,1090531,54,1090585
9067,1090658,4,1090662
9068,1090721,39,1090760
9069,1090798,48,1090846
9070,1090898,7,1090905
9071,1091136,23,1091159
9072,1091285,4,1091289
9073,1091363,4,1091367
9074,1091629,45,1091674
9075,1091716,5,1091721
9076,1091745,2,1091747
9077,1091779,1,1091780
9078,1091789,5,1091794
9079,1091801,14,1091815
9080,1091885,12,1091897
9081,1092055,45,1092100
9082,1092112,48,1092160
9083,1092170,20,1092190
9084,1092269,12,1092281
9085,1092288,18,1092306
9086,1092476,17,1092493
9087,1092738,7,1092745
9088,1092801,10,1092811
9089,1092872,4,1092876
9090,1092895,5,1092900
9091,1092999,5,1093004
9092,1093008,35,1093043
9093,1093095,7,1093102
9094,1093122,13,1093135
9095,1093499,12,1093511
9096,1093622,24,1093646
9097,1093666,35,1093701
9098,1093737,16,1093753
9099,1093784,53,1093837
9100,1094067,48,1094115
9101,1094133,49,1094182
9102,1094292,15,1094307
9103,1094320,6,1094326
9104,1094387,18,1094405
9105,1094533,6,1094539
9106,1094582,1,1094583
9107,1094809,10,1094819
9108,1094940,40,1094980
9109,1095087,12,1095099
9110,1095103,26,1095129
9111,1095138,5,1095143
9112,1095177,63,1095240
9113,1095290,12,1095302
9114,1095308,7,1095315
9115,1095418,2,1095420
9116,1095491,5,1095496
9117,1095527,2,1095529
9118,1095568,17,1095585
9119,1095691,29,1095720
9120,1095831,54,1095885
9121,1095948,35,1095983
9122,1096019,24,1096043
9123,1096169,12,1096181
9124,1096392,12,1096404
9125,1096513,39,1096552
9126,1096763,52,1096815
9127,1096978,2,1096980
9128,1096987,61,1097048
9129,1097165,8,1097173
9130,1097321,49,1097370
9131,1097457,10,1097467
9132,1097648,13,1097661
9133,1097679,2,1097681
9134,1097804,13,1097817
9135,1097946,28,1097974
9136,1098147,18,1098165
9137,1098220,11,1098231
9138,1098314,4,1098318
9139,1098494,31,1098525
9140,1098531,21,1098552
9141,1098580,10,1098590
9142,1098609,31,1098640
9143,1098683,1,1098684
9144,1098860,30,1098890
9145,1098909,1,1098910
9146,1098940,1,1098941
9147,1099138,14,1099152
9148,1099615,4,1099619
9149,1099730,3,1099733
9150,1099739,2,1099741
9151,1099961,4,1099965
9152,1100024,56,1100080
9153,1100117,30,1100147
9154,1100173,24,1100197
9155,1100259,12,1100271
9156,1100301,21,1100322
9157,1100492,4,1100496
9158,1100535,20,1100555
9159,1100652,13,1100665
9160,1100755,15,1100770
9161,1101014,19,1101033
9162,1101143,6,1101149
9163,1101238,34,1101272
9164,1101277,11,1101288
9165,1101345,14,1101359
9166,1101401,27,1101428
9167,1101449,1,1101450
9168,1101478,10,1101488
9169,1101642,10,1101652
9170,1101773,44,1101817
9171,1101969,10,1101979
9172,1102204,1,1102205
9173,1102248,3,1102251
9174,1102267,13,1102280
9175,1102488,39,1102527
9176,1102599,1,1102600
9177,1102641,12,1102653
9178,1102864,7,1102871
9179,1103272,9,1103281
9180,1103287,6,1103293
9181,1103456,5,1103461
9182,1103470,58,1103528
9183,1103537,19,1103556
9184,1103709,5,1103714
9185,1103842,24,1103866
9186,1104094,11,1104105
9187,1104148,3,1104151
9188,1104194,9,1104203
9189,1104370,24,1104394
9190,1104482,39,1104521
9191,1104600,14,1104614
9192,1104661,20,1104681
9193,1104749,15,1104764
9194,1104869,13,1104882
9195,1104889,11,1104900
9196,1104916,34,1104950
9197,1105062,36,1105098
9198,1105156,6,1105162
9199,1105367,11,1105378
9200,1105382,4,1105386
9201,1105401,65,1105466
9202,1105561,34,1105595
9203,1105742,3,1105745
9204,1105856,4,1105860
9205,1106099,5,1106104
9206,1106157,20,1106177
9207,1106313,20,1106333
9208,1106364,15,1106379
9209,1106555,23,1106578
9210,1106615,18,1106633
9211,1106691,12,1106703
9212,1106839,1,1106840
9213,1106911,58,1106969
9214,1107069,15,1107084
9215,1107161,1,1107162
9216,1107271,37,1107308
9217,1107319,3,1107322
9218,1107445,23,1107468
9219,1107483,2,1107485
9220,1107534,6,1107540
9221,1107570,44,1107614
9222,1107737,34,1107771
9223,1107857,6,1107863
9224,1107896,12,1107908
9225,1108032,5,1108037
9226,1108074,9,1108083
9227,1108121,15,1108136
9228,1108191,16,1108207
9229,1108221,2,1108223
9230,1108266,2,1108268
9231,1108356,3,1108359
9232,1108560,5,1108565
9233,1108628,78,1108706
9234,1109135,3,1109138
9235,1109144,4,1109148
9236,1109536,97,1109633
9237,1109691,20,1109711
9238,1110079,15,1110094
9239,1110123,19,1110142
9240,1110161,19,1110180
9241,1110203,12,1110215
9242,1110303,31,1110334
9243,1110345,13,1110358
9244,1110361,25,1110386
9245,1110425,25,1110450
9246,1110716,67,1110783
9247,1110938,3,1110941
9248,1111058,10,1111068
9249,1111292,27,1111319
9250,1111320,7,1111327
9251,1111381,16,1111397
9252,1111467,7,1111474
9253,1111548,7,1111555
9254,1111559,3,1111562
9255,1111756,4,1111760
9256,1112073,21,1112094
9257,1112101,74,1112175
9258,1112213,18,1112231
9259,1112418,14,1112432
9260,1112461,10,1112471
9261,1112574,97,1112671
9262,1112689,26,1112715
9263,1112791,17,1112808
9264,1112838,24,1112862
9265,1113047,8,1113055
9266,1113122,50,1113172
9267,1113175,7,1113182
9268,1113235,27,1113262
9269,1113264,16,1113280
9270,1113359,18,1113377
9271,1113381,44,1113425
9272,1113427,17,1113444
9273,1113474,3,1113477
9274,1113606,19,1113625
9275,1113697,17,1113714
9276,1113731,13,1113744
9277,1113783,33,1113816
9278,1113818,1,1113819
9279,1114076,13,1114089
9280,1114097,61,1114158
9281,1114194,56,1114250
9282,1114267,9,1114276
9283,1114289,83,1114372
9284,1114442,14,1114456
9285,1114486,39,1114525
9286,1114801,19,1114820
9287,1114910,12,1114922
9288,1114970,4,1114974
9289,1115174,45,1115219
9290,1115284,23,1115307
9291,1115473,1,1115474
9292,1115506,64,1115570
9293,1115690,5,1115695
9294,1115842,16,1115858
9295,1115870,13,1115883
9296,1115996,3,1115999
9297,1116031,9,1116040
9298,1116071,2,1116073
9299,1116106,10,1116116
9300,1116416,51,1116467
9301,1116540,69,1116609
9302,1116649,31,1116680
9303,1116691,10,1116701
9304,1116762,15,1116777
9305,1116857,12,1116869
9306,1116939,8,1116947
9307,1116955,10,1116965
9308,1116970,7,1116977
9309,1117158,51,1117209
9310,1117343,19,1117362
9311,1117432,10,1117442
9312,1117569,14,1117583
9313,1117622,13,1117635
9314,1117731,6,1117737
9315,1118077,8,1118085
9316,1118258,18,1118276
9317,1118409,35,1118444
9318,1118600,36,1118636
9319,1118786,31,1118817
9320,1119051,41,1119092
9321,1119492,9,1119501
9322,1119680,25,1119705
9323,1120116,12,1120128
9324,1120601,5,1120606
9325,1121331,25,1121356
9326,1121363,22,1121385
9327,1121556,30,1121586
9328,1121943,5,1121948
9329,1121972,12,1121984
9330,1122116,10,1122126
9331,1122216,15,1122231
9332,1122269,1,1122270
9333,1122285,50,1122335
9334,1122391,4,1122395
9335,1122478,76,1122554
9336,1122924,6,1122930
9337,1122998,40,1123038
9338,1123047,21,1123068
9339,1123361,36,1123397
9340,1123671,23,1123694
9341,1123762,36,1123798
9342,1123821,33,1123854
9343,1123909,60,1123969
9344,1124046,10,1124056
9345,1124214,72,1124286
9346,1124329,24,1124353
9347,1124408,13,1124421
9348,1124426,5,1124431
9349,1124461,11,1124472
9350,1124474,15,1124489
9351,1124575,8,1124583
9352,1124611,13,1124624
9353,1124645,77,1124722
9354,1124818,8,1124826
9355,1124950,18,1124968
9356,1125056,38,1125094
9357,1125151,4,1125155
9358,1125170,61,1125231
9359,1125237,15,1125252
9360,1125559,28,1125587
9361,1125604,14,1125618
9362,1125794,23,1125817
9363,1125820,9,1125829
9364,1125850,4,1125854
9365,1125880,21,1125901
9366,1125939,11,1125950
9367,1125983,7,1125990
9368,1126109,15,1126124
9369,1126248,33,1126281
9370,1126333,2,1126335
9371,1126432,9,1126441
9372,1126483,55,1126538
9373,1126653,13,1126666
9374,1126781,4,1126785
9375,1126787,6,1126793
9376,1126992,29,1127021
9377,1127250,77,1127327
9378,1127393,29,1127422
9379,1127442,3,1127445
9380,1127778,15,1127793
9381,1127854,9,1127863
9382,1127963,28,1127991
9383,1128125,14,1128139
9384,1128145,20,1128165
9385,1128266,18,1128284
9386,1128504,9,1128513
9387,1128524,43,1128567
9388,1128750,1,1128751
9389,1128933,7,1128940
9390,1128955,11,1128966
9391,1129141,41,1129182
9392,1129620,5,1129625
9393,1129630,2,1129632
9394,1129697,6,1129703
9395,1129718,25,1129743
9396,1129757,22,1129779
9397,1129783,11,1129794
9398,1129811,4,1129815
9399,1129999,66,1130065
9400,1130238,61,1130299
9401,1130451,8,1130459
9402,1130659,38,1130697
9403,1130707,1,1130708
9404,1130964,7,1130971
9405,1130972,25,1130997
9406,1131019,33,1131052
9407,1131108,5,1131113
9408,1131136,7,1131143
9409,1131150,30,1131180
9410,1131187,8,1131195
9411,1131295,19,1131314
9412,1131481,3,1131484
9413,1131522,5,1131527
9414,1131637,19,1131656
9415,1131673,24,1131697
9416,1131722,32,1131754
9417,1131901,4,1131905
9418,1132043,19,1132062
9419,1132110,25,1132135
9420,1132152,7,1132159
9421,1132218,4,1132222
9422,1132379,3,1132382
9423,1132515,46,1132561
9424,1132689,3,1132692
9425,1132774,41,1132815
9426,1132827,5,1132832
9427,1132863,14,1132877
9428,1132973,16,1132989
9429,1133000,23,1133023
9430,1133031,6,1133037
9431,1133107,11,1133118
9432,1133227,16,1133243
9433,1133260,1,1133261
9434,1133481,35,1133516
9435,1133724,65,1133789
9436,1133874,7,1133881
9437,1133889,12,1133901
9438,1133976,19,1133995
9439,1134131,7,1134138
9440,1134248,3,1134251
9441,1134286,13,1134299
9442,1134325,24,1134349
9443,1134360,25,1134385
9444,1134449,13,1134462
9445,1134496,35,1134531
9446,1134874,34,1134908
9447,1134976,6,1134982
9448,1135057,15,1135072
9449,1135226,17,1135243
9450,1135249,4,1135253
9451,1135287,22,1135309
9452,1135334,4,1135338
9453,1135352,12,1135364
9454,1135465,6,1135471
9455,1135702,1,1135703
9456,1135707,5,1135712
9457,1135759,16,1135775
9458,1135957,22,1135979
9459,1136061,15,1136076
9460,1136198,16,1136214
9461,1136470,25,1136495
9462,1136502,14,1136516
9463,1136570,21,1136591
9464,1136718,62,1136780
9465,1136847,7,1136854
9466,1136867,25,1136892
9467,1136939,1,1136940
9468,1137157,30,1137187
9469,1137416,13,1137429
9470,1137662,13,1137675
9471,1137733,10,1137743
9472,1137809,12,1137821
9473,1137840,7,1137847
9474,1137868,14,1137882
9475,1137884,17,1137901
9476,1138056,9,1138065
9477,1138125,1,1138126
9478,1138129,1,1138130
9479,1138135,15,1138150
9480,1138190,34,1138224
9481,1138241,8,1138249
9482,1138313,78,1138391
9483,1138399,26,1138425
9484,1138462,25,1138487
9485,1138693,31,1138724
9486,1138846,23,1138869
9487,1138960,4,1138964
9488,1139054,14,1139068
9489,1139074,15,1139089
9490,1139127,2,1139129
9491,1139265,8,1139273
9492,1139291,8,1139299
9493,1139353,29,1139382
9494,1139417,21,1139438
9495,1139530,29,1139559
9496,1139670,34,1139704
9497,1139713,53,1139766
9498,1139770,56,1139826
9499,1139920,26,1139946
9500,1139957,1,1139958
9501,1140031,15,1140046
9502,1140223,5,1140228
9503,1140243,2,1140245
9504,1140819,2,1140821
9505,1140940,26,1140966
9506,1141231,29,1141260
9507,1141278,7,1141285
9508,1141359,1,1141360
9509,1141829,7,1141836
9510,1141878,10,1141888
9511,1141942,56,1141998
9512,1142109,27,1142136
9513,1142388,62,1142450
9514,1142502,90,1142592
9515,1143184,15,1143199
9516,1143538,4,1143542
9517,1143558,6,1143564
9518,1143621,4,1143625
9519,1143845,23,1143868
9520,1143877,11,1143888
9521,1144109,13,1144122
9522,1144214,28,1144242
9523,1144306,33,1144339
9524,1144351,21,1144372
9525,1144447,5,1144452
9526,1144490,26,1144516
9527,1144613,2,1144615
9528,1144712,9,1144721
9529,1144928,25,1144953
9530,1145130,9,1145139
9531,1145348,7,1145355
9532,1145501,14,1145515
9533,1145716,10,1145726
9534,1145733,7,1145740
9535,1145804,6,1145810
9536,1146283,50,1146333
9537,1146555,3,1146558
9538,1146565,26,1146591
9539,1146674,1,1146675
9540,1146681,6,1146687
9541,1146727,68,1146795
9542,1146983,11,1146994
9543,1147208,20,1147228
9544,1147555,19,1147574
9545,1147607,49,1147656
9546,1147691,22,1147713
9547,1147762,25,1147787
9548,1148136,72,1148208
9549,1148263,21,1148284
9550,1148292,1,1148293
9551,1148415,38,1148453
9552,1148535,29,1148564
9553,1148593,5,1148598
9554,1148827,4,1148831
9555,1148971,1,1148972
9556,1149067,5,1149072
9557,1149341,1,1149342
9558,1149387,7,1149394
9559,1149566,2,1149568
9560,1149690,10,1149700
9561,1149759,12,1149771
9562,1150119,8,1150127
9563,1150182,27,1150209
9564,1150278,2,1150280
9565,1150331,62,1150393
9566,1150561,8,1150569
9567,1150585,9,1150594
9568,1150841,87,1150928
9569,1151061,12,1151073
9570,1151149,51,1151200
9571,1151241,11,1151252
9572,1151462,85,1151547
9573,1151687,34,1151721
9574,1151797,3,1151800
9575,1151862,105,1151967
9576,1151974,11,1151985
9577,1151999,16,1152015
9578,1152208,7,1152215
9579,1152325,25,1152350
9580,1152458,10,1152468
9581,1152619,24,1152643
9582,1152698,2,1152700
9583,1152714,3,1152717
9584,1152853,24,1152877
9585,1152887,1,1152888
9586,1153113,30,1153143
9587,1153197,70,1153267
9588,1153300,48,1153348
9589,1153415,2,1153417
9590,1153491,5,1153496
9591,1153602,44,1153646
9592,1153647,27,1153674
9593,1153753,10,1153763
9594,1153861,4,1153865
9595,1153875,56,1153931
9596,1153959,3,1153962
9597,1154146,1,1154147
9598,1154556,49,1154605
9599,1154662,16,1154678
9600,1154781,37,1154818
9601,1154899,7,1154906
9602,1154942,19,1154961
9603,1154986,7,1154993
9604,1155191,10,1155201
9605,1155235,1,1155236
9606,1155347,9,1155356
9607,1155418,5,1155423
9608,1155564,17,1155581
9609,1155930,1,1155931
9610,1156096,15,1156111
9611,1156120,5,1156125
9612,1156261,18,1156279
9613,1156469,36,1156505
9614,1156826,6,1156832
9615,1156856,1,1156857
9616,1157001,8,1157009
9617,1157091,67,1157158
9618,1157206,45,1157251
9619,1157507,78,1157585
9620,1157595,62,1157657
9621,1157801,1,1157802
9622,1157997,4,1158001
9623,1158007,18,1158025
9624,1158116,5,1158121
9625,1158133,10,1158143
9626,1158310,4,1158314
9627,1158349,18,1158367
9628,1158394,2,1158396
9629,1158568,4,1158572
9630,1158606,3,1158609
9631,1158863,1,1158864
9632,1158963,14,1158977
9633,1159000,4,1159004
9634,1159037,14,1159051
9635,1159220,1,1159221
9636,1159374,30,1159404
9637,1159409,13,1159422
9638,1159430,24,1159454
9639,1159548,12,1159560
9640,1159578,28,1159606
9641,1159759,1,1159760
9642,1159933,62,1159995
9643,1160327,105,1160432
9644,1160440,10,1160450
9645,1160487,4,1160491
9646,1160503,13,1160516
9647,1160690,14,1160704
9648,1160737,19,1160756
9649,1161024,34,1161058
9650,1161078,8,1161086
9651,1161315,33,1161348
9652,1161533,9,1161542
9653,1161551,6,1161557
9654,1161768,106,1161874
9655,1161999,2,1162001
9656,1162469,6,1162475
9657,1162726,37,1162763
9658,1162854,11,1162865
9659,1162874,9,1162883
9660,1162929,7,1162936
9661,1163123,22,1163145
9662,1163346,57,1163403
9663,1163486,1,1163487
9664,1163506,3,1163509
9665,1163708,15,1163723
9666,1163748,27,1163775
9667,1163832,5,1163837
9668,1163910,74,1163984
9669,1163988,1,1163989
9670,1164107,14,1164121
9671,1164153,18,1164171
9672,1164295,1,1164296
9673,1164313,6,1164319
9674,1164346,13,1164359
9675,1164632,2,1164634
9676,1164673,4,1164677
9677,1164857,44,1164901
9678,1165148,2,1165150
9679,1165251,4,1165255
9680,1165309,8,1165317
9681,1165545,9,1165554
9682,1165586,2,1165588
9683,1166082,15,1166097
9684,1166191,5,1166196
9685,1166197,15,1166212
9686,1166273,8,1166281
9687,1166458,26,1166484
9688,1166657,24,1166681
9689,1166820,16,1166836
9690,1166901,37,1166938
9691,1167024,11,1167035
9692,1167073,64,1167137
9693,1167264,6,1167270
9694,1167306,1,1167307
9695,1167493,8,1167501
9696,1167965,8,1167973
9697,1167981,10,1167991
9698,1168005,20,1168025
9699,1168078,14,1168092
9700,1168144,29,1168173
9701,1168176,3,1168179
9702,1168594,25,1168619
9703,1168773,24,1168797
9704,1169038,54,1169092
9705,1169132,10,1169142
9706,1169185,46,1169231
9707,1169591,33,1169624
9708,1169701,14,1169715
9709,1169909,45,1169954
9710,1170047,6,1170053
9711,1170062,52,1170114
9712,1170171,6,1170177
9713,1170280,2,1170282
9714,1170432,6,1170438
9715,1170505,18,1170523
9716,1170559,10,1170569
9717,1170731,23,1170754
9718,1171136,4,1171140
9719,1171212,7,1171219
9720,1171381,10,1171391
9721,1171450,78,1171528
9722,1171599,26,1171625
9723,1171840,19,1171859
9724,1171965,11,1171976
9725,1171994,32,1172026
9726,1172261,15,1172276
9727,1172323,31,1172354
9728,1172457,3,1172460
9729,1172575,24,1172599
9730,1172819,4,1172823
9731,1172836,9,1172845
9732,1172866,8,1172874
9733,1172946,82,1173028
9734,1173191,43,1173234
9735,1173363,1,1173364
9736,1173457,71,1173528
9737,1173595,17,1173612
9738,1173624,23,1173647
9739,1173679,18,1173697
9740,1173878,5,1173883
9741,1173939,18,1173957
9742,1174018,13,1174031
9743,1174070,26,1174096
9744,1174344,2,1174346
9745,1174620,11,1174631
9746,1175014,29,1175043
9747,1175092,6,1175098
9748,1175131,5,1175136
9749,1175237,18,1175255
9750,1175296,4,1175300
9751,1175301,38,1175339
9752,1175377,74,1175451
9753,1175498,4,1175502
9754,1175517,10,1175527
9755,1175598,35,1175633
9756,1175712,6,1175718
9757,1175765,24,1175789
9758,1175865,47,1175912
9759,1176086,54,1176140
9760,1176197,10,1176207
9761,1176549,28,1176577
9762,1176601,18,1176619
9763,1176621,3,1176624
9764,1176763,19,1176782
9765,1176932,36,1176968
9766,1177079,30,1177109
9767,1177113,37,1177150
9768,1177172,58,1177230
9769,1177273,50,1177323
9770,1177343,6,1177349
9771,1177427,31,1177458
9772,1177620,11,1177631
9773,1177733,6,1177739
9774,1177801,4,1177805
9775,1177925,4,1177929
9776,1178122,76,1178198
9777,1178261,12,1178273
9778,1178341,35,1178376
9779,1178551,20,1178571
9780,1178648,2,1178650
9781,1178892,17,1178909
9782,1179031,14,1179045
9783,1179073,19,1179092
9784,1179120,15,1179135
9785,1179205,2,1179207
9786,1179268,2,1179270
9787,1179361,3,1179364
9788,1179367,32,1179399
9789,1179420,10,1179430
9790,1179440,25,1179465
9791,1179553,8,1179561
9792,1179956,12,1179968
9793,1180014,17,1180031
9794,1180078,5,1180083
9795,1180087,5,1180092
9796,1180105,4,1180109
9797,1180134,33,1180167
9798,1180261,14,1180275
9799,1180392,14,1180406
9800,1180498,5,1180503
9801,1180522,4,1180526
9802,1180578,14,1180592
9803,1180812,5,1180817
9804,1180859,61,1180920
9805,1181011,8,1181019
9806,1181260,9,1181269
9807,1181390,23,1181413
9808,1181429,32,1181461
9809,1181599,3,1181602
9810,1181675,7,1181682
9811,1181684,10,1181694
9812,1181887,4,1181891
9813,1181895,1,1181896
9814,1181916,18,1181934
9815,1182045,48,1182093
9816,1182108,2,1182110
9817,1182268,3,1182271
9818,1182311,6,1182317
9819,1182706,3,1182709
9820,1182755,22,1182777
9821,1182812,9,1182821
9822,1182849,4,1182853
9823,1182869,3,1182872
9824,1182963,27,1182990
9825,1183155,54,1183209
9826,1183644,43,1183687
9827,1183854,9,1183863
9828,1183874,40,1183914
9829,1184237,69,1184306
9830,1184349,15,1184364
9831,1184371,3,1184374
9832,1184455,3,1184458
9833,1184720,37,1184757
9834,1184808,7,1184815
9835,1184818,34,1184852
9836,1185038,6,1185044
9837,1185085,3,1185088
9838,1185186,33,1185219
9839,1185318,1,1185319
9840,1185364,21,1185385
9841,1185392,14,1185406
9842,1185460,60,1185520
9843,1185799,43,1185842
9844,1185912,6,1185918
9845,1185944,8,1185952
9846,1185964,47,1186011
9847,1186290,13,1186303
9848,1186385,95,1186480
9849,1186719,3,1186722
9850,1186779,100,1186879
9851,1187105,18,1187123
9852,1187130,30,1187160
9853,1187175,20,1187195
9854,1187360,28,1187388
9855,1187412,44,1187456
9856,1187484,2,1187486
9857,1187518,32,1187550
9858,1187752,3,1187755
9859,1187834,20,1187854
9860,1187965,14,1187979
9861,1188066,36,1188102
9862,1188179,2,1188181
9863,1188223,2,1188225
9864,1188255,6,1188261
9865,1188269,18,1188287
9866,1188389,22,1188411
9867,1188681,13,1188694
9868,1188856,12,1188868
9869,1189000,3,1189003
9870,1189046,1,1189047
9871,1189330,29,1189359
9872,1189478,3,1189481
9873,1189529,20,1189549
9874,1189560,15,1189575
9875,1189664,24,1189688
9876,1189918,21,1189939
9877,1190275,7,1190282
9878,1190290,16,1190306
9879,1190386,5,1190391
9880,1190603,13,1190616
9881,1190732,5,1190737
9882,1190839,87,1190926
9883,1190997,1,1190998
9884,1191062,1,1191063
9885,1191126,16,1191142
9886,1191375,2,1191377
9887,1191456,2,1191458
9888,1191485,6,1191491
9889,1191517,16,1191533
9890,1191537,32,1191569
9891,1191666,23,1191689
9892,1191778,21,1191799
9893,1191878,14,1191892
9894,1192154,8,1192162
9895,1192378,6,1192384
9896,1192428,26,1192454
9897,1192520,12,1192532
9898,1192617,5,1192622
9899,1192862,45,1192907
9900,1193113,27,1193140
9901,1193442,6,1193448
9902,1193485,38,1193523
9903,1193526,3,1193529
9904,1193565,7,1193572
9905,1193626,14,1193640
9906,1193687,46,1193733
9907,1193822,2,1193824
9908,1193935,8,1193943
9909,1193974,16,1193990
9910,1194141,1,1194142
9911,1194268,32,1194300
9912,1194350,11,1194361
9913,1194611,25,1194636
9914,1194716,17,1194733
9915,1194808,4,1194812
9916,1194929,10,1194939
9917,1194978,17,1194995
9918,1195172,44,1195216
9919,1195257,59,1195316
9920,1195559,1,1195560
9921,1195708,65,1195773
9922,1195800,35,1195835
9923,1196056,14,1196070
9924,1196251,18,1196269
9925,1196347,39,1196386
9926,1196568,18,1196586
9927,1196643,7,1196650
9928,1196746,59,1196805
9929,1196860,5,1196865
9930,1196966,25,1196991
9931,1197003,3,1197006
9932,1197239,6,1197245
9933,1197277,6,1197283
9934,1197492,71,1197563
9935,1197574,15,1197589
9936,1197723,11,1197734
9937,1197792,11,1197803
9938,1198079,32,1198111
9939,1198164,13,1198177
9940,1198203,2,1198205
9941,1198316,48,1198364
9942,1198377,6,1198383
9943,1198395,10,1198405
9944,1198426,27,1198453
9945,1199162,13,1199175
9946,1199208,1,1199209
9947,1199260,27,1199287
9948,1199360,11,1199371
9949,1199372,25,1199397
9950,1199546,16,1199562
9951,1199782,13,1199795
9952,1199854,20,1199874
9953,1199988,82,1200070
9954,1200161,23,1200184
9955,1200353,27,1200380
9956,1200431,7,1200438
9957,1200869,11,1200880
9958,1200937,3,1200940
9959,1200995,4,1200999
9960,1201048,3,1201051
9961,1201078,9,1201087
9962,1201143,29,1201172
9963,1201183,42,1201225
9964,1201270,4,1201274
9965,1201396,25,1201421
9966,1201520,2,1201522
9967,1201523,7,1201530
9968,1201582,2,1201584
9969,1201931,2,1201933
9970,1202009,89,1202098
9971,1202603,8,1202611
9972,1202804,2,1202806
9973,1203021,5,1203026
9974,1203033,9,1203042
9975,1203354,6,1203360
9976,1203402,23,1203425
9977,1203621,15,1203636
9978,1203670,25,1203695
9979,1203730,27,1203757
9980,1203781,8,1203789
9981,1203839,11,1203850
9982,1203879,36,1203915
9983,1204059,33,1204092
9984,1204326,11,1204337
9985,1204600,18,1204618
9986,1204680,23,1204703
9987,1204727,4,1204731
9988,1204765,16,1204781
9989,1204876,3,1204879
9990,1204980,16,1204996
9991,1205008,15,1205023
9992,1205061,14,1205075
9993,1205086,1,1205087
9994,1205102,14,1205116
9995,1205144,14,1205158
9996,1205177,15,1205192
9997,1205320,11,1205331
9998,1205365,3,1205368
9999,1205435,8,1205443
10000,1205670,14,1205684
10001,1206294,110,1206404
10002,1206431,4,1206435
10003,1206447,33,1206480
10004,1206484,18,1206502
10005,1206596,31,1206627
10006,1206708,10,1206718
10007,1206861,11,1206872
10008,1206949,35,1206984
10009,1207142,4,1207146
10010,1207257,11,1207268
10011,1207323,2,1207325
10012,1207368,34,1207402
10013,1207439,6,1207445
10014,1207599,13,1207612
10015,1207699,7,1207706
10016,1207749,8,1207757
10017,1207835,16,1207851
10018,1207962,20,1207982
10019,1208034,39,1208073
10020,1208077,48,1208125
10021,1208252,56,1208308
10022,1208364,3,1208367
10023,1208741,15,1208756
10024,1208829,23,1208852
10025,1208903,9,1208912
10026,1209025,16,1209041
10027,1209093,23,1209116
10028,1209230,2,1209232
10029,1209313,21,1209334
10030,1209446,18,1209464
10031,1209469,36,1209505
10032,1209591,25,1209616
10033,1209883,11,1209894
10034,1209909,17,1209926
10035,1209982,28,1210010
10036,1210116,33,1210149
10037,1210179,19,1210198
10038,1210320,54,1210374
10039,1210380,39,1210419
10040,1210625,8,1210633
10041,1210728,44,1210772
10042,1210791,18,1210809
10043,1210857,5,1210862
10044,1211033,8,1211041
10045,1211161,41,1211202
10046,1211305,2,1211307
10047,1211319,41,1211360
10048,1211396,58,1211454
10049,1211497,32,1211529
10050,1211539,5,1211544
10051,1211671,15,1211686
10052,1211694,18,1211712
10053,1211777,11,1211788
10054,1211798,8,1211806
10055,1211884,22,1211906
10056,1211927,5,1211932
10057,1212011,1,1212012
10058,1212039,29,1212068
10059,1212089,18,1212107
10060,1212126,24,1212150
10061,1212172,9,1212181
10062,1212295,3,1212298
10063,1212445,38,1212483
10064,1212610,32,1212642
10065,1212725,3,1212728
10066,1212738,39,1212777
10067,1213039,12,1213051
10068,1213068,18,1213086
10069,1213314,4,1213318
10070,1213368,71,1213439
10071,1213569,22,1213591
10072,1213609,36,1213645
10073,1213710,29,1213739
10074,1213789,4,1213793
10075,1213797,9,1213806
10076,1213820,11,1213831
10077,1213893,15,1213908
10078,1213930,37,1213967
10079,1214076,1,1214077
10080,1214308,52,1214360
10081,1214456,21,1214477
10082,1214534,2,1214536
10083,1214587,5,1214592
10084,1214604,62,1214666
10085,1214709,8,1214717
10086,1214788,30,1214818
10087,1214851,8,1214859
10088,1214945,58,1215003
10089,1215217,25,1215242
10090,1215309,15,1215324
10091,1215632,9,1215641
10092,1215702,54,1215756
10093,1215787,1,1215788
10094,1215814,75,1215889
10095,1215926,7,1215933
10096,1216069,34,1216103
10097,1216169,18,1216187
10098,1216188,11,1216199
10099,1216215,12,1216227
10100,1216326,29,1216355
10101,1216418,50,1216468
10102,1216542,50,1216592
10103,1216763,50,1216813
10104,1216872,3,1216875
10105,1217110,6,1217116
10106,1217164,2,1217166
10107,1217197,1,1217198
10108,1217523,4,1217527
10109,1217561,39,1217600
10110,1217951,13,1217964
10111,1218078,10,1218088
10112,1218591,11,1218602
10113,1218889,5,1218894
10114,1218964,54,1219018
10115,1219022,18,1219040
10116,1219065,53,1219118
10117,1219180,48,1219228
10118,1219280,9,1219289
10119,1219310,4,1219314
10120,1219329,36,1219365
10121,1219383,49,1219432
10122,1219471,9,1219480
10123,1219584,34,1219618
10124,1219619,19,1219638
10125,1219792,21,1219813
10126,1219978,13,1219991
10127,1220004,2,1220006
10128,1220042,11,1220053
10129,1220063,10,1220073
10130,1220075,6,1220081
10131,1220393,13,1220406
10132,1220994,13,1221007
10133,1221048,6,1221054
10134,1221078,13,1221091
10135,1221123,12,1221135
10136,1221253,16,1221269
10137,1221364,13,1221377
10138,1221440,7,1221447
10139,1221523,22,1221545
10140,1221747,1,1221748
10141,1221772,13,1221785
10142,1221820,14,1221834
10143,1221971,3,1221974
10144,1222009,2,1222011
10145,1222181,6,1222187
10146,1222199,1,1222200
10147,1222255,8,1222263
10148,1222390,79,1222469
10149,1222514,45,1222559
10150,1222575,11,1222586
10151,1222778,2,1222780
10152,1222866,28,1222894
10153,1222917,14,1222931
10154,1222992,78,1223070
10155,1223183,17,1223200
10156,1223300,42,1223342
10157,1223399,16,1223415
10158,1223426,2,1223428
10159,1223511,12,1223523
10160,1223627,1,1223628
10161,1223783,35,1223818
10162,1223909,2,1223911
10163,1224183,131,1224314
10164,1224352,12,1224364
10165,1224654,14,1224668
10166,1224731,15,1224746
10167,1224863,18,1224881
10168,1224883,22,1224905
10169,1224948,6,1224954
10170,1224973,43,1225016
10171,1225183,20,1225203
10172,1225213,34,1225247
10173,1225328,6,1225334
10174,1225347,17,1225364
10175,1225365,4,1225369
10176,1225471,30,1225501
10177,1225517,1,1225518
10178,1225554,2,1225556
10179,1225712,3,1225715
10180,1225722,197,1225919
10181,1225931,17,1225948
10182,1226247,18,1226265
10183,1226285,26,1226311
10184,1226368,8,1226376
10185,1226413,51,1226464
10186,1226628,20,1226648
10187,1226686,5,1226691
10188,1226724,13,1226737
10189,1226844,30,1226874
10190,1226914,6,1226920
10191,1227127,29,1227156
10192,1227221,11,1227232
10193,1227310,43,1227353
10194,1227355,10,1227365
10195,1227369,20,1227389
10196,1227397,29,1227426
10197,1227486,6,1227492
10198,1227535,23,1227558
10199,1227613,99,1227712
10200,1227848,8,1227856
10201,1228049,10,1228059
10202,1228080,33,1228113
10203,1228192,45,1228237
10204,1228434,2,1228436
10205,1228442,1,1228443
10206,1228537,17,1228554
10207,1228605,19,1228624
10208,1228754,36,1228790
10209,1228838,21,1228859
10210,1228972,30,1229002
10211,1229270,6,1229276
10212,1229294,10,1229304
10213,1229309,8,1229317
10214,1229389,8,1229397
10215,1229521,10,1229531
10216,1229660,21,1229681
10217,1229743,10,1229753
10218,1229768,8,1229776
10219,1229840,61,1229901
10220,1229941,28,1229969
10221,1230136,29,1230165
10222,1230263,73,1230336
10223,1230367,7,1230374
10224,1230410,52,1230462
10225,1230643,2,1230645
10226,1230813,3,1230816
10227,1230821,15,1230836
10228,1230985,8,1230993
10229,1231142,1,1231143
10230,1231293,30,1231323
10231,1231343,29,1231372
10232,1231380,5,1231385
10233,1231397,9,1231406
10234,1231423,30,1231453
10235,1231588,3,1231591
10236,1231795,63,1231858
10237,1232057,36,1232093
10238,1232114,1,1232115
10239,1232266,32,1232298
10240,1232441,41,1232482
10241,1232500,12,1232512
10242,1232535,8,1232543
10243,1232566,35,1232601
10244,1232684,9,1232693
10245,1232730,9,1232739
10246,1232744,30,1232774
10247,1233068,18,1233086
10248,1233214,12,1233226
10249,1233257,7,1233264
10250,1233368,7,1233375
10251,1233412,2,1233414
10252,1233656,20,1233676
10253,1233757,15,1233772
10254,1233948,22,1233970
10255,1234019,19,1234038
10256,1234107,16,1234123
10257,1234278,18,1234296
10258,1234361,24,1234385
10259,1234477,46,1234523
10260,1234558,1,1234559
10261,1234654,15,1234669
10262,1234799,44,1234843
10263,1234894,36,1234930
10264,1234998,4,1235002
10265,1235182,7,1235189
10266,1235374,17,1235391
10267,1235493,14,1235507
10268,1235667,11,1235678
10269,1235769,48,1235817
10270,1235997,14,1236011
10271,1236022,7,1236029
10272,1236138,14,1236152
10273,1236170,2,1236172
10274,1236191,34,1236225
10275,1236428,35,1236463
10276,1236547,1,1236548
10277,1236720,3,1236723
10278,1236782,1,1236783
10279,1236954,16,1236970
10280,1237154,9,1237163
10281,1237229,37,1237266
10282,1237306,23,1237329
10283,1237334,31,1237365
10284,1237446,1,1237447
10285,1237734,9,1237743
10286,1238165,17,1238182
10287,1238301,29,1238330
10288,1238497,39,1238536
10289,1238620,27,1238647
10290,1238661,7,1238668
10291,1238727,5,1238732
10292,1238785,46,1238831
10293,1238918,24,1238942
10294,1239210,17,1239227
10295,1239277,37,1239314
10296,1239334,43,1239377
10297,1239454,2,1239456
10298,1239492,30,1239522
10299,1239694,5,1239699
10300,1239783,14,1239797
10301,1239871,13,1239884
10302,1239969,21,1239990
10303,1240002,51,1240053
10304,1240231,1,1240232
10305,1240258,89,1240347
10306,1240361,14,1240375
10307,1240417,59,1240476
10308,1240536,7,1240543
10309,1240581,7,1240588
10310,1240656,20,1240676
10311,1240684,43,1240727
10312,1240740,20,1240760
10313,1240797,14,1240811
10314,1240990,1,1240991
10315,1241032,64,1241096
10316,1241254,7,1241261
10317,1241292,27,1241319
10318,1241403,55,1241458
10319,1241596,2,1241598
10320,1241604,34,1241638
10321,1242025,1,1242026
10322,1242183,12,1242195
10323,1242278,9,1242287
10324,1242400,3,1242403
10325,1242428,28,1242456
10326,1242481,13,1242494
10327,1242523,5,1242528
10328,1242540,1,1242541
10329,1242643,46,1242689
10330,1242751,11,1242762
10331,1242784,1,1242785
10332,1242798,30,1242828
10333,1242934,4,1242938
10334,1242950,48,1242998
10335,1243142,11,1243153
10336,1243234,2,1243236
10337,1243286,38,1243324
10338,1243346,6,1243352
10339,1243368,30,1243398
10340,1243508,45,1243553
10341,1243685,10,1243695
10342,1243814,10,1243824
10343,1243879,11,1243890
10344,1244235,11,1244246
10345,1244324,19,1244343
10346,1244509,5,1244514
10347,1244544,2,1244546
10348,1244700,13,1244713
10349,1244796,6,1244802
10350,1244834,22,1244856
10351,1244913,15,1244928
10352,1244992,4,1244996
10353,1245136,21,1245157
10354,1245241,39,1245280
10355,1245289,32,1245321
10356,1245331,8,1245339
10357,1245357,15,1245372
10358,1245408,7,1245415
10359,1245416,20,1245436
10360,1245606,6,1245612
10361,1245648,4,1245652
10362,1245690,15,1245705
10363,1245827,74,1245901
10364,1245993,25,1246018
10365,1246023,9,1246032
10366,1246299,7,1246306
10367,1246321,8,1246329
10368,1246416,32,1246448
10369,1246480,1,1246481
10370,1246500,7,1246507
10371,1246523,10,1246533
10372,1246582,1,1246583
10373,1246686,6,1246692
10374,1246768,9,1246777
10375,1246791,28,1246819
10376,1246828,11,1246839
10377,1246866,23,1246889
10378,1246917,19,1246936
10379,1246992,29,1247021
10380,1247117,3,1247120
10381,1247139,3,1247142
10382,1247469,11,1247480
10383,1247646,1,1247647
10384,1247680,6,1247686
10385,1247696,25,1247721
10386,1247726,1,1247727
10387,1247775,30,1247805
10388,1247867,26,1247893
10389,1248154,8,1248162
10390,1248238,61,1248299
10391,1248375,10,1248385
10392,1248400,14,1248414
10393,1248537,70,1248607
10394,1248969,2,1248971
10395,1249037,72,1249109
10396,1249167,23,1249190
10397,1249350,64,1249414
10398,1249422,28,1249450
10399,1249608,21,1249629
10400,1249651,17,1249668
10401,1249725,3,1249728
10402,1249895,18,1249913
10403,1249989,52,1250041
10404,1250065,44,1250109
10405,1250196,15,1250211
10406,1250218,66,1250284
10407,1250302,5,1250307
10408,1250364,6,1250370
10409,1250467,22,1250489
10410,1250517,27,1250544
10411,1250661,26,1250687
10412,1250784,42,1250826
10413,1250899,28,1250927
10414,1250942,6,1250948
10415,1251027,45,1251072
10416,1251145,15,1251160
10417,1251221,11,1251232
10418,1251306,18,1251324
10419,1251452,12,1251464
10420,1251476,23,1251499
10421,1251611,50,1251661
10422,1251677,14,1251691
10423,1251699,65,1251764
10424,1251850,7,1251857
10425,1251935,11,1251946
10426,1251974,6,1251980
10427,1252078,3,1252081
10428,1252335,39,1252374
10429,1252418,3,1252421
10430,1252439,18,1252457
10431,1252461,15,1252476
10432,1252539,2,1252541
10433,1252607,12,1252619
10434,1252710,1,1252711
10435,1252877,11,1252888
10436,1252952,30,1252982
10437,1253219,16,1253235
10438,1253236,44,1253280
10439,1253345,13,1253358
10440,1253384,48,1253432
10441,1253562,4,1253566
10442,1253656,20,1253676
10443,1253709,3,1253712
10444,1254584,16,1254600
10445,1254749,31,1254780
10446,1254839,10,1254849
10447,1254870,54,1254924
10448,1255027,3,1255030
10449,1255104,28,1255132
10450,1255209,57,1255266
10451,1255474,14,1255488
10452,1255497,13,1255510
10453,1255925,4,1255929
10454,1255935,10,1255945
10455,1256123,1,1256124
10456,1256136,32,1256168
10457,1256189,41,1256230
10458,1256533,4,1256537
10459,1256621,31,1256652
10460,1256871,35,1256906
10461,1257039,44,1257083
10462,1257085,86,1257171
10463,1257176,8,1257184
10464,1257226,12,1257238
10465,1257521,28,1257549
10466,1257635,2,1257637
10467,1257699,3,1257702
10468,1257795,9,1257804
10469,1257865,4,1257869
10470,1258293,9,1258302
10471,1258449,16,1258465
10472,1258496,26,1258522
10473,1258636,3,1258639
10474,1258660,36,1258696
10475,1258880,16,1258896
10476,1259002,5,1259007
10477,1259060,9,1259069
10478,1259092,2,1259094
10479,1259125,14,1259139
10480,1259156,6,1259162
10481,1259302,26,1259328
10482,1259484,93,1259577
10483,1259621,84,1259705
10484,1259729,23,1259752
10485,1259894,2,1259896
10486,1260010,4,1260014
10487,1260034,8,1260042
10488,1260134,9,1260143
10489,1260245,2,1260247
10490,1260397,64,1260461
10491,1260606,49,1260655
10492,1260692,1,1260693
10493,1260758,48,1260806
10494,1260875,14,1260889
10495,1261050,5,1261055
10496,1261086,6,1261092
10497,1261260,9,1261269
10498,1261579,43,1261622
10499,1261639,16,1261655
10500,1261976,9,1261985
10501,1262177,13,1262190
10502,1262193,45,1262238
10503,1262317,69,1262386
10504,1262493,17,1262510
10505,1262519,9,1262528
10506,1262549,9,1262558
10507,1262581,22,1262603
10508,1262635,12,1262647
10509,1262686,3,1262689
10510,1262692,15,1262707
10511,1262865,50,1262915
10512,1263009,67,1263076
10513,1263270,10,1263280
10514,1263447,31,1263478
10515,1263614,49,1263663
10516,1263738,16,1263754
10517,1263806,3,1263809
10518,1263868,7,1263875
10519,1263934,20,1263954
10520,1264006,4,1264010
10521,1264327,65,1264392
10522,1264393,17,1264410
10523,1264534,9,1264543
10524,1264568,6,1264574
10525,1264761,12,1264773
10526,1264791,101,1264892
10527,1264993,2,1264995
10528,1265000,16,1265016
10529,1265045,1,1265046
10530,1265090,5,1265095
10531,1265245,69,1265314
10532,1265334,10,1265344
10533,1265461,9,1265470
10534,1265478,2,1265480
10535,1265543,15,1265558
10536,1265580,8,1265588
10537,1265650,9,1265659
10538,1265776,32,1265808
10539,1265810,50,1265860
10540,1265898,29,1265927
10541,1266001,32,1266033
10542,1266217,17,1266234
10543,1266248,12,1266260
10544,1266470,30,1266500
10545,1266536,6,1266542
10546,1266795,3,1266798
10547,1266872,11,1266883
10548,1266905,23,1266928
10549,1266934,37,1266971
10550,1267216,1,1267217
10551,1267223,5,1267228
10552,1267249,4,1267253
10553,1267552,6,1267558
10554,1267976,13,1267989
10555,1268100,6,1268106
10556,1268232,36,1268268
10557,1268556,2,1268558
10558,1268560,9,1268569
10559,1268745,4,1268749
10560,1268878,10,1268888
10561,1268984,3,1268987
10562,1269194,12,1269206
10563,1269221,7,1269228
10564,1269340,20,1269360
10565,1269464,29,1269493
10566,1269622,9,1269631
10567,1269691,9,1269700
10568,1269735,7,1269742
10569,1269814,10,1269824
10570,1270076,31,1270107
10571,1270367,25,1270392
10572,1270509,27,1270536
10573,1270643,21,1270664
10574,1270939,44,1270983
10575,1271005,37,1271042
10576,1271136,23,1271159
10577,1271197,27,1271224
10578,1271457,29,1271486
10579,1271682,7,1271689
10580,1272101,42,1272143
10581,1272201,2,1272203
10582,1272289,47,1272336
10583,1272393,15,1272408
10584,1272440,29,1272469
10585,1272560,14,1272574
10586,1272664,2,1272666
10587,1272824,14,1272838
10588,1272843,45,1272888
10589,1273039,26,1273065
10590,1273194,2,1273196
10591,1273200,15,1273215
10592,1273301,5,1273306
10593,1273326,10,1273336
10594,1273401,80,1273481
10595,1273544,5,1273549
10596,1273615,5,1273620
10597,1273638,45,1273683
10598,1273700,12,1273712
10599,1273785,26,1273811
10600,1273899,50,1273949
10601,1273993,4,1273997
10602,1274019,4,1274023
10603,1274126,9,1274135
10604,1274353,31,1274384
10605,1274460,6,1274466
10606,1274567,9,1274576
10607,1274657,8,1274665
10608,1274804,17,1274821
10609,1274962,34,1274996
10610,1275128,38,1275166
10611,1275230,43,1275273
10612,1275383,75,1275458
10613,1275571,3,1275574
10614,1275580,21,1275601
10615,1275857,14,1275871
10616,1275878,4,1275882
10617,1276013,8,1276021
10618,1276032,13,1276045
10619,1276145,3,1276148
10620,1276163,26,1276189
10621,1276196,43,1276239
10622,1276354,39,1276393
10623,1276461,16,1276477
10624,1276657,4,1276661
10625,1277094,6,1277100
10626,1277554,5,1277559
10627,1277563,17,1277580
10628,1277666,27,1277693
10629,1277713,19,1277732
10630,1277744,1,1277745
10631,1277785,13,1277798
10632,1277993,6,1277999
10633,1278004,16,1278020
10634,1278347,16,1278363
10635,1278364,34,1278398
10636,1278870,17,1278887
10637,1279245,68,1279313
10638,1279361,16,1279377
10639,1279409,22,1279431
10640,1279448,7,1279455
10641,1279471,24,1279495
10642,1279537,11,1279548
10643,1279649,3,1279652
10644,1279665,9,1279674
10645,1279715,27,1279742
10646,1279782,33,1279815
10647,1279944,2,1279946
10648,1280058,8,1280066
10649,1280075,12,1280087
10650,1280345,5,1280350
10651,1280534,11,1280545
10652,1280633,15,1280648
10653,1280664,9,1280673
10654,1280711,30,1280741
10655,1280752,45,1280797
10656,1280897,4,1280901
10657,1280940,3,1280943
10658,1281003,67,1281070
10659,1281190,5,1281195
10660,1281274,18,1281292
10661,1281299,2,1281301
10662,1281421,6,1281427
10663,1281821,17,1281838
10664,1281841,18,1281859
10665,1281937,2,1281939
10666,1281940,11,1281951
10667,1282108,2,1282110
10668,1282229,8,1282237
10669,1282262,2,1282264
10670,1282309,46,1282355
10671,1282370,33,1282403
10672,1282639,8,1282647
10673,1282861,29,1282890
10674,1282898,3,1282901
10675,1282984,14,1282998
10676,1283090,35,1283125
10677,1283203,4,1283207
10678,1283249,4,1283253
10679,1283337,2,1283339
10680,1283455,22,1283477
10681,1283635,11,1283646
10682,1283786,16,1283802
10683,1283975,7,1283982
10684,1283997,39,1284036
10685,1284041,14,1284055
10686,1284078,9,1284087
10687,1284190,10,1284200
10688,1284354,25,1284379
10689,1284390,7,1284397
10690,1284557,4,1284561
10691,1284583,38,1284621
10692,1284653,5,1284658
10693,1284728,5,1284733
10694,1284792,30,1284822
10695,1284901,17,1284918
10696,1285228,35,1285263
10697,1285314,57,1285371
10698,1285414,14,1285428
10699,1285551,5,1285556
10700,1285635,1,1285636
10701,1285691,2,1285693
10702,1285904,8,1285912
10703,1285937,26,1285963
10704,1286341,27,1286368
10705,1286419,8,1286427
10706,1287045,27,1287072
10707,1287087,11,1287098
10708,1287155,9,1287164
10709,1287167,1,1287168
10710,1287309,31,1287340
10711,1287449,31,1287480
10712,1287527,20,1287547
10713,1287571,17,1287588
10714,1287644,2,1287646
10715,1287830,4,1287834
10716,1287956,3,1287959
10717,1288134,9,1288143
10718,1288171,10,1288181
10719,1288217,10,1288227
10720,1288283,7,1288290
10721,1288304,4,1288308
10722,1288313,17,1288330
10723,1288346,25,1288371
10724,1288400,11,1288411
10725,1288601,12,1288613
10726,1288714,17,1288731
10727,1288839,6,1288845
10728,1289112,23,1289135
10729,1289288,10,1289298
10730,1289309,13,1289322
10731,1289335,43,1289378
10732,1289482,9,1289491
10733,1289662,3,1289665
10734,1289891,13,1289904
10735,1289910,23,1289933
10736,1290128,14,1290142
10737,1290278,10,1290288
10738,1290300,39,1290339
10739,1290402,13,1290415
10740,1290479,44,1290523
10741,1290527,7,1290534
10742,1290851,13,1290864
10743,1290970,54,1291024
10744,1291070,9,1291079
10745,1291097,27,1291124
10746,1291153,10,1291163
10747,1291391,13,1291404
10748,1291864,19,1291883
10749,1291885,30,1291915
10750,1291952,2,1291954
10751,1291987,15,1292002
10752,1292081,1,1292082
10753,1292207,11,1292218
10754,1292382,25,1292407
10755,1292455,22,1292477
10756,1292625,19,1292644
10757,1292749,11,1292760
10758,1293024,24,1293048
10759,1293310,4,1293314
10760,1293365,3,1293368
10761,1293405,25,1293430
10762,1293679,22,1293701
10763,1293822,14,1293836
10764,1293894,22,1293916
10765,1293937,16,1293953
10766,1294104,16,1294120
10767,1294409,17,1294426
10768,1294642,23,1294665
10769,1294686,34,1294720
10770,1295137,5,1295142
10771,1295194,38,1295232
10772,1295243,15,1295258
10773,1295290,48,1295338
10774,1295377,7,1295384
10775,1295439,12,1295451
10776,1295493,13,1295506
10777,1295597,32,1295629
10778,1295640,28,1295668
10779,1295705,8,1295713
10780,1295727,11,1295738
10781,1295756,28,1295784
10782,1295881,68,1295949
10783,1296082,19,1296101
10784,1296345,4,1296349
10785,1296443,8,1296451
10786,1296635,26,1296661
10787,1296918,17,1296935
10788,1297131,36,1297167
10789,1297171,10,1297181
10790,1297270,14,1297284
10791,1297555,46,1297601
10792,1297759,3,1297762
10793,1297782,1,1297783
10794,1297883,31,1297914
10795,1297962,57,1298019
10796,1298122,35,1298157
10797,1298257,51,1298308
10798,1298646,69,1298715
10799,1298795,11,1298806
10800,1298831,20,1298851
10801,1298885,2,1298887
10802,1298996,48,1299044
10803,1299068,53,1299121
10804,1299193,18,1299211
10805,1299273,14,1299287
10806,1299422,18,1299440
10807,1299456,9,1299465
10808,1299778,5,1299783
10809,1299825,2,1299827
10810,1299915,54,1299969
10811,1300010,41,1300051
10812,1300055,13,1300068
10813,1300139,14,1300153
10814,1300166,21,1300187
10815,1300225,37,1300262
10816,1300320,31,1300351
10817,1300398,115,1300513
10818,1300887,4,1300891
10819,1300999,2,1301001
10820,1301228,8,1301236
10821,1301399,45,1301444
10822,1301516,20,1301536
10823,1301669,1,1301670
10824,1301850,59,1301909
10825,1301950,18,1301968
10826,1301978,35,1302013
10827,1302140,16,1302156
10828,1302169,34,1302203
10829,1302335,12,1302347
10830,1302380,2,1302382
10831,1302461,23,1302484
10832,1302558,32,1302590
10833,1302725,15,1302740
10834,1302944,60,1303004
10835,1303120,1,1303121
10836,1303149,64,1303213
10837,1303215,11,1303226
10838,1303563,12,1303575
10839,1303628,7,1303635
10840,1303667,22,1303689
10841,1303726,2,1303728
10842,1303786,13,1303799
10843,1304031,15,1304046
10844,1304113,1,1304114
10845,1304259,7,1304266
10846,1304301,15,1304316
10847,1304584,41,1304625
10848,1304636,7,1304643
10849,1305004,35,1305039
10850,1305043,8,1305051
10851,1305250,21,1305271
10852,1305287,13,1305300
10853,1305322,4,1305326
10854,1305356,4,1305360
10855,1305370,30,1305400
10856,1305620,26,1305646
10857,1305652,16,1305668
10858,1305821,11,1305832
10859,1305935,2,1305937
10860,1305972,2,1305974
10861,1306112,10,1306122
10862,1306248,18,1306266
10863,1306316,38,1306354
10864,1306358,30,1306388
10865,1306781,35,1306816
10866,1306866,41,1306907
10867,1306960,8,1306968
10868,1307071,8,1307079
10869,1307175,9,1307184
10870,1307216,8,1307224
10871,1307234,11,1307245
10872,1307268,35,1307303
10873,1307377,5,1307382
10874,1307485,3,1307488
10875,1307536,7,1307543
10876,1307586,7,1307593
10877,1307644,33,1307677
10878,1307782,6,1307788
10879,1307810,11,1307821
10880,1307860,1,1307861
10881,1307936,37,1307973
10882,1307978,41,1308019
10883,1308020,12,1308032
10884,1308079,2,1308081
10885,1308175,25,1308200
10886,1308391,5,1308396
10887,1308769,3,1308772
10888,1308836,7,1308843
10889,1309000,64,1309064
10890,1309108,7,1309115
10891,1309123,35,1309158
10892,1309231,7,1309238
10893,1309412,1,1309413
10894,1309506,41,1309547
10895,1309558,6,1309564
10896,1309606,65,1309671
10897,1309897,14,1309911
10898,1309936,16,1309952
10899,1309994,19,1310013
10900,1310060,16,1310076
10901,1310159,72,1310231
10902,1310347,20,1310367
10903,1310415,18,1310433
10904,1310443,6,1310449
10905,1310585,94,1310679
10906,1310711,15,1310726
10907,1310872,57,1310929
10908,1310962,10,1310972
10909,1310989,10,1310999
10910,1311027,3,1311030
10911,1311070,40,1311110
10912,1311208,12,1311220
10913,1311476,6,1311482
10914,1311812,10,1311822
10915,1311870,13,1311883
10916,1311920,7,1311927
10917,1312024,84,1312108
10918,1312292,14,1312306
10919,1312488,16,1312504
10920,1312621,12,1312633
10921,1312782,25,1312807
10922,1313199,12,1313211
10923,1313314,6,1313320
10924,1313597,20,1313617
10925,1313669,8,1313677
10926,1313894,18,1313912
10927,1313929,12,1313941
10928,1313988,13,1314001
10929,1314110,3,1314113
10930,1314122,17,1314139
10931,1314551,33,1314584
10932,1314650,19,1314669
10933,1314674,8,1314682
10934,1314791,37,1314828
10935,1314876,28,1314904
10936,1314945,35,1314980
10937,1315069,1,1315070
10938,1315080,5,1315085
10939,1315093,4,1315097
10940,1315220,26,1315246
10941,1315308,10,1315318
10942,1315329,79,1315408
10943,1315501,13,1315514
10944,1315570,26,1315596
10945,1315689,17,1315706
10946,1315766,19,1315785
10947,1315934,23,1315957
10948,1315978,15,1315993
10949,1316078,29,1316107
10950,1316157,3,1316160
10951,1316181,9,1316190
10952,1316254,2,1316256
10953,1316291,4,1316295
10954,1316296,60,1316356
10955,1316395,2,1316397
10956,1316625,40,1316665
10957,1316750,67,1316817
10958,1316888,11,1316899
10959,1316920,9,1316929
10960,1317021,55,1317076
10961,1317150,29,1317179
10962,1317491,62,1317553
10963,1317588,27,1317615
10964,1317638,1,1317639
10965,1317869,24,1317893
10966,1318065,53,1318118
10967,1318239,42,1318281
10968,1318624,14,1318638
10969,1318720,39,1318759
10970,1318864,51,1318915
10971,1318916,6,1318922
10972,1318980,10,1318990
10973,1319014,1,1319015
10974,1319046,27,1319073
10975,1319076,3,1319079
10976,1319194,36,1319230
10977,1319288,35,1319323
10978,1319341,3,1319344
10979,1319522,2,1319524
10980,1319774,14,1319788
10981,1319861,11,1319872
10982,1319895,17,1319912
10983,1319935,31,1319966
10984,1320076,30,1320106
10985,1320226,26,1320252
10986,1320419,28,1320447
10987,1320515,14,1320529
10988,1320558,34,1320592
10989,1320877,7,1320884
10990,1321258,10,1321268
10991,1321331,7,1321338
10992,1321448,9,1321457
10993,1321461,11,1321472
10994,1321662,56,1321718
10995,1321795,2,1321797
10996,1321803,3,1321806
10997,1321834,42,1321876
10998,1322051,3,1322054
10999,1322220,7,1322227
11000,1322250,36,1322286
11001,1322367,31,1322398
11002,1322424,12,1322436
11003,1322439,11,1322450
11004,1322516,11,1322527
11005,1322657,64,1322721
11006,1322824,23,1322847
11007,1323166,17,1323183
11008,1323439,16,1323455
11009,1323469,3,1323472
11010,1323536,7,1323543
11011,1323634,30,1323664
11012,1323891,12,1323903
11013,1323937,2,1323939
11014,1324364,6,1324370
11015,1324430,21,1324451
11016,1324505,29,1324534
11017,1324573,13,1324586
11018,1324749,32,1324781
11019,1324922,11,1324933
11020,1324939,9,1324948
11021,1324949,13,1324962
11022,1325170,19,1325189
11023,1325332,9,1325341
11024,1325412,29,1325441
11025,1325442,45,1325487
11026,1325684,40,1325724
11027,1325809,13,1325822
11028,1325904,24,1325928
11029,1325945,8,1325953
11030,1326012,18,1326030
11031,1326051,4,1326055
11032,1326168,5,1326173
11033,1326220,15,1326235
11034,1326510,64,1326574
11035,1326637,4,1326641
11036,1326684,54,1326738
11037,1326808,15,1326823
11038,1326857,30,1326887
11039,1327017,37,1327054
11040,1327154,16,1327170
11041,1327321,45,1327366
11042,1327453,9,1327462
11043,1327570,15,1327585
11044,1327682,87,1327769
11045,1327865,1,1327866
11046,1327973,4,1327977
11047,1328027,9,1328036
11048,1328213,1,1328214
11049,1328451,18,1328469
11050,1328498,4,1328502
11051,1328706,13,1328719
11052,1328768,8,1328776
11053,1328829,26,1328855
11054,1328914,56,1328970
11055,1329013,9,1329022
11056,1329203,4,1329207
11057,1329292,18,1329310
11058,1329689,1,1329690
11059,1329778,57,1329835
11060,1329906,4,1329910
11061,1330044,73,1330117
11062,1330185,30,1330215
11063,1330370,42,1330412
11064,1330416,1,1330417
11065,1330499,6,1330505
11066,1330547,38,1330585
11067,1330658,17,1330675
11068,1331054,8,1331062
11069,1331065,6,1331071
11070,1331074,21,1331095
11071,1331172,5,1331177
11072,1331791,15,1331806
11073,1331852,20,1331872
11074,1331915,34,1331949
11075,1332033,2,1332035
11076,1332144,17,1332161
11077,1332262,15,1332277
11078,1332394,6,1332400
11079,1332764,10,1332774
11080,1332782,13,1332795
11081,1332862,9,1332871
11082,1332887,34,1332921
11083,1332936,20,1332956
11084,1332967,4,1332971
11085,1333024,6,1333030
11086,1333088,39,1333127
11087,1333192,39,1333231
11088,1333297,20,1333317
11089,1333546,9,1333555
11090,1333631,12,1333643
11091,1333681,25,1333706
11092,1333714,36,1333750
11093,1333754,5,1333759
11094,1333774,35,1333809
11095,1333837,11,1333848
11096,1333893,57,1333950
11097,1334214,70,1334284
11098,1334605,6,1334611
11099,1334628,35,1334663
11100,1334748,21,1334769
11101,1334780,32,1334812
11102,1335130,34,1335164
11103,1335282,45,1335327
11104,1335339,17,1335356
11105,1335650,7,1335657
11106,1335712,38,1335750
11107,1335804,44,1335848
11108,1336114,42,1336156
11109,1336273,7,1336280
11110,1336298,6,1336304
11111,1336426,9,1336435
11112,1336811,34,1336845
11113,1337093,20,1337113
11114,1337153,72,1337225
11115,1337267,15,1337282
11116,1337332,13,1337345
11117,1337368,30,1337398
11118,1337432,3,1337435
11119,1337490,9,1337499
11120,1337674,4,1337678
11121,1337911,15,1337926
11122,1337959,20,1337979
11123,1338034,2,1338036
11124,1338053,37,1338090
11125,1338099,3,1338102
11126,1338144,49,1338193
11127,1338257,44,1338301
11128,1338348,25,1338373
11129,1338489,4,1338493
11130,1338592,20,1338612
11131,1338728,11,1338739
11132,1338962,19,1338981
11133,1339074,13,1339087
11134,1339114,43,1339157
11135,1339330,10,1339340
11136,1339355,1,1339356
11137,1339361,33,1339394
11138,1339494,2,1339496
11139,1339750,91,1339841
11140,1339957,19,1339976
11141,1340136,10,1340146
11142,1340154,16,1340170
11143,1340255,6,1340261
11144,1340305,8,1340313
11145,1340453,29,1340482
11146,1340533,42,1340575
11147,1340705,9,1340714
11148,1340766,12,1340778
11149,1340924,10,1340934
11150,1340952,5,1340957
11151,1340973,1,1340974
11152,1341039,16,1341055
11153,1341073,48,1341121
11154,1341314,3,1341317
11155,1341337,61,1341398
11156,1341421,64,1341485
11157,1341831,1,1341832
11158,1341886,14,1341900
11159,1342008,2,1342010
11160,1342166,2,1342168
11161,1342424,18,1342442
11162,1342479,24,1342503
11163,1342626,44,1342670
11164,1342900,6,1342906
11165,1342959,1,1342960
11166,1343097,8,1343105
11167,1343157,57,1343214
11168,1343343,1,1343344
11169,1343483,22,1343505
11170,1343565,41,1343606
11171,1343662,9,1343671
11172,1343716,16,1343732
11173,1343738,23,1343761
11174,1344062,10,1344072
11175,1344175,32,1344207
11176,1344292,8,1344300
11177,1344319,30,1344349
11178,1344475,5,1344480
11179,1344527,33,1344560
11180,1344689,19,1344708
11181,1344740,30,1344770
11182,1344905,9,1344914
11183,1344942,36,1344978
11184,1345017,25,1345042
11185,1345062,8,1345070
11186,1345189,40,1345229
11187,1345416,3,1345419
11188,1345432,10,1345442
11189,1345500,15,1345515
11190,1345605,9,1345614
11191,1345791,13,1345804
11192,1345924,3,1345927
11193,1346029,34,1346063
11194,1346092,10,1346102
11195,1346126,5,1346131
11196,1346176,7,1346183
11197,1346260,12,1346272
11198,1346518,20,1346538
11199,1346668,6,1346674
11200,1346738,5,1346743
11201,1346780,1,1346781
11202,1346798,6,1346804
11203,1346895,12,1346907
11204,1346940,5,1346945
11205,1346959,51,1347010
11206,1347023,26,1347049
11207,1347209,18,1347227
11208,1347341,1,1347342
11209,1347396,3,1347399
11210,1347400,1,1347401
11211,1347434,6,1347440
11212,1347527,27,1347554
11213,1347661,46,1347707
11214,1347811,3,1347814
11215,1347848,9,1347857
11216,1348006,43,1348049
11217,1348095,66,1348161
11218,1348431,40,1348471
11219,1348541,35,1348576
11220,1348673,22,1348695
11221,1348783,32,1348815
11222,1348973,15,1348988
11223,1349062,39,1349101
11224,1349175,3,1349178
11225,1349281,12,1349293
11226,1349353,18,1349371
11227,1349402,9,1349411
11228,1349574,36,1349610
11229,1349689,9,1349698
11230,1349811,50,1349861
11231,1349912,40,1349952
11232,1349983,43,1350026
11233,1350030,25,1350055
11234,1350086,23,1350109
11235,1350117,84,1350201
11236,1350439,12,1350451
11237,1350453,3,1350456
11238,1350585,29,1350614
11239,1350696,7,1350703
11240,1350712,8,1350720
11241,1350873,10,1350883
11242,1350959,37,1350996
11243,1351084,27,1351111
11244,1351180,10,1351190
11245,1351413,4,1351417
11246,1351443,11,1351454
11247,1351467,7,1351474
11248,1351619,1,1351620
11249,1351628,20,1351648
11250,1351651,27,1351678
11251,1351679,17,1351696
11252,1351705,44,1351749
11253,1351784,65,1351849
11254,1352096,50,1352146
11255,1352169,34,1352203
11256,1352382,62,1352444
11257,1352484,28,1352512
11258,1352557,13,1352570
11259,1352613,7,1352620
11260,1352631,3,1352634
11261,1352694,20,1352714
11262,1352808,13,1352821
11263,1352855,44,1352899
11264,1353122,1,1353123
11265,1353165,97,1353262
11266,1353448,27,1353475
11267,1353619,24,1353643
11268,1353652,13,1353665
11269,1353684,34,1353718
11270,1353828,11,1353839
11271,1353897,30,1353927
11272,1354061,18,1354079
11273,1354130,3,1354133
11274,1354136,70,1354206
11275,1354215,12,1354227
11276,1354244,7,1354251
11277,1354380,17,1354397
11278,1354582,30,1354612
11279,1354624,34,1354658
11280,1354891,1,1354892
11281,1354912,31,1354943
11282,1355007,7,1355014
11283,1355232,97,1355329
11284,1355383,1,1355384
11285,1355528,15,1355543
11286,1355603,9,1355612
11287,1355789,55,1355844
11288,1356154,21,1356175
11289,1356359,3,1356362
11290,1356511,19,1356530
11291,1356596,2,1356598
11292,1356715,21,1356736
11293,1356766,52,1356818
11294,1356870,9,1356879
11295,1357067,37,1357104
11296,1357222,74,1357296
11297,1357336,55,1357391
11298,1357503,16,1357519
11299,1357657,1,1357658
11300,1357708,23,1357731
11301,1357827,2,1357829
11302,1357968,18,1357986
11303,1358096,5,1358101
11304,1358180,29,1358209
11305,1358320,1,1358321
11306,1358478,59,1358537
11307,1358660,3,1358663
11308,1358820,3,1358823
11309,1358940,10,1358950
11310,1359000,5,1359005
11311,1359057,9,1359066
11312,1359353,8,1359361
11313,1359390,15,1359405
11314,1359564,2,1359566
11315,1359809,24,1359833
11316,1359979,6,1359985
11317,1360022,34,1360056
11318,1360066,56,1360122
11319,1360136,32,1360168
11320,1360274,39,1360313
11321,1360333,19,1360352
11322,1360365,13,1360378
11323,1360444,2,1360446
11324,1360502,1,1360503
11325,1360513,77,1360590
11326,1360595,7,1360602
11327,1360671,9,1360680
11328,1360752,1,1360753
11329,1361403,47,1361450
11330,1361473,18,1361491
11331,1361632,6,1361638
11332,1361653,4,1361657
11333,1361784,8,1361792
11334,1361853,47,1361900
11335,1361930,35,1361965
11336,1362135,34,1362169
11337,1362183,10,1362193
11338,1362351,6,1362357
11339,1362363,1,1362364
11340,1362647,7,1362654
11341,1362730,13,1362743
11342,1362822,9,1362831
11343,1362929,19,1362948
11344,1362968,24,1362992
11345,1363060,3,1363063
11346,1363104,1,1363105
11347,1363176,14,1363190
11348,1363223,3,1363226
11349,1363242,11,1363253
11350,1363273,23,1363296
11351,1363528,17,1363545
11352,1363612,2,1363614
11353,1363622,39,1363661
11354,1363692,38,1363730
11355,1363832,9,1363841
11356,1364046,3,1364049
11357,1364142,2,1364144
11358,1364266,18,1364284
11359,1364455,15,1364470
11360,1364634,11,1364645
11361,1364660,30,1364690
11362,1364713,26,1364739
11363,1364740,41,1364781
11364,1364820,15,1364835
11365,1364847,2,1364849
11366,1364923,2,1364925
11367,1365089,94,1365183
11368,1365302,1,1365303
11369,1365310,23,1365333
11370,1365467,14,1365481
11371,1365485,3,1365488
11372,1365518,15,1365533
11373,1365557,14,1365571
11374,1365664,1,1365665
11375,1365705,32,1365737
11376,1366013,63,1366076
11377,1366295,14,1366309
11378,1366319,23,1366342
11379,1366505,41,1366546
11380,1366736,122,1366858
11381,1366860,2,1366862
11382,1366922,20,1366942
11383,1366979,18,1366997
11384,1367044,29,1367073
11385,1367191,106,1367297
11386,1367547,3,1367550
11387,1367632,32,1367664
11388,1367709,10,1367719
11389,1367826,21,1367847
11390,1367863,6,1367869
11391,1367964,1,1367965
11392,1368058,26,1368084
11393,1368193,4,1368197
11394,1368209,28,1368237
11395,1368246,56,1368302
11396,1368441,8,1368449
11397,1368755,42,1368797
11398,1368817,3,1368820
11399,1368977,10,1368987
11400,1369189,20,1369209
11401,1369346,1,1369347
11402,1369365,7,1369372
11403,1369504,14,1369518
11404,1369596,8,1369604
11405,1369814,24,1369838
11406,1369846,26,1369872
11407,1369876,2,1369878
11408,1370090,12,1370102
11409,1370116,56,1370172
11410,1370203,17,1370220
11411,1370276,6,1370282
11412,1370426,1,1370427
11413,1370488,7,1370495
11414,1370520,33,1370553
11415,1370581,31,1370612
11416,1370677,15,1370692
11417,1370759,3,1370762
11418,1370973,6,1370979
11419,1371161,23,1371184
11420,1371263,11,1371274
11421,1371358,3,1371361
11422,1371521,6,1371527
11423,1371658,9,1371667
11424,1371705,58,1371763
11425,1371787,19,1371806
11426,1371868,10,1371878
11427,1371906,19,1371925
11428,1371946,7,1371953
11429,1371960,19,1371979
11430,1371986,4,1371990
11431,1372045,60,1372105
11432,1372138,19,1372157
11433,1372210,3,1372213
11434,1372308,5,1372313
11435,1372378,6,1372384
11436,1372398,38,1372436
11437,1372479,12,1372491
11438,1372558,1,1372559
11439,1372565,1,1372566
11440,1372586,16,1372602
11441,1372613,8,1372621
11442,1372773,42,1372815
11443,1372880,11,1372891
11444,1372971,5,1372976
11445,1373002,14,1373016
11446,1373063,15,1373078
11447,1373101,1,1373102
11448,1373222,8,1373230
11449,1373317,4,1373321
11450,1373358,8,1373366
11451,1373379,17,1373396
11452,1373450,39,1373489
11453,1373729,15,1373744
11454,1373823,1,1373824
11455,1373976,20,1373996
11456,1374107,25,1374132
11457,1374220,64,1374284
11458,1374343,18,1374361
11459,1374381,4,1374385
11460,1374429,13,1374442
11461,1374450,12,1374462
11462,1374481,10,1374491
11463,1374561,17,1374578
11464,1374586,20,1374606
11465,1374646,2,1374648
11466,1374836,3,1374839
11467,1374967,15,1374982
11468,1375146,16,1375162
11469,1375453,12,1375465
11470,1375686,25,1375711
11471,1375984,76,1376060
11472,1376123,16,1376139
11473,1376402,9,1376411
11474,1376555,14,1376569
11475,1376627,30,1376657
11476,1376678,5,1376683
11477,1376697,21,1376718
11478,1376931,38,1376969
11479,1377121,1,1377122
11480,1377153,1,1377154
11481,1377257,15,1377272
11482,1377317,69,1377386
11483,1377405,37,1377442
11484,1377778,16,1377794
11485,1377956,10,1377966
11486,1377997,26,1378023
11487,1378032,17,1378049
11488,1378055,6,1378061
11489,1378074,14,1378088
11490,1378251,14,1378265
11491,1378310,20,1378330
11492,1378406,45,1378451
11493,1378636,1,1378637
11494,1378947,54,1379001
11495,1379003,19,1379022
11496,1379069,10,1379079
11497,1379099,5,1379104
11498,1379164,11,1379175
11499,1379206,39,1379245
11500,1379380,17,1379397
11501,1379502,49,1379551
11502,1379557,4,1379561
11503,1379604,4,1379608
11504,1379609,4,1379613
11505,1379689,7,1379696
11506,1379710,6,1379716
11507,1379718,3,1379721
11508,1379740,2,1379742
11509,1379849,24,1379873
11510,1379970,9,1379979
11511,1380004,17,1380021
11512,1380044,15,1380059
11513,1380083,22,1380105
11514,1380236,8,1380244
11515,1380286,7,1380293
11516,1380426,11,1380437
11517,1380441,19,1380460
11518,1380556,6,1380562
11519,1380649,83,1380732
11520,1380913,54,1380967
11521,1380986,46,1381032
11522,1381073,5,1381078
11523,1381106,4,1381110
11524,1381181,81,1381262
11525,1381315,12,1381327
11526,1381391,1,1381392
11527,1381424,6,1381430
11528,1381555,11,1381566
11529,1381586,17,1381603
11530,1381610,13,1381623
11531,1381675,2,1381677
11532,1381822,10,1381832
11533,1382112,3,1382115
11534,1382698,40,1382738
11535,1382829,1,1382830
11536,1382962,2,1382964
11537,1383173,11,1383184
11538,1383188,59,1383247
11539,1383322,89,1383411
11540,1383506,16,1383522
11541,1383642,26,1383668
11542,1383702,38,1383740
11543,1383816,14,1383830
11544,1383898,4,1383902
11545,1383980,20,1384000
11546,1384020,20,1384040
11547,1384046,3,1384049
11548,1384059,113,1384172
11549,1384274,7,1384281
11550,1384423,7,1384430
11551,1384490,5,1384495
11552,1384516,39,1384555
11553,1384787,33,1384820
11554,1384825,6,1384831
11555,1384883,23,1384906
11556,1384985,37,1385022
11557,1385077,59,1385136
11558,1385145,15,1385160
11559,1385257,16,1385273
11560,1385533,3,1385536
11561,1385539,69,1385608
11562,1385724,25,1385749
11563,1385765,35,1385800
11564,1385848,11,1385859
11565,1385916,18,1385934
11566,1386378,22,1386400
11567,1386457,42,1386499
11568,1387039,6,1387045
11569,1387062,5,1387067
11570,1387215,62,1387277
11571,1387467,16,1387483
11572,1387588,25,1387613
11573,1387660,4,1387664
11574,1387864,8,1387872
11575,1387887,4,1387891
11576,1388086,15,1388101
11577,1388233,16,1388249
11578,1388387,27,1388414
11579,1388474,40,1388514
11580,1388664,19,1388683
11581,1388768,15,1388783
11582,1388860,75,1388935
11583,1388942,11,1388953
11584,1388966,7,1388973
11585,1389204,32,1389236
11586,1389477,4,1389481
11587,1389502,9,1389511
11588,1389534,78,1389612
11589,1389751,8,1389759
11590,1389788,4,1389792
11591,1389805,5,1389810
11592,1389815,17,1389832
11593,1389861,27,1389888
11594,1390031,124,1390155
11595,1390193,53,1390246
11596,1390382,28,1390410
11597,1390470,12,1390482
11598,1390560,20,1390580
11599,1390601,6,1390607
11600,1390609,27,1390636
11601,1390664,7,1390671
11602,1390688,4,1390692
11603,1390771,23,1390794
11604,1391050,25,1391075
11605,1391087,32,1391119
11606,1391219,19,1391238
11607,1391288,26,1391314
11608,1391335,12,1391347
11609,1391392,28,1391420
11610,1391421,3,1391424
11611,1391602,2,1391604
11612,1391704,9,1391713
11613,1391762,8,1391770
11614,1391788,10,1391798
11615,1392146,4,1392150
11616,1392240,33,1392273
11617,1392417,8,1392425
11618,1392427,9,1392436
11619,1392538,4,1392542
11620,1392700,4,1392704
11621,1392904,6,1392910
11622,1392935,52,1392987
11623,1393018,14,1393032
11624,1393210,60,1393270
11625,1393361,67,1393428
11626,1393502,3,1393505
11627,1393570,47,1393617
11628,1393653,25,1393678
11629,1393826,4,1393830
11630,1394029,25,1394054
11631,1394083,17,1394100
11632,1394114,3,1394117
11633,1394164,18,1394182
11634,1394279,12,1394291
11635,1394361,24,1394385
11636,1394560,11,1394571
11637,1394704,32,1394736
11638,1395027,2,1395029
11639,1395064,1,1395065
11640,1395343,2,1395345
11641,1395370,21,1395391
11642,1395398,19,1395417
11643,1395566,4,1395570
11644,1395581,3,1395584
11645,1395720,37,1395757
11646,1395778,30,1395808
11647,1395912,55,1395967
11648,1396052,1,1396053
11649,1396200,4,1396204
11650,1396226,43,1396269
11651,1396498,21,1396519
11652,1396593,37,1396630
11653,1396861,13,1396874
11654,1397070,110,1397180
11655,1397437,19,1397456
11656,1397895,2,1397897
11657,1397975,108,1398083
11658,1398154,21,1398175
11659,1398218,7,1398225
11660,1398274,32,1398306
11661,1398498,9,1398507
11662,1399006,18,1399024
11663,1399122,43,1399165
11664,1399167,73,1399240
11665,1399268,10,1399278
11666,1399462,39,1399501
11667,1399545,3,1399548
11668,1399639,1,1399640
11669,1399650,37,1399687
11670,1399751,77,1399828
11671,1399836,35,1399871
11672,1399931,2,1399933
11673,1399954,3,1399957
11674,1400001,51,1400052
11675,1400153,8,1400161
11676,1400228,9,1400237
11677,1400253,15,1400268
11678,1400412,21,1400433
11679,1400454,13,1400467
11680,1400543,57,1400600
11681,1400693,1,1400694
11682,1400707,3,1400710
11683,1400837,4,1400841
11684,1400876,56,1400932
11685,1401021,38,1401059
11686,1401306,66,1401372
11687,1401483,27,1401510
11688,1401546,35,1401581
11689,1401635,25,1401660
11690,1401870,48,1401918
11691,1401948,29,1401977
11692,1402033,42,1402075
11693,1402124,28,1402152
11694,1402267,10,1402277
11695,1402399,6,1402405
11696,1402772,52,1402824
11697,1402837,18,1402855
11698,1402868,3,1402871
11699,1402884,57,1402941
11700,1402959,9,1402968
11701,1403027,10,1403037
11702,1403127,49,1403176
11703,1403227,49,1403276
11704,1403420,20,1403440
11705,1403545,21,1403566
11706,1403605,16,1403621
11707,1403632,61,1403693
11708,1403857,11,1403868
11709,1404010,16,1404026
11710,1404074,73,1404147
11711,1404154,9,1404163
11712,1404217,1,1404218
11713,1404219,7,1404226
11714,1404619,1,1404620
11715,1404642,27,1404669
11716,1404714,8,1404722
11717,1404799,6,1404805
11718,1405012,13,1405025
11719,1405108,9,1405117
11720,1405298,13,1405311
11721,1405318,5,1405323
11722,1405480,31,1405511
11723,1405587,15,1405602
11724,1405882,15,1405897
11725,1405932,30,1405962
11726,1406012,22,1406034
11727,1406337,8,1406345
11728,1406429,22,1406451
11729,1406574,13,1406587
11730,1406600,8,1406608
11731,1406683,3,1406686
11732,1406864,10,1406874
11733,1406880,11,1406891
11734,1406992,7,1406999
11735,1407035,1,1407036
11736,1407118,63,1407181
11737,1407332,8,1407340
11738,1407493,12,1407505
11739,1407617,13,1407630
11740,1407652,13,1407665
11741,1407693,17,1407710
11742,1407743,1,1407744
11743,1407749,25,1407774
11744,1408185,13,1408198
11745,1408339,10,1408349
11746,1408360,51,1408411
11747,1408453,22,1408475
11748,1408499,41,1408540
11749,1408594,6,1408600
11750,1408878,6,1408884
11751,1408986,11,1408997
11752,1409018,38,1409056
11753,1409161,14,1409175
11754,1409222,2,1409224
11755,1409268,93,1409361
11756,1409366,18,1409384
11757,1409486,6,1409492
11758,1409578,18,1409596
11759,1409616,10,1409626
11760,1409758,18,1409776
11761,1410065,64,1410129
11762,1410140,9,1410149
11763,1410381,4,1410385
11764,1410476,1,1410477
11765,1410535,11,1410546
11766,1410824,12,1410836
11767,1410876,22,1410898
11768,1410953,2,1410955
11769,1410961,12,1410973
11770,1411043,25,1411068
11771,1411109,2,1411111
11772,1411203,41,1411244
11773,1411463,25,1411488
11774,1411924,4,1411928
11775,1411974,21,1411995
11776,1412345,31,1412376
11777,1412747,35,1412782
11778,1412901,2,1412903
11779,1413090,87,1413177
11780,1413227,7,1413234
11781,1413321,11,1413332
11782,1413406,18,1413424
11783,1413540,19,1413559
11784,1413713,12,1413725
11785,1413799,38,1413837
11786,1413859,9,1413868
11787,1414034,28,1414062
11788,1414077,22,1414099
11789,1414170,32,1414202
11790,1414301,35,1414336
11791,1414408,10,1414418
11792,1414477,1,1414478
11793,1414560,48,1414608
11794,1414612,40,1414652
11795,1414891,45,1414936
11796,1414984,56,1415040
11797,1415066,21,1415087
11798,1415104,16,1415120
11799,1415224,30,1415254
11800,1415282,2,1415284
11801,1415502,8,1415510
11802,1415556,32,1415588
11803,1416074,16,1416090
11804,1416094,2,1416096
11805,1416110,3,1416113
11806,1416167,10,1416177
11807,1416363,7,1416370
11808,1416410,13,1416423
11809,1416679,3,1416682
11810,1416807,14,1416821
11811,1416908,25,1416933
11812,1417189,9,1417198
11813,1417246,17,1417263
11814,1417358,11,1417369
11815,1417389,1,1417390
11816,1417394,3,1417397
11817,1417440,2,1417442
11818,1417530,19,1417549
11819,1417563,5,1417568
11820,1417602,28,1417630
11821,1418051,5,1418056
11822,1418196,57,1418253
11823,1418441,1,1418442
11824,1418602,26,1418628
11825,1418681,14,1418695
11826,1418986,58,1419044
11827,1419228,29,1419257
11828,1419261,24,1419285
11829,1419355,37,1419392
11830,1419524,28,1419552
11831,1419676,33,1419709
11832,1419754,11,1419765
11833,1419984,5,1419989
11834,1420150,4,1420154
11835,1420870,1,1420871
11836,1420882,2,1420884
11837,1421243,25,1421268
11838,1421425,1,1421426
11839,1421455,6,1421461
11840,1421797,44,1421841
11841,1422087,11,1422098
11842,1422288,3,1422291
11843,1422321,12,1422333
11844,1422427,46,1422473
11845,1422569,9,1422578
11846,1422688,38,1422726
11847,1422914,6,1422920
11848,1423013,27,1423040
11849,1423107,9,1423116
11850,1423123,4,1423127
11851,1423245,10,1423255
11852,1423307,1,1423308
11853,1423345,9,1423354
11854,1423377,26,1423403
11855,1423462,16,1423478
11856,1423678,27,1423705
11857,1423741,1,1423742
11858,1423891,3,1423894
11859,1423980,3,1423983
11860,1424198,6,1424204
11861,1424303,14,1424317
11862,1424445,26,1424471
11863,1424507,31,1424538
11864,1424570,3,1424573
11865,1424666,12,1424678
11866,1424707,25,1424732
11867,1424745,11,1424756
11868,1424859,3,1424862
11869,1424921,36,1424957
11870,1424995,1,1424996
11871,1425044,1,1425045
11872,1425133,1,1425134
11873,1425146,8,1425154
11874,1425193,55,1425248
11875,1425463,15,1425478
11876,1425663,30,1425693
11877,1425716,5,1425721
11878,1425783,12,1425795
11879,1425994,8,1426002
11880,1426103,10,1426113
11881,1426153,28,1426181
11882,1426375,35,1426410
11883,1426486,36,1426522
11884,1426668,60,1426728
11885,1426795,33,1426828
11886,1426893,17,1426910
11887,1426948,1,1426949
11888,1426970,5,1426975
11889,1427119,14,1427133
11890,1427353,11,1427364
11891,1427469,11,1427480
11892,1427482,2,1427484
11893,1427556,71,1427627
11894,1427997,8,1428005
11895,1428236,2,1428238
11896,1428322,12,1428334
11897,1428417,1,1428418
11898,1428504,9,1428513
11899,1428677,3,1428680
11900,1428704,30,1428734
11901,1428755,11,1428766
11902,1428846,1,1428847
11903,1428925,8,1428933
11904,1429094,34,1429128
11905,1429230,2,1429232
11906,1429327,5,1429332
11907,1429433,9,1429442
11908,1429816,1,1429817
11909,1429941,25,1429966
11910,1430015,25,1430040
11911,1430063,8,1430071
11912,1430101,22,1430123
11913,1430167,21,1430188
11914,1430226,9,1430235
11915,1430312,7,1430319
11916,1430483,22,1430505
11917,1430794,8,1430802
11918,1430829,9,1430838
11919,1430872,26,1430898
11920,1431008,4,1431012
11921,1431253,36,1431289
11922,1431378,5,1431383
11923,1431408,13,1431421
11924,1431505,22,1431527
11925,1431655,28,1431683
11926,1431711,9,1431720
11927,1431943,2,1431945
11928,1432050,8,1432058
11929,1432113,5,1432118
11930,1432183,20,1432203
11931,1432280,48,1432328
11932,1432399,29,1432428
11933,1432459,21,1432480
11934,1432534,22,1432556
11935,1432577,16,1432593
11936,1432756,6,1432762
11937,1432777,3,1432780
11938,1432817,49,1432866
11939,1432966,22,1432988
11940,1433247,12,1433259
11941,1433357,16,1433373
11942,1433555,6,1433561
11943,1433739,19,1433758
11944,1433864,86,1433950
11945,1434064,1,1434065
11946,1434241,27,1434268
11947,1434319,34,1434353
11948,1434460,18,1434478
11949,1434691,6,1434697
11950,1434771,37,1434808
11951,1434863,8,1434871
11952,1434908,1,1434909
11953,1434951,59,1435010
11954,1435124,23,1435147
11955,1435160,14,1435174
11956,1435336,5,1435341
11957,1435378,18,1435396
11958,1435661,13,1435674
11959,1435842,5,1435847
11960,1435873,33,1435906
11961,1435932,7,1435939
11962,1436029,1,1436030
11963,1436056,63,1436119
11964,1436149,22,1436171
11965,1436181,11,1436192
11966,1436354,9,1436363
11967,1436408,5,1436413
11968,1436500,22,1436522
11969,1436759,4,1436763
11970,1436842,14,1436856
11971,1436903,13,1436916
11972,1436925,29,1436954
11973,1437198,2,1437200
11974,1437250,4,1437254
11975,1437300,128,1437428
11976,1437517,4,1437521
11977,1437679,9,1437688
11978,1437710,12,1437722
11979,1437745,9,1437754
11980,1437832,63,1437895
11981,1438125,4,1438129
11982,1438301,16,1438317
11983,1438404,50,1438454
11984,1438463,48,1438511
11985,1438563,16,1438579
11986,1438611,51,1438662
11987,1438699,11,1438710
11988,1438919,29,1438948
11989,1439048,7,1439055
11990,1439330,30,1439360
11991,1439365,60,1439425
11992,1439575,10,1439585
11993,1439610,16,1439626
11994,1439747,34,1439781
11995,1439856,7,1439863
11996,1440019,26,1440045
11997,1440072,50,1440122
11998,1440165,80,1440245
11999,1440285,83,1440368
12000,1440371,17,1440388
12001,1440471,25,1440496
12002,1440950,37,1440987
12003,1441005,3,1441008
12004,1441125,1,1441126
12005,1441175,19,1441194
12006,1441360,19,1441379
12007,1441629,21,1441650
12008,1441720,68,1441788
12009,1441822,56,1441878
12010,1442112,24,1442136
12011,1442195,29,1442224
12012,1442456,12,1442468
12013,1442723,10,1442733
12014,1442751,8,1442759
12015,1443074,51,1443125
12016,1443170,17,1443187
12017,1443591,20,1443611
12018,1443695,72,1443767
12019,1443798,17,1443815
12020,1443858,60,1443918
12021,1443993,7,1444000
12022,1444006,9,1444015
12023,1444216,17,1444233
12024,1444280,1,1444281
12025,1444332,34,1444366
12026,1444630,26,1444656
12027,1444878,21,1444899
12028,1445252,21,1445273
12029,1445290,9,1445299
12030,1445342,8,1445350
12031,1445511,37,1445548
12032,1445616,4,1445620
12033,1445964,9,1445973
12034,1446029,7,1446036
12035,1446128,27,1446155
12036,1446224,4,1446228
12037,1446501,11,1446512
12038,1446540,7,1446547
12039,1446585,23,1446608
12040,1446627,10,1446637
12041,1446754,16,1446770
12042,1446982,1,1446983
12043,1447024,6,1447030
12044,1447117,4,1447121
12045,1447194,3,1447197
12046,1447327,2,1447329
12047,1447451,40,1447491
12048,1447497,5,1447502
12049,1447597,27,1447624
12050,1447634,10,1447644
12051,1448180,19,1448199
12052,1448304,26,1448330
12053,1448415,26,1448441
12054,1448459,43,1448502
12055,1448543,21,1448564
12056,1448653,2,1448655
12057,1448958,9,1448967
12058,1448985,45,1449030
12059,1449172,4,1449176
12060,1449334,22,1449356
12061,1449411,24,1449435
12062,1449640,8,1449648
12063,1449708,21,1449729
12064,1449865,58,1449923
12065,1450157,10,1450167
12066,1450315,3,1450318
12067,1450517,5,1450522
12068,1450685,13,1450698
12069,1450704,4,1450708
12070,1450762,63,1450825
12071,1450974,9,1450983
12072,1451214,37,1451251
12073,1451255,4,1451259
12074,1451295,2,1451297
12075,1451299,25,1451324
12076,1451393,2,1451395
12077,1451463,64,1451527
12078,1451530,7,1451537
12079,1451552,65,1451617
12080,1451642,21,1451663
12081,1451850,24,1451874
12082,1451990,11,1452001
12083,1452312,2,1452314
12084,1452393,71,1452464
12085,1452539,7,1452546
12086,1452576,1,1452577
12087,1452748,9,1452757
12088,1452903,7,1452910
12089,1452983,26,1453009
12090,1453043,124,1453167
12091,1453331,6,1453337
12092,1453508,1,1453509
12093,1453612,37,1453649
12094,1453653,6,1453659
12095,1453969,23,1453992
12096,1454027,15,1454042
12097,1454080,3,1454083
12098,1454224,50,1454274
12099,1454295,14,1454309
12100,1454333,6,1454339
12101,1454411,37,1454448
12102,1454464,14,1454478
12103,1454515,8,1454523
12104,1454584,9,1454593
12105,1454654,13,1454667
12106,1454681,8,1454689
12107,1454708,14,1454722
12108,1454811,7,1454818
12109,1454910,17,1454927
12110,1454961,4,1454965
12111,1454990,22,1455012
12112,1455019,4,1455023
12113,1455059,3,1455062
12114,1455082,3,1455085
12115,1455090,31,1455121
12116,1455261,21,1455282
12117,1455422,2,1455424
12118,1455521,44,1455565
12119,1455638,8,1455646
12120,1455659,19,1455678
12121,1455687,8,1455695
12122,1455749,8,1455757
12123,1455873,10,1455883
12124,1456283,22,1456305
12125,1456399,4,1456403
12126,1456480,4,1456484
12127,1456538,40,1456578
12128,1456684,4,1456688
12129,1456767,4,1456771
12130,1456810,21,1456831
12131,1456840,60,1456900
12132,1457033,62,1457095
12133,1457141,7,1457148
12134,1457177,11,1457188
12135,1457224,6,1457230
12136,1457409,44,1457453
12137,1457496,11,1457507
12138,1457536,63,1457599
12139,1457866,2,1457868
12140,1457940,31,1457971
12141,1458063,10,1458073
12142,1458271,30,1458301
12143,1458302,45,1458347
12144,1458355,5,1458360
12145,1458563,23,1458586
12146,1458710,2,1458712
12147,1458720,6,1458726
12148,1458761,15,1458776
12149,1458793,21,1458814
12150,1458972,38,1459010
12151,1459300,15,1459315
12152,1459639,1,1459640
12153,1459737,62,1459799
12154,1459804,31,1459835
12155,1460089,5,1460094
12156,1460107,15,1460122
12157,1460178,8,1460186
12158,1460220,1,1460221
12159,1460231,3,1460234
12160,1460368,5,1460373
12161,1460382,24,1460406
12162,1460523,30,1460553
12163,1460759,3,1460762
12164,1460785,5,1460790
12165,1460839,10,1460849
12166,1460952,15,1460967
12167,1461039,15,1461054
12168,1461127,32,1461159
12169,1461447,12,1461459
12170,1461477,18,1461495
12171,1461707,35,1461742
12172,1462072,69,1462141
12173,1462165,18,1462183
12174,1462203,14,1462217
12175,1462300,1,1462301
12176,1462504,1,1462505
12177,1462534,3,1462537
12178,1462613,20,1462633
12179,1462732,28,1462760
12180,1462761,6,1462767
12181,1462797,62,1462859
12182,1462956,71,1463027
12183,1463094,15,1463109
12184,1463271,17,1463288
12185,1463343,30,1463373
12186,1463377,14,1463391
12187,1463790,44,1463834
12188,1464062,53,1464115
12189,1464145,13,1464158
12190,1464274,76,1464350
12191,1464426,49,1464475
12192,1464476,13,1464489
12193,1464646,43,1464689
12194,1464704,20,1464724
12195,1464849,12,1464861
12196,1465139,14,1465153
12197,1465301,36,1465337
12198,1465463,49,1465512
12199,1465769,40,1465809
12200,1465916,32,1465948
12201,1465994,4,1465998
12202,1466161,3,1466164
12203,1466265,24,1466289
12204,1466513,40,1466553
12205,1466578,11,1466589
12206,1466828,7,1466835
12207,1466840,40,1466880
12208,1466981,4,1466985
12209,1467016,4,1467020
12210,1467059,17,1467076
12211,1467145,9,1467154
12212,1467249,2,1467251
12213,1467317,8,1467325
12214,1467695,12,1467707
12215,1467779,27,1467806
12216,1467845,1,1467846
12217,1467894,5,1467899
12218,1467972,13,1467985
12219,1468172,8,1468180
12220,1468194,25,1468219
12221,1468227,3,1468230
12222,1468333,5,1468338
12223,1468347,2,1468349
12224,1468524,35,1468559
12225,1468588,19,1468607
12226,1468754,30,1468784
12227,1468918,2,1468920
12228,1468948,28,1468976
12229,1468978,89,1469067
12230,1469142,21,1469163
12231,1469531,13,1469544
12232,1469546,3,1469549
12233,1469600,19,1469619
12234,1469709,13,1469722
12235,1469822,9,1469831
12236,1469938,34,1469972
12237,1470213,21,1470234
12238,1470236,48,1470284
12239,1470325,10,1470335
12240,1470362,25,1470387
12241,1470447,18,1470465
12242,1470494,5,1470499
12243,1470500,8,1470508
12244,1470654,8,1470662
12245,1470830,25,1470855
12246,1470896,82,1470978
12247,1471196,6,1471202
12248,1471402,18,1471420
12249,1471641,32,1471673
12250,1471953,37,1471990
12251,1472058,5,1472063
12252,1472114,11,1472125
12253,1472149,1,1472150
12254,1472255,58,1472313
12255,1472363,22,1472385
12256,1472403,15,1472418
12257,1472516,26,1472542
12258,1472656,51,1472707
12259,1472820,14,1472834
12260,1472894,9,1472903
12261,1473307,21,1473328
12262,1473416,7,1473423
12263,1473574,14,1473588
12264,1473590,68,1473658
12265,1473716,5,1473721
12266,1473813,7,1473820
12267,1473923,93,1474016
12268,1474169,9,1474178
12269,1474233,18,1474251
12270,1474267,61,1474328
12271,1474514,6,1474520
12272,1474525,26,1474551
12273,1474586,29,1474615
12274,1474694,50,1474744
12275,1474813,22,1474835
12276,1475043,19,1475062
12277,1475356,4,1475360
12278,1475408,56,1475464
12279,1475738,1,1475739
12280,1475752,8,1475760
12281,1475910,22,1475932
12282,1476244,31,1476275
12283,1476324,29,1476353
12284,1476653,1,1476654
12285,1476831,37,1476868
12286,1476899,30,1476929
12287,1477023,23,1477046
12288,1477289,19,1477308
12289,1477394,16,1477410
12290,1477582,3,1477585
12291,1477757,51,1477808
12292,1477850,30,1477880
12293,1477895,18,1477913
12294,1478005,22,1478027
12295,1478043,55,1478098
12296,1478250,8,1478258
12297,1478265,29,1478294
12298,1478490,25,1478515
12299,1478889,30,1478919
12300,1478965,16,1478981
12301,1479048,3,1479051
12302,1479089,2,1479091
12303,1479108,26,1479134
12304,1479192,9,1479201
12305,1479212,6,1479218
12306,1479268,10,1479278
12307,1479334,22,1479356
12308,1479598,14,1479612
12309,1479626,24,1479650
12310,1479893,4,1479897
12311,1479967,5,1479972
12312,1479998,79,1480077
12313,1480418,17,1480435
12314,1480476,1,1480477
12315,1480693,31,1480724
12316,1480802,7,1480809
12317,1480965,2,1480967
12318,1481074,11,1481085
12319,1481219,42,1481261
12320,1481304,25,1481329
12321,1481407,5,1481412
12322,1481535,43,1481578
12323,1481625,8,1481633
12324,1481675,1,1481676
12325,1481711,13,1481724
12326,1481986,19,1482005
12327,1482172,35,1482207
12328,1482416,3,1482419
12329,1482620,42,1482662
12330,1482667,46,1482713
12331,1482729,1,1482730
12332,1482771,4,1482775
12333,1482846,4,1482850
12334,1482931,45,1482976
12335,1483163,7,1483170
12336,1483182,21,1483203
12337,1483281,31,1483312
12338,1483348,4,1483352
12339,1483424,4,1483428
12340,1483541,100,1483641
12341,1483658,11,1483669
12342,1483783,2,1483785
12343,1483833,11,1483844
12344,1483888,32,1483920
12345,1483945,18,1483963
12346,1484048,15,1484063
12347,1484065,19,1484084
12348,1484156,3,1484159
12349,1484175,26,1484201
12350,1484208,32,1484240
12351,1484331,7,1484338
12352,1484429,4,1484433
12353,1484484,34,1484518
12354,1484561,6,1484567
12355,1484973,15,1484988
12356,1485432,2,1485434
12357,1485959,12,1485971
12358,1486013,14,1486027
12359,1486044,29,1486073
12360,1486114,23,1486137
12361,1486222,25,1486247
12362,1486272,16,1486288
12363,1486316,18,1486334
12364,1486358,32,1486390
12365,1486413,26,1486439
12366,1486524,3,1486527
12367,1486568,6,1486574
12368,1486616,5,1486621
12369,1486723,13,1486736
12370,1486932,20,1486952
12371,1487044,1,1487045
12372,1487085,25,1487110
12373,1487149,9,1487158
12374,1487183,4,1487187
12375,1487188,2,1487190
12376,1487214,41,1487255
12377,1487264,44,1487308
12378,1487473,21,1487494
12379,1487543,15,1487558
12380,1487571,3,1487574
12381,1487606,47,1487653
12382,1487719,28,1487747
12383,1487809,3,1487812
12384,1487905,6,1487911
12385,1487950,6,1487956
12386,1488008,1,1488009
12387,1488012,38,1488050
12388,1488195,6,1488201
12389,1488534,11,1488545
12390,1488660,15,1488675
12391,1488728,74,1488802
12392,1488853,20,1488873
12393,1488890,20,1488910
12394,1489031,2,1489033
12395,1489075,19,1489094
12396,1489140,29,1489169
12397,1489204,67,1489271
12398,1489418,2,1489420
12399,1489557,9,1489566
12400,1489623,27,1489650
12401,1489899,30,1489929
12402,1490322,47,1490369
12403,1490385,9,1490394
12404,1490460,39,1490499
12405,1490557,2,1490559
12406,1490678,15,1490693
12407,1490741,4,1490745
12408,1490984,16,1491000
12409,1491088,3,1491091
12410,1491160,2,1491162
12411,1491169,2,1491171
12412,1491228,11,1491239
12413,1491335,20,1491355
12414,1491436,13,1491449
12415,1491542,125,1491667
12416,1491736,9,1491745
12417,1491772,18,1491790
12418,1492104,39,1492143
12419,1492409,42,1492451
12420,1492452,5,1492457
12421,1492561,34,1492595
12422,1492676,6,1492682
12423,1492781,34,1492815
12424,1492827,22,1492849
12425,1492904,1,1492905
12426,1492918,32,1492950
12427,1493020,20,1493040
12428,1493189,28,1493217
12429,1493386,4,1493390
12430,1493394,34,1493428
12431,1493548,63,1493611
12432,1493833,11,1493844
12433,1493957,12,1493969
12434,1494038,30,1494068
12435,1494100,10,1494110
12436,1494123,66,1494189
12437,1494334,12,1494346
12438,1494369,2,1494371
12439,1494593,31,1494624
12440,1494712,6,1494718
12441,1494818,9,1494827
12442,1494997,6,1495003
12443,1495130,10,1495140
12444,1495241,39,1495280
12445,1495388,14,1495402
12446,1495446,3,1495449
12447,1495521,56,1495577
12448,1495702,29,1495731
12449,1495952,60,1496012
12450,1496090,17,1496107
12451,1496114,12,1496126
12452,1496235,9,1496244
12453,1496356,4,1496360
12454,1496386,14,1496400
12455,1496448,11,1496459
12456,1496771,12,1496783
12457,1496821,18,1496839
12458,1496883,9,1496892
12459,1496922,4,1496926
12460,1496956,34,1496990
12461,1497101,12,1497113
12462,1497288,4,1497292
12463,1497300,17,1497317
12464,1497564,8,1497572
12465,1497618,6,1497624
12466,1497739,19,1497758
12467,1497946,20,1497966
12468,1497970,1,1497971
12469,1498268,38,1498306
12470,1498527,6,1498533
12471,1498578,1,1498579
12472,1498780,17,1498797
12473,1499012,9,1499021
12474,1499093,29,1499122
12475,1499309,3,1499312
12476,1499340,25,1499365
12477,1499475,3,1499478
12478,1499483,6,1499489
12479,1499547,52,1499599
12480,1499682,40,1499722
12481,1499863,13,1499876
