,Start,Duration,End
0,65,10,75
1,98,42,140
2,141,6,147
3,164,13,177
4,195,6,201
5,429,3,432
6,508,14,522
7,657,10,667
8,732,148,880
9,1071,24,1095
10,1139,5,1144
11,1229,2,1231
12,1312,43,1355
13,1578,30,1608
14,1667,14,1681
15,1873,16,1889
16,2132,19,2151
17,2322,19,2341
18,2401,1,2402
19,2616,2,2618
20,2747,9,2756
21,2794,1,2795
22,3199,3,3202
23,3403,20,3423
24,3455,13,3468
25,3514,15,3529
26,3591,37,3628
27,3665,24,3689
28,3703,38,3741
29,3803,13,3816
30,3920,14,3934
31,3971,28,3999
32,4351,7,4358
33,4444,11,4455
34,4480,17,4497
35,4562,8,4570
36,4648,3,4651
37,4680,37,4717
38,4938,21,4959
39,5014,12,5026
40,5054,43,5097
41,5480,26,5506
42,5530,13,5543
43,5786,27,5813
44,5870,76,5946
45,6031,63,6094
46,6135,33,6168
47,6247,23,6270
48,6303,5,6308
49,6362,60,6422
50,6722,44,6766
51,6867,7,6874
52,7036,43,7079
53,7274,10,7284
54,7364,40,7404
55,7524,13,7537
56,7548,19,7567
57,7721,8,7729
58,7810,31,7841
59,7971,51,8022
60,8163,11,8174
61,8180,19,8199
62,8479,10,8489
63,8861,9,8870
64,8947,21,8968
65,8991,6,8997
66,9212,8,9220
67,9476,13,9489
68,9586,16,9602
69,9890,10,9900
70,9983,11,9994
71,10055,13,10068
72,10159,31,10190
73,10430,49,10479
74,10641,19,10660
75,10751,5,10756
76,10798,20,10818
77,10826,63,10889
78,10984,45,11029
79,11067,12,11079
80,11098,8,11106
81,11147,22,11169
82,11206,43,11249
83,11269,24,11293
84,11311,40,11351
85,11617,42,11659
86,12094,9,12103
87,12179,23,12202
88,12253,74,12327
89,12368,47,12415
90,12416,15,12431
91,12468,1,12469
92,12653,2,12655
93,12727,14,12741
94,12746,15,12761
95,12847,7,12854
96,12879,6,12885
97,12953,9,12962
98,13098,32,13130
99,13183,12,13195
100,13221,18,13239
101,13321,16,13337
102,13376,66,13442
103,13640,19,13659
104,13762,23,13785
105,13825,25,13850
106,14015,22,14037
107,14191,2,14193
108,14235,18,14253
109,14513,2,14515
110,14645,11,14656
111,14766,24,14790
112,14893,3,14896
113,14903,2,14905
114,15006,10,15016
115,15250,15,15265
116,15363,2,15365
117,15650,42,15692
118,15849,14,15863
119,15865,13,15878
120,16144,2,16146
121,16166,12,16178
122,16343,11,16354
123,16791,36,16827
124,16880,1,16881
125,17018,30,17048
126,17053,22,17075
127,17134,77,17211
128,17244,21,17265
129,17375,6,17381
130,17422,4,17426
131,17544,29,17573
132,17580,3,17583
133,17685,14,17699
134,17795,2,17797
135,17871,3,17874
136,17928,4,17932
137,18057,10,18067
138,18127,25,18152
139,18163,2,18165
140,18180,7,18187
141,18278,1,18279
142,18292,1,18293
143,18448,31,18479
144,18491,7,18498
145,18644,46,18690
146,18924,55,18979
147,19003,27,19030
148,19119,19,19138
149,19147,6,19153
150,19195,11,19206
151,19214,36,19250
152,19293,29,19322
153,19410,22,19432
154,19460,11,19471
155,19493,7,19500
156,19627,8,19635
157,19742,10,19752
158,19866,9,19875
159,20014,14,20028
160,20068,54,20122
161,20239,8,20247
162,20329,3,20332
163,20818,1,20819
164,20859,9,20868
165,20968,6,20974
166,20985,33,21018
167,21233,13,21246
168,21348,36,21384
169,21533,12,21545
170,22020,1,22021
171,22213,9,22222
172,22320,27,22347
173,22394,11,22405
174,22539,20,22559
175,22560,11,22571
176,22998,2,23000
177,23143,61,23204
178,23207,13,23220
179,23263,3,23266
180,23355,5,23360
181,23403,4,23407
182,23449,1,23450
183,23470,8,23478
184,23515,51,23566
185,23596,15,23611
186,23620,33,23653
187,23913,13,23926
188,23931,16,23947
189,24034,45,24079
190,24100,17,24117
191,24274,29,24303
192,24560,6,24566
193,24570,13,24583
194,24606,66,24672
195,24673,16,24689
196,24715,23,24738
197,24801,6,24807
198,24826,9,24835
199,24881,39,24920
200,24927,7,24934
201,25089,48,25137
202,25225,33,25258
203,25292,3,25295
204,25300,24,25324
205,25329,5,25334
206,25475,3,25478
207,25500,2,25502
208,25547,8,25555
209,25598,21,25619
210,25621,2,25623
211,25669,40,25709
212,25728,13,25741
213,25796,33,25829
214,26017,5,26022
215,26087,13,26100
216,26118,9,26127
217,26166,11,26177
218,26252,6,26258
219,26395,26,26421
220,26702,11,26713
221,26754,24,26778
222,26791,1,26792
223,26852,6,26858
224,26904,5,26909
225,26942,102,27044
226,27151,1,27152
227,27177,30,27207
228,27323,38,27361
229,27456,39,27495
230,28002,23,28025
231,28027,13,28040
232,28049,3,28052
233,28256,2,28258
234,28431,7,28438
235,28493,67,28560
236,28632,3,28635
237,28738,4,28742
238,28807,5,28812
239,28899,12,28911
240,28989,126,29115
241,29214,77,29291
242,29472,8,29480
243,29559,21,29580
244,29746,9,29755
245,29858,71,29929
246,30263,12,30275
247,30303,9,30312
248,30445,34,30479
249,30646,39,30685
250,30871,14,30885
251,30959,9,30968
252,31118,21,31139
253,31144,12,31156
254,31197,22,31219
255,31257,8,31265
256,31366,40,31406
257,31571,40,31611
258,31741,92,31833
259,32483,16,32499
260,32519,11,32530
261,32844,5,32849
262,33003,19,33022
263,33264,7,33271
264,33445,3,33448
265,33532,15,33547
266,33577,61,33638
267,33723,5,33728
268,33915,3,33918
269,33994,14,34008
270,34037,40,34077
271,34099,29,34128
272,34246,53,34299
273,34514,18,34532
274,34890,7,34897
275,35209,2,35211
276,35294,3,35297
277,35345,18,35363
278,35415,26,35441
279,35471,55,35526
280,35693,24,35717
281,35739,15,35754
282,35931,80,36011
283,36198,38,36236
284,36396,8,36404
285,36508,18,36526
286,36559,16,36575
287,36601,85,36686
288,36736,4,36740
289,36767,25,36792
290,36853,19,36872
291,36878,45,36923
292,37280,39,37319
293,37414,90,37504
294,37717,8,37725
295,37747,29,37776
296,38124,16,38140
297,38214,4,38218
298,38333,1,38334
299,38442,9,38451
300,38472,3,38475
301,38498,11,38509
302,38537,7,38544
303,38656,5,38661
304,38672,4,38676
305,38882,66,38948
306,38953,2,38955
307,38975,5,38980
308,38986,11,38997
309,39124,4,39128
310,39214,16,39230
311,39243,5,39248
312,39340,4,39344
313,39484,1,39485
314,39573,2,39575
315,39612,24,39636
316,39707,4,39711
317,39810,1,39811
318,39814,3,39817
319,39864,7,39871
320,40002,18,40020
321,40152,4,40156
322,40197,45,40242
323,40404,2,40406
324,40464,11,40475
325,40659,21,40680
326,40682,61,40743
327,41073,11,41084
328,41109,25,41134
329,41195,17,41212
330,41405,2,41407
331,41438,15,41453
332,41474,2,41476
333,41526,55,41581
334,41915,32,41947
335,42001,2,42003
336,42153,12,42165
337,42175,7,42182
338,42324,21,42345
339,42364,72,42436
340,42443,1,42444
341,42463,11,42474
342,42885,19,42904
343,43073,5,43078
344,43105,9,43114
345,43278,43,43321
346,43363,5,43368
347,43404,3,43407
348,43410,6,43416
349,43453,23,43476
350,43585,39,43624
351,43681,4,43685
352,43861,3,43864
353,44093,2,44095
354,44110,8,44118
355,44222,26,44248
356,44273,2,44275
357,44386,4,44390
358,44403,21,44424
359,44794,19,44813
360,44855,45,44900
361,45078,9,45087
362,45098,3,45101
363,45172,9,45181
364,45182,1,45183
365,45606,11,45617
366,45768,4,45772
367,45867,22,45889
368,45915,22,45937
369,45973,40,46013
370,46088,28,46116
371,46385,22,46407
372,46504,2,46506
373,46567,37,46604
374,46686,1,46687
375,46780,7,46787
376,46836,23,46859
377,47077,18,47095
378,47102,10,47112
379,47162,14,47176
380,47184,92,47276
381,47410,7,47417
382,47437,67,47504
383,47513,4,47517
384,47531,3,47534
385,47543,48,47591
386,47874,23,47897
387,47910,11,47921
388,47922,12,47934
389,47973,2,47975
390,48169,61,48230
391,48232,20,48252
392,48317,14,48331
393,48530,36,48566
394,48647,16,48663
395,48769,3,48772
396,48848,16,48864
397,49049,7,49056
398,49424,6,49430
399,49500,34,49534
400,49663,3,49666
401,49998,1,49999
402,50037,68,50105
403,50281,23,50304
404,50368,42,50410
405,50519,35,50554
406,50728,47,50775
407,50932,4,50936
408,50981,27,51008
409,51097,1,51098
410,51119,31,51150
411,51304,9,51313
412,51338,31,51369
413,51609,4,51613
414,51688,18,51706
415,51742,8,51750
416,52158,7,52165
417,52205,31,52236
418,52270,24,52294
419,52464,18,52482
420,52574,6,52580
421,52645,7,52652
422,52918,9,52927
423,53110,6,53116
424,53168,1,53169
425,53189,2,53191
426,53230,7,53237
427,53390,2,53392
428,53568,23,53591
429,53701,5,53706
430,53841,45,53886
431,53991,2,53993
432,54080,16,54096
433,54122,2,54124
434,54220,70,54290
435,54291,9,54300
436,54323,39,54362
437,54405,22,54427
438,54514,16,54530
439,54540,9,54549
440,54845,16,54861
441,54937,13,54950
442,55005,8,55013
443,55088,10,55098
444,55217,5,55222
445,55287,3,55290
446,55306,14,55320
447,55564,7,55571
448,55626,16,55642
449,55796,19,55815
450,55892,8,55900
451,55906,37,55943
452,55952,59,56011
453,56175,51,56226
454,56306,36,56342
455,56378,11,56389
456,56508,21,56529
457,56533,1,56534
458,56561,31,56592
459,56618,15,56633
460,56739,14,56753
461,56851,24,56875
462,56921,2,56923
463,56975,22,56997
464,57038,15,57053
465,57148,6,57154
466,57251,20,57271
467,57491,8,57499
468,57558,11,57569
469,57609,15,57624
470,57638,30,57668
471,57773,44,57817
472,57897,4,57901
473,57917,38,57955
474,58012,18,58030
475,58055,40,58095
476,58098,38,58136
477,58205,44,58249
478,58398,31,58429
479,58712,17,58729
480,58735,5,58740
481,58745,11,58756
482,58828,39,58867
483,58897,2,58899
484,58953,17,58970
485,59010,38,59048
486,59147,26,59173
487,59264,35,59299
488,59458,4,59462
489,59546,6,59552
490,59599,32,59631
491,59642,36,59678
492,59821,23,59844
493,59909,9,59918
494,59942,24,59966
495,59986,4,59990
496,60356,33,60389
497,60402,84,60486
498,60703,5,60708
499,60722,30,60752
500,60942,2,60944
501,61040,22,61062
502,61136,11,61147
503,61264,23,61287
504,61518,77,61595
505,61631,32,61663
506,61804,18,61822
507,61941,48,61989
508,61998,6,62004
509,62051,2,62053
510,62118,26,62144
511,62187,2,62189
512,62271,21,62292
513,62443,5,62448
514,62492,38,62530
515,62624,37,62661
516,62682,3,62685
517,62795,20,62815
518,62940,29,62969
519,62979,16,62995
520,63343,3,63346
521,63430,13,63443
522,63471,13,63484
523,63570,10,63580
524,63906,57,63963
525,63993,10,64003
526,64068,3,64071
527,64235,9,64244
528,64360,1,64361
529,64530,21,64551
530,64557,68,64625
531,64777,14,64791
532,64802,5,64807
533,64878,4,64882
534,64910,101,65011
535,65278,10,65288
536,65366,16,65382
537,65444,9,65453
538,65479,34,65513
539,65517,24,65541
540,65606,4,65610
541,65655,6,65661
542,65751,8,65759
543,65797,13,65810
544,65901,2,65903
545,66177,12,66189
546,66428,35,66463
547,66646,38,66684
548,66771,12,66783
549,66891,7,66898
550,66975,7,66982
551,67124,20,67144
552,67295,42,67337
553,67375,4,67379
554,67496,20,67516
555,67530,18,67548
556,67734,33,67767
557,67890,3,67893
558,68066,18,68084
559,68130,17,68147
560,68262,6,68268
561,68475,30,68505
562,68566,23,68589
563,68794,33,68827
564,68849,1,68850
565,68860,19,68879
566,68904,11,68915
567,68921,20,68941
568,68973,42,69015
569,69027,37,69064
570,69074,24,69098
571,69123,8,69131
572,69333,3,69336
573,69408,27,69435
574,69542,3,69545
575,69757,38,69795
576,69914,64,69978
577,70493,26,70519
578,70565,13,70578
579,70957,19,70976
580,71134,3,71137
581,71138,29,71167
582,71370,15,71385
583,71397,22,71419
584,71846,12,71858
585,71970,4,71974
586,72005,30,72035
587,72105,10,72115
588,72152,28,72180
589,72263,6,72269
590,72368,43,72411
591,72478,2,72480
592,72546,12,72558
593,72577,2,72579
594,72717,36,72753
595,72754,30,72784
596,73311,14,73325
597,73429,7,73436
598,73490,31,73521
599,73527,9,73536
600,73625,9,73634
601,73677,3,73680
602,73721,32,73753
603,73799,15,73814
604,73901,2,73903
605,73947,10,73957
606,74107,43,74150
607,74221,10,74231
608,74327,9,74336
609,74357,18,74375
610,74436,26,74462
611,74594,42,74636
612,74700,46,74746
613,74844,1,74845
614,74879,2,74881
615,74935,19,74954
616,75270,13,75283
617,75496,19,75515
618,75581,5,75586
619,75630,30,75660
620,75791,12,75803
621,76192,4,76196
622,76228,11,76239
623,76244,8,76252
624,76415,59,76474
625,76704,4,76708
626,76734,2,76736
627,76768,8,76776
628,76904,2,76906
629,77162,3,77165
630,77196,5,77201
631,77238,2,77240
632,77252,17,77269
633,77303,3,77306
634,77393,11,77404
635,77525,50,77575
636,77576,56,77632
637,77783,2,77785
638,77932,2,77934
639,77947,56,78003
640,78024,24,78048
641,78336,23,78359
642,78512,6,78518
643,78532,7,78539
644,78543,5,78548
645,78619,20,78639
646,78647,21,78668
647,78840,7,78847
648,78863,6,78869
649,78918,8,78926
650,78959,11,78970
651,79114,8,79122
652,79458,29,79487
653,79557,5,79562
654,79619,80,79699
655,79782,13,79795
656,79820,36,79856
657,79970,9,79979
658,80066,15,80081
659,80216,7,80223
660,80321,42,80363
661,80476,6,80482
662,80541,29,80570
663,80672,16,80688
664,80770,7,80777
665,80881,9,80890
666,81006,2,81008
667,81291,9,81300
668,81360,4,81364
669,81416,10,81426
670,81480,1,81481
671,81554,8,81562
672,81590,44,81634
673,81780,11,81791
674,81813,11,81824
675,81967,1,81968
676,81976,7,81983
677,82009,12,82021
678,82034,35,82069
679,82095,5,82100
680,82124,11,82135
681,82303,37,82340
682,82468,12,82480
683,82826,6,82832
684,82883,5,82888
685,82906,85,82991
686,83159,27,83186
687,83285,7,83292
688,83300,1,83301
689,83302,23,83325
690,83525,1,83526
691,83665,31,83696
692,83803,28,83831
693,83952,4,83956
694,84122,49,84171
695,84367,4,84371
696,84397,26,84423
697,84501,20,84521
698,84574,15,84589
699,84679,15,84694
700,84708,23,84731
701,84746,3,84749
702,84790,8,84798
703,84828,77,84905
704,84948,5,84953
705,84992,38,85030
706,85288,5,85293
707,85419,2,85421
708,85511,16,85527
709,85615,18,85633
710,85990,28,86018
711,86040,9,86049
712,86167,9,86176
713,86226,1,86227
714,86287,25,86312
715,86522,11,86533
716,86581,30,86611
717,86704,16,86720
718,87018,10,87028
719,87178,35,87213
720,87435,21,87456
721,87520,12,87532
722,87606,40,87646
723,87667,23,87690
724,87703,11,87714
725,87719,76,87795
726,87812,6,87818
727,87856,7,87863
728,87960,34,87994
729,88244,11,88255
730,88437,9,88446
731,88457,26,88483
732,88494,18,88512
733,88548,21,88569
734,89013,7,89020
735,89034,13,89047
736,89190,12,89202
737,89335,21,89356
738,89363,7,89370
739,89766,6,89772
740,89829,1,89830
741,89860,17,89877
742,89910,50,89960
743,90144,1,90145
744,90293,9,90302
745,90319,4,90323
746,90357,27,90384
747,90413,6,90419
748,90427,19,90446
749,90729,26,90755
750,90826,22,90848
751,90933,29,90962
752,90990,33,91023
753,91048,4,91052
754,91144,40,91184
755,91351,40,91391
756,91455,36,91491
757,91495,77,91572
758,91619,29,91648
759,91681,6,91687
760,91691,30,91721
761,91740,17,91757
762,91833,18,91851
763,91881,8,91889
764,92051,8,92059
765,92102,15,92117
766,92168,13,92181
767,92432,10,92442
768,92473,14,92487
769,92754,13,92767
770,92769,13,92782
771,92783,37,92820
772,92827,7,92834
773,92844,68,92912
774,93280,11,93291
775,93311,43,93354
776,93580,18,93598
777,93704,21,93725
778,93825,14,93839
779,93861,14,93875
780,93884,4,93888
781,93942,19,93961
782,94035,52,94087
783,94091,55,94146
784,94323,11,94334
785,94434,30,94464
786,94583,17,94600
787,94732,9,94741
788,94801,7,94808
789,95058,13,95071
790,95205,20,95225
791,95284,47,95331
792,95386,29,95415
793,95446,19,95465
794,95599,5,95604
795,95707,7,95714
796,95884,17,95901
797,95986,16,96002
798,96027,8,96035
799,96115,15,96130
800,96312,16,96328
801,96406,33,96439
802,96441,6,96447
803,96520,2,96522
804,96573,4,96577
805,96632,16,96648
806,96950,15,96965
807,97142,23,97165
808,97181,26,97207
809,97333,23,97356
810,97389,3,97392
811,97429,54,97483
812,97555,57,97612
813,97648,3,97651
814,98295,13,98308
815,98423,5,98428
816,98563,8,98571
817,98572,4,98576
818,98914,24,98938
819,98965,14,98979
820,99095,2,99097
821,99275,35,99310
822,99491,49,99540
823,99829,1,99830
824,99842,3,99845
825,99857,62,99919
826,99952,4,99956
827,99960,2,99962
828,100021,15,100036
829,100069,56,100125
830,100246,19,100265
831,100306,12,100318
832,100576,8,100584
833,100605,18,100623
834,100655,20,100675
835,100753,5,100758
836,100762,3,100765
837,100797,1,100798
838,100948,18,100966
839,101009,10,101019
840,101120,26,101146
841,101185,33,101218
842,101434,9,101443
843,101480,20,101500
844,101542,38,101580
845,101651,10,101661
846,102077,4,102081
847,102091,4,102095
848,102308,65,102373
849,102399,15,102414
850,102523,13,102536
851,102717,39,102756
852,102912,14,102926
853,102984,1,102985
854,103274,24,103298
855,103318,8,103326
856,103844,3,103847
857,104033,3,104036
858,104108,22,104130
859,104198,20,104218
860,104333,19,104352
861,104448,22,104470
862,104579,2,104581
863,104622,27,104649
864,104732,24,104756
865,104902,3,104905
866,105171,11,105182
867,105429,19,105448
868,105497,53,105550
869,105579,2,105581
870,105647,13,105660
871,105678,21,105699
872,105708,20,105728
873,105852,54,105906
874,105918,3,105921
875,106066,34,106100
876,106217,3,106220
877,106391,10,106401
878,106439,34,106473
879,106493,21,106514
880,106628,6,106634
881,106729,17,106746
882,106866,15,106881
883,107031,13,107044
884,107142,21,107163
885,107199,64,107263
886,107339,3,107342
887,107346,19,107365
888,107445,1,107446
889,107470,21,107491
890,107562,24,107586
891,107593,9,107602
892,107696,38,107734
893,107895,35,107930
894,108123,73,108196
895,108209,6,108215
896,108314,21,108335
897,108340,62,108402
898,108730,14,108744
899,108788,14,108802
900,108882,8,108890
901,108916,31,108947
902,109000,78,109078
903,109166,2,109168
904,109216,2,109218
905,109265,21,109286
906,109384,7,109391
907,109513,5,109518
908,109526,16,109542
909,109559,5,109564
910,109566,42,109608
911,109680,26,109706
912,109742,48,109790
913,109929,8,109937
914,109981,15,109996
915,110041,37,110078
916,110135,6,110141
917,110237,18,110255
918,110267,35,110302
919,110311,12,110323
920,110415,3,110418
921,110419,2,110421
922,110740,7,110747
923,110813,19,110832
924,110884,14,110898
925,110939,7,110946
926,111038,22,111060
927,111132,19,111151
928,111322,51,111373
929,111429,10,111439
930,111508,25,111533
931,111542,47,111589
932,111626,32,111658
933,111677,9,111686
934,111753,16,111769
935,111793,31,111824
936,111847,11,111858
937,112050,44,112094
938,112209,16,112225
939,112268,49,112317
940,112394,3,112397
941,112440,3,112443
942,112454,7,112461
943,112499,47,112546
944,112583,11,112594
945,112747,1,112748
946,112912,11,112923
947,113008,7,113015
948,113105,15,113120
949,113132,5,113137
950,113229,34,113263
951,113285,1,113286
952,113310,32,113342
953,113355,29,113384
954,113481,50,113531
955,113911,20,113931
956,114280,19,114299
957,114411,15,114426
958,114460,16,114476
959,114848,2,114850
960,114891,12,114903
961,115079,7,115086
962,115110,6,115116
963,115141,6,115147
964,115353,5,115358
965,115467,4,115471
966,115589,20,115609
967,115778,44,115822
968,115852,16,115868
969,116366,34,116400
970,116492,20,116512
971,116537,9,116546
972,116769,1,116770
973,116806,28,116834
974,116877,7,116884
975,117050,26,117076
976,117099,6,117105
977,117120,1,117121
978,117459,5,117464
979,117616,30,117646
980,117761,5,117766
981,118215,7,118222
982,118492,1,118493
983,118524,13,118537
984,118580,14,118594
985,118621,51,118672
986,118907,2,118909
987,118965,18,118983
988,119035,4,119039
989,119098,34,119132
990,119374,23,119397
991,119629,30,119659
992,119732,21,119753
993,119833,17,119850
994,120062,7,120069
995,120167,19,120186
996,120281,46,120327
997,120475,23,120498
998,120552,19,120571
999,120706,11,120717
1000,121035,39,121074
1001,121272,11,121283
1002,121350,10,121360
1003,121627,11,121638
1004,121640,72,121712
1005,121775,36,121811
1006,121813,17,121830
1007,121886,38,121924
1008,122019,3,122022
1009,122209,26,122235
1010,122284,32,122316
1011,122502,8,122510
1012,122559,1,122560
1013,122830,23,122853
1014,123005,13,123018
1015,123271,18,123289
1016,123302,41,123343
1017,123467,2,123469
1018,123484,10,123494
1019,123602,4,123606
1020,123610,3,123613
1021,123621,13,123634
1022,123694,23,123717
1023,123751,14,123765
1024,123769,19,123788
1025,123876,4,123880
1026,124010,49,124059
1027,124280,7,124287
1028,124347,1,124348
1029,124387,19,124406
1030,124669,1,124670
1031,124739,1,124740
1032,124780,17,124797
1033,125285,22,125307
1034,125368,8,125376
1035,125532,42,125574
1036,125581,4,125585
1037,125619,13,125632
1038,125663,16,125679
1039,125690,42,125732
1040,125787,1,125788
1041,125934,22,125956
1042,126131,23,126154
1043,126662,23,126685
1044,126720,14,126734
1045,126767,31,126798
1046,126818,15,126833
1047,126935,8,126943
1048,127118,37,127155
1049,127372,1,127373
1050,127415,13,127428
1051,127713,78,127791
1052,128140,47,128187
1053,128232,4,128236
1054,128349,1,128350
1055,128571,17,128588
1056,128624,4,128628
1057,128629,42,128671
1058,128678,2,128680
1059,128716,11,128727
1060,128822,38,128860
1061,128867,26,128893
1062,128998,17,129015
1063,129100,46,129146
1064,129197,38,129235
1065,129273,21,129294
1066,129371,24,129395
1067,129466,15,129481
1068,129513,8,129521
1069,129576,12,129588
1070,129911,10,129921
1071,129993,16,130009
1072,130160,4,130164
1073,130261,22,130283
1074,130398,13,130411
1075,130424,9,130433
1076,130550,19,130569
1077,130573,52,130625
1078,130773,15,130788
1079,131164,16,131180
1080,131341,19,131360
1081,131384,55,131439
1082,131442,43,131485
1083,131520,32,131552
1084,131586,9,131595
1085,131672,19,131691
1086,131835,18,131853
1087,131886,38,131924
1088,131946,3,131949
1089,131991,6,131997
1090,132324,37,132361
1091,132362,21,132383
1092,132398,23,132421
1093,132518,2,132520
1094,132641,4,132645
1095,132753,11,132764
1096,132850,10,132860
1097,132922,4,132926
1098,133021,21,133042
1099,133234,23,133257
1100,133318,17,133335
1101,133482,10,133492
1102,133626,28,133654
1103,133665,19,133684
1104,133720,71,133791
1105,133840,20,133860
1106,133975,15,133990
1107,134136,39,134175
1108,134246,88,134334
1109,134377,38,134415
1110,134422,21,134443
1111,134551,7,134558
1112,134591,26,134617
1113,134697,2,134699
1114,134786,2,134788
1115,134804,37,134841
1116,134889,28,134917
1117,135061,1,135062
1118,135164,40,135204
1119,135527,30,135557
1120,135559,35,135594
1121,135680,8,135688
1122,135788,4,135792
1123,135887,67,135954
1124,136021,6,136027
1125,136053,26,136079
1126,136140,3,136143
1127,136319,13,136332
1128,136351,27,136378
1129,136496,29,136525
1130,136790,44,136834
1131,136950,53,137003
1132,137019,13,137032
1133,137219,2,137221
1134,137263,75,137338
1135,137493,23,137516
1136,137674,4,137678
1137,137804,72,137876
1138,137938,38,137976
1139,138044,10,138054
1140,138085,17,138102
1141,138194,15,138209
1142,138375,8,138383
1143,138570,24,138594
1144,138637,4,138641
1145,138780,9,138789
1146,138808,30,138838
1147,138871,67,138938
1148,139151,49,139200
1149,139204,6,139210
1150,139309,20,139329
1151,139345,77,139422
1152,139460,37,139497
1153,139835,6,139841
1154,139880,26,139906
1155,139922,2,139924
1156,139976,8,139984
1157,140164,4,140168
1158,140388,12,140400
1159,140418,2,140420
1160,140441,6,140447
1161,140508,22,140530
1162,140673,11,140684
1163,140829,1,140830
1164,140833,19,140852
1165,140969,9,140978
1166,141061,26,141087
1167,141093,20,141113
1168,141208,8,141216
1169,141247,14,141261
1170,141417,23,141440
1171,141491,6,141497
1172,141528,20,141548
1173,141551,31,141582
1174,141776,54,141830
1175,141852,10,141862
1176,141864,5,141869
1177,141879,81,141960
1178,142031,32,142063
1179,142359,1,142360
1180,142396,25,142421
1181,142446,11,142457
1182,142477,29,142506
1183,142715,30,142745
1184,142820,10,142830
1185,142940,29,142969
1186,143053,35,143088
1187,143156,16,143172
1188,143310,20,143330
1189,143343,13,143356
1190,143425,17,143442
1191,143480,20,143500
1192,143799,10,143809
1193,144090,34,144124
1194,144146,72,144218
1195,144305,8,144313
1196,144340,24,144364
1197,144507,30,144537
1198,144590,13,144603
1199,144605,1,144606
1200,144723,13,144736
1201,144746,15,144761
1202,144901,42,144943
1203,144995,11,145006
1204,145047,34,145081
1205,145181,4,145185
1206,145235,8,145243
1207,145318,1,145319
1208,145361,6,145367
1209,145434,9,145443
1210,145493,50,145543
1211,145664,20,145684
1212,145835,21,145856
1213,145883,5,145888
1214,146048,28,146076
1215,146087,95,146182
1216,146368,38,146406
1217,146428,5,146433
1218,146520,1,146521
1219,146536,14,146550
1220,146603,7,146610
1221,146615,7,146622
1222,146636,4,146640
1223,146682,4,146686
1224,146938,9,146947
1225,147018,12,147030
1226,147035,3,147038
1227,147125,37,147162
1228,147350,68,147418
1229,147731,15,147746
1230,147758,8,147766
1231,147862,5,147867
1232,147874,7,147881
1233,147912,8,147920
1234,148272,13,148285
1235,148480,37,148517
1236,148553,2,148555
1237,148797,28,148825
1238,148829,10,148839
1239,148979,24,149003
1240,149029,11,149040
1241,149041,2,149043
1242,149231,34,149265
1243,149313,4,149317
1244,149473,1,149474
1245,149485,18,149503
1246,149645,15,149660
1247,149662,32,149694
1248,149837,24,149861
1249,149873,20,149893
1250,149960,12,149972
1251,150065,39,150104
1252,150171,19,150190
1253,150198,10,150208
1254,150274,1,150275
1255,150328,44,150372
1256,150437,9,150446
1257,150483,21,150504
1258,150582,14,150596
1259,150667,65,150732
1260,150786,2,150788
1261,150972,1,150973
1262,150998,6,151004
1263,151200,10,151210
1264,151434,25,151459
1265,151481,9,151490
1266,151568,1,151569
1267,151766,24,151790
1268,151937,12,151949
1269,152142,5,152147
1270,152448,10,152458
1271,152488,2,152490
1272,152734,1,152735
1273,152801,2,152803
1274,152846,45,152891
1275,152922,8,152930
1276,152939,21,152960
1277,153353,10,153363
1278,153506,9,153515
1279,153550,15,153565
1280,153716,7,153723
1281,153808,3,153811
1282,153817,3,153820
1283,153892,4,153896
1284,154035,2,154037
1285,154266,39,154305
1286,154310,53,154363
1287,154372,26,154398
1288,154459,1,154460
1289,154464,27,154491
1290,154576,11,154587
1291,154621,14,154635
1292,154657,18,154675
1293,154720,22,154742
1294,154779,10,154789
1295,154991,23,155014
1296,155085,3,155088
1297,155546,4,155550
1298,155587,30,155617
1299,155639,30,155669
1300,155720,25,155745
1301,155816,16,155832
1302,155858,15,155873
1303,155886,33,155919
1304,155999,14,156013
1305,156136,98,156234
1306,156359,5,156364
1307,156398,38,156436
1308,156683,6,156689
1309,156894,81,156975
1310,157110,74,157184
1311,157225,24,157249
1312,157299,17,157316
1313,157503,12,157515
1314,157523,9,157532
1315,157702,23,157725
1316,157806,4,157810
1317,157909,5,157914
1318,157963,10,157973
1319,158013,82,158095
1320,158266,5,158271
1321,158368,99,158467
1322,158600,13,158613
1323,158642,6,158648
1324,159016,1,159017
1325,159375,32,159407
1326,159456,28,159484
1327,159577,31,159608
1328,159623,10,159633
1329,159660,55,159715
1330,159744,22,159766
1331,159824,4,159828
1332,159863,22,159885
1333,159892,4,159896
1334,159975,21,159996
1335,160023,2,160025
1336,160088,9,160097
1337,160215,3,160218
1338,160301,19,160320
1339,160321,22,160343
1340,160431,11,160442
1341,160482,20,160502
1342,160617,2,160619
1343,160640,10,160650
1344,160749,34,160783
1345,161428,13,161441
1346,161470,3,161473
1347,161651,76,161727
1348,161769,18,161787
1349,161828,9,161837
1350,161913,2,161915
1351,161920,26,161946
1352,162103,13,162116
1353,162136,1,162137
1354,162183,44,162227
1355,162371,63,162434
1356,162568,3,162571
1357,162618,5,162623
1358,162878,16,162894
1359,162943,7,162950
1360,163104,1,163105
1361,163163,7,163170
1362,163256,9,163265
1363,163323,12,163335
1364,163427,7,163434
1365,163863,6,163869
1366,163963,13,163976
1367,163983,23,164006
1368,164107,29,164136
1369,164183,9,164192
1370,164389,6,164395
1371,164439,17,164456
1372,164479,17,164496
1373,164552,14,164566
1374,164723,53,164776
1375,164852,22,164874
1376,165014,23,165037
1377,165236,16,165252
1378,165287,24,165311
1379,165317,13,165330
1380,165348,26,165374
1381,165453,3,165456
1382,165600,22,165622
1383,165657,8,165665
1384,165708,11,165719
1385,165807,29,165836
1386,165986,9,165995
1387,166140,18,166158
1388,166271,14,166285
1389,166313,51,166364
1390,166387,20,166407
1391,166494,4,166498
1392,166733,1,166734
1393,166745,5,166750
1394,166798,11,166809
1395,166839,3,166842
1396,167020,4,167024
1397,167089,6,167095
1398,167133,34,167167
1399,167478,18,167496
1400,167638,60,167698
1401,167699,1,167700
1402,167790,6,167796
1403,167893,60,167953
1404,168191,49,168240
1405,168259,60,168319
1406,168479,11,168490
1407,168686,60,168746
1408,168858,30,168888
1409,169020,5,169025
1410,169046,3,169049
1411,169062,36,169098
1412,169101,18,169119
1413,169133,5,169138
1414,169270,8,169278
1415,169358,15,169373
1416,169454,5,169459
1417,169583,71,169654
1418,169751,16,169767
1419,169839,23,169862
1420,169923,14,169937
1421,170025,2,170027
1422,170029,31,170060
1423,170472,32,170504
1424,170610,40,170650
1425,170706,14,170720
1426,170806,59,170865
1427,170877,29,170906
1428,170942,27,170969
1429,171016,4,171020
1430,171037,47,171084
1431,171230,73,171303
1432,171330,2,171332
1433,171348,48,171396
1434,171437,2,171439
1435,171714,7,171721
1436,171739,9,171748
1437,171927,16,171943
1438,172082,16,172098
1439,172125,9,172134
1440,172310,24,172334
1441,172421,19,172440
1442,172507,11,172518
1443,172542,12,172554
1444,172836,11,172847
1445,172983,1,172984
1446,173244,27,173271
1447,173272,137,173409
1448,173584,26,173610
1449,173696,5,173701
1450,173779,5,173784
1451,173839,2,173841
1452,173966,25,173991
1453,174011,45,174056
1454,174057,1,174058
1455,174076,8,174084
1456,174100,33,174133
1457,174158,14,174172
1458,174576,8,174584
1459,174597,8,174605
1460,174618,2,174620
1461,174630,6,174636
1462,174737,16,174753
1463,174821,4,174825
1464,174857,6,174863
1465,174883,2,174885
1466,175042,67,175109
1467,175129,9,175138
1468,175181,25,175206
1469,175536,17,175553
1470,175583,14,175597
1471,175669,23,175692
1472,175721,31,175752
1473,175823,2,175825
1474,175902,5,175907
1475,175969,52,176021
1476,176174,8,176182
1477,176230,7,176237
1478,176252,20,176272
1479,176375,3,176378
1480,176379,1,176380
1481,176442,13,176455
1482,176459,5,176464
1483,176465,5,176470
1484,176507,5,176512
1485,176520,20,176540
1486,176616,22,176638
1487,176717,45,176762
1488,176764,8,176772
1489,177093,7,177100
1490,177111,5,177116
1491,177129,2,177131
1492,177226,27,177253
1493,177439,22,177461
1494,177517,7,177524
1495,177525,2,177527
1496,177738,50,177788
1497,177877,16,177893
1498,178032,17,178049
1499,178263,2,178265
1500,178304,21,178325
1501,178380,2,178382
1502,178395,39,178434
1503,178780,9,178789
1504,178883,4,178887
1505,179027,2,179029
1506,179185,26,179211
1507,179479,34,179513
1508,179601,37,179638
1509,179711,26,179737
1510,179839,10,179849
1511,180001,50,180051
1512,180291,12,180303
1513,180545,3,180548
1514,180706,6,180712
1515,180740,9,180749
1516,180782,8,180790
1517,180794,26,180820
1518,180849,20,180869
1519,180919,21,180940
1520,181004,14,181018
1521,181099,20,181119
1522,181267,63,181330
1523,181431,15,181446
1524,181483,37,181520
1525,181563,2,181565
1526,181680,1,181681
1527,181841,80,181921
1528,181927,41,181968
1529,182077,48,182125
1530,182143,22,182165
1531,182269,17,182286
1532,182293,2,182295
1533,182654,23,182677
1534,182878,22,182900
1535,182971,38,183009
1536,183108,4,183112
1537,183142,8,183150
1538,183157,18,183175
1539,183184,33,183217
1540,183223,10,183233
1541,183421,10,183431
1542,183628,14,183642
1543,183712,1,183713
1544,183828,16,183844
1545,183868,12,183880
1546,184046,7,184053
1547,184105,38,184143
1548,184251,23,184274
1549,184381,16,184397
1550,184447,5,184452
1551,184661,52,184713
1552,184810,49,184859
1553,184897,10,184907
1554,184960,2,184962
1555,185051,12,185063
1556,185084,8,185092
1557,185155,10,185165
1558,185179,40,185219
1559,185251,1,185252
1560,185418,5,185423
1561,185424,11,185435
1562,185495,8,185503
1563,185592,17,185609
1564,185614,4,185618
1565,185909,34,185943
1566,186028,14,186042
1567,186083,15,186098
1568,186101,5,186106
1569,186118,57,186175
1570,186390,37,186427
1571,186497,8,186505
1572,186698,22,186720
1573,187066,3,187069
1574,187367,7,187374
1575,187389,15,187404
1576,187434,26,187460
1577,187464,27,187491
1578,187629,7,187636
1579,187802,25,187827
1580,187830,2,187832
1581,187931,18,187949
1582,187995,18,188013
1583,188038,7,188045
1584,188259,47,188306
1585,188338,12,188350
1586,188359,29,188388
1587,188400,6,188406
1588,188549,7,188556
1589,188575,1,188576
1590,188648,27,188675
1591,188676,15,188691
1592,188794,11,188805
1593,188815,3,188818
1594,188837,16,188853
1595,189092,9,189101
1596,189112,1,189113
1597,189228,18,189246
1598,189642,10,189652
1599,189674,10,189684
1600,189732,16,189748
1601,189752,74,189826
1602,189918,41,189959
1603,190096,2,190098
1604,190121,13,190134
1605,190200,55,190255
1606,190297,19,190316
1607,190326,1,190327
1608,190732,9,190741
1609,190783,31,190814
1610,190923,15,190938
1611,191091,4,191095
1612,191480,3,191483
1613,191710,22,191732
1614,191782,2,191784
1615,191859,22,191881
1616,191989,5,191994
1617,192119,58,192177
1618,192380,4,192384
1619,192532,3,192535
1620,193093,4,193097
1621,193219,16,193235
1622,193255,29,193284
1623,193428,28,193456
1624,193520,61,193581
1625,193729,15,193744
1626,193749,4,193753
1627,193944,13,193957
1628,193962,21,193983
1629,194028,6,194034
1630,194133,8,194141
1631,194286,35,194321
1632,194668,11,194679
1633,194817,15,194832
1634,194833,59,194892
1635,194945,8,194953
1636,195076,1,195077
1637,195203,6,195209
1638,195215,2,195217
1639,195236,11,195247
1640,195262,11,195273
1641,195294,1,195295
1642,195348,36,195384
1643,195535,5,195540
1644,195588,3,195591
1645,195661,14,195675
1646,195687,29,195716
1647,195784,41,195825
1648,195940,45,195985
1649,196000,5,196005
1650,196200,25,196225
1651,196356,16,196372
1652,196421,1,196422
1653,196450,15,196465
1654,196513,48,196561
1655,196638,15,196653
1656,196871,34,196905
1657,197072,24,197096
1658,197541,12,197553
1659,197559,19,197578
1660,197720,6,197726
1661,197838,18,197856
1662,197920,11,197931
1663,198128,33,198161
1664,198162,17,198179
1665,198275,2,198277
1666,198291,69,198360
1667,198417,15,198432
1668,198616,5,198621
1669,198766,43,198809
1670,199222,20,199242
1671,199323,6,199329
1672,199349,18,199367
1673,199505,15,199520
1674,199540,13,199553
1675,199566,8,199574
1676,199588,11,199599
1677,199603,2,199605
1678,199762,4,199766
1679,199848,7,199855
1680,199998,32,200030
1681,200062,24,200086
1682,200180,1,200181
1683,200230,33,200263
1684,200347,57,200404
1685,200485,24,200509
1686,200526,63,200589
1687,200638,11,200649
1688,200670,33,200703
1689,200710,16,200726
1690,200761,101,200862
1691,200929,7,200936
1692,200956,25,200981
1693,201167,6,201173
1694,201248,15,201263
1695,201376,7,201383
1696,201556,6,201562
1697,201714,29,201743
1698,201795,10,201805
1699,202366,7,202373
1700,202723,10,202733
1701,202822,2,202824
1702,202984,16,203000
1703,203122,10,203132
1704,203321,31,203352
1705,203524,6,203530
1706,203607,40,203647
1707,203693,1,203694
1708,203886,55,203941
1709,204102,35,204137
1710,204341,22,204363
1711,204942,11,204953
1712,204972,66,205038
1713,205146,1,205147
1714,205240,39,205279
1715,205306,85,205391
1716,205542,4,205546
1717,205925,5,205930
1718,206160,14,206174
1719,206182,13,206195
1720,206326,12,206338
1721,206543,7,206550
1722,206670,8,206678
1723,206690,20,206710
1724,206745,27,206772
1725,206836,19,206855
1726,206873,12,206885
1727,207320,4,207324
1728,207334,3,207337
1729,207344,7,207351
1730,207368,16,207384
1731,207531,26,207557
1732,207621,62,207683
1733,207829,32,207861
1734,207879,8,207887
1735,207893,33,207926
1736,208089,30,208119
1737,208141,17,208158
1738,208220,16,208236
1739,208263,89,208352
1740,208475,29,208504
1741,208564,11,208575
1742,208693,16,208709
1743,208710,3,208713
1744,208721,7,208728
1745,208766,1,208767
1746,208808,13,208821
1747,208845,2,208847
1748,208917,4,208921
1749,209031,7,209038
1750,209124,36,209160
1751,209386,10,209396
1752,209403,51,209454
1753,209549,32,209581
1754,209585,88,209673
1755,209743,7,209750
1756,209883,1,209884
1757,210124,10,210134
1758,210138,7,210145
1759,210225,30,210255
1760,210262,4,210266
1761,210309,7,210316
1762,210547,12,210559
1763,210637,23,210660
1764,210696,1,210697
1765,210717,36,210753
1766,210764,36,210800
1767,210886,22,210908
1768,211016,2,211018
1769,211049,3,211052
1770,211086,25,211111
1771,211302,6,211308
1772,211421,52,211473
1773,211960,49,212009
1774,212303,17,212320
1775,212321,14,212335
1776,212394,18,212412
1777,212439,8,212447
1778,212460,30,212490
1779,212502,51,212553
1780,212584,6,212590
1781,212731,18,212749
1782,212783,30,212813
1783,212871,13,212884
1784,212909,9,212918
1785,213076,15,213091
1786,213190,3,213193
1787,213357,26,213383
1788,213460,12,213472
1789,213600,17,213617
1790,213674,1,213675
1791,213709,10,213719
1792,213807,2,213809
1793,213977,21,213998
1794,214014,17,214031
1795,214113,53,214166
1796,214200,5,214205
1797,214271,10,214281
1798,214582,13,214595
1799,214648,10,214658
1800,214774,23,214797
1801,214840,13,214853
1802,214883,37,214920
1803,215025,5,215030
1804,215110,12,215122
1805,215127,4,215131
1806,215273,19,215292
1807,215451,3,215454
1808,215456,27,215483
1809,215521,6,215527
1810,215615,50,215665
1811,215680,38,215718
1812,215750,22,215772
1813,215790,13,215803
1814,216029,18,216047
1815,216198,33,216231
1816,216289,5,216294
1817,216424,13,216437
1818,216477,26,216503
1819,216539,3,216542
1820,216559,3,216562
1821,216564,10,216574
1822,216727,5,216732
1823,216850,29,216879
1824,217142,66,217208
1825,217218,10,217228
1826,217231,17,217248
1827,217286,5,217291
1828,217322,2,217324
1829,217351,8,217359
1830,217410,31,217441
1831,217701,3,217704
1832,217958,11,217969
1833,218002,21,218023
1834,218141,21,218162
1835,218213,4,218217
1836,218222,5,218227
1837,218432,27,218459
1838,218472,6,218478
1839,218580,4,218584
1840,218693,17,218710
1841,218799,35,218834
1842,218844,9,218853
1843,218862,20,218882
1844,219148,16,219164
1845,219222,11,219233
1846,219287,3,219290
1847,219304,3,219307
1848,219357,10,219367
1849,219472,72,219544
1850,219593,12,219605
1851,219722,13,219735
1852,219770,3,219773
1853,219889,3,219892
1854,219912,38,219950
1855,220043,15,220058
1856,220179,33,220212
1857,220533,28,220561
1858,220599,1,220600
1859,220652,14,220666
1860,220678,27,220705
1861,220716,19,220735
1862,220800,1,220801
1863,220820,39,220859
1864,220973,7,220980
1865,221077,13,221090
1866,221283,7,221290
1867,221388,12,221400
1868,221447,3,221450
1869,221510,22,221532
1870,221569,5,221574
1871,221632,27,221659
1872,221773,20,221793
1873,221813,15,221828
1874,221871,22,221893
1875,222008,5,222013
1876,222165,5,222170
1877,222330,30,222360
1878,222446,4,222450
1879,222454,5,222459
1880,222884,84,222968
1881,223026,37,223063
1882,223194,14,223208
1883,223233,7,223240
1884,223349,32,223381
1885,223449,10,223459
1886,223648,27,223675
1887,223795,46,223841
1888,223898,26,223924
1889,223978,8,223986
1890,223995,8,224003
1891,224084,52,224136
1892,224174,47,224221
1893,224230,22,224252
1894,224450,5,224455
1895,224548,18,224566
1896,224616,24,224640
1897,224768,66,224834
1898,224868,1,224869
1899,224932,17,224949
1900,225101,37,225138
1901,225140,19,225159
1902,225227,43,225270
1903,225394,16,225410
1904,225460,37,225497
1905,225589,21,225610
1906,225865,7,225872
1907,226031,15,226046
1908,226078,8,226086
1909,226107,1,226108
1910,226153,18,226171
1911,226242,18,226260
1912,226388,1,226389
1913,226576,6,226582
1914,226717,50,226767
1915,226908,4,226912
1916,226919,39,226958
1917,226994,5,226999
1918,227117,53,227170
1919,227196,38,227234
1920,227296,20,227316
1921,227690,10,227700
1922,227851,21,227872
1923,228066,17,228083
1924,228362,23,228385
1925,228410,6,228416
1926,228677,7,228684
1927,228982,6,228988
1928,229095,12,229107
1929,229127,3,229130
1930,229158,15,229173
1931,229502,4,229506
1932,229580,28,229608
1933,229942,4,229946
1934,230155,13,230168
1935,230265,46,230311
1936,230374,14,230388
1937,230426,12,230438
1938,230446,5,230451
1939,230678,2,230680
1940,230798,2,230800
1941,230880,9,230889
1942,231131,12,231143
1943,231333,19,231352
1944,231400,14,231414
1945,231555,20,231575
1946,231741,21,231762
1947,231871,3,231874
1948,232156,6,232162
1949,232295,1,232296
1950,232637,88,232725
1951,232740,24,232764
1952,232897,1,232898
1953,232955,54,233009
1954,233221,4,233225
1955,233319,13,233332
1956,233533,35,233568
1957,233664,1,233665
1958,233700,27,233727
1959,233862,54,233916
1960,234021,12,234033
1961,234096,27,234123
1962,234516,5,234521
1963,234616,7,234623
1964,234638,19,234657
1965,234688,7,234695
1966,234775,8,234783
1967,234944,1,234945
1968,235011,27,235038
1969,235172,5,235177
1970,235286,78,235364
1971,235374,5,235379
1972,235396,1,235397
1973,235540,14,235554
1974,235652,4,235656
1975,235849,20,235869
1976,236075,2,236077
1977,236238,29,236267
1978,236567,21,236588
1979,236698,8,236706
1980,236931,12,236943
1981,236955,8,236963
1982,237000,51,237051
1983,237075,10,237085
1984,237086,13,237099
1985,237112,85,237197
1986,237614,15,237629
1987,237747,9,237756
1988,237766,83,237849
1989,238040,77,238117
1990,238157,1,238158
1991,238159,16,238175
1992,238216,29,238245
1993,238304,14,238318
1994,238349,5,238354
1995,238444,77,238521
1996,238673,46,238719
1997,238758,5,238763
1998,238866,10,238876
1999,238956,3,238959
2000,238996,5,239001
2001,239061,4,239065
2002,239248,37,239285
2003,239370,10,239380
2004,239537,39,239576
2005,239650,2,239652
2006,239714,53,239767
2007,239778,2,239780
2008,239786,14,239800
2009,239810,14,239824
2010,239941,26,239967
2011,240210,13,240223
2012,240313,19,240332
2013,240365,47,240412
2014,240490,16,240506
2015,240581,14,240595
2016,240608,4,240612
2017,240614,24,240638
2018,240678,3,240681
2019,240743,18,240761
2020,240837,20,240857
2021,240971,41,241012
2022,241092,11,241103
2023,241269,10,241279
2024,241483,107,241590
2025,241632,11,241643
2026,241741,13,241754
2027,241771,4,241775
2028,241880,34,241914
2029,241935,20,241955
2030,242068,4,242072
2031,242621,7,242628
2032,242637,1,242638
2033,242875,38,242913
2034,242943,9,242952
2035,243057,5,243062
2036,243074,12,243086
2037,243103,47,243150
2038,243364,4,243368
2039,243423,23,243446
2040,243552,20,243572
2041,243716,11,243727
2042,243729,35,243764
2043,243960,33,243993
2044,243998,5,244003
2045,244194,26,244220
2046,244222,35,244257
2047,244433,31,244464
2048,244498,25,244523
2049,244534,34,244568
2050,244590,10,244600
2051,244628,4,244632
2052,244668,69,244737
2053,244755,23,244778
2054,244912,1,244913
2055,245200,42,245242
2056,245329,11,245340
2057,245342,60,245402
2058,245441,3,245444
2059,245464,53,245517
2060,245640,4,245644
2061,245650,22,245672
2062,245920,25,245945
2063,246023,23,246046
2064,246091,41,246132
2065,246303,11,246314
2066,246382,5,246387
2067,246457,32,246489
2068,246499,41,246540
2069,246595,4,246599
2070,246709,32,246741
2071,246832,12,246844
2072,247065,21,247086
2073,247251,25,247276
2074,247304,3,247307
2075,247470,12,247482
2076,247496,10,247506
2077,247535,43,247578
2078,247640,15,247655
2079,247774,10,247784
2080,247923,20,247943
2081,247980,25,248005
2082,248053,15,248068
2083,248247,21,248268
2084,248283,50,248333
2085,248347,23,248370
2086,248397,16,248413
2087,248536,13,248549
2088,248684,3,248687
2089,249002,6,249008
2090,249053,6,249059
2091,249327,87,249414
2092,249478,1,249479
2093,249524,42,249566
2094,249742,39,249781
2095,249811,9,249820
2096,249858,85,249943
2097,250005,19,250024
2098,250025,38,250063
2099,250097,4,250101
2100,250157,6,250163
2101,250342,19,250361
2102,250485,20,250505
2103,250521,55,250576
2104,250801,12,250813
2105,250992,6,250998
2106,251124,4,251128
2107,251184,2,251186
2108,251234,5,251239
2109,251363,8,251371
2110,251469,28,251497
2111,251525,17,251542
2112,251560,15,251575
2113,251823,1,251824
2114,252095,37,252132
2115,252170,54,252224
2116,252375,4,252379
2117,252447,15,252462
2118,252573,7,252580
2119,252653,71,252724
2120,252982,46,253028
2121,253068,12,253080
2122,253415,1,253416
2123,253508,45,253553
2124,253732,19,253751
2125,253778,11,253789
2126,254003,12,254015
2127,254136,7,254143
2128,254223,4,254227
2129,254229,8,254237
2130,254246,18,254264
2131,254507,17,254524
2132,254543,41,254584
2133,254750,27,254777
2134,254800,42,254842
2135,255259,18,255277
2136,255350,8,255358
2137,255522,1,255523
2138,255573,20,255593
2139,256135,28,256163
2140,256203,43,256246
2141,256443,59,256502
2142,256546,3,256549
2143,256730,5,256735
2144,256793,26,256819
2145,256856,60,256916
2146,256941,9,256950
2147,257050,18,257068
2148,257071,51,257122
2149,257230,16,257246
2150,257278,10,257288
2151,257516,6,257522
2152,257624,3,257627
2153,257628,52,257680
2154,257713,29,257742
2155,257777,1,257778
2156,257814,24,257838
2157,257912,21,257933
2158,257970,60,258030
2159,258032,41,258073
2160,258102,42,258144
2161,258245,13,258258
2162,258270,4,258274
2163,258381,6,258387
2164,258520,10,258530
2165,258599,15,258614
2166,258847,85,258932
2167,258937,13,258950
2168,258976,3,258979
2169,259305,15,259320
2170,259336,22,259358
2171,259371,10,259381
2172,259387,2,259389
2173,259411,19,259430
2174,259436,11,259447
2175,259479,50,259529
2176,259704,36,259740
2177,259929,6,259935
2178,260231,28,260259
2179,260287,24,260311
2180,260444,12,260456
2181,260524,3,260527
2182,261067,8,261075
2183,261417,8,261425
2184,261449,10,261459
2185,261673,46,261719
2186,261745,3,261748
2187,261921,5,261926
2188,262038,62,262100
2189,262230,18,262248
2190,262494,13,262507
2191,262720,18,262738
2192,262946,38,262984
2193,263382,37,263419
2194,263497,45,263542
2195,263642,1,263643
2196,264141,20,264161
2197,264196,20,264216
2198,264241,19,264260
2199,264274,19,264293
2200,264362,39,264401
2201,264483,2,264485
2202,264593,18,264611
2203,264668,26,264694
2204,264709,24,264733
2205,264921,22,264943
2206,264969,2,264971
2207,265167,4,265171
2208,265173,18,265191
2209,265220,16,265236
2210,265270,9,265279
2211,265647,8,265655
2212,265674,6,265680
2213,265831,7,265838
2214,265842,14,265856
2215,265987,23,266010
2216,266047,11,266058
2217,266083,5,266088
2218,266101,8,266109
2219,266322,21,266343
2220,266379,17,266396
2221,266508,9,266517
2222,266667,9,266676
2223,266706,19,266725
2224,266727,9,266736
2225,266744,2,266746
2226,266754,29,266783
2227,267170,16,267186
2228,267512,11,267523
2229,267706,14,267720
2230,267805,11,267816
2231,267821,10,267831
2232,268093,33,268126
2233,268540,13,268553
2234,268686,18,268704
2235,268856,1,268857
2236,268895,10,268905
2237,269016,57,269073
2238,269153,22,269175
2239,269199,1,269200
2240,269240,5,269245
2241,269422,18,269440
2242,269561,16,269577
2243,269700,14,269714
2244,269750,43,269793
2245,269947,58,270005
2246,270035,1,270036
2247,270054,34,270088
2248,270112,21,270133
2249,270188,1,270189
2250,270373,2,270375
2251,270528,23,270551
2252,270739,13,270752
2253,270829,22,270851
2254,271414,65,271479
2255,271506,36,271542
2256,271620,6,271626
2257,271748,14,271762
2258,271827,38,271865
2259,271894,86,271980
2260,272029,15,272044
2261,272087,30,272117
2262,272183,13,272196
2263,272215,4,272219
2264,272292,1,272293
2265,272576,1,272577
2266,272645,10,272655
2267,272843,56,272899
2268,272971,5,272976
2269,273017,30,273047
2270,273166,15,273181
2271,273197,28,273225
2272,273361,112,273473
2273,274026,5,274031
2274,274090,21,274111
2275,274294,5,274299
2276,274373,33,274406
2277,274472,27,274499
2278,274504,17,274521
2279,274599,44,274643
2280,274731,9,274740
2281,274846,9,274855
2282,274876,23,274899
2283,274915,35,274950
2284,274997,37,275034
2285,275036,49,275085
2286,275246,20,275266
2287,275486,19,275505
2288,275615,8,275623
2289,275823,17,275840
2290,275963,18,275981
2291,276176,16,276192
2292,276331,13,276344
2293,276462,11,276473
2294,276494,11,276505
2295,277011,26,277037
2296,277070,16,277086
2297,277587,10,277597
2298,277773,47,277820
2299,277835,8,277843
2300,278051,86,278137
2301,278176,12,278188
2302,278528,2,278530
2303,278567,4,278571
2304,278806,39,278845
2305,278981,55,279036
2306,279151,50,279201
2307,279358,8,279366
2308,279436,32,279468
2309,279495,6,279501
2310,279542,19,279561
2311,279683,3,279686
2312,279734,36,279770
2313,279822,14,279836
2314,279844,25,279869
2315,279928,1,279929
2316,280278,25,280303
2317,280367,18,280385
2318,280459,37,280496
2319,280591,33,280624
2320,280691,38,280729
2321,280811,2,280813
2322,280862,11,280873
2323,281168,21,281189
2324,281377,50,281427
2325,281848,1,281849
2326,281887,4,281891
2327,282225,28,282253
2328,282406,15,282421
2329,282683,14,282697
2330,282854,27,282881
2331,282966,15,282981
2332,283082,54,283136
2333,283261,42,283303
2334,283390,17,283407
2335,283496,3,283499
2336,283515,40,283555
2337,283556,38,283594
2338,283608,1,283609
2339,283615,10,283625
2340,283658,17,283675
2341,283692,55,283747
2342,283931,14,283945
2343,284071,16,284087
2344,284167,24,284191
2345,284420,24,284444
2346,284604,27,284631
2347,284660,18,284678
2348,284763,24,284787
2349,284827,1,284828
2350,284915,13,284928
2351,285170,2,285172
2352,285303,8,285311
2353,285320,45,285365
2354,285418,5,285423
2355,285473,1,285474
2356,285528,7,285535
2357,285537,3,285540
2358,285588,27,285615
2359,285851,34,285885
2360,285981,3,285984
2361,286091,4,286095
2362,286170,3,286173
2363,286181,7,286188
2364,286486,28,286514
2365,286724,8,286732
2366,286735,6,286741
2367,286857,42,286899
2368,286931,13,286944
2369,286983,21,287004
2370,287109,6,287115
2371,287175,2,287177
2372,287219,1,287220
2373,287241,11,287252
2374,287296,22,287318
2375,287435,2,287437
2376,287461,54,287515
2377,287555,6,287561
2378,287622,3,287625
2379,287706,41,287747
2380,287754,3,287757
2381,287821,3,287824
2382,287933,41,287974
2383,288067,46,288113
2384,288330,12,288342
2385,288420,25,288445
2386,288484,2,288486
2387,288497,13,288510
2388,288527,73,288600
2389,288614,12,288626
2390,288654,77,288731
2391,288792,3,288795
2392,288808,9,288817
2393,288825,61,288886
2394,288969,20,288989
2395,288990,14,289004
2396,289063,7,289070
2397,289153,15,289168
2398,289259,4,289263
2399,289359,19,289378
2400,289506,24,289530
2401,289647,13,289660
2402,289765,45,289810
2403,289970,17,289987
2404,289996,119,290115
2405,290122,2,290124
2406,290125,20,290145
2407,290188,45,290233
2408,290282,16,290298
2409,290316,27,290343
2410,290509,11,290520
2411,290594,49,290643
2412,290674,19,290693
2413,290766,14,290780
2414,291140,26,291166
2415,291210,7,291217
2416,291298,19,291317
2417,291360,10,291370
2418,291382,25,291407
2419,291548,17,291565
2420,291567,15,291582
2421,291660,2,291662
2422,291746,2,291748
2423,291851,14,291865
2424,292116,1,292117
2425,292283,2,292285
2426,292594,26,292620
2427,292623,3,292626
2428,292685,4,292689
2429,292702,31,292733
2430,292866,61,292927
2431,292949,14,292963
2432,293073,27,293100
2433,293168,8,293176
2434,293642,1,293643
2435,293673,35,293708
2436,293746,4,293750
2437,293773,17,293790
2438,293808,5,293813
2439,293906,19,293925
2440,293926,15,293941
2441,294078,1,294079
2442,294169,28,294197
2443,294332,2,294334
2444,294640,12,294652
2445,294660,13,294673
2446,294745,7,294752
2447,294756,9,294765
2448,294819,35,294854
2449,294884,26,294910
2450,295120,52,295172
2451,295186,19,295205
2452,295477,31,295508
2453,295557,38,295595
2454,295643,18,295661
2455,295662,3,295665
2456,295981,1,295982
2457,296040,19,296059
2458,296140,51,296191
2459,296353,12,296365
2460,296444,33,296477
2461,296485,35,296520
2462,296528,28,296556
2463,296655,6,296661
2464,296798,2,296800
2465,296891,22,296913
2466,296998,14,297012
2467,297098,64,297162
2468,297205,39,297244
2469,297383,3,297386
2470,297971,10,297981
2471,298137,2,298139
2472,298166,10,298176
2473,298179,22,298201
2474,298250,13,298263
2475,298387,16,298403
2476,298758,16,298774
2477,298883,27,298910
2478,298958,2,298960
2479,299028,5,299033
2480,299070,5,299075
2481,299140,12,299152
2482,299169,11,299180
2483,299370,7,299377
2484,299564,8,299572
2485,299927,13,299940
2486,299945,13,299958
2487,299978,13,299991
2488,300052,9,300061
2489,300088,10,300098
2490,300207,9,300216
2491,300281,2,300283
2492,300595,53,300648
2493,300649,33,300682
2494,300711,15,300726
2495,300804,9,300813
2496,300872,8,300880
2497,301113,19,301132
2498,301212,15,301227
2499,301442,46,301488
2500,301810,46,301856
2501,302065,12,302077
2502,302089,13,302102
2503,302288,4,302292
2504,302309,3,302312
2505,302418,21,302439
2506,302659,6,302665
2507,302928,1,302929
2508,302934,7,302941
2509,303026,41,303067
2510,303255,33,303288
2511,303364,36,303400
2512,303403,53,303456
2513,303498,35,303533
2514,303563,2,303565
2515,303589,54,303643
2516,303660,20,303680
2517,303764,8,303772
2518,303793,63,303856
2519,303882,42,303924
2520,304010,13,304023
2521,304045,3,304048
2522,304063,11,304074
2523,304076,13,304089
2524,304148,69,304217
2525,304366,35,304401
2526,304514,39,304553
2527,304596,18,304614
2528,304788,6,304794
2529,305003,4,305007
2530,305268,11,305279
2531,305334,26,305360
2532,305470,5,305475
2533,305692,15,305707
2534,305825,6,305831
2535,305904,31,305935
2536,305964,54,306018
2537,306159,4,306163
2538,306408,6,306414
2539,306432,3,306435
2540,306450,2,306452
2541,306478,11,306489
2542,306576,16,306592
2543,306604,54,306658
2544,306801,1,306802
2545,306844,5,306849
2546,306851,9,306860
2547,306944,7,306951
2548,307059,2,307061
2549,307434,25,307459
2550,307475,14,307489
2551,307754,8,307762
2552,307918,12,307930
2553,307968,7,307975
2554,308136,2,308138
2555,308184,8,308192
2556,308296,51,308347
2557,308353,14,308367
2558,308471,1,308472
2559,308728,10,308738
2560,308850,2,308852
2561,309080,32,309112
2562,309666,17,309683
2563,309694,8,309702
2564,309764,19,309783
2565,309832,8,309840
2566,309904,28,309932
2567,309935,2,309937
2568,309952,8,309960
2569,310017,5,310022
2570,310040,13,310053
2571,310092,26,310118
2572,310472,33,310505
2573,310572,2,310574
2574,310919,42,310961
2575,311018,4,311022
2576,311068,11,311079
2577,311165,2,311167
2578,311445,6,311451
2579,311600,5,311605
2580,311607,10,311617
2581,312027,30,312057
2582,312067,29,312096
2583,312102,1,312103
2584,312130,4,312134
2585,312458,9,312467
2586,312547,2,312549
2587,312678,19,312697
2588,312793,1,312794
2589,312954,12,312966
2590,312984,18,313002
2591,313277,17,313294
2592,313476,51,313527
2593,313582,18,313600
2594,313753,14,313767
2595,313769,11,313780
2596,313863,3,313866
2597,314276,18,314294
2598,314301,2,314303
2599,314501,88,314589
2600,314619,22,314641
2601,314852,7,314859
2602,315080,12,315092
2603,315123,6,315129
2604,315386,1,315387
2605,315537,31,315568
2606,315642,18,315660
2607,315667,17,315684
2608,315724,17,315741
2609,315788,9,315797
2610,315809,8,315817
2611,315978,5,315983
2612,316300,13,316313
2613,316584,31,316615
2614,316651,8,316659
2615,316686,3,316689
2616,316783,14,316797
2617,316868,27,316895
2618,316965,28,316993
2619,317101,10,317111
2620,317160,15,317175
2621,317235,33,317268
2622,317483,7,317490
2623,317526,7,317533
2624,317621,9,317630
2625,317815,23,317838
2626,317973,27,318000
2627,318055,26,318081
2628,318148,157,318305
2629,318527,16,318543
2630,318560,3,318563
2631,318659,22,318681
2632,318710,23,318733
2633,318761,10,318771
2634,318839,13,318852
2635,318941,65,319006
2636,319144,15,319159
2637,319178,2,319180
2638,319212,4,319216
2639,319247,43,319290
2640,319374,10,319384
2641,319394,5,319399
2642,319463,15,319478
2643,319597,40,319637
2644,319739,44,319783
2645,319945,9,319954
2646,319998,8,320006
2647,320180,3,320183
2648,320218,10,320228
2649,320242,65,320307
2650,320321,4,320325
2651,320448,16,320464
2652,320654,35,320689
2653,321039,9,321048
2654,321366,16,321382
2655,321681,34,321715
2656,321720,2,321722
2657,321899,7,321906
2658,321926,24,321950
2659,321956,9,321965
2660,322030,23,322053
2661,322059,29,322088
2662,322096,51,322147
2663,322187,15,322202
2664,322294,5,322299
2665,322325,4,322329
2666,322746,3,322749
2667,322887,19,322906
2668,322995,12,323007
2669,323046,11,323057
2670,323133,5,323138
2671,323237,10,323247
2672,323252,118,323370
2673,323476,1,323477
2674,323485,5,323490
2675,323536,36,323572
2676,323741,4,323745
2677,323880,16,323896
2678,323944,25,323969
2679,324036,4,324040
2680,324243,3,324246
2681,324304,37,324341
2682,324348,59,324407
2683,324554,29,324583
2684,325044,8,325052
2685,325152,9,325161
2686,325303,1,325304
2687,325375,8,325383
2688,325396,14,325410
2689,325480,2,325482
2690,325537,27,325564
2691,325657,14,325671
2692,325683,40,325723
2693,325839,5,325844
2694,326004,6,326010
2695,326132,2,326134
2696,326256,13,326269
2697,326318,26,326344
2698,326563,12,326575
2699,326928,15,326943
2700,326983,1,326984
2701,327309,5,327314
2702,327518,92,327610
2703,327620,14,327634
2704,327650,41,327691
2705,328050,5,328055
2706,328122,9,328131
2707,328224,6,328230
2708,328243,17,328260
2709,328274,10,328284
2710,328537,46,328583
2711,328595,5,328600
2712,328601,2,328603
2713,328689,32,328721
2714,328880,11,328891
2715,328989,26,329015
2716,329265,14,329279
2717,329294,27,329321
2718,329457,73,329530
2719,329547,1,329548
2720,329656,35,329691
2721,329832,33,329865
2722,329869,10,329879
2723,329894,13,329907
2724,329975,5,329980
2725,330081,9,330090
2726,330170,30,330200
2727,330337,13,330350
2728,330468,24,330492
2729,330714,8,330722
2730,330815,66,330881
2731,331010,14,331024
2732,331213,5,331218
2733,331241,15,331256
2734,331331,51,331382
2735,331422,2,331424
2736,331628,13,331641
2737,331743,23,331766
2738,331843,12,331855
2739,331863,19,331882
2740,332003,13,332016
2741,332104,29,332133
2742,332195,17,332212
2743,332288,6,332294
2744,332364,7,332371
2745,332430,23,332453
2746,332514,3,332517
2747,332525,1,332526
2748,332751,12,332763
2749,332816,39,332855
2750,332922,1,332923
2751,332968,1,332969
2752,333174,35,333209
2753,333274,11,333285
2754,333360,5,333365
2755,333556,36,333592
2756,333619,5,333624
2757,333660,17,333677
2758,333757,5,333762
2759,333790,21,333811
2760,333948,39,333987
2761,334120,27,334147
2762,334159,7,334166
2763,334375,13,334388
2764,334540,47,334587
2765,334647,2,334649
2766,334714,9,334723
2767,334754,13,334767
2768,334791,8,334799
2769,334919,2,334921
2770,335103,22,335125
2771,335192,19,335211
2772,335302,13,335315
2773,335354,1,335355
2774,335537,48,335585
2775,335659,15,335674
2776,335800,21,335821
2777,335971,3,335974
2778,336010,8,336018
2779,336126,29,336155
2780,336206,3,336209
2781,336237,8,336245
2782,336498,54,336552
2783,336589,1,336590
2784,336624,4,336628
2785,336633,11,336644
2786,336850,4,336854
2787,336884,18,336902
2788,337020,26,337046
2789,337214,7,337221
2790,337322,46,337368
2791,337384,11,337395
2792,337444,15,337459
2793,337574,2,337576
2794,337594,5,337599
2795,337656,13,337669
2796,337794,8,337802
2797,337936,69,338005
2798,338078,44,338122
2799,338137,18,338155
2800,338241,3,338244
2801,338300,15,338315
2802,338352,13,338365
2803,338378,32,338410
2804,338494,32,338526
2805,338661,6,338667
2806,338737,8,338745
2807,338818,5,338823
2808,339013,10,339023
2809,339034,39,339073
2810,339083,7,339090
2811,339255,14,339269
2812,339486,27,339513
2813,339723,20,339743
2814,339750,55,339805
2815,339950,5,339955
2816,340070,14,340084
2817,340105,3,340108
2818,340307,16,340323
2819,340396,4,340400
2820,340418,38,340456
2821,340476,1,340477
2822,340607,2,340609
2823,340674,23,340697
2824,340874,15,340889
2825,340948,11,340959
2826,341008,41,341049
2827,341065,4,341069
2828,341140,39,341179
2829,341184,101,341285
2830,341492,10,341502
2831,341514,28,341542
2832,341790,50,341840
2833,341844,8,341852
2834,341967,26,341993
2835,342094,12,342106
2836,342286,49,342335
2837,342427,32,342459
2838,342671,31,342702
2839,342803,5,342808
2840,342990,3,342993
2841,343062,24,343086
2842,343174,109,343283
2843,343523,16,343539
2844,343672,13,343685
2845,343743,5,343748
2846,343845,31,343876
2847,343966,24,343990
2848,344027,18,344045
2849,344254,29,344283
2850,344587,4,344591
2851,344602,19,344621
2852,344641,9,344650
2853,344657,32,344689
2854,344717,3,344720
2855,344903,12,344915
2856,345007,19,345026
2857,345034,118,345152
2858,345153,55,345208
2859,345240,11,345251
2860,345864,8,345872
2861,346018,26,346044
2862,346147,14,346161
2863,346232,5,346237
2864,346700,6,346706
2865,346714,47,346761
2866,346783,27,346810
2867,346852,34,346886
2868,346912,15,346927
2869,347020,47,347067
2870,347151,4,347155
2871,347449,28,347477
2872,347529,23,347552
2873,347637,19,347656
2874,347660,2,347662
2875,347860,13,347873
2876,347915,29,347944
2877,348078,24,348102
2878,348159,42,348201
2879,348329,1,348330
2880,348407,2,348409
2881,348528,3,348531
2882,348654,48,348702
2883,348715,10,348725
2884,349062,6,349068
2885,349071,6,349077
2886,349283,23,349306
2887,349637,2,349639
2888,349641,18,349659
2889,349662,7,349669
2890,349761,1,349762
2891,349780,1,349781
2892,349986,40,350026
2893,350053,44,350097
2894,350150,2,350152
2895,350178,13,350191
2896,350206,10,350216
2897,350314,11,350325
2898,350377,22,350399
2899,350413,43,350456
2900,350471,18,350489
2901,350567,33,350600
2902,350661,1,350662
2903,350696,10,350706
2904,350722,9,350731
2905,350836,21,350857
2906,350859,117,350976
2907,351045,1,351046
2908,351077,43,351120
2909,351210,60,351270
2910,351532,12,351544
2911,351604,18,351622
2912,351754,13,351767
2913,351877,8,351885
2914,352047,13,352060
2915,352081,30,352111
2916,352132,1,352133
2917,352186,26,352212
2918,352232,9,352241
2919,352282,6,352288
2920,352313,8,352321
2921,352359,35,352394
2922,352427,13,352440
2923,352714,33,352747
2924,352768,34,352802
2925,353095,11,353106
2926,353795,7,353802
2927,354104,4,354108
2928,354125,35,354160
2929,354251,5,354256
2930,354286,31,354317
2931,354359,28,354387
2932,354478,4,354482
2933,354738,35,354773
2934,354804,11,354815
2935,355059,2,355061
2936,355065,67,355132
2937,355140,33,355173
2938,355310,5,355315
2939,355618,10,355628
2940,355651,6,355657
2941,355790,45,355835
2942,355840,56,355896
2943,355930,16,355946
2944,356119,6,356125
2945,356193,11,356204
2946,356223,6,356229
2947,356272,10,356282
2948,356289,35,356324
2949,356378,11,356389
2950,356415,26,356441
2951,356616,1,356617
2952,356811,36,356847
2953,356903,4,356907
2954,356953,16,356969
2955,356975,18,356993
2956,357101,34,357135
2957,357140,27,357167
2958,357182,10,357192
2959,357294,34,357328
2960,357375,65,357440
2961,357524,3,357527
2962,357753,40,357793
2963,358070,4,358074
2964,358132,9,358141
2965,358190,2,358192
2966,358292,16,358308
2967,358812,29,358841
2968,358927,1,358928
2969,358981,23,359004
2970,359067,1,359068
2971,359122,34,359156
2972,359429,5,359434
2973,359701,12,359713
2974,359793,19,359812
2975,359859,1,359860
2976,359864,14,359878
2977,359948,50,359998
2978,360015,33,360048
2979,360049,43,360092
2980,360119,8,360127
2981,360224,6,360230
2982,360311,74,360385
2983,360422,2,360424
2984,360695,6,360701
2985,360786,8,360794
2986,360869,10,360879
2987,361056,48,361104
2988,361116,24,361140
2989,361148,12,361160
2990,361245,12,361257
2991,361500,15,361515
2992,361590,45,361635
2993,361900,7,361907
2994,361933,10,361943
2995,362097,36,362133
2996,362146,36,362182
2997,362194,29,362223
2998,362295,3,362298
2999,362435,29,362464
3000,362501,5,362506
3001,362563,62,362625
3002,362905,14,362919
3003,362965,11,362976
3004,363015,31,363046
3005,363182,8,363190
3006,363199,12,363211
3007,363377,25,363402
3008,363439,31,363470
3009,363495,12,363507
3010,363560,18,363578
3011,363643,24,363667
3012,363713,18,363731
3013,363833,24,363857
3014,363985,67,364052
3015,364125,13,364138
3016,364178,5,364183
3017,364470,14,364484
3018,364624,1,364625
3019,364666,14,364680
3020,364904,33,364937
3021,364962,26,364988
3022,364989,4,364993
3023,365002,23,365025
3024,365084,6,365090
3025,365148,29,365177
3026,365194,39,365233
3027,365307,9,365316
3028,365783,23,365806
3029,365878,10,365888
3030,365976,17,365993
3031,366018,56,366074
3032,366155,1,366156
3033,366279,39,366318
3034,366319,2,366321
3035,366502,9,366511
3036,366515,20,366535
3037,366614,3,366617
3038,366683,39,366722
3039,367067,8,367075
3040,367278,2,367280
3041,367651,3,367654
3042,367668,2,367670
3043,367794,29,367823
3044,367834,28,367862
3045,368026,54,368080
3046,368175,54,368229
3047,368288,4,368292
3048,368425,12,368437
3049,368607,38,368645
3050,368708,11,368719
3051,368731,1,368732
3052,368740,6,368746
3053,368766,32,368798
3054,368889,10,368899
3055,369142,20,369162
3056,369416,2,369418
3057,369635,9,369644
3058,369703,21,369724
3059,369779,9,369788
3060,369961,7,369968
3061,370236,15,370251
3062,370261,37,370298
3063,370331,1,370332
3064,370359,60,370419
3065,370571,18,370589
3066,370695,12,370707
3067,370822,15,370837
3068,370900,4,370904
3069,370907,22,370929
3070,371046,9,371055
3071,371334,9,371343
3072,371369,26,371395
3073,371577,6,371583
3074,371597,66,371663
3075,371759,60,371819
3076,371985,3,371988
3077,372073,15,372088
3078,372118,31,372149
3079,372457,4,372461
3080,372493,42,372535
3081,372619,9,372628
3082,372712,3,372715
3083,372796,13,372809
3084,372835,78,372913
3085,372968,19,372987
3086,373244,1,373245
3087,373395,11,373406
3088,373442,7,373449
3089,373460,5,373465
3090,373470,2,373472
3091,373481,24,373505
3092,373606,3,373609
3093,373622,83,373705
3094,373793,37,373830
3095,373911,13,373924
3096,373972,6,373978
3097,374022,5,374027
3098,374069,3,374072
3099,374084,8,374092
3100,374143,26,374169
3101,374235,11,374246
3102,374315,21,374336
3103,374387,8,374395
3104,374431,1,374432
3105,374600,21,374621
3106,374704,16,374720
3107,374864,10,374874
3108,374886,1,374887
3109,374920,9,374929
3110,374934,6,374940
3111,375033,29,375062
3112,375091,42,375133
3113,375331,26,375357
3114,375495,44,375539
3115,375628,69,375697
3116,375942,6,375948
3117,375962,14,375976
3118,376235,42,376277
3119,376315,58,376373
3120,376483,29,376512
3121,376567,4,376571
3122,376746,10,376756
3123,377111,2,377113
3124,377161,15,377176
3125,377231,38,377269
3126,377570,5,377575
3127,378029,21,378050
3128,378126,53,378179
3129,378341,44,378385
3130,378436,27,378463
3131,378639,23,378662
3132,378693,11,378704
3133,378874,21,378895
3134,379394,26,379420
3135,379498,46,379544
3136,379773,64,379837
3137,379871,3,379874
3138,380085,14,380099
3139,380107,14,380121
3140,380165,21,380186
3141,380244,2,380246
3142,380473,3,380476
3143,380490,24,380514
3144,380620,11,380631
3145,380771,4,380775
3146,380817,4,380821
3147,380874,1,380875
3148,380955,5,380960
3149,380976,19,380995
3150,381046,17,381063
3151,381463,25,381488
3152,381495,38,381533
3153,381580,5,381585
3154,381615,9,381624
3155,381667,4,381671
3156,381710,9,381719
3157,381796,30,381826
3158,381906,72,381978
3159,382003,12,382015
3160,382453,10,382463
3161,382567,1,382568
3162,382823,108,382931
3163,383128,10,383138
3164,383250,5,383255
3165,383286,32,383318
3166,383540,2,383542
3167,383619,7,383626
3168,383740,51,383791
3169,383846,4,383850
3170,384130,10,384140
3171,384265,21,384286
3172,384353,14,384367
3173,384428,4,384432
3174,384454,12,384466
3175,384531,13,384544
3176,384668,6,384674
3177,384721,14,384735
3178,384771,27,384798
3179,384820,8,384828
3180,384839,5,384844
3181,384888,2,384890
3182,385192,6,385198
3183,385338,5,385343
3184,385381,16,385397
3185,385406,124,385530
3186,385569,3,385572
3187,385652,13,385665
3188,385880,11,385891
3189,385999,19,386018
3190,386038,94,386132
3191,386161,19,386180
3192,386341,33,386374
3193,386464,24,386488
3194,386501,47,386548
3195,386553,2,386555
3196,386574,13,386587
3197,386707,3,386710
3198,386780,9,386789
3199,386990,5,386995
3200,387029,35,387064
3201,387131,27,387158
3202,387162,33,387195
3203,387317,7,387324
3204,387421,97,387518
3205,387553,1,387554
3206,387605,7,387612
3207,387622,47,387669
3208,387837,12,387849
3209,388078,94,388172
3210,388785,10,388795
3211,388824,32,388856
3212,389015,25,389040
3213,389151,5,389156
3214,389549,12,389561
3215,389622,16,389638
3216,389799,7,389806
3217,389835,11,389846
3218,389925,4,389929
3219,390035,3,390038
3220,390188,3,390191
3221,390256,6,390262
3222,390464,23,390487
3223,390565,8,390573
3224,390579,2,390581
3225,390598,3,390601
3226,390618,49,390667
3227,390729,61,390790
3228,390809,18,390827
3229,391098,4,391102
3230,391110,23,391133
3231,391288,6,391294
3232,391779,19,391798
3233,391915,8,391923
3234,392198,6,392204
3235,392292,11,392303
3236,392333,41,392374
3237,392419,4,392423
3238,392436,44,392480
3239,392488,7,392495
3240,392510,5,392515
3241,392521,16,392537
3242,392580,9,392589
3243,392616,2,392618
3244,392718,6,392724
3245,392797,17,392814
3246,392945,5,392950
3247,393033,5,393038
3248,393161,5,393166
3249,393293,58,393351
3250,393388,12,393400
3251,393626,5,393631
3252,393729,22,393751
3253,393757,38,393795
3254,393885,3,393888
3255,394017,19,394036
3256,394236,4,394240
3257,394403,25,394428
3258,394446,30,394476
3259,394670,4,394674
3260,394724,22,394746
3261,394789,15,394804
3262,394899,24,394923
3263,394990,31,395021
3264,395192,16,395208
3265,395225,6,395231
3266,395371,25,395396
3267,395434,1,395435
3268,395479,17,395496
3269,395625,17,395642
3270,395734,14,395748
3271,395754,51,395805
3272,395895,4,395899
3273,395968,6,395974
3274,396029,19,396048
3275,396089,5,396094
3276,396355,6,396361
3277,396414,12,396426
3278,396455,1,396456
3279,396458,4,396462
3280,396746,44,396790
3281,396858,27,396885
3282,396943,18,396961
3283,396983,12,396995
3284,397096,30,397126
3285,397137,82,397219
3286,397277,28,397305
3287,397319,23,397342
3288,397392,52,397444
3289,397476,28,397504
3290,397698,24,397722
3291,397761,27,397788
3292,398269,7,398276
3293,398299,60,398359
3294,398447,9,398456
3295,398707,8,398715
3296,398875,5,398880
3297,399150,13,399163
3298,399172,12,399184
3299,399200,19,399219
3300,399370,1,399371
3301,399542,1,399543
3302,399547,24,399571
3303,399591,2,399593
3304,399670,4,399674
3305,399839,86,399925
3306,399934,4,399938
3307,400206,5,400211
3308,400361,9,400370
3309,400396,39,400435
3310,400536,2,400538
3311,400584,14,400598
3312,400616,4,400620
3313,400647,13,400660
3314,400855,8,400863
3315,400921,2,400923
3316,400941,8,400949
3317,400997,9,401006
3318,401298,37,401335
3319,401417,6,401423
3320,401503,44,401547
3321,401571,32,401603
3322,401640,29,401669
3323,401848,3,401851
3324,402091,47,402138
3325,402300,8,402308
3326,402348,16,402364
3327,402554,10,402564
3328,402683,26,402709
3329,402744,12,402756
3330,402772,5,402777
3331,402793,13,402806
3332,402835,31,402866
3333,402909,49,402958
3334,403051,12,403063
3335,403125,9,403134
3336,403319,37,403356
3337,403373,47,403420
3338,403425,23,403448
3339,403627,3,403630
3340,403918,56,403974
3341,404044,7,404051
3342,404078,32,404110
3343,404151,8,404159
3344,404186,21,404207
3345,404413,32,404445
3346,404448,46,404494
3347,404555,33,404588
3348,404623,12,404635
3349,404724,37,404761
3350,404789,20,404809
3351,404810,3,404813
3352,404896,17,404913
3353,405075,4,405079
3354,405427,58,405485
3355,405494,6,405500
3356,405626,55,405681
3357,405697,10,405707
3358,405739,12,405751
3359,405789,50,405839
3360,405851,7,405858
3361,405995,29,406024
3362,406185,53,406238
3363,406276,2,406278
3364,406383,2,406385
3365,406461,23,406484
3366,406607,8,406615
3367,406731,20,406751
3368,406920,63,406983
3369,407059,32,407091
3370,407439,15,407454
3371,407537,18,407555
3372,407568,23,407591
3373,407607,10,407617
3374,407652,13,407665
3375,407675,34,407709
3376,407711,45,407756
3377,407880,34,407914
3378,408211,15,408226
3379,408235,17,408252
3380,408284,29,408313
3381,408347,51,408398
3382,408598,6,408604
3383,408656,22,408678
3384,408762,48,408810
3385,408942,39,408981
3386,409248,5,409253
3387,409370,28,409398
3388,409419,1,409420
3389,409546,37,409583
3390,409704,17,409721
3391,409849,9,409858
3392,409946,36,409982
3393,410106,14,410120
3394,410141,3,410144
3395,410527,10,410537
3396,410639,54,410693
3397,411019,37,411056
3398,411279,10,411289
3399,411402,74,411476
3400,411918,13,411931
3401,412069,4,412073
3402,412292,14,412306
3403,412496,22,412518
3404,412530,3,412533
3405,412664,21,412685
3406,412902,27,412929
3407,412935,23,412958
3408,413365,7,413372
3409,413530,21,413551
3410,413583,24,413607
3411,413714,17,413731
3412,413914,25,413939
3413,414020,9,414029
3414,414069,64,414133
3415,414190,5,414195
3416,414299,30,414329
3417,414336,1,414337
3418,414485,22,414507
3419,414576,1,414577
3420,414679,7,414686
3421,415133,51,415184
3422,415809,5,415814
3423,415839,4,415843
3424,415855,69,415924
3425,416060,11,416071
3426,416263,5,416268
3427,416404,28,416432
3428,416518,32,416550
3429,416569,6,416575
3430,416692,1,416693
3431,416867,11,416878
3432,416906,5,416911
3433,416922,2,416924
3434,417028,8,417036
3435,417079,1,417080
3436,417182,41,417223
3437,417251,7,417258
3438,417361,10,417371
3439,417418,2,417420
3440,417462,3,417465
3441,417477,47,417524
3442,417588,12,417600
3443,417661,38,417699
3444,417742,13,417755
3445,417759,35,417794
3446,417900,1,417901
3447,417934,7,417941
3448,417951,16,417967
3449,418066,20,418086
3450,418202,31,418233
3451,418250,6,418256
3452,418524,2,418526
3453,418700,12,418712
3454,419149,17,419166
3455,419257,8,419265
3456,419285,6,419291
3457,419553,20,419573
3458,419766,9,419775
3459,419843,35,419878
3460,419901,9,419910
3461,420135,24,420159
3462,420260,17,420277
3463,420471,6,420477
3464,420894,16,420910
3465,421036,34,421070
3466,421157,23,421180
3467,421390,31,421421
3468,421477,40,421517
3469,421569,1,421570
3470,421834,17,421851
3471,421896,18,421914
3472,422028,21,422049
3473,422070,29,422099
3474,422215,6,422221
3475,422233,55,422288
3476,422389,63,422452
3477,422571,7,422578
3478,422605,4,422609
3479,422765,19,422784
3480,423017,18,423035
3481,423052,26,423078
3482,423095,7,423102
3483,423185,6,423191
3484,423208,9,423217
3485,423348,6,423354
3486,423421,2,423423
3487,423464,25,423489
3488,423672,10,423682
3489,423693,26,423719
3490,423751,4,423755
3491,423818,49,423867
3492,423980,11,423991
3493,424114,21,424135
3494,424209,18,424227
3495,424273,13,424286
3496,424308,10,424318
3497,424564,21,424585
3498,424651,2,424653
3499,424756,4,424760
3500,424763,5,424768
3501,424907,41,424948
3502,425211,14,425225
3503,425354,17,425371
3504,425677,88,425765
3505,425915,27,425942
3506,425962,21,425983
3507,426111,19,426130
3508,426205,23,426228
3509,426442,16,426458
3510,426506,2,426508
3511,426561,3,426564
3512,426576,12,426588
3513,426712,7,426719
3514,426934,29,426963
3515,427088,44,427132
3516,427227,11,427238
3517,427383,45,427428
3518,427435,2,427437
3519,427520,1,427521
3520,427627,64,427691
3521,427839,15,427854
3522,427996,21,428017
3523,428068,39,428107
3524,428160,66,428226
3525,428305,23,428328
3526,428373,2,428375
3527,428508,8,428516
3528,428738,10,428748
3529,428973,23,428996
3530,429033,61,429094
3531,429126,37,429163
3532,429233,8,429241
3533,429259,13,429272
3534,429296,10,429306
3535,429335,45,429380
3536,429402,3,429405
3537,429617,20,429637
3538,429646,7,429653
3539,429684,55,429739
3540,430037,7,430044
3541,430054,13,430067
3542,430082,20,430102
3543,430274,11,430285
3544,430330,10,430340
3545,430463,1,430464
3546,430519,53,430572
3547,430619,1,430620
3548,430675,2,430677
3549,430727,21,430748
3550,431026,12,431038
3551,431318,6,431324
3552,431405,1,431406
3553,431631,34,431665
3554,431672,6,431678
3555,431837,5,431842
3556,431994,1,431995
3557,432046,4,432050
3558,432052,5,432057
3559,432146,105,432251
3560,432252,1,432253
3561,432304,2,432306
3562,432310,9,432319
3563,432360,1,432361
3564,432401,4,432405
3565,432516,8,432524
3566,432575,11,432586
3567,432608,2,432610
3568,432700,1,432701
3569,432704,3,432707
3570,432880,35,432915
3571,433156,4,433160
3572,433169,38,433207
3573,433319,23,433342
3574,433419,17,433436
3575,433471,19,433490
3576,434063,8,434071
3577,434211,41,434252
3578,434296,4,434300
3579,434566,33,434599
3580,434617,6,434623
3581,434742,24,434766
3582,434809,18,434827
3583,434919,1,434920
3584,434957,51,435008
3585,435023,13,435036
3586,435260,8,435268
3587,435299,41,435340
3588,435583,2,435585
3589,435659,2,435661
3590,435786,55,435841
3591,435954,11,435965
3592,436020,16,436036
3593,436059,26,436085
3594,436221,20,436241
3595,436640,4,436644
3596,436680,10,436690
3597,436723,19,436742
3598,436835,5,436840
3599,436966,8,436974
3600,437259,3,437262
3601,437507,54,437561
3602,437666,9,437675
3603,437783,12,437795
3604,437805,12,437817
3605,438104,25,438129
3606,438242,24,438266
3607,438679,6,438685
3608,438689,6,438695
3609,438782,10,438792
3610,438802,50,438852
3611,438866,12,438878
3612,439056,60,439116
3613,439208,19,439227
3614,439258,47,439305
3615,439352,13,439365
3616,439545,13,439558
3617,439572,24,439596
3618,439803,95,439898
3619,439990,32,440022
3620,440091,3,440094
3621,440171,3,440174
3622,440257,7,440264
3623,440304,4,440308
3624,440422,16,440438
3625,440485,26,440511
3626,440642,25,440667
3627,440707,8,440715
3628,440746,2,440748
3629,440864,13,440877
3630,441010,46,441056
3631,441148,8,441156
3632,441308,1,441309
3633,441317,13,441330
3634,441623,52,441675
3635,441698,35,441733
3636,441774,21,441795
3637,441930,10,441940
3638,442044,8,442052
3639,442131,41,442172
3640,442336,3,442339
3641,442439,5,442444
3642,442489,41,442530
3643,442666,21,442687
3644,442745,1,442746
3645,442828,79,442907
3646,442927,22,442949
3647,443243,70,443313
3648,443478,17,443495
3649,444061,7,444068
3650,444136,25,444161
3651,444212,33,444245
3652,444390,26,444416
3653,444438,6,444444
3654,444695,44,444739
3655,445070,17,445087
3656,445399,8,445407
3657,445421,17,445438
3658,445565,54,445619
3659,445633,1,445634
3660,445721,9,445730
3661,445768,12,445780
3662,445813,55,445868
3663,446047,31,446078
3664,446084,17,446101
3665,446156,7,446163
3666,446173,86,446259
3667,446540,24,446564
3668,446663,7,446670
3669,446711,40,446751
3670,446790,25,446815
3671,446962,21,446983
3672,446987,2,446989
3673,447019,4,447023
3674,447092,18,447110
3675,447269,3,447272
3676,447285,1,447286
3677,447293,8,447301
3678,447320,12,447332
3679,447842,19,447861
3680,447929,11,447940
3681,448043,8,448051
3682,448123,20,448143
3683,448434,5,448439
3684,448601,13,448614
3685,448679,22,448701
3686,448823,23,448846
3687,449011,21,449032
3688,449169,2,449171
3689,449705,24,449729
3690,449747,19,449766
3691,449830,4,449834
3692,449899,48,449947
3693,450040,21,450061
3694,450094,6,450100
3695,450220,24,450244
3696,450251,7,450258
3697,450340,20,450360
3698,450389,59,450448
3699,450509,8,450517
3700,450520,5,450525
3701,450667,4,450671
3702,450688,4,450692
3703,450704,1,450705
3704,451005,4,451009
3705,451027,8,451035
3706,451099,5,451104
3707,451214,2,451216
3708,451269,27,451296
3709,451449,6,451455
3710,451487,4,451491
3711,451517,10,451527
3712,451615,21,451636
3713,451698,18,451716
3714,451718,3,451721
3715,451772,8,451780
3716,451789,1,451790
3717,451891,15,451906
3718,452017,9,452026
3719,452054,123,452177
3720,452194,6,452200
3721,452364,5,452369
3722,452517,9,452526
3723,452537,38,452575
3724,452782,22,452804
3725,452884,28,452912
3726,452927,8,452935
3727,452939,4,452943
3728,453086,1,453087
3729,453095,68,453163
3730,453254,15,453269
3731,453375,14,453389
3732,453420,5,453425
3733,453432,23,453455
3734,453526,5,453531
3735,453630,22,453652
3736,454080,1,454081
3737,454109,1,454110
3738,454142,4,454146
3739,454264,25,454289
3740,454326,17,454343
3741,454491,2,454493
3742,454590,8,454598
3743,454699,18,454717
3744,454737,148,454885
3745,455095,17,455112
3746,455163,14,455177
3747,455328,6,455334
3748,455413,14,455427
3749,455428,37,455465
3750,455582,29,455611
3751,455913,22,455935
3752,455979,12,455991
3753,456190,1,456191
3754,456251,43,456294
3755,456315,7,456322
3756,456335,23,456358
3757,456457,15,456472
3758,456516,7,456523
3759,456716,19,456735
3760,457186,20,457206
3761,457228,2,457230
3762,457231,31,457262
3763,457361,16,457377
3764,457487,18,457505
3765,457522,1,457523
3766,457693,3,457696
3767,457726,10,457736
3768,457772,1,457773
3769,457952,7,457959
3770,457999,2,458001
3771,458053,4,458057
3772,458087,21,458108
3773,458193,2,458195
3774,458553,1,458554
3775,458579,24,458603
3776,458632,10,458642
3777,458740,28,458768
3778,458771,4,458775
3779,458800,113,458913
3780,458922,30,458952
3781,459003,7,459010
3782,459116,6,459122
3783,459244,39,459283
3784,459435,45,459480
3785,459486,22,459508
3786,459544,3,459547
3787,459826,3,459829
3788,459871,7,459878
3789,459880,4,459884
3790,459916,10,459926
3791,459948,13,459961
3792,460329,17,460346
3793,460478,2,460480
3794,460644,11,460655
3795,460679,71,460750
3796,460787,3,460790
3797,460845,9,460854
3798,460932,10,460942
3799,461028,23,461051
3800,461111,3,461114
3801,461144,22,461166
3802,461287,11,461298
3803,461361,39,461400
3804,461460,1,461461
3805,461486,4,461490
3806,461727,29,461756
3807,461769,10,461779
3808,461933,34,461967
3809,462025,13,462038
3810,462240,9,462249
3811,462349,33,462382
3812,462554,44,462598
3813,462600,20,462620
3814,462621,32,462653
3815,462792,4,462796
3816,462890,20,462910
3817,463018,13,463031
3818,463072,2,463074
3819,463145,69,463214
3820,463238,17,463255
3821,463382,16,463398
3822,463444,20,463464
3823,463468,4,463472
3824,463642,12,463654
3825,463821,2,463823
3826,463826,6,463832
3827,463843,60,463903
3828,464279,6,464285
3829,464570,49,464619
3830,464933,14,464947
3831,464993,11,465004
3832,465163,24,465187
3833,465239,5,465244
3834,465258,4,465262
3835,465353,26,465379
3836,465434,44,465478
3837,465487,8,465495
3838,465665,45,465710
3839,465858,23,465881
3840,466013,36,466049
3841,466117,17,466134
3842,466210,14,466224
3843,466252,12,466264
3844,466281,7,466288
3845,466445,17,466462
3846,466477,8,466485
3847,466533,14,466547
3848,466561,8,466569
3849,466725,14,466739
3850,466763,14,466777
3851,466846,35,466881
3852,466889,2,466891
3853,467306,10,467316
3854,467417,28,467445
3855,467474,3,467477
3856,467539,44,467583
3857,467587,36,467623
3858,467666,6,467672
3859,467715,4,467719
3860,467809,16,467825
3861,467926,3,467929
3862,468346,44,468390
3863,468446,4,468450
3864,468529,36,468565
3865,468579,2,468581
3866,468612,23,468635
3867,468751,5,468756
3868,468801,4,468805
3869,468971,11,468982
3870,468992,5,468997
3871,469169,20,469189
3872,469203,11,469214
3873,469249,2,469251
3874,469313,4,469317
3875,469439,28,469467
3876,469496,10,469506
3877,469531,25,469556
3878,469591,31,469622
3879,469719,20,469739
3880,469762,12,469774
3881,469962,11,469973
3882,470105,16,470121
3883,470135,18,470153
3884,470260,18,470278
3885,470305,95,470400
3886,470471,32,470503
3887,470505,4,470509
3888,470543,94,470637
3889,470760,32,470792
3890,470847,8,470855
3891,470882,9,470891
3892,470957,37,470994
3893,471117,10,471127
3894,471250,28,471278
3895,471317,15,471332
3896,471338,1,471339
3897,471474,34,471508
3898,471509,48,471557
3899,471639,13,471652
3900,471717,4,471721
3901,471796,40,471836
3902,471938,1,471939
3903,472013,26,472039
3904,472120,21,472141
3905,472343,33,472376
3906,472386,60,472446
3907,472556,9,472565
3908,472657,7,472664
3909,472696,8,472704
3910,472893,23,472916
3911,472990,20,473010
3912,473032,4,473036
3913,473130,1,473131
3914,473142,6,473148
3915,473178,18,473196
3916,473422,17,473439
3917,473476,42,473518
3918,473523,10,473533
3919,473576,85,473661
3920,473806,25,473831
3921,473875,29,473904
3922,474080,29,474109
3923,474303,7,474310
3924,474313,27,474340
3925,474378,17,474395
3926,474432,23,474455
3927,474669,16,474685
3928,474730,14,474744
3929,474831,61,474892
3930,474912,9,474921
3931,475003,33,475036
3932,475093,1,475094
3933,475129,5,475134
3934,475171,10,475181
3935,475296,18,475314
3936,475339,11,475350
3937,475422,41,475463
3938,475485,7,475492
3939,475554,5,475559
3940,475583,13,475596
3941,475607,20,475627
3942,475656,13,475669
3943,475673,1,475674
3944,475857,15,475872
3945,475965,9,475974
3946,476098,22,476120
3947,476122,10,476132
3948,476271,54,476325
3949,476330,8,476338
3950,476473,25,476498
3951,476597,5,476602
3952,476632,19,476651
3953,476756,7,476763
3954,476795,11,476806
3955,476965,34,476999
3956,477119,3,477122
3957,477140,16,477156
3958,477191,2,477193
3959,477652,24,477676
3960,477685,9,477694
3961,477771,1,477772
3962,477782,21,477803
3963,477897,24,477921
3964,477948,20,477968
3965,478012,20,478032
3966,478052,35,478087
3967,478177,19,478196
3968,478203,19,478222
3969,478223,36,478259
3970,478339,19,478358
3971,478667,19,478686
3972,478811,4,478815
3973,479250,2,479252
3974,479462,6,479468
3975,479551,20,479571
3976,479631,25,479656
3977,479842,3,479845
3978,479891,14,479905
3979,479906,23,479929
3980,480025,42,480067
3981,480125,53,480178
3982,480252,4,480256
3983,480390,48,480438
3984,480443,5,480448
3985,480459,14,480473
3986,480703,36,480739
3987,480778,1,480779
3988,480844,21,480865
3989,480924,40,480964
3990,481000,4,481004
3991,481144,11,481155
3992,481236,3,481239
3993,481272,1,481273
3994,481283,24,481307
3995,481350,44,481394
3996,481409,10,481419
3997,481514,20,481534
3998,481580,3,481583
3999,481766,87,481853
4000,481862,4,481866
4001,481885,13,481898
4002,482066,60,482126
4003,482227,3,482230
4004,482275,76,482351
4005,482395,5,482400
4006,482425,9,482434
4007,482471,76,482547
4008,482632,5,482637
4009,482715,14,482729
4010,482755,23,482778
4011,483058,18,483076
4012,483108,4,483112
4013,483143,11,483154
4014,483222,7,483229
4015,483646,3,483649
4016,483680,3,483683
4017,483950,16,483966
4018,484187,1,484188
4019,484218,2,484220
4020,484328,26,484354
4021,484453,34,484487
4022,484531,12,484543
4023,484587,5,484592
4024,484610,17,484627
4025,484769,11,484780
4026,484857,40,484897
4027,485011,11,485022
4028,485092,33,485125
4029,485181,33,485214
4030,485386,10,485396
4031,485437,11,485448
4032,485521,25,485546
4033,485604,4,485608
4034,485858,3,485861
4035,485867,14,485881
4036,485884,7,485891
4037,485896,8,485904
4038,485954,36,485990
4039,486090,8,486098
4040,486152,3,486155
4041,486193,1,486194
4042,486257,116,486373
4043,486385,42,486427
4044,486484,95,486579
4045,486763,57,486820
4046,487035,27,487062
4047,487064,11,487075
4048,487179,1,487180
4049,487196,34,487230
4050,487581,7,487588
4051,487692,6,487698
4052,487714,3,487717
4053,487831,14,487845
4054,487911,2,487913
4055,487956,25,487981
4056,488114,11,488125
4057,488198,19,488217
4058,488245,91,488336
4059,488344,6,488350
4060,488501,26,488527
4061,488558,26,488584
4062,488694,18,488712
4063,488770,5,488775
4064,488851,16,488867
4065,488940,1,488941
4066,488942,5,488947
4067,489104,6,489110
4068,489155,55,489210
4069,489412,33,489445
4070,489499,20,489519
4071,489684,10,489694
4072,489839,8,489847
4073,489874,7,489881
4074,489930,1,489931
4075,489983,37,490020
4076,490213,1,490214
4077,490246,6,490252
4078,490301,3,490304
4079,490471,31,490502
4080,490609,34,490643
4081,490692,45,490737
4082,490765,9,490774
4083,490835,17,490852
4084,490921,32,490953
4085,491152,16,491168
4086,491241,10,491251
4087,491630,5,491635
4088,491676,32,491708
4089,491805,45,491850
4090,491907,3,491910
4091,491915,3,491918
4092,492059,14,492073
4093,492159,14,492173
4094,492252,11,492263
4095,492357,10,492367
4096,492372,1,492373
4097,492436,19,492455
4098,492516,1,492517
4099,492548,1,492549
4100,492671,7,492678
4101,492692,1,492693
4102,492720,4,492724
4103,492830,62,492892
4104,493362,18,493380
4105,493384,16,493400
4106,493420,40,493460
4107,493728,22,493750
4108,494001,27,494028
4109,494055,26,494081
4110,494112,69,494181
4111,494248,53,494301
4112,494331,34,494365
4113,494395,4,494399
4114,494508,7,494515
4115,494521,12,494533
4116,494630,24,494654
4117,494655,8,494663
4118,494785,3,494788
4119,494826,1,494827
4120,494840,4,494844
4121,494857,10,494867
4122,494953,25,494978
4123,495088,25,495113
4124,495334,2,495336
4125,495399,1,495400
4126,495611,41,495652
4127,495671,18,495689
4128,495716,8,495724
4129,495842,13,495855
4130,496009,41,496050
4131,496128,5,496133
4132,496297,6,496303
4133,496418,45,496463
4134,496498,12,496510
4135,496713,20,496733
4136,496801,17,496818
4137,496831,1,496832
4138,497019,12,497031
4139,497205,9,497214
4140,497390,16,497406
4141,497416,5,497421
4142,497435,61,497496
4143,497498,22,497520
4144,497526,20,497546
4145,497645,4,497649
4146,497826,72,497898
4147,497949,4,497953
4148,497970,20,497990
4149,498116,1,498117
4150,498168,8,498176
4151,498269,1,498270
4152,498370,2,498372
4153,498565,55,498620
4154,498815,48,498863
4155,498937,22,498959
4156,499011,3,499014
4157,499214,34,499248
4158,499266,50,499316
4159,499396,5,499401
4160,499427,22,499449
4161,499514,2,499516
4162,499626,12,499638
4163,499688,10,499698
4164,500081,18,500099
4165,500191,6,500197
4166,500311,7,500318
4167,500362,10,500372
4168,500495,13,500508
4169,500919,49,500968
4170,500981,14,500995
4171,501091,12,501103
4172,501142,16,501158
4173,501202,8,501210
4174,501265,15,501280
4175,501283,10,501293
4176,501409,64,501473
4177,501595,29,501624
4178,501780,124,501904
4179,501936,6,501942
4180,502131,29,502160
4181,502203,54,502257
4182,502501,33,502534
4183,502543,22,502565
4184,502581,19,502600
4185,502806,60,502866
4186,502875,4,502879
4187,502892,2,502894
4188,502932,16,502948
4189,503040,19,503059
4190,503084,28,503112
4191,503213,25,503238
4192,503240,18,503258
4193,503343,15,503358
4194,503388,25,503413
4195,503424,12,503436
4196,503454,14,503468
4197,503506,5,503511
4198,503572,3,503575
4199,503652,55,503707
4200,503770,15,503785
4201,503930,5,503935
4202,503987,32,504019
4203,504036,3,504039
4204,504178,33,504211
4205,504287,71,504358
4206,504391,21,504412
4207,504580,3,504583
4208,504631,15,504646
4209,504650,10,504660
4210,504753,60,504813
4211,504838,14,504852
4212,505109,7,505116
4213,505207,1,505208
4214,505212,20,505232
4215,505378,23,505401
4216,505516,11,505527
4217,505632,3,505635
4218,505836,6,505842
4219,505921,21,505942
4220,506184,2,506186
4221,506242,4,506246
4222,506546,3,506549
4223,506597,42,506639
4224,506684,12,506696
4225,507071,6,507077
4226,507397,14,507411
4227,507417,33,507450
4228,507524,25,507549
4229,507574,28,507602
4230,507635,31,507666
4231,507687,8,507695
4232,508347,3,508350
4233,508366,16,508382
4234,508410,15,508425
4235,508427,43,508470
4236,508513,10,508523
4237,508575,28,508603
4238,508966,19,508985
4239,509037,17,509054
4240,509281,13,509294
4241,509295,3,509298
4242,509466,24,509490
4243,509701,10,509711
4244,509754,6,509760
4245,510069,22,510091
4246,510168,3,510171
4247,510251,5,510256
4248,510664,4,510668
4249,510706,16,510722
4250,510778,2,510780
4251,510791,51,510842
4252,511072,1,511073
4253,511291,4,511295
4254,511449,5,511454
4255,511638,57,511695
4256,511757,10,511767
4257,511905,8,511913
4258,512053,12,512065
4259,512421,5,512426
4260,512609,8,512617
4261,512759,19,512778
4262,512808,14,512822
4263,512957,4,512961
4264,513084,12,513096
4265,513296,6,513302
4266,513370,27,513397
4267,513453,8,513461
4268,513553,3,513556
4269,513757,5,513762
4270,513769,23,513792
4271,513945,30,513975
4272,514311,60,514371
4273,514520,1,514521
4274,514535,21,514556
4275,514739,9,514748
4276,514783,3,514786
4277,514887,35,514922
4278,515056,22,515078
4279,515170,18,515188
4280,515358,2,515360
4281,515396,15,515411
4282,515688,3,515691
4283,515700,3,515703
4284,515754,31,515785
4285,515815,3,515818
4286,515865,66,515931
4287,515936,14,515950
4288,515955,38,515993
4289,516092,24,516116
4290,516140,24,516164
4291,516357,35,516392
4292,516445,4,516449
4293,516625,5,516630
4294,516705,30,516735
4295,516737,10,516747
4296,516771,39,516810
4297,516859,22,516881
4298,516910,21,516931
4299,516956,29,516985
4300,517019,52,517071
4301,517099,3,517102
4302,517323,41,517364
4303,517433,1,517434
4304,517721,18,517739
4305,517792,24,517816
4306,518079,35,518114
4307,518141,22,518163
4308,518233,33,518266
4309,518482,3,518485
4310,518498,1,518499
4311,518516,11,518527
4312,518921,4,518925
4313,518951,4,518955
4314,518998,17,519015
4315,519127,20,519147
4316,519212,35,519247
4317,519306,8,519314
4318,519592,26,519618
4319,519675,18,519693
4320,519867,2,519869
4321,519905,1,519906
4322,519914,6,519920
4323,520193,26,520219
4324,520245,17,520262
4325,520361,46,520407
4326,520779,10,520789
4327,520790,36,520826
4328,520846,5,520851
4329,520859,16,520875
4330,520878,21,520899
4331,521075,15,521090
4332,521091,8,521099
4333,521109,46,521155
4334,521212,6,521218
4335,521283,20,521303
4336,521464,22,521486
4337,521530,13,521543
4338,521628,6,521634
4339,521841,69,521910
4340,521967,9,521976
4341,522202,83,522285
4342,522429,7,522436
4343,522487,12,522499
4344,522523,9,522532
4345,522663,2,522665
4346,522674,6,522680
4347,522785,5,522790
4348,522883,3,522886
4349,523054,14,523068
4350,523101,12,523113
4351,523195,5,523200
4352,523217,1,523218
4353,523343,16,523359
4354,523372,2,523374
4355,523535,34,523569
4356,523678,23,523701
4357,523985,125,524110
4358,524116,11,524127
4359,524138,59,524197
4360,524287,3,524290
4361,524378,3,524381
4362,524516,4,524520
4363,524531,26,524557
4364,524835,8,524843
4365,524938,2,524940
4366,525081,55,525136
4367,525341,15,525356
4368,525587,8,525595
4369,525598,2,525600
4370,525637,8,525645
4371,525736,9,525745
4372,525947,37,525984
4373,526049,4,526053
4374,526076,52,526128
4375,526328,19,526347
4376,526348,17,526365
4377,526521,19,526540
4378,526740,8,526748
4379,526902,30,526932
4380,527296,6,527302
4381,527481,6,527487
4382,527542,8,527550
4383,527569,25,527594
4384,527722,17,527739
4385,527795,3,527798
4386,528112,11,528123
4387,528167,2,528169
4388,528195,23,528218
4389,528243,5,528248
4390,528441,40,528481
4391,528628,18,528646
4392,528680,16,528696
4393,528750,15,528765
4394,528873,19,528892
4395,529190,9,529199
4396,529645,14,529659
4397,529713,1,529714
4398,529715,26,529741
4399,529800,2,529802
4400,529826,9,529835
4401,529923,50,529973
4402,530286,52,530338
4403,530591,3,530594
4404,530626,18,530644
4405,530842,1,530843
4406,530934,31,530965
4407,530985,35,531020
4408,531101,37,531138
4409,531218,10,531228
4410,531232,13,531245
4411,531457,15,531472
4412,531551,4,531555
4413,531788,18,531806
4414,531935,44,531979
4415,532166,3,532169
4416,532189,31,532220
4417,532405,9,532414
4418,532500,22,532522
4419,532530,16,532546
4420,532671,15,532686
4421,532687,1,532688
4422,532840,17,532857
4423,532980,45,533025
4424,533128,78,533206
4425,533330,3,533333
4426,533392,7,533399
4427,533580,20,533600
4428,533694,2,533696
4429,533762,36,533798
4430,533852,41,533893
4431,533923,25,533948
4432,534012,29,534041
4433,534069,4,534073
4434,534516,11,534527
4435,534553,14,534567
4436,534631,19,534650
4437,534755,7,534762
4438,534836,11,534847
4439,534965,9,534974
4440,535098,38,535136
4441,535216,3,535219
4442,535235,13,535248
4443,535303,3,535306
4444,535415,78,535493
4445,535562,9,535571
4446,535578,10,535588
4447,535632,17,535649
4448,535689,12,535701
4449,535744,16,535760
4450,535828,63,535891
4451,536203,10,536213
4452,536236,26,536262
4453,536314,34,536348
4454,536378,14,536392
4455,536465,96,536561
4456,536609,11,536620
4457,536627,22,536649
4458,536746,2,536748
4459,536805,6,536811
4460,536945,20,536965
4461,536974,97,537071
4462,537105,16,537121
4463,537168,2,537170
4464,537315,13,537328
4465,537404,32,537436
4466,537537,8,537545
4467,537721,15,537736
4468,537814,27,537841
4469,537879,21,537900
4470,538085,4,538089
4471,538131,9,538140
4472,538256,22,538278
4473,538529,29,538558
4474,539532,10,539542
4475,539561,18,539579
4476,539707,15,539722
4477,539725,11,539736
4478,539898,6,539904
4479,539938,24,539962
4480,540254,4,540258
4481,540359,2,540361
4482,540546,9,540555
4483,540811,8,540819
4484,540861,12,540873
4485,541003,24,541027
4486,541169,15,541184
4487,541214,22,541236
4488,541305,22,541327
4489,541335,47,541382
4490,541501,2,541503
4491,541616,2,541618
4492,541676,4,541680
4493,541729,28,541757
4494,541780,3,541783
4495,541797,2,541799
4496,541942,17,541959
4497,542090,7,542097
4498,542263,3,542266
4499,542358,7,542365
4500,542826,6,542832
4501,542982,39,543021
4502,543187,45,543232
4503,543532,50,543582
4504,543703,9,543712
4505,543838,22,543860
4506,543971,4,543975
4507,544099,54,544153
4508,544265,13,544278
4509,544307,13,544320
4510,544389,15,544404
4511,544487,21,544508
4512,544596,26,544622
4513,544714,19,544733
4514,544743,143,544886
4515,544895,5,544900
4516,544906,15,544921
4517,544962,2,544964
4518,544988,9,544997
4519,545008,17,545025
4520,545031,4,545035
4521,545211,21,545232
4522,545260,5,545265
4523,545332,26,545358
4524,545441,2,545443
4525,545470,29,545499
4526,545506,63,545569
4527,545830,22,545852
4528,545956,26,545982
4529,546001,31,546032
4530,546070,10,546080
4531,546123,22,546145
4532,546309,12,546321
4533,546335,24,546359
4534,546362,4,546366
4535,546464,12,546476
4536,546563,56,546619
4537,546672,14,546686
4538,546729,21,546750
4539,546804,1,546805
4540,546818,18,546836
4541,546907,14,546921
4542,547165,17,547182
4543,547306,14,547320
4544,547571,11,547582
4545,547584,9,547593
4546,547640,6,547646
4547,547754,22,547776
4548,547782,57,547839
4549,548169,58,548227
4550,548332,38,548370
4551,548462,35,548497
4552,548970,2,548972
4553,549003,6,549009
4554,549364,11,549375
4555,549701,16,549717
4556,549724,25,549749
4557,549862,19,549881
4558,549974,10,549984
4559,550085,9,550094
4560,550107,9,550116
4561,550432,28,550460
4562,550485,25,550510
4563,550588,2,550590
4564,550624,67,550691
4565,550714,14,550728
4566,551094,4,551098
4567,551315,57,551372
4568,551926,1,551927
4569,552118,1,552119
4570,552131,11,552142
4571,552183,6,552189
4572,552465,35,552500
4573,552510,2,552512
4574,552681,31,552712
4575,552832,36,552868
4576,552915,4,552919
4577,553073,17,553090
4578,553172,8,553180
4579,553316,11,553327
4580,553486,35,553521
4581,553596,9,553605
4582,553712,9,553721
4583,553739,11,553750
4584,553817,73,553890
4585,553902,5,553907
4586,554208,5,554213
4587,554229,17,554246
4588,554386,18,554404
4589,554519,42,554561
4590,554668,7,554675
4591,554679,18,554697
4592,554715,28,554743
4593,554824,20,554844
4594,555100,17,555117
4595,555288,40,555328
4596,555504,5,555509
4597,555608,12,555620
4598,555626,15,555641
4599,555664,1,555665
4600,555941,39,555980
4601,556397,13,556410
4602,556428,70,556498
4603,556515,45,556560
4604,556592,20,556612
4605,556662,5,556667
4606,556718,7,556725
4607,556727,1,556728
4608,556813,3,556816
4609,556954,28,556982
4610,557049,14,557063
4611,557329,16,557345
4612,557573,14,557587
4613,557671,6,557677
4614,557711,56,557767
4615,557944,2,557946
4616,557972,1,557973
4617,558023,13,558036
4618,558062,35,558097
4619,558323,18,558341
4620,558481,32,558513
4621,558530,23,558553
4622,558607,8,558615
4623,558821,13,558834
4624,558926,7,558933
4625,559013,27,559040
4626,559082,6,559088
4627,559312,6,559318
4628,559338,21,559359
4629,559433,63,559496
4630,559699,9,559708
4631,559935,6,559941
4632,560065,9,560074
4633,560121,5,560126
4634,560129,24,560153
4635,560244,12,560256
4636,560281,9,560290
4637,560553,9,560562
4638,560580,5,560585
4639,560937,29,560966
4640,561079,12,561091
4641,561151,7,561158
4642,561213,21,561234
4643,561286,7,561293
4644,561324,32,561356
4645,561568,2,561570
4646,561660,4,561664
4647,561695,14,561709
4648,561771,14,561785
4649,561985,2,561987
4650,562000,6,562006
4651,562162,42,562204
4652,562206,4,562210
4653,562412,3,562415
4654,562519,5,562524
4655,562626,59,562685
4656,562812,17,562829
4657,562929,14,562943
4658,563017,21,563038
4659,563127,21,563148
4660,563354,54,563408
4661,563422,16,563438
4662,563612,85,563697
4663,563752,56,563808
4664,563837,9,563846
4665,563988,24,564012
4666,564146,47,564193
4667,564228,36,564264
4668,564338,42,564380
4669,564888,8,564896
4670,564898,16,564914
4671,564970,7,564977
4672,565044,12,565056
4673,565234,4,565238
4674,565254,4,565258
4675,565576,15,565591
4676,565697,9,565706
4677,565736,12,565748
4678,565912,25,565937
4679,565986,26,566012
4680,566158,11,566169
4681,566473,3,566476
4682,566505,15,566520
4683,566575,37,566612
4684,566634,20,566654
4685,566676,28,566704
4686,566934,5,566939
4687,567128,8,567136
4688,567218,5,567223
4689,567248,21,567269
4690,567285,6,567291
4691,567383,27,567410
4692,567439,3,567442
4693,567596,21,567617
4694,567625,67,567692
4695,567724,7,567731
4696,567789,32,567821
4697,567966,3,567969
4698,568129,26,568155
4699,568179,26,568205
4700,568207,9,568216
4701,568415,4,568419
4702,568610,12,568622
4703,568661,7,568668
4704,568673,8,568681
4705,568697,2,568699
4706,568700,29,568729
4707,568744,4,568748
4708,568802,4,568806
4709,569022,5,569027
4710,569054,23,569077
4711,569163,37,569200
4712,569259,3,569262
4713,569381,9,569390
4714,569452,28,569480
4715,569492,8,569500
4716,569578,3,569581
4717,569603,21,569624
4718,569714,59,569773
4719,569819,4,569823
4720,569831,21,569852
4721,569929,18,569947
4722,570050,38,570088
4723,570092,4,570096
4724,570338,75,570413
4725,570459,26,570485
4726,570547,54,570601
4727,570724,15,570739
4728,570898,32,570930
4729,570955,5,570960
4730,570964,4,570968
4731,571085,33,571118
4732,571245,24,571269
4733,571282,8,571290
4734,571311,61,571372
4735,571415,2,571417
4736,571518,14,571532
4737,571619,7,571626
4738,571739,43,571782
4739,571883,38,571921
4740,571961,4,571965
4741,572034,19,572053
4742,572480,16,572496
4743,572649,1,572650
4744,572767,32,572799
4745,572914,8,572922
4746,572991,24,573015
4747,573106,59,573165
4748,573187,2,573189
4749,573251,1,573252
4750,573396,27,573423
4751,573486,5,573491
4752,573529,13,573542
4753,573553,6,573559
4754,573599,10,573609
4755,573834,38,573872
4756,574007,4,574011
4757,574229,20,574249
4758,574296,15,574311
4759,574486,5,574491
4760,574602,6,574608
4761,574631,53,574684
4762,574690,5,574695
4763,574883,39,574922
4764,574968,46,575014
4765,575037,6,575043
4766,575391,19,575410
4767,575666,20,575686
4768,575953,20,575973
4769,575989,6,575995
4770,575998,20,576018
4771,576190,6,576196
4772,576246,12,576258
4773,576296,8,576304
4774,576383,20,576403
4775,576431,17,576448
4776,576455,7,576462
4777,576502,51,576553
4778,576609,1,576610
4779,576620,6,576626
4780,576734,6,576740
4781,576850,13,576863
4782,576909,2,576911
4783,576989,16,577005
4784,577006,5,577011
4785,577199,1,577200
4786,577280,30,577310
4787,577367,7,577374
4788,577419,11,577430
4789,577708,5,577713
4790,577758,13,577771
4791,577818,11,577829
4792,577835,31,577866
4793,577868,17,577885
4794,577893,7,577900
4795,578079,9,578088
4796,578259,7,578266
4797,578435,18,578453
4798,578471,7,578478
4799,578481,42,578523
4800,578552,27,578579
4801,579000,17,579017
4802,579081,25,579106
4803,579239,7,579246
4804,579348,76,579424
4805,579464,14,579478
4806,580016,32,580048
4807,580113,4,580117
4808,580123,8,580131
4809,580136,28,580164
4810,580393,19,580412
4811,580487,1,580488
4812,580519,6,580525
4813,580575,1,580576
4814,580693,5,580698
4815,580701,32,580733
4816,580937,45,580982
4817,581001,18,581019
4818,581047,28,581075
4819,581255,10,581265
4820,581289,20,581309
4821,581324,27,581351
4822,581435,9,581444
4823,581479,19,581498
4824,581552,11,581563
4825,581789,1,581790
4826,581816,25,581841
4827,582042,22,582064
4828,582373,32,582405
4829,582417,18,582435
4830,582718,12,582730
4831,582742,42,582784
4832,582971,50,583021
4833,583054,36,583090
4834,583107,8,583115
4835,583184,2,583186
4836,583202,80,583282
4837,583512,31,583543
4838,583644,14,583658
4839,583822,10,583832
4840,583970,4,583974
4841,584073,10,584083
4842,584306,24,584330
4843,584449,57,584506
4844,584586,1,584587
4845,584624,41,584665
4846,584772,7,584779
4847,584830,6,584836
4848,584871,2,584873
4849,584884,50,584934
4850,584943,8,584951
4851,585037,52,585089
4852,585195,29,585224
4853,585290,2,585292
4854,585465,68,585533
4855,585565,52,585617
4856,585749,2,585751
4857,585774,9,585783
4858,586105,8,586113
4859,586136,37,586173
4860,586339,11,586350
4861,586373,52,586425
4862,586524,6,586530
4863,586564,1,586565
4864,586620,93,586713
4865,586787,2,586789
4866,586855,6,586861
4867,586961,16,586977
4868,587013,14,587027
4869,587076,10,587086
4870,587111,9,587120
4871,587147,47,587194
4872,587253,16,587269
4873,587457,115,587572
4874,587657,17,587674
4875,587717,22,587739
4876,587758,43,587801
4877,587946,22,587968
4878,588141,13,588154
4879,588388,14,588402
4880,588712,7,588719
4881,588740,15,588755
4882,588760,23,588783
4883,588816,11,588827
4884,588834,2,588836
4885,589078,5,589083
4886,589116,5,589121
4887,589132,20,589152
4888,589248,15,589263
4889,589284,12,589296
4890,589404,10,589414
4891,589723,4,589727
4892,589742,4,589746
4893,589890,13,589903
4894,589912,20,589932
4895,590023,8,590031
4896,590191,24,590215
4897,590262,26,590288
4898,590305,6,590311
4899,590331,69,590400
4900,590557,23,590580
4901,590841,68,590909
4902,591020,2,591022
4903,591182,5,591187
4904,591205,1,591206
4905,591220,15,591235
4906,591376,20,591396
4907,591514,36,591550
4908,591863,16,591879
4909,592172,29,592201
4910,592324,18,592342
4911,592369,13,592382
4912,592480,3,592483
4913,592726,1,592727
4914,592837,6,592843
4915,592943,17,592960
4916,593008,35,593043
4917,593061,4,593065
4918,593149,13,593162
4919,593443,9,593452
4920,593664,3,593667
4921,593756,13,593769
4922,593984,16,594000
4923,594009,5,594014
4924,594032,11,594043
4925,594063,2,594065
4926,594162,9,594171
4927,594260,4,594264
4928,594290,5,594295
4929,594336,32,594368
4930,594545,6,594551
4931,594878,54,594932
4932,595235,26,595261
4933,595458,1,595459
4934,595832,3,595835
4935,595930,4,595934
4936,595948,27,595975
4937,596044,21,596065
4938,596132,79,596211
4939,596292,30,596322
4940,596495,3,596498
4941,596615,7,596622
4942,596727,10,596737
4943,596967,8,596975
4944,597040,8,597048
4945,597058,30,597088
4946,597353,4,597357
4947,597366,43,597409
4948,597464,38,597502
4949,597608,98,597706
4950,597930,19,597949
4951,598058,15,598073
4952,598153,34,598187
4953,598192,7,598199
4954,598235,27,598262
4955,598311,24,598335
4956,598504,10,598514
4957,598614,9,598623
4958,598840,7,598847
4959,598859,16,598875
4960,598902,123,599025
4961,599113,4,599117
4962,599141,9,599150
4963,599475,43,599518
4964,599631,3,599634
4965,599953,14,599967
4966,599986,9,599995
4967,600051,30,600081
4968,600209,1,600210
4969,600243,2,600245
4970,600358,81,600439
4971,600447,11,600458
4972,600496,14,600510
4973,600583,34,600617
4974,600723,4,600727
4975,600830,11,600841
4976,600958,11,600969
4977,601389,9,601398
4978,601424,75,601499
4979,601554,21,601575
4980,601647,37,601684
4981,601821,19,601840
4982,601846,29,601875
4983,601888,6,601894
4984,602015,5,602020
4985,602159,1,602160
4986,602170,36,602206
4987,602241,7,602248
4988,602290,1,602291
4989,602532,16,602548
4990,602713,124,602837
4991,602896,65,602961
4992,602992,5,602997
4993,603022,42,603064
4994,603222,23,603245
4995,603304,52,603356
4996,603437,9,603446
4997,603661,28,603689
4998,603767,68,603835
4999,603878,60,603938
5000,604381,8,604389
5001,604426,13,604439
5002,604560,1,604561
5003,604635,7,604642
5004,604743,5,604748
5005,604749,39,604788
5006,604836,31,604867
5007,604988,6,604994
5008,605142,14,605156
5009,605203,40,605243
5010,605301,29,605330
5011,605345,31,605376
5012,605460,22,605482
5013,605495,59,605554
5014,605746,4,605750
5015,605774,2,605776
5016,605885,22,605907
5017,606088,17,606105
5018,606147,4,606151
5019,606179,14,606193
5020,606232,7,606239
5021,606541,5,606546
5022,606645,35,606680
5023,606981,36,607017
5024,607037,8,607045
5025,607068,9,607077
5026,607721,28,607749
5027,607751,5,607756
5028,608113,24,608137
5029,608329,5,608334
5030,608693,20,608713
5031,608782,7,608789
5032,608846,15,608861
5033,609197,16,609213
5034,609250,17,609267
5035,609273,13,609286
5036,609289,8,609297
5037,609348,19,609367
5038,609386,27,609413
5039,609628,21,609649
5040,609713,10,609723
5041,609725,11,609736
5042,609892,39,609931
5043,610107,4,610111
5044,610670,3,610673
5045,610713,18,610731
5046,610810,49,610859
5047,610896,14,610910
5048,610925,38,610963
5049,610989,8,610997
5050,611056,18,611074
5051,611213,55,611268
5052,611524,24,611548
5053,611621,14,611635
5054,611781,47,611828
5055,611926,6,611932
5056,612031,46,612077
5057,612085,24,612109
5058,612134,31,612165
5059,612202,19,612221
5060,612371,13,612384
5061,612482,20,612502
5062,612565,7,612572
5063,612622,7,612629
5064,612648,25,612673
5065,612770,20,612790
5066,612830,86,612916
5067,613214,13,613227
5068,613242,35,613277
5069,613334,25,613359
5070,613618,4,613622
5071,613705,12,613717
5072,613923,4,613927
5073,613936,21,613957
5074,614068,31,614099
5075,614180,16,614196
5076,614231,4,614235
5077,614511,5,614516
5078,614615,12,614627
5079,614689,62,614751
5080,614758,26,614784
5081,614861,39,614900
5082,614937,21,614958
5083,615102,6,615108
5084,615136,21,615157
5085,615380,4,615384
5086,615486,18,615504
5087,615580,1,615581
5088,615810,6,615816
5089,616047,3,616050
5090,616076,3,616079
5091,616145,20,616165
5092,616593,37,616630
5093,616645,22,616667
5094,616722,49,616771
5095,616801,6,616807
5096,616983,49,617032
5097,617134,14,617148
5098,617214,21,617235
5099,617511,1,617512
5100,617544,19,617563
5101,617800,7,617807
5102,617832,6,617838
5103,617989,14,618003
5104,618159,22,618181
5105,618514,26,618540
5106,618730,9,618739
5107,618747,8,618755
5108,618887,7,618894
5109,618961,23,618984
5110,619103,3,619106
5111,619133,9,619142
5112,619166,4,619170
5113,619240,3,619243
5114,619282,14,619296
5115,619473,9,619482
5116,619657,35,619692
5117,619809,2,619811
5118,620036,18,620054
5119,620056,83,620139
5120,620157,4,620161
5121,620324,35,620359
5122,620435,47,620482
5123,620551,22,620573
5124,620574,5,620579
5125,620601,5,620606
5126,620667,2,620669
5127,620681,20,620701
5128,620820,47,620867
5129,620871,18,620889
5130,620894,1,620895
5131,620918,2,620920
5132,621231,23,621254
5133,621275,12,621287
5134,621389,70,621459
5135,621475,13,621488
5136,621590,19,621609
5137,621976,26,622002
5138,622013,13,622026
5139,622161,25,622186
5140,622259,30,622289
5141,622433,9,622442
5142,622544,9,622553
5143,622701,1,622702
5144,622738,6,622744
5145,622762,43,622805
5146,622867,1,622868
5147,622996,30,623026
5148,623113,33,623146
5149,623257,77,623334
5150,623426,4,623430
5151,623484,13,623497
5152,623607,40,623647
5153,623725,72,623797
5154,623898,1,623899
5155,624161,3,624164
5156,624274,3,624277
5157,624290,10,624300
5158,624370,66,624436
5159,624521,10,624531
5160,624967,2,624969
5161,625052,110,625162
5162,625199,13,625212
5163,625454,9,625463
5164,625551,33,625584
5165,625594,1,625595
5166,625704,7,625711
5167,625796,54,625850
5168,625862,30,625892
5169,625905,25,625930
5170,625945,2,625947
5171,626032,2,626034
5172,626085,13,626098
5173,626827,56,626883
5174,626892,7,626899
5175,627093,4,627097
5176,627181,1,627182
5177,627305,149,627454
5178,627475,10,627485
5179,627487,5,627492
5180,627549,31,627580
5181,627606,8,627614
5182,627656,93,627749
5183,627857,6,627863
5184,627881,8,627889
5185,628008,57,628065
5186,628141,35,628176
5187,628266,13,628279
5188,628355,7,628362
5189,628494,3,628497
5190,628603,8,628611
5191,628681,21,628702
5192,628824,10,628834
5193,628885,2,628887
5194,629070,8,629078
5195,629105,16,629121
5196,629157,21,629178
5197,629357,17,629374
5198,629378,9,629387
5199,629507,10,629517
5200,629624,17,629641
5201,629645,19,629664
5202,629786,11,629797
5203,629836,44,629880
5204,629887,27,629914
5205,629947,23,629970
5206,629971,28,629999
5207,630484,2,630486
5208,630716,8,630724
5209,630787,7,630794
5210,630810,3,630813
5211,630888,11,630899
5212,630908,39,630947
5213,631140,1,631141
5214,631320,7,631327
5215,631346,1,631347
5216,631414,4,631418
5217,631470,1,631471
5218,631676,53,631729
5219,631960,9,631969
5220,632021,25,632046
5221,632055,1,632056
5222,632199,11,632210
5223,632258,1,632259
5224,632305,1,632306
5225,632469,33,632502
5226,632700,2,632702
5227,632873,18,632891
5228,633136,37,633173
5229,633181,35,633216
5230,633265,31,633296
5231,633546,49,633595
5232,633608,28,633636
5233,633733,74,633807
5234,633808,3,633811
5235,633984,24,634008
5236,634033,60,634093
5237,634097,8,634105
5238,634167,19,634186
5239,634230,1,634231
5240,634244,96,634340
5241,634448,3,634451
5242,634523,2,634525
5243,634645,7,634652
5244,635036,22,635058
5245,635200,3,635203
5246,635235,18,635253
5247,635309,19,635328
5248,635395,35,635430
5249,635440,4,635444
5250,635526,16,635542
5251,635635,34,635669
5252,635724,5,635729
5253,635966,88,636054
5254,636098,22,636120
5255,636186,9,636195
5256,636252,38,636290
5257,636385,31,636416
5258,636656,4,636660
5259,637036,3,637039
5260,637078,47,637125
5261,637373,14,637387
5262,637494,21,637515
5263,637522,13,637535
5264,637693,4,637697
5265,637824,6,637830
5266,637922,2,637924
5267,637987,12,637999
5268,638044,10,638054
5269,638099,28,638127
5270,638347,4,638351
5271,638399,9,638408
5272,638644,17,638661
5273,638670,39,638709
5274,638748,3,638751
5275,638854,1,638855
5276,638984,3,638987
5277,639039,4,639043
5278,639427,24,639451
5279,639598,25,639623
5280,639741,15,639756
5281,639824,4,639828
5282,639836,19,639855
5283,639989,10,639999
5284,640094,3,640097
5285,640432,12,640444
5286,640446,2,640448
5287,640604,23,640627
5288,640670,5,640675
5289,641185,46,641231
5290,641410,17,641427
5291,641458,44,641502
5292,641530,18,641548
5293,641637,41,641678
5294,641780,3,641783
5295,641855,7,641862
5296,641960,2,641962
5297,642173,7,642180
5298,642381,1,642382
5299,642623,38,642661
5300,642725,64,642789
5301,642878,12,642890
5302,642985,42,643027
5303,643122,63,643185
5304,643203,17,643220
5305,643262,7,643269
5306,643332,25,643357
5307,643363,19,643382
5308,643426,5,643431
5309,643551,15,643566
5310,643721,14,643735
5311,643839,76,643915
5312,643984,1,643985
5313,644009,83,644092
5314,644112,14,644126
5315,644277,10,644287
5316,644355,18,644373
5317,644605,1,644606
5318,644669,16,644685
5319,644694,24,644718
5320,644805,5,644810
5321,644863,1,644864
5322,644965,13,644978
5323,645290,18,645308
5324,645365,12,645377
5325,645396,4,645400
5326,645469,2,645471
5327,645608,28,645636
5328,645777,36,645813
5329,645822,14,645836
5330,645847,7,645854
5331,645911,18,645929
5332,645962,5,645967
5333,646066,30,646096
5334,646229,24,646253
5335,646498,1,646499
5336,646503,19,646522
5337,646529,22,646551
5338,646918,2,646920
5339,647044,12,647056
5340,647107,27,647134
5341,647147,74,647221
5342,647224,6,647230
5343,647339,1,647340
5344,647584,11,647595
5345,647708,15,647723
5346,647767,23,647790
5347,647812,29,647841
5348,647880,81,647961
5349,647975,14,647989
5350,648062,9,648071
5351,648128,23,648151
5352,648301,34,648335
5353,648484,11,648495
5354,648629,6,648635
5355,648805,4,648809
5356,648846,2,648848
5357,649024,45,649069
5358,649074,103,649177
5359,649357,21,649378
5360,649385,8,649393
5361,649544,5,649549
5362,649707,27,649734
5363,649871,9,649880
5364,649994,28,650022
5365,650046,16,650062
5366,650068,19,650087
5367,650100,47,650147
5368,650544,7,650551
5369,650563,36,650599
5370,651034,78,651112
5371,651126,21,651147
5372,651240,18,651258
5373,651281,50,651331
5374,651431,41,651472
5375,651711,33,651744
5376,651748,3,651751
5377,651824,12,651836
5378,651837,1,651838
5379,651881,5,651886
5380,651940,41,651981
5381,652003,11,652014
5382,652074,25,652099
5383,652130,11,652141
5384,652179,23,652202
5385,652235,1,652236
5386,652500,33,652533
5387,652720,118,652838
5388,652906,9,652915
5389,652968,29,652997
5390,653175,5,653180
5391,653368,1,653369
5392,653500,9,653509
5393,653758,14,653772
5394,653993,9,654002
5395,654136,22,654158
5396,654198,49,654247
5397,654501,7,654508
5398,654601,6,654607
5399,654656,30,654686
5400,654783,18,654801
5401,654867,2,654869
5402,655323,43,655366
5403,655398,34,655432
5404,655450,8,655458
5405,655465,80,655545
5406,655948,41,655989
5407,656112,6,656118
5408,656248,50,656298
5409,656310,13,656323
5410,656338,46,656384
5411,656411,1,656412
5412,656430,63,656493
5413,656567,2,656569
5414,656640,8,656648
5415,656949,27,656976
5416,657070,27,657097
5417,657231,9,657240
5418,657266,35,657301
5419,657316,6,657322
5420,657376,2,657378
5421,657517,2,657519
5422,657614,21,657635
5423,657733,14,657747
5424,657770,90,657860
5425,657930,23,657953
5426,657970,6,657976
5427,658008,12,658020
5428,658163,4,658167
5429,658255,5,658260
5430,658344,7,658351
5431,658468,36,658504
5432,658690,2,658692
5433,658797,77,658874
5434,658881,2,658883
5435,658983,5,658988
5436,659070,7,659077
5437,659406,52,659458
5438,659532,19,659551
5439,659569,43,659612
5440,659681,29,659710
5441,659763,13,659776
5442,659986,13,659999
5443,660005,3,660008
5444,660024,3,660027
5445,660117,35,660152
5446,660346,79,660425
5447,660510,38,660548
5448,660573,23,660596
5449,660657,72,660729
5450,661042,22,661064
5451,661104,10,661114
5452,661383,3,661386
5453,661502,106,661608
5454,661940,4,661944
5455,662008,28,662036
5456,662247,23,662270
5457,662433,1,662434
5458,662692,2,662694
5459,662923,13,662936
5460,663101,18,663119
5461,663148,69,663217
5462,663296,29,663325
5463,663708,23,663731
5464,663801,1,663802
5465,663840,21,663861
5466,663891,5,663896
5467,663946,39,663985
5468,664006,49,664055
5469,664375,9,664384
5470,664527,5,664532
5471,664596,18,664614
5472,664857,37,664894
5473,664907,1,664908
5474,664918,2,664920
5475,665067,12,665079
5476,665147,9,665156
5477,665499,8,665507
5478,665768,34,665802
5479,665835,12,665847
5480,665911,30,665941
5481,666460,26,666486
5482,666564,29,666593
5483,666602,31,666633
5484,666762,12,666774
5485,666975,7,666982
5486,667162,3,667165
5487,667339,50,667389
5488,667428,24,667452
5489,667471,4,667475
5490,667564,21,667585
5491,667756,6,667762
5492,667891,5,667896
5493,667925,10,667935
5494,667952,26,667978
5495,668028,6,668034
5496,668091,1,668092
5497,668161,3,668164
5498,668198,9,668207
5499,668382,34,668416
5500,668458,13,668471
5501,668488,20,668508
5502,668566,7,668573
5503,668634,18,668652
5504,668688,6,668694
5505,668934,32,668966
5506,669005,12,669017
5507,669042,8,669050
5508,669356,23,669379
5509,669536,14,669550
5510,669633,225,669858
5511,670289,18,670307
5512,670343,5,670348
5513,670664,37,670701
5514,670924,17,670941
5515,671003,5,671008
5516,671221,81,671302
5517,671797,57,671854
5518,672294,38,672332
5519,672397,23,672420
5520,672519,5,672524
5521,672533,4,672537
5522,672610,12,672622
5523,672691,52,672743
5524,672784,13,672797
5525,673025,39,673064
5526,673237,9,673246
5527,673353,4,673357
5528,673493,24,673517
5529,673690,36,673726
5530,673840,2,673842
5531,673885,15,673900
5532,673904,21,673925
5533,673936,47,673983
5534,674111,7,674118
5535,674222,70,674292
5536,674343,20,674363
5537,674388,28,674416
5538,674443,4,674447
5539,674602,47,674649
5540,674738,11,674749
5541,674831,7,674838
5542,674874,20,674894
5543,674967,1,674968
5544,674984,6,674990
5545,675009,1,675010
5546,675150,47,675197
5547,675263,7,675270
5548,675329,1,675330
5549,675483,13,675496
5550,675501,25,675526
5551,675679,2,675681
5552,675709,18,675727
5553,675736,21,675757
5554,675761,6,675767
5555,676273,1,676274
5556,676306,12,676318
5557,676366,5,676371
5558,676395,55,676450
5559,676491,6,676497
5560,676551,17,676568
5561,676602,43,676645
5562,676774,14,676788
5563,676885,26,676911
5564,676976,15,676991
5565,677088,5,677093
5566,677284,11,677295
5567,677517,5,677522
5568,677844,19,677863
5569,677964,10,677974
5570,678019,2,678021
5571,678127,36,678163
5572,678184,11,678195
5573,678318,4,678322
5574,678340,1,678341
5575,678349,23,678372
5576,678484,66,678550
5577,678582,54,678636
5578,679024,4,679028
5579,679036,14,679050
5580,679060,14,679074
5581,679169,17,679186
5582,679236,1,679237
5583,679239,71,679310
5584,679501,9,679510
5585,679543,18,679561
5586,679589,14,679603
5587,679636,45,679681
5588,679687,12,679699
5589,679783,13,679796
5590,679847,24,679871
5591,679901,43,679944
5592,679961,14,679975
5593,679991,11,680002
5594,680039,8,680047
5595,680122,1,680123
5596,680400,41,680441
5597,680500,32,680532
5598,680609,33,680642
5599,680862,14,680876
5600,680901,14,680915
5601,680935,5,680940
5602,681035,1,681036
5603,681052,3,681055
5604,681147,21,681168
5605,681375,9,681384
5606,681466,3,681469
5607,681569,31,681600
5608,681692,7,681699
5609,682044,11,682055
5610,682133,19,682152
5611,682259,43,682302
5612,682518,69,682587
5613,682663,3,682666
5614,682729,75,682804
5615,682840,75,682915
5616,683084,44,683128
5617,683132,95,683227
5618,683372,23,683395
5619,683535,39,683574
5620,683641,15,683656
5621,683805,2,683807
5622,683872,11,683883
5623,683966,19,683985
5624,684025,58,684083
5625,684328,7,684335
5626,684567,7,684574
5627,684591,31,684622
5628,684810,34,684844
5629,685046,4,685050
5630,685094,28,685122
5631,685229,5,685234
5632,685434,50,685484
5633,685629,2,685631
5634,685639,11,685650
5635,685765,8,685773
5636,685789,4,685793
5637,685796,29,685825
5638,685956,54,686010
5639,686012,4,686016
5640,686020,42,686062
5641,686073,3,686076
5642,686125,17,686142
5643,686208,62,686270
5644,686509,23,686532
5645,686563,2,686565
5646,686708,10,686718
5647,686772,56,686828
5648,687110,46,687156
5649,687405,12,687417
5650,687446,64,687510
5651,687577,98,687675
5652,687946,25,687971
5653,687984,3,687987
5654,688047,6,688053
5655,688068,55,688123
5656,688170,41,688211
5657,688226,14,688240
5658,688429,25,688454
5659,688594,6,688600
5660,688611,26,688637
5661,688644,5,688649
5662,688666,4,688670
5663,688692,10,688702
5664,688716,9,688725
5665,688851,5,688856
5666,689000,14,689014
5667,689104,26,689130
5668,689210,13,689223
5669,689263,13,689276
5670,689332,7,689339
5671,689418,10,689428
5672,689446,13,689459
5673,689462,32,689494
5674,689592,14,689606
5675,689630,41,689671
5676,689824,18,689842
5677,689887,12,689899
5678,689922,43,689965
5679,690191,1,690192
5680,690220,10,690230
5681,690337,34,690371
5682,690372,10,690382
5683,690398,15,690413
5684,690517,51,690568
5685,690613,21,690634
5686,690853,8,690861
5687,690913,8,690921
5688,690928,30,690958
5689,691116,34,691150
5690,691151,12,691163
5691,691409,6,691415
5692,691424,4,691428
5693,691478,12,691490
5694,691573,36,691609
5695,691645,6,691651
5696,691768,7,691775
5697,692026,68,692094
5698,692118,39,692157
5699,692193,10,692203
5700,692323,62,692385
5701,692392,90,692482
5702,692562,6,692568
5703,692699,20,692719
5704,692764,11,692775
5705,692971,60,693031
5706,693111,9,693120
5707,693163,9,693172
5708,693315,49,693364
5709,693385,16,693401
5710,693554,24,693578
5711,693815,8,693823
5712,693896,32,693928
5713,694090,15,694105
5714,694164,12,694176
5715,694197,6,694203
5716,694264,9,694273
5717,694381,8,694389
5718,694544,68,694612
5719,694779,21,694800
5720,694841,1,694842
5721,694870,8,694878
5722,694961,31,694992
5723,694998,54,695052
5724,695124,22,695146
5725,695512,22,695534
5726,695576,10,695586
5727,695617,66,695683
5728,695709,5,695714
5729,695813,27,695840
5730,695887,1,695888
5731,695976,43,696019
5732,696132,14,696146
5733,696169,31,696200
5734,696210,23,696233
5735,696372,5,696377
5736,696447,5,696452
5737,696552,22,696574
5738,696882,15,696897
5739,696977,30,697007
5740,697320,15,697335
5741,697395,57,697452
5742,697771,15,697786
5743,697878,35,697913
5744,698024,2,698026
5745,698108,23,698131
5746,698255,17,698272
5747,698350,3,698353
5748,698388,13,698401
5749,698551,21,698572
5750,698593,1,698594
5751,698638,3,698641
5752,698902,53,698955
5753,699308,8,699316
5754,699440,5,699445
5755,699537,10,699547
5756,699911,2,699913
5757,699989,35,700024
5758,700122,6,700128
5759,700339,11,700350
5760,700405,3,700408
5761,700423,2,700425
5762,700441,36,700477
5763,700521,13,700534
5764,700661,37,700698
5765,700779,1,700780
5766,700881,3,700884
5767,700888,13,700901
5768,700944,1,700945
5769,700958,19,700977
5770,701232,2,701234
5771,701241,9,701250
5772,701270,13,701283
5773,701312,15,701327
5774,701360,29,701389
5775,701430,21,701451
5776,701465,4,701469
5777,701568,22,701590
5778,701649,3,701652
5779,702016,47,702063
5780,702248,21,702269
5781,702302,27,702329
5782,702342,16,702358
5783,702376,7,702383
5784,702466,19,702485
5785,702512,20,702532
5786,702550,69,702619
5787,702681,7,702688
5788,702862,9,702871
5789,702891,32,702923
5790,702993,9,703002
5791,703092,58,703150
5792,703451,68,703519
5793,703529,7,703536
5794,703594,33,703627
5795,703690,1,703691
5796,703758,53,703811
5797,703967,31,703998
5798,704077,3,704080
5799,704159,10,704169
5800,704286,1,704287
5801,704491,19,704510
5802,704575,46,704621
5803,704622,4,704626
5804,704629,9,704638
5805,704656,8,704664
5806,704737,4,704741
5807,704794,73,704867
5808,704880,37,704917
5809,704924,7,704931
5810,704934,7,704941
5811,705025,2,705027
5812,705052,11,705063
5813,705089,3,705092
5814,705158,20,705178
5815,705201,2,705203
5816,705314,14,705328
5817,705595,44,705639
5818,705847,22,705869
5819,705983,2,705985
5820,706015,13,706028
5821,706277,25,706302
5822,706311,7,706318
5823,706350,21,706371
5824,706705,10,706715
5825,706843,21,706864
5826,706920,2,706922
5827,707178,8,707186
5828,707219,11,707230
5829,707279,6,707285
5830,707422,11,707433
5831,707463,6,707469
5832,707505,2,707507
5833,707593,2,707595
5834,707676,4,707680
5835,707750,45,707795
5836,707818,4,707822
5837,707931,40,707971
5838,707990,10,708000
5839,708105,8,708113
5840,708312,68,708380
5841,708431,19,708450
5842,708516,10,708526
5843,708652,13,708665
5844,708706,43,708749
5845,708845,8,708853
5846,708859,22,708881
5847,708907,14,708921
5848,708989,30,709019
5849,709212,7,709219
5850,709231,10,709241
5851,709261,38,709299
5852,709376,54,709430
5853,709628,53,709681
5854,709754,1,709755
5855,709858,15,709873
5856,709881,16,709897
5857,709985,6,709991
5858,710245,4,710249
5859,710256,2,710258
5860,710420,4,710424
5861,710757,15,710772
5862,710781,30,710811
5863,710859,47,710906
5864,710938,18,710956
5865,710997,8,711005
5866,711044,4,711048
5867,711067,8,711075
5868,711097,4,711101
5869,711107,11,711118
5870,711177,16,711193
5871,711326,15,711341
5872,711437,11,711448
5873,711484,58,711542
5874,711682,40,711722
5875,711849,29,711878
5876,711938,1,711939
5877,711959,4,711963
5878,712063,33,712096
5879,712195,10,712205
5880,712361,2,712363
5881,712365,7,712372
5882,712414,43,712457
5883,712537,26,712563
5884,712572,38,712610
5885,712835,21,712856
5886,712883,32,712915
5887,713088,5,713093
5888,713251,76,713327
5889,713362,9,713371
5890,713394,2,713396
5891,713418,2,713420
5892,713425,1,713426
5893,713547,2,713549
5894,713596,1,713597
5895,713610,53,713663
5896,713666,4,713670
5897,713792,81,713873
5898,713875,41,713916
5899,713949,32,713981
5900,714007,53,714060
5901,714061,3,714064
5902,714233,4,714237
5903,714239,1,714240
5904,714254,14,714268
5905,714417,19,714436
5906,714502,21,714523
5907,714663,10,714673
5908,714676,23,714699
5909,714963,5,714968
5910,715068,86,715154
5911,715214,47,715261
5912,715263,47,715310
5913,715316,11,715327
5914,715349,39,715388
5915,715514,2,715516
5916,715545,9,715554
5917,715777,9,715786
5918,715787,22,715809
5919,715966,30,715996
5920,715998,8,716006
5921,716020,14,716034
5922,716048,3,716051
5923,716055,12,716067
5924,716139,33,716172
5925,716189,89,716278
5926,716314,38,716352
5927,716489,20,716509
5928,716551,11,716562
5929,716827,34,716861
5930,716904,24,716928
5931,717010,25,717035
5932,717220,3,717223
5933,717264,10,717274
5934,717299,31,717330
5935,717422,6,717428
5936,717496,43,717539
5937,717633,3,717636
5938,717793,28,717821
5939,717866,33,717899
5940,717948,11,717959
5941,717982,14,717996
5942,718001,3,718004
5943,718118,32,718150
5944,718433,13,718446
5945,718649,4,718653
5946,718872,76,718948
5947,719224,3,719227
5948,719266,2,719268
5949,719283,10,719293
5950,719317,2,719319
5951,719376,11,719387
5952,719629,14,719643
5953,719664,4,719668
5954,719807,10,719817
5955,719894,62,719956
5956,720051,1,720052
5957,720132,37,720169
5958,720336,22,720358
5959,720427,11,720438
5960,720472,8,720480
5961,720545,19,720564
5962,720621,1,720622
5963,720660,11,720671
5964,720744,12,720756
5965,720786,7,720793
5966,720858,1,720859
5967,721032,5,721037
5968,721223,3,721226
5969,721227,33,721260
5970,721321,37,721358
5971,721445,38,721483
5972,721766,6,721772
5973,721876,46,721922
5974,721963,13,721976
5975,722041,11,722052
5976,722185,6,722191
5977,722229,33,722262
5978,722370,5,722375
5979,722433,74,722507
5980,722584,55,722639
5981,722718,7,722725
5982,722736,26,722762
5983,722953,6,722959
5984,722970,58,723028
5985,723030,27,723057
5986,723123,13,723136
5987,723168,1,723169
5988,723387,7,723394
5989,723409,75,723484
5990,723754,22,723776
5991,723853,14,723867
5992,723907,4,723911
5993,724003,8,724011
5994,724026,37,724063
5995,724095,35,724130
5996,724200,7,724207
5997,724300,2,724302
5998,724328,7,724335
5999,724340,37,724377
6000,724493,4,724497
6001,724525,18,724543
6002,724561,24,724585
6003,724722,23,724745
6004,724994,16,725010
6005,725137,16,725153
6006,725261,21,725282
6007,725334,21,725355
6008,725409,67,725476
6009,725537,12,725549
6010,725601,7,725608
6011,725657,15,725672
6012,725731,3,725734
6013,725885,47,725932
6014,726097,20,726117
6015,726191,1,726192
6016,726239,22,726261
6017,726474,5,726479
6018,726489,4,726493
6019,726520,4,726524
6020,726696,4,726700
6021,726701,14,726715
6022,726873,20,726893
6023,727155,38,727193
6024,727286,2,727288
6025,727320,3,727323
6026,727351,29,727380
6027,727405,24,727429
6028,727445,3,727448
6029,727695,38,727733
6030,727833,3,727836
6031,727933,35,727968
6032,728060,30,728090
6033,728236,11,728247
6034,728290,10,728300
6035,728306,9,728315
6036,728337,4,728341
6037,728456,37,728493
6038,728530,9,728539
6039,728625,2,728627
6040,728764,14,728778
6041,728852,6,728858
6042,728906,15,728921
6043,729043,50,729093
6044,729138,8,729146
6045,729154,51,729205
6046,729267,20,729287
6047,729363,35,729398
6048,729452,26,729478
6049,729576,3,729579
6050,729628,26,729654
6051,730107,17,730124
6052,730156,13,730169
6053,730180,8,730188
6054,730202,14,730216
6055,730224,5,730229
6056,730298,7,730305
6057,730407,18,730425
6058,730497,17,730514
6059,730575,21,730596
6060,730642,69,730711
6061,730794,3,730797
6062,730818,15,730833
6063,730852,7,730859
6064,731050,62,731112
6065,731160,3,731163
6066,731190,19,731209
6067,731255,23,731278
6068,731323,17,731340
6069,731723,36,731759
6070,731861,19,731880
6071,731898,41,731939
6072,731940,14,731954
6073,732033,12,732045
6074,732239,6,732245
6075,732289,8,732297
6076,732335,16,732351
6077,732575,27,732602
6078,732632,62,732694
6079,732718,76,732794
6080,732892,16,732908
6081,732918,3,732921
6082,733114,21,733135
6083,733156,80,733236
6084,733282,2,733284
6085,733316,1,733317
6086,733375,52,733427
6087,733458,13,733471
6088,733732,15,733747
6089,733749,27,733776
6090,733781,22,733803
6091,733940,4,733944
6092,733960,4,733964
6093,734074,21,734095
6094,734241,7,734248
6095,734259,6,734265
6096,734324,12,734336
6097,734509,3,734512
6098,734539,11,734550
6099,734675,11,734686
6100,734972,57,735029
6101,735061,47,735108
6102,735121,3,735124
6103,735142,12,735154
6104,735205,7,735212
6105,735300,1,735301
6106,735370,37,735407
6107,735798,30,735828
6108,735862,1,735863
6109,735887,5,735892
6110,735963,12,735975
6111,735996,41,736037
6112,736085,61,736146
6113,736270,2,736272
6114,736386,47,736433
6115,736450,20,736470
6116,736501,29,736530
6117,736550,18,736568
6118,736590,1,736591
6119,736661,6,736667
6120,736718,17,736735
6121,736943,10,736953
6122,736975,9,736984
6123,736991,103,737094
6124,737227,3,737230
6125,737304,2,737306
6126,737367,6,737373
6127,737386,3,737389
6128,737393,1,737394
6129,737416,34,737450
6130,737537,52,737589
6131,737613,18,737631
6132,737668,26,737694
6133,737795,17,737812
6134,737862,6,737868
6135,737912,31,737943
6136,737944,34,737978
6137,738042,12,738054
6138,738080,19,738099
6139,738173,24,738197
6140,738204,3,738207
6141,738250,19,738269
6142,738361,3,738364
6143,738403,14,738417
6144,738532,68,738600
6145,738651,11,738662
6146,738690,13,738703
6147,738851,15,738866
6148,738926,2,738928
6149,739044,7,739051
6150,739453,30,739483
6151,739486,38,739524
6152,739615,3,739618
6153,739619,1,739620
6154,739704,13,739717
6155,739742,25,739767
6156,739788,16,739804
6157,740081,35,740116
6158,740137,37,740174
6159,740556,14,740570
6160,740626,11,740637
6161,740647,4,740651
6162,740911,22,740933
6163,740968,11,740979
6164,741133,2,741135
6165,741139,3,741142
6166,741460,16,741476
6167,741499,11,741510
6168,741628,15,741643
6169,741656,5,741661
6170,741764,8,741772
6171,741869,45,741914
6172,741996,16,742012
6173,742016,18,742034
6174,742139,31,742170
6175,742195,11,742206
6176,742323,25,742348
6177,742401,6,742407
6178,742460,24,742484
6179,742499,21,742520
6180,742664,36,742700
6181,742775,15,742790
6182,742878,11,742889
6183,742926,13,742939
6184,742978,11,742989
6185,743379,12,743391
6186,743455,9,743464
6187,743504,12,743516
6188,743619,1,743620
6189,743731,8,743739
6190,743781,9,743790
6191,743871,13,743884
6192,744014,32,744046
6193,744121,41,744162
6194,744164,32,744196
6195,744246,5,744251
6196,744319,28,744347
6197,744472,11,744483
6198,744506,25,744531
6199,744674,1,744675
6200,744823,16,744839
6201,744941,27,744968
6202,745092,38,745130
6203,745205,31,745236
6204,745238,29,745267
6205,745365,41,745406
6206,745608,10,745618
6207,745896,1,745897
6208,745966,20,745986
6209,746099,8,746107
6210,746113,12,746125
6211,746136,7,746143
6212,746160,27,746187
6213,746397,4,746401
6214,746535,29,746564
6215,746596,43,746639
6216,746745,21,746766
6217,746901,6,746907
6218,747023,100,747123
6219,747248,13,747261
6220,747505,10,747515
6221,747591,33,747624
6222,747714,27,747741
6223,747776,17,747793
6224,747898,14,747912
6225,747946,15,747961
6226,748015,3,748018
6227,748138,12,748150
6228,748153,15,748168
6229,748231,18,748249
6230,748266,13,748279
6231,748321,25,748346
6232,748409,6,748415
6233,748682,22,748704
6234,748794,35,748829
6235,749302,20,749322
6236,749355,23,749378
6237,749623,15,749638
6238,749662,5,749667
6239,749709,24,749733
6240,749838,31,749869
6241,749919,23,749942
6242,749947,49,749996
6243,750090,40,750130
6244,750181,28,750209
6245,750413,17,750430
6246,750441,21,750462
6247,750574,9,750583
6248,750709,8,750717
6249,750742,3,750745
6250,750797,15,750812
6251,751173,25,751198
6252,751231,1,751232
6253,751539,29,751568
6254,751574,1,751575
6255,751744,44,751788
6256,751834,16,751850
6257,751864,10,751874
6258,751880,7,751887
6259,751986,6,751992
6260,752280,25,752305
6261,752319,20,752339
6262,752366,78,752444
6263,752492,32,752524
6264,752668,53,752721
6265,753071,3,753074
6266,753139,14,753153
6267,753215,99,753314
6268,753340,9,753349
6269,753861,10,753871
6270,754022,25,754047
6271,754078,55,754133
6272,754141,10,754151
6273,754281,25,754306
6274,754533,5,754538
6275,754553,13,754566
6276,754691,10,754701
6277,754758,18,754776
6278,754938,20,754958
6279,755113,12,755125
6280,755205,33,755238
6281,755240,6,755246
6282,755307,55,755362
6283,755491,3,755494
6284,755504,59,755563
6285,756119,37,756156
6286,756201,10,756211
6287,756345,39,756384
6288,756442,27,756469
6289,756658,36,756694
6290,756733,39,756772
6291,756985,18,757003
6292,757328,6,757334
6293,757407,34,757441
6294,757571,28,757599
6295,757697,64,757761
6296,758074,16,758090
6297,758143,4,758147
6298,758183,13,758196
6299,758243,23,758266
6300,758276,2,758278
6301,758406,18,758424
6302,758553,19,758572
6303,758627,45,758672
6304,758780,30,758810
6305,758841,22,758863
6306,759003,14,759017
6307,759070,3,759073
6308,759115,9,759124
6309,759283,3,759286
6310,759516,31,759547
6311,759618,19,759637
6312,759661,26,759687
6313,759700,24,759724
6314,759849,14,759863
6315,760177,12,760189
6316,760200,26,760226
6317,760327,7,760334
6318,760469,39,760508
6319,760530,8,760538
6320,760596,12,760608
6321,760865,7,760872
6322,760927,3,760930
6323,760946,12,760958
6324,761023,43,761066
6325,761131,13,761144
6326,761392,1,761393
6327,761437,17,761454
6328,761636,3,761639
6329,761724,12,761736
6330,761901,5,761906
6331,762114,18,762132
6332,762168,18,762186
6333,762235,37,762272
6334,762336,48,762384
6335,762392,66,762458
6336,762652,6,762658
6337,762766,45,762811
6338,762851,5,762856
6339,762873,8,762881
6340,762900,5,762905
6341,762928,18,762946
6342,763107,1,763108
6343,763144,51,763195
6344,763343,5,763348
6345,763365,12,763377
6346,763621,3,763624
6347,763794,3,763797
6348,763853,25,763878
6349,764145,11,764156
6350,764423,19,764442
6351,764664,27,764691
6352,764905,45,764950
6353,765012,20,765032
6354,765058,24,765082
6355,765102,6,765108
6356,765121,43,765164
6357,765281,4,765285
6358,765418,32,765450
6359,765511,54,765565
6360,765594,19,765613
6361,765782,15,765797
6362,765896,1,765897
6363,765978,1,765979
6364,766163,21,766184
6365,766295,16,766311
6366,766399,37,766436
6367,766607,21,766628
6368,767032,19,767051
6369,767162,1,767163
6370,767368,1,767369
6371,767382,1,767383
6372,767406,4,767410
6373,767450,22,767472
6374,767484,4,767488
6375,767620,19,767639
6376,767643,46,767689
6377,767840,35,767875
6378,768227,65,768292
6379,768302,14,768316
6380,768386,4,768390
6381,768441,7,768448
6382,768502,30,768532
6383,768715,5,768720
6384,768948,22,768970
6385,769408,4,769412
6386,769515,65,769580
6387,769834,16,769850
6388,769907,7,769914
6389,769960,57,770017
6390,770071,14,770085
6391,770304,19,770323
6392,770356,18,770374
6393,770690,7,770697
6394,770778,3,770781
6395,770782,1,770783
6396,770834,13,770847
6397,770999,14,771013
6398,771040,7,771047
6399,771065,20,771085
6400,771232,21,771253
6401,771296,1,771297
6402,771378,12,771390
6403,771481,1,771482
6404,771623,33,771656
6405,771791,2,771793
6406,771834,17,771851
6407,771871,63,771934
6408,772175,51,772226
6409,772359,8,772367
6410,772479,16,772495
6411,772588,19,772607
6412,772652,15,772667
6413,772905,5,772910
6414,773133,16,773149
6415,773168,4,773172
6416,773337,13,773350
6417,773358,8,773366
6418,773644,48,773692
6419,773813,56,773869
6420,774032,19,774051
6421,774167,13,774180
6422,774357,7,774364
6423,774434,2,774436
6424,774455,63,774518
6425,774614,8,774622
6426,774644,68,774712
6427,774901,40,774941
6428,775010,6,775016
6429,775101,8,775109
6430,775392,66,775458
6431,775543,34,775577
6432,775819,27,775846
6433,775890,4,775894
6434,776067,7,776074
6435,776281,21,776302
6436,776324,80,776404
6437,776555,30,776585
6438,776618,5,776623
6439,776634,3,776637
6440,776737,23,776760
6441,776802,11,776813
6442,776828,38,776866
6443,777020,14,777034
6444,777037,25,777062
6445,777289,11,777300
6446,777301,7,777308
6447,777326,27,777353
6448,777369,79,777448
6449,777544,16,777560
6450,777837,1,777838
6451,778073,20,778093
6452,778216,9,778225
6453,778314,30,778344
6454,778374,3,778377
6455,778424,8,778432
6456,778541,14,778555
6457,778558,13,778571
6458,778709,8,778717
6459,778723,2,778725
6460,778846,24,778870
6461,779072,12,779084
6462,779310,11,779321
6463,779471,62,779533
6464,779575,35,779610
6465,779617,2,779619
6466,779793,6,779799
6467,779853,2,779855
6468,780000,5,780005
6469,780020,13,780033
6470,780069,28,780097
6471,780211,7,780218
6472,780299,7,780306
6473,780441,6,780447
6474,780496,109,780605
6475,780924,15,780939
6476,781008,51,781059
6477,781103,17,781120
6478,781173,32,781205
6479,781596,17,781613
6480,781623,25,781648
6481,781668,11,781679
6482,781901,22,781923
6483,781975,15,781990
6484,782136,4,782140
6485,782242,4,782246
6486,782380,6,782386
6487,782649,20,782669
6488,782671,8,782679
6489,783033,10,783043
6490,783113,22,783135
6491,783398,13,783411
6492,783496,5,783501
6493,783618,4,783622
6494,783667,3,783670
6495,783807,1,783808
6496,783901,11,783912
6497,784050,4,784054
6498,784150,13,784163
6499,784431,6,784437
6500,784473,2,784475
6501,784481,3,784484
6502,784518,43,784561
6503,784634,1,784635
6504,784873,6,784879
6505,784931,35,784966
6506,785028,11,785039
6507,785497,2,785499
6508,785681,28,785709
6509,785712,12,785724
6510,786021,39,786060
6511,786099,3,786102
6512,786103,14,786117
6513,786167,40,786207
6514,786283,24,786307
6515,786456,18,786474
6516,786521,9,786530
6517,786905,14,786919
6518,787049,19,787068
6519,787120,16,787136
6520,787215,8,787223
6521,787267,3,787270
6522,787399,56,787455
6523,787474,47,787521
6524,788043,4,788047
6525,788072,6,788078
6526,788140,42,788182
6527,788214,21,788235
6528,788633,13,788646
6529,789065,19,789084
6530,789148,36,789184
6531,789200,8,789208
6532,789255,2,789257
6533,789259,5,789264
6534,789267,48,789315
6535,789342,95,789437
6536,789684,3,789687
6537,789702,29,789731
6538,789794,10,789804
6539,789851,1,789852
6540,789917,5,789922
6541,789948,80,790028
6542,790108,18,790126
6543,790170,25,790195
6544,790204,20,790224
6545,790239,49,790288
6546,790337,13,790350
6547,790355,8,790363
6548,790608,5,790613
6549,790713,8,790721
6550,790809,3,790812
6551,790943,5,790948
6552,790965,42,791007
6553,791132,9,791141
6554,791181,34,791215
6555,791219,14,791233
6556,791307,60,791367
6557,791411,5,791416
6558,791462,9,791471
6559,791524,45,791569
6560,791574,35,791609
6561,791665,20,791685
6562,791696,26,791722
6563,791987,6,791993
6564,792065,15,792080
6565,792311,18,792329
6566,792355,19,792374
6567,792475,17,792492
6568,792634,10,792644
6569,792766,48,792814
6570,792826,32,792858
6571,793077,19,793096
6572,793190,10,793200
6573,793234,65,793299
6574,793304,5,793309
6575,793377,37,793414
6576,793505,14,793519
6577,793619,52,793671
6578,793683,32,793715
6579,793873,3,793876
6580,793896,26,793922
6581,793990,4,793994
6582,794058,14,794072
6583,794362,160,794522
6584,794539,76,794615
6585,794622,4,794626
6586,794679,18,794697
6587,794962,4,794966
6588,795053,11,795064
6589,795115,12,795127
6590,795194,52,795246
6591,795257,22,795279
6592,795441,7,795448
6593,795670,8,795678
6594,795735,5,795740
6595,795844,4,795848
6596,795892,8,795900
6597,795913,14,795927
6598,796022,21,796043
6599,796102,2,796104
6600,796112,32,796144
6601,796168,31,796199
6602,796246,1,796247
6603,796324,4,796328
6604,796411,3,796414
6605,796469,5,796474
6606,796749,15,796764
6607,796822,7,796829
6608,796865,24,796889
6609,796918,7,796925
6610,797055,7,797062
6611,797241,8,797249
6612,797277,7,797284
6613,797338,2,797340
6614,797589,32,797621
6615,797758,55,797813
6616,797902,19,797921
6617,798012,4,798016
6618,798045,26,798071
6619,798166,3,798169
6620,798260,34,798294
6621,798317,12,798329
6622,798396,80,798476
6623,798503,46,798549
6624,798617,57,798674
6625,798709,29,798738
6626,798739,8,798747
6627,798759,17,798776
6628,798830,32,798862
6629,798902,38,798940
6630,798994,35,799029
6631,799066,30,799096
6632,799145,39,799184
6633,799317,25,799342
6634,799360,1,799361
6635,799375,44,799419
6636,799577,60,799637
6637,799701,11,799712
6638,799754,20,799774
6639,799850,28,799878
6640,800006,3,800009
6641,800056,37,800093
6642,800096,53,800149
6643,800270,8,800278
6644,800363,23,800386
6645,800500,1,800501
6646,800506,8,800514
6647,800539,3,800542
6648,800624,12,800636
6649,800681,38,800719
6650,800727,2,800729
6651,800925,10,800935
6652,801019,18,801037
6653,801081,39,801120
6654,801125,52,801177
6655,801294,13,801307
6656,801329,2,801331
6657,801432,14,801446
6658,801537,1,801538
6659,801726,7,801733
6660,802262,3,802265
6661,802291,11,802302
6662,802351,14,802365
6663,802510,64,802574
6664,802695,49,802744
6665,802876,24,802900
6666,802906,73,802979
6667,802989,20,803009
6668,803043,12,803055
6669,803092,74,803166
6670,803338,14,803352
6671,803683,32,803715
6672,803874,36,803910
6673,804011,22,804033
6674,804283,16,804299
6675,804397,1,804398
6676,804408,48,804456
6677,804556,48,804604
6678,804723,50,804773
6679,804893,6,804899
6680,804970,35,805005
6681,805028,2,805030
6682,805246,22,805268
6683,805354,26,805380
6684,805445,12,805457
6685,805465,3,805468
6686,805518,10,805528
6687,805721,24,805745
6688,805770,11,805781
6689,805817,67,805884
6690,805905,35,805940
6691,806077,10,806087
6692,806137,8,806145
6693,806195,9,806204
6694,806345,18,806363
6695,806375,13,806388
6696,806472,18,806490
6697,806535,26,806561
6698,806619,7,806626
6699,806651,31,806682
6700,806782,2,806784
6701,806820,3,806823
6702,806898,13,806911
6703,807187,15,807202
6704,807256,8,807264
6705,807293,24,807317
6706,807369,21,807390
6707,807406,16,807422
6708,807652,28,807680
6709,807814,23,807837
6710,807845,10,807855
6711,807946,7,807953
6712,807993,140,808133
6713,808135,15,808150
6714,808438,9,808447
6715,808465,17,808482
6716,808745,14,808759
6717,808878,2,808880
6718,809008,3,809011
6719,809143,17,809160
6720,809221,13,809234
6721,809412,6,809418
6722,809525,8,809533
6723,809654,50,809704
6724,809723,16,809739
6725,809802,6,809808
6726,809908,5,809913
6727,810008,1,810009
6728,810014,50,810064
6729,810204,16,810220
6730,810306,5,810311
6731,810340,18,810358
6732,810657,4,810661
6733,811060,33,811093
6734,811149,11,811160
6735,811340,35,811375
6736,811420,13,811433
6737,811468,9,811477
6738,811500,8,811508
6739,811704,16,811720
6740,811780,44,811824
6741,811875,21,811896
6742,811898,29,811927
6743,811928,2,811930
6744,812088,40,812128
6745,812200,27,812227
6746,812228,15,812243
6747,812279,3,812282
6748,812313,56,812369
6749,812532,19,812551
6750,812724,19,812743
6751,812803,17,812820
6752,812976,20,812996
6753,813091,25,813116
6754,813280,39,813319
6755,813320,36,813356
6756,813498,19,813517
6757,813537,28,813565
6758,813719,40,813759
6759,813846,1,813847
6760,813940,20,813960
6761,814289,6,814295
6762,814535,31,814566
6763,814708,18,814726
6764,814743,9,814752
6765,814806,5,814811
6766,814827,29,814856
6767,814876,25,814901
6768,815003,8,815011
6769,815027,34,815061
6770,815064,11,815075
6771,815088,17,815105
6772,815186,31,815217
6773,815285,18,815303
6774,815350,14,815364
6775,815383,72,815455
6776,815486,26,815512
6777,815618,7,815625
6778,815761,20,815781
6779,816206,9,816215
6780,816611,16,816627
6781,816676,77,816753
6782,816761,3,816764
6783,816796,9,816805
6784,816811,6,816817
6785,816857,12,816869
6786,817070,6,817076
6787,817191,52,817243
6788,817327,7,817334
6789,817487,24,817511
6790,817777,17,817794
6791,817848,29,817877
6792,818057,20,818077
6793,818164,30,818194
6794,818320,17,818337
6795,818371,69,818440
6796,818511,11,818522
6797,818543,33,818576
6798,818783,28,818811
6799,818888,3,818891
6800,818946,18,818964
6801,819050,2,819052
6802,819126,24,819150
6803,819189,3,819192
6804,819340,34,819374
6805,819582,1,819583
6806,819658,31,819689
6807,819891,9,819900
6808,820021,29,820050
6809,820203,1,820204
6810,820271,57,820328
6811,820509,9,820518
6812,820748,23,820771
6813,820814,12,820826
6814,820945,19,820964
6815,821074,7,821081
6816,821216,8,821224
6817,821243,12,821255
6818,821360,6,821366
6819,821427,29,821456
6820,821599,47,821646
6821,821664,6,821670
6822,821675,17,821692
6823,821817,4,821821
6824,821900,20,821920
6825,822140,9,822149
6826,822218,19,822237
6827,822355,3,822358
6828,822424,2,822426
6829,822462,22,822484
6830,822647,22,822669
6831,822748,18,822766
6832,822804,1,822805
6833,822807,11,822818
6834,823376,54,823430
6835,823698,7,823705
6836,823750,37,823787
6837,823792,12,823804
6838,823848,8,823856
6839,823982,30,824012
6840,824029,2,824031
6841,824180,2,824182
6842,824184,23,824207
6843,824225,15,824240
6844,824302,17,824319
6845,824336,3,824339
6846,824355,10,824365
6847,824379,4,824383
6848,824385,15,824400
6849,824497,1,824498
6850,824569,3,824572
6851,824591,8,824599
6852,824682,5,824687
6853,824804,3,824807
6854,824922,5,824927
6855,825020,32,825052
6856,825459,12,825471
6857,825475,13,825488
6858,825511,2,825513
6859,825553,23,825576
6860,825695,10,825705
6861,825759,23,825782
6862,825939,46,825985
6863,826035,53,826088
6864,826206,41,826247
6865,826315,32,826347
6866,826614,18,826632
6867,826659,1,826660
6868,826682,3,826685
6869,826864,30,826894
6870,827129,61,827190
6871,827294,28,827322
6872,827350,15,827365
6873,827402,3,827405
6874,827560,10,827570
6875,827774,15,827789
6876,827796,14,827810
6877,827874,40,827914
6878,828008,30,828038
6879,828046,5,828051
6880,828139,39,828178
6881,828335,7,828342
6882,828362,31,828393
6883,828555,1,828556
6884,828610,7,828617
6885,828876,15,828891
6886,829131,34,829165
6887,829279,12,829291
6888,829309,113,829422
6889,829485,2,829487
6890,829847,8,829855
6891,829917,45,829962
6892,829993,12,830005
6893,830069,32,830101
6894,830198,25,830223
6895,830457,16,830473
6896,830554,73,830627
6897,830788,45,830833
6898,830888,46,830934
6899,830970,12,830982
6900,831048,21,831069
6901,831083,48,831131
6902,831133,34,831167
6903,831175,11,831186
6904,831203,11,831214
6905,831262,4,831266
6906,831430,1,831431
6907,831457,2,831459
6908,831466,8,831474
6909,831481,30,831511
6910,831515,23,831538
6911,831650,40,831690
6912,831691,7,831698
6913,831790,12,831802
6914,831813,13,831826
6915,832025,33,832058
6916,832078,10,832088
6917,832139,6,832145
6918,832177,51,832228
6919,832325,9,832334
6920,832427,19,832446
6921,832560,13,832573
6922,832675,30,832705
6923,832850,31,832881
6924,832960,9,832969
6925,833148,13,833161
6926,833294,2,833296
6927,833368,47,833415
6928,833742,45,833787
6929,833825,11,833836
6930,833875,61,833936
6931,834066,65,834131
6932,834178,48,834226
6933,834260,28,834288
6934,834460,15,834475
6935,834642,30,834672
6936,834705,1,834706
6937,834740,20,834760
6938,834955,20,834975
6939,834987,15,835002
6940,835037,2,835039
6941,835071,3,835074
6942,835103,41,835144
6943,835189,4,835193
6944,835524,33,835557
6945,835727,7,835734
6946,835866,1,835867
6947,835885,16,835901
6948,836054,2,836056
6949,836125,14,836139
6950,836365,13,836378
6951,836471,6,836477
6952,836577,45,836622
6953,836684,21,836705
6954,836816,1,836817
6955,836893,12,836905
6956,837011,13,837024
6957,837035,21,837056
6958,837120,40,837160
6959,837724,3,837727
6960,837789,5,837794
6961,837936,4,837940
6962,838068,5,838073
6963,838128,48,838176
6964,838186,17,838203
6965,838237,41,838278
6966,838355,17,838372
6967,838514,12,838526
6968,838558,7,838565
6969,838617,29,838646
6970,838816,19,838835
6971,839029,7,839036
6972,839076,17,839093
6973,839103,4,839107
6974,839187,6,839193
6975,839233,5,839238
6976,839302,62,839364
6977,839405,12,839417
6978,839494,9,839503
6979,839655,48,839703
6980,839723,37,839760
6981,839808,7,839815
6982,839999,17,840016
6983,840021,41,840062
6984,840111,6,840117
6985,840196,1,840197
6986,840242,4,840246
6987,840281,4,840285
6988,840289,10,840299
6989,840360,7,840367
6990,840368,1,840369
6991,840469,4,840473
6992,840564,9,840573
6993,840580,1,840581
6994,840689,25,840714
6995,840903,3,840906
6996,841062,50,841112
6997,841171,18,841189
6998,841203,6,841209
6999,841228,4,841232
7000,841275,12,841287
7001,841396,6,841402
7002,841626,8,841634
7003,841684,6,841690
7004,841864,5,841869
7005,841979,19,841998
7006,842057,78,842135
7007,842140,28,842168
7008,842260,30,842290
7009,842397,7,842404
7010,842422,17,842439
7011,842498,13,842511
7012,842583,30,842613
7013,842776,95,842871
7014,842893,13,842906
7015,843289,11,843300
7016,843304,21,843325
7017,843411,43,843454
7018,843484,5,843489
7019,843547,5,843552
7020,843668,16,843684
7021,843887,18,843905
7022,843960,188,844148
7023,844347,20,844367
7024,844588,6,844594
7025,844608,61,844669
7026,844964,29,844993
7027,845003,43,845046
7028,845161,16,845177
7029,846030,79,846109
7030,846210,7,846217
7031,846417,9,846426
7032,846653,40,846693
7033,846721,4,846725
7034,846787,1,846788
7035,847143,20,847163
7036,847169,4,847173
7037,847294,5,847299
7038,847362,14,847376
7039,847377,1,847378
7040,847514,41,847555
7041,847622,11,847633
7042,847827,11,847838
7043,848110,1,848111
7044,848243,6,848249
7045,848283,6,848289
7046,848290,29,848319
7047,848534,6,848540
7048,848592,5,848597
7049,848685,7,848692
7050,848722,7,848729
7051,848803,23,848826
7052,848916,50,848966
7053,849221,27,849248
7054,849252,5,849257
7055,849423,7,849430
7056,849444,7,849451
7057,849536,35,849571
7058,849779,14,849793
7059,849827,39,849866
7060,849927,111,850038
7061,850299,18,850317
7062,850350,3,850353
7063,850505,5,850510
7064,850690,3,850693
7065,850721,12,850733
7066,850807,3,850810
7067,850877,3,850880
7068,851207,10,851217
7069,851222,31,851253
7070,851388,24,851412
7071,851445,15,851460
7072,851482,83,851565
7073,851700,9,851709
7074,851764,20,851784
7075,851800,14,851814
7076,851837,3,851840
7077,851871,1,851872
7078,851878,107,851985
7079,852346,31,852377
7080,852680,17,852697
7081,852706,37,852743
7082,852752,8,852760
7083,852771,46,852817
7084,852831,11,852842
7085,852896,28,852924
7086,853056,4,853060
7087,853175,36,853211
7088,853240,8,853248
7089,853290,36,853326
7090,853416,5,853421
7091,853444,33,853477
7092,853689,9,853698
7093,853743,10,853753
7094,853767,12,853779
7095,853802,2,853804
7096,853874,1,853875
7097,853927,20,853947
7098,853967,22,853989
7099,854108,27,854135
7100,854211,1,854212
7101,854248,12,854260
7102,854280,27,854307
7103,854368,3,854371
7104,854394,22,854416
7105,854553,75,854628
7106,854629,46,854675
7107,854735,5,854740
7108,854874,7,854881
7109,855181,14,855195
7110,855324,49,855373
7111,855444,2,855446
7112,855504,32,855536
7113,855661,6,855667
7114,855674,5,855679
7115,855772,16,855788
7116,855912,9,855921
7117,855942,5,855947
7118,856038,26,856064
7119,856075,37,856112
7120,856242,26,856268
7121,856305,3,856308
7122,856451,7,856458
7123,856663,21,856684
7124,856745,19,856764
7125,856868,54,856922
7126,857090,1,857091
7127,857096,13,857109
7128,857294,34,857328
7129,857344,6,857350
7130,857431,49,857480
7131,857484,2,857486
7132,857556,18,857574
7133,857577,6,857583
7134,857624,5,857629
7135,857950,2,857952
7136,857996,10,858006
7137,858062,5,858067
7138,858072,25,858097
7139,858228,17,858245
7140,858302,38,858340
7141,858367,10,858377
7142,858434,92,858526
7143,858692,20,858712
7144,858769,51,858820
7145,858865,5,858870
7146,858907,2,858909
7147,858915,21,858936
7148,858963,2,858965
7149,859034,18,859052
7150,859101,6,859107
7151,859199,48,859247
7152,859368,5,859373
7153,859522,3,859525
7154,859816,19,859835
7155,859851,8,859859
7156,859971,21,859992
7157,860007,60,860067
7158,860176,80,860256
7159,860278,115,860393
7160,860624,3,860627
7161,860730,8,860738
7162,860775,5,860780
7163,860888,46,860934
7164,860977,11,860988
7165,861056,26,861082
7166,861171,2,861173
7167,861376,15,861391
7168,861594,20,861614
7169,861686,7,861693
7170,861791,11,861802
7171,861898,26,861924
7172,861971,6,861977
7173,861999,62,862061
7174,862232,4,862236
7175,862256,3,862259
7176,862314,26,862340
7177,862361,1,862362
7178,862367,23,862390
7179,862534,20,862554
7180,862610,2,862612
7181,862623,50,862673
7182,862935,19,862954
7183,863599,80,863679
7184,863686,17,863703
7185,863813,12,863825
7186,863915,11,863926
7187,863989,8,863997
7188,864134,6,864140
7189,864149,107,864256
7190,864273,11,864284
7191,864418,1,864419
7192,864594,11,864605
7193,864781,17,864798
7194,864841,5,864846
7195,864997,8,865005
7196,865091,53,865144
7197,865266,4,865270
7198,865319,87,865406
7199,865440,11,865451
7200,865536,27,865563
7201,866104,26,866130
7202,866284,15,866299
7203,866770,4,866774
7204,866794,17,866811
7205,866878,61,866939
7206,867039,30,867069
7207,867074,6,867080
7208,867116,15,867131
7209,867430,5,867435
7210,867450,41,867491
7211,867492,92,867584
7212,867663,37,867700
7213,867828,52,867880
7214,867927,23,867950
7215,868110,22,868132
7216,868145,16,868161
7217,868238,10,868248
7218,868354,22,868376
7219,868427,9,868436
7220,868456,12,868468
7221,868770,6,868776
7222,868792,12,868804
7223,868826,28,868854
7224,868864,36,868900
7225,868932,2,868934
7226,869072,18,869090
7227,869092,9,869101
7228,869234,18,869252
7229,869295,65,869360
7230,869544,3,869547
7231,869695,7,869702
7232,869838,31,869869
7233,869928,44,869972
7234,870021,20,870041
7235,870134,52,870186
7236,870267,23,870290
7237,870299,46,870345
7238,870441,47,870488
7239,870498,3,870501
7240,870585,5,870590
7241,870689,10,870699
7242,870780,59,870839
7243,870902,52,870954
7244,870970,19,870989
7245,871085,37,871122
7246,871309,52,871361
7247,871416,5,871421
7248,871509,7,871516
7249,871523,29,871552
7250,871553,5,871558
7251,871562,5,871567
7252,871593,19,871612
7253,871639,22,871661
7254,871664,12,871676
7255,871761,13,871774
7256,871852,7,871859
7257,871886,7,871893
7258,872202,12,872214
7259,872261,20,872281
7260,872312,9,872321
7261,872628,37,872665
7262,872682,11,872693
7263,872695,12,872707
7264,872880,15,872895
7265,873158,48,873206
7266,873240,13,873253
7267,873391,8,873399
7268,873575,2,873577
7269,873810,22,873832
7270,874012,23,874035
7271,874177,33,874210
7272,874282,1,874283
7273,874305,26,874331
7274,874337,3,874340
7275,874426,35,874461
7276,874495,5,874500
7277,874517,8,874525
7278,874550,2,874552
7279,874682,14,874696
7280,874738,29,874767
7281,874771,25,874796
7282,875241,12,875253
7283,875360,2,875362
7284,875511,30,875541
7285,875609,17,875626
7286,875858,9,875867
7287,875986,37,876023
7288,876241,28,876269
7289,876415,2,876417
7290,876437,39,876476
7291,876638,34,876672
7292,876737,2,876739
7293,876821,16,876837
7294,876920,3,876923
7295,877041,7,877048
7296,877101,9,877110
7297,877119,6,877125
7298,877316,64,877380
7299,877420,6,877426
7300,877488,8,877496
7301,877663,1,877664
7302,877853,4,877857
7303,878111,5,878116
7304,878136,22,878158
7305,878233,4,878237
7306,878256,26,878282
7307,878334,8,878342
7308,878643,6,878649
7309,878657,71,878728
7310,878739,7,878746
7311,879004,21,879025
7312,879073,14,879087
7313,879167,8,879175
7314,879256,25,879281
7315,879447,17,879464
7316,879607,13,879620
7317,879657,36,879693
7318,879768,25,879793
7319,879826,3,879829
7320,879850,1,879851
7321,879855,29,879884
7322,880101,5,880106
7323,880167,1,880168
7324,880179,13,880192
7325,880235,6,880241
7326,880354,4,880358
7327,880407,6,880413
7328,880475,16,880491
7329,880654,13,880667
7330,880986,1,880987
7331,881072,18,881090
7332,881109,78,881187
7333,881310,1,881311
7334,881420,2,881422
7335,881566,9,881575
7336,881670,2,881672
7337,881962,3,881965
7338,881976,27,882003
7339,882233,8,882241
7340,882300,30,882330
7341,882406,3,882409
7342,882532,17,882549
7343,882640,34,882674
7344,882790,11,882801
7345,882876,7,882883
7346,883006,25,883031
7347,883114,8,883122
7348,883266,17,883283
7349,883311,15,883326
7350,883336,14,883350
7351,883367,9,883376
7352,883400,2,883402
7353,883427,11,883438
7354,883543,12,883555
7355,883614,10,883624
7356,883789,24,883813
7357,884030,13,884043
7358,884050,19,884069
7359,884126,5,884131
7360,884155,14,884169
7361,884261,20,884281
7362,884320,9,884329
7363,884366,34,884400
7364,884418,28,884446
7365,884540,31,884571
7366,884649,2,884651
7367,884668,37,884705
7368,884747,5,884752
7369,885014,12,885026
7370,885062,48,885110
7371,885135,19,885154
7372,885267,19,885286
7373,885375,2,885377
7374,885429,23,885452
7375,885517,25,885542
7376,885548,3,885551
7377,885705,24,885729
7378,885989,13,886002
7379,886180,6,886186
7380,886253,15,886268
7381,886463,26,886489
7382,886631,12,886643
7383,886708,32,886740
7384,886752,56,886808
7385,886935,22,886957
7386,887080,6,887086
7387,887089,17,887106
7388,887165,6,887171
7389,887508,21,887529
7390,887542,76,887618
7391,887668,22,887690
7392,888012,30,888042
7393,888074,35,888109
7394,888415,10,888425
7395,888542,52,888594
7396,888662,6,888668
7397,888913,7,888920
7398,888926,31,888957
7399,889426,8,889434
7400,889590,48,889638
7401,889698,8,889706
7402,889891,26,889917
7403,889976,4,889980
7404,890014,13,890027
7405,890064,36,890100
7406,890184,7,890191
7407,890246,2,890248
7408,890253,13,890266
7409,890458,16,890474
7410,890591,8,890599
7411,891033,8,891041
7412,891052,4,891056
7413,891070,13,891083
7414,891103,13,891116
7415,891167,5,891172
7416,891358,40,891398
7417,891519,9,891528
7418,891595,13,891608
7419,892031,21,892052
7420,892135,12,892147
7421,892458,19,892477
7422,892557,22,892579
7423,892649,3,892652
7424,892807,20,892827
7425,893048,6,893054
7426,893112,2,893114
7427,893140,5,893145
7428,893400,16,893416
7429,893428,16,893444
7430,893582,2,893584
7431,893744,19,893763
7432,893860,7,893867
7433,893910,30,893940
7434,894063,7,894070
7435,894177,30,894207
7436,894252,45,894297
7437,894328,2,894330
7438,894357,19,894376
7439,894490,28,894518
7440,894809,24,894833
7441,894862,40,894902
7442,894938,1,894939
7443,894975,52,895027
7444,895222,55,895277
7445,895292,1,895293
7446,895296,17,895313
7447,895331,18,895349
7448,895354,36,895390
7449,895404,53,895457
7450,895511,39,895550
7451,895643,1,895644
7452,895681,11,895692
7453,895809,5,895814
7454,896206,10,896216
7455,896375,10,896385
7456,896446,4,896450
7457,896749,79,896828
7458,896895,13,896908
7459,897260,16,897276
7460,897379,1,897380
7461,897702,1,897703
7462,897836,1,897837
7463,897846,12,897858
7464,897934,16,897950
7465,897987,15,898002
7466,898207,14,898221
7467,898572,14,898586
7468,898606,2,898608
7469,898609,23,898632
7470,898731,7,898738
7471,898779,17,898796
7472,898937,8,898945
7473,898954,39,898993
7474,899002,11,899013
7475,899037,2,899039
7476,899098,9,899107
7477,899112,11,899123
7478,899160,10,899170
7479,899190,27,899217
7480,899234,1,899235
7481,899480,40,899520
7482,899536,27,899563
7483,899568,4,899572
7484,899622,1,899623
7485,899677,14,899691
7486,899717,65,899782
7487,899813,9,899822
7488,899925,17,899942
7489,900237,4,900241
7490,900334,14,900348
7491,900385,1,900386
7492,900419,7,900426
7493,900435,200,900635
7494,900644,64,900708
7495,900816,14,900830
7496,900946,6,900952
7497,901006,11,901017
7498,901027,7,901034
7499,901314,7,901321
7500,901348,11,901359
7501,901636,27,901663
7502,901712,34,901746
7503,901786,15,901801
7504,902039,10,902049
7505,902093,5,902098
7506,902131,14,902145
7507,902165,4,902169
7508,902232,16,902248
7509,902281,13,902294
7510,902319,17,902336
7511,902386,35,902421
7512,902481,16,902497
7513,902562,32,902594
7514,902761,26,902787
7515,903104,17,903121
7516,903394,47,903441
7517,903529,31,903560
7518,903617,4,903621
7519,903633,50,903683
7520,903732,6,903738
7521,904055,48,904103
7522,904144,21,904165
7523,904354,95,904449
7524,904566,31,904597
7525,904903,23,904926
7526,905168,9,905177
7527,905315,2,905317
7528,905362,1,905363
7529,905519,10,905529
7530,905530,29,905559
7531,905612,9,905621
7532,905639,40,905679
7533,905698,37,905735
7534,905943,2,905945
7535,905970,15,905985
7536,906038,4,906042
7537,906045,63,906108
7538,906226,36,906262
7539,906383,22,906405
7540,906473,15,906488
7541,906603,38,906641
7542,906882,2,906884
7543,906904,20,906924
7544,907121,18,907139
7545,907396,40,907436
7546,907527,33,907560
7547,907754,15,907769
7548,907778,1,907779
7549,907812,42,907854
7550,907916,17,907933
7551,908087,27,908114
7552,908143,80,908223
7553,908328,33,908361
7554,908367,88,908455
7555,908495,4,908499
7556,908664,87,908751
7557,908855,25,908880
7558,908931,27,908958
7559,908965,29,908994
7560,908995,12,909007
7561,909092,16,909108
7562,909136,12,909148
7563,909243,12,909255
7564,909405,10,909415
7565,909688,32,909720
7566,909853,22,909875
7567,909997,17,910014
7568,910133,17,910150
7569,910179,29,910208
7570,910221,75,910296
7571,910311,6,910317
7572,910380,8,910388
7573,910397,2,910399
7574,910420,64,910484
7575,910504,22,910526
7576,910651,1,910652
7577,910778,2,910780
7578,910878,10,910888
7579,911107,10,911117
7580,911211,12,911223
7581,911225,7,911232
7582,911275,7,911282
7583,911544,14,911558
7584,911650,19,911669
7585,911761,24,911785
7586,912091,18,912109
7587,912170,6,912176
7588,912230,23,912253
7589,912466,16,912482
7590,912580,32,912612
7591,912692,4,912696
7592,912732,33,912765
7593,912968,41,913009
7594,913045,38,913083
7595,913126,16,913142
7596,913183,10,913193
7597,913217,16,913233
7598,913253,8,913261
7599,913302,64,913366
7600,913398,23,913421
7601,913589,5,913594
7602,913810,87,913897
7603,913906,3,913909
7604,914032,8,914040
7605,914265,57,914322
7606,914369,25,914394
7607,914531,23,914554
7608,914624,5,914629
7609,914767,1,914768
7610,914816,18,914834
7611,914902,15,914917
7612,915105,43,915148
7613,915214,13,915227
7614,915487,25,915512
7615,915540,41,915581
7616,915742,102,915844
7617,915897,13,915910
7618,915939,44,915983
7619,916202,21,916223
7620,916226,2,916228
7621,916333,35,916368
7622,916405,11,916416
7623,916431,36,916467
7624,916475,56,916531
7625,916576,5,916581
7626,916654,2,916656
7627,916720,41,916761
7628,916783,17,916800
7629,917014,17,917031
7630,917115,1,917116
7631,917276,7,917283
7632,917312,5,917317
7633,917351,9,917360
7634,917481,8,917489
7635,917522,40,917562
7636,918020,2,918022
7637,918248,14,918262
7638,918325,34,918359
7639,918404,50,918454
7640,918557,55,918612
7641,918709,22,918731
7642,918784,5,918789
7643,918990,24,919014
7644,919046,1,919047
7645,919132,2,919134
7646,919302,8,919310
7647,919353,4,919357
7648,919399,7,919406
7649,919454,6,919460
7650,919495,50,919545
7651,919771,60,919831
7652,919864,22,919886
7653,919973,26,919999
7654,920066,29,920095
7655,920151,8,920159
7656,920387,6,920393
7657,920456,2,920458
7658,920533,26,920559
7659,920614,40,920654
7660,920682,15,920697
7661,920731,11,920742
7662,920943,41,920984
7663,920989,39,921028
7664,921149,7,921156
7665,921199,11,921210
7666,921240,40,921280
7667,921284,41,921325
7668,921386,16,921402
7669,921449,9,921458
7670,921466,7,921473
7671,921626,13,921639
7672,921914,27,921941
7673,922035,8,922043
7674,922075,9,922084
7675,922114,65,922179
7676,922282,8,922290
7677,922316,11,922327
7678,922455,22,922477
7679,922550,5,922555
7680,922644,7,922651
7681,922695,31,922726
7682,922748,15,922763
7683,922847,4,922851
7684,922896,26,922922
7685,922970,8,922978
7686,923331,20,923351
7687,923860,32,923892
7688,923939,35,923974
7689,924098,72,924170
7690,924187,22,924209
7691,924237,17,924254
7692,924331,4,924335
7693,924435,6,924441
7694,924610,4,924614
7695,924679,16,924695
7696,924741,12,924753
7697,924809,4,924813
7698,924816,9,924825
7699,924899,1,924900
7700,924975,65,925040
7701,925084,8,925092
7702,925479,20,925499
7703,925509,23,925532
7704,925774,23,925797
7705,926011,2,926013
7706,926129,8,926137
7707,926230,20,926250
7708,926354,26,926380
7709,926420,11,926431
7710,926507,44,926551
7711,926676,72,926748
7712,926781,13,926794
7713,926795,12,926807
7714,926990,9,926999
7715,927103,1,927104
7716,927365,15,927380
7717,927420,17,927437
7718,927461,4,927465
7719,927491,31,927522
7720,927657,24,927681
7721,927726,17,927743
7722,928046,17,928063
7723,928170,26,928196
7724,928373,5,928378
7725,928575,1,928576
7726,928616,10,928626
7727,928642,2,928644
7728,928950,6,928956
7729,929029,23,929052
7730,929134,132,929266
7731,929273,28,929301
7732,929310,24,929334
7733,929348,15,929363
7734,929450,17,929467
7735,929474,22,929496
7736,929589,1,929590
7737,929622,9,929631
7738,929726,59,929785
7739,929841,11,929852
7740,929862,28,929890
7741,929938,2,929940
7742,930061,97,930158
7743,930160,35,930195
7744,930227,8,930235
7745,930381,39,930420
7746,930584,41,930625
7747,930691,4,930695
7748,931131,21,931152
7749,931206,21,931227
7750,931327,35,931362
7751,931414,3,931417
7752,931453,30,931483
7753,931517,26,931543
7754,931599,8,931607
7755,931649,29,931678
7756,931774,23,931797
7757,931838,1,931839
7758,931971,17,931988
7759,932366,5,932371
7760,932489,3,932492
7761,932507,14,932521
7762,932649,16,932665
7763,932669,46,932715
7764,932792,8,932800
7765,932867,2,932869
7766,932972,6,932978
7767,933025,22,933047
7768,933396,20,933416
7769,933577,8,933585
7770,933808,10,933818
7771,933972,14,933986
7772,934031,2,934033
7773,934162,10,934172
7774,934215,7,934222
7775,934230,5,934235
7776,934325,24,934349
7777,934410,55,934465
7778,934469,3,934472
7779,934494,43,934537
7780,934767,13,934780
7781,935056,32,935088
7782,935203,7,935210
7783,935346,7,935353
7784,935360,22,935382
7785,935392,34,935426
7786,935523,2,935525
7787,935532,6,935538
7788,935837,39,935876
7789,935962,2,935964
7790,936063,4,936067
7791,936271,4,936275
7792,936377,32,936409
7793,936556,3,936559
7794,936794,63,936857
7795,936865,108,936973
7796,937137,16,937153
7797,937194,30,937224
7798,937272,50,937322
7799,937453,2,937455
7800,937457,2,937459
7801,937508,5,937513
7802,937523,21,937544
7803,937609,65,937674
7804,937675,69,937744
7805,937790,30,937820
7806,937827,2,937829
7807,937899,26,937925
7808,938180,12,938192
7809,938391,1,938392
7810,938478,51,938529
7811,938816,16,938832
7812,938888,15,938903
7813,938977,9,938986
7814,939042,17,939059
7815,939076,2,939078
7816,939219,7,939226
7817,939264,4,939268
7818,939377,17,939394
7819,939459,77,939536
7820,939616,14,939630
7821,939633,18,939651
7822,939728,4,939732
7823,939913,24,939937
7824,939959,12,939971
7825,939974,43,940017
7826,940148,3,940151
7827,940220,47,940267
7828,940308,9,940317
7829,940341,20,940361
7830,940400,8,940408
7831,940429,29,940458
7832,940587,31,940618
7833,940653,30,940683
7834,940749,9,940758
7835,940797,3,940800
7836,940856,13,940869
7837,940992,3,940995
7838,941025,61,941086
7839,941135,17,941152
7840,941203,6,941209
7841,941310,2,941312
7842,941517,66,941583
7843,941919,12,941931
7844,942102,98,942200
7845,942389,4,942393
7846,942540,41,942581
7847,942949,19,942968
7848,942991,20,943011
7849,943121,10,943131
7850,943156,2,943158
7851,943206,40,943246
7852,943272,39,943311
7853,943418,13,943431
7854,943465,9,943474
7855,943487,5,943492
7856,943701,23,943724
7857,943883,17,943900
7858,943904,5,943909
7859,944010,2,944012
7860,944082,29,944111
7861,944119,19,944138
7862,944178,6,944184
7863,944197,14,944211
7864,944241,24,944265
7865,944311,6,944317
7866,944402,91,944493
7867,944670,3,944673
7868,944847,9,944856
7869,944868,9,944877
7870,945039,43,945082
7871,945146,27,945173
7872,945391,23,945414
7873,945564,2,945566
7874,945573,19,945592
7875,945645,4,945649
7876,945742,1,945743
7877,945861,10,945871
7878,945918,5,945923
7879,945975,12,945987
7880,946064,24,946088
7881,946123,2,946125
7882,946176,2,946178
7883,946228,2,946230
7884,946452,33,946485
7885,946534,10,946544
7886,946556,4,946560
7887,946598,33,946631
7888,946980,4,946984
7889,947029,10,947039
7890,947191,29,947220
7891,947335,14,947349
7892,947367,2,947369
7893,947417,55,947472
7894,947504,24,947528
7895,947539,4,947543
7896,947708,16,947724
7897,947737,10,947747
7898,947792,36,947828
7899,947843,19,947862
7900,947882,1,947883
7901,948141,4,948145
7902,948156,28,948184
7903,948238,7,948245
7904,948265,3,948268
7905,948446,11,948457
7906,948464,76,948540
7907,948738,18,948756
7908,949006,8,949014
7909,949083,76,949159
7910,949396,27,949423
7911,949473,18,949491
7912,949567,1,949568
7913,949660,4,949664
7914,949788,27,949815
7915,949870,7,949877
7916,949990,7,949997
7917,950030,4,950034
7918,950071,7,950078
7919,950122,26,950148
7920,950249,11,950260
7921,950586,43,950629
7922,950658,18,950676
7923,950804,34,950838
7924,950882,5,950887
7925,950939,16,950955
7926,950995,18,951013
7927,951244,18,951262
7928,951438,10,951448
7929,951753,25,951778
7930,951914,10,951924
7931,952012,22,952034
7932,952220,24,952244
7933,952341,8,952349
7934,952399,10,952409
7935,952635,3,952638
7936,952670,3,952673
7937,952925,55,952980
7938,953001,28,953029
7939,953304,15,953319
7940,953412,21,953433
7941,953524,24,953548
7942,953680,10,953690
7943,953760,14,953774
7944,953886,18,953904
7945,954055,1,954056
7946,954251,1,954252
7947,954346,2,954348
7948,954400,36,954436
7949,954614,5,954619
7950,954629,52,954681
7951,954754,6,954760
7952,955020,10,955030
7953,955119,6,955125
7954,955156,57,955213
7955,955436,22,955458
7956,955468,3,955471
7957,955616,85,955701
7958,955703,10,955713
7959,955770,49,955819
7960,955837,58,955895
7961,956338,3,956341
7962,956433,30,956463
7963,956577,22,956599
7964,956658,4,956662
7965,956682,15,956697
7966,956734,1,956735
7967,956915,3,956918
7968,956986,9,956995
7969,957025,9,957034
7970,957122,43,957165
7971,957191,11,957202
7972,957356,3,957359
7973,957456,13,957469
7974,957597,5,957602
7975,957658,12,957670
7976,957944,9,957953
7977,958008,37,958045
7978,958438,16,958454
7979,958502,2,958504
7980,958652,12,958664
7981,958692,28,958720
7982,958777,54,958831
7983,959119,28,959147
7984,959249,42,959291
7985,959731,28,959759
7986,960092,19,960111
7987,960256,15,960271
7988,960420,62,960482
7989,960598,2,960600
7990,960765,12,960777
7991,960808,9,960817
7992,960823,9,960832
7993,960855,68,960923
7994,961182,15,961197
7995,961327,1,961328
7996,961360,12,961372
7997,961376,5,961381
7998,961440,26,961466
7999,961515,1,961516
8000,961793,11,961804
8001,961958,6,961964
8002,962059,2,962061
8003,962070,55,962125
8004,962152,9,962161
8005,962245,7,962252
8006,962429,15,962444
8007,962508,6,962514
8008,962542,8,962550
8009,962952,12,962964
8010,962975,4,962979
8011,963001,6,963007
8012,963053,68,963121
8013,963154,55,963209
8014,963371,16,963387
8015,963567,23,963590
8016,963678,6,963684
8017,963706,8,963714
8018,963807,61,963868
8019,963886,14,963900
8020,964085,42,964127
8021,964226,25,964251
8022,964306,12,964318
8023,964386,2,964388
8024,964396,12,964408
8025,964479,3,964482
8026,964542,16,964558
8027,964563,87,964650
8028,964677,10,964687
8029,964738,23,964761
8030,964924,10,964934
8031,964941,12,964953
8032,965051,4,965055
8033,965127,50,965177
8034,965201,4,965205
8035,965245,34,965279
8036,965294,17,965311
8037,965356,3,965359
8038,965394,20,965414
8039,965423,6,965429
8040,965468,19,965487
8041,965816,46,965862
8042,966149,6,966155
8043,966227,6,966233
8044,966251,5,966256
8045,966264,11,966275
8046,966404,3,966407
8047,966609,28,966637
8048,966647,43,966690
8049,966767,16,966783
8050,966887,16,966903
8051,966954,3,966957
8052,967267,17,967284
8053,967424,26,967450
8054,967635,11,967646
8055,967666,1,967667
8056,967729,21,967750
8057,967879,18,967897
8058,967988,28,968016
8059,968133,17,968150
8060,968154,24,968178
8061,968230,14,968244
8062,968380,23,968403
8063,968504,62,968566
8064,968636,6,968642
8065,968849,17,968866
8066,968995,10,969005
8067,969093,7,969100
8068,969148,2,969150
8069,969418,9,969427
8070,969466,4,969470
8071,969587,16,969603
8072,969686,5,969691
8073,969723,82,969805
8074,970018,12,970030
8075,970154,2,970156
8076,970256,35,970291
8077,970316,7,970323
8078,970500,14,970514
8079,970665,19,970684
8080,970797,33,970830
8081,971050,5,971055
8082,971071,1,971072
8083,971154,17,971171
8084,971207,13,971220
8085,971353,15,971368
8086,971396,10,971406
8087,971410,1,971411
8088,971457,9,971466
8089,971525,32,971557
8090,971621,16,971637
8091,971799,9,971808
8092,971966,8,971974
8093,972140,1,972141
8094,972205,5,972210
8095,972261,20,972281
8096,972353,3,972356
8097,972505,5,972510
8098,972633,28,972661
8099,972705,5,972710
8100,972757,1,972758
8101,972898,11,972909
8102,973046,10,973056
8103,973094,12,973106
8104,973184,23,973207
8105,973268,27,973295
8106,973399,5,973404
8107,973484,7,973491
8108,973544,4,973548
8109,973596,9,973605
8110,973910,12,973922
8111,974064,11,974075
8112,974206,65,974271
8113,974373,44,974417
8114,974458,5,974463
8115,974464,31,974495
8116,974617,70,974687
8117,974717,4,974721
8118,974724,4,974728
8119,974796,13,974809
8120,975085,23,975108
8121,975129,129,975258
8122,975447,2,975449
8123,975540,3,975543
8124,975640,2,975642
8125,975673,27,975700
8126,975923,2,975925
8127,975932,32,975964
8128,975965,24,975989
8129,976062,31,976093
8130,976188,8,976196
8131,976227,94,976321
8132,976436,2,976438
8133,976508,44,976552
8134,976567,17,976584
8135,976786,22,976808
8136,976879,9,976888
8137,977037,4,977041
8138,977063,56,977119
8139,977380,33,977413
8140,977416,23,977439
8141,977446,4,977450
8142,977459,16,977475
8143,977506,1,977507
8144,977591,6,977597
8145,977617,18,977635
8146,977805,24,977829
8147,977907,15,977922
8148,977956,1,977957
8149,978427,59,978486
8150,978527,19,978546
8151,978595,3,978598
8152,978681,16,978697
8153,978794,23,978817
8154,978832,10,978842
8155,978896,17,978913
8156,978975,14,978989
8157,979016,8,979024
8158,979178,8,979186
8159,979203,12,979215
8160,979256,47,979303
8161,979343,50,979393
8162,979510,57,979567
8163,979598,11,979609
8164,980228,23,980251
8165,980357,6,980363
8166,980499,18,980517
8167,980813,35,980848
8168,980879,3,980882
8169,980934,12,980946
8170,980965,17,980982
8171,981016,38,981054
8172,981193,4,981197
8173,981230,15,981245
8174,981252,15,981267
8175,981273,29,981302
8176,981615,3,981618
8177,981752,46,981798
8178,981934,21,981955
8179,982025,3,982028
8180,982117,2,982119
8181,982169,39,982208
8182,982344,46,982390
8183,982715,19,982734
8184,982785,39,982824
8185,982974,23,982997
8186,983002,1,983003
8187,983101,37,983138
8188,983168,51,983219
8189,983221,25,983246
8190,983272,6,983278
8191,983495,66,983561
8192,983626,17,983643
8193,983800,18,983818
8194,983843,8,983851
8195,983939,3,983942
8196,984050,6,984056
8197,984177,21,984198
8198,984295,1,984296
8199,984348,16,984364
8200,984497,20,984517
8201,984520,41,984561
8202,984592,5,984597
8203,984754,14,984768
8204,984918,23,984941
8205,984984,15,984999
8206,985112,4,985116
8207,985333,2,985335
8208,985480,14,985494
8209,985625,2,985627
8210,985941,91,986032
8211,986109,18,986127
8212,986217,35,986252
8213,986300,26,986326
8214,986491,6,986497
8215,986750,15,986765
8216,986788,25,986813
8217,986826,14,986840
8218,986844,10,986854
8219,986964,23,986987
8220,987161,15,987176
8221,987252,7,987259
8222,987288,44,987332
8223,987374,4,987378
8224,987461,9,987470
8225,987473,16,987489
8226,987540,7,987547
8227,987688,12,987700
8228,987855,5,987860
8229,987953,1,987954
8230,988040,5,988045
8231,988100,32,988132
8232,988135,17,988152
8233,988242,34,988276
8234,988282,19,988301
8235,988410,3,988413
8236,988489,3,988492
8237,988523,20,988543
8238,988643,26,988669
8239,988705,46,988751
8240,988782,1,988783
8241,988946,40,988986
8242,989407,2,989409
8243,989595,22,989617
8244,989650,15,989665
8245,989673,20,989693
8246,989747,28,989775
8247,989804,30,989834
8248,989947,54,990001
8249,990247,42,990289
8250,990312,21,990333
8251,990431,10,990441
8252,990647,27,990674
8253,990688,27,990715
8254,990781,12,990793
8255,990891,4,990895
8256,991141,8,991149
8257,991336,7,991343
8258,991364,39,991403
8259,991415,10,991425
8260,991468,6,991474
8261,991574,10,991584
8262,991783,99,991882
8263,992090,13,992103
8264,992185,58,992243
8265,992269,19,992288
8266,992524,5,992529
8267,992531,44,992575
8268,992636,6,992642
8269,992813,16,992829
8270,992857,34,992891
8271,992948,19,992967
8272,993152,7,993159
8273,993373,12,993385
8274,993386,39,993425
8275,993429,8,993437
8276,993536,5,993541
8277,993568,18,993586
8278,993783,75,993858
8279,993890,6,993896
8280,993925,13,993938
8281,993993,16,994009
8282,994017,12,994029
8283,994133,38,994171
8284,994185,11,994196
8285,994235,1,994236
8286,994251,79,994330
8287,994380,4,994384
8288,994393,20,994413
8289,994429,19,994448
8290,994615,4,994619
8291,994722,11,994733
8292,995383,10,995393
8293,995493,13,995506
8294,995564,68,995632
8295,995667,38,995705
8296,995793,10,995803
8297,995842,4,995846
8298,996233,13,996246
8299,996276,12,996288
8300,996366,11,996377
8301,996464,33,996497
8302,996581,3,996584
8303,996591,7,996598
8304,996622,14,996636
8305,996802,80,996882
8306,996896,13,996909
8307,996926,19,996945
8308,997451,58,997509
8309,997628,4,997632
8310,997751,18,997769
8311,997797,3,997800
8312,997814,10,997824
8313,997829,24,997853
8314,997950,11,997961
8315,997979,10,997989
8316,998199,53,998252
8317,998279,16,998295
8318,998350,6,998356
8319,998440,11,998451
8320,998536,11,998547
8321,998663,16,998679
8322,998802,2,998804
8323,998875,4,998879
8324,999004,4,999008
8325,999143,55,999198
8326,999323,2,999325
8327,999410,22,999432
8328,999715,1,999716
8329,999909,111,1000020
8330,1000133,18,1000151
8331,1000401,35,1000436
8332,1000469,12,1000481
8333,1000618,1,1000619
8334,1000748,21,1000769
8335,1000775,56,1000831
8336,1001098,10,1001108
8337,1001176,3,1001179
8338,1001199,22,1001221
8339,1001519,14,1001533
8340,1001743,32,1001775
8341,1001976,15,1001991
8342,1002078,6,1002084
8343,1002270,30,1002300
8344,1002382,19,1002401
8345,1002456,58,1002514
8346,1002682,17,1002699
8347,1002727,77,1002804
8348,1002941,3,1002944
8349,1003007,30,1003037
8350,1003063,28,1003091
8351,1003315,24,1003339
8352,1003456,9,1003465
8353,1003481,13,1003494
8354,1003699,13,1003712
8355,1003782,15,1003797
8356,1003820,6,1003826
8357,1003883,4,1003887
8358,1003917,4,1003921
8359,1003940,14,1003954
8360,1003986,7,1003993
8361,1004075,6,1004081
8362,1004137,6,1004143
8363,1004161,13,1004174
8364,1004195,17,1004212
8365,1004267,52,1004319
8366,1004649,1,1004650
8367,1004681,2,1004683
8368,1004723,42,1004765
8369,1005006,33,1005039
8370,1005093,7,1005100
8371,1005112,7,1005119
8372,1005131,1,1005132
8373,1005266,37,1005303
8374,1005377,10,1005387
8375,1005449,5,1005454
8376,1005594,3,1005597
8377,1005620,17,1005637
8378,1005761,1,1005762
8379,1005807,5,1005812
8380,1005900,11,1005911
8381,1005924,12,1005936
8382,1006214,9,1006223
8383,1006352,30,1006382
8384,1006906,63,1006969
8385,1007139,4,1007143
8386,1007171,1,1007172
8387,1007193,18,1007211
8388,1007242,16,1007258
8389,1007394,106,1007500
8390,1007521,19,1007540
8391,1007566,4,1007570
8392,1007739,4,1007743
8393,1007778,6,1007784
8394,1007792,17,1007809
8395,1007885,32,1007917
8396,1008087,72,1008159
8397,1008303,5,1008308
8398,1008356,21,1008377
8399,1008525,9,1008534
8400,1008542,12,1008554
8401,1008602,27,1008629
8402,1008639,5,1008644
8403,1008743,9,1008752
8404,1008897,8,1008905
8405,1009087,47,1009134
8406,1009141,26,1009167
8407,1009191,18,1009209
8408,1009465,24,1009489
8409,1009554,30,1009584
8410,1009661,32,1009693
8411,1009866,23,1009889
8412,1009950,1,1009951
8413,1009984,21,1010005
8414,1010042,8,1010050
8415,1010065,13,1010078
8416,1010092,44,1010136
8417,1010138,16,1010154
8418,1010274,36,1010310
8419,1010351,16,1010367
8420,1010533,15,1010548
8421,1010572,10,1010582
8422,1010583,26,1010609
8423,1010660,24,1010684
8424,1010854,48,1010902
8425,1010928,38,1010966
8426,1011053,9,1011062
8427,1011225,19,1011244
8428,1011337,17,1011354
8429,1011391,25,1011416
8430,1011492,24,1011516
8431,1011557,4,1011561
8432,1011586,26,1011612
8433,1011658,4,1011662
8434,1011720,8,1011728
8435,1011812,2,1011814
8436,1011876,20,1011896
8437,1012030,6,1012036
8438,1012093,2,1012095
8439,1012318,47,1012365
8440,1012426,29,1012455
8441,1012577,73,1012650
8442,1012651,1,1012652
8443,1012686,90,1012776
8444,1012893,15,1012908
8445,1013030,24,1013054
8446,1013436,5,1013441
8447,1013488,19,1013507
8448,1013662,61,1013723
8449,1013739,22,1013761
8450,1013822,7,1013829
8451,1013846,41,1013887
8452,1013890,14,1013904
8453,1014055,8,1014063
8454,1014179,23,1014202
8455,1014458,79,1014537
8456,1014619,9,1014628
8457,1014662,6,1014668
8458,1014800,33,1014833
8459,1014903,14,1014917
8460,1014985,45,1015030
8461,1015193,89,1015282
8462,1015482,37,1015519
8463,1015905,5,1015910
8464,1015933,41,1015974
8465,1016004,2,1016006
8466,1016075,59,1016134
8467,1016249,5,1016254
8468,1016441,18,1016459
8469,1016542,9,1016551
8470,1016583,29,1016612
8471,1016621,23,1016644
8472,1016674,5,1016679
8473,1016796,21,1016817
8474,1016820,64,1016884
8475,1016968,25,1016993
8476,1017129,10,1017139
8477,1017155,2,1017157
8478,1017207,9,1017216
8479,1017417,19,1017436
8480,1017453,12,1017465
8481,1017487,67,1017554
8482,1017648,5,1017653
8483,1017760,1,1017761
8484,1017815,1,1017816
8485,1017818,19,1017837
8486,1018087,24,1018111
8487,1018232,37,1018269
8488,1018344,74,1018418
8489,1018541,21,1018562
8490,1018587,8,1018595
8491,1018945,21,1018966
8492,1019011,43,1019054
8493,1019073,14,1019087
8494,1019092,66,1019158
8495,1019180,6,1019186
8496,1019221,19,1019240
8497,1019444,2,1019446
8498,1019537,55,1019592
8499,1019622,40,1019662
8500,1019721,21,1019742
8501,1019758,2,1019760
8502,1019769,1,1019770
8503,1019859,8,1019867
8504,1020070,37,1020107
8505,1020270,3,1020273
8506,1020514,8,1020522
8507,1020608,6,1020614
8508,1020676,28,1020704
8509,1020795,55,1020850
8510,1020963,14,1020977
8511,1021150,36,1021186
8512,1021560,51,1021611
8513,1021624,5,1021629
8514,1021681,16,1021697
8515,1021743,3,1021746
8516,1021913,29,1021942
8517,1022211,20,1022231
8518,1022247,1,1022248
8519,1022262,2,1022264
8520,1022442,25,1022467
8521,1022531,4,1022535
8522,1022634,21,1022655
8523,1022673,2,1022675
8524,1022925,71,1022996
8525,1023106,26,1023132
8526,1023252,9,1023261
8527,1023708,3,1023711
8528,1023881,6,1023887
8529,1024172,40,1024212
8530,1024509,15,1024524
8531,1024628,14,1024642
8532,1024795,8,1024803
8533,1024807,50,1024857
8534,1024860,24,1024884
8535,1024894,15,1024909
8536,1024918,16,1024934
8537,1025279,1,1025280
8538,1025493,52,1025545
8539,1025580,15,1025595
8540,1025880,1,1025881
8541,1025889,10,1025899
8542,1025999,5,1026004
8543,1026118,9,1026127
8544,1026129,11,1026140
8545,1026169,24,1026193
8546,1026286,19,1026305
8547,1026308,39,1026347
8548,1026683,16,1026699
8549,1026750,58,1026808
8550,1026850,20,1026870
8551,1027004,48,1027052
8552,1027115,17,1027132
8553,1027173,2,1027175
8554,1027254,8,1027262
8555,1027498,5,1027503
8556,1027632,21,1027653
8557,1027716,10,1027726
8558,1027823,6,1027829
8559,1028152,18,1028170
8560,1028278,5,1028283
8561,1028356,22,1028378
8562,1028503,2,1028505
8563,1028623,1,1028624
8564,1028702,1,1028703
8565,1028747,21,1028768
8566,1028918,4,1028922
8567,1028932,2,1028934
8568,1028973,2,1028975
8569,1028999,7,1029006
8570,1029112,3,1029115
8571,1029180,21,1029201
8572,1029209,29,1029238
8573,1029598,28,1029626
8574,1029629,24,1029653
8575,1029961,1,1029962
8576,1029981,23,1030004
8577,1030469,24,1030493
8578,1030797,81,1030878
8579,1030882,84,1030966
8580,1031180,6,1031186
8581,1031280,3,1031283
8582,1031358,8,1031366
8583,1031416,20,1031436
8584,1031673,11,1031684
8585,1032222,17,1032239
8586,1032327,53,1032380
8587,1032530,2,1032532
8588,1032621,43,1032664
8589,1032763,24,1032787
8590,1032808,1,1032809
8591,1032844,13,1032857
8592,1032981,4,1032985
8593,1033199,34,1033233
8594,1033287,10,1033297
8595,1033384,21,1033405
8596,1033444,21,1033465
8597,1033622,50,1033672
8598,1033754,5,1033759
8599,1033819,9,1033828
8600,1033968,6,1033974
8601,1034271,45,1034316
8602,1034531,30,1034561
8603,1034656,39,1034695
8604,1034742,22,1034764
8605,1034768,62,1034830
8606,1034993,26,1035019
8607,1035076,7,1035083
8608,1035127,17,1035144
8609,1035234,5,1035239
8610,1035299,17,1035316
8611,1035391,47,1035438
8612,1035709,18,1035727
8613,1035730,7,1035737
8614,1035752,15,1035767
8615,1035921,4,1035925
8616,1035998,1,1035999
8617,1036160,33,1036193
8618,1036207,21,1036228
8619,1036238,33,1036271
8620,1036340,71,1036411
8621,1036529,9,1036538
8622,1036790,17,1036807
8623,1036837,19,1036856
8624,1037024,5,1037029
8625,1037063,5,1037068
8626,1037143,45,1037188
8627,1037380,35,1037415
8628,1037484,9,1037493
8629,1037501,3,1037504
8630,1037545,1,1037546
8631,1037580,19,1037599
8632,1037668,24,1037692
8633,1037759,5,1037764
8634,1037821,39,1037860
8635,1038165,30,1038195
8636,1038296,6,1038302
8637,1038519,36,1038555
8638,1038666,9,1038675
8639,1038786,62,1038848
8640,1039114,12,1039126
8641,1039239,11,1039250
8642,1039363,20,1039383
8643,1039424,18,1039442
8644,1039494,12,1039506
8645,1039619,38,1039657
8646,1039856,15,1039871
8647,1040018,14,1040032
8648,1040136,4,1040140
8649,1040184,3,1040187
8650,1040583,5,1040588
8651,1040677,3,1040680
8652,1040841,5,1040846
8653,1040973,4,1040977
8654,1041064,11,1041075
8655,1041478,12,1041490
8656,1041539,29,1041568
8657,1041597,28,1041625
8658,1041813,44,1041857
8659,1041884,8,1041892
8660,1041920,31,1041951
8661,1042182,17,1042199
8662,1042524,6,1042530
8663,1042787,2,1042789
8664,1042835,22,1042857
8665,1042947,59,1043006
8666,1043059,14,1043073
8667,1043102,6,1043108
8668,1043167,5,1043172
8669,1043328,1,1043329
8670,1043382,5,1043387
8671,1043390,16,1043406
8672,1043689,12,1043701
8673,1043707,36,1043743
8674,1043771,12,1043783
8675,1043925,47,1043972
8676,1043990,24,1044014
8677,1044276,3,1044279
8678,1044354,1,1044355
8679,1044376,3,1044379
8680,1044463,33,1044496
8681,1044542,21,1044563
8682,1044616,3,1044619
8683,1044729,27,1044756
8684,1044758,16,1044774
8685,1044875,22,1044897
8686,1044908,2,1044910
8687,1044932,1,1044933
8688,1044975,61,1045036
8689,1045116,9,1045125
8690,1045303,19,1045322
8691,1045390,3,1045393
8692,1045709,5,1045714
8693,1045834,46,1045880
8694,1046097,8,1046105
8695,1046176,8,1046184
8696,1046355,18,1046373
8697,1046390,35,1046425
8698,1046428,9,1046437
8699,1046453,153,1046606
8700,1046711,3,1046714
8701,1046788,16,1046804
8702,1046819,118,1046937
8703,1047094,10,1047104
8704,1047272,72,1047344
8705,1047592,35,1047627
8706,1047732,34,1047766
8707,1047773,7,1047780
8708,1047791,18,1047809
8709,1048045,24,1048069
8710,1048181,1,1048182
8711,1048306,13,1048319
8712,1048390,96,1048486
8713,1048496,7,1048503
8714,1048697,43,1048740
8715,1048760,73,1048833
8716,1048836,78,1048914
8717,1049034,4,1049038
8718,1049183,3,1049186
8719,1049345,17,1049362
8720,1049441,35,1049476
8721,1049575,7,1049582
8722,1049761,53,1049814
8723,1049877,10,1049887
8724,1049936,5,1049941
8725,1049949,6,1049955
8726,1050029,37,1050066
8727,1050124,14,1050138
8728,1050335,29,1050364
8729,1050448,33,1050481
8730,1050492,8,1050500
8731,1050589,25,1050614
8732,1050719,26,1050745
8733,1050789,43,1050832
8734,1050836,5,1050841
8735,1050894,2,1050896
8736,1051379,19,1051398
8737,1051427,8,1051435
8738,1051436,11,1051447
8739,1051548,10,1051558
8740,1051603,11,1051614
8741,1051623,3,1051626
8742,1051642,35,1051677
8743,1051693,2,1051695
8744,1052315,39,1052354
8745,1052507,28,1052535
8746,1052563,10,1052573
8747,1052744,20,1052764
8748,1052784,11,1052795
8749,1052969,11,1052980
8750,1053208,7,1053215
8751,1053219,7,1053226
8752,1053232,11,1053243
8753,1053273,12,1053285
8754,1053533,9,1053542
8755,1053605,10,1053615
8756,1053626,30,1053656
8757,1053783,12,1053795
8758,1053965,53,1054018
8759,1054020,12,1054032
8760,1054089,6,1054095
8761,1054099,12,1054111
8762,1054238,8,1054246
8763,1054424,8,1054432
8764,1054512,21,1054533
8765,1054733,76,1054809
8766,1054938,23,1054961
8767,1055067,1,1055068
8768,1055140,27,1055167
8769,1055318,1,1055319
8770,1055329,2,1055331
8771,1055370,18,1055388
8772,1055508,21,1055529
8773,1055754,25,1055779
8774,1056043,3,1056046
8775,1056102,44,1056146
8776,1056419,14,1056433
8777,1056509,8,1056517
8778,1056578,3,1056581
8779,1056609,6,1056615
8780,1056816,7,1056823
8781,1056889,12,1056901
8782,1057150,29,1057179
8783,1057284,15,1057299
8784,1057381,7,1057388
8785,1057497,31,1057528
8786,1057588,2,1057590
8787,1057750,3,1057753
8788,1057755,32,1057787
8789,1057992,37,1058029
8790,1058059,2,1058061
8791,1058172,37,1058209
8792,1058359,11,1058370
8793,1058443,69,1058512
8794,1058514,1,1058515
8795,1058593,14,1058607
8796,1058665,11,1058676
8797,1058684,32,1058716
8798,1058870,23,1058893
8799,1059031,7,1059038
8800,1059054,30,1059084
8801,1059090,12,1059102
8802,1059158,3,1059161
8803,1059291,7,1059298
8804,1059364,23,1059387
8805,1059520,5,1059525
8806,1059566,18,1059584
8807,1059682,33,1059715
8808,1059735,5,1059740
8809,1059828,15,1059843
8810,1059982,8,1059990
8811,1060054,66,1060120
8812,1060202,33,1060235
8813,1060236,3,1060239
8814,1060463,5,1060468
8815,1060533,56,1060589
8816,1060597,18,1060615
8817,1060750,32,1060782
8818,1061089,2,1061091
8819,1061123,10,1061133
8820,1061353,3,1061356
8821,1061509,29,1061538
8822,1061614,6,1061620
8823,1061664,29,1061693
8824,1061760,22,1061782
8825,1061792,1,1061793
8826,1061807,6,1061813
8827,1061910,2,1061912
8828,1062056,13,1062069
8829,1062079,12,1062091
8830,1062157,4,1062161
8831,1062243,43,1062286
8832,1062628,4,1062632
8833,1062662,25,1062687
8834,1062744,12,1062756
8835,1062758,1,1062759
8836,1062764,5,1062769
8837,1062871,8,1062879
8838,1062887,4,1062891
8839,1063122,25,1063147
8840,1063178,1,1063179
8841,1063258,5,1063263
8842,1063413,15,1063428
8843,1063521,53,1063574
8844,1063597,25,1063622
8845,1063624,5,1063629
8846,1063735,3,1063738
8847,1063805,45,1063850
8848,1063870,11,1063881
8849,1064004,7,1064011
8850,1064029,4,1064033
8851,1064114,5,1064119
8852,1064211,11,1064222
8853,1064282,1,1064283
8854,1064383,7,1064390
8855,1064401,6,1064407
8856,1064421,18,1064439
8857,1064500,9,1064509
8858,1064716,5,1064721
8859,1064753,4,1064757
8860,1064845,26,1064871
8861,1064941,3,1064944
8862,1065251,83,1065334
8863,1065602,29,1065631
8864,1065711,4,1065715
8865,1065764,35,1065799
8866,1065807,10,1065817
8867,1065855,46,1065901
8868,1066121,2,1066123
8869,1066236,7,1066243
8870,1066365,26,1066391
8871,1066409,11,1066420
8872,1066431,28,1066459
8873,1066461,7,1066468
8874,1066563,23,1066586
8875,1066611,41,1066652
8876,1066658,34,1066692
8877,1066777,5,1066782
8878,1066892,6,1066898
8879,1066913,4,1066917
8880,1067062,13,1067075
8881,1067091,8,1067099
8882,1067188,3,1067191
8883,1067393,37,1067430
8884,1067431,30,1067461
8885,1067487,71,1067558
8886,1067632,19,1067651
8887,1067705,14,1067719
8888,1067756,8,1067764
8889,1068004,104,1068108
8890,1068116,15,1068131
8891,1068190,8,1068198
8892,1068396,6,1068402
8893,1068466,45,1068511
8894,1068586,11,1068597
8895,1068785,29,1068814
8896,1068836,3,1068839
8897,1068865,40,1068905
8898,1069291,2,1069293
8899,1069444,3,1069447
8900,1069469,3,1069472
8901,1069710,6,1069716
8902,1069846,11,1069857
8903,1069946,27,1069973
8904,1070192,48,1070240
8905,1070323,29,1070352
8906,1070413,38,1070451
8907,1070462,2,1070464
8908,1070509,4,1070513
8909,1070832,46,1070878
8910,1070930,38,1070968
8911,1071018,1,1071019
8912,1071098,2,1071100
8913,1071327,33,1071360
8914,1071377,7,1071384
8915,1071404,13,1071417
8916,1071637,4,1071641
8917,1072035,31,1072066
8918,1072252,20,1072272
8919,1072311,25,1072336
8920,1072571,7,1072578
8921,1072588,2,1072590
8922,1072611,45,1072656
8923,1072787,64,1072851
8924,1072925,8,1072933
8925,1072958,1,1072959
8926,1073038,6,1073044
8927,1073172,21,1073193
8928,1073466,17,1073483
8929,1073578,2,1073580
8930,1073766,1,1073767
8931,1073937,3,1073940
8932,1074057,5,1074062
8933,1074313,7,1074320
8934,1074381,3,1074384
8935,1074526,6,1074532
8936,1074611,12,1074623
8937,1074801,30,1074831
8938,1074832,19,1074851
8939,1074961,6,1074967
8940,1075287,21,1075308
8941,1075329,7,1075336
8942,1075397,9,1075406
8943,1075417,20,1075437
8944,1075447,9,1075456
8945,1075668,5,1075673
8946,1075730,4,1075734
8947,1075805,15,1075820
8948,1075854,5,1075859
8949,1075861,9,1075870
8950,1075905,15,1075920
8951,1076228,18,1076246
8952,1076282,32,1076314
8953,1076318,51,1076369
8954,1076373,73,1076446
8955,1076736,33,1076769
8956,1076795,1,1076796
8957,1076835,55,1076890
8958,1077071,31,1077102
8959,1077191,3,1077194
8960,1077255,2,1077257
8961,1077477,18,1077495
8962,1077525,5,1077530
8963,1077556,2,1077558
8964,1077616,8,1077624
8965,1077628,2,1077630
8966,1077711,20,1077731
8967,1077803,7,1077810
8968,1077876,28,1077904
8969,1077951,7,1077958
8970,1078010,9,1078019
8971,1078120,8,1078128
8972,1078129,6,1078135
8973,1078469,50,1078519
8974,1078599,14,1078613
8975,1078767,3,1078770
8976,1078875,14,1078889
8977,1079134,7,1079141
8978,1079235,18,1079253
8979,1079400,6,1079406
8980,1079415,26,1079441
8981,1079487,7,1079494
8982,1079704,13,1079717
8983,1079754,34,1079788
8984,1079919,16,1079935
8985,1079981,23,1080004
8986,1080220,42,1080262
8987,1080386,12,1080398
8988,1080469,4,1080473
8989,1080606,2,1080608
8990,1080696,2,1080698
8991,1080732,32,1080764
8992,1080779,12,1080791
8993,1080835,23,1080858
8994,1080963,21,1080984
8995,1081023,23,1081046
8996,1081199,3,1081202
8997,1081281,28,1081309
8998,1081343,14,1081357
8999,1081358,2,1081360
9000,1081393,1,1081394
9001,1081495,37,1081532
9002,1081560,70,1081630
9003,1081658,26,1081684
9004,1081722,89,1081811
9005,1082007,7,1082014
9006,1082056,35,1082091
9007,1082155,16,1082171
9008,1082229,11,1082240
9009,1082352,15,1082367
9010,1082575,8,1082583
9011,1082625,6,1082631
9012,1083038,14,1083052
9013,1083183,12,1083195
9014,1083207,5,1083212
9015,1083294,3,1083297
9016,1083456,1,1083457
9017,1083576,14,1083590
9018,1083599,16,1083615
9019,1083851,8,1083859
9020,1083869,5,1083874
9021,1083895,10,1083905
9022,1083912,4,1083916
9023,1083938,13,1083951
9024,1083952,23,1083975
9025,1084293,34,1084327
9026,1084446,52,1084498
9027,1084523,1,1084524
9028,1084724,29,1084753
9029,1084889,14,1084903
9030,1084963,13,1084976
9031,1085029,78,1085107
9032,1085120,40,1085160
9033,1085195,16,1085211
9034,1085259,9,1085268
9035,1085302,8,1085310
9036,1085401,3,1085404
9037,1085463,27,1085490
9038,1085509,47,1085556
9039,1085574,4,1085578
9040,1085638,9,1085647
9041,1085760,6,1085766
9042,1085855,38,1085893
9043,1086122,31,1086153
9044,1086183,59,1086242
9045,1086345,8,1086353
9046,1086450,23,1086473
9047,1086508,19,1086527
9048,1086597,8,1086605
9049,1086729,28,1086757
9050,1087002,44,1087046
9051,1087363,13,1087376
9052,1087391,24,1087415
9053,1087452,24,1087476
9054,1087530,7,1087537
9055,1087660,10,1087670
9056,1087671,42,1087713
9057,1087875,1,1087876
9058,1087892,9,1087901
9059,1088014,3,1088017
9060,1088071,2,1088073
9061,1088092,2,1088094
9062,1088193,17,1088210
9063,1088236,42,1088278
9064,1088379,6,1088385
9065,1088391,8,1088399
9066,1088573,56,1088629
9067,1088671,7,1088678
9068,1088827,7,1088834
9069,1089425,47,1089472
9070,1089616,19,1089635
9071,1089991,31,1090022
9072,1090064,1,1090065
9073,1090100,4,1090104
9074,1090130,3,1090133
9075,1090137,2,1090139
9076,1090171,16,1090187
9077,1090190,10,1090200
9078,1090233,3,1090236
9079,1090307,34,1090341
9080,1090356,5,1090361
9081,1090474,5,1090479
9082,1090525,38,1090563
9083,1090786,23,1090809
9084,1090881,28,1090909
9085,1090971,69,1091040
9086,1091255,7,1091262
9087,1091344,3,1091347
9088,1091354,27,1091381
9089,1091419,7,1091426
9090,1091694,1,1091695
9091,1092004,43,1092047
9092,1092459,3,1092462
9093,1092477,28,1092505
9094,1092528,21,1092549
9095,1092593,2,1092595
9096,1092754,24,1092778
9097,1092826,40,1092866
9098,1092904,25,1092929
9099,1093122,16,1093138
9100,1093185,30,1093215
9101,1093248,10,1093258
9102,1093372,19,1093391
9103,1093672,3,1093675
9104,1093932,10,1093942
9105,1093968,28,1093996
9106,1094272,6,1094278
9107,1094310,37,1094347
9108,1094474,18,1094492
9109,1094590,7,1094597
9110,1094610,45,1094655
9111,1094762,13,1094775
9112,1094867,1,1094868
9113,1094872,7,1094879
9114,1095104,43,1095147
9115,1095272,4,1095276
9116,1095343,34,1095377
9117,1095427,26,1095453
9118,1095565,3,1095568
9119,1095697,11,1095708
9120,1095801,55,1095856
9121,1095907,2,1095909
9122,1096121,31,1096152
9123,1096159,3,1096162
9124,1096168,10,1096178
9125,1096238,7,1096245
9126,1096308,40,1096348
9127,1096373,20,1096393
9128,1096644,27,1096671
9129,1096729,3,1096732
9130,1096864,3,1096867
9131,1096881,23,1096904
9132,1097174,32,1097206
9133,1097218,3,1097221
9134,1097421,25,1097446
9135,1097592,8,1097600
9136,1097925,19,1097944
9137,1097946,19,1097965
9138,1098073,2,1098075
9139,1098110,15,1098125
9140,1098128,26,1098154
9141,1098172,16,1098188
9142,1098391,7,1098398
9143,1098472,24,1098496
9144,1098518,29,1098547
9145,1098773,3,1098776
9146,1098849,9,1098858
9147,1098882,6,1098888
9148,1098952,3,1098955
9149,1099124,1,1099125
9150,1099330,56,1099386
9151,1099610,5,1099615
9152,1099655,2,1099657
9153,1099851,15,1099866
9154,1099898,11,1099909
9155,1100008,11,1100019
9156,1100037,47,1100084
9157,1100172,8,1100180
9158,1100526,5,1100531
9159,1100569,25,1100594
9160,1100632,61,1100693
9161,1100819,7,1100826
9162,1100852,3,1100855
9163,1101140,10,1101150
9164,1101241,1,1101242
9165,1101293,72,1101365
9166,1101582,51,1101633
9167,1101886,4,1101890
9168,1101984,11,1101995
9169,1102108,22,1102130
9170,1102330,16,1102346
9171,1102409,37,1102446
9172,1102447,45,1102492
9173,1102514,25,1102539
9174,1102970,18,1102988
9175,1103396,32,1103428
9176,1103436,16,1103452
9177,1103471,26,1103497
9178,1103590,1,1103591
9179,1103602,6,1103608
9180,1103727,12,1103739
9181,1103757,4,1103761
9182,1103953,18,1103971
9183,1104008,70,1104078
9184,1104330,27,1104357
9185,1104372,33,1104405
9186,1104415,4,1104419
9187,1104463,7,1104470
9188,1104584,9,1104593
9189,1104706,35,1104741
9190,1104855,34,1104889
9191,1104941,10,1104951
9192,1104981,2,1104983
9193,1105015,9,1105024
9194,1105056,27,1105083
9195,1105157,4,1105161
9196,1105216,71,1105287
9197,1105314,20,1105334
9198,1105369,4,1105373
9199,1105381,14,1105395
9200,1105798,35,1105833
9201,1105944,18,1105962
9202,1105969,10,1105979
9203,1105981,42,1106023
9204,1106090,9,1106099
9205,1106101,3,1106104
9206,1106223,32,1106255
9207,1106353,17,1106370
9208,1106392,9,1106401
9209,1106447,14,1106461
9210,1106472,5,1106477
9211,1106496,29,1106525
9212,1106584,11,1106595
9213,1106715,19,1106734
9214,1106747,16,1106763
9215,1106845,70,1106915
9216,1107051,4,1107055
9217,1107119,9,1107128
9218,1107134,61,1107195
9219,1107472,2,1107474
9220,1107561,24,1107585
9221,1107604,85,1107689
9222,1107698,38,1107736
9223,1107911,3,1107914
9224,1107963,11,1107974
9225,1108072,9,1108081
9226,1108300,27,1108327
9227,1108355,20,1108375
9228,1108376,22,1108398
9229,1108440,30,1108470
9230,1108569,4,1108573
9231,1108584,3,1108587
9232,1108602,28,1108630
9233,1108682,2,1108684
9234,1108756,100,1108856
9235,1108880,12,1108892
9236,1108897,17,1108914
9237,1109025,7,1109032
9238,1109037,1,1109038
9239,1109161,12,1109173
9240,1109187,29,1109216
9241,1109421,14,1109435
9242,1109487,21,1109508
9243,1109523,5,1109528
9244,1109531,1,1109532
9245,1109552,25,1109577
9246,1109747,5,1109752
9247,1109899,31,1109930
9248,1110029,4,1110033
9249,1110116,3,1110119
9250,1110160,11,1110171
9251,1110238,4,1110242
9252,1110261,3,1110264
9253,1110268,7,1110275
9254,1110282,8,1110290
9255,1110395,51,1110446
9256,1110519,4,1110523
9257,1110797,18,1110815
9258,1110837,1,1110838
9259,1110886,3,1110889
9260,1110968,37,1111005
9261,1111028,48,1111076
9262,1111115,6,1111121
9263,1111304,44,1111348
9264,1111376,6,1111382
9265,1111828,16,1111844
9266,1111859,12,1111871
9267,1111893,18,1111911
9268,1112139,3,1112142
9269,1112149,17,1112166
9270,1112189,16,1112205
9271,1112319,6,1112325
9272,1112349,23,1112372
9273,1112393,8,1112401
9274,1112455,49,1112504
9275,1112688,8,1112696
9276,1112772,22,1112794
9277,1112809,49,1112858
9278,1112941,40,1112981
9279,1112989,53,1113042
9280,1113297,17,1113314
9281,1113428,1,1113429
9282,1113541,3,1113544
9283,1113616,36,1113652
9284,1113709,1,1113710
9285,1113794,3,1113797
9286,1113801,98,1113899
9287,1114012,3,1114015
9288,1114182,5,1114187
9289,1114504,25,1114529
9290,1114878,1,1114879
9291,1114917,68,1114985
9292,1115225,2,1115227
9293,1115329,12,1115341
9294,1115350,14,1115364
9295,1115429,26,1115455
9296,1115458,11,1115469
9297,1115591,3,1115594
9298,1115683,11,1115694
9299,1115716,2,1115718
9300,1115762,15,1115777
9301,1115846,22,1115868
9302,1115932,19,1115951
9303,1115954,26,1115980
9304,1116004,5,1116009
9305,1116138,30,1116168
9306,1116249,3,1116252
9307,1116563,18,1116581
9308,1116748,49,1116797
9309,1116833,26,1116859
9310,1116895,23,1116918
9311,1116968,1,1116969
9312,1116976,23,1116999
9313,1117097,21,1117118
9314,1117133,42,1117175
9315,1117335,26,1117361
9316,1117364,11,1117375
9317,1117621,7,1117628
9318,1117742,14,1117756
9319,1117885,2,1117887
9320,1117947,32,1117979
9321,1118047,9,1118056
9322,1118093,13,1118106
9323,1118404,26,1118430
9324,1118477,20,1118497
9325,1118959,6,1118965
9326,1119075,12,1119087
9327,1119139,23,1119162
9328,1119194,4,1119198
9329,1119237,1,1119238
9330,1119304,32,1119336
9331,1119577,46,1119623
9332,1119631,1,1119632
9333,1119827,12,1119839
9334,1119883,49,1119932
9335,1119986,21,1120007
9336,1120025,12,1120037
9337,1120266,2,1120268
9338,1120330,7,1120337
9339,1120364,1,1120365
9340,1120468,6,1120474
9341,1120786,5,1120791
9342,1120865,9,1120874
9343,1121061,34,1121095
9344,1121193,7,1121200
9345,1121323,43,1121366
9346,1121474,5,1121479
9347,1121740,43,1121783
9348,1121951,1,1121952
9349,1121983,3,1121986
9350,1122039,57,1122096
9351,1122104,11,1122115
9352,1122279,10,1122289
9353,1122374,62,1122436
9354,1122543,40,1122583
9355,1122752,21,1122773
9356,1122928,25,1122953
9357,1123018,8,1123026
9358,1123182,61,1123243
9359,1123263,25,1123288
9360,1123628,4,1123632
9361,1123734,3,1123737
9362,1123946,4,1123950
9363,1123995,20,1124015
9364,1124087,12,1124099
9365,1124304,26,1124330
9366,1124396,48,1124444
9367,1124452,5,1124457
9368,1124512,22,1124534
9369,1124901,15,1124916
9370,1125001,29,1125030
9371,1125297,10,1125307
9372,1125549,10,1125559
9373,1125612,12,1125624
9374,1125924,5,1125929
9375,1125949,2,1125951
9376,1126007,3,1126010
9377,1126078,81,1126159
9378,1126322,22,1126344
9379,1126670,11,1126681
9380,1126796,14,1126810
9381,1126847,1,1126848
9382,1127234,30,1127264
9383,1127394,20,1127414
9384,1127455,28,1127483
9385,1127695,8,1127703
9386,1127808,6,1127814
9387,1127890,2,1127892
9388,1127943,6,1127949
9389,1128019,19,1128038
9390,1128061,7,1128068
9391,1128072,5,1128077
9392,1128113,4,1128117
9393,1128176,43,1128219
9394,1128328,27,1128355
9395,1128407,1,1128408
9396,1128411,28,1128439
9397,1128655,24,1128679
9398,1128722,25,1128747
9399,1128978,6,1128984
9400,1129054,6,1129060
9401,1129109,21,1129130
9402,1129165,3,1129168
9403,1129365,106,1129471
9404,1129527,42,1129569
9405,1129604,41,1129645
9406,1129661,9,1129670
9407,1129693,3,1129696
9408,1129823,23,1129846
9409,1130165,28,1130193
9410,1130197,15,1130212
9411,1130493,16,1130509
9412,1130536,15,1130551
9413,1130594,27,1130621
9414,1130821,1,1130822
9415,1130951,16,1130967
9416,1130971,12,1130983
9417,1131015,2,1131017
9418,1131038,7,1131045
9419,1131166,5,1131171
9420,1131174,5,1131179
9421,1131348,16,1131364
9422,1131397,24,1131421
9423,1131462,3,1131465
9424,1131499,1,1131500
9425,1131689,21,1131710
9426,1131736,6,1131742
9427,1131776,10,1131786
9428,1131852,38,1131890
9429,1131998,13,1132011
9430,1132029,10,1132039
9431,1132147,10,1132157
9432,1132192,41,1132233
9433,1132423,10,1132433
9434,1132570,26,1132596
9435,1132671,25,1132696
9436,1132844,47,1132891
9437,1132897,34,1132931
9438,1133025,9,1133034
9439,1133185,19,1133204
9440,1133273,13,1133286
9441,1133340,1,1133341
9442,1133409,12,1133421
9443,1133452,2,1133454
9444,1133537,107,1133644
9445,1133724,3,1133727
9446,1133752,10,1133762
9447,1133772,8,1133780
9448,1134011,8,1134019
9449,1134094,8,1134102
9450,1134106,16,1134122
9451,1134137,60,1134197
9452,1134219,28,1134247
9453,1134269,15,1134284
9454,1134372,7,1134379
9455,1134391,6,1134397
9456,1134448,44,1134492
9457,1134540,22,1134562
9458,1134621,11,1134632
9459,1134647,3,1134650
9460,1134685,15,1134700
9461,1134718,9,1134727
9462,1134787,22,1134809
9463,1134956,7,1134963
9464,1135018,12,1135030
9465,1135099,22,1135121
9466,1135304,7,1135311
9467,1135319,11,1135330
9468,1135562,23,1135585
9469,1135596,8,1135604
9470,1135818,1,1135819
9471,1135836,19,1135855
9472,1135947,5,1135952
9473,1135981,4,1135985
9474,1135994,32,1136026
9475,1136211,11,1136222
9476,1136275,38,1136313
9477,1136367,4,1136371
9478,1136460,6,1136466
9479,1136496,10,1136506
9480,1136593,39,1136632
9481,1136651,1,1136652
9482,1136680,11,1136691
9483,1136780,25,1136805
9484,1137060,4,1137064
9485,1137108,4,1137112
9486,1137222,4,1137226
9487,1137379,11,1137390
9488,1137433,8,1137441
9489,1137524,32,1137556
9490,1137600,8,1137608
9491,1137623,41,1137664
9492,1137691,40,1137731
9493,1137850,8,1137858
9494,1137874,13,1137887
9495,1137939,3,1137942
9496,1138118,36,1138154
9497,1138216,1,1138217
9498,1138616,4,1138620
9499,1138733,18,1138751
9500,1138805,21,1138826
9501,1138923,45,1138968
9502,1139001,8,1139009
9503,1139110,5,1139115
9504,1139515,26,1139541
9505,1139593,34,1139627
9506,1139629,13,1139642
9507,1139721,34,1139755
9508,1139790,15,1139805
9509,1139871,16,1139887
9510,1139931,22,1139953
9511,1140182,12,1140194
9512,1140415,25,1140440
9513,1140474,21,1140495
9514,1140532,9,1140541
9515,1140569,40,1140609
9516,1140727,8,1140735
9517,1140759,17,1140776
9518,1140803,66,1140869
9519,1140984,6,1140990
9520,1141054,88,1141142
9521,1141211,33,1141244
9522,1141272,22,1141294
9523,1141309,12,1141321
9524,1141365,25,1141390
9525,1141473,16,1141489
9526,1141745,7,1141752
9527,1141780,29,1141809
9528,1141812,4,1141816
9529,1141915,14,1141929
9530,1141986,21,1142007
9531,1142078,16,1142094
9532,1142186,5,1142191
9533,1142265,3,1142268
9534,1142473,37,1142510
9535,1142511,19,1142530
9536,1142533,31,1142564
9537,1142608,7,1142615
9538,1142645,10,1142655
9539,1142687,9,1142696
9540,1142734,9,1142743
9541,1142775,3,1142778
9542,1142904,6,1142910
9543,1143030,43,1143073
9544,1143167,9,1143176
9545,1143226,41,1143267
9546,1143397,9,1143406
9547,1143609,7,1143616
9548,1143669,21,1143690
9549,1143817,9,1143826
9550,1143906,39,1143945
9551,1143946,75,1144021
9552,1144118,6,1144124
9553,1144160,32,1144192
9554,1144236,3,1144239
9555,1144345,3,1144348
9556,1144497,4,1144501
9557,1144506,36,1144542
9558,1144835,78,1144913
9559,1144997,48,1145045
9560,1145079,29,1145108
9561,1145339,63,1145402
9562,1145497,14,1145511
9563,1145749,45,1145794
9564,1145903,5,1145908
9565,1145932,61,1145993
9566,1146013,51,1146064
9567,1146105,31,1146136
9568,1146359,55,1146414
9569,1146415,10,1146425
9570,1146463,8,1146471
9571,1146476,15,1146491
9572,1146503,16,1146519
9573,1146621,89,1146710
9574,1146750,6,1146756
9575,1147185,61,1147246
9576,1147291,1,1147292
9577,1147384,11,1147395
9578,1147512,2,1147514
9579,1147606,24,1147630
9580,1147659,37,1147696
9581,1147993,15,1148008
9582,1148152,21,1148173
9583,1148206,7,1148213
9584,1148214,49,1148263
9585,1148330,19,1148349
9586,1148402,4,1148406
9587,1148445,32,1148477
9588,1148578,2,1148580
9589,1148791,18,1148809
9590,1148881,17,1148898
9591,1148960,8,1148968
9592,1148980,15,1148995
9593,1149181,22,1149203
9594,1149446,1,1149447
9595,1149483,18,1149501
9596,1149538,27,1149565
9597,1149778,2,1149780
9598,1149881,16,1149897
9599,1149989,54,1150043
9600,1150045,17,1150062
9601,1150064,25,1150089
9602,1150246,2,1150248
9603,1150375,18,1150393
9604,1150418,14,1150432
9605,1150620,48,1150668
9606,1150673,1,1150674
9607,1150691,21,1150712
9608,1150755,5,1150760
9609,1150846,11,1150857
9610,1151028,5,1151033
9611,1151101,47,1151148
9612,1151156,2,1151158
9613,1151238,8,1151246
9614,1151625,13,1151638
9615,1151737,22,1151759
9616,1151765,21,1151786
9617,1152030,7,1152037
9618,1152192,10,1152202
9619,1152336,50,1152386
9620,1152419,9,1152428
9621,1152444,7,1152451
9622,1152583,25,1152608
9623,1152797,30,1152827
9624,1152879,11,1152890
9625,1152952,1,1152953
9626,1153085,1,1153086
9627,1153320,13,1153333
9628,1153422,3,1153425
9629,1153497,13,1153510
9630,1153728,7,1153735
9631,1154059,25,1154084
9632,1154125,27,1154152
9633,1154210,6,1154216
9634,1154360,4,1154364
9635,1154374,22,1154396
9636,1154404,4,1154408
9637,1154409,12,1154421
9638,1154511,2,1154513
9639,1154518,22,1154540
9640,1154594,5,1154599
9641,1154625,31,1154656
9642,1154707,18,1154725
9643,1154858,24,1154882
9644,1154987,19,1155006
9645,1155074,13,1155087
9646,1155093,9,1155102
9647,1155140,12,1155152
9648,1155211,47,1155258
9649,1155376,4,1155380
9650,1155428,1,1155429
9651,1155486,25,1155511
9652,1155627,32,1155659
9653,1155671,8,1155679
9654,1155765,92,1155857
9655,1156190,2,1156192
9656,1156341,88,1156429
9657,1156522,2,1156524
9658,1156559,12,1156571
9659,1156587,29,1156616
9660,1156806,5,1156811
9661,1156904,2,1156906
9662,1156907,67,1156974
9663,1156983,4,1156987
9664,1157126,8,1157134
9665,1157157,2,1157159
9666,1157351,89,1157440
9667,1157497,12,1157509
9668,1157629,63,1157692
9669,1157694,31,1157725
9670,1157839,2,1157841
9671,1157980,5,1157985
9672,1157990,23,1158013
9673,1158141,52,1158193
9674,1158235,2,1158237
9675,1158400,8,1158408
9676,1158461,15,1158476
9677,1158508,1,1158509
9678,1158822,49,1158871
9679,1158908,2,1158910
9680,1158999,1,1159000
9681,1159150,28,1159178
9682,1159372,15,1159387
9683,1159404,1,1159405
9684,1159489,24,1159513
9685,1159633,2,1159635
9686,1159705,15,1159720
9687,1159825,34,1159859
9688,1159866,4,1159870
9689,1159918,10,1159928
9690,1160006,2,1160008
9691,1160062,25,1160087
9692,1160161,9,1160170
9693,1160177,45,1160222
9694,1160241,9,1160250
9695,1160313,5,1160318
9696,1160348,4,1160352
9697,1160358,15,1160373
9698,1160384,3,1160387
9699,1160423,1,1160424
9700,1160436,4,1160440
9701,1160649,11,1160660
9702,1160700,16,1160716
9703,1160729,19,1160748
9704,1160881,1,1160882
9705,1160957,23,1160980
9706,1161326,30,1161356
9707,1161594,49,1161643
9708,1161735,4,1161739
9709,1161745,31,1161776
9710,1161841,9,1161850
9711,1162054,15,1162069
9712,1162096,14,1162110
9713,1162167,42,1162209
9714,1162342,9,1162351
9715,1162372,16,1162388
9716,1162504,12,1162516
9717,1162614,60,1162674
9718,1162807,5,1162812
9719,1162882,58,1162940
9720,1163092,5,1163097
9721,1163314,13,1163327
9722,1163387,6,1163393
9723,1163650,2,1163652
9724,1163952,5,1163957
9725,1164107,6,1164113
9726,1164238,1,1164239
9727,1164345,4,1164349
9728,1164474,11,1164485
9729,1164580,38,1164618
9730,1164621,40,1164661
9731,1164725,9,1164734
9732,1165385,12,1165397
9733,1165548,14,1165562
9734,1165565,1,1165566
9735,1165656,7,1165663
9736,1165879,8,1165887
9737,1166176,19,1166195
9738,1166201,5,1166206
9739,1166263,22,1166285
9740,1166534,11,1166545
9741,1166557,3,1166560
9742,1166593,21,1166614
9743,1166702,8,1166710
9744,1166838,13,1166851
9745,1166971,2,1166973
9746,1167031,8,1167039
9747,1167109,5,1167114
9748,1167124,12,1167136
9749,1167166,4,1167170
9750,1167398,14,1167412
9751,1167479,4,1167483
9752,1167550,60,1167610
9753,1167636,3,1167639
9754,1167700,9,1167709
9755,1167730,68,1167798
9756,1167808,90,1167898
9757,1168237,14,1168251
9758,1168308,19,1168327
9759,1168336,38,1168374
9760,1168626,7,1168633
9761,1168976,35,1169011
9762,1169298,14,1169312
9763,1169329,17,1169346
9764,1169499,17,1169516
9765,1169533,14,1169547
9766,1169610,5,1169615
9767,1169930,33,1169963
9768,1170032,6,1170038
9769,1170226,15,1170241
9770,1170301,8,1170309
9771,1170372,16,1170388
9772,1170410,3,1170413
9773,1170493,7,1170500
9774,1170537,4,1170541
9775,1170568,5,1170573
9776,1170598,21,1170619
9777,1170629,42,1170671
9778,1170769,8,1170777
9779,1170916,23,1170939
9780,1171060,3,1171063
9781,1171075,39,1171114
9782,1171157,35,1171192
9783,1171193,8,1171201
9784,1171295,15,1171310
9785,1171338,30,1171368
9786,1171496,16,1171512
9787,1171631,6,1171637
9788,1171854,43,1171897
9789,1172039,2,1172041
9790,1172142,24,1172166
9791,1172215,2,1172217
9792,1172321,89,1172410
9793,1172614,23,1172637
9794,1172746,48,1172794
9795,1173058,52,1173110
9796,1173191,57,1173248
9797,1173482,28,1173510
9798,1173513,16,1173529
9799,1173556,1,1173557
9800,1173578,3,1173581
9801,1173587,11,1173598
9802,1173816,33,1173849
9803,1173945,9,1173954
9804,1174107,42,1174149
9805,1174326,8,1174334
9806,1174383,20,1174403
9807,1174486,14,1174500
9808,1174572,1,1174573
9809,1174700,2,1174702
9810,1174750,7,1174757
9811,1175092,40,1175132
9812,1175146,61,1175207
9813,1175412,4,1175416
9814,1175720,4,1175724
9815,1175760,7,1175767
9816,1175951,1,1175952
9817,1176034,20,1176054
9818,1176088,5,1176093
9819,1176338,9,1176347
9820,1176538,7,1176545
9821,1176945,29,1176974
9822,1177001,27,1177028
9823,1177108,16,1177124
9824,1177220,4,1177224
9825,1177333,13,1177346
9826,1177451,8,1177459
9827,1177582,14,1177596
9828,1177758,29,1177787
9829,1177801,4,1177805
9830,1177842,6,1177848
9831,1177986,6,1177992
9832,1178029,14,1178043
9833,1178198,12,1178210
9834,1178475,27,1178502
9835,1178530,30,1178560
9836,1178564,23,1178587
9837,1178842,15,1178857
9838,1178926,8,1178934
9839,1179010,75,1179085
9840,1179233,8,1179241
9841,1179367,33,1179400
9842,1179401,12,1179413
9843,1179429,5,1179434
9844,1179498,1,1179499
9845,1179570,3,1179573
9846,1179591,21,1179612
9847,1179687,9,1179696
9848,1179799,10,1179809
9849,1180065,7,1180072
9850,1180076,14,1180090
9851,1180127,6,1180133
9852,1180148,83,1180231
9853,1180474,12,1180486
9854,1181046,38,1181084
9855,1181216,5,1181221
9856,1181369,1,1181370
9857,1181533,2,1181535
9858,1181621,4,1181625
9859,1181766,3,1181769
9860,1181887,7,1181894
9861,1181932,6,1181938
9862,1182060,19,1182079
9863,1182104,27,1182131
9864,1182195,6,1182201
9865,1182307,4,1182311
9866,1182405,19,1182424
9867,1182626,14,1182640
9868,1182732,21,1182753
9869,1182838,31,1182869
9870,1182949,42,1182991
9871,1183046,13,1183059
9872,1183299,1,1183300
9873,1183374,10,1183384
9874,1183406,15,1183421
9875,1183575,1,1183576
9876,1183580,48,1183628
9877,1183743,34,1183777
9878,1183945,2,1183947
9879,1183985,14,1183999
9880,1184060,5,1184065
9881,1184416,40,1184456
9882,1184458,15,1184473
9883,1184623,30,1184653
9884,1184725,2,1184727
9885,1184783,10,1184793
9886,1184880,1,1184881
9887,1184895,55,1184950
9888,1184967,5,1184972
9889,1184979,7,1184986
9890,1185040,21,1185061
9891,1185067,5,1185072
9892,1185171,20,1185191
9893,1185473,28,1185501
9894,1185581,21,1185602
9895,1185762,8,1185770
9896,1185836,13,1185849
9897,1185860,8,1185868
9898,1185967,12,1185979
9899,1186136,1,1186137
9900,1186255,14,1186269
9901,1186345,5,1186350
9902,1186369,49,1186418
9903,1186561,22,1186583
9904,1186668,2,1186670
9905,1186924,19,1186943
9906,1187132,47,1187179
9907,1187207,5,1187212
9908,1187298,32,1187330
9909,1187366,25,1187391
9910,1187493,2,1187495
9911,1187570,32,1187602
9912,1187696,18,1187714
9913,1187807,11,1187818
9914,1187884,14,1187898
9915,1187980,4,1187984
9916,1188063,26,1188089
9917,1188109,22,1188131
9918,1188170,23,1188193
9919,1188366,5,1188371
9920,1188396,7,1188403
9921,1188424,17,1188441
9922,1188513,8,1188521
9923,1188706,18,1188724
9924,1188829,33,1188862
9925,1188869,18,1188887
9926,1188917,29,1188946
9927,1189125,148,1189273
9928,1189328,15,1189343
9929,1189609,30,1189639
9930,1189811,3,1189814
9931,1189842,22,1189864
9932,1189960,4,1189964
9933,1190028,42,1190070
9934,1190339,3,1190342
9935,1190594,13,1190607
9936,1190831,12,1190843
9937,1190875,2,1190877
9938,1191006,3,1191009
9939,1191113,6,1191119
9940,1191181,9,1191190
9941,1191206,3,1191209
9942,1191279,35,1191314
9943,1191427,3,1191430
9944,1191432,11,1191443
9945,1191500,11,1191511
9946,1191626,6,1191632
9947,1191806,22,1191828
9948,1192022,2,1192024
9949,1192201,64,1192265
9950,1192280,12,1192292
9951,1192329,36,1192365
9952,1192411,11,1192422
9953,1192571,2,1192573
9954,1192779,6,1192785
9955,1192839,13,1192852
9956,1192893,4,1192897
9957,1192957,7,1192964
9958,1193025,16,1193041
9959,1193100,8,1193108
9960,1193195,26,1193221
9961,1193320,18,1193338
9962,1193470,36,1193506
9963,1193647,7,1193654
9964,1193866,59,1193925
9965,1193947,46,1193993
9966,1194085,94,1194179
9967,1194486,4,1194490
9968,1194521,11,1194532
9969,1194863,20,1194883
9970,1194958,21,1194979
9971,1195029,11,1195040
9972,1195050,6,1195056
9973,1195076,34,1195110
9974,1195124,19,1195143
9975,1195294,9,1195303
9976,1195350,10,1195360
9977,1195376,6,1195382
9978,1195552,9,1195561
9979,1195669,34,1195703
9980,1195746,4,1195750
9981,1195843,11,1195854
9982,1195869,17,1195886
9983,1196052,7,1196059
9984,1196102,12,1196114
9985,1196115,17,1196132
9986,1196169,13,1196182
9987,1196263,11,1196274
9988,1196275,23,1196298
9989,1196414,28,1196442
9990,1196445,17,1196462
9991,1196532,2,1196534
9992,1196615,43,1196658
9993,1196723,30,1196753
9994,1196777,5,1196782
9995,1196789,1,1196790
9996,1196984,4,1196988
9997,1197091,7,1197098
9998,1197121,14,1197135
9999,1197200,19,1197219
10000,1197346,16,1197362
10001,1197398,11,1197409
10002,1197451,5,1197456
10003,1197525,62,1197587
10004,1197641,72,1197713
10005,1197776,9,1197785
10006,1198095,31,1198126
10007,1198276,10,1198286
10008,1198360,1,1198361
10009,1198373,11,1198384
10010,1198505,12,1198517
10011,1198542,5,1198547
10012,1198743,5,1198748
10013,1198789,53,1198842
10014,1199054,21,1199075
10015,1199124,10,1199134
10016,1199287,16,1199303
10017,1199314,5,1199319
10018,1199728,1,1199729
10019,1199796,4,1199800
10020,1199928,14,1199942
10021,1199956,4,1199960
10022,1199961,10,1199971
10023,1200163,36,1200199
10024,1200401,13,1200414
10025,1200457,13,1200470
10026,1200720,1,1200721
10027,1200832,8,1200840
10028,1200888,19,1200907
10029,1200998,13,1201011
10030,1201043,54,1201097
10031,1201558,15,1201573
10032,1201635,18,1201653
10033,1201690,3,1201693
10034,1202229,37,1202266
10035,1202342,12,1202354
10036,1202386,8,1202394
10037,1202425,26,1202451
10038,1202463,11,1202474
10039,1202528,4,1202532
10040,1202598,20,1202618
10041,1202677,26,1202703
10042,1202815,10,1202825
10043,1202871,19,1202890
10044,1203274,3,1203277
10045,1203297,1,1203298
10046,1203313,71,1203384
10047,1203436,34,1203470
10048,1203724,16,1203740
10049,1203878,5,1203883
10050,1203951,8,1203959
10051,1204056,5,1204061
10052,1204319,14,1204333
10053,1204372,60,1204432
10054,1204532,3,1204535
10055,1204720,11,1204731
10056,1204861,27,1204888
10057,1204970,16,1204986
10058,1205034,52,1205086
10059,1205120,7,1205127
10060,1205223,55,1205278
10061,1205386,15,1205401
10062,1205548,7,1205555
10063,1205579,14,1205593
10064,1205650,9,1205659
10065,1205668,27,1205695
10066,1205753,19,1205772
10067,1205831,8,1205839
10068,1205927,7,1205934
10069,1205995,22,1206017
10070,1206021,19,1206040
10071,1206083,6,1206089
10072,1206151,15,1206166
10073,1206259,7,1206266
10074,1206342,54,1206396
10075,1206448,8,1206456
10076,1206466,16,1206482
10077,1206748,27,1206775
10078,1206892,8,1206900
10079,1206909,45,1206954
10080,1206977,33,1207010
10081,1207113,21,1207134
10082,1207322,3,1207325
10083,1207485,9,1207494
10084,1207497,15,1207512
10085,1207538,29,1207567
10086,1207610,32,1207642
10087,1207680,28,1207708
10088,1207860,28,1207888
10089,1207933,11,1207944
10090,1208157,68,1208225
10091,1208350,73,1208423
10092,1208686,44,1208730
10093,1208731,119,1208850
10094,1208871,6,1208877
10095,1208886,7,1208893
10096,1208940,17,1208957
10097,1209202,2,1209204
10098,1209219,3,1209222
10099,1209366,12,1209378
10100,1209589,1,1209590
10101,1209656,15,1209671
10102,1209693,7,1209700
10103,1209804,31,1209835
10104,1209968,19,1209987
10105,1210065,12,1210077
10106,1210083,6,1210089
10107,1210481,6,1210487
10108,1210694,17,1210711
10109,1210835,22,1210857
10110,1210866,43,1210909
10111,1211063,5,1211068
10112,1211100,15,1211115
10113,1211356,3,1211359
10114,1211388,7,1211395
10115,1211424,15,1211439
10116,1211491,2,1211493
10117,1211652,10,1211662
10118,1211681,10,1211691
10119,1211842,24,1211866
10120,1211954,19,1211973
10121,1212024,4,1212028
10122,1212202,47,1212249
10123,1212581,16,1212597
10124,1212663,21,1212684
10125,1212699,11,1212710
10126,1212768,64,1212832
10127,1213044,5,1213049
10128,1213084,10,1213094
10129,1213113,45,1213158
10130,1213179,29,1213208
10131,1213381,46,1213427
10132,1213531,18,1213549
10133,1213657,31,1213688
10134,1213717,87,1213804
10135,1214030,41,1214071
10136,1214079,6,1214085
10137,1214143,45,1214188
10138,1214246,3,1214249
10139,1214646,2,1214648
10140,1214668,8,1214676
10141,1214976,1,1214977
10142,1215069,46,1215115
10143,1215158,30,1215188
10144,1215245,6,1215251
10145,1215376,22,1215398
10146,1215534,11,1215545
10147,1215566,28,1215594
10148,1215708,15,1215723
10149,1215786,75,1215861
10150,1216008,17,1216025
10151,1216221,17,1216238
10152,1216436,14,1216450
10153,1216461,83,1216544
10154,1216708,87,1216795
10155,1216838,3,1216841
10156,1216890,42,1216932
10157,1217003,2,1217005
10158,1217232,59,1217291
10159,1217692,2,1217694
10160,1217754,13,1217767
10161,1217922,6,1217928
10162,1218080,13,1218093
10163,1218130,11,1218141
10164,1218400,5,1218405
10165,1218596,1,1218597
10166,1218670,6,1218676
10167,1218735,13,1218748
10168,1218989,18,1219007
10169,1219091,1,1219092
10170,1219187,13,1219200
10171,1219222,1,1219223
10172,1219292,23,1219315
10173,1219395,14,1219409
10174,1219502,10,1219512
10175,1219522,7,1219529
10176,1219534,8,1219542
10177,1219640,4,1219644
10178,1219704,28,1219732
10179,1219835,16,1219851
10180,1219914,1,1219915
10181,1219988,21,1220009
10182,1220164,26,1220190
10183,1220317,23,1220340
10184,1220397,49,1220446
10185,1220450,13,1220463
10186,1220659,17,1220676
10187,1220688,5,1220693
10188,1220877,1,1220878
10189,1220943,12,1220955
10190,1221077,24,1221101
10191,1221187,14,1221201
10192,1221420,10,1221430
10193,1221609,52,1221661
10194,1221686,4,1221690
10195,1221769,12,1221781
10196,1221867,1,1221868
10197,1221899,2,1221901
10198,1221972,3,1221975
10199,1222156,9,1222165
10200,1222415,8,1222423
10201,1222479,28,1222507
10202,1222607,16,1222623
10203,1222639,24,1222663
10204,1222823,72,1222895
10205,1222922,37,1222959
10206,1222966,32,1222998
10207,1223066,5,1223071
10208,1223220,15,1223235
10209,1223467,5,1223472
10210,1223589,32,1223621
10211,1223641,9,1223650
10212,1223936,15,1223951
10213,1223967,26,1223993
10214,1224066,10,1224076
10215,1224321,9,1224330
10216,1224363,13,1224376
10217,1224519,62,1224581
10218,1224598,31,1224629
10219,1224777,12,1224789
10220,1224807,19,1224826
10221,1225078,1,1225079
10222,1225144,14,1225158
10223,1225370,28,1225398
10224,1225419,1,1225420
10225,1225444,19,1225463
10226,1225520,29,1225549
10227,1225634,22,1225656
10228,1225776,26,1225802
10229,1225966,51,1226017
10230,1226092,42,1226134
10231,1226173,2,1226175
10232,1226190,13,1226203
10233,1226265,10,1226275
10234,1226347,21,1226368
10235,1226373,14,1226387
10236,1226394,3,1226397
10237,1226432,50,1226482
10238,1226797,10,1226807
10239,1226992,13,1227005
10240,1227073,41,1227114
10241,1227116,26,1227142
10242,1227202,4,1227206
10243,1227359,29,1227388
10244,1227490,3,1227493
10245,1227821,15,1227836
10246,1227919,6,1227925
10247,1228235,8,1228243
10248,1228361,1,1228362
10249,1228413,42,1228455
10250,1228456,21,1228477
10251,1228600,1,1228601
10252,1228637,53,1228690
10253,1229159,9,1229168
10254,1229399,25,1229424
10255,1229434,13,1229447
10256,1229542,25,1229567
10257,1229589,9,1229598
10258,1229680,34,1229714
10259,1229719,8,1229727
10260,1229820,12,1229832
10261,1230041,28,1230069
10262,1230111,10,1230121
10263,1230235,23,1230258
10264,1230303,43,1230346
10265,1230375,11,1230386
10266,1230491,20,1230511
10267,1230551,45,1230596
10268,1230615,52,1230667
10269,1230677,18,1230695
10270,1230738,23,1230761
10271,1230764,22,1230786
10272,1230799,29,1230828
10273,1231054,6,1231060
10274,1231222,2,1231224
10275,1231246,13,1231259
10276,1231478,7,1231485
10277,1231618,7,1231625
10278,1231737,56,1231793
10279,1231822,2,1231824
10280,1231826,62,1231888
10281,1232136,8,1232144
10282,1232180,19,1232199
10283,1232326,39,1232365
10284,1232449,9,1232458
10285,1233050,15,1233065
10286,1233123,1,1233124
10287,1233130,7,1233137
10288,1233627,48,1233675
10289,1233695,2,1233697
10290,1233791,13,1233804
10291,1233830,54,1233884
10292,1233939,52,1233991
10293,1234015,55,1234070
10294,1234219,33,1234252
10295,1234343,2,1234345
10296,1234429,55,1234484
10297,1234511,63,1234574
10298,1234577,97,1234674
10299,1234718,2,1234720
10300,1234731,50,1234781
10301,1234867,18,1234885
10302,1235119,5,1235124
10303,1235588,6,1235594
10304,1236025,6,1236031
10305,1236120,24,1236144
10306,1236168,1,1236169
10307,1236257,3,1236260
10308,1236339,59,1236398
10309,1236500,13,1236513
10310,1236561,3,1236564
10311,1236598,8,1236606
10312,1236681,9,1236690
10313,1236776,20,1236796
10314,1236802,30,1236832
10315,1236948,3,1236951
10316,1237082,3,1237085
10317,1237097,15,1237112
10318,1237353,15,1237368
10319,1237482,73,1237555
10320,1237678,19,1237697
10321,1237835,6,1237841
10322,1238032,10,1238042
10323,1238153,11,1238164
10324,1238252,28,1238280
10325,1238287,18,1238305
10326,1238401,18,1238419
10327,1238542,11,1238553
10328,1238681,2,1238683
10329,1238781,3,1238784
10330,1238886,23,1238909
10331,1239080,42,1239122
10332,1239208,28,1239236
10333,1239292,4,1239296
10334,1239315,2,1239317
10335,1239420,16,1239436
10336,1239729,15,1239744
10337,1239953,14,1239967
10338,1240174,61,1240235
10339,1240524,29,1240553
10340,1240597,13,1240610
10341,1240645,3,1240648
10342,1240669,36,1240705
10343,1240708,39,1240747
10344,1240752,4,1240756
10345,1240786,54,1240840
10346,1240858,14,1240872
10347,1240885,18,1240903
10348,1240998,49,1241047
10349,1241132,3,1241135
10350,1241170,15,1241185
10351,1241282,12,1241294
10352,1241311,20,1241331
10353,1241392,6,1241398
10354,1241404,62,1241466
10355,1241601,16,1241617
10356,1241711,2,1241713
10357,1241797,16,1241813
10358,1241836,61,1241897
10359,1242039,37,1242076
10360,1242103,1,1242104
10361,1242330,24,1242354
10362,1242478,30,1242508
10363,1242546,4,1242550
10364,1242558,17,1242575
10365,1242642,6,1242648
10366,1242668,8,1242676
10367,1242756,12,1242768
10368,1242974,21,1242995
10369,1243056,72,1243128
10370,1243358,25,1243383
10371,1243470,32,1243502
10372,1243575,1,1243576
10373,1243621,24,1243645
10374,1243876,4,1243880
10375,1243986,40,1244026
10376,1244111,16,1244127
10377,1244326,28,1244354
10378,1244376,6,1244382
10379,1244444,14,1244458
10380,1244513,11,1244524
10381,1244545,15,1244560
10382,1244675,18,1244693
10383,1244714,33,1244747
10384,1244870,26,1244896
10385,1244959,42,1245001
10386,1245130,22,1245152
10387,1245234,36,1245270
10388,1245286,15,1245301
10389,1245343,143,1245486
10390,1245488,2,1245490
10391,1245493,39,1245532
10392,1245679,1,1245680
10393,1245754,37,1245791
10394,1245819,1,1245820
10395,1245957,4,1245961
10396,1246157,7,1246164
10397,1246238,21,1246259
10398,1246287,27,1246314
10399,1246395,39,1246434
10400,1246546,60,1246606
10401,1246633,4,1246637
10402,1246658,2,1246660
10403,1246841,11,1246852
10404,1246871,25,1246896
10405,1246910,33,1246943
10406,1247010,3,1247013
10407,1247143,18,1247161
10408,1247199,27,1247226
10409,1247409,2,1247411
10410,1247535,4,1247539
10411,1247603,24,1247627
10412,1247847,24,1247871
10413,1248088,31,1248119
10414,1248209,51,1248260
10415,1248265,19,1248284
10416,1248296,24,1248320
10417,1248324,20,1248344
10418,1248426,12,1248438
10419,1248450,14,1248464
10420,1248663,6,1248669
10421,1248788,4,1248792
10422,1248842,3,1248845
10423,1248926,5,1248931
10424,1248962,20,1248982
10425,1249029,31,1249060
10426,1249375,1,1249376
10427,1249396,5,1249401
10428,1249431,16,1249447
10429,1249519,38,1249557
10430,1249755,7,1249762
10431,1250041,7,1250048
10432,1250241,31,1250272
10433,1250338,30,1250368
10434,1250420,55,1250475
10435,1250577,13,1250590
10436,1250663,124,1250787
10437,1250829,48,1250877
10438,1250886,3,1250889
10439,1250895,3,1250898
10440,1250993,24,1251017
10441,1251093,8,1251101
10442,1251144,35,1251179
10443,1251189,18,1251207
10444,1251246,26,1251272
10445,1251679,1,1251680
10446,1251875,21,1251896
10447,1251902,75,1251977
10448,1251999,43,1252042
10449,1252101,9,1252110
10450,1252171,28,1252199
10451,1252204,53,1252257
10452,1252320,29,1252349
10453,1252444,50,1252494
10454,1252697,18,1252715
10455,1252743,38,1252781
10456,1252854,19,1252873
10457,1252918,5,1252923
10458,1253181,25,1253206
10459,1253376,1,1253377
10460,1253603,36,1253639
10461,1253832,15,1253847
10462,1253868,3,1253871
10463,1254034,16,1254050
10464,1254065,1,1254066
10465,1254262,5,1254267
10466,1254280,15,1254295
10467,1254329,8,1254337
10468,1254419,6,1254425
10469,1254524,4,1254528
10470,1254575,1,1254576
10471,1254844,3,1254847
10472,1254877,10,1254887
10473,1254977,24,1255001
10474,1255071,16,1255087
10475,1255142,8,1255150
10476,1255255,16,1255271
10477,1255311,46,1255357
10478,1255400,35,1255435
10479,1255447,7,1255454
10480,1255486,18,1255504
10481,1255530,6,1255536
10482,1256209,12,1256221
10483,1256227,80,1256307
10484,1256426,2,1256428
10485,1256483,3,1256486
10486,1256571,8,1256579
10487,1256786,9,1256795
10488,1256887,5,1256892
10489,1256976,28,1257004
10490,1257075,27,1257102
10491,1257108,5,1257113
10492,1257125,22,1257147
10493,1257243,33,1257276
10494,1257440,14,1257454
10495,1257505,34,1257539
10496,1257609,19,1257628
10497,1257649,7,1257656
10498,1257676,5,1257681
10499,1257705,16,1257721
10500,1257760,58,1257818
10501,1257995,8,1258003
10502,1258013,57,1258070
10503,1258085,29,1258114
10504,1258180,6,1258186
10505,1258201,64,1258265
10506,1258381,46,1258427
10507,1258488,21,1258509
10508,1258510,26,1258536
10509,1258597,20,1258617
10510,1258681,16,1258697
10511,1258992,22,1259014
10512,1259027,19,1259046
10513,1259124,3,1259127
10514,1259151,9,1259160
10515,1259169,32,1259201
10516,1259231,7,1259238
10517,1259265,2,1259267
10518,1259275,7,1259282
10519,1259416,4,1259420
10520,1259445,11,1259456
10521,1259502,12,1259514
10522,1259605,2,1259607
10523,1259747,12,1259759
10524,1259842,10,1259852
10525,1259921,17,1259938
10526,1260162,20,1260182
10527,1260214,38,1260252
10528,1260322,9,1260331
10529,1260337,4,1260341
10530,1260374,2,1260376
10531,1260383,6,1260389
10532,1260457,3,1260460
10533,1260856,7,1260863
10534,1260941,10,1260951
10535,1261019,2,1261021
10536,1261031,6,1261037
10537,1261193,9,1261202
10538,1261252,12,1261264
10539,1261297,22,1261319
10540,1261426,76,1261502
10541,1261525,1,1261526
10542,1261651,16,1261667
10543,1261934,24,1261958
10544,1261981,10,1261991
10545,1262004,74,1262078
10546,1262106,27,1262133
10547,1262149,7,1262156
10548,1262174,17,1262191
10549,1262270,80,1262350
10550,1262400,9,1262409
10551,1262470,8,1262478
10552,1262516,16,1262532
10553,1262577,31,1262608
10554,1262801,11,1262812
10555,1263374,16,1263390
10556,1263704,26,1263730
10557,1263875,3,1263878
10558,1263948,13,1263961
10559,1263964,24,1263988
10560,1264199,35,1264234
10561,1264257,36,1264293
10562,1264337,12,1264349
10563,1264626,21,1264647
10564,1264678,26,1264704
10565,1264787,7,1264794
10566,1264817,15,1264832
10567,1264858,24,1264882
10568,1264888,8,1264896
10569,1265035,4,1265039
10570,1265092,9,1265101
10571,1265242,21,1265263
10572,1265277,7,1265284
10573,1265323,19,1265342
10574,1265344,16,1265360
10575,1265672,35,1265707
10576,1265775,20,1265795
10577,1265842,42,1265884
10578,1265986,18,1266004
10579,1266225,33,1266258
10580,1266379,25,1266404
10581,1266477,105,1266582
10582,1266628,37,1266665
10583,1266741,9,1266750
10584,1266830,30,1266860
10585,1267033,55,1267088
10586,1267102,1,1267103
10587,1267253,5,1267258
10588,1267326,37,1267363
10589,1267395,16,1267411
10590,1267477,16,1267493
10591,1267509,12,1267521
10592,1267736,14,1267750
10593,1267836,4,1267840
10594,1267860,24,1267884
10595,1267899,1,1267900
10596,1267901,7,1267908
10597,1267966,6,1267972
10598,1268147,6,1268153
10599,1268204,3,1268207
10600,1268213,16,1268229
10601,1268260,5,1268265
10602,1268433,14,1268447
10603,1268549,51,1268600
10604,1268805,20,1268825
10605,1268877,10,1268887
10606,1268969,21,1268990
10607,1268999,10,1269009
10608,1269180,9,1269189
10609,1269248,8,1269256
10610,1269365,24,1269389
10611,1269533,3,1269536
10612,1269713,1,1269714
10613,1269743,21,1269764
10614,1270043,9,1270052
10615,1270141,32,1270173
10616,1270339,56,1270395
10617,1270482,13,1270495
10618,1270522,12,1270534
10619,1270553,2,1270555
10620,1270584,4,1270588
10621,1270626,2,1270628
10622,1270923,3,1270926
10623,1270986,29,1271015
10624,1271117,8,1271125
10625,1271147,3,1271150
10626,1271347,18,1271365
10627,1271400,11,1271411
10628,1271711,37,1271748
10629,1271770,49,1271819
10630,1271826,7,1271833
10631,1271974,11,1271985
10632,1272078,9,1272087
10633,1272177,15,1272192
10634,1272272,1,1272273
10635,1272336,2,1272338
10636,1272472,8,1272480
10637,1272509,37,1272546
10638,1272605,53,1272658
10639,1272721,36,1272757
10640,1272826,25,1272851
10641,1272963,7,1272970
10642,1273294,4,1273298
10643,1273496,16,1273512
10644,1273568,33,1273601
10645,1273680,34,1273714
10646,1273824,24,1273848
10647,1273893,37,1273930
10648,1273997,3,1274000
10649,1274017,4,1274021
10650,1274077,11,1274088
10651,1274108,33,1274141
10652,1274206,8,1274214
10653,1274255,25,1274280
10654,1274317,2,1274319
10655,1274404,30,1274434
10656,1274598,1,1274599
10657,1274622,19,1274641
10658,1274658,7,1274665
10659,1274774,25,1274799
10660,1274842,6,1274848
10661,1275482,3,1275485
10662,1275511,48,1275559
10663,1275707,16,1275723
10664,1275781,11,1275792
10665,1275876,1,1275877
10666,1275990,3,1275993
10667,1276007,7,1276014
10668,1276017,4,1276021
10669,1276064,51,1276115
10670,1276153,105,1276258
10671,1276376,73,1276449
10672,1276729,2,1276731
10673,1276886,9,1276895
10674,1276925,6,1276931
10675,1277273,13,1277286
10676,1277387,5,1277392
10677,1277416,19,1277435
10678,1277730,58,1277788
10679,1277843,18,1277861
10680,1277958,6,1277964
10681,1278240,40,1278280
10682,1278295,11,1278306
10683,1278426,1,1278427
10684,1278434,6,1278440
10685,1278515,1,1278516
10686,1278865,34,1278899
10687,1278999,23,1279022
10688,1279028,3,1279031
10689,1279315,31,1279346
10690,1279407,51,1279458
10691,1279777,8,1279785
10692,1279846,37,1279883
10693,1279955,1,1279956
10694,1279964,21,1279985
10695,1280032,2,1280034
10696,1280134,5,1280139
10697,1280266,19,1280285
10698,1280343,17,1280360
10699,1280382,4,1280386
10700,1280500,20,1280520
10701,1280860,14,1280874
10702,1281072,3,1281075
10703,1281342,4,1281346
10704,1281393,38,1281431
10705,1281540,11,1281551
10706,1281633,24,1281657
10707,1281843,1,1281844
10708,1281849,6,1281855
10709,1282120,10,1282130
10710,1282168,5,1282173
10711,1282234,23,1282257
10712,1282502,24,1282526
10713,1282539,1,1282540
10714,1282554,32,1282586
10715,1282633,8,1282641
10716,1282971,9,1282980
10717,1282986,10,1282996
10718,1282997,1,1282998
10719,1283034,37,1283071
10720,1283400,14,1283414
10721,1283486,23,1283509
10722,1283562,4,1283566
10723,1283624,36,1283660
10724,1283670,8,1283678
10725,1283699,2,1283701
10726,1283743,18,1283761
10727,1283902,37,1283939
10728,1284028,9,1284037
10729,1284159,91,1284250
10730,1284276,32,1284308
10731,1284341,55,1284396
10732,1284433,10,1284443
10733,1284616,28,1284644
10734,1284836,4,1284840
10735,1284864,3,1284867
10736,1284942,8,1284950
10737,1284987,28,1285015
10738,1285068,13,1285081
10739,1285110,109,1285219
10740,1285439,37,1285476
10741,1285628,12,1285640
10742,1285679,6,1285685
10743,1285716,13,1285729
10744,1285767,16,1285783
10745,1285803,3,1285806
10746,1285859,5,1285864
10747,1285947,7,1285954
10748,1285958,2,1285960
10749,1286101,11,1286112
10750,1286138,14,1286152
10751,1286156,1,1286157
10752,1286179,22,1286201
10753,1286227,27,1286254
10754,1286513,4,1286517
10755,1286810,2,1286812
10756,1287012,8,1287020
10757,1287219,2,1287221
10758,1287351,30,1287381
10759,1287415,8,1287423
10760,1287679,14,1287693
10761,1287769,9,1287778
10762,1287821,7,1287828
10763,1288016,11,1288027
10764,1288082,32,1288114
10765,1288503,15,1288518
10766,1288528,16,1288544
10767,1288773,8,1288781
10768,1288925,62,1288987
10769,1289255,6,1289261
10770,1289298,6,1289304
10771,1289314,15,1289329
10772,1289340,13,1289353
10773,1289377,9,1289386
10774,1289451,22,1289473
10775,1289619,21,1289640
10776,1289812,43,1289855
10777,1289925,4,1289929
10778,1290058,22,1290080
10779,1290136,6,1290142
10780,1290285,94,1290379
10781,1290555,55,1290610
10782,1290892,22,1290914
10783,1290982,59,1291041
10784,1291097,21,1291118
10785,1291175,55,1291230
10786,1291316,9,1291325
10787,1291437,11,1291448
10788,1291741,14,1291755
10789,1291817,4,1291821
10790,1291829,36,1291865
10791,1291866,61,1291927
10792,1291951,16,1291967
10793,1292064,51,1292115
10794,1292324,22,1292346
10795,1292445,11,1292456
10796,1292564,8,1292572
10797,1292670,1,1292671
10798,1292784,2,1292786
10799,1292900,22,1292922
10800,1293477,32,1293509
10801,1293592,24,1293616
10802,1293763,5,1293768
10803,1293835,15,1293850
10804,1294063,41,1294104
10805,1294157,67,1294224
10806,1294537,14,1294551
10807,1294653,21,1294674
10808,1294685,3,1294688
10809,1294741,3,1294744
10810,1294860,6,1294866
10811,1295370,28,1295398
10812,1295483,9,1295492
10813,1295516,7,1295523
10814,1295565,2,1295567
10815,1295731,11,1295742
10816,1295746,2,1295748
10817,1296093,9,1296102
10818,1296152,31,1296183
10819,1296218,2,1296220
10820,1296224,11,1296235
10821,1296275,6,1296281
10822,1296300,59,1296359
10823,1296420,14,1296434
10824,1296454,5,1296459
10825,1296461,28,1296489
10826,1296550,15,1296565
10827,1296686,20,1296706
10828,1296717,16,1296733
10829,1296738,4,1296742
10830,1296784,10,1296794
10831,1296830,5,1296835
10832,1297289,29,1297318
10833,1297397,11,1297408
10834,1297479,5,1297484
10835,1297626,15,1297641
10836,1297682,27,1297709
10837,1297766,4,1297770
10838,1297873,1,1297874
10839,1297905,9,1297914
10840,1298031,20,1298051
10841,1298075,17,1298092
10842,1298095,13,1298108
10843,1298368,10,1298378
10844,1298442,1,1298443
10845,1298578,9,1298587
10846,1298723,28,1298751
10847,1298825,4,1298829
10848,1299029,2,1299031
10849,1299201,21,1299222
10850,1299519,2,1299521
10851,1299559,19,1299578
10852,1299840,43,1299883
10853,1300021,56,1300077
10854,1300083,17,1300100
10855,1300217,70,1300287
10856,1300321,6,1300327
10857,1300404,5,1300409
10858,1300425,78,1300503
10859,1300508,1,1300509
10860,1300702,11,1300713
10861,1300879,37,1300916
10862,1300970,17,1300987
10863,1301276,7,1301283
10864,1301340,13,1301353
10865,1301399,4,1301403
10866,1301468,5,1301473
10867,1301602,23,1301625
10868,1301652,33,1301685
10869,1301820,9,1301829
10870,1301832,8,1301840
10871,1301844,35,1301879
10872,1301962,4,1301966
10873,1302087,4,1302091
10874,1302284,4,1302288
10875,1302515,7,1302522
10876,1302588,5,1302593
10877,1302632,19,1302651
10878,1302912,2,1302914
10879,1303090,12,1303102
10880,1303246,1,1303247
10881,1303294,49,1303343
10882,1303412,61,1303473
10883,1303500,17,1303517
10884,1303645,5,1303650
10885,1303797,17,1303814
10886,1303846,40,1303886
10887,1303902,49,1303951
10888,1303991,37,1304028
10889,1304194,16,1304210
10890,1304280,9,1304289
10891,1304331,46,1304377
10892,1304414,53,1304467
10893,1304615,7,1304622
10894,1304646,25,1304671
10895,1305072,50,1305122
10896,1305201,13,1305214
10897,1305311,24,1305335
10898,1305351,12,1305363
10899,1305490,34,1305524
10900,1305700,12,1305712
10901,1305724,23,1305747
10902,1305829,9,1305838
10903,1305843,17,1305860
10904,1305898,18,1305916
10905,1305974,23,1305997
10906,1306332,6,1306338
10907,1306369,11,1306380
10908,1306384,8,1306392
10909,1306403,14,1306417
10910,1306454,2,1306456
10911,1306495,15,1306510
10912,1306585,9,1306594
10913,1306756,19,1306775
10914,1306876,20,1306896
10915,1306900,2,1306902
10916,1307038,4,1307042
10917,1307057,52,1307109
10918,1307304,21,1307325
10919,1307378,53,1307431
10920,1307448,17,1307465
10921,1307517,73,1307590
10922,1307785,5,1307790
10923,1307978,27,1308005
10924,1308208,6,1308214
10925,1308255,4,1308259
10926,1308348,20,1308368
10927,1308413,55,1308468
10928,1308828,32,1308860
10929,1309166,7,1309173
10930,1309208,6,1309214
10931,1309368,25,1309393
10932,1309489,4,1309493
10933,1309536,30,1309566
10934,1309848,79,1309927
10935,1310006,19,1310025
10936,1310379,3,1310382
10937,1310479,73,1310552
10938,1310698,23,1310721
10939,1310722,14,1310736
10940,1310773,2,1310775
10941,1310838,38,1310876
10942,1311031,6,1311037
10943,1311087,46,1311133
10944,1311296,18,1311314
10945,1311337,20,1311357
10946,1311476,2,1311478
10947,1311594,15,1311609
10948,1311773,9,1311782
10949,1311852,47,1311899
10950,1311904,35,1311939
10951,1311995,15,1312010
10952,1312260,2,1312262
10953,1312289,5,1312294
10954,1312394,4,1312398
10955,1312459,19,1312478
10956,1312594,59,1312653
10957,1312854,20,1312874
10958,1313399,12,1313411
10959,1313547,17,1313564
10960,1313610,1,1313611
10961,1313612,16,1313628
10962,1313740,9,1313749
10963,1313825,25,1313850
10964,1313853,5,1313858
10965,1314490,29,1314519
10966,1314548,9,1314557
10967,1314754,27,1314781
10968,1314997,3,1315000
10969,1315023,15,1315038
10970,1315124,28,1315152
10971,1315174,6,1315180
10972,1315193,13,1315206
10973,1315244,27,1315271
10974,1315309,1,1315310
10975,1315451,9,1315460
10976,1315474,17,1315491
10977,1315557,12,1315569
10978,1315746,31,1315777
10979,1315824,9,1315833
10980,1315904,65,1315969
10981,1316050,1,1316051
10982,1316608,36,1316644
10983,1316672,20,1316692
10984,1316772,17,1316789
10985,1316834,11,1316845
10986,1317008,2,1317010
10987,1317122,14,1317136
10988,1317197,11,1317208
10989,1317237,4,1317241
10990,1317293,23,1317316
10991,1317363,6,1317369
10992,1317584,4,1317588
10993,1317634,18,1317652
10994,1317668,78,1317746
10995,1317780,11,1317791
10996,1317819,27,1317846
10997,1318132,5,1318137
10998,1318411,13,1318424
10999,1318493,7,1318500
11000,1318574,62,1318636
11001,1318682,17,1318699
11002,1318778,10,1318788
11003,1319004,7,1319011
11004,1319043,3,1319046
11005,1319206,9,1319215
11006,1319249,3,1319252
11007,1319294,1,1319295
11008,1319566,17,1319583
11009,1319680,15,1319695
11010,1319783,12,1319795
11011,1319803,11,1319814
11012,1319825,27,1319852
11013,1319854,19,1319873
11014,1319989,37,1320026
11015,1320095,4,1320099
11016,1320177,18,1320195
11017,1320198,41,1320239
11018,1320243,31,1320274
11019,1320326,30,1320356
11020,1320398,34,1320432
11021,1320473,17,1320490
11022,1320501,52,1320553
11023,1320623,15,1320638
11024,1320813,19,1320832
11025,1320892,3,1320895
11026,1320917,11,1320928
11027,1321017,60,1321077
11028,1321756,1,1321757
11029,1321825,4,1321829
11030,1321977,7,1321984
11031,1322122,43,1322165
11032,1322209,7,1322216
11033,1322281,33,1322314
11034,1322325,13,1322338
11035,1322467,12,1322479
11036,1322832,7,1322839
11037,1322864,11,1322875
11038,1322998,16,1323014
11039,1323077,1,1323078
11040,1323095,2,1323097
11041,1323124,18,1323142
11042,1323159,49,1323208
11043,1323216,45,1323261
11044,1323362,2,1323364
11045,1323464,4,1323468
11046,1323528,14,1323542
11047,1323611,18,1323629
11048,1323678,2,1323680
11049,1323733,1,1323734
11050,1323847,95,1323942
11051,1324010,5,1324015
11052,1324091,19,1324110
11053,1324169,162,1324331
11054,1324357,7,1324364
11055,1324673,40,1324713
11056,1324968,1,1324969
11057,1325043,18,1325061
11058,1325081,11,1325092
11059,1325123,40,1325163
11060,1325320,41,1325361
11061,1325411,8,1325419
11062,1325626,66,1325692
11063,1325792,10,1325802
11064,1325940,2,1325942
11065,1326083,3,1326086
11066,1326092,33,1326125
11067,1326232,50,1326282
11068,1326379,38,1326417
11069,1326522,99,1326621
11070,1326815,34,1326849
11071,1326928,10,1326938
11072,1327145,11,1327156
11073,1327212,18,1327230
11074,1327240,42,1327282
11075,1327338,63,1327401
11076,1327450,13,1327463
11077,1327513,2,1327515
11078,1327640,1,1327641
11079,1327695,3,1327698
11080,1327741,23,1327764
11081,1327805,63,1327868
11082,1327917,6,1327923
11083,1328021,10,1328031
11084,1328122,20,1328142
11085,1328241,30,1328271
11086,1328279,3,1328282
11087,1328333,27,1328360
11088,1328527,12,1328539
11089,1328595,8,1328603
11090,1328666,40,1328706
11091,1328732,31,1328763
11092,1328897,6,1328903
11093,1328924,3,1328927
11094,1329036,65,1329101
11095,1329215,22,1329237
11096,1329247,58,1329305
11097,1329333,31,1329364
11098,1329478,34,1329512
11099,1329549,10,1329559
11100,1329560,13,1329573
11101,1329707,6,1329713
11102,1329868,23,1329891
11103,1329916,60,1329976
11104,1330148,15,1330163
11105,1330218,6,1330224
11106,1330420,10,1330430
11107,1330454,4,1330458
11108,1330679,1,1330680
11109,1330800,3,1330803
11110,1330930,5,1330935
11111,1330952,2,1330954
11112,1331026,1,1331027
11113,1331206,13,1331219
11114,1331245,73,1331318
11115,1331415,35,1331450
11116,1331535,14,1331549
11117,1331564,25,1331589
11118,1331622,5,1331627
11119,1331700,2,1331702
11120,1331727,9,1331736
11121,1332036,10,1332046
11122,1332190,105,1332295
11123,1332307,12,1332319
11124,1332389,76,1332465
11125,1332656,43,1332699
11126,1332727,46,1332773
11127,1332809,14,1332823
11128,1332840,11,1332851
11129,1332913,102,1333015
11130,1333031,5,1333036
11131,1333043,47,1333090
11132,1333293,9,1333302
11133,1333317,17,1333334
11134,1333470,8,1333478
11135,1333540,3,1333543
11136,1333628,4,1333632
11137,1333653,44,1333697
11138,1333913,7,1333920
11139,1333949,1,1333950
11140,1334028,98,1334126
11141,1334162,11,1334173
11142,1334580,107,1334687
11143,1334824,10,1334834
11144,1334860,37,1334897
11145,1335106,26,1335132
11146,1335167,8,1335175
11147,1335291,14,1335305
11148,1335324,32,1335356
11149,1335511,37,1335548
11150,1335697,36,1335733
11151,1335869,2,1335871
11152,1335914,10,1335924
11153,1335976,26,1336002
11154,1336133,14,1336147
11155,1336434,2,1336436
11156,1336439,34,1336473
11157,1336529,29,1336558
11158,1336602,1,1336603
11159,1336705,7,1336712
11160,1336727,56,1336783
11161,1336803,3,1336806
11162,1337031,16,1337047
11163,1337304,11,1337315
11164,1337340,87,1337427
11165,1337542,26,1337568
11166,1337590,8,1337598
11167,1337647,2,1337649
11168,1337757,21,1337778
11169,1337845,73,1337918
11170,1338061,79,1338140
11171,1338201,44,1338245
11172,1338300,23,1338323
11173,1338382,12,1338394
11174,1338904,56,1338960
11175,1339186,13,1339199
11176,1339301,6,1339307
11177,1339648,30,1339678
11178,1339737,58,1339795
11179,1340118,12,1340130
11180,1340171,23,1340194
11181,1340229,68,1340297
11182,1340471,12,1340483
11183,1340537,5,1340542
11184,1340623,12,1340635
11185,1340706,2,1340708
11186,1340798,3,1340801
11187,1340815,9,1340824
11188,1340868,8,1340876
11189,1340891,7,1340898
11190,1341253,28,1341281
11191,1341325,46,1341371
11192,1341639,10,1341649
11193,1341658,1,1341659
11194,1341686,23,1341709
11195,1341724,31,1341755
11196,1342059,28,1342087
11197,1342243,1,1342244
11198,1342306,1,1342307
11199,1342326,20,1342346
11200,1342534,12,1342546
11201,1342561,23,1342584
11202,1342732,25,1342757
11203,1342824,6,1342830
11204,1342925,6,1342931
11205,1343082,1,1343083
11206,1343333,3,1343336
11207,1343422,20,1343442
11208,1343457,55,1343512
11209,1343542,1,1343543
11210,1343555,3,1343558
11211,1343695,16,1343711
11212,1343787,3,1343790
11213,1343891,6,1343897
11214,1343954,22,1343976
11215,1344257,5,1344262
11216,1344341,18,1344359
11217,1344437,4,1344441
11218,1344648,11,1344659
11219,1344708,29,1344737
11220,1344764,22,1344786
11221,1344788,8,1344796
11222,1345160,8,1345168
11223,1345360,4,1345364
11224,1345632,6,1345638
11225,1345659,8,1345667
11226,1345819,11,1345830
11227,1345997,16,1346013
11228,1346022,38,1346060
11229,1346139,12,1346151
11230,1346189,7,1346196
11231,1346228,14,1346242
11232,1346470,9,1346479
11233,1346480,13,1346493
11234,1346581,35,1346616
11235,1346726,26,1346752
11236,1346914,39,1346953
11237,1346979,10,1346989
11238,1347019,5,1347024
11239,1347050,1,1347051
11240,1347223,19,1347242
11241,1347359,5,1347364
11242,1347415,1,1347416
11243,1347428,9,1347437
11244,1347475,20,1347495
11245,1347527,17,1347544
11246,1347626,8,1347634
11247,1347727,3,1347730
11248,1347784,17,1347801
11249,1347854,3,1347857
11250,1348148,41,1348189
11251,1348326,61,1348387
11252,1348399,57,1348456
11253,1348619,17,1348636
11254,1348692,22,1348714
11255,1348791,14,1348805
11256,1348860,3,1348863
11257,1348881,1,1348882
11258,1348921,7,1348928
11259,1348929,1,1348930
11260,1349060,7,1349067
11261,1349088,28,1349116
11262,1349234,4,1349238
11263,1349283,17,1349300
11264,1349340,7,1349347
11265,1349366,19,1349385
11266,1349458,1,1349459
11267,1349592,1,1349593
11268,1349614,20,1349634
11269,1349770,25,1349795
11270,1350015,3,1350018
11271,1350355,45,1350400
11272,1350448,53,1350501
11273,1350711,3,1350714
11274,1350788,31,1350819
11275,1350882,22,1350904
11276,1350915,24,1350939
11277,1351085,19,1351104
11278,1351114,3,1351117
11279,1351181,1,1351182
11280,1351485,4,1351489
11281,1351625,56,1351681
11282,1351828,5,1351833
11283,1351905,30,1351935
11284,1351966,13,1351979
11285,1352083,31,1352114
11286,1352141,31,1352172
11287,1352503,5,1352508
11288,1352730,22,1352752
11289,1352782,33,1352815
11290,1352818,11,1352829
11291,1352892,23,1352915
11292,1353112,13,1353125
11293,1353130,19,1353149
11294,1353215,24,1353239
11295,1353287,37,1353324
11296,1353552,1,1353553
11297,1353592,10,1353602
11298,1353637,27,1353664
11299,1353860,77,1353937
11300,1353942,11,1353953
11301,1354017,6,1354023
11302,1354068,28,1354096
11303,1354100,1,1354101
11304,1354115,24,1354139
11305,1354338,14,1354352
11306,1354595,37,1354632
11307,1354665,11,1354676
11308,1354773,52,1354825
11309,1354909,18,1354927
11310,1354968,2,1354970
11311,1355046,6,1355052
11312,1355226,1,1355227
11313,1355377,1,1355378
11314,1355394,10,1355404
11315,1355405,4,1355409
11316,1355454,18,1355472
11317,1355488,5,1355493
11318,1355538,54,1355592
11319,1355674,74,1355748
11320,1355937,23,1355960
11321,1356011,9,1356020
11322,1356094,30,1356124
11323,1356614,2,1356616
11324,1357117,27,1357144
11325,1357396,15,1357411
11326,1357530,9,1357539
11327,1357626,11,1357637
11328,1357664,15,1357679
11329,1357682,2,1357684
11330,1357716,5,1357721
11331,1357726,72,1357798
11332,1357807,21,1357828
11333,1357851,31,1357882
11334,1357901,11,1357912
11335,1357997,5,1358002
11336,1358054,18,1358072
11337,1358256,1,1358257
11338,1358355,1,1358356
11339,1358688,1,1358689
11340,1358734,5,1358739
11341,1358742,45,1358787
11342,1358822,14,1358836
11343,1358906,15,1358921
11344,1359168,69,1359237
11345,1359274,12,1359286
11346,1359325,24,1359349
11347,1359613,28,1359641
11348,1359671,35,1359706
11349,1359747,40,1359787
11350,1359818,4,1359822
11351,1360034,58,1360092
11352,1360130,6,1360136
11353,1360421,13,1360434
11354,1360562,6,1360568
11355,1360691,1,1360692
11356,1360795,2,1360797
11357,1361271,82,1361353
11358,1361359,22,1361381
11359,1361491,24,1361515
11360,1361524,12,1361536
11361,1361548,41,1361589
11362,1361623,3,1361626
11363,1361639,70,1361709
11364,1361718,44,1361762
11365,1361933,123,1362056
11366,1362456,15,1362471
11367,1362556,6,1362562
11368,1362597,48,1362645
11369,1362664,3,1362667
11370,1362702,58,1362760
11371,1362861,5,1362866
11372,1362899,10,1362909
11373,1362933,27,1362960
11374,1363028,6,1363034
11375,1363074,29,1363103
11376,1363132,12,1363144
11377,1363315,44,1363359
11378,1363398,1,1363399
11379,1363504,1,1363505
11380,1363524,29,1363553
11381,1363560,60,1363620
11382,1363641,3,1363644
11383,1363667,7,1363674
11384,1363940,3,1363943
11385,1363993,3,1363996
11386,1364018,13,1364031
11387,1364041,15,1364056
11388,1364151,76,1364227
11389,1364267,25,1364292
11390,1364318,2,1364320
11391,1364350,51,1364401
11392,1364464,1,1364465
11393,1364468,62,1364530
11394,1364811,3,1364814
11395,1365136,4,1365140
11396,1365157,6,1365163
11397,1365173,19,1365192
11398,1365208,9,1365217
11399,1365286,3,1365289
11400,1365521,4,1365525
11401,1365591,7,1365598
11402,1365662,9,1365671
11403,1365687,3,1365690
11404,1365874,20,1365894
11405,1365905,1,1365906
11406,1365926,4,1365930
11407,1366050,4,1366054
11408,1366186,24,1366210
11409,1366296,1,1366297
11410,1366571,32,1366603
11411,1366626,36,1366662
11412,1366700,25,1366725
11413,1366757,12,1366769
11414,1366924,29,1366953
11415,1366989,25,1367014
11416,1367136,37,1367173
11417,1367200,51,1367251
11418,1367318,2,1367320
11419,1367425,12,1367437
11420,1367548,72,1367620
11421,1367729,29,1367758
11422,1367866,37,1367903
11423,1368077,13,1368090
11424,1368366,42,1368408
11425,1368499,14,1368513
11426,1368547,12,1368559
11427,1368585,53,1368638
11428,1368715,13,1368728
11429,1368819,20,1368839
11430,1368912,42,1368954
11431,1369010,13,1369023
11432,1369056,23,1369079
11433,1369201,1,1369202
11434,1369350,25,1369375
11435,1369415,1,1369416
11436,1369531,103,1369634
11437,1369647,11,1369658
11438,1369796,10,1369806
11439,1369873,1,1369874
11440,1369975,24,1369999
11441,1370067,24,1370091
11442,1370132,1,1370133
11443,1370236,2,1370238
11444,1370420,16,1370436
11445,1370443,1,1370444
11446,1370455,35,1370490
11447,1370573,3,1370576
11448,1370739,22,1370761
11449,1370829,2,1370831
11450,1371073,2,1371075
11451,1371131,19,1371150
11452,1371285,13,1371298
11453,1371388,12,1371400
11454,1371665,14,1371679
11455,1371752,20,1371772
11456,1371820,8,1371828
11457,1371998,2,1372000
11458,1372189,48,1372237
11459,1372464,50,1372514
11460,1372581,1,1372582
11461,1372631,19,1372650
11462,1372714,3,1372717
11463,1372811,8,1372819
11464,1372869,62,1372931
11465,1373138,58,1373196
11466,1373355,50,1373405
11467,1373454,4,1373458
11468,1373487,8,1373495
11469,1373497,23,1373520
11470,1373572,31,1373603
11471,1373637,2,1373639
11472,1373685,4,1373689
11473,1373982,15,1373997
11474,1374122,6,1374128
11475,1374211,44,1374255
11476,1374406,13,1374419
11477,1374459,23,1374482
11478,1374575,13,1374588
11479,1374679,25,1374704
11480,1374729,6,1374735
11481,1374845,71,1374916
11482,1374947,26,1374973
11483,1374979,20,1374999
11484,1375271,17,1375288
11485,1375570,34,1375604
11486,1375633,12,1375645
11487,1375703,8,1375711
11488,1375737,37,1375774
11489,1375843,2,1375845
11490,1375858,34,1375892
11491,1375925,17,1375942
11492,1375955,4,1375959
11493,1376038,23,1376061
11494,1376152,12,1376164
11495,1376190,14,1376204
11496,1376209,12,1376221
11497,1376296,5,1376301
11498,1376336,68,1376404
11499,1376585,43,1376628
11500,1376768,44,1376812
11501,1376952,5,1376957
11502,1377021,11,1377032
11503,1377253,50,1377303
11504,1377628,7,1377635
11505,1377695,38,1377733
11506,1377784,6,1377790
11507,1378215,10,1378225
11508,1378513,4,1378517
11509,1378646,9,1378655
11510,1378785,1,1378786
11511,1378811,24,1378835
11512,1378853,5,1378858
11513,1378869,1,1378870
11514,1379030,2,1379032
11515,1379056,58,1379114
11516,1379245,12,1379257
11517,1379312,8,1379320
11518,1379346,6,1379352
11519,1379371,8,1379379
11520,1379578,1,1379579
11521,1379580,2,1379582
11522,1379666,50,1379716
11523,1379747,7,1379754
11524,1379761,25,1379786
11525,1379835,2,1379837
11526,1379932,16,1379948
11527,1380123,44,1380167
11528,1380313,5,1380318
11529,1380448,12,1380460
11530,1380871,12,1380883
11531,1381045,15,1381060
11532,1381267,2,1381269
11533,1381299,10,1381309
11534,1381321,8,1381329
11535,1381542,13,1381555
11536,1381817,2,1381819
11537,1381821,3,1381824
11538,1381827,4,1381831
11539,1381858,8,1381866
11540,1381882,8,1381890
11541,1381923,25,1381948
11542,1382079,11,1382090
11543,1382186,3,1382189
11544,1382265,6,1382271
11545,1382545,92,1382637
11546,1382649,37,1382686
11547,1382830,13,1382843
11548,1382992,18,1383010
11549,1383052,11,1383063
11550,1383083,100,1383183
11551,1383424,15,1383439
11552,1383566,18,1383584
11553,1383599,45,1383644
11554,1383710,8,1383718
11555,1383743,6,1383749
11556,1383753,21,1383774
11557,1383881,1,1383882
11558,1383917,11,1383928
11559,1384065,1,1384066
11560,1384086,4,1384090
11561,1384279,12,1384291
11562,1384343,59,1384402
11563,1384676,6,1384682
11564,1384721,20,1384741
11565,1384769,2,1384771
11566,1384948,29,1384977
11567,1385010,17,1385027
11568,1385031,16,1385047
11569,1385121,2,1385123
11570,1385183,27,1385210
11571,1385244,18,1385262
11572,1385345,99,1385444
11573,1385604,18,1385622
11574,1385716,10,1385726
11575,1385789,41,1385830
11576,1385882,8,1385890
11577,1386052,10,1386062
11578,1386102,14,1386116
11579,1386120,12,1386132
11580,1386207,59,1386266
11581,1386311,13,1386324
11582,1386419,1,1386420
11583,1386545,15,1386560
11584,1386855,5,1386860
11585,1386912,14,1386926
11586,1386930,14,1386944
11587,1386980,36,1387016
11588,1387338,10,1387348
11589,1387367,13,1387380
11590,1387539,10,1387549
11591,1387629,4,1387633
11592,1387719,12,1387731
11593,1387783,2,1387785
11594,1387828,24,1387852
11595,1387883,5,1387888
11596,1388090,52,1388142
11597,1388155,20,1388175
11598,1388301,4,1388305
11599,1388448,3,1388451
11600,1388613,6,1388619
11601,1388694,2,1388696
11602,1388900,15,1388915
11603,1389048,37,1389085
11604,1389224,8,1389232
11605,1389249,10,1389259
11606,1389295,55,1389350
11607,1389355,22,1389377
11608,1389750,6,1389756
11609,1390058,5,1390063
11610,1390109,1,1390110
11611,1390259,34,1390293
11612,1390299,157,1390456
11613,1390574,7,1390581
11614,1390660,19,1390679
11615,1390706,6,1390712
11616,1390771,12,1390783
11617,1390923,36,1390959
11618,1391019,36,1391055
11619,1391061,4,1391065
11620,1391118,33,1391151
11621,1391179,26,1391205
11622,1391253,14,1391267
11623,1391372,10,1391382
11624,1391430,1,1391431
11625,1391447,5,1391452
11626,1391513,5,1391518
11627,1391554,40,1391594
11628,1391596,12,1391608
11629,1391744,7,1391751
11630,1391834,3,1391837
11631,1391892,6,1391898
11632,1391913,67,1391980
11633,1392290,4,1392294
11634,1392368,11,1392379
11635,1392501,7,1392508
11636,1392556,13,1392569
11637,1392608,39,1392647
11638,1392690,15,1392705
11639,1392744,28,1392772
11640,1392799,4,1392803
11641,1392809,36,1392845
11642,1392870,16,1392886
11643,1392932,2,1392934
11644,1392935,49,1392984
11645,1393103,27,1393130
11646,1393152,12,1393164
11647,1393872,5,1393877
11648,1393955,19,1393974
11649,1394014,77,1394091
11650,1394138,33,1394171
11651,1394409,30,1394439
11652,1394498,32,1394530
11653,1394568,10,1394578
11654,1394677,7,1394684
11655,1395050,7,1395057
11656,1395457,27,1395484
11657,1395652,13,1395665
11658,1395803,41,1395844
11659,1396133,3,1396136
11660,1396158,25,1396183
11661,1396210,26,1396236
11662,1396302,18,1396320
11663,1396503,23,1396526
11664,1396789,21,1396810
11665,1396834,21,1396855
11666,1396979,6,1396985
11667,1397142,20,1397162
11668,1397216,19,1397235
11669,1397306,28,1397334
11670,1397484,12,1397496
11671,1397507,10,1397517
11672,1397660,25,1397685
11673,1397687,3,1397690
11674,1397795,1,1397796
11675,1397848,9,1397857
11676,1397883,39,1397922
11677,1398006,3,1398009
11678,1398062,55,1398117
11679,1398128,31,1398159
11680,1398164,30,1398194
11681,1398487,36,1398523
11682,1398588,24,1398612
11683,1398713,3,1398716
11684,1398756,8,1398764
11685,1398957,1,1398958
11686,1399123,8,1399131
11687,1399258,10,1399268
11688,1399351,83,1399434
11689,1400012,44,1400056
11690,1400093,31,1400124
11691,1400131,11,1400142
11692,1400708,49,1400757
11693,1400780,5,1400785
11694,1400793,15,1400808
11695,1401339,28,1401367
11696,1401492,26,1401518
11697,1401917,13,1401930
11698,1401971,6,1401977
11699,1402091,54,1402145
11700,1402197,57,1402254
11701,1402276,3,1402279
11702,1402392,4,1402396
11703,1402429,5,1402434
11704,1402550,12,1402562
11705,1402645,66,1402711
11706,1402793,54,1402847
11707,1402919,17,1402936
11708,1403034,28,1403062
11709,1403073,2,1403075
11710,1403158,4,1403162
11711,1403228,58,1403286
11712,1403308,21,1403329
11713,1403544,5,1403549
11714,1403800,84,1403884
11715,1404011,10,1404021
11716,1404141,1,1404142
11717,1404159,35,1404194
11718,1404319,35,1404354
11719,1404453,12,1404465
11720,1404516,50,1404566
11721,1404687,10,1404697
11722,1404709,22,1404731
11723,1404812,30,1404842
11724,1404885,5,1404890
11725,1405088,36,1405124
11726,1405262,10,1405272
11727,1405340,19,1405359
11728,1405379,34,1405413
11729,1405509,19,1405528
11730,1405637,34,1405671
11731,1405803,7,1405810
11732,1405846,22,1405868
11733,1406075,27,1406102
11734,1406237,1,1406238
11735,1406242,17,1406259
11736,1406402,6,1406408
11737,1406428,44,1406472
11738,1406496,20,1406516
11739,1406544,12,1406556
11740,1406589,37,1406626
11741,1406691,34,1406725
11742,1406732,5,1406737
11743,1406794,10,1406804
11744,1406892,11,1406903
11745,1406932,16,1406948
11746,1406959,40,1406999
11747,1407121,14,1407135
11748,1407184,12,1407196
11749,1407361,13,1407374
11750,1407417,17,1407434
11751,1407555,22,1407577
11752,1407633,6,1407639
11753,1407722,45,1407767
11754,1407942,62,1408004
11755,1408014,10,1408024
11756,1408031,65,1408096
11757,1408193,35,1408228
11758,1408524,11,1408535
11759,1408571,29,1408600
11760,1408772,7,1408779
11761,1408892,11,1408903
11762,1408978,22,1409000
11763,1409067,29,1409096
11764,1409179,9,1409188
11765,1409209,3,1409212
11766,1409315,24,1409339
11767,1409388,39,1409427
11768,1409430,21,1409451
11769,1409507,2,1409509
11770,1409550,7,1409557
11771,1409642,9,1409651
11772,1409723,21,1409744
11773,1409978,59,1410037
11774,1410149,16,1410165
11775,1410261,8,1410269
11776,1410282,29,1410311
11777,1410445,1,1410446
11778,1410453,6,1410459
11779,1410471,58,1410529
11780,1410591,14,1410605
11781,1410923,16,1410939
11782,1411247,6,1411253
11783,1411272,36,1411308
11784,1411349,12,1411361
11785,1411417,50,1411467
11786,1411530,14,1411544
11787,1411548,20,1411568
11788,1411630,1,1411631
11789,1411933,40,1411973
11790,1411992,2,1411994
11791,1411998,1,1411999
11792,1412118,78,1412196
11793,1412265,21,1412286
11794,1412329,6,1412335
11795,1412396,19,1412415
11796,1412526,24,1412550
11797,1412583,1,1412584
11798,1412731,28,1412759
11799,1412775,19,1412794
11800,1412978,62,1413040
11801,1413095,25,1413120
11802,1413132,15,1413147
11803,1413166,27,1413193
11804,1413322,35,1413357
11805,1413450,8,1413458
11806,1413481,26,1413507
11807,1413629,7,1413636
11808,1413674,11,1413685
11809,1413751,11,1413762
11810,1413799,17,1413816
11811,1413915,19,1413934
11812,1414032,23,1414055
11813,1414059,18,1414077
11814,1414265,8,1414273
11815,1414394,9,1414403
11816,1414423,1,1414424
11817,1414439,19,1414458
11818,1414557,6,1414563
11819,1414639,18,1414657
11820,1414744,24,1414768
11821,1414991,3,1414994
11822,1415014,1,1415015
11823,1415077,8,1415085
11824,1415121,16,1415137
11825,1415311,17,1415328
11826,1415338,17,1415355
11827,1415380,43,1415423
11828,1415557,18,1415575
11829,1415623,2,1415625
11830,1415904,48,1415952
11831,1415967,19,1415986
11832,1416179,3,1416182
11833,1416186,44,1416230
11834,1416310,22,1416332
11835,1416381,53,1416434
11836,1416442,33,1416475
11837,1416477,89,1416566
11838,1416603,20,1416623
11839,1416923,27,1416950
11840,1417157,11,1417168
11841,1417305,30,1417335
11842,1417364,8,1417372
11843,1417378,17,1417395
11844,1417441,16,1417457
11845,1417511,87,1417598
11846,1417643,5,1417648
11847,1417757,21,1417778
11848,1417887,10,1417897
11849,1418353,18,1418371
11850,1418524,3,1418527
11851,1418717,26,1418743
11852,1419029,5,1419034
11853,1419038,4,1419042
11854,1419193,9,1419202
11855,1419226,12,1419238
11856,1419249,38,1419287
11857,1419321,24,1419345
11858,1419367,7,1419374
11859,1419411,78,1419489
11860,1419613,10,1419623
11861,1419685,17,1419702
11862,1419810,5,1419815
11863,1419826,15,1419841
11864,1419857,100,1419957
11865,1419971,100,1420071
11866,1420099,10,1420109
11867,1420117,1,1420118
11868,1420533,26,1420559
11869,1420625,19,1420644
11870,1420710,6,1420716
11871,1420724,32,1420756
11872,1420824,56,1420880
11873,1420943,38,1420981
11874,1421329,4,1421333
11875,1421348,44,1421392
11876,1421525,2,1421527
11877,1421571,8,1421579
11878,1421610,2,1421612
11879,1421678,31,1421709
11880,1421717,21,1421738
11881,1421903,33,1421936
11882,1421965,4,1421969
11883,1422048,18,1422066
11884,1422340,31,1422371
11885,1422427,29,1422456
11886,1422511,30,1422541
11887,1422652,12,1422664
11888,1422678,21,1422699
11889,1422722,9,1422731
11890,1422760,8,1422768
11891,1422770,8,1422778
11892,1422814,2,1422816
11893,1423057,3,1423060
11894,1423170,42,1423212
11895,1423380,37,1423417
11896,1423465,44,1423509
11897,1423518,9,1423527
11898,1423579,5,1423584
11899,1423619,3,1423622
11900,1423667,10,1423677
11901,1423738,14,1423752
11902,1423759,9,1423768
11903,1423788,5,1423793
11904,1423823,121,1423944
11905,1423954,5,1423959
11906,1423996,29,1424025
11907,1424038,13,1424051
11908,1424071,37,1424108
11909,1424200,4,1424204
11910,1424227,12,1424239
11911,1424262,10,1424272
11912,1424291,14,1424305
11913,1424404,20,1424424
11914,1424427,15,1424442
11915,1424443,37,1424480
11916,1424503,24,1424527
11917,1424687,12,1424699
11918,1425004,6,1425010
11919,1425017,7,1425024
11920,1425067,3,1425070
11921,1425095,2,1425097
11922,1425177,16,1425193
11923,1425253,40,1425293
11924,1425295,18,1425313
11925,1425335,5,1425340
11926,1425557,6,1425563
11927,1425646,41,1425687
11928,1425791,1,1425792
11929,1425800,4,1425804
11930,1425915,18,1425933
11931,1425985,34,1426019
11932,1426037,4,1426041
11933,1426089,1,1426090
11934,1426139,4,1426143
11935,1426240,15,1426255
11936,1426358,11,1426369
11937,1426509,7,1426516
11938,1426723,3,1426726
11939,1426964,24,1426988
11940,1427050,11,1427061
11941,1427133,10,1427143
11942,1427229,9,1427238
11943,1427306,42,1427348
11944,1427385,34,1427419
11945,1427497,38,1427535
11946,1427614,30,1427644
11947,1427667,7,1427674
11948,1427705,29,1427734
11949,1427911,102,1428013
11950,1428070,4,1428074
11951,1428271,11,1428282
11952,1428304,7,1428311
11953,1428386,6,1428392
11954,1428476,70,1428546
11955,1428664,39,1428703
11956,1428798,3,1428801
11957,1428944,44,1428988
11958,1429036,75,1429111
11959,1429128,30,1429158
11960,1429303,16,1429319
11961,1429353,30,1429383
11962,1429412,4,1429416
11963,1429708,4,1429712
11964,1429713,2,1429715
11965,1430066,18,1430084
11966,1430095,8,1430103
11967,1430420,2,1430422
11968,1430495,46,1430541
11969,1430623,6,1430629
11970,1430634,1,1430635
11971,1430643,12,1430655
11972,1430693,11,1430704
11973,1430730,30,1430760
11974,1430790,26,1430816
11975,1430863,19,1430882
11976,1430912,6,1430918
11977,1431102,19,1431121
11978,1431229,7,1431236
11979,1431577,6,1431583
11980,1431654,20,1431674
11981,1431808,32,1431840
11982,1431903,26,1431929
11983,1432270,4,1432274
11984,1432285,31,1432316
11985,1432377,10,1432387
11986,1432437,12,1432449
11987,1432527,21,1432548
11988,1432549,50,1432599
11989,1432622,1,1432623
11990,1432633,43,1432676
11991,1432797,20,1432817
11992,1432833,7,1432840
11993,1432879,41,1432920
11994,1432941,9,1432950
11995,1432985,22,1433007
11996,1433042,33,1433075
11997,1433506,5,1433511
11998,1433533,7,1433540
11999,1433762,3,1433765
12000,1433772,4,1433776
12001,1433827,16,1433843
12002,1433858,6,1433864
12003,1434089,3,1434092
12004,1434145,1,1434146
12005,1434232,2,1434234
12006,1434254,21,1434275
12007,1434338,5,1434343
12008,1434431,25,1434456
12009,1434561,1,1434562
12010,1434828,1,1434829
12011,1434979,37,1435016
12012,1435059,1,1435060
12013,1435172,66,1435238
12014,1435388,7,1435395
12015,1435444,1,1435445
12016,1435457,25,1435482
12017,1435493,8,1435501
12018,1435545,35,1435580
12019,1435760,125,1435885
12020,1435931,75,1436006
12021,1436038,20,1436058
12022,1436075,13,1436088
12023,1436097,19,1436116
12024,1436172,16,1436188
12025,1436243,20,1436263
12026,1436271,1,1436272
12027,1436310,16,1436326
12028,1436349,22,1436371
12029,1436426,16,1436442
12030,1436557,10,1436567
12031,1436594,23,1436617
12032,1436619,19,1436638
12033,1437000,14,1437014
12034,1437164,16,1437180
12035,1437245,39,1437284
12036,1437365,16,1437381
12037,1437648,43,1437691
12038,1437937,27,1437964
12039,1438054,38,1438092
12040,1438145,4,1438149
12041,1438210,8,1438218
12042,1438240,19,1438259
12043,1438353,43,1438396
12044,1438405,21,1438426
12045,1438539,15,1438554
12046,1438683,10,1438693
12047,1438740,61,1438801
12048,1438894,9,1438903
12049,1438950,1,1438951
12050,1438989,34,1439023
12051,1439048,32,1439080
12052,1439104,12,1439116
12053,1439202,33,1439235
12054,1439270,35,1439305
12055,1439465,16,1439481
12056,1439486,1,1439487
12057,1439501,3,1439504
12058,1439565,25,1439590
12059,1439685,6,1439691
12060,1439853,13,1439866
12061,1439888,38,1439926
12062,1439940,45,1439985
12063,1440007,8,1440015
12064,1440070,18,1440088
12065,1440221,8,1440229
12066,1440232,5,1440237
12067,1440566,32,1440598
12068,1440683,4,1440687
12069,1441024,51,1441075
12070,1441162,6,1441168
12071,1441206,30,1441236
12072,1441501,25,1441526
12073,1441617,13,1441630
12074,1441677,9,1441686
12075,1441753,22,1441775
12076,1441790,19,1441809
12077,1442104,6,1442110
12078,1442321,77,1442398
12079,1442411,12,1442423
12080,1442437,78,1442515
12081,1442519,16,1442535
12082,1442690,49,1442739
12083,1442740,6,1442746
12084,1442872,35,1442907
12085,1442912,21,1442933
12086,1443172,23,1443195
12087,1443461,9,1443470
12088,1443538,16,1443554
12089,1443567,11,1443578
12090,1443613,10,1443623
12091,1443643,7,1443650
12092,1443754,29,1443783
12093,1443840,12,1443852
12094,1443871,33,1443904
12095,1443951,7,1443958
12096,1443961,13,1443974
12097,1444357,7,1444364
12098,1444381,7,1444388
12099,1444622,7,1444629
12100,1444825,25,1444850
12101,1445106,19,1445125
12102,1445173,5,1445178
12103,1445244,23,1445267
12104,1445372,7,1445379
12105,1445448,39,1445487
12106,1445547,15,1445562
12107,1445598,13,1445611
12108,1445694,27,1445721
12109,1445823,21,1445844
12110,1445913,3,1445916
12111,1446162,38,1446200
12112,1446203,23,1446226
12113,1446382,4,1446386
12114,1446523,2,1446525
12115,1446552,15,1446567
12116,1446652,8,1446660
12117,1446742,3,1446745
12118,1446804,35,1446839
12119,1447007,3,1447010
12120,1447113,9,1447122
12121,1447193,3,1447196
12122,1447250,11,1447261
12123,1447506,15,1447521
12124,1447675,12,1447687
12125,1447748,11,1447759
12126,1447806,52,1447858
12127,1448028,2,1448030
12128,1448033,43,1448076
12129,1448107,32,1448139
12130,1448289,24,1448313
12131,1448407,102,1448509
12132,1448521,18,1448539
12133,1448556,77,1448633
12134,1448744,28,1448772
12135,1448780,31,1448811
12136,1448904,7,1448911
12137,1449176,5,1449181
12138,1449294,20,1449314
12139,1449322,21,1449343
12140,1449382,16,1449398
12141,1449479,28,1449507
12142,1449535,10,1449545
12143,1449594,9,1449603
12144,1449695,12,1449707
12145,1449724,1,1449725
12146,1449773,37,1449810
12147,1449923,12,1449935
12148,1450125,18,1450143
12149,1450149,41,1450190
12150,1450261,18,1450279
12151,1450292,42,1450334
12152,1450347,8,1450355
12153,1450630,7,1450637
12154,1450679,11,1450690
12155,1450693,2,1450695
12156,1450963,15,1450978
12157,1451043,1,1451044
12158,1451068,37,1451105
12159,1451212,12,1451224
12160,1451390,7,1451397
12161,1451510,7,1451517
12162,1451686,60,1451746
12163,1451889,11,1451900
12164,1451942,17,1451959
12165,1452037,63,1452100
12166,1452103,36,1452139
12167,1452167,16,1452183
12168,1452337,30,1452367
12169,1452446,11,1452457
12170,1452503,24,1452527
12171,1452620,5,1452625
12172,1452669,15,1452684
12173,1452976,8,1452984
12174,1453010,7,1453017
12175,1453222,6,1453228
12176,1453342,21,1453363
12177,1453371,16,1453387
12178,1453670,68,1453738
12179,1454020,1,1454021
12180,1454114,23,1454137
12181,1454153,57,1454210
12182,1454261,2,1454263
12183,1454287,20,1454307
12184,1454382,40,1454422
12185,1454586,5,1454591
12186,1454604,2,1454606
12187,1454615,23,1454638
12188,1454672,40,1454712
12189,1454742,24,1454766
12190,1454865,6,1454871
12191,1454906,43,1454949
12192,1454969,26,1454995
12193,1455027,14,1455041
12194,1455077,23,1455100
12195,1455111,10,1455121
12196,1455132,1,1455133
12197,1455318,15,1455333
12198,1455358,4,1455362
12199,1455380,5,1455385
12200,1455722,12,1455734
12201,1455739,17,1455756
12202,1455767,46,1455813
12203,1455898,2,1455900
12204,1455969,11,1455980
12205,1456119,6,1456125
12206,1456200,42,1456242
12207,1456561,11,1456572
12208,1456632,8,1456640
12209,1456727,1,1456728
12210,1456734,70,1456804
12211,1456973,16,1456989
12212,1457054,16,1457070
12213,1457072,36,1457108
12214,1457218,18,1457236
12215,1457269,21,1457290
12216,1457292,10,1457302
12217,1457372,16,1457388
12218,1457515,3,1457518
12219,1457537,23,1457560
12220,1457593,25,1457618
12221,1457668,23,1457691
12222,1457720,15,1457735
12223,1457757,78,1457835
12224,1457904,15,1457919
12225,1457944,16,1457960
12226,1457967,21,1457988
12227,1458140,12,1458152
12228,1458180,30,1458210
12229,1458385,39,1458424
12230,1458465,1,1458466
12231,1458637,16,1458653
12232,1458763,63,1458826
12233,1458867,2,1458869
12234,1458890,24,1458914
12235,1458987,11,1458998
12236,1459405,23,1459428
12237,1459435,26,1459461
12238,1459500,13,1459513
12239,1459589,6,1459595
12240,1459672,18,1459690
12241,1459952,99,1460051
12242,1460099,23,1460122
12243,1460260,48,1460308
12244,1460377,3,1460380
12245,1460419,20,1460439
12246,1460449,21,1460470
12247,1460621,11,1460632
12248,1460692,17,1460709
12249,1460906,1,1460907
12250,1461092,1,1461093
12251,1461189,7,1461196
12252,1461242,9,1461251
12253,1461344,3,1461347
12254,1461445,36,1461481
12255,1461581,6,1461587
12256,1461735,47,1461782
12257,1461825,58,1461883
12258,1461965,1,1461966
12259,1461971,29,1462000
12260,1462111,4,1462115
12261,1462137,19,1462156
12262,1462378,22,1462400
12263,1462476,77,1462553
12264,1462682,4,1462686
12265,1462707,77,1462784
12266,1462804,9,1462813
12267,1463043,20,1463063
12268,1463142,49,1463191
12269,1463208,31,1463239
12270,1463276,34,1463310
12271,1463349,2,1463351
12272,1463371,1,1463372
12273,1463381,26,1463407
12274,1463569,29,1463598
12275,1463736,18,1463754
12276,1463797,64,1463861
12277,1463867,9,1463876
12278,1463992,2,1463994
12279,1464056,1,1464057
12280,1464185,5,1464190
12281,1464240,4,1464244
12282,1464253,10,1464263
12283,1464423,24,1464447
12284,1464532,23,1464555
12285,1464572,28,1464600
12286,1464611,15,1464626
12287,1464671,8,1464679
12288,1464792,8,1464800
12289,1464814,2,1464816
12290,1464885,7,1464892
12291,1464909,8,1464917
12292,1464994,33,1465027
12293,1465090,8,1465098
12294,1465284,49,1465333
12295,1465429,35,1465464
12296,1465527,15,1465542
12297,1465739,24,1465763
12298,1465838,24,1465862
12299,1466127,13,1466140
12300,1466181,45,1466226
12301,1466364,39,1466403
12302,1466436,30,1466466
12303,1466547,73,1466620
12304,1466883,27,1466910
12305,1466915,15,1466930
12306,1466950,30,1466980
12307,1467110,15,1467125
12308,1467159,1,1467160
12309,1467403,6,1467409
12310,1467429,18,1467447
12311,1467572,15,1467587
12312,1467701,32,1467733
12313,1467838,13,1467851
12314,1468259,20,1468279
12315,1468416,81,1468497
12316,1468615,5,1468620
12317,1468651,1,1468652
12318,1468698,1,1468699
12319,1468709,42,1468751
12320,1468812,8,1468820
12321,1468909,16,1468925
12322,1469037,21,1469058
12323,1469074,1,1469075
12324,1469274,15,1469289
12325,1469320,24,1469344
12326,1469393,10,1469403
12327,1469565,66,1469631
12328,1469644,10,1469654
12329,1469754,20,1469774
12330,1469822,15,1469837
12331,1469922,7,1469929
12332,1469993,35,1470028
12333,1470147,1,1470148
12334,1470216,21,1470237
12335,1470438,2,1470440
12336,1470512,27,1470539
12337,1470721,23,1470744
12338,1470789,32,1470821
12339,1470861,1,1470862
12340,1470938,33,1470971
12341,1471011,22,1471033
12342,1471107,61,1471168
12343,1471215,52,1471267
12344,1471291,4,1471295
12345,1471579,11,1471590
12346,1471666,9,1471675
12347,1471676,14,1471690
12348,1471801,15,1471816
12349,1471953,7,1471960
12350,1471983,11,1471994
12351,1472118,26,1472144
12352,1472253,22,1472275
12353,1472330,5,1472335
12354,1472370,10,1472380
12355,1472526,44,1472570
12356,1472751,23,1472774
12357,1472856,20,1472876
12358,1472971,24,1472995
12359,1473266,10,1473276
12360,1473282,8,1473290
12361,1473344,58,1473402
12362,1473491,15,1473506
12363,1473539,31,1473570
12364,1473610,18,1473628
12365,1473709,41,1473750
12366,1473768,19,1473787
12367,1473891,13,1473904
12368,1473973,32,1474005
12369,1474153,1,1474154
12370,1474174,42,1474216
12371,1474246,3,1474249
12372,1474255,30,1474285
12373,1474326,8,1474334
12374,1474507,6,1474513
12375,1474565,1,1474566
12376,1474603,8,1474611
12377,1474642,3,1474645
12378,1474768,85,1474853
12379,1474866,31,1474897
12380,1474900,17,1474917
12381,1474985,36,1475021
12382,1475030,11,1475041
12383,1475049,1,1475050
12384,1475237,8,1475245
12385,1475399,13,1475412
12386,1475434,5,1475439
12387,1475524,57,1475581
12388,1475614,30,1475644
12389,1475656,20,1475676
12390,1475723,6,1475729
12391,1475774,27,1475801
12392,1475855,5,1475860
12393,1475927,11,1475938
12394,1476018,14,1476032
12395,1476035,10,1476045
12396,1476121,1,1476122
12397,1476125,23,1476148
12398,1476205,6,1476211
12399,1476601,28,1476629
12400,1476728,2,1476730
12401,1477008,2,1477010
12402,1477069,1,1477070
12403,1477266,19,1477285
12404,1477393,9,1477402
12405,1477533,20,1477553
12406,1477584,55,1477639
12407,1477657,15,1477672
12408,1477683,4,1477687
12409,1477722,73,1477795
12410,1477909,2,1477911
12411,1477942,19,1477961
12412,1478100,22,1478122
12413,1478134,30,1478164
12414,1478202,7,1478209
12415,1478403,16,1478419
12416,1478459,13,1478472
12417,1478498,43,1478541
12418,1478577,11,1478588
12419,1478660,22,1478682
12420,1478730,22,1478752
12421,1478936,21,1478957
12422,1478990,20,1479010
12423,1479068,2,1479070
12424,1479203,9,1479212
12425,1479492,18,1479510
12426,1479584,7,1479591
12427,1479621,6,1479627
12428,1479686,3,1479689
12429,1479693,8,1479701
12430,1479852,11,1479863
12431,1479979,117,1480096
12432,1480145,7,1480152
12433,1480195,16,1480211
12434,1480296,9,1480305
12435,1480322,6,1480328
12436,1480447,19,1480466
12437,1480743,48,1480791
12438,1480883,12,1480895
12439,1480908,11,1480919
12440,1480934,21,1480955
12441,1481118,21,1481139
12442,1481151,9,1481160
12443,1481253,1,1481254
12444,1481298,9,1481307
12445,1481454,8,1481462
12446,1481474,1,1481475
12447,1481520,6,1481526
12448,1481703,84,1481787
12449,1481925,6,1481931
12450,1481967,1,1481968
12451,1481984,22,1482006
12452,1482040,3,1482043
12453,1482124,28,1482152
12454,1482383,22,1482405
12455,1482579,22,1482601
12456,1482640,24,1482664
12457,1482715,23,1482738
12458,1482814,8,1482822
12459,1482947,28,1482975
12460,1483044,8,1483052
12461,1483136,12,1483148
12462,1483347,3,1483350
12463,1483390,24,1483414
12464,1483476,96,1483572
12465,1483618,1,1483619
12466,1483682,2,1483684
12467,1483795,17,1483812
12468,1483831,73,1483904
12469,1483974,17,1483991
12470,1484022,4,1484026
12471,1484202,17,1484219
12472,1484325,35,1484360
12473,1484466,9,1484475
12474,1484506,8,1484514
12475,1484520,8,1484528
12476,1484582,22,1484604
12477,1484695,15,1484710
12478,1484779,30,1484809
12479,1485007,11,1485018
12480,1485032,29,1485061
12481,1485064,9,1485073
12482,1485111,34,1485145
12483,1485158,27,1485185
12484,1485315,9,1485324
12485,1485339,2,1485341
12486,1485400,5,1485405
12487,1485711,21,1485732
12488,1485772,1,1485773
12489,1486100,3,1486103
12490,1486165,1,1486166
12491,1486307,80,1486387
12492,1486391,26,1486417
12493,1486439,18,1486457
12494,1486458,31,1486489
12495,1486615,9,1486624
12496,1486756,56,1486812
12497,1486821,22,1486843
12498,1486849,6,1486855
12499,1487152,39,1487191
12500,1487238,7,1487245
12501,1487253,14,1487267
12502,1487301,5,1487306
12503,1487551,3,1487554
12504,1487690,3,1487693
12505,1487718,13,1487731
12506,1487794,2,1487796
12507,1487828,95,1487923
12508,1488212,3,1488215
12509,1488267,20,1488287
12510,1488290,10,1488300
12511,1488701,7,1488708
12512,1488820,56,1488876
12513,1488889,2,1488891
12514,1488963,8,1488971
12515,1489076,12,1489088
12516,1489512,2,1489514
12517,1489783,41,1489824
12518,1489942,2,1489944
12519,1490023,30,1490053
12520,1490268,4,1490272
12521,1490301,27,1490328
12522,1490358,72,1490430
12523,1490460,12,1490472
12524,1490556,2,1490558
12525,1490637,21,1490658
12526,1490743,5,1490748
12527,1490859,27,1490886
12528,1491108,19,1491127
12529,1491205,6,1491211
12530,1491538,14,1491552
12531,1491619,25,1491644
12532,1491704,18,1491722
12533,1491723,1,1491724
12534,1491799,19,1491818
12535,1491903,21,1491924
12536,1492105,35,1492140
12537,1492166,1,1492167
12538,1492235,7,1492242
12539,1492246,15,1492261
12540,1492291,12,1492303
12541,1492355,17,1492372
12542,1492536,15,1492551
12543,1492618,14,1492632
12544,1492742,20,1492762
12545,1492892,16,1492908
12546,1492936,56,1492992
12547,1493014,42,1493056
12548,1493094,45,1493139
12549,1493257,18,1493275
12550,1493422,102,1493524
12551,1493586,5,1493591
12552,1493932,14,1493946
12553,1494042,15,1494057
12554,1494172,21,1494193
12555,1494253,24,1494277
12556,1494623,7,1494630
12557,1494635,5,1494640
12558,1494679,5,1494684
12559,1494689,15,1494704
12560,1495249,1,1495250
12561,1495328,41,1495369
12562,1495944,6,1495950
12563,1496002,13,1496015
12564,1496030,1,1496031
12565,1496041,14,1496055
12566,1496076,29,1496105
12567,1496248,64,1496312
12568,1496532,15,1496547
12569,1496590,30,1496620
12570,1496685,11,1496696
12571,1496725,6,1496731
12572,1497109,39,1497148
12573,1497163,11,1497174
12574,1497379,1,1497380
12575,1497383,13,1497396
12576,1497657,11,1497668
12577,1497669,12,1497681
12578,1497729,18,1497747
12579,1497773,31,1497804
12580,1497863,5,1497868
12581,1497879,1,1497880
12582,1497882,38,1497920
12583,1497979,25,1498004
12584,1498034,16,1498050
12585,1498168,13,1498181
12586,1498254,21,1498275
12587,1498311,9,1498320
12588,1498510,22,1498532
12589,1498540,55,1498595
12590,1498716,34,1498750
12591,1498787,5,1498792
12592,1498816,13,1498829
12593,1498834,5,1498839
12594,1499022,61,1499083
12595,1499085,1,1499086
12596,1499091,13,1499104
12597,1499242,16,1499258
12598,1499299,2,1499301
12599,1499542,3,1499545
12600,1499621,5,1499626
12601,1499704,21,1499725
12602,1499754,16,1499770
12603,1499880,1,1499881
12604,1499949,16,1499965
